dsm/se2538_DSM_2M.asc
ncols 500
nrows 500
xllcorner    425000
yllcorner    438000
cellsize     2
NODATA_value -9999
[rows 90 to 119 of 500, columns 134 to 200 of 500]
138.939 138.787 138.583 138.54 138.573 138.597 138.712 139.12 139.356 139.786 140.516 140.881 141.029 141.069 141.43 141.846 141.762 142.077 142.279 142.393 142.59 142.818 143.167 143.319 143.307 143.251 -9999 143.157 143.164 143.186 143.241 143.248 143.166 143.174 143.489 143.678 143.911 144.935 146.653 146.94 147.069 146.405 146.551 145.798 144.915 144.998 145.269 145.584 146.948 147.571 146.171 146.183 146.269 146.583 146.823 147.067 147.313 147.331 147.295 147.324 147.356 147.251 147.339 147.356 147.22 147.39 147.567
138.929 138.904 138.832 -9999 138.633 138.623 138.67 138.846 139.175 139.585 139.977 140.577 140.715 140.778 140.987 141.318 141.409 142.038 142.45 142.568 142.759 142.765 142.816 143.027 143.15 143.208 143.226 143.201 143.135 143.174 143.224 143.219 143.182 143.13 143.194 143.394 143.312 143.643 144.395 145.129 145.737 146.209 146.842 145.738 144.676 144.899 145.131 145.345 145.765 146.504 145.95 145.974 146.144 146.319 146.73 147.098 147.335 147.305 147.24 147.239 147.392 147.259 147.32 147.426 147.322 147.333 147.378
139.052 139.046 139.06 138.945 138.726 138.645 138.632 138.586 138.893 139.159 139.67 140.036 140.345 140.46 140.584 140.861 141.082 141.89 144.577 143.909 145.437 143.799 142.793 142.827 143.036 143.254 143.214 143.241 143.141 143.178 -9999 143.191 143.151 143.162 143.149 143.116 143.167 143.269 143.718 143.966 144.433 144.867 146.504 145.228 144.752 144.828 145.014 145.192 145.359 145.513 145.664 145.836 146.003 146.139 146.485 147.071 147.172 147.242 147.249 147.306 147.386 147.304 147.266 147.389 147.377 147.335 147.35
139.196 139.223 139.14 138.986 138.87 -9999 138.546 138.381 138.665 138.916 139.236 139.674 139.882 140.123 140.292 140.573 140.8 141.242 142.746 142.799 144.432 143.165 142.579 142.626 142.785 143.01 143.197 143.263 143.475 143.315 143.27 143.235 143.222 143.221 143.234 143.276 143.223 143.22 143.346 143.677 143.989 144.365 144.554 144.695 144.676 144.774 144.952 145.195 145.3 145.213 145.396 145.511 145.536 145.737 145.952 146.346 146.81 147.049 147.198 147.234 147.275 147.248 147.199 147.447 147.414 147.301 147.354
139.259 139.576 139.254 138.924 139.003 -9999 138.607 138.592 138.737 138.826 139.02 139.344 139.723 139.881 140.057 140.263 140.446 140.75 141.23 142.715 145.016 142.527 142.273 142.454 142.617 142.782 143.001 143.133 143.308 143.345 143.302 143.24 143.247 143.25 143.325 143.287 143.259 143.181 143.069 143.342 143.788 144 144.244 144.475 144.593 144.735 144.791 144.952 145.234 145.062 145.213 145.346 145.51 145.653 145.696 145.932 146.456 146.843 147.264 147.184 147.081 147.183 147.307 147.537 147.348 147.283 147.317
139.185 139.806 139.561 139.013 139.091 139.04 -9999 138.684 138.697 138.709 138.865 139.054 139.229 139.649 139.879 140.11 140.33 140.628 141.1 142.164 143.247 142.445 142.084 142.292 142.48 142.574 142.686 142.887 143.08 143.309 143.209 143.191 143.227 143.241 143.252 143.214 143.171 143.136 143.132 143.145 143.423 143.694 143.994 144.137 144.491 144.821 144.737 144.665 144.679 144.752 144.928 145.064 145.658 146.102 145.625 145.684 145.858 146.338 147.81 147.412 147.075 147.071 147.216 147.337 147.25 147.238 147.268
138.71 139.05 139.501 139.305 139.243 -9999 -9999 -9999 138.696 138.719 138.69 138.731 138.794 139.129 139.637 139.929 140.223 140.529 141.051 141.422 142.092 141.854 141.844 141.962 142.192 142.356 142.529 142.694 142.914 143.086 143.143 143.163 143.194 143.186 143.126 143.058 143.098 143.167 143.212 143.196 143.219 143.39 143.576 143.715 144.031 144.849 144.523 144.309 144.204 144.523 144.729 145.059 145.383 145.68 145.621 145.609 145.882 146.327 147.241 146.978 146.973 146.981 147.096 147.144 147.095 147.146 147.23
138.782 139.356 139.817 139.468 139.357 -9999 -9999 -9999 -9999 138.704 138.646 138.651 138.647 138.623 139.372 139.693 139.963 140.226 141.265 143.143 142.433 141.502 141.453 141.657 142.009 142.223 142.324 142.503 142.758 142.958 143.064 143.148 143.208 143.149 143.114 143.016 143.079 143.166 143.249 143.212 143.176 143.145 143.166 143.406 143.644 143.84 143.865 143.915 144.008 144.176 144.632 144.931 145.01 145.314 145.401 145.544 146.186 147.474 147.162 145.991 146.565 146.868 147.042 147.097 147.12 147.138 147.175
140.933 139.327 139.397 139.277 139.219 -9999 -9999 -9999 -9999 -9999 138.656 138.725 138.814 138.762 139.167 139.619 139.756 139.957 140.881 142.113 141.617 140.977 141.084 141.309 141.857 142.043 142.135 142.216 142.469 142.713 142.873 142.962 143.084 143.127 143.158 143.143 143.14 143.187 143.226 143.208 143.171 143.129 143.141 143.119 143.254 143.419 143.678 143.789 143.875 144.248 144.797 145.008 145.048 145.159 145.324 145.53 146.746 147.825 147.271 146.241 146.237 146.359 146.764 147.044 147.196 147.154 147.101
142.431 138.582 138.562 138.902 138.923 138.936 -9999 -9999 -9999 -9999 -9999 138.719 138.718 138.631 138.95 139.339 139.491 139.663 140.079 140.403 140.604 140.707 140.862 141.098 141.28 141.581 141.837 142.005 142.284 142.511 142.627 142.757 142.867 143.118 143.161 143.287 143.27 143.276 143.296 143.302 143.269 143.191 143.117 143.05 143.185 143.292 143.459 143.704 143.777 144.349 145.385 145.123 144.971 145.119 145.503 145.989 147.35 147.486 147.306 146.386 146.025 145.93 146.455 146.974 147.144 147.117 147.115
140.811 138.203 138.308 138.72 138.923 138.988 -9999 -9999 -9999 -9999 -9999 -9999 138.734 138.792 138.947 139.067 139.168 139.429 139.772 140.035 140.285 140.529 140.762 140.898 141.051 141.189 141.568 141.64 142.105 142.285 142.408 142.562 142.661 142.903 143.074 143.205 143.35 143.325 143.331 143.373 143.372 143.282 143.106 142.949 142.996 143.033 143.231 143.569 143.873 144.393 144.864 144.745 144.797 145.167 -9999 146.23 146.526 146.296 146.499 146.061 145.698 145.928 146.524 147.095 147.463 147.153 147.046
139.387 138.171 138.561 138.785 138.942 -9999 -9999 138.813 138.872 138.983 -9999 -9999 -9999 138.973 138.96 138.972 139.119 139.234 139.455 139.75 140.023 140.34 140.606 140.817 140.928 141.037 141.263 141.703 141.899 141.967 142.141 142.388 142.478 142.756 142.939 143.089 143.248 143.228 143.267 143.392 143.299 143.109 142.972 142.881 142.849 142.954 143.108 143.416 144.04 144.341 144.474 144.606 144.763 -9999 -9999 145.781 146.138 146.097 145.987 145.914 145.781 145.986 -9999 147.309 147.769 147.382 147.035
138.109 138.185 139.923 139.712 139.102 -9999 -9999 138.779 138.852 138.973 139.122 139.237 139.24 139.225 139.134 139.074 139.091 139.055 139.265 139.425 139.546 139.944 140.358 140.599 140.802 140.984 141.077 141.38 141.621 141.668 141.711 142.005 142.196 142.431 142.731 142.933 143.119 143.088 143.193 143.225 143.141 142.915 142.679 142.72 142.755 142.884 143.193 143.797 144.422 144.499 144.528 144.635 -9999 144.853 144.955 145.228 145.746 145.921 145.779 145.823 145.93 -9999 -9999 147.217 147.248 146.963 146.697
138.21 138.122 139.419 139.344 138.738 138.54 138.492 138.768 138.841 139.039 139.158 139.308 139.322 139.282 139.372 139.305 139.212 139.132 139.244 139.364 139.483 139.824 140.056 140.397 140.626 140.962 141.098 141.15 141.368 141.391 141.551 141.818 142.011 142.075 142.465 142.679 142.788 142.878 142.955 143.027 142.84 142.625 142.348 142.481 142.679 142.788 143.216 143.746 144.701 144.683 -9999 -9999 -9999 144.739 144.688 144.674 145.242 145.748 145.801 145.707 -9999 -9999 -9999 -9999 146.903 146.451 146.156
137.866 138.098 138.537 138.446 138.219 138.332 138.382 138.716 138.923 139.105 139.247 139.408 139.483 139.424 139.435 139.491 139.455 139.354 139.313 139.343 139.486 139.533 139.635 139.987 140.293 140.656 140.921 141.125 141.316 141.34 141.451 141.745 141.984 142.175 142.643 142.49 142.437 142.6 142.751 142.715 142.638 142.39 142.165 142.275 142.627 142.752 143.2 143.496 143.916 144.266 -9999 -9999 -9999 144.622 144.651 144.704 145.078 -9999 -9999 -9999 -9999 -9999 -9999 -9999 -9999 146.534 146.553
137.897 137.957 138.273 138.322 138.192 138.257 138.457 138.727 138.929 139.124 139.312 139.509 139.586 139.559 139.582 139.529 139.588 139.599 139.524 139.483 139.633 139.616 139.684 139.912 140.139 140.495 140.718 141.102 141.23 141.253 141.409 141.595 141.785 141.941 142.277 142.254 142.41 142.517 142.541 142.498 142.476 142.134 141.986 142.051 142.276 142.589 143.231 143.438 143.735 -9999 -9999 -9999 -9999 -9999 -9999 -9999 -9999 -9999 -9999 -9999 -9999 145.097 145.494 -9999 -9999 -9999 -9999
137.733 137.792 -9999 -9999 138.209 138.192 138.383 138.563 138.697 138.856 139.031 139.307 139.444 139.551 139.697 139.762 139.757 139.783 139.846 139.77 139.817 139.805 139.842 139.905 140.094 140.189 140.359 140.728 140.966 141.06 141.218 141.38 141.548 141.737 141.865 142.136 142.422 142.681 142.37 142.393 142.437 141.912 141.883 142.012 142.154 142.97 143.56 143.651 143.739 -9999 -9999 143.866 -9999 -9999 -9999 -9999 -9999 -9999 -9999 -9999 144.918 144.947 145.068 145.219 -9999 145.63 -9999
137.576 -9999 -9999 138.095 138.158 138.241 138.373 138.426 138.458 138.618 138.799 139.019 139.293 139.459 139.783 139.967 139.929 139.887 140.142 140.012 139.984 140.034 140.085 140.035 140.113 140.209 140.275 140.378 140.693 140.797 140.946 141.224 141.418 141.535 141.672 141.903 142.408 142.802 142.18 142.194 142.133 141.803 141.716 142.059 142.459 142.987 144.008 143.935 -9999 -9999 143.7 143.652 143.696 -9999 -9999 -9999 -9999 -9999 -9999 144.777 144.854 144.827 145.154 145.189 145.174 145.331 145.698
-9999 -9999 137.693 137.902 138.057 138.16 138.221 138.313 138.353 138.44 138.659 138.732 138.999 139.234 139.535 139.774 139.877 139.984 140.081 140.049 140.096 140.164 140.229 140.185 140.105 140.263 140.312 140.369 140.485 140.586 140.565 140.947 141.175 141.406 141.493 141.696 141.739 141.81 141.749 142.005 141.934 141.654 141.683 141.957 142.528 142.932 143.385 143.527 -9999 143.488 143.543 143.675 143.671 143.69 -9999 -9999 -9999 -9999 -9999 -9999 144.714 144.818 145.042 145.093 145.131 145.241 145.396
-9999 137.432 137.627 137.762 137.865 138.002 138.086 138.168 138.263 138.35 138.467 138.549 138.764 139.087 139.389 139.627 139.812 140.026 140.055 139.963 140.109 140.252 140.457 140.362 140.292 140.351 140.397 140.417 140.47 140.539 140.556 140.707 140.994 141.081 141.317 141.509 141.459 141.435 141.492 141.463 141.613 141.545 141.545 141.725 142.48 142.812 143.045 143.115 143.167 143.309 143.488 143.629 143.664 -9999 -9999 -9999 -9999 -9999 -9999 144.441 144.48 144.61 144.78 -9999 145.064 145.189 145.33
137.229 137.276 137.457 137.677 137.7 137.894 137.974 138.065 138.168 138.247 138.274 138.368 138.593 138.837 138.982 139.246 139.643 139.813 140.059 140.128 140.36 140.441 140.52 140.61 140.686 140.689 140.621 140.555 140.539 140.55 140.62 140.634 140.807 140.803 140.95 141.226 141.3 141.401 141.443 141.443 141.508 141.487 141.353 141.705 142.172 142.837 142.899 142.851 143.008 143.282 143.419 143.538 143.627 143.695 143.747 143.802 143.874 -9999 144.178 144.266 144.265 144.477 144.601 144.752 144.902 145.031 145.086
137.016 137.142 137.25 137.365 137.433 137.633 137.813 137.855 138.044 138.16 138.112 138.219 138.431 138.64 138.691 138.942 139.278 139.492 139.839 140.173 140.305 140.486 140.531 140.675 140.787 140.844 140.826 140.75 140.706 140.722 140.706 140.748 140.799 140.841 140.791 140.957 141.213 141.297 141.358 -9999 -9999 141.464 141.567 141.908 142.122 142.524 142.864 142.917 143.124 143.302 143.392 143.501 143.638 143.692 143.781 143.862 143.896 143.977 144.098 144.2 144.26 144.405 144.482 144.613 144.824 144.887 144.945
136.788 136.92 137.034 137.13 137.264 137.429 137.631 137.778 137.953 138.081 138.028 138.056 138.264 138.493 138.462 138.69 138.84 139.06 139.353 139.719 139.993 140.194 140.376 140.607 140.791 140.828 140.837 140.914 140.989 140.996 -9999 140.862 140.834 140.841 140.836 141.028 141.139 141.248 141.3 141.295 141.296 141.409 -9999 141.83 142.055 142.203 142.557 142.853 143 143.088 143.254 143.396 143.473 143.512 143.69 143.832 143.931 143.993 144.044 144.128 144.231 144.343 144.446 144.628 144.75 144.844 144.875
136.59 136.689 136.785 136.917 137.036 137.228 137.346 137.647 137.758 137.852 137.964 138.043 138.144 138.344 138.411 138.549 138.654 138.755 138.964 139.313 139.66 139.909 140.115 140.417 140.688 140.812 140.835 141.027 141.07 141.107 141.059 141.006 140.899 140.913 140.988 141.129 141.162 141.307 141.321 141.278 141.256 141.384 141.538 141.688 141.723 142.011 142.374 142.67 142.868 142.976 143.126 143.276 143.3 143.305 143.577 143.83 143.974 144.026 143.999 144.074 144.181 144.287 144.475 144.597 144.719 144.777 144.803
136.397 136.548 136.598 136.574 136.802 136.927 137.093 137.343 137.512 137.654 137.86 137.94 138.045 138.183 138.261 138.423 138.51 138.569 138.657 138.922 139.148 139.474 139.7 140.071 140.306 140.594 140.72 140.933 141.08 141.13 140.967 141.146 141.165 141.165 141.28 141.356 141.474 141.448 141.369 141.312 141.314 141.457 141.531 141.532 141.572 141.769 142.126 142.248 142.748 142.791 143.099 143.246 143.286 143.37 143.54 143.677 143.794 143.862 143.889 143.921 144.023 144.277 144.435 144.613 144.761 144.736 144.73
136.445 136.55 136.575 136.459 136.507 136.649 136.812 137.176 137.312 137.465 137.733 137.816 137.912 137.985 138.122 138.282 138.41 138.431 138.594 138.71 138.852 139.043 139.313 139.623 139.871 140.147 140.469 140.694 141.009 141.037 141.107 141.274 141.284 141.336 141.384 141.436 141.49 141.485 141.441 141.339 141.376 141.507 141.525 141.468 141.442 141.603 141.698 142.06 142.404 142.552 142.761 142.963 142.977 143.179 143.43 143.459 143.517 143.612 143.729 143.739 143.782 144.003 144.175 144.324 144.531 144.639 144.685
136.371 135.99 136.396 136.518 136.23 136.286 136.492 136.817 137.059 137.166 137.399 137.579 137.726 137.948 138.075 138.174 138.274 138.278 138.424 138.549 138.651 138.784 138.905 139.141 139.391 139.719 139.958 140.372 140.625 140.852 141.011 141.332 141.352 141.377 141.389 141.455 141.502 141.521 141.515 141.46 141.477 141.573 141.55 141.526 141.533 141.562 141.668 141.854 142.102 142.131 142.416 142.553 142.573 142.704 142.824 143.022 143.056 143.267 143.45 143.514 143.518 143.688 143.785 143.868 144.204 144.36 144.37
135.868 135.962 135.845 136.347 136.069 136.123 136.41 136.746 136.811 136.926 137.153 137.41 137.497 137.904 138.041 138.077 138.147 138.205 138.368 138.364 138.532 138.689 138.794 138.961 139.17 139.353 139.554 139.871 140.2 140.477 140.642 140.959 141.152 141.267 141.524 141.632 141.708 141.588 141.609 141.572 141.576 141.659 141.689 141.716 141.709 141.775 141.778 141.842 142.024 142.138 142.338 142.383 142.358 142.443 142.491 142.588 142.739 143.078 143.345 143.387 143.337 143.415 143.435 143.531 143.677 144.081 144.104
139.869 135.969 135.514 136.862 135.88 136.375 137.088 137.202 136.592 136.673 136.929 137.233 137.321 137.569 137.825 138.036 138.053 138.154 138.241 138.329 138.479 138.672 138.811 138.892 139.018 139.123 139.303 139.459 139.769 140.078 140.261 140.714 141.087 141.066 141.141 141.741 142.617 142.106 141.755 141.726 141.675 141.786 141.78 142.141 142.117 142.088 142.094 142.19 -9999 -9999 142.268 142.261 142.232 142.3 142.252 142.306 142.444 142.821 143.19 143.285 143.294 143.268 143.266 143.378 143.479 143.725 143.762
137.318 135.289 135.161 135.995 135.806 136.966 141.215 138.657 136.858 137.109 136.911 137.449 137.819 137.475 137.647 137.823 137.905 138.121 138.13 138.261 138.41 138.542 138.866 138.819 138.856 138.957 139.128 139.282 139.327 139.555 139.76 140.418 141.431 141.034 141.107 141.254 143.168 142.146 141.75 142.044 142.116 142.054 142.127 142.437 142.492 142.635 142.337 142.5 142.861 142.536 142.281 142.31 142.301 142.3 142.323 142.376 142.462 142.724 -9999 -9999 143.165 143 142.914 143.216 143.416 143.579 143.446
