dsm/se2536_DSM_2M.asc
ncols 500
nrows 500
xllcorner    425000
yllcorner    436000
cellsize     2
NODATA_value -9999
[rows 320 to 351 of 500, columns 72 to 143 of 500]
39.126 39.484 38.448 38.379 -9999 38.509 38.484 38.864 38.988 39.118 39.38 39.396 39.265 39.448 39.471 39.718 39.702 39.52 39.449 39.161 38.727 38.513 38.412 37.975 37.918 37.865 37.943 37.931 38.141 38.281 38.293 38.432 38.479 38.497 38.542 38.547 38.515 38.466 38.482 38.545 38.517 38.545 38.407 38.301 38.3 38.67 39.75 38.685 38.409 38.76 38.287 38.075 37.855 37.768 37.746 37.432 37.611 37.286 37.302 37.351 36.857 36.815 36.676 36.594 36.623 36.675 36.653 36.633 36.678 36.653 36.633 36.616
40.679 41.531 39.265 39.39 40.873 38.391 38.47 38.868 38.901 38.918 39.02 39.101 39.075 39.041 39.891 41.469 40.748 39.817 39.829 39.431 39.166 38.917 38.817 38.665 38.422 37.908 37.751 37.657 37.773 37.884 38.061 38.267 38.394 38.428 38.421 38.459 38.503 38.489 38.565 38.425 38.396 38.416 38.449 38.473 38.425 38.41 38.342 38.307 38.35 38.422 39.617 38.571 38.457 38.313 38.021 37.894 37.879 37.6 37.748 37.648 37.466 37.539 37.313 36.886 36.763 36.652 36.666 36.646 36.704 36.636 36.596 36.617
41.037 40.456 39.551 42.811 44.626 41.206 38.807 38.537 38.968 39.03 39.006 39.022 38.986 39.047 40.126 41.752 42.086 40.944 40.166 39.397 40.929 41.866 39.413 39.237 39.192 38.871 38.461 38.063 37.884 37.733 37.831 37.91 38.084 38.098 38.12 38.318 38.31 38.317 38.355 38.348 38.445 38.466 38.454 38.387 38.414 38.45 38.497 38.416 38.246 38.256 38.304 38.306 38.404 38.412 38.49 38.408 38.242 38.019 39.053 38.268 37.934 37.638 37.73 38.41 40.219 38.777 36.947 37.516 38.974 37.202 36.605 36.55
42.972 42.359 41.067 40.615 41.146 44.455 42.484 39.245 38.495 38.5 39.009 38.502 39.127 39.372 39.951 39.739 40.277 40.329 39.762 41.092 42.874 44.25 44.312 42.164 39.997 40.19 39.23 41.299 41.872 40.201 38.615 38.332 38.074 38.267 37.925 37.936 37.968 38.044 38.267 38.348 38.355 38.332 38.397 38.399 38.444 38.456 38.403 38.363 38.497 38.518 38.353 38.318 38.243 38.306 38.38 38.369 38.467 39.053 39.739 38.485 38.306 40.194 42.103 43.766 44.688 45.091 43.608 44.504 43.649 38.085 36.759 36.577
44.962 44.552 42.825 42.082 42.275 42.27 41.469 42.742 38.601 39.45 38.512 38.579 38.603 39.767 39.69 39.253 39.093 39.118 39.371 41.954 43.312 45.065 46.22 44.347 40.444 41.333 41.621 43.026 44.338 44.225 43.379 39.766 38.882 38.662 38.377 38.248 38.003 37.896 37.837 37.898 38.091 38.003 38.15 38.231 38.349 38.36 38.341 38.385 38.328 38.329 38.435 38.459 38.421 38.365 38.32 38.262 38.294 38.389 38.65 39.971 39.924 42.242 44.461 44.031 45.103 46.334 45.474 46.159 46.648 45.143 39.18 36.89
46.405 46.372 44.973 44.409 44.148 43.423 42.148 40.412 39.716 42.962 38.834 38.551 38.48 38.373 38.53 39.005 38.885 38.791 38.809 41.328 42.47 45.596 46.924 44.345 42.878 40.619 41.621 42.247 41.859 44.158 40.948 40.771 42.578 40.811 44.16 42.093 39.853 38.432 39.365 38.381 38.194 38.017 37.871 40.325 38.077 38.052 38.221 38.268 38.252 38.265 38.335 38.319 38.355 38.32 38.413 38.457 38.381 38.267 38.303 38.621 38.737 39.685 41.825 41.975 44.19 45.802 46.213 46.832 47.096 45.689 39.427 37.516
44.078 47.245 46.282 45.173 44.483 43.994 42.593 41.745 41.247 41.144 41.556 38.504 38.467 38.422 38.402 38.84 38.854 38.784 39.069 40.509 41.612 43.358 43.408 42.774 42.206 39.182 39.545 39.538 39.237 40.756 41.004 43.133 44.619 45.686 46.315 46.033 43.073 41.971 42.652 40.62 42.403 41.993 39.253 37.967 37.859 37.813 37.786 37.931 37.949 38.137 38.195 38.263 38.276 38.364 38.38 38.368 38.373 38.367 38.359 38.415 38.43 38.255 38.584 38.493 42.105 43.885 44.926 45.351 45.885 44.152 42.318 37.371
48.695 48.725 48.101 46.719 44.494 43.752 43.358 42.717 42.807 42.701 47.247 39.632 38.479 42.253 -9999 38.41 38.409 38.421 38.842 39.683 40.536 40.677 41.061 40.575 38.945 38.883 38.938 38.972 39.066 39.545 41.312 42.213 42.837 44.913 45.398 44.656 41.244 40.289 40.189 41.318 43.692 44.209 44.889 42.656 38.517 38.121 38.2 37.729 37.811 37.837 37.889 37.997 38.193 38.271 38.274 38.292 38.346 38.383 38.433 38.319 38.376 38.416 38.436 38.354 38.323 38.517 38.857 40.201 43.636 44.578 40.223 37.826
49.095 50.318 49.98 49.024 48.113 43.406 44.71 43.333 45.014 44.141 42.749 40.206 46.943 45.751 40.663 39.614 38.459 38.433 -9999 -9999 39.548 39.658 39.515 38.597 38.694 38.765 38.816 38.843 39.025 39.47 40.989 42.053 42.628 43.182 44.057 43.551 40.737 39.144 39.555 40.429 45.891 46.553 45.211 44.456 42.878 42.338 42.945 39.278 38.342 37.993 37.83 37.937 37.909 37.999 38.03 38.057 38.171 38.197 38.284 38.291 38.398 38.327 38.323 38.339 38.377 38.437 38.432 38.314 38.632 38.526 38.992 38.676
51.713 51.313 51.638 50.696 49.135 48.135 46.826 46.336 45.751 44.899 43.416 42.503 52.749 48.189 46.196 41.073 40.414 -9999 41.152 39.186 -9999 38.679 38.702 38.57 38.711 38.823 38.801 38.769 38.882 39.166 40.259 41.509 42.153 43.022 44.008 44.198 42.201 39.487 39.196 40.568 43.499 44.928 45.029 42.945 45.938 46.185 46.212 46.225 44.702 42.947 38.806 38.726 38.402 37.951 37.811 37.76 37.796 37.936 38.066 38.112 38.18 38.249 38.331 38.387 38.341 38.354 38.393 38.397 38.411 38.411 38.378 38.479
52.412 51.938 51.152 48.96 45.405 44.492 48.148 47.948 47.009 45.949 44.934 44.206 43.487 43.023 41.793 41.237 40.882 49.706 39.483 38.895 40.083 -9999 -9999 38.652 38.718 38.749 38.741 38.797 38.794 38.866 39.757 40.413 41.541 42.372 43.324 44.368 43.28 41.744 40.509 39.098 43.209 44.545 46.508 46.861 45.889 46.881 47.339 48.243 48.554 50.077 49.146 43.872 43.384 39.379 41.434 37.969 37.853 37.801 37.931 37.897 37.914 38.087 38.142 38.268 38.229 38.294 38.373 38.413 38.288 38.36 38.417 38.347
49.891 52.144 46.405 52.153 51.827 44.985 50.54 50.584 47.427 46.072 45.734 44.457 44.802 44.337 43.387 42.494 41.75 44.696 44.279 44.041 43.891 40.465 39.351 -9999 38.623 38.505 38.738 38.744 38.698 38.833 38.926 39.375 40.088 41.159 42.644 43.772 43.227 42.671 43.132 42.182 44.41 44.703 46.628 48.079 47.33 46.487 45.412 42.926 48.615 49.675 48.859 48.505 47.108 46.099 44.204 45.229 40.93 40.977 40.172 38.474 37.847 37.847 37.91 38.039 37.964 38.165 38.174 38.256 38.297 38.336 38.282 38.287
54.813 54.172 54.461 52.134 53.088 54.067 53.097 51.283 49.497 46.039 46.985 46.922 46.151 45.514 43.872 43.135 43.085 42.616 46.434 48.417 46.681 42.126 44.03 42.251 38.527 38.458 38.488 38.734 38.71 38.794 38.883 38.865 39.082 39.151 41.163 42.381 42.82 41.587 42.168 42.9 43.148 43.19 44.624 46.202 46.795 41.803 38.261 38.74 47.337 45.43 45.003 48.617 49.697 48.201 47.882 47.584 46.742 46.281 43.967 41.574 37.98 37.885 37.968 37.938 37.864 37.917 37.969 38.1 38.116 38.196 38.179 38.357
56.42 48.559 56.467 57.599 56.954 56.736 56.351 51.216 47.687 48.552 49.731 48.186 47.656 46.234 42.983 43.648 45.027 44.345 54.246 44.347 44.184 44.491 44.46 42.604 40.043 38.565 -9999 38.499 38.739 38.79 38.839 38.84 38.868 38.858 39.092 40.64 41.407 42.386 40.812 41.977 43.094 42.847 43.437 45.288 45.479 46.355 42.858 42.296 45.346 45.782 41.56 46.632 48.319 39.835 48.064 48 43.218 47.065 42.36 43.625 38.999 40.655 38.236 42.477 38.053 37.916 37.841 37.844 37.893 38.009 38.132 38.105
56.211 57.494 58.965 59.138 59.459 57.805 56.596 50.465 50.04 45.327 50.461 50.377 47.918 46.839 45.469 45.29 46.45 44.907 45.017 44.929 45.186 46.796 45.72 44.869 42.642 41.733 40.695 38.979 38.655 38.513 38.774 38.763 38.787 38.853 38.83 39.022 41.25 41.505 42.245 41.793 41.372 43.6 41.84 43.589 45.772 46.998 45.623 44.816 41.818 41.343 40.097 45.44 45.666 39.116 46.549 46.493 46.994 47.186 46.785 44.754 41.907 43.259 44.715 45.245 38.104 37.863 38.091 37.928 37.885 37.963 37.832 37.971
54.568 57.477 58.633 57.35 60.75 58.887 54.746 54.654 48.936 44.459 50.519 50.841 48.895 45.131 45.905 46.519 42.8 42.577 43.322 44.761 42.132 48.264 47.387 46.464 45.711 43.444 42.167 44.42 44.657 39.046 38.468 38.481 38.744 38.771 38.809 39.214 40.017 39.724 40.605 40.583 42.315 43.993 42.062 43.285 45.463 45.158 44.801 45.314 44.811 40.105 40.811 44.028 45.791 46.769 44.03 44.924 44.275 46.173 45.601 41.44 39.675 39.796 44.664 45.727 45.799 38.903 40.539 38.986 37.934 37.862 37.87 37.911
57.449 58.487 58.806 60.325 60.639 55.708 49.899 55.056 45.023 52.84 50.656 51.965 48.556 47.689 48.682 46.425 48.198 42.811 42.749 44.422 44.784 46.291 48.326 44.141 46.154 48.393 49.852 47.629 46.99 41.126 39.995 40.351 40.066 38.95 38.81 38.83 38.962 38.941 39.239 38.847 41.062 40.911 40.852 42.766 43.507 43.803 43.657 43.923 46.078 43.976 44.633 46.126 45.935 46.307 43.445 45.341 44.395 43.716 42.259 39.985 39.999 42.345 44.125 46.886 45.611 46.404 41.964 44.497 39.072 42.006 38.269 43.834
53.344 57.567 57.634 47.872 56.909 60.051 58.884 54.813 56.04 52.86 54.024 52.653 49.461 46.683 50.192 50.423 50.432 46.817 45.077 50.017 47.599 49.856 54.051 52.851 50.96 51.816 51.009 52.136 44.096 45.135 42.415 41.004 41.656 44.191 42.994 38.844 -9999 40.476 38.909 39.056 39.004 39.03 39.615 40.953 43.292 44.993 47.133 44.208 45.465 42.248 43.307 45.29 46.715 48.031 45.724 45.241 45.32 45.499 44.512 41.635 38.835 39.259 41.505 41.617 43.388 46.291 47.932 40.312 48.518 46.06 46.032 43.807
53.72 55.916 56.738 58.792 58.756 59.731 59.396 53.262 50.119 53.65 55.11 54.253 53.664 42.64 49.447 45.927 47.652 50.925 51.472 51.682 56.337 53.912 53.065 56.035 56.698 54.992 50.798 48.362 46.431 45.81 50.734 41.277 40.578 46.527 46.22 -9999 -9999 38.833 38.629 39.034 38.881 38.815 38.822 39.132 42.841 45.593 47.713 44.82 44.249 44.862 40.252 44.31 47.074 47.592 45.433 45.08 44.241 45.309 44.927 42.652 39.006 38.416 38.309 38.497 41.287 44.866 45.143 46.033 47.964 47.809 47.077 44.59
44.474 44.638 55.538 57.184 52.947 50.65 59.506 55.162 58.801 57.845 48.67 53.157 45.533 53.269 50.078 55.346 53.613 52.687 48.194 51.925 56.605 58.371 59.463 57.743 55.351 51.414 48.71 50.185 46.731 46.691 44.699 42.872 40.798 42.049 46.514 46.651 45.758 39.541 38.825 38.505 38.798 38.638 38.614 38.734 39.045 40.177 42.361 41.487 42.024 40.269 43.26 44.801 47.812 46.245 44.934 44.736 45.287 45.729 44.994 42.864 38.797 37.925 37.932 37.927 38.011 38.779 43.802 45.204 45.289 43 47.25 43.229
47.373 50.951 52.658 48.645 51.755 56.747 60.916 61.074 50.687 55.929 49.831 54.44 45.927 57.495 56.772 51.567 55.845 45.964 45.384 45.926 52.511 53.856 55.46 55.906 53.143 45.772 48.033 47.872 47.975 47.145 45.319 43.62 42.498 43.27 46.012 49.355 49.341 45.761 40.781 38.555 38.491 38.643 38.593 38.586 38.735 38.755 39.138 39.511 40.452 40.31 42.629 45.399 45.557 45.384 45.218 44.236 45.308 44.416 41.256 42.206 39.167 37.677 37.638 37.667 37.746 38.044 39.82 46.677 45.071 46.607 46.607 46.907
49.851 51.169 49.488 49.871 52.826 58.681 58.165 58.499 58.477 51.122 53.954 45.011 56.838 57.619 51.959 46.372 56.045 48.797 49.961 49.428 50.185 50.849 53.329 55.944 49.037 48.514 48.716 48.312 48.219 47.606 46.448 44.674 43.626 45.316 48.448 51.418 50.938 47.271 41.839 38.97 38.444 38.452 38.571 38.555 38.557 38.628 38.631 38.6 38.846 39.663 42.454 45.405 43.564 42.426 42.773 43.018 44.344 42.768 42.447 39.523 37.73 37.631 37.669 37.69 37.737 37.691 40.617 44.82 45.462 46.234 45.666 41.357
50.238 52.496 51.305 48.688 57.009 58.374 57.888 52.124 55.84 56.399 55.659 56.141 56.929 55.157 48.627 48.751 58.517 54.921 50.208 49.631 55.207 51.572 54.784 57.597 51.281 50.583 43.33 49.758 48.996 48.341 47.029 44.557 45.449 44.452 47.627 50.765 47.461 45.292 44.868 -9999 38.917 38.82 -9999 -9999 -9999 38.617 38.638 38.744 38.724 38.698 41.095 42.267 42.096 42.166 41.31 40.208 40.986 40.427 39.586 37.808 37.687 37.704 37.692 37.689 37.695 37.694 37.697 37.75 39.339 38.751 41.477 39.086
56.506 53.722 50.36 48.245 59.2 58.057 54.357 51.634 53.785 48.882 54.81 48.287 59.418 58.96 51.039 56.435 51.294 48.843 56.121 52.82 56.16 57.544 56.295 57.748 51.256 50.931 50.461 49.884 48.901 48.139 47.283 45.518 45.999 46.593 46.811 49.433 44.155 41.545 40.961 44.662 42.002 40.11 39.917 38.783 38.663 38.607 38.643 38.691 38.692 38.848 38.685 39.049 39.765 40.201 39.767 40.669 40.221 39.31 38.134 37.818 37.689 37.662 37.672 37.63 37.602 37.662 37.658 37.638 37.663 37.57 37.562 37.662
57.381 62.029 54.916 47.589 49.373 60.249 59.449 56.412 60.866 49.709 60.497 46.542 58.529 50.708 55.715 53.161 49.845 46.274 56.565 50.823 57.469 59.609 58.038 59.926 58.236 50.46 46.983 42.836 44.989 49.144 49.267 48.316 46.421 43.853 43.516 45.377 41.709 40.747 40.264 44.104 40.93 41.14 44.107 39.561 38.509 38.446 38.478 38.652 38.675 38.701 38.726 38.754 38.929 39.002 39.078 40 39.032 38.272 38.098 37.872 37.743 37.702 37.66 37.541 37.611 37.614 37.6 37.611 37.64 37.58 37.568 37.605
58.641 55.822 54.658 49.991 51.499 54.122 60.509 49.039 49.997 52.125 57.699 56.067 60.419 59.211 60.585 58.863 52.579 58.148 60.984 59.78 61.017 61.821 60.429 51.686 57.617 56.837 47.675 50.952 44.235 51.205 49.914 49.842 48.863 45.402 45.812 44.551 43.342 42.076 40.969 42.054 42.265 42.449 43.51 44.015 39.85 39.078 39.092 38.578 38.502 38.659 38.733 38.845 38.892 38.882 38.778 38.779 38.665 38.73 38.397 38.897 37.905 37.729 37.698 37.667 37.641 37.559 37.604 37.61 37.595 37.598 37.597 37.558
56.951 54.599 59.847 59.073 53.216 57.6 53.992 62.445 52.348 53.512 48.58 60.863 62.84 62.242 62.082 56.615 59.109 54.231 61.37 62.672 56.886 59.359 58.276 59.268 57.964 58.8 56.72 52.247 46.186 53.024 52.373 46.026 48.267 48.772 47.041 44.596 42.471 43.175 43.49 44.361 44.629 43.431 45.42 44.603 44.718 45.824 44.605 41.072 38.532 38.525 38.51 38.792 38.814 38.788 38.751 38.623 38.666 38.646 38.595 40.058 40.915 38.431 37.87 37.762 37.655 37.516 37.533 37.598 37.63 37.602 37.616 37.618
61.693 60.963 58.275 50.775 57.717 56.571 54.755 60.858 59.237 51.048 59.369 54.559 49.053 50.215 60.976 57.176 57.341 57.523 50.226 59.426 59.536 62.586 58.935 55.367 57.527 59.965 58.14 44.689 54.455 55.789 49.649 52.105 50.275 48.579 48.17 46.103 46.441 45.253 46.015 46.121 45.151 44.993 46.051 45.806 46.633 48.051 47.964 45.679 40.945 40.288 39.64 39.303 39.036 38.763 38.733 38.708 38.767 38.801 38.677 39.878 40.299 38.811 38.341 37.909 37.76 37.641 37.526 37.591 37.593 37.603 37.618 37.558
59.46 55.055 58.094 54.921 59.526 60.099 61.207 60.999 55.146 57.842 54.334 54.433 48.362 56.975 56.694 52.876 59.581 58.735 54.258 59.183 62.491 61.185 58.905 60.677 59.65 56.821 58.458 56.908 50.044 55.55 48.436 52.088 51.996 45.899 48.277 49.724 49.213 49.62 49.676 49.735 47.392 47.386 47.521 45.489 52.504 51.295 46.573 48.537 48.389 48.85 49.23 46.72 -9999 40.571 38.691 38.596 38.683 38.783 38.681 38.753 38.901 38.949 38.991 38.717 38.17 37.823 37.629 37.598 37.622 37.586 37.535 37.587
60.926 59.931 60.956 52.204 52.701 61.477 60.765 60.802 59.501 58.673 56.849 59.441 57.2 60.448 59.788 51.242 58.86 46.72 55.424 55.794 59.242 60.997 57.768 44.507 53.49 50.248 55.796 59.517 59.216 58.6 58.332 57.288 51.622 55.736 50.947 51.079 51.649 52.797 51.506 51.387 51.032 51.356 53.504 46.861 49.04 51.951 50.102 48.935 49.834 50.115 49.27 49.427 47.775 48.564 43.685 42.178 38.703 38.954 38.873 38.837 38.862 38.916 38.972 39.063 39.028 38.512 38.003 37.943 37.657 37.575 37.57 37.62
61.368 60.998 53.34 53.673 59.141 61.81 60.514 53.841 61.144 58.305 59.831 58.213 61.316 61.485 60.222 62.657 55.701 56.615 61.81 60.511 59.683 58.354 50.534 47.863 54.484 48.027 60.843 60.626 59.977 59.828 51.985 57.878 55.063 55.151 54.014 54.214 55.367 53.084 53.078 52.553 50.893 52.391 53.901 51.313 51.434 47.293 46.721 48.716 52.648 51.112 49.856 49.605 48.212 49.154 45.838 44.123 39.901 39.614 -9999 38.804 38.764 38.76 38.794 38.608 38.706 38.901 38.722 38.763 37.872 37.769 40.369 37.739
62.09 60.725 58.989 58.831 60.624 60.975 61.698 56.35 54.605 55.225 61.527 61.676 58.816 62.138 57.156 55.027 51.182 58.329 62.031 62.745 63.177 63.428 63.379 56.896 58.352 51.019 57.499 61.336 58.89 59.322 58.918 58.823 56.359 56.331 55.78 55.507 55.904 57.219 50.109 47.078 51.798 54.024 52.925 51.395 44.056 48.172 47.593 47.398 51.507 52.022 51.164 50.796 48.986 46.753 47.197 46.79 45.098 38.772 38.613 39.212 38.745 38.756 38.781 38.652 38.626 38.729 38.84 38.951 38.515 41.001 42.767 39.52
