dsm/se2531_DSM_2M.asc
ncols 500
nrows 500
xllcorner    425000
yllcorner    431000
cellsize     2
NODATA_value -9999
[rows 396 to 428 of 500, columns 370 to 443 of 500]
-9999 -9999 -9999 -9999 -9999 -9999 -9999 -9999 -9999 -9999 -9999 -9999 -9999 -9999 -9999 -9999 -9999 -9999 -9999 -9999 97.63 97.762 97.955 98.091 98.135 98.177 98.168 98.206 98.242 98.277 98.333 98.314 98.332 98.293 98.294 98.261 98.275 98.215 98.175 98.216 98.193 98.347 98.28 98.3 98.325 98.369 98.425 98.382 98.32 98.259 98.281 98.236 98.248 98.17 98.207 98.195 98.186 98.122 98.061 98.019 97.957 97.928 97.919 97.866 97.793 97.802 97.746 97.714 97.664 97.557 97.519 97.497 97.475 97.439
-9999 -9999 -9999 -9999 -9999 -9999 -9999 -9999 -9999 -9999 -9999 -9999 -9999 -9999 -9999 -9999 -9999 -9999 -9999 -9999 -9999 97.959 98.11 98.181 98.256 98.311 98.298 98.336 98.366 98.376 98.426 98.402 98.402 98.401 98.401 98.393 98.34 98.31 98.283 98.311 98.398 98.415 98.424 98.43 98.434 98.478 98.463 98.477 98.432 98.375 98.321 98.331 98.236 98.284 98.313 98.246 98.259 98.243 98.176 98.137 98.063 98.02 98.042 97.964 97.917 97.862 97.837 97.813 97.75 97.65 97.595 97.558 97.511 97.501
-9999 -9999 -9999 -9999 -9999 -9999 -9999 -9999 -9999 -9999 -9999 -9999 -9999 -9999 -9999 -9999 -9999 -9999 -9999 -9999 -9999 -9999 98.211 98.304 98.376 98.404 98.454 98.444 98.48 98.481 98.563 98.549 98.542 98.546 98.516 98.495 98.444 98.379 98.407 98.396 98.441 98.498 98.502 98.498 98.525 98.561 98.57 98.556 98.534 98.432 98.377 98.365 98.335 98.319 98.308 98.302 98.321 98.293 98.254 98.183 98.136 98.098 98.066 98.057 97.979 97.932 97.932 97.861 97.838 97.757 97.694 97.601 97.587 97.496
-9999 -9999 -9999 -9999 -9999 -9999 -9999 -9999 -9999 -9999 -9999 -9999 -9999 -9999 -9999 -9999 -9999 -9999 -9999 -9999 -9999 -9999 -9999 98.41 98.464 98.533 98.567 98.599 98.586 98.615 98.705 98.643 98.843 98.696 98.594 98.565 98.49 98.46 98.446 98.487 98.478 98.476 98.524 98.589 98.665 98.599 98.586 98.603 98.546 98.516 98.472 98.383 98.369 98.36 98.378 98.448 98.41 98.352 98.339 98.229 98.181 98.183 98.152 98.075 98.047 98.009 97.992 97.915 97.846 97.838 97.705 97.652 97.629 97.601
-9999 -9999 -9999 -9999 -9999 -9999 -9999 -9999 -9999 -9999 -9999 -9999 -9999 -9999 -9999 -9999 -9999 -9999 -9999 -9999 -9999 -9999 -9999 -9999 98.549 98.614 98.569 98.634 98.659 98.727 98.786 98.734 98.716 98.697 98.745 98.646 98.59 98.573 98.533 98.557 98.547 98.607 98.604 98.62 98.654 98.645 98.639 98.647 98.584 98.561 98.497 98.477 98.443 98.426 98.433 98.45 98.435 98.383 98.318 98.309 98.275 98.267 98.226 98.189 98.128 98.089 98.087 98.011 97.952 97.868 97.792 97.751 97.716 97.651
-9999 -9999 -9999 -9999 -9999 -9999 -9999 -9999 -9999 -9999 -9999 -9999 -9999 -9999 -9999 -9999 -9999 -9999 -9999 -9999 -9999 -9999 -9999 -9999 -9999 98.619 98.594 98.686 98.765 98.81 98.844 98.828 98.879 98.825 98.774 98.71 98.655 98.638 98.677 98.68 98.657 98.687 98.658 98.706 98.693 98.719 98.724 98.644 98.603 98.61 98.554 98.491 98.51 98.479 98.517 98.525 98.447 98.436 98.373 98.359 98.356 98.288 98.245 98.246 98.221 98.138 98.114 98.05 97.998 97.923 97.807 97.803 97.721 97.701
-9999 -9999 -9999 -9999 -9999 -9999 -9999 -9999 -9999 -9999 -9999 -9999 -9999 -9999 -9999 -9999 -9999 -9999 -9999 -9999 -9999 -9999 -9999 -9999 -9999 -9999 98.716 98.788 98.841 98.914 98.939 98.931 98.966 98.886 98.884 98.816 98.718 98.703 98.729 98.718 98.675 98.681 98.736 98.697 98.726 98.742 98.751 98.694 98.662 98.618 98.579 98.585 98.612 98.546 98.573 98.54 98.51 98.469 98.466 98.458 98.421 98.362 98.345 98.312 98.297 98.226 98.137 98.072 98.025 97.968 97.898 97.835 97.782 97.738
-9999 -9999 -9999 -9999 -9999 -9999 -9999 -9999 -9999 -9999 -9999 -9999 -9999 -9999 -9999 -9999 -9999 -9999 -9999 -9999 -9999 -9999 -9999 -9999 -9999 -9999 -9999 98.834 98.881 98.925 98.956 98.959 98.943 98.914 98.871 98.736 98.788 98.763 98.766 98.731 98.75 98.717 98.751 98.729 98.724 98.734 98.753 98.695 98.677 98.62 98.627 98.598 98.607 98.599 98.589 98.585 98.568 98.527 98.529 98.478 98.45 98.427 98.393 98.342 98.316 98.256 98.176 98.128 98.043 98.005 97.892 97.841 97.802 97.749
-9999 -9999 -9999 -9999 -9999 -9999 -9999 -9999 -9999 -9999 -9999 -9999 -9999 -9999 -9999 -9999 -9999 -9999 -9999 -9999 -9999 -9999 -9999 -9999 -9999 -9999 -9999 98.856 98.885 98.992 99.001 98.997 99.009 98.954 98.97 98.916 98.878 98.878 98.851 98.865 98.842 98.826 98.83 98.847 98.871 98.814 98.807 98.795 98.797 98.788 98.788 98.77 98.688 98.693 98.668 98.68 98.653 98.627 98.628 98.589 98.599 98.52 98.475 98.432 98.404 98.347 98.326 98.198 98.1 98.063 97.994 97.94 97.871 97.821
-9999 -9999 -9999 -9999 -9999 -9999 -9999 -9999 -9999 -9999 -9999 -9999 -9999 -9999 -9999 -9999 -9999 -9999 -9999 -9999 -9999 -9999 -9999 -9999 -9999 -9999 -9999 -9999 98.962 99.1 99.082 99.101 99.123 99.051 99.02 98.991 98.925 98.907 98.924 98.92 98.87 98.888 98.894 98.884 98.897 98.864 98.877 98.868 98.886 98.864 98.867 98.817 98.812 98.766 98.766 98.793 98.773 98.709 98.69 98.707 98.696 98.63 98.573 98.579 98.52 98.478 98.396 98.263 98.162 98.138 98.043 97.972 97.951 97.884
-9999 -9999 -9999 -9999 -9999 -9999 -9999 -9999 -9999 -9999 -9999 -9999 -9999 -9999 -9999 -9999 -9999 -9999 -9999 -9999 -9999 -9999 -9999 -9999 -9999 -9999 -9999 -9999 -9999 99.144 99.147 99.123 99.112 99.13 99.099 99 99.011 98.943 98.998 99.006 98.94 98.971 98.969 98.944 98.959 98.986 98.952 98.969 98.917 98.91 98.914 98.84 98.852 98.832 98.79 98.825 98.803 98.796 98.775 98.748 98.728 98.725 98.677 98.657 98.577 98.514 98.435 98.337 98.268 98.194 98.08 98.029 98.051 97.939
-9999 -9999 -9999 -9999 -9999 -9999 -9999 -9999 -9999 -9999 -9999 -9999 -9999 -9999 -9999 -9999 -9999 -9999 -9999 -9999 -9999 -9999 -9999 -9999 -9999 -9999 -9999 -9999 -9999 -9999 99.194 99.267 99.224 99.193 99.154 99.126 99.037 99.058 99.056 99.074 99.063 99.054 99.038 99.022 99.037 99.027 99 98.981 98.922 98.945 98.923 98.916 98.844 98.864 98.875 98.884 98.852 98.874 98.865 98.852 98.819 98.84 98.771 98.709 98.692 98.565 98.458 98.406 98.297 98.256 98.166 98.104 98.115 98.019
-9999 -9999 -9999 -9999 -9999 -9999 -9999 -9999 -9999 -9999 -9999 -9999 -9999 -9999 -9999 -9999 -9999 -9999 -9999 -9999 -9999 -9999 -9999 -9999 -9999 -9999 -9999 -9999 -9999 -9999 99.239 99.281 99.286 99.207 99.17 99.171 99.121 99.121 99.142 99.141 99.102 99.09 99.108 99.07 99.141 99.087 99.046 99.021 98.981 99.014 98.973 98.982 98.959 98.989 99.002 98.99 98.977 98.945 98.955 98.933 98.932 98.922 98.867 98.834 98.776 98.641 98.549 98.458 98.394 98.326 98.263 98.168 98.152 98.073
-9999 -9999 -9999 -9999 -9999 -9999 -9999 -9999 -9999 -9999 -9999 -9999 -9999 -9999 -9999 -9999 -9999 -9999 -9999 -9999 -9999 -9999 -9999 -9999 -9999 -9999 -9999 -9999 -9999 -9999 -9999 99.299 99.306 99.282 99.23 99.226 99.185 99.214 99.219 99.23 99.182 99.224 99.174 99.204 99.186 99.149 99.07 99.064 99.123 99.065 99.064 99.023 99.09 99.154 99.105 99.05 99.044 99.05 99.081 99.025 99.037 98.991 98.94 98.895 98.803 98.754 98.638 98.559 98.489 98.421 98.366 98.307 98.254 98.171
-9999 -9999 -9999 -9999 -9999 -9999 -9999 -9999 -9999 -9999 -9999 -9999 -9999 -9999 -9999 -9999 -9999 -9999 -9999 -9999 -9999 -9999 -9999 -9999 -9999 -9999 -9999 -9999 -9999 -9999 -9999 -9999 99.329 99.315 99.299 99.283 99.245 99.286 99.295 99.296 99.282 99.274 99.257 99.286 99.289 99.23 99.199 99.162 99.177 99.159 99.128 99.144 99.225 99.171 99.165 99.136 99.138 99.156 99.169 99.139 99.133 99.11 99.097 98.982 98.892 98.804 98.746 98.697 98.613 98.502 98.443 98.382 98.367 98.336
-9999 -9999 -9999 -9999 -9999 -9999 -9999 -9999 -9999 -9999 -9999 -9999 -9999 -9999 -9999 -9999 -9999 -9999 -9999 -9999 -9999 -9999 -9999 -9999 -9999 -9999 -9999 -9999 -9999 -9999 -9999 -9999 99.346 99.347 99.392 99.403 99.335 99.354 99.33 99.355 99.371 99.356 99.331 99.371 99.358 99.347 99.283 99.237 99.245 99.208 99.237 99.246 99.261 99.254 99.213 99.201 99.22 99.25 99.24 99.274 99.239 99.167 99.14 99.074 99.056 98.994 98.879 98.798 98.671 98.661 98.627 98.479 98.497 98.456
-9999 -9999 -9999 -9999 -9999 -9999 -9999 -9999 -9999 -9999 -9999 -9999 -9999 -9999 -9999 -9999 -9999 -9999 -9999 -9999 -9999 -9999 -9999 -9999 -9999 -9999 -9999 -9999 -9999 -9999 -9999 -9999 -9999 99.385 99.425 99.423 99.379 99.402 99.402 99.426 99.418 99.396 99.37 99.41 99.427 99.405 99.335 99.331 99.31 99.373 99.332 99.311 99.344 99.359 99.329 99.313 99.315 99.352 99.351 99.384 99.341 99.249 99.251 99.207 99.185 99.098 98.988 98.919 98.838 98.739 98.739 98.643 98.621 98.569
-9999 -9999 -9999 -9999 -9999 -9999 -9999 -9999 -9999 -9999 -9999 -9999 -9999 -9999 -9999 -9999 -9999 -9999 -9999 -9999 -9999 -9999 -9999 -9999 -9999 -9999 -9999 -9999 -9999 -9999 -9999 -9999 -9999 -9999 99.461 99.47 99.432 99.475 99.499 99.522 99.495 99.461 99.48 99.473 99.452 99.443 99.461 99.407 99.424 99.436 99.417 99.42 99.415 99.474 99.448 99.414 99.466 99.479 99.472 99.449 99.395 99.374 99.371 99.356 99.263 99.197 99.064 99.031 98.991 98.938 98.857 98.796 98.772 98.715
-9999 -9999 -9999 -9999 -9999 -9999 -9999 -9999 -9999 -9999 -9999 -9999 -9999 -9999 -9999 -9999 -9999 -9999 -9999 -9999 -9999 -9999 -9999 -9999 -9999 -9999 -9999 -9999 -9999 -9999 -9999 -9999 -9999 -9999 -9999 99.52 99.532 99.554 99.543 99.552 99.56 99.541 99.53 99.513 99.521 99.53 99.562 99.508 99.506 99.51 99.501 99.535 99.537 99.517 99.487 99.503 99.531 99.565 99.538 99.541 99.561 99.491 99.482 99.458 99.345 99.313 99.241 99.133 99.106 99.037 98.978 98.926 98.894 98.836
-9999 -9999 -9999 -9999 -9999 -9999 -9999 -9999 -9999 -9999 -9999 -9999 -9999 -9999 -9999 -9999 -9999 -9999 -9999 -9999 -9999 -9999 -9999 -9999 -9999 -9999 -9999 -9999 -9999 -9999 -9999 -9999 -9999 -9999 -9999 -9999 99.595 99.612 99.62 99.575 99.616 99.597 99.598 99.599 99.598 99.621 99.586 99.609 99.575 99.608 99.568 99.618 99.677 99.63 99.596 99.645 99.61 99.598 99.648 99.647 99.658 99.583 99.549 99.537 99.473 99.338 99.328 99.255 99.198 99.129 99.115 99.089 99.01 98.971
-9999 -9999 -9999 -9999 -9999 -9999 -9999 -9999 -9999 -9999 -9999 -9999 -9999 -9999 -9999 -9999 -9999 -9999 -9999 -9999 -9999 -9999 -9999 -9999 -9999 -9999 -9999 -9999 -9999 -9999 -9999 -9999 -9999 -9999 -9999 -9999 99.637 99.644 99.683 99.664 99.678 99.668 99.651 99.642 99.68 99.704 99.685 99.713 99.695 99.698 99.702 99.707 99.633 99.694 99.787 99.733 99.702 99.721 99.723 99.705 99.676 99.673 99.648 99.584 99.54 99.468 99.438 99.391 99.339 99.277 99.252 99.239 99.169 99.116
-9999 -9999 -9999 -9999 -9999 -9999 -9999 -9999 -9999 -9999 -9999 -9999 -9999 -9999 -9999 -9999 -9999 -9999 -9999 -9999 -9999 -9999 -9999 -9999 -9999 -9999 -9999 -9999 -9999 -9999 -9999 -9999 -9999 -9999 -9999 -9999 -9999 99.69 99.745 99.753 99.735 99.766 99.741 99.711 99.718 99.7 99.785 99.796 99.789 99.787 99.782 99.779 99.792 99.8 99.786 99.803 99.853 99.868 99.84 99.805 99.745 99.725 99.743 99.637 99.629 99.601 99.565 99.518 99.516 99.416 99.436 99.381 99.328 99.241
-9999 -9999 -9999 -9999 -9999 -9999 -9999 -9999 -9999 -9999 -9999 -9999 -9999 -9999 -9999 -9999 -9999 -9999 -9999 -9999 -9999 -9999 -9999 -9999 -9999 -9999 -9999 -9999 -9999 -9999 -9999 -9999 -9999 -9999 -9999 -9999 -9999 -9999 99.816 99.843 99.801 99.818 99.783 99.743 99.785 99.811 99.9 99.878 99.853 99.837 99.893 99.919 99.881 99.877 99.942 99.896 99.93 99.913 99.902 99.887 99.826 99.803 99.805 99.745 99.692 99.648 99.664 99.62 99.604 99.573 99.526 99.496 99.465 99.38
-9999 -9999 -9999 -9999 -9999 -9999 -9999 -9999 -9999 -9999 -9999 -9999 -9999 -9999 -9999 -9999 -9999 -9999 -9999 -9999 -9999 -9999 -9999 -9999 -9999 -9999 -9999 -9999 -9999 -9999 -9999 -9999 -9999 -9999 -9999 -9999 -9999 -9999 -9999 99.869 99.872 99.879 99.84 99.813 99.832 99.856 99.887 99.901 99.915 99.903 99.943 99.963 99.952 99.947 100 100.044 100.039 100.015 100.055 99.957 99.946 99.979 99.887 99.846 99.841 99.779 99.707 99.696 99.662 99.683 99.635 99.661 99.603 99.564
-9999 -9999 -9999 -9999 -9999 -9999 -9999 -9999 -9999 -9999 -9999 -9999 -9999 -9999 -9999 -9999 -9999 -9999 -9999 -9999 -9999 -9999 -9999 -9999 -9999 -9999 -9999 -9999 -9999 -9999 -9999 -9999 -9999 -9999 -9999 -9999 -9999 -9999 -9999 -9999 99.919 99.92 99.882 99.896 99.923 99.929 99.936 99.935 100.022 100.018 100.024 100.02 100.004 100.09 100.097 100.108 100.076 100.101 100.112 100.078 100.055 100.011 99.951 99.912 99.872 99.834 99.879 99.806 99.789 99.755 99.77 99.774 99.688 99.649
-9999 -9999 -9999 -9999 -9999 -9999 -9999 -9999 -9999 -9999 -9999 -9999 -9999 -9999 -9999 -9999 -9999 -9999 -9999 -9999 -9999 -9999 -9999 -9999 -9999 -9999 -9999 -9999 -9999 -9999 -9999 -9999 -9999 -9999 -9999 -9999 -9999 -9999 -9999 -9999 -9999 99.976 99.99 100.014 99.993 100.021 100.039 100.108 100.134 100.153 100.122 100.162 100.18 100.174 100.177 100.179 100.202 100.203 100.164 100.154 100.123 100.064 100.066 100.032 99.984 99.913 99.96 99.931 99.903 99.882 99.921 99.877 99.836 99.787
-9999 -9999 -9999 -9999 -9999 -9999 -9999 -9999 -9999 -9999 -9999 -9999 -9999 -9999 -9999 -9999 -9999 -9999 -9999 -9999 -9999 -9999 -9999 -9999 -9999 -9999 -9999 -9999 -9999 -9999 -9999 -9999 -9999 -9999 -9999 -9999 -9999 -9999 -9999 -9999 -9999 100.056 100.129 100.139 100.138 100.185 100.146 100.251 100.192 100.272 100.301 100.299 100.35 100.282 100.314 100.338 100.329 100.275 100.258 100.266 100.263 100.182 100.146 100.122 100.085 100.075 100.056 100.077 100.012 100.036 100.046 100.007 99.955 99.943
-9999 -9999 -9999 -9999 -9999 -9999 -9999 -9999 -9999 -9999 -9999 -9999 -9999 -9999 -9999 -9999 -9999 -9999 -9999 -9999 -9999 -9999 -9999 -9999 -9999 -9999 -9999 -9999 -9999 -9999 -9999 -9999 -9999 -9999 -9999 -9999 -9999 -9999 -9999 -9999 -9999 -9999 100.176 100.224 100.191 100.236 100.275 100.303 100.365 100.397 100.424 100.433 100.425 100.45 100.493 100.457 100.471 100.472 100.432 100.38 100.334 100.296 100.273 100.228 100.195 100.23 100.231 100.156 100.139 100.161 100.189 100.165 100.173 100.079
-9999 -9999 -9999 -9999 -9999 -9999 -9999 -9999 -9999 -9999 -9999 -9999 -9999 -9999 -9999 -9999 -9999 -9999 -9999 -9999 -9999 -9999 -9999 -9999 -9999 -9999 -9999 -9999 -9999 -9999 -9999 -9999 -9999 -9999 -9999 -9999 -9999 -9999 -9999 -9999 -9999 -9999 -9999 100.289 100.339 100.35 100.418 100.458 100.507 100.53 100.582 100.598 100.576 100.614 100.641 100.642 100.637 100.579 100.522 100.467 100.439 100.41 100.372 100.311 100.345 100.328 100.356 100.308 100.302 100.383 100.326 100.327 100.311 100.232
-9999 -9999 -9999 -9999 -9999 -9999 -9999 -9999 -9999 -9999 -9999 -9999 -9999 -9999 -9999 -9999 -9999 -9999 -9999 -9999 -9999 -9999 -9999 -9999 -9999 -9999 -9999 -9999 -9999 -9999 -9999 -9999 -9999 -9999 -9999 -9999 -9999 -9999 -9999 -9999 -9999 -9999 -9999 -9999 100.402 100.511 100.549 100.582 100.623 100.687 100.733 100.74 100.77 100.794 100.74 100.78 100.748 100.708 100.643 100.622 100.576 100.486 100.451 100.422 100.503 100.465 100.523 100.469 100.461 100.528 100.49 100.561 100.459 100.443
-9999 -9999 -9999 -9999 -9999 -9999 -9999 -9999 -9999 -9999 -9999 -9999 -9999 -9999 -9999 -9999 -9999 -9999 -9999 -9999 -9999 -9999 -9999 -9999 -9999 -9999 -9999 -9999 -9999 -9999 -9999 -9999 -9999 -9999 -9999 -9999 -9999 -9999 -9999 -9999 -9999 -9999 -9999 -9999 -9999 100.584 100.665 100.743 100.771 100.824 100.951 100.882 100.89 100.913 100.892 100.896 100.863 100.835 100.782 100.739 100.716 100.659 100.597 100.665 100.613 100.629 100.664 100.662 100.669 100.633 100.664 100.706 100.673 100.678
-9999 -9999 -9999 -9999 -9999 -9999 -9999 -9999 -9999 -9999 -9999 -9999 -9999 -9999 -9999 -9999 -9999 -9999 -9999 -9999 -9999 -9999 -9999 -9999 -9999 -9999 -9999 -9999 -9999 -9999 -9999 -9999 -9999 -9999 -9999 -9999 -9999 -9999 -9999 -9999 -9999 -9999 -9999 -9999 -9999 -9999 100.769 100.881 100.931 100.979 101.028 101.046 101.07 101.057 101.024 101.03 100.966 100.985 100.909 100.852 100.819 100.801 100.718 100.793 100.719 100.769 100.778 100.813 100.871 100.822 100.831 100.835 100.771 100.776
-9999 -9999 -9999 -9999 -9999 -9999 -9999 -9999 -9999 -9999 -9999 -9999 -9999 -9999 -9999 -9999 -9999 -9999 -9999 -9999 -9999 -9999 -9999 -9999 -9999 -9999 -9999 -9999 -9999 -9999 -9999 -9999 -9999 -9999 -9999 -9999 -9999 -9999 -9999 -9999 -9999 -9999 -9999 -9999 -9999 -9999 -9999 100.971 101.107 101.166 101.218 101.209 101.211 101.143 101.17 101.191 101.135 101.099 101.04 100.921 100.986 100.966 100.913 100.921 100.922 100.976 100.932 100.969 100.992 101.004 100.968 100.964 100.962 100.916
