dsm/se2535_DSM_2M.asc
ncols 500
nrows 500
xllcorner    425000
yllcorner    435000
cellsize     2
NODATA_value -9999
[rows 256 to 287 of 500, columns 288 to 359 of 500]
66.002 65.984 65.921 66.015 65.991 65.696 67.805 70.74 67.98 66.653 65.769 68.422 67.79 67.496 64.592 63.618 62.98 62.771 62.581 62.429 62.746 62.303 62.099 61.398 61.115 61.177 60.981 60.714 60.61 60.379 60.417 60.447 60.56 60.993 60.843 61.151 61.122 58.88 58.709 58.811 59.341 63.143 64.399 64.171 59.617 58 58.192 58.184 58.021 57.988 58.014 57.982 57.98 58.087 57.93 57.752 58.368 58.307 57.496 63.165 64.681 64.934 63.536 59.43 58.265 57.915 57.309 58.838 59.774 61.422 60.977 60.171
65.997 65.968 65.938 66.038 66.063 65.828 66.886 67.045 66.475 65.658 65.367 66.265 64.936 64.795 64.582 64.048 63.036 62.899 63.488 63.281 65.086 64.596 62.466 61.717 61.379 61.141 61.018 60.844 60.586 60.484 60.505 60.296 60.281 60.443 60.449 60.113 61.415 59.429 59.739 59.98 59.021 61.574 63.919 64.68 61.41 57.968 58.056 58.138 58.005 58.013 57.992 57.981 57.977 58.031 58.062 57.998 57.762 57.801 57.412 61.534 64.36 66.255 64.131 61.192 57.556 57.42 57.257 57.89 59.555 61.005 61.062 59.728
66.02 65.977 65.923 65.986 67.07 67.496 65.854 68.234 70.762 71.151 71.04 65.337 65.872 65.028 65.284 64.995 64.251 64.644 63.292 64.926 66.29 65.016 62.599 62.052 61.603 61.086 61.017 60.903 60.688 60.508 60.493 60.412 60.207 60.057 60.383 60.833 60.829 59.289 58.694 58.761 58.186 58.208 63.317 64.792 63.686 58.07 57.965 58.135 58.081 57.989 57.939 58.004 57.909 58.028 58.093 58.091 57.774 58.27 57.984 58.675 63.367 65.208 64.676 62.711 58.654 57.327 57.2 57.382 58.61 59.874 60.876 62.078
65.877 65.977 65.872 65.855 66.048 66.831 65.543 69.073 71.578 72.557 71.634 66.147 65.223 66.044 66.327 65.014 63.545 62.856 62.681 63.181 65.015 63.76 62.414 62.088 61.526 61.331 61.067 60.795 60.656 60.545 60.346 60.365 60.351 60.217 62.367 64.809 64.138 60.105 58.639 58.45 58.312 58.166 61.662 62.975 60.361 57.949 58.041 58.279 58.123 57.986 57.945 57.958 57.89 57.95 58.034 58.103 57.992 57.873 57.72 57.457 61.778 63.694 63.329 60.01 57.617 57.243 57.157 57.178 57.37 60.542 60.418 60.065
65.929 65.935 65.969 65.84 65.918 66.733 65.529 67.548 71.29 72.49 73.139 69.813 66.221 65.649 65.346 64.782 63.569 63.169 63.026 63.497 64.958 63.591 62.055 61.673 61.386 61.331 61.081 60.791 60.744 60.644 60.412 60.35 60.389 60.477 60.162 63.709 63.988 61.532 58.628 58.531 58.339 58.218 58.944 58.972 57.907 58.481 58.466 58.33 58.084 58.053 57.94 57.863 57.871 57.855 57.949 58.054 57.954 57.743 58.22 57.44 58.378 61.541 58.94 57.661 60.021 57.143 57.054 57.024 58.204 60.626 62.269 61.02
66.537 66.176 65.917 65.857 65.862 66.581 65.938 66.352 70.527 72.197 73.093 71.359 66.299 65.09 64.808 64.443 64.036 63.505 62.813 62.739 65.419 65.418 62.811 61.862 61.371 61.426 60.969 60.764 60.801 60.675 60.526 60.34 60.298 60.297 60.149 60.673 63.783 63.168 61.128 58.609 58.501 58.255 58.727 58.67 58.728 58.596 58.44 58.316 58.192 58.03 57.961 57.848 57.866 57.821 57.928 57.97 58.009 57.855 57.662 57.597 57.445 57.425 57.361 61.184 61.9 58.035 56.977 56.95 57.122 57.701 62.333 58.644
65.989 67.049 65.89 65.806 65.773 65.92 66.308 66.135 68.946 71.568 71.808 71.313 69.447 65.358 64.986 64.635 64.266 63.785 63.605 62.98 63.224 63.54 62.492 61.87 61.468 61.336 60.926 60.74 60.97 60.63 60.586 60.522 60.363 60.177 60.192 60.171 63.834 63.441 62.8 58.869 59.086 58.907 58.912 58.756 58.704 58.666 58.492 58.394 58.228 58.073 57.9 57.899 57.885 57.804 57.753 57.912 58.044 57.872 57.665 58.018 57.242 58.568 63.066 64.019 63.796 58.309 57.122 58.459 58.563 56.872 60.388 59.808
65.946 66.07 65.857 65.837 66.282 65.949 66.015 66.161 69.054 70.839 70.64 66.359 65.725 66.206 65.222 64.792 64.546 64.158 63.797 63.63 63.11 63.203 62.893 62.106 61.773 61.989 61.319 60.992 60.764 60.63 60.538 60.499 60.64 60.163 60.051 60.001 62.571 62.351 62.073 59.764 59.24 58.885 58.79 58.709 58.779 58.67 58.642 58.477 58.293 58.121 57.991 57.856 57.816 57.839 57.751 57.846 57.96 57.935 57.626 58.401 57.531 58.407 63.208 64.355 64.529 62.388 58.781 57.634 57.007 57.856 60.357 59.223
66.015 65.862 65.795 65.847 66.421 66.508 65.978 65.886 65.365 66.605 66.227 65.37 65.384 66.235 64.862 64.796 64.647 64.28 63.618 63.561 63.836 63.837 63.47 62.842 61.461 61.842 61.199 60.899 60.681 60.582 60.664 60.437 60.352 60.205 60.025 59.881 59.547 59.862 59.398 59.195 59.029 58.956 58.75 58.747 58.728 58.659 58.661 58.508 58.362 58.181 57.937 57.854 57.807 57.769 57.775 57.772 57.87 57.991 57.829 58.307 57.81 57.306 61.83 64.039 65.571 63.546 58.512 57.003 58.289 58.955 60.94 62.077
66.314 65.952 65.756 65.846 65.809 65.899 65.863 66.69 65.5 65.309 69.921 69.65 71.233 69.145 64.981 64.813 64.777 64.457 64.195 63.712 62.562 62.766 62.574 62.624 61.786 61.337 61.017 60.827 60.806 60.806 60.934 60.607 60.477 60.192 60.028 59.857 59.631 59.464 59.284 59.269 59.018 58.938 58.792 58.811 58.657 58.71 58.703 58.565 58.424 58.264 58.073 57.886 57.747 57.767 57.788 57.699 57.86 57.988 57.865 57.508 58.471 57.397 60.651 63.606 64.129 63.759 61.592 57.025 57.138 58.305 58.447 60.497
66.877 65.958 65.808 65.806 65.798 65.674 65.779 65.812 65.447 68.689 71.008 72.192 72.108 69.144 65.95 65.427 65.363 63.99 63.357 63.072 62.312 61.987 62.773 62.514 61.888 61.402 61.264 61.099 61.251 61.061 60.992 60.911 60.592 60.365 60.253 60.016 59.678 59.448 59.357 59.189 59.126 58.964 58.782 58.81 58.725 58.639 58.655 58.612 58.477 58.276 58.106 57.888 57.763 57.762 57.794 57.744 58.079 57.869 57.88 57.695 58.322 57.396 57.063 61.801 62.947 58.657 58.307 58.205 57.313 56.725 58.4 59.937
67.365 65.963 65.845 65.792 65.789 65.685 65.668 65.721 65.562 65.543 70.55 72.584 73.65 71.368 66.805 65.113 64.71 63.894 63.285 63.056 62.459 62.016 62.634 62.112 61.658 61.459 60.971 60.942 60.957 60.869 61.085 61.219 60.843 60.375 60.149 59.93 59.568 59.374 59.311 59.222 59.157 59.056 58.856 58.767 58.766 58.67 58.624 58.643 58.522 58.418 58.137 57.897 57.807 57.706 57.724 57.943 59.101 57.843 57.912 57.786 57.43 58.288 57.295 58.991 57.867 57.358 57.503 59.01 56.916 56.651 59.296 60.547
67.493 66.303 65.838 65.651 65.747 65.654 65.719 65.756 65.657 65.427 69.106 72.004 73.322 71.79 69.552 65.068 64.845 64.513 63.343 63.729 63.099 62.102 61.926 61.707 61.595 61.514 60.967 60.863 60.853 61.006 61.289 61.17 61.03 60.522 60.134 59.9 59.618 59.459 59.37 59.251 59.19 59.053 59.064 58.934 58.796 58.7 58.695 58.55 58.535 58.442 58.244 58.001 57.813 57.723 57.689 57.718 58.494 58.035 57.829 57.833 57.633 57.699 58.231 58.531 60.854 60.883 62.995 62.53 57.49 56.726 58.78 60.544
67.633 66.837 65.812 65.738 65.751 65.743 65.632 65.646 65.909 65.759 66.189 71.101 72.545 71.752 69.525 65.005 65.277 64.84 64.875 64.982 63.871 62.29 61.787 61.609 61.719 61.573 61.082 60.992 61.008 60.973 61.244 61.149 61.106 60.645 60.333 59.99 59.714 59.502 59.371 59.295 59.233 59.174 59.085 59.008 58.94 58.709 58.628 58.539 58.559 58.352 58.286 58.161 57.847 57.674 57.7 57.705 57.891 58.111 57.779 57.823 57.662 57.361 57.717 56.916 61.348 63.607 64.862 63.473 58.693 56.873 58.025 57.695
67.871 67.459 65.863 65.799 65.655 65.68 65.65 65.653 65.772 65.758 65.702 70.039 71.046 67.842 69.095 65.195 64.313 64.025 64.193 63.765 63.465 62.228 61.741 61.644 61.593 62.805 61.476 61.199 61.282 61.273 61.695 61.363 60.869 60.598 60.528 60.076 59.778 59.557 59.452 59.362 59.288 59.241 59.16 59.088 58.982 58.823 58.616 58.542 58.469 58.44 58.332 58.103 57.915 57.65 57.658 57.667 57.713 57.868 57.715 57.775 57.727 57.525 57.352 57.21 57.923 63.083 67.438 64.063 61.627 56.958 56.742 56.508
68.816 67.75 66.295 65.797 65.689 65.669 65.579 65.66 65.661 65.645 65.624 66.829 65.472 65.549 65.288 63.736 63.474 63.752 63.874 63.571 63.873 62.358 61.762 61.713 61.78 62.712 61.893 65.797 65.05 63.135 62.552 61.433 60.984 60.773 60.505 60.105 59.818 59.676 59.455 59.439 59.388 59.338 59.194 59.116 59.008 58.878 58.785 58.593 58.459 59.901 58.742 58.102 57.882 57.652 57.705 57.617 57.699 57.594 57.62 57.755 57.795 57.616 58.095 58.025 58.123 62.515 64.528 64.601 63.142 58.433 56.719 56.52
69.672 67.854 67.01 65.791 65.631 65.582 65.634 65.595 65.582 65.644 65.418 65.936 65.23 64.944 66.613 67.769 67.697 67.531 64.731 64.46 63.578 62.739 64.819 66.007 66.941 66.763 67.717 68.069 68.267 67.71 62.798 61.413 61.117 60.877 60.844 60.159 59.914 59.734 59.597 59.586 59.502 59.419 59.262 59.181 59.009 58.924 58.769 58.627 58.485 58.444 58.22 58.058 57.881 57.695 57.698 57.691 57.645 57.616 57.568 57.726 57.816 57.753 57.404 58.114 57.108 58.477 63.298 63.283 62.837 60.088 56.732 57.245
69.644 68.139 67.596 65.774 65.624 65.609 65.65 65.578 65.533 66.455 65.844 65.689 65.256 64.733 66.307 70.514 70.747 70.42 70.046 69.727 67.802 62.364 67.633 68.622 68.846 69.28 69.983 69.104 69.179 68.406 65.993 61.6 61.171 60.856 60.745 60.511 60.017 59.882 59.724 59.619 59.622 59.394 59.288 59.187 59.04 58.937 58.794 58.671 58.438 58.345 58.106 57.947 57.83 57.838 57.722 57.733 57.647 57.604 57.582 57.639 57.746 57.811 57.636 58.457 57.398 58.012 61.83 60.101 57.891 56.97 57.019 56.895
68.957 68.428 67.83 66.592 65.723 65.548 65.566 65.574 65.519 66.081 66.085 65.389 65.04 64.613 67.404 70.149 71.25 73.089 71.622 69.815 64.029 62.512 66.247 68.625 68.635 68.194 68.235 67.859 67.531 67.074 66.815 61.538 61.239 61.158 60.73 60.316 60.112 59.999 59.819 59.76 59.679 59.5 59.397 59.197 59.1 58.854 58.686 58.546 58.398 58.194 58.017 57.894 57.845 57.841 57.794 57.781 57.678 57.674 57.567 57.565 57.652 57.806 57.653 57.486 57.641 57.019 58.142 58.411 57.321 56.906 56.934 56.864
69.134 69.567 68.191 67.421 65.81 65.576 65.532 65.504 65.433 65.441 66.246 65.148 65.034 64.315 67.182 69.257 69.749 70.199 70.061 69.422 63.814 62.803 62.675 66.969 66.532 66.529 63.905 63.201 63.032 61.419 61.543 61.467 61.372 61.125 60.478 60.383 60.211 60.103 59.902 59.767 59.588 59.379 59.287 59.121 58.945 58.731 58.625 58.401 58.279 58.206 58.065 57.958 57.907 57.807 57.794 57.716 57.654 57.591 57.576 57.546 57.61 57.651 57.514 58.08 58.333 57.476 61.953 62.857 57.787 56.953 56.912 56.851
69.167 69.563 68.338 67.604 65.907 65.607 65.474 65.493 65.456 65.359 65.915 65.505 64.896 64.136 63.603 64.045 64.264 67.208 65.241 64.932 63.598 63.521 61.802 61.886 61.772 61.713 62.557 61.96 61.445 61.447 62.198 61.103 60.91 60.718 60.476 60.304 60.107 59.998 59.824 59.625 59.436 59.324 59.2 58.966 58.917 58.722 58.586 58.486 58.388 58.272 58.127 57.991 57.896 57.804 57.803 57.718 57.679 57.608 57.626 57.55 57.532 57.611 58.446 57.939 58.45 62.883 63.594 64.014 59.28 57.042 57.955 58.379
69.042 69.985 68.666 67.865 66.843 65.698 65.555 65.545 65.436 65.383 65.405 65.401 65.151 64.629 64.063 63.911 65.055 64.357 63.546 63.51 63.479 63.512 62.781 62.419 62.162 62.038 62.398 61.795 61.992 61.608 61.461 60.83 60.64 60.484 60.345 60.205 60.001 59.846 59.75 59.615 59.516 59.387 59.255 59.156 58.985 58.834 58.692 58.491 58.385 58.244 58.12 58 57.811 57.776 57.652 57.685 57.655 57.589 57.6 57.478 57.508 57.615 57.905 57.459 57.327 62.363 65.128 65.154 61.39 57.371 58.389 57.679
69.723 69.227 68.568 67.866 67.015 65.674 65.442 65.441 65.458 65.361 65.232 65.134 65.965 65.122 64.705 65.281 65.484 64.521 63.76 63.898 63.514 63.898 63.21 62.522 62.255 62.037 61.839 61.551 61.321 61.116 61.001 60.804 60.622 60.48 60.369 60.222 60.096 59.954 59.833 59.664 59.568 59.402 59.267 59.124 58.973 58.839 58.66 58.49 58.447 58.304 58.227 58.158 58.034 57.899 57.81 57.706 57.677 57.639 57.515 57.551 57.501 57.548 57.596 57.657 57.757 61.603 64.249 65.235 63.583 60.577 57.378 57.226
70.015 69.205 68.52 67.869 67.325 65.915 65.668 65.435 65.394 65.321 65.17 65.056 64.929 64.834 64.938 65.051 65.838 64.479 64.31 63.982 63.26 62.983 62.667 62.449 62.209 61.963 61.816 61.589 61.43 61.198 60.995 60.854 60.684 60.591 60.396 60.347 60.139 59.945 59.8 59.646 59.499 59.32 59.181 59.155 59.047 58.978 58.823 58.754 58.654 58.499 59.79 59.941 60.001 60.514 58.963 57.789 57.73 57.638 57.558 57.597 57.509 57.557 57.665 58.409 57.981 60.954 63.469 65.231 64.746 59.762 57.612 57.165
69.242 69.123 68.597 68.068 67.386 66.642 65.682 65.496 65.293 65.274 65.208 65.081 64.901 64.742 64.528 64.303 64.156 63.812 63.65 63.465 63.124 62.937 62.713 62.517 62.284 62.121 61.83 61.603 61.436 61.229 61.084 60.92 60.703 60.56 60.383 60.255 60.094 60.005 59.888 59.741 59.717 59.569 59.412 59.286 59.178 59.216 60.75 60.857 59.538 58.979 58.914 63.621 58.275 60.471 60.97 58.696 58.259 57.639 57.506 57.611 57.55 58.825 57.775 58.412 57.636 57.487 63.065 64.631 65.954 63.272 58.142 57.109
69.441 69.063 68.642 68.12 67.658 67.056 66.405 65.591 65.462 65.249 65.159 65.032 64.926 64.755 64.585 64.398 64.121 63.849 63.718 63.453 63.226 63.047 62.774 62.533 62.331 62.153 61.875 61.6 61.462 61.226 61.069 60.875 60.814 60.666 60.516 60.399 60.304 60.114 60.002 59.985 59.877 59.733 59.574 59.453 59.345 59.23 60.871 59.769 58.709 58.74 61.315 59.289 58.112 58.204 60.411 58.03 58.606 57.713 57.682 57.488 57.573 58.686 58.036 57.647 58.733 58.282 61.946 63.801 65.364 64.132 59.956 58.078
69.568 69.141 68.68 68.288 67.695 67.263 66.783 66.259 65.622 65.321 65.118 64.963 64.877 64.702 64.483 64.409 64.177 64.008 63.728 63.505 63.296 63.073 62.818 62.518 62.306 62.152 61.953 61.761 61.57 61.348 61.269 61.078 60.922 60.846 60.78 60.604 60.56 60.336 60.243 60.09 59.983 59.824 59.702 59.482 59.382 59.196 60.528 60.75 58.892 59.199 58.482 58.106 58.214 61.863 58.945 57.952 57.893 58.439 57.732 57.54 57.565 57.763 58.016 57.534 57.929 57.755 58.478 63.005 64.983 65.009 62.96 58.343
69.659 69.059 68.691 68.174 67.679 67.204 66.86 66.248 65.874 65.475 65.283 65.104 64.835 64.697 64.53 64.348 64.116 63.98 63.695 63.527 63.284 63.049 62.985 62.704 62.518 62.316 62.11 62.034 61.763 61.516 61.414 61.288 61.022 60.972 60.88 60.762 60.646 60.469 60.317 60.559 60.048 59.979 59.905 60.771 60.917 61.213 60.886 60.043 59.024 59.328 58.494 58.086 63.897 64.838 62.468 57.997 57.846 58.136 57.967 57.614 57.533 57.499 57.452 57.55 58.109 57.453 57.358 61.256 64.424 65.257 63.592 58.266
69.542 69.068 68.516 68.117 67.686 67.189 66.827 66.268 65.999 65.549 65.312 65.192 65.093 64.929 64.737 64.463 64.355 64.166 63.938 63.767 63.475 63.252 63.107 62.838 62.664 62.574 62.466 62.287 62.004 61.696 61.709 61.307 61.138 61.101 60.945 61.566 61.904 62.006 62.298 62.238 62.125 60.019 59.848 60.385 59.658 60.376 60.147 59.941 59.958 60.02 58.769 58.868 63.418 65.313 64.133 59.337 57.98 57.999 58.827 57.728 57.576 57.556 57.521 57.543 57.672 57.63 57.404 58.481 63.623 65.194 64.268 59.333
69.551 69.112 68.54 68.188 67.551 67.018 66.708 66.007 65.688 65.678 65.501 65.466 65.295 65.101 64.995 64.692 64.548 64.356 64.184 64.01 63.647 63.397 63.21 63.072 62.83 62.733 62.733 62.533 62.539 68.092 63.352 61.479 61.202 61.602 62.558 62.564 61.481 60.904 60.521 60.24 60.222 60.362 59.586 59.657 59.51 59.341 59.647 59.704 60.48 59.205 58.85 58.19 62.612 65.177 64.284 59.951 58.941 59.016 59.079 57.982 57.585 57.504 57.526 57.456 57.533 57.836 57.489 57.448 62.589 63.838 64.879 62.72
69.615 68.975 68.109 67.529 66.924 67.838 66.169 67.059 66.326 66.4 66.112 65.615 65.464 65.245 65.103 64.786 64.664 65.697 64.356 65.732 65.934 63.49 63.309 63.234 62.955 62.91 62.936 62.964 72.898 71.533 64.377 61.911 61.211 62.454 63.231 61.798 60.654 60.409 60.271 60.213 60.13 59.832 59.894 59.874 59.405 59.028 59.151 58.892 60.487 59.998 58.977 58.954 62.062 65.245 65.018 61.349 58.186 58.078 57.924 58.131 57.647 57.515 57.529 57.442 57.547 57.781 57.594 57.491 61.017 62.391 57.904 57.832
69.237 68.248 67.498 66.806 69.323 69.973 69.598 69.494 67.907 66.473 66.183 65.706 65.495 65.355 65.292 66.252 67.02 67.057 66.69 67.328 67.487 64.12 63.437 63.522 63.335 62.984 63.054 64.068 70.232 71.166 63.251 62.3 62.19 61.531 63.206 61.691 60.53 60.284 60.161 60.109 60.722 59.815 59.59 59.433 60.012 58.987 59.028 59.111 60.544 59.959 58.342 58.217 58.457 65.349 65.153 60.691 57.991 58.106 58.015 58.443 57.823 57.569 57.622 57.55 57.493 57.535 57.792 58.121 57.468 57.414 58.285 58.429
