dsm/se2536_DSM_2M.asc
ncols 500
nrows 500
xllcorner    425000
yllcorner    436000
cellsize     2
NODATA_value -9999
[rows 448 to 479 of 500, columns 72 to 143 of 500]
62.762 62.654 62.633 62.638 62.571 62.5 62.481 62.429 62.309 62.295 62.21 62.201 62.196 62.047 61.748 61.179 60.688 60.132 59.803 59.163 58.696 58.534 58.266 58.159 58.015 57.961 57.806 57.727 57.628 57.516 57.412 57.391 57.27 57.219 57.138 56.942 56.743 56.634 56.395 56.21 55.958 55.741 55.485 55.245 55.057 54.916 54.676 54.551 54.477 54.172 55.448 60.916 61.682 63.22 64.513 64.647 58.787 58.437 65.263 61.563 53.522 53.053 52.073 51.355 51.197 50.684 50.604 50.498 50.388 50.019 49.638 49.626
62.829 62.729 62.754 62.622 62.564 62.551 62.599 62.478 62.373 62.34 62.246 62.2 62.123 62.136 61.972 61.713 61.099 60.592 60.202 59.601 59.108 58.657 58.434 58.262 58.079 58.01 57.856 57.784 57.637 57.561 57.464 57.336 57.25 57.2 57.144 57.011 56.795 56.702 56.531 56.259 55.996 55.78 55.569 55.434 55.147 55.012 54.76 54.64 54.41 56.582 59.449 63.371 64.165 60.876 63.931 65.168 58.339 54.329 60.182 56.722 54.117 52.946 51.986 51.228 51.065 50.732 50.6 50.472 50.375 50.141 50.21 49.876
62.891 62.809 62.754 62.668 62.617 62.632 62.674 62.491 62.381 62.324 62.34 62.284 62.18 62.147 62.12 62.085 61.677 61.048 60.669 59.992 59.559 58.976 58.64 58.332 58.164 58.099 57.947 57.883 57.683 57.587 57.44 57.383 57.352 57.2 57.186 57.035 56.873 56.699 56.528 56.321 56.163 55.869 55.648 55.422 55.241 55.073 54.927 54.823 54.584 56.604 59.081 63.96 65.349 65.214 63.455 62.675 56.977 53.65 56.94 57.249 54.676 52.078 51.45 51.293 51.046 50.793 50.65 50.466 50.278 50.156 50.224 50.194
62.887 62.825 62.766 62.743 62.721 62.69 62.604 62.554 62.484 62.394 62.387 62.291 62.21 62.222 62.122 62.124 61.827 61.57 60.944 60.469 60.081 59.411 59.029 58.508 58.239 58.101 58.021 57.968 57.768 57.655 57.499 57.445 57.302 57.228 57.224 57.061 56.976 56.788 56.615 56.408 56.192 56.057 55.826 55.595 55.338 55.144 54.99 54.931 54.619 56.667 59.62 63.713 64.708 61.648 62.383 59.51 59.199 53.376 55.874 55.863 52.318 51.743 51.543 51.603 51.148 50.853 50.734 50.443 50.305 50.21 49.998 50.469
62.955 62.912 62.826 62.758 62.706 62.657 62.616 62.519 62.463 62.383 62.406 62.368 62.251 62.231 62.161 62.108 62.014 61.918 61.319 60.945 60.354 59.839 59.407 58.938 58.69 58.209 58.099 57.947 57.819 57.785 57.577 57.54 57.354 57.298 57.207 57.148 57.084 56.837 56.811 56.496 56.33 56.1 56.013 55.791 55.496 55.326 55.178 55.059 54.863 57.245 59.165 60.183 63.197 63.001 62.01 61.306 56.982 53.046 52.419 52.34 52.482 52.001 51.728 51.602 51.193 50.96 50.728 50.583 50.334 50.181 49.992 49.874
63.02 62.991 62.882 62.719 62.701 62.642 62.586 62.568 62.498 62.445 62.429 62.308 62.252 62.204 62.151 62.142 62.1 62.165 61.832 61.294 60.708 60.391 59.838 59.345 58.861 58.38 58.178 58.007 57.897 57.805 57.666 57.605 57.5 57.317 57.233 57.164 57.055 57.008 56.852 56.575 56.381 56.264 56.043 55.839 55.603 55.441 55.304 55.189 56.946 58.009 58.455 58.577 57.02 56.337 57.579 55.729 54.388 53.057 52.693 52.799 52.954 52.15 52.094 52.152 51.229 51.056 50.94 50.624 50.45 50.267 50.069 49.895
63.024 62.98 62.921 62.846 62.776 62.783 62.639 62.593 62.505 62.432 62.449 62.356 62.31 62.217 62.196 62.136 62.081 62.172 62.124 61.812 61.195 60.717 60.181 59.721 59.192 58.739 58.308 58.072 57.966 57.821 57.698 57.651 57.566 57.423 57.324 57.165 57.122 56.956 56.78 56.67 56.566 56.329 56.079 55.937 55.728 55.605 55.422 55.665 57.065 57.37 57.863 56.205 55.271 54.844 54.4 53.835 53.315 53.013 52.897 52.729 53.159 52.939 51.885 51.629 51.379 51.193 51.179 50.773 50.597 50.418 50.147 50.105
63.115 63.026 62.869 62.828 62.82 62.78 62.676 62.668 62.506 62.509 62.417 62.357 62.373 62.287 62.283 62.184 62.17 62.095 62.111 62.047 61.752 61.297 60.579 60.174 59.589 59.214 58.623 58.187 57.987 57.966 57.883 57.712 57.565 57.466 57.364 57.249 57.15 57.084 56.905 56.734 56.566 56.387 56.147 56.011 55.877 55.692 55.487 55.431 56.203 56.735 56.346 55.883 55.587 54.835 54.188 54.102 53.698 53.922 53.524 53.406 52.694 52.687 51.951 51.686 51.45 51.298 51.224 51.206 50.737 50.503 50.279 50.021
63.2 63.026 62.953 62.918 62.927 62.753 62.727 62.71 62.607 62.604 62.474 62.484 62.347 62.297 62.314 62.203 62.155 62.117 62.075 62.092 62.133 61.656 61.071 60.539 60.066 59.513 59.005 58.559 58.224 58.181 57.939 57.766 57.737 57.595 57.408 57.26 57.158 57.183 57.012 56.929 56.632 56.477 56.314 56.125 56.077 55.692 57.832 56.496 57.046 56.192 56.116 55.61 55.528 54.89 54.919 54.623 54.206 54.258 53.882 53.362 52.645 52.486 52.084 51.78 51.562 51.473 51.644 51.423 50.916 50.854 50.344 50.069
63.133 63.075 63.056 62.943 62.908 62.817 62.809 62.691 62.636 62.652 62.576 62.536 62.371 62.358 62.269 62.222 62.244 62.128 62.15 62.052 62.135 62.055 61.572 61.067 60.508 59.877 59.398 58.801 58.411 58.318 58.088 57.906 57.78 57.605 57.502 57.361 57.312 57.232 57.107 56.933 56.701 56.6 56.395 56.298 56.062 56.926 59.769 60.189 57.55 56.381 56.108 55.628 55.587 55.435 54.196 56.006 57.226 55.88 53.227 53.029 52.78 52.468 52.202 51.832 51.673 51.859 52.163 52.227 51.588 51.047 51.119 50.402
63.233 63.112 63.036 62.998 62.967 62.851 62.826 62.727 62.677 62.62 62.572 62.598 62.486 62.435 62.31 62.292 62.211 62.186 62.131 62.071 62.018 62.02 62.013 61.615 61.08 60.379 59.82 59.264 58.842 58.462 58.121 57.917 57.799 57.694 57.668 57.479 57.368 57.21 57.093 57.022 56.806 56.682 56.556 56.336 55.989 55.912 58.725 59.641 56.853 56.283 56.156 55.857 55.19 55.172 55.695 57.033 57.289 54.508 53.465 53.036 52.915 52.497 52.228 51.97 53.179 52.831 51.702 51.366 51.148 51.208 51.266 50.898
63.278 63.211 63.098 63.055 62.951 62.864 62.876 62.788 62.762 62.624 62.671 62.58 62.509 62.443 62.358 62.359 62.281 62.287 62.137 62.131 62.022 61.988 62.027 61.92 61.501 60.96 60.362 59.672 59.14 58.678 58.342 58.146 57.929 57.784 57.665 57.56 57.516 57.278 57.158 57.017 56.92 56.969 56.566 56.366 56.175 56.134 56.979 56.511 55.661 55.822 55.524 55.047 54.526 54.251 55.284 55.165 53.914 53.6 53.269 53.095 52.82 52.595 52.492 52.155 52.622 53.032 51.78 51.893 51.677 51.677 51.001 50.375
63.402 63.258 63.152 63.092 62.947 62.966 62.861 62.809 62.818 62.681 62.671 62.58 62.605 62.442 62.424 62.364 62.363 62.307 62.195 62.102 62.046 62.05 61.974 61.952 61.77 61.429 60.696 60.024 59.575 59.044 58.593 58.3 58.111 58.002 57.741 57.751 57.651 57.562 57.315 57.097 57.048 56.908 56.603 56.407 56.434 57.84 56.624 56.578 55.667 55.41 55.053 54.797 54.57 54.255 54.048 53.855 53.666 53.565 53.301 53.121 52.893 52.762 52.422 52.31 52.119 52.067 52.162 52.25 52.006 51.957 50.981 50.913
63.417 63.27 63.158 63.144 63.039 62.972 62.898 62.888 62.767 62.773 62.662 62.623 62.58 62.519 62.457 62.422 62.402 62.284 62.204 62.227 62.12 62.096 62.048 62.003 61.943 61.678 61.245 60.437 59.993 59.412 59.081 58.546 58.312 58.066 57.915 57.769 57.701 57.563 57.347 57.212 57.08 56.785 56.909 57.304 57.268 57.431 56.719 56.629 55.579 55.244 54.942 54.723 54.542 54.322 54.109 53.955 53.796 53.534 53.392 53.127 52.931 52.711 52.574 52.45 52.226 51.965 51.721 51.718 51.276 51.338 51.075 51.273
63.429 63.299 63.253 63.127 63.05 63.056 62.961 62.913 62.829 62.745 62.72 62.685 62.612 62.612 62.587 62.473 62.352 62.322 62.281 62.211 62.209 62.183 62.065 61.973 62.012 61.899 61.634 61.009 60.625 59.956 59.494 59.026 58.611 58.432 58.098 57.902 57.832 57.537 57.397 57.368 57.036 57.165 57.546 57.841 57.608 56.816 56.117 55.779 55.382 55.111 54.917 54.729 54.531 54.297 54.226 54.004 53.786 53.63 53.437 53.266 52.98 52.752 52.646 52.42 52.235 51.994 51.837 51.507 51.881 51.223 50.8 50.954
63.37 63.341 63.312 63.182 63.08 63.04 62.965 62.882 62.909 62.821 62.743 62.696 62.666 62.621 62.532 62.478 62.461 62.375 62.398 62.225 62.177 62.196 62.137 62.143 62.14 62.082 61.92 61.57 61.131 60.571 59.966 59.436 58.919 58.568 58.263 58.121 58.007 57.695 57.598 57.269 57.043 57.768 58.085 58.732 58.077 56.939 56.963 55.71 55.5 55.186 54.94 54.706 54.534 54.327 54.208 54.082 53.886 53.687 53.511 53.295 53.056 52.898 52.689 52.512 52.225 52 51.791 51.576 51.479 51.143 50.903 50.786
63.402 63.338 63.31 63.2 63.125 63.049 63.071 62.939 62.862 62.835 62.804 62.79 62.735 62.615 62.574 62.538 62.492 62.399 62.355 62.249 62.225 62.169 62.245 62.305 62.195 62.199 62.069 61.901 61.5 60.974 60.486 59.843 59.468 58.895 58.64 58.29 58.017 57.743 57.491 60.434 57.358 57.248 57.84 57.921 57.463 56.913 57.037 55.933 55.435 55.32 55.005 54.747 54.629 54.397 54.268 54.089 53.985 53.764 53.517 53.245 53.095 52.921 52.642 52.431 52.25 52.039 51.861 51.653 51.464 51.194 50.917 50.768
63.442 63.376 63.275 63.25 63.251 63.097 63.033 62.981 62.949 62.863 62.835 62.752 62.766 62.749 62.562 62.555 62.466 62.456 62.41 62.267 62.273 62.311 62.292 62.304 62.23 62.273 62.147 61.999 61.656 61.242 60.752 60.194 59.632 59.136 58.647 58.321 58.064 57.858 60.528 63.476 62.452 60.759 57.172 57.155 57.361 57.346 56.98 55.928 55.482 55.29 55.142 54.859 54.657 54.479 54.272 54.153 53.998 53.767 53.528 53.333 53.186 52.961 52.685 52.552 52.331 52.043 51.852 51.703 51.474 51.237 51.106 50.79
63.495 63.445 63.339 63.289 63.196 63.146 63.056 62.992 62.97 62.892 62.83 62.812 62.769 62.697 62.617 62.598 62.5 62.491 62.472 62.415 62.421 62.315 62.261 62.281 62.242 62.294 62.243 62.173 61.89 61.404 60.913 60.293 59.736 59.223 58.769 58.25 58.019 63.171 64.27 64.79 64.381 61.206 57.675 56.625 57.667 57.1 56.356 57.597 57.948 55.634 55.049 54.939 54.732 54.584 54.302 54.133 53.932 53.777 53.618 53.387 53.253 52.929 52.765 52.539 52.343 52.241 51.922 51.695 51.521 51.345 51.107 50.902
63.514 63.502 63.395 63.353 63.241 63.184 63.119 63.067 63.06 62.95 62.888 62.81 62.754 62.764 62.668 62.646 62.586 62.561 62.448 62.414 62.334 62.288 62.258 62.268 62.224 62.253 62.218 62.227 62.015 61.527 60.799 60.204 60.496 65.057 58.849 58.21 60.591 63.151 65.001 65.112 59.207 62.711 58.624 56.677 57.057 56.628 56.119 58.607 58.638 55.619 55.189 54.871 54.678 54.539 54.331 54.214 53.976 53.792 53.607 53.426 53.277 53 52.848 52.587 52.413 52.169 52.003 51.872 51.543 51.326 51.13 50.941
63.59 63.466 63.457 63.422 63.332 63.238 63.198 63.095 63.06 63.006 62.956 62.846 62.807 62.751 62.748 62.718 62.605 62.619 62.485 62.431 62.337 62.324 62.364 62.239 62.277 62.396 62.282 62.183 61.727 61.313 60.55 64.939 67.886 69.306 61.049 59.004 61.552 64.258 64.396 62.03 62.789 59.137 57.71 56.691 56.478 56.228 55.96 57.717 55.85 55.332 55.166 54.904 54.719 54.504 54.349 54.192 54.001 53.82 53.691 53.489 53.21 53.006 52.961 52.583 52.441 52.27 52.101 51.855 51.638 51.481 51.234 50.98
63.652 63.521 63.494 63.419 63.378 63.343 63.234 63.2 63.119 63.079 63.011 62.905 62.944 62.835 62.767 62.701 62.713 62.635 62.463 62.374 62.377 62.34 62.267 62.344 62.445 62.301 62.198 61.943 61.488 64.217 65.698 67.834 68.85 70.285 61.513 58.656 62.281 65.305 64.257 63.831 62.128 62.088 57.899 56.609 56.724 56.207 56.335 58.68 55.659 55.448 55.219 54.927 54.72 54.556 54.396 54.232 54.039 53.918 53.674 53.46 53.286 53.038 52.846 52.669 52.513 52.327 52.094 51.892 51.697 51.529 51.296 51.295
63.726 63.638 63.57 63.476 63.487 63.386 63.301 63.265 63.17 63.066 63 63 62.96 62.827 62.882 62.766 62.653 62.488 62.432 62.429 62.392 62.322 62.32 62.377 62.252 62.276 62.179 61.556 62.629 65.482 69.501 70.346 64.644 70.791 68.355 60.983 62.576 64.158 60.085 59.609 61.588 60.794 57.769 56.528 56.529 56.46 56.131 55.953 55.68 55.374 55.204 55.063 54.812 54.66 54.39 54.265 54.052 53.88 53.674 53.504 53.269 53.068 52.87 52.78 52.586 52.355 52.111 51.899 51.725 51.537 51.535 51.784
63.767 63.755 63.649 63.534 63.438 63.379 63.338 63.324 63.192 63.097 62.996 62.958 62.964 62.893 62.903 62.699 62.535 62.464 62.441 62.36 62.369 62.466 62.418 62.409 62.296 62.141 61.768 61.212 62.427 66.062 70.146 70.448 69.646 69.431 67.008 64.201 57.979 58.057 57.422 57.314 57.208 57.462 56.722 56.638 56.386 56.279 56.149 55.889 55.662 55.546 55.291 55.119 54.949 54.868 54.711 54.285 54.052 53.899 53.632 53.484 53.311 53.225 52.982 53.246 52.652 52.446 52.215 51.952 51.757 51.716 51.94 51.929
63.896 63.827 63.722 63.629 63.527 63.392 63.352 63.368 63.256 63.205 63.089 63.057 62.963 62.935 62.811 62.595 62.563 62.447 62.487 62.443 62.415 62.426 62.359 62.37 62.173 63.937 64.879 61.66 63.291 66.851 68.499 70.255 70.436 69.164 63.49 59.949 58.09 57.668 57.572 57.493 57.173 57.067 56.873 56.506 56.378 56.179 56.071 55.881 55.72 55.675 55.485 55.266 55.051 55.255 54.874 54.343 54.125 53.89 53.696 53.443 53.339 53.399 53.388 52.936 52.781 52.546 52.273 52.184 51.83 51.912 52.348 52.024
64.139 63.899 63.775 63.748 63.558 63.513 63.464 63.298 63.252 63.232 63.117 63.042 62.958 62.881 62.653 62.569 62.501 62.424 62.467 62.467 62.467 62.474 62.418 62.177 63.855 67.035 68.9 70.248 65.619 70.318 64.396 70.036 72.133 70.349 61.808 58.507 58.13 57.811 57.528 57.277 57.174 57.113 56.89 56.552 56.343 56.082 56.016 55.922 55.806 55.707 55.548 55.433 55.156 54.989 54.746 54.382 54.163 53.914 53.702 53.551 53.445 53.253 53.543 53.315 52.711 52.592 52.411 52.222 51.971 51.799 51.829 51.68
64.649 64.207 63.879 63.811 63.764 63.624 63.597 63.437 63.348 63.205 63.183 63.025 62.884 62.723 62.63 62.495 62.468 62.485 62.496 62.516 62.5 62.381 62.246 61.984 65.416 69.326 71.37 71.84 69.717 72.405 71.984 73.854 72.781 70.213 67.891 60.011 58.006 58.051 57.673 57.354 57.411 57.049 56.875 56.558 56.275 56.151 56.126 55.923 55.861 55.898 55.561 55.492 55.218 55.091 54.683 54.467 54.218 54.024 53.773 53.585 53.531 53.416 53.192 53.02 52.883 52.751 52.404 52.227 52.089 51.889 51.73 51.511
65.018 64.505 64.168 63.824 63.734 63.667 63.615 63.479 63.433 63.257 63.231 63.038 62.831 62.682 62.634 62.484 62.495 62.542 62.571 62.498 62.478 62.288 62.018 61.773 63.088 69.154 72.454 72.829 71.792 72.915 73.127 72.856 73.013 69.143 67.839 61.863 57.977 57.839 57.433 57.563 57.308 57.068 56.7 56.433 56.182 56.227 56.092 55.939 55.865 55.826 55.589 55.434 55.352 55.365 54.88 54.46 54.258 54.115 53.912 53.756 53.59 53.392 53.343 53.052 52.83 52.623 52.673 52.231 52.153 51.863 51.703 51.844
65.238 64.965 64.415 64.035 63.669 63.674 63.66 63.519 63.426 63.309 63.127 62.928 62.78 62.658 62.539 62.658 62.511 62.579 62.545 62.487 62.294 61.99 65.802 67.583 61.974 65.397 71.65 72.639 72.307 71.371 68.025 72.077 72.649 70.764 61.264 58.238 58.015 57.759 57.584 57.378 57.218 56.983 56.696 56.466 56.368 56.166 55.995 55.866 55.883 55.647 55.546 55.39 55.332 55.229 54.936 54.646 54.344 54.217 54.022 53.814 54.167 53.732 53.347 53.01 52.802 52.725 52.439 52.254 52.173 51.942 54.153 52.901
65.242 65.091 64.831 64.524 64.001 63.618 63.542 63.528 63.463 63.296 63.154 62.968 62.826 62.639 62.66 62.567 62.54 62.558 62.492 62.441 62.272 68.545 71.597 70.553 68.808 64.049 67.01 68.243 70.346 71.849 72.654 71.698 72.923 69.455 61.686 58.189 57.96 57.765 57.545 57.349 57.091 56.869 56.656 56.484 56.401 56.24 56.029 55.946 55.77 55.654 55.544 55.402 55.175 54.93 54.871 54.682 54.4 54.418 54.036 53.876 53.821 53.418 53.402 53.045 52.915 52.618 52.451 52.277 51.981 51.965 54.513 54.861
65.323 65.151 64.889 64.758 64.403 64.118 63.677 63.588 63.499 63.318 63.141 62.993 62.898 62.645 62.591 62.604 62.588 62.954 62.414 62.267 61.912 68.769 71.366 71.909 69.804 62.971 61.414 63.739 69.416 70.674 70.944 70.748 70.175 66.01 58.519 58.09 57.995 57.868 57.513 57.255 56.974 56.797 56.727 56.54 56.419 56.303 56.018 55.864 55.745 55.641 55.544 55.217 55 54.89 54.783 54.688 54.584 54.329 54.045 53.937 53.81 53.477 53.488 53.026 52.956 52.808 52.484 52.251 51.986 51.852 52.298 51.954
65.367 65.173 65.058 64.763 64.563 64.309 64.016 63.844 63.699 63.535 63.321 63.137 62.905 62.727 62.651 62.586 62.499 62.435 62.204 61.994 61.592 63.28 70.669 70.191 68.703 63.149 61.419 59.803 60.344 63.303 61.683 65.874 59.944 61.034 58.443 58.089 57.916 57.703 57.433 57.201 57.057 56.911 56.764 56.619 56.371 56.224 56.091 55.925 55.63 55.523 55.406 55.14 54.994 54.876 54.791 54.585 54.515 54.238 54.048 53.918 53.72 53.54 53.266 53.092 52.902 52.771 52.544 52.347 52.084 51.897 51.68 51.514
