dsm/se2532_DSM_2M.asc
ncols 500
nrows 500
xllcorner    425000
yllcorner    432000
cellsize     2
NODATA_value -9999
[rows 403 to 433 of 500, columns 71 to 141 of 500]
112.563 110.523 110.829 111.975 107.492 105.48 106.005 106.058 105.804 110.708 111.785 112.094 110.339 106.067 104.799 105.049 109.24 105.918 104.587 104.262 104.245 104.191 104.181 105.373 104.68 104.281 104.344 104.14 104.264 104.006 106.656 110.142 111.456 111.105 109.961 104.892 103.351 103.168 103.88 102.722 102.696 105.786 109.488 108.564 108.292 103.237 102.486 102.249 102.738 103.061 102.645 107.771 108.715 109.059 107.093 102.347 101.763 101.752 101.392 101.31 101.215 101.135 101.022 100.986 101.066 100.81 100.881 100.613 100.504 100.522 100.774
113.706 112.286 114.537 114.831 111.686 105.387 105.02 104.979 104.891 107 111.609 112.218 110.647 106.067 104.686 105.54 110.926 110.178 107.507 104.215 104.097 104.032 104.115 104.154 104.195 104.344 104.16 103.903 104.527 103.994 104.808 109.247 110.379 111.422 111.042 109.941 103.799 103.991 102.909 102.438 102.296 102.224 109.352 109.671 109.469 107.467 102.289 102.553 101.942 101.408 101.707 106.851 108.038 108.047 106.09 103.255 101.472 101.388 101.267 101.217 101.063 100.912 100.883 100.96 100.754 100.715 101.548 100.708 100.281 100.265 100.287
114.15 112.257 114.614 114.696 110.228 106.102 105.281 105.142 104.77 106.013 109.704 111.952 106.291 106.723 107.448 111.018 112.053 111.492 106.326 104.043 104.006 103.971 104.1 104.012 103.971 103.988 103.932 103.874 103.879 103.987 103.991 105.837 109.497 110.81 105.142 104.092 102.52 103.423 102.348 102.2 103.269 102.181 103.208 104.763 109.451 107.151 103.402 101.792 101.824 102.92 101.553 106.831 107.934 108.223 106.934 102.155 101.293 101.117 101.067 101.096 100.964 102.162 101.148 101.274 102.706 101.095 103.643 102.642 101.537 103.574 103.917
114.116 112.443 113.939 111.43 109.931 105.273 105.171 104.859 104.848 104.85 104.692 105.572 105.096 105.851 105.313 108.452 110.021 108.854 104.846 104.014 103.881 103.856 103.761 103.772 103.878 103.841 103.798 103.69 105.04 104.172 103.565 103.427 105.599 106.091 103.104 103.195 102.658 103.96 102.427 102.154 102.177 103.951 105.295 102.713 106.164 106.183 101.852 101.578 101.733 101.672 101.531 106.739 107.74 108.159 106.95 103.156 101.231 101.066 101.107 105.197 106.162 106.37 106.096 106.464 106.339 106.454 106.656 106.047 105.879 106.076 106.267
108.877 109.522 110.591 108.268 107.426 108.892 107.989 107.797 109.694 107.678 104.874 104.997 109.284 109.864 105.334 104.175 106.182 104.66 105.237 104.623 103.758 103.703 103.659 103.588 103.604 103.999 103.666 103.573 103.454 103.322 104.074 103.715 103.17 103.015 102.393 104.285 108.459 108.493 105.94 103.026 104.541 103.328 102.339 101.54 101.705 102.459 101.857 101.574 101.456 101.387 101.393 106.198 107.765 107.646 105.89 101.295 101.125 100.915 101.138 107.063 107.257 107.419 107.451 107.506 107.417 107.573 107.543 107.056 107.148 106.774 106.974
110.12 106.69 110.079 112.577 112.755 110.921 109.796 108.377 107.085 106.969 104.457 108.874 110.721 110.92 108.578 104.222 106.381 106.882 105.399 104.494 103.71 103.544 103.497 103.499 103.85 103.749 103.474 103.418 103.372 103.287 103.155 103.981 103.058 102.324 106.22 108.639 109.569 108.928 108.053 102.684 103.691 101.769 101.574 101.409 101.356 101.833 102.762 101.564 101.435 101.494 101.472 101.496 101.138 101.053 100.982 100.966 100.937 100.865 100.75 106.44 107.105 107.106 107.267 106.896 106.91 106.862 106.694 106.212 106.088 105.914 105.991
109.735 112.659 111.934 112.688 112.232 110.644 109.845 107.136 104.621 104.544 104.472 106.834 110.218 111.203 109.959 105.177 104.572 104.034 103.965 103.755 103.622 103.428 103.396 103.367 103.355 103.443 103.247 103.333 103.239 103.041 102.986 102.968 102.896 102.435 102.805 107.583 108.819 109.596 108.9 106.686 101.96 101.521 101.531 101.588 102.3 102.984 102.379 101.925 101.62 101.858 102.484 101.172 101.248 102.177 101.688 101.146 101.898 100.906 101.022 104.74 105.772 105.956 105.751 105.529 105.699 105.205 105.531 105.007 101.857 101.115 101.64
107.842 111.79 106.993 109.602 110.519 110.542 109.039 105.933 105.052 107.203 107.579 105.636 109.401 111.011 110.862 107.347 104.024 104.223 103.956 103.742 103.66 103.392 103.273 103.261 103.2 103.064 103.187 103.158 103.093 102.924 102.87 102.864 103.543 102.901 102.366 104.429 107.967 109.288 109.489 108.538 106.821 101.776 101.773 102.932 101.772 102.325 101.646 102.65 102.632 102.808 101.413 101.106 100.978 101.435 102.172 102.124 102.625 102.028 100.856 100.537 100.557 100.682 100.804 101.436 100.734 100.613 100.665 100.526 100.68 100.033 101.006
107.184 109.581 111.944 106.315 112.231 110.817 109.063 107.939 105.068 107.251 107.167 106.038 108.66 110.545 111.037 109.579 104.712 104.558 104.06 104.968 104.291 103.738 103.137 103.105 102.998 102.979 102.999 102.988 102.831 102.854 102.81 102.753 102.626 102.44 102.353 102.165 106.639 108.408 109.254 109.184 102.659 101.796 102.232 102.847 101.128 101.216 101.359 102.83 101.974 101.392 100.881 100.911 100.812 101.013 101.944 101.593 100.683 101.641 100.744 100.435 100.468 102.201 100.746 102.385 101.522 100.715 100.74 100.529 101.269 100.106 100.289
107.266 106.982 109.223 109.986 106.868 112.292 109.47 107.405 104.507 104.858 104.375 105.976 106.821 109.82 110.782 110.561 105.275 103.71 104.075 105.241 103.571 103.618 103.104 102.976 102.899 102.867 102.735 102.722 102.73 102.746 102.676 102.545 102.435 102.3 102.664 102.179 102.173 107.244 104.221 107.611 101.723 102.35 101.231 102.318 101.199 101.083 101.105 102.014 102.069 100.751 100.687 100.669 100.679 100.749 101.959 101.166 101.237 101.31 100.38 101.236 100.341 100.809 100.51 101.827 101.029 101.666 102.159 100.906 100.119 100.859 100.001
108.463 107.736 107.998 108.225 109.332 110 109.946 106.974 106.364 104.616 104.778 104.268 103.833 108.805 109.04 109.101 104.892 103.534 103.55 103.659 103.473 103.745 103.445 102.916 102.747 102.737 102.643 102.525 102.578 102.601 102.543 102.463 102.333 102.306 102.415 102.719 101.972 101.759 101.714 102.209 101.686 101.152 101.088 101.811 102.967 101.942 101.56 100.699 100.911 100.583 100.555 100.504 100.452 100.435 101.036 101.82 100.487 100.545 101.904 100.281 100.282 100.122 100.032 103.028 101.02 100.133 100.148 99.71 99.864 100.897 99.873
110.274 110.709 109.555 109.548 107.818 107.679 110.032 110.223 108.936 105.872 104.186 103.912 103.734 104.034 103.716 103.825 104.429 106.46 103.661 103.267 103.272 103.15 103.126 103.141 102.732 102.619 102.533 102.416 102.309 102.416 102.381 102.337 102.228 102.155 102.11 102.256 101.867 101.792 101.546 101.184 101.013 100.991 100.941 100.937 102.435 101.673 100.493 100.491 100.484 100.445 100.383 100.375 100.316 100.293 100.572 101.793 101.066 101.592 102.91 100.438 100.38 100.055 100.705 100.294 99.761 99.528 99.747 100.074 99.861 101.085 99.94
109.876 109.758 107.954 105.959 107.815 108.738 109.351 110.981 106.56 105.487 104.39 104.412 103.754 103.922 104.189 104.732 109.34 109.565 104.949 103.17 103.162 103.139 103.072 102.98 102.736 102.451 102.434 102.34 102.263 102.116 102.26 102.189 102.097 102.041 102.142 101.81 102.567 102.652 101.884 100.941 100.967 101.002 100.925 101.787 104.381 100.853 100.57 100.501 100.421 100.337 100.297 100.273 100.197 100.083 100.438 100.143 100.617 100.913 101.526 100.443 100.105 99.803 99.575 99.482 99.412 99.414 99.754 99.589 99.462 99.473 100.891
107.293 107.15 106.766 106.056 105.159 105.182 107.187 105.963 104.174 104.023 104.569 104.19 103.942 104.001 103.634 108.006 109.373 110.01 109.356 106.845 103.286 103.181 103.087 102.842 103.126 102.48 102.253 102.237 102.07 102.036 101.934 101.998 101.916 102.833 102.467 101.665 101.687 102.849 101.917 101.216 100.967 101.03 106.188 107.745 106.819 102.054 100.697 100.475 100.31 100.244 100.231 100.061 100.096 101.031 101.99 101.024 99.937 99.8 99.796 99.658 99.63 99.651 99.43 99.356 99.34 99.242 99.356 99.189 99.164 99.406 100.833
107.29 107.115 106.885 106.084 105.209 104.65 104.433 104.291 104.119 103.982 103.95 103.838 104.68 103.675 103.357 104.186 108.658 109.707 110.114 109.01 104.191 103.127 103.104 102.858 102.754 103.036 102.28 102.078 102.037 101.928 101.802 101.709 101.66 101.805 101.549 101.584 101.494 101.583 101.737 101.011 100.962 105.545 107.816 108.231 107.594 105.32 100.684 100.312 100.074 100.114 100.463 101.694 100.162 99.963 100.403 100.515 99.837 99.704 99.786 99.619 99.593 99.477 99.489 99.247 99.16 99.123 99.589 99.058 99.016 99.142 100.099
107.301 107.096 106.878 106.336 105.599 104.738 104.438 104.217 104.118 104.002 103.883 103.691 104.717 103.555 103.424 103.155 103.889 108.795 110.158 109.912 107.982 103.404 102.965 102.851 102.723 102.724 102.3 102.128 101.91 101.816 101.72 101.595 101.473 101.582 101.471 101.478 101.358 101.337 102.211 101.548 101.333 103.346 106.847 108.081 107.498 102.212 100.584 100.862 102.994 100.436 101.973 103.827 101.776 102.88 100.116 100.011 99.8 99.694 99.835 99.532 99.542 99.422 100.21 100.093 99.051 98.99 99.124 98.934 98.831 98.948 100.254
107.238 107.065 106.819 106.194 105.364 104.858 104.402 104.237 104.02 103.915 103.897 103.716 104.738 103.591 103.334 103.335 103.221 107.094 109.387 110.242 109.529 106.738 103.045 103.055 102.445 102.557 103.211 102.807 101.95 101.717 101.889 101.48 101.388 101.308 101.337 101.301 101.235 101.173 101.067 101.898 101.441 101.067 105.953 104.894 101.327 102.357 100.317 105.718 106.266 106.241 106.211 106.45 106.506 105.369 101.157 99.78 99.705 101 100.276 101.604 101.361 100.811 99.509 98.86 99.16 98.704 99.364 98.764 101.712 99.433 99.574
107.154 106.989 106.504 106.173 105.406 104.669 104.359 104.231 104.024 103.883 103.819 103.742 103.504 103.567 103.422 103.29 103.109 103.024 107.998 108.978 109.605 103.718 103.81 103.446 102.849 103.953 102.272 102.353 103.103 101.962 102.755 102.044 101.335 101.155 101.055 101.084 101.145 102.013 101.094 100.871 101.424 101.407 101.212 101.763 102.917 101.384 100.147 104.307 107.387 107.408 107.524 107.315 107.296 106.981 99.969 100.299 104.172 104.73 103.707 104.49 104.555 104.327 100.462 99.747 104.293 104.473 104.744 104.816 104.79 104.178 99.37
107.072 106.891 106.481 105.76 105.126 104.741 104.365 104.182 103.978 103.878 103.781 103.702 103.646 103.512 103.358 103.276 103.211 102.996 104.028 103.949 103.213 102.824 102.832 102.556 104.053 102.943 102.249 102.058 101.96 101.719 101.538 101.39 101.179 101.144 101.052 100.892 100.768 100.966 101.522 100.761 100.842 100.646 100.652 100.571 101.733 100.83 100.12 105.001 106.37 106.71 106.936 106.379 106.358 105.887 101.282 102.379 106.019 106.074 106.174 106.446 106.135 105.48 99.616 98.563 105.661 105.55 105.753 106.057 106.006 106.105 100.871
106.968 106.58 106.113 105.648 105.057 104.554 104.294 104.146 103.981 103.854 103.749 103.635 103.549 103.438 103.339 104.609 103.283 103.158 103.049 103.143 103.824 102.713 102.719 103.006 103.338 102.266 102.183 102.089 101.952 102.068 102.605 101.604 101.176 101.049 100.926 100.85 100.666 100.62 100.625 100.564 100.499 100.362 100.409 100.484 100.456 100.183 100.037 101.231 103.788 101.095 102.738 101.074 101.747 103.228 99.929 105.099 107.107 106.712 106.964 107.12 106.896 106.858 101.397 99.657 105.665 105.443 105.383 105.391 104.934 105.129 98.42
106.831 106.45 105.875 105.278 104.712 104.539 104.317 104.18 103.986 103.83 103.743 103.678 103.513 103.471 104.771 105.332 104.12 104.466 103.895 104.038 103.22 103.018 103.901 102.502 102.338 102.105 102.109 102.08 101.951 102.035 101.618 101.352 101.471 101.045 100.846 100.728 100.668 100.511 100.414 100.346 100.299 100.218 100.309 100.818 101.124 100.28 100.02 99.867 99.785 99.709 99.677 99.643 99.711 99.75 99.475 101.05 105.787 105.568 105.71 105.942 105.551 105.275 100.839 98.41 103.38 103.811 103.572 103.778 100.694 101.053 100.028
106.696 106.083 105.6 105.186 104.727 104.389 104.26 104.146 104.019 103.885 103.781 103.639 103.54 103.468 103.5 105.38 105.044 105.185 104.664 103.413 102.826 104.141 102.856 102.553 107.374 107.414 104.265 102.449 101.93 101.768 101.68 101.565 101.62 101.767 100.852 100.704 100.587 100.503 100.351 100.246 100.089 99.977 100.12 100.174 100.061 100.071 100.826 100.31 99.97 99.663 99.515 99.498 99.493 99.53 99.345 99.407 104.258 100.77 102.07 101.625 100.327 99.892 99.311 98.664 98.378 98.308 98.399 98.254 98.117 97.949 97.734
106.56 106.033 105.58 105.087 104.682 104.526 104.325 104.16 103.975 103.875 103.785 103.647 103.561 103.436 103.252 103.107 103.962 104.427 102.92 103.248 103.65 103.524 102.699 105.904 108.616 109.117 108.149 105.949 102.218 101.765 101.739 101.685 101.667 101.917 100.942 100.63 100.469 100.381 100.245 100.174 100.074 99.959 99.781 99.69 99.707 99.863 99.857 100.034 99.927 99.769 99.856 99.224 99.169 99.132 99.066 99.41 99.412 98.99 99.681 99.248 98.717 98.667 98.577 98.722 98.211 98.144 98.085 97.845 97.269 97.415 97.568
106.242 105.795 105.308 105.121 104.771 104.511 104.263 104.152 104.012 103.9 103.739 103.625 103.535 103.384 103.453 103.102 103.025 105.376 106.242 105.86 103.026 102.546 102.289 105.294 107.85 108.693 109.196 108.479 105.537 103.912 101.744 101.73 102.032 101.142 100.76 100.619 100.552 100.425 100.171 100.033 99.929 99.888 99.775 99.608 99.463 99.376 99.349 99.42 99.454 99.386 99.26 99.178 99.004 98.843 98.741 99.079 98.949 98.72 98.502 98.59 98.539 98.334 98.309 97.752 97.408 97.705 97.117 97.004 96.914 97.045 98.018
106.057 105.625 105.293 104.91 104.672 104.503 104.286 104.108 103.957 103.832 103.74 103.633 103.524 106.483 107.668 106.133 103.865 106.423 107.685 106.645 102.728 102.434 102.253 102.176 103.473 107.341 109.905 109.239 108.588 106.505 101.957 101.463 101.22 101.008 101.185 100.721 100.769 101.734 100.977 100.071 99.896 99.755 99.634 99.516 99.385 99.266 99.143 99.027 98.909 98.838 98.966 98.92 98.825 98.827 98.639 98.517 98.442 98.234 98.134 97.98 97.807 97.713 97.534 97.403 97.266 97.131 96.987 96.826 96.707 96.504 96.35
105.709 105.36 105.072 104.841 104.607 104.419 104.239 104.074 103.975 103.866 103.761 103.629 103.545 105.683 109.132 109.318 104.51 105.505 106.457 104.798 102.53 102.338 102.203 102.159 102.282 103.036 107.439 108.327 108.878 106.076 101.761 101.534 101.065 100.743 101.208 100.841 100.75 100.831 100.789 101.08 100.17 100.091 99.606 99.451 99.294 99.2 99.046 98.965 98.861 98.826 98.851 98.517 99.574 98.477 98.228 98.186 98.366 98.026 97.718 97.726 97.658 97.214 97.249 96.898 97.07 97.083 96.895 96.355 96.883 96.392 95.912
105.493 105.223 104.949 104.708 104.548 104.404 104.244 104.114 104.006 103.904 103.808 103.729 103.586 107.531 109.769 105.36 104.625 104.623 104.466 103.618 103.194 103.564 102.293 102.123 102.074 101.941 102.81 107.425 108.086 102.231 102.022 104.851 104.181 101.955 101.261 100.837 101.25 100.848 100.594 100.484 100.77 100.055 99.726 99.483 99.353 99.158 99.004 98.854 98.758 98.705 98.562 98.436 98.593 98.32 98.033 97.864 97.967 98.66 97.624 97.282 97.421 97.336 97.189 96.747 97.362 96.848 96.426 96.237 96.598 96.14 95.864
105.303 105.039 104.838 104.705 104.548 104.386 104.241 104.147 104.021 103.886 103.797 103.682 103.519 105.231 106.436 103.213 103.001 103.509 104.292 104.115 107.057 103.3 102.263 102.252 102.505 101.95 101.907 102.394 102.685 101.502 102.558 107.844 107.504 106.514 102.262 101.272 100.943 100.783 100.592 100.529 100.308 100.155 100.033 99.93 100.774 100.013 99.24 98.81 98.719 98.579 98.478 98.379 98.196 98.154 98.006 97.945 97.777 97.609 97.465 97.315 97.22 97.034 96.909 96.741 96.583 96.491 96.346 96.171 96.008 95.897 95.778
105.378 105.094 104.938 104.663 104.551 104.421 104.317 104.199 104.006 103.877 103.792 103.653 103.54 103.389 103.265 103.139 103.046 103.151 104.425 105.649 106.624 105.723 104.104 103.838 103.259 101.905 101.864 101.802 101.695 101.244 100.884 106.741 107.645 107.69 107.249 105.891 101.816 101.365 100.698 100.624 100.946 101.765 100.257 100.06 99.824 99.81 100.104 100.014 99.705 98.74 98.47 98.383 98.296 98.027 97.92 97.765 97.676 97.568 97.444 97.301 97.149 96.97 96.86 96.734 96.527 96.408 96.267 96.175 96.041 95.879 95.728
105.328 105.06 104.887 104.741 104.555 104.433 104.265 104.167 104.046 103.915 103.79 103.62 103.473 103.377 103.301 103.137 103.089 102.852 102.837 104.028 104.689 104.143 106.308 105.096 102.794 101.944 101.874 101.84 102.213 101.378 101.613 104.109 106.628 107.363 108.026 107.66 106.823 103.69 100.725 101.317 106.23 105.818 104.857 103.81 100.097 100.14 99.75 99.566 99.539 99.304 98.765 98.646 99.36 99.196 98.563 98.016 97.855 97.757 97.455 97.338 97.233 97.113 96.903 96.827 96.746 96.663 96.454 96.21 96.185 96.03 96.045
105.332 105.096 104.898 104.726 104.571 104.468 104.327 104.195 104.058 103.877 103.729 103.642 103.471 103.339 103.211 103.175 103.096 102.91 102.696 104.675 104.348 105.56 107.381 106.592 104.631 102.449 101.874 101.667 101.412 101.342 101.181 101.051 102.278 105.595 106.758 107.551 108.052 102.089 101.551 100.361 106.543 107.02 107.129 106.747 106.226 104.263 100.304 102.686 99.557 98.846 98.751 98.683 98.636 99.744 98.428 98.682 98.452 98.694 98.025 97.422 97.288 97.271 97.374 97.115 96.97 97.041 96.822 96.498 96.252 95.965 95.982
