dsm/se2533_DSM_2M.asc
ncols 500
nrows 500
xllcorner    425000
yllcorner    433000
cellsize     2
NODATA_value -9999
[rows 330 to 362 of 500, columns 292 to 364 of 500]
87.749 87.818 87.858 87.861 87.888 87.689 87.383 87.491 87.528 87.602 88.602 89.052 88.775 88.645 88.671 88.75 88.759 89.208 89.565 89.866 89.574 90.301 89.675 89.598 91.121 90.541 91.073 92.179 91.932 92.108 91.138 90.763 94.47 94.046 96.337 97.094 97.331 97.539 97.123 96.703 96.035 95.385 92.851 90.676 90.828 90.667 90.576 90.861 91.695 91.219 91.069 91.059 90.822 90.791 90.798 90.702 90.672 90.701 90.971 91.195 91.306 91.287 91.268 91.916 91.664 91.94 91.973 92.374 92.31 92.56 96.932 97.459 92.836
87.641 87.734 87.764 87.711 87.686 87.456 89.239 90.045 90.36 90.387 87.547 87.47 88.234 88.593 88.932 88.798 88.798 89.183 89.542 89.595 89.359 89.227 89.177 89.946 93.313 90.711 89.999 90.98 91.103 90.628 91.328 90.019 89.889 90.665 92.354 93.01 96.03 96.726 97.172 97.181 97.078 96.886 96.244 95.631 92.811 90.209 90.708 90.279 90.527 90.936 91.933 91.35 91.048 90.803 91.037 91.108 90.696 90.63 90.593 90.508 90.706 90.859 91.046 91.21 91.196 92.169 91.879 92.84 91.942 92.297 92.316 92.935 92.307
87.477 87.591 87.544 87.46 87.429 87.895 89.736 90.649 91.729 93.041 92.671 89.387 87.476 87.436 87.455 88.045 89.02 88.815 89.118 88.799 89.819 88.676 88.762 89.386 92.539 89.834 90.257 90.868 91.8 89.976 89.414 89.593 89.888 90.025 89.748 89.704 92.338 94.58 95.539 96.548 96.765 97.395 96.741 94.795 90.124 93.574 94.51 92.233 91.159 90.545 90.669 90.689 92.02 90.882 90.836 90.777 91.886 91.296 91.191 90.551 90.473 90.431 90.471 90.634 90.96 91.084 91.591 91.732 92.202 91.965 91.907 91.973 93.782
87.37 87.368 87.35 87.392 87.314 88.254 90.263 90.918 92.375 93.29 93.751 92.387 91.317 89.285 89.902 90.203 90.197 89.886 88.746 88.965 89.286 90.446 88.769 93.874 92.737 89.995 89.16 90.167 90.555 89.38 89.147 89.345 89.81 91.128 89.568 90.439 90.852 89.881 89.899 91.229 95.31 96.184 96.108 93.55 90.617 91.179 96.08 95.906 95.37 94.303 91.903 90.518 90.733 90.601 90.727 91.333 90.732 90.811 90.726 90.577 90.997 90.788 90.4 90.343 90.369 90.489 90.796 90.966 90.972 91.381 92.235 92.064 92.945
87.186 87.157 87.108 87.176 87.201 91.049 91.678 91.63 92.996 93.821 92.943 92.102 90.644 90.179 90.193 90.197 90.207 90.211 90.191 89.692 89.36 92.137 93.979 93.545 91.025 89.66 96.862 92.995 90.321 89.616 88.91 89.018 89.047 89.181 89.187 90.115 89.343 89.733 90.079 91.176 89.811 90.895 94.527 90.046 90.744 95.437 96.802 97.097 96.64 96.292 95.672 95.097 93.153 92.093 91.457 90.854 90.675 90.86 91.213 90.633 90.551 91.028 90.537 90.809 90.328 90.192 90.215 90.211 90.519 90.705 90.831 91.459 92.869
86.957 86.888 87.022 87.119 88.462 92.826 92.746 92.395 93.4 93.913 92.441 91.566 90.427 89.641 87.859 89.126 90.165 90.202 90.223 90.237 88.718 89.962 92.818 89.899 94.686 97.683 99.88 99.634 89.876 88.538 88.553 88.845 91.03 88.869 88.928 89.155 88.708 88.84 90.057 90.344 89.499 89.655 89.806 90.57 92.326 94.654 95.92 96.573 96.836 97.445 96.853 96.389 96.022 95.456 94.349 90.657 90.398 90.4 90.942 90.577 90.303 90.44 90.479 90.814 90.349 90.552 90.2 90.344 90.08 90.086 90.366 90.63 90.755
86.706 86.722 86.849 87.034 92.102 93.815 93.787 93.735 93.574 93.314 92.537 91.547 90.997 89.827 89.595 88.175 90.14 90.201 90.218 90.019 87.333 89.967 90.861 93.169 94.663 99.161 99.907 99.818 89.896 88.649 88.914 90.184 91.056 88.626 89.561 89.222 88.641 88.935 90.922 89.721 89.178 89.138 89.311 89.431 89.225 89.227 91.509 94.122 95.713 96.395 96.624 97.125 97.174 96.626 96.119 95.762 93.255 91.184 90.76 89.871 89.693 90.107 90.121 90.363 90.436 90.532 90.33 90.899 90.223 90.031 89.995 90.138 90.311
86.488 86.534 86.75 89.351 92.011 92.635 93.129 93.73 93.944 93.996 93.299 92.69 91.925 89.997 90.191 90.335 90.219 90.221 90.236 88.265 87.098 87.502 88.108 87.889 95.093 98.999 99.117 99.284 91.886 92.703 93.441 94.275 92.786 90.684 89.585 88.581 88.538 88.856 89.034 88.477 88.688 88.739 90.354 89.03 89.094 89.078 89.128 89.222 91.532 92.421 95.053 96.112 96.419 97.185 97.217 96.98 96.496 95.112 90.178 89.412 89.899 89.401 89.732 89.988 92.015 91.117 90.312 90.549 90.155 90.009 89.956 89.887 89.883
86.239 86.535 86.727 88.711 91.095 91.563 92.483 93.451 93.483 93.419 94.001 93.568 91.493 89.302 90.228 90.228 90.285 90.203 89.87 87.007 87.014 87.148 87.749 87.858 89.455 95.397 97.564 97.521 96.51 93.646 96.4 96.538 97.282 93.667 90.877 88.511 88.474 89.079 88.576 88.273 88.361 88.739 88.923 88.668 88.705 88.936 89.005 88.985 89.055 89.146 89.704 90.779 94.49 95.845 96.183 96.837 96.133 93.908 89.246 92.207 94.177 93.121 91.01 93.854 93.751 92.945 90.862 90.512 90.43 90.064 89.921 90.074 90.178
86.135 86.389 87.015 89.963 90.108 90.417 90.233 92.333 92.882 92.34 92.788 92.754 87.18 87.086 87.757 89.874 89.838 87.543 88.611 87.887 87.662 87.938 87.443 87.29 87.733 89.034 90.497 93.1 88.958 93.163 96.897 96.509 97.009 92.774 92.178 89.119 89.746 92.053 88.99 88.199 88.858 88.686 88.285 88.219 88.261 88.376 88.599 88.784 88.899 89.24 89.536 89.162 89.389 90.676 94.156 93.914 95.266 92.403 89.259 93.114 95.861 95.556 94.724 94.462 92.254 93.317 90.168 89.762 89.991 90.764 90.069 90.435 90.596
85.82 86.403 86.721 87.032 88.697 89.984 90.058 90.125 90.295 90.941 91.706 91.093 86.979 86.995 87.05 87.044 87.54 87.154 86.931 87.524 88.594 88.479 87.543 86.995 87.134 87.328 87.775 87.211 87.177 88.238 93.354 93.653 90.808 91.037 91.997 91.078 93.212 94.214 91.711 88.311 89.182 89.192 88.042 87.982 88.026 88.36 88.81 89.804 89.15 88.86 88.798 88.887 89.134 89.266 89.634 90.263 91.651 89.859 92.484 95.1 95.96 96.25 96.247 95.717 94.779 94.372 94.05 93.706 90.716 90.086 90.135 90.842 90.001
85.714 85.843 86.161 86.531 86.771 87.014 88.452 87.934 89.663 90.112 90.347 87.772 86.923 87.02 87.008 86.91 86.566 86.099 85.947 86.539 87.968 87.473 87.6 86.726 86.911 87.409 87.934 86.974 87.025 87.155 91.63 90.411 87.187 87.221 87.528 91.254 93.267 93.601 92.772 91.13 90.318 88.397 87.794 87.75 87.784 88.04 88.149 88.86 88.653 89.139 88.583 88.752 89.583 88.734 88.799 88.938 89.128 88.629 89.177 90.815 94.448 95.214 95.739 96.202 96.223 95.589 94.889 94.352 93.857 89.675 89.645 89.926 89.752
84.521 84.788 85.812 85.852 86.086 86.502 86.745 86.881 87.018 89.233 89.407 87.132 86.915 86.895 86.912 86.861 86.32 85.782 85.755 85.896 87.255 87.823 88.034 86.996 88.247 87.525 87.041 86.691 87.092 89.898 91.958 89.152 87.027 87.041 87.14 87.348 88.929 92.02 91.042 90.928 89.865 88.453 87.561 88.333 88.468 89.406 87.835 87.698 88.456 89.17 88.617 88.579 88.593 88.44 88.47 88.615 89.149 88.52 88.603 89.127 89.676 92.987 94.554 95.306 95.763 96.442 96.115 95.564 95.218 94.455 91.928 89.905 89.523
84.081 84.533 84.527 84.718 84.819 85.774 86.045 86.372 86.671 86.861 86.771 86.622 86.718 86.706 86.775 86.514 85.702 86.084 85.632 85.756 87.526 87.736 87.111 86.464 86.209 87.591 86.424 86.422 86.466 86.889 90.138 87.389 86.76 86.84 86.933 86.982 87.046 87.001 87.252 88.965 88.393 87.877 87.374 87.407 88.082 89.156 88.217 87.515 88.697 88.472 87.843 88.118 88 88.033 88.065 88.245 88.268 88.232 89.116 88.828 88.978 90.113 93.086 94.077 94.625 95.433 95.721 96.238 96.479 95.881 95.02 90.598 89.61
83.88 83.924 84.287 84.464 84.555 84.579 84.942 85.9 86.008 86.263 86.367 86.394 86.219 86.065 85.934 85.687 85.657 85.523 86.192 87.498 86.495 86.888 89.385 87.764 85.787 86.065 86.097 87.292 87.138 86.277 86.32 86.253 86.473 86.561 86.649 86.685 86.802 86.845 86.803 86.834 86.948 87.05 87.088 87.076 87.491 88.893 87.997 87.294 87.437 87.368 87.506 87.8 87.417 87.547 87.82 88.209 88.018 88.014 88.025 88.23 89.376 88.362 88.472 88.885 92.546 93.599 94.465 95.064 95.629 96.212 94.875 91.393 90.495
83.959 83.956 83.939 84.03 84.298 84.45 84.483 84.512 84.574 85.292 85.86 86.017 86.038 85.953 85.7 85.215 84.972 85.088 87.808 90.898 87.683 89.849 91.497 91.027 90.253 86.075 85.548 86 88.056 87.062 85.886 85.835 86.029 86.043 86.26 86.363 86.449 86.535 86.584 86.558 86.55 86.731 86.764 86.851 86.882 87.019 87.438 87.33 87.634 87.376 88.767 92.81 87.731 87.134 87.423 87.714 87.647 87.768 89.048 87.895 87.826 87.844 88.086 88.468 88.671 88.629 92.773 90.327 93.701 94.707 93.616 88.952 88.47
84.122 84.02 83.981 83.977 83.927 83.955 84.113 84.362 84.558 84.544 84.779 84.901 85.568 85.761 85.821 85.18 84.782 86.877 88.938 87.681 87.142 90.675 92.334 92.499 91.959 91.639 91.11 87.593 87.399 87.59 85.048 85.278 85.473 85.689 85.815 85.96 86.075 86.078 86.174 86.244 86.312 86.392 86.454 86.624 86.524 86.695 86.648 87.044 87.567 92.392 94.514 94.311 90.501 87.626 87.666 87.361 87.31 87.325 87.524 87.592 87.514 87.52 87.651 88.471 88.097 88.265 88.871 88.918 88.543 89.595 89.878 88.991 92.659
84.021 83.932 83.937 84.006 84.046 84.017 83.999 83.955 84.039 84.298 84.4 84.526 84.473 84.677 85.556 84.933 84.46 87.526 89.285 86.713 88.005 90.656 91.425 91.818 92.419 92.616 91.503 86.573 85.569 88.704 89.476 89.649 85.355 85.254 85.358 85.573 85.738 85.768 85.788 85.756 85.897 85.993 86.136 86.21 86.219 86.349 86.493 86.496 87.139 92.806 94.356 93.769 88.917 88.028 88.802 87.34 87.194 87.063 87.203 87.337 87.321 87.263 88.144 87.921 87.857 88.115 89.064 88.192 88.666 88.317 88.51 88.533 92.852
84.321 84.05 84.016 84.668 85.069 84.115 84.039 84.037 84.005 83.96 83.981 83.999 84.379 84.478 84.176 84.131 84.354 86.267 87.447 86.297 85.768 87.488 86.698 90.556 91.13 91.485 90.663 85.626 86.637 90.637 91.711 91.262 90.818 89.69 85.215 85.748 85.184 85.285 85.206 85.224 85.354 85.557 85.723 85.783 85.975 86.05 86.204 86.196 86.483 89.664 91.848 91.382 86.724 87.104 87.197 87.141 87.145 87.086 87.104 87.072 87.21 87.241 87.539 87.849 87.871 87.94 87.993 87.91 89.397 90.103 88.645 88.104 88.837
83.866 84.729 84.464 84.518 84.163 84.785 84.662 84.106 84.243 83.977 84.004 83.93 83.91 83.923 83.868 83.889 84.292 84.438 84.464 84.752 84.922 85.107 85.162 85.182 86.179 89.086 87.869 85.43 86.764 91.062 92.027 92.426 91.692 91.42 91.009 90.434 86.215 84.844 84.559 84.8 84.963 85.278 85.411 85.441 85.618 85.659 85.797 85.843 86.002 86.049 86.158 86.263 86.246 86.359 86.537 86.685 86.873 87.051 87.007 86.973 87.053 86.973 87.702 87.243 88.734 88.571 87.406 88.114 90.037 88.369 87.573 87.855 87.943
83.23 83.35 83.858 84.11 84.103 84.346 84.056 84.096 84.311 84.433 84.039 84.002 83.96 83.897 83.817 83.799 83.894 84.249 84.391 84.398 84.472 84.634 85.171 85.259 85.001 84.998 85.201 85.208 87.037 90.145 91.297 91.938 92.351 93.411 92.154 91.191 86.904 84.699 88.067 86.325 86.935 84.88 84.891 85.135 85.303 85.316 85.399 85.482 85.652 85.693 85.83 85.906 85.948 86.026 86.023 86.111 86.153 86.755 86.741 87.433 87.271 88.145 88.651 88.608 87.779 87.215 87.312 88.634 89.894 87.328 87.211 87.455 87.875
88.417 86.583 84.291 83.477 83.47 83.797 85.105 84.524 84.093 84.308 84.977 84.239 83.897 83.902 83.881 83.827 83.797 83.734 83.804 83.825 84.281 84.335 84.358 84.568 84.547 85.047 84.567 84.781 84.92 84.968 86.377 89.044 91.045 91.523 91.703 90.837 86.301 84.578 89.224 90.706 90.229 87.777 84.776 85.032 84.817 84.933 85.01 85.095 85.261 85.286 85.474 85.56 85.692 85.664 85.729 85.892 85.891 86.093 86.226 86.41 86.92 87.608 88.444 88.26 87.561 86.918 86.819 87.237 86.772 86.746 87.021 87.198 87.377
89.66 89.251 88.56 88.039 86.717 83.251 83.917 83.851 84.143 84.214 83.958 83.957 83.872 83.845 83.832 83.819 83.802 83.779 83.721 83.654 83.612 83.674 83.918 84.142 84.271 84.241 84.452 85.244 84.885 84.899 84.885 84.917 86.014 89.407 89.734 88.927 84.741 86.204 90.398 91.61 91.403 90.968 90.586 89.805 88.884 85.182 84.442 84.56 84.582 84.753 84.923 85.208 85.374 85.396 85.399 85.36 86.389 86.14 85.993 86.196 86.592 86.911 87.078 87.155 90.392 89.736 86.9 87.025 86.345 85.98 86.394 86.697 88.35
89.656 90.2 89.727 89.417 88.863 88.415 85.242 83.014 84.058 83.38 83.693 84.023 84.085 83.915 83.834 83.782 83.743 83.827 83.737 83.693 83.662 83.615 83.551 83.515 83.584 83.721 84.032 84.411 84.663 85.682 85.476 84.792 84.686 84.774 84.945 86.71 84.481 87.95 90.77 91.189 92.183 92.134 91.713 91.158 90.492 88.716 84.348 84.999 84.432 84.534 84.499 84.72 84.868 84.908 85.072 86.467 87.691 88.003 85.558 85.945 86.337 87.208 86.567 86.496 86.547 89.964 87.27 88.256 86.498 85.973 85.918 86.371 87.659
88.295 89.079 89.378 89.971 89.862 89.418 88.929 88.846 88.139 83.284 83.302 83.401 84.725 83.784 83.913 84.251 83.861 84.242 83.866 83.656 83.66 83.595 83.598 83.517 83.44 83.405 83.483 83.627 83.732 83.818 84.255 84.301 85.096 84.68 84.468 84.651 84.31 85.278 85.82 89.629 90.723 90.937 91.607 91.612 90.601 86.15 84.389 88.486 89.581 87.066 84.394 84.383 84.414 84.624 84.705 84.749 87.207 85.615 85.065 85.301 85.894 86.867 87.013 88.804 94.928 89.111 86.445 87.816 88.995 88.838 86.14 87.217 87.521
83.61 84.213 87.971 88.838 89.199 89.548 89.959 89.748 89.451 88.808 86.572 86.904 84.595 83.523 85.657 85.499 85.241 85.083 83.804 83.619 83.576 83.712 83.897 83.616 83.461 83.438 83.319 83.256 83.286 83.3 83.575 83.731 83.699 83.927 84.496 83.77 84.063 84.24 84.584 85.204 85.611 89.431 90.203 90.625 89.994 84.375 85.228 89.788 90.771 90.054 89.724 87.548 86.133 84.734 84.249 84.759 85.493 84.814 84.691 84.822 85.198 86.342 86.41 86.68 91.309 86.166 84.842 85.746 86.804 89.22 88.698 86.096 86.438
82.703 82.835 85.161 85.66 87.413 86.856 88.788 89.451 89.734 90.19 89.544 88.787 82.968 83.286 85.452 85.565 83.805 84.166 83.78 83.692 83.649 83.735 83.734 83.604 83.411 83.449 83.381 83.303 83.236 83.116 83.105 83.071 83.299 83.375 83.506 83.475 84.312 84.417 84.54 84.055 83.989 84.242 84.909 85.57 84.482 84.042 86.876 90.617 91.329 92.156 91.094 90.468 89.826 89.247 87.909 85.261 84.935 84.331 83.992 84.295 84.613 84.811 85.321 86.028 84.484 86.25 84.541 84.797 85.758 88.955 88.392 86.39 85.944
82.527 82.658 83.48 85.512 82.942 83.781 83.012 86.774 88.614 89.332 89.723 86.14 82.897 84.453 85.931 86.38 84.647 84.11 83.619 83.59 83.538 83.701 83.591 83.518 83.475 84.102 83.746 83.376 83.271 83.146 83.124 83.002 83.003 82.873 82.992 83.277 83.244 83.289 83.605 84.409 84.052 83.728 83.857 84.091 84.103 84.541 86.186 89.657 90.414 90.756 91.489 91.554 90.92 90.118 85.035 83.697 82.923 83.079 83.508 83.79 84.165 84.13 84.096 84.096 84.17 84.132 84.416 85.307 84.928 85.689 85.698 85.908 86.181
82.147 82.306 82.647 83.678 82.77 82.495 82.752 84.076 83.566 87.037 88.278 83.742 82.823 84.642 86.299 86.426 86.252 83.173 83.28 82.761 82.476 82.589 83.313 83.575 83.602 83.495 83.463 83.582 84.142 83.537 83.054 83.042 82.95 82.865 82.793 82.681 82.599 82.661 82.951 83.049 83 83.199 83.488 83.544 83.157 83.741 84.081 85.045 86.526 89.197 90.073 90.197 90.586 89.604 84.463 83.364 86.488 85.53 83.394 83.186 83.373 83.535 83.615 83.786 83.835 83.752 83.948 83.967 84.37 84.491 85.317 85.316 85.325
83.467 82.161 82.653 82.841 82.257 82.21 82.691 83.078 82.597 83.167 83.529 82.988 83.877 85.018 86.138 86.462 83.832 82.518 82.188 86.11 87.603 85.765 82.596 83.409 82.924 82.958 83.881 84.102 83.251 83.218 83.021 82.995 82.871 82.799 82.693 82.651 82.536 82.439 82.373 82.554 82.536 82.715 82.776 83.001 83.363 83.081 82.975 83.335 83.615 84.282 84.64 87.639 87.248 86.276 83.488 85.042 88.564 89.29 88.433 87.048 83.961 83.104 83.317 83.399 83.282 83.537 83.442 83.546 83.789 84.046 84.801 84.432 84.748
82.748 82.653 81.853 81.711 81.843 82.116 83.236 82.536 82.248 82.994 82.849 82.212 82.344 84.307 84.626 85.913 84.284 82.232 82.419 89.346 89.077 88.497 88.258 87.336 84.71 83.148 83.227 83.24 83.216 83.538 83.774 83.105 82.845 82.7 82.537 82.533 82.451 82.418 82.307 82.267 82.141 82.098 82.468 82.432 82.399 82.428 83.002 83.282 83.304 83.115 83.144 83.579 83.582 83.846 83.404 86.45 89.264 90.378 89.658 89.286 88.506 85.557 83.153 83.007 83.28 83.782 83.075 83.235 83.81 83.558 84.066 85.071 84.732
83.082 83.389 81.713 81.529 82.424 82.171 82.724 81.817 81.961 82.344 81.994 82.041 81.981 82.385 83.007 82.601 82.338 82.026 85.133 88.531 89.077 89.282 89.36 88.626 88.269 87.926 86.668 82.339 82.61 83.006 83.694 83.987 82.863 82.611 82.474 82.404 82.341 82.342 82.219 82.2 82.107 81.992 82.166 81.926 81.932 81.811 82.158 82.073 82.475 83.026 82.313 82.622 82.564 82.764 82.796 85.223 88.374 89.424 89.845 90.183 89.476 88.902 84.933 82.731 82.476 82.527 82.649 82.959 83.129 83.024 83.434 83.801 83.451
80.894 81.141 81.327 81.669 82.978 83.793 81.556 81.559 82.455 82.372 81.664 81.673 81.739 81.886 82.018 81.887 81.933 81.975 83.004 85.781 86.946 88.342 88.713 89.297 89.299 89.084 84.669 82.229 82.335 82.618 82.848 82.914 83.036 82.533 82.284 82.16 82.153 82.186 82.119 82.051 82.006 81.958 81.854 81.781 81.678 81.577 81.495 81.57 81.705 81.842 81.867 82.103 82.731 82.14 82.263 82.873 83.483 85.777 88.649 89.469 89.765 88.743 86.253 82.507 81.967 81.719 81.996 82.621 83.058 82.898 82.946 83.089 83.3
