dsm/se2538_DSM_2M.asc
ncols 500
nrows 500
xllcorner    425000
yllcorner    438000
cellsize     2
NODATA_value -9999
[rows 330 to 359 of 500, columns 134 to 200 of 500]
105.59 105.261 104.51 103.822 103.579 103.683 103.677 103.542 103.343 103.22 103.039 103.082 103.297 103.581 104.231 104.756 104.151 103.843 103.405 103.52 103.389 102.849 101.81 101.054 100.96 100.96 101.361 101.201 101.278 101.54 101.711 101.97 102.181 102.588 103.188 103.649 104.174 104.521 104.286 103.522 103.191 102.984 102.869 102.327 101.865 101.78 101.734 101.759 101.729 101.749 101.692 101.816 102.053 102.144 102.207 102.33 102.484 102.585 102.99 104.369 104.233 103.618 103.789 103.828 103.667 103.878 103.963
106.154 106.523 105.681 105.071 103.836 103.536 103.313 103.26 103.118 102.986 102.752 102.851 103.193 103.664 104.055 103.704 103.775 103.92 103.622 103.644 103.379 102.61 101.672 101.441 101.296 101.337 101.352 101.36 101.218 101.161 101.239 101.643 101.72 102.17 102.466 102.671 103.022 103.424 103.516 103.197 102.892 102.782 102.511 102.124 101.871 101.693 101.52 101.665 101.663 101.609 101.564 101.744 101.829 101.976 102.216 102.208 102.369 102.44 103.007 103.712 103.923 103.525 103.637 103.667 103.753 103.914 104.021
105.889 105.694 105.987 106.072 104.813 103.716 104.035 103.324 102.82 102.631 102.447 102.504 103.187 103.296 103.368 103.29 103.331 103.602 103.623 103.86 103.499 102.082 101.45 101.107 101.211 101.2 101.237 101.127 100.856 101.033 101.044 101.101 101.116 101.544 101.647 102.023 102.479 102.883 103.118 102.697 102.515 102.7 102.152 101.659 101.534 101.537 101.547 101.549 101.509 101.476 101.455 101.558 101.851 101.985 102.083 102.281 102.327 102.228 102.672 103.303 103.307 103.227 103.375 103.647 103.849 103.864 104.029
105.353 106.208 106.498 105.136 104.683 104.726 104.82 103.535 102.658 102.49 102.311 102.166 102.041 102.22 102.389 102.443 102.673 103.003 103.399 103.231 102.857 101.783 101.302 100.949 100.879 100.79 100.812 100.872 100.848 100.784 100.911 101.041 100.841 100.967 101.028 101.142 101.335 101.684 102.052 101.821 101.658 101.912 101.459 101.223 101.288 101.398 101.405 101.391 101.438 101.474 101.471 101.559 101.84 101.955 102.047 102.136 102.307 102.276 102.559 102.972 103.113 103.189 103.364 103.627 103.814 103.838 103.948
105.181 105.761 105.757 104.369 104.113 104.115 103.403 102.619 102.595 102.269 101.997 101.734 101.711 101.564 101.645 101.824 102.059 102.235 102.34 102.427 102.213 101.393 101.399 101.337 100.614 100.702 100.605 100.677 100.713 100.633 100.825 100.82 100.697 100.807 100.8 100.872 100.961 101.111 101.175 101.129 101.077 101.08 101.091 101.101 101.148 101.159 101.298 101.362 101.332 101.444 101.432 101.61 101.77 101.852 101.931 101.972 102.256 102.364 102.454 102.715 102.947 103.229 103.354 103.537 103.687 103.724 103.85
105.195 105.363 105.419 104.292 103.96 103.657 102.908 102.377 102.381 102.06 101.697 101.515 101.311 101.19 101.453 101.982 101.777 101.503 101.683 101.598 101.411 101.072 100.895 100.76 100.629 100.635 100.603 100.562 100.599 100.684 100.713 100.683 100.658 100.707 100.602 100.626 100.627 100.744 100.85 100.903 100.894 100.865 100.994 101.03 101.091 101.137 101.264 101.187 101.197 101.28 101.251 101.47 101.59 101.721 101.935 102.079 102.06 102.224 102.505 102.734 102.913 103.007 103.245 103.513 103.544 103.606 103.682
105.798 104.906 104.854 103.946 103.644 102.927 102.541 102.097 102.136 101.995 101.391 101.172 101.055 100.984 101.07 101.195 101.328 101.283 101.056 101.132 101.098 100.846 100.634 100.482 100.509 100.477 100.483 100.585 100.587 100.585 100.612 100.602 100.734 100.748 100.731 100.632 100.525 100.61 100.697 100.935 100.852 100.849 100.892 100.865 100.949 101.024 101.016 101.064 101.149 101.106 101.183 101.348 101.457 101.599 101.829 101.89 102.036 102.26 102.518 102.665 102.671 102.837 103.023 103.245 103.397 103.547 103.757
104.598 104.073 103.576 102.886 102.988 102.733 102.385 101.475 101.912 101.414 101.183 101.047 100.918 100.807 100.74 100.859 100.957 100.921 100.762 100.877 100.839 100.734 100.541 100.392 100.479 100.365 100.32 100.53 100.467 100.436 100.45 100.615 100.599 100.67 100.674 100.542 100.558 100.535 100.772 100.657 100.583 100.625 100.702 100.712 100.712 100.853 100.827 100.936 101.006 100.968 101.113 101.26 101.569 101.666 101.82 101.913 102.065 102.229 102.523 102.628 102.683 102.815 102.874 103.086 103.34 103.655 103.82
103.798 103.103 102.461 102.126 102.336 102.112 101.655 101.089 101.182 101.131 101.189 101.018 100.845 100.761 100.934 100.833 100.721 100.779 100.676 100.688 100.647 100.62 100.673 100.464 100.503 100.367 100.339 100.316 100.36 100.478 100.485 100.483 100.555 100.446 100.404 100.394 100.54 100.479 100.5 100.345 100.468 100.472 100.519 100.479 100.587 100.678 100.632 100.653 100.695 100.918 101.119 101.24 101.378 101.542 101.683 101.774 102.044 102.287 102.571 102.663 102.708 102.816 102.925 103.238 103.458 103.671 103.753
103.14 102.48 101.922 101.955 101.985 101.839 101.385 101.061 100.841 100.886 101.041 100.986 100.947 100.904 100.979 101.241 101.041 100.86 100.758 100.612 100.749 100.722 100.533 100.469 100.489 100.421 100.301 100.305 100.354 100.379 100.428 100.354 100.387 100.268 100.324 100.332 100.307 100.362 100.485 100.397 100.384 100.381 100.333 100.349 100.463 100.551 100.596 100.55 100.52 100.786 101.075 101.322 101.344 101.551 101.672 101.795 101.974 102.206 102.352 102.504 102.6 102.824 103.085 103.401 103.451 103.648 103.729
102.623 102.014 101.899 101.675 101.561 101.274 101.133 100.967 100.99 100.941 100.988 100.906 101.098 101.279 101.309 101.43 101.383 101.191 100.814 100.788 100.763 100.732 100.624 100.542 100.392 100.297 100.136 100.29 100.354 100.411 100.472 100.426 100.395 100.375 100.406 100.402 100.321 100.366 100.353 100.38 100.318 100.246 100.311 100.305 100.382 100.478 100.626 100.67 100.602 100.742 100.941 101.137 101.054 101.292 101.647 101.697 101.935 102.08 102.17 102.247 102.504 102.817 103.143 103.337 103.62 103.786 103.783
102.301 101.769 101.764 101.757 101.613 101.074 100.852 100.968 100.901 100.957 101.052 100.985 101.367 101.46 101.404 101.285 101.116 101.011 100.699 100.698 100.668 100.686 100.735 100.526 100.477 100.331 100.324 100.384 100.506 100.711 101.069 101.106 100.849 100.39 100.332 100.487 100.428 100.49 100.486 100.398 100.364 100.333 100.372 100.425 100.507 100.341 100.536 100.642 100.611 100.866 100.822 100.997 101.172 101.3 101.544 101.809 101.98 102.038 102.008 102.102 102.446 102.816 103.213 103.446 103.413 103.746 103.841
102.218 101.842 101.763 101.819 101.706 101.328 100.985 100.81 100.97 100.983 101.041 100.897 101.087 101.094 100.828 100.863 100.847 100.726 100.532 100.622 100.547 100.584 100.6 100.597 100.574 100.442 100.433 100.395 100.456 101.205 101.651 101.506 101.131 100.427 100.601 100.66 100.607 100.618 100.575 100.592 100.537 100.517 100.464 100.408 100.37 100.419 100.444 100.592 100.714 100.791 100.766 100.87 101.195 101.361 101.643 102.023 102.021 102.022 102.175 102.341 102.394 102.791 104.026 104.798 104.202 103.942 103.719
102.272 101.986 101.785 101.796 101.755 101.584 101.473 101.21 100.96 100.812 100.657 100.488 100.433 100.505 100.562 100.559 100.514 100.519 100.632 100.616 100.602 100.642 100.544 100.557 100.578 100.473 100.235 100.142 100.621 101.556 101.823 101.793 101.638 100.862 100.965 100.837 100.678 100.695 100.725 100.801 100.69 100.581 100.572 100.441 100.447 100.339 100.424 100.78 101.063 100.955 101.086 101.03 101.129 101.374 101.75 101.833 101.937 102.1 102.152 102.252 102.334 102.61 103.774 105.594 105.492 104.419 103.667
101.917 101.772 101.714 101.813 101.841 101.769 101.948 101.687 101.546 101.167 100.611 100.226 100.316 100.394 100.513 100.437 100.43 100.581 100.603 100.598 100.607 100.703 100.641 100.626 100.62 100.44 100.283 100.293 100.57 101.006 101.753 102.112 101.829 101.694 101.226 100.981 100.803 100.905 100.839 100.902 100.765 100.611 100.711 100.687 100.653 100.547 100.605 101.191 101.578 101.089 101.149 101.208 101.44 101.578 101.745 101.813 101.913 102.082 102.204 102.394 102.435 102.476 102.752 104.307 106.312 103.524 103.143
101.918 102.26 102.017 101.929 101.849 101.807 102.073 102.395 102.228 101.497 100.701 100.281 100.243 100.321 100.387 100.482 100.392 100.519 100.502 100.501 100.591 100.685 100.755 100.734 100.562 100.434 100.399 100.432 100.497 100.708 101.497 101.849 101.828 101.791 101.372 101.062 100.908 101.124 100.973 100.922 100.808 100.724 100.898 100.958 100.934 100.585 100.615 101.222 101.396 101.244 101.35 101.466 101.669 101.702 101.756 101.796 101.872 102.078 102.335 102.352 102.47 102.437 102.534 103.447 103.983 102.931 102.928
102.254 102.344 102.256 101.919 101.913 102.079 102.299 102.45 102.457 101.45 100.389 100.232 100.103 100.165 100.209 100.414 100.464 100.498 100.652 100.602 100.636 100.515 100.723 100.773 100.653 100.616 100.518 100.51 100.539 100.481 100.786 101.146 101.361 101.582 101.361 101.219 101.123 101.182 101.083 101.05 101.063 100.842 100.934 101.057 100.913 100.623 100.688 101.364 101.492 101.632 101.439 101.488 101.623 101.9 101.946 101.878 101.95 102.106 102.289 102.304 102.41 102.486 102.48 102.616 102.715 102.762 102.862
102.28 102.32 102.245 102.062 102.347 102.4 102.215 102.109 102.04 101.327 100.1 100.115 99.7 99.796 100.02 100.466 100.557 100.586 100.508 100.622 100.636 100.511 100.663 100.839 100.827 100.776 100.673 100.669 100.6 100.587 100.841 101.159 101.568 101.811 102.02 101.979 101.583 101.249 101.288 101.174 101.146 101.167 101.096 100.995 100.972 100.666 100.674 101.338 101.778 102.138 102.183 101.751 101.879 102.202 102.188 102.125 102.268 102.21 102.261 102.362 102.38 102.319 102.428 102.612 102.686 102.796 102.84
102.208 102.288 102.791 103.184 103.19 102.684 102.367 102.155 102.191 101.236 100.149 99.933 99.339 99.437 100.159 100.473 100.488 100.345 100.495 100.821 100.626 100.535 100.632 100.75 100.836 100.64 100.657 100.659 100.635 100.726 100.831 101.055 101.546 102.025 102.599 102.391 101.967 101.351 101.232 101.201 101.201 101.285 101.138 101.032 101.062 100.958 100.985 101.467 102.125 102.673 102.3 101.933 102.305 102.364 102.148 102.337 102.4 102.35 102.394 102.354 102.298 102.288 102.362 102.41 102.61 102.646 102.821
101.753 102.196 103.163 103.858 103.966 103.182 102.515 102.297 101.934 100.47 100.037 99.679 98.863 98.757 99.89 100.155 100.227 100.053 100.334 100.643 100.597 100.668 100.645 100.657 100.683 100.851 100.781 100.697 100.638 100.801 100.804 100.88 101.082 101.386 102.171 102.314 102.185 101.363 100.961 101.055 101.113 101.195 101.113 101.061 101.111 100.873 100.853 101.649 102.114 102.631 102.16 101.877 102.131 102.227 102.281 102.499 102.509 102.552 102.517 102.375 102.263 102.325 102.298 102.277 102.465 102.663 103.068
101.161 102.087 102.892 103.661 103.885 103.145 103.062 102.492 101.269 100.431 99.659 98.792 98.623 98.662 99.466 99.707 99.674 99.687 100.162 100.759 100.771 100.729 100.547 100.573 100.584 100.722 100.844 100.741 100.868 100.974 100.972 100.904 100.905 100.96 101.441 101.942 101.929 101.371 100.929 100.775 100.947 101.118 101.15 101.179 101.043 100.739 100.732 101.498 101.876 101.725 101.715 101.954 103.119 102.547 102.376 102.442 102.486 102.467 102.468 102.318 102.218 102.341 102.288 102.114 102.17 102.433 102.6
100.76 101.301 102.467 103.414 103.702 103.534 102.876 102.074 100.62 99.818 98.888 99.117 99.133 99.585 99.331 99.206 99.025 98.441 98.435 99.811 100.681 100.748 100.773 100.641 100.691 100.738 100.771 100.858 100.904 100.993 101.146 101.022 100.957 101.016 101.104 101.191 101.315 101.161 100.709 100.69 100.861 100.993 101.098 101.217 101.151 100.875 101.123 101.768 101.952 101.692 101.592 101.676 102.422 102.504 102.338 102.264 102.378 102.35 102.35 102.446 102.479 102.458 102.347 102.088 102.141 102.27 102.282
99.224 100.688 102.224 102.77 102.976 102.458 101.954 100.968 99.871 98.842 99.084 99.826 100.466 100.618 100.456 99.791 99.023 98.614 98.339 99.169 99.856 100.789 100.696 100.698 100.642 100.73 100.899 100.95 100.989 100.909 101.035 101.063 100.944 100.986 100.998 101.06 100.976 100.611 100.466 100.507 100.653 100.767 101.097 101.346 101.252 101.217 101.74 102.169 102.228 102.127 102.007 101.752 101.847 102.146 102.198 102.213 102.27 102.235 102.325 102.425 102.393 102.407 102.405 102.247 102.175 102.164 102.161
99.089 100.078 101.07 101.548 101.378 101.066 101.13 99.821 98.623 98.949 99.551 100.986 101.17 101.099 101.066 100.918 100.489 99.673 98.493 98.397 98.968 100.487 100.573 100.641 100.672 100.564 100.747 100.836 101.108 101.002 101.025 101.046 101.112 100.964 100.938 100.943 100.736 100.444 100.205 100.351 100.362 100.689 101.043 101.302 101.44 101.619 101.973 102.067 102.28 102.482 102.242 102.249 102.393 102.139 102.151 102.22 102.242 102.217 102.289 102.253 102.248 102.302 102.301 102.191 102.14 102.062 102.021
98.503 99.61 100.489 100.722 100.847 100.272 99.257 98.638 98.481 98.827 100.338 101.138 101.124 101.116 101.105 101.229 100.886 100.423 99.569 98.696 98.764 100.241 100.447 100.517 100.6 100.593 100.661 100.868 100.996 100.944 101.006 101 101.044 100.858 100.833 100.638 99.933 99.665 99.77 99.947 100.342 100.608 100.969 101.298 101.503 101.51 101.661 102.029 102.231 102.343 102.195 102.335 102.532 102.186 102.13 102.086 102.072 102.161 102.176 102.124 102.055 102.149 102.212 102.222 102.191 102.16 101.982
98.255 98.858 99.821 99.969 100.034 98.722 98.165 98.25 98.496 98.856 100.06 100.901 101.05 101.106 101.116 101.113 101.083 100.976 100.502 100.141 100.298 100.62 100.501 100.784 100.725 100.553 100.77 100.802 100.99 100.934 100.9 101.043 101.103 100.975 100.94 100.167 99.353 99.33 99.542 99.971 100.249 100.814 100.952 101.36 101.458 101.558 101.703 101.892 102.008 101.969 101.847 102.13 102.198 101.986 102.237 102.044 102.008 102.178 102.248 102.169 102.179 102.191 102.157 102.157 102.156 102.09 102.004
98.094 98.541 98.901 99.386 99.463 98.862 98.359 98.294 98.089 98.532 99.326 101.335 101.155 101.121 101.163 101.123 101.273 101.013 100.799 100.646 100.656 100.639 100.689 100.951 100.848 100.651 100.754 100.861 100.82 100.895 100.961 101.099 101.012 100.817 100.656 99.588 99.059 99.092 99.58 99.953 100.324 100.618 100.736 101.121 101.394 101.598 101.732 101.908 101.875 101.764 101.842 101.978 101.944 102.074 102.035 102.022 101.952 102.027 102.193 102.169 102.144 102.176 102.255 102.165 102.107 102.083 102
97.761 98.396 99.944 100.736 100.342 99.371 98.781 98.297 98.223 98.466 99.037 100.55 100.993 100.98 101.08 101.126 101.171 101.116 100.923 100.722 100.708 100.654 100.759 100.843 100.856 100.738 100.926 100.823 100.994 101.031 100.957 101.01 100.906 100.604 100.018 99.226 98.962 99.119 99.532 99.792 100.143 100.385 100.552 100.964 101.216 101.425 101.55 101.577 101.802 101.894 101.879 101.93 101.909 101.931 101.912 101.944 101.931 101.866 102.039 102.084 102.101 102.099 102.132 102.171 102.148 102.067 102.145
98.406 99.137 100.395 101.221 100.688 99.678 99.081 98.713 98.633 98.634 98.755 99.177 99.343 100.177 100.548 100.857 101.007 101.074 100.832 100.739 100.705 100.653 100.663 100.738 101.014 100.929 100.852 100.768 100.84 100.836 100.828 100.861 100.676 100.44 99.781 99.14 98.907 99.371 99.63 99.992 100.165 100.305 100.609 100.852 101.089 101.287 101.4 101.52 101.582 101.694 101.773 101.801 101.949 101.916 101.856 101.943 101.975 101.978 102.045 102.005 102.191 102.031 102.108 102.164 102.123 102.067 102.163
99.147 99.036 100.115 100.589 100.395 99.713 99.033 98.327 98.701 98.515 98.501 98.624 99.002 99.559 99.57 99.831 100.645 100.924 100.799 100.628 100.584 100.573 100.51 100.725 101.044 101.127 100.865 100.887 100.899 100.837 100.897 101.191 100.558 100.192 99.788 99.141 99.063 99.282 99.551 99.719 100.111 100.363 100.625 100.778 101.016 101.108 101.221 101.33 101.443 101.514 101.567 101.782 101.833 101.724 101.781 101.842 101.929 102.061 102.221 102.053 102.104 102.009 102.11 102.166 102.186 102.091 102.188
