dsm/se2534_DSM_2M.asc
ncols 500
nrows 500
xllcorner    425000
yllcorner    434000
cellsize     2
NODATA_value -9999
[rows 128 to 159 of 500, columns 142 to 212 of 500]
93.942 93.441 92.976 92.444 93.027 95.421 98.135 98.945 98.493 97.82 96.256 94.486 93.631 91.519 91.072 90.851 90.332 90.434 90.617 90.632 90.67 90.855 91.038 91.164 91.2 91.235 91.737 91.652 92.512 94.034 94.347 94.573 -9999 92.904 93.533 96.01 94.13 92.056 91.721 91.653 91.97 92.463 95.101 97.615 97.918 97.366 97.2 97.691 96.828 94.044 92.414 94.434 96.799 97.155 97.134 96.507 95.426 91.968 92.642 95.387 96.254 96.367 95.761 94.112 91.816 91.007 89.994 89.017 88.366 87.477 87.217
94.306 94.154 94.099 93.984 94.435 96.159 98.412 99.113 98.85 99.224 99.115 98.036 97.637 94.921 92.53 91.177 90.481 91.035 90.659 90.615 90.633 90.973 91.138 91.205 91.266 91.328 91.63 92.755 93.958 93.531 93.902 -9999 -9999 93.22 93.474 94.178 93.595 92.867 92.075 92.305 92.874 94.392 94.744 96.202 94.196 95.533 94.686 95.144 93.471 92.44 92.102 91.93 92.801 94.311 93.623 92.387 92.502 91.825 91.134 93.196 94.719 92.059 93.895 92.414 91.06 90.258 89.533 89.076 88.332 87.835 87.325
94.463 94.497 94.495 94.625 95.069 95.787 96.856 97.636 97.923 98.106 98.559 99.049 99.14 97.009 -9999 92.741 91.895 -9999 -9999 91.207 90.986 91.095 91.12 91.155 91.282 91.414 91.745 92.206 93.107 93.055 -9999 -9999 93.119 93.112 92.816 92.589 93.238 92.57 92.579 93.278 94.889 95.693 94.113 93.472 92.968 93.269 93.161 92.283 92.093 92.166 91.904 91.683 91.715 92.005 91.65 91.682 92.148 92.502 91.436 91.108 91.623 91.043 90.886 91.009 90.157 89.918 89.728 89.125 88.454 88.138 87.172
94.317 94.608 95.066 95.22 95.222 94.986 94.712 95.32 96.25 96.879 97.719 98.794 98.068 97.15 95.09 94.178 93.789 93.601 93.373 92.409 91.473 91.233 91.131 91.126 91.254 91.419 91.851 92.064 92.204 92.569 -9999 -9999 92.57 92.61 92.627 92.516 92.522 92.655 93.14 94.113 95.878 97.331 94.528 92.8 92.483 92.51 92.366 92.209 92.506 92.899 92.278 91.861 91.72 91.753 91.691 91.664 92.099 92.974 92 90.958 90.81 90.638 90.475 90.316 90.117 90.112 90.263 89.145 88.419 87.805 87.146
94.711 95.682 95.72 95.476 95.643 94.835 93.987 93.518 94.929 95.406 96.093 96.562 96.229 96.189 95.735 94.444 94.322 94.659 93.698 93.036 92.295 91.738 91.288 91.234 91.295 91.419 91.746 91.977 92.025 92.287 92.362 -9999 92.592 92.617 92.63 92.549 92.48 92.925 94.084 95.362 95.93 96.435 96.258 93.394 92.73 92.702 92.554 92.604 92.984 93.355 92.343 92.164 92.029 92.022 92.106 92.009 91.614 92.222 91.729 90.948 90.862 90.674 90.467 90.242 90.047 89.961 89.82 89.175 88.3 87.794 87.993
94.765 95.313 95.572 95.428 95.28 94.756 93.351 92.009 94.106 94.936 95.061 95.107 95.517 95.796 95.597 94.716 94.38 94.963 93.403 92.951 92.767 92.587 91.57 91.247 91.353 91.486 91.709 91.905 92.039 92.224 92.277 92.437 92.581 92.61 92.595 92.553 92.548 93.167 94.844 95.603 96.052 95.728 94.636 94.238 93.041 92.995 93.46 93.35 92.931 93.012 92.59 92.325 92.304 92.353 92.445 93.315 92.411 93.038 92.032 91.105 90.936 90.794 90.299 90.1 89.871 89.715 89.619 88.987 88.553 88.888 91.153
94.875 94.978 -9999 95.16 95.015 94.841 94.737 95.172 94.607 94.988 94.772 94.565 95.614 95.764 95.642 94.944 94.389 93.469 93.308 92.664 92.719 92.415 91.707 91.321 91.46 91.586 91.729 91.87 92.049 92.283 92.33 92.434 92.562 92.569 92.567 92.564 92.623 93.346 95.094 95.564 96.057 95.619 94.996 94.658 94.147 94.512 94.811 94.895 95.212 94.44 93.028 92.606 92.63 92.494 92.443 92.824 91.969 92.044 91.484 90.909 90.884 90.924 90.484 90.033 89.848 89.69 89.651 89.201 88.489 89.95 93.106
95.09 -9999 94.98 94.865 94.819 94.746 94.798 95.154 95.037 95.209 95.148 95.2 95.756 95.854 95.64 95.155 94.895 94.895 95.223 93.922 93.008 92.563 92.34 91.864 91.546 91.782 92.053 92.06 91.953 92.282 92.633 92.58 92.568 92.564 92.549 92.556 92.691 93.725 94.953 94.626 95.25 94.534 94.815 95.282 94.928 95.827 96.241 96.124 98.876 97.1 94.605 93.173 93.162 93.457 92.751 92.049 91.741 91.532 91.315 90.864 90.759 90.861 90.602 90.069 89.678 89.604 89.577 89.464 88.513 88.566 91.598
-9999 -9999 94.949 94.773 94.472 94.656 94.896 95.215 95.215 95.104 95.138 95.342 95.998 95.941 95.643 95.57 95.542 96.511 97.501 96.63 95.317 95.181 94.305 93.92 93.074 93.618 93.774 93.421 92.168 92.439 92.905 92.785 92.651 92.607 92.503 92.56 93.045 -9999 95.401 95.206 95.87 94.609 94.68 94.822 94.102 94.52 95.479 94.927 97.835 96.719 93.778 93.329 94.259 94.795 93.711 92.097 91.766 91.607 91.125 90.919 90.814 90.848 90.567 89.889 89.436 89.369 89.291 88.906 88.1 88.439 89.556
95.308 -9999 95.128 95.208 94.824 94.853 95.173 95.299 95.243 94.94 94.863 95.282 95.606 95.685 95.461 95.48 96.149 97.148 97.861 98.407 97.049 96.6 96.11 96.923 97.097 97.743 97.336 95.848 94.414 93.951 93.819 92.752 92.685 92.653 92.649 92.828 93.515 95.183 96.245 96.415 96.41 95.282 95.12 95.476 94.896 94.538 94.823 95.487 98.205 94.498 93.645 93.147 93.458 95.15 93.366 92.304 91.896 91.759 91.316 91.08 90.918 90.784 90.478 89.543 89.161 89.277 89.125 88.906 88.303 89.208 90.827
95.279 95.228 95.202 95.442 95.16 95.222 95.649 95.341 95.347 94.896 94.496 95.516 95.589 95.494 95.262 95.261 96.232 97.359 97.779 98.241 97.505 96.793 96.726 97.346 98.287 99.185 99.28 98.147 96.097 94.894 94.945 93.077 92.592 92.614 92.877 93.491 94.072 95.026 96.062 96.461 96.721 94.824 94.675 96.396 96.388 95.026 94.243 93.875 94.55 94.069 94.112 94.094 93.083 93.156 92.861 92.14 91.9 91.729 91.41 91.189 90.988 90.642 90.112 89.588 89.31 89.351 89.106 88.804 88.423 88.578 90.187
95.387 95.242 95.04 94.98 94.675 94.582 95.077 95.158 95.229 94.901 94.726 95.376 95.389 95.32 95.199 95.209 96.465 97.678 98.408 98.15 96.995 96.356 96.616 97.249 98.549 99.218 99.18 98.653 96.638 94.506 93.482 92.778 92.583 92.661 93.054 93.747 94.08 94.642 94.943 95.075 95.411 94.316 93.91 95.818 96.733 95.027 94.067 93.636 93.489 93.719 95.124 96.16 94.8 93.655 92.652 92.298 92.033 91.823 91.445 91.215 90.942 90.431 89.947 89.661 89.479 89.335 89.099 88.73 88.461 88.565 89.116
95.509 -9999 94.675 94.557 93.886 93.239 94.01 94.75 94.921 94.746 94.861 95.392 95.227 95.204 95.298 95.68 97.032 97.896 98.241 97.782 96.721 96.216 96.928 97.593 98.558 99.13 98.884 97.867 96.64 94.228 92.929 92.529 92.62 92.645 93.008 93.313 93.967 94.436 94.566 95.239 95.251 93.986 94.247 96.345 96.527 95.275 94.222 93.878 93.705 93.623 94.175 96.11 95.937 94.878 93.163 93.414 93.403 91.889 91.473 91.167 90.931 90.346 90.118 89.809 89.524 89.369 89.091 88.741 88.686 -9999 -9999
95.288 -9999 94.347 94.32 93.281 92.026 93.821 94.813 94.692 94.57 94.603 95.003 -9999 95.2 -9999 -9999 97.641 98.247 98.519 97.595 96.998 96.727 96.894 97.981 98.794 99.248 98.825 97.681 95.983 93.222 92.963 92.747 92.829 92.843 92.967 93.383 94.177 94.352 94.741 94.995 94.529 93.96 93.806 94.232 95.242 94.368 94.877 94.273 93.585 93.479 93.46 94.034 94.831 95.239 94.167 94.726 95.32 93.195 91.89 91.232 91.024 90.734 90.398 89.882 89.573 89.315 89.177 88.864 88.779 -9999 87.104
-9999 -9999 94.206 94.165 94.356 94.745 94.587 95.219 94.595 94.595 94.853 -9999 95.123 95.26 96.052 -9999 97.854 98.337 98.323 97.642 96.875 96.906 97.563 98.299 99.277 99.376 98.749 97.556 96.123 94.278 93.121 93.235 93.187 92.859 92.817 -9999 94.265 94.248 95.248 94.955 94.214 93.929 93.771 93.705 93.826 94.034 94.386 93.866 93.555 93.472 93.485 93.371 93.625 94.206 93.405 94.391 96.091 95.024 93.593 92.077 91.369 90.936 90.571 89.976 89.573 89.321 89.243 89.035 88.922 89.371 87.659
-9999 -9999 94.106 94.175 94.445 94.829 94.886 95.271 95.016 95.026 95.272 95.139 95.175 95.27 95.683 96.786 97.827 98.228 98.023 97.156 96.561 97.08 97.646 98.339 99.283 99.506 98.357 97.637 95.895 93.667 94.928 95.295 93.678 92.875 92.957 93.464 94.231 94.391 94.782 94.276 94.114 93.95 93.835 93.812 93.75 93.788 93.907 93.674 93.482 93.507 93.656 93.939 93.714 93.963 93.628 93.646 95.294 95.661 95.269 94.092 92.282 91.625 90.633 89.904 89.645 89.599 89.714 89.434 89.234 91.203 90.321
93.378 93.56 93.888 94.133 94.167 -9999 94.821 94.858 94.661 94.992 95.48 95.302 95.296 95.335 95.759 -9999 97.667 98.042 97.955 96.91 96.313 97.07 97.425 98.63 99.137 98.831 98.204 97.442 95.544 93.695 97.263 97.773 94.839 92.958 93.412 -9999 94.15 94.353 94.361 94.132 94.046 93.845 93.842 93.822 93.778 93.766 93.894 93.712 93.526 93.576 93.943 94.08 93.987 93.757 93.749 94.323 95.394 96.339 96.102 95.542 94.504 92.759 91.503 90.002 89.675 89.785 90.248 90.385 91.343 93.251 92.971
93.274 93.509 93.673 93.763 93.826 94.036 94.303 94.406 94.258 94.443 95.043 95.318 -9999 95.419 -9999 -9999 97.161 97.551 97.634 97.076 96.837 97.291 97.884 98.637 99.372 98.731 97.885 96.9 95.508 94.391 94.082 96.954 95.721 93.749 93.682 -9999 94.153 94.172 94.094 94.076 94.038 93.946 93.914 93.845 93.78 93.753 93.854 93.714 93.567 93.866 94.095 94.245 93.861 93.67 93.641 93.912 95.529 95.932 96.056 96.073 94.51 92.298 90.99 90.181 89.596 89.514 91.05 91.737 93.763 95.455 93.681
93.409 93.563 93.737 93.498 93.547 93.708 93.937 94.141 94.176 94.31 94.636 95.56 95.842 -9999 -9999 -9999 -9999 -9999 96.79 96.692 97.007 97.305 98.491 99.223 99.131 98.329 97.197 96.553 95.686 94.652 94.192 93.519 94.221 -9999 -9999 93.899 94.149 94.128 94.066 94.218 94.143 94.158 94.096 93.952 94.027 94.191 93.96 93.857 93.711 93.891 94.026 93.986 93.764 93.505 93.505 93.644 93.61 94.74 95.58 94.603 93.105 92.07 91.864 90.775 89.609 89.417 89.549 90.273 94.652 95.452 93.109
93.484 93.592 93.644 93.548 93.58 93.683 93.82 94.001 94.074 94.313 94.489 96.638 96.362 95.347 94.714 94.516 94.777 94.958 95.539 96.147 96.536 97.748 98.351 99.283 98.91 97.951 97.305 96.564 95.984 95.181 94.858 94.413 94.377 -9999 -9999 94.161 94.214 94.198 94.207 94.343 94.388 94.348 94.36 94.8 94.927 95.553 94.595 94.006 93.983 94.031 93.951 93.871 93.646 93.538 93.37 93.388 93.38 93.639 94.065 92.966 92.75 92.923 94.694 93.718 90.828 89.378 89.343 90.855 94.957 96.26 94.377
93.472 93.583 93.589 93.595 93.63 93.726 93.843 94.046 94.299 94.438 94.728 95.502 95.632 94.9 94.422 94.294 94.364 94.434 94.817 95.437 96.307 97.826 98.562 99.036 98.772 97.92 97.497 96.642 95.97 95.526 95.258 95.134 95.054 -9999 -9999 94.932 94.528 94.205 94.211 94.464 94.471 94.541 95.066 95.998 96.422 95.374 94.14 94.158 94.102 93.973 93.912 93.835 93.682 93.61 93.322 93.36 93.274 93.254 93.1 93.001 92.971 93.424 95.012 94.613 91.923 90.443 89.92 92.166 95.9 96.575 94.97
-9999 93.586 93.61 93.651 -9999 -9999 -9999 94.114 94.253 94.495 94.441 94.336 94.686 94.417 94.312 94.285 94.378 94.551 94.675 94.718 95.553 97.382 98.783 99.308 98.677 98.074 97.253 96.587 96.008 95.707 95.422 95.64 96.258 -9999 98.022 96.26 95.38 94.457 94.407 94.447 94.405 94.625 94.976 96.343 96.847 95.386 94.503 94.824 94.424 94.063 93.947 93.804 93.636 93.394 93.253 93.288 93.227 93.163 93.32 93.297 93.362 93.487 95.583 94.265 92.158 91.33 90.516 92.132 94.985 94.915 89.86
-9999 -9999 -9999 93.93 93.976 94.253 94.872 95.42 -9999 -9999 94.573 94.563 94.504 94.244 94.208 94.27 94.287 94.554 94.642 94.645 95.04 96.25 97.715 98.504 98.009 97.436 96.354 96.285 96.008 95.659 95.9 96.085 97.719 99.961 98.672 95.947 96.717 95.649 94.758 94.605 94.644 94.62 95.236 95.536 95.456 94.737 94.834 96.593 94.818 94.153 93.96 93.791 93.606 93.439 93.461 93.319 93.212 93.22 93.395 93.502 93.47 93.461 93.645 93.098 93.549 92.779 91.629 91.782 92.46 90.545 87.114
94.267 -9999 94.199 94.846 94.593 94.49 95.473 95.673 95.345 -9999 -9999 -9999 94.454 94.384 94.334 94.308 94.338 94.591 94.811 94.742 94.925 95.274 95.403 96.603 96.814 96.954 96.288 96.042 -9999 95.354 96.015 97.789 99.844 102.168 101.351 98.723 102.212 97.369 95.097 94.646 94.805 94.611 94.677 94.805 94.651 94.461 94.499 94.763 94.318 93.952 93.915 93.785 93.668 93.505 93.228 93.23 93.215 93.202 93.413 93.571 93.591 93.15 93.066 93.678 93.353 92.773 91.761 90.818 89.17 87.873 86.872
-9999 -9999 94.394 94.647 95.156 95.935 97.271 95.268 95.529 95.675 94.873 94.78 94.786 94.752 -9999 -9999 -9999 94.686 94.793 94.799 94.789 94.984 95.272 95.44 95.238 95.818 95.801 -9999 95.267 95.265 95.872 97.39 100.569 104.076 103.203 97.129 99.079 96.918 95.376 96.292 96.327 95.876 94.677 94.497 94.497 94.418 94.27 94.199 94.104 93.939 93.936 93.908 93.911 93.592 93.394 93.288 93.204 93.155 93.335 93.509 93.304 93.064 92.953 93.199 92.763 92.182 92.095 90.679 87.919 87.121 86.804
94.574 94.587 94.825 94.609 96.034 100.033 102.203 99.038 97.019 95.501 94.866 95.022 95.188 95.728 96.027 96.132 -9999 -9999 94.785 94.807 94.848 -9999 95.033 95.067 95.097 95.229 95.212 95.565 95.547 95.512 95.426 97.226 101.332 102.638 100.69 97.637 96.609 98.045 98.477 99.515 97.868 97.071 95.043 94.651 94.468 94.315 94.245 94.25 94.129 93.986 93.981 93.937 93.831 93.647 93.562 93.49 93.25 93.201 93.142 93.034 93.042 92.955 93.019 92.978 92.76 92.3 92.036 93.097 88.987 87.36 86.913
94.627 94.814 95.734 97.638 100.078 103.537 105.587 103.904 99.444 95.906 95.049 95.454 95.385 95.968 96.083 96.207 -9999 -9999 94.912 94.834 94.892 95.087 95.204 95.195 95.209 95.284 95.398 96.601 96.11 95.485 95.759 98.042 104.838 104.458 100.732 98.037 99.202 100.042 102.47 101.056 96.623 95.411 94.653 94.538 94.433 94.326 94.417 94.345 94.266 94.219 94.143 94.156 94.043 93.841 93.712 93.699 93.454 93.265 93.013 92.862 92.887 92.918 92.957 93.267 93.402 93.716 93.714 94.845 88.818 87.677 87.182
94.72 95.396 97.477 -9999 105.631 108.003 106.95 104.664 100.485 96.398 95.451 95.656 96.704 98.123 96.42 96.412 96.646 95.801 95.19 95.097 95.147 95.347 95.386 95.337 95.369 95.574 97.312 98 96.977 98.72 96.533 96.357 101.057 103.53 102.394 98.066 100.991 102.384 102.567 100.3 96.192 94.833 94.545 94.458 94.497 94.566 94.49 94.477 94.42 94.294 94.255 94.444 95.169 94.155 93.845 93.592 93.405 93.151 92.945 92.888 92.972 92.991 93.099 94.21 94.606 94.513 92.22 90.213 88.398 87.623 87.332
94.86 97.191 101.735 105.467 107.909 110.007 108.231 105.322 99.951 96.131 95.738 95.766 96.696 103.225 101.147 97.877 96.592 95.514 95.414 -9999 -9999 95.492 95.487 95.382 95.415 96.84 100.099 102.643 101.919 104.056 101.552 98.875 100.049 103.901 106.303 103.189 104.503 101.935 103.291 104.182 99.207 95.09 94.54 94.547 94.639 94.893 94.687 94.557 94.528 94.225 94.189 94.222 94.077 94.003 93.87 93.486 93.25 93.18 92.894 92.945 93.073 93.238 93.784 95.645 94.827 92.993 90.055 88.608 87.942 87.715 87.39
95.842 100.444 107.132 107.371 107.341 107.014 106.813 103.891 98.117 95.729 95.419 95.454 96.156 99.939 99.464 97.423 95.906 95.41 95.545 95.75 95.822 95.686 95.542 95.628 95.715 96.603 97.415 99.623 98.556 103.361 104.271 101.593 100.414 100.889 101.441 103.346 104.311 102.21 103.976 103.8 99.713 96.046 94.909 94.818 95.16 95.782 95.465 94.627 94.4 94.229 94.192 94.135 94.067 93.906 93.689 93.335 93.534 93.873 93.697 93.022 93.083 93.687 93.927 97.554 96.441 91.851 89.745 88.461 87.965 87.778 87.561
97.164 101.04 104.95 105.446 105.764 103.823 101.312 98.078 95.837 95.264 95.43 95.553 95.602 95.985 96.076 96.069 95.893 95.815 95.807 95.96 95.998 95.85 95.758 95.835 95.884 96.162 96.377 96.982 97.451 100.001 101.372 -9999 98.693 97.213 96.201 100.711 104.208 98.582 106.935 103.167 97.907 95.654 95.216 95.108 95.362 97.876 96.878 95.365 94.465 94.324 94.308 94.243 94.142 93.919 93.516 93.454 93.893 97.384 95.313 93.203 93.348 93.97 95.695 97.492 96.504 91.39 89.499 88.68 88.048 87.817 87.759
95.597 99.953 102.428 102.551 104.706 99.114 96.791 95.456 95.4 95.421 95.517 95.549 95.517 95.498 95.69 95.93 95.985 95.972 96.008 96.231 96.282 96.017 95.96 96.003 96.031 96.041 96.172 96.264 96.387 97.292 98.093 -9999 96.884 96.552 96.239 96.873 97.627 96.63 100.048 98.9 96.25 96.03 95.542 95.226 95.526 96.701 96.697 95.464 94.958 94.495 94.442 94.389 94.257 94.391 93.902 94.246 93.561 94.448 94.285 93.341 93.328 93.855 95.796 97.437 96.402 92.381 89.394 88.635 88.083 87.859 87.852
