dsm/se2539_DSM_2M.asc
ncols 500
nrows 500
xllcorner    425000
yllcorner    439000
cellsize     2
NODATA_value -9999
[rows 450 to 479 of 500, columns 268 to 334 of 500]
181.292 178.768 177.689 176.774 175.196 172.654 172.817 174.895 174.077 174.299 173.829 174.917 175.915 173.345 173.18 173.072 174.62 179.443 176.226 173.944 173.137 174.053 176.285 176.529 173.823 173.493 173.711 173.735 174.047 175.974 177.279 175.624 175.867 176.544 174.655 174.218 174.428 174.507 174.557 174.664 174.725 174.859 174.645 175.276 179.488 181.843 175.334 175.132 177.667 177.191 175.4 175.139 177.033 181.851 178.307 183.134 179.807 177.091 177.107 177.422 177.056 176.399 179.563 181.302 181.39 182.316 180.477
177.9 176.412 174.534 173.118 173.023 172.315 172.218 172.513 172.741 173.607 174.156 174.167 173.525 172.885 173.031 172.833 173.724 177.96 179.499 174.125 173.243 173.508 173.637 174.592 173.842 173.43 173.507 173.555 173.65 173.838 174.512 174.389 174.125 174.542 174.426 174.217 174.544 174.355 174.388 174.368 174.472 174.512 174.503 174.917 177.818 178.98 175.348 174.997 178.374 179.948 175.534 174.994 175.347 175.317 176.556 177.813 177.208 175.461 175.76 176.223 175.997 175.926 179.752 181.799 180.105 179.843 177.452
174.771 173.081 172.9 172.867 172.277 172.397 172.311 172.307 172.38 172.764 175.031 175.92 172.697 172.496 172.579 172.673 172.701 173.625 173.426 174.072 174.531 174.382 173.485 173.282 173.67 173.481 173.389 173.381 173.595 173.873 175.164 175.915 174.548 175.35 176.152 177.501 176.542 175.231 174.198 174.231 174.309 174.411 174.414 174.555 174.918 174.868 174.753 174.741 175.08 175.411 175.338 175.399 175.341 175.053 174.94 175.496 175.548 175.164 175.189 175.243 175.514 175.703 178.727 180.398 177.748 177.236 176.804
178.047 176.367 181.394 177.211 172.64 172.236 172.183 172.399 172.588 172.797 174.064 173.385 172.639 172.559 174.887 173.609 172.721 172.581 172.615 173.238 176.214 174.884 173.579 175.671 176.229 174.936 173.399 173.229 173.383 173.865 177.4 179.428 175.573 179.796 178.871 177.979 182.311 175.307 174.166 174.567 175.112 174.597 174.314 174.297 174.458 175.182 177.758 177.42 174.98 174.664 174.844 177.301 178.501 175.45 174.954 175.84 178.995 176.622 175.026 175.145 175.206 175.416 175.793 176.182 175.903 176.01 176.259
175.512 180.779 184.57 176.984 173.115 172.217 172.16 172.595 172.664 173.35 174.558 173.133 172.511 174.497 178.614 175.437 172.531 172.46 172.71 173.121 175.08 173.879 174.701 177.777 180.885 175.713 173.43 173.183 173.245 173.525 174.104 174.044 175.997 180.855 177.087 175.16 175.302 174.575 174.352 176.344 178.463 174.762 174.126 173.907 174.236 175.606 180.595 184.482 176.874 174.724 174.652 175.49 176.62 175.105 174.74 176.572 181.925 176.128 175.003 174.987 175.057 175.15 175.238 175.301 175.362 175.59 175.883
175.113 182.085 176.66 173.637 172.613 172.681 174.046 176.113 173.41 173.983 174.371 172.771 173.213 174.411 172.979 172.779 172.297 172.363 172.502 173.662 177.803 175.633 174.948 173.816 173.863 173.694 173.146 173.117 173.166 173.414 173.473 173.252 174.753 179.827 181.429 174.129 173.753 173.904 174.043 175.102 174.852 174.356 174.305 174.141 174.386 174.875 175.786 177.307 176.497 174.436 174.407 174.877 174.683 174.565 174.718 175.147 175.395 175.224 174.688 174.793 174.86 174.917 174.958 174.962 175.16 175.204 175.467
173.906 175.099 174.071 172.403 172.665 177.566 180.451 180.299 177.571 181.376 174.027 172.721 172.421 172.311 171.982 172.135 172.239 172.268 172.339 173.378 175.993 173.86 173.515 173.011 172.963 173.031 173.088 173.295 173.153 173.247 173.263 173.242 173.875 177.355 177.559 174.446 173.704 173.982 174.023 174.135 174.022 173.863 174.127 174.167 174.314 174.373 174.28 174.884 175.185 174.862 176.722 176.67 174.91 174.519 174.744 174.597 174.627 174.704 174.657 174.645 174.715 174.925 175.243 175.64 176.303 175.543 175.209
171.811 174.677 177.84 172.218 173.642 179.024 175.803 179.924 175.428 175.627 172.903 171.781 171.732 171.724 171.806 171.953 172.101 172.068 172.556 173.172 176.061 174.294 173.132 173.21 173.321 172.907 174.25 173.987 174.75 172.988 173.264 173.759 174.46 175.422 176.752 174.928 173.587 173.793 174.062 174.067 173.842 173.873 173.918 173.991 174.319 174.064 174.121 174.163 174.287 174.82 178.349 179.294 175.025 174.378 174.494 174.497 174.568 174.704 174.656 174.447 174.656 175.111 178.58 178.968 178.368 175.81 175.224
171.167 172.119 174.77 172.249 171.768 171.836 173.245 172.945 172.722 171.816 172.107 171.893 171.693 172.107 172.233 172.353 172.054 172.185 172.913 177.552 177.469 175.799 176.878 176.677 175.967 173.526 173.895 180.219 175.091 173.256 173.956 175.58 176.895 176.519 176.106 174.935 173.617 173.602 174.482 175.84 175.232 174.871 174.451 175.312 178.783 176.348 174.577 173.956 174.029 174.102 174.876 174.973 174.723 174.289 174.348 174.365 174.849 176.024 175.431 175.005 175.494 175.49 177.007 178.955 176.465 175.173 175.075
170.865 172.299 176.56 174.012 171.542 171.73 174.84 180.434 175.022 173.331 174.077 177.239 173.094 175.719 178.835 172.902 172.215 172.166 172.862 175.087 177.373 180.857 178.579 182.297 179.165 172.658 172.926 173.878 173.733 174.085 176.13 176.159 176.123 174.993 175 174.643 173.684 173.44 174.579 177.105 177.828 180.073 179.259 178.007 184.009 182.512 175.451 174.233 173.889 173.931 174.097 174.091 174.105 174.256 174.296 174.443 176.622 181.03 176.366 176.032 181.764 177.656 174.979 175.695 178.035 175.735 174.886
171.225 172.557 172.649 175.102 177.236 172.674 175.749 179.402 177.466 172.465 174.028 175.728 173.182 174.587 174.378 172.922 172.314 172.15 172.098 172.26 172.997 174.431 172.904 174.639 172.843 172.644 172.656 172.725 173.486 176.67 176.053 174.909 174.593 174.114 174.795 174.707 173.366 173.294 173.9 177.863 181.287 184.683 183.45 180.015 176.022 178.796 177.564 176.197 173.795 173.947 174.056 174.037 174.032 174.116 174.21 175.706 177.678 175.746 175.836 174.858 175.693 175.805 174.934 176.553 181.593 176.749 174.899
172.683 176.301 172.654 174.926 177.04 177.048 173.918 174.292 172.517 171.705 171.761 172.271 171.889 171.922 172.114 172.268 172.31 172.145 172.41 172.493 173.595 174.633 172.462 175.4 176.926 174.108 173.275 173.639 172.932 173.456 174.668 173.738 173.4 173.362 174.585 174.914 173.562 173.298 174.537 177.852 177.11 183.728 186.802 178.929 177.767 181.55 182.501 178.8 174.057 173.908 173.87 173.829 174.06 174.403 174.382 174.799 174.652 174.405 174.459 174.498 174.962 175.802 179.235 177.387 176.12 175.026 174.466
171.981 174.276 172.141 171.785 174.001 178.6 177.177 173.736 173.596 172.203 171.42 171.335 171.343 171.519 171.637 172.049 172.273 172.353 172.885 172.727 172.631 172.257 172.536 173.396 176.746 179.362 181.247 177.907 174.925 173.462 174.607 173.603 172.724 172.766 173.149 174.378 174.478 173.767 179.304 184.588 181.463 184.856 185.176 183.792 185.809 186.783 182.914 184.333 175.55 173.684 173.894 173.82 174.264 176.856 176.535 174.809 174.001 173.966 174.161 174.406 175.476 180.331 183.917 180.83 176.344 174.45 174.43
171.74 171.375 170.98 171.181 178.281 182.484 180.797 179.738 175.693 173.719 171.695 171.247 171.252 171.364 171.723 172.624 173.392 172.282 172.984 172.8 171.999 171.957 171.96 173.173 177.74 182.094 181.12 182.698 178.458 172.871 172.734 173.001 172.614 172.875 172.878 174.328 174.888 173.513 175.116 181.671 184.819 188.691 188.064 189.84 190.93 190.13 182.649 177.682 174.69 173.43 173.684 173.779 174.037 175.806 178.326 179.388 174.996 174.064 174.103 174.277 176.719 181.591 176.26 175.549 174.146 174.376 174.483
171.412 173.245 171.716 171.378 176.295 180.141 175.065 172.564 172.728 172.227 171.753 171.439 171.144 171.203 172.476 176.652 177.931 173.085 172.945 172.811 172.122 172.245 172.678 173.199 173.376 175.591 174.499 178.757 174.443 172.731 172.474 172.556 172.866 172.694 172.48 172.7 172.904 172.622 172.697 174.642 177.021 184.172 185.192 187.055 190.582 187.789 177.792 173.972 173.44 173.348 173.485 173.546 173.48 174.015 176.135 179.212 176.532 174.944 174.07 174.731 177.811 175.757 174.346 173.796 173.953 174.424 175.659
174.03 176.865 172.847 170.936 171.868 173.314 176.927 174.49 176.926 181.594 176.462 172.837 172.034 171.564 175.094 179.807 176.184 178.65 172.466 172.128 171.827 173.893 179.305 173.567 173.639 172.6 174.355 176.457 177.187 172.997 172.356 172.378 172.485 172.348 172.23 172.425 172.385 172.489 172.572 172.745 173.86 177.797 179.36 176.851 182.755 181.881 178.598 174.559 173.35 173.436 173.632 173.369 173.262 174.636 181.555 184.654 181.746 176.582 174.167 175.646 181.234 176.549 174.965 173.931 174.201 174.102 175.318
180.177 175.004 173.341 171.383 170.985 175.786 176.895 176.373 180.261 177.096 177.22 177.518 175.031 172.908 179.792 180.325 176.814 174.348 173.763 172.557 171.968 172.724 174.074 174.595 174.814 174.805 176.02 174.426 173.48 172.476 172.441 172.141 172.121 172.146 172.104 172.213 172.205 172.371 172.623 172.724 172.557 173.88 176.433 176.969 174.719 176.502 181.438 175.692 173.572 173.473 173.58 173.248 173.808 179.9 186.531 186.249 183.24 175.121 174.154 174.191 174.506 178.497 180.811 176.232 176.548 177.128 175.205
174.922 174.005 170.828 170.529 170.925 172.062 175.248 176.061 174.343 177.75 181.51 178.256 174.761 174.596 179.122 183.264 179.916 177.952 173.425 172.142 171.609 171.304 171.507 172.417 172.133 173.451 176.074 178.031 172.32 172.253 172.096 171.919 172.006 172.014 171.997 172.498 173.002 174.557 174.727 174.232 172.67 173.152 176.542 177.972 173.588 174.237 174.705 174.369 173.224 173.787 174.367 173.356 174.355 179.61 185.053 177.625 174.451 173.962 173.579 173.284 175.026 182.277 187.566 184.865 181.892 179.366 174.758
176.467 172.299 170.36 170.195 170.196 170.729 173.284 175.322 175.601 182.811 178.494 172.35 172.577 171.936 172.57 176.535 174.702 174.624 171.781 171.751 171.385 171.411 171.713 173.404 172.262 171.744 172.511 172.844 172.118 171.748 171.757 171.802 171.942 171.976 171.848 174.116 178.306 176.933 177.749 174.454 172.945 172.713 173.43 173.411 172.997 172.817 173.444 173.101 172.9 174.276 175.587 173.947 173.717 174.065 175.475 173.943 173.709 176.189 175.001 174.699 174.578 181.903 188.882 187.657 181.975 175.764 174.503
170.992 170.415 170.152 170.104 169.983 170.111 171.176 172.452 173.911 176.051 175.026 171.311 170.791 170.492 170.798 171.192 171.28 170.959 170.652 173.526 175.503 172.206 171.164 171.498 171.74 171.585 171.835 172.014 171.605 171.477 171.566 171.631 171.813 171.996 171.781 173.48 174.402 173.961 173.104 173.042 172.585 172.786 172.803 172.717 172.713 172.75 172.921 172.713 172.787 173.171 174.564 176.693 174.476 174.069 174.971 175.835 175.137 181.722 184.955 177.963 174.762 179.617 183.507 184.111 181.001 177.497 174.156
170.182 170.026 170.037 170.079 170.055 170.063 170.107 170.11 170.308 170.727 170.939 170.953 170.472 170.421 170.372 170.559 170.594 170.506 171.189 175.721 178.45 171.635 170.854 171.049 171.046 171.237 171.523 171.956 171.695 171.531 171.648 171.477 171.54 171.614 171.684 172.464 176.602 176.104 172.789 172.274 172.413 172.585 172.58 172.516 172.507 172.722 172.949 172.972 173.352 173.783 178.33 181.717 175.529 174.211 177.144 179.944 173.572 177.667 182.869 174.808 175.295 178.244 179.914 175.022 174.994 174.378 173.904
170.712 170.353 170.593 170.068 170.111 170.015 170.016 169.972 170.119 171.42 172.023 170.609 170.35 170.307 170.243 170.401 170.436 170.433 170.92 171.579 171.829 170.73 170.828 170.875 171.017 171.079 171.103 171.266 171.559 172.457 172.959 171.855 171.484 171.575 171.688 173.076 178.531 178.283 172.935 172.172 172.317 172.323 172.375 172.895 173.593 172.753 173.139 173.28 173.825 175.029 180.389 175.715 173.773 173.037 173.316 173.788 173.582 173.925 173.965 174.097 173.995 174.573 174.526 173.825 173.739 173.993 175.316
171.652 175.863 172.52 170.062 169.868 169.826 169.928 169.943 170.185 172.268 173.361 170.622 170.189 170.232 170.332 170.337 170.375 170.491 170.867 172.174 171.129 170.716 170.696 170.951 171.535 171.081 170.771 171.186 172.286 175.613 175.537 172.239 171.746 172.072 172.113 176.031 180.95 174.832 172.351 172.048 172.317 172.405 172.389 173.567 174.802 173.176 174.919 174.931 173.054 172.981 173.267 173.413 172.774 172.951 173.225 172.963 173.288 173.663 173.519 173.429 174.159 178.977 177.041 174.816 176.584 177.161 178.713
171.338 172.508 170.307 169.733 169.774 169.735 169.669 169.847 169.879 170.898 171.607 170.456 170.106 170.586 171.344 172.311 171.132 171.179 173.633 176.137 172.636 171.242 170.76 170.948 171.866 171.384 171.386 172.51 175.305 175.443 172.713 171.464 171.967 174.089 172.246 175.027 177.829 176.54 173.64 172.342 172.262 172.253 172.062 172.492 172.66 173.523 176.356 179.617 173.685 172.343 172.614 172.693 172.76 172.867 173.099 172.994 173.214 173.564 173.514 173.418 176.201 180.515 179.299 178.33 178.02 178.824 178.111
170.144 170.03 170.331 170.473 169.91 169.827 169.734 169.756 169.766 170.249 170.31 170.156 170.135 172.628 175.683 176.421 170.719 171.37 174.792 176.947 175.217 172.714 170.981 170.507 170.895 171.342 173.071 177.549 175.118 172.418 171.46 171.181 171.411 172.703 172.301 172.021 172.245 174.118 172.593 171.946 171.942 171.964 172.079 172.253 172.518 172.784 172.937 173.721 172.753 172.795 172.715 172.673 172.736 172.897 172.962 172.962 173.049 173.307 173.481 174.372 178.456 181.17 182.294 178.181 176.888 177.626 175.351
169.941 170.512 172.948 175.016 170.274 169.691 169.674 169.623 170.207 171.615 172.867 170.092 170.188 173.835 176.182 171.049 170.085 170.003 171.116 175.642 178.086 172.043 170.783 170.51 170.531 171.256 175.061 177.204 172.776 171.04 171.098 171.094 171.156 171.548 172.013 172.997 171.494 171.396 171.524 171.584 171.869 171.757 171.985 172.244 172.453 172.492 172.546 172.532 173.371 175.046 173.206 172.989 172.769 173.011 172.936 172.82 172.877 172.861 173.141 174.471 177.607 178.01 177.573 174.493 173.922 174.557 173.714
169.827 171.578 171.674 172.981 170.301 169.753 169.561 169.564 170.939 177.521 172.665 170.047 169.742 170.54 172.564 172.145 170.661 169.899 170.851 172.689 172.208 170.801 170.417 170.407 170.448 170.857 172.089 174.1 173.168 171.502 170.979 171.007 171.011 171.111 171.896 172.362 171.366 171.498 171.525 172.665 173.581 172.334 172.015 172.242 173.272 173.631 172.954 173.212 176.492 178.427 175.668 173.846 172.879 172.773 172.695 172.61 172.627 172.782 172.917 173.019 174.217 174.589 173.485 173.343 174.024 173.81 173.075
169.601 172.179 174.432 171.127 169.652 169.64 169.383 169.269 171.104 173.583 172.233 171.432 169.712 170.075 173.67 176.216 170.342 170.147 170.539 170.243 170.514 171.329 171.329 170.6 170.444 170.516 171.693 175.363 176.329 172.067 170.96 170.915 170.88 171.05 171.764 172.258 171.376 171.585 171.823 175.268 177.052 172.659 172.395 173.942 175.809 174.869 173.683 174.808 178.567 177.841 175.99 174.08 172.542 172.434 172.459 172.481 172.62 172.793 173.121 173.618 174.058 174.179 174.003 173.536 174.94 174.231 173.29
169.833 173.309 178.879 173.281 170.594 170.962 169.92 169.676 169.825 172.121 176.554 173.232 170.639 169.675 170.211 170.924 170.06 170.017 170.615 170.765 172.312 176.286 174.259 172.452 170.431 170.46 171.148 173.177 172.525 170.876 170.833 171.003 171.514 172.122 171.573 172.128 171.773 171.654 172.33 174.932 174.03 174.265 174.782 176.503 177.86 175.317 173.997 174.078 175.113 174.966 174.043 172.376 172.213 172.293 172.347 172.463 172.629 172.699 173.887 174.893 174.987 174.542 173.737 173.5 174.216 174.054 173.373
169.754 172.095 177.189 176.846 173.34 178.693 175.446 170.89 169.318 170.096 170.652 170.615 170.198 169.735 169.578 169.505 169.636 169.645 169.867 169.991 173.206 177.275 178.429 172.34 170.567 170.341 170.708 171.532 170.944 170.887 171.316 172.699 174.776 173.885 172.981 174.174 172.836 171.826 172.933 175.701 176.657 178.019 179.286 177.343 175.947 174.024 172.627 172.28 172.334 172.481 172.813 172.461 172.191 172.178 172.222 172.322 172.421 172.753 174.322 175.434 175.363 174.838 173.824 174.346 173.909 173.911 174.143
