dsm/se2534_DSM_2M.asc
ncols 500
nrows 500
xllcorner    425000
yllcorner    434000
cellsize     2
NODATA_value -9999
[rows 128 to 159 of 500, columns 213 to 283 of 500]
86.973 86.376 86.184 85.259 84.084 83.74 83.012 82.1 81.57 81.507 81.35 81.334 81.595 83.012 84.453 85.119 85.912 86.59 86.938 85.311 83.641 85.51 85.186 91.544 92.766 93.812 92.801 94.96 95.182 89.634 91.712 93.985 90.752 89.914 89.378 89.079 88.744 88.653 88.652 88.621 88.546 88.575 88.485 88.37 88.158 88.427 89.153 90.173 90.631 90.46 91.665 92.029 92.906 91.665 90.959 87.723 89.811 88.964 89.234 87.017 87.471 89.116 88.603 89.786 87.031 87.797 89.737 89.25 84.075 85.785 83.607
86.65 86.245 85.786 85.323 84.314 82.93 82.43 81.96 81.722 81.654 81.62 81.665 81.694 82.203 84.126 83.96 85.403 86.577 84.787 87.483 84.601 87.075 88.973 92.265 88.656 92.973 94.081 94.28 94.409 88.7 92.119 93.445 90.831 89.893 89.013 88.847 88.737 88.705 88.738 88.73 88.674 88.646 88.556 88.521 88.407 88.561 88.856 89.248 89.1 90.692 92.517 91.685 91.647 90.704 92.14 90.352 91.528 91.099 90.511 88.146 86.578 87.719 87.834 89.919 89.521 88.817 87.754 87.662 85.561 87.351 87.543
86.611 86.191 85.461 85.087 86.598 84.164 82.591 82.169 81.984 81.888 81.832 81.882 81.946 82.59 83.522 83.962 84.88 86.574 87.178 87.533 86.484 86.321 90.622 92.086 91.81 93.36 89.393 93.759 91.977 93.439 94.193 90.357 89.558 89.023 89.075 88.946 88.779 88.828 88.886 88.811 88.738 88.751 88.824 88.739 88.834 89.721 89.314 89.267 89.317 89.438 90.495 89.645 89.569 91.647 92.597 91.661 91.918 92.041 90.485 89.822 87.399 88.569 88.832 89.061 87.65 87.888 86.805 86.621 89.908 88.771 88.579
86.714 85.909 84.559 85.166 86.58 84.092 82.78 82.29 82.068 81.817 81.854 81.921 82.467 82.729 82.758 84.412 87.149 88.234 87.471 85.378 87.581 88.48 91.917 92.649 95.713 93.836 94.181 92.593 92.671 92.25 92.888 90.395 89.109 88.877 88.849 88.822 88.856 88.877 88.888 88.833 88.761 88.851 89.18 89.167 89.323 89.702 89.424 89.504 89.762 89.807 89.611 89.607 89.612 90.052 90.603 90.858 91.774 91.649 90.497 90.312 88.39 89.661 88.843 90.518 89.612 87.263 86.742 89.06 90.457 89.09 89.244
88.109 86.164 84.798 84.919 85.311 83.905 82.559 82.502 82.324 81.986 81.911 82.923 83.156 82.867 82.946 84.007 87.262 92.421 87.968 86.659 88.564 86.912 90.372 94.336 95.149 94.011 93.166 92.046 92.364 92.83 91.488 89.816 89.35 88.969 88.902 88.883 88.891 88.901 88.891 88.848 90.43 89.27 89.39 89.386 89.432 89.437 89.411 89.619 90.019 90.05 89.975 89.816 89.733 89.827 90.054 90.118 91.092 90.758 90.234 89.289 88.397 88.625 89.1 91.947 90.201 89.151 87.123 89.489 90.247 89.721 89.438
91.329 87.877 84.66 83.748 83.469 82.971 82.828 82.701 82.515 82.21 82.488 86.997 85.351 83.455 83.245 84.251 86.375 87.042 86.377 88.648 88.569 89.417 90.945 92.723 93.522 93.326 89.718 91.533 89.528 89.56 89.145 89.646 89.207 89.103 89.063 89.052 89.006 88.977 88.923 88.962 90.533 91.203 89.638 89.563 89.454 89.429 89.519 89.814 89.943 90.108 89.943 89.888 89.875 89.914 90.083 90.165 90.255 90.32 90.617 90.044 89.531 89.925 89.978 92.805 92.624 91.036 90.168 90.548 91.243 90.137 90.261
92.267 88.058 84.761 84.038 83.563 83.145 83.007 82.887 82.681 82.404 82.996 86.036 85.103 83.883 83.849 84.234 84.952 85.763 86.011 87.56 88.633 89.291 90.441 91.114 90.884 90.819 91.03 90.648 89.93 89.332 89.148 89.26 89.098 89.087 89.135 89.242 89.181 89.178 89.074 89.221 90.363 90.139 89.598 89.511 89.71 89.529 89.683 89.933 89.891 89.997 89.928 89.877 89.942 90.185 90.376 90.196 90.121 90.203 90.29 90.23 90.34 90.998 90.814 90.512 91.121 92.832 92.575 91.577 92.319 90.04 89.87
90.027 86.944 84.845 84.147 83.667 83.373 83.237 83.019 82.826 82.918 82.699 84.281 84.526 84.285 84.464 84.574 84.606 84.936 85.764 86.476 88.949 89.795 90.506 89.138 89.155 89.263 89.271 88.643 88.737 88.945 88.895 88.951 88.984 89.039 89.149 89.335 89.306 89.311 89.323 89.451 89.503 89.696 90.576 92.34 91.222 90.395 90.16 89.915 89.85 89.877 89.914 89.851 90.087 90.367 90.386 90.32 90.314 90.212 90.209 90.272 90.72 90.985 91.386 90.927 90.789 91.626 92.323 92.001 92.209 91.382 90.128
87.819 85.982 84.899 84.193 83.861 83.57 83.169 83.207 83.414 83.525 84.382 84.255 84.378 84.477 84.678 84.749 84.862 85.454 86.042 88.055 89.94 90.498 90.418 88.775 88.38 88.349 88.411 88.483 88.615 88.67 90.555 90.234 89.473 89.147 89.255 89.435 89.443 89.438 89.521 89.525 89.612 89.742 91.096 92.126 92.006 92.386 90.445 90.017 89.871 89.9 89.897 89.909 90.047 90.475 90.454 90.382 90.336 90.321 90.358 90.407 90.904 91.133 91.328 91.205 91.032 90.808 90.647 91.988 91.5 90.872 91.461
90.588 86.52 84.82 84.359 84.058 83.619 83.248 83.633 85.081 88.013 85.972 84.448 84.61 84.681 84.774 84.936 85.424 85.876 86.202 87.967 89.868 90.456 89.356 88.863 89.306 89.365 88.837 88.603 88.674 89.638 91.004 91.535 90.22 89.102 89.102 89.459 89.655 89.687 89.906 89.771 89.736 89.794 89.891 91.03 91.161 90.552 90.2 90.145 89.952 89.874 89.924 90.037 90.227 90.438 90.437 90.382 90.324 90.347 90.453 90.74 91.02 91.166 91.192 91.197 91.241 91.076 91.036 90.821 92.868 93.435 94.332
89.79 86.314 84.915 84.466 84.12 83.768 83.325 83.759 84.721 86.008 84.728 84.715 85.011 85.245 85.365 85.469 85.924 86.016 86.521 88.059 89.358 90.488 89.559 89.643 90.26 90.686 89.195 88.698 88.811 90.124 90.571 90.942 90.494 88.998 89.085 89.266 89.631 89.886 90.055 90.365 90.146 90.018 90.008 90.424 90.168 90.191 90.321 90.338 90.181 90.153 90.107 90.313 90.501 90.504 90.458 90.382 90.359 90.429 90.573 90.947 91.155 91.236 91.147 91.173 91.239 91.236 91.198 91.111 91.225 93.209 93.998
88.112 85.863 84.792 84.464 84.24 83.892 83.723 84.016 84 84.835 84.95 84.978 85.266 85.435 85.602 85.873 86.37 86.488 87.094 88.175 88.745 89.424 89.981 90.076 90.562 90.415 89.251 89.003 89.809 90.667 89.276 89.104 89.04 89.033 89.121 89.298 89.371 89.486 89.747 90.064 90.215 90.287 90.279 90.268 90.293 90.268 90.333 90.407 90.486 90.446 90.501 90.586 90.57 90.571 90.94 90.535 90.435 90.471 90.719 91.089 91.216 91.235 91.188 91.126 91.136 91.208 91.221 91.231 91.176 92.045 91.596
85.686 85.17 84.808 84.636 84.494 84.133 83.888 83.889 84.387 85.07 85.062 85.259 85.638 85.935 86.161 86.464 86.869 87.015 88.004 89.048 89.203 89.757 90.273 90.638 91.086 90.437 89.745 89.567 89.512 90.383 89.377 89.269 89.352 90.524 89.369 89.402 89.39 89.487 89.614 89.765 89.973 92.235 91.146 90.588 90.597 90.55 90.542 90.509 90.632 90.607 90.702 90.702 90.77 90.757 90.754 90.676 90.579 90.582 90.826 91.168 91.208 91.247 91.229 91.203 91.178 91.142 91.139 91.19 91.249 91.281 91.129
85.487 85.097 85.028 84.783 84.428 84.161 84.081 84.079 84.63 85.146 85.311 85.596 86.115 86.274 86.617 87.109 87.294 87.439 88.815 89.198 89.766 89.931 90.271 90.346 90.914 90.881 90.686 90.394 89.929 89.822 89.795 89.726 89.85 90.876 89.91 89.57 89.521 89.611 89.723 89.718 89.785 92.461 91.973 90.391 90.528 90.71 90.716 90.838 90.847 90.92 90.954 90.871 90.955 90.931 90.995 91.011 91.092 90.978 91.121 91.221 91.225 91.228 91.201 91.208 91.222 91.207 91.182 91.115 91.186 91.336 91.946
86.228 85.291 85.1 84.782 84.534 84.382 84.386 84.517 -9999 85.544 85.746 86.006 86.399 86.768 87.028 86.995 87.303 87.806 89.038 89.351 90.023 90.41 90.463 90.748 90.79 90.842 91.013 90.726 90.154 90.124 91.236 91.323 91.924 90.622 90.341 89.951 90.069 91.136 90.816 90.049 89.917 90.072 90.058 90.151 90.306 90.34 90.535 90.816 90.971 91.188 91.21 91.219 91.175 91.218 91.156 91.207 91.252 91.286 91.304 91.317 91.245 91.173 91.229 91.255 91.191 91.239 91.272 91.158 91.132 91.454 93.283
88.007 85.965 85.129 84.794 84.665 84.665 84.758 84.829 85.436 85.861 85.867 86.155 86.636 87.01 87.239 88.34 89.149 88.794 89.183 89.541 90.217 90.578 90.591 90.703 90.812 90.994 90.809 90.57 90.276 90.822 92.148 92.806 92.937 92.188 91.266 90.589 90.6 91.619 93.551 92.012 90.337 90.366 91.4 90.648 90.292 90.337 90.379 90.564 90.71 90.844 91.729 91.575 91.416 91.507 91.477 91.512 91.427 91.451 91.451 91.506 91.443 91.308 91.322 91.289 91.424 91.417 93.021 91.344 91.32 91.227 91.181
91.734 86.42 85.341 85.14 84.943 84.819 84.908 85.104 85.797 86.114 86.122 86.51 87.181 87.787 89.394 93.624 94.884 -9999 -9999 -9999 90.426 90.748 90.832 90.626 90.912 90.82 90.766 90.683 90.536 90.708 91.856 92.716 93.242 92.978 92.328 92.366 90.879 90.85 91.032 90.786 90.848 90.568 92.929 92.842 93.518 90.569 90.47 90.532 90.672 90.717 92.306 91.402 91.263 91.536 91.653 91.749 91.943 91.853 91.693 91.721 91.705 91.645 91.61 91.483 91.542 91.744 91.952 91.99 91.662 91.804 91.447
89.373 85.923 85.527 85.277 85.115 85.01 85.17 85.692 86.188 86.792 86.961 87.098 87.596 88.459 90.428 102.279 101.376 97.015 -9999 -9999 90.69 90.705 90.705 90.687 90.825 90.81 90.772 90.716 90.745 91.285 91.445 91.438 91.948 91.677 92.13 91.376 91.044 91.128 91.035 91.026 91.07 90.946 90.998 91.973 93.563 91.179 90.692 90.633 90.794 90.769 90.843 90.891 91.077 91.22 91.325 91.739 92.902 92.34 92.076 91.968 91.851 91.826 91.808 91.77 91.865 93.293 92.364 92.154 94.51 94.139 93.325
87.112 85.91 85.506 85.319 85.652 85.949 86.249 86.55 86.964 87.321 87.366 87.291 87.956 88.733 90.847 98.656 99.561 -9999 93.42 92.045 90.896 90.758 90.713 91.212 91.018 90.865 90.84 90.888 90.904 91.219 91.299 91.398 91.596 92.052 92.725 92.065 91.626 91.532 91.445 91.413 91.266 91.186 91.144 91.203 91.253 91.205 91.195 91.077 91.147 91.451 91.275 91.393 90.99 91.131 91.304 91.468 91.605 92.505 92.147 92.255 92.62 92.069 91.971 92.058 92.053 92.518 92.74 92.558 94.027 95.339 94.098
88.196 85.97 85.639 85.509 85.918 86.525 87.434 87.121 87.5 87.544 87.571 87.754 88.244 88.579 90.14 92.861 94.478 93.876 92.506 91.415 91.259 91.203 91.344 92.224 91.996 91.256 90.941 90.975 91.301 91.507 91.483 91.457 91.642 91.702 91.975 92.255 92.198 91.974 91.854 91.694 91.517 91.487 91.467 91.399 91.334 91.327 91.482 91.531 91.838 93.782 93.474 93.939 93.144 91.457 91.198 91.291 91.421 91.516 93.529 93.593 93.59 92.575 92.267 92.229 92.252 92.439 92.611 92.726 92.732 92.933 94.21
88.332 86.3 85.808 85.55 85.613 86.462 87.248 87.417 87.539 87.737 87.932 88.091 88.85 89.446 89.844 91.06 92.34 92.372 91.842 91.318 91.659 91.757 91.959 92.464 92.485 -9999 -9999 91.155 91.375 91.476 91.557 91.619 91.541 91.611 91.762 92.193 92.179 92.226 92.406 92.131 91.909 91.859 91.86 91.843 92.026 91.867 91.659 91.673 91.651 91.685 91.843 94.145 93.92 93.628 92.922 91.387 93.398 91.652 91.795 94 96.79 94.784 93.372 92.428 92.504 92.482 92.654 92.829 92.858 92.784 93.334
86.872 86.229 86.015 85.863 85.866 86.456 87.057 87.651 87.777 88.066 88.196 88.676 89.443 90.302 90.681 91.355 92.096 92.176 92.549 92.704 93.074 -9999 92.98 93.195 93.24 93.088 -9999 -9999 91.563 91.565 92.575 92.325 92.381 91.695 91.703 91.912 91.926 92.051 91.929 91.936 91.986 92.082 92.153 92.998 94.312 94.712 92.444 92.127 92.464 92.05 91.939 92.231 92.875 92.308 93.728 94.756 93.358 92.796 92.169 93.524 96.503 96.837 96.7 93.877 92.515 92.679 92.778 92.821 92.851 92.868 92.86
86.431 86.208 86.098 86.149 86.328 86.941 87.479 87.823 88.156 88.571 88.792 89.314 90.362 91.282 91.398 92.614 93.557 93.642 93.862 94.204 94.284 94.395 94.095 93.617 93.716 93.876 -9999 92.755 92.288 94.477 91.975 92.41 92.512 92.577 92.845 91.988 91.964 91.987 91.984 91.902 92.015 92.212 94.298 94.644 95.132 94.097 95.506 93.744 95.082 93.241 92.465 94.087 94.666 92.394 93.147 94.691 94.178 94.907 94.085 92.98 94.076 95.68 95.769 93.338 92.324 92.605 92.893 92.908 92.897 92.866 92.949
86.537 86.187 86.241 86.492 86.769 87.191 87.553 87.697 88.374 88.823 89.426 90.07 91.376 92.781 93.184 93.58 94.053 94.632 94.949 94.773 95.031 95.012 94.256 94.652 94.213 94.369 94.505 93.843 93.217 92.767 92.894 92.76 93.165 93.513 93.318 93.949 92.57 92.274 92.613 91.857 91.943 92.316 92.814 93.149 93.868 94.488 94.728 95.592 95.635 95.056 95.257 95.696 95.621 94.443 97.369 96.256 93.255 94.41 94.757 92.376 92.097 92.348 93.553 92.705 92.372 92.45 94.041 93.671 93.025 92.961 92.952
86.592 86.389 86.577 86.916 87.045 87.085 87.974 88.552 88.883 89.325 90.018 90.379 91.779 93.034 94.056 94.714 94.925 95.269 95.808 95.833 95.726 95.621 95.662 96.539 96.395 95.978 95.603 94.534 93.867 94.457 94.74 95.298 95.87 96.348 96.178 93.893 93.445 93.584 92.751 91.911 92.264 92.314 92.727 93.186 93.209 93.323 93.491 94.757 93.945 94.887 96.922 96.253 94.403 95.048 96.707 97.21 96.491 94.67 92.781 92.889 92.681 92.576 92.252 92.261 92.29 92.46 92.883 95.053 94.219 93.637 93.027
86.744 86.626 86.895 87.163 87.296 87.881 90.245 92.707 93.703 91.93 91.177 91.409 92.486 93.567 94.627 95.177 95.798 96.074 96.532 96.945 96.271 96.296 97.067 98.763 97.904 96.965 96.787 96.299 96.263 -9999 97.171 97.919 98.545 98.226 95.882 93.594 93.409 93.257 93.383 93.595 93.744 93.506 93.02 93.102 93.267 93.287 93.315 93.318 93.341 94.807 95.597 95.47 94.282 93.925 95.987 97.104 96.451 95.726 93.216 92.973 92.926 92.877 92.618 92.38 92.26 92.597 92.487 95.23 96.01 95.106 93.466
86.971 86.959 87.127 87.267 87.621 88.719 92.65 97.94 98.522 97.505 94.08 92.493 93.099 94.148 95.381 95.874 96.248 96.541 96.861 96.872 96.798 96.8 97.245 97.998 97.431 96.826 97.604 98.377 98.624 98.276 98.413 98.72 99.826 98.886 96.21 93.359 93.914 93.577 93.6 93.662 93.829 93.987 93.537 93.214 93.37 93.385 93.257 93.353 93.404 93.401 93.596 93.576 93.747 93.606 94.298 96.526 95.734 94.079 93.461 93.871 93.15 93.11 93.154 93.172 95.273 93.932 93.102 94.645 96.006 96.738 95.867
87.129 87.097 87.231 87.399 87.689 88.781 90.629 97.54 100.699 99.025 94.987 93.46 93.884 95.146 96.319 96.486 96.663 96.748 96.802 96.93 96.893 96.847 96.917 96.988 97.27 97.859 98.628 99.815 99.663 98.574 97.905 98.489 98.834 98.739 97.708 94.598 94.688 94.362 93.98 93.414 93.887 93.922 93.505 93.229 93.461 93.434 93.341 94.986 94.409 95.285 94.501 93.518 93.46 93.38 93.425 93.724 94.941 94.918 93.714 93.563 93.395 93.431 93.26 93.187 94.828 95.163 95.127 93.607 95.576 95.828 95.896
87.16 87.302 87.536 87.858 88.444 88.881 90.038 91.103 94.927 96.224 93.504 93.769 95.016 95.803 97.339 97.119 97.045 96.727 96.953 97.026 96.826 97.104 97.28 97.744 98.143 99.788 97.996 98.845 100.365 98.519 97.453 98.24 97.837 97.915 -9999 95.669 95.816 95.431 95.067 94.749 94.638 94.221 93.815 93.361 93.395 93.305 93.296 94.902 96.361 96.482 96.533 94.986 93.726 93.473 93.425 93.371 93.466 93.791 93.999 94.049 93.729 93.587 93.491 93.426 93.442 93.577 93.736 92.88 92.983 93.772 93.378
87.395 87.534 87.946 88.51 89.095 89.395 89.638 90.607 91.41 93.741 93.993 94.869 95.696 96.182 96.664 96.743 96.786 96.957 97.053 96.939 96.97 97.464 100.115 100.853 102.073 102.346 99.724 98.168 98.891 97.76 98.399 98.482 97.205 97.155 96.778 96.381 96.006 95.725 95.967 95.694 95.208 95.107 95.122 93.95 93.449 93.34 93.449 93.864 95.905 96.4 96.127 96.049 95.496 94.178 93.563 93.523 93.544 93.898 94.188 94.311 94.145 94.016 93.838 93.772 93.66 93.593 93.503 93.369 93.15 93.044 93.143
87.769 87.933 88.34 88.891 89.372 89.897 90.152 90.508 92 93.591 94.651 95.425 96.176 96.432 96.594 97.132 97.536 97.182 97.123 97.124 97.179 97.544 100.749 103.453 104.001 103.742 102.569 101.589 99.974 98.402 98.132 97.754 97.215 96.922 97.189 97.053 97.217 96.697 96.293 96.159 96.011 96.411 96.247 95.603 94.853 93.59 93.608 94.006 94.445 95.426 94.347 95.134 96.773 96.285 96.504 93.653 93.851 94.115 94.305 94.336 94.303 94.22 94.165 94.08 93.993 93.799 93.807 93.706 93.58 93.366 93.296
87.885 88.11 88.71 89.198 89.767 90.932 91.015 91.751 93.634 94.026 94.84 95.493 96.237 96.731 97.066 99.096 99.312 97.821 97.507 97.671 97.553 98.627 102.521 103.821 104.565 104.251 104.016 102.414 99.857 98.043 98.406 97.584 97.227 97.157 97.216 97.491 97.511 96.99 96.544 96.631 96.8 96.458 96.525 96.069 95.203 94.128 95.294 96.391 96.903 94.739 95.151 94.493 95.697 96.551 95.503 94.506 94.176 94.315 94.393 94.358 94.34 94.322 94.268 94.262 94.145 94.072 93.936 93.856 93.813 93.791 93.647
