dsm/se2535_DSM_2M.asc
ncols 500
nrows 500
xllcorner    425000
yllcorner    435000
cellsize     2
NODATA_value -9999
[rows 96 to 127 of 500, columns 288 to 359 of 500]
48.376 48.314 48.342 50.728 52.233 52.712 51.643 51.773 51.522 50.864 54.31 54.127 55.135 49.884 51.489 48.823 47.354 46.583 47.292 54.128 48.98 52.966 52.405 50.534 48.43 47.046 46.466 46.36 46.183 46.069 46.018 50.554 50.944 51.036 51.285 51.137 52.116 52.019 53.039 53.679 54.291 54.063 51.379 43.016 48.697 48.811 45.98 39.602 44.551 45.551 44.09 41.626 43.275 39.491 40.536 39.42 37.807 36.827 36.711 38.249 37.523 36.812 36.828 38.704 40.765 40.61 39.289 37.737 37.653 37.3 37.288 37.164
48.411 48.463 48.398 48.682 48.113 52.417 52.034 53.273 54.098 54.803 56.482 56.865 56.436 50.991 52.128 50.185 49.973 50.315 54.195 57.664 55.454 52.894 51.246 48.785 46.63 46.525 46.491 46.302 46.19 46.065 45.962 46.476 47.074 46.929 46.862 49.835 51.404 52.54 54.467 53.122 52.2 48.223 50.666 47.417 45.996 49.369 43.501 43.78 46.558 46.211 46.202 45.007 39.455 42.028 41.827 41.368 40.228 37.855 36.662 39.459 38.919 37.063 36.814 36.831 37.173 37.469 37.541 37.775 37.705 37.493 37.277 37.188
48.444 48.46 48.49 48.383 48.249 49.086 51.966 50.581 52.412 56.619 57.232 55.875 57.094 56.1 53.321 53.839 52.419 52.697 56.29 54.848 56.415 53.397 52.049 50.378 47.021 46.555 46.598 46.381 46.215 46.069 46.019 45.961 45.884 47.242 47.786 47.186 49.424 51.494 53.199 53.387 51.612 52.373 51.655 46.047 47.404 50.424 47.321 46.86 46.901 46.921 46.276 44.44 42.417 43.929 43.086 43.634 43.261 40.745 39.938 41.136 40.639 40.255 37.811 36.903 36.845 37.167 37.348 37.755 38.246 37.703 37.263 37.222
48.407 48.407 48.47 48.417 48.346 48.269 48.6 51.003 54.96 57.167 57.762 57.916 52.136 56.539 55.96 54.625 54.417 55.259 55.094 54.978 54.344 55.877 54.425 49.57 46.953 46.524 46.43 46.338 46.194 46.104 46.06 46.498 49.01 52.184 49.426 50.964 51.046 52.338 49.05 53.337 52.036 51.259 52.561 53.619 47.407 49.467 49.093 46.437 47.543 46.507 45.891 44.669 42.41 44.233 43.159 45.474 45.476 44.376 49.106 43.438 43.914 42.597 40.403 37.111 36.79 37.028 37.312 40.803 40.864 40.415 37.687 37.248
48.444 48.416 48.374 48.48 48.529 48.455 48.334 48.087 53.698 52.116 57.289 57.629 56.956 56.457 55.797 54.187 51.262 55.501 55.047 50.833 54.043 56.893 48.405 46.614 46.557 46.889 46.73 46.289 46.192 46.157 48.129 48.446 50.526 52.821 52.81 53.163 53.933 49.205 53.425 53.599 50.526 51.711 54.975 54.537 50.663 46.968 46.819 44.003 47.523 45.006 44.481 46.851 47.131 47.892 47.204 46.405 46.763 45.728 45.691 44.934 43.765 41.446 40.559 36.831 36.765 37.08 38.948 40.665 41.418 40.864 38.035 37.359
48.43 48.427 48.372 48.342 48.429 48.432 48.507 48.268 48.98 54.156 56.091 56.19 55.986 56.204 50.766 54.755 54.398 54.989 51.01 55.759 54.522 55.099 51.884 47.96 46.723 46.503 46.363 46.313 46.17 46.118 50.23 51.024 53.27 54.964 54.823 54.589 52.248 47.103 47.928 49.229 52.743 51.914 53.701 49.31 45.153 48.158 49.781 42.887 42.995 43.055 41.956 46.028 46.234 47.852 46.953 46.257 45.712 44.77 41.482 44.5 42.132 40.906 37.606 36.703 36.705 36.964 38.695 40.143 40.782 40.873 39.64 37.539
48.516 48.378 48.376 48.308 48.344 48.442 48.382 48.264 48.14 50.527 51.604 53.434 52.826 53.437 50.783 54.239 54.367 51.218 52.673 52.974 55.239 53.632 51.376 52.857 48.678 46.508 46.361 46.252 46.185 46.157 49.055 51.797 53.263 54.069 54.736 54.183 51.369 51.113 51.383 54.741 50.576 54.661 52.467 45.73 46.874 45.968 44.338 40.733 40.174 39.912 40.115 42.653 44.36 45.751 45.647 42.002 41.749 42.441 43.191 42.698 43.483 40.626 38.059 36.861 36.766 36.823 37.404 38.815 39.573 40.063 39.345 37.649
48.674 48.431 48.321 48.292 48.228 48.274 48.288 48.242 48.191 48.105 47.995 48.932 51.799 48.892 47.483 52.217 55.09 51.183 55.625 54.481 54.381 55.17 49.278 52.881 50.46 48.354 46.342 46.19 46.179 46.118 46.653 49.379 51.342 52.271 53.845 52.955 51.599 51.992 54.21 55.51 52.49 53.026 53.069 47.782 47.88 46.748 48.582 41.906 41.801 40.569 40.29 40.014 40.716 40.285 39.613 39.342 39.517 39.701 39.07 40.457 43.071 42.834 39.137 37.136 36.728 36.802 36.839 37.377 37.568 38.197 38.089 37.71
48.57 48.54 48.328 48.369 49.025 48.267 48.14 48.173 48.14 48.122 47.965 47.855 49.959 49.028 47.422 48.638 52.083 47.958 53.75 54.698 54.046 50.652 47.76 51.495 48.706 47.119 46.297 46.222 46.13 46.149 46.087 46.039 47.846 48.918 50.951 48.498 51.304 54.178 54.399 55.003 53.462 50.898 51.625 52.887 50.927 49.906 50.854 49.006 42.56 41.014 40.748 40.395 40.215 39.94 40.036 39.314 38.985 38.423 38.12 40.515 41.078 40.791 38.03 37.103 36.724 36.757 36.791 36.776 37.009 37.246 37.707 37.817
48.392 48.426 48.508 52.871 53.149 49.536 48.574 48.026 48.046 47.987 47.901 47.91 50.579 50.493 47.566 47.24 47.311 53.687 56.097 55.91 54.699 50.094 46.281 47.657 46.323 46.325 46.244 46.185 46.162 46.157 46.074 46.098 46.438 47.96 48.132 48.185 51.179 49.62 53.95 49.463 47.101 47.674 51.336 51.267 46.076 50.307 48.787 47.169 41.666 41.432 41.283 40.905 40.518 40.257 39.993 39.601 39.162 38.705 40.249 41.184 40.861 38.441 37.727 36.746 36.73 36.679 36.744 36.773 36.798 37.063 38.268 38.546
48.311 48.262 49.049 55.112 54.685 52.985 48.311 48.117 48.018 47.905 47.852 47.828 49.929 50.44 47.615 48.97 47.826 52.726 55.316 55.178 54.843 52.518 50.223 51.497 47.055 46.317 46.31 46.191 46.149 46.108 46.111 47.612 46.598 48.681 48.702 48.381 52.087 54.596 52.191 50.876 52.095 51.129 51.5 50.142 45.917 44.303 46.457 42.213 41.905 41.812 41.81 41.234 40.874 40.719 40.466 39.956 39.36 41.557 41.201 39.563 41.371 40.56 38.069 36.846 36.766 36.725 36.765 36.791 36.808 36.967 38.594 40.316
48.306 48.232 48.13 51.558 51.83 49.025 48.329 48.149 48.034 48.012 47.911 47.677 47.637 47.541 47.448 47.367 47.361 47.28 52.965 53.789 53.073 51.603 49.104 47.428 46.286 46.375 46.282 46.161 46.134 46.076 46.639 49.731 49.337 48.552 50.447 51.724 48.757 51.338 50.032 48.235 50.559 49.253 44.007 43.637 42.724 42.567 42.395 42.217 42.156 42.067 41.945 41.576 41.342 41.343 41.365 41.084 39.519 39.717 41.67 42.916 42.514 40.406 38.753 37.993 37.029 36.777 36.797 36.794 36.779 36.841 38.359 40.182
48.331 48.246 48.159 48.094 48.946 48.22 48.65 48.267 48.096 47.976 47.876 47.699 47.61 47.562 47.486 47.372 47.257 47.169 47.156 49.561 52.708 49.432 46.315 46.305 46.326 46.281 46.243 46.188 46.129 46.039 46.099 49.967 50.404 48.62 51.892 51.804 48.43 47.983 47.125 46.526 49.867 45.696 43.906 43.026 42.882 42.727 42.602 42.45 42.303 42.224 42.853 41.711 41.52 41.413 41.273 40.835 39.918 39.302 42.643 44.307 41.491 40.961 39.655 38.892 37.345 36.806 36.839 36.789 36.746 37.106 38.422 39.394
48.389 48.251 48.194 48.07 48.173 48.037 47.994 48.742 48.054 47.988 47.914 47.698 47.669 47.538 47.425 47.364 47.256 47.236 47.12 47.786 47.476 47.314 46.375 46.384 46.358 46.27 46.187 46.166 46.104 46.049 46.031 46.094 49.613 48.193 50.59 50.677 47.457 46.738 45.877 45.467 45.193 43.617 43.417 43.138 43.009 42.912 42.769 42.605 42.424 42.327 42.045 41.747 41.359 41.263 40.765 40.568 39.981 39.545 40.111 41.052 41.982 38.73 38.557 38.676 37.571 36.855 36.801 36.781 36.773 36.814 37.3 38.504
49.704 48.218 48.157 48.092 48.042 47.94 47.956 47.976 48.52 47.855 47.811 47.741 47.595 47.521 47.463 47.353 47.261 47.184 47.119 46.973 46.786 46.601 46.46 46.389 46.358 46.393 46.186 46.111 46.093 46.035 46.113 49.336 50.805 48.338 51.745 51.366 53.14 48.172 49.502 48.196 44.467 43.638 43.438 43.365 43.16 43.019 42.919 42.657 42.514 42.526 42.109 41.829 41.44 41.161 41.024 41.645 40.461 39.81 39.472 39.316 39.451 38.8 38.985 38.549 38.271 36.792 36.782 36.78 36.79 36.809 36.863 37.054
49.516 48.241 48.16 48.171 48.063 47.985 47.885 47.836 47.865 48.213 48.269 47.972 47.622 47.525 47.53 47.486 47.325 47.179 47.08 46.904 46.778 46.616 46.547 46.396 46.365 46.278 46.189 46.114 46.101 46.038 46.123 53.752 53.051 49.633 48.518 53.317 55.61 55.367 54.826 50.145 44.691 43.682 43.521 43.383 43.269 43.114 43.262 43.171 42.695 42.367 42.101 41.926 41.497 41.229 41.287 41.42 40.739 40.068 39.696 39.436 39.147 38.975 39.864 39.253 38.165 37.328 36.749 36.754 36.77 36.803 36.837 36.942
56.208 49.539 49.116 48.022 48.034 47.952 47.973 47.792 47.776 47.782 48.207 48.775 48.187 47.664 47.439 47.391 47.402 47.247 47.144 46.909 46.746 46.559 46.439 46.388 46.324 46.257 46.217 46.137 46.053 46.128 48.339 54.468 55.616 54.535 54.771 53.735 54.804 55.717 55.185 47.367 48.422 43.877 43.695 43.499 43.39 43.19 43.269 43.738 46.99 42.393 42.156 41.977 41.558 42.136 42.582 41.322 40.669 40.474 39.835 39.633 39.315 39.404 40.943 39.834 39.576 38.757 37.316 36.826 36.773 36.738 36.731 36.734
59.554 58.193 51.373 48.226 47.962 47.963 47.944 47.849 47.706 47.706 47.668 48.706 49.483 49.401 47.436 47.318 47.33 47.229 47.166 46.968 46.762 46.619 46.471 46.415 46.311 46.218 46.188 46.085 46.072 46.057 46.889 53.521 54.963 54.312 56.149 53.435 53.894 56.466 56.19 53.614 47.961 44.009 43.812 43.689 43.479 44.632 45.027 50.764 51.077 45.189 42.146 42 41.783 44.392 41.201 44.501 40.604 40.075 39.964 39.68 39.391 39.305 39.266 38.911 41.011 40.06 38.478 37.853 37.02 37.179 36.747 36.74
62.141 61.024 57.345 50.733 48.041 47.936 47.841 47.82 47.761 47.636 47.596 47.535 49.37 49.364 47.933 47.232 47.202 47.336 47.097 47.051 46.893 46.668 46.557 46.457 46.359 46.274 46.202 46.132 46.045 46.091 46.108 49.41 53.214 54.551 55.159 56.039 57.054 57.204 56.778 52.43 45.374 44.132 43.903 43.718 43.403 44.613 44.509 47.532 50.238 46.426 42.157 41.99 41.803 41.65 41.277 41.226 42.437 40.23 42.966 39.748 39.48 39.187 38.943 38.794 39.627 39.947 40.33 38.823 39.169 37.896 37.265 36.706
62.604 61.941 58.384 57.117 50.547 49.005 47.813 47.803 47.736 47.705 47.604 47.519 47.512 47.486 47.636 47.21 47.195 47.166 47.118 47.003 46.94 46.778 46.632 46.508 46.43 46.315 46.234 46.176 46.099 46.188 46.044 46.44 49.946 50.419 56.019 56.34 56.175 46.494 53.349 45.409 44.723 44.182 43.975 43.452 51.242 50.481 42.532 43.276 42.089 46.027 42.218 42.061 41.937 41.716 41.419 41.133 43.075 40.498 40.643 39.679 39.497 39.255 39.027 39.078 39.041 41.376 42.538 41.806 40.801 40.352 37.3 36.727
62.753 52.396 49.983 52.114 53.251 52.049 48.018 47.646 47.689 47.715 47.648 47.527 47.395 47.378 47.407 47.472 47.102 47.066 47.047 46.973 46.93 46.878 46.68 46.552 46.456 46.374 46.275 46.223 46.118 46.265 47.134 47.61 47.198 54.807 55.76 54.202 46.244 44.56 44.989 44.443 44.377 44.163 46.442 44.992 48.445 44.832 44.321 42.671 43.801 42.256 42.217 42.18 42.009 41.776 41.607 44.46 42.019 46.075 40.432 39.778 39.713 39.481 39.315 42.282 41.707 43.664 43.359 42.623 42.247 41.21 38.753 36.773
62.81 52.426 50.758 51.136 52.706 54.121 50.305 55.649 48.024 47.565 47.557 47.486 47.442 47.355 47.264 47.285 47.529 47.281 46.976 50.376 47.913 47.688 46.761 46.647 46.446 46.45 46.338 46.257 48.239 53.544 54.731 52.034 51.357 52.305 53.726 47.602 44.739 44.735 44.64 44.563 44.423 44.227 43.698 43.128 42.905 46.93 44.285 43.1 42.278 42.341 42.296 42.211 42.132 41.845 41.578 41.365 47.363 47.657 42.382 40.037 40.092 39.882 43.215 42.642 43.42 43.013 38.822 39.581 39.176 43.023 40.037 37.094
62.403 54.252 50.608 54.758 59.762 56.379 59.711 58.929 51.673 47.628 47.523 47.463 47.476 47.382 47.268 47.178 47.233 47.693 53.441 54.705 53.875 51.594 46.866 46.712 46.554 46.432 46.396 46.373 50.807 54.782 56.257 54.026 49.891 46.428 52.591 48.629 44.912 44.859 44.784 44.593 44.415 49.651 43.489 48.719 42.781 42.526 42.27 44.315 42.355 42.39 42.322 42.235 42.053 41.828 41.518 41.198 40.972 45.666 40.351 40.131 40.033 39.972 44.253 43.38 42.094 40.186 38.811 40.032 38.111 44.533 44.267 39.702
53.273 54.445 57.295 54.385 60.786 60.496 61.872 62.625 62.047 53.818 48.525 47.602 47.411 47.353 47.32 47.222 47.083 49.566 53.435 57.503 57.925 55.604 48.181 46.614 46.637 46.503 46.445 46.34 50 51.276 55.108 54.819 47.211 51.632 48.169 46.109 45.146 45.042 44.889 45.049 50.728 52.842 46.181 50.777 42.868 42.531 44.417 43.472 42.355 42.336 42.146 41.902 41.634 41.449 41.214 40.902 40.507 40.319 40.221 40.131 39.99 40.003 45.547 43.661 46.323 40.453 40.956 47.284 41.102 37.255 42.002 43.099
63.637 60.825 54.025 61.567 59.63 60.64 59.947 62.619 61.705 59.263 56.701 49.068 49.382 47.641 47.3 47.191 47.124 47.052 48.49 58.435 58.122 53.58 48.064 48.207 46.623 46.467 46.45 46.412 46.218 47.169 50.582 49.054 54.873 52.573 46.82 45.279 45.243 45.12 45.016 44.825 50.382 56.918 46.366 44.46 45.424 42.512 42.405 42.366 42.235 42.125 41.918 41.582 41.011 41.118 40.903 40.42 40.288 40.282 40.22 40.197 40.079 40.159 45.385 42.949 44.008 42.026 41.729 49.754 43.85 41.515 50.137 48.122
64.48 63.807 56.678 62.035 59.617 62.019 53.757 61.456 60.083 56.214 62.118 54.687 57.484 48.922 47.161 47.218 47.136 47.081 48.459 50.94 56.86 54.731 55.775 50.958 49.699 46.731 46.444 46.388 46.257 46.218 46.947 52.011 53.647 47.768 45.511 45.508 45.386 45.3 45.124 45.95 46.759 47.101 56.567 47.93 45.382 42.44 42.344 42.049 42.017 41.856 41.693 41.61 40.966 42.638 40.554 40.26 40.252 40.23 40.239 40.217 40.171 40.099 40.13 41.998 43.3 39.927 39.908 41.06 39.839 51.752 52.097 45.095
55.772 61.972 62.744 57.406 51.69 58.778 61.552 59.192 63.106 62.259 64.402 64.529 60.852 51.776 47.138 47.135 47.063 47.045 46.911 46.849 46.79 53.072 57.186 57.164 55.687 50.532 46.475 46.361 46.29 46.162 46.065 46.46 46.231 45.583 45.565 45.573 45.448 50.164 47.991 50.457 49.677 53.966 43.212 44.455 47.14 42.23 42.135 41.971 41.809 41.715 41.591 41.569 41.271 40.707 40.323 40.265 40.265 40.232 40.223 40.221 40.162 40.176 40.139 40.125 40.19 40.259 46.447 48.861 49.369 51.529 49.742 50.406
58.257 57.929 55.658 59.205 62.31 61.293 58.273 61.416 63.204 64.329 64.773 64.442 63.877 53.081 47.487 47.019 46.987 46.999 46.922 46.854 46.726 51.551 56.211 56.38 56.972 51.303 47.455 46.392 46.305 46.221 46.141 46.094 45.923 45.828 45.662 45.598 48.265 52.556 54.19 52.112 56.138 48.564 48.246 42.617 42.342 42.27 42.173 42.033 41.887 41.745 41.611 41.576 41.32 40.99 40.51 40.285 40.232 40.246 40.278 40.176 40.213 40.217 40.187 40.208 40.181 40.149 45.443 43.277 49.37 51.528 52.232 52.878
60.562 58.401 61.263 53.746 62.98 63.21 63.389 61.435 62.186 63.625 63.797 54.875 58.796 60.32 51.422 49.771 47.106 46.925 47.052 46.843 46.763 50.906 53.913 55.705 56.566 54.093 46.874 46.54 46.411 46.388 46.176 46.068 45.964 45.785 45.597 45.39 50.682 54.301 53.475 54.967 56.636 53.731 44.188 42.61 42.449 42.329 42.247 42.107 41.941 41.771 41.701 41.411 41.178 40.862 40.601 40.385 40.179 40.215 40.242 40.269 40.23 40.197 40.205 40.197 40.216 39.889 44.317 45.459 48.922 51.509 53.627 48.095
65.627 56.778 60.958 57.06 61.915 60.23 60.108 52.795 55.005 56.267 58.057 63.681 62.614 49.823 54.193 54.779 48.369 48.272 47.854 46.784 46.733 46.654 46.619 47.517 53.918 50.833 47.177 46.774 48.931 47.928 48.017 46.09 45.984 45.818 45.638 50.063 55.908 50.975 57.274 48.292 55.898 53.112 46.055 42.688 42.525 42.44 42.34 42.186 42.066 41.882 41.727 41.526 41.242 40.917 40.68 40.473 40.273 40.209 40.265 40.248 40.238 40.227 40.193 39.679 39.356 38.915 38.909 45.174 52.676 54.492 54.495 55.68
56.987 64.192 59.639 64.354 63.937 55.941 62.938 63.355 53.821 52.734 54.877 52.508 55.362 53.549 54.33 57.681 59.319 52.426 57.085 48.969 46.732 46.697 46.662 46.5 46.42 46.351 46.363 46.672 49.934 54.562 50.702 47.689 45.98 45.821 45.576 50.887 53.17 51.017 55.275 57.367 55.073 51.159 43.252 42.819 42.686 42.592 42.423 42.281 42.168 41.96 41.817 41.603 41.32 41.031 40.816 40.566 40.324 40.23 40.271 40.28 40.265 40.232 39.491 38.868 38.346 37.608 38.01 40.772 44.607 52.797 54.257 55.198
58.876 66.587 54.252 66.022 64.921 64.487 63.154 53.045 59.407 56.231 63.264 58.028 60.957 51.639 63.131 61.428 60.34 56.15 58.044 48.407 46.676 46.649 46.608 46.527 46.436 46.346 46.228 46.243 53.152 56.128 53.34 47.502 45.873 49.711 46.996 47.965 49.991 57.054 55.842 54.709 56.17 47.093 43.23 42.978 42.831 42.663 42.701 42.614 42.41 42.317 41.962 41.605 41.361 41.124 40.884 40.628 40.394 40.35 40.292 40.312 40.365 39.675 38.722 38.004 45.464 39.015 37.524 38.035 45.528 49.49 53.653 53.833
