dsm/se2533_DSM_2M.asc
ncols 500
nrows 500
xllcorner    425000
yllcorner    433000
cellsize     2
NODATA_value -9999
[rows 99 to 131 of 500, columns 73 to 145 of 500]
100.843 101.082 100.495 101.662 99.441 96.73 96.715 96.875 96.867 96.887 96.908 96.811 96.84 96.585 96.167 97.991 98.726 98.373 97.477 93.965 93.684 93.572 93.522 93.589 93.345 93.322 93.322 93.491 93.805 93.495 93.221 93.175 93.115 94.409 94.981 93.808 94.719 92.767 92.706 92.921 92.928 92.94 92.874 92.793 92.778 92.814 92.691 92.987 94.138 93.67 94.46 94.372 93.426 93.057 93.077 92.985 93.011 93.073 93.08 93.131 93.192 94.798 95.312 95.324 93.699 93.029 93.014 -9999 -9999 -9999 -9999 -9999 -9999
101.491 102.144 101.235 100.751 102.659 97.71 96.668 96.63 96.909 96.859 96.805 96.87 96.784 96.745 96.547 97.538 98.613 100.054 99.473 96.3 93.603 93.559 93.357 93.373 93.409 93.365 93.412 93.229 93.341 93.715 93.487 93.058 93.238 94.508 93.313 94.65 94.677 92.967 92.655 92.829 92.735 92.79 92.774 92.709 92.63 92.702 92.61 92.635 92.758 93.319 94.403 93.417 94.221 94.141 93.226 93.066 92.914 92.996 92.886 93.068 93.133 94.546 95.297 95.377 93.931 93.082 93.008 93.05 93.086 -9999 -9999 -9999 -9999
101.41 97.399 98.293 101.902 102.038 103.055 99.07 96.833 96.58 96.81 96.839 96.802 96.899 96.781 96.766 96.468 98.105 99.091 99.003 95.971 93.467 93.905 93.358 93.551 93.332 93.404 93.179 93.167 93.317 93.184 93.12 93.104 94.51 94.152 94.725 93.55 93.629 93.253 92.758 92.776 92.747 92.661 92.538 92.58 92.74 92.682 92.753 92.521 92.582 92.637 92.568 92.532 92.889 93.77 94.19 93.01 92.932 92.872 92.904 93.034 93.087 94.306 95.305 94.868 93.199 93.054 93.019 93.109 93.118 -9999 -9999 -9999 -9999
95.503 97.702 100.932 102.24 101.687 101.881 102.671 101.355 96.836 96.757 96.75 96.844 96.743 96.86 96.829 96.773 96.883 96.39 96.979 95.436 96.39 96.284 95.267 93.761 93.629 93.324 93.139 93.036 93.126 93.007 93.246 94.47 93.63 93.494 94.607 93.063 92.731 92.65 92.797 92.622 92.628 92.778 92.923 92.515 92.505 92.551 92.444 92.529 92.572 92.494 92.356 92.34 92.417 92.496 93.736 94.312 93.777 92.935 92.825 92.942 92.981 94.518 95.313 95.569 93.245 94.155 93.06 93.114 93.641 95.132 -9999 -9999 -9999
96.005 97.584 99.019 100.779 99.957 100.596 100.744 102.137 101.478 99.086 96.553 96.682 96.785 96.803 96.894 96.776 96.741 96.73 96.436 96.148 97.391 98.993 97.956 96.301 93.817 93 93.584 93.094 93.978 92.922 93.274 93.412 93.976 94.707 93.052 92.594 92.702 92.899 92.697 92.626 92.55 92.686 92.599 92.437 92.403 92.36 92.594 92.489 92.362 92.298 92.26 92.265 92.288 92.239 92.318 93.519 94.399 94.213 92.82 92.748 92.806 94.747 93.888 97.694 95.96 100.16 97.442 93.356 93.649 95.205 94.714 92.873 -9999
97.709 97.331 98.127 98.654 98.639 100.393 98.112 100.536 98.469 99.865 97.036 96.553 96.549 96.688 96.705 96.804 96.8 96.727 96.685 96.403 96.472 98.457 99.955 98.535 95.427 93.222 93.488 93.359 93.393 94.067 94.604 93.354 93.901 92.527 92.532 92.627 92.596 92.716 92.627 92.566 92.566 92.309 92.829 92.892 92.358 92.315 92.231 92.276 92.236 92.269 92.299 92.233 92.219 92.194 92.184 92.219 92.504 94.144 93.539 92.807 92.667 92.788 98.088 100.548 105.047 104.13 101.792 94.033 93.241 93.507 93.022 92.247 92.203
96.928 97.991 98.099 97.115 94.971 97.056 96.703 97.869 101.174 101.734 103.78 103.521 99.257 96.616 96.776 96.723 96.788 96.779 96.744 96.613 96.246 96.29 98.276 97.851 96.692 93.648 93.174 93.559 93.146 94.335 92.945 94.298 94.112 92.619 92.473 92.51 92.466 92.515 92.517 92.514 92.453 92.485 92.447 92.316 92.475 92.448 92.197 92.128 92.112 92.172 92.119 92.188 92.203 92.133 92.116 92.093 92.22 93.114 93.58 94.08 93.559 92.939 95.062 97.748 105.007 105.408 102.839 93.108 93.061 92.831 92.607 92.139 92.443
97.361 94.705 97.479 96.507 98.263 97.773 95.979 96.228 97.412 101.331 104.05 104.193 104.592 97.853 96.46 96.645 96.685 96.665 96.775 96.672 96.687 96.367 96.341 96.738 96.828 95.351 94.209 93.32 94.721 94.296 94.045 93.333 92.659 92.778 92.647 93.132 92.59 92.732 92.656 92.529 92.444 92.436 92.204 92.235 92.343 92.383 92.222 92.141 92.01 92.003 92.055 92.008 92.062 92.061 92.093 92.01 91.984 92.027 92.076 93.026 94.105 93.369 93.727 101.342 101.913 103.314 100.365 93.357 99.479 95.455 97.5 93.178 94.127
99.39 93.995 95.393 97.668 98.16 96.967 95.968 95.866 96.149 99.365 103.008 104.401 102.303 104.84 96.783 96.462 96.65 96.733 96.727 96.802 96.677 96.665 96.375 96.372 96.046 97.242 97.138 94.616 93.131 93.317 94.614 92.752 92.612 92.422 92.658 92.362 92.546 93.256 93.455 93.038 92.582 92.276 92.2 92.142 92.147 92.281 92.118 92.155 91.995 91.956 91.944 91.93 91.988 91.946 92.017 91.948 91.879 91.858 91.795 92.036 92.53 93.741 93.239 98.368 96.685 98.053 97.798 95.947 99.042 96.69 93.452 93.883 92.427
92.848 92.801 93.396 95.42 94.099 95.822 96.256 96.707 96.039 97.394 101.206 104.761 105.067 104.445 100.645 96.757 96.386 96.633 96.755 96.616 96.745 96.656 96.582 96.422 96.432 96.964 96.651 93.046 93.33 94.446 92.917 92.717 92.835 92.564 92.532 92.275 92.426 93.28 92.895 92.555 92.848 92.297 92.138 92.098 92.21 92.216 92.088 91.955 92.411 92.304 91.866 91.868 91.835 91.824 91.791 91.759 91.754 91.73 91.691 91.711 91.69 92.187 93.478 92.892 93.889 92.305 92.757 99.806 102.027 101.612 101.616 95.454 92.054
92.592 93.681 93.756 93.38 92.842 94.278 96.246 97.752 97.295 95.837 96.731 98.509 99.807 99.499 101.715 98.911 96.499 96.325 96.62 96.748 96.689 96.727 96.63 96.573 96.412 96.116 95.213 92.863 94.455 95.987 95.987 94.398 92.619 92.622 92.515 92.606 92.334 92.305 92.354 93.07 92.174 92.077 91.993 92.013 91.985 91.979 91.951 91.76 92.071 92.107 91.89 91.8 91.779 91.757 91.725 91.768 91.711 91.621 91.661 91.617 91.622 91.638 91.854 92.032 92.117 92.688 92.168 98.122 101.222 102.005 101.675 92.637 92.144
92.728 93.064 92.651 92.635 92.812 92.889 95.789 97.959 97.885 97.143 95.787 96.472 96.605 97.134 98.806 98.056 96.671 96.489 96.368 96.459 96.628 96.613 96.703 96.662 96.555 96.548 93.52 94.927 96.856 96.972 98.44 97.6 96.146 92.73 92.608 93.01 92.633 92.254 92.097 92.062 92.088 91.984 91.953 91.924 91.852 91.878 91.749 91.654 91.859 91.79 91.741 91.709 91.649 91.692 91.666 91.691 91.627 91.679 91.622 91.512 91.667 91.734 91.694 91.873 92.972 92.341 92.466 94.495 97.9 98.018 98.247 92.326 92.103
92.852 92.52 92.559 92.589 92.671 92.769 94.876 96.988 97.631 95.458 96.461 96.121 96.628 96.67 98.108 99.173 99.019 97.575 96.568 96.429 96.396 96.573 96.56 96.688 96.645 96.591 96.575 96.735 96.852 97.088 97.229 98.046 99.031 94.772 92.421 92.788 93.091 93.035 92.134 92.56 92.239 92.575 91.991 91.956 91.835 91.795 91.653 91.583 91.612 91.587 91.668 91.652 91.63 91.52 91.522 91.608 91.592 91.657 91.742 91.696 91.747 91.635 91.605 91.607 92.492 93.004 91.992 92.277 92.298 92.373 92.019 91.997 91.981
92.768 92.706 92.503 92.501 92.678 93.633 93.245 94.855 94.241 98.024 97.293 96.956 96.308 96.603 96.955 98.264 100.245 100.316 99.029 96.622 96.409 96.343 96.586 96.546 96.506 96.655 96.532 96.558 96.42 96.38 97.362 98.357 98.956 99.561 95.647 93.15 92.766 92.552 92.017 92.085 92.602 92.1 91.921 92.053 91.857 91.656 91.578 91.564 91.554 91.633 91.627 91.462 91.62 91.496 91.535 91.588 91.474 91.482 91.544 92.136 91.554 91.438 91.521 91.451 91.534 91.944 92.577 93.173 93.609 92.779 91.863 91.936 91.935
92.178 92.293 92.361 92.855 92.604 92.685 92.538 94.028 94.489 97.877 97.139 96.358 96.107 96.348 96.25 96.493 98.485 99.564 99.458 101.564 97.72 96.381 96.377 96.457 96.593 96.611 96.666 96.544 96.563 96.111 96.303 96.107 97.535 97.417 96.223 94.1 92.463 92.164 91.936 91.925 91.849 92.492 91.875 91.677 91.584 91.556 91.57 91.533 91.553 91.481 91.371 91.389 91.385 91.389 91.494 91.447 91.409 91.354 91.397 91.576 91.498 91.424 91.427 91.334 91.384 91.493 91.695 91.422 92.226 92.572 92.556 91.83 91.78
91.765 92.022 92.634 92.988 93.763 93.262 92.586 92.98 92.759 92.995 96.339 97.169 95.459 95.719 95.749 95.889 96.262 97.279 101.264 101.985 98.057 96.991 96.483 96.318 96.541 96.501 96.527 96.6 96.542 96.496 96.201 95.916 96.153 96.45 95.322 94.552 94.114 92.89 93.48 92.323 92.39 92.498 91.853 91.492 91.499 91.464 91.52 91.396 91.477 91.36 91.563 91.353 91.346 91.22 91.336 91.3 91.207 91.165 91.465 91.319 91.308 91.292 91.276 91.23 91.302 92.401 92.919 91.245 91.175 91.442 92.518 93.148 91.821
92.103 92.472 93.11 92.13 92.528 92.472 92.379 92.855 92.239 93.776 94.261 95.664 96.379 96.905 96.924 97.349 96.286 101.939 103.982 104.035 103.486 99.357 97.653 96.51 96.326 96.364 96.496 96.535 96.626 96.52 96.439 96.268 96.332 96.203 95.173 95.076 96.654 95.878 94.693 92.725 92.465 92.057 92.079 91.486 91.458 91.53 91.49 91.486 91.419 91.315 91.267 91.296 91.334 91.237 91.341 91.178 91.141 91.191 91.381 91.393 91.291 91.216 91.26 91.234 92.034 92.317 91.077 91.068 91.069 91.036 91.195 91.427 92.613
91.768 91.595 91.511 93.424 92.064 93.024 92.484 94.651 92.117 92.993 93.122 94.711 95.67 95.311 96.481 97.978 97.416 101.494 104.275 104.864 103.555 100.55 97.174 97.765 96.371 96.221 96.336 96.547 96.471 96.617 96.529 96.436 96.318 96.358 96.379 95.058 95.629 97.646 97.089 96.247 93.551 92.927 92.233 92.681 93.854 92.025 91.454 91.206 91.229 91.258 91.227 91.287 91.221 91.154 91.059 91.083 91.102 91.18 91.417 91.187 91.271 91.151 91.189 91.254 91.409 91.038 90.9 90.952 91.016 90.931 91.061 91.151 91.349
91.391 94.099 95.261 94.32 92.762 92.993 92.363 92.475 91.951 92.921 92.933 92.407 93.118 93.034 96.669 98.083 96.272 100.246 104.135 103.4 94.604 93.77 96.651 98.628 102.178 97.729 96.208 96.233 96.53 96.482 96.597 96.534 96.465 96.345 96.458 96.336 95.098 95.634 96.888 96.69 95.053 94.102 92.477 92.999 95.598 92.355 91.161 91.081 91.146 91.343 91.28 91.18 91.226 90.996 90.966 91.049 91.462 91.592 91.068 90.996 90.957 90.98 91.132 91.047 91.013 90.972 90.968 90.905 90.833 90.941 91.354 91.166 91.002
95.537 96.894 96.962 95.824 93.17 93.966 92.338 92.366 93.45 92.35 92.004 91.806 91.826 92.667 96.906 97.69 97.25 97.607 99.862 93.897 93.07 95.523 98.571 99.038 99.739 99.833 96.545 96.287 96.253 96.442 96.513 96.532 96.59 96.438 96.391 96.524 96.422 95.286 95.478 94.358 95.759 95.244 94.366 93.801 93.342 91.258 91.037 91.057 91.083 91.203 91.188 91.235 91.116 90.917 90.993 91.085 91.23 91.742 90.937 90.96 90.865 90.858 90.991 91.303 90.952 90.989 90.847 90.747 90.766 90.854 90.877 90.864 90.853
96.635 97.482 97.775 97.212 95.72 92.542 91.452 92.404 93.128 91.613 91.728 91.813 91.869 91.812 94.631 95.731 95.746 96.777 95.51 96.636 96.517 97.453 99.941 100.253 99.577 99.974 99.645 98.247 96.215 96.149 96.345 96.428 96.478 96.541 96.42 96.385 96.082 96.012 95.475 94.297 94.573 95.905 95.604 94.022 92.755 91.191 90.998 91.015 91.054 91.073 91.147 90.959 90.843 90.877 90.911 90.943 90.912 91.023 90.85 90.82 90.834 90.806 90.802 90.835 90.786 90.828 90.902 90.969 90.771 90.643 91.087 90.788 90.845
95.807 96.958 98.432 97.778 96.987 96.164 91.85 92.859 91.353 91.003 91.148 91.767 91.931 91.711 91.72 91.721 92.244 96.264 93.02 95.123 95.837 98.082 100.003 98.969 100.598 99.932 99.311 99.767 97.091 96.762 96.147 96.695 96.485 96.434 96.487 96.352 96.397 96.271 96.342 95.25 94.082 94.599 94.163 94.949 92.405 91.135 90.996 91.05 90.989 90.947 90.879 90.778 90.776 90.82 90.842 90.878 90.894 90.907 90.68 90.748 90.72 90.735 91.205 90.799 90.671 90.813 90.733 90.817 90.831 90.741 90.752 90.733 90.662
91.204 92.875 96.49 97.408 96.921 95.452 91.899 91.175 94.523 93.931 91.148 91.473 91.512 91.588 91.649 91.606 92.933 91.806 93.763 95.72 96.144 97.269 99.656 102.925 104.885 103.632 101.206 102.097 105.552 103.759 96.412 96.149 96.323 96.452 96.475 96.493 96.394 96.347 96.166 96.331 95.681 94.491 93.651 94.272 93.177 92.213 91.608 91.087 91.035 91.039 90.795 90.762 90.793 90.818 90.78 90.784 90.682 90.82 90.816 90.657 90.657 90.668 90.684 90.654 91.177 91.117 90.593 90.766 90.745 90.706 90.634 90.54 90.585
92.296 91.644 92.008 96.615 96.066 91.545 92.243 95.776 97.014 96.401 95.416 91.588 91.265 91.499 91.915 92.618 93.175 93.358 92.111 94.098 93.815 96.31 101.602 104.894 105.207 105.202 102.574 98.741 103.234 105.855 96.948 96.118 96.005 96.165 96.444 96.385 96.453 96.42 96.354 96.21 96.489 95.755 95.728 94.271 93.104 94.232 94.934 91.523 90.991 92.133 92.312 90.745 90.697 90.787 90.814 90.741 90.562 90.595 90.749 90.839 90.65 90.612 90.553 90.708 90.857 90.857 90.544 90.667 90.632 90.622 90.651 90.557 90.467
93.328 91.393 91.934 93.879 92.508 91.712 94.946 96.76 97.391 97.289 96.411 94.01 91.303 91.628 93.067 93.175 93.012 91.542 91.262 91.331 94.212 96.195 102.23 104.789 105.084 102.503 102.996 104.588 103.324 100.911 103.666 98.706 96.166 96.067 96.245 96.405 96.406 96.483 96.363 96.29 96.318 96.006 96.285 95.708 94.606 93.976 94.63 95.433 91.604 90.859 91.56 91.534 91.454 90.781 90.623 90.577 90.511 90.547 90.536 90.809 90.83 90.405 90.404 90.405 90.601 90.531 90.792 90.769 90.518 90.773 90.703 90.615 90.566
91.343 90.431 90.603 91.281 91.07 90.855 91.189 94.936 98.255 97.601 97.006 96.303 91.87 92.111 91.536 92.953 91.181 91.112 91.151 91.933 93.172 95.971 99.899 102.462 100.247 102.038 98.669 95.971 101.857 97.899 101.78 103.583 100.642 96.847 96.255 96.128 96.406 96.337 96.39 96.35 96.302 96.268 95.643 97.103 98.574 96.297 95.148 95.887 93.294 91.15 90.781 92.419 91.243 90.678 90.475 90.427 90.427 90.462 90.376 90.455 90.219 90.282 90.339 90.345 90.392 90.402 90.443 90.668 92.161 91.721 90.65 90.62 90.462
89.188 89.414 90.751 90.896 90.963 90.992 90.853 91.712 94.518 96.588 96.548 93.101 91.153 91.622 92.586 92.307 90.848 90.942 91.11 91.028 91.417 92.076 97.957 98.765 92.717 92.471 95.255 104.157 102.922 96.74 97.803 101.563 101.948 97.755 97.828 96.236 96.038 96.291 96.313 96.291 96.356 96.262 96.187 96.42 97.474 95.175 97.969 97.941 93.015 93.763 93.894 92.765 91.504 90.439 90.379 90.331 90.326 90.42 90.372 90.313 90.259 90.239 90.236 90.284 90.299 90.518 90.576 91.825 91.649 90.568 90.596 90.402 90.479
89.989 89.179 89.644 90.353 90.628 90.746 91.338 91.422 91.798 94.475 94.963 92.505 91.496 92.686 94.509 90.729 90.394 91.099 92.341 91.144 90.87 91.366 92.294 92.794 92.199 92.602 93.036 96.882 95.862 95.039 95.905 97.611 98.917 100.795 100.969 97.313 95.961 96.017 96.31 96.369 96.367 96.401 96.252 96.299 95.807 95.799 98.267 97.97 96.904 93.939 93.026 92.942 92.84 90.416 90.517 90.383 90.277 90.298 90.349 90.193 90.438 90.254 90.174 90.32 90.375 90.368 90.286 91.575 91.293 90.589 90.475 90.521 90.693
89.164 89.214 89.01 89.221 90.472 90.843 90.953 91.211 90.723 90.691 91.389 90.997 91.909 92.519 94.879 95.523 91.744 91.426 90.809 90.738 90.783 90.803 91.162 90.523 91.152 92.072 91.986 92.17 92.634 94.892 94.669 95.649 95.96 97.325 98.567 96.651 95.928 95.939 95.915 96.247 96.291 96.324 96.312 96.18 96.141 95.965 97.376 99.166 98.14 97.873 94.96 93.77 96.052 93.054 91.648 90.682 90.263 90.11 90.131 90.095 90.195 90.21 90.285 90.362 90.101 90.313 90.151 90.998 90.278 91.098 90.315 90.305 90.761
89.015 89.009 88.95 89.049 89.593 89.988 90.407 90.861 90.589 90.774 90.718 91.714 92.196 95.426 96.99 96.529 95.546 93.199 91.994 91.209 90.634 90.716 91.85 90.456 90.432 90.839 91.143 92.25 96.453 96.395 95.442 94.664 95.516 96.241 96.132 96.191 96.63 97.454 95.962 95.934 96.156 96.337 96.246 96.305 96.212 96.124 95.909 97.428 97.532 98.599 97.143 95.757 95.636 94.787 93.006 90.995 90.296 90.421 90.172 89.977 90.044 90.058 90.071 89.902 89.941 90.202 90.374 90.38 90.423 91.038 91.525 90.977 90.85
89.043 88.975 88.971 88.946 88.991 89.112 89.85 90.213 91.167 90.977 91.509 91.221 92.766 96.018 97.142 97.855 96.827 95.775 93.144 90.654 90.52 90.54 90.391 90.393 90.408 90.585 92.225 93.124 96.986 96.875 94.083 93.734 94.674 95.411 95.931 96.087 97.893 100.436 96.565 95.878 95.881 96.228 96.301 96.283 96.299 96.184 96.153 96.295 95.534 95.719 97.084 99.283 97.9 96.003 93.443 93.808 92.555 90.424 90.401 89.986 89.952 90.131 90.059 89.864 90.092 91.309 90.136 90.618 91.545 91.428 90.291 90.998 90.498
88.975 88.977 88.971 88.943 88.909 89.006 89.104 89.765 89.939 89.7 90.403 90.247 90.235 91.308 95.626 96.938 97.359 96.254 92.694 90.63 90.116 90.273 90.348 90.387 90.434 90.56 91.142 91.924 94.384 95.016 92.807 93.195 93.429 94.466 96.105 95.792 96.83 99.119 97.975 96.246 95.88 95.891 96.085 96.214 96.163 96.216 96.222 96.157 96.016 95.267 96.912 97.521 97.607 96.125 93.328 93.515 94.5 92.287 90.429 90.419 90.064 90.197 90.032 89.929 89.937 91.589 91.575 90.667 91.653 91.502 90.047 91.474 93.524
89.06 88.982 88.937 88.922 88.924 90.068 89.081 88.908 89.193 91.111 90.52 90.145 90.21 90.533 91.441 95.546 96.533 94.896 90.187 91.035 89.666 89.396 90.221 90.367 90.503 90.685 90.19 90.313 91.616 92.378 93.131 95.548 94.167 93.767 94.349 94.946 95.453 96.117 99.357 100.822 99.414 96.627 95.928 95.968 96.151 96.132 96.222 96.205 96.101 96.013 95.559 95.467 95.02 94.799 93.858 92.771 93.734 92.865 92.605 91.671 89.952 89.904 89.886 89.764 90.139 91.403 91.732 91.201 91.379 91.558 90.549 90.495 94.366
