dsm/se2537_DSM_2M.asc
ncols 500
nrows 500
xllcorner    425000
yllcorner    437000
cellsize     2
NODATA_value -9999
[rows 186 to 216 of 500, columns 140 to 209 of 500]
78.567 78.14 78.017 77.047 75.342 77.584 74.835 74.207 75.659 73.591 72.767 72.824 73.007 73.59 74.3 74.995 75.234 75.072 74.792 74.562 75.115 75.05 75.772 77.588 79.437 77.777 75.434 75.316 75.775 76.673 77.024 77.522 78.091 78.905 79.376 79.349 79.333 79.662 80.137 80.951 81.562 82.231 84.826 84.772 84.238 84.548 84.967 86.216 87.327 86.196 84.312 83.353 83.529 83.682 83.674 83.733 84.446 85.632 85.402 85.369 85.109 85.229 86.562 87.713 88.893 90.461 91.814 89.449 89.652 89.826
81.981 82.615 82.474 82.136 79.482 77.195 74.845 73.506 73.778 74.029 73.373 72.674 72.93 73.564 73.301 72.363 73.019 74.106 74.081 74.299 75.585 76.356 77.064 75.583 77.565 76.593 75.149 75.541 75.848 76.755 77.081 77.345 77.747 78.729 79.575 79.553 79.784 79.991 80.478 81.512 82.095 82.205 82.284 83.266 83.902 83.687 83.034 85.863 93.511 87.708 83.71 83.397 83.528 83.552 83.594 83.662 83.813 84.163 84.967 86.651 86.237 85.395 86.173 89.694 94.888 90.109 91.04 89.919 90.117 90.561
82.257 83.348 82.887 81.87 80.49 74.657 73.327 72.704 72.975 74.865 74.327 72.848 72.735 72.867 72.412 71.83 73.347 74.716 74.3 73.596 73.931 76.509 77.806 78.023 78.629 76.766 75.527 75.343 76.211 77.014 77.234 77.549 77.789 78.467 79.202 79.449 79.984 80.609 81.132 82.103 83.089 82.522 81.442 82.343 82.715 82.218 82.542 84.303 85.703 83.722 83.284 83.465 83.497 83.673 83.589 83.677 83.913 84.052 85.907 93.09 87.302 85.952 86.557 88.086 90.063 90.209 90.995 90.99 90.556 92.102
80.726 82.758 81.475 78.578 75.133 73.206 72.782 72.789 73.256 74.137 74.329 73.044 72.904 72.809 72.247 71.642 72.562 74.871 75.126 73.564 72.78 75.387 79.621 81.96 84.02 76.292 75.723 75.529 76.41 77.024 77.141 77.58 78.088 78.408 79.066 79.498 80.243 80.998 81.273 82.719 84.824 83.513 81.825 81.83 82.104 82.287 82.727 83.234 83.104 83.235 83.627 83.745 83.619 83.644 84.53 84.388 83.957 83.91 89.232 96.143 88.046 86.684 87.391 88.655 89.564 91.225 94.393 94.438 91.405 91.828
78.173 80.7 79.987 75.133 73.026 72.682 73.221 73.943 74.102 73.782 73.769 72.875 72.059 72.243 71.981 71.684 71.527 72.83 74.964 74.112 74.08 75.285 78.332 80.224 79.761 76.22 75.421 75.826 76.633 76.936 77.164 77.656 78.127 78.603 79.099 79.46 79.988 80.85 81.333 82.825 83.983 83.085 82.2 82.35 82.98 83.211 83.25 83.631 83.522 83.914 83.898 83.758 83.65 84.309 92.626 91.625 86.85 85.458 86.178 88.444 87.656 87.263 88.568 89.704 90.139 90.491 92.73 95.912 91.653 90.668
76.909 77.163 74.856 72.927 72.599 72.767 73.746 74.547 74.55 74.095 74.242 73.353 71.78 71.434 71.732 71.759 71.689 71.912 73.312 74.875 76.169 75.886 76.175 77.487 75.279 75.159 75.551 76.959 77.471 77.751 77.625 77.681 77.929 78.456 79.266 79.875 80.487 81.125 81.476 82.98 83.624 83.306 83.687 83.994 83.857 84.405 85.007 84.728 84.556 84.468 84.452 84.376 84.932 90.512 95.984 94.962 87.623 86.308 86.339 86.989 87.68 88.459 91.301 90.404 90.227 90.191 91.435 94.767 91.912 90.277
74.16 73.567 73.018 73.1 73.536 72.805 73.492 73.735 74.411 74.188 73.885 72.981 72.046 71.532 71.62 71.761 71.766 71.872 72.312 73.505 76.728 74.92 75.204 75.253 74.836 75.044 75.795 78.883 81.144 79.502 78.332 78.012 78.006 -9999 -9999 80.203 80.519 81.038 82.232 83.356 84.155 85.243 85.828 86.529 85.353 85.766 85.998 85.486 85.383 85.373 85.442 85.267 85.354 87.356 89.619 90.184 88.637 88.381 87.993 87.806 88.751 91.602 94.356 92.436 91.793 90.732 90.16 90.224 90.385 90.101
73.053 72.886 73.767 73.926 74.416 73.063 73.096 73.392 73.829 73.507 72.968 72.591 72.473 72.558 72.005 71.92 71.948 72.14 72.573 74.027 75.692 76.643 76.288 75.795 74.747 74.937 76.018 80.191 82.764 79.2 78.281 78.564 78.094 -9999 79.572 80.021 80.406 81.062 82.548 83.455 83.717 84.905 89.033 86.898 85.794 86.105 86.722 86.028 85.801 86.254 86.435 86.377 86.634 88.02 87.885 89.735 89.327 89.135 88.922 89.013 90.002 92.685 98.35 96.598 96.126 91.552 89.561 89.464 89.623 89.738
73.294 73.947 74.663 73.289 73.127 74.02 73.246 73.343 72.318 72.598 72.887 73.149 74.448 75.266 73.177 72.032 72.096 72.636 72.978 73.748 75.239 75.595 76.255 76.52 75.351 75.033 75.621 77.845 78.73 77.765 77.289 78.207 78.029 78.426 79.118 79.803 80.097 80.535 81.698 82.351 82.868 85.066 88.701 88.665 86.694 86.816 86.984 86.244 85.906 86.681 87.457 87.014 88.271 90.595 89.496 89.234 89.581 89.716 89.561 89.76 90.238 90.373 93.009 97.745 93.181 90.794 90.035 89.095 89.27 89.375
74.221 74.514 72.947 72.963 72.585 73.052 73.537 74.061 73.022 72.468 72.628 73.397 74.327 74.798 72.827 72.225 73.574 74.584 73.49 73.102 73.653 73.775 75.362 76.336 75.663 75.385 75.3 75.993 76.389 76.582 77.037 77.27 77.597 78.01 78.487 78.864 79.658 80.283 81.168 81.464 82.842 84.347 87.936 89.774 86.053 89.071 88.546 85.604 84.77 85.494 86.956 87.403 88.441 89.717 91.011 89.737 89.44 89.535 89.598 89.547 89.186 89.127 94.87 91.857 90.332 88.869 88.782 88.974 88.951 89.127
74.393 72.797 72.684 73.584 73.681 73.493 74.166 75.038 73.794 72.189 71.683 72.31 73.253 73.47 72.713 72.51 74.629 75.431 73.692 73.152 73.12 74.54 77.861 77.163 75.913 75.007 75.394 75.528 76.131 76.408 76.705 76.939 77.202 77.561 77.804 78.394 78.863 -9999 80.287 80.55 81.143 82.699 83.482 83.367 82.993 84.294 85.36 84.192 84.39 84.803 85.838 87.062 88.862 93.482 93.478 89.475 88.654 88.911 89.179 89.05 88.697 88.28 89.019 88.906 88.293 88.477 88.565 88.655 88.827 88.876
75.195 72.744 72.683 73.973 75.323 75.264 74.704 73.839 72.333 71.673 71.685 71.875 72.74 73.752 73.022 73.445 74.362 73.853 73.466 73.658 74.048 74.084 76.391 76.151 74.809 76.976 76.992 76.467 76.397 76.46 76.62 76.809 77.194 77.415 77.631 77.9 78.053 78.506 79.374 79.422 79.698 80.116 80.661 80.882 81.321 81.765 82.271 82.979 83.678 84.491 85.144 86.281 89.379 91.833 92.723 87.96 87.794 88.796 88.279 87.961 88.117 87.786 87.708 88.307 88.209 88.098 88.376 88.495 88.552 89.332
77.051 74.232 73.8 74.001 76.16 75.786 -9999 72.906 71.986 71.728 71.822 72.245 73.468 73.727 73.712 73.42 73.273 73.06 74.516 78.897 77.949 74.277 74.488 74.663 74.932 77.504 79.26 78.096 76.393 76.231 76.384 76.72 77.091 77.334 77.579 77.875 77.92 78.263 78.847 79.197 79.362 79.856 80.238 80.523 80.823 81.258 81.908 82.509 82.799 83.217 83.558 84.686 87.056 87.056 85.985 86.592 87.326 88.197 87.365 87.115 87.536 88.747 87.838 87.465 87.468 87.917 87.959 87.991 88.073 92.709
75.912 73.443 74.5 73.135 73.226 73.913 -9999 72.185 71.761 71.83 72.116 72.412 73.637 74.452 73.611 73.086 73.024 73.241 74.527 80.308 79.221 74.116 74.072 74.422 75.039 77.266 79.396 78.295 76.075 75.947 76.265 76.626 76.975 77.176 77.405 77.745 77.999 78.223 78.526 79.002 79.389 79.685 80.041 80.295 80.574 80.895 81.58 82.142 82.358 82.561 83.032 83.359 84.018 84.303 84.827 85.178 86.382 87.824 86.299 86.481 87.989 91.185 87.616 86.847 87.251 87.466 87.388 87.717 87.717 88.342
74.963 73.523 72.697 72.652 72.373 72.688 72.658 72.463 72.307 72.123 72.303 73.713 73.506 73.711 73.239 73.157 73.127 73.34 74.915 77.557 76.71 74.045 74.087 74.61 74.911 75.38 76.753 76.049 75.658 75.863 76.176 76.522 76.78 77.001 77.27 77.522 77.914 78.151 78.496 79.076 79.277 79.599 79.851 80.143 80.386 80.727 81.203 81.533 82.008 82.277 82.583 82.954 83.388 83.883 84.319 84.689 85.149 85.474 85.628 85.841 86.345 86.412 86.587 86.501 86.627 86.904 87.128 87.266 87.307 87.484
75.342 74.595 73.072 72.652 72.473 72.504 72.728 73.131 72.323 72.761 73.795 73.822 73.095 72.96 73.422 73.836 74.033 73.465 73.698 74.474 73.887 74.059 74.548 75.003 75.407 75.059 75.159 75.37 75.544 75.847 76.024 76.287 76.61 76.845 77.151 77.5 77.74 78.025 78.345 78.701 79.019 79.395 79.827 79.978 80.26 80.658 80.954 81.388 81.667 82.044 82.335 82.719 83.206 83.552 84.025 84.315 84.545 84.917 85.154 85.331 85.405 85.688 85.913 86.112 86.331 86.433 86.487 86.691 86.891 87.149
75.194 75.596 75.12 72.979 72.549 72.639 73.514 74.116 73.907 74.795 74.006 75.775 74.895 73.496 73.697 76.672 76.762 75.289 73.771 74.187 74.221 74.586 75.189 75.054 74.919 75.019 75.037 75.247 75.543 75.923 76.076 76.229 76.583 76.858 77.099 77.304 77.635 77.846 78.15 78.478 78.806 79.358 79.712 79.861 80.08 80.458 80.783 81.239 81.567 81.856 82.204 82.593 83.044 83.492 83.789 84.019 84.236 84.469 84.765 85.003 85.137 85.332 85.634 85.756 85.938 86.046 86.143 86.377 86.585 86.757
75.567 75.565 73.521 72.713 72.455 72.731 73.885 75.372 74.317 73.943 73.688 77.702 77.244 75.024 73.817 75.685 77.357 74.73 74.588 74.955 74.836 74.747 74.621 74.725 74.809 74.966 75.098 75.277 75.54 75.996 76.21 76.429 76.655 76.768 76.99 77.266 77.555 77.766 78.021 78.385 78.748 79.182 79.563 79.714 80.051 80.377 80.774 81.179 81.392 81.723 82.024 82.356 82.751 83.026 83.445 83.696 83.885 84.108 84.363 84.64 84.89 85.093 85.32 85.462 85.645 85.779 85.956 86.144 86.336 86.587
74.744 75.832 74.577 72.771 72.551 73.654 73.768 73.882 73.084 73.498 75.797 78.473 79.272 78.049 75.449 74.018 74.57 74.446 75.005 74.95 74.822 74.722 74.497 74.646 74.864 74.967 75.122 75.311 75.525 75.886 76.232 76.55 76.793 76.761 76.915 77.285 77.561 77.825 78.08 78.346 78.775 79.118 79.363 79.687 79.978 80.365 80.568 80.931 81.221 81.35 81.782 82.152 82.42 82.707 83.107 83.419 83.627 83.885 84.091 84.296 84.715 84.851 84.984 85.2 85.425 85.551 85.717 85.969 86.208 86.414
72.755 75.295 75.052 74.372 76.225 75.35 73.812 72.817 73.067 74.397 77.583 80.266 80.753 80.268 78.019 74.823 74.053 74.031 75.422 74.431 74.439 74.511 74.441 74.634 74.885 75.015 75.212 75.361 75.563 75.936 76.247 76.51 76.771 76.835 76.896 77.388 77.733 77.96 78.129 78.47 78.746 79.052 79.27 79.568 79.889 80.106 80.42 80.716 80.974 81.26 81.508 81.879 82.109 82.475 82.908 83.145 83.378 83.668 83.84 83.999 84.312 84.599 84.837 85.034 85.256 85.392 85.634 85.957 86.167 86.277
73.43 74.523 75.649 76.401 77.038 75.566 74.573 73.177 73.764 74.988 77.047 79.838 81.588 80.971 79.656 77.543 75.108 74.298 74.582 74.373 74.322 74.386 74.45 74.711 74.975 75.124 75.281 75.509 75.732 75.944 76.218 76.533 76.766 77.014 77.238 77.602 77.748 77.987 78.299 78.555 78.798 79.054 79.336 79.483 79.738 80.056 80.278 80.556 80.905 81.106 81.354 81.672 82.015 82.235 82.726 82.999 83.158 83.476 83.73 83.952 84.213 84.477 84.753 84.942 85.176 85.42 85.632 85.954 86.201 86.469
74.578 75.803 77.414 78.179 78.412 77.594 75.158 73.074 73.182 73.989 75.494 78.516 79.994 80.043 79.421 77.777 74.673 73.756 74.339 74.244 74.251 74.35 74.474 74.73 75.044 75.213 75.492 75.766 75.932 76.083 76.345 76.602 76.939 77.17 77.403 77.487 77.864 78.133 78.368 78.656 78.932 79.1 79.391 79.543 79.736 79.885 80.259 80.498 80.823 81.144 81.401 81.703 81.925 82.22 82.709 82.954 83.14 83.424 83.691 83.95 84.262 84.516 84.69 85.051 85.304 85.46 85.743 86.043 86.236 86.415
-9999 77.234 77.8 78.054 78.96 77.113 74.6 73.037 72.823 73.288 74.447 76.082 78.055 78.395 78.002 74.437 73.891 73.81 73.96 74.068 74.246 74.392 74.624 74.731 75.029 75.263 75.563 75.804 76.047 76.234 76.402 76.614 76.995 77.13 77.365 77.648 77.913 78.157 78.476 78.825 79.018 79.266 79.484 79.637 79.791 80.047 80.353 80.606 80.822 81.188 81.442 81.68 81.968 82.215 82.631 82.948 83.221 83.427 83.707 84.019 84.302 84.523 84.862 85.207 85.395 85.558 85.861 86.194 86.326 86.507
-9999 77.666 77.893 77.998 78.283 74.674 73.743 72.924 72.746 72.914 73.37 74.12 76.133 75.494 74.028 73.883 73.808 73.862 73.94 74.048 74.316 74.597 74.715 74.998 75.28 75.397 75.597 75.873 76.124 76.256 76.455 76.631 76.847 77.204 77.544 77.786 78.048 78.489 78.755 78.91 79.18 79.456 79.515 79.726 79.951 80.142 80.314 80.56 80.873 81.129 81.372 81.69 81.995 82.218 82.562 82.877 83.176 83.505 83.806 84.023 84.377 84.698 84.966 85.225 85.408 85.563 85.857 86.191 86.392 86.57
-9999 -9999 77.748 78.159 78.303 75.608 73.815 72.867 72.86 73.012 73.107 74.059 74.691 74.081 73.645 73.766 73.866 73.969 74.076 74.174 74.377 74.611 74.858 75.009 75.265 75.528 75.715 75.913 76.214 76.383 76.521 76.669 76.951 77.188 77.597 77.968 78.268 78.677 78.899 79.088 79.305 79.44 79.642 79.842 80.002 80.204 80.428 80.58 80.874 81.172 81.355 81.647 81.946 82.329 82.622 82.872 83.193 83.606 83.814 84.078 84.49 84.756 84.994 85.314 85.453 85.588 85.849 86.143 86.364 86.499
-9999 -9999 76.303 76.445 75.956 74.387 73.747 73.069 72.964 72.935 73.021 73.523 73.845 73.781 73.769 73.782 73.892 74.083 74.306 74.436 74.571 74.768 74.951 75.09 75.351 75.637 75.745 75.957 76.318 76.42 76.621 76.788 77.052 77.329 77.627 78.04 78.354 78.791 79.077 79.211 79.389 79.552 79.777 79.917 80.159 80.333 80.48 80.746 81.035 81.292 81.46 81.765 82.047 82.333 82.727 83.01 83.248 83.58 83.897 84.118 84.472 84.744 84.977 85.202 85.461 85.652 85.849 86.036 86.279 86.525
-9999 73.469 74.462 74.873 75.135 74.719 74.322 73.673 73.151 73.005 73.173 73.511 73.707 73.747 73.791 73.828 73.997 74.075 74.289 74.505 74.621 74.697 75.021 75.223 75.406 75.659 75.841 76.005 76.18 76.558 76.83 76.975 77.21 77.551 77.788 78.153 78.537 78.819 79.031 79.34 79.515 79.755 79.954 80.209 80.45 80.556 80.706 80.947 81.161 81.402 81.783 81.948 82.169 82.537 82.919 83.105 83.373 83.739 83.947 84.185 84.688 84.798 84.975 85.248 85.528 85.681 85.753 86.111 86.333 86.498
72.53 72.527 72.487 73.492 74.88 75.617 75.52 75.278 73.509 73.057 73.33 73.703 73.689 73.762 73.851 73.966 74.139 74.266 74.44 74.529 74.712 74.937 75.143 75.252 75.486 75.759 75.953 76.141 76.367 76.609 76.897 77.079 77.321 77.647 77.963 78.334 78.545 78.786 79.183 79.424 79.707 79.936 80.085 80.266 80.511 80.713 80.886 81.057 81.3 81.546 81.777 82.072 82.381 82.638 82.957 83.216 83.449 83.805 84.024 84.353 84.565 84.779 85.024 85.308 85.548 85.739 85.915 86.106 86.375 86.641
72.418 72.399 72.552 73.426 75.046 75.531 76.201 75.448 73.757 73.353 73.425 73.599 73.636 73.77 73.966 74.174 74.26 74.39 74.613 74.742 74.919 75.076 75.193 75.429 75.671 75.895 76.12 76.3 76.471 76.669 76.882 77.137 77.417 77.786 78.125 78.259 78.557 78.913 79.241 79.522 79.756 79.962 80.104 80.38 80.607 80.754 80.932 81.201 81.422 81.621 81.86 82.126 82.365 82.714 83.038 83.246 83.445 83.787 84.001 84.279 84.599 84.849 85.048 85.288 85.63 85.83 85.933 86.213 86.563 86.755
72.508 72.513 72.681 -9999 74.926 75.319 75.444 74.435 73.659 73.472 73.466 73.509 73.605 73.771 74.007 74.204 74.391 74.501 74.696 74.962 75.057 75.227 75.426 75.54 75.771 76.08 76.234 76.349 76.572 76.751 76.96 77.216 77.627 77.885 78.137 78.386 78.601 79.012 79.307 79.599 79.898 80.056 80.245 80.489 80.66 80.821 81.008 81.366 81.475 81.596 81.835 82.111 82.445 82.796 83.091 83.365 83.695 83.858 84.035 84.324 84.639 84.889 85.107 85.491 85.673 85.845 86.04 86.35 86.623 86.759
72.777 72.743 -9999 -9999 -9999 74.177 73.738 73.316 73.429 73.451 73.464 73.534 73.764 73.921 74.126 74.374 74.48 74.655 74.85 74.983 75.161 75.352 75.537 75.716 75.929 76.134 76.344 76.576 76.712 76.891 77.213 77.418 77.752 78.032 78.413 78.588 78.786 79.192 79.44 79.673 80.031 80.196 80.301 80.515 80.69 80.819 81.062 81.255 81.441 81.627 81.949 82.234 82.481 82.86 83.255 83.563 83.661 83.869 84.1 84.369 84.625 84.988 85.23 85.347 85.668 85.878 86.094 86.293 86.532 86.682
