dsm/se2534_DSM_2M.asc
ncols 500
nrows 500
xllcorner    425000
yllcorner    434000
cellsize     2
NODATA_value -9999
[rows 32 to 63 of 500, columns 71 to 141 of 500]
76.108 76.112 77.11 76.617 75.595 75.604 76.131 77.617 76.631 74.845 74.863 74.861 74.784 -9999 74.581 74.186 73.898 73.791 73.641 73.393 73.288 73.238 73.324 73.431 73.343 73.189 72.871 72.104 71.974 71.879 71.626 71.429 71.309 71.292 71.32 71.347 71.408 71.322 71.306 71.544 71.554 71.713 71.464 70.992 70.85 70.73 70.226 69.519 69.059 68.978 68.992 69.412 68.817 68.827 68.852 68.959 68.936 68.843 68.85 68.78 68.794 68.751 68.768 69.696 69.352 71.27 74.682 75.713 74.333 69.977 68.021
75.848 75.5 76.479 76.714 76.334 76.117 76.339 76.684 76.459 75.684 75.309 -9999 76.078 76.024 75.415 74.354 74.036 73.853 73.617 73.403 73.298 73.273 73.293 73.263 73.117 73.119 72.861 72.193 72.041 72.025 71.678 71.541 71.397 71.709 71.5 71.507 71.512 71.504 71.333 72.379 71.616 71.5 71.396 71.1 70.801 70.932 70.303 69.699 69.486 69.159 68.991 69.123 68.827 68.95 68.989 69.12 69.027 68.989 68.968 68.872 68.914 69.107 69.017 69.568 70.524 71.004 75.583 74.452 71.86 68.38 68.269
75.861 76.267 76.664 76.609 76.55 76.356 -9999 -9999 -9999 -9999 -9999 76.074 76.493 76.782 76.791 74.81 74.162 73.901 73.514 73.121 73.663 74.007 73.67 73.17 73.05 73.023 72.801 72.5 72.167 72.145 71.779 71.605 71.548 72.203 71.988 71.646 71.537 71.341 72.068 74.789 73.869 71.78 71.498 71.298 71.002 70.67 70.555 70.097 69.806 69.595 69.09 69.059 69.052 69.429 69.778 69.217 69.086 69.065 69.057 68.997 68.961 68.968 69.542 69.597 71.913 71.336 70.459 69.936 69.031 68.783 68.609
77.046 78.048 78.056 76.659 76.342 76.235 -9999 -9999 -9999 -9999 76.064 76.453 76.989 76.691 75.961 74.582 74.178 73.826 73.546 73.549 74.963 76.282 74.586 73.396 72.949 72.86 72.72 72.568 72.166 71.932 71.872 71.741 73.466 73.914 72.968 72.118 71.834 72.536 75.251 77.459 75.888 73.387 72.305 71.817 71.428 71.131 70.407 70.286 70.363 69.925 69.747 69.133 69.082 69.092 69.215 69.196 69.199 69.331 69.258 69.074 69.045 69.302 69.6 70.731 75.718 73.378 70.27 69.53 69.295 69.212 69.122
78.514 78.768 77.809 75.95 75.885 76.064 76.362 -9999 -9999 -9999 -9999 76.296 76.514 75.95 75.03 74.341 73.905 73.65 73.769 74.515 77.153 79.335 77.471 74.142 73.072 72.854 72.767 -9999 -9999 71.934 71.912 73.165 73.929 75.057 73.914 72.601 72.026 72.83 75.957 76.397 75.678 74.262 74.009 73.305 71.906 71.16 69.993 70.26 70.017 70.067 70.111 69.202 69.214 69.253 69.266 69.304 69.631 69.645 70.129 69.688 69.562 69.555 70.076 74.688 76.36 75.837 71.54 69.751 69.589 69.517 69.358
78.956 78.477 77.17 76.362 76.254 76.453 -9999 -9999 -9999 -9999 -9999 75.807 75.591 75.14 74.711 74.311 73.883 74.088 75.404 76.897 78.764 78.987 77.274 74.39 73.091 72.979 -9999 -9999 -9999 72.924 72.934 72.972 73.222 75.189 74.099 72.436 71.87 72.356 73.111 73.515 75.1 75.836 76.026 76.833 73.183 71.552 71.27 70.837 70.468 70.438 70.437 70.068 69.305 69.347 69.411 69.438 69.815 70.388 70.86 70.749 69.644 70.195 74.588 75.601 76.77 76.765 75.823 74.104 70.313 69.883 69.482
78.309 77.597 76.903 76.778 77.012 77.427 77.303 -9999 -9999 -9999 -9999 -9999 75.207 74.956 74.627 74.508 74.71 75.933 79.334 79.63 79.089 78.706 76.152 74.666 73.381 73.28 -9999 -9999 72.99 72.736 72.674 72.668 72.489 72.969 72.528 72.18 72.034 71.75 71.628 72.369 74.278 76.829 78.049 77.489 75.638 72.218 71.859 71.545 71.365 70.949 70.42 70.173 70.081 70.034 70.171 69.557 69.605 70.35 70.377 70.041 69.793 69.687 72.825 74.933 76.128 76.828 76.659 76.149 75.064 71.256 69.69
77.911 77.608 77.423 77.186 77.516 77.999 77.65 -9999 -9999 -9999 -9999 -9999 -9999 74.814 74.778 74.785 75.341 76.377 78.624 79.498 79.064 77.844 75.496 74.099 73.349 73.419 -9999 -9999 73.072 72.944 72.787 72.707 72.672 72.674 72.56 72.453 72.366 71.974 71.791 72.908 74.194 75.681 77.171 77.879 77.712 73.975 72.957 71.931 71.98 71.353 70.729 70.389 70.25 70.008 70.627 69.717 69.722 70.066 70.036 69.826 70.09 69.919 69.843 73.306 74.956 75.626 76.71 76.829 76.254 74.955 70.707
81.78 80.871 80.079 77.82 77.944 77.601 77.353 77.146 77.259 -9999 -9999 -9999 -9999 -9999 74.99 74.951 75.033 76.191 77.955 79.395 78.089 75.487 73.98 73.926 73.823 -9999 73.461 73.437 73.256 73.011 73.069 72.892 72.865 72.853 72.801 72.844 72.922 72.515 72.543 73.137 73.713 74.194 75.558 76.955 77.659 75.793 74.364 74.94 73.088 71.552 71.309 71.005 70.728 70.58 70.904 70.012 70.481 70.238 70.168 70.244 70.206 70.101 69.856 71.146 72.568 74.238 75.977 76.673 76.809 76.283 74.288
82.842 83.913 82.926 80.522 79.07 77.894 77.44 76.961 77.228 77.81 78.334 -9999 -9999 -9999 75.023 75.037 75.17 75.386 75.951 78.17 75.816 73.682 74.02 74.241 74.043 -9999 73.705 73.375 73.238 73.719 73.833 73.302 73.303 73.329 73.239 73.213 73.414 73.168 72.876 73.083 73.297 72.711 74.27 75.553 76.757 76.437 75.316 74.736 72.902 71.977 71.564 71.456 71.446 71.627 71.409 71.121 70.804 70.507 70.609 70.65 71.036 70.191 70.068 70.016 70.425 71.443 75.114 75.811 76.496 76.894 76.374
83.506 84.029 83.846 82.64 81.787 80.644 78.435 77.149 77.152 77.916 79.145 -9999 -9999 76.471 -9999 -9999 75.577 75.499 75.583 75.35 74.381 74.151 74.278 74.724 74.25 -9999 73.969 73.752 73.895 74.094 74.1 74.009 74.236 73.705 73.568 73.524 74.375 73.885 73.108 73.081 73.539 73.006 73.272 73.906 74.539 74.693 75.932 76.108 75.217 73.303 72.224 71.713 71.93 71.994 71.615 71.265 71.084 70.81 70.632 70.85 70.745 70.463 70.196 70.107 70.028 69.781 72.201 74.417 75.387 76.446 76.977
82.492 83.739 84.182 83.929 83.216 82.851 79 77.433 77.696 80.092 79.641 78.211 77.182 76.444 75.857 -9999 -9999 75.243 75.529 75.069 74.52 74.512 74.248 74.386 -9999 -9999 74.085 74.209 74.493 74.233 74.06 74.673 75.035 73.993 73.655 73.525 74.002 73.933 73.208 73.108 73.26 72.789 72.341 72.59 72.212 72.178 75.477 76.463 77.563 76.224 74.143 73.7 72.187 71.631 71.479 71.426 71.463 70.985 70.753 70.687 70.874 70.948 70.612 70.431 70.361 71.16 71.31 71.928 74.044 75.55 76.232
80.923 82.541 83.651 84.196 84.361 83.414 81.046 78.375 77.659 77.994 77.818 77.55 76.838 75.872 75.964 76.065 -9999 74.744 -9999 -9999 -9999 -9999 -9999 -9999 -9999 -9999 -9999 74.213 74.291 74.107 74.126 74.293 74.324 74.001 73.818 73.912 73.957 73.983 73.386 72.988 72.916 72.96 72.559 72.354 71.759 71.956 72.463 75.383 77.722 77.676 76.764 74.439 72.667 71.631 71.31 71.164 71.35 70.658 70.761 70.639 70.876 71.001 70.868 70.865 71.818 71.057 70.326 70.871 70.668 74.482 74.714
78.278 80.179 82.287 83.071 83.92 83.875 83.298 81.898 80.655 78.873 77.464 77.462 76.783 76.371 76.385 -9999 75.531 75.009 74.759 -9999 -9999 -9999 -9999 74.884 74.886 74.812 -9999 -9999 74.049 73.847 73.894 73.884 73.701 73.987 74.342 73.949 73.882 73.559 73.16 72.897 72.893 73.002 73.334 73.008 72.14 71.904 72.66 75.041 76.009 77.104 78.043 75.615 73.704 72.314 71.695 71.379 71.414 71.316 70.779 70.87 70.719 71.054 70.939 71.562 71.977 71.251 70.665 70.213 69.872 70.697 74.223
78.066 77.604 78.143 80.264 82.693 83.87 83.813 83.503 82.801 81.786 79.352 77.77 77.04 76.983 77.031 76.437 75.5 74.911 74.816 74.784 74.764 74.84 74.94 74.943 74.785 74.795 -9999 -9999 74.041 73.833 73.686 73.546 73.376 73.558 73.637 73.626 -9999 73.302 73.092 73.025 73.084 73.066 73.593 73.32 72.721 72.251 72.294 72.438 73.927 74.458 74.798 75.93 76.446 73.64 72.253 71.711 71.617 71.637 70.979 70.969 71.042 71.122 71.489 72.078 71.371 71.481 71.013 70.656 70.15 70.147 70.017
78.13 78.004 77.985 78.041 80.908 83.223 84.188 84.301 83.809 83.202 81.863 77.808 77.281 77.173 77.282 76.774 75.447 74.91 74.802 74.763 74.717 74.848 75.016 75.048 74.74 74.917 -9999 -9999 -9999 -9999 73.503 73.472 73.475 73.528 73.403 73.434 -9999 -9999 73.137 73.049 73.207 73.279 73.177 73.105 73.018 72.798 72.431 72.305 72.328 71.903 72.142 73.748 74.517 72.661 72.202 71.853 71.489 71.722 71.173 71.152 71.64 71.876 72.086 72.236 72.677 71.678 71.518 71.077 70.812 70.594 69.991
78.227 78.073 77.996 78.238 79.137 81.658 83.118 83.805 84.171 84.055 82.928 80.066 77.605 77.051 77.268 76.834 75.516 75.157 74.832 74.775 74.693 74.927 75.073 75.19 75.3 75.552 75.711 -9999 -9999 -9999 73.784 73.5 73.497 73.432 73.383 73.345 73.319 -9999 -9999 -9999 73.13 73.131 73.014 73.061 73.128 72.998 72.654 72.357 72.094 71.825 71.769 72.216 72.607 72.273 72.276 72.207 72.021 71.915 71.257 71.493 72.547 72.42 72.689 72.674 72.189 71.698 71.694 71.449 71.229 71.002 70.466
78.662 78.2 78.068 77.926 77.515 78.621 80.276 82.306 83.51 84.257 83.998 82.355 80.236 78.694 77.784 77.087 76.598 76.137 75.274 75.035 74.954 75.079 75.239 75.315 75.76 76.293 76.044 76.079 76.114 -9999 73.986 73.635 73.478 73.402 73.345 73.293 73.321 -9999 -9999 -9999 -9999 73.134 73.051 73.081 73.224 73.267 72.812 72.54 72.354 72.077 71.847 71.976 72.425 72.51 72.447 72.26 72.176 72.084 -9999 71.544 71.704 72.37 72.633 72.567 71.836 71.875 72.301 72.204 71.651 71.195 70.981
78.551 78.277 78.235 78.201 77.903 77.61 77.698 79.347 82.741 83.588 83.746 83.71 83.065 82.283 79.571 77.366 77.026 76.823 75.88 75.347 75.039 75.286 75.494 75.498 75.804 76.208 76.09 75.994 76.108 75.848 -9999 -9999 73.544 73.39 73.361 73.343 -9999 -9999 -9999 -9999 73.327 73.337 73.167 73.128 73.463 73.647 73.128 72.672 72.564 72.312 71.958 72.208 72.61 72.586 72.348 72.056 72.355 72.535 -9999 -9999 -9999 72.586 72.234 72.108 71.74 72.189 72.649 72.602 71.792 71.798 72.128
78.433 78.338 78.357 78.28 78.303 78.144 77.643 78.228 80.146 80.619 83.371 83.978 83.421 82.382 79.422 77.331 77.031 76.739 76.208 75.705 75.611 75.863 75.972 76.036 76.299 76.315 76.146 76.064 76.19 76.141 75.835 -9999 -9999 -9999 -9999 -9999 -9999 -9999 -9999 73.895 73.79 73.719 73.561 73.535 73.812 73.908 73.436 73.151 72.998 72.865 73.046 73.312 72.921 72.762 72.443 72.583 72.752 72.992 72.889 -9999 -9999 -9999 72.572 72.005 71.946 72.358 72.991 72.871 72.165 72.754 74.012
-9999 -9999 78.468 78.433 78.463 78.2 77.712 77.589 78.457 79.309 82.298 83.23 82.967 79.441 77.311 77.226 77 76.709 76.434 76.08 76.088 76.308 77.187 78.178 77.814 77.05 76.234 76.031 76.097 76.127 -9999 -9999 -9999 -9999 -9999 -9999 -9999 -9999 73.54 73.648 73.683 73.685 74.295 74.094 73.516 73.61 73.486 73.541 73.787 73.711 73.66 73.486 73.042 72.98 72.681 72.815 73.008 73.176 73.033 -9999 -9999 -9999 -9999 -9999 72.312 72.445 72.564 72.799 72.74 72.861 73.193
79.991 79.745 79.484 78.691 78.492 78.228 77.933 77.77 77.587 77.77 81.165 81.017 79.373 78.108 77.321 77.197 77.057 76.784 76.512 76.347 76.492 77.937 81.381 81.521 81.435 78.388 76.516 76.276 76.178 76.039 75.941 75.902 -9999 -9999 -9999 -9999 -9999 73.703 73.615 73.5 73.711 74.44 75.657 74.601 73.566 73.543 74.205 76.216 76.595 74.943 74.289 73.764 73.501 73.102 72.998 73.008 72.991 72.946 72.964 -9999 -9999 -9999 -9999 -9999 72.658 72.672 72.794 73.222 73.316 72.862 72.802
80.029 79.458 79.877 79.155 78.417 78.104 77.916 77.963 77.926 77.375 78.155 77.584 77.343 77.395 77.478 77.385 77.131 76.881 76.606 76.504 77.165 80.205 82.688 82.77 82.627 81.086 79.312 77.673 76.551 76.066 75.907 75.796 75.819 -9999 -9999 -9999 -9999 -9999 73.605 73.574 73.644 73.786 74.76 74.408 73.362 74.069 77.111 80.086 80.51 78.705 77.242 75.119 73.856 73.375 72.952 73.02 72.874 72.655 72.823 72.909 -9999 73.465 -9999 73.324 72.951 72.879 72.973 72.976 73.429 73.311 73.003
81.778 82.745 80.173 78.749 78.248 78.133 78.072 78.12 78.094 77.698 77.448 77.179 77.274 77.534 77.84 77.67 77.38 77.166 76.904 76.733 77.608 81.062 82.444 83.201 83.609 82.998 82.206 79.515 76.742 76.309 75.957 75.736 75.822 75.669 75.543 75.646 -9999 -9999 74.013 73.541 73.574 73.578 73.72 73.657 73.773 74.908 79.391 80.794 81.273 80.843 79.922 78.374 75.12 74.095 73.409 73.113 72.939 72.824 72.924 72.93 73.098 73.499 73.54 73.342 73.06 72.938 72.853 72.905 73.403 73.519 74.439
80.789 80.101 79.184 78.485 78.315 -9999 78.18 78.226 78.298 78.014 77.7 77.627 77.614 77.651 77.724 77.776 77.588 77.264 76.867 76.881 77.343 79.725 80.754 82.562 83.293 83.443 82.998 81.198 78.233 76.48 76.088 76.038 75.848 75.495 75.488 75.769 75.815 75.753 74.682 73.779 73.524 73.474 73.614 73.779 74.112 74.589 77.736 80.551 81.842 81.778 80.771 80.061 77.531 74.423 73.893 73.223 73.245 73.031 73.023 72.751 73.052 73.677 73.696 73.572 73.192 73.109 73.071 73.139 73.585 74.05 77.2
79.317 79.094 78.745 78.762 78.36 78.318 -9999 78.291 78.381 78.256 78.256 78.091 77.976 77.803 77.813 77.86 77.68 77.261 77.011 76.897 77.336 77.998 77.759 80.382 82.272 83.062 83.129 83.016 81.081 78.381 77.231 76.227 75.975 75.219 75.168 75.915 75.967 76.009 75.653 -9999 73.809 73.543 73.69 74.153 74.654 75.377 77.312 80.166 81.174 81.548 81.168 80.948 79.71 76.373 74.319 73.818 73.558 73.407 73.303 73.211 73.247 73.556 73.66 73.648 72.885 73.345 73.519 73.452 73.596 74.502 78.126
79.123 79.092 78.689 78.458 78.432 78.339 78.251 78.301 78.32 78.276 78.286 78.171 77.977 77.899 77.834 77.935 77.877 77.559 77.336 77.136 77.117 77.064 76.857 76.949 79.661 81.635 82.665 83.01 82.925 81.17 80.858 78.05 76.49 74.949 74.814 75.745 76.005 76.088 75.894 75.696 -9999 75.082 74.86 74.911 75.41 76.514 78.255 79.032 79.739 81.003 81.314 81.118 81.026 79.017 75.436 74.267 73.696 73.681 73.875 73.911 73.492 73.276 73.682 73.303 73.181 73.82 73.694 74.341 74.798 74.209 76.415
79.427 79.1 78.798 78.605 78.436 78.343 78.164 78.326 -9999 78.289 78.155 78.056 78.205 78.053 77.852 78.083 78.024 77.9 77.779 77.25 77.19 77.037 76.903 76.738 77.269 78.772 81.988 82.793 83.207 83.041 82.424 81.352 -9999 76.384 75.666 75.97 76.044 76.044 75.8 75.785 76.584 77.461 76.802 76.104 76.255 76.594 77.355 77.398 78.039 79.275 80.462 80.959 81.072 80.637 78.898 75.612 74.226 74.123 74.12 74.1 73.807 73.568 73.654 73.79 73.91 73.899 73.938 76.086 77.015 75.345 74.587
79.95 79.346 79.05 78.929 78.685 78.591 78.425 78.549 78.475 78.367 78.188 78.093 78.189 78.122 78.093 78.135 78.15 78.115 77.881 77.522 77.42 77.238 77.081 76.96 77.395 78.204 80.074 81.844 83.16 83.444 83.462 83.195 81.804 78.528 76.309 76.067 76.01 76.033 75.685 74.816 76.729 79.763 77.377 75.756 76.11 76.797 76.683 76.646 76.162 76.724 77.674 80.337 80.586 81.033 81.13 79.013 76.529 74.763 74.203 74.221 73.914 73.899 74.124 74.063 74.033 74.114 74.316 76.393 77.625 76.057 74.945
82.635 80.4 79.366 79.076 79.263 79.395 78.962 78.73 78.716 78.538 -9999 -9999 78.135 78.155 78.187 78.206 78.195 78.152 77.994 77.739 77.578 77.427 77.348 77.23 77.394 77.513 78.275 80.438 81.584 82.821 83.55 83.17 82.822 81.305 78.213 77.003 76.2 75.931 75.494 75.073 75.536 77.864 77.012 76.05 75.767 76.24 76.44 76.14 75.271 75.453 76.165 77.467 80.018 80.568 81.376 81.322 80.266 78.314 76.055 74.503 74.334 74.465 74.289 74.182 74.046 74.146 75.355 77.254 77.537 77.008 76.404
85.894 82.651 79.69 79.262 79.418 79.485 79.081 78.637 78.522 78.454 78.303 -9999 -9999 78.193 78.232 78.264 78.218 78.177 78.084 77.935 77.772 77.667 77.555 77.725 78.157 77.78 77.357 77.2 79.333 81.367 82.204 82.934 82.782 82.662 81.606 80.016 77.421 76.206 75.782 75.662 76.059 76.749 77.171 76.311 75.617 75.888 76.225 75.938 76.055 75.272 74.813 75.538 77.419 78.534 81.136 81.479 81.513 80.676 79.141 75.711 74.377 74.454 74.47 74.401 74.198 75.101 78.338 79.725 79.28 77.687 76.303
86.95 84.76 80.508 79.392 79.399 79.244 78.811 78.401 78.283 78.271 78.147 78.195 -9999 -9999 78.264 78.297 78.294 78.267 78.284 78.182 77.927 77.811 77.789 78.029 78.516 77.957 76.977 76.801 77.374 77.443 79.583 82.471 83.038 83.404 82.767 81.688 78.211 76.371 76.344 76.304 76.32 76.518 76.716 76.303 75.986 76.09 76.194 75.79 75.7 75.257 74.821 74.829 75.134 75.728 79.971 81.493 81.81 81.275 81.042 78.318 75.315 74.603 74.648 74.878 74.903 76.465 79.563 80.19 80.075 78.526 75.333
