dsm/se2538_DSM_2M.asc
ncols 500
nrows 500
xllcorner    425000
yllcorner    438000
cellsize     2
NODATA_value -9999
[rows 450 to 479 of 500, columns 268 to 334 of 500]
89.006 88.335 89.041 89.032 88.699 88.499 89.009 89.421 94.475 89.408 89.877 88.381 87.885 87.886 87.902 90.887 94.794 89.381 87.691 86.917 86.415 85.791 85.963 90.846 88.723 86.493 87.133 88.18 91.24 92.19 92.305 89.841 89.321 89.231 89.079 89.149 89.36 89.722 90.233 90.559 90.771 90.882 91.098 92.672 94.602 94.928 95.196 95.373 95.353 95.182 94.996 94.794 94.807 94.928 95.099 95.39 95.458 95.259 94.902 94.748 94.731 94.909 95.124 95.31 95.37 95.254 94.986
88.426 88.519 88.75 88.564 88.427 89.24 92.473 92.557 89.769 88.766 87.711 87.713 87.572 87.714 90.191 94.33 92.377 91.468 89.819 87.543 85.505 85.277 85.251 85.967 85.938 85.786 86.593 87.713 88.82 89.783 90.931 89.588 89.19 89.134 89.035 89.066 89.278 89.533 90.084 90.362 90.682 90.797 90.945 91.741 94.604 95.041 95.1 95.309 95.537 95.231 95.076 94.913 94.851 94.916 95.059 95.313 95.354 95.283 94.975 94.802 94.741 94.832 95.017 95.207 95.279 95.289 95.137
88.56 88.664 89.544 88.502 89.38 93.849 98.713 92.476 89.471 90.057 88.645 87.464 87.36 87.75 90.144 88.879 89.425 89.324 89.44 90.176 86.712 85.24 85.175 85.169 85.233 85.426 86.47 87.713 88.474 88.723 90.194 89.751 89.229 89.032 88.975 88.942 89.064 89.296 89.592 90.064 90.505 90.727 90.871 91.536 93.091 94.752 95.045 95.287 95.43 95.418 95.178 95.049 94.789 94.821 94.956 95.156 95.32 95.287 95.181 94.887 94.673 94.723 94.835 95.032 95.27 95.333 95.214
88.404 88.034 88.138 88.169 93.855 91.625 91.354 89.119 87.615 87.626 87.362 88.125 87.519 87.309 86.883 85.922 90.51 91.732 89.999 85.786 85.362 85.138 85.068 85.127 85.193 85.442 86.04 87.4 91.701 88.309 88.902 89.749 89.069 88.998 88.954 88.896 88.831 89.012 89.368 89.831 90.156 90.475 90.882 90.991 93.032 94.881 95.084 95.109 95.294 95.412 95.258 95.158 94.859 94.788 94.86 95.075 95.359 95.489 95.207 95.028 94.752 94.618 94.782 95.04 95.261 95.352 95.258
90.342 87.932 87.762 87.822 87.971 89.275 88.42 88.041 87.358 87.178 88.166 90.039 86.768 85.793 86.074 85.198 85.988 86.588 86.232 85.171 85.174 85.029 85.104 85.128 85.232 85.394 86.58 88.226 89.758 88.926 88.855 90.77 89.972 88.893 88.865 88.831 88.721 89.102 89.65 89.377 89.828 90.376 90.619 90.878 91.328 93.467 94.898 95.096 95.295 95.522 95.367 95.156 95.041 94.789 94.867 95.085 95.263 95.408 95.399 95.106 94.926 94.735 94.759 95.009 95.145 95.405 95.399
88.147 87.503 87.483 87.493 87.665 89.462 93.593 88.748 86.911 87.095 92.547 88.496 85.316 84.991 85.156 84.968 84.975 85.012 84.987 84.868 84.959 85.052 85.115 85.105 85.214 85.226 86.915 90.586 89.446 88.175 88.061 90.059 90.83 89.157 88.87 88.634 88.602 89.021 89.281 89.225 89.465 89.926 90.425 90.637 91.075 92.563 94.624 95.023 95.254 95.411 95.294 95.27 95.139 94.75 94.775 95.037 95.138 95.317 95.362 95.204 95.006 94.794 94.769 94.925 95.07 93.885 94.324
87.345 87.122 87.075 87.185 89.142 92.742 93.76 89.256 86.92 86.666 87.576 85.816 85.044 84.915 84.94 85.126 85.287 85.461 85.082 84.987 85.153 85.167 85.128 85.109 85.173 85.157 85.35 85.836 88.188 88.177 87.334 88.652 90.476 90.316 89.324 88.612 88.753 88.776 88.735 88.747 89.281 89.604 90.212 90.662 90.91 92.398 94.962 95.028 95.156 95.342 95.413 95.234 95.078 94.883 94.739 94.927 95.069 95.374 95.477 95.249 94.979 94.874 94.665 94.717 93.019 91.254 91.757
87.08 87.12 87.043 87.401 91.648 94.558 88.855 89.966 86.223 85.115 84.986 84.975 84.926 84.866 84.897 86.306 87.149 86.501 85.429 87.279 85.671 85.418 85.171 85.175 85.099 85.12 84.993 85.481 86.168 86.115 86.738 88.025 89.882 90.389 89.235 88.782 88.684 88.633 88.524 88.653 88.813 89.386 89.93 90.496 90.861 92.114 94.649 94.866 95.122 95.286 95.423 95.326 95.118 94.904 94.737 94.749 94.925 95.181 95.285 94.955 93.082 93.111 91.894 91.751 91.212 90.952 90.96
87.749 88.968 89.16 87.736 85.939 85.658 90.145 86.291 85.41 84.835 84.936 84.959 84.854 84.947 87.014 90.865 91.376 91.08 90.483 92.351 90.453 85.937 85.06 85.12 85.085 85.143 85.145 85.183 85.394 85.682 86.393 87.101 87.887 89.858 89.156 88.769 88.446 88.504 88.43 88.426 88.606 89.03 89.66 90.223 90.645 91.005 91.924 94.598 95.063 95.16 95.36 95.398 95.212 94.974 94.781 94.59 94.92 94.872 92.79 91.987 91.649 91.377 91.099 90.934 90.918 90.926 90.915
87.485 90.501 90.155 87.42 85.717 85.049 85.16 85.217 84.781 84.858 84.912 84.946 84.831 86.205 90.725 92.87 93.012 92.99 92.932 92.844 89.743 86.13 84.92 85.05 85.069 85.078 85.11 85.16 85.226 85.524 85.753 86.371 87.465 89.562 89.493 88.842 88.402 88.418 88.396 88.345 88.531 88.632 89.074 89.961 90.338 90.798 91.199 94.35 94.879 95.111 95.371 95.476 95.262 95.271 94.138 93.22 93.265 93.539 92.34 91.229 91.105 91.196 91.025 90.963 90.931 90.9 90.846
87.26 89.315 88.189 89.442 87.24 85.171 84.818 84.77 84.844 84.947 84.876 85.092 85.573 89.342 91.737 92.872 92.986 93.033 92.936 92.869 90.754 87.102 86.156 85.045 84.973 85.006 85.086 85.139 85.06 85.154 85.531 86.12 87.069 88.542 89.147 88.532 88.352 88.267 88.392 88.284 88.013 88.491 88.813 89.46 90.114 90.561 91.098 92.685 94.78 95.042 95.125 94.649 93.483 94.407 91.75 92.007 92.37 93.032 92.423 91.503 91.101 91.098 90.995 90.926 90.848 90.812 90.76
85.534 85.851 85.02 85.199 85.464 84.829 84.761 84.834 84.866 84.9 85.214 86.51 89.984 91.298 92.292 92.871 92.954 92.976 92.952 92.901 92.684 90.14 88.335 85.543 84.951 85.004 85.124 85.151 85.206 85.146 85.308 85.765 86.407 87.847 89.03 89.322 88.47 88.3 88.341 88.122 88.061 88.249 88.684 89.248 89.787 90.366 90.739 91.466 94.108 94.895 93.337 91.572 91.365 91.5 91.699 91.928 91.903 92.761 -9999 -9999 -9999 -9999 -9999 90.822 90.782 90.792 90.781
84.853 84.814 84.793 84.818 84.871 84.699 85.019 85.581 85.086 86.165 89.217 90.349 91.905 91.472 91.875 92.002 92.944 92.974 93.003 92.92 92.756 91.622 89.662 87.264 85.268 85.075 85.217 85.102 85.131 85.164 85.084 85.488 86.153 86.883 88.111 89.507 88.426 88.162 88.158 88.198 88.115 88.274 88.528 88.943 89.415 90.205 90.575 91.158 93.471 93.831 91.286 91.257 91.128 91.184 91.278 91.617 91.67 -9999 -9999 -9999 -9999 -9999 90.798 90.761 90.663 90.821 90.842
84.845 84.812 84.813 84.824 84.965 84.889 85.142 88.978 89.103 90.405 90.326 91.059 91.852 91.591 91.297 91.579 92.864 92.945 92.982 92.912 92.808 92.813 90.603 88.791 86.122 85.25 85.196 85.052 85.116 85.104 85.075 85.219 85.73 86.505 87.079 88.844 89.393 88.394 88.177 88.073 88.215 88.172 88.183 88.412 89.006 89.802 90.288 90.853 91.299 91.795 91.608 91.331 91.184 91.202 91.294 91.339 -9999 -9999 -9999 -9999 -9999 -9999 -9999 90.778 90.822 90.985 90.876
84.738 84.715 84.749 85.292 85.4 85.079 86.278 90.197 91.703 91.431 90.59 91.024 91.656 91.845 91.547 91.842 92.651 92.931 92.915 92.86 92.869 92.916 91.198 89.447 88.677 86.23 85.251 85.013 85.003 85.056 85.061 85.183 85.341 85.703 86.557 87.966 89.155 88.561 88.078 87.904 88.006 88.085 88.066 88.286 88.722 89.219 89.815 90.764 91.02 91.2 92.013 91.335 91.18 -9999 -9999 90.946 90.899 90.729 90.757 90.7 90.674 90.697 -9999 90.786 90.832 90.874 90.854
84.602 85.007 85.269 88.581 89.838 88.864 89.771 91.207 91.7 91.597 91.136 90.805 91.215 91.587 91.418 91.437 92.043 92.954 92.855 92.912 92.955 92.873 92.749 91.461 89.464 88.45 85.765 84.928 85.068 85.13 85.185 85.221 85.221 85.554 86.337 87 87.855 88.385 88.289 88.004 87.948 87.92 88.008 88.125 88.307 88.841 89.588 90.57 90.875 90.947 91.277 91.307 91.236 -9999 -9999 90.821 90.683 90.651 90.676 90.67 90.658 90.675 90.736 90.77 90.783 90.808 90.821
85.346 88.263 90.022 91.467 91.802 91.286 90.887 90.833 91.011 91.621 91.378 91.012 91.171 91.617 91.729 91.523 92.446 92.902 92.939 92.971 92.995 92.922 92.807 91.819 90.76 89.331 88.328 85.624 85.105 85.151 85.006 85.146 85.37 85.466 85.872 86.611 87.27 88.374 89.297 88.043 87.994 88.022 87.922 87.749 88.108 88.586 89.122 90.184 90.845 90.85 90.903 -9999 -9999 -9999 -9999 90.607 90.606 90.639 90.665 90.679 90.707 90.708 90.728 90.762 90.769 90.745 90.748
89.308 90.753 90.97 91.474 91.689 91.654 91.165 90.511 89.905 91.614 91.614 91.111 90.984 91.572 91.679 91.522 91.674 92.496 92.881 92.849 92.974 92.897 92.973 92.815 92.347 89.8 87.409 85.322 85.033 85.104 85.076 85.173 85.378 85.421 85.8 86.221 86.914 88.619 89.266 88.061 87.892 88.087 87.968 87.707 87.8 88.069 88.691 89.64 90.35 90.797 90.817 90.784 90.688 90.606 -9999 90.603 90.617 90.64 90.633 90.656 90.728 90.714 -9999 90.702 90.727 -9999 90.578
91.605 91.286 90.991 91.318 91.514 91.681 91.29 90.767 90.674 91.46 91.659 91.397 90.993 91.057 91.227 91.619 91.463 92.324 92.907 92.909 92.94 92.9 92.906 92.946 92.726 89.721 86.461 85.038 85.132 85.129 85.162 85.217 85.291 85.38 85.575 86.005 86.472 87.806 88.913 88.554 87.982 87.864 87.858 87.729 87.726 87.892 88.322 89.105 89.828 90.573 90.708 90.727 90.62 90.575 90.554 90.588 90.632 90.647 90.643 90.625 90.629 -9999 -9999 -9999 -9999 90.552 90.518
91.802 91.596 91.086 91.153 91.489 91.724 91.808 91.357 91.059 91.389 91.716 91.841 91.196 91.025 91.234 91.695 91.668 91.534 92.541 92.733 92.896 92.987 92.889 92.946 92.495 90.096 88.978 88.239 85.471 85.185 85.257 85.341 85.431 85.494 85.495 85.587 86.215 86.892 88.052 90.01 88.608 87.731 87.714 87.763 87.773 87.855 88.105 88.63 89.361 90.249 90.705 90.631 90.583 90.551 90.498 90.611 90.696 90.635 90.544 -9999 90.374 90.378 90.352 -9999 90.5 90.503 90.431
91.701 91.868 91.372 91.067 91.088 91.731 91.952 91.45 91.165 91.282 91.564 91.941 91.513 91.088 91.023 91.516 91.824 91.358 91.758 92.795 92.903 92.957 92.956 92.947 92.898 92.082 89.765 88.594 85.474 85.098 85.382 85.484 85.532 85.619 85.461 85.823 86.192 86.662 87.596 89.802 88.816 87.874 87.716 87.725 87.744 87.702 88.081 88.226 88.798 89.451 90.348 90.427 90.493 90.519 90.542 90.634 90.726 90.575 90.399 90.266 90.268 90.258 90.259 -9999 -9999 90.493 90.508
91.72 92.009 91.662 91.21 90.913 91.371 92.081 91.746 91.156 91.07 91.231 91.641 91.585 91.191 90.982 91.1 91.632 91.798 92.196 92.712 92.958 92.857 92.94 92.974 92.954 92.89 90.987 88.766 86.85 85.274 85.315 85.461 85.444 85.687 85.725 85.872 86.2 86.492 87.186 89.558 89.102 87.895 87.652 87.65 87.648 87.596 87.759 87.973 88.4 89.027 89.925 90.476 90.414 90.481 90.544 90.596 90.578 90.436 90.283 90.172 90.245 90.252 90.29 90.414 -9999 90.594 90.678
91.335 91.873 91.709 91.387 90.908 90.547 91.751 91.946 91.389 91.134 91.091 91.408 91.804 91.348 90.974 91.013 91.325 91.754 91.736 91.432 92.504 92.853 92.933 92.961 92.928 92.956 92.454 89.966 89.24 86.692 85.253 85.422 85.512 85.691 85.787 85.89 86.086 86.212 86.676 87.93 87.918 87.701 87.87 87.638 87.519 87.388 87.482 87.709 88.071 88.593 89.31 90.163 90.328 90.352 -9999 -9999 -9999 90.357 90.297 90.136 90.296 90.345 90.365 90.432 90.564 90.597 90.74
91.042 91.552 91.728 91.48 91.088 90.686 91.132 91.923 91.586 91.145 91.001 91.126 91.771 91.692 91.044 90.984 91.194 91.658 91.829 91.908 92.77 92.869 92.932 92.973 93.008 93.026 92.718 91.912 89.158 85.563 84.992 85.431 85.576 85.712 85.813 86.029 86.049 86.156 86.587 86.987 87.557 88.307 88.509 87.872 87.497 87.482 87.456 87.547 87.654 88.258 89.316 89.908 90.034 90.159 -9999 90.231 90.348 90.335 90.357 90.309 90.321 90.405 90.386 90.438 90.578 90.653 90.435
90.856 91.001 91.622 91.521 91.357 90.917 90.88 91.743 91.899 91.425 91.083 91.069 91.422 91.892 91.39 91.099 91.127 91.282 91.695 91.65 91.729 92.563 92.844 92.932 93.075 93.207 92.861 91.555 89.361 86.342 85.229 85.24 85.513 85.739 85.846 85.995 86.047 86.331 86.591 86.811 87.279 88.657 88.804 87.669 87.661 87.698 87.453 87.504 87.671 88.023 88.725 89.557 90.091 90.101 90.13 90.27 90.328 90.349 90.418 90.378 90.208 90.163 90.489 90.471 90.165 90.086 89.836
90.942 90.863 91.457 91.696 91.465 91.214 91.096 91.528 91.742 91.563 91.203 90.932 91.047 91.804 91.971 91.279 91.037 91.254 91.46 91.737 91.663 92.65 92.852 92.855 92.867 92.936 92.943 92.886 91.081 88.833 88.165 85.842 85.561 85.857 85.907 85.885 86.193 86.387 86.426 86.804 87.296 88.314 88.634 87.577 87.517 87.596 87.532 87.541 87.701 87.898 88.433 89.224 89.903 90.052 90.151 90.283 90.265 90.3 90.468 90.491 90.193 90.019 90.028 89.934 89.822 89.496 89.458
91.216 90.827 91.033 91.55 91.494 91.349 91.14 91.236 91.715 91.68 91.408 90.824 90.933 91.703 91.977 91.258 90.935 90.92 91.423 91.789 91.544 91.977 92.649 92.882 92.912 92.904 92.94 92.915 92.607 90.96 87.068 85.848 85.571 85.652 85.979 86.048 86.222 86.35 86.41 86.616 87.388 87.893 87.903 87.454 87.353 87.413 87.508 87.565 87.515 87.693 88.173 88.936 89.734 90.003 90.171 90.252 90.068 90.128 90.332 90.274 90.239 89.785 89.558 90.131 89.764 89.38 89.33
91.627 91.05 90.937 91.536 91.791 91.654 91.09 90.885 91.371 91.669 91.508 91.234 90.939 91.427 91.93 91.869 91.21 90.791 91.106 91.713 91.714 91.29 91.982 92.854 92.917 92.888 92.904 92.918 92.884 91.189 88.719 85.813 85.705 85.634 85.794 85.875 85.969 86.263 86.37 86.476 87.124 87.668 87.41 87.34 87.345 87.37 87.488 87.514 87.59 87.679 87.848 88.25 89.327 90.013 90.066 90.209 89.844 89.958 89.719 89.743 89.392 89.327 89.307 89.415 89.399 89.24 89.228
91.696 91.199 90.931 91.327 91.81 91.671 91.374 91.026 91.208 91.69 91.629 91.277 90.983 91.068 91.339 91.727 91.249 90.877 90.91 91.422 91.957 91.657 92.522 92.777 92.839 92.885 92.929 92.848 92.886 92.12 89.081 87.612 86.859 85.834 85.755 85.811 85.941 86.116 86.211 86.33 -9999 87.157 87.294 87.289 87.253 87.311 87.477 87.591 87.695 87.676 87.832 88.14 88.641 89.221 89.366 89.195 89.381 89.369 89.153 89.1 89.089 89.251 89.183 89.218 89.251 89.185 89.201
91.694 91.536 91.025 91.005 91.429 91.553 91.698 91.046 90.904 91.392 91.804 91.562 91.204 90.852 90.714 91.494 91.429 91.07 90.847 91.16 91.74 91.694 91.614 92.524 92.84 92.993 92.921 92.859 92.948 92.881 90.566 90.878 90.355 86.854 85.732 85.736 85.784 86.058 86.166 86.271 86.553 86.995 87.235 87.275 87.3 87.397 87.556 87.616 87.598 87.624 87.77 88.174 88.496 88.717 88.638 88.635 88.895 88.882 88.656 88.82 89.019 89.064 89.034 89.1 89.144 89.159 -9999
