dsm/se2539_DSM_2M.asc
ncols 500
nrows 500
xllcorner    425000
yllcorner    439000
cellsize     2
NODATA_value -9999
[rows 330 to 359 of 500, columns 335 to 401 of 500]
184.593 185.289 184.31 183.819 183.143 183.018 182.465 182.157 181.893 182.047 182.248 182.4 182.834 183.851 184.974 184.922 184.438 183.939 183.911 184.466 183.013 182.751 182.822 183.79 185.004 185.051 183.554 182.953 182.773 182.889 182.876 182.98 182.931 182.825 182.861 -9999 183.862 184.069 184.523 185.964 189.191 189.189 189.002 187.753 185.78 183.846 183.532 183.521 183.199 183.411 184.1 185.606 183.951 183.001 183.128 184.069 184.068 183.575 183.077 182.851 182.83 183.404 184.525 185.817 184.9 183.3 182.902
182.613 183.772 183.788 182.896 183.001 184.158 183.933 182.851 182.008 181.996 182.199 -9999 -9999 183.951 183.434 184.49 183.508 183.33 184.304 184.788 183.762 182.772 182.899 183.332 183.476 182.834 182.67 182.689 182.769 182.847 182.897 182.96 182.937 -9999 -9999 -9999 183.391 183.461 183.495 184.852 186.365 188.056 188.932 189.024 187.118 184.956 183.345 183.963 183.806 186.18 187.932 188.658 186.459 183.131 182.992 183.16 183.798 183.706 183.045 182.779 182.799 182.988 184.464 186.435 185.127 183.146 182.911
181.662 182.093 182.18 182.215 182.455 184.3 184.217 183.1 182.255 181.886 181.977 -9999 -9999 183.971 184.033 184.038 183.535 183.499 184.198 184.628 183.961 183.247 182.935 183.034 183.015 182.645 182.623 182.676 182.755 182.83 183.053 183.501 183.912 -9999 -9999 -9999 183.029 183.02 183.007 183.039 183.472 185.137 188.052 188.465 187.055 184.262 183.353 183.564 184.027 186.747 188.893 187.891 186.796 183.591 183.005 183.059 183.167 183.245 182.959 183.08 183.595 183.753 184.287 184.525 183.97 183.129 182.932
181.525 181.6 181.75 181.89 182.212 183.376 183.615 182.37 182.015 181.892 181.947 -9999 -9999 -9999 -9999 -9999 -9999 -9999 183.885 -9999 -9999 -9999 -9999 -9999 182.909 182.66 182.646 -9999 184.002 185.368 186.301 187.064 187.87 187.462 187.196 -9999 183.411 183.232 183.04 183.183 183.954 185.344 187.026 187.434 185.881 183.938 183.243 184.18 184.173 184.423 184.039 185.522 185.281 183.408 183.051 183.007 182.923 182.773 183.898 184.411 185.966 183.828 183.583 183.418 183.131 182.97 182.961
181.546 181.567 181.598 181.683 181.78 182.432 182.639 181.775 181.917 182.061 -9999 -9999 -9999 -9999 -9999 182.633 182.597 182.572 182.599 182.661 182.783 -9999 182.792 182.842 -9999 182.649 -9999 -9999 186.988 187.921 188.92 189.047 187.988 187.14 186.988 187.254 -9999 184.389 183.97 183.781 184.709 185.602 186.838 186.875 186.23 185.834 184.812 184.84 183.918 183.093 183.151 184.295 184.543 183.49 182.977 182.974 182.579 182.912 183.719 186.105 187.869 185.316 183.229 182.956 182.983 182.981 182.988
181.522 181.511 181.498 181.62 182.12 182.241 182.217 182.115 182.009 -9999 -9999 182.814 182.852 182.873 182.726 182.657 182.675 182.468 182.327 182.429 182.581 182.733 182.827 182.923 182.771 182.675 182.989 184.891 187.496 187.82 189.58 189.582 186.897 188.7 187.191 187.392 -9999 185.503 186.45 186.283 184.318 185.289 186.256 187.33 188.279 189.069 186.798 185.551 183.575 183.111 183.031 184.15 185.32 185.316 183.505 183.949 183.01 182.833 183.971 186.586 187.611 185.092 183.105 182.842 183.015 183.01 182.982
181.376 181.474 181.602 181.736 181.915 181.988 -9999 -9999 -9999 -9999 182.647 182.968 183.057 182.841 182.724 182.598 182.744 182.396 182.397 182.517 182.664 182.738 182.705 182.962 182.719 182.607 182.643 183.318 187.316 189.5 188.537 185.232 184.395 188.342 188.024 186.55 -9999 185.356 186.059 185.522 183.907 184.494 188.13 185.499 186.963 190.637 186.206 184.544 183.554 183.089 183.108 184.64 185.968 185.664 184.765 185.092 183.685 183.518 184.289 186.067 185.307 183.593 182.853 182.848 183.122 183.38 -9999
181.397 181.58 181.654 181.705 181.633 181.732 181.742 181.727 -9999 182.241 182.406 182.704 183.087 182.652 182.695 182.863 182.878 182.973 182.613 182.679 182.863 182.681 182.792 182.869 182.701 182.598 182.669 183.164 186.52 188.436 185.631 183.452 184.179 185.211 185.268 184.977 184.288 184.061 184.321 183.78 183.489 183.752 183.476 183.744 188.125 185.866 184.621 184.357 183.98 183.603 184.552 185.845 186.7 186.086 185.707 185.353 183.858 183.41 183.981 183.813 183.233 182.876 182.745 183.104 184.012 184.31 -9999
181.602 181.676 181.5 181.629 181.626 181.672 181.664 181.712 181.889 182.07 182.168 182.106 182.369 182.391 182.494 182.834 183.202 183.603 183.235 182.982 182.845 182.83 182.96 183.712 183.226 182.765 182.785 184.355 187.374 188.391 185.367 184.056 186.495 186.331 184.275 183.871 183.463 183.17 183.274 183.312 183.407 183.544 183.302 183.363 183.709 183.91 184.186 184.871 184.792 185.294 186.178 186.894 186.51 185.242 185.611 185.576 183.948 183.318 183.593 183.555 183.496 183.091 183.095 183.975 184.765 185.052 -9999
181.597 181.94 181.621 181.639 -9999 181.824 181.861 181.711 181.953 182.069 182.194 182.149 182.334 182.38 182.368 -9999 183.244 183.634 183.635 -9999 183.043 183.001 183.332 184.752 184.06 183.418 184.307 186.859 188.634 187.831 184.595 186.412 186.767 184.963 185.787 184.461 183.446 183.053 183.224 183.749 184.071 185.102 184.137 183.331 183.846 185.026 185.507 185.185 185.987 184.943 190.224 188.519 185.542 183.707 183.809 183.892 183.289 182.909 183.066 183.789 184.775 184.903 183.187 183.888 185.548 185.286 184.112
181.504 181.694 -9999 -9999 182.139 182.181 182.353 182.417 182.102 182.508 183.393 182.57 182.371 182.337 182.379 182.463 -9999 184.258 184.813 184.92 183.714 182.842 183.089 184.023 184.445 183.576 183.643 186.906 187.283 186.451 186.12 186.356 184.07 183.68 185.052 184.151 183.381 183.2 183.413 184.258 185.256 186.821 185.465 183.739 186.238 185.906 186.655 188.147 185.747 184.593 186.937 186.178 183.594 183.44 183.536 183.431 182.798 182.728 182.826 183.675 184.537 184.543 183.203 183.635 184.218 184.138 183.433
181.483 -9999 -9999 -9999 182.316 182.151 182.426 182.943 182.588 182.93 184.439 183.639 182.476 182.386 182.436 182.417 182.824 184.215 185.434 185.839 183.809 182.661 182.777 183.554 184.228 183.159 183.071 184.385 183.865 185.915 186.636 184.036 183.224 183.536 185.254 185.32 183.858 183.226 183.269 183.932 183.864 183.449 184.366 183.72 187.436 189.378 189.903 191.057 185.635 184.145 185.092 185.378 183.607 185.79 185.361 185.566 183.726 183.11 182.984 183.259 183.352 184.673 184.324 185.524 184.107 183.169 183.065
181.318 181.378 181.757 182.363 182.71 182.143 182.36 182.537 182.174 182.164 182.734 183.157 182.74 182.503 182.423 182.437 182.399 183.296 184.883 184.972 183.15 182.499 182.674 183.213 184.086 184.417 182.983 182.877 184.171 184.443 183.776 183.22 183.264 183.849 187.969 187.216 183.737 183.25 183.262 183.368 183.43 183.446 183.641 183.798 186.207 189.566 192.853 192.184 188.602 184.276 183.991 183.426 184.545 188.609 186.965 189.31 184.216 184.371 184.145 183.263 183.117 183.567 183.563 184.782 183.639 182.672 182.848
181.239 181.347 181.611 182.27 183.611 183.759 182.688 182.072 182.18 182.883 183.061 183.774 183.818 183.03 182.613 182.496 182.416 182.642 183.57 183.591 182.967 182.73 182.589 182.786 183.224 183.968 183.025 183.955 185.227 183.767 183.344 183.276 183.32 184.045 187.833 185.652 183.526 183.28 183.257 183.412 183.475 183.633 184.341 185.438 184.95 188.734 190.37 187.397 184.749 185.245 185.339 183.658 185.06 188.914 188.25 186.977 184.576 185.829 186.541 184.728 183.204 183.908 183.946 184.173 183.504 182.983 182.869
181.201 181.377 181.632 182.124 184.502 185.383 185.143 181.982 182.54 184.547 184.729 184.613 185.25 183.591 182.661 182.357 182.551 182.516 182.863 183.489 183.203 182.811 182.657 182.638 182.975 183.115 183.887 187.723 186.863 183.85 183.431 183.259 183.31 184.408 184.787 184.791 183.472 183.358 -9999 183.41 183.399 183.469 183.733 186.104 185.06 186.875 185.161 184.884 188.003 188.823 187.075 184.597 183.905 184.541 184.524 185.303 187.322 189.167 187.424 185.389 185.721 187.221 186.806 185.892 183.932 183.076 182.964
181.521 181.511 181.686 182.359 185.084 186.904 185.157 182.62 184.372 183.884 183.408 183.187 184.472 183.521 182.539 182.425 182.531 182.567 183.075 183.747 183.788 182.893 182.767 182.904 183.246 184.066 185.365 190.408 187.015 184.058 184.104 183.28 183.569 185.146 187.242 185.061 183.965 183.499 183.412 183.463 183.443 183.523 183.599 183.672 184.43 188.281 185.729 185.141 190.547 188.111 186.909 186.599 184.966 183.606 183.264 184.012 187.494 189.153 185.098 185.283 184.733 190.211 185.73 185.57 185.216 184.277 183.632
181.498 181.554 181.875 182.763 186.133 185.657 185.11 184.375 184.751 184.216 183.186 183.128 183.495 182.94 182.478 182.517 182.658 182.821 183.033 185.062 184.223 182.948 182.742 182.847 183.134 183.912 185.24 185.261 184.254 183.46 183.807 183.292 183.964 185.471 185.036 184.437 183.537 183.292 183.385 183.503 183.479 183.59 183.831 184.623 184.983 184.921 184.235 184.766 187.634 186.221 185.485 185.055 185.574 187.488 183.988 183.351 186.001 185.677 188.921 184.806 185.757 191.655 190.071 186.264 186.225 187.791 185.131
181.447 181.583 181.839 182.475 183.55 183.096 184.606 183.505 182.386 182.686 182.723 183.757 183.306 182.623 182.45 182.495 183.084 183.042 183.569 184.104 183.233 182.794 183.29 183.012 183.726 184.543 184.764 183.594 183.458 183.321 183.506 183.607 183.824 184.348 183.614 183.571 183.152 183.159 183.383 183.506 183.51 183.582 183.714 185.086 185.461 185.267 185.911 185.975 186.238 185.085 183.96 188.086 186.749 184.816 184.666 184.467 185.564 185.263 184.543 183.48 183.936 187.409 188.376 184.433 185.545 190.108 187.611
181.649 181.832 181.942 182.412 182.624 182.361 183.379 182.522 182.123 182.229 182.233 182.902 182.555 182.543 182.893 183.243 183.428 183.94 183.962 182.991 182.577 183.004 183.348 183.751 184.879 186.168 185.357 184.214 183.545 183.323 183.216 183.365 183.524 184.093 183.609 183.305 183.24 183.267 183.414 183.52 183.526 183.52 183.55 183.791 185.688 186.19 188.27 190.498 189.602 185.878 184.552 184.49 183.725 184.033 185.081 186.086 188.797 185.751 184.99 183.503 185.562 192.032 185.485 183.152 184.127 188.059 189.191
181.926 182.442 182.466 182.457 182.51 182.124 182.07 182.249 182.633 183.064 182.526 182.936 182.952 182.67 184.225 185.1 185.036 185.401 184.926 183.247 182.94 183.655 183.601 184.196 184.984 186.44 185.271 184.289 185.298 183.608 183.115 183.465 184.421 183.927 183.623 183.46 183.306 183.382 183.597 183.581 183.683 183.556 183.536 183.572 184.15 188.169 189.007 186.479 189.047 192.601 186.231 185.487 184.767 186.37 188.459 186.491 185.36 188.812 186.57 186.866 186.581 185.852 183.423 182.857 183.098 185.682 185.775
181.903 182.436 182.411 182.035 181.945 181.996 182.083 182.329 182.764 183.143 182.385 183.634 183.771 183.365 183.718 185.351 184.818 185.5 185.756 183.299 183.133 183.499 183.702 184.057 183.975 183.789 183.554 183.8 184.6 183.478 183.504 184.79 185.416 184.314 183.55 183.471 -9999 184.358 184.147 184.207 185.729 184.375 183.777 183.66 183.746 185.246 185.573 185.181 186.564 190.598 188.318 190.018 187.52 186.643 185.217 184.063 185.138 184.012 183.67 185.169 186.252 192.494 184.952 183.053 182.943 183.315 184.551
181.642 181.861 182.049 182.142 182.392 183.283 183.126 182.825 182.876 183.024 183.482 183.346 182.89 182.736 182.668 183.523 183.23 183.501 183.184 183.011 183.002 183.241 183.736 183.746 183.685 183.251 183.144 183.256 183.633 184.784 186.37 186.98 185.316 183.742 183.277 183.331 184.111 184.893 185.011 186.171 189.56 187.269 185.791 184.371 183.733 183.662 184.388 185.014 185.05 187.721 188.096 190.972 188.105 185.989 185.266 184.633 188.158 189.034 183.477 183.659 186.416 184.398 188.134 185.715 182.988 182.819 183.962
181.548 181.754 181.874 182.331 182.792 182.97 183.255 183.285 183.337 182.846 183.11 183.084 182.441 182.655 182.664 182.944 182.693 182.617 182.78 182.753 183.02 -9999 183.659 183.74 184.12 183.777 183.188 183.135 184.434 187.483 189.215 190.275 184.611 183.454 183.295 183.394 183.864 185.198 186.635 190.031 190.765 190.014 188.923 186.255 184.594 183.618 183.919 184.294 184.825 186.002 187.913 193.435 186.03 185.576 185.499 183.792 186.258 188.133 184.595 184.307 185.726 187.084 190.347 185.97 183.255 182.731 183.013
181.59 181.709 181.942 182.048 182.475 182.883 183.198 184.141 185.003 185.383 184.109 182.361 182.481 183.17 182.652 183.926 183.043 182.851 183.249 183.604 -9999 183.815 183.482 183.53 183.653 183.975 183.513 183.44 185.256 187.313 189.239 186.649 184.716 183.785 183.409 183.477 183.625 183.902 187.776 189.927 190.752 190.936 190.198 189.202 185.594 183.759 184.273 185.043 186.236 185.473 186.768 184.804 185.02 188.324 185.841 184.43 184.808 188.819 186.589 185.145 184.956 186.08 190.317 189.206 183.15 182.828 182.887
181.72 181.831 181.987 181.974 182.051 182.397 183.471 185.05 185.384 186.841 184.555 182.266 182.252 182.57 182.954 185.87 188.914 186.461 186.395 186.667 186.444 184.903 183.352 183.364 183.29 183.505 184.074 184.326 185.129 188.472 191.762 190.501 186.196 185.543 183.633 183.546 183.743 183.882 184.664 188.844 189.928 190.601 191.169 189.609 187.468 185.396 184.057 188.958 188.052 186.235 186.195 184.58 184.43 184.021 184.619 184.056 188.348 191.074 187.827 185.475 184.256 185.282 185.422 184.968 183.72 183.344 184.012
181.739 181.81 181.818 181.973 182.074 182.73 184.075 185.17 184.955 184.329 182.831 182.305 182.291 182.45 182.341 183.987 186.915 188.35 186.293 186.534 187.851 185.655 183.538 183.252 183.17 183.584 185.13 185.184 184.708 188.489 195.578 192.093 189.397 186.157 183.827 183.438 183.866 184.412 184.14 186.115 186.531 190.019 191.156 190.623 189.85 186.675 183.577 186.457 190.045 190.195 191.157 189.677 184.783 183.634 184.118 183.694 185.442 187.756 185.614 184.772 186.339 185.771 183.854 183.994 184.036 184.019 185.717
181.68 181.753 181.903 182.29 183.343 184.288 184.561 185.107 184.168 182.593 182.176 182.311 182.294 182.339 182.445 182.98 184.772 184.169 184.132 185.051 188.338 185.454 183.316 183.46 183.831 184.298 186.548 185.585 185.104 189.126 192.741 190.379 186.436 184.068 184.376 185.06 184.788 184.693 184.053 183.506 184.356 188.005 189.709 190.834 190.259 188.455 185.01 183.815 184.426 187.723 188.899 187.495 183.65 183.255 184.291 183.831 189.421 186.87 183.963 184.839 186.928 187.537 184.738 184.653 185.267 185.879 185.536
181.917 181.942 182.955 185.01 186.595 186.611 184.424 183.439 182.321 182.119 182.206 182.193 182.237 182.339 182.552 182.817 183.56 183.51 183.304 184.073 184.574 183.981 183.533 183.527 184.556 184.02 183.278 185.818 193.895 192.739 194.36 187.789 183.59 183.853 186.136 187.48 186.783 185.634 184.122 183.481 184.406 186.858 187.183 189.563 190.348 189.644 187.644 184.371 183.511 186.048 188.185 186.413 183.167 183.039 183.138 183.526 186.824 185.156 183.837 183.488 184.879 187.017 188.929 185.925 187.444 190.38 186.509
182.016 183.861 185.132 187.513 187.421 186.321 183.466 182.329 181.992 182.045 182.207 182.204 182.37 182.522 182.775 183.612 183.09 183.074 183.07 182.947 183.281 183.84 183.447 183.314 183.357 183.102 183.396 185.828 191.182 194.474 188.744 184.048 183.971 185.42 187.7 187.993 186.952 186.01 184.209 183.454 183.729 184.998 184.779 187.557 189.929 190.621 189.269 185.419 183.794 186.996 186.296 187.756 184.845 183.255 183.678 183.901 183.622 183.838 183.265 182.896 182.984 184.677 185.625 185.884 189.837 186.549 184.874
181.855 182.868 186.943 187.514 186.505 185.122 183.026 182.119 181.971 182.033 182.152 182.67 182.789 182.658 184.075 186.546 185.519 183.64 183.018 183.056 183.237 184.2 183.627 183.481 183.224 183.093 183.027 185.08 187.189 186.879 183.616 183.817 184.983 187.079 187.392 186.89 185.79 184.331 184.141 183.762 183.483 183.662 186.406 188.832 190.372 190.46 188.2 185.576 184.231 184.046 188.039 188.257 188.015 185.683 187.07 187.254 185.53 184.415 183.603 183.078 188.679 186.374 184.963 185.323 185.616 185.834 182.897
