dsm/se2534_DSM_2M.asc
ncols 500
nrows 500
xllcorner    425000
yllcorner    434000
cellsize     2
NODATA_value -9999
[rows 64 to 95 of 500, columns 142 to 212 of 500]
74.763 75.169 75.594 75.03 -9999 74.079 74.037 73.985 74.137 74.3 74.164 74.554 74.7 74.71 75.181 75.575 76.292 75.124 75.15 75.805 75.086 75.408 75.927 75.305 74.985 74.983 75.024 75.11 75.326 75.5 76.348 76.444 76.55 77.325 77.544 76.651 76.827 76.079 79.791 77.281 80.229 77.886 81.036 77.377 79.868 78.554 77.822 79.617 78.94 80.977 77.288 79.999 77.158 80.038 78.599 77.429 78.103 77.734 80.557 77.991 79.872 77.004 75.949 76.594 75.188 75.121 75.21 74.632 74.67 74.767 74.858
75.34 76.757 76.631 76.158 -9999 74.226 74.17 74.197 74.461 74.503 75.141 75.027 74.995 76.117 78.205 76.908 75.933 75.539 75.973 76.886 76.485 76.166 75.66 75.089 75.009 75.17 75.786 75.304 75.473 75.692 76.044 76.523 76.616 76.689 76.581 77.439 76.341 76.022 82.021 82.292 82.273 82.311 82.618 82.262 82.42 82.437 82.561 82.326 82.414 82.366 82.309 82.579 82.243 82.542 82.292 82.455 82.304 82.453 82.533 82.412 82.749 78.145 76.091 77.37 77.177 76.46 77.496 75.638 74.83 74.886 74.927
76.598 77.158 76.926 76.688 -9999 74.705 74.385 74.629 75.253 75.611 75.454 75.349 75.971 79.337 84.186 81.426 80.619 77.229 76.129 77.239 77.095 76.385 76.081 75.604 75.576 75.526 76.01 76.011 75.548 75.685 76.019 76.208 76.864 76.741 76.86 76.997 76.273 76.613 82.503 83.083 83.097 83.272 82.937 83.243 82.909 83.176 82.919 83.113 83.07 83.102 83.338 82.961 83.173 83.003 83.295 83.046 83.161 83.023 83.105 83.166 83.057 78.043 76.033 76.146 77.349 76.945 75.528 77.405 75.2 74.917 75.018
76.473 76.867 76.947 -9999 -9999 75.677 75.589 75.787 75.703 75.952 75.992 75.87 76.303 78.175 80.062 79.043 77.426 78.061 76.886 77.137 77.212 77.991 77.178 76.528 76.335 76.666 76.582 76.131 76.058 75.828 75.942 76.284 76.546 76.84 77.139 77.006 76.635 76.3 81.981 82.277 82.404 82.465 82.616 82.261 82.332 82.201 82.182 82.227 82.141 82.272 82.248 82.272 82.078 82.321 82.154 82.402 82.18 82.519 82.292 81.915 81.981 76.842 76.408 77.264 77.684 76.438 75.397 75.111 75.064 75.009 75.107
-9999 -9999 -9999 -9999 76.388 76.453 76.526 76.445 76.507 76.762 76.545 76.272 76.634 77.555 77.65 77.567 76.82 77.557 77.886 78.95 78.407 77.44 77.424 77.178 77.129 76.796 77.128 76.301 76.137 76.262 76.359 76.277 76.539 76.723 77.145 77.202 77.189 76.283 78.289 79.911 79.248 79.636 80.777 78.54 78.698 77.816 79.964 79.422 79.876 80.299 80.148 78.616 78.426 78.809 77.152 79.097 76.583 79.08 78.453 80.157 78.577 78.068 76.999 77.605 77.603 76.145 75.938 75.856 75.831 75.141 75.185
-9999 -9999 -9999 76.553 76.618 76.598 76.953 77.493 77.603 77.577 77.347 77.276 77.612 78.294 78.218 77.758 77.601 77.741 77.925 80.761 80.987 78.076 77.55 77.621 77.524 77.672 77.735 77.105 76.511 76.615 76.604 76.361 76.515 76.746 76.964 77.066 77.647 76.457 76.547 76.284 76.532 76.926 76.345 76.189 76.63 76.584 76.919 76.345 76.304 76.213 76.146 76.06 76.073 76.093 76.313 76.083 76.344 76.26 76.281 76.174 76.037 76.067 76.147 77.089 76.946 76.353 76.197 75.931 75.56 75.378 75.291
-9999 -9999 -9999 76.562 76.48 76.585 78.991 80.338 80.371 79.232 78.565 78.883 77.848 79.756 79.975 79.782 81.141 78.919 78.791 79.403 81.314 79.218 78.593 80.254 78.648 79.294 80.125 77.753 77.211 77.085 76.926 76.537 76.638 76.861 76.95 77.03 77.688 77.747 77.052 76.932 76.914 76.913 76.888 76.769 77.115 76.919 76.667 76.786 77.075 77.606 77.156 76.643 76.56 76.807 76.712 76.495 76.579 76.678 77.157 76.724 76.409 76.34 76.434 77.39 77.262 76.562 76.471 76.255 76.038 75.775 75.561
-9999 -9999 -9999 76.648 76.703 77.231 78.695 82.257 82.817 82.387 82.312 81.255 81.623 82.347 81.005 81.998 83.53 82.214 82.757 82.05 81.522 79.879 81.602 81.684 80.275 81.515 80.5 79.205 77.438 77.13 77.178 76.756 76.8 76.876 77.086 77.227 77.311 77.564 77.558 77.583 77.423 77.531 77.31 77.43 77.587 77.861 77.292 77.418 77.722 77.65 77.468 77.147 77.195 77.117 76.982 77.1 76.947 77.232 77.327 77.253 76.812 76.712 76.723 77.339 77.269 76.938 76.769 76.57 76.45 76.201 75.995
-9999 -9999 -9999 76.797 76.78 76.858 77.618 80.354 84.01 84.085 83.817 84.022 83.901 83.595 83.743 84.005 83.982 83.752 84.099 83.877 83.733 83.914 83.451 83.894 84.082 83.72 83.117 80.292 77.632 77.257 77.714 77.686 77.683 77.747 77.231 77.341 77.525 77.619 77.892 78.239 78.105 78.03 77.88 78.088 78.761 83.065 78.173 77.816 78.02 78.153 78.083 77.757 77.739 77.556 77.635 77.461 77.502 77.561 78.122 77.781 77.316 77.096 77.298 77.694 78.057 77.476 76.916 76.844 76.743 76.562 76.543
-9999 -9999 -9999 77.246 77.094 77.031 77.291 79.413 84.121 83.647 83.298 84.109 82.783 83.087 82.919 82.596 84.273 83.885 83.925 83.407 83.916 83.306 83.186 83.707 82.595 83.591 83.135 79.488 77.476 77.458 77.748 78.179 77.921 77.983 77.998 77.889 77.698 77.775 77.938 78.408 78.859 78.682 78.459 78.51 85.258 84.736 80.356 78.548 78.601 79.076 78.657 78.902 78.346 78.132 78.235 78.156 78.192 78 78.611 78.056 77.811 77.498 77.798 77.907 78.189 78.032 77.211 77.409 77.489 77.167 77.329
-9999 -9999 -9999 77.538 77.579 77.624 77.513 79.793 83.323 80.495 82.384 82.021 80.454 82.812 80.606 79.956 82.462 83.107 82.799 81.511 81.688 79.681 81.679 81.192 79.401 82.818 81.686 78.078 77.69 77.929 78.121 77.995 78.099 78.272 78.229 78.065 77.982 78.055 78.107 78.479 78.775 78.836 78.755 78.991 80.094 81.616 78.895 79.114 79.128 78.953 79.321 78.575 78.688 78.581 78.633 78.53 78.524 78.535 78.384 78.393 79.097 77.742 77.239 78.075 77.992 78.038 77.979 77.329 77.477 77.678 77.254
-9999 -9999 77.683 77.69 77.853 78.756 78.262 78.603 80.533 79.434 78.608 78.001 79.086 79.42 78.947 79.661 80.219 80.222 80.243 78.288 77.797 78.862 81.786 81.344 78.166 79.453 78.632 77.929 78.156 78.205 78.217 78.297 78.299 78.379 78.342 78.158 78.125 78.21 78.332 78.378 78.566 78.752 79.017 79.508 79.757 79.467 79.77 79.776 79.684 79.494 79.514 79.121 79.686 80.021 79.19 79.324 79.501 79.57 79.758 79.69 77.331 76.889 76.829 76.816 76.758 77.274 76.746 76.916 76.674 76.655 76.756
-9999 -9999 77.737 77.668 77.641 77.97 77.951 77.879 78.143 77.733 77.48 77.773 77.743 77.914 77.863 78.322 78.258 77.973 78.392 77.682 77.744 78.403 78.718 79.04 77.926 77.822 77.702 78.565 78.52 78.296 78.431 78.535 78.475 78.644 78.671 78.421 78.364 78.445 78.448 78.569 78.718 78.828 78.961 79.251 79.524 79.689 79.749 80.034 80.053 79.557 80.172 79.504 79.507 79.642 79.181 79.336 79.332 79.438 79.875 80.195 77.551 76.898 76.893 76.901 76.858 76.812 76.788 76.745 76.779 76.755 76.744
-9999 -9999 -9999 77.686 77.614 77.65 77.838 78.035 78.234 78.044 77.972 78.218 78.077 78.134 77.928 78.429 78.415 78.358 78.644 78.309 78.566 78.776 78.576 78.734 78.554 78.477 78.578 78.965 78.802 78.708 78.94 78.951 78.865 78.738 78.564 78.609 78.635 78.703 78.793 78.784 78.846 78.971 79.07 79.214 79.429 79.712 79.869 79.91 79.929 79.844 79.955 79.807 79.867 79.726 79.735 79.754 79.641 79.669 79.989 80.61 78.507 76.987 76.934 76.967 76.95 76.919 76.915 76.864 76.909 76.879 76.852
77.381 77.453 -9999 77.565 77.524 77.509 77.887 78.149 78.394 78.406 78.506 78.66 78.831 79.113 78.524 78.992 79.007 79.016 79.08 78.97 79.18 79.173 79.366 79.282 78.836 79.552 79.599 79.564 79.703 79.869 79.548 79.157 79.367 78.881 78.96 79.026 78.875 79.081 79.193 79.117 79.077 79.085 79.162 79.384 79.558 79.763 79.934 80.167 80.233 80.214 80.267 80.224 80.266 80.16 80.129 80.086 80.143 80.096 80.45 81.125 78.437 77.033 77.043 77.016 77.118 77.048 78.016 77.401 77.12 77.259 77.05
77.388 77.578 -9999 -9999 77.646 77.768 78.074 78.312 78.987 79.092 79.038 78.987 79.147 79.286 79.599 80.138 79.7 79.505 79.517 79.427 79.321 79.622 79.766 79.71 79.998 79.963 79.977 80.352 80.39 80.165 79.948 79.591 79.53 79.38 79.463 79.487 79.454 79.513 79.425 79.353 79.403 79.237 79.307 79.507 79.663 79.903 80.064 80.276 80.428 80.615 80.571 80.6 80.687 80.563 80.639 80.578 80.626 80.521 81.311 81.544 78.722 77.317 77.381 78.222 78.428 79.253 79.74 79.709 79.216 79.419 79.254
77.66 77.813 77.889 -9999 -9999 -9999 78.457 78.911 79.464 79.456 79.377 79.458 79.245 79.357 79.879 80.446 79.919 79.709 79.895 79.786 79.618 79.684 79.947 79.961 80.2 80.385 81.016 80.372 80.304 80.173 80.07 80.023 79.826 79.813 79.724 79.671 79.795 79.747 79.637 79.591 79.609 79.487 79.521 79.597 79.786 80.161 80.213 80.401 80.554 80.76 80.813 80.921 80.936 80.989 81.001 81.02 81.065 80.895 81.444 81.721 80.836 78.918 79.693 79.844 79.629 79.667 79.762 79.773 79.766 79.744 79.761
77.95 77.907 78.045 78.144 78.155 -9999 78.858 79.049 79.201 79.119 79.145 79.668 79.374 79.376 79.401 79.804 79.724 79.726 79.852 79.903 79.788 79.984 80.102 80.171 80.363 80.182 80.684 80.397 80.271 80.149 80.169 80.377 80.305 80.018 79.802 79.77 79.792 79.754 79.727 79.89 79.825 79.753 80.466 79.785 79.949 80.284 80.423 80.399 80.507 80.778 80.967 81.106 81.178 81.191 81.214 81.274 81.247 81.273 81.378 81.791 81.309 81.295 81.313 80.913 81.573 80.678 80.226 80.982 80.226 80.94 80.413
78.291 78.23 78.203 78.098 78.357 -9999 -9999 -9999 79.156 79.052 79.067 79.248 79.325 79.388 79.517 79.693 79.725 79.807 79.947 79.947 79.969 80.164 80.336 80.872 80.273 80.232 80.284 80.468 80.363 80.2 80.325 80.605 80.627 80.4 80.289 80.3 80.024 79.869 80.021 80.087 80.035 80.881 80.728 80.572 80.52 80.469 80.513 80.578 80.63 80.774 81.086 81.228 81.562 81.891 81.475 81.93 81.443 81.385 81.533 81.657 81.518 82.012 81.353 81.848 81.448 81.778 81.538 81.36 81.329 81.302 81.362
78.629 78.633 78.524 78.421 78.58 78.715 78.818 -9999 79.085 79.075 79.076 79.01 79.112 79.336 -9999 -9999 -9999 80.211 80.397 80.542 80.554 80.494 80.722 81.662 80.859 80.469 80.659 81.526 81.791 82.47 81.78 81.326 81.184 81.55 81.904 81.863 82.064 81.7 81.224 81.606 81.502 81.18 81.085 80.721 80.877 80.914 80.773 80.775 80.905 80.86 81.111 81.336 81.929 82.17 82.169 82.125 82.217 82.31 82.184 81.53 83.254 84.185 85.704 84.683 85.995 83.728 85.578 85.389 83.045 85.46 83.643
78.978 78.925 78.817 78.77 78.713 78.848 78.881 78.997 -9999 -9999 79.099 79.03 79.075 -9999 -9999 -9999 -9999 80.672 80.816 81.077 81.066 80.934 80.738 80.707 81.135 81.197 81.89 82.651 82.878 82.63 82.226 82.298 82.046 82.245 82.71 82.63 82.35 81.804 81.485 82.312 81.892 82.496 81.192 81.096 81.485 82.04 81.331 81.147 81.082 81.209 81.21 81.387 81.658 81.884 82.106 82.193 82.084 82.041 81.861 81.511 87.092 87.654 87.882 87.646 87.956 87.81 87.793 87.599 87.668 87.648 87.56
79.281 79.23 79.167 79.142 79.108 79.047 78.927 79.154 79.277 -9999 -9999 79.127 -9999 -9999 -9999 80.785 80.839 80.88 80.948 81.111 81.252 81.167 81.073 81.047 81.306 81.558 82.309 82.807 83.038 82.736 82.114 82.538 81.891 81.903 82.463 82.961 82.772 82.133 82.096 82.773 82.921 82.927 81.848 81.442 81.728 81.851 81.98 81.742 81.407 81.392 81.402 81.493 81.646 81.85 82.09 82.426 82.743 82.502 82.291 83.142 88.253 88.202 88.309 88.296 88.189 88.42 88.313 88.424 88.241 88.336 88.529
79.408 79.375 79.369 79.386 79.403 79.325 79.307 79.386 79.461 -9999 -9999 -9999 -9999 -9999 -9999 80.891 80.823 80.772 81.032 81.183 81.491 81.54 81.233 80.978 81.728 82.219 82.705 82.932 82.943 82.859 82.802 81.999 81.424 81.489 81.91 82.733 82.79 82.674 82.729 82.799 82.89 82.944 82.531 82.382 82.259 82.223 82.165 82.181 82.371 81.789 81.927 81.695 81.729 81.93 82.127 82.669 83.111 83.061 83.008 82.233 87.143 87.167 87.284 87.118 87.616 87.512 87.542 87.359 87.334 87.485 87.391
79.411 79.479 79.543 79.604 79.662 79.691 79.686 79.55 79.593 79.762 -9999 -9999 -9999 -9999 -9999 81.037 80.965 81.016 81.166 81.248 81.691 81.782 81.789 81.655 82.356 82.878 82.942 82.94 82.951 82.991 83.186 82.098 81.227 81.466 82.111 82.865 82.922 82.866 82.766 82.784 82.828 82.97 82.97 82.786 82.864 82.798 82.786 82.279 84.219 84.476 84.559 82.1 81.961 82.075 82.208 82.346 82.678 83.788 83.173 82.065 81.982 83.82 83.807 82.361 85.489 82.64 83.899 82.994 83.146 85.253 84.146
79.645 79.759 79.677 79.669 79.945 79.87 79.822 79.769 79.582 80.198 80.138 80.388 -9999 -9999 -9999 -9999 81.298 81.362 81.352 81.518 81.944 81.972 82.024 82.14 82.45 83.263 83.613 83.711 83.703 83.884 85.459 83.771 81.962 82.396 82.783 83.204 83.24 82.932 82.903 82.937 83.039 83.054 83.161 83.199 82.995 83.171 83.142 83.027 83.167 83.702 83.245 82.534 82.114 82.213 82.344 82.531 82.634 83.274 84.568 83.369 82.508 82.031 82.989 81.866 81.667 81.306 81.542 81.782 81.583 83.227 83.036
80.413 80.258 79.952 80.247 80.264 80.439 80.542 80.525 80.49 80.577 80.313 80.638 80.694 80.746 -9999 -9999 81.448 81.533 81.656 81.872 81.998 82.091 82.413 82.4 83.254 85.386 85.52 -9999 -9999 86.295 87.558 85.706 83.159 83.149 83.466 84.456 84.426 83.832 83.37 83.685 83.541 83.858 84.199 85.968 86.214 85.598 86.231 84.983 85.139 83.238 83.242 82.598 82.355 82.405 82.419 82.641 82.753 82.928 83.129 83.973 84.367 83.18 84.018 83.416 82.913 81.998 82.353 82.079 81.827 81.853 81.752
83.584 81.149 80.267 80.887 81.979 83.033 83.245 82.955 83.443 81.969 80.632 80.807 80.741 80.814 -9999 -9999 81.55 81.623 81.8 81.965 81.957 81.958 82.279 82.606 83.592 86.215 86.751 87.181 87.707 86.948 87.045 86.216 -9999 85.284 85.931 86.625 86.911 85.046 84.133 84.635 85.591 85.541 86.523 87.704 88.792 89.341 88.299 88.242 86.774 84.101 83.116 82.826 82.681 82.7 82.698 82.744 82.904 83.135 83.221 83.533 84.146 85.639 86.574 83.494 83.191 82.754 82.629 82.649 82.795 82.789 82.441
84.998 82.023 80.707 83.535 85.941 86.541 86.337 86.151 86.183 83.609 81.349 81.148 80.706 80.881 80.989 81.161 -9999 -9999 81.851 81.907 81.884 81.854 82.255 82.858 83.122 83.557 85.861 87.769 88.623 87.074 86.745 85.669 85.333 86.039 88.639 87.948 87.118 86.154 85.483 86.22 88.35 87.988 87.915 88.716 89.098 89.393 89.13 89.132 86.695 83.934 83.052 83.215 83.394 82.987 83.016 82.971 83.045 83.172 83.317 83.475 83.75 86.87 87.062 83.918 84.056 83.912 83.995 83.208 83 83.402 83.088
87.362 84.395 82.221 86.359 87.09 87.388 87.188 87.154 86.543 82.14 82.323 81.762 81.052 81.01 81.077 81.292 81.485 81.652 -9999 -9999 81.938 82.12 82.351 82.948 83.036 83.545 86.678 86.752 85.829 85.805 87.723 84.559 83.823 84.676 86.654 86.641 87.697 86.075 84.523 86.245 87.182 86.67 88.279 88.567 87.432 87.96 87.787 87.15 85.866 83.309 83.055 83.789 83.93 83.331 83.296 83.218 83.28 83.308 83.432 83.617 83.768 83.969 84.952 84.458 85.149 84.477 84.418 83.663 83.545 83.841 83.592
86.516 83.769 81.349 84.998 84.943 85.748 86.954 87 85.744 83.799 82.545 82.092 81.277 81.126 81.228 81.358 81.555 81.819 81.885 -9999 -9999 82.283 82.167 82.62 82.89 83.028 84.578 84.454 83.218 83.728 85.252 83.708 82.966 83.276 83.711 83.822 85.241 84.187 83.25 84.33 84.908 84.424 85.379 85.574 83.646 84.48 84.062 84.585 83.609 83.305 83.261 84.171 83.971 83.619 83.569 83.522 83.56 83.526 83.628 83.656 83.864 83.997 84.09 84.418 84.957 84.635 84.654 83.904 83.982 84.262 83.918
83.52 81.1 80.884 81.986 81.716 84.305 84.869 84.222 84.859 84.739 82.318 82.073 81.56 81.461 81.477 81.586 81.839 82.144 82.031 -9999 -9999 82.43 82.587 82.957 83.159 83.091 83.293 83.249 83.319 83.416 83.607 83.424 83.154 83.317 83.42 83.38 83.443 83.115 83.221 83.832 83.973 83.692 83.655 83.228 83.052 83.215 83.271 83.312 83.235 83.497 84.218 84.592 84.111 83.882 83.753 83.796 83.835 83.757 83.881 83.842 83.983 84.063 84.182 84.299 84.528 85.103 85.958 85.033 84.694 85.693 84.674
81.275 80.888 81.558 82.463 81.528 81.794 82.057 81.561 81.366 81.896 81.439 81.788 81.746 81.743 81.741 82.152 81.862 81.968 82.088 82.276 -9999 -9999 82.857 83.028 83.165 83.176 83.2 83.285 83.504 83.705 83.591 83.498 83.385 83.522 83.734 83.707 83.608 83.559 83.584 83.608 83.945 83.896 83.716 83.602 83.534 83.695 83.537 83.702 83.953 84.083 84.219 84.607 84.443 84.191 84.149 84.23 84.164 84.09 84.197 84.131 84.223 84.223 84.334 84.402 84.516 84.822 86.059 85.408 85.156 85.075 84.532
