dsm/se2535_DSM_2M.asc
ncols 500
nrows 500
xllcorner    425000
yllcorner    435000
cellsize     2
NODATA_value -9999
[rows 320 to 351 of 500, columns 0 to 71 of 500]
99.486 99.458 99.4 99.316 99.139 99.036 98.955 98.877 98.782 98.708 98.552 98.4 98.266 98.145 98.055 98.019 97.843 97.649 97.486 97.322 97.316 97.295 97.026 96.692 96.504 96.422 96.309 96.197 96.09 96.185 96.242 96.108 95.878 95.721 95.634 95.417 95.712 95.074 94.896 94.685 94.662 94.628 94.565 94.436 95.041 94.318 95.673 95.315 94.327 95.471 96.401 94.43 98.979 98.552 94.111 94.116 94.633 93.484 93.293 93.31 93.149 93.14 93.443 92.727 92.75 92.921 93.672 92.444 92.367 93.409 91.934 91.84
99.319 99.373 99.348 99.274 99.09 99.157 99.027 98.861 98.702 98.556 98.474 98.34 98.295 98.134 98.044 97.978 97.824 97.706 97.528 97.282 97.203 97.049 96.784 96.634 96.526 96.44 96.297 96.26 96.348 96.334 96.222 95.993 95.971 95.82 95.553 96.073 96.418 101.797 94.981 94.665 94.623 94.57 94.476 94.43 94.615 94.668 94.241 94.215 95.36 96.246 97.665 99.104 100.118 99.838 96.97 94.988 93.831 93.327 93.327 95.031 94.504 94.674 92.802 92.728 92.776 93.526 92.624 92.37 92.245 92.141 93.432 91.892
99.169 99.257 99.221 99.209 99.041 99.184 99.096 98.944 98.855 98.698 98.559 98.377 98.152 97.977 97.924 97.812 97.763 97.666 97.47 97.299 97.012 96.912 96.725 96.579 96.513 96.367 96.482 96.544 96.497 96.274 96.208 96.171 96.023 95.696 96.233 95.733 99.727 103.396 97.538 94.521 94.514 94.508 94.436 94.336 94.235 94.235 94.201 95.333 96.655 94.797 97.119 99.504 100.301 100.83 99.918 97.921 93.978 93.309 93.319 93.654 94.691 92.968 92.747 92.741 94.274 94.166 92.452 92.279 92.133 92.101 93.724 92.351
99.059 99.736 99.221 99.034 99.03 99.138 99.055 98.922 98.908 98.737 98.621 98.443 98.347 98.132 97.985 97.795 97.585 97.401 97.256 97.13 96.921 96.811 96.737 96.608 96.599 96.566 96.654 96.575 96.395 96.356 96.299 96.088 95.882 96.465 95.855 99.641 100.185 98.772 94.994 94.573 94.413 95.206 94.556 94.268 94.176 94.058 93.994 95.722 97.456 94.396 94.117 97.489 99.339 100.663 100.969 99.824 96.049 93.305 93.552 94.808 93.55 92.77 92.8 94.047 95.072 94.329 92.751 92.246 92.008 91.973 92.224 92.775
99.012 99.1 98.98 98.922 98.922 99.11 99.004 98.965 98.829 98.723 98.575 98.484 98.367 98.257 98.028 97.855 97.685 97.442 97.209 97.001 96.911 96.833 96.737 96.76 96.83 96.773 96.602 96.492 97.263 96.403 96.145 95.89 96.51 96.521 98.661 101.126 101.39 99.366 95.176 95.62 94.433 94.524 94.392 94.163 94.104 94.018 93.866 93.905 94.303 93.827 93.549 95.347 97.662 99.4 100.149 99.335 93.905 94.056 94.761 93.57 92.961 92.818 92.973 95.096 94.865 92.956 93.626 92.356 91.967 92.945 96.817 92.952
99.05 98.915 98.844 98.805 98.799 98.897 98.916 98.922 98.829 98.693 98.587 98.437 98.296 98.18 98.013 97.841 97.513 97.345 97.138 97.055 96.978 96.889 96.872 96.939 96.91 96.801 96.631 97.784 97.643 96.337 96.105 96.203 96.984 95.026 96.935 102.501 101.877 101.257 100.216 94.823 94.588 94.547 94.156 94.127 94.023 93.975 93.913 93.76 93.761 94.099 93.576 94.271 93.768 98.124 99.206 94.869 93.36 94.792 94.711 94.71 93.618 93.254 94.417 95.163 94.671 93.335 92.236 92.472 94.905 96.991 98.375 97.932
99.202 98.836 98.773 98.725 98.629 98.659 98.693 98.83 98.71 98.648 98.502 98.343 98.231 98.126 97.86 97.623 97.353 97.216 97.157 97.062 96.936 97.094 96.954 96.995 96.874 97.673 96.769 96.552 96.454 97.187 97.579 96.477 95.738 95.12 94.822 99.382 100.841 101.594 101.042 97.783 95.654 95.9 95.551 95.001 94.038 93.86 93.822 93.737 93.616 93.635 93.778 93.526 93.403 93.778 94.752 94.559 94.397 94.935 97.43 96.45 95.412 94.427 94.972 94.042 94.399 92.704 92.104 92.287 97.285 98.618 99.451 98.686
99.114 98.947 98.789 98.637 98.626 98.58 98.565 98.451 98.455 98.365 98.254 98.214 98.106 97.864 97.583 97.496 97.327 97.286 97.945 97.292 97.251 97.203 97.061 96.974 97.303 96.842 96.853 96.45 96.385 97.138 97.789 95.782 95.524 95.123 95.029 95.83 99.201 100.723 101.542 100.968 99.071 96.627 95.977 94.14 94.111 94.081 93.758 93.722 93.623 93.553 93.746 94.447 93.692 93.391 94.244 94.75 93.146 95.718 98.671 98.782 97.344 95.625 94.044 93.191 94.208 92.132 94.686 97.017 98.544 100.4 99.539 98.216
99.532 98.911 98.916 98.815 98.558 98.508 98.437 98.409 98.351 98.245 98.135 97.992 97.901 97.719 97.596 97.477 97.36 97.453 97.599 97.408 97.333 97.194 98.295 97.267 96.939 96.832 96.91 97.893 96.76 96.654 97.328 96.456 95.969 95.433 95.265 96.563 95.73 98.215 100.957 100.384 97.183 95.019 94.103 94.043 94.133 93.911 93.755 93.627 93.592 93.507 93.317 93.338 93.495 93.384 94.535 93.677 95.565 98.573 99.542 99.98 98.743 97.398 93.486 92.479 94.126 93.362 96.689 98.408 99.256 99.278 98.39 97.193
99.296 100.06 99.074 98.77 98.568 98.422 98.371 98.309 98.244 98.132 98.103 97.969 97.801 97.687 97.578 97.456 97.404 97.38 97.518 97.469 97.367 97.524 97.444 96.893 97.097 100.171 102.432 102.979 99.366 97.12 97.979 98.933 96.279 96.055 96.656 95.775 95.079 95.039 99.759 96.886 95.408 96.751 96.559 94.846 94.56 94.973 93.835 93.783 93.476 93.388 93.355 93.197 93.158 93.471 93.325 92.735 94.277 97.574 98.362 99.594 99.479 98.706 95.234 92.959 94.361 92.737 92.164 96.476 98.255 98.554 97.26 93.38
100.165 99.392 99.285 99.067 98.585 98.438 98.302 98.238 98.164 98.105 98.059 97.969 97.839 97.704 97.613 97.525 97.647 97.496 97.433 98.15 98.036 97.105 96.816 96.828 101.579 102.708 104.272 103.697 102.96 97.59 96.791 98.004 98.743 97.49 95.936 95.551 95.006 94.849 95.935 97.636 97.681 99.937 100.485 97.952 94.165 94.183 94.149 93.869 93.449 93.289 93.288 93.243 93.041 93.044 93.337 93.367 92.592 94.312 97.364 98.644 99.299 98.67 97.638 93.481 94.087 92.713 92.144 92.056 96.41 97.261 92.276 91.736
100.087 99.22 99.014 98.727 98.539 98.572 98.382 98.196 98.129 98.088 98.007 97.946 97.789 97.717 97.631 97.64 97.625 97.592 97.539 97.66 97.205 96.915 99.403 100.719 103.185 104.03 104.012 102.579 101.774 97.418 97.651 98.334 99.205 95.874 95.315 95.728 95.099 95.001 96.954 94.667 97.392 99.969 100.986 100.293 96.858 94.505 94.338 93.78 94.265 93.585 93.159 93.556 93.1 92.975 93.257 93.544 93.719 94.287 92.883 94.011 98.454 97.537 93.05 93.163 94.456 92.55 92.165 92.574 97.916 99.031 91.925 91.724
99.151 99 98.835 98.864 99.339 98.745 98.435 98.139 98.081 98.03 97.99 97.884 97.783 97.668 97.684 97.619 97.679 99.072 97.546 97.241 97.108 96.998 99.566 103.68 104.068 103.365 102.268 99.06 96.376 96.27 96.283 99.487 99.14 96.145 95.605 95.416 96.897 96.271 94.844 94.3 96.02 99.021 100.085 100.962 100.331 98.157 93.986 94.042 93.744 94.095 93.484 93.907 93.16 92.966 92.829 93.143 94.011 92.875 92.462 93.482 93.145 93.275 92.658 93.977 94.704 92.889 92.56 95.298 98.857 99.75 93.966 92.729
100.791 99.656 99.798 98.869 98.772 99.564 98.408 98.275 98.086 98.001 97.951 97.863 97.706 97.669 97.691 97.694 97.648 97.545 97.579 98.442 98.988 99.396 99.335 103.116 103.117 102.091 100.343 96.991 96.448 96.335 96.323 97.692 100.112 99.673 97.757 97.667 95.87 95.183 94.515 94.393 94.1 94.326 99.044 99.989 100.809 100.472 96.32 93.99 93.826 93.649 93.977 93.925 93.031 92.874 92.795 92.744 92.95 94.076 95.341 93.018 92.484 92.726 92.842 92.707 94.421 92.183 91.996 94.323 96.399 96.96 93.46 92.16
101.312 103.872 104.698 102.601 98.821 99 99.464 98.291 98.208 97.858 97.849 97.757 97.733 97.67 97.674 97.639 98.542 98.543 97.227 97.155 98.895 99.292 99.333 97.835 98.737 98.869 98.838 96.945 96.409 96.29 96.311 97.272 101.223 101.623 100.537 96.638 95.124 94.594 94.526 94.5 94.579 95.286 94.447 97.622 100.546 100.375 99.509 95.212 93.843 93.234 93.305 93.947 92.938 93.661 93.504 92.66 92.49 92.547 93.354 92.508 92.493 92.486 92.653 92.561 94.514 92.69 91.917 91.839 91.692 92.221 91.632 91.408
104.134 105.995 105.784 102.919 99.681 98.604 98.78 98.57 98.147 98.01 97.753 97.68 97.601 97.638 97.636 97.556 100.063 101.172 97.787 96.906 96.86 97.277 98.955 97.277 96.646 96.646 96.836 96.665 96.611 97.805 96.085 97.166 100.903 101.478 100.303 96.431 95.081 94.893 95.578 94.564 95.502 95.089 94.275 95.022 98.768 98.874 96.055 94.938 96.974 93.284 93.268 93.564 93.787 93.397 92.744 92.528 92.517 92.437 92.436 93.864 92.925 94.059 92.386 92.494 94.301 92.017 91.896 91.814 92.397 91.776 91.444 91.452
102.602 104.831 105.932 105.44 103.202 98.821 98.596 99.082 99.119 98.065 97.747 97.612 97.54 97.526 97.548 97.527 99.048 100.475 99.068 98.487 99.099 97.309 96.787 96.886 97.35 96.934 96.712 96.578 96.779 96.571 96.107 97.069 99.567 100.051 96.564 96.363 95.103 95.092 95.921 95.073 95.284 94.415 94.369 94.328 94.025 94.459 94.262 97.305 99.563 98.018 93.844 94.365 94.543 93.653 93.936 92.534 92.426 92.338 92.261 92.695 94.104 92.844 92.297 92.566 94.354 92.015 91.869 92.496 91.883 91.479 91.474 91.462
99.027 103.924 105.286 106.248 105.454 103.963 99.768 98.473 99.167 97.887 97.698 97.587 97.471 97.427 97.45 97.476 97.704 97.159 96.889 102.012 102.765 102.821 98.261 96.684 97.247 97.013 97.995 96.995 96.541 97.229 100.358 101.691 103.173 99.209 95.562 95.172 95.125 95.799 96.016 94.753 94.614 94.461 94.304 94.237 94.16 95.241 96.988 99.249 100.408 99.659 95.998 93.541 93.614 93.339 93.932 93.094 92.272 92.296 92.222 92.156 92.359 93.18 92.282 92.195 93.712 92.097 92.158 91.987 91.486 91.53 91.486 91.46
98.863 99.684 104.087 105.716 106.149 101.301 99.744 98.278 98.427 97.859 97.734 97.64 97.46 97.411 97.295 97.417 97.716 97.076 96.829 102.317 104.006 103.342 98.693 96.743 96.699 96.915 98.141 97.411 97.811 96.482 96.64 98.834 102.218 100.568 97.523 95.227 95.152 96.381 95.039 94.72 94.626 94.549 94.414 95.265 95.37 94.195 93.319 98.059 99.717 100.135 99.503 97.27 93.325 93.318 93.124 92.609 93.412 92.222 92.12 92.099 91.991 91.993 92.56 93.84 93.727 92.183 91.65 91.532 91.569 91.546 91.487 91.602
99.117 99.097 99.955 104.215 105.459 99.118 99.078 98.886 98.111 99.754 97.873 97.714 97.373 97.273 98.211 97.399 97.285 97.002 97.107 101.838 103.407 103.76 101.074 98.123 98.191 97.232 96.815 96.418 96.452 96.276 100.014 99.458 104.696 99.592 95.375 95.233 95.047 95.105 94.825 94.727 94.633 94.572 95.285 95.561 94.283 93.789 93.387 93.315 98.291 99.369 100.191 99.742 97.221 93.245 93.153 93.528 93.547 92.473 91.991 91.985 91.93 91.889 91.79 91.708 91.708 91.633 91.62 91.625 91.589 91.513 91.621 92.607
99.394 99.118 99.227 100.707 98.879 98.722 99.476 98.559 99.681 99.401 98.743 97.728 97.5 97.231 97.675 97.421 97.65 97.092 97.713 100.794 103.079 103.908 102.452 97.734 97.01 96.76 97.039 96.475 96.303 98.081 103.549 104.86 104.972 102.784 97.737 95.156 95.002 94.943 94.83 94.674 94.63 95.305 95.762 94.361 94.119 93.917 93.795 94.36 93.48 96.895 100.561 100.177 98.902 93.6 93.15 93.393 92.96 93.725 92.001 91.911 91.905 91.873 91.825 91.69 91.708 91.698 91.691 91.665 91.545 91.675 92.435 91.932
99.613 100.862 99.473 98.95 98.49 98.244 98.217 98.132 99.024 98.219 97.861 97.708 97.521 97.288 97.107 97.051 98.069 98.197 98.021 98.455 102.577 104.206 103.176 98.226 96.659 96.963 97.444 96.792 99.274 101.076 101.812 103.762 103.958 103.417 98.32 95.143 94.989 94.903 94.812 94.744 94.877 95.844 94.46 94.209 94.524 94.09 95.845 94.606 93.458 94.048 97.503 98.803 94.999 93.16 93.552 93.06 92.787 92.286 91.991 91.835 91.846 91.843 91.766 91.753 91.74 91.693 91.699 91.968 92.457 92.232 91.563 91.817
101.215 100.919 99.706 98.264 100.601 98.775 98.236 98.014 97.988 97.822 97.765 98.28 97.41 97.26 97.038 96.979 96.955 97.632 96.915 96.85 101.894 103.969 102.857 101.579 97.486 99.4 98.777 100.468 99.263 101.083 101.403 102.128 102.049 101.678 99.262 96.274 95.057 94.899 94.76 94.82 95.095 94.511 94.261 94.252 94.265 95.581 95.734 93.802 93.502 93.376 94.457 95.615 93.808 93.316 93.762 93.076 92.519 92.14 92.844 91.865 91.78 91.769 91.781 91.716 91.705 91.665 91.823 91.731 92.86 91.422 91.091 91.051
102.407 104.296 99.397 98.317 98.459 104.408 102.674 101.111 97.943 98.272 97.82 97.923 97.283 97.345 97.005 96.95 96.864 97.715 97.432 96.682 97.739 100.555 96.569 96.573 101.01 101.414 100.102 98.65 97.107 98.883 100.476 98.227 101.803 100.921 97.851 95.302 95.06 94.872 95.63 95.003 94.43 94.356 94.302 94.298 96.357 95.159 94.194 93.604 94.151 93.559 93.905 95.548 96.889 94.406 95.534 95.159 94.578 93.297 93.488 92.188 91.724 91.734 91.726 91.684 91.655 91.569 91.713 92.566 92.193 91.291 90.893 93.999
104.614 106.304 99.926 98.779 103.296 104.843 105.21 103.211 98.363 97.976 97.915 97.671 97.932 97.504 97.062 96.882 96.841 96.88 98.233 96.848 98.747 99.803 99.547 97.639 100.477 101.589 100.666 96.684 96.412 96.27 100.127 101.852 101.873 100.493 100.776 99.34 95.46 95.621 95.354 94.556 94.493 94.923 96.609 98.215 97.746 95.356 93.661 92.98 92.628 92.637 96.506 92.837 98.193 93.918 93.022 92.923 92.892 92.704 92.826 92.196 91.66 91.656 91.664 91.624 91.54 91.695 92.06 91.674 91.983 91.837 95.444 96.931
98.856 101.552 98.8 98.55 103.922 105.273 104.4 101.986 99.242 98.707 98 97.614 98.094 97.195 97.14 96.83 96.835 97.312 98.293 96.836 97.93 99.662 102.278 102.697 102.615 99.022 96.492 96.408 96.361 97.95 100.422 100.438 101.146 101.451 98.229 97.059 95.626 95.679 94.747 94.609 95.456 98.365 98.591 97.577 95.736 96.227 96.215 93.717 92.588 96.621 99.021 98.505 95.987 96.689 92.886 92.806 92.671 92.628 92.371 91.608 91.65 91.642 91.562 91.517 91.664 92.454 91.714 91.686 91.372 92.019 92.633 96.611
99.83 98.672 98.363 101.766 104.567 105.488 103.795 102.065 103.839 99.528 101.054 98.574 99.509 99.266 97.065 96.764 96.728 97.861 97.5 97.949 96.918 96.528 102.022 103.943 103.648 101.422 96.656 96.363 96.211 96.239 97.192 96.306 98.464 99.007 96.007 96.285 96.028 95.196 96.105 97.96 98.858 98.468 97.544 95.635 94.207 94.217 95.066 95.016 94.05 98.63 100.07 99.335 98.397 93.258 92.515 92.525 92.435 92.855 91.651 91.522 91.561 91.557 91.538 92.217 92.857 91.798 91.492 91.618 95.259 94.529 91.578 95.098
100.343 98.558 98.772 102.918 104.774 104.93 103.108 102.829 104.572 102.022 101.671 102.276 100.936 100.181 97.345 96.728 96.663 96.783 96.7 98.003 96.701 97.016 99.946 103.28 104.009 102.281 98.221 98.057 96.294 96.145 96.038 96.001 95.922 96.204 96.246 96.6 95.795 95.901 98.3 98.948 98.962 97.926 95.333 94.104 93.951 93.33 92.883 92.869 97.717 99.262 100.295 98.88 95.182 92.753 92.328 92.288 91.686 91.674 91.463 91.506 91.493 91.498 91.669 92.035 91.663 92.287 91.471 94.163 97.574 97.276 92.45 93.379
99.711 98.566 98.2 103.564 105.303 104.658 103.059 98.339 104.525 104.154 103.698 102.01 100.926 99.68 96.828 96.705 96.645 96.814 97.819 98.434 98.189 97.886 98.17 102.692 104.23 103.23 100.76 96.504 96.153 96.132 96.119 95.988 97.358 99.402 100.145 99.574 97.319 98.173 98.887 98.642 98.378 97.617 97.37 96.258 94.46 93.457 92.976 96.352 98.673 100.03 99.322 98.131 94.263 92.463 92.101 92.65 91.682 92.447 91.492 91.413 91.437 91.585 91.816 91.494 91.525 94.143 96.261 97.583 98.331 98.123 95.934 92.338
99.498 98.422 98.303 98.059 98.407 101.627 98.139 97.868 100.08 100.325 101.322 98.249 98.946 97.136 96.733 96.611 96.597 96.56 97.023 96.876 97.131 96.557 97.244 102.075 103.67 103.836 99.213 96.547 97.677 96.961 96.805 97.547 97.715 100.965 101.517 100.632 99.259 98.659 98.041 95.302 95.153 95.271 96.061 96.262 96.239 95.134 94.846 96.867 98.103 98.732 98.541 94.779 94.223 93.442 92.897 92.117 91.765 91.354 91.363 91.335 92.47 92.874 91.591 91.508 91.471 95.008 97.431 98.43 97.935 97.078 91.863 91.088
103.448 98.526 98.57 98.228 97.954 97.915 97.913 97.856 97.791 97.638 97.349 97.797 97.572 96.737 96.694 96.531 96.552 96.496 96.429 96.357 96.465 96.45 96.504 100.966 103.351 103.871 102.23 96.895 98.11 98.733 97.466 97.021 96.584 100.112 101.379 100.772 99.319 97.634 94.945 94.525 94.465 94.321 93.998 94.138 94.126 94.786 95.103 95.106 95.071 97.381 96.693 93.093 92.621 92.659 92.519 91.188 91.225 91.256 91.329 92.897 93.434 92.88 91.54 91.548 95.422 97.412 98.467 97.788 96.602 91.981 91.191 91.034
105.533 99.709 98.288 98.851 98.024 97.933 97.746 97.731 97.522 97.374 97.188 97.44 96.918 96.677 96.543 96.479 96.554 96.467 96.389 96.318 96.434 96.408 96.487 100.498 103.032 104.179 102.79 97.666 96.703 96.817 96.005 96.369 96.87 99.412 100.417 99.913 96.681 95.065 94.461 94.361 94.219 94.174 93.989 93.309 92.865 92.743 95.322 93.691 94.756 94.602 94.021 92.58 92.479 93.192 91.788 91.182 91.146 91.151 91.319 94.844 94.955 93.425 91.982 91.581 95.823 97.417 97.923 94.127 91.395 91.53 91.405 91.035
