dsm/se2536_DSM_2M.asc
ncols 500
nrows 500
xllcorner    425000
yllcorner    436000
cellsize     2
NODATA_value -9999
[rows 288 to 319 of 500, columns 72 to 143 of 500]
40.269 40.504 44.618 45.884 44.756 38.92 43.919 44.417 -9999 -9999 -9999 -9999 -9999 -9999 -9999 -9999 -9999 -9999 -9999 -9999 -9999 40.448 40.142 41.206 41.986 42.518 41.506 41.386 37.34 37.829 -9999 -9999 -9999 -9999 -9999 -9999 -9999 -9999 -9999 -9999 -9999 -9999 -9999 -9999 -9999 -9999 -9999 42.248 43.141 43.608 47.296 49.045 51.6 49.661 43.738 43.929 41.198 40.708 42.356 41.607 42.913 42.454 43.9 43.807 41.696 45.884 47.534 48.285 47.443 48.24 51.764 51.523
41.199 42.34 41.785 41.027 49.995 48.735 46.263 44.925 43.03 36.407 36.418 36.517 -9999 -9999 36.416 36.468 -9999 -9999 -9999 -9999 36.466 36.864 38.426 40.732 41.079 42.863 41.426 42.144 37.485 39.158 38.091 -9999 -9999 -9999 -9999 -9999 -9999 -9999 -9999 -9999 -9999 -9999 -9999 -9999 -9999 -9999 -9999 37.921 41.37 43.473 44.316 45.528 47.568 45.182 50.008 40.713 39.374 39.805 41.286 42.336 42.469 41.629 39.725 41.01 43.469 44.781 46.056 46.392 50.114 50.571 52.749 54.338
41.368 43.226 42.889 42.899 41.825 41.368 40.344 38.894 36.86 36.369 36.318 36.461 36.667 36.579 36.375 36.385 36.696 36.829 36.766 36.482 36.305 37.111 37.648 40.2 40.905 41.011 41.322 37.55 36.739 36.619 36.307 -9999 35.189 35.195 -9999 -9999 -9999 -9999 -9999 -9999 -9999 -9999 -9999 -9999 -9999 -9999 -9999 35.859 -9999 -9999 44.409 43.768 44.551 43.876 43.332 44.399 38.835 39.153 40.286 41.085 47.121 39.101 39.22 39.862 41.765 43.494 45.052 43.761 47.141 57.521 51.025 51.523
40.191 42.549 43.4 42.558 41.946 42.511 42.675 39.142 36.883 36.725 36.626 36.699 36.792 36.771 36.455 36.43 36.846 37.104 36.853 36.582 36.576 36.744 36.086 38.575 40.504 40.792 40.016 39.63 37.391 36.282 36.029 35.977 35.947 35.213 35.159 -9999 -9999 -9999 -9999 -9999 -9999 -9999 -9999 -9999 -9999 -9999 -9999 -9999 -9999 -9999 -9999 -9999 -9999 43.399 42.44 42.374 42.686 42.82 45.876 46.589 42.862 40.614 39.814 38.116 40.251 41.351 41.426 44.338 46.096 49.275 49.497 46.623
40.36 41.957 42.779 42.963 42.297 41.309 41.432 39.171 37.227 37.205 37.327 37.076 37.372 36.972 36.82 37.086 37.157 37.339 37.168 36.858 36.772 37.886 37.414 38.261 40.335 40.141 41.352 40.18 37.345 36.187 36.026 35.914 36.035 36.157 36.307 36.319 36.373 -9999 -9999 -9999 -9999 -9999 35.335 -9999 -9999 -9999 -9999 -9999 -9999 -9999 -9999 -9999 -9999 -9999 -9999 -9999 -9999 42.751 41.447 41.882 41.761 41.997 42.202 41.404 40.962 42.028 42.159 50.213 48.622 49.031 44.782 45.558
40 41.057 41.375 42.278 41.527 40.436 39.986 38.29 36.971 36.959 36.999 36.778 36.978 37.002 37.011 37.033 37.011 37.086 37.081 37.069 36.95 37.197 37.657 40.002 41.187 38.947 38.809 39.351 37.962 36.906 36.779 36.416 36.302 36.374 36.482 36.366 36.385 36.247 36.303 36.292 35.552 35.542 35.223 35.28 -9999 -9999 -9999 -9999 -9999 -9999 -9999 -9999 -9999 -9999 -9999 -9999 -9999 -9999 41.779 41.999 41.993 42.73 43.885 44.488 42.889 43.463 42.956 47.366 47.797 45.051 46.503 41.33
38.022 38.423 40.454 37.55 37.509 37.573 37.904 36.64 36.628 36.63 36.634 36.611 36.654 36.629 36.768 36.724 36.604 36.653 36.78 36.8 36.745 36.785 38.969 40.762 40.856 37.508 38.153 38.052 37.094 37.041 37.025 36.956 36.998 36.866 36.77 36.57 36.262 36.375 36.253 36.257 36.234 36.261 35.479 35.249 -9999 -9999 35.309 -9999 -9999 -9999 36.692 -9999 -9999 -9999 -9999 -9999 -9999 38.01 41.883 41.829 42.08 42.816 43.209 43.567 43.094 44.845 46.121 47.113 48.032 53.458 44.472 43.909
36.756 36.72 36.71 36.691 36.67 36.88 36.833 36.633 36.636 36.679 36.64 36.594 36.598 36.584 36.609 36.695 36.642 36.667 36.663 36.654 36.672 36.741 37.197 37.952 38.25 36.942 36.924 36.742 36.739 36.783 36.727 36.898 36.873 36.949 36.979 36.922 36.592 36.571 36.412 36.536 36.337 36.326 36.208 36.272 36.375 35.895 35.422 -9999 -9999 36.698 35.314 36.852 -9999 -9999 -9999 -9999 36.54 35.218 41.488 41.486 42.025 42.65 42.617 43.228 46.089 44.362 44.555 46.245 54.689 53.98 51.461 43.059
36.851 36.81 36.767 36.718 36.685 36.665 36.703 36.694 36.685 36.704 36.679 36.733 36.674 36.63 36.636 36.617 36.68 36.673 36.726 36.626 36.703 36.649 36.732 36.747 36.703 36.797 36.761 36.715 36.704 36.661 36.619 36.68 36.671 36.67 36.689 36.83 36.783 36.673 36.851 36.806 36.522 36.617 36.352 36.535 36.374 36.369 36.251 35.428 35.87 38.344 38.644 -9999 -9999 -9999 -9999 -9999 -9999 36.408 42.016 41.988 42.329 42.912 42.97 43.489 44.942 47.158 44.801 53.196 50.091 49.099 49.951 51.283
36.901 36.874 36.796 36.775 36.781 36.709 36.745 36.724 36.764 36.764 36.627 36.661 36.683 36.668 36.7 36.739 36.649 36.671 36.807 36.63 36.703 36.728 36.811 36.769 36.804 36.783 36.749 36.8 36.844 36.749 36.677 36.718 36.746 36.676 36.592 36.562 36.636 36.62 36.692 36.722 36.794 36.717 36.619 36.577 36.435 36.495 36.291 36.2 36.786 38.164 38.113 38.067 40.681 41.592 42.041 39.634 38.211 38.224 -9999 -9999 -9999 36.101 -9999 44.801 44.704 47.451 49.393 48.289 46.179 46.376 46.275 46.388
36.871 36.82 36.817 36.814 36.786 36.733 36.74 36.769 36.799 36.782 36.737 36.702 36.706 36.749 36.758 36.725 36.728 36.71 36.741 36.736 36.81 36.798 36.791 36.821 36.811 36.778 36.801 36.806 36.781 36.83 36.742 36.806 36.788 36.749 36.618 36.598 36.597 36.595 36.581 36.586 36.53 36.687 36.702 36.572 36.762 36.623 36.298 36.701 37.757 38.961 38.665 38.096 37.628 42.105 42.681 38.186 38.596 38.221 -9999 35.663 35.165 35.459 -9999 -9999 -9999 -9999 47.917 49.251 47.053 44.444 45.353 42.436
36.944 36.914 36.878 36.872 36.872 36.827 36.781 36.786 36.75 36.713 36.716 36.726 36.742 36.699 36.741 36.71 36.716 36.744 36.75 36.779 36.794 36.795 36.884 36.843 36.821 36.846 36.822 36.794 36.774 36.719 36.73 36.765 36.748 36.737 36.634 36.639 36.626 36.64 36.64 36.64 36.537 36.515 36.468 36.563 36.661 36.647 36.592 36.908 38.425 39.648 39.162 38.098 37.837 38.129 38.943 44.109 42.52 39.516 -9999 -9999 -9999 -9999 -9999 -9999 -9999 -9999 -9999 49.14 48.719 -9999 -9999 36.838
36.938 36.91 36.966 36.941 36.93 36.901 36.832 36.876 36.844 36.8 36.796 36.824 36.791 36.72 36.764 36.728 36.721 36.746 36.836 36.826 36.792 36.821 36.805 36.887 36.87 36.78 36.856 36.802 36.779 36.857 36.737 36.729 36.652 36.649 36.609 36.729 36.598 36.638 36.693 36.683 36.64 36.576 36.514 36.52 36.612 36.596 36.61 36.697 37.897 39.436 39.232 37.494 38.599 39.49 40.158 39.928 46.216 42.397 37.938 35.666 -9999 -9999 43.721 -9999 -9999 -9999 -9999 -9999 -9999 -9999 -9999 -9999
37.076 36.997 36.939 36.884 36.903 36.869 36.945 36.913 36.873 36.915 36.849 36.839 36.871 36.849 36.807 36.75 36.801 36.846 36.81 36.831 36.87 36.771 36.786 36.808 36.846 36.81 36.83 36.814 36.805 36.794 36.769 36.719 36.712 36.657 36.651 36.616 36.588 36.604 36.662 36.696 36.612 36.585 36.593 36.507 36.571 36.501 36.651 36.594 36.707 37.919 38.727 39.906 39.719 39.413 40.917 41.344 39.496 38.245 37.57 37.88 39.291 42.837 43.69 43.858 -9999 39.581 -9999 -9999 -9999 -9999 -9999 -9999
37.218 37.054 37.069 36.951 36.907 36.809 36.902 36.864 36.866 36.855 36.855 36.827 36.93 36.857 36.853 36.874 36.894 36.893 36.883 36.817 36.856 36.813 36.774 36.794 36.82 36.863 36.805 36.763 36.789 36.806 36.709 36.694 36.679 36.653 36.66 36.669 36.691 36.665 36.686 36.62 36.556 36.629 36.57 36.535 36.546 36.58 36.633 36.628 36.646 36.589 36.513 37.179 37.391 39.448 41.259 42.944 41.557 36.948 36.931 37.796 40.743 41.182 41.321 44.251 41.121 38.828 40.712 42.919 41.752 -9999 -9999 -9999
37.756 37.52 37.537 37.179 37.13 36.981 36.994 36.928 36.854 36.903 36.811 36.914 36.874 36.84 36.759 36.889 36.864 36.86 36.818 36.881 36.907 36.875 36.804 36.852 36.832 36.815 36.776 36.757 36.774 36.755 36.747 36.732 36.671 36.67 36.672 36.584 36.657 36.645 36.682 36.665 36.631 36.729 36.628 36.542 36.545 36.551 36.56 36.618 36.601 36.562 36.522 36.539 36.711 38.747 39.494 40.119 38.776 37.073 37.126 37.461 40.7 42.452 42.277 43.287 40.703 41.768 44.126 44.584 40.483 45.973 -9999 -9999
37.777 37.904 37.666 37.991 37.985 37.437 37.393 37.228 38.63 37.023 37.006 36.935 36.896 36.89 36.815 36.783 36.804 36.935 36.904 36.809 36.775 36.844 36.876 36.828 36.87 36.881 36.791 36.802 36.76 36.8 36.79 36.704 36.734 36.728 36.719 36.695 36.633 36.645 36.698 36.687 36.649 36.715 36.708 36.667 36.64 36.637 36.638 36.608 36.578 36.564 36.633 36.536 36.548 36.546 37.831 36.705 36.867 37.033 37.51 37.179 40.772 42.554 40.859 39.847 39.838 42.166 43.849 44.436 45.221 45.782 46.021 -9999
38.183 38.022 37.9 37.72 39.456 38.927 38.395 37.861 39.8 37.867 37.167 37.258 37.069 36.992 36.901 36.892 36.873 36.794 36.801 36.856 36.809 36.767 36.778 36.835 36.811 36.863 36.834 36.783 36.828 36.788 36.821 36.78 36.786 36.753 36.752 36.737 36.721 36.702 36.68 36.637 36.662 36.677 36.732 36.672 36.651 36.714 36.717 36.684 36.615 36.564 36.558 36.567 36.6 36.544 36.518 36.503 36.488 36.537 36.682 37.69 38.599 40.449 40.693 39.782 38.505 42.233 43.723 45.657 46.666 45.568 45.681 46.011
38.664 38.753 38.485 38.303 39.52 39.986 42.15 39.335 41.182 38.055 37.858 37.706 37.759 37.632 37.154 37.185 37.151 36.987 36.916 36.856 36.757 36.758 36.82 36.82 36.746 36.724 36.796 36.784 36.802 36.802 36.832 36.74 36.801 36.784 36.848 36.738 36.734 36.672 36.738 36.729 36.72 36.71 36.712 36.685 36.66 36.683 36.651 36.674 36.704 36.723 36.666 36.572 36.524 36.522 36.523 36.486 36.551 36.511 36.479 36.445 37.087 38.769 39.393 37.957 38.378 43.227 45.05 46.038 47.789 47.094 45.891 45.426
38.977 39.105 38.88 38.839 38.682 38.726 39.579 41.02 39.761 38.7 38.367 38.119 37.681 37.698 37.627 38.065 37.303 37.775 37.361 37.128 36.984 36.857 36.859 36.783 36.765 36.698 36.755 36.73 36.68 36.699 36.78 36.793 36.847 36.831 36.804 36.791 36.77 36.735 36.738 36.69 36.653 36.659 36.706 36.677 36.736 36.734 36.679 36.742 36.684 36.649 36.687 36.684 36.617 36.533 36.52 36.518 36.552 36.426 36.428 36.399 36.426 36.741 36.853 36.954 38.469 42.135 44.586 45.573 45.084 47.581 45.504 44.45
38.961 38.707 38.726 38.793 38.804 38.82 39.077 39.012 39.425 39.066 38.884 38.598 38.534 38.427 38.298 38.051 37.688 37.352 37.462 37.551 37.852 37.507 37.094 36.947 36.835 36.816 36.739 36.774 36.765 36.776 36.808 36.751 36.719 36.683 36.77 36.803 36.801 36.764 36.756 36.711 36.708 36.757 36.792 36.76 36.693 36.756 36.682 36.718 36.627 36.615 36.665 36.622 36.636 36.637 36.628 36.569 36.511 36.407 36.494 36.411 36.402 36.419 36.448 36.523 37.157 40.188 41.136 40.477 40.879 44.665 43.46 42.503
38.407 38.411 38.484 38.738 38.496 38.54 38.708 38.822 38.837 38.81 38.964 38.927 38.893 38.654 38.53 38.409 38.253 39.751 38.399 37.949 37.86 37.934 37.857 37.9 37.68 37.186 37.005 37.019 36.883 36.83 36.784 36.715 36.807 36.748 36.716 36.694 36.736 36.777 36.715 36.793 36.772 36.741 36.693 36.83 36.792 36.755 36.739 36.704 36.722 36.647 36.608 36.64 36.578 36.602 36.578 36.563 36.574 36.55 36.486 36.381 36.376 36.426 36.417 36.423 36.446 37.666 38.554 39.092 39.86 40.13 38.864 38.3
38.58 38.565 38.399 38.356 38.378 38.362 38.415 38.437 38.528 38.643 38.669 38.695 38.773 38.769 38.599 38.531 41.98 44.74 39.422 39.582 39.548 39.132 38.48 38.427 38.278 38.019 37.666 37.773 37.746 37.547 37.197 36.876 36.912 36.789 36.854 36.833 36.711 36.776 36.742 36.727 36.818 36.754 36.813 36.754 36.795 36.825 36.789 36.773 36.714 36.732 36.661 36.633 36.605 36.634 36.552 36.591 36.542 36.621 36.535 36.555 36.513 36.385 36.41 36.445 36.428 36.367 36.424 37.131 38.963 40.291 39.435 37.298
38.62 38.595 38.506 38.488 38.449 38.449 38.354 38.342 38.333 38.421 38.45 38.451 38.474 38.516 38.523 39.391 41.868 46.591 46.332 42.986 46.558 43.915 40.745 38.416 38.467 38.427 38.147 38.084 37.653 37.6 37.819 38.078 37.758 37.346 36.926 36.803 36.862 36.791 36.678 36.725 36.707 36.739 36.721 36.8 36.793 36.798 36.776 36.853 36.793 36.771 36.656 36.636 36.62 36.63 36.592 36.6 36.509 36.597 36.523 36.559 36.569 36.528 36.477 36.435 36.387 36.407 36.384 36.42 38.897 39.405 38.997 36.735
38.644 38.634 38.612 38.667 38.678 38.443 38.455 38.43 38.484 38.643 38.696 38.557 38.444 38.44 38.439 38.462 39.306 44.17 40.848 42.086 45.354 46.248 40.641 38.805 38.648 38.505 38.425 38.471 38.363 38.159 38.218 38.289 38.07 37.837 37.674 37.378 37.213 36.901 36.855 36.804 36.716 36.742 36.746 36.683 36.678 36.782 36.758 36.777 36.762 36.745 36.741 36.635 36.657 36.699 36.65 36.629 36.573 36.586 36.544 36.549 36.573 36.578 36.546 36.485 36.409 36.351 36.37 36.445 36.402 36.815 37.05 36.615
38.537 38.608 38.642 38.627 38.578 38.524 38.479 38.498 38.563 38.539 38.637 38.663 38.618 38.559 38.446 38.41 38.308 38.395 38.474 39.176 38.967 42.529 39.676 39.044 39.161 38.901 38.923 40.106 38.567 38.471 38.696 38.831 38.445 38.198 37.931 37.823 37.748 37.629 37.514 37.096 37.048 36.783 36.762 36.757 36.729 36.762 36.773 36.7 36.692 36.731 36.655 36.671 36.685 36.687 36.714 36.653 36.67 36.678 36.584 36.551 36.538 36.552 36.587 36.517 36.476 36.402 36.357 36.412 36.43 36.429 36.354 36.474
38.636 38.651 38.666 38.617 38.577 38.516 38.44 38.466 38.707 38.688 38.574 38.594 38.54 38.576 38.492 38.455 38.458 38.534 38.514 38.557 38.394 39.485 38.82 38.615 38.743 38.865 42.662 42.488 39.76 38.84 38.882 38.985 38.992 39.848 39.359 38.037 37.867 37.643 37.295 37.309 37.657 37.388 37.124 36.897 36.825 36.803 36.723 36.698 36.658 36.622 36.625 36.683 36.713 36.753 36.699 36.699 36.679 36.703 36.647 36.55 36.681 36.536 36.563 36.518 36.544 36.499 36.473 36.4 36.394 36.442 36.481 36.485
39.27 39.223 38.713 38.587 38.549 39.605 39.04 38.801 38.498 38.523 38.539 38.617 38.6 38.643 38.563 38.649 38.552 38.53 38.418 38.463 38.528 38.532 38.514 38.462 38.408 38.514 39.285 41.178 39.934 40.527 39.031 40.268 43.203 44.037 41.636 38.353 38.242 38.046 37.846 37.858 37.74 38.063 37.802 38 37.897 37.311 37.06 36.802 36.706 36.655 36.69 36.681 36.61 36.583 36.69 36.678 36.741 36.682 36.677 36.667 36.63 36.663 36.629 36.566 36.506 36.502 36.597 36.524 36.524 36.445 36.403 36.39
38.93 38.965 38.887 39.023 38.892 39.67 40.1 40.136 39.76 38.498 38.373 38.511 38.542 38.488 38.476 38.36 38.581 38.591 38.571 38.542 38.462 38.508 38.477 38.514 38.584 38.588 38.529 38.445 38.417 38.372 39.364 40.478 42.187 43.251 39.952 38.584 38.635 39.118 38.313 38.516 41.282 41.98 41.545 38.89 37.991 37.952 37.794 37.736 36.963 36.938 36.718 36.706 36.615 36.58 36.605 36.628 36.595 36.627 36.684 36.64 36.657 36.685 36.677 36.593 36.603 36.607 36.521 36.525 36.5 36.53 36.508 36.404
38.836 38.825 38.866 38.88 38.952 39.265 39.868 39.918 40.119 38.939 38.941 38.681 39.727 39.586 39.425 38.764 38.31 38.326 38.401 38.336 38.377 38.43 38.496 38.523 38.553 38.497 38.482 38.559 38.553 38.47 38.448 38.499 40.409 39.087 38.593 38.525 38.461 40.136 39.278 39.118 42.279 42.046 41.419 39.649 38.871 38.503 38.237 37.882 38.032 37.733 37.092 36.911 36.857 36.825 36.625 36.689 36.648 36.655 36.587 36.628 36.657 36.708 36.724 36.705 36.647 36.645 36.583 36.572 36.547 36.479 36.494 36.52
38.71 38.708 38.785 38.837 38.91 38.822 38.756 38.881 39.796 39.443 40.146 39.498 40.33 40.345 40.192 38.912 38.293 38.124 38.129 38.156 38.19 38.342 38.427 38.476 38.498 38.439 38.488 38.542 38.537 38.521 38.469 38.507 38.586 38.553 38.473 38.368 38.286 38.626 38.718 38.474 39.794 40.974 41.398 40.383 39.655 39.067 38.54 38.124 38.059 37.661 37.597 37.263 37.411 37.189 36.955 36.74 36.692 36.732 36.582 36.643 36.688 36.648 36.677 36.714 36.645 36.7 36.691 36.614 36.53 36.615 36.529 36.497
38.477 38.474 38.374 38.445 38.8 38.756 38.742 38.853 38.983 39.513 39.575 39.771 39.476 39.531 39.285 39.125 38.891 39.116 38.415 38.097 38.086 38.151 38.068 38.209 38.29 38.328 38.311 38.279 38.528 38.532 38.489 38.516 38.47 38.469 38.48 38.53 38.567 38.587 38.538 38.362 38.361 39.263 39.415 39.276 39.654 39.685 39.258 38.377 38.398 37.981 37.998 37.613 37.698 37.365 37.304 37.406 37.128 36.894 36.721 36.663 36.668 36.582 36.649 36.718 36.676 36.678 36.703 36.657 36.657 36.574 36.595 36.595
