dsm/se2535_DSM_2M.asc
ncols 500
nrows 500
xllcorner    425000
yllcorner    435000
cellsize     2
NODATA_value -9999
[rows 224 to 255 of 500, columns 216 to 287 of 500]
79.068 79.044 79.057 79.195 79.329 80.09 79.444 80.042 80.282 78.992 84.072 84.991 85.876 86.391 85.302 82.261 79.97 79.003 80.868 79.307 78.585 78.736 84.475 88.252 87.255 87.354 84.786 77.219 82.572 82.715 84.125 79.704 75.515 74.52 74.319 74.055 73.732 73.49 73.096 72.786 72.522 72.21 71.992 71.687 71.533 71.341 71.063 70.717 70.439 70.051 69.583 69.039 68.516 68.135 67.885 67.66 67.606 67.601 67.662 67.463 67.487 68.902 67.975 67.063 71.685 69.402 68.193 68.419 69.344 67.601 66.192 66.25
79.051 79.101 79.189 79.739 80.174 79.352 79.664 80.53 79.528 79.118 78.972 83.254 85.051 85.776 85.239 81.459 79.576 80.057 79.578 79.188 78.634 80.094 84.514 87.262 87.533 84.508 79.09 76.767 83.904 86.09 85.752 82.928 76.123 74.861 74.546 74.291 73.993 73.733 73.36 72.951 72.667 72.416 72.143 71.865 71.7 71.454 71.173 70.949 73.524 70.289 69.804 69.326 68.859 68.429 67.923 67.724 67.552 67.513 67.457 67.369 68.544 67.617 67.27 66.998 68.165 68.448 71.609 72.047 71.982 66.79 66.287 67.601
79.116 79.12 79.117 79.252 79.541 79.309 79.593 79.499 80.031 79.853 80.105 80.511 83.433 84.797 81.523 78.931 79.677 82.207 79.679 79.258 79.188 81.91 82.867 84.113 79.06 78.224 76.666 77.449 79.653 84.244 80.615 79.25 76.982 75.461 74.772 74.606 74.328 73.987 73.665 73.341 72.989 72.771 72.387 72.038 71.816 71.623 71.368 71.029 70.794 70.445 70.11 69.669 69.142 68.535 68.078 67.736 67.623 67.399 67.424 67.357 69.058 68.657 67.334 68.606 68.889 70.242 72.809 73.231 73.065 68.421 66.739 66.597
79.47 79.304 79.159 79.238 79.236 79.461 79.832 79.919 79.53 80.824 80.514 79.564 79.135 82.657 80.531 80.546 84.229 85.099 82.057 80.336 82.461 82.525 80.494 80.395 78.317 77.503 77.7 77.921 76.896 75.939 76.538 75.593 76.803 77.02 75.124 74.788 74.576 74.337 73.936 73.622 73.332 72.941 72.582 72.273 72.07 71.862 71.609 71.264 70.949 70.676 70.346 72.417 69.524 68.991 68.403 67.826 67.576 67.464 67.302 67.278 67.405 67.685 67.247 67.936 66.853 66.608 71.205 73.135 73.806 72.361 67.273 66.42
80.334 80.74 79.829 79.384 79.332 79.399 79.442 79.519 79.535 79.635 79.746 80.05 79.444 79.88 79.92 84.123 85.559 86.272 85.562 82.452 81.984 81.178 79.57 79.261 78.594 78.839 77.704 77.011 76.547 76.164 75.936 75.615 76.036 77.717 76.065 75.014 74.853 74.595 74.27 73.939 73.509 73.155 72.851 72.449 72.198 72.121 71.782 71.45 71.041 70.758 70.423 70.164 69.698 69.169 68.636 68.118 67.715 67.458 67.232 67.284 67.245 67.174 67.323 67.416 66.957 66.671 69.664 72.55 73.91 73.245 69.194 66.838
80.466 81.477 80.026 79.515 79.524 79.401 79.476 79.578 79.661 79.877 79.896 80.033 80.468 80.341 79.38 83.495 85.393 86.287 86.427 85.273 80.38 79.294 80.203 80.655 80.274 78.606 77.827 77.059 76.69 76.337 75.971 75.88 76.333 77.606 79.118 75.245 75.017 74.814 74.442 74.013 73.692 73.382 73.025 72.621 72.411 72.152 71.947 71.615 71.316 70.926 70.68 70.299 69.963 69.533 68.846 68.423 67.803 67.492 67.321 67.179 67.177 67.19 68.091 67.277 67.488 67.036 66.643 71.637 72.99 73.842 72.466 67.607
84.201 80.698 80.199 79.982 79.862 79.588 79.633 79.562 79.64 79.822 80.752 80.058 79.895 79.901 79.665 79.417 83.376 85.367 86.59 86.082 84.912 80.831 80.935 80.406 79.616 78.988 77.956 77.337 76.856 76.819 76.258 77.038 76.677 80.313 80.456 76.719 75.138 75.003 77.676 74.375 73.906 73.58 73.173 72.773 72.607 72.34 72.082 71.773 71.431 71.154 70.838 70.44 70.104 69.675 69.296 68.755 68.12 67.653 67.346 67.22 67.14 67.102 67.075 67.024 67.087 66.961 66.726 66.738 72.52 74.025 73.423 71.584
85.742 82.313 81.286 80.221 79.995 79.914 79.785 79.715 79.681 79.72 79.755 79.93 80.8 79.98 79.922 80.806 80.179 83.583 85.772 85.04 80.86 82.435 81.655 79.681 79.506 79.264 78.761 78.197 77.337 77.001 77.926 77.21 76.253 79.042 80.723 79.736 75.382 75.04 76.079 74.953 74.244 74.218 73.482 73.015 72.716 72.437 72.125 71.886 71.606 71.334 71.08 70.665 70.39 69.987 69.44 69.023 68.473 67.775 67.453 67.189 67.081 67.031 67.005 66.985 66.931 67.029 67.037 66.737 70.837 72.896 73.759 72.935
87.586 86.94 85.519 81.388 80.315 80.253 80.059 79.869 79.78 79.736 79.727 79.86 80.168 80.652 81.457 82.517 80.185 82.92 84.494 79.379 80.251 80.238 82.771 80.436 79.721 80.061 79.885 78.801 78.782 78.043 77.263 77.064 76.708 76.913 80.242 80.351 76.627 75.187 74.919 76.357 74.462 74.134 73.731 73.272 72.91 72.537 72.167 72.036 71.724 71.439 71.17 70.872 70.49 70.12 69.684 69.173 68.725 68.164 67.589 67.209 67.093 67.033 66.984 66.917 66.843 66.93 67.182 66.546 66.49 72.014 73.477 73.66
87.849 87.279 86.305 82.312 80.448 80.532 80.29 80.194 80.08 79.932 79.856 79.852 79.873 79.946 80.45 82.865 80.691 79.667 80.295 80.034 82.395 84.739 85.713 82.281 79.591 79.857 80.634 79.992 78.732 78.002 77.654 77.373 76.816 77.929 80.338 80.93 80.606 77.499 75.214 78.706 75.119 74.236 73.951 73.509 73.148 72.791 72.451 72.133 71.874 71.585 71.359 71.092 70.605 70.367 69.988 69.428 68.933 68.315 67.76 67.244 67.092 66.949 66.885 66.921 66.774 66.812 66.852 66.771 66.617 70.649 72.76 74.092
84.654 86.297 82.941 80.426 80.736 80.544 80.453 80.291 80.278 80.103 79.988 79.911 79.973 80.009 80.009 80.559 80.307 80.304 79.86 83.223 85.47 86.423 86.627 85.758 80.759 79.967 79.674 80.083 79.314 78.21 77.689 77.479 82.573 85.491 83.179 81.047 81.636 78.834 76.152 75.15 74.932 74.395 74.17 73.745 73.442 73.048 72.61 72.242 71.952 71.772 71.584 71.257 70.985 70.494 70.136 69.624 69.108 68.633 68.001 67.396 67.025 66.967 66.904 66.836 66.831 66.709 66.787 67.644 68.149 67.66 72.107 72.77
87.266 84.508 80.541 80.726 80.858 80.702 80.648 80.515 80.4 80.286 80.157 80.014 79.963 80.024 80.051 80.078 80.171 80.273 79.99 82.001 85.148 86.43 87.379 86.617 84.415 79.64 79.643 79.594 79.645 78.873 80.183 80.46 84.758 86.228 85.311 79.438 81.33 78.384 76.099 75.4 75.087 74.781 74.253 73.984 73.696 73.25 72.891 72.402 72.13 71.96 71.683 71.421 71.051 70.759 70.31 69.826 69.291 68.828 68.297 67.731 67.284 66.957 66.815 66.791 66.798 66.666 66.648 66.777 66.909 66.703 70.253 69.095
90.689 92.587 84.528 81.166 80.953 80.882 80.777 80.708 80.545 80.502 80.339 80.177 80.091 80.945 80.06 80.064 80.112 80.255 80.31 80.095 83.367 85.622 87.349 87.05 85.695 83.065 79.605 79.681 79.655 82.308 82.3 81.283 83.912 85.204 84.422 79.907 80.688 81.08 77.116 75.471 75.236 74.975 74.48 74.258 73.791 73.491 73.147 72.737 72.343 72.205 71.848 71.545 71.207 70.835 70.429 70.002 69.535 69.072 68.452 67.934 67.343 66.976 66.815 66.713 66.7 66.672 66.524 66.611 68.066 66.838 66.583 66.482
92.608 93.497 87.245 81.361 81.164 80.959 80.914 80.849 80.679 80.559 80.325 80.218 80.246 81.027 80.314 80.201 80.776 80.679 80.526 81.025 80.533 84.803 86.294 87.132 85.985 85.104 82.243 82.218 82.901 84.078 83.347 79.274 78.21 79.374 78.557 77.044 79.067 80.514 80.426 76.407 75.498 75.175 74.838 74.414 74.09 73.732 73.368 73.003 72.581 72.332 71.97 71.681 71.418 70.991 70.695 70.254 69.815 69.213 68.729 68.107 67.564 67.147 66.828 66.77 66.697 66.648 66.521 66.54 66.833 66.963 66.797 69.452
92.988 92.548 86.889 81.699 81.343 81.219 81.067 80.954 80.802 80.614 80.428 80.477 80.47 80.313 80.197 80.228 80.213 80.994 80.332 80.701 80.051 79.768 85.461 85.56 84.829 80.285 81.948 80.65 83.73 83.743 82.314 79.282 78.199 77.804 77.262 77.085 77.337 80.028 80.294 76.728 75.65 75.422 75.042 74.654 74.34 73.961 73.579 73.167 72.797 72.423 72.107 71.787 71.544 71.161 70.778 70.433 70.023 69.393 68.938 68.359 67.77 67.324 66.965 66.763 66.602 66.587 66.561 66.464 66.485 66.581 66.172 66.422
91.3 90.01 85.328 82.475 81.499 81.344 81.202 81 80.783 80.731 80.747 80.705 80.611 80.457 80.298 80.228 80.321 80.283 81.16 80.661 80.485 79.751 83.255 81.231 81.373 82.12 82.408 84.724 85.622 82.089 79.597 79.222 78.942 78.851 77.731 77.99 78.347 79.52 80.002 77.464 76.014 75.53 75.215 74.903 74.507 74.186 73.811 73.424 72.933 72.536 72.208 71.928 71.616 71.281 70.897 70.529 70.162 69.596 69.165 68.646 68.088 67.489 66.993 66.735 66.579 66.561 66.573 66.489 66.43 66.447 66.307 66.122
84.946 83.43 82.375 81.924 81.629 81.424 81.159 81.065 80.969 81.04 80.896 80.854 80.745 80.606 80.43 80.236 80.341 80.348 81.278 81.209 80.637 79.93 81.364 80.699 80.497 79.749 83.401 85.764 86.652 85.408 79.824 79.339 79.086 79.702 80.141 79.465 79.418 78.721 79.347 79.742 76.529 75.759 75.454 75.106 74.732 74.308 73.958 73.494 73.07 72.757 72.336 71.971 71.713 71.373 73.244 70.769 70.266 69.745 69.306 68.886 68.28 67.802 67.183 66.723 66.691 66.521 66.51 66.507 66.352 66.417 66.741 66.117
82.732 82.883 82.558 82 81.743 81.438 81.343 81.296 81.211 81.119 81.013 80.97 80.762 80.529 80.468 80.502 80.349 80.439 80.89 82.007 81.166 80.842 80.384 80.27 80.915 79.789 80.622 85.395 86.747 86.03 81.28 80.608 80.546 81.234 81.26 78.523 77.846 77.967 77.79 79.851 79.021 75.894 75.536 75.191 74.853 74.448 74.107 73.768 73.343 72.996 72.489 72.17 71.836 71.501 71.134 70.745 70.36 69.945 69.481 69.047 68.636 67.959 67.343 67.038 66.706 66.558 66.475 66.432 66.378 66.345 66.492 66.369
82.689 82.516 82.508 81.783 81.635 81.538 81.613 81.431 81.342 81.173 81.123 80.854 80.705 80.665 80.479 80.547 80.432 80.495 80.472 80.983 80.589 80.717 80.634 80.43 81.17 80.334 79.807 84.635 86.247 86.727 85.346 80.524 81.087 82.501 80.863 78.171 77.471 78.07 77.628 79.161 80.086 78.361 75.678 75.362 75.062 74.651 74.338 73.878 73.602 73.136 72.694 72.247 71.912 71.581 71.236 70.782 70.452 70.197 69.665 69.261 68.735 68.247 67.765 67.175 66.787 66.575 66.416 66.426 66.409 66.253 66.362 66.362
82.557 82.176 82.123 81.866 81.876 81.778 81.666 81.553 81.38 81.267 81.099 80.894 80.985 80.892 80.876 80.671 80.594 80.46 80.544 80.475 80.695 80.805 80.82 80.525 80.562 82.798 82.428 83.338 85.809 87.307 85.857 80.707 79.44 79.342 79.033 80.695 77.687 79.653 79.643 80.879 81.181 80.339 76.64 75.426 75.146 74.845 74.364 74.072 73.595 73.235 72.821 72.416 71.88 71.582 71.259 70.958 70.673 70.172 69.867 69.396 68.997 68.504 67.907 67.373 66.845 66.58 66.44 66.298 66.317 66.296 66.35 66.554
82.779 82.287 82.166 82.096 81.991 81.926 81.839 81.629 81.398 81.318 81.194 81.209 81.093 81.104 80.994 80.879 80.642 80.526 80.587 80.609 80.651 80.741 80.873 80.716 80.423 81.539 84.592 81.59 85.461 86.679 86.294 82.024 79.541 79.235 78.505 79.809 80.738 81.199 81.472 81.023 81.137 81.547 77.576 75.612 75.279 74.969 74.58 74.134 73.782 73.361 72.926 72.502 72.065 71.662 71.365 71.053 70.721 70.411 69.967 69.617 69.137 68.687 68.166 67.573 67.061 66.593 66.417 66.329 66.336 66.282 66.245 66.327
82.597 82.514 82.263 82.213 82.108 81.912 81.732 81.61 81.465 81.476 81.438 81.362 81.223 81.228 81.091 80.972 80.723 80.698 80.576 80.71 80.61 80.779 80.945 80.898 80.624 81.004 81.546 80.001 83.622 85.927 86.388 84.888 80.737 79.437 79.361 79.001 80.218 81.225 78.149 79.473 78.974 80.754 80.266 78.042 75.486 75.195 74.713 74.341 73.869 73.468 73.142 72.596 72.271 71.843 71.578 71.144 70.892 70.539 70.116 69.725 69.372 68.857 68.387 67.953 67.361 66.791 66.457 66.321 66.322 66.32 66.205 66.313
82.778 82.546 82.443 82.312 82.175 81.899 81.788 81.668 81.799 81.727 81.648 81.634 81.511 81.403 81.247 81.131 80.89 80.809 80.658 80.71 80.726 80.781 80.963 80.957 80.731 80.364 80.927 79.805 79.721 85.548 85.236 84.834 79.642 81.644 81.499 78.938 78.454 78.275 78.243 78.298 79.266 81.2 80.524 79.42 75.586 75.27 74.931 74.509 74.146 73.68 73.339 72.836 72.395 71.97 71.589 71.205 70.975 70.666 70.372 69.943 69.579 69.18 68.672 68.129 67.538 66.892 66.464 66.361 66.283 66.259 66.207 66.234
82.849 82.695 82.58 82.364 82.238 82.087 82.751 82.151 82.107 82.024 81.92 81.928 81.867 81.678 81.627 81.397 81.142 80.818 80.791 80.701 80.818 80.736 80.903 81.066 80.99 80.656 80.372 80.274 79.683 80.695 80.081 80.237 80.067 80.864 79.882 79.114 78.592 78.325 78.002 77.934 79.125 80.313 81.15 79.313 75.916 75.407 75.059 74.714 74.265 73.912 73.433 73.036 72.475 72.079 71.666 71.306 71.097 70.694 70.508 70.095 69.794 69.255 68.758 68.213 67.619 67.089 66.637 66.383 66.23 66.188 66.232 66.141
82.979 82.805 82.675 82.534 82.244 84.455 85.36 82.981 82.372 82.376 82.365 82.169 82.069 81.913 81.992 81.889 81.799 82.773 81.268 81.328 81.017 80.816 80.912 81.069 81.106 80.763 80.29 80.828 80.946 80.365 79.901 83.547 85.61 81.185 79.801 79.382 78.745 80.929 82.011 82.062 81.624 80.978 80.529 78.241 76.046 75.538 75.21 74.874 74.495 73.949 73.6 73.099 72.647 72.155 71.811 71.455 71.116 70.874 70.526 70.173 69.833 69.415 69.043 68.489 67.925 67.27 66.663 66.349 66.265 66.233 66.174 66.084
83.063 82.843 82.669 83.864 82.554 82.929 85.273 84.979 83.585 83.065 83.048 82.555 82.362 82.47 82.801 84.353 84.118 84.083 81.008 81.248 81.228 80.89 80.973 81.027 81.174 80.829 80.487 80.412 80.124 79.924 83.743 86.466 86.442 84.233 79.744 79.574 81.986 83.129 83.121 82.722 81.7 80.955 77.754 78.053 76.78 75.773 75.233 74.945 74.563 74.162 73.784 73.311 72.866 72.27 71.858 71.521 71.254 70.853 70.572 70.279 69.997 69.614 69.155 68.593 68.029 67.404 66.81 66.456 66.261 66.201 66.199 66.158
83.091 83.651 84.154 83.671 83.23 83.221 83.318 84.668 84.988 86.217 83.046 83.094 84.07 84.652 84.712 83.172 82.735 81.928 82.396 81.03 80.925 80.979 80.914 81.037 81.1 81.089 80.61 80.277 80.413 80.015 81.339 86.241 86.933 85.09 80.798 79.855 82.72 83.867 83.326 81.99 78.347 77.579 76.874 77.378 77.789 75.754 75.328 74.926 74.696 74.299 73.932 73.45 72.969 72.379 71.882 71.566 71.204 70.925 70.679 70.457 70.116 69.674 69.313 68.797 68.176 67.599 67.001 66.449 66.32 66.154 66.201 66.128
83.191 83.888 83.524 83.365 86.156 86.549 83.394 83.729 85.022 84.432 83.429 83.175 83.322 85.014 84.151 86.557 84.114 82.425 82.696 81.401 81.014 81.05 81.016 81.063 81.09 81.274 80.925 80.544 81.297 80.054 80.848 85.699 87.019 86.324 80.985 81.161 80.773 80.216 79.452 78.18 77.255 77.103 76.953 77.465 77.34 76.455 75.535 75.085 74.758 74.522 74.075 73.642 73.075 72.475 71.929 71.56 71.329 71.022 71.461 70.864 70.176 69.837 69.399 68.906 68.362 67.84 67.278 66.597 66.328 66.179 66.166 66.132
83.244 83.757 84.511 88.22 89.155 88.21 84.412 83.417 85.62 85.686 84.377 83.292 82.782 86.736 88.144 88.766 84.264 82.583 81.929 82.627 81.109 81.029 81.089 81.361 81.143 81.236 81.158 80.705 80.652 80.374 79.962 84.372 86.308 86.92 84.446 79.714 79.68 79.498 78.63 78.354 77.648 77.454 78.013 78.511 78.996 78.908 76.174 75.315 74.908 74.556 74.183 73.674 73.182 72.661 72.053 71.639 71.336 71.072 70.753 70.502 70.192 69.901 69.465 69.013 68.503 68.05 67.473 66.771 66.287 66.238 66.167 66.135
83.331 86.082 88.811 89.82 90.202 89.87 87.791 83.535 84.925 84.464 83.444 82.854 82.668 86.15 88.64 89.507 88.327 82.737 83.152 82.839 81.373 81.011 81.1 81.275 81.138 81.171 81.234 80.95 80.442 81.517 80.702 83.968 85.884 86.941 86.116 80.916 79.677 79.564 78.918 78.845 79.421 79.496 79.576 78.066 77.892 78.55 77.265 75.921 75.106 74.677 74.363 73.896 73.364 72.838 72.223 71.64 71.397 71.113 70.822 70.574 70.333 69.917 69.515 69.189 68.703 68.067 67.625 66.978 66.412 66.256 66.046 66.14
87.112 89.348 90.163 90.217 89.684 89.049 83.967 83.363 85.562 83.957 83.629 83.167 82.904 82.567 87.952 89.842 88.921 84.206 82.837 81.921 81.547 81.098 81.119 81.145 81.093 81.382 81.198 81.166 80.796 81.191 80.428 80.342 84.489 86.937 86.62 82.369 79.859 79.695 80.845 80.955 79.411 78.998 77.444 77.139 77.766 77.453 78.931 76.609 75.248 74.806 74.357 73.909 73.452 72.932 72.283 71.72 71.43 71.765 70.907 72.959 71.567 70.06 69.714 69.26 70.383 68.382 67.764 67.119 66.517 66.235 66.076 66.054
89.445 90.343 89.852 89.251 85.933 83.805 83.387 83.597 84.479 83.731 83.644 83.422 83.248 82.721 86.314 88.91 89.156 87.293 83.543 82.232 81.813 81.151 81.223 81.202 81.222 82.324 81.285 81.294 81.02 80.525 80.343 80.132 84.127 85.808 85.487 82.384 80.391 81.852 81.801 79.393 78.883 77.556 77.156 77.093 77.178 77.971 78.648 77.314 75.909 74.938 74.451 73.993 73.55 73.063 72.481 71.891 71.371 71.647 71.01 70.606 70.811 70.108 69.808 69.332 68.958 68.48 67.954 67.317 66.686 66.298 66.144 66.019
