dsm/se2531_DSM_2M.asc
ncols 500
nrows 500
xllcorner    425000
yllcorner    431000
cellsize     2
NODATA_value -9999
[rows 165 to 197 of 500, columns 370 to 443 of 500]
78.658 77.741 75.69 72.693 70.268 70.246 70.224 70.228 70.382 71.223 71.535 73.819 73.969 71.669 71.406 71.462 71.487 71.492 71.539 71.61 71.634 71.644 71.698 71.711 71.779 71.861 71.906 71.961 71.992 72.016 72.06 72.061 72.11 72.213 72.98 78.056 80.383 80.179 78.04 74.496 73.931 73.621 73.414 73.441 73.267 73.204 73.183 73.169 73.103 73.059 73.012 72.95 72.874 72.851 72.844 72.714 72.553 72.453 72.411 72.229 72.143 72.07 72.015 71.983 71.969 71.918 71.942 71.85 71.774 71.651 71.562 71.529 71.412 71.343
78.606 78.443 76.735 78.193 72.934 70.24 70.26 70.253 70.244 70.394 70.697 72.434 73.909 74.026 72.121 72.096 71.614 71.655 71.643 71.685 71.7 71.741 71.844 71.904 72.464 72.196 72.502 72.374 72.812 72.991 73.019 72.149 72.174 72.22 72.513 76.641 78.595 79.534 78.926 74.445 74.037 73.832 73.658 73.53 73.434 73.374 73.437 73.359 73.204 73.18 73.008 72.986 72.877 72.883 72.799 72.733 72.594 72.471 72.385 72.275 72.215 72.161 72.134 72.17 72.242 72.081 71.975 71.929 71.859 71.758 71.659 71.667 71.545 71.531
78.463 78.328 78.161 78.053 72.06 71.958 70.205 70.249 70.233 70.274 70.348 70.9 71.673 73.468 74.152 73.508 71.694 71.744 71.751 71.791 71.807 71.843 71.898 71.92 72.011 72.169 72.3 72.353 72.745 73.246 73.076 72.151 72.271 72.314 72.428 77.302 79.242 79.256 78.201 74.787 73.992 73.921 73.69 73.608 73.56 73.498 73.385 73.46 73.423 73.349 73.178 73.045 72.926 72.854 72.761 72.712 72.641 72.52 72.407 72.318 72.14 72.185 72.211 72.244 72.277 72.3 72.17 71.97 71.904 71.858 71.837 71.847 71.671 71.567
78.382 78.18 78.053 77.897 77.882 77.805 70.813 70.297 70.276 70.267 70.249 70.33 70.92 71.449 72.919 72.727 71.829 72.035 71.777 71.827 71.855 71.897 71.947 71.991 72.043 72.062 72.113 72.219 72.197 72.225 72.576 72.391 72.336 72.381 72.424 73.815 74.036 77.299 77.404 73.367 73.609 73.406 72.99 73.018 73.014 73.233 72.945 72.962 73.129 73.162 73.078 73.021 74.526 73.069 72.811 72.741 72.618 72.547 72.48 72.421 72.31 72.231 72.191 72.226 72.239 72.209 72.2 72.149 72.093 71.945 71.972 71.91 71.783 71.633
78.231 78.059 77.991 77.855 78.05 78.205 74.207 74.729 72.152 70.333 70.277 70.261 70.368 70.677 71.372 71.988 72.199 74.676 72.688 71.906 72.941 72.262 72.011 72.039 72.079 72.14 72.16 72.205 72.233 72.279 72.327 72.335 72.382 72.455 72.487 72.555 77.74 78.821 76.158 73.219 72.99 72.95 73.792 72.876 73.213 73.431 72.934 72.809 73.992 72.954 72.827 75.096 77.499 76.819 73.639 72.647 72.533 72.463 72.458 72.406 72.333 72.21 72.255 72.353 72.218 72.124 72.12 72.113 72.041 71.976 71.955 71.858 71.803 71.726
78.114 77.961 77.918 78.012 78.139 78.293 78.34 78.54 76.01 71.679 70.336 70.263 70.299 70.321 70.667 71.789 72.021 74.02 74.131 71.905 72.182 72.004 72.021 72.057 72.104 72.152 72.227 72.479 72.388 72.743 72.955 72.389 72.425 72.465 72.509 72.692 77.095 78.635 77.08 73.163 72.647 72.497 72.899 73.35 74.631 72.319 72.441 72.581 75.962 78.432 72.776 75.398 77.272 75.173 75.915 72.571 72.691 72.452 72.598 72.565 72.442 72.283 72.26 72.245 72.229 72.139 72.133 72.173 72.008 71.971 71.927 71.951 71.788 71.77
77.976 77.944 77.982 78.136 78.306 78.478 78.566 78.684 78.856 76.933 71.293 70.306 70.243 70.281 70.331 70.546 72.349 72.385 72.105 72.016 72.017 72.03 72.047 72.075 72.147 72.19 72.249 73.146 72.552 72.866 72.683 72.474 72.503 72.516 72.575 72.68 76.185 77.601 76.471 72.962 72.293 73.017 76.78 76.856 76.722 73.098 72.187 74.568 74.371 75.454 77.256 72.756 74.057 72.532 72.75 72.311 72.508 72.429 72.781 72.725 72.854 72.641 72.53 72.331 72.149 72.248 72.399 72.094 72.078 71.988 72.029 71.946 71.875 71.848
77.91 78.023 78.161 78.253 78.397 78.563 78.73 78.877 78.907 78.816 76.945 70.966 70.279 70.272 70.298 70.601 75.498 76.558 77.346 74.906 72.173 72.113 72.071 72.041 72.061 72.157 72.257 72.334 72.43 72.437 72.5 72.494 72.546 72.578 72.616 72.727 77.064 78.144 76.857 72.605 72.291 76.319 76.844 76.859 76.869 76.76 72.174 74.975 74.652 75.263 75.621 72.906 74.678 76.221 72.683 72.174 72.253 72.277 73.597 74.588 73.631 72.604 72.429 76.377 73.727 74.81 74.752 75.026 75.244 75.056 74.068 73.274 74.43 74.604
77.971 78.144 78.255 78.408 78.551 78.722 78.898 78.993 78.814 78.241 78.484 78.212 71.44 71.545 70.346 70.268 72.65 78.911 78.656 75.397 73.128 72.17 72.168 72.083 72.093 72.177 72.241 72.316 72.361 72.434 72.496 72.539 72.59 72.64 72.672 74.525 77.818 79.23 74.064 72.38 75.421 76.84 76.835 76.883 76.859 76.845 75.221 72.1 71.874 75.077 75.584 74.924 75.689 75.86 74.367 72.236 72.16 73.362 76.245 75.028 76.146 75.764 73.6 75.665 75.929 73.728 74.752 76.078 75.704 75.504 75.984 73.685 74.983 74.84
78.05 78.206 78.37 78.558 78.707 78.814 78.967 78.803 77.958 77.422 78.316 78.203 77.182 74.012 70.518 71.945 75.071 78.727 79.824 77.345 72.726 72.238 72.257 72.228 72.207 72.256 72.3 72.389 72.45 72.491 72.542 72.607 72.658 72.714 72.724 75.61 77.216 77.209 76.534 72.571 75.398 76.75 76.851 76.888 76.859 76.846 73.465 71.952 71.814 72.466 75.864 75.568 75.46 75.652 75.188 72.691 72.228 74.506 75.301 89.142 78.304 76.441 73.522 75.147 75.511 76.549 75.631 75.146 75.543 74.548 75.854 73.796 73.405 72.893
78.249 78.355 78.51 78.665 78.823 78.92 78.86 78.652 78.547 78.377 78.237 78.069 77.948 73.382 72.182 77.838 78.852 79.267 77.73 73.319 72.344 72.321 72.32 72.419 72.329 72.367 72.433 72.439 72.54 72.544 72.611 72.665 72.691 72.739 72.804 74.576 77.028 77.643 76.618 73.401 72.539 76.394 76.884 76.852 76.86 74.294 71.95 71.818 71.753 71.821 75.467 73.419 72.857 75.664 75.583 72.938 72.27 72.702 73.38 76.892 76.048 73.765 72.552 75.815 75.794 75.871 75.832 76.319 75.266 74.907 74.086 74.914 74.593 71.608
78.346 78.481 78.673 78.823 78.885 78.85 78.672 78.513 78.383 78.263 78.135 77.794 71.344 74.819 77.019 79.598 79.191 80.647 77.77 75.178 72.41 72.419 72.432 72.768 72.536 73.061 72.502 72.548 72.602 72.627 72.65 72.714 72.747 72.795 72.827 72.938 76.322 77.262 75.764 73.154 72.122 72.03 73.162 74.14 73.415 71.988 71.849 71.798 71.759 71.764 72.419 71.621 71.605 74.554 75.37 75.193 72.071 72.278 72.41 73.39 74.512 74.097 72.541 74.354 75.482 75.096 76.139 74.872 73.614 72.374 71.924 71.885 71.602 71.282
78.537 78.657 78.827 78.893 78.855 78.729 78.597 78.377 78.252 78.054 77.995 73.758 73.606 77.568 79.48 76.81 80.406 79.798 77.247 72.835 72.485 72.49 72.522 72.499 72.552 72.536 72.58 72.621 72.663 72.711 72.78 72.757 72.815 72.824 72.871 73.807 77.153 78.016 73.889 72.15 71.898 71.842 72.003 71.924 71.919 71.848 71.794 72.011 74.503 75.642 72.033 71.566 71.546 74.536 75.3 75.119 72.576 72.097 72.539 74.698 76.341 76.285 76.261 76.774 76.066 75.192 74.833 74.191 72.288 71.453 71.532 71.314 71.332 71.35
78.58 78.74 78.955 78.894 78.7 78.573 78.436 78.268 78.126 78.006 76.287 70.356 74.639 74.759 79.16 77.992 74.251 76.754 74.797 73.874 72.596 72.58 72.597 72.611 72.61 72.662 72.692 72.724 72.749 74.092 74.512 74.443 72.901 72.914 72.94 74.486 76.577 75.596 73.042 71.855 71.828 71.818 71.82 71.801 71.829 71.884 72.325 74.113 78.157 78.875 72.01 71.539 71.526 71.546 75.11 75.393 74.015 75.734 77.44 75.996 76.504 74.967 76.681 75.915 74.993 74.397 74.155 71.398 71.28 71.7 71.317 71.351 71.393 71.377
78.775 78.927 78.917 78.784 78.576 78.449 78.143 78.175 78.027 77.391 71.033 71.088 73.85 76.234 79.892 77.959 72.758 76.233 78.054 75.875 72.939 72.988 72.69 72.732 72.741 72.902 72.816 72.806 72.837 74.755 74.772 74.008 73.174 72.951 72.956 75.781 77.366 76.429 74.778 71.902 71.823 71.797 71.765 71.738 71.726 73.482 72.971 72.918 77.537 76.074 74.751 73.997 71.444 71.416 74.46 75.426 75.235 76.544 78.383 74.483 74.326 74.225 75.066 73.993 73.735 72.634 71.499 71.25 71.31 71.351 71.396 71.409 71.454 71.462
78.896 78.921 78.75 78.618 78.484 78.307 77.498 77.939 77.73 71.056 71.641 72.305 73.246 77.486 78.186 72.498 77.01 77.761 78.097 78.941 77.42 73.499 75.049 75.657 78.842 79.102 72.996 73.03 73.715 74.814 73.114 73.029 73.047 73.091 73.308 75.947 77.191 77.164 75.53 72.724 71.817 71.742 71.727 71.661 71.707 72.19 73.613 74.467 73.223 79.206 79.199 72.7 71.402 71.354 71.586 75.411 75.32 75.72 76.453 73.945 71.339 71.28 71.757 71.296 71.312 71.35 71.369 71.391 71.439 71.405 71.954 75.825 72.714 70.911
78.871 78.746 78.636 78.465 78.285 78.174 78.033 77.747 71.013 71.546 71.973 74.611 74.311 74.714 72.337 75.742 76.16 75.096 78.14 79.483 80.444 78.82 76.826 76.992 77.994 81.083 75.939 77.07 80.246 78.179 77.728 76.962 77.015 76.002 74.506 76.159 76.393 76.614 75.173 72.011 71.729 71.702 71.635 71.63 71.615 71.662 72.199 72.388 74.002 74.605 74.036 72.181 71.4 71.307 72.006 72.504 72.77 71.754 72.555 71.282 71.289 71.279 71.282 71.31 71.365 71.417 71.443 71.489 71.677 71.778 78.231 78.443 78.054 70.652
78.786 78.616 78.469 78.347 78.161 74.717 77.697 71.047 70.283 72.636 73.763 75.977 75.695 75.119 73.98 72.851 73.213 75.13 80.099 79.959 79.592 77.558 76.634 77.583 79.443 77.377 76.4 77.592 78.894 79.766 78.794 77.833 77.755 77.782 77.013 77.624 76.885 77.221 76.488 73.002 71.709 71.638 71.581 71.576 71.55 71.592 71.856 74.501 72.98 71.932 71.769 71.902 71.334 71.352 72.607 71.293 71.29 71.273 71.283 71.328 71.318 71.348 71.311 71.375 71.406 71.477 71.756 71.968 78.969 78.415 79.23 79.295 75.076 72.191
78.647 78.493 78.338 78.224 78.089 77.897 71.225 71.458 72.607 72.563 73.93 77.406 77.717 75.326 74.858 72.774 72.602 72.528 72.59 76.325 76.445 74.431 75.116 75.369 73.417 72.874 71.778 72.426 75.475 76.273 77.872 76.832 76.237 76.055 75.591 77.184 77.917 77.03 76.492 72.271 71.654 71.598 71.542 71.509 71.506 71.524 71.623 71.99 71.529 71.366 72.171 71.991 71.342 71.251 76.589 71.381 71.325 71.315 71.354 71.553 72.132 71.411 71.417 71.407 75.241 72.307 78.988 79.101 79.24 79.314 79.436 79.489 78.628 75.719
78.516 78.37 78.167 78.062 77.954 73.704 70.187 70.732 71.062 72.772 77.28 76.137 73.511 75.023 73.362 72.221 72.363 72.391 72.533 72.682 72.656 72.344 71.922 71.629 71.768 72.882 73.017 71.693 71.998 75.548 77.171 74.848 75.55 75.899 75.512 75.904 77.64 75.998 75.788 76.658 71.743 71.544 71.506 71.448 71.428 71.427 71.49 71.596 71.353 71.323 71.322 71.272 71.268 71.288 71.354 71.49 71.326 73.285 74.449 74.338 74.834 71.722 75.491 78.225 78.378 79.167 79.258 79.349 79.431 79.5 79.578 79.675 79.775 74.202
78.392 78.25 78.08 77.934 73.833 71.159 73.734 76.331 71.726 77.109 78.083 73.983 73.918 76.941 72.297 72.228 72.293 72.382 72.538 72.603 71.934 71.527 71.421 70.99 71.071 72.795 72.512 71.259 71.616 71.945 72.337 73.266 73.271 74.62 72.678 72.227 72.592 72.399 75.359 74.855 72.084 71.503 71.455 71.403 71.37 71.362 71.38 71.434 71.332 71.306 71.296 71.32 71.342 71.334 71.358 72.316 74.434 74.598 74.992 75.245 77.829 79.009 79.095 79.178 79.283 79.381 79.426 79.479 79.62 79.686 79.808 79.865 79.948 78.387
78.237 78.105 77.993 73.836 71.398 71.479 73.04 77.818 78.539 75.298 74.444 72.097 76.272 77.31 72.518 72.255 72.341 72.285 72.064 71.383 71.289 72.921 72.637 70.978 70.942 71.141 72.169 71.233 71.577 71.745 71.852 71.743 71.706 71.588 71.577 71.399 71.475 71.541 72.638 74.525 76.155 71.598 71.443 71.353 71.308 71.333 71.26 71.296 71.291 71.328 71.336 71.357 71.373 71.429 73.758 75.543 75.621 75.388 77.867 79.069 79.084 79.218 79.285 79.401 79.452 79.52 79.628 79.718 79.78 79.827 79.966 80.054 80.112 80.229
78.111 77.973 74.05 72.816 72.873 73.496 75.376 75.472 76.599 78.502 72.749 72.017 72.078 72.71 71.915 72.47 71.595 72.384 71.705 75.45 71.143 72.272 71.847 71.011 71.031 71.23 72.638 72.293 71.402 71.577 71.539 71.362 71.242 71.268 71.42 71.375 71.438 71.504 71.665 75.039 75.776 74.323 74.039 73.664 71.34 71.327 71.298 71.321 71.329 71.355 71.392 71.455 73.072 73.666 72.3 75.962 78.898 79.069 79.144 79.244 79.305 79.427 79.507 79.523 79.634 79.719 79.77 79.933 79.925 80.028 80.152 80.239 80.377 80.406
77.933 73.786 72.489 72.952 73.273 75.339 77.05 75.443 72.4 73.89 71.733 71.927 71.99 71.773 71.796 71.154 71.07 71.128 71.932 71.128 71.02 71.464 72.934 71.206 71.028 71.016 71.525 73.771 71.682 71.39 71.839 71.749 74.792 73.349 72.63 71.249 71.372 71.426 71.615 72.105 75.779 76.224 72.767 72.795 71.315 71.325 71.307 71.389 71.392 71.426 71.44 71.484 71.978 72.066 78.208 78.393 79.137 79.277 79.345 79.438 79.491 79.579 79.683 79.738 79.841 79.949 79.999 80.046 80.195 80.27 80.252 80.439 80.554 80.645
72.898 71.85 72.831 72.872 72.978 72.729 75.131 74.776 73.096 72.035 72.011 72.002 71.507 73.598 71.565 71.014 71.025 71.033 72.373 72.262 71.068 71.087 71.064 71.075 71.042 71.083 71.116 71.899 73.168 72.839 73.418 74.011 78.409 78.704 71.398 71.289 71.32 73.247 75.709 74.022 73.076 71.932 71.456 71.723 71.354 71.354 71.376 71.965 72.215 71.601 75.435 76.945 78.179 79.074 79.178 79.141 79.042 79.181 79.4 79.602 79.684 79.776 79.897 79.951 79.988 80.101 80.202 80.291 80.357 80.479 80.551 80.725 80.703 80.791
70.558 72.13 72.887 71.557 72.088 71.62 71.967 71.778 72.114 72.64 71.778 71.775 71.434 72.35 73.133 71.637 71.047 71.03 71.427 71.345 71.103 71.084 71.115 71.12 71.133 71.146 71.166 71.633 71.365 73.008 72.381 72.439 75.666 76.145 73.607 71.259 72.53 71.414 74.403 72.45 71.346 71.345 71.347 71.383 71.408 71.418 71.442 71.651 75.389 78.22 78.34 79.132 79.234 79.31 79.363 79.237 79.015 79.11 79.32 79.535 79.734 79.885 80.081 80.147 80.257 80.283 80.37 80.462 80.588 80.647 80.748 80.844 80.824 80.764
70.189 72.543 71.419 71.426 72.97 72.185 72.327 72.019 71.744 71.653 71.232 71.74 71.071 71.101 73.742 71.788 71.086 71.077 71.093 71.124 71.17 71.168 71.171 71.17 71.164 71.187 71.217 71.227 71.212 71.29 73.222 73.401 72.261 71.223 71.313 71.267 71.483 72.498 71.32 71.373 71.358 71.378 71.389 71.426 71.427 71.469 71.947 77.781 78.334 79.117 79.27 79.333 79.421 79.486 79.514 79.261 79.136 79.052 79.173 79.437 79.667 79.784 80.034 80.199 80.378 80.53 80.59 80.723 80.763 80.836 80.812 80.715 80.694 80.534
70.806 72.731 73.039 72.048 72.177 73.84 73.972 73.34 71.383 71.473 71.528 72.171 71.249 71.162 71.828 71.127 71.115 71.119 71.162 71.157 71.176 71.19 71.194 71.21 71.204 71.254 71.257 71.267 71.285 71.283 71.22 71.19 71.251 71.345 71.324 71.31 71.352 71.322 71.357 71.383 71.402 71.426 71.43 71.506 71.849 78.144 78.347 79.199 79.276 79.345 79.448 79.492 79.604 79.698 79.554 79.386 79.22 79.043 79.124 79.355 79.482 79.706 79.938 80.059 80.341 80.514 80.687 80.831 80.783 80.697 80.61 80.518 80.417 80.342
72.357 72.823 72.292 72.15 71.532 73.702 74.009 73.762 71.895 71.646 71.174 71.302 71.205 71.155 71.144 71.148 71.161 71.161 71.183 71.201 71.214 71.234 71.246 71.267 71.262 71.242 71.271 71.296 71.323 71.316 71.285 71.274 71.32 71.329 71.341 71.347 71.361 71.407 71.394 71.423 71.503 71.933 73.142 78.248 79.122 79.226 79.305 79.395 79.449 79.541 79.61 79.724 79.793 79.85 79.687 79.495 79.267 79.11 79.003 79.238 79.467 79.592 79.815 80.023 80.265 80.433 80.65 80.684 80.806 80.446 80.387 80.312 80.164 80.138
73.933 75.163 75.102 71.59 71.553 71.566 75.591 73.793 71.438 71.198 71.211 71.213 71.182 71.207 71.189 71.187 71.192 71.222 71.208 71.25 71.278 71.275 71.256 71.286 71.297 71.313 71.324 71.323 71.324 71.346 71.37 71.348 71.31 71.361 71.377 71.393 71.408 71.434 71.509 72.201 77.985 78.386 79.168 79.23 79.306 79.421 79.487 79.548 79.645 79.742 79.812 79.926 79.974 79.915 79.782 79.566 79.401 79.211 79.038 79.137 79.353 79.597 79.787 79.984 80.153 80.341 80.483 80.464 80.4 80.261 80.192 80.138 80.039 79.879
77.564 75.574 75.114 72.152 71.679 75.319 76.881 72.881 71.252 71.224 71.239 71.226 71.228 71.236 71.235 71.224 71.204 71.286 71.263 71.297 71.303 71.296 71.354 71.343 71.351 71.355 71.376 71.375 71.4 71.411 71.413 71.419 71.374 71.401 71.424 71.647 71.912 73.649 78.087 79.08 79.168 79.26 79.339 79.426 79.523 79.589 79.672 79.755 79.844 79.901 80.016 80.093 80.166 80.091 79.894 79.695 79.453 79.308 79.082 79.01 79.268 79.549 79.691 79.885 80.072 80.225 80.345 80.239 80.172 80.086 79.998 79.92 79.856 79.706
77.541 73.393 72.221 71.72 76.749 77.206 77.108 76.553 71.476 71.238 71.262 71.256 71.263 71.232 71.267 71.29 71.278 71.3 71.315 71.315 71.337 71.313 71.375 71.371 71.373 71.395 71.414 71.434 71.424 71.437 71.455 71.466 71.457 71.547 71.829 79.803 79.559 79.092 79.228 79.314 79.404 79.427 79.541 79.611 79.683 79.742 79.877 79.946 80.054 80.14 80.2 80.258 80.342 80.117 79.932 79.763 79.582 79.395 79.216 78.993 79.221 79.359 79.586 79.817 80.007 80.171 80.121 80.01 79.977 79.899 79.736 79.699 79.645 79.564
73.063 71.574 71.303 71.436 76.433 76.95 77.354 76.873 72.826 71.256 71.304 71.279 71.304 71.283 71.303 71.284 71.311 71.336 71.334 71.343 71.356 71.418 71.4 71.393 71.399 71.462 71.448 71.452 72.196 71.468 71.458 72.074 71.977 76.893 78.341 79.13 79.209 79.313 79.415 79.47 79.579 79.645 79.723 79.814 79.909 79.959 80.066 80.184 80.255 80.303 80.393 80.519 80.43 80.242 80.107 79.878 79.666 79.469 79.261 79.098 79.056 79.286 79.51 79.627 79.842 80.036 79.97 79.82 79.769 79.743 79.605 79.555 79.463 79.373
