dsm/se2532_DSM_2M.asc
ncols 500
nrows 500
xllcorner    425000
yllcorner    432000
cellsize     2
NODATA_value -9999
[rows 155 to 185 of 500, columns 142 to 212 of 500]
70.503 70.159 69.76 69.368 69.036 68.927 68.796 68.618 72.819 74.747 76.786 77.431 76.45 74.872 73.926 73.187 71.901 71.747 71.808 71.786 71.551 71.27 71.168 71.254 70.964 70.836 70.872 70.862 70.863 70.879 70.855 70.869 70.864 70.916 70.902 70.897 70.921 71.408 71.484 71.204 71.125 71.057 70.949 70.849 70.54 70.212 70.071 69.854 69.625 69.501 69.485 69.528 69.388 69.233 68.948 68.842 68.374 68.203 68.768 71.954 70.864 71.24 68.565 66.18 67.15 66.131 65.83 65.397 66.623 69.27 69.735
70.542 70.114 69.715 69.393 69.277 69.169 69.161 71.49 76.439 76.865 76.45 76.537 75.823 74.243 72.519 72.26 72.176 75.442 78.169 78.348 71.968 71.697 71.428 71.101 71.196 70.971 70.978 70.972 70.96 70.954 70.9 70.936 70.981 70.947 70.955 70.932 70.968 71.315 71.262 71.079 71.467 71.923 71.446 71.254 71.324 71.208 70.968 70.587 70.419 70.196 69.956 69.717 69.612 69.416 69.303 69.176 69.021 68.77 68.457 68.342 69.636 69.762 68.687 68.332 72.92 67.122 66.84 66.606 66.154 67.131 65.672
70.539 70.155 69.856 69.651 69.589 69.38 69.004 73.917 75.966 77.246 76.535 73.87 73.422 75.383 72.791 72.402 72.554 83.491 81.323 74.068 74.054 71.992 71.608 71.165 71.832 73.734 71.328 71.051 71.008 77.016 71.428 71.049 71.301 71.271 71.167 71.174 71.011 71.008 71.044 71.053 71.107 71.29 71.312 71.196 71.16 71.327 71.313 71.413 71.418 71.124 70.817 70.634 70.235 69.913 69.672 69.275 69.164 68.975 68.906 68.759 68.614 69.024 75.783 70.744 75.294 71.896 67.438 66.969 67.895 68.664 68.077
70.47 70.177 70.084 69.931 69.775 69.615 74.276 75.122 72.697 74.937 76.47 73.712 73.31 73.072 72.898 72.855 75.149 83.755 83.814 77.688 74.64 72.325 71.72 71.36 71.314 71.998 71.735 71.331 73.824 79.478 75.479 72.563 71.46 71.481 71.558 71.469 71.375 71.316 71.193 71.12 71.169 71.133 71.141 71.202 71.219 71.243 71.26 71.293 71.348 71.404 71.37 71.354 71.159 70.933 70.465 70.139 69.872 69.404 69.141 68.868 68.809 68.887 76.774 78.014 76.588 69.872 67.893 67.87 67.871 67.989 72.345
70.58 70.389 70.318 70.151 69.862 73.839 76.888 74.296 76.413 74.621 73.876 73.563 73.341 73.172 73.437 73.491 78.816 84.307 82.469 83.402 74.764 73.018 72.627 72.722 73.599 72.96 72.65 71.277 73.976 83.296 77.36 73.935 71.646 71.81 71.794 71.757 71.708 71.634 71.517 71.48 71.361 71.297 71.219 71.196 71.248 71.328 71.312 71.321 71.358 71.367 71.327 71.396 71.481 71.487 71.461 71.222 70.924 70.541 70.193 69.832 69.302 69.153 69.744 71.614 74.183 73.894 71.71 68.203 73.786 72.123 73.66
70.821 70.66 70.553 70.3 70.299 75.958 77.799 75.297 76.598 74.099 73.88 73.585 73.385 73.459 73.624 74.123 75.891 74.811 77.038 77.062 73.533 73.658 74.133 74.59 77.062 76.363 73.554 73.633 85.233 81.75 77.572 74.505 72.07 72.168 72.235 72.164 72.018 71.964 71.795 71.655 71.484 71.456 71.396 71.334 71.313 71.314 71.343 71.357 71.359 71.378 71.411 71.392 71.413 71.447 71.441 71.494 71.513 71.447 71.298 70.829 70.595 70.043 69.638 69.576 70.482 74.725 72.27 74.159 75.857 75.024 74.405
71.008 70.906 70.61 75.188 74.1 76.681 75.978 77.889 76.653 74.635 73.985 73.669 73.685 73.929 73.84 73.89 74.204 77.924 80.811 80.154 75.446 73.733 74.207 74.058 73.681 73.894 74.057 76.36 86.928 82.359 85.047 75.658 73.273 72.852 72.911 72.677 72.527 72.439 72.269 72.065 71.61 71.714 71.578 71.403 71.456 71.385 71.404 71.386 71.389 71.397 71.397 71.445 71.448 71.477 71.514 71.538 71.512 71.505 71.562 71.657 71.559 71.323 70.743 70.407 69.792 70.944 70.914 73.292 74.148 72.157 68.942
71.26 71.013 71.652 80.008 80.689 78.311 78.344 75.008 74.499 74.313 73.931 74.037 74.116 74.124 74.297 74.325 74.279 79.294 80.762 79.783 74.893 74.161 74.122 74.173 74.035 74.069 78.48 83.527 78.392 77.566 77.341 73.774 73.777 73.646 73.659 73.385 73.251 73.063 72.731 72.713 72.319 72.116 72.039 71.671 71.535 71.506 71.448 71.453 71.452 71.405 71.388 71.423 71.45 71.484 71.538 71.559 71.583 71.566 71.61 71.615 71.582 72.416 71.688 71.397 70.89 70.307 69.943 72.945 74.451 71.95 69.851
71.5 71.38 75.952 79.347 79.475 79.537 78.752 74.939 74.718 74.41 74.196 74.393 74.518 74.702 74.612 74.616 74.584 80.925 80.39 78.107 74.507 74.451 74.49 74.461 74.382 74.357 74.322 75.234 83.298 79.141 73.916 73.971 74.089 74.029 73.966 73.956 73.832 73.664 73.376 73.177 72.95 72.99 72.838 72.719 72.31 72.177 71.781 71.604 71.56 71.407 71.438 71.387 71.419 71.463 71.522 71.579 71.566 71.567 71.574 71.628 71.668 71.637 71.678 71.707 71.634 71.259 70.76 72.323 74.299 73.59 70.176
75.918 79.302 80.05 79.425 78.066 78.97 77.606 75.061 74.816 74.649 74.848 74.869 75.85 75.303 75.121 74.872 75.649 80.868 80.232 78.465 74.756 74.686 74.789 74.68 74.543 74.646 74.399 76.219 75.539 75.101 74.274 74.33 76.294 75.382 74.129 73.987 74.019 74.026 73.97 73.831 73.706 73.728 73.563 73.383 73.281 72.855 72.582 72.376 76.393 76.127 72.942 71.95 71.515 71.417 71.437 71.485 71.489 71.536 71.54 71.562 71.638 71.668 71.688 71.701 71.741 71.712 71.665 71.751 70.556 71.639 74.909
79.501 80.018 78.29 79.638 78.077 77.723 78.407 75.07 74.895 75.105 75.208 75.209 76.297 75.429 75.461 75.516 80.748 81.982 80.406 75.988 74.943 74.906 74.971 74.924 74.909 74.89 74.828 74.792 74.732 74.599 74.61 74.706 80.22 81.178 76.815 75.053 74.464 74.154 74.061 73.997 74.115 74.092 74.024 73.899 73.836 73.731 73.438 74.942 77.272 77.411 77.577 77.961 76.66 73.139 74.941 71.599 71.406 71.495 71.437 71.481 71.6 71.817 71.714 71.715 71.747 71.772 71.775 71.778 71.822 71.507 72.828
78.293 78.884 78.259 80.653 77.386 75.653 75.4 75.174 75.258 75.513 75.613 75.633 75.687 75.731 75.746 76.297 82.084 81.998 81.113 76.135 75.193 75.109 74.942 74.925 74.872 74.936 75.028 75.078 74.947 74.788 74.79 78.622 80.639 81.284 74.863 74.739 74.804 74.773 75.236 74.263 74.446 74.355 74.058 74.063 74.019 74.077 73.843 73.739 75.978 76.592 76.923 77.049 77.332 77.531 76.93 77.833 76.138 75.652 72.468 71.609 71.986 72.102 71.983 71.894 71.769 71.753 71.807 71.807 71.824 72.163 71.655
76.847 79.745 79.662 76.571 75.938 75.611 75.391 75.56 75.561 75.806 75.91 76.223 75.993 76.016 75.935 76.188 82.371 81.685 77.649 75.628 75.386 75.332 75.165 74.958 74.895 75.077 75.21 75.282 75.119 75.042 75.048 79.63 80.831 81.481 74.914 74.869 74.977 74.96 74.726 75.714 76.408 75.116 74.716 74.973 74.192 74.149 73.924 73.951 74.039 74.667 74.321 77.327 76.649 76.602 77.118 77.199 77.429 77.732 76.59 72.448 72.36 72.405 73.148 74.514 72.156 71.945 71.79 71.881 71.872 72.397 72.321
82.518 83.462 81.251 76.969 76.112 75.86 75.811 76.006 76.095 76.006 76.194 76.322 76.482 76.343 76.152 80.79 82.191 80.98 76.404 75.785 75.575 75.647 75.405 75.096 74.998 75.278 75.39 75.446 75.29 75.397 78.378 81.35 81.469 80.584 75.077 75.097 75.055 75.079 75.049 74.946 74.742 74.77 74.818 78.513 81.27 78.631 75.4 74.129 73.959 74.171 75.928 81.625 74.194 76.476 75.243 76.44 76.519 76.799 74.319 73.141 72.936 72.991 73.801 73.201 73.018 72.372 72.123 71.877 71.88 71.931 72.023
84.949 83.558 80.806 76.727 76.241 76.069 76.356 76.436 76.483 76.446 77.912 76.687 76.78 76.712 76.838 81.26 81.998 81.188 75.997 75.884 75.792 75.807 75.76 75.529 75.423 75.52 75.67 75.665 75.461 75.742 79.83 81.753 82.669 77.618 75.819 76.174 76.102 77.029 76.306 75.296 74.858 74.824 74.791 78.826 81.104 80.29 75.74 74.453 80.05 77.715 87.533 85.479 85.461 77.227 74.532 74.046 74.286 74.609 74.204 73.732 73.556 74.766 74.578 73.45 73.494 72.797 72.493 72.381 72.081 71.944 71.946
80.614 81.671 79.556 76.98 76.421 76.612 76.746 76.889 76.904 76.928 79.288 80.133 77.267 76.796 76.832 77.19 83.126 81.155 75.961 76.152 75.926 76.074 75.876 75.835 75.824 75.844 75.835 75.855 75.68 76.061 80.94 82.138 80.647 76.152 75.99 76.01 77.274 77.548 77.12 75.641 75.981 74.865 74.968 80.121 80.917 78.917 75.146 75.627 83.154 80.573 86.504 77.87 86.132 75.48 74.113 74.117 74.042 74.038 74.193 74.226 74.169 77.306 74.953 77.285 73.596 73.303 74.781 73.037 72.587 72.372 72.018
77.445 78.626 80.458 77.034 76.862 77.047 77.086 77.192 77.172 77.639 79.211 77.74 77.133 77.074 80.418 83.422 83.631 77.147 75.873 76.132 76.586 76.629 76.368 76.479 76.15 76.029 75.917 75.904 76.041 76.284 81.352 82.266 78.715 76.269 76.412 76.129 77.232 76.378 76.32 75.968 75.449 74.819 75.251 81.38 80.592 76.347 74.924 75.116 86.403 85.694 83.466 77.145 81.658 76.024 74.539 74.488 74.232 74.206 74.198 74.241 74.315 74.251 74.889 74.141 73.974 73.751 73.437 73.99 73.182 72.708 72.314
80.442 77.125 77.566 76.918 77.033 77.179 77.388 77.54 77.664 77.599 77.756 77.557 77.353 77.443 82.457 83.262 83.439 83.78 82.176 78.068 77.744 78.459 77.084 76.929 76.623 76.599 76.22 76.256 76.368 79.904 82.711 82.785 78.526 76.423 76.404 76.551 76.453 76.714 76.393 76.268 76.171 75.925 79.784 82.218 80.646 77.999 75.251 75.13 82.136 78.814 82.306 76.957 83.621 76.393 74.92 74.807 74.743 74.647 80.167 79.726 77.485 74.35 74.211 74.244 74.301 74.143 73.967 73.568 73.875 72.871 73.009
77.99 77.519 77.498 77.625 81.321 78.805 77.614 77.604 77.758 77.864 77.912 77.82 78.327 78.223 81.425 82.065 82.612 82.892 83.167 83.46 83.525 82.534 80.719 79.12 80.76 77.47 76.952 76.817 76.964 81.324 83.41 84.19 78.823 78.68 77.192 76.835 77.599 76.479 76.628 76.542 76.413 76.327 80.286 82.382 81.402 76.204 75.462 76.722 82.974 83.125 76.128 75.556 78.569 75.378 75.169 74.976 74.956 77.856 80.462 81.149 75.929 74.578 74.566 74.73 74.265 74.384 74.245 74.052 73.577 73.499 73.285
77.756 77.873 78.112 81.67 84.104 85.051 80.984 78.806 80.499 78.126 78.18 78.184 78.154 77.861 77.566 78.35 78.604 81.272 81.86 82.37 82.779 82.932 83.231 83.369 82.493 83.446 81.923 79.903 77.511 82.739 83.692 81.435 77.97 77.438 77.835 77.451 77.103 76.943 76.824 76.721 76.505 76.499 82.807 82.126 78.609 75.849 75.667 76.439 77.089 77.888 75.952 75.343 75.323 75.418 75.354 75.105 74.937 78.495 80.727 81.298 75.492 74.673 74.601 74.709 75.117 74.309 74.362 74.178 73.961 73.965 73.632
78.149 78.151 78.423 81.342 84.425 84.952 79.066 78.348 81.188 81.344 79.082 78.576 78.568 78.439 78.149 77.86 77.807 77.92 79.897 78.13 80.024 79.633 82.408 82.657 82.982 83.127 83.242 82.23 80.675 83.017 83.784 80.686 77.627 77.616 79.05 80.046 77.277 77.575 77.149 76.802 76.538 77.677 82.628 81.803 80.405 76.087 75.879 76.55 75.64 76.422 75.739 75.662 75.622 75.665 75.444 75.43 75.207 80.119 80.994 80.414 74.881 74.783 74.724 74.752 74.689 76.295 74.359 74.479 74.365 74.251 73.966
78.403 78.518 79.025 83.815 84.749 85.26 78.752 78.64 78.614 80.258 79.084 78.568 78.812 78.744 78.668 78.561 78.429 78.366 78.682 77.95 77.689 77.42 77.824 80.097 79.652 82.23 82.411 78.625 80.431 83.072 84.095 79.074 77.627 77.636 78.302 79.707 78.142 77.591 77.595 77.261 76.666 81.008 82.525 81.512 76.53 76.11 76.035 76.072 76.004 75.876 75.727 75.846 75.966 75.873 75.657 75.72 75.99 81.543 82.215 78.99 75.066 74.86 75.134 74.85 75.116 75.946 81.268 81.318 74.767 74.463 74.282
79.715 79.151 81.272 84.083 84.912 81.766 78.649 78.702 78.8 79.194 78.791 78.725 78.847 79.002 79.054 78.976 78.912 79.928 78.605 78.38 78.129 78.179 77.908 77.549 77.519 77.702 78.482 78.552 78.393 79.77 79.664 78.325 77.929 79 78.376 78.194 77.803 77.81 77.698 77.505 77.42 77.65 83.545 80.94 76.781 76.221 76.222 76.187 76.193 76.21 76.221 76.101 76.081 76.037 75.827 76.04 80.117 81.995 82.646 76.07 75.593 75.43 75.39 75.461 75.27 75.135 79.914 81.45 75.548 74.495 74.55
80.096 81.567 84.032 85.475 85.9 81.299 79.292 79.914 80.196 79.557 79.318 79.897 79.903 79.154 79.317 79.359 79.403 80.49 79.747 79.162 78.943 80.042 78.402 78.045 77.98 77.975 78.494 78.306 78.354 78.206 78.226 78.154 78.559 78.24 79.143 78.683 78.116 78.072 77.942 77.723 77.551 81.364 83.491 78.199 76.206 76.698 76.815 76.627 76.432 80.485 79.398 76.263 76.187 76.119 76.08 76.209 79.89 82.084 82.727 76.094 75.955 75.846 75.747 75.756 75.787 75.175 75.529 74.994 74.938 76.24 74.869
79.553 79.968 84.729 85.878 86.603 80.215 80.239 79.687 80.981 80.179 80.522 82.987 82.384 79.522 79.441 79.54 81.331 83.362 80.823 80.403 81.751 82.159 79.273 78.962 78.687 78.788 78.415 79.043 78.733 78.569 78.549 78.542 78.543 78.472 78.607 78.349 78.576 78.472 78.055 77.872 77.821 83.929 84.034 82.778 79.028 79.747 77.441 77.252 77.178 82.141 79.465 76.561 76.47 76.268 76.429 76.572 81.77 82.445 78.596 76.023 76.06 76.296 75.91 75.84 75.587 76.796 75.922 75.231 75.15 76.123 76.022
79.801 80.406 85.344 86.119 82.383 79.839 79.996 81.961 82.238 80.256 81.245 80.387 80.163 79.86 83.694 84.829 83.375 80.482 80.352 79.892 81.154 81.968 81.39 80 79.52 79.351 79.464 80.981 79.276 79.122 79.17 79.05 79.021 78.947 78.923 78.615 78.65 78.437 78.518 78.996 81.39 83.198 83.274 83.617 83.758 83.312 83.605 82.43 79.899 83.884 78.557 77.362 77.359 76.984 76.952 79.882 83.174 83.926 79.188 76.294 76.328 76.128 77.534 76.073 77.311 76.688 75.679 75.516 75.404 75.281 75.477
81.633 82.412 85.509 86.315 82.333 80.937 81.496 83.648 83.276 81.687 80.061 79.826 80.004 80.454 85.816 86.448 85.592 80.185 79.926 79.945 80.552 79.818 79.967 80.775 79.814 80.029 81.533 80.676 79.678 79.693 79.623 79.581 79.444 79.322 79.051 79.092 78.904 78.826 78.62 78.365 78.85 79.094 85.136 83.479 82.941 83.31 83.309 83.537 83.835 83.954 84.163 82.378 78.421 78.009 77.502 82.155 83.416 83.776 77.197 77.038 76.953 77.065 77.913 76.459 77.87 76.518 76.121 75.637 75.669 75.392 75.649
81.926 85.615 85.907 86.599 80.955 80.098 80.984 83.487 83.371 81.54 80.082 80.148 80.282 81.677 86.779 86.118 84.219 80.754 80.299 80.112 81.238 80.648 80.714 80.127 79.925 80.092 80.138 79.948 79.878 79.773 79.703 79.567 79.493 79.256 79.244 79.338 79.153 79.12 78.857 78.833 78.352 78.071 88.377 81.255 78.62 78.966 81.786 82.595 82.969 83.322 83.328 83.65 84.031 82.565 78.07 82.325 83.611 79.295 77.167 77.094 77.069 77.295 76.747 76.684 76.665 76.408 77.357 76.858 75.509 76.794 82.123
81.018 86.647 87.317 88.049 81.451 80.946 80.853 82.136 81.563 82.619 80.808 80.63 81.384 82.915 86.596 85.868 81.736 80.353 80.345 80.406 80.915 80.569 80.539 80.485 84.062 85.767 83.086 81.715 83.54 80.599 80.887 80.101 80.085 79.851 83.461 81.511 80.75 79.337 79.15 79.092 78.945 84.685 86.79 87.249 78.503 78.059 77.77 77.6 78.099 81.489 81.759 82.798 83.036 82.594 81.168 83.01 83.887 80.661 77.404 77.288 77.148 77.987 77.1 76.859 76.696 76.655 76.945 78.086 76.526 81.423 81.569
82.701 86.73 87.624 83.445 81.287 81.178 81.369 81.868 81.277 83.206 80.95 81.125 81.214 86.1 87.331 85.807 80.707 80.657 80.699 81.007 81.143 80.729 80.658 80.758 87.172 86.556 84.788 80.782 82.765 80.416 80.283 80.202 80.096 79.947 83.721 86.011 85.052 80.239 79.456 79.262 79.26 79.81 84.562 79.11 78.973 78.624 78.774 78.477 79.374 78.11 77.843 78.371 79.135 80.527 79.322 79.22 82.813 78.742 77.614 77.751 77.998 78.939 80.576 77.73 76.999 76.84 76.804 76.707 80.81 82.193 80.996
84.562 87.041 87.703 82.827 81.357 81.372 81.388 82.224 84.391 81.897 81.056 81.26 81.459 88.086 87.267 83.4 81.287 81.101 80.942 83.01 83.32 80.892 80.872 85.135 87.087 86.141 81.921 80.669 81.402 81.936 80.711 80.291 80.208 80.19 86.564 85.806 84.112 79.916 79.626 79.414 79.373 79.36 79.479 79.808 79.513 79.209 78.792 79.083 78.867 78.434 78.384 78.192 80.195 80.616 81.204 77.916 77.861 78.09 77.933 78.013 78.256 79.072 80.147 77.561 77.246 76.966 76.941 82.14 83.08 82.522 80.831
