dsm/se2531_DSM_2M.asc
ncols 500
nrows 500
xllcorner    425000
yllcorner    431000
cellsize     2
NODATA_value -9999
[rows 330 to 362 of 500, columns 370 to 443 of 500]
95.171 92.621 89.025 94.124 94.488 98.165 98.726 98.197 90.924 87.162 86.755 86.557 86.401 86.368 86.343 86.362 86.298 86.295 86.22 86.168 86.091 86.01 85.938 85.844 85.843 85.751 85.715 85.722 85.626 85.635 85.625 85.633 85.681 85.633 85.606 85.673 85.693 85.681 85.746 85.737 85.763 85.82 85.821 85.909 85.919 85.978 86.04 86.076 86.097 86.193 86.21 86.202 86.193 86.145 86.126 86.191 86.177 86.178 86.218 86.319 86.325 86.311 86.308 86.298 86.27 86.33 86.35 86.313 86.351 86.404 86.402 86.429 86.47 86.476
93.11 91.036 96.255 97.051 92.726 93.214 89.167 88.218 88.856 87.241 86.83 86.634 86.482 86.427 86.451 86.478 86.412 86.339 86.293 86.273 86.184 86.165 86.061 86.038 85.985 85.936 85.897 85.913 85.852 85.814 85.861 85.821 85.929 85.868 85.908 85.881 85.905 85.905 85.92 85.916 86.009 85.97 86.038 86.122 86.151 86.181 86.263 86.275 86.358 86.424 86.386 86.434 86.459 86.432 86.35 86.444 86.373 86.421 86.481 86.55 86.568 86.567 86.573 86.586 86.554 86.567 86.567 86.568 86.582 86.627 86.607 86.702 86.741 86.742
94.452 98.604 98.065 98.317 91.277 94.597 88.239 90.149 88.84 87.746 86.989 86.646 86.554 86.524 86.56 86.545 86.517 86.438 86.39 86.363 86.331 86.272 86.194 86.161 86.158 86.072 86.056 86.047 86.032 86.033 86.032 86.013 86.074 86.05 86.098 86.081 86.11 86.095 86.148 86.146 86.251 86.229 86.265 86.425 86.396 86.459 86.502 86.523 86.604 86.69 86.662 86.641 86.657 86.622 86.604 86.584 86.594 86.653 86.707 86.736 86.777 86.749 86.792 86.813 86.766 86.782 86.752 86.76 86.794 86.795 86.865 86.923 86.935 86.989
93.173 99.559 97.08 92.963 89.386 88.904 89.025 88.793 87.667 87.335 87.048 86.758 86.611 86.621 86.65 86.605 86.634 86.559 86.484 86.462 86.425 86.372 86.337 86.295 86.265 86.23 86.278 86.217 86.23 86.197 86.188 86.203 86.195 86.259 86.249 86.218 86.261 86.271 86.287 86.364 86.467 86.468 86.517 86.623 86.639 86.643 86.679 86.737 86.809 86.818 86.844 86.823 86.842 86.832 86.788 86.797 86.76 86.864 86.924 86.923 86.967 86.946 86.972 87.014 86.966 86.972 86.934 86.961 86.979 87.029 87.064 87.155 87.146 87.185
91.014 93.912 91.096 89.473 89.069 88.716 88.322 88.079 87.777 87.489 87.255 86.972 86.756 86.743 86.746 86.762 86.757 86.652 86.574 86.561 86.496 86.489 86.454 86.446 86.41 86.401 86.414 86.405 86.459 86.368 86.416 86.424 86.407 86.419 86.46 86.404 86.425 86.447 86.504 86.617 86.627 86.663 86.748 86.751 86.838 86.868 86.885 86.923 86.979 87.022 87.025 87.069 87.03 87.045 87.029 86.952 86.978 87.021 87.068 87.111 87.121 87.127 87.143 87.151 87.168 87.107 87.122 87.168 87.171 87.21 87.322 87.317 87.379 87.358
90.866 90.452 90.115 89.611 89.263 88.853 88.513 88.257 88.024 87.735 87.464 87.146 86.909 86.858 86.874 86.886 86.837 86.796 86.739 86.684 86.672 86.594 86.599 86.571 86.578 86.579 86.568 86.592 86.637 86.59 86.528 86.551 86.568 86.613 86.599 86.577 86.634 86.666 86.731 86.768 86.831 86.898 86.975 87.003 87.037 87.047 87.058 87.113 87.197 87.169 87.206 87.248 87.267 87.231 87.233 87.178 87.167 87.206 87.245 87.319 87.316 87.302 87.358 87.331 87.363 87.335 87.366 87.358 87.432 87.401 87.486 87.521 87.561 87.567
91.076 90.666 90.252 89.756 89.419 89.031 88.759 88.458 88.211 87.946 87.751 87.402 87.141 87.069 87.013 86.984 86.946 86.948 86.915 86.81 86.778 86.732 86.73 86.697 86.712 86.732 86.717 86.723 86.77 86.744 86.679 86.721 86.76 86.792 86.776 86.791 86.846 86.883 86.943 87.002 87.043 87.063 87.126 87.172 87.186 87.252 87.219 87.241 87.377 87.376 87.404 87.424 87.397 87.452 87.434 87.392 87.446 87.396 87.447 87.47 87.465 87.505 87.545 87.583 87.57 87.569 87.572 87.56 87.611 87.627 87.66 87.731 87.783 87.722
91.368 90.902 90.537 89.949 89.64 89.244 88.953 88.723 88.499 88.274 87.97 87.736 87.441 87.23 87.106 87.102 87.088 87.139 87.059 86.957 86.882 86.851 86.828 86.822 86.849 86.866 86.86 86.899 86.948 86.894 86.864 86.857 86.898 86.971 86.97 86.991 87.054 87.106 87.142 87.197 87.274 87.267 87.304 87.377 87.371 87.422 87.414 87.481 87.522 87.542 87.591 87.604 87.631 87.64 87.597 87.633 87.6 87.594 87.612 87.656 87.619 87.691 87.722 87.729 87.777 87.763 87.788 87.77 87.79 87.821 87.865 87.929 87.96 87.899
91.565 91.187 90.73 90.276 89.929 89.545 89.264 89.118 88.885 88.599 88.379 88.024 87.724 87.403 87.302 87.223 87.21 87.262 87.18 87.091 87.034 86.975 86.984 86.975 86.997 87 87.021 87.074 87.081 87.077 87.078 87.056 87.123 87.166 87.168 87.207 87.218 87.264 87.342 87.367 87.448 87.495 87.506 87.534 87.57 87.588 87.62 87.651 87.68 87.74 87.745 87.786 87.763 87.759 87.789 87.799 87.805 87.793 87.815 87.782 87.801 87.852 87.857 87.914 87.907 87.926 87.95 87.935 87.925 87.967 88.038 88.073 88.089 88.103
91.812 91.393 90.983 90.539 90.256 89.869 89.638 89.494 89.181 88.944 88.654 88.347 88.032 87.661 87.485 87.366 87.37 87.352 87.307 87.237 87.165 87.152 87.093 87.106 87.107 87.163 87.202 87.273 87.272 87.224 87.202 87.254 87.265 87.295 87.327 87.351 87.408 87.454 87.515 87.544 87.612 87.671 87.694 87.744 87.819 87.776 87.8 87.815 87.837 87.848 87.924 87.919 87.923 87.948 87.983 87.993 87.964 87.962 87.937 87.942 87.996 87.988 88.009 88.034 88.064 88.088 88.081 88.102 88.095 88.111 88.196 88.214 88.279 88.298
92.002 91.599 91.205 90.878 90.559 90.224 90.002 89.724 89.478 89.204 88.866 88.523 88.279 87.92 87.67 87.514 87.473 87.464 87.428 87.372 87.314 87.318 87.27 87.276 87.282 87.308 87.362 87.35 87.379 87.369 87.428 87.415 87.42 87.458 87.489 87.529 87.544 87.584 87.705 87.725 87.768 87.856 87.861 87.91 87.989 87.98 88.027 87.993 88.016 88.062 88.08 88.049 88.076 88.106 88.149 88.125 88.103 88.127 88.101 88.151 88.124 88.122 88.171 88.183 88.207 88.263 88.24 88.262 88.269 88.311 88.332 88.392 88.446 88.44
92.148 91.798 91.489 91.137 90.854 90.596 90.335 89.984 89.764 89.431 89.142 88.873 88.542 88.096 87.811 87.652 87.586 87.549 87.568 87.508 87.493 87.456 87.426 87.432 87.448 87.422 87.486 87.527 87.533 87.581 87.58 87.57 87.656 87.624 87.646 87.712 87.734 87.784 87.9 87.894 87.971 87.977 88.031 88.111 88.138 88.175 88.196 88.197 88.214 88.215 88.232 88.196 88.202 88.233 88.252 88.239 88.294 88.262 88.256 88.286 88.275 88.273 88.257 88.291 88.366 88.396 88.424 88.422 88.416 88.482 88.508 88.543 88.617 88.605
92.335 92.028 91.756 91.439 91.157 90.869 90.603 90.292 90.037 89.704 89.38 89.075 88.769 88.395 87.953 87.783 87.724 87.7 87.652 87.637 87.6 87.591 87.599 87.616 87.588 87.616 87.661 87.694 87.691 87.748 87.742 87.746 87.789 87.821 87.829 87.878 87.919 87.976 88.077 88.085 88.127 88.149 88.214 88.323 88.301 88.376 88.403 88.362 88.403 88.386 88.372 88.393 88.363 88.382 88.4 88.37 88.39 88.397 88.408 88.468 88.43 88.433 88.455 88.464 88.476 88.498 88.532 88.569 88.592 88.641 88.675 88.745 88.749 88.765
92.449 92.25 91.974 91.729 91.443 91.15 90.82 90.555 90.259 89.999 89.662 89.325 88.947 88.595 88.197 87.952 87.828 87.792 87.777 87.796 87.792 87.745 87.74 87.755 87.765 87.755 87.794 87.797 87.835 87.927 87.942 87.966 87.984 87.981 88.032 88.049 88.13 88.199 88.26 88.249 88.348 88.341 88.408 88.527 88.507 88.543 88.549 88.562 88.585 88.558 88.544 88.535 88.535 88.564 88.539 88.581 88.57 88.512 88.557 88.544 88.574 88.6 88.574 88.639 88.638 88.647 88.698 88.709 88.748 88.794 88.85 88.914 88.927 88.923
92.571 92.35 92.131 91.899 91.657 91.387 91.095 90.807 90.478 90.213 89.906 89.538 89.087 88.778 88.476 88.121 87.932 87.874 87.914 87.899 87.953 87.888 87.886 87.882 87.877 87.905 87.938 87.971 88.03 88.103 88.137 88.095 88.124 88.176 88.225 88.188 88.265 88.325 88.433 88.464 88.488 88.521 88.572 88.625 88.666 88.721 88.695 88.685 88.73 88.711 88.746 88.725 88.709 88.734 88.719 88.675 88.702 88.681 88.694 88.694 88.706 88.705 88.714 88.806 88.773 88.804 88.834 88.871 88.912 88.955 89.052 89.091 89.115 89.039
92.652 92.488 92.219 92.008 91.833 91.6 91.338 91.046 90.739 90.422 90.156 89.789 89.378 88.987 88.621 88.233 88.074 88.013 87.991 88.01 88.112 88.013 88.013 88.004 87.986 88.024 88.087 88.122 88.197 88.188 88.237 88.327 88.264 88.315 88.329 88.367 88.418 88.485 88.615 88.608 88.652 88.709 88.788 88.777 88.857 88.847 88.863 88.893 88.886 88.89 88.865 88.917 88.883 88.898 88.863 88.86 88.828 88.831 88.85 88.864 88.91 88.861 88.903 88.901 88.896 88.947 88.967 89.028 89.089 89.127 89.198 89.248 89.252 89.232
92.74 92.569 92.347 92.185 91.952 91.776 91.464 91.239 90.968 90.612 90.356 90.032 89.58 89.195 88.77 88.427 88.168 88.152 88.116 88.141 88.164 88.176 88.138 88.144 88.124 88.203 88.214 88.234 88.306 88.338 88.384 88.465 88.468 88.519 88.488 88.546 88.604 88.686 88.748 88.825 88.82 88.879 88.936 88.962 89.04 89.057 89.052 89.088 89.041 89.041 89.024 89.059 89.048 88.987 89.039 89.073 89.009 89.091 89.041 89.077 89.084 89.043 89.054 89.077 89.094 89.104 89.102 89.169 89.185 89.305 89.309 89.367 89.405 89.373
92.735 92.609 92.447 92.297 92.078 91.877 91.633 91.4 91.129 90.815 90.561 90.122 89.798 89.392 89.003 88.566 88.331 88.262 88.245 88.263 88.276 88.274 88.281 88.275 88.318 88.365 88.381 88.406 88.43 88.488 88.536 88.6 88.685 88.741 88.683 88.723 88.826 88.837 88.921 89.035 89.013 89.133 89.171 89.2 89.255 89.245 89.231 89.269 89.237 89.256 89.221 89.287 89.279 89.305 89.256 89.326 89.317 89.274 89.257 89.263 89.264 89.214 89.229 89.235 89.236 89.305 89.302 89.335 89.369 89.475 89.461 89.533 89.549 89.539
92.823 92.703 92.496 92.348 92.194 91.988 91.788 91.546 91.276 91 90.672 90.276 89.884 89.477 89.139 88.701 88.461 88.353 88.335 88.358 88.366 88.458 88.418 88.418 88.497 88.5 88.53 88.545 88.58 88.654 88.76 88.766 88.846 88.939 88.889 88.927 88.994 89.083 89.144 89.242 89.234 89.315 89.374 89.432 89.417 89.442 89.458 89.483 89.498 89.49 89.485 89.558 89.528 89.508 89.481 89.471 89.443 89.42 89.453 89.428 89.39 89.468 89.426 89.421 89.415 89.422 89.503 89.479 89.516 89.565 89.616 89.658 89.673 89.706
92.851 92.749 92.567 92.384 92.275 92.074 91.884 91.658 91.378 91.142 90.744 90.461 90.072 89.579 89.228 88.794 88.497 88.469 88.447 88.447 88.485 88.58 88.555 88.555 88.666 88.71 88.699 88.765 88.743 88.835 88.907 89.002 89.075 89.056 89.073 89.151 89.202 89.264 89.356 89.409 89.492 89.579 89.609 89.645 89.642 89.656 89.673 89.658 89.667 89.647 89.66 89.679 89.643 89.685 89.725 89.663 89.722 89.68 89.725 89.664 89.664 89.636 89.634 89.611 89.581 89.593 89.663 89.641 89.72 89.726 89.773 89.802 89.866 89.865
92.911 92.766 92.594 92.492 92.351 92.137 92 91.727 91.4 91.219 90.917 90.499 90.115 89.747 89.317 88.876 88.615 88.523 88.507 88.521 88.604 88.703 88.693 88.715 88.776 88.821 88.894 88.917 88.919 89.02 89.088 89.197 89.273 89.249 89.308 89.359 89.415 89.474 89.531 89.61 89.698 89.702 89.79 89.845 89.807 89.831 89.853 89.855 89.86 89.825 89.864 89.854 89.886 89.901 89.889 89.908 89.915 89.91 89.896 89.871 89.891 89.828 89.825 89.816 89.835 89.864 89.866 89.944 89.919 89.96 90.002 90.031 90.091 90.063
92.968 92.807 92.687 92.526 92.367 92.208 92.033 91.832 91.547 91.278 90.912 90.544 90.182 89.768 89.34 88.998 88.656 88.558 88.56 88.605 88.67 88.8 88.841 88.865 88.943 88.98 89.027 89.081 89.131 89.194 89.238 89.348 89.487 89.452 89.499 89.552 89.584 89.653 89.699 89.788 89.87 89.897 89.996 90.006 90.053 90.076 90.047 90.068 90.103 90.091 90.068 90.036 90.082 90.07 90.107 90.115 90.071 90.022 90.026 90.091 90.084 90.124 90.125 90.049 90.092 90.086 90.112 90.127 90.131 90.157 90.162 90.204 90.218 90.228
93.089 92.923 92.736 92.564 92.421 92.277 92.105 91.889 91.558 91.26 90.949 90.65 90.319 89.937 89.419 89.049 88.753 88.603 88.639 88.675 88.817 88.93 88.984 89.054 89.048 89.148 89.273 89.261 89.289 89.331 89.446 89.559 89.605 89.682 89.692 89.746 89.763 89.891 89.916 89.976 90.078 90.101 90.138 90.148 90.202 90.208 90.194 90.208 90.203 90.231 90.259 90.267 90.308 90.294 90.307 90.302 90.306 90.304 90.25 90.292 90.25 90.304 90.313 90.307 90.27 90.267 90.293 90.282 90.329 90.336 90.348 90.343 90.369 90.418
93.214 93.012 92.803 92.637 92.474 92.325 92.181 91.953 91.645 91.271 91.021 90.706 90.269 89.864 89.436 89.096 88.877 88.775 88.719 88.774 88.906 89.068 89.169 89.277 89.238 89.305 89.463 89.452 89.498 89.539 89.64 89.716 89.742 89.866 89.878 89.961 89.987 90.07 90.097 90.222 90.228 90.302 90.361 90.385 90.474 90.449 90.44 90.472 90.487 90.507 90.489 90.508 90.524 90.489 90.515 90.497 90.547 90.512 90.5 90.491 90.461 90.45 90.441 90.438 90.452 90.48 90.478 90.478 90.509 90.508 90.553 90.504 90.572 90.584
93.284 93.094 92.924 92.722 92.586 92.418 92.264 91.976 91.729 91.376 91.076 90.668 90.358 89.945 89.549 89.257 89.06 88.972 88.854 88.854 89.019 89.192 89.379 89.469 89.455 89.497 89.578 89.653 89.681 89.743 89.794 89.883 89.97 90.093 90.097 90.12 90.217 90.226 90.321 90.448 90.43 90.5 90.522 90.568 90.614 90.613 90.612 90.62 90.684 90.693 90.678 90.739 90.69 90.762 90.786 90.734 90.762 90.685 90.684 90.621 90.597 90.58 90.576 90.661 90.654 90.674 90.697 90.742 90.711 90.746 90.752 90.697 90.76 90.739
93.419 93.238 93.013 92.803 92.706 92.525 92.327 92.11 91.768 91.465 91.052 90.701 90.349 90.038 89.72 89.426 89.258 89.185 89.087 89.081 89.305 89.41 89.564 89.661 89.66 89.688 89.734 89.822 89.883 89.897 89.977 90.057 90.139 90.212 90.249 90.31 90.379 90.412 90.574 90.599 90.662 90.763 90.788 90.902 90.82 90.838 90.845 90.873 90.984 90.946 90.972 91.051 91.015 91.019 91.004 90.944 90.902 90.873 90.908 90.889 90.886 90.835 90.889 90.875 90.879 90.899 90.926 90.972 90.916 90.967 90.909 90.948 90.978 90.919
93.5 93.344 93.148 93.015 92.835 92.668 92.428 92.208 91.764 91.435 91.154 90.808 90.438 90.1 89.748 89.516 89.45 89.381 89.344 89.435 89.504 89.68 89.86 89.931 89.861 89.886 89.899 89.99 90.073 90.116 90.175 90.214 90.329 90.472 90.535 90.614 90.684 90.726 90.839 90.839 90.905 90.947 91.024 91.087 91.082 91.09 91.06 91.12 91.276 91.251 91.255 91.231 91.248 91.228 91.214 91.209 91.111 91.194 91.103 91.136 91.165 91.089 91.132 91.098 91.116 91.072 91.094 91.141 91.098 91.115 91.103 91.126 91.111 91.115
93.627 93.412 93.244 93.072 92.939 92.702 92.504 92.256 91.828 91.553 91.237 90.817 90.532 90.283 89.964 89.754 89.638 89.615 89.598 89.728 89.822 90.007 90.38 90.043 90.016 90.026 90.142 90.181 90.226 90.286 90.398 90.438 90.524 90.641 90.738 90.858 90.922 91.006 91.091 91.076 91.162 91.204 91.313 91.297 91.322 91.362 91.341 91.423 91.471 91.502 91.516 91.473 91.528 91.484 91.508 91.43 91.473 91.448 91.437 91.463 91.408 91.393 91.338 91.371 91.372 91.255 91.322 91.284 91.304 91.234 91.266 91.293 91.301 91.448
93.74 93.551 93.355 93.212 93.105 92.851 92.579 92.279 91.883 91.608 91.268 90.965 90.663 90.29 90.071 89.922 89.919 89.903 89.915 90.045 90.165 90.345 90.855 90.205 90.217 90.209 90.33 90.348 90.414 90.526 90.543 90.634 90.767 90.859 90.975 91.016 91.082 91.132 91.209 91.266 91.279 91.372 91.419 91.455 91.544 91.519 91.549 91.59 91.638 91.742 91.678 91.704 91.693 91.691 91.736 91.679 91.643 91.627 91.619 91.594 91.561 91.547 91.58 91.622 91.561 91.572 91.515 91.507 91.501 91.425 91.476 91.456 91.517 91.502
93.845 93.645 93.477 93.305 93.151 92.925 92.645 92.329 91.997 91.65 91.278 91.028 90.742 90.392 90.218 90.083 90.101 90.119 90.241 90.357 90.451 90.574 90.764 90.341 90.347 90.409 90.507 90.54 90.598 90.753 90.789 90.91 91.045 91.062 91.176 91.209 91.218 91.257 91.295 91.368 91.398 91.52 91.638 91.67 91.747 91.692 91.761 91.78 91.82 91.856 91.869 91.89 91.822 91.866 91.838 91.819 91.825 91.811 91.857 91.781 91.828 91.755 91.77 91.781 91.744 91.826 91.782 91.799 91.745 91.757 91.709 91.688 91.78 91.786
93.935 93.77 93.529 93.406 93.237 93.001 92.695 92.409 92.054 91.76 91.39 91.104 90.778 90.548 90.354 90.301 90.278 90.337 90.43 90.518 90.761 90.782 90.814 90.483 90.465 90.557 90.678 90.776 90.859 90.957 91.05 91.197 91.238 91.362 91.379 91.418 91.508 91.48 91.56 91.603 91.659 91.846 91.824 91.871 91.913 91.954 92.045 92.072 92.117 92.053 92.099 92.093 92.094 92.094 92.079 92.134 92.076 92.115 92.071 92.08 92.119 92.056 92.031 91.954 91.96 91.945 91.958 91.979 91.943 92.01 91.951 92.011 91.978 92.058
94.076 93.85 93.658 93.465 93.26 93.043 92.789 92.441 92.084 91.817 91.448 91.097 90.823 90.661 90.496 90.424 90.452 90.515 90.592 90.776 90.934 90.908 90.866 90.657 90.62 90.769 90.785 90.952 91.098 91.118 91.284 91.423 91.446 91.577 91.651 91.721 91.814 91.803 91.973 91.919 92.043 92.079 92.083 92.142 92.115 92.17 92.193 92.208 92.227 92.209 92.246 92.234 92.214 92.205 92.277 92.256 92.211 92.261 92.236 92.287 92.259 92.287 92.236 92.222 92.231 92.188 92.24 92.143 92.193 92.18 92.195 92.165 92.171 92.191
94.12 93.964 93.735 93.507 93.299 93.07 92.773 92.439 92.147 91.774 91.472 91.187 90.848 90.72 90.645 90.579 90.573 90.708 90.881 91.027 91.038 91.067 90.943 90.822 90.818 90.888 90.934 91.07 91.223 91.319 91.53 91.585 91.669 91.823 91.866 91.968 92.003 92.088 92.157 92.163 92.241 92.268 92.333 92.329 92.284 92.344 92.316 92.424 92.377 92.428 92.402 92.427 92.43 92.448 92.438 92.413 92.47 92.477 92.442 92.471 92.458 92.497 92.439 92.463 92.441 92.443 92.439 92.424 92.451 92.392 92.423 92.359 92.361 92.39
