dsm/se2537_DSM_2M.asc
ncols 500
nrows 500
xllcorner    425000
yllcorner    437000
cellsize     2
NODATA_value -9999
[rows 31 to 61 of 500, columns 70 to 139 of 500]
81.603 81.626 81.466 81.512 81.575 81.54 81.513 81.504 81.632 81.686 81.505 81.522 81.612 81.588 81.493 81.387 81.394 81.386 81.355 81.365 81.308 81.236 81.251 81.533 81.396 81.244 81.255 81.644 83.674 83.29 81.373 81.225 83.581 84.415 82.658 80.573 80.098 79.783 79.303 78.824 78.206 77.622 77.08 78.541 80.554 77.099 82.027 83.675 80.862 79.203 75.327 74.19 73.971 74.013 73.935 73.838 73.762 73.712 73.839 73.875 73.865 73.89 73.885 73.664 73.482 73.595 73.61 73.786 73.742 73.702
81.525 81.407 81.36 81.511 81.53 81.562 81.532 81.467 81.46 81.426 81.475 81.505 81.524 81.452 81.408 81.386 81.305 81.287 81.348 81.181 81.367 81.572 81.956 82.906 82.263 81.315 81.289 82.096 82.691 81.364 80.931 80.816 81.871 81.256 80.569 80.311 80.142 79.755 79.426 78.95 78.191 77.618 78.056 79.152 80.496 77.299 81.493 80.132 78.47 76.36 74.795 74.216 74.084 74.037 73.999 73.915 73.869 73.683 73.749 73.849 73.844 73.845 73.815 73.709 73.614 73.632 73.636 73.721 73.707 73.659
81.411 81.299 81.473 81.578 81.42 81.512 81.483 81.544 81.497 81.45 81.389 81.395 81.374 81.373 81.364 81.289 81.257 81.111 81.204 81.312 81.997 83.966 85.268 85.214 84.046 82.482 81.38 81.537 81.369 81.036 80.763 80.717 80.704 80.675 80.417 80.148 79.915 79.576 79.14 78.471 78.023 77.703 78.228 79.297 80.735 80.818 78.811 77.663 77.066 74.623 74.215 74.219 74.195 74.127 73.956 73.883 73.772 73.743 73.71 73.764 73.788 73.801 73.741 73.673 73.623 73.62 73.62 73.673 73.644 73.621
81.468 81.495 81.579 81.687 81.713 81.478 81.362 81.538 81.482 81.367 81.449 81.36 81.16 81.179 81.189 81.194 81.177 81.086 81.161 81.746 83.213 85.187 86.941 86.806 84.025 81.815 81.136 81.141 81.157 80.972 80.811 80.731 80.602 80.37 80.186 80.027 79.783 79.357 78.98 78.349 77.815 77.039 77.256 77.197 79.424 79.051 79.516 78.851 76.406 74.81 74.184 74.216 74.161 74.259 73.999 73.884 73.786 73.745 73.751 73.763 73.755 73.767 73.681 73.605 73.579 73.565 73.556 73.632 73.601 73.634
81.509 81.428 81.65 81.889 81.693 81.436 81.383 81.593 81.484 81.149 81.336 81.426 81.137 81.062 80.993 81.157 81.34 81.249 81.162 81.3 83.137 85.285 87.222 86.98 86.651 84.326 81.439 81.037 80.946 80.887 80.794 80.62 80.465 80.359 80.167 79.992 79.732 79.348 78.702 78.436 77.722 77.464 78.06 78.113 78.033 79.4 79.022 78.111 76.501 74.788 74.206 74.229 74.14 74.068 73.94 73.871 73.825 73.732 73.78 73.799 73.763 73.761 73.711 73.554 73.539 73.543 73.522 73.598 73.568 73.671
81.412 81.407 81.564 81.662 81.545 81.434 81.462 81.722 82.024 81.948 81.682 81.552 81.325 81.171 81.062 81.337 81.606 81.284 81.11 81.071 81.68 84.018 86.413 86.914 87.223 84.854 81.073 80.907 80.709 80.717 80.623 80.505 80.411 80.294 80.114 79.918 79.706 79.458 78.724 78.917 78.213 77.709 77.2 78.014 78.212 79.915 79.183 76.851 76.066 75.044 74.374 74.114 73.955 73.975 73.934 73.879 73.774 73.749 73.772 73.778 73.751 73.737 73.744 73.655 73.569 73.496 73.429 73.487 73.48 73.513
81.352 81.251 81.439 81.512 81.473 81.42 81.219 81.367 82.25 83.552 82.493 81.739 81.407 81.361 81.272 81.335 81.456 81.462 81.419 81.54 82.016 83.677 84.597 84.739 84.857 82.27 80.893 80.725 80.666 80.608 80.499 80.431 80.287 80.214 80.092 79.905 79.656 79.206 79.195 80.696 80.307 80.065 78.892 79.015 78.01 79.653 78.865 76.077 76.509 75.376 74.343 74.01 73.997 73.978 73.973 73.976 73.947 73.815 73.735 73.773 73.793 73.726 73.796 73.699 73.585 73.513 73.478 73.478 73.451 73.484
81.272 81.318 81.439 81.44 81.395 81.356 81.314 81.207 81.312 82.715 82.4 81.589 81.393 81.394 -9999 -9999 -9999 83.01 83.069 83.061 83.054 83.124 82.993 82.177 81.214 81.1 80.613 80.428 80.494 80.327 80.351 80.277 80.092 80.186 80.093 79.911 79.739 79.123 79.03 80.867 81.235 80.958 81.077 81.28 81.041 81.784 83.34 79.575 77.747 75.741 74.344 74.026 74.007 73.981 74.001 73.99 73.893 73.812 73.845 73.967 73.922 73.825 73.862 73.772 73.599 73.51 73.494 73.448 73.445 73.497
81.174 81.252 81.334 81.323 81.317 81.333 81.256 81.065 81.196 81.631 81.357 80.946 81.145 -9999 82.596 -9999 83.655 83.758 83.692 83.681 83.456 83.05 81.909 80.772 80.807 80.601 80.133 80.11 80.191 80.174 80.164 80.153 80.081 80.087 80.082 80.1 80.407 79.583 78.602 78.926 81.11 80.717 80.658 81.351 81.939 82.912 81.28 79.678 76.767 75.999 74.811 74.095 74.033 74.014 74.056 73.991 73.876 73.83 73.838 73.749 73.819 73.84 73.733 73.671 73.554 73.605 73.521 73.337 73.383 73.463
81.241 81.24 81.217 81.193 81.143 81.132 81.029 80.814 80.844 80.726 80.768 80.654 81.134 82.261 83.278 83.502 83.509 83.694 83.849 83.896 83.582 83.107 82.019 81.392 80.969 80.408 80.079 80.006 79.974 80.003 80.035 80.058 80.029 79.931 79.983 80.286 81.338 82.25 80.127 81.205 82.389 80.031 77.489 76.785 79.222 82.372 82.089 79.536 77.031 76.548 75.39 74.094 74.014 74.044 74.12 74.019 73.885 73.794 73.495 73.663 73.826 73.726 73.608 73.638 73.652 73.623 73.525 73.418 73.401 73.433
81.316 81.196 81.119 81.085 80.998 80.817 80.901 80.824 80.746 80.768 80.757 80.826 81.925 83.171 83.602 83.501 83.411 83.553 83.755 83.875 83.554 83.4 82.52 81.814 81.759 80.874 80.209 80.022 79.894 79.905 79.944 79.912 79.847 79.845 79.833 80.042 81.699 82.806 81.205 81.239 82.011 80.079 76.772 76.061 76.628 79.582 81.496 82.921 80.605 78.376 76.974 75.596 74.309 74.155 74.049 73.904 73.869 73.84 73.657 73.627 73.65 73.7 73.69 73.715 73.739 73.584 73.525 73.484 73.426 73.465
81.195 80.975 80.992 80.995 81.011 80.883 80.942 80.826 80.77 80.885 81.12 81.48 82.758 83.584 83.599 83.461 83.389 83.554 83.792 83.888 83.604 83.343 83.03 82.781 82.758 82.234 81.03 80.037 79.845 79.791 79.888 79.866 79.807 79.788 79.923 81.27 82.611 84.51 81.451 79.901 80.238 78.03 76.573 76.159 76.055 78.14 79.888 82.069 81.513 80.62 77.931 77.18 74.824 74.159 74.052 74.002 73.946 73.853 73.734 73.762 73.818 73.746 73.683 73.666 73.575 73.549 73.484 73.483 73.411 73.576
81.141 80.966 80.936 80.958 80.967 80.838 80.694 80.696 80.744 80.914 81.537 82.045 83.194 83.581 83.6 83.519 83.927 84.008 84.127 84.14 83.959 83.93 84.02 83.934 83.262 83.218 82.193 80.427 79.857 79.682 79.776 79.781 79.786 79.836 80.693 82.396 83.323 81.738 82.186 81.801 79.476 77.459 76.483 76.233 76.324 77.033 77.752 78.1 80.693 79.83 77.23 75.368 74.531 74.22 74.055 74.121 74.067 73.869 73.818 73.866 73.888 73.87 73.709 73.496 73.466 73.587 73.572 73.548 73.737 74.509
80.932 80.939 80.909 80.978 80.893 80.736 80.565 80.667 80.75 80.873 81.364 82.42 83.272 83.505 83.737 83.882 84.429 84.306 84.788 85.279 85.589 86.924 85.432 85.569 83.708 83.394 82.521 80.55 80.003 79.754 79.712 79.732 79.699 79.813 80.746 82.665 83.669 83.049 84.574 84.173 82.269 78.159 76.315 76.727 77.938 77.353 76.859 78.349 82.177 79.046 76.081 74.71 74.481 74.349 74.276 74.303 74.165 73.982 73.924 73.885 73.965 73.968 73.723 73.655 73.664 73.79 73.769 73.972 74.679 76.379
80.974 80.965 80.868 80.906 80.809 80.703 80.619 80.627 80.752 80.871 81.696 82.838 83.422 83.482 83.958 84.245 84.423 84.976 86.05 86.797 87.856 88.364 86.977 85.33 83.459 82.398 82.243 80.743 79.895 79.678 79.58 79.631 79.59 79.624 80.162 81.47 83.539 83.686 82.511 84.327 81.081 77.955 77.867 79.281 81.505 78.763 77.779 78.305 78.118 77.609 75.551 74.869 74.642 74.514 74.428 74.358 74.264 74.079 73.986 74.004 74.169 74.075 73.937 74.027 74.461 74.887 74.774 75.284 76.6 76.82
80.97 80.954 80.949 80.852 80.765 80.704 80.605 80.508 80.757 81.166 82.826 83.401 83.693 83.964 84.323 84.515 85.283 84.878 86.808 87.649 89.131 89.573 88.45 85.833 82.823 81.97 81.626 80.503 79.921 79.735 79.633 79.578 79.512 79.514 79.458 79.797 82.837 85.397 83.187 79.606 80.304 79.239 78.187 82.696 80.848 79.753 78.778 77.783 76.215 75.871 75.15 74.797 74.742 74.58 74.531 74.423 74.293 74.194 74.326 74.333 74.534 74.315 74.881 75.557 75.721 75.712 76.359 77.198 77.578 77.055
80.931 80.965 80.949 80.741 80.738 80.711 80.798 80.665 80.649 80.915 82.257 83.367 83.823 84.306 85.311 86.274 87.252 86.817 87.337 88.653 89.855 90.091 88.201 85.783 83.154 81.015 81.129 80.412 79.818 79.707 79.616 79.521 79.467 79.403 79.312 79.332 80.913 81.617 80.394 80.121 80.436 79.394 78.635 80.93 82.443 80.746 78.847 78.696 80.546 76.016 75.369 74.974 74.795 74.792 74.728 74.609 74.541 75.012 75.53 75.362 75.045 75.55 76.172 76.146 76.114 76.868 77.293 77.454 77.625 77.476
-9999 80.839 80.778 80.708 80.708 80.773 80.767 80.694 80.649 80.718 81.16 82.474 83.606 84.384 88.279 88.12 88.122 88.136 88.791 88.998 89.293 88.839 87.444 86.352 83.702 81.367 80.37 80.093 79.7 79.569 79.58 79.516 79.456 79.375 79.319 79.32 79.685 81.159 80.669 82.222 79.866 78.499 78.796 77.997 79.472 80.995 78.337 76.609 77.939 76.457 75.388 75.156 74.832 74.864 74.835 74.779 75.09 75.612 75.684 75.798 76.041 76.268 76.415 76.714 76.833 77.077 77.344 77.512 77.61 77.56
-9999 80.79 80.761 80.757 80.717 80.652 80.635 80.654 80.627 80.563 80.808 81.058 81.751 82.512 84.782 86.754 88.335 88.551 89.093 88.38 88.381 88.233 86.872 85.373 83.729 81.578 80.556 79.908 79.627 79.51 79.552 79.519 79.536 79.404 79.357 79.326 79.655 80.584 80.335 79.719 77.606 76.888 77.415 77.511 78.255 78.406 76.738 76.272 75.652 75.161 75.255 75.098 74.863 74.859 75.017 75.222 75.406 75.626 76.146 76.813 76.552 76.65 77.095 77.37 77.274 77.406 77.972 77.941 77.821 77.759
-9999 80.771 80.779 80.783 80.704 80.563 80.557 80.572 80.611 80.547 80.665 80.671 80.807 81.086 82.157 84.69 86.565 87.325 85.902 85.963 86.863 86.115 85.891 84.615 82.738 82.417 80.85 80.01 79.597 79.556 79.592 79.58 79.381 79.274 79.175 79.252 79.476 80.059 80.141 79.091 78.235 77.881 77.412 77.678 77.574 77.912 76.536 76.05 75.49 75.458 75.851 75.534 75.565 77.839 78.056 77.262 76.323 77.175 77.672 77.199 77.386 78.025 78.064 77.908 78.002 77.925 78.109 78.015 77.834 77.78
-9999 -9999 80.725 80.702 80.761 80.665 80.541 80.423 80.626 80.577 80.638 80.704 80.683 80.711 81.198 84.002 84.498 84.611 84.393 84.45 84.999 84.076 84.335 82.356 80.979 80.93 79.851 79.891 79.61 79.566 79.578 79.487 79.248 79.135 79.039 79.09 79.451 80.077 80.213 79.226 79.028 80.236 77.873 77.733 78.73 78.499 76.488 75.909 75.939 76.277 76.549 76.231 77.295 79.517 83.768 79.188 78.026 78.243 78.156 78.218 78.089 78.266 78.181 78.128 77.99 77.908 77.978 77.94 77.823 77.674
-9999 -9999 80.71 80.641 80.609 80.66 80.528 80.369 80.434 80.547 80.633 80.59 80.562 80.542 80.8 80.958 81.154 81.719 84.271 83.639 83.383 83.523 83.713 81.71 79.937 79.905 79.673 79.613 79.468 79.493 79.494 79.304 79.172 79.087 79.061 79.076 79.197 79.534 79.643 79.332 79.23 79.132 77.792 77.778 79.358 79.382 77.93 77.543 77.208 77.368 77.397 78 78.593 79.537 81.532 79.824 78.718 78.442 78.451 78.22 78.171 78.129 77.981 78.017 77.99 77.966 77.868 77.897 77.853 77.586
-9999 -9999 -9999 80.635 80.651 80.743 80.455 80.383 80.479 80.459 80.368 80.387 80.371 80.384 80.462 80.505 80.56 80.953 81.119 81.203 81.163 81.374 81.615 80.964 80.102 79.694 79.56 79.458 79.441 79.419 79.388 79.213 79.137 79.13 79.097 79.053 79.109 79.309 79.453 79.424 79.514 79.734 78.903 78.066 79.633 79.623 80.169 80.711 80.029 78.576 78.657 78.732 78.691 78.666 78.711 78.489 78.494 78.25 78.159 78.091 78.133 78.102 78.076 78.046 77.889 77.869 77.829 77.846 77.74 77.485
-9999 -9999 -9999 -9999 80.613 80.598 80.531 80.511 80.502 80.437 80.261 80.383 80.434 80.297 80.355 80.389 80.46 80.517 80.699 80.66 80.551 80.571 80.711 80.554 80.033 79.671 79.537 79.376 79.412 79.369 79.324 79.253 79.211 79.187 79.169 79.121 79.09 79.043 79.135 80.349 81.431 82.865 79.391 78.92 79.388 79.587 80.677 80.614 79.837 78.647 78.955 78.785 78.652 78.387 78.189 78.305 78.328 78.311 78.103 78.09 78.104 78.028 77.984 77.993 77.921 77.826 77.711 77.768 77.622 77.367
-9999 -9999 -9999 -9999 -9999 -9999 80.553 80.571 80.519 80.429 80.35 80.37 80.33 80.175 80.288 80.331 80.341 80.36 80.303 80.199 80.154 80.332 80.459 80.362 80.005 79.701 79.618 79.488 79.402 79.339 79.318 79.282 79.326 79.257 79.207 79.174 79.135 78.994 79.23 81.199 81.7 82.93 81.814 79.104 80.451 79.807 79.09 78.854 78.647 78.514 78.678 78.563 78.506 78.419 78.314 78.328 79.703 80.346 78.318 78.119 77.988 77.917 77.945 77.97 77.97 77.827 77.725 77.698 77.561 77.411
-9999 -9999 -9999 -9999 -9999 -9999 -9999 80.512 80.468 80.422 80.382 80.359 80.304 80.253 80.289 80.361 80.256 80.237 80.21 80.159 80.158 80.199 80.19 80.062 79.92 79.743 79.583 79.481 79.441 79.356 79.301 79.275 79.309 79.25 79.104 79.126 79.17 79.034 79.254 79.889 82.376 81.987 80.396 79.267 79.852 78.87 78.467 78.45 78.512 78.658 79.043 78.451 78.39 78.328 78.337 78.397 78.641 78.863 78.583 78.154 77.99 77.984 77.941 77.955 77.917 77.816 77.768 -9999 -9999 -9999
-9999 -9999 -9999 -9999 -9999 -9999 -9999 -9999 80.45 80.401 80.349 80.348 80.236 80.279 80.388 80.387 80.394 80.216 80.092 80.092 80.063 79.929 79.889 79.879 79.805 79.68 79.467 79.442 79.417 79.36 79.322 79.238 79.317 79.324 79.079 79.06 79.07 79.014 78.991 79.299 80.178 79.319 78.89 78.807 78.907 78.65 78.552 78.679 78.578 79.235 79.845 78.436 78.235 78.401 78.286 78.021 78.186 78.225 78.157 78.172 77.98 77.968 -9999 -9999 -9999 -9999 -9999 -9999 -9999 77.76
-9999 -9999 -9999 -9999 -9999 -9999 -9999 -9999 -9999 -9999 80.342 80.329 80.295 80.453 80.442 80.552 80.488 80.158 80.009 80.012 79.962 79.873 79.753 79.759 79.713 79.666 79.536 79.449 79.39 79.351 79.429 79.314 79.27 79.432 79.243 79.068 79.069 79.066 79.174 79.536 79.069 78.861 78.764 78.716 78.607 78.497 78.466 78.422 78.563 78.615 78.698 78.397 78.321 78.396 78.267 78.1 78.025 78.191 78.111 -9999 -9999 -9999 -9999 -9999 -9999 -9999 -9999 -9999 77.861 77.851
-9999 -9999 -9999 -9999 -9999 -9999 -9999 -9999 -9999 -9999 -9999 -9999 80.378 80.461 80.487 80.476 80.303 80.102 80.035 79.996 80.041 79.833 79.814 79.671 79.627 79.663 79.585 79.482 79.381 79.406 79.337 79.113 79.131 79.193 79.158 79.029 79.061 79.104 79.009 79.799 79.085 78.632 78.702 78.673 78.558 78.505 78.753 79.637 78.854 78.573 78.478 78.434 78.317 78.333 78.274 78.186 -9999 -9999 -9999 -9999 -9999 -9999 -9999 77.965 77.932 77.837 77.816 77.838 77.858 77.842
-9999 -9999 -9999 -9999 -9999 -9999 -9999 -9999 -9999 -9999 -9999 -9999 -9999 80.462 80.442 80.369 80.271 80.108 80.039 80 79.871 79.889 79.975 79.763 79.539 79.481 79.455 79.458 79.566 79.668 79.206 79.15 79.067 79.061 79.189 79.093 78.983 78.898 78.854 78.859 78.806 78.69 78.763 78.686 78.432 78.515 78.96 79.548 78.993 78.611 78.329 78.278 78.331 78.335 78.261 -9999 -9999 -9999 78.063 78.034 78.035 -9999 78.077 78.032 77.936 77.853 77.82 77.827 77.851 77.902
-9999 -9999 -9999 -9999 -9999 -9999 -9999 -9999 -9999 -9999 -9999 -9999 -9999 -9999 80.401 80.346 80.237 80.136 80.034 79.96 79.824 79.787 79.975 79.862 79.432 79.32 79.377 79.32 79.39 81.338 80.168 79.108 79.011 79.091 79.31 79.093 78.865 78.85 78.875 78.78 78.57 78.421 78.665 78.655 78.576 78.603 -9999 79.024 78.728 78.364 78.236 78.25 78.328 78.355 78.255 -9999 78.164 78.142 78.079 78.01 77.994 78.098 78.13 78.103 77.924 77.811 77.82 77.769 77.826 77.856
