dsm/se2539_DSM_2M.asc
ncols 500
nrows 500
xllcorner    425000
yllcorner    439000
cellsize     2
NODATA_value -9999
[rows 120 to 149 of 500, columns 134 to 200 of 500]
192.124 192.522 194.344 193.399 192.493 192.488 193.294 192.868 192.28 192.861 196.731 198.277 198.754 196.781 193.301 192.3 191.852 191.924 191.913 191.88 191.885 -9999 -9999 -9999 192.355 192.324 192.474 192.416 193.453 195.017 197.128 197.875 197.003 194.407 192.654 192.443 192.324 192.316 192.441 192.828 193.692 193.064 192.966 193.965 197.605 199.395 198.743 197.3 194.037 192.59 192.431 192.392 192.563 194.125 194.166 193.344 -9999 -9999 -9999 -9999 191.529 191.41 191.385 191.314 191.273 191.29 191.43
191.88 192.24 193.139 192.736 192.268 192.224 192.392 192.43 192.617 193.908 197.964 198.186 197.412 196.089 193.049 191.89 191.82 191.997 192.164 192.014 -9999 -9999 -9999 192.027 192.178 192.328 192.591 192.491 195.329 197.028 198.508 198.374 197.085 194.419 192.607 192.33 192.567 192.396 192.447 192.611 192.581 192.489 192.674 194.484 197.156 198.562 198.586 196.307 193.217 192.091 192.237 192.281 192.66 194.696 194.168 192.801 192.366 -9999 -9999 -9999 191.243 191.201 191.169 191.08 191.014 191.193 191.645
191.785 191.882 192.029 191.911 191.983 192.056 192.14 192.224 192.377 193.976 196.119 197.609 195.335 193.989 192.715 191.98 191.767 192.025 192.44 192.098 -9999 -9999 191.549 191.899 192.321 192.097 192.316 192.895 196.179 197.492 197.91 196.788 194.069 192.498 192.195 192.456 192.925 192.662 192.426 192.249 192.234 192.189 192.424 192.707 194.363 197.2 195.965 193.843 192.13 192.026 192.358 192.187 192.29 193.244 192.799 191.965 191.976 192.049 -9999 -9999 -9999 190.942 190.681 190.523 190.833 191.179 191.593
191.84 191.869 191.827 191.789 192.046 192.835 192.749 192.298 191.993 192.605 193.878 194.353 192.427 192.026 191.842 191.724 192.041 191.498 191.729 191.949 -9999 191.453 191.356 191.456 191.865 191.933 192.496 194.573 197.446 197.803 197.782 195.332 192.347 192.307 192.168 192.229 192.358 192.808 192.417 192.236 191.912 192.049 192.167 192.442 192.595 193.133 192.722 191.845 192.139 192.52 194.107 192.23 192.069 192.306 191.924 192.037 191.75 191.778 -9999 -9999 -9999 190.647 190.51 190.508 190.732 191.085 191.392
192.065 192.206 192.688 192.735 192.337 192.856 192.802 192.56 192.021 192.596 192.366 192.421 191.954 191.689 191.724 191.963 192.409 191.702 191.67 -9999 -9999 191.401 191.292 191.273 191.635 191.803 192.089 194.72 197.21 198.057 196.706 195.093 193.521 192.651 192.756 192.451 192.311 192.276 192.457 192.785 192.354 192.146 192.754 193.503 192.645 192.106 191.604 192.325 194.739 196.298 196.619 194.055 192.179 192.035 192.44 192.415 191.668 191.562 191.331 -9999 -9999 190.59 190.478 190.513 190.7 191.395 191.507
192.733 194.375 196.008 195.814 195.481 193.357 192.391 192.031 191.764 192.066 191.752 191.57 191.345 191.44 191.661 191.8 191.978 191.89 -9999 191.838 191.757 191.543 191.269 191.535 192.6 193.102 192.267 193.031 194.726 195.538 195.606 194.177 193.079 192.522 192.595 192.731 192.499 192.18 192.316 193.398 192.66 192.542 193.061 192.703 191.966 191.706 191.695 192.615 196.9 198.143 197.259 195.197 191.929 191.937 194.073 193.664 192.051 191.365 191.262 190.963 -9999 190.617 190.591 190.684 190.885 191.619 192.153
193.429 196.841 198.229 197.478 196.15 193.373 191.74 191.575 191.59 191.605 191.56 191.248 191.146 191.191 191.492 191.673 -9999 -9999 -9999 191.917 192.039 191.86 191.637 191.765 194.087 195.146 192.633 192.642 192.541 192.731 192.473 192.343 192.053 191.919 191.987 192.399 193.035 193.057 192.578 192.161 191.926 191.808 191.952 191.785 191.831 191.655 191.86 193.788 196.858 197.945 197.551 194.745 191.872 191.786 193.021 192.793 191.886 191.24 191.025 190.923 -9999 -9999 -9999 -9999 191.608 192.167 193.006
194.395 197.027 197.706 197.954 196.774 193.114 191.598 191.558 191.523 191.547 191.398 191.16 191.026 191.077 -9999 -9999 -9999 191.714 191.883 191.961 192.088 192.127 192.231 192.334 196.251 197.351 196.567 196.406 195.22 192.614 191.969 191.728 191.69 191.63 191.737 191.934 192.614 193.596 193.468 192.529 191.902 191.842 191.905 191.889 191.924 192.122 191.693 193.071 195.432 197.702 197.235 194.42 191.834 191.607 191.551 191.976 191.524 190.748 190.832 190.893 -9999 -9999 -9999 -9999 191.82 191.978 193.154
192.921 195.413 197.001 197.293 196.999 195.113 193.406 191.636 191.592 191.469 191.4 191.114 191.094 191.119 -9999 -9999 -9999 191.59 191.855 191.91 191.624 191.707 192.627 194.404 197.349 198.022 197.464 196.039 194.255 191.885 191.619 191.569 191.598 191.437 191.552 191.931 192.01 192.601 193.889 193.405 192.471 192.069 191.849 191.948 192.243 192.431 191.562 191.927 193.45 197.05 197.625 196.243 194.175 192.601 191.817 192.147 192.137 191.348 190.875 190.683 190.604 -9999 -9999 -9999 192.128 191.642 192.029
191.621 192.867 194.615 196.656 197.206 196.909 196.364 192.653 191.724 191.681 191.644 191.379 191.231 -9999 -9999 191.203 191.122 191.328 191.761 191.639 191.288 191.516 193.732 197.015 198.285 198.234 196.962 194.159 191.724 191.475 191.433 191.476 191.499 191.411 191.62 192.958 192.341 191.905 193.178 193.545 192.819 192.197 191.499 191.551 191.743 191.558 191.347 191.145 192.763 194.603 194.753 194.835 193.639 192.63 191.748 192.286 192.63 191.942 190.942 190.567 190.566 -9999 -9999 -9999 192.606 192.382 191.648
191.487 192.217 192.448 192.925 195.706 197.423 195.608 192.7 191.523 191.98 191.876 -9999 -9999 -9999 -9999 191.14 190.889 190.852 191.735 191.552 191.534 192.069 196.079 198.135 198.072 197.365 195.134 192.924 191.629 191.356 191.363 191.456 191.574 191.542 191.344 191.995 192.102 192.08 193.072 192.87 192.733 192.42 192.226 191.493 191.279 191.252 191.144 191.163 191.357 191.654 191.613 192.956 193.044 192.861 191.558 190.604 190.925 191.414 190.857 190.591 190.461 190.422 -9999 -9999 193.592 194.129 193.929
191.415 191.568 191.514 191.615 192.864 194.49 192.749 191.961 191.406 191.719 191.78 -9999 -9999 -9999 191.426 191.255 190.879 190.863 191.142 191.448 191.805 192.37 195.12 197.107 197.122 195.709 193.54 191.893 191.383 191.328 191.284 191.358 191.958 191.595 191.162 191.223 191.637 191.925 192.143 192.444 192.972 193.43 193.127 191.339 191.134 191.103 191.273 191.538 191.751 190.856 191.093 192.984 194.939 195.442 193.665 191.239 190.717 190.814 190.729 190.489 190.369 190.348 -9999 -9999 193.742 195.167 195.115
191.244 191.366 191.361 191.344 191.433 191.654 191.926 192.086 191.85 191.749 -9999 -9999 -9999 -9999 191.617 191.889 191.01 190.907 190.94 191.126 191.686 192.089 192.497 195.781 196.183 193.979 191.738 191.493 191.346 191.079 191.107 191.199 191.241 190.933 190.788 191.136 191.61 192.322 192.104 191.725 192.885 194.951 193.894 191.845 191.004 190.996 191.03 191.66 192.27 190.769 190.396 192.84 195.897 196.89 195.707 192.055 190.878 190.429 190.421 190.32 190.378 190.325 190.182 -9999 -9999 193.851 193.17
191.055 191.139 191.238 191.323 191.324 191.407 191.594 191.796 191.756 -9999 -9999 -9999 -9999 -9999 191.573 192.351 191.56 191.051 190.79 190.753 190.968 191.366 191.984 193.54 194.204 192.691 191.578 191.322 191.312 191.201 191.222 191.057 190.837 190.223 190.559 191.153 192.423 193.219 193.323 192.818 192.953 194.857 194.091 192.217 190.911 190.715 190.624 190.881 190.963 190.512 190.539 191.093 194.659 196.455 196.612 194.301 191.795 190.544 190.079 190.215 190.274 190.114 190.025 -9999 -9999 -9999 -9999
190.695 190.952 191.068 191.287 191.319 191.319 191.34 191.328 -9999 -9999 -9999 192.653 192.555 191.932 191.178 190.983 191.024 190.908 191.001 191.234 190.986 191.316 191.787 192.539 193.489 192.162 191.492 191.209 191.074 191.276 191.976 191.635 190.918 190.404 190.497 191.031 192.011 193.392 194.276 194.917 194.757 194.961 194.118 191.527 190.924 190.646 190.495 190.76 191.129 190.807 190.425 191.091 194.101 196.186 196.473 195.192 191.762 190.476 189.97 190.113 190.194 189.953 189.929 190.043 -9999 -9999 -9999
190.606 190.695 190.953 191.26 191.171 191.079 190.805 190.587 190.99 -9999 192.545 192.848 192.949 192.216 190.997 190.507 190.616 190.771 191.798 192.238 192.638 192.278 190.818 191.36 192.058 191.742 191.262 191.069 190.979 190.96 191.457 191.645 191.158 190.676 190.628 190.588 191.042 192.847 193.947 194.36 193.589 193.263 194.298 192.347 191.354 190.988 190.619 190.679 191.277 190.84 190.393 190.791 194.031 196.101 196.046 195.221 192.051 190.52 190.19 190.085 189.947 189.894 189.875 190.056 190.749 -9999 -9999
190.464 190.608 190.527 190.704 190.766 190.667 190.398 190.266 190.644 -9999 192.261 192.945 193.319 193.02 190.769 190.523 190.867 191.245 191.697 191.459 191.724 191.684 190.782 190.662 191.103 191.539 191.293 191.162 191.174 190.664 190.309 191.54 191.5 191.359 190.718 190.414 190.266 191.017 191.959 192.339 191.45 191.071 192.168 193.089 192.23 191.361 190.65 190.432 190.31 190.346 190.26 190.489 192.346 194.296 193.563 193.073 191.404 190.577 190.08 189.967 189.81 189.854 190.306 190.858 191.385 -9999 -9999
190.383 190.448 190.428 190.433 190.41 190.309 190.167 190.141 190.321 -9999 -9999 192.002 192.085 191.772 190.557 190.572 191.997 191.78 191.666 190.445 190.626 190.865 190.773 190.052 190.117 190.507 191.185 191.731 192.421 191.377 190.45 190.807 190.999 191.035 190.619 190.28 190.533 190.245 189.948 190.758 190.867 190.92 191.982 192.963 192.006 191.12 190.436 190.191 190.254 190.292 190.516 190.337 190.514 193.701 191.496 190.969 190.326 190.42 189.709 189.906 190.171 190.581 191.437 191.721 192.083 -9999 -9999
190.358 190.31 190.279 190.13 190.116 190.083 190.023 189.975 190.053 190.182 190.879 190.987 190.337 190.265 190.055 190.548 194.082 194.396 192.419 190.487 190.46 190.474 190.334 190.023 189.99 190.031 190.425 191.251 191.914 191.222 190.591 190.577 190.066 190.093 190.134 190.286 191.058 190.094 190.178 190.385 190.631 190.223 191.198 191.699 190.703 190.434 190.009 190.18 190.383 190.384 191.555 191.116 190.868 190.868 191.428 191.505 191.181 191.564 191.206 190.901 -9999 191.469 192.129 192.619 193.116 192.611 -9999
190.415 190.325 190.308 190.053 190.071 190.018 190.023 189.919 189.916 189.945 190.29 190.517 190.362 190.109 190.104 191.241 194.301 194.88 193.87 192.609 191.201 190.234 189.991 189.957 190.038 189.935 189.981 190.069 190.714 191.001 191.284 190.583 189.897 189.748 189.819 189.839 189.735 189.922 190.302 191.01 191.277 191.297 191.378 191.159 190.496 190.162 190.078 190.124 190.536 190.485 190.756 190.734 190.036 190.333 191.029 191.891 192.566 192.78 192.784 192.105 191.534 191.114 192.035 193.093 193.399 192.387 -9999
190.618 190.634 190.62 190.405 190.236 190.031 189.911 189.794 189.773 189.894 190.16 190.554 190.64 190.132 190.164 192.063 195.429 195.843 195.729 195.359 193.272 190.466 190.003 190.098 190.296 190.231 190.293 190.037 190.098 190.201 190.297 189.989 189.769 189.624 189.747 189.921 190.059 190.812 191.304 191.512 191.59 191.613 191.538 191.188 190.725 190.608 190.34 190.135 190.939 190.58 189.861 189.812 189.212 189.526 191.195 192.891 192.79 193.589 193.294 192.63 192.178 189.79 190.099 190.841 190.709 191.571 191.557
190.653 190.901 191.316 190.712 190.245 190.117 189.871 189.733 189.611 189.824 -9999 190.319 190.247 190.091 190.415 193.128 195.245 196.061 196.808 196.351 194.775 192.228 190.442 190.462 190.484 190.255 190.563 190.208 190.006 189.777 189.8 189.576 189.621 189.711 190.362 190.948 191.379 191.541 191.63 191.497 191.559 191.609 191.608 191.079 190.977 192.153 191.313 190.629 190.904 191.054 190.246 189.398 189.25 189.616 191.142 192.299 192.565 193.089 193.336 192.988 191.958 190.047 189.558 189.845 190.664 191.402 191.035
190.495 190.821 191.621 190.97 190.509 190.292 190.224 190.069 189.861 -9999 -9999 -9999 190.088 190.008 190.122 192.034 193.757 194.859 196.031 196.095 194.863 193.603 190.416 190.32 189.868 189.679 189.64 189.773 190.532 190.001 189.683 189.706 189.828 190.546 191.498 191.961 191.775 191.35 191.284 191.289 191.089 191.075 191.073 191.462 193.298 192.699 190.977 189.902 190.18 190.128 189.661 189.224 189.159 189.318 190.901 191.42 191.892 192.467 192.996 193.787 192.607 190.19 189.396 189.84 190.71 190.813 190.557
190.513 190.616 190.783 190.706 191.227 191.681 191.079 190.48 189.99 -9999 -9999 -9999 -9999 190.223 190.316 190.146 190.499 191.516 193.439 194.557 194.707 191.725 190.813 189.848 189.23 189.467 189.565 189.971 191.192 190.253 189.942 190.043 190.369 191.375 191.68 192.021 191.362 190.871 190.855 190.802 190.491 190.02 190.698 190.941 191.852 191.305 189.64 188.915 189.126 189.083 189.157 189.114 189.052 189.454 189.985 189.783 190.253 190.941 192.456 193.27 192.349 190.338 189.491 189.848 190.389 190.194 190.103
190.99 190.651 190.546 190.729 191.94 193.101 191.392 190.406 190.049 189.886 189.924 -9999 -9999 -9999 190.128 190.109 190.143 190.055 190.386 191.335 192.832 191.519 190.437 189.458 189.169 189.401 189.722 190.062 190.954 189.538 190.927 191.979 190.507 190.879 191.181 192.289 192.12 190.708 190.608 190.57 189.779 189.075 189.264 189.28 189.138 189.116 188.918 188.901 188.953 189.038 189.469 190.227 190.495 190.164 189.77 189.423 189.841 190.512 192.341 192.738 191.22 190.19 189.445 189.651 189.747 189.851 189.942
193.178 191.14 190.338 190.427 190.599 191.043 190.467 190.101 189.95 189.863 189.914 189.942 189.925 189.907 189.967 189.994 190.005 189.806 189.71 190.08 190.358 190.81 189.959 190.439 190.99 192.189 190.202 189.8 189.861 189.54 191.284 193.985 192.359 190.122 190.097 192.469 193.714 191.921 189.758 189.395 188.924 188.694 188.796 188.707 188.662 188.667 188.862 188.938 189.095 189.122 189.787 190.883 191.757 190.765 189.636 189.365 190.395 192.28 191.783 190.588 189.524 189.588 189.441 189.595 189.977 190.64 190.058
194.576 191.346 190.468 190.42 190.117 190.428 190.298 189.979 189.811 189.851 189.87 189.959 190.082 189.874 -9999 189.848 189.762 189.504 189.386 189.67 190.049 190.953 190.339 192.382 193.739 193.513 192.186 190.539 189.225 188.989 189.472 191.557 190.955 189.524 189.38 190.42 192.109 192.464 189.424 188.711 188.488 188.478 188.541 188.565 188.6 188.752 188.887 189.187 189.707 189.812 189.308 188.994 189.535 189.511 189.567 190.05 190.55 190.297 190.319 189.9 189.581 189.477 189.569 189.591 189.708 190.082 189.957
192.196 190.493 190.299 190.964 192.279 192.936 190.256 190.259 190.1 190.172 190.143 189.827 189.803 189.723 -9999 -9999 189.518 189.155 188.976 189.371 189.574 191.011 193.332 194.389 195.067 195.172 194.345 193.09 190.16 189.07 189.012 189.297 189.242 188.871 188.831 189.494 190.295 189.706 188.536 188.55 188.485 188.471 188.604 188.809 189.151 189.41 189.249 189.028 189.074 189.274 188.855 188.481 188.459 188.772 189.419 190.492 190.753 189.486 189.438 189.52 189.937 190.488 190.741 190.622 190.01 189.565 189.615
190.273 189.956 190.167 192.49 193.503 194.146 193.058 191.454 190.555 190.255 190.456 189.737 189.607 189.627 189.607 -9999 -9999 189.146 189.043 189.085 188.773 189.829 191.605 193.876 194.889 195.544 195.242 194.185 192.063 189.903 188.776 188.726 188.392 188.646 189.659 190.955 189.924 189.205 188.58 188.498 188.441 188.433 188.708 189.205 189.624 189.901 189.336 188.502 188.227 188.247 188.231 188.504 188.694 189.149 189.531 190.502 190.678 190.643 189.552 190.042 191.248 191.799 192.782 193.154 191.234 189.948 189.616
190.017 189.893 190.554 193.206 193.804 195.322 195.794 194.567 190.622 190.183 190.049 190.379 190.171 189.617 189.293 189.272 -9999 -9999 -9999 188.958 189.047 189.309 189.58 192.34 194.293 195.037 195.236 194.942 193.58 190.697 189.055 188.376 188.122 188.242 189.058 189.83 189.184 189.016 188.616 188.604 188.511 188.553 188.817 189.385 189.246 188.364 188.255 188.103 188.08 188.111 188.518 189.845 190.393 190.492 190.714 190.473 189.868 189.86 189.412 189.983 191.689 191.967 193.476 194.483 192.363 190.375 189.637
