dsm/se2533_DSM_2M.asc
ncols 500
nrows 500
xllcorner    425000
yllcorner    433000
cellsize     2
NODATA_value -9999
[rows 132 to 164 of 500, columns 73 to 145 of 500]
89.547 89.065 88.88 88.906 88.886 89.214 88.785 88.788 88.913 90.36 89.643 89.968 90.991 91.51 90.424 91.252 95.025 90.618 89.877 89.493 90.855 91.907 90.652 90.081 90.349 90.21 90.197 90.097 91.704 93.911 93.939 95.806 92.471 95.453 94.171 93.92 94.44 96.052 98.786 100.714 103.801 104.528 97.106 95.885 95.902 96.079 96.18 96.213 96.201 96.131 96.095 95.647 95.39 95.49 94.836 93.846 91.701 91.931 93.489 93.361 92.614 89.721 89.55 89.546 89.74 89.861 90.016 91.297 91.182 92.162 92.045 91.408 89.814
89.824 89.308 88.991 88.886 88.823 88.84 88.778 88.703 88.762 88.776 89.635 90.613 90.73 89.838 89.809 89.843 89.861 89.904 89.665 92.963 94.639 93.926 91.433 89.895 90.032 90.093 90.08 90.542 92.505 93.328 94.81 94.647 91.102 95.737 95.285 93.335 96.973 100.138 101.268 102.305 102.118 104.448 96.88 97.191 95.881 95.867 96.169 96.186 96.133 96.216 96.078 96.074 95.667 95.438 95.21 95.079 93.163 92.051 92.142 93.757 94.664 90.096 90.728 89.945 89.505 89.48 89.399 89.393 89.473 90.757 89.998 89.627 89.282
89.464 89.535 89.522 88.93 88.859 88.759 88.721 88.72 88.645 88.563 89.124 90.227 89.388 89.453 89.673 89.771 89.73 90.852 93.964 94.855 95.54 94.956 93.34 89.73 89.432 89.665 90.312 92.327 90.661 91.966 94.569 94.033 94.725 95.212 94.954 93.471 95.532 102.375 102.75 101.159 100.287 101.06 99.578 99.404 96.785 95.932 95.872 96.001 96.187 96.104 96.146 96.048 96.001 95.746 95.406 95.016 94.716 93.32 91.812 91.177 93.687 94.009 92.36 91.48 89.827 89.35 89.345 89.325 89.277 89.319 89.275 89.155 89.192
89.518 89.284 89.54 92.613 88.961 88.73 88.666 88.654 88.571 88.508 88.47 88.541 89.573 89.246 89.422 89.535 89.437 90.144 94.245 95.224 95.776 95.536 94.768 94.176 89.675 90.976 91.493 90.38 89.963 89.595 90.203 92.286 93.355 94.539 93.706 91.401 94.024 102.337 102.458 100.308 95.854 97.706 97.451 98.529 97.988 96.706 95.851 95.746 95.946 96.193 96.129 96.205 96.033 95.991 95.809 95.521 95.134 94.541 93.302 91.715 91.562 92.014 91.825 89.973 89.485 89.296 89.291 89.186 89.156 89.157 89.049 89.061 89.05
93.324 89.685 90.276 89.624 88.998 88.817 88.641 88.575 88.542 88.507 88.384 88.363 88.45 89.287 89.947 89.45 89.251 89.298 89.269 90.843 94.683 95.601 95.066 93.582 89.624 91.076 91.43 89.673 89.705 89.643 90.073 91.515 91.552 91.676 91.705 91.688 94.539 96.379 97.971 94.132 93.952 94.695 95.421 95.826 98.783 97.609 95.877 95.728 95.759 95.945 96.143 96.076 96.119 96.09 96.004 95.834 95.37 95.185 94.881 94.03 91.782 91.306 91.461 93.842 92.021 89.53 89.082 89.058 89.076 88.929 88.998 89.146 89.064
95.004 93.888 89.251 89.196 89.085 88.884 88.68 88.525 88.469 88.427 88.364 88.308 88.298 88.517 88.879 88.55 89.078 89.243 89.419 90.847 93.34 94.95 94.226 90.141 89.593 89.218 89.471 89.128 89.398 90.693 90.441 89.235 89.132 89.306 91.038 92.689 93.822 92.961 91.544 92.703 92.889 93.795 94.595 95.517 98.641 97.834 96.941 96.296 95.88 95.784 95.843 96.005 96.109 96.158 96.059 95.965 95.766 95.451 96.077 96.684 96.758 92.189 91.851 92.268 93.385 93.162 90.741 89.024 89.008 88.931 89.098 89.285 89.043
95.5 94.389 90.352 89.429 88.792 88.936 89.349 88.732 88.417 88.302 88.303 88.277 88.155 88.222 88.264 89.265 88.727 89.127 90.175 89.466 94.614 95.716 93.171 92.84 89.217 89.47 88.908 88.521 88.886 90.387 89.145 89.094 89.104 89.136 89.88 92.107 93.437 94.244 91.519 91.533 92.066 92.527 93.707 94.508 95.909 95.722 95.8 99.012 100.046 97.51 95.77 95.786 95.948 96.053 96.047 96.052 96.052 95.918 95.596 96.995 97.887 96.221 93.088 91.753 91.271 92.511 91.864 90.044 88.991 89.371 88.862 88.861 89.189
91.789 89.038 88.994 88.703 88.735 89.527 94.243 92.824 88.427 88.204 88.221 88.193 88.119 88.185 89.003 88.193 88.177 88.813 89.03 89.232 91.297 92.795 89.316 89.09 91.796 93.67 93.551 90.921 90.224 89.277 89.051 89.055 89.13 89.991 89.895 89.711 91.017 92.044 90.718 90.778 91.172 91.915 92.599 93.469 94.54 95.239 96.002 97.185 98.189 98.374 95.745 95.731 95.695 96.007 96.04 96.062 96 95.982 95.856 95.619 96.557 95.243 94.588 92.417 91.803 90.701 90.643 90.182 89.145 89.367 88.883 88.877 88.736
89.771 88.788 88.642 88.614 88.637 89.929 92.548 90.012 88.173 88.062 88.07 88.039 88.004 88.002 87.94 87.771 87.803 88.3 88.403 88.642 88.912 89.375 89.865 91.872 93.606 94.502 94.371 93.518 90.815 88.582 88.831 89.002 89.194 89.293 88.953 88.772 89.012 90.442 90.92 90.692 91.776 91.741 91.711 92.417 93.195 94.332 97.171 97.398 96.313 96.68 96.598 95.796 95.654 95.727 95.863 96.016 95.98 96.025 95.94 95.829 95.466 95.256 95.359 94.745 92.867 91.852 91.655 90.122 89.27 89.951 90.529 88.828 88.553
89.224 88.694 88.6 88.542 88.514 88.528 89.703 88.352 87.876 87.915 87.959 87.945 87.91 87.866 87.857 87.727 87.577 87.627 88.517 88 89.222 89.489 88.505 92.316 93.589 94.498 94.858 94.448 93.543 89.096 88.886 88.861 89.239 89.068 88.746 89.631 89.118 89.877 90.811 90.196 91.516 91.891 91.362 91.432 92.039 94.388 99.47 99.952 98.454 98.964 99.074 100.486 96.621 95.67 95.61 95.84 95.99 95.955 96.019 95.922 95.871 95.724 95.361 95.118 94.516 93.639 92.071 91.332 90.968 89.632 89.32 88.667 88.523
88.466 88.528 88.53 89.953 89.369 88.515 88.431 87.833 87.746 87.78 87.794 87.835 87.771 87.715 87.67 87.607 87.551 87.456 87.468 87.761 88.73 88.072 88.214 88.318 89.495 93.546 94.64 94.611 93.992 90.09 88.873 89.939 88.732 89.302 89.114 89.435 88.949 88.578 89.614 89.062 90.953 91.398 91.954 91.923 92.974 95.447 98.727 99.217 96.038 96.28 97.054 100.239 98.214 95.853 95.74 95.65 95.665 95.983 95.928 95.979 95.924 95.861 95.85 95.282 94.906 94.782 94.403 93.205 92.041 90.939 90.064 89.628 89.12
88.414 88.271 88.139 88.665 90.975 88.937 87.932 87.557 87.617 87.654 87.657 87.674 87.761 87.651 87.557 87.551 87.476 87.396 87.318 87.425 87.641 88.433 88.078 88.294 90.219 91.701 93.496 93.904 93.118 89.712 89.743 88.385 88.293 88.516 88.71 88.737 88.975 88.159 88.208 89.654 92.477 93.312 92.73 92.867 92.361 91.078 92.576 95.616 94.305 94.658 95.575 95.907 95.709 96.032 96.147 95.779 95.639 95.706 95.929 95.911 95.962 95.933 95.837 95.749 95.357 95.163 95.004 94.245 93.286 91.643 91.38 91.544 91.335
88.305 88.279 88.049 87.839 87.646 87.82 87.323 87.458 87.5 87.526 87.771 88.301 88.067 88.146 87.586 87.365 87.316 87.3 87.362 88.194 87.266 88.554 88.719 89.329 88.84 88.158 88.944 92.69 89.956 91.336 89.881 87.719 87.703 87.9 88.423 88.8 88.009 87.963 87.955 88.221 89.968 92.722 94.222 89.956 91.26 91.039 91.128 91.61 92.894 93.703 94.645 95.604 95.823 95.942 97.853 96.599 95.589 95.516 95.756 95.972 95.971 96.006 95.92 95.839 95.85 95.436 94.958 94.955 94.254 93.661 92.16 91.367 90.127
89.161 88.182 88.886 88.644 88.445 87.167 87.187 87.333 87.366 87.566 88.539 89.404 88.831 88.578 87.652 87.443 87.224 87.205 87.116 87.22 87.085 86.997 87.591 87.852 87.75 87.987 88.048 88.658 90.383 91.289 92.671 92.558 88.647 88.308 88.174 87.813 87.867 87.82 87.9 88.251 88.179 89.749 90.615 91.583 94.071 91.58 90.843 91.122 91.65 92.469 93.806 96.7 96.836 96.479 98.547 98.946 99.554 96.801 95.535 95.589 95.773 95.86 95.936 95.964 95.895 95.731 95.454 94.895 96.559 97.464 95.207 93.93 91.337
87.601 87.245 87.153 87.521 87.177 87.021 87.118 87.191 87.312 88.4 88.64 88.925 88.39 87.451 88.401 87.467 87.23 87.124 86.966 86.983 86.855 86.787 86.955 87.072 87.735 87.272 88.151 89.434 91.523 92.639 93.565 93.366 92.434 89.286 87.852 87.678 87.729 87.815 88.144 87.495 87.463 88.509 91.397 91.88 94.26 93.897 91.51 91.69 91.17 91.561 92.611 93.834 97.533 97.937 96.126 96.884 99.962 100.403 95.693 95.608 95.618 95.882 95.913 95.902 95.901 95.798 95.796 95.343 95.263 97.555 97.493 94.704 92.267
87.797 87.999 87.801 87.474 86.865 86.905 86.968 87.002 87.259 88.669 89.113 89.318 88.136 87.031 87.076 88.294 87.611 87.057 86.863 86.843 86.777 86.97 87.495 86.68 86.773 87.24 88.953 91.153 90.629 92.917 93.771 93.997 93.379 92.68 87.913 88.091 87.695 88.426 87.32 87.324 87.354 87.447 88.764 92.437 93.315 92.966 92.223 92.05 92.786 91.292 91.747 92.809 94.689 95.135 95.247 95.437 99.089 98.559 101.792 96.444 95.503 95.587 95.667 95.821 95.806 95.89 95.824 95.756 95.404 95.167 96.525 96.624 95.042
87.545 87.564 88.954 87.292 86.679 86.75 86.85 86.971 88.461 88.537 87.188 88.301 88.615 87.028 86.987 87.133 87.882 87.3 86.948 86.714 86.652 86.578 86.551 87.216 86.397 86.381 86.722 92.87 89.811 89.552 92.806 93.645 93.654 93.072 88.991 87.718 88.651 87.57 87.135 87.256 87.342 87.365 87.589 87.878 87.767 89.641 91.231 92.547 91.692 90.879 90.464 91.366 92.51 93.391 94.054 94.642 95.625 99.267 101.209 101.153 95.834 95.521 95.572 95.715 95.793 95.79 95.837 95.794 95.737 95.283 96.301 97.507 97.391
87.402 87.971 87.52 86.506 86.55 86.626 86.659 86.939 88.378 87.023 86.893 86.935 88.43 86.972 86.966 86.922 87.492 87.132 86.906 86.779 86.573 86.463 86.41 86.337 86.204 86.242 86.157 87.612 90.045 88.751 89.389 92.612 93.154 92.243 88.067 88.549 87.159 87.564 86.995 87.115 87.27 88.258 86.889 86.398 86.406 88.487 91.916 93.65 91.895 91.882 89.998 90.424 91.057 92.269 92.713 93.528 94.901 95.879 98.352 99.9 98.828 96.073 95.518 96.157 95.939 95.747 95.822 95.895 95.813 95.711 95.754 96.413 95.115
87.349 88.223 86.584 86.319 86.413 86.469 86.686 88.475 87.633 86.801 86.816 86.757 88.425 87.306 86.913 87.05 87.024 86.677 86.874 86.726 86.539 86.331 86.275 86.221 86.153 86.018 86.007 86.218 87.606 87.752 87.245 88.07 91.757 89.19 87.834 86.77 89.366 91.779 87.13 87.166 88.421 88.151 86.579 86.364 86.403 88.785 91.734 92.646 91.54 92.895 90.904 89.623 90.186 92.275 92.054 92.809 96.411 95.181 95.355 99.172 100.646 101.376 96.002 95.417 95.752 95.572 95.788 95.717 95.834 95.834 95.769 95.515 95.222
87.93 86.723 86.161 86.207 86.276 86.313 86.541 87.107 86.614 86.648 86.72 86.607 88.132 87.836 87.276 87.726 88.472 86.557 86.53 86.789 86.614 86.393 86.178 86.113 86.054 85.93 85.822 85.839 85.874 86.701 87.004 88.48 88.721 88.056 86.966 91.064 92.143 92.556 91.708 89.111 88.264 87.454 86.405 86.366 86.399 87.78 90.503 91.698 92.502 92.168 92.554 89.768 89.04 90.475 92.988 91.88 94.27 93.79 94.283 96.858 98.585 97.127 95.605 95.406 95.773 95.453 95.781 95.817 95.762 95.824 95.818 95.707 95.544
86.749 86.268 85.988 86.084 86.072 86.206 86.417 86.545 86.64 89.244 87.95 90.9 90.949 92.014 92.433 92.573 91.495 86.543 86.404 88.231 91.474 89.983 86.312 85.957 85.916 85.846 85.77 85.671 85.698 85.932 85.763 86.656 88.047 86.978 87.53 91.319 92.555 93.219 92.529 91.55 89.233 86.865 86.326 86.422 88.274 88.18 86.825 87.473 89.918 91.505 92.685 89.825 88.634 88.783 89.729 90.315 91.39 92.112 93.446 94.019 95.23 97.621 97.581 95.464 95.447 95.382 95.388 95.604 95.726 95.762 95.834 95.803 95.708
87.498 85.791 85.866 85.945 85.963 86.203 86.395 86.522 86.549 89.296 92.663 92.877 93.143 93.148 93.403 92.945 92.148 86.811 86.358 89.063 89.761 88.188 86.541 90.681 90.799 86.179 85.752 85.601 85.516 85.458 86.424 87.349 86.325 86.403 86.508 86.755 91.429 92.782 93.062 92.004 90.517 86.435 86.856 88.232 88.776 86.816 86.526 86.651 88.743 89.443 90.323 90.501 87.595 88.272 89.257 89.845 90.583 91.213 92.175 92.927 94.263 95.504 95.762 95.549 95.422 95.346 95.409 95.715 95.695 95.546 95.629 95.744 95.808
86.293 85.655 85.735 85.784 85.89 86.116 86.289 86.374 86.448 87.979 92.355 93.046 92.589 92.477 92.015 91.163 90.613 86.527 86.495 87.035 86.448 86.563 94.25 95.496 95.935 94.08 86.943 85.5 85.435 85.286 85.315 85.328 85.888 86.597 86.426 86.46 86.904 91.989 92.337 91.714 89.46 88.381 88.276 89.479 89.606 87.142 87.095 89.082 88.665 87.062 86.175 86.565 88.471 89.267 89.592 90.525 90.453 90.499 91.647 92.063 93.118 94.046 95.021 95.489 96.003 95.991 95.476 95.372 95.823 96.4 95.693 95.713 95.7
85.433 85.464 85.523 85.611 85.8 86.443 86.64 86.485 87.923 87.609 90.574 89.581 87.402 88.848 86.894 86.191 86.195 86.931 86.425 88.652 87.575 86.215 94.135 97.609 97.47 95.48 87.493 85.414 85.353 85.242 85.164 85.14 85.773 85.928 86.09 86.324 86.503 87.594 87.388 89.095 88.718 87.244 85.886 86.44 88.775 89.309 89.46 89.53 87.94 85.948 85.988 85.961 89.36 90.963 90.881 90.447 90.128 89.77 90.115 91.115 94.04 93.23 94.235 95.55 96.659 98.89 97.679 95.572 95.309 95.373 95.443 95.428 95.656
85.245 85.348 85.35 85.505 86.286 85.928 85.641 86.15 87.964 86.841 86.31 86.243 87.171 88.455 86.508 86.043 86.516 86.18 85.642 90.065 90.914 88.665 88.419 97.575 97.812 96.255 90.777 85.312 85.249 85.199 85.059 84.973 84.999 89.045 86.249 85.653 85.842 85.591 85.925 86.714 86.248 86.6 90.018 89.215 85.774 86.772 89.261 86.561 85.766 85.813 85.848 86.23 88.847 91.333 90.629 90.503 90.029 89.426 89.516 89.811 90.841 91.719 92.889 93.93 95.626 98.405 98.974 98.655 96.008 95.611 95.374 95.32 95.522
85.104 85.199 85.167 85.424 86.403 86.349 89.681 89.086 86.715 85.646 86.382 86.391 86.208 88.168 86.667 86.514 86.156 86.491 89.48 91.223 91.672 90.63 87.923 91.614 95.134 94.316 86.759 85.375 85.091 85.072 85.009 84.915 84.795 84.822 85.08 85.438 85.257 85.253 85.884 85.792 87.869 90.348 91.095 90.912 89.824 85.647 85.867 85.949 85.675 85.777 85.8 85.84 86.239 87.908 89.306 89.493 89.087 88.156 88.805 89.19 89.692 90.533 91.683 92.765 96.794 98.514 100.096 98.779 100.827 98.46 97.399 96.312 95.253
84.992 84.98 85.062 86.19 86.222 85.832 90 91.076 90.889 90.399 86.547 85.588 86.1 86.644 87.87 87.337 85.838 85.253 85.671 89.714 91.106 91.539 90.747 88.642 87.402 85.328 86.286 85.656 85.158 84.947 84.873 84.824 84.741 84.649 84.608 85.112 84.813 86.407 87.101 85.847 87.963 90.917 91.565 91.716 90.855 89.888 85.657 86.387 85.683 85.698 85.797 85.842 85.442 86.478 87.855 88.127 87.024 88.057 88.363 88.598 89.674 90.476 90.55 91.621 92.335 97.388 100.616 101.929 101.576 99.617 99.426 99.4 95.571
84.822 84.852 85.2 85.708 85.606 88.207 91.02 91.995 91.298 89.956 85.626 85.112 85.089 85.947 86.751 85.698 85.793 85.136 86.05 86.715 89.829 92.393 91.699 90.748 85.864 85.232 85.21 85.597 85.182 84.884 84.756 84.701 84.634 84.533 84.352 84.385 84.585 86.197 85.209 86.728 86.268 89.434 91.17 91.888 91.398 90.526 87.651 88.148 86.722 85.656 85.377 85.347 85.507 85.237 85.258 85.874 86.289 89.012 89.645 88.643 90.385 93.433 92.405 90.448 91.892 98.328 100.965 102.945 102.615 100.906 99.816 100.491 100.667
84.637 84.685 84.999 85.877 85.136 89.223 91.392 92.033 91.013 87.648 85.045 85.16 85.069 86.473 85.515 85.358 85.158 85.035 85.736 86.7 86.808 87.527 91.277 91.363 90.718 85.452 85.072 84.968 84.956 84.994 84.797 84.629 84.539 84.415 84.299 84.222 84.222 84.241 84.844 85.092 85.148 85.75 87.345 91.054 91.057 90.231 88.229 88.148 87.392 84.674 84.665 84.727 85.005 85.145 85.54 86.921 87.087 90.477 90.671 89.582 92.412 94.159 91.853 90.412 90.158 94.834 100.093 100.319 100.886 98.214 96.527 99.955 100.456
84.505 84.535 84.903 85.118 86.447 90.735 91.539 91.476 90.496 85.289 85.093 85.529 86.444 87.022 87.091 85.427 86.166 85.318 85.917 85.3 85.016 85.115 90.01 90.784 86.973 84.951 84.565 84.61 84.714 85.367 85.472 84.598 84.392 84.318 84.268 84.135 84.099 84.109 85.209 84.915 85.842 85.64 85.334 88.497 89.908 85.075 85.511 85.79 84.859 84.859 84.4 84.535 84.493 85.22 85.784 85.567 88.05 94.699 92.569 90.517 93.693 95.591 93.089 89.941 89.839 90.146 90.798 94.859 92.675 93.556 94.314 97.228 99.782
84.301 84.444 84.635 84.762 85.869 86.652 90.281 90.753 90.375 85.046 84.968 84.818 85.134 87.459 85.024 87.067 87.116 85.642 84.871 84.801 84.779 84.783 85.022 85.05 84.674 84.34 84.372 84.429 84.522 84.506 85.988 84.697 84.402 84.19 84.138 84.051 83.978 83.825 84.027 84.362 85.392 84.926 84.989 85.45 85.771 85.042 84.804 84.865 84.875 85.345 86.613 86.578 84.369 85.042 85.556 85.566 86.696 94.436 95.167 90.583 91.176 95.475 95.433 92.546 89.316 89.185 89.935 90.588 91.533 92.387 93.749 97.396 99.15
84.184 84.32 84.502 84.562 84.59 84.656 84.71 85.143 86.459 84.969 84.927 84.912 85.102 87.067 84.443 84.777 86.502 86.931 85.66 85.035 85.969 84.529 84.934 84.785 84.359 84.223 84.306 84.361 84.405 84.433 84.45 85.477 84.537 84.16 83.984 83.895 83.845 83.765 83.722 83.801 84.663 84.587 84.871 84.857 84.781 84.478 84.429 85.502 88.601 89.413 87.042 86.29 84.53 85.105 84.807 84.534 86.525 89.418 90.664 92.739 94.757 96.512 98.511 98.656 92.803 88.919 89.097 89.674 90.805 91.142 92.229 96.199 97.77
84.043 84.371 84.812 84.479 84.473 84.483 84.495 84.76 85.107 85.079 84.739 84.738 84.894 86.993 84.135 84.012 84.022 84.591 86.088 85.979 86.15 84.453 84.293 84.648 85.717 84.288 84.255 84.34 84.447 84.411 84.57 85.616 84.656 84.191 84.005 83.843 83.723 83.674 83.559 83.572 83.627 84.308 84.269 84.544 84.166 83.999 84.871 89.607 90.314 90.638 89.359 85.962 84.415 84.202 84.797 84.097 83.999 84.107 90.445 94.286 96.696 98.353 99.644 99.468 96.755 89.956 88.343 89.369 92.179 93.649 92.841 94.977 96.322
