dsm/se2537_DSM_2M.asc
ncols 500
nrows 500
xllcorner    425000
yllcorner    437000
cellsize     2
NODATA_value -9999
[rows 31 to 61 of 500, columns 280 to 349 of 500]
83.957 84.011 84.11 84.124 84.07 84.09 84.039 84.062 84.209 84.267 84.31 84.384 84.618 84.9 85.43 85.646 85.875 86.046 86.286 86.462 86.704 86.878 86.982 87.047 86.886 86.825 87.019 87.248 87.428 87.592 -9999 -9999 88.043 88.183 88.248 88.536 88.878 89.284 90.139 91.647 94.462 93.693 97.603 97.023 91.751 90.798 90.835 91.024 91.133 91.444 91.833 92.512 93.036 93.583 94.123 94.314 94.856 95.242 95.524 96.066 96.318 96.66 96.992 97.448 98.287 98.894 98.975 99.036 99.072 99.17
84.013 84.064 84.081 83.963 83.882 83.792 83.952 84.054 84.261 84.212 84.293 84.485 84.868 85.21 85.479 85.823 86.073 86.256 86.418 86.602 86.803 87.175 87.248 87.232 87.169 87.218 87.312 87.389 87.587 87.712 87.77 -9999 -9999 88.3 88.361 88.63 88.892 89.037 89.445 89.775 90.3 90.77 91.289 91.694 91.023 90.814 90.904 91.027 91.1 91.728 92.238 92.887 93.403 93.958 94.251 94.642 95.128 95.505 95.996 96.318 96.625 96.941 97.277 98.023 98.841 99.136 99.095 99.105 98.979 99.337
84.041 84.098 84.125 83.978 83.841 83.981 -9999 84.199 84.243 84.307 84.534 84.828 84.947 85.478 85.75 86.049 86.29 86.38 86.555 86.852 87.091 87.265 87.449 87.488 88.01 89.222 88.983 87.677 87.81 87.82 87.931 88.087 88.234 -9999 88.472 88.63 88.671 88.867 89.224 89.521 89.797 90.144 90.517 90.735 90.78 90.811 90.869 91.003 91.415 92.086 92.781 93.215 93.703 94.132 94.528 94.998 95.439 95.955 96.238 96.594 96.838 97.383 98.091 98.783 98.964 99.026 99.077 99.106 99.241 99.595
84.091 84.06 84.11 84.566 84.519 84.382 84.255 84.235 84.251 84.244 84.759 85.059 85.161 85.516 85.785 86.263 86.409 86.471 86.832 87.069 87.313 87.453 87.762 87.776 89.668 103.526 93.671 89.223 88.485 88.149 88.014 88.277 88.305 88.273 88.345 88.511 88.736 88.861 89.074 89.559 89.88 90.035 90.275 90.402 90.498 90.747 90.824 91.089 91.729 92.537 93.154 93.612 94.052 94.485 94.905 95.36 95.705 96.282 96.639 96.915 97.724 98.663 100.372 99.572 98.966 99.015 99.093 99.153 99.61 100.004
84.427 84.602 83.947 84.415 84.892 84.565 84.39 84.235 84.284 84.429 84.919 85.14 85.373 85.796 85.934 86.303 86.478 86.718 87.085 87.232 87.325 87.546 87.765 88.971 97.757 104.48 108.129 101.207 93.812 90.267 88.403 88.318 88.26 88.202 88.297 88.45 88.703 88.812 89.023 89.447 89.765 89.912 90.152 90.252 90.358 90.613 91 91.593 92.265 92.935 93.469 93.88 94.562 94.831 95.174 95.51 96.005 96.447 96.693 97.17 98.184 99.702 100.189 99.501 98.899 98.913 99.115 99.6 99.965 100.525
84.332 84.967 84.085 83.915 84.212 -9999 84.34 84.256 84.307 84.706 84.942 85.23 85.645 85.932 86.061 86.398 86.485 86.868 87.184 87.284 87.601 88.127 90.605 100.039 112.813 114.195 113.257 109.305 103.177 95.338 89.074 88.448 88.103 88.012 88.292 88.626 88.859 88.66 89.145 89.456 89.597 89.919 90.328 90.329 90.3 90.831 91.167 92.086 92.69 93.176 93.733 94.225 94.854 94.983 95.532 95.777 96.084 96.594 96.997 97.364 98.034 99.472 99.308 98.938 98.938 98.981 99.322 99.81 100.476 100.928
84.053 84.196 84.053 83.931 84.136 84.203 84.272 84.284 84.582 84.856 85.2 85.49 85.863 86.098 86.285 86.525 86.831 87.095 87.328 87.616 87.817 89.334 100.229 112.477 115.339 115.323 115.198 112.69 107.857 96.437 92.195 88.23 88.091 88.081 88.336 88.687 89.034 89.113 89.36 89.605 89.603 89.949 90.443 90.623 90.825 91.239 91.977 92.115 92.895 93.488 94.06 94.581 95.104 95.471 95.782 96.222 96.529 96.836 97.245 97.856 98.284 98.841 98.848 98.88 98.892 99.122 99.407 100.159 100.867 101.365
84.122 84.035 84.539 84.348 -9999 84.215 84.195 84.343 84.668 84.987 85.293 85.694 86.001 86.106 86.477 86.833 86.96 87.232 87.563 87.697 87.836 90.69 105.185 114.974 115.437 114.705 113.843 109.869 101.596 96.895 89.316 88.153 88.089 88.082 88.48 88.902 89.149 89.423 89.591 89.978 90.052 90.326 90.813 91.132 91.312 91.762 92.225 92.676 93.231 93.943 94.46 94.846 95.365 95.762 96.293 96.4 96.948 98.535 99.781 99.231 98.718 98.752 98.815 98.824 98.905 99.34 99.964 100.583 101.477 101.948
84.671 84.173 84.079 84.177 -9999 84.221 84.146 84.254 84.772 85.235 85.582 86.025 85.931 86.378 86.75 87.044 87.14 87.304 87.583 87.685 88.22 90.995 104.331 115.254 115.337 111.514 105.718 97.163 89.042 88.547 88.202 88.177 88.329 88.339 88.453 88.857 89.507 89.833 90.225 90.353 90.633 90.808 91.153 91.447 91.677 92.259 92.661 93.21 93.832 94.312 94.865 95.204 95.601 96.142 96.268 96.629 97.626 99.168 99.584 99.494 98.722 98.735 98.716 98.768 99.131 99.599 100.404 101.195 101.942 102.381
84.355 84.079 83.938 84.042 84.143 84.259 84.305 84.421 84.879 85.223 85.613 86.067 86.29 86.553 86.884 87.087 87.3 87.476 87.724 87.89 89.501 95.172 110.794 114.724 114.972 108.942 101.199 90.797 88.363 88.241 88.062 88.056 88.212 88.904 89.747 89.403 89.686 90.144 90.491 90.936 91.104 91.361 91.774 92.105 92.277 92.768 93.18 93.785 94.305 94.639 95.112 95.505 95.823 96.245 96.517 96.916 97.721 98.883 98.817 98.674 98.74 98.68 98.742 98.989 99.389 99.998 101.059 101.547 102.249 102.709
84.015 84.049 84.018 84.032 84.196 84.386 84.392 84.522 85.047 85.385 85.725 86.104 86.382 86.716 86.955 87.16 87.454 87.659 87.857 90.082 95.862 110.018 115.397 115.159 112.965 109.994 103.119 89.817 88.421 88.255 88.142 87.973 88.13 91.054 94.998 90.579 90.024 90.497 91.037 91.357 91.612 91.857 92.248 92.555 92.812 93.314 93.683 94.036 94.453 94.975 95.484 95.707 96.081 96.554 96.759 97.114 97.565 98.268 98.71 98.624 98.655 98.648 98.7 99.079 99.73 100.948 101.571 102.004 102.591 103.234
84.342 84.194 84.185 84.18 84.299 84.319 84.41 84.952 85.178 85.381 85.96 86.3 86.464 86.788 87.125 87.29 87.483 87.679 88.599 95.791 110.735 115.079 115.317 112.164 100.832 97.185 91.205 88.384 88.426 88.319 88.274 88.24 89.005 91.236 92.344 90.945 90.418 90.945 91.229 91.557 91.995 92.46 92.709 92.964 93.283 93.65 93.853 94.329 94.897 95.461 96.132 95.883 96.178 96.541 96.858 97.148 98.04 98.832 98.751 98.587 98.574 98.741 98.751 99.651 100.489 101.311 101.997 102.628 103.257 103.632
84.371 84.27 84.329 84.301 84.323 84.383 84.412 85.061 85.287 85.679 86.162 86.209 86.594 86.978 87.199 87.451 87.582 87.717 90.156 105.449 113.785 115.37 115.281 106.276 92.137 89.498 88.555 88.448 88.47 88.313 88.346 88.405 89.293 95.189 96.202 91.249 90.736 91.089 91.4 91.889 92.214 92.715 92.833 93.244 93.625 93.785 93.967 94.56 95.066 96.787 98.812 96.485 96.276 96.615 97.008 97.641 98.524 98.78 98.717 98.726 98.576 98.851 99.368 100.162 100.637 101.425 102.549 102.908 103.305 105.646
84.427 84.362 84.285 84.306 84.316 84.44 84.578 84.995 85.489 85.881 86.217 86.387 86.761 87.105 87.37 87.602 87.704 88.164 96.005 103.966 113.63 115.357 115.512 103.489 100.998 92.796 89.908 88.481 88.543 88.353 88.677 88.509 89.428 94.767 95.814 93.292 91.375 91.235 91.759 92.219 92.464 92.84 93.143 93.486 93.676 94.011 94.408 94.945 95.227 95.909 97.16 96.295 96.4 96.645 97.397 98.123 98.463 98.823 98.8 98.65 98.804 100.119 103.174 101.038 100.954 101.761 102.805 103.179 104.131 106.659
84.443 84.395 84.403 84.901 84.655 84.754 85.007 85.157 85.624 86.072 86.423 86.565 87.054 87.284 87.552 87.801 87.791 89.775 101.858 113.088 115.361 115.423 114.887 105.862 94.168 94.486 88.581 88.458 88.463 88.898 89.136 89.059 89.204 90.729 91.646 91.647 91.279 91.66 92.304 92.644 92.768 93.15 93.354 93.66 93.844 94.195 94.791 95.145 95.629 96.06 96.222 96.36 96.7 97.111 97.59 98.347 98.518 98.766 98.693 98.802 99.212 100.692 102.39 101.634 101.532 102.309 102.892 103.58 104.519 105.812
84.331 85.375 86.294 85.865 85.285 84.955 85.145 85.546 85.703 86.181 86.509 86.721 87.049 87.426 87.802 87.856 87.981 91.276 107.955 115.402 115.518 116.235 117.655 111.289 109.788 90.467 88.509 88.378 88.419 88.715 89.167 89.182 89.365 90.116 90.317 90.886 91.674 92.016 95.393 94.025 93.074 93.401 93.436 93.757 94.074 94.479 94.668 95.268 96.057 96.085 96.322 96.72 96.986 97.196 97.549 98.766 98.587 98.677 98.691 98.969 99.399 99.904 100.721 101.369 101.955 102.497 103.325 103.819 104.278 105.045
84.521 85.472 88.186 86.545 85.429 84.911 85.029 85.469 85.883 86.323 86.518 86.889 87.326 87.526 87.798 87.896 89.716 101.222 113.365 115.477 115.324 116.901 118.82 113.701 101.063 93.999 88.384 88.36 88.401 88.535 89.087 89.443 89.711 90.198 90.736 91.769 95.281 93.361 94.132 94.277 93.773 93.949 93.773 94.116 94.24 94.4 95.03 95.515 95.877 96.156 96.562 97.052 97.207 97.553 98.367 98.704 98.703 98.689 98.691 99.129 99.41 100.239 101.097 101.698 102.238 102.986 103.491 103.996 105.03 105.494
84.597 84.819 85.84 -9999 85.287 84.974 85.023 85.611 85.991 86.347 86.681 87.077 87.324 87.654 87.753 87.893 93.219 107.485 114.83 115.397 115.132 113.811 112.17 103.361 93.991 89.102 88.387 88.379 88.567 89.315 89.058 89.728 89.839 90.445 91.191 91.769 92.333 94.52 94.396 93.915 95.979 94.269 94.074 94.126 94.398 94.787 95.382 95.606 96.078 96.443 96.71 96.971 97.338 98.204 98.76 98.8 98.996 98.647 98.849 99.191 99.74 100.647 101.304 101.907 102.547 103.166 103.688 105.836 106.705 106.33
84.7 84.687 85.198 -9999 85.099 85.109 85.178 85.673 86.139 86.542 86.906 87.339 87.402 87.737 87.865 89.722 94.841 99.431 113.645 114.683 111.168 99.537 92.444 92.641 89.36 88.476 88.337 88.294 88.395 88.912 88.989 89.66 90.27 90.893 91.423 91.801 92.409 94.491 96.189 93.94 93.957 93.913 94.088 94.314 94.607 95.054 95.382 95.609 96.234 96.52 96.83 97.068 97.744 98.483 98.895 98.883 100.193 100.176 99.101 99.382 99.951 100.546 101.526 102.385 102.862 103.299 104.182 105.693 107.542 107.791
84.831 85.005 85.074 85.105 85.067 85.122 85.426 85.701 86.242 86.71 87.029 87.266 87.623 88.006 88.598 91.603 106.754 112.281 114.877 109.274 103.237 94.874 88.744 88.785 88.622 88.484 88.498 88.813 88.772 88.823 89.321 90.045 90.835 91.153 91.943 92.512 92.766 93.107 93.549 93.713 93.833 93.958 94.289 94.632 94.878 95.195 95.541 96.028 96.242 96.651 97.029 97.194 97.932 98.478 98.955 98.829 99.613 101.209 99.606 99.442 100.631 101.723 101.994 102.499 103.172 103.655 104.637 105.972 106.954 107.529
85.875 85.369 85.244 85.298 85.126 85.079 85.419 85.926 86.456 86.775 87.115 87.572 87.936 87.964 89.744 100.189 111.024 115.51 114.675 104.489 91.949 89.827 88.771 88.772 88.51 88.372 88.905 89.374 89.666 89.241 89.59 90.295 90.9 94.497 93.506 92.716 92.9 93.822 94.976 93.674 93.915 94.061 94.481 94.718 94.998 95.623 95.857 96.14 96.4 96.907 97.144 97.335 98.214 98.835 98.884 98.865 98.942 100.08 100.693 100.806 104.451 102.849 102.038 102.695 103.355 103.931 107.282 109.099 106.868 107.051
86.203 85.678 85.417 85.653 85.445 85.458 85.566 86.086 86.291 86.75 87.494 87.543 87.859 87.916 89.924 99.237 112.095 115.079 113.428 109.665 101.754 89.559 88.653 88.552 88.522 88.402 88.691 89.682 89.433 89.541 89.849 90.289 91.257 94.671 96.393 93.297 94.119 98.504 96.362 94.089 94.067 94.239 94.496 94.68 95.262 95.593 95.844 96.315 96.675 96.838 97.212 97.721 98.534 98.906 98.829 98.835 98.912 99.298 101.515 105.019 103.478 102.49 102.337 102.828 103.385 104.044 107.102 111.457 111.591 108.027
86.15 85.826 85.805 85.898 -9999 85.75 85.803 85.939 86.418 86.942 87.32 87.639 87.846 92.786 92.494 97.895 111.215 114.749 113.864 108.105 97.297 88.946 88.598 88.506 88.573 88.755 89.104 89.566 89.132 89.635 89.927 90.457 91.09 93.07 92.96 93.153 93.889 95.139 95.308 94.243 94.159 94.235 94.52 94.944 95.291 95.57 95.864 96.339 96.774 96.837 97.327 98.162 98.68 99.174 98.956 98.952 99.104 99.47 100.958 102.086 102.116 103.143 102.37 102.908 103.397 104.246 105.574 109.194 112.041 110.22
85.858 85.498 85.665 85.777 85.853 86.047 86.107 86.264 86.542 87.084 87.343 87.728 89.215 94.939 107.557 106.635 114.236 114.712 104.766 92.793 88.741 88.583 88.397 88.42 88.58 88.62 88.803 89.26 88.99 89.459 89.939 90.605 90.918 91.281 92.247 92.776 93.282 93.586 94.138 94.201 94.175 94.584 94.84 95.116 95.311 95.682 96.017 96.488 96.753 97.149 97.53 98.059 98.835 99.254 99.297 99.295 99.563 99.878 100.569 102.234 102.149 102.264 102.554 102.954 103.542 103.853 104.135 106.474 110.868 108.899
85.257 85.541 85.687 85.811 85.864 86.093 86.314 86.403 86.655 86.828 87.232 87.778 89.137 97.564 108.447 111.55 114.587 108.728 92.091 88.594 88.875 88.602 88.462 88.459 88.522 88.741 88.622 88.757 88.926 89.305 89.693 90.134 90.85 91.504 91.942 92.486 93.076 93.496 93.981 94.156 94.392 94.798 94.924 95.127 95.458 95.752 96.174 96.606 96.985 97.28 97.331 98.355 99.328 99.334 99.442 99.698 99.921 100.375 100.915 101.744 102.056 102.216 102.609 103.058 103.293 103.622 104.157 106.081 109.506 108.019
85.454 85.782 85.982 85.972 85.975 86.082 86.454 86.595 86.675 87.11 87.344 87.778 89.222 91.274 96.889 99.82 107.663 104.544 96.955 96.532 93.298 89.747 88.541 88.46 88.608 88.754 88.77 88.77 88.892 89.385 89.538 89.899 90.539 91.38 91.812 92.49 93.094 93.493 93.995 94.215 94.499 94.701 94.894 95.198 95.49 95.743 96.367 96.75 96.96 97.298 97.567 98.314 99.122 99.363 99.418 99.799 100.073 100.564 101.103 101.464 101.998 102.347 102.855 103.006 103.383 103.66 104.102 106.244 107.97 107.122
85.517 85.784 85.952 86.181 86.102 86.235 86.574 86.827 86.892 87.094 87.491 87.781 88.276 88.542 89.646 93.118 107.491 108.526 107.491 100.94 94.516 89.516 88.709 88.663 88.807 88.911 89.051 89.294 89.299 89.697 89.873 89.744 90.058 90.791 91.56 92.622 93.191 93.564 94.004 94.249 94.461 94.782 95.03 95.195 95.599 95.884 96.34 96.649 97.151 97.587 97.779 98.364 99.286 99.577 99.605 99.924 100.283 100.77 101.136 101.523 102.032 102.464 102.759 102.999 103.363 103.527 103.991 105.203 106.555 107.246
86.111 85.985 86.123 86.338 86.43 86.481 86.708 86.913 86.949 87.218 87.423 87.824 88.045 88.28 88.663 92.262 101.017 102.112 100.004 92.4 89.898 88.78 88.881 88.822 88.912 89.059 89.124 90.169 90.249 90.218 89.993 89.941 90.187 91.112 91.801 92.75 93.22 93.854 94.01 94.386 94.671 94.855 94.909 95.282 95.712 95.987 96.42 97.041 97.237 97.544 97.869 98.669 99.414 99.649 99.795 100.025 100.347 100.812 101.175 101.705 102.021 102.326 102.707 102.941 103.347 103.665 103.977 104.375 105.593 106.625
86.28 86.322 86.429 86.527 86.608 86.776 87.258 87.353 87.2 87.48 87.831 87.96 88.114 88.267 88.516 88.626 89.424 89.463 89.543 88.905 88.583 88.884 88.862 88.74 88.93 88.97 89.234 90.269 90.307 90.066 90.046 90.086 90.243 90.873 92.146 92.919 93.444 93.857 94.102 94.523 94.657 94.759 95.154 95.448 95.712 96.069 96.459 97.036 97.279 97.781 98.028 98.497 99.536 99.686 99.714 100.044 100.311 100.852 101.331 101.598 102.136 102.626 102.842 103.15 103.45 103.614 104.02 104.611 105.538 106.227
86.356 86.488 86.39 86.59 86.761 87.089 88.139 88.285 87.611 87.653 87.774 88.081 88.287 88.471 88.57 88.72 88.767 88.672 88.768 88.961 89.05 89.137 88.892 88.835 88.852 88.951 89.097 90.105 90.249 90.049 89.925 90.022 90.433 91.589 92.516 93.047 93.614 94.076 94.228 94.475 94.7 94.925 95.237 95.567 95.862 96.233 96.591 97.187 97.716 98.196 98.017 98.99 99.784 99.675 99.86 100.14 100.511 100.879 101.36 101.873 102.321 102.558 103.056 103.35 103.583 103.885 104.433 105.284 105.657 105.961
86.321 86.657 86.558 86.786 87.017 87.962 90.423 88.548 88.014 87.801 87.758 88.131 88.38 88.491 88.647 88.851 88.786 88.699 88.935 89.001 89.228 89.054 88.947 88.784 88.89 88.939 89.141 89.408 89.992 90.248 90.081 90.215 91.242 92.632 92.802 93.128 93.735 94.043 94.159 94.516 94.917 95.17 95.253 95.66 96.026 96.28 96.741 97.261 97.648 98.622 99.628 99.233 99.809 99.721 100.033 100.215 100.506 100.938 101.46 101.857 102.276 102.681 103.223 103.388 103.785 104.047 104.682 105.442 105.899 106.111
