dsm/se2533_DSM_2M.asc
ncols 500
nrows 500
xllcorner    425000
yllcorner    433000
cellsize     2
NODATA_value -9999
[rows 297 to 329 of 500, columns 73 to 145 of 500]
61.856 61.5 61.464 61.51 61.532 61.538 61.665 61.482 61.445 61.445 61.882 62.233 61.16 61.118 61.15 61.219 61.228 61.385 62.071 61.826 62.69 62.237 66.751 67.973 67.819 66.627 61.179 62.611 64.41 64.4 64.7 63.948 62.497 62.306 62.372 62.486 62.632 68.982 75.499 77.207 78.719 77.966 71.166 64.693 65.087 65.377 65.984 65.816 66.119 66.436 66.71 68.04 68.154 67.604 68.575 68.559 69.059 69.464 68.954 68.912 69.737 70.983 71.111 71.051 71.14 71.154 71.149 71.279 71.364 71.923 72.795 73.263 73.666
63.481 62.578 61.444 61.424 61.462 61.424 61.98 61.548 61.331 61.344 62.595 61.223 61.018 61.016 61.097 61.101 61.141 61.236 61.385 62.138 61.153 64.227 67.237 68.774 67.816 63.916 62.687 61.609 61.118 61.276 64.023 64.558 64.781 64.638 64.462 64.497 63.303 74.959 76.055 78.425 79.437 77.956 76.414 65.378 65.022 65.34 65.978 65.663 65.963 66.289 70.259 72.975 74.986 72.726 68.096 68.44 69.785 69.966 69.645 68.974 69.606 70.237 70.734 70.886 71.152 72.025 74.554 75.142 72.92 71.941 72.916 73.306 73.64
63.392 62.299 64.225 62.542 61.401 61.67 61.732 61.396 61.303 61.348 62.876 61.2 60.929 60.936 60.984 60.947 61.119 61.238 61.203 61.426 61.399 65.654 67.759 68.589 67.188 65.902 65.207 63.531 62.067 61.376 63.203 62.078 64.297 65.564 66.001 65.023 72.29 76.68 78.032 78.037 79.769 78.99 77.214 70.084 64.996 65.322 65.471 65.542 65.792 66.242 66.479 74.269 75.223 74.071 69.099 68.577 69.428 69.119 69.212 69.083 69.586 70.348 71.787 70.953 71.468 77.999 79.307 78.778 77.047 71.994 72.629 73.364 73.681
60.687 60.695 61.023 62.335 62.764 62.241 61.506 61.285 61.352 62.964 62.987 60.905 60.773 60.898 60.826 60.856 61.014 61.157 61.06 61.088 61.145 66.898 68.601 68.111 66.628 62.395 61.906 64.109 63.685 63.219 63.697 63.152 63.759 63.938 63.531 62.838 69.645 76.731 77.275 79.362 79.877 78.377 77.66 75.472 65 64.995 65.202 65.397 65.731 66.117 66.431 73.176 75.437 74.478 68.809 69.165 70.158 69.527 69.518 69.154 69.638 70.092 71.164 70.867 71.503 77.253 78.851 79.143 77.767 73.01 72.778 73.323 73.554
60.582 60.5 60.493 60.908 61.142 62.629 62.411 61.601 61.559 62.412 61.024 60.7 60.722 60.742 60.723 60.823 61.506 61.608 61.155 60.903 63.618 67.28 68.471 67.866 63.486 60.708 61.058 61.22 62.886 62.081 61.881 61.274 62.035 62.372 68.381 70.135 74.276 76.929 77.259 79.035 79.546 79.098 74.809 64.831 64.72 65.029 65.207 65.314 65.465 65.992 66.437 73.302 76.52 74.608 72.597 69.005 69.245 69.368 70.186 69.283 69.538 70.138 72.042 70.997 71.592 76.907 78.318 79.188 78.233 73.061 72.48 73.207 73.613
60.58 60.501 60.486 60.427 60.404 60.499 60.984 62.076 62.08 61.265 60.667 60.605 60.649 60.685 60.625 60.786 61.353 61.036 61.334 61.089 64.712 67.936 68.441 67.178 62.346 60.82 60.861 60.793 60.839 60.881 60.944 60.982 61.09 62.027 68.349 76.69 76.19 77.164 77.909 78.226 78.268 76.246 71.075 65.25 64.587 64.828 65.047 65.205 65.548 65.962 66.246 72.305 74.894 74.758 71.512 68.485 69.788 69.775 69.755 69.385 69.48 70.165 72.112 71.289 71.496 72.783 77.999 79.256 78.364 76.365 72.362 73.174 73.564
60.526 60.475 60.467 60.454 60.37 60.318 60.362 60.432 60.478 60.544 60.527 60.458 60.51 60.562 60.502 60.753 60.995 60.845 60.802 61.08 66.313 68.508 68.325 63.604 60.725 61.758 61.016 60.677 61.638 60.9 60.904 60.984 61.058 61.333 72.301 76.24 78.237 78.179 76.995 74.575 75.763 69.445 64.187 64.41 64.629 64.711 64.911 65.107 65.488 65.859 66.183 71.535 74.871 75.235 70.6 68.277 68.891 70.514 69.687 69.816 69.442 70.071 71.687 71.144 71.445 72.677 76.511 79.113 79.279 77.703 73.101 72.924 73.531
60.647 60.521 60.404 60.414 60.389 60.315 60.319 60.256 60.287 60.296 60.385 60.374 60.45 60.359 60.452 60.666 60.874 60.594 60.554 60.81 68.173 68.683 67.593 66.113 61.166 60.425 60.515 60.513 60.634 60.647 60.721 60.935 61.035 61.134 66.092 73.187 77.531 74.7 74.7 74.256 68.181 67.224 64.206 64.367 66.068 67.719 64.875 65.032 65.368 65.807 66.202 71.616 74.581 75.123 72.566 68.21 68.754 70.112 70.219 69.823 69.627 69.917 70.397 71.28 71.51 71.745 76.304 78.43 79.306 78.009 72.948 72.792 73.525
60.683 60.79 60.485 60.393 60.283 60.311 60.279 60.217 60.25 60.196 60.272 60.272 60.313 60.274 60.348 60.602 61.46 60.91 60.799 65.281 67.749 68.565 66.92 61.023 60.618 61.18 60.692 62.116 60.939 60.562 60.605 60.868 61.232 61.163 66.672 70.541 74.012 71.646 75.506 70.946 66.105 64.253 63.948 64.355 66.105 66.064 64.741 64.96 65.276 65.789 66.162 66.491 70.608 70.095 73.339 73.403 70.752 70.934 70.055 69.611 69.674 69.88 70.51 71.805 71.576 72.461 72.854 78.123 78.554 78.129 72.632 72.238 73.117
60.621 60.59 60.6 60.492 60.402 60.287 60.204 60.154 60.113 60.126 60.136 60.177 60.182 60.141 60.38 60.548 61.335 60.906 60.598 64.762 66.009 67.056 66.611 60.638 60.263 60.261 63.469 63.095 61.57 61.178 60.643 60.94 61.198 62.556 63.29 67.957 70.311 72.41 73.407 70.56 66.277 63.691 63.658 64.236 64.281 64.666 67.595 68.063 65.376 65.829 68.398 71.76 74.01 73.875 74.309 73.387 69.995 69.907 69.804 69.751 69.762 69.851 70.525 70.998 71.666 73.322 73.271 73.964 72.974 72.014 72.052 72.285 72.771
60.593 60.659 60.536 60.456 60.499 60.477 60.252 60.151 60.031 60.015 60.043 60.077 60.005 60.079 61.174 60.659 60.339 60.294 60.397 60.594 60.327 60.255 61.056 60.17 61.273 60.551 60.164 60.17 60.692 60.331 60.718 61.844 61.565 62.38 63.592 63.016 68.774 68.647 66.141 66.303 66.924 64.902 64.291 63.988 66.61 69.484 71.28 69.988 65.457 66.584 67.588 66.823 72.862 71.806 69.066 69.613 69.14 69.695 69.853 70.004 70.151 69.914 70.27 70.732 72.152 73.688 72.244 71.975 72.085 73.499 73.761 73.449 72.634
60.662 60.637 61.111 61.121 60.556 60.374 60.479 60.156 59.99 59.916 59.936 59.96 59.921 60.035 61.192 60.274 60.221 60.295 64.802 64.249 60.226 60.394 60.214 60.274 61.925 62.309 62.022 62.481 61.862 59.973 60.065 60.727 60.793 60.861 62.151 62.748 64.816 65.465 65.251 65.905 67.236 66.088 64.346 67.46 66.807 68.71 68.918 69.314 65.532 65.89 66.107 66.399 67.19 67.988 68.447 68.658 69.313 69.599 69.605 70.086 71.223 70.007 70.084 70.78 71.914 71.743 71.858 72.172 75.614 77.916 79.376 77.344 73.666
60.608 60.521 60.651 61.131 60.508 60.359 60.321 60.186 59.947 59.774 59.831 59.805 59.813 60.045 60.368 60.382 61.046 60.555 65.81 66.699 66.351 64.757 60.099 59.93 60.993 62.014 62.479 66.649 66.889 60.673 59.897 59.979 60.111 60.378 60.86 64.177 65.964 65.89 64.763 63.19 62.621 63.991 63.275 63.724 64.076 64.813 64.753 65.405 65.782 66.135 66.142 66.493 67.281 67.993 68.633 68.822 69.233 69.55 69.366 69.943 70.064 70.051 70.103 70.561 70.956 71.727 72.012 72.3 76.875 79.204 79.949 79.024 77.175
65.14 63.984 65.759 63.704 60.423 60.426 61.06 60.352 59.717 59.643 59.703 59.687 59.742 60.729 59.857 59.866 60.263 63.517 67.216 67.753 66.66 64.259 59.998 59.763 59.742 60.731 61.333 65.469 66.117 60.843 59.844 59.96 60.413 62.633 61.034 65.343 65.848 65.251 63.702 62.257 62.644 63.038 63.549 63.853 64.277 64.658 65.031 65.554 65.892 66.251 66.222 66.56 67.357 67.977 68.485 68.919 69.248 69.434 69.337 69.317 70.266 70.435 70.201 70.375 71.03 72.115 71.806 72.308 73.416 78.017 79.706 79.598 78.417
66.731 66.052 66.74 66.056 61.233 60.87 61.415 59.685 59.573 59.562 59.544 59.554 59.71 60.012 59.893 59.926 59.932 64.967 66.893 67.522 65.969 61.621 60.148 59.761 59.69 59.643 59.871 61.233 60.485 60.802 61.139 61.051 66.777 70.196 69.648 65.948 65.986 62.483 61.916 62.352 62.758 63.196 63.589 63.973 64.477 65.033 65.494 65.81 66.151 66.254 66.179 66.618 67.339 67.99 68.447 68.884 69.204 69.263 69.143 68.886 70.052 70.207 70.245 70.307 70.867 71.482 71.856 72.168 72.395 76.111 78.751 79.839 79.048
66.56 67.268 66.754 62.743 60.226 60.16 61.535 59.512 59.435 59.455 59.442 59.492 59.661 59.655 60.414 59.682 59.805 65.58 66.604 66.661 65.581 60.621 59.642 59.671 60.264 59.655 59.418 59.423 59.474 59.583 59.608 60.817 66.605 70.484 70.251 64.458 63.999 62.081 61.851 62.32 62.829 63.329 63.733 64.33 64.795 65.314 65.865 66.163 66.246 66.296 66.145 66.772 67.494 67.938 68.364 68.836 69.096 69.074 68.887 69.319 70.179 70.384 70.378 70.42 70.54 71.241 72.231 72.129 72.354 74.559 78.41 79.562 79.881
61.989 65.817 63.12 60.215 60.148 60.818 59.741 59.359 59.319 59.32 59.36 59.429 59.641 59.991 60.459 59.52 59.425 61.082 65.087 65.554 62.415 59.971 59.462 59.36 59.612 59.325 60.787 60.08 59.529 59.512 59.873 59.655 66.752 68.975 66.956 63.402 61.836 61.472 61.865 62.337 62.899 63.369 63.949 64.476 65.002 65.58 66.049 66.29 66.324 66.307 66.132 66.782 67.406 67.919 68.572 68.783 68.896 68.943 70.54 70.085 68.732 70.163 70.448 70.478 70.536 71.15 71.455 71.991 72.361 72.469 76.438 78.662 80.03
60.248 61.12 61.61 60.164 60.075 61.146 59.592 59.213 59.192 59.231 59.273 59.424 59.566 59.484 59.863 59.824 59.458 59.391 59.262 60.337 60.292 59.644 61.078 59.847 59.728 59.299 60.232 59.326 60.919 60.736 60.456 60.016 62.408 64.128 64.033 60.923 61.046 61.471 61.811 62.328 62.917 63.456 64.094 64.61 65.124 65.689 66.075 66.302 66.314 66.323 66.303 66.911 67.467 67.88 68.436 70.719 69.167 70.223 73.781 71.906 68.817 70.249 70.636 70.648 70.665 70.847 71.392 71.698 72.34 72.457 72.503 77.391 79.292
60.094 60.069 60.041 59.98 60.585 61.046 59.378 59.079 59.124 59.133 59.233 59.994 59.733 59.747 62.72 64.789 63.759 62.94 61.883 59.317 59.396 60.577 61.201 61.471 60.486 59.358 59.997 59.263 59.232 60.616 61.621 62.443 64.692 64.823 64.005 61.133 61.032 61.373 61.925 62.329 62.919 63.515 63.975 64.634 65.226 65.641 66.093 66.234 66.289 66.327 66.227 66.878 67.356 68.024 69.901 73.085 75.073 75.701 75.019 72.908 68.844 69.504 70.793 70.671 70.92 70.81 71.398 71.676 72.58 72.432 72.455 76.066 75.49
61.559 59.849 59.947 59.965 61.046 59.701 58.996 58.94 58.983 59.026 59.2 60.062 59.667 59.984 63.816 65.359 65.52 65.038 63.353 59.075 59.076 59.056 59.386 59.155 59.595 59.65 59.542 59.593 59.747 60.78 62.422 64.797 64.672 63.771 60.859 60.62 60.981 61.318 61.829 62.361 62.973 63.454 64.103 64.568 65.01 65.639 66.046 66.153 66.286 66.291 66.3 68.832 69.034 68.027 68.561 69.338 74.24 75.435 75.458 74.12 69.137 69.077 70.506 71.009 71.653 70.892 70.987 71.564 72.504 73.315 75.604 75.114 72.813
62.63 62.569 62.316 61.617 61.41 59.259 58.837 58.865 58.88 59.009 59.189 59.996 59.238 60.017 64.552 65.582 65.922 64.909 60.125 59.1 58.951 58.913 59.066 59.065 58.942 58.894 59.755 59.36 59.142 59.111 62.442 63.477 63.261 62.908 60.403 60.81 61.051 61.359 61.792 62.266 62.923 63.359 63.95 64.581 65.081 65.663 66.049 66.217 66.218 66.403 66.29 68.854 67.486 67.854 67.967 68.379 72.792 75.062 75.663 74.668 72.936 68.923 68.875 70.955 71.139 70.907 71.009 71.146 71.797 73.306 75.489 73.888 73.013
61.997 62.546 62.636 62.624 60.901 58.869 58.766 58.769 58.803 58.792 59.131 59.47 59.122 62.795 64.851 66.219 65.72 64.643 59.019 59.33 58.89 58.883 58.849 58.825 58.649 59.475 59.541 58.815 60.514 61.089 62.008 61.098 60.813 64.215 66.157 67.826 64.385 61.515 61.782 62.277 62.876 63.3 63.891 64.436 64.989 65.456 65.899 66.181 66.212 66.342 66.362 66.27 66.846 67.52 68.041 68.174 71.125 74.553 75.485 75.326 73.225 69.025 68.781 71.756 73.253 71.048 71.038 71.134 71.496 71.994 72.826 73.013 73.112
58.196 59.499 62.035 61.556 59.729 58.749 58.638 58.629 58.673 58.711 59.237 59.081 59.136 62.81 65.121 65.957 65.275 60.675 58.916 59.931 59.194 58.803 58.747 59.618 59.511 59.996 60.007 60.905 62.248 61.166 60.197 59.775 64.037 68.419 67.953 65.128 68.052 62.512 61.624 62.105 62.741 63.28 63.81 64.35 65.006 65.365 65.811 66.116 66.222 66.336 66.427 66.316 66.924 67.303 67.673 68.015 68.218 72.916 75.116 75.614 74.21 70.854 70.93 73.123 75.154 71.95 71.128 71.144 71.243 71.711 72.182 73.258 72.923
58.13 58.218 58.371 59.518 58.536 58.488 58.52 58.587 58.576 58.639 58.933 59.038 59.022 63.341 64.459 65.032 64.898 60.5 58.636 58.562 58.617 58.6 58.559 58.828 59.337 59.462 58.877 59.894 61.445 60.019 59.574 59.766 64.811 68.84 70.15 70.329 68.138 62.588 61.509 62.068 62.579 63.123 63.774 64.288 64.775 65.35 65.798 66.012 66.267 66.331 66.453 66.529 67.466 67.35 67.477 67.753 68.433 72.131 74.171 74.128 69.581 71.319 70.225 70.625 73.024 71.262 71.166 71.271 71.279 71.511 72.031 72.511 73.536
58.086 58.146 58.281 58.404 58.336 58.377 58.427 58.421 58.452 58.665 58.805 58.881 59.452 59.132 58.897 60.466 63.943 58.837 58.606 58.574 58.933 58.613 58.674 58.432 58.558 59.306 60.019 61.281 60.171 59.48 59.985 59.959 61.116 67.68 69.216 69.351 64.741 61.171 61.448 61.914 62.489 63.1 63.541 64.151 64.805 65.191 65.547 65.966 66.232 66.337 66.399 66.585 66.385 67.611 67.296 67.719 69.583 68.721 68.574 68.72 68.886 69.242 69.482 69.908 70.559 71.159 71.584 72.63 71.535 71.415 71.599 72.308 72.709
58.091 58.92 58.577 58.226 58.218 58.22 58.283 58.28 58.307 58.761 58.751 58.642 62.143 59.31 59.494 58.676 58.634 58.606 58.897 59.672 60.725 59.986 58.604 58.464 58.41 58.593 60.623 59.282 60.693 62.215 66.046 66.873 64.82 60.922 66.699 63.896 63.41 61.786 61.451 61.895 62.359 62.875 63.404 63.881 64.418 65.059 65.401 65.833 66.113 66.294 66.372 66.525 66.489 66.592 68.604 68.389 68.278 68.447 68.646 68.835 68.983 69.218 69.454 69.796 70.412 70.921 71.525 71.754 71.694 71.505 71.61 71.917 72.446
58.455 59.39 59.283 58.192 58.066 58.133 58.162 58.202 58.334 58.702 58.825 58.778 63.74 64.14 63.157 61.205 59.411 58.358 58.696 59.086 60.292 60.514 60.26 59.832 58.824 59.795 59.113 59.056 59.383 67.254 67.529 68.107 62.694 61.675 61.161 61.096 60.726 60.857 61.23 61.705 62.239 62.57 63.194 63.561 64.224 64.764 65.261 65.702 66.01 66.183 66.336 66.467 66.613 66.473 67.082 67.421 67.868 68.345 68.7 68.857 68.979 69.144 69.375 69.697 70.116 70.716 71.174 71.529 71.605 71.548 71.631 71.725 72.126
60.364 58.509 58.377 58.098 57.987 58.028 58.033 58.052 59.065 58.87 58.93 61.338 64.106 65.208 64.649 63.604 58.79 58.249 58.262 58.185 58.406 59.044 59.163 58.792 59.759 59.749 59.201 59.101 65.397 67.759 68.225 68.149 67.244 64.866 60.989 60.667 60.704 60.909 60.993 61.417 61.973 62.26 62.9 63.387 63.976 64.395 65.037 65.42 65.792 66.121 66.314 66.376 66.578 66.563 66.739 67.179 67.562 68.118 68.563 68.775 68.926 69.005 69.392 72.971 69.894 70.306 70.746 71.498 71.754 71.692 71.721 71.765 71.835
59.321 58.565 58.11 57.846 57.901 57.917 57.938 58.016 58.348 59.634 62.663 63.012 64.666 65.214 64.452 62.418 58.28 58.433 58.222 58.2 58.203 60.064 60.18 59.635 58.876 59.273 58.825 58.98 61.139 67.212 68.236 67.515 67.019 61.921 60.633 60.708 60.752 60.675 60.741 61.189 61.681 62.125 62.64 63.181 63.701 64.356 64.906 65.248 65.692 65.995 66.22 66.344 66.572 66.7 66.577 67.039 67.413 67.946 68.463 68.693 72.252 74.018 74.988 73.85 69.857 70.253 70.511 71.209 71.718 71.885 71.854 71.847 72.062
58.305 57.969 57.806 57.72 57.78 57.83 57.834 57.962 58.932 58.668 58.717 63.818 64.807 65.08 63.983 62.459 58.664 58.185 58.228 58.21 58.142 58.141 58.512 59.653 59.036 58.828 58.82 59.041 59.104 60.767 64.65 64.889 61.862 62.334 60.614 60.683 60.574 60.725 60.904 61.145 61.571 62.058 62.417 62.87 63.474 64.065 64.505 64.989 65.518 65.814 66.075 66.283 66.485 66.66 66.647 66.901 67.247 67.843 68.242 69.129 73.55 75.705 76.109 75.161 72.913 69.924 70.25 70.599 71.286 71.795 72.005 72.306 73.383
58.074 58.035 57.62 57.657 57.71 57.654 57.74 58.26 58.347 58.584 60.977 64.311 64.745 64.834 63.582 58.299 60.772 59.77 59.293 58.336 60.544 62.493 58.393 61.295 60.138 58.614 58.832 58.998 59.091 59.183 59.935 59.8 59.739 60.187 60.242 60.462 60.684 60.909 60.922 61.126 61.363 61.767 62.169 62.593 63.149 63.595 64.319 64.779 65.216 65.635 65.97 66.19 66.382 66.622 66.8 66.737 67.701 67.433 67.646 67.995 73.048 75.203 76.195 75.57 74.613 69.811 71.048 72.798 70.85 71.236 71.89 72.186 72.13
58.339 57.806 57.426 57.492 57.589 57.556 57.742 58.715 58.272 58.128 59.23 60.752 63.585 64.133 62.635 58.141 58.158 57.912 59.259 59.941 63.052 62.591 62.658 62.635 61.755 58.689 58.848 58.932 59.083 59.075 59.133 59.214 59.325 59.67 59.93 60.428 60.723 60.994 60.934 60.954 61.156 61.433 61.801 62.276 62.91 63.417 63.892 64.376 65.019 65.458 65.752 66.075 66.203 66.547 66.763 66.788 67.207 67.388 67.492 67.751 68.276 74.753 75.74 76.016 74.669 76.782 76.355 74.667 70.749 70.905 71.575 72.034 72.225
57.665 57.373 57.302 57.474 57.508 57.499 57.661 58.461 58.025 58.075 58.019 58.014 58.024 59.552 58.667 58.958 57.968 57.792 58.12 58.06 58.934 59.786 62.551 62.669 59.735 60.998 58.901 58.851 58.952 58.985 59.147 59.206 59.22 59.356 59.69 60.094 60.453 60.705 60.859 60.921 60.989 61.317 61.465 61.975 62.454 62.974 63.714 64.142 64.538 64.959 65.382 65.723 65.987 66.307 66.687 66.952 66.872 69.039 67.519 67.855 68.054 72.712 75.152 71.463 74.945 76.556 76.43 75.477 71.936 70.489 71.121 71.5 72.148
