dsm/se2539_DSM_2M.asc
ncols 500
nrows 500
xllcorner    425000
yllcorner    439000
cellsize     2
NODATA_value -9999
[rows 420 to 449 of 500, columns 67 to 133 of 500]
157.89 158.512 158.843 158.322 158.152 157.938 -9999 159.155 159.381 159.564 159.078 158.587 158.54 158.265 160.74 162.034 159.491 159.626 158.596 161.313 164.289 164.684 164.873 165.607 166.071 165.596 165.013 164.757 164.338 163.067 163.283 162.324 161.388 159.467 161.455 160.964 161.205 159.827 159.685 159.766 159.863 160.184 159.89 159.571 159.663 159.897 159.896 159.975 160.168 160.432 161.048 161.268 161.309 161.361 161.402 161.193 161.03 161.177 162.198 162.674 161.966 161.875 161.957 162.099 162.317 162.231 162.194
158.226 159.454 161.165 158.642 158.237 157.722 157.853 159.224 159.987 161.835 159.018 158.084 157.782 157.902 159.039 158.916 158.601 158.181 158.702 161.39 163.715 162.982 163.317 163.959 163.822 163.072 163.278 163.012 159.446 158.826 159.157 159.532 158.598 158.511 159.467 162.305 161.235 160.278 159.891 159.686 159.572 159.586 159.887 159.561 159.486 159.616 159.737 159.809 159.881 160.139 160.396 160.451 160.972 160.952 160.729 160.846 161.148 161.426 162.253 162.243 161.861 161.782 161.967 162.129 162.204 162.228 162.155
161.323 161.483 161.926 160.082 157.995 157.347 157.436 158.518 159.046 159.381 158.085 157.665 157.54 157.638 157.935 158.177 157.99 157.977 158.334 159.26 158.801 159.359 159.207 159.872 159.837 159.765 161.171 161.105 160.066 158.754 158.646 158.766 158.566 158.768 160.443 160.964 162.222 160.374 160.198 159.754 159.171 159.137 159.541 159.5 159.505 159.595 159.721 159.678 159.737 159.947 160.049 160.133 160.404 160.633 160.647 160.894 161.297 161.487 161.829 161.895 161.852 161.911 161.982 161.938 161.937 162.074 162.116
159.994 160.879 161.523 159.876 157.66 157.438 157.128 157.714 158.142 158.021 157.778 157.394 157.454 157.549 157.692 157.692 157.737 157.763 158.736 159.228 158.693 158.008 158.819 159.021 158.893 158.576 158.897 159.659 159.959 159.148 158.505 158.66 159.148 159.084 159.521 159.826 159.166 159.057 159.221 159.132 159.026 158.966 159.318 159.406 159.392 159.397 159.568 159.651 159.697 159.895 159.92 160.079 160.127 160.434 160.592 160.744 161.232 161.391 161.317 161.628 161.928 161.646 162.458 162.15 161.841 161.776 161.858
158.071 157.832 157.919 158.688 157.597 157.128 156.829 157.013 157.767 157.976 157.85 157.854 157.906 157.368 157.366 157.498 157.555 157.814 158.617 159.267 159.44 159.481 160.169 159.27 159.078 158.509 158.241 158.375 159.13 159.165 158.796 158.375 158.384 158.7 158.547 158.547 158.632 158.786 158.903 158.754 158.709 158.888 159.105 159.332 159.211 159.149 159.577 159.779 159.87 159.819 159.852 159.972 160.112 160.412 160.542 160.655 161.205 161.779 161.368 161.376 161.45 161.63 162.002 161.681 161.629 161.562 161.486
158.802 157.794 158.407 158.257 157.552 156.995 156.773 156.858 157.078 157.616 157.788 157.849 157.816 157.477 157.435 157.583 157.453 157.899 158.524 160.192 160.081 160.865 159.974 158.844 158.265 158.049 157.678 158.267 158.529 158.326 158.266 158.245 158.607 159.03 158.464 158.473 158.537 158.668 -9999 158.787 158.794 158.855 -9999 159.379 159.345 159.56 159.913 159.829 160.145 160.451 160.784 160.243 160.316 160.431 160.544 160.747 160.864 161.186 161.241 161.204 161.269 161.435 162.141 161.113 161.569 161.539 161.966
158.647 157.961 157.943 158.328 157.547 156.966 156.775 156.757 -9999 -9999 -9999 -9999 -9999 157.539 157.486 157.734 157.521 157.684 158.135 158.95 158.072 158.774 158.332 157.745 157.645 157.939 158.269 158.314 158.3 158.261 158.273 158.409 158.743 159.06 158.784 158.499 158.289 158.227 -9999 -9999 -9999 -9999 159.023 159.158 159.351 159.998 160.282 160.525 160.062 160.409 160.576 160.29 160.394 160.289 160.257 160.437 160.513 160.815 161.229 161.041 161.815 162.553 162.942 162.493 163.319 164.655 166.373
157.682 157.062 157.588 158.491 157.47 156.949 156.785 156.659 156.574 -9999 -9999 -9999 -9999 -9999 157.058 157.009 157.004 157.017 157.042 157.339 157.417 157.3 157.195 157.181 157.53 157.983 158.213 158.199 -9999 158.451 158.542 158.632 158.723 158.492 158.182 158.272 157.988 158.016 158.12 158.194 158.316 -9999 159.506 158.867 158.836 159.683 159.509 159.605 159.489 159.718 159.984 160.13 160.738 161.033 160.537 162.447 162.438 161.402 161.861 164.14 163.28 166.302 167.066 167.03 166.733 168.044 167.916
156.425 156.203 156.51 157.253 157.402 156.766 156.672 156.449 156.396 -9999 -9999 -9999 -9999 156.502 156.61 156.656 156.677 156.6 156.65 156.753 156.841 156.907 156.909 157.027 157.401 157.812 157.929 157.949 158.026 158.4 158.723 158.845 158.618 158.517 158.305 158.295 157.958 158.007 158.055 158.014 158.668 -9999 160.108 160.287 159.576 159.623 159.526 159.594 159.962 161.723 160.672 162.021 160.789 163.993 164.242 165.576 165.301 162.229 161.435 164.733 167.746 167.895 168.048 167.66 167.723 167.819 167.64
157.17 155.896 155.951 156.905 157.718 156.922 156.463 156.308 156.243 156.006 155.844 155.829 155.84 156.113 156.298 156.346 156.536 156.464 156.563 156.499 156.704 156.965 157.085 157.095 157.507 157.609 157.697 157.531 157.686 158.399 158.871 158.835 158.344 158.845 158.72 158.414 158.303 158.332 158.153 158.136 159.11 160.561 160.781 161.458 161.73 160.155 159.985 159.545 159.756 162.404 165.3 165.75 164.944 164.961 166.617 166.473 165.226 161.778 161.242 165.958 167.625 167.052 165.171 165.902 164.204 164.909 165.641
158.024 155.834 155.91 156.114 157.141 156.807 156.178 155.946 155.988 155.868 155.819 155.861 155.822 155.95 156.183 156.39 156.619 156.524 156.809 156.846 156.908 157.091 157.763 157.677 158.09 157.773 157.645 157.363 157.464 157.852 157.955 158.048 158.178 158.698 159.21 159.206 158.855 158.718 -9999 158.181 158.932 160.342 160.641 162.396 163.408 163.327 160.091 159.382 159.893 164.455 166.753 166.603 166.344 166.211 165.425 165.577 164.444 162.192 163.159 164.562 164.775 162.792 161.976 162.377 161.08 161.358 161.348
157.53 155.979 155.753 155.734 156.127 156.426 156.078 155.897 155.753 155.586 155.585 155.702 155.781 155.919 156.111 156.472 156.893 157.224 157.443 157.586 157.099 156.88 157.201 157.616 157.786 157.7 158.726 158.433 158.156 157.592 157.66 158.052 158.156 159.171 159.838 159.17 159.291 159.169 158.498 158.117 158.294 159.426 160.447 159.728 161.869 160.643 159.484 159.296 160.173 165.437 165.819 165.28 163.848 162.886 162.759 162.167 161.046 160.019 161.381 162.094 161.238 160.797 160.949 161.121 160.848 160.843 161.031
156.508 155.605 155.415 155.329 155.858 156.313 155.963 155.801 155.447 155.384 155.43 155.418 155.543 155.824 156.12 156.554 156.534 156.838 157.309 157.785 156.888 156.704 157.065 158.629 158.647 160.555 161.803 161.408 160.934 158.395 158.357 159.173 159.649 159.601 160.008 159.034 159.356 159.108 158.466 157.972 157.963 158.83 159.678 158.999 158.745 159.203 159.869 159.742 160.175 162.314 164.522 164.081 161.96 159.851 159.7 160.071 159.763 159.981 160.903 160.72 160.842 160.655 160.783 161.433 161.003 160.668 160.769
158.205 155.597 155.239 155.324 156.011 156.833 156.075 155.554 155.118 155.18 155.333 155.349 155.39 155.59 155.778 155.992 155.994 156.178 156.441 156.6 156.494 156.592 159.416 161.691 162.269 162.41 163.212 162.909 162.657 161.504 159.436 159.027 158.673 158.027 157.708 158.333 158.996 159.174 158.232 157.829 157.893 158.108 158.253 158.56 158.55 158.644 159.139 159.933 159.058 159.566 160.43 160.725 160.225 159.71 159.682 159.652 159.768 160.401 160.819 160.466 160.353 160.395 160.461 160.568 160.598 160.612 160.738
160.175 156.934 155.169 155.257 155.659 156.136 155.781 155.246 155.074 155.109 155.257 155.263 155.22 155.316 155.491 155.541 155.543 155.591 155.818 156.091 156.243 157.479 160.997 162.867 162.288 162.596 162.5 161.448 161.333 161.353 158.377 157.466 157.317 156.983 157.107 157.61 158.031 158.436 158.122 157.898 157.847 158.051 158.196 158.313 158.357 158.493 158.597 158.529 158.768 158.845 159.614 160.19 160.173 159.79 159.706 159.532 159.526 159.808 160.071 160.112 160.248 160.22 160.309 160.208 160.387 161.247 161.737
159.239 156.139 154.939 155.135 155.161 155.711 155.488 155.018 154.936 154.908 155.079 155.138 155.047 155.155 155.351 155.378 155.127 154.964 155.409 156.117 156.457 157.484 160.962 159.101 159.156 158.917 160.677 157.976 157.458 158.017 157.602 157.989 158.961 158.668 157.885 157.361 157.384 157.736 157.942 157.92 157.856 158.043 158.475 158.446 158.262 158.449 160.079 159.679 161.95 160.498 158.983 159.423 160.634 160.316 160.076 159.443 159.422 159.661 159.808 160.169 160.247 160.207 160.365 160.241 160.26 160.964 161.04
156.103 154.816 154.719 154.739 154.767 155.249 155.415 155.041 154.728 154.619 154.784 155.112 155.143 155.08 155.107 155.169 154.791 154.621 155.815 156.667 157.793 157.407 157.617 157.746 156.678 156.735 157.227 156.734 156.606 156.682 156.819 158.195 161.284 162.3 160.881 159.276 157.348 158.048 157.744 157.754 157.813 158.09 158.208 158.52 158.337 158.767 160.602 163.74 164.24 161.565 158.568 159.02 159.741 159.821 160.703 159.843 159.499 159.637 159.816 160.205 160.296 160.618 160.311 160.083 160.323 161.383 161.234
156.554 154.721 154.41 154.494 154.779 155.489 155.471 154.885 154.553 154.467 154.666 155.284 155.509 154.972 154.785 154.737 154.415 155.073 158.238 159.908 160.101 156.626 156.144 156.092 156.042 156.32 156.904 156.669 156.876 157.331 156.771 157.762 159.208 162.065 162.701 161.841 158.944 158.394 158.086 157.715 157.575 157.837 157.701 158.82 158.222 158.41 161.692 164.68 162.399 159.054 158.124 159.009 159.108 159.195 160.036 159.55 159.831 161 160.381 160.329 160.486 160.401 159.92 160.002 160.593 161.652 162.197
159 155.509 154.57 154.469 154.698 155.692 155.434 154.656 154.453 154.348 154.558 155.061 155.154 154.777 154.661 154.56 154.6 155.685 160.593 161.068 158.285 155.634 155.465 155.663 155.959 157.347 159.236 159.074 157.654 157.352 157.262 158.135 160.374 162.038 163.274 162.059 158.616 157.865 158.011 157.444 157.19 157.536 157.894 158.033 157.894 158.581 162.736 164.521 160.51 159.008 158.809 159.841 159.803 160.03 161.729 163.491 161.473 161.483 161.288 160.485 160.366 160.304 159.855 159.715 160.057 161.113 163.63
159.622 158.22 154.88 154.375 154.437 154.603 154.785 154.538 154.31 154.249 154.395 154.627 154.566 154.556 154.52 154.505 154.603 157.536 160.965 160.581 156.412 154.811 155.151 155.368 155.811 158.286 160.634 159.405 157.504 157.011 157.152 157.843 158.745 162.136 163.176 161.552 157.68 157.517 157.506 157.362 157.198 157.216 157.626 157.647 157.774 158.998 162.572 163.842 161.71 160.272 158.312 159.218 158.913 160.346 161.087 160.834 159.597 159.721 159.397 159.171 159.433 159.701 160.411 159.501 159.358 160.088 164.079
160.176 157.947 155.193 154.548 154.131 154.256 154.368 154.455 154.179 154.14 154.17 154.284 154.333 154.354 154.378 154.356 155.301 158.977 161.048 159.337 155.5 154.739 154.926 155.324 155.749 158.763 159.326 158.392 156.173 156.003 156.645 156.941 158.586 162.522 163.37 161.334 158.019 157.247 157.26 157.345 157.175 156.917 157.028 157.32 157.517 158.989 160.402 162.405 163.263 159.361 158.375 158.456 158.724 158.931 158.655 158.846 158.913 158.739 158.811 158.977 159.547 160.506 160.04 158.987 158.997 159.336 162.17
160.182 157.098 154.998 154.664 153.818 154.085 154.254 154.301 154.141 154.056 154.01 154.115 154.225 154.294 154.336 154.656 155.828 160.599 160.71 157.74 154.742 154.583 155.056 155.278 155.836 156.361 156.271 156.43 155.867 155.912 156.345 156.785 159.103 162.054 162.971 161.741 158.267 157.282 157.084 157.084 156.916 156.567 156.74 157.183 157.713 158.992 160.689 162.662 164.201 162.313 158.223 157.936 158.228 158.132 158.185 158.236 158.696 158.645 158.741 159.415 159.165 159.475 158.801 158.512 158.581 158.892 159.226
159.925 157.313 154.2 153.933 153.781 153.908 154.076 154.128 153.96 153.826 153.86 153.988 154.147 154.193 154.315 154.579 158.426 161.054 160.389 155.408 154.549 154.551 155.216 155.803 155.416 155.9 155.839 155.57 155.682 155.853 156.029 156.37 157.692 158.386 159.802 159.429 158.502 157.374 156.963 156.913 156.655 156.505 156.656 157.135 157.492 158.661 160.038 161.379 164.526 161.644 158.199 158.076 157.987 158.009 157.978 158.047 158.21 158.242 158.261 158.275 158.267 158.351 158.287 158.265 158.279 158.533 158.549
159.536 157.265 154.396 153.727 153.599 153.634 153.911 153.951 153.751 153.562 153.674 153.843 154.036 154.079 154.142 155.12 158.526 160.681 158.769 155.252 154.412 154.65 154.871 155.314 155.049 155.901 155.654 155.258 155.544 155.563 155.62 156.225 157.094 157.483 157.064 157.087 157.506 156.829 156.909 156.786 156.522 156.403 156.513 157.002 157.463 157.93 158.344 158.466 159.6 159.899 158.487 157.969 157.656 157.504 157.721 157.683 157.59 157.597 157.714 157.831 157.751 157.794 157.73 157.807 158.071 157.916 157.961
156.964 154.637 153.927 153.463 153.318 153.541 153.625 153.662 153.607 153.586 153.616 -9999 153.933 153.943 154.132 155.022 157.431 156.696 156.639 155.098 154.901 154.864 154.882 154.985 155.026 155.059 155.148 154.973 155.13 155.3 155.433 156.088 156.89 157.224 156.034 155.704 156.28 156.686 157.335 156.71 156.433 156.312 156.31 156.616 156.953 157.423 157.673 157.908 158.174 157.942 157.775 157.537 157.212 157.444 159.992 157.943 157.402 157.934 157.53 157.441 157.799 157.635 158.003 159.442 160.414 158.759 157.89
155.273 154.504 153.334 153.359 153.426 153.593 153.425 153.396 153.316 153.408 -9999 153.73 153.816 153.82 153.827 155.081 155.569 155.837 156.262 155.864 155.24 155.045 155.861 156.178 156.662 156.04 155.073 154.88 155.027 155.183 155.26 155.441 155.564 157.079 157.933 157.313 156.082 156.301 156.723 156.556 156.378 156.105 156.194 156.374 156.856 157.059 157.836 157.662 157.641 157.641 157.614 157.975 157.587 159.234 162.023 158.848 160.993 162.57 160.231 160.665 159.382 157.731 159.582 161.851 160.466 161.639 160.647
154.421 154.676 154.985 154.035 153.63 153.669 153.242 153.239 153.186 153.186 -9999 153.713 154.024 153.954 154.481 156.106 155.895 155.957 156.331 154.14 154.353 154.319 155.33 156.951 157.955 156.424 154.802 154.772 154.981 155.025 155.11 155.215 155.913 159.137 161.794 159.804 156.456 155.913 156.205 156.395 156.365 156.003 156.225 156.701 156.896 157.345 158.791 158.645 158.159 157.879 157.832 158.875 159.598 163.316 163.765 163.416 164.376 164.226 162.729 159.606 158.619 158.816 160.156 163.237 163.273 163.834 164.461
155.396 157.075 158.384 156.901 152.925 152.633 152.991 153.18 153.107 152.975 -9999 153.577 153.871 153.535 155.122 157.169 157.272 157.77 155.399 153.788 153.791 153.83 154.321 154.891 155.063 155.82 154.811 154.739 154.936 154.978 155.041 155.275 156.459 160.466 161.714 160.27 156.943 156.407 156.449 156.449 156.694 156.859 156.704 156.805 156.904 157.141 157.59 158.526 157.261 157.385 157.553 158.631 159.628 161.693 162.911 163.608 163.801 163.521 162.883 161.742 158.907 159.366 163.234 163.66 163.755 163.998 164.01
153.85 157.557 158.577 156.247 152.885 152.478 153.153 153.172 153.012 152.794 152.982 153.444 153.772 154.069 154.801 156.193 158.142 157.99 154.33 153.508 153.722 153.812 153.912 154.252 154.675 156.018 155.444 154.795 154.747 154.937 154.959 155.106 157.695 160.907 161.739 160.506 159.387 157.281 156.859 156.292 156.798 157.263 156.862 156.844 156.82 156.85 156.922 157.024 156.756 156.774 156.839 157.262 158.699 159.476 159.133 159.653 158.51 159.34 161.8 159.87 157.158 157.251 157.935 159.561 161.519 161.252 161.45
154.005 157.866 158.694 155.284 152.612 152.436 153.516 153.022 152.766 152.632 152.827 153.307 153.748 153.83 155.099 157.491 158.719 158.964 156.23 153.943 153.696 153.768 153.879 154.127 154.839 155.651 155.55 154.657 154.568 154.746 154.884 155.162 157.342 160.579 161.28 161.048 160.097 157.547 156.12 156.17 155.995 156.246 156.494 156.761 156.74 156.678 156.843 156.577 156.409 156.52 156.591 156.772 157.102 157.426 157.163 157.112 157.036 157.003 157.488 157.232 157.111 157.072 157.123 157.193 157.943 157.291 157.369
