dsm/se2537_DSM_2M.asc
ncols 500
nrows 500
xllcorner    425000
yllcorner    437000
cellsize     2
NODATA_value -9999
[rows 62 to 92 of 500, columns 280 to 349 of 500]
86.497 86.62 86.804 86.939 87.048 87.531 88.447 87.323 87.704 87.873 88.13 88.149 88.312 88.676 88.726 88.513 88.821 89.061 89.008 88.983 89.111 89.165 89.052 88.931 89.101 89.085 89.095 89.046 90.132 91.031 90.91 90.688 91.637 92.706 92.701 93.408 93.858 93.987 94.369 94.738 94.937 95.06 95.305 95.705 95.91 96.573 97.205 97.378 97.681 101.218 105.261 103.155 101.752 100.264 100.274 100.405 100.734 101.14 101.343 101.767 102.211 102.84 103.112 103.385 103.714 104.018 104.742 105.627 106.04 106.163
86.375 86.81 86.9 87.093 87.236 87.362 87.367 87.339 87.614 87.988 88.212 88.344 88.554 88.464 88.508 88.69 89.146 89.093 89.116 89.219 89.89 90.745 90.305 89.5 89.323 89.043 89.061 89.209 90.381 91.235 90.799 90.81 91.626 92.616 93.148 93.504 93.783 94.125 94.464 94.583 94.893 95.281 95.407 95.713 96.122 96.826 97.338 97.509 98.168 103.468 105.675 103.559 101.523 100.099 100.129 100.537 100.935 101.04 101.351 101.796 102.376 102.82 103.181 103.557 103.86 103.989 104.971 105.811 106.145 106.163
86.494 86.906 87.146 87.397 87.326 87.417 87.347 87.69 87.989 88.152 88.337 88.483 88.509 88.429 88.891 89.097 89.278 89.344 89.376 90.581 91.577 91.574 91.195 90.128 90.475 89.673 89.143 89.559 90.25 90.88 90.524 91.128 92.265 92.873 93.102 93.507 93.962 94.233 94.421 94.672 95.096 95.336 95.493 95.909 96.251 96.45 96.994 97.729 98.396 99.341 101.992 103.548 103.413 100.816 100.36 100.676 100.928 101.183 101.608 102.056 102.312 102.839 103.39 103.654 103.936 104.466 105.072 105.483 105.984 106.253
86.44 87.189 87.181 87.195 87.272 87.495 87.776 87.941 88.209 88.276 88.392 88.568 88.52 88.688 88.884 89.098 89.433 89.588 89.648 91.693 91.793 91.626 91.524 91.478 91.368 90.597 89.835 89.717 90.168 90.475 90.841 91.97 92.551 92.778 93.268 93.75 93.878 94.168 94.544 94.965 95.16 95.344 95.577 95.969 96.193 96.549 97.097 97.523 98.089 98.904 99.83 101.786 102.102 100.855 100.421 100.687 101.085 101.407 101.77 101.841 102.398 102.926 103.157 103.614 104.059 104.368 104.823 105.402 105.949 106.678
86.741 87.074 87.231 87.32 87.445 87.812 87.87 88.138 88.21 88.379 88.578 88.659 88.705 88.731 88.969 89.33 89.566 89.61 89.641 90.215 90.407 90.619 91.403 91.78 91.598 91.394 90.093 90.01 90.068 90.928 91.762 92.169 92.554 93.119 93.538 93.712 93.857 94.459 94.689 94.921 95.14 95.51 95.584 95.91 96.302 96.769 96.932 97.631 98.187 98.787 99.574 100.374 100.42 100.479 100.47 100.841 101.294 101.476 101.549 102.041 102.505 102.615 103.016 103.743 103.967 104.228 104.561 105.318 105.583 106.93
87.006 87.191 87.085 87.438 87.674 87.944 88.065 88.217 88.346 88.504 88.744 88.807 88.886 88.952 89.188 89.426 89.609 89.72 89.947 89.874 89.944 89.752 89.9 91.077 91.646 90.909 89.941 90.141 90.664 91.552 92.141 92.386 92.953 93.305 93.58 93.753 94.072 94.423 94.657 94.972 95.324 95.619 95.704 96.118 96.459 96.738 97.13 98.053 98.336 98.816 100.315 101.136 102.242 100.71 100.763 101.049 101.153 101.474 101.785 101.949 102.229 102.71 103.052 103.346 103.749 104.213 104.467 105.005 106.901 110.094
87.186 87.168 87.753 87.753 87.832 88.171 88.393 88.346 88.343 88.653 88.748 88.916 89.134 89.182 89.359 89.562 89.806 89.895 90.046 90.201 90.342 90.387 90.108 90.314 90.43 90.145 90.126 90.73 91.622 91.915 92.213 92.754 93.206 93.327 93.562 93.898 94.155 94.348 94.739 95.143 95.251 95.497 95.927 96.098 96.4 96.667 97.608 98.085 98.279 99.837 104.772 103.765 101.307 100.911 100.872 101.055 101.247 101.803 102.092 102.021 102.407 102.704 103.086 103.202 103.71 104.092 104.232 104.648 108.531 111.849
87.295 87.979 88.066 88.213 88.23 89.021 88.783 88.371 88.484 88.599 88.855 89.03 89.285 89.339 89.605 89.763 89.875 90.041 90.259 90.598 90.694 90.646 90.759 90.584 90.35 90.305 90.703 91.552 91.789 92.116 92.633 93.039 93.238 93.4 93.79 93.854 94.108 94.59 94.878 94.985 95.234 95.664 95.887 96.057 96.364 96.969 97.43 97.865 98.778 100.445 102.383 103.744 101.18 100.769 100.799 101.085 101.398 101.645 101.911 102.275 102.565 102.696 102.916 103.421 103.597 103.769 104.229 104.601 105.524 109.774
87.812 88.103 88.473 88.563 88.746 88.785 88.727 89.498 89.149 89.5 89.425 89.31 89.305 89.517 89.763 89.857 90.151 90.344 90.536 90.659 90.742 90.99 91.325 91.06 91.028 91.224 91.487 91.749 92.078 92.494 92.723 93.085 93.307 93.577 93.676 93.951 94.346 94.706 94.73 95.065 95.441 95.775 95.862 96.247 96.679 97.067 97.411 98.237 99.191 100.462 101.322 101.066 101.612 100.732 100.901 101.198 101.443 101.724 102.063 102.357 102.429 102.77 103.233 103.268 103.366 103.896 104.242 104.466 104.864 106.232
87.807 88.669 89.244 89.27 89.183 89.326 89.255 89.293 90.015 92.298 91.689 89.44 89.472 89.814 89.89 90.05 90.402 90.459 90.521 90.785 90.996 91.034 91.201 91.389 91.755 91.683 91.745 92.131 92.564 92.694 92.792 93.216 93.318 93.487 93.808 94.213 94.367 94.606 94.889 95.202 95.497 95.704 96.167 96.466 96.808 97.158 97.914 98.375 98.627 99.747 100.375 100.652 100.725 100.858 101.077 101.218 101.455 101.905 102.224 102.234 102.619 103.054 103.149 103.291 103.636 103.91 104.021 104.454 104.741 104.996
88.204 89.673 90.401 91.419 89.531 90.75 89.772 89.39 91.215 94.456 93.344 90.181 89.668 89.797 89.854 90.271 90.502 90.37 90.456 90.789 91.151 91.252 91.28 91.492 91.84 91.72 92.123 92.345 92.463 92.708 93.152 93.114 93.252 93.541 93.969 94.067 94.253 94.737 95.057 95.214 95.496 95.729 96.19 96.457 96.785 97.581 97.866 98.368 99.023 99.828 100.234 100.633 100.791 100.798 101.025 101.228 101.649 101.848 101.99 102.199 102.658 102.951 103.07 103.313 103.548 103.774 104.137 104.468 104.821 104.861
89.576 91.458 94.178 95.251 95.867 94.589 93.055 89.996 89.873 91.336 91.827 90.309 90.106 90.01 90.188 90.361 90.344 90.273 90.65 90.649 91.357 91.401 91.363 91.604 91.841 91.936 92.36 92.529 92.603 93.027 93.026 93.123 93.448 93.711 93.923 94.186 94.453 94.829 95.031 95.307 95.742 95.993 96.206 96.522 97.131 97.418 97.945 98.86 99.356 99.706 100.214 100.622 100.922 100.797 101.05 101.223 101.553 101.795 102.142 102.308 102.329 102.787 103.066 103.304 103.507 103.851 104.129 104.304 104.631 104.77
89.536 95.338 96.445 96.643 97.241 96.665 95.721 93.806 90.4 89.896 90.173 90.327 90.505 90.615 90.578 90.516 90.47 90.615 90.812 91.134 91.461 91.395 91.383 92.214 92.514 92.505 92.43 92.413 92.986 93.208 93.093 93.378 93.609 93.845 93.993 94.266 94.561 94.775 94.975 95.598 95.766 95.963 96.33 96.618 97.151 97.454 98.342 98.853 99.261 99.805 100.317 100.523 100.855 101.076 101.341 101.451 101.576 101.896 102.07 102.11 102.43 102.92 102.936 103.254 103.629 103.82 103.942 104.109 104.555 104.768
88.815 92.818 95.9 96.097 96.795 97.244 96.214 92.994 90.839 90.139 90.371 91.189 90.823 91.151 90.771 91.032 91.261 91.104 91.545 92.459 91.681 91.264 91.732 92.548 92.806 92.792 92.577 92.637 93.044 93.188 93.226 93.417 93.681 93.955 94.237 94.437 94.667 95.015 95.388 95.454 95.742 96.21 96.494 96.796 97.241 97.687 98.214 98.643 99.252 99.83 100.211 100.437 100.772 101.151 101.208 101.4 101.701 101.862 102.027 102.293 102.591 102.695 102.945 103.337 103.682 103.789 103.952 104.272 104.452 104.987
89.341 92.572 91.428 92.54 93.081 93.847 93.91 90.413 90.616 90.279 93.627 94.651 91.73 91.391 92.541 91.182 91.958 92.18 92.288 92.255 91.941 92.047 92.011 92.125 92.534 92.484 92.605 92.678 92.994 93.184 93.289 93.444 93.769 94.272 94.294 94.441 94.822 95.105 95.276 95.581 95.946 96.275 96.352 96.922 97.254 97.71 97.963 98.546 99.412 99.806 100.164 100.439 100.887 101.065 101.27 101.467 101.649 101.888 102.124 102.291 102.594 102.639 102.916 103.217 103.459 103.801 104.012 104.014 105.147 107.501
89.126 89.83 89.878 89.608 90.013 90.344 90.382 90.246 90.605 94.445 98.26 97.615 96.395 96.633 95.837 95.142 92.791 92.587 91.837 91.57 92.263 92.963 92.341 92.151 92.335 92.403 92.523 92.82 93.16 93.253 93.415 93.621 93.963 94.223 94.238 94.587 94.772 95.013 95.286 95.649 95.826 96.102 96.536 96.862 97.285 97.578 98.056 98.59 99.206 99.705 100.247 100.418 100.764 101.146 101.296 101.508 101.622 101.978 102.169 102.248 102.441 102.72 102.893 102.972 103.457 103.747 103.805 104.101 105.185 108.176
89.793 89.422 89.408 89.499 89.699 89.902 90.125 90.467 92.344 96.122 96.988 97.566 97.596 98.527 98.277 95.759 92.814 92.23 92.194 91.901 92.612 92.989 92.645 92.269 92.456 92.716 92.695 93.004 93.208 93.435 93.625 93.849 94.039 94.236 94.395 94.549 94.587 94.983 95.25 95.524 95.867 96.164 96.683 96.819 97.169 97.588 98.21 98.572 99.089 99.686 100.063 100.38 100.906 101.063 101.312 101.445 101.649 101.849 102.045 102.358 102.544 102.635 102.799 102.97 103.256 103.58 103.762 103.943 104.524 105.852
89.554 89.845 89.583 89.675 89.838 90.016 90.248 90.561 90.944 91.627 92.675 93.56 96.742 97.53 95.717 93.063 93.017 92.949 94.906 93.571 92.695 93.459 92.668 92.296 93.3 93.667 93.458 93.167 93.318 93.602 93.684 93.948 94.045 94.151 94.391 94.54 94.661 95.061 95.191 95.366 95.835 96.153 96.343 96.693 97.098 97.422 97.902 98.554 99.067 99.571 99.962 100.327 100.603 100.909 101.169 101.419 101.607 101.702 102.027 102.276 102.443 102.615 102.808 103.117 103.257 103.437 103.729 104.004 104.18 104.273
89.887 90.42 89.85 89.915 90.005 90.286 90.731 91.017 90.391 90.713 91.001 91.599 94.406 94.549 93.817 92.347 94.144 95.97 98.037 98.248 97.065 97.465 95.747 92.662 93.226 93.972 93.461 93.379 93.679 93.805 93.955 94.068 94.082 93.953 94.333 94.687 94.821 95.121 95.314 95.609 95.852 95.973 96.245 96.808 97.023 97.285 97.912 98.362 98.884 99.352 99.893 100.285 100.426 100.745 101.109 101.347 101.565 101.728 102.009 102.171 102.378 102.488 102.759 103.003 103.175 103.454 103.653 103.925 104.047 104.269
89.836 89.878 89.771 89.938 90.205 90.561 92.047 93.19 90.971 90.696 90.821 91.146 91.903 92.12 92.346 92.685 95.361 99.234 99.586 99.453 99.449 99.182 98.026 94.067 94.068 94.053 93.638 93.763 93.768 93.97 94.192 94.382 94.143 94.273 94.647 94.891 95.139 95.308 95.514 95.639 95.85 95.979 96.24 96.429 96.934 97.376 97.581 98.058 98.686 99.285 99.555 99.951 100.197 100.676 101.069 101.387 101.577 101.737 101.912 102.086 102.285 102.518 102.741 102.966 103.225 103.414 103.637 103.809 104.061 104.213
89.834 89.979 90.15 90.495 90.645 92.183 93.19 93.737 91.521 90.928 90.979 91.149 91.293 91.61 92.589 93.602 92.928 96.734 98.513 99.022 99.628 100.396 99.788 97.202 94.404 94.346 93.583 93.695 93.741 94.007 94.108 94.497 94.799 94.506 94.934 94.979 95.099 95.333 95.433 95.6 95.909 96.117 96.272 96.427 96.909 97.037 97.422 97.962 98.356 98.898 99.123 99.58 100.03 100.455 100.876 101.337 101.573 101.633 101.801 101.994 102.105 102.439 102.688 102.864 103.268 103.367 103.517 103.781 103.908 104.058
90.312 90.913 91.901 91.706 92.156 93.485 94.233 93.98 91.35 91.061 91.119 91.245 91.417 91.47 92.757 93.588 92.297 93.487 96.826 97.307 96.413 95.974 96.164 95.085 94.435 96.163 98.545 95.888 94.281 95.201 96.221 94.624 94.391 94.657 95.264 95.243 95.308 95.45 95.531 95.885 96.041 96.33 96.507 96.605 96.805 96.937 97.175 97.574 98.06 98.499 98.776 99.379 99.751 100.148 100.799 100.987 101.385 101.645 101.753 101.956 102.021 102.258 102.577 102.765 102.952 103.291 103.549 103.531 103.741 103.94
91.974 96.349 92.826 91.119 92.089 94.183 94.454 92.132 92.781 92.497 91.921 91.703 91.887 92.916 93.224 93.77 92.649 92.323 93.106 93.618 93.504 92.935 93.302 95.364 93.163 97.575 100.87 100.593 99.309 99.231 99.247 96.22 94.656 94.423 94.936 95.238 95.401 95.677 95.842 95.809 96.167 96.35 96.657 96.611 96.75 97.011 97.187 97.257 97.549 98.072 98.511 98.899 99.408 99.847 100.375 100.702 101.086 101.393 101.606 101.717 102.042 102.25 102.43 102.693 102.942 103.152 103.306 103.488 103.646 103.78
93.406 97.718 93.242 91.521 91.555 93.373 94.859 94.164 97.222 100.335 93.459 92.079 93.008 93.219 93.38 93.036 92.397 92.335 92.98 93.539 93.201 92.921 93.147 94.271 95.021 99.412 101.185 100.972 101.203 101.375 100.711 98.369 95.154 94.605 94.931 95.358 95.572 96.024 96.286 96.429 96.211 96.233 96.652 96.86 96.893 97.2 97.398 97.457 97.7 98.082 98.255 98.434 99.006 99.471 99.728 100.235 100.888 101.164 101.421 101.689 101.918 101.951 102.224 102.673 102.977 103.018 103.228 103.454 103.602 103.74
91.173 93.525 94.745 94.767 92.649 93.68 95.361 92.547 94.852 97.853 93.846 92.475 92.881 93.425 93.667 92.576 92.34 92.283 92.665 93.01 92.968 92.905 92.983 93.543 95.792 98.911 99.609 99.981 100.44 101.618 97.36 95.126 95.013 95.561 96.785 95.718 95.475 96 96.068 96.12 96.478 97.086 96.927 96.898 97.159 97.396 97.647 97.655 97.686 97.871 98.231 98.48 98.581 98.9 99.393 99.882 100.24 100.838 101.234 101.555 101.56 101.742 102.119 102.54 102.699 102.989 103.228 103.178 103.41 103.511
91.636 94.237 95.033 100.582 96.198 92.362 92.925 92.348 92.055 92.895 92.562 92.494 92.607 93.224 94.153 93.522 92.809 92.649 92.724 92.994 92.937 92.993 93.717 93.873 93.482 93.7 94.133 96.641 99.508 98.294 96.531 98.222 97.044 97.922 100.901 99.142 99.726 98.264 96.362 96.339 96.57 97.337 96.915 96.905 97.458 97.509 97.773 97.876 97.89 98.064 98.353 98.484 98.614 98.907 99.214 99.375 99.785 100.433 100.858 101.124 101.337 101.608 101.872 102.171 102.532 102.802 102.969 103.083 103.269 103.53
91.044 91.557 92.791 98.689 95.602 92.681 96.002 94.851 92.326 91.882 92.275 92.412 92.462 92.685 94.041 94.903 95.914 93.516 93.626 94.674 94.244 93.528 94.307 94.147 93.56 93.496 93.686 94.084 95.907 94.485 94.271 95.496 98.776 100.64 103.055 102.14 101.898 100.622 100.048 98.252 96.652 96.709 96.901 97.252 97.674 97.988 97.684 97.774 98.146 98.278 98.459 98.595 98.657 98.886 99.108 99.412 99.761 100.082 100.346 100.801 101.111 101.371 101.72 102.041 102.257 102.477 102.638 102.892 103.153 103.191
90.982 91.074 91.972 94.364 92.704 92.735 99.228 96.249 92.586 92.303 92.575 92.412 92.475 92.735 93.89 94.309 95.267 93.416 93.965 95.661 95.639 95.963 96.202 98.369 96.464 93.882 93.733 93.942 94.333 94.217 94.469 95.337 96.966 102.106 102.827 102.645 102.82 102.829 102.131 97.755 96.704 96.614 96.569 97.119 97.402 97.989 98.032 98.377 98.195 98.168 98.433 98.804 98.838 98.865 98.845 99.433 99.768 99.963 100.084 100.353 100.872 101.108 101.586 102.005 102.098 102.139 102.408 102.747 102.913 102.936
91.249 91.233 91.33 91.86 91.884 92.266 93.514 93.108 93.856 92.968 92.536 92.558 92.864 93.352 96.484 99.545 97.028 93.607 93.382 94 95.336 97.842 97.255 101.229 96.69 94.314 93.987 93.981 94.268 94.7 95.305 95.135 96.559 100.122 100.802 101.018 101.609 102.115 101.642 100.733 96.666 97.531 101.183 98.181 97.387 97.622 97.79 98.003 98.151 98.435 98.763 98.937 99.014 99.335 99.34 99.454 100.006 100.202 100.265 100.187 100.522 100.879 101.164 101.481 101.777 102.021 102.183 102.341 102.674 102.943
91.503 91.546 91.464 91.728 91.783 91.857 92.143 92.9 98.785 96.499 93.048 92.736 93.38 96.216 101.484 105.931 99.027 93.277 93.333 93.753 94.317 94.69 94.645 95.342 96.988 96.018 94.808 94.509 94.394 95.144 95.62 94.912 94.786 96.133 96.124 96.698 96.949 100.203 100.473 97.972 96.799 99.389 103.195 100.239 100.91 100.143 99.066 97.999 98.123 98.946 98.935 99.073 99.202 99.356 99.468 99.761 100.005 100.055 100.084 100.293 100.514 100.667 100.817 101.311 101.48 101.736 101.975 102.293 102.654 102.725
91.735 92.034 93.58 93.285 92.848 92.849 93.086 93.169 95.77 94.189 92.97 92.734 93.197 94.945 100.858 106.042 96.002 93.464 93.468 93.815 93.819 94.402 95.98 100.55 104.651 96.109 95.243 94.558 94.481 94.914 95.269 95.915 95.035 94.849 94.929 95.482 95.681 97.111 96.82 96.317 96.584 100.591 104.197 104.524 104.695 103.535 102.442 99.518 98.172 98.606 98.873 99.053 99.275 99.323 99.689 99.927 99.969 100.039 100.127 100.43 100.538 100.752 101.054 101.252 101.258 101.469 101.972 102.124 102.414 102.657
