dsm/se2531_DSM_2M.asc
ncols 500
nrows 500
xllcorner    425000
yllcorner    431000
cellsize     2
NODATA_value -9999
[rows 231 to 263 of 500, columns 370 to 443 of 500]
71.967 71.782 71.737 71.764 75.637 76.128 72.04 71.461 71.421 71.37 71.458 71.46 72.556 78.881 79.201 79.401 79.6 79.762 79.955 80.173 80.348 80.603 80.773 80.837 80.711 80.604 80.552 80.449 80.305 80.272 80.148 80.126 79.994 79.905 79.793 79.784 79.683 79.58 79.449 79.405 79.366 79.238 79.147 78.996 77.888 77.404 74.533 75.342 76.586 76.41 76.409 76.209 76.123 75.937 75.778 75.719 75.515 75.416 77.531 78.396 78.311 78.869 77.59 72.44 71.626 72.025 71.565 71.514 71.701 71.722 71.477 71.272 71.123 70.994
72.316 71.798 71.764 71.727 72.753 72.603 71.554 71.494 71.48 71.412 71.451 72.354 72.09 76.752 79.113 79.296 79.465 79.705 79.926 80.091 80.235 80.478 80.636 80.598 80.496 80.404 80.31 80.185 80.134 80.084 79.956 79.88 79.789 79.752 79.662 79.553 79.432 79.392 79.306 79.213 79.097 77.897 77.944 76.996 76.856 76.7 76.58 76.358 76.251 76.169 76.061 75.871 75.733 75.635 75.482 75.369 75.172 73.907 75.183 77.983 73.922 72.269 71.632 71.618 71.493 72.361 72.367 71.948 71.943 71.355 71.262 71.153 71.075 71.034
71.899 71.819 71.754 71.725 71.677 71.663 71.616 71.534 71.534 71.396 71.543 71.796 72.239 71.932 78.88 79.21 79.485 79.633 79.838 79.968 80.167 80.409 80.446 80.35 80.291 80.199 80.14 80.039 79.868 79.872 79.818 79.722 79.635 79.562 79.425 79.403 79.246 79.163 78.92 78.203 77.736 76.995 76.751 76.678 76.491 76.376 76.297 76.135 75.95 75.777 75.649 75.61 75.413 75.332 75.177 74.951 72.848 72.235 72.737 72.025 71.815 71.576 72.156 71.498 71.363 71.258 71.277 71.497 71.874 71.225 71.169 71.12 71.139 71.095
71.904 71.842 71.83 71.739 71.686 71.631 74.756 73.092 72.046 71.416 71.374 72.09 71.777 71.934 77.328 79.126 79.32 79.518 79.75 79.899 80.07 80.285 80.25 80.198 80.136 80.02 79.914 79.806 79.762 79.635 79.605 79.487 79.433 79.337 79.288 79.17 79.036 75.229 72.418 74.376 75.364 76.725 76.557 76.394 76.199 76.092 75.915 75.86 75.693 75.546 75.421 75.202 75.053 74.992 73.223 72.954 72.038 73.72 76.042 74.813 71.8 72.205 72.314 71.309 71.331 71.312 71.302 71.28 71.228 71.221 71.207 71.157 71.141 71.145
71.933 71.84 71.793 71.761 71.736 71.706 76 76.896 71.572 71.416 71.368 71.383 71.889 71.805 73.232 78.984 79.249 79.463 79.58 79.811 80.032 80.135 80.038 79.947 79.896 79.833 79.708 79.647 79.542 79.487 79.361 79.327 79.256 79.157 78.943 77.965 76.903 75.125 76.21 76.53 76.413 76.322 76.207 75.995 75.922 75.767 75.649 75.508 75.512 75.522 75.243 74.929 72.751 72.158 73.449 73.56 71.961 75.383 75.942 74.081 71.532 72.497 71.401 71.313 71.319 71.353 71.338 71.305 71.281 71.243 71.233 71.184 71.284 72.349
72.014 72.711 72.307 71.76 71.75 71.701 72.552 72.938 71.55 71.466 71.388 71.394 72.506 72.527 72.701 76.658 79.182 79.32 79.558 79.747 79.906 79.915 79.834 79.769 79.716 79.626 79.528 79.443 79.365 79.303 79.189 79.091 77.49 73.701 72.879 75.901 76.668 76.518 76.408 76.282 76.107 75.958 75.808 75.701 75.642 75.438 75.347 75.139 75.358 75.49 75.17 74.328 72.356 71.748 72.131 72.167 71.469 72.283 73.549 71.817 71.395 71.7 71.272 71.324 71.361 72.078 71.466 71.348 71.314 71.275 71.33 71.377 71.902 73.651
75.812 79.474 74.323 72.04 71.755 71.7 71.675 74.806 74.615 71.59 71.459 71.412 71.921 72.549 72.373 73.36 78.949 79.29 79.407 79.626 79.814 79.748 79.648 79.536 79.563 79.418 79.357 79.25 79.2 79.112 77.998 77.118 71.977 75.206 75.998 76.57 76.427 76.256 76.098 75.969 75.8 75.691 75.541 75.406 75.237 75.114 73.401 73.853 75.101 73.405 72.122 72.333 72.915 71.558 71.275 71.217 71.165 71.261 71.334 71.268 71.177 71.209 71.234 71.307 71.386 71.519 71.395 71.353 71.319 71.375 71.463 71.661 71.76 73.207
76.504 79.034 76.237 71.94 71.76 71.716 71.772 75.98 77.432 72.247 71.461 71.442 71.434 71.528 71.676 71.878 80.073 79.187 79.371 79.582 79.643 79.555 79.458 79.353 79.335 79.259 79.127 79.016 78.562 77.226 76.888 76.703 76.579 76.442 76.301 76.192 76.077 75.862 75.803 75.695 75.555 75.405 75.245 75.176 74.213 72.824 72.046 72.518 72.67 71.977 71.852 72.219 72.214 71.371 71.237 71.172 71.112 71.12 71.158 71.137 71.195 71.24 71.251 71.295 71.349 71.374 71.398 71.389 71.327 71.467 72.402 71.662 72.672 75.093
75.677 74.606 72.62 71.799 71.756 71.708 71.645 73.676 74.149 71.59 71.503 71.448 71.398 71.372 71.44 71.544 75.813 79.395 79.31 79.485 79.41 79.353 79.266 79.159 79.075 77.87 77.664 76.991 76.865 76.674 76.614 76.434 76.282 76.162 75.994 75.835 75.705 75.571 75.501 75.367 75.188 74.4 73.438 72.595 72.636 72.564 71.82 71.736 72.567 72.62 72.613 72.865 71.659 71.28 71.176 71.118 71.111 71.087 71.154 71.198 71.187 71.234 71.282 71.3 71.334 71.362 71.395 71.403 71.414 71.503 72.386 71.852 71.783 75.179
75.225 74.182 71.864 71.801 71.759 71.703 71.672 71.655 71.631 71.581 71.54 71.478 71.386 71.366 71.929 72.186 74.023 79.04 79.212 79.332 79.273 79.165 79.073 79.007 77.14 76.744 76.974 77 76.746 76.447 76.29 76.078 75.955 75.79 75.746 75.589 75.447 75.305 75.185 75.087 73.039 71.967 72.086 72.185 71.906 71.585 71.475 71.375 71.411 71.753 71.676 71.342 71.239 71.183 71.142 71.13 71.178 71.143 71.182 71.217 71.234 71.253 71.456 71.435 71.454 71.376 71.382 71.467 71.567 72.203 71.715 71.871 71.754 74.652
72.451 73.171 71.916 71.828 71.759 71.717 71.729 71.691 71.617 71.611 71.524 71.499 71.418 71.37 71.825 72.263 71.955 77.801 79.128 79.127 78.755 76.994 75.925 76.211 76.227 76.538 76.828 77.112 76.859 76.521 76.274 75.959 75.628 75.514 75.405 75.221 75.159 74.925 72.562 72.005 71.913 71.779 71.953 71.578 71.429 71.362 71.307 71.3 71.295 71.349 71.219 71.18 71.197 71.191 71.214 71.221 71.22 71.237 71.287 71.93 73.829 71.85 71.778 71.698 71.752 71.557 71.583 71.72 72.329 72.443 71.75 71.744 72.135 73.577
72.254 72.187 71.81 71.793 71.757 71.754 71.722 71.685 71.634 73.862 72.082 71.975 71.404 71.369 71.534 71.49 71.849 74.552 78.749 77.064 74.435 75.216 75.512 75.776 76.099 76.41 76.713 77.029 77.075 76.689 76.368 76.004 75.763 75.442 75.116 74.834 72.864 72.385 71.831 72.224 71.709 71.551 71.377 71.328 71.3 71.305 71.295 71.313 71.273 71.272 71.266 71.223 71.233 71.291 71.286 71.297 71.309 71.264 71.29 72.345 74.508 72.773 71.702 71.624 72.63 72.622 71.809 73.203 73.682 74.469 73.178 71.54 72.632 74.128
72.337 71.958 71.862 71.804 71.796 72.057 72.047 72.185 72.307 72.289 74.816 74.321 71.52 71.442 71.402 71.856 71.784 71.56 71.656 72.619 71.952 74.972 75.322 75.627 75.963 76.306 76.551 76.886 77.091 76.81 76.523 76.225 75.88 75.563 75.173 73.391 72.487 72.785 71.677 71.577 71.426 71.401 71.333 71.323 71.324 71.278 71.24 71.284 71.289 71.279 71.31 71.318 71.307 71.317 71.846 71.583 71.339 71.336 71.305 74.164 74.937 74.834 73.357 71.802 71.913 71.634 72.148 73.983 74.317 74.086 72.596 71.331 71.235 74.128
72.406 72.101 71.868 71.902 71.84 71.879 72.847 72.467 71.898 71.949 74.347 75.46 71.588 71.431 71.377 71.453 71.474 71.531 71.612 71.602 71.793 74.109 75.252 75.481 75.817 76.115 76.463 76.768 77.076 76.952 76.696 76.337 75.954 72.754 72.553 71.686 71.893 71.516 71.494 71.419 71.367 71.357 71.347 71.31 71.291 71.262 71.284 71.327 71.325 71.405 71.35 71.391 71.713 71.567 72.355 72.119 71.381 71.37 73.429 75.992 75.366 74.264 75.257 73.723 74.358 74.782 71.726 71.891 72.115 71.85 72.415 71.235 70.681 70.992
72.735 72.248 72.929 73.853 71.851 71.836 72.535 71.927 72.423 71.945 71.649 71.548 71.535 71.421 71.43 71.394 71.469 71.502 71.591 71.791 71.99 72.357 74.987 75.407 75.654 75.979 76.291 76.615 76.887 77.064 76.703 74.508 72.992 71.955 71.625 71.527 71.485 71.418 71.392 71.395 71.387 71.379 71.319 71.328 71.333 71.348 71.367 71.352 71.375 71.395 71.51 72.131 71.849 72.353 72.075 71.876 72.662 74.95 72.847 76.093 74.334 72.911 73.697 74.428 75.215 75.52 71.413 71.335 71.977 71.5 71.595 71.022 70.449 70.4
72.981 72.701 74.222 75.541 72.451 75.158 74.542 73.932 73.69 72.776 71.684 71.667 71.537 71.492 71.4 71.435 71.442 71.477 71.533 71.674 71.9 72.476 74.343 75.182 75.479 75.869 76.182 76.493 74.773 73.87 72.887 73.797 71.746 71.524 71.467 71.443 71.414 71.392 71.339 71.373 71.37 71.382 71.356 71.403 71.368 71.396 71.434 71.434 71.461 71.445 71.446 71.814 72.563 72.638 72.922 73.144 75.28 76.352 73.177 72.258 72.051 72.467 73.61 74.476 75.195 73.594 71.05 70.95 72.136 71.115 70.704 70.47 70.401 70.349
75.564 75.153 74.901 79.015 77.624 77.288 76.51 75.855 74.684 74.195 72.807 72.653 71.643 71.486 71.451 71.396 71.414 71.469 71.829 72.007 75.368 74.619 72.715 75.138 75.428 75.78 74.49 74.623 72.42 73.824 71.915 71.497 71.486 71.492 71.468 71.423 71.403 71.327 71.334 71.369 71.41 71.419 71.462 71.441 71.444 71.483 71.476 71.489 71.45 71.496 71.475 71.747 72.253 72.418 72.527 72.789 72.359 72.388 71.866 71.701 71.704 72.082 73.503 74.484 75.765 73.743 71.073 70.826 70.743 70.552 70.549 70.504 70.496 70.466
79.237 78.65 78.473 80.663 79.909 79.619 77.869 77.305 76.321 77.323 75.327 75.484 73.598 71.672 71.44 71.404 71.472 72.08 72.51 72.346 75.095 74.209 73.091 73.09 74.438 74.819 74.074 73.41 71.793 71.524 71.444 71.493 71.471 71.449 71.426 71.392 71.402 71.374 71.441 71.497 71.435 71.481 71.488 71.48 71.517 71.477 71.499 71.502 71.501 71.616 71.646 71.715 72.171 72.252 72.119 72.058 71.921 71.873 71.817 71.738 71.662 71.899 72.534 72.328 72.621 71.137 70.852 70.702 70.661 70.637 70.607 70.629 70.55 70.532
80.123 78.88 79.739 79.342 78.724 80.778 78.934 79.666 79.144 78.347 77.84 76.801 74.97 72.087 71.503 71.489 71.396 72.002 72.547 72.479 72.143 73.198 73.987 72.777 73.465 74.067 71.903 71.885 71.517 71.467 71.476 71.409 71.436 71.47 71.468 71.47 71.464 71.474 71.856 75.407 72.414 71.551 71.535 71.558 71.546 71.532 71.712 71.778 71.709 71.727 71.814 71.821 71.87 71.911 71.926 71.94 71.958 71.936 71.828 71.735 71.624 71.589 71.788 71.249 71.048 70.865 70.818 70.773 70.75 70.716 70.675 70.651 70.588 70.521
79.567 79.343 80.163 80.742 80.386 81.21 80.522 80.464 80.924 78.609 79.614 77.178 75.591 74.366 71.678 71.47 71.413 71.459 72.029 72.45 72.539 72.861 72.615 72.924 71.906 71.668 71.541 71.549 71.523 71.49 71.42 71.397 71.452 71.471 71.492 71.493 71.508 71.511 76.404 77.598 76.438 74.284 71.571 71.618 72.398 72.991 72.798 72.158 71.869 71.914 71.97 72 72.043 72.036 72.027 72.032 71.965 71.923 71.828 71.842 71.55 71.333 71.111 70.983 70.949 70.944 70.918 70.827 70.804 70.797 70.722 70.661 70.672 70.634
77.916 79.705 82.192 82.028 81.571 81.212 79.375 79.385 80.016 79.18 78.795 77.912 76.603 74.514 72.293 71.585 71.453 71.47 71.609 72.035 72.245 72.563 74.375 75.448 74.421 71.845 71.594 71.536 71.493 71.533 71.506 71.499 71.482 71.509 71.533 71.554 71.557 71.542 75.822 78.522 76.647 72.69 71.742 72.26 73.089 73.324 72.739 72.131 72.016 72.048 72.243 72.704 72.276 72.203 72.185 72.094 72.05 72.038 71.67 71.483 71.266 71.179 71.134 71.095 71.057 70.991 70.938 70.892 70.878 70.792 70.809 70.814 71.096 70.73
76.081 76.335 78.45 76.518 78.954 76.024 77.85 78.548 79.068 79.378 78.849 78.377 77.558 75.755 74.535 72.349 71.585 71.54 71.517 71.485 71.64 71.905 73.934 75.288 72.59 71.734 71.577 71.564 71.573 71.548 71.578 71.584 71.572 71.582 71.605 71.616 71.599 71.604 74.861 76.437 75.297 72.353 71.948 72.12 72.387 72.267 72.248 72.227 72.267 72.284 75.105 77.051 74.09 72.341 72.322 72.419 71.839 71.611 71.397 71.314 71.288 71.229 71.187 71.153 71.102 71.03 71.01 70.922 70.93 70.943 71.179 70.555 70.513 70.331
76.039 75.992 75.99 75.977 75.896 75.827 75.737 76.439 78.37 81.748 79.527 78.439 78.306 77.198 76.336 74.894 72.194 71.545 71.558 71.525 71.517 71.539 72.124 71.512 71.535 71.62 71.648 71.638 71.612 71.609 71.621 71.664 71.644 71.633 71.641 71.667 71.647 71.719 71.809 73.802 73.817 73.388 72.459 72.268 72.311 72.337 72.427 72.489 72.49 72.754 74.899 76.506 73.284 74.098 72.049 71.684 71.551 71.535 71.466 71.386 71.357 71.329 71.253 71.196 71.156 71.051 71.065 71.371 71.088 70.714 70.56 70.493 70.451 70.431
75.855 75.931 75.885 75.813 75.76 75.784 75.754 75.975 76.222 76.86 76.72 78.087 78.253 78.043 77.459 75.277 72.25 72.046 72.391 71.597 71.568 71.564 71.555 71.587 71.606 71.648 71.639 71.656 71.664 71.686 71.692 71.657 71.641 71.697 71.675 71.873 72.053 74.663 72.002 73.099 73.972 74.061 73.206 72.509 72.589 72.629 72.624 72.658 72.909 73.018 72.934 72.436 72.181 71.822 71.706 71.695 71.636 71.589 71.541 71.455 71.403 71.356 71.327 71.283 71.283 71.539 70.971 70.848 70.708 70.65 70.615 70.592 70.623 70.637
75.901 75.895 75.868 75.823 75.754 75.687 75.647 75.596 75.605 75.675 75.592 75.433 76.683 77.785 76.932 78.317 77.145 76.27 76.068 71.846 71.647 71.622 71.628 71.593 71.643 71.703 71.733 72.055 71.719 71.721 71.716 71.72 71.727 71.84 73.614 76.18 75.62 76.111 73.88 72.611 74.06 74.246 73.816 73.505 72.997 72.797 72.787 73.13 73.176 72.989 72.382 72.035 71.873 71.874 71.834 71.773 71.673 71.606 71.561 71.478 71.445 71.424 71.391 71.275 71.255 70.97 70.836 70.775 70.764 70.753 70.77 70.798 70.762 70.822
75.924 75.892 75.88 75.849 75.744 75.722 75.686 75.594 75.539 75.558 75.602 75.555 75.367 76.255 76.074 74.728 74.335 76.631 73.638 72.1 71.86 71.791 71.75 71.795 71.841 71.941 72.001 72.584 71.812 71.759 72.168 71.911 71.989 72.155 73.959 74.706 76.795 78.881 73.005 72.881 73.65 73.939 73.863 73.734 73.374 73.166 72.759 72.692 72.406 72.1 72.076 72.036 71.989 71.902 71.87 71.806 71.749 71.668 71.571 71.573 71.847 71.496 71.131 70.976 70.895 70.865 70.874 70.877 70.885 70.913 70.926 70.96 70.938 71.04
75.935 75.909 75.891 75.801 75.784 75.697 75.685 75.637 75.555 75.488 75.426 75.5 75.524 75.376 75.977 75.35 76.05 78.684 76.991 72.438 72.018 72.376 72.286 71.886 72.008 72.101 72.221 72.856 73.111 72.396 72.647 72.185 72.33 72.522 72.546 72.759 75.943 79.183 73.875 73.426 73.801 73.837 73.69 73.47 73.35 72.826 72.438 72.273 72.221 72.187 72.179 72.115 72.039 71.969 71.907 71.853 71.759 71.757 71.968 71.532 71.276 71.164 71.036 70.97 71.01 71.001 71.055 71.053 71.038 71.104 71.162 71.184 71.24 71.245
76.096 78.65 76.234 75.9 75.877 75.68 75.647 75.571 75.556 75.541 75.443 75.431 75.469 76.903 77.643 76.626 76.124 77.37 74.14 73.224 72.223 74.15 73.122 72.008 72.497 72.522 72.479 72.577 72.941 72.644 72.516 72.531 72.747 72.872 73.034 73.078 73.239 73.262 73.374 73.578 73.659 73.599 73.396 72.968 72.594 72.432 72.366 72.362 72.333 72.312 72.206 72.125 72.089 71.99 71.899 71.933 72.108 72.069 71.612 71.38 71.262 71.168 71.125 71.138 71.178 71.187 71.244 71.253 71.33 71.384 71.468 71.502 71.55 71.552
79.485 79.067 78.668 76.426 77.087 76.572 75.811 75.547 75.526 75.485 75.482 75.417 75.424 75.562 78.001 77.166 76.939 77.852 77.983 77.559 75.773 75.447 75.811 76.123 74.95 75.968 75.25 73.85 72.907 72.825 72.909 73.045 73.159 73.235 73.359 73.431 73.473 73.834 73.839 73.616 73.506 72.9 72.689 72.645 72.595 72.526 72.499 72.456 72.385 72.282 72.241 72.144 72.06 72.061 72.042 71.991 71.826 71.624 71.491 71.352 71.311 71.304 71.334 71.352 71.361 71.377 71.496 71.496 71.548 71.683 71.689 71.741 71.751 71.722
77.235 78.624 80.689 80.306 77.415 77.047 77.22 75.816 75.553 75.438 75.424 75.385 75.343 75.48 77.267 77.994 76.325 77.774 78.341 78.043 77.774 77.538 77.546 77.895 77.752 77.896 77.407 77.147 75.497 74.257 74.146 74.214 74.111 73.583 73.646 74.044 73.916 73.859 73.449 73.057 72.852 72.797 72.747 72.73 72.694 72.648 72.522 72.47 72.4 72.288 72.246 72.295 72.481 72.251 71.904 71.773 71.682 71.586 71.55 71.545 71.506 71.563 71.563 71.606 71.592 71.673 71.709 71.764 71.895 71.837 71.895 71.923 71.958 71.983
81.282 83.359 83.79 83.533 78.209 77.438 79.857 79.318 76.69 75.514 75.382 75.358 75.343 75.313 75.452 76.277 75.594 76.749 78 78.204 78.39 78.995 79.034 78.654 78.44 78.166 77.961 77.592 77.008 75.096 74.576 74.362 74.086 74.235 74.03 74.049 73.49 73.249 73.019 72.983 72.914 72.888 72.878 72.767 72.692 72.65 72.563 72.456 72.472 72.539 72.519 72.449 72.042 71.922 71.83 71.772 71.713 71.68 71.71 71.738 71.74 71.72 71.806 71.78 71.828 71.89 71.976 72.018 72.069 72.087 72.124 72.148 72.192 72.142
84.103 84.316 84.87 84.224 81.785 77.231 77.835 80.898 80.142 75.939 75.366 75.34 75.326 75.271 75.298 75.413 75.459 75.969 77.015 77.934 78.181 79.093 77.831 78.837 78.578 77.967 77.529 76.705 76.103 74.611 74.526 74.332 74.2 73.898 73.571 73.362 73.227 73.128 73.132 73.072 73.009 72.906 72.831 72.804 72.7 72.651 72.645 72.602 72.509 72.407 72.177 72.094 72.006 71.97 71.864 71.843 71.879 71.897 71.954 71.961 71.936 71.936 72.067 72.025 72.088 72.125 72.215 72.234 72.297 72.295 72.324 72.307 72.321 72.335
84.928 85.545 85.584 84.661 83.295 78.041 77.732 79.735 81.142 76.476 75.528 75.333 75.27 75.249 75.22 75.279 75.381 75.377 75.836 76.524 77.624 77.859 77.714 78.366 77.972 77.293 75.589 75.031 74.689 74.654 74.55 74.085 73.696 73.472 73.376 73.329 73.303 73.236 73.188 73.12 73.059 72.962 72.907 72.859 72.826 72.851 72.731 72.584 72.344 72.268 72.229 72.224 72.122 72.074 72.109 72.124 72.155 72.15 72.149 72.149 72.148 72.256 72.27 72.303 72.376 72.385 72.427 72.433 72.467 72.495 72.505 72.478 72.48 72.459
