dsm/se2538_DSM_2M.asc
ncols 500
nrows 500
xllcorner    425000
yllcorner    438000
cellsize     2
NODATA_value -9999
[rows 270 to 299 of 500, columns 402 to 468 of 500]
125.701 125.312 125.212 125.098 125.089 125.038 124.857 124.589 124.64 124.427 124.058 123.928 123.973 124.569 126.177 126.983 127.064 127.174 127.775 128.779 128.18 127.159 126.808 126.871 126.57 126.057 126.061 125.779 125.461 125.457 125.631 125.49 125.477 125.687 125.942 125.991 125.743 125.021 125.159 124.976 125.095 124.997 124.935 125.189 127.297 131.639 133.605 128.97 125.025 124.687 124.597 124.266 124.3 124.434 125.606 127.159 125.577 124.889 125.183 125.566 127.203 124.893 125.196 125.043 126.876 127.298 126.509
127.039 125.459 125.214 125.173 124.994 124.823 124.728 124.036 123.89 123.941 123.716 123.744 123.962 124.403 125.19 126.077 126.641 126.839 126.531 126.332 126.332 126.374 126.168 126.53 126.331 126.042 125.982 125.617 124.868 124.982 -9999 125.207 125.308 125.414 125.977 126.317 125.705 125.189 125.13 124.698 124.538 124.694 124.573 124.634 125.421 128.835 126.724 125.827 125.005 126.591 127.641 125.998 125.073 124.784 124.496 124.671 124.513 124.306 124.346 125.061 125.782 124.914 124.49 124.303 125.179 131.348 127.956
126.048 125.238 124.643 124.646 124.396 124.36 124.304 123.809 123.648 123.676 123.352 123.578 123.856 124.219 124.191 124.961 125.5 125.694 125.318 124.888 124.81 124.369 124.446 124.616 125.467 125.841 125.737 125.424 124.975 124.775 124.836 125.034 125.227 125.548 125.989 125.994 125.531 124.912 124.345 124.035 123.838 123.655 123.686 123.601 123.963 126.933 128.981 126.246 125.595 128.267 130.619 127.294 131.015 125.08 124.162 124.196 124.25 124.227 124.148 124.094 124.3 124.31 124.146 124.588 128.163 133.958 126.911
124.823 124.587 123.933 123.779 123.835 123.991 123.887 123.509 123.477 123.542 123.431 123.455 -9999 123.941 123.614 123.941 124.411 124.78 124.291 124.116 124.051 123.949 124.139 124.285 124.663 -9999 -9999 124.605 124.564 124.623 124.779 124.905 125.065 125.422 125.376 125.667 125.906 123.912 123.645 123.527 123.515 123.412 123.401 123.615 124.657 129.029 132.493 126.651 124.744 124.849 124.883 126.154 127.439 125.199 123.909 124.05 124.264 124.115 123.88 123.787 123.739 124.004 123.864 125.327 128.394 134.049 133.932
124.673 123.971 123.775 123.689 123.697 123.664 123.618 123.513 123.564 123.599 123.452 123.347 -9999 123.697 123.612 123.298 123.45 123.589 123.352 123.324 123.688 123.63 123.71 123.827 123.999 123.994 124.21 124.267 124.306 124.568 124.622 124.901 125.172 124.52 123.941 124.458 124.572 123.535 123.325 123.68 123.93 124.211 123.757 124.018 125.818 127.677 128.273 125.743 124.45 124.166 124.724 124.708 124.382 124.679 124.615 124.72 124.41 123.711 123.719 123.732 123.702 123.822 123.936 124.711 131.326 130.583 128.731
125.478 124.104 123.754 123.71 123.638 123.604 123.618 123.606 123.599 123.558 123.225 123.157 123.093 -9999 123.398 123.32 123.386 123.411 123.303 123.321 123.355 123.508 123.677 123.719 123.756 123.96 124.147 124.191 124.263 124.801 124.671 124.54 124.278 123.462 123.419 123.327 123.68 123.297 123.635 124.514 126.83 127.051 126.304 125.833 126.511 126.897 126.688 125.215 124.495 124.374 126.347 130.165 124.591 125.67 131.887 128.424 124.653 123.737 123.893 123.636 123.549 123.532 123.409 124.038 124.926 124.902 124.218
126.738 124.355 123.888 123.733 123.662 123.626 123.586 123.533 123.558 123.495 123.17 122.983 122.972 -9999 -9999 123.34 123.33 -9999 123.055 122.907 123.049 123.374 123.544 123.635 123.771 124.031 124.241 124.472 124.76 125.123 124.638 124.034 123.51 123.113 123.036 123.528 125.104 124.911 125.164 126.085 127.296 127.646 127.654 127.404 127.211 126.814 126.834 127.107 124.703 124.109 125.629 126.84 124.777 124.38 128.191 125.935 124.888 123.511 123.524 123.523 123.525 123.729 123.513 123.479 124.449 125.552 123.475
128.456 125.839 124.057 123.726 123.693 123.569 123.569 123.504 123.702 123.265 123.08 122.863 122.941 122.959 -9999 -9999 -9999 122.85 122.863 122.677 122.97 123.401 123.638 123.623 123.895 124.147 124.646 124.678 124.856 124.898 124.455 123.96 123.025 122.961 123.013 123.426 124.898 125.878 126.397 126.582 127.192 127.534 127.548 127.579 127.28 126.993 127.51 126.873 124.247 123.694 123.826 124.526 124.515 123.917 124.608 124.366 123.886 123.253 123.22 123.595 124.423 125.355 124.568 124.01 124.579 124.911 123.378
129.405 127.802 124.774 123.732 123.865 123.908 123.969 125.059 125.13 123.499 122.957 122.947 122.957 122.967 -9999 -9999 -9999 122.803 122.879 122.952 123.275 123.638 123.834 123.978 124.055 124.208 124.437 124.529 124.715 124.443 123.903 123.158 122.795 123.299 123.148 123.514 124.801 126.045 126.431 126.293 126.494 126.724 126.569 126.128 125.022 125.548 127.599 126.036 123.542 123.468 125.004 130.564 126.635 123.749 123.492 123.204 123.199 123.289 124.308 124.254 127.437 131.825 125.983 129.344 125.446 127.054 125.448
129.715 128.818 125.088 123.852 124.434 125.595 125.487 126.217 125.763 123.738 123.141 123.046 123.033 122.982 -9999 122.518 122.539 122.679 122.888 123.033 123.429 123.746 123.911 124.151 124.113 124.185 124.345 124.389 124.482 123.881 122.722 122.566 123.618 124.972 123.54 123.444 124.461 125.884 126.442 126.431 126.586 126.412 125.645 123.574 122.025 121.665 122.607 126.036 124.656 123.522 123.827 127.239 124.501 123.276 122.939 122.869 123.239 125.394 129.43 124.308 125.479 127.496 125.515 127.771 125.648 130.25 130.081
129.309 128.023 124.837 123.992 124.265 124.904 124.123 123.816 123.941 123.329 123.196 123.115 123.011 122.916 -9999 122.411 122.359 122.362 122.944 123.151 123.413 123.747 123.869 123.948 124.009 124.065 124.596 124.087 123.391 123.132 122.303 122.122 123.527 124.304 123.815 124.503 124.191 126.089 126.386 126.63 126.91 126.721 125.768 122.698 121.204 121.195 122.868 127.408 125.231 123.899 123.169 123.591 123.601 122.942 122.767 123.192 124.13 124.482 128.43 128.196 123.129 123.816 128.801 126.352 123.213 124.57 132.097
129.584 128.491 127.751 124.734 123.884 123.865 123.511 123.364 123.339 123.374 123.311 123.229 122.955 122.679 122.471 122.307 122.268 122.368 122.766 123.062 123.28 123.496 123.64 123.696 123.759 124.069 124.47 123.614 123.228 122.929 122.051 122.068 123.74 123.569 124.901 126.479 126.348 126.731 126.731 126.928 127.17 126.797 125.128 121.688 120.965 120.676 122.274 123.199 122.419 123.38 123.253 123.003 122.964 122.752 122.754 123.216 128.714 124.736 124.6 124.849 122.66 122.534 125.08 123.489 122.362 122.849 125.603
129.993 129.125 128.181 125.271 123.847 123.819 123.601 123.419 123.32 123.273 123.127 123.047 122.596 122.282 122.268 122.063 122.138 122.075 122.503 122.772 123.006 123.218 123.363 123.405 123.59 123.797 123.931 122.792 122.911 123.9 122.584 122.455 123.32 123.872 125.533 126.659 127.075 127.114 127.112 127.263 127.406 127.13 126.639 124.024 121.59 120.943 121.069 121.84 122.298 123.422 123.078 122.753 122.677 122.542 122.324 122.96 125.855 123.784 122.446 122.896 122.087 121.864 122.375 122.197 121.675 121.772 122.075
129.207 129.1 127.714 124.993 123.962 124.272 123.833 123.385 123.134 123.01 122.855 122.747 122.395 122.098 122.038 -9999 121.996 121.914 121.886 122.371 122.739 122.815 122.861 123.078 123.212 123.944 123.327 122.405 122.431 122.867 121.658 121.95 123.201 124.305 126.154 126.794 127.279 127.419 127.477 127.642 127.733 127.351 126.812 124.889 121.826 121.872 120.59 120.977 121.42 122.449 122.756 122.679 122.378 122.32 122.33 122.617 122.515 122.19 123.076 124.526 123.123 121.726 121.862 121.812 122.931 122.538 122.393
127.072 125.844 125.349 124.964 125.097 124.516 123.673 123.35 122.982 122.632 122.531 122.389 122.147 121.882 121.865 -9999 121.933 121.872 121.905 122.135 122.16 122.311 122.568 122.584 122.713 122.601 122.296 121.904 121.909 121.911 121.485 121.231 122.279 124.62 125.804 126.764 127.165 127.318 127.584 127.783 127.769 127.489 127.184 126.53 125.265 123.559 121.174 120.828 121.141 122.253 123.758 123.153 122.376 122.006 122.729 125.357 124.281 123.077 124.638 129.782 124.166 124.482 122.739 123.136 125.707 126.303 123.653
125.769 124.562 124.413 124.309 125.075 125.067 123.253 123.466 122.657 122.397 122.365 122.237 122.054 121.923 121.862 -9999 -9999 -9999 121.903 121.732 121.569 121.606 122.016 122.134 122.021 122.14 121.354 121.487 121.64 121.343 121.087 121.214 121.916 122.896 124.406 126.139 126.942 127.141 127.548 127.883 127.751 127.466 127.186 126.786 126.474 125.063 121.603 120.551 120.997 122.549 128.63 124.381 122.469 121.928 122.695 128.235 125.155 122.78 127.43 128.271 125.109 128.085 126.983 122.569 125.899 129.015 122.283
126.621 125.83 124.935 123.928 124.965 125.236 124.549 124.15 122.725 122.263 122.278 122.152 121.995 121.869 121.773 121.725 -9999 -9999 -9999 121.574 121.566 121.526 121.71 121.978 121.879 121.807 121.406 121.419 -9999 121.316 121.177 121.382 121.69 121.65 122.48 125.783 126.711 127.122 127.439 127.695 127.756 127.588 127.245 126.9 126.639 125.306 122.05 120.799 120.74 123.836 127.357 124.108 122.112 121.645 122.039 122.56 121.671 122.983 130.168 126.444 122.108 126.692 130.53 125.758 123.002 122.568 121.403
126.091 125.984 125.658 125.686 125.911 125.885 126.093 125.447 123.322 122.379 122.178 122.04 121.954 121.751 121.657 121.7 -9999 -9999 -9999 121.269 121.197 121.246 -9999 -9999 -9999 -9999 121.566 -9999 -9999 -9999 -9999 -9999 121.499 121.741 122.419 124.466 126.306 127.009 127.378 127.652 127.834 127.777 127.41 127.092 126.437 124.504 121.514 120.865 121.191 125.163 126.67 122.402 121.816 121.406 121.365 121.328 121.251 121.702 123.457 123.311 122.567 124.393 126.957 127.645 122.749 120.79 120.604
125.651 125.836 125.93 126.288 126.664 126.748 127.052 126.661 123.991 122.415 122.267 122.004 121.878 121.69 121.648 121.641 -9999 -9999 121.098 120.941 120.659 120.78 121.003 -9999 -9999 -9999 -9999 -9999 -9999 -9999 -9999 -9999 121.475 121.241 122.135 123.715 126.136 126.837 127.279 127.588 127.822 127.888 127.476 127.195 126.434 124.74 120.703 120.183 121.201 122.737 121.523 121.646 121.391 121.213 121.048 121.013 121.075 121.09 121.258 122.13 121.184 122.634 122.892 123.053 122.096 120.594 120.277
126.316 126.377 126.769 127.243 127.331 127.524 127.944 127.357 125.355 123.726 -9999 121.934 121.795 121.606 121.574 -9999 -9999 -9999 -9999 120.769 120.634 120.683 -9999 120.772 120.803 120.798 120.841 -9999 -9999 -9999 -9999 -9999 121.462 121.533 121.468 122.529 125.022 126.618 127.138 127.513 127.723 127.708 127.494 127.261 126.835 125.893 122.46 120.589 120.491 121.217 121.059 120.991 121.234 121.358 121.064 120.797 120.968 121.605 122.203 122.325 120.68 120.455 121.558 121.827 120.87 120.261 120.193
126.975 127.397 127.508 127.696 127.718 127.564 127.42 126.282 123.875 123.535 -9999 -9999 121.541 121.448 121.388 -9999 -9999 -9999 -9999 -9999 120.666 -9999 -9999 120.805 120.703 120.63 120.849 120.988 -9999 -9999 -9999 -9999 -9999 121.202 121.382 121.978 123.639 125.981 126.936 127.457 127.59 127.52 127.41 127.29 126.883 125.493 121.432 120.672 120.259 120.51 120.79 120.874 121.41 123.768 122.506 121.445 121.151 122.074 122.799 121.441 120.704 121.034 122.531 124.043 121.118 120.185 120.301
127.512 127.535 127.512 127.496 127.305 127.077 126.802 124.769 122.638 123.28 -9999 121.275 -9999 -9999 120.934 120.87 -9999 -9999 -9999 -9999 -9999 -9999 120.876 120.888 120.852 120.822 120.975 121.051 121.054 -9999 -9999 -9999 120.762 120.918 120.914 121.139 122.771 125.544 126.772 127.294 127.277 127.248 127.193 127.142 126.737 124.818 120.539 120.83 120.171 120.546 121.115 120.918 122.047 127.167 123.405 122.831 123.19 122.429 123.292 123.864 122.281 123.107 126.038 128.942 122.328 120.46 121.662
127.71 127.503 127.325 127.043 126.719 126.343 126.114 125.158 122.461 122.567 121.889 121.158 121.041 120.958 120.78 120.69 120.746 120.829 120.598 120.626 120.735 120.842 120.918 120.945 120.974 121.069 121.042 121.157 121.102 120.971 -9999 -9999 120.456 120.501 120.709 121.144 122.26 124.406 126.327 127.047 127.025 126.764 126.688 126.836 126.21 123.209 120.911 120.533 119.846 120.847 122.86 123.447 121.747 123.277 124.559 124.197 122.384 122.55 125.124 126.653 128.794 127.239 124.909 124.497 122.312 120.618 121.562
127.096 127.079 126.629 125.851 125.006 125.244 124.563 123.334 122.569 122.277 121.654 121.124 121.063 120.977 120.808 120.7 120.817 120.845 120.665 120.594 120.718 120.821 120.897 120.995 121.027 121.027 120.975 121.056 120.984 120.862 120.627 -9999 120.273 120.238 120.526 121 121.62 122.923 126.136 126.648 126.331 124.374 124.181 124.855 123.987 120.77 120.448 119.929 119.767 120.96 121.775 124.725 122.669 121.276 122.997 124.727 122.665 121.496 123.723 126.306 127.971 129.467 122.347 127.52 122.751 120.451 120.874
126.472 126.863 126.608 125.036 122.875 122.08 122.032 121.702 121.877 121.794 121.227 121.118 121.146 121.172 121.05 120.985 120.809 120.884 120.765 120.602 120.705 120.806 120.851 120.96 121.042 120.991 120.915 120.888 120.876 120.725 120.498 120.299 120.174 120.211 120.375 120.256 121.039 122.006 123.356 124.678 124.254 121.077 121.038 120.804 120.264 120.186 120.108 119.444 119.288 120.205 119.697 122.215 121.005 121.154 121.271 120.991 120.355 120.08 120.241 121.045 124.478 123.153 121.126 124.006 122.378 120.316 119.91
126.732 127.679 127.753 126.045 123.878 121.958 121.108 121.083 121.083 121.005 121.001 121.041 121.247 121.449 121.68 121.411 120.822 121.123 -9999 -9999 120.684 120.762 120.842 120.919 120.949 120.919 120.853 120.798 120.752 120.622 120.35 120.076 120.023 119.984 120.12 120.134 120.235 120.656 120.373 121.051 120.222 120.612 120.508 119.675 119.498 119.595 119.46 118.933 118.864 119.117 119.355 121.574 123.87 126.649 123.064 120.548 120.231 120.316 121.157 126.934 127.093 121.892 120.221 120.598 121.25 121.583 119.962
127.936 128.648 128.645 127.837 125.228 122.818 121.087 120.749 120.65 120.767 120.961 121.101 121.786 122.245 122.156 122.956 122.136 121.453 -9999 120.558 120.601 120.717 120.687 120.783 120.843 120.807 120.762 120.648 120.673 120.51 120.122 119.796 119.911 119.906 119.912 119.904 119.797 119.729 119.659 119.53 119.212 119.505 120.675 119.496 118.885 118.789 118.952 118.932 118.827 118.76 119.248 121.369 125.532 127.02 127.982 122.253 120.136 119.777 120.781 126.556 129.002 120.961 119.605 120.866 120.735 120.531 119.7
128.712 128.776 128.737 128.688 127.734 124.363 120.98 120.504 120.436 120.737 120.919 121.001 121.343 121.251 121.49 121.879 121.104 121.27 -9999 120.445 120.385 120.397 120.515 120.685 120.726 120.68 120.609 120.488 120.433 120.296 120.121 119.989 119.903 119.834 119.8 119.816 119.687 119.451 119.076 118.934 118.737 119.049 119.693 119.423 118.941 118.803 118.888 118.964 118.805 118.681 119.023 120.552 125.019 125.032 124.41 121.1 119.645 119.233 119.653 120.65 122.097 120.145 119.627 120.343 119.561 119.635 120.215
128.254 128.552 128.448 128.165 125.454 122.031 120.566 120.485 120.64 120.725 120.903 121.251 120.795 120.346 120.293 120.822 120.792 120.897 -9999 120.371 120.343 120.36 120.461 120.521 120.596 120.533 120.459 120.378 120.345 120.26 120.145 119.901 119.784 -9999 -9999 119.72 119.511 119.338 119.069 118.773 118.844 119.068 -9999 -9999 118.996 118.79 118.695 118.759 118.78 118.743 118.718 119.595 122.314 123.375 122.622 120.322 119.257 119.03 119.04 119.132 119.233 119.242 119.224 119.993 119.442 120.213 128.062
124.204 124.664 124.748 123.912 121.719 120.378 120.275 120.466 120.378 120.402 120.814 122.412 123.506 121.023 120.679 120.434 120.576 120.394 -9999 -9999 120.213 120.192 120.269 120.301 120.348 120.372 120.415 120.335 120.365 120.313 120.156 119.682 119.662 -9999 -9999 119.7 119.626 119.703 119.122 118.708 118.837 -9999 -9999 -9999 -9999 118.715 118.695 118.712 118.742 118.777 118.742 118.987 121.816 123.599 121.345 120.003 119.196 119.036 118.919 118.819 119.378 121.263 120.069 119.318 119.696 121.293 125.33
