dsm/se2536_DSM_2M.asc
ncols 500
nrows 500
xllcorner    425000
yllcorner    436000
cellsize     2
NODATA_value -9999
[rows 0 to 31 of 500, columns 288 to 359 of 500]
93.759 92.122 91.459 91.49 91.615 95.086 97.805 97.849 96.751 92.385 92.673 91.962 91.733 91.695 91.602 91.596 91.546 92.177 91.62 92.136 91.712 91.195 93.984 97.328 98.632 97.384 93.917 91.93 91.387 91.658 93.173 93.554 90.708 92.375 90.436 90.432 90.327 90.303 90.261 90.191 90.163 90.075 89.954 89.964 89.92 89.891 89.833 89.746 89.74 89.644 89.597 89.539 89.484 89.425 89.388 89.4 89.52 93.752 95.72 96.332 95.801 95.28 94.376 93.364 89.877 88.304 88.167 88.509 88.508 87.8 87.628 87.43
92.882 91.746 91.468 91.436 91.536 95.01 97.451 98.171 97.096 93.576 91.963 92.899 91.851 91.604 91.455 91.465 91.453 91.546 91.628 91.674 92.405 91.102 91.877 96.739 98.586 98.034 96.26 92.029 90.842 90.912 91.784 93.009 90.967 90.475 90.415 90.351 90.238 90.182 90.208 90.097 90.054 90.008 89.87 89.85 89.779 89.781 89.768 89.708 89.655 89.608 89.545 89.467 89.414 89.393 89.35 88.942 88.653 90.072 93.74 94.909 95.63 96.11 95.696 95.04 91.61 88.287 88.283 88.237 88.174 92.148 89.883 87.529
91.828 91.591 91.517 91.506 91.533 92.421 95.257 98.33 97.582 95.734 92.567 92.417 91.675 91.468 91.421 91.334 91.351 91.378 91.494 91.5 92.144 91.658 91.343 95.14 97.618 98.464 97.051 93.511 91.582 91.44 92.085 93.236 91.411 90.401 90.348 90.323 90.192 90.165 90.085 90.062 90.008 89.886 89.8 89.779 89.751 89.725 89.711 89.661 89.586 89.566 89.455 89.419 89.369 89.358 89.273 89.127 88.826 88.83 91.135 92.637 90.953 94.166 95.62 94.394 89.699 88.28 88.458 89.032 89.572 92.12 95.757 88.865
91.89 91.829 91.891 92.701 91.529 91.521 93.054 97.591 98.06 96.716 92.156 92.196 92.802 91.368 91.301 91.235 91.249 91.22 91.367 91.415 91.376 91.969 91.018 94.969 97.008 98.724 97.462 96.074 91.244 90.608 91.05 92.979 92.435 90.504 90.307 90.275 90.167 90.125 90.068 89.989 89.93 89.834 89.765 89.735 89.706 89.68 89.683 89.606 89.526 89.499 89.438 89.405 89.342 89.328 89.307 89.218 88.916 89.163 90.696 90.706 88.786 89.258 90.582 91.818 88.509 89.934 89.544 88.286 89.068 89.738 90.58 88.297
92.779 91.562 91.115 91.128 91.05 91.471 92.474 97.204 97.699 97.363 93.45 91.779 91.565 91.417 91.265 91.154 91.141 91.161 91.238 91.308 91.262 92.213 91.341 91.036 95.522 98.291 98.439 96.301 91.828 90.723 90.653 92.397 93.285 90.535 90.248 90.159 90.107 90.072 89.972 89.897 89.857 89.792 89.77 89.708 89.677 89.655 89.614 89.556 89.482 89.444 89.434 89.408 89.348 89.304 89.233 89.148 89.049 88.977 88.794 88.411 88.377 88.434 88.494 89.534 90.279 89.55 87.652 87.586 87.585 87.517 87.407 87.532
92.247 91.482 91.07 91.021 91.163 91.389 91.583 96.164 95.929 92.962 91.697 91.125 91.916 91.346 91.223 91.106 91.057 91.086 91.071 91.136 91.148 91.377 91.231 91.241 95.565 97.679 98.324 96.936 95.055 91.055 90.559 90.917 93.278 92.338 90.241 90.101 90.025 89.973 89.887 89.831 89.783 89.732 89.707 89.641 89.66 89.623 89.583 89.546 89.465 89.402 89.366 89.304 89.313 89.263 89.204 89.131 89.056 89.247 89.381 88.519 88.74 88.789 89.815 89.612 87.562 90.344 90.145 88.299 87.994 87.341 87.173 87.178
92.251 91.06 91.15 91.093 91.056 91.23 91.478 91.701 91.5 90.838 91.836 91.872 91.432 92.159 91.763 91.085 90.969 90.975 90.935 90.982 90.945 90.967 90.996 90.987 93.287 97.075 98.475 98.122 95.898 91.155 90.645 90.595 92.188 92.687 90.07 89.986 89.967 89.902 89.844 89.743 89.708 89.688 89.64 89.637 89.627 89.605 89.579 89.549 89.455 89.388 89.356 89.25 89.19 89.172 89.186 89.16 89.117 89.357 88.895 89.889 90.062 88.348 88.07 87.663 87.351 89.629 93.238 93.443 92.874 87.878 87.034 87.104
92.74 92.929 92.574 91.085 91.111 91.09 90.736 90.699 90.788 94.321 96.112 92.007 90.953 90.799 92.745 91.153 90.916 90.87 90.834 90.858 90.867 90.911 91.39 91.912 92.229 96.022 98.193 98.114 96.884 91.131 90.625 90.577 90.916 92.33 90.015 89.82 89.882 89.783 89.756 89.698 89.651 89.615 89.618 89.602 89.615 89.588 89.568 89.495 89.412 89.373 89.27 89.193 89.157 89.14 89.126 89.139 89.295 89.993 91.608 91.828 91.716 90.82 89.701 89.82 89.021 91.098 94.161 94.3 92.969 89.136 87.08 88.213
93.33 93.072 92.983 91.519 92.896 90.836 90.654 90.801 92.538 96.615 96.886 95.61 91.589 91.227 92.419 91.402 90.936 90.748 90.726 90.689 90.83 90.863 90.803 91.102 91.305 93.94 97.415 97.318 95.773 91.997 90.9 91.068 91.124 91.636 91.507 89.759 89.759 89.683 89.666 89.633 89.601 89.591 89.539 89.61 89.585 89.534 89.506 89.442 89.367 89.298 89.224 89.176 89.098 89.159 89.115 89.055 89.056 89.336 89.443 90.961 89.467 88.617 89.474 89.599 89.99 92.692 94.698 94.616 93.045 88.102 87.376 87.411
91.238 93.198 93.345 93.737 93.927 90.829 90.673 90.662 91.717 96.525 97.305 96.419 93.578 90.782 91.186 92.084 90.909 90.702 90.612 90.599 90.674 90.786 90.737 90.921 90.985 91.431 94.451 93.576 91.127 90.681 90.418 89.984 89.728 90.394 91.485 89.842 89.61 89.59 89.656 89.589 89.55 89.472 89.519 89.506 89.503 89.469 89.456 89.342 89.307 89.228 89.136 89.11 89.041 89.045 89.141 90.213 89.58 89.553 89.572 90.75 90.946 89.761 88.544 87.398 88.351 92.204 95.051 94.392 92.608 87.789 87.108 87.559
90.785 93.001 93.764 94.01 93.769 91.549 90.679 90.695 90.905 94.609 97.237 97.047 95.569 90.856 91.026 91.451 90.848 90.629 90.489 90.52 90.51 90.642 90.645 90.549 90.774 90.713 90.7 91.439 93.727 94.175 92.384 89.726 89.697 89.954 91.323 90.77 89.551 89.507 89.567 89.476 89.474 89.465 89.501 89.467 89.414 89.364 89.343 89.218 89.196 89.105 89.063 89.107 89.013 90.396 91.396 90.778 90.935 90.695 89.675 91.991 90.889 90.107 90.366 89.598 90.08 92.395 94.7 94.285 91.735 87.213 88.125 87.776
90.679 91.042 93.182 93.412 92.616 90.908 90.673 90.695 91.595 95.018 97.013 97.223 95.792 90.66 90.407 91.214 90.875 90.596 90.428 90.444 90.399 90.525 90.479 90.506 91.552 90.127 92.918 95.128 96.052 95.75 94.261 90.151 90.067 90.93 91.18 91.479 91.532 90.446 89.451 89.505 89.411 89.396 89.373 89.383 89.298 89.289 89.249 89.173 89.303 89.061 89.385 90.673 91.046 91.075 89.137 90.289 91.034 88.783 89.498 92.157 91.88 89.642 87.869 88.64 87.253 92.68 95.225 93.703 91.49 88.365 88.126 87.338
91.72 91.912 93.97 93.156 90.821 90.856 90.58 90.608 90.866 90.495 95.728 97.363 96.392 93.52 90.357 90.47 90.603 90.48 90.358 90.329 90.369 90.35 90.431 90.421 90.36 90.043 89.813 94.901 97.038 97.044 94.998 90.312 90.854 89.67 89.459 90.156 90.555 91.238 90.893 90.699 90.273 89.355 89.314 89.288 89.239 89.181 89.157 91.288 91.676 90.504 90.379 89.093 90.31 89.577 89.82 89.097 90.255 88.23 88.137 90.065 92.406 91.436 88.753 88.917 91.46 93.883 95.159 93.423 91.295 87.077 87.151 86.879
91.993 91.69 94.188 93.93 91.953 90.754 90.529 90.445 90.346 90.497 95.252 96.782 96.671 95.596 90.425 90.444 90.523 90.414 90.281 90.237 90.181 90.21 90.345 90.386 90.302 90.196 94.742 95.38 96.645 97.317 95.588 90.53 89.579 89.516 89.942 90.509 89.683 89.842 89.541 89.704 90.742 91.656 90.767 89.377 91.034 94.967 99.08 99.165 94.551 89.899 89.047 88.492 89.375 88.819 88.575 88.715 90.051 88.346 87.991 90.649 91.458 93.031 91.221 91.152 91.838 93.693 94.984 93.592 91.214 87.264 87.311 86.854
90.361 90.383 90.654 92.481 91.956 90.66 90.433 90.534 90.316 90.157 91.599 96.023 95.394 90.88 91.359 90.597 90.341 90.449 90.245 90.106 90.164 90.139 90.242 90.273 90.218 91.173 91.481 91.451 96.104 97.356 96.402 92.938 89.597 90.473 90.573 89.636 89.48 89.403 89.036 89.211 89.871 91.541 91.779 92.153 98.188 100.017 99.414 96.059 92.956 90.378 88.401 88.311 89.204 89.14 88.498 90.241 90.396 89.391 87.9 88.308 92.519 92.294 91.412 88.387 90.794 94.06 94.735 93.42 90.619 87.881 88.439 87.421
90.285 90.292 90.371 90.833 90.893 90.778 90.279 90.435 90.206 90.179 90.122 90.126 89.9 90.493 90.999 90.617 90.644 91.503 90.261 90.104 90.046 90.038 90.078 90.298 90.402 90.626 90.236 90.042 94.304 97.107 96.769 95.433 90.908 90.223 89.388 89.417 89.981 89.294 88.826 88.71 88.721 89.716 89.229 95.985 100.026 97.505 94.752 90.314 91.334 89.795 88.289 88.231 88.553 89.478 89.656 91.009 90.839 90.428 89.048 87.844 88.315 91.404 91.227 88.083 90.883 94.205 94.794 93.118 88.311 87.13 87.938 87.212
90.279 90.198 91.388 91.733 91.051 90.689 90.392 90.271 90.443 91.251 89.845 89.732 92.686 95.233 94.681 90.69 90.06 91.497 90.614 90.075 89.946 89.916 89.901 90.052 90.228 89.999 90.313 90.987 93.315 96.535 97.757 96.077 92.96 89.83 89.357 90.599 91.745 92.277 88.753 88.615 88.63 91.406 99.569 97.605 101.657 94.542 88.437 88.484 90.361 90.07 88.305 88.149 88.177 89.386 89.634 88.073 89.368 89.365 88.694 88.43 90.618 91.282 90.274 88.155 89.567 92.346 93.381 92.341 88.062 86.899 87.751 87.152
91.331 90.372 91.88 90.985 91.009 90.558 90.361 91.4 91.77 91.484 89.746 91.028 93.937 96.324 95.348 92.188 90.163 89.968 90.77 90.12 89.907 89.801 89.805 89.887 89.894 89.838 90.055 90.039 90.938 95.513 97.232 96.691 94.919 90.8 91.066 91.907 90.432 93.676 90.559 89.412 88.568 90.797 100.069 95.759 91.806 90.663 89.633 88.37 89.098 88.577 88.283 87.934 88.929 89.428 89.44 89.19 87.781 87.826 90.622 92.336 93.518 92.525 87.939 89.588 87.067 87.787 87.609 86.993 86.852 86.763 86.975 86.648
92.764 91.541 90.653 91.518 91.771 91.612 90.799 90.814 93.546 92.912 89.939 89.957 93.55 96.228 95.938 94.357 91.295 90.352 91.026 90.022 89.895 89.721 89.738 89.612 89.743 89.805 90.022 90.106 90.141 94.91 96.578 96.969 95.697 90.888 89.434 90.158 93.509 93.462 88.603 88.487 88.396 88.481 88.622 88.247 88.282 89.092 89.927 88.83 88.029 88.222 89.02 87.81 88.831 89.042 89.04 87.909 92.591 93.455 93.97 94.607 94.605 93.35 89.807 89.449 87.355 87.296 87.093 86.954 86.881 86.724 86.763 86.609
92.081 92.156 92.087 90.849 92.521 95.224 92.822 96.746 96.455 96.907 95.99 92.288 94.32 95.92 96.363 95.325 91.474 89.843 89.842 90.817 89.738 89.599 89.635 89.56 89.657 89.752 89.685 89.833 90.826 93.35 96.171 97.076 96.092 94.531 90.277 89.462 92.803 93.255 89.362 88.403 88.297 88.36 88.413 88.138 88.102 88.335 89.918 88.968 87.945 88.548 89.325 87.445 90.221 92.488 89.875 89.369 93.03 94.998 95.794 94.924 94.889 93.723 91.557 89.957 87.958 87.094 86.899 86.917 86.855 87.513 87.355 86.551
91.091 90.847 90.439 90.668 90.793 93.204 93.606 96.122 97.159 91.873 94.776 93.894 93.62 95.548 96.522 95.87 93.287 89.891 90.046 91.105 89.736 89.603 89.488 89.472 89.539 89.62 89.593 90.514 89.65 90.355 95.224 97.343 95.907 93.095 92.576 89.468 88.559 89.135 89.94 88.406 88.208 88.269 88.422 88.099 87.919 87.889 89.126 87.682 87.442 88.646 91.839 92.817 93.62 93.705 92.363 90.215 91.768 94.022 94.197 93.486 93.082 91.98 90.389 87.53 89.892 87.204 86.9 87.179 88.411 88.225 86.594 86.549
89.713 89.617 89.654 90.356 90.58 93.076 91.947 95.268 96.819 96.811 94.097 93.697 90.106 94.088 95.975 96.111 94.629 89.557 89.521 90.879 89.787 90.066 89.373 89.409 89.388 89.445 89.531 89.448 92.023 93.15 94.812 92.092 90.448 93.991 93.694 88.902 88.337 88.498 89.921 88.963 88.111 88.06 88.186 87.9 87.769 87.695 88.03 87.796 92.383 93.333 94.079 94.863 95.357 94.957 93.126 89.144 91.207 93.37 88.609 90.043 87.886 87.198 87.514 87.243 88.732 87.796 87.204 88.716 87.012 86.574 86.534 86.538
89.955 90.107 89.636 90.655 91.203 92.914 92.093 94.169 95.066 92.794 91.395 89.881 89.38 92.765 95.304 96.076 95.241 90.503 89.508 89.508 89.553 90.053 89.297 89.308 89.254 89.375 89.372 89.339 90.442 95.089 95.964 94.591 91.483 93.598 93.363 91.029 88.355 88.89 89.499 89.39 87.859 87.731 87.765 87.952 88.14 92.449 93.007 89.85 92.153 94.134 95.72 95.573 95.105 94.174 93.389 89.982 88.162 88.343 87.113 87.55 88.711 87.645 87.086 87.469 87.294 87.154 87.544 86.916 86.536 86.546 86.533 86.537
89.892 90.688 89.887 91.135 91.748 93.012 92.913 90.765 91.08 91.636 90.145 89.171 89.184 89.76 94.206 94.927 91.836 90.138 90.653 89.759 89.785 89.492 89.284 89.187 89.178 89.241 89.224 89.225 90.951 93.566 95.13 92.9 88.854 89.433 94.261 94.22 91.666 88.502 88.69 89.6 87.747 87.944 92.276 93.155 93.878 94.766 93.615 90.774 90.566 93.313 94.321 94.033 93.236 92.018 88.693 87.992 88.891 87.099 87.127 87.09 88.348 87.114 86.804 86.73 86.643 86.66 86.615 86.637 86.603 86.557 86.486 86.406
91.796 91.439 91.406 91.503 92.035 92.141 90.445 91.811 91.476 89.947 89.311 89.051 89.073 89.046 89.643 90.427 89.383 90.542 89.394 89.11 89.565 89.724 89.319 89.09 89.11 89.05 89.094 89.117 89.352 90.084 91.209 93.65 91.954 94.045 95.611 96.209 95.1 93.623 91.014 89.455 89.323 92.858 94.627 94.846 95.721 95.861 94.56 92.358 88.897 92.46 90.331 91.399 90.022 87.446 87.23 87.18 88.223 86.971 87.012 88.545 88.503 86.854 86.757 86.678 86.672 86.644 86.677 86.628 86.547 86.423 86.713 86.406
89.239 89.266 89.377 89.293 89.835 91.299 89.891 90.871 90.962 89.954 89.038 89.14 89.919 90.637 90.915 91.952 93.864 94.639 90.625 89.024 89.412 90.629 89.297 89.092 88.967 88.965 88.918 88.987 89.098 93.993 94.747 94.494 90.66 92.599 94.324 95.336 96.019 94.884 93.835 90.32 89.98 92.871 95.144 96.151 95.088 94.95 93.925 93.017 89.838 87.913 87.835 87.478 88.022 87.618 87.192 87.099 87.31 87.498 87.048 86.829 86.815 86.806 86.764 86.696 86.668 86.687 86.613 86.94 87.692 87.127 88.207 87.594
89.126 89.392 89.457 89.101 89.913 89.567 89.105 89.292 90.795 90.726 90.521 89.642 89.35 88.763 89.327 93.723 95.214 95.327 93.811 89.047 88.95 90.354 89.486 89.085 88.907 88.857 88.836 88.857 89.084 93.906 94.604 93.703 89.448 88.219 92.089 94.234 94.749 94.703 90.009 88.525 89.347 90.471 94.101 94.409 93.142 92.64 88.75 88.52 88.171 87.362 87.367 87.352 87.528 88.449 87.454 87.057 86.905 87.077 87.19 86.876 86.846 86.829 86.766 86.658 86.652 86.695 87.597 88.555 87.215 87.402 86.596 86.419
89.163 89.136 89.105 89.046 89.546 90.025 89.407 88.953 89.98 91.06 89.48 88.877 88.822 88.818 88.787 92.534 95.166 95.704 94.337 89.174 90.38 90.679 89.465 89.049 88.826 88.784 88.774 88.76 88.965 91.877 92.882 89.707 88.257 88.504 89.655 89.001 92.952 93.475 88.754 88.195 88.853 88.08 92.12 88.902 88.825 89.381 87.619 87.582 87.995 87.322 87.276 87.314 87.331 87.263 87.009 86.959 86.942 86.925 86.84 86.84 86.779 86.778 86.76 87.792 87.708 86.748 86.863 88.469 86.847 86.775 86.583 86.32
89.355 89.049 89.081 89.043 89.167 89.216 89.418 89.009 89.305 90.755 89.46 88.853 88.777 88.785 88.748 88.842 92.863 95.727 95.026 93.426 90.409 90.063 89.459 89.02 88.876 88.762 88.676 88.663 88.767 88.733 88.757 89.122 88.286 89.396 88.34 88.032 88.159 88.327 88.84 88.671 88.654 89.128 87.726 87.835 87.633 88.63 88.216 87.467 88.558 87.685 89.944 88.702 87.852 87.037 87.023 87.003 86.962 86.902 86.875 86.786 86.848 87.003 87.252 88.014 86.716 86.616 86.69 88.104 87.789 86.757 86.588 86.19
88.948 88.948 89.151 88.799 89.129 89.813 90.024 89.483 89.669 89.492 90.638 88.961 88.731 88.753 88.777 89.642 94.262 95.437 95.61 94.404 89.809 88.819 90.202 88.95 88.92 88.562 88.638 88.564 88.66 88.672 88.853 89.344 89.948 89.698 88.202 88.006 87.989 87.928 88.765 88.146 88.389 88.948 88.193 88.187 87.583 88.201 88.415 87.271 88.552 91.04 91.099 91.041 87.839 87.072 87.024 86.987 86.861 86.943 86.914 86.955 87.579 86.774 86.739 86.992 87.02 86.639 86.647 89.851 88.467 86.704 86.252 85.339
93.637 94.484 94.072 89.101 91.983 90.364 94.584 94.436 94.033 89.738 89.614 89.579 89.012 89.433 88.766 89.192 89.903 94.86 95.528 94.802 91.608 88.779 88.909 89.116 88.824 88.649 88.473 88.451 88.584 88.564 88.654 90.091 89.948 88.105 87.967 87.988 87.876 87.841 87.82 87.772 88.401 88.349 87.903 87.5 87.426 87.979 87.233 89.392 90.454 88.566 88.974 87.193 87.061 87.008 87.001 87.287 88.25 87.398 87.027 86.966 87.074 87.031 86.543 86.707 90.706 90.287 91.932 92.227 88.851 86.871 85.664 91.995
92.571 95.564 95.207 95.882 95.962 95.851 95.95 95.539 95.303 89.105 88.768 90.272 89.971 90.426 89.127 88.589 88.787 93.786 95.458 95.025 93.154 89.71 89.346 89.908 88.715 88.583 88.395 88.385 88.322 88.357 88.341 88.455 88.814 88.06 87.916 87.891 87.864 87.742 87.772 87.87 88.412 87.722 87.854 87.311 87.248 87.268 87.278 87.879 87.253 87.11 87.129 87.729 87.289 87.249 87.068 87.634 87.203 87.012 87.028 87.133 86.998 88.671 88.049 92.256 92.781 93.466 93.975 93.099 90.81 87.018 85.589 92.182
