dsm/se2532_DSM_2M.asc
ncols 500
nrows 500
xllcorner    425000
yllcorner    432000
cellsize     2
NODATA_value -9999
[rows 62 to 92 of 500, columns 213 to 283 of 500]
56.032 54.585 52.127 52.061 52.02 52.006 52.024 52.089 52.073 52.067 52.171 52.206 52.187 52.057 51.918 51.845 51.796 51.725 51.661 51.582 51.542 51.557 51.62 51.589 51.57 51.538 51.454 52.387 54.971 52.608 54.546 54.606 56.02 54.243 55.379 55.322 51.235 50.774 51.103 51.203 51.033 50.936 50.934 50.974 50.972 51.001 50.962 51.021 51.523 53.806 55.115 55.244 55.371 54.656 54.394 55.232 55.089 54.45 54.883 55.482 54.958 51.363 50.088 50.1 50.087 50.071 52.879 53.964 54.647 55.936 58.148
57.015 55.686 52.902 52.16 52.014 51.925 51.954 51.959 52.01 52.012 52.054 52.096 52.146 52.024 51.934 51.908 51.811 51.72 51.676 51.603 51.559 51.5 51.454 51.409 51.459 51.387 51.455 51.495 55.416 54.817 51.535 52.194 52.003 51.933 53.944 53.29 51.674 51.264 51.036 50.939 50.939 50.952 50.992 50.957 51.017 50.916 51.339 51.309 54.822 55.433 54.655 54.932 55.115 55.364 54.757 54.493 55.234 55.135 54.405 54.716 54.533 53.575 50.902 50.145 50.118 50.087 50.421 53.978 54.077 55.447 57.147
56.643 52.85 55.819 52.832 52.077 52.019 51.958 51.935 51.911 51.983 52.046 51.963 52.035 52.032 52 51.996 51.887 51.763 51.662 51.664 51.556 51.519 51.422 51.42 51.324 51.276 51.27 51.268 52.007 51.607 51.205 51.122 51.017 51.065 52.221 51.017 50.938 50.927 50.902 50.981 50.907 50.943 50.926 50.921 50.974 51.243 53.274 54.464 55.218 54.704 54.841 55.561 55.34 55.321 55.235 54.806 54.531 55.035 55.076 53.902 53.715 53.344 53.101 50.664 50.128 50.109 50.572 56.049 55.732 55.489 65.889
53.112 54.408 56.26 52.783 52.193 52.17 51.982 51.899 51.858 51.912 51.868 51.96 51.974 51.969 52.053 51.997 51.983 51.883 51.719 51.622 51.578 51.509 51.471 51.45 51.373 51.267 51.188 51.172 51.103 51.077 51.053 51.001 50.924 50.909 50.925 50.885 50.914 50.936 50.954 50.925 50.937 50.94 51 51.652 54.706 54.579 54.127 55.914 54.656 54.846 55.428 54.389 55.272 54.895 55 55.541 54.837 54.671 54.149 53.647 53.364 53.196 51.551 50.176 50.139 50.133 50.112 50.812 54.849 54.315 55.688
52.049 52.102 53.233 53.44 54.168 52.115 52.232 52.154 51.906 51.853 51.814 51.883 51.91 51.934 52.004 52.041 51.927 51.803 51.668 51.648 51.562 51.499 51.432 51.37 51.301 51.353 51.248 51.211 51.18 51.08 51.061 51.017 50.974 50.985 50.96 50.969 50.93 50.921 50.902 50.899 51.038 53.528 53.908 55.062 54.654 54.815 55.315 54.777 54.427 55.105 54.411 54.966 55.275 54.286 55.469 54.96 55.41 51.849 53.031 53.456 53.158 51.584 50.176 50.151 50.154 50.156 50.108 50.381 53.738 55.356 54.074
53.24 52.103 52.145 52.633 52.936 54.502 53.639 52.132 52.136 51.894 51.858 51.801 51.828 51.889 51.886 51.94 51.867 51.766 51.672 51.619 51.551 51.507 51.429 51.353 51.294 51.252 51.246 51.204 51.139 51.147 51.114 51.073 51.079 51.021 50.982 50.945 50.937 50.856 50.893 51.301 50.556 49.775 53.278 54.501 54.672 55.241 54.537 54.459 54.962 54.67 55.22 55.082 54.307 55.049 55.078 55.003 54.699 53.984 51.046 51.036 51.522 50.198 50.219 50.208 50.188 50.182 50.179 50.158 51.377 54.921 54.397
52.039 55.675 52.377 52.344 56.38 54.819 55.23 52.536 51.995 51.974 51.876 51.775 51.793 51.824 51.852 51.873 51.84 51.789 51.674 51.627 51.508 51.469 51.319 51.28 51.288 51.171 51.169 51.203 51.17 51.158 51.156 51.117 51.143 51.072 50.97 50.927 50.851 51.204 51.098 50.328 48.716 48.655 49.174 52.106 52.08 54.431 54.787 55.256 54.386 54.545 54.999 54.468 55.283 54.838 54.199 55.356 54.459 53.973 51.75 50.366 50.18 50.147 50.196 50.204 50.2 50.2 50.197 50.174 50.143 53.645 55.42
56.379 58.583 55.533 52.712 53.846 54.384 54.639 54.371 52.114 51.965 51.951 51.904 51.837 51.792 51.835 51.834 51.81 51.762 51.676 51.645 51.493 51.469 51.381 51.413 51.212 51.159 51.133 51.127 51.129 51.104 51.167 51.133 51.115 50.984 50.927 50.891 51.054 51.393 51.038 50.558 49.199 48.63 49.089 50.265 52.523 54.842 56.495 55.2 54.293 55.06 54.381 55.396 54.922 54.533 55.251 54.902 54.559 54.604 53.947 50.287 50.171 50.215 50.19 50.206 50.242 50.214 50.201 50.207 50.194 50.199 54.141
58.567 59.509 58.462 56.113 56.09 54.5 55.149 58.223 54.566 54.454 52.025 51.97 51.901 51.755 51.858 51.873 51.863 51.756 51.69 51.635 51.635 51.688 51.871 51.822 51.74 51.445 51.112 51.079 51.096 51.109 51.153 51.148 51.115 50.999 50.921 50.975 51.14 51.168 51.026 50.545 50.27 48.747 48.644 53.221 53.882 57.864 57.558 55.846 55.083 54.425 54.835 54.845 54.675 55.475 54.706 54.17 55.168 54.663 54.483 50.331 50.165 50.202 50.215 50.253 50.22 50.207 50.231 50.223 50.212 50.222 50.201
59.238 60.089 59.547 58.647 55.842 53.171 52.821 58.05 59.209 54.588 51.984 51.945 51.952 51.888 51.856 51.878 51.823 51.788 51.72 51.718 51.89 52.097 52.175 52.12 51.987 51.724 51.457 51.166 51.095 51.123 51.143 51.145 51.123 51.035 50.964 51.116 51.201 51.15 51.054 50.743 50.493 49.502 48.618 53.237 56.836 53.222 53.767 56.454 54.395 54.725 54.977 54.341 55.509 54.82 54.611 55.255 54.448 54.8 55.109 51.573 50.216 50.178 50.188 50.758 50.225 50.243 50.226 50.197 50.219 50.164 50.243
60.189 59.888 59.137 55.133 52.7 52.349 52.389 57.269 59.474 55.415 52.088 52.002 52.019 51.994 51.877 51.924 51.798 51.79 51.762 51.986 52.094 52.196 52.415 52.459 52.213 51.957 51.762 51.367 51.114 51.113 51.168 51.173 51.193 51.102 51.108 51.263 51.288 51.254 51.095 50.885 50.521 50.238 49.143 54.923 56.343 57.339 57.726 56.023 56.863 55.11 54.283 55.037 54.774 54.736 56.031 54.558 54.256 55.114 54.357 55.212 53.006 50.247 50.807 51.169 50.371 50.211 50.226 50.227 50.222 50.216 51.077
58.571 59.106 55.21 52.486 52.401 52.425 52.424 56.534 59.119 55.235 52.195 52.257 52.153 52.114 51.9 51.896 51.885 51.841 51.809 52.195 52.385 52.389 52.486 52.61 52.443 52.169 51.883 52.734 51.172 51.181 51.237 51.243 51.201 51.117 51.304 51.448 51.869 51.411 51.261 51.002 50.61 50.356 50.314 58.681 56.936 56.614 53.167 53.428 55.538 55.565 55.126 54.752 54.652 55.206 54.598 54.723 55.409 54.329 55.052 54.974 54.432 54.324 50.846 50.54 51.518 50.27 50.228 50.195 50.189 50.209 50.174
55.774 58.233 55.449 52.421 52.48 52.68 56.841 57.377 57.259 53.583 52.339 52.249 52.283 52.508 51.987 51.951 51.876 51.908 51.858 52.167 52.376 52.546 52.596 52.763 53.932 52.288 51.976 51.686 51.16 51.165 51.278 51.326 51.275 51.171 51.345 51.88 52.849 51.756 51.197 51.061 50.824 50.522 51.996 60.151 59.845 57.971 52.413 51.177 53.055 54.077 54.441 54.705 55.218 54.552 54.919 55.125 54.422 55.109 54.943 54.773 55.383 54.833 53.094 50.457 50.448 50.308 50.184 50.192 50.225 50.193 51.73
55.185 53.931 52.787 52.653 55.69 55.116 57.211 58.612 55.416 52.407 52.357 52.278 52.138 52.012 51.949 51.962 51.979 51.862 51.846 52.204 52.405 52.514 52.638 52.602 52.561 52.424 52.053 51.809 51.287 51.306 51.33 51.327 51.332 51.29 51.414 51.519 53.064 51.973 51.382 51.185 50.943 50.75 55.513 60.141 58.447 57.835 50.814 49.839 53.295 53.969 52.025 54.884 55.406 54.947 55.122 54.39 54.996 55.464 54.255 55.372 54.731 54.351 55.224 54.614 50.784 50.212 50.187 50.225 50.234 50.212 50.213
52.965 55.786 55.511 57.004 56.579 58.761 59.004 57.971 54.069 52.4 52.396 52.31 52.139 52.009 51.994 51.984 51.943 51.909 51.877 52.014 52.455 52.388 52.584 52.557 52.486 52.339 52.041 51.507 51.348 51.41 51.421 51.406 51.388 51.325 51.526 54.185 54.99 54.173 51.703 51.308 51.12 50.799 55.329 54.381 57.11 54.934 51.799 49.578 53.476 54.248 52.231 51.782 54.452 55.095 54.286 55.256 55.092 54.36 55.21 54.838 54.752 55.513 54.737 54.827 54.693 50.424 50.201 50.286 50.213 50.191 50.168
55.557 58.2 58.48 58.673 58.929 55.617 57.705 53.298 52.506 52.46 52.349 52.209 52.125 52.081 52.069 52.016 51.966 51.965 51.885 51.852 52.1 52.309 52.39 52.403 52.342 52.204 51.751 51.463 51.458 51.428 51.462 51.475 51.433 51.406 51.488 52.219 54.909 54.62 52.196 51.511 51.189 51.004 50.806 51.388 50.569 51.277 50.945 50.116 49.469 50.914 54.129 51.973 51.704 52.304 55.142 54.953 54.198 55.198 54.777 54.653 55.169 54.54 54.777 55.303 54.407 52.569 52.333 51.943 50.227 50.166 50.142
57.758 58.249 58.687 58.087 57.935 54.683 52.608 52.518 52.457 52.391 52.321 52.199 52.168 52.138 52.199 52.069 52.063 51.99 51.896 51.881 51.865 51.962 52.206 52.05 51.985 51.744 51.562 51.548 51.538 51.501 51.541 51.494 51.466 51.424 51.557 51.641 54.128 56.169 53.908 51.589 51.322 51.146 50.884 50.731 51.534 56.207 56.001 51.084 48.684 49.657 52.95 52.464 51.715 51.758 52.376 54.184 55.146 54.621 54.251 55.261 54.709 55.001 55.163 54.394 55.128 55.031 54.442 50.936 50.208 50.142 50.123
54.64 54.317 54.381 52.964 53.193 52.692 52.548 52.513 52.414 52.339 52.295 52.261 52.26 52.239 52.261 52.165 52.016 52.042 51.95 51.945 51.891 51.847 51.834 51.8 51.736 51.708 51.655 51.619 51.583 51.577 51.585 51.568 51.528 51.501 51.478 51.656 51.875 55.464 54.868 52.162 51.487 51.319 51.074 50.83 50.719 51.485 55.19 56.27 51.644 48.638 50.189 52.958 51.615 51.746 51.432 52.378 54.759 54.157 54.961 54.692 54.865 55.276 54.448 55.291 55.169 54.717 54.971 55.486 50.409 50.2 50.111
53.245 53.043 52.944 52.765 52.75 52.681 52.629 52.57 52.523 52.5 52.385 52.371 52.424 52.222 52.197 52.196 52.04 52.046 52.019 51.96 51.923 51.884 51.806 51.798 51.804 51.743 51.683 51.681 51.651 51.661 51.659 51.606 51.59 51.575 51.539 51.659 51.901 55.576 56.074 53.183 51.611 51.386 51.252 51.014 50.797 50.728 51.701 56.249 52.253 49.379 48.8 54.716 55.086 54.698 53.38 51.504 52.459 55.204 54.535 54.402 54.984 54.491 55.204 54.898 54.224 54.872 55.604 56.149 54.661 50.313 50.148
53.08 52.975 52.897 52.906 52.867 52.785 52.701 52.6 52.556 52.499 52.443 52.366 52.302 52.256 52.165 52.112 52.076 52.023 52.005 51.987 51.964 51.932 51.882 51.867 51.854 51.794 51.811 51.785 51.734 51.853 52.218 52.751 51.659 51.638 51.576 51.599 51.825 51.959 55.37 54.432 54.377 51.552 51.395 51.131 51.04 50.84 52.98 55.368 55.558 51.239 49.13 56.029 55.711 56.487 52.863 52.077 51.915 51.88 54.935 55.213 54.532 55.304 55.079 54.395 54.789 55.556 55.875 54.484 54.618 54.193 50.373
53.097 53.05 53.042 52.971 52.913 52.806 52.755 52.664 52.56 52.49 52.429 52.39 52.334 52.23 52.188 52.128 52.045 51.995 51.975 51.994 51.967 51.937 51.901 51.881 51.865 51.856 51.858 51.855 51.885 51.919 51.922 51.849 51.724 51.696 51.655 51.631 51.752 51.886 54.206 55.159 55.371 52.013 51.522 51.248 51.097 50.961 50.879 51.446 52.767 53.334 50.793 53.693 55.095 56.612 52.499 54.453 53.747 51.841 53.588 55.063 55.147 54.942 54.342 54.891 55.716 56.162 55.514 54.73 55.101 55.693 55.886
53.165 53.134 53.08 53.004 52.919 52.856 52.785 52.784 52.783 52.683 52.706 53.46 52.522 52.479 52.415 52.26 52.202 52.16 52.068 51.945 51.92 51.91 51.863 51.888 51.855 51.868 51.814 51.839 51.991 51.971 51.956 51.935 51.822 51.771 51.733 51.678 51.657 51.834 54.612 55.98 55.034 51.961 51.501 51.301 51.195 51.01 50.886 50.887 50.855 50.757 50.554 50.359 52.038 54.443 51.404 53.439 53.909 52.394 53.523 53.512 55.097 54.426 55.008 55.506 56.146 55.401 54.804 55.001 55.846 56.205 55.514
53.256 53.162 53.079 53.029 53.027 53.934 53.791 53.259 53.81 52.774 52.689 52.409 53.191 53.021 54.133 52.695 52.275 53.169 53.442 52.141 52.079 51.978 51.882 51.82 51.822 51.828 51.833 51.891 51.838 51.888 51.991 51.988 51.967 51.811 51.848 51.742 51.722 51.796 51.907 54.386 54.129 54.864 51.62 51.439 51.208 51.122 50.949 50.867 50.843 50.78 50.699 50.583 50.612 50.517 52.414 55.234 56.122 54.906 55.137 56.058 51.869 57.433 54.371 56.131 55.34 54.631 54.876 55.711 56.262 55.324 55.552
53.263 53.246 53.237 53.181 53.135 53.034 52.94 52.895 54.891 53.53 52.943 53.965 54.011 52.948 54.064 52.862 52.338 52.426 52.161 52.17 52.112 52.038 51.994 51.891 51.798 51.786 51.799 51.82 51.807 51.856 51.935 51.992 51.979 51.938 51.847 51.83 51.762 51.757 51.837 51.952 53.194 56.573 54.874 51.603 51.403 51.306 51.026 50.916 50.807 50.818 50.735 50.606 50.552 55.223 55.1 55.949 56.637 56.208 55.59 56.218 58.693 57.855 57.313 55.869 54.236 55.201 55.716 55.993 55.41 55.55 55.3
53.342 53.36 54.04 54.454 53.116 52.998 53.023 52.955 53.34 52.797 52.692 52.588 52.476 52.461 52.393 52.298 52.272 52.306 52.286 52.294 52.162 52.84 52.875 52.1 51.932 51.9 51.759 51.755 51.811 51.802 51.801 51.898 51.993 51.997 51.893 51.866 51.798 51.758 51.74 51.862 52.198 54.403 55.373 52.607 51.508 51.324 51.229 51.007 50.865 50.824 50.747 50.694 53.219 54.181 56.022 55.525 53.004 55.4 56.068 57.545 61.555 60.932 55.922 58.088 55.702 56.943 55.835 55.48 54.509 54.347 54.406
53.787 55.026 56.041 56.001 53.082 52.994 53.066 52.983 52.932 52.871 52.721 52.64 52.475 52.402 52.344 52.342 52.334 54.149 53.088 52.424 52.33 53.145 53.313 52.249 52.069 51.958 51.859 51.732 51.785 51.81 51.802 51.828 51.906 52.092 52.018 51.925 51.899 51.806 51.774 51.82 51.884 52.886 55.679 55.933 55.238 51.358 51.265 51.139 50.933 50.812 50.773 50.644 50.538 51.046 53.786 55.108 52.053 51.342 57.399 56.162 57.08 62.472 56.968 61.275 61.362 56.768 58.119 56.288 54.032 53.853 54.206
55.33 55.914 55.648 53.691 53.182 53.124 53.04 53.025 52.995 52.915 52.753 52.643 52.588 52.507 52.568 54.357 52.857 55.198 54.877 52.565 52.398 52.34 52.178 52.519 53.094 52.115 51.931 56.805 52.268 53.465 51.808 51.826 51.81 51.897 52.024 51.95 51.909 51.861 51.83 51.714 51.798 51.94 56.661 57.703 56.294 52.003 51.244 51.143 50.93 50.786 50.752 50.678 50.676 50.509 50.38 50.533 50.008 54.715 55.353 55.645 55.784 61.231 57.382 62.574 57.48 59.708 59.405 56.171 58.653 57.47 57.974
54.113 54.188 53.972 53.528 53.26 53.164 53.062 53.013 52.953 52.943 52.732 52.661 52.641 54.293 55.264 55.929 56.685 56.174 57.068 54.207 52.48 52.317 52.171 52.26 53.325 56.16 58.706 58.368 56.543 56.576 52.08 51.794 51.777 51.834 51.992 52.617 52.014 51.874 51.862 51.772 51.703 51.817 52.389 56.929 56.952 54.964 51.867 51.239 51.027 50.86 50.734 50.74 50.599 50.49 50.398 50.182 50.017 50.581 49.652 54.226 56.347 59.767 62.66 60.685 54.833 55.775 59.504 60.963 61.72 62.596 60.071
53.818 53.576 53.897 53.536 53.301 53.172 53.023 52.954 52.893 52.829 52.738 52.706 52.669 54.49 56.198 57.032 56.128 57.245 56.483 55.982 54.482 52.394 52.277 52.075 54.496 58.904 64.278 57.122 63.668 60.778 54.473 51.791 51.827 51.85 51.829 52.218 52.048 51.958 51.849 51.789 51.726 51.74 51.793 54.972 55.322 55.339 53.18 51.331 51.087 50.835 51.382 50.749 50.543 50.458 50.278 50.094 50.039 49.836 49.749 49.667 49.531 49.744 57.422 49.991 59.545 62.392 62.98 61.738 63.143 62.814 61.222
54.287 53.949 53.623 53.576 53.373 53.201 53.063 52.958 52.881 52.71 54.145 52.794 54.701 55.359 56.597 56.733 57.631 58.053 57.462 56.502 55.229 52.949 52.322 52.221 55.789 64.119 65.985 58.803 64.75 56.342 60.161 51.895 51.83 51.801 51.83 51.884 53.644 53.387 51.886 51.83 51.807 51.737 51.723 51.885 55.011 55.227 54.758 52.136 51.063 50.926 50.809 50.667 50.542 50.381 50.237 50.086 49.955 49.831 49.753 49.719 49.656 51.216 51.728 49.712 56.727 55.317 62.629 61.463 63.178 58.935 61.893
55.299 54.233 53.643 53.281 53.327 53.18 53.406 54.864 53.084 54.675 54.872 55.07 56.69 56.646 57.893 56.728 57.38 56.233 56.878 55.887 57.37 54.529 52.33 52.214 54.026 55.192 61.81 66.979 66.033 57.989 59.48 53.412 51.829 51.822 51.834 51.84 52.227 51.985 51.966 51.865 51.788 51.742 51.708 51.746 53.196 55.169 56.522 54.781 51.109 50.8 50.721 50.625 50.502 50.316 50.166 50.041 49.949 49.927 49.768 49.773 49.931 50.875 49.752 49.773 49.792 59.35 61.375 62.894 60.372 54.193 54.335
