dsm/se2532_DSM_2M.asc
ncols 500
nrows 500
xllcorner    425000
yllcorner    432000
cellsize     2
NODATA_value -9999
[rows 31 to 61 of 500, columns 0 to 70 of 500]
65.874 66.827 66.519 66.492 66.043 66.255 66.148 64.717 64.656 64.57 65.561 66.751 68.419 69.183 67.034 66.55 69.691 66.003 64.09 63.431 63.258 63.645 63.457 62.966 63.406 62.844 62.711 63.31 62.897 63.079 63.16 62.523 63.095 62.435 65.059 66.427 62.621 61.998 68.006 68.447 68.807 69.52 69.624 69.599 63.36 61.839 63.158 62.134 61.433 64.411 65.272 64.764 64.627 62.134 61.793 61.55 61.761 61.125 61.009 61.011 61.649 60.677 60.472 60.35 60.228 60.098 60.007 59.916 59.829 59.766 59.729
65.907 66.1 65.734 65.427 65.257 65.063 64.932 65.86 66.217 65.969 66.132 64.242 64.043 64.84 63.95 63.963 68.928 66.05 63.528 63.46 63.33 64.361 63.534 63.031 63.183 62.725 62.697 62.747 62.654 62.588 65.063 63.908 66.773 67.949 68.862 69.166 62.631 61.918 67.237 69.664 69.589 69.497 69.017 68.704 65.937 61.63 62.423 62.447 61.435 63.308 62.139 61.754 61.235 61.155 61.168 61.247 61.312 61.323 61.067 60.919 60.664 60.535 60.399 60.303 60.29 60.169 60.072 60.017 59.911 59.883 59.738
66.031 65.907 65.701 65.468 65.295 65.175 65 64.837 66.831 66.779 65.684 64.836 64.346 64.075 64.04 63.959 64.71 64.461 63.655 63.458 63.37 64.551 63.3 63.045 63.001 63.247 62.933 63.803 62.731 62.749 68.173 69.129 69.355 69.778 70.304 69.711 65.479 62.012 66.065 68.907 68.598 68.054 67.685 67.311 64.614 61.739 63.207 61.77 64.655 64.285 61.986 61.354 61.926 61.775 61.546 61.296 61.094 61.095 60.84 60.737 60.688 60.571 60.55 60.384 60.332 60.254 60.125 60.053 60 59.886 59.77
66.794 66.897 67.049 65.656 65.398 65.259 65.034 66.067 66.959 66.863 66.327 65.5 64.746 64.206 64.14 64.046 64.26 64.225 64.097 63.816 63.433 64.154 63.307 63.356 66.346 63.757 68.063 69.803 64.226 62.686 65.63 69.455 70.599 70.685 70.459 69.95 68.723 62.25 62.719 67.512 67.215 64.912 62.804 62.477 62.756 63.107 62.558 61.965 64.381 64.756 62.38 61.832 61.637 61.433 61.243 61.151 61.09 60.98 60.963 60.843 60.737 60.643 60.594 60.484 60.374 60.291 60.173 60.1 59.982 59.9 59.797
66.447 66.392 66.289 65.906 65.376 65.311 65.955 66.067 67.51 67.632 67.259 65.212 64.809 64.753 64.448 64.741 65.143 64.467 64.288 64.239 63.486 64.03 65.723 68.923 70.027 70.281 70.828 70.916 67.385 62.917 66.532 69.071 69.587 69.685 69.009 68.76 68.114 62.937 62.208 62.543 62.5 62.245 62.473 62.226 63.049 62.625 62.76 63.362 63.341 62.026 61.735 61.554 61.506 61.429 61.35 61.23 61.202 61.078 60.986 60.902 60.848 60.745 60.626 60.439 60.368 60.258 60.209 60.171 60.23 60.166 60.077
67.773 66.417 65.691 67.458 68.661 67.008 67.961 65.596 65.458 66.192 65.3 64.892 64.905 64.945 64.737 64.708 70.201 70.911 70.47 67.887 64.112 63.68 66.538 69.109 70.642 71.725 71.334 71.226 69.867 63.693 62.803 67.408 68.374 67.558 64.951 63.22 62.925 62.739 62.42 62.385 63.127 62.282 62.844 62.426 62.388 62.514 62.223 63.489 62.97 61.858 61.794 61.626 61.561 61.495 61.461 61.325 61.187 61.173 61.026 60.919 60.826 60.72 60.703 60.627 60.481 60.371 60.307 60.243 60.292 60.149 60.014
66.51 65.828 65.563 67.532 69.697 70.79 68.987 65.657 65.252 65.923 67.857 69.888 68.433 66.647 65.572 67.36 70.208 71.36 71.195 69.565 65.032 63.656 66.018 68.29 70.307 70.572 70.431 70.122 69.665 64.68 63.182 63.906 63.262 62.803 63.296 63.013 62.861 63.427 62.821 63.238 63.258 62.892 62.665 62.436 62.345 62.273 63.358 62.767 62.194 61.938 61.876 61.734 61.661 61.575 61.481 61.359 61.228 61.143 61.028 60.991 60.952 60.874 60.836 60.761 60.647 60.467 60.448 60.314 60.474 61.276 61.188
66.635 65.876 65.663 67.883 70.339 70.836 69.225 65.571 65.601 65.896 67.825 70.895 71.982 71.403 69.643 68.325 70.642 71.611 70.751 66.868 64.538 63.698 65.605 66.619 69.642 69.295 67.632 65.132 65.148 63.342 63.353 63.342 62.998 63 63.54 63.365 64.944 65.218 63.072 62.878 62.939 63.771 62.817 62.524 62.407 62.337 62.268 62.182 62.07 61.994 61.856 61.747 61.695 61.561 61.502 61.35 61.661 61.162 61.083 61.113 61.053 60.931 60.746 60.721 60.602 60.494 60.516 60.371 60.326 60.194 60.961
66.896 65.782 65.628 67.916 70.743 70.872 69.254 65.435 65.439 65.492 69.852 71.404 71.912 71.121 67.242 68.491 70.763 71.461 70.45 65.039 64.964 63.913 65.627 65.978 65.159 64.739 63.593 63.596 63.59 63.653 63.613 63.656 63.55 63.703 63.479 63.371 63.589 63.741 63.014 62.946 63.005 62.759 62.693 62.605 62.492 62.388 62.323 62.227 62.041 61.993 61.874 61.745 61.687 61.762 61.674 62.447 61.999 61.306 61.189 61.082 61.084 61.37 61.292 60.934 60.558 60.487 60.398 60.337 60.925 60.364 60.235
67.002 65.846 65.529 67.42 70.692 70.574 69.189 65.825 65.26 65.722 70.58 71.542 71.792 70.948 67.452 65.69 67.966 68.491 70.33 64.873 64.534 64.208 63.927 63.749 63.715 63.646 63.644 64.042 63.898 64.596 63.962 63.787 63.636 63.547 63.433 63.364 63.678 63.402 63.123 63.007 62.958 62.826 62.739 62.643 62.506 62.415 62.3 62.18 62.115 62.001 61.927 61.976 61.917 61.808 61.695 61.676 61.439 61.695 61.207 61.124 61.18 60.904 60.805 60.644 60.561 60.514 60.349 60.353 61.29 60.461 61.961
67.753 66.46 65.652 67.737 70.36 70.998 68.963 65.292 66.307 67.351 68.989 71.082 70.855 70.314 64.743 64.903 64.529 65.287 64.461 64.566 64.789 64.477 64.38 64.283 64.327 63.962 64.747 64.593 64.342 64.508 63.918 63.785 63.652 63.587 63.538 63.486 63.385 63.265 63.223 63.121 63.006 62.88 62.776 62.712 62.545 62.531 62.342 62.367 62.311 62.06 62.019 61.991 61.84 61.771 62.324 61.669 62.18 62.765 61.22 61.097 61.012 60.958 62.166 60.819 60.529 60.669 60.425 60.321 61.399 64.8 66.02
69.24 69.265 65.741 66.112 66.775 69.974 67.983 65.831 66.819 65.284 65.714 67.154 67.579 65.755 65.077 65.967 64.836 64.828 64.862 65.984 66.442 65.279 64.798 64.712 64.612 64.554 64.317 64.258 64.947 64.658 63.999 63.87 63.808 63.69 63.638 63.541 63.413 63.338 63.229 63.07 62.944 62.856 62.7 62.659 62.746 62.743 62.603 62.392 62.259 62.154 62.165 62.136 62.801 61.994 62.236 61.484 61.335 61.897 61.119 61.031 61.224 62.598 61.896 61.627 65.073 66.532 62.453 60.535 63.483 66.631 67.755
68.391 67.134 65.751 65.708 65.695 65.691 65.662 65.828 66.538 65.194 65.276 65.592 65.39 65.448 65.192 65.267 65.496 66.316 66.384 66.314 66.613 65.091 64.865 64.684 64.595 64.458 64.398 64.355 64.264 64.116 64.053 63.973 63.841 63.733 63.643 63.55 63.446 63.274 63.198 63.113 63.028 62.964 62.805 62.734 62.684 62.635 62.387 62.972 63.095 62.187 62.145 62.111 61.659 61.443 61.437 61.798 61.368 61.397 61.16 61.013 62.474 65.794 66.39 67.36 67.815 68.133 67.308 61.219 61.745 66.241 67.502
67.71 66.735 65.768 65.767 65.775 65.745 65.694 66.774 66.04 65.601 65.411 65.807 65.549 65.958 65.476 67.47 66.026 65.784 65.327 65.118 64.979 64.909 64.841 64.812 64.71 64.617 64.515 64.372 64.309 64.204 64.102 64.022 63.878 63.713 63.616 63.603 63.494 63.404 63.535 63.624 63.206 62.959 62.826 62.78 63.335 62.7 63.54 62.796 62.068 62.134 62.112 62.041 61.746 61.458 61.652 62.993 65.243 61.94 62.451 60.972 61.054 67.2 68.021 68.951 69.148 68.754 67.875 62.498 61.971 61.465 66.716
67.672 67.078 65.807 65.767 65.8 65.785 65.73 66.507 65.989 65.937 66.801 66.506 66.044 66.398 65.837 65.527 65.463 65.404 65.25 65.225 65.071 65.005 64.947 64.89 64.757 64.671 64.583 64.435 64.351 64.214 64.033 63.971 63.895 63.83 63.757 64.056 63.512 63.484 63.782 63.591 63.492 62.793 62.819 62.728 63.136 62.267 62.882 62.317 62.28 62.04 62.034 61.998 61.97 63.095 65.79 67.432 68.235 68.503 67.989 61.19 61.067 67.045 68.378 68.644 68.848 67.541 67.594 63.664 60.258 61.361 64.536
67.411 68.89 67.347 68.215 65.842 65.838 67.268 67.337 66.502 66.221 66.146 66.014 65.846 65.778 65.675 65.608 65.524 65.46 65.338 65.27 65.175 65.105 64.98 64.865 64.776 64.657 64.56 64.426 64.327 64.29 64.172 64.125 64.275 64.033 64.064 63.59 63.433 63.398 65.086 63.878 63.502 63.533 62.583 62.607 63.257 62.463 62.261 62.881 62.247 62.258 63.216 62.009 66.24 68.52 68.61 69.745 69.68 69.492 68.38 62.069 60.952 65.725 67.752 67.813 67.249 66.258 66.671 63.054 60.218 60.127 61.01
67.342 68.168 68.848 69.614 68.598 68.151 67.56 66.758 66.344 66.235 66.122 66.02 65.938 65.894 65.768 65.645 65.584 65.515 65.418 65.301 65.201 65.121 64.987 64.884 64.712 64.687 64.627 64.824 64.507 64.887 64.595 63.991 63.835 63.768 63.706 63.615 63.395 63.343 63.367 63.384 62.907 62.505 62.666 62.66 62.697 62.425 64.578 67.289 67.406 68.138 65.2 62.163 65.451 68.272 69.759 69.84 70.065 69.518 68.837 63.14 60.978 64.97 66.605 62.587 61.371 60.739 62.92 62.47 60.135 60.167 61.325
67.287 67.607 67.182 67.31 67.04 66.736 66.603 66.545 66.381 66.276 66.223 66.16 66.034 65.965 65.85 65.738 65.617 65.549 65.426 65.265 65.18 65.067 65.049 65.003 65.108 65.179 64.662 64.582 64.504 64.373 63.945 63.799 63.74 63.632 63.563 63.51 63.368 63.334 63.521 63.576 62.553 62.655 63.071 64.065 64.732 67.16 69.161 70.423 69.771 69.974 68.715 62.826 61.974 66.954 69.281 69.154 68.715 68.548 68.035 64.628 61.042 60.968 61.162 60.808 60.707 60.529 61.1 60.701 62.102 62.147 62.49
67.25 67.123 67.172 67.038 66.926 66.747 66.687 66.57 66.523 66.381 66.329 66.2 66.112 65.958 65.875 65.759 65.637 65.511 65.463 65.373 65.29 65.914 66.079 66.364 65.864 64.563 64.303 64.223 64.084 64 63.902 63.752 63.654 63.411 63.32 63.439 63.309 63.254 63.436 63.144 67.427 69.851 68.087 62.964 66.641 69.36 70.086 70.655 70.591 70.252 68.953 62.794 61.948 63.116 67.979 66.261 64.996 64.283 66.334 65.371 61.113 61.038 60.991 60.778 60.685 60.597 60.421 60.317 61.826 62.143 62.582
67.316 67.209 67.091 67.023 66.946 66.841 66.725 66.648 66.506 66.46 66.316 66.233 66.071 65.959 65.857 65.783 65.77 65.633 65.42 66.606 66.04 65.494 65.435 64.505 64.35 64.125 64.128 63.993 63.935 64.291 63.81 63.677 63.447 63.343 63.441 66.596 66.749 69.268 68.086 65.425 68.486 69.863 68.983 64.734 65.453 68.856 70.276 70.231 70.893 69.287 68.848 64.005 61.977 64.139 65.131 64.158 63.603 62.373 61.515 63.778 63.053 62.969 63.322 61.263 60.678 60.692 60.359 60.301 61.466 62.423 62.555
67.389 67.316 67.213 67.076 66.984 66.864 66.8 66.664 66.551 66.424 66.354 66.252 66.152 66.132 66.115 65.941 65.794 65.335 64.839 65.015 64.818 64.462 64.197 64.612 64.276 63.996 63.93 63.848 63.721 64.701 66.181 63.79 68.039 67.373 68.603 68.92 69.038 69.908 68.557 64.308 67.956 69.474 69.221 65.948 62.246 67.47 69.165 68.791 68.275 64.374 65.973 63.552 61.969 61.883 62.209 61.776 62.373 63.559 61.259 61.524 63.27 63.359 63.324 61.523 60.707 60.679 60.57 60.8 60.275 60.537 62.946
67.462 67.341 67.254 67.126 67.001 66.881 66.78 66.654 66.604 66.513 66.931 66.639 65.782 66.085 66.391 65.729 64.996 64.765 64.477 64.272 64.516 64.282 64.277 64.314 64.185 63.863 64.007 63.851 66.597 66.898 67.156 69.34 67.71 69.117 69.788 68.861 68.452 69.664 69.557 64.154 66.326 69.224 69.375 68.278 63.676 66.523 66.449 62.921 62.939 62.164 61.936 63.003 64.343 63.966 63.476 61.576 61.564 62.456 61.395 61.236 63.354 63.273 63.332 62.821 60.702 60.653 62.077 62.67 60.94 60.275 60.884
67.514 67.302 67.229 67.121 67.14 66.98 67.003 67.081 67.262 66.811 66.387 65.93 65.456 65.349 65.063 64.464 64.543 64.255 64.08 64.268 64.275 64.208 63.909 63.89 64.274 66.699 68.52 68.459 69.732 68.669 69.361 70.016 68.964 68.321 69.735 69.426 68.542 69.509 69.726 67.311 66.515 68.745 69.659 68.551 63.431 63.041 63.113 62.444 63.229 62.084 61.869 62.382 64.336 64.139 63.799 62.024 61.658 62.406 61.372 61.079 62.342 62.582 63.236 63.281 61.233 60.679 63.007 64.078 61.028 61.494 61.966
67.591 67.524 67.376 67.418 67.109 66.801 66.777 66.809 66.182 65.805 65.521 65.093 64.69 64.624 64.509 64.228 64.089 64.036 63.926 63.945 64.333 64.026 67.577 68.583 69.595 69.623 68.375 69.796 69.959 67.428 68.953 70.028 69.162 66.587 69.612 69.505 67.622 66.651 66.713 64.201 65.593 64.286 64.012 64.538 63.046 62.463 62.476 62.983 62.625 62.402 61.886 61.946 63.822 64.125 63.737 62.924 61.458 62.26 61.4 61.021 60.711 62.091 62.901 63.187 61.072 60.7 61.877 63.901 61.53 62.269 60.891
68.952 68.52 68.918 66.906 66.299 66.17 65.984 65.733 65.482 65.099 64.784 64.656 64.551 64.295 64.233 64 64.084 66.663 65.1 65.958 68.883 69.171 69.02 68.892 69.855 69.993 68.725 69.241 70.074 69.07 67.399 69.552 69.554 67.631 66.139 65.029 64.493 65.554 66.282 63.959 63.644 62.529 62.588 62.157 61.971 62.019 61.89 61.79 61.876 62.305 62.206 62.085 63.589 63.96 63.47 62.3 61.186 61.545 62.354 60.901 60.678 61.228 62.306 62.953 62.743 61.205 60.98 63.742 62.681 60.548 60.229
69.902 67.681 68.924 66.272 65.763 65.524 65.673 65.139 65.418 64.693 64.563 64.468 64.325 64.717 64.808 67.249 68.036 69.263 69.958 69.595 68.115 69.88 69.677 68.615 69.418 70.166 68.314 68.448 70.106 68.84 64.734 67.412 66.828 66.485 63.954 63.622 63.605 65.249 63.851 63.402 63.145 62.262 62.099 61.895 61.888 62.044 61.775 61.735 61.628 63.153 61.991 61.604 61.857 61.874 61.684 61.119 61.105 61.12 64.056 61.902 64.547 65.276 65.718 64.175 61.51 61.098 61.531 63.118 62.112 60.295 60.264
67.91 66.344 65.876 65.344 65.105 65.055 64.933 64.824 64.748 64.701 64.562 65.545 68.674 65.847 69.718 70.291 66.777 69.171 70.279 69.896 68.85 68.643 70.098 66.768 69.077 70.191 69.395 68.087 67.374 64.052 63.946 65.79 65.793 65.908 64.72 63.657 63.642 63.593 63.49 62.941 62.905 62.265 62.006 61.948 61.91 61.859 61.833 61.757 61.689 61.933 61.786 61.406 61.371 61.275 62.155 61.335 61.228 61.182 64.573 66.365 66.393 66.274 63.285 62.906 61.402 60.769 60.761 62.568 62.035 60.309 60.269
67.037 66.056 65.188 65.124 65.067 64.853 64.905 67.806 65.686 69.585 66.095 70.359 70.637 66.886 68.558 70.549 69.57 64.868 69.765 70.048 65.563 69.221 69.377 65.267 65.078 65.582 63.822 64.925 66.182 64.491 65.587 64.626 64.079 65.474 65.391 64.104 63.631 63.611 63.715 62.995 62.915 63.014 62.045 62.012 61.964 61.884 61.861 61.753 61.738 61.75 62.067 61.506 61.363 62.988 63.961 65.93 68.089 64.466 65.254 63.108 62.819 60.824 61.002 62.403 61.526 60.785 60.597 61.112 60.992 60.352 60.332
66.436 65.743 65.142 65.657 68.061 68.045 69.679 68.541 70.804 70.919 66.22 69.822 70.741 69.905 68.225 70.241 69.934 65.396 69.409 69.4 68.963 65.28 64.328 63.92 64.746 64.347 64.984 65.872 64.215 63.807 65.581 64.835 63.745 64.165 65.885 64.924 63.6 63.622 63.636 63.187 62.975 62.949 62.154 62.073 62.042 61.936 62.016 63.312 63.729 62.01 65.291 63.916 64.035 63.988 62.735 63.322 67.964 63.246 61.717 62.532 62.554 60.91 60.834 60.796 63.146 61.45 60.538 60.455 60.459 60.464 60.427
65.79 68.489 70.005 70.815 70.158 71.009 70.666 66.473 70.396 71.161 67.227 68.619 70.711 70.147 66.583 70.026 70.19 65.964 65.443 64.601 64.911 64.98 64.037 66.083 66.388 64.346 64.543 66.121 64.8 63.835 64.244 65.966 63.916 64.358 64.711 63.903 64.685 64.123 64.599 63.304 63.042 62.99 62.497 64.502 62.925 62.059 62.456 65.409 64.827 65.677 65.864 62.676 62.655 62.71 61.834 61.805 63.061 61.43 61.19 61.607 62.272 61.909 60.879 60.935 63.367 61.591 60.541 60.481 60.484 61.073 60.856
66.832 70.538 71.63 70.981 70.076 70.911 71.177 70.145 70.336 71.048 69.868 66.854 70.288 67.188 64.789 64.871 64.361 65.222 64.753 64.033 65.224 65.906 64.231 65.694 66.449 65.095 64.106 66.096 64.539 64.254 64.207 64.388 63.777 64.859 64.522 63.588 65.163 66.006 65.785 64.393 63.637 63.138 64.58 67.254 67.195 63.057 65.649 65.744 65.072 63.461 63.335 62.323 61.993 61.943 61.598 61.494 64.071 63.517 62.217 61.343 62.138 61.82 61.085 62.446 63.464 61.305 60.582 60.543 60.534 60.6 60.791
