dsm/se2634_DSM_2M.asc
ncols 500
nrows 500
xllcorner    426000
yllcorner    434000
cellsize     2
NODATA_value -9999
[rows 320 to 351 of 500, columns 360 to 431 of 500]
35.731 35.667 35.654 35.605 35.63 35.596 35.582 35.601 35.544 35.541 35.546 35.476 35.494 35.495 35.413 35.475 35.534 35.513 35.444 35.498 35.376 36.036 35.346 36.002 35.382 36.079 35.445 36.038 37.433 38.737 37.944 35.632 35.215 35.248 37.847 36.341 35.13 37.202 35.148 35.106 35.07 35.429 35.055 34.982 34.94 34.962 34.99 35.744 37.099 35.623 34.908 34.887 34.891 34.856 34.87 34.835 34.823 34.83 34.738 34.772 34.752 34.783 34.741 34.704 34.747 34.658 34.713 34.674 34.709 34.664 34.947 35.337
36.844 36.081 35.687 35.625 35.616 35.601 35.56 35.607 35.573 35.552 35.495 35.486 35.461 35.5 36.277 36.986 35.43 35.513 35.447 35.408 35.386 35.362 35.313 35.324 35.321 37.475 35.343 35.261 35.289 35.748 37.429 35.188 35.206 35.156 35.163 36.397 38.749 35.217 35.842 35.09 35.744 35.066 35.172 35.652 34.977 37.028 37.138 35.74 35.502 38.062 35.41 34.903 34.832 34.831 34.831 34.865 34.787 34.738 34.76 34.688 34.749 34.709 34.733 34.688 34.66 34.732 34.656 34.657 34.695 34.639 34.651 34.674
35.998 36.769 36.223 35.658 35.554 35.587 35.533 35.55 35.516 35.562 35.522 35.481 35.415 35.475 36.101 36.022 37.407 35.433 35.424 35.423 35.384 35.361 35.324 35.319 35.396 35.991 35.259 35.271 35.275 35.627 36.018 35.217 35.215 37.422 35.181 35.15 35.719 35.126 35.079 35.182 37.091 35.146 36.108 34.974 35.055 35.441 36.063 38.38 38.453 34.959 34.843 34.883 34.811 34.811 34.792 34.805 34.795 34.744 34.712 34.746 34.734 34.683 34.684 34.653 34.64 34.647 34.643 34.628 34.633 34.644 34.62 34.592
35.654 36.197 38.194 36.517 35.712 35.575 35.563 35.518 35.547 35.509 35.496 35.512 35.405 35.467 42.54 35.852 36.978 35.389 35.339 35.359 35.358 35.35 35.311 35.306 35.372 35.604 35.249 35.295 35.234 35.221 35.929 35.219 35.967 36.575 35.351 37.859 36.276 35.116 35.122 38.615 37.227 35.529 35.745 35.676 35.679 34.938 34.883 34.961 36.83 34.879 34.819 34.826 34.811 34.789 34.808 34.775 34.734 34.751 34.734 34.759 34.732 34.677 34.679 34.645 34.589 34.599 34.679 34.646 34.656 34.598 34.627 34.63
35.647 35.655 36.071 36.016 36.05 35.615 35.582 35.484 35.562 35.518 35.477 35.461 35.468 35.426 35.422 37.679 35.416 35.313 35.277 35.25 35.321 35.365 35.315 35.318 35.309 35.269 35.222 35.245 35.236 35.308 37.819 35.968 35.188 35.923 39.161 35.889 35.125 35.058 35.069 36.209 38.025 35.077 34.989 35.032 35.041 37.775 35.703 35.203 34.884 34.866 34.809 34.837 34.843 34.802 34.788 34.765 35.931 35.422 34.791 38.334 34.79 34.654 34.638 34.625 34.628 34.594 34.613 35.82 34.591 34.544 34.596 34.583
35.919 35.672 35.604 35.626 35.643 35.599 35.549 35.509 35.517 35.505 35.466 35.442 35.418 35.531 35.469 35.37 35.373 35.337 35.268 35.271 35.29 35.347 35.329 35.273 36.213 36.111 35.229 35.225 35.213 35.221 35.13 35.26 35.827 37.3 35.914 35.125 35.076 37.13 35.136 36.216 35.035 35.009 34.974 34.994 34.919 35.054 34.923 34.929 35.574 34.826 34.841 34.849 34.78 34.747 34.783 34.805 34.747 36.513 36.207 35.165 34.638 34.639 34.632 34.608 34.597 34.582 34.587 34.923 34.66 34.615 34.554 34.581
36.899 37.093 35.66 35.653 35.609 35.592 35.568 35.606 35.505 35.475 35.467 35.441 35.454 35.383 35.417 35.351 35.303 35.297 35.237 35.262 35.327 35.276 35.264 35.318 35.872 37.389 35.319 35.179 35.175 35.175 35.184 35.18 35.138 35.136 35.136 35.193 36.252 38.193 35.879 35.076 35.018 35.009 34.947 34.975 34.911 35.693 34.961 34.978 35.507 34.891 36.859 34.886 34.81 34.746 34.732 34.763 34.839 34.753 34.905 35.062 34.651 34.577 34.587 34.591 34.61 34.576 34.558 35.693 34.707 34.536 34.569 34.506
38.07 35.794 35.745 35.648 35.611 35.573 35.587 36.895 35.477 35.501 35.456 35.379 35.406 35.431 35.432 35.332 35.33 35.27 35.186 35.286 35.233 35.267 37.583 36.965 35.271 35.318 36.633 35.212 35.199 35.145 35.184 35.267 37.705 35.156 36.705 35.196 35.155 35.063 35.063 35.419 35.041 34.968 34.996 34.902 34.965 34.913 34.884 35.624 34.87 34.862 34.79 34.804 34.797 34.729 34.736 34.698 34.823 34.807 34.673 34.636 34.61 34.586 34.568 34.583 34.536 34.546 34.553 35.27 34.633 34.569 34.531 34.55
36.063 41.266 38.736 37.303 35.811 35.586 35.569 35.551 35.576 35.857 35.503 35.451 35.398 35.382 35.37 35.405 35.293 35.275 35.271 35.26 35.306 35.756 41.784 37.336 37.132 35.596 35.21 35.155 35.162 35.153 35.126 35.128 35.136 35.106 35.124 37.387 35.146 35.898 35.804 35.039 35.053 37.172 35.676 35 35.012 34.889 35.27 35.581 34.955 34.874 34.909 34.764 34.786 34.733 34.726 34.701 34.72 34.683 34.683 34.677 34.588 34.601 34.623 34.611 34.539 34.528 34.595 34.634 34.535 34.507 34.515 34.531
41.862 44.754 38.81 41.394 37.435 35.902 35.628 35.556 35.497 36.11 36.714 35.807 35.437 35.382 35.343 35.348 35.287 35.264 35.288 35.264 35.268 35.291 37.245 35.566 35.915 36.405 35.14 35.084 35.141 35.091 35.123 35.065 35.113 35.946 35.112 35.01 35.097 35.409 36.12 35.035 35.082 36.939 38.242 35.114 38.082 34.931 34.882 38.473 36.144 35.647 37.723 34.848 34.815 34.775 34.755 34.716 34.699 34.974 34.654 34.627 34.643 34.608 34.589 34.562 34.528 34.504 34.803 34.509 34.503 34.507 34.504 34.495
42.573 45.528 43.301 42.012 42.687 40.426 41.694 41.545 35.61 35.707 35.515 35.464 35.393 35.41 35.359 35.257 35.278 35.235 35.3 35.273 35.275 35.229 35.736 35.225 36.438 35.173 35.116 35.096 35.036 35.15 35.132 35.084 35.099 35.39 35.243 35.129 35.913 34.997 34.999 34.987 34.971 34.969 35.349 34.872 34.893 34.76 34.833 35.001 35.986 34.764 34.817 34.783 34.807 34.733 34.694 34.702 34.697 34.691 34.598 34.65 34.654 34.535 34.566 34.57 34.518 35.286 34.575 34.536 34.456 34.513 34.481 34.524
45.105 46.818 44.627 45.688 45.191 40.112 44.347 42.195 36.792 35.504 35.437 35.4 35.379 35.389 35.3 35.293 35.279 35.215 35.207 35.235 36.967 35.318 35.276 35.271 35.74 35.848 35.119 35.029 35.044 35.065 35.077 34.996 37.283 35.108 35.094 35.005 35.019 35.766 35.701 34.957 34.986 34.963 36.769 34.949 34.978 36.91 36.726 34.921 34.915 35.1 34.812 34.818 34.773 34.738 34.645 34.664 34.689 34.65 34.622 34.631 34.578 34.606 34.531 34.55 34.553 34.606 34.583 34.524 34.52 34.502 34.527 37.159
46.066 46.64 44.142 45.552 49.39 47.952 47.389 46.727 40.973 37.924 35.546 35.41 35.378 35.392 35.359 35.371 35.334 35.304 35.284 35.157 35.172 35.251 35.71 35.247 35.223 35.829 35.119 35.033 35.005 35.075 35.018 35.046 35.611 37.165 37.25 35.122 35.044 34.958 35.665 34.892 35.611 34.917 34.933 34.91 34.823 38.159 35.357 35.599 34.946 35.901 34.776 37.913 34.869 34.755 34.742 34.699 34.676 34.618 34.632 34.613 34.573 34.565 34.583 34.589 35.023 34.544 34.537 34.524 34.493 34.466 34.55 35.54
46.632 41.148 38.193 46.204 49.831 44.249 47.247 47.274 45.699 43.933 35.618 35.449 35.426 35.381 35.363 35.395 36.78 35.397 35.289 35.302 35.242 35.263 36.056 35.156 35.16 35.075 35.033 35.028 35.017 35.026 35.156 35.873 35.044 35.037 34.903 35.055 35.017 34.991 34.935 34.916 34.92 34.919 35.669 35.455 34.868 36.909 35.562 35.887 35.386 34.755 34.762 34.92 37.22 35.472 34.713 34.673 34.672 34.626 34.647 34.589 34.631 34.606 34.519 34.591 34.56 34.538 34.542 34.506 34.495 34.524 36.953 36.754
48.428 47.839 47.513 45.595 48.38 48.196 47.109 48.785 47.403 44.004 35.534 35.494 35.428 35.375 35.392 35.332 35.369 36.619 35.329 35.269 35.175 35.168 35.121 35.118 35.121 35.106 35.037 35.02 35.036 35.11 35.829 36.848 36.636 35.112 34.982 34.981 34.926 34.978 35.023 34.957 34.913 35.558 34.865 34.788 34.875 34.874 34.831 34.803 34.816 34.726 36.84 35.374 40.638 35.559 34.707 34.687 34.621 34.582 34.572 34.618 34.572 34.526 34.977 34.555 34.499 34.518 34.526 34.539 34.53 35.88 37.93 38.24
49.891 49.845 43.516 39.982 45.312 48.338 44.411 48.471 46.996 38.337 35.528 35.458 35.418 35.436 35.386 35.372 35.347 35.311 35.322 36.313 35.199 35.144 35.149 35.15 35.05 35.092 35.033 35.049 35.068 35.895 35.056 36.254 35.607 37.834 35.059 34.924 34.936 34.98 36.04 34.907 34.859 34.87 34.943 34.839 34.827 36.829 34.874 34.81 34.79 35.571 35.468 36.817 34.799 34.707 34.653 34.632 34.582 34.595 34.59 34.606 34.571 34.562 34.626 34.565 34.505 34.529 34.543 34.482 36.398 38.011 38.449 38.085
50.367 49.416 48.135 41.437 40.928 46.016 47.617 49.663 48.016 40.697 35.612 35.555 35.44 35.408 35.395 35.375 35.318 35.269 35.28 35.294 35.274 35.16 35.079 35.044 35.13 35.094 34.965 35.023 35.034 35.047 35.015 35.324 37.081 34.964 34.928 34.918 34.953 34.919 34.923 34.88 34.852 34.844 34.824 34.853 35.57 35.452 34.785 34.995 34.781 34.722 34.697 35.017 35.128 34.712 34.667 34.66 34.596 34.647 34.535 34.606 34.545 34.78 34.594 34.589 34.531 34.541 34.521 34.6 37.601 38.081 38.233 37.033
48.559 42.799 47.399 38.726 37.303 37.261 40.922 47.146 42.442 37.682 35.818 35.693 35.443 35.487 35.328 35.375 35.341 35.322 35.27 35.23 35.2 35.141 35.086 35.088 35.023 35.062 35.006 34.994 35.361 35.395 35.173 35.004 36.375 35.03 34.914 34.876 34.884 34.869 34.88 34.899 35.281 36.963 34.908 34.845 34.753 34.772 34.67 34.788 34.77 34.707 34.752 34.739 34.679 34.675 34.663 34.651 34.644 34.632 34.63 34.578 34.963 34.628 34.58 34.567 34.497 34.504 34.532 34.78 36.88 37.799 38.151 39.968
48.065 43.634 44.537 41.642 37.232 37.088 36.846 38.824 38.322 36.262 35.933 36.941 35.805 35.919 35.49 35.413 38.791 36.644 35.432 35.267 35.236 35.191 35.209 35.282 35.103 35.025 35.014 34.981 34.974 34.975 38.012 38.236 36.498 35.046 34.936 34.832 34.873 34.843 34.849 34.843 34.916 35.897 37.629 38.326 34.837 34.746 34.775 34.774 34.752 34.717 34.654 34.685 34.688 34.654 34.666 34.646 34.669 34.589 34.619 35.599 34.613 34.626 34.534 34.542 34.516 34.517 36.241 36.764 37.312 37.972 38.078 38.269
42.437 43.058 47.911 46.167 38.312 37.041 36.793 36.638 36.401 36.183 36.146 36.407 36.182 36.395 37.386 39.021 42.983 41.131 37.421 35.287 35.167 35.185 35.193 35.151 35.44 35.033 35.046 34.976 34.999 34.986 34.959 34.903 34.885 34.93 34.851 34.954 34.89 34.849 34.827 34.87 36.769 34.927 34.877 35.273 34.811 34.732 34.769 34.713 34.726 34.697 34.667 34.663 34.661 34.692 34.649 34.603 34.602 34.553 35.559 35.192 34.676 34.641 34.559 34.518 34.494 36.127 36.85 39.465 38.236 37.774 37.315 36.28
38.852 45.121 46.363 44.266 38.71 36.957 36.796 36.604 36.391 36.331 36.641 36.323 36.471 36.856 37.287 39.028 43.01 41.01 39.14 36.816 35.362 35.195 35.118 35.194 35.154 35.149 35.115 34.993 35.04 35.001 34.97 34.932 34.918 34.888 34.885 34.861 34.873 37.06 34.926 34.853 35.317 35.992 37.457 34.831 34.776 34.701 34.697 34.757 34.71 34.675 34.625 34.635 34.608 34.681 34.621 34.664 34.598 34.604 34.949 34.67 34.623 34.515 34.526 34.499 34.473 36.912 37.161 39.759 40.25 38.053 35.888 36.005
40.981 47.421 41.963 41.57 37.042 36.93 36.743 36.674 36.494 36.528 36.553 36.813 45.13 39.995 44.131 41.882 44.87 43.495 43.188 43.342 36.261 35.191 35.171 35.15 35.134 35.153 35.12 36.462 35.392 34.988 34.959 34.903 34.948 34.951 34.905 34.854 34.843 36.348 34.869 34.856 35.075 36.956 36.901 34.783 34.73 34.684 35.328 34.688 34.73 34.672 35.082 34.66 34.636 34.62 34.618 34.622 34.534 36.014 34.679 34.672 34.577 34.515 34.496 34.41 35.186 36.183 40.115 42.342 41.15 37.448 36.458 36.696
39.453 40.776 45.399 46.645 38.097 36.938 36.918 36.855 37.135 36.755 36.707 37.007 40.072 43.607 44.403 44.94 44.7 42.532 41.012 44.614 37.076 38.619 35.853 35.155 35.083 35.093 36.573 35.161 35.073 35.124 35.375 34.953 34.886 34.889 34.887 34.836 34.864 37.159 34.988 35.367 35.146 35.369 34.858 34.763 34.712 34.741 34.695 34.701 34.628 34.69 34.662 34.585 34.597 34.631 34.586 34.583 35.563 34.851 34.667 34.652 34.527 34.497 34.479 34.534 36.479 40.808 43.015 42.782 43.021 38.801 34.301 34.998
45.985 40.489 46.649 46.386 38.897 37.106 37.042 37.037 36.986 36.92 36.921 36.985 39.044 44.126 42.758 41.292 43.603 39.538 43.47 36.997 39.823 42.27 42.852 40.54 35.218 35.082 35.04 35.121 35.042 35.024 35.25 34.963 34.918 34.878 34.847 34.838 34.837 34.944 35.612 35.819 34.8 35.364 35.964 34.725 34.73 34.69 34.596 34.622 34.689 34.697 34.693 34.611 34.607 34.618 34.59 34.536 34.697 34.662 34.683 34.518 34.467 34.485 34.468 34.783 36.178 38.262 41.998 41.558 42.575 40.209 34.945 34.279
46.296 46.662 44.701 44.778 37.32 37.139 37.154 37.075 37.15 37.043 37.012 37.088 37.581 39.422 37.445 37.286 40.442 43.133 37.179 37.854 37.942 43.952 43.585 41.613 37.851 38.986 35.175 35.077 35.027 35.03 34.94 34.951 35.961 35.007 34.867 34.873 34.843 34.831 34.847 35.737 35.547 34.722 34.72 34.654 34.704 34.664 34.641 34.614 34.608 34.615 34.708 34.725 34.685 34.604 34.539 34.587 34.893 34.631 34.607 34.53 34.484 34.461 34.572 36.538 37.384 37.799 39.697 42.255 41.463 39.856 37.035 34.748
48.455 47.386 46.31 37.292 37.17 37.302 37.646 37.219 37.116 37.096 37.124 37.078 37.241 37.493 37.215 37.697 38.431 38.316 37.423 36.683 36.353 41.985 43.498 42.119 43.98 40.621 37.738 35.129 35.096 34.995 35.007 34.927 34.99 36.27 34.945 34.872 34.809 34.882 34.855 34.801 34.83 34.716 34.751 34.64 34.69 34.638 34.626 34.6 34.607 34.593 34.65 34.656 34.625 34.594 34.664 34.635 34.596 34.684 34.507 34.442 34.456 34.604 35.369 37.057 38.613 38.37 39.463 39.541 38.349 35.582 35.115 34.535
48.413 46.235 40.715 39.055 37.151 37.66 37.222 37.25 37.178 37.167 37.202 37.143 37.192 37.191 37.243 37.91 37.603 37.04 36.951 36.938 36.862 38.41 39.728 41.08 46.285 45.586 41.9 38.823 35.811 35.066 34.989 34.988 34.952 34.909 34.938 34.872 34.819 34.81 34.759 34.773 34.74 34.741 34.699 34.706 34.705 34.624 34.638 34.609 34.665 34.668 34.656 34.575 34.575 34.548 34.594 34.684 34.602 34.56 34.493 34.497 34.513 36.916 36.997 40.911 38.885 41.148 37.651 39.081 36.141 36.228 35.828 34.289
46.554 48.118 40.901 45.806 38.121 37.621 37.22 37.309 37.236 37.257 37.25 37.215 37.202 37.184 37.42 38.065 37.152 36.972 37.018 38.122 39.177 38.045 36.771 42.482 46.538 48.609 45.321 40.96 39.551 36.871 35.005 35.1 34.926 34.896 34.874 35.439 34.882 34.831 34.8 34.778 34.817 34.791 34.715 34.713 34.653 34.677 34.612 34.587 34.642 34.616 34.589 34.614 34.602 34.611 34.624 34.633 34.576 34.533 34.476 34.473 36.086 36.905 41.055 42.813 38.946 40.636 39.589 34.756 36.084 35.48 34.378 34.246
41.923 42.945 47.251 46.1 38.644 37.452 37.315 37.245 37.23 37.239 37.228 37.298 37.217 37.234 37.194 37.116 37.1 36.961 36.981 38.472 37.566 36.903 37.038 40.612 46.791 48.526 49.217 45.27 41.639 41.9 41.626 39.678 40.007 35.189 34.895 34.831 34.876 35.034 34.811 34.724 34.786 34.765 34.72 34.697 34.653 34.659 34.623 34.68 34.619 34.72 34.597 34.519 34.613 34.783 34.677 34.625 34.537 34.486 34.477 37.088 37.823 38.189 40.129 39.416 36.936 38.141 36.107 34.271 34.301 34.612 34.203 34.229
39.47 39.205 43.527 39.092 38.797 37.651 37.324 37.316 37.285 37.284 37.282 37.257 37.185 37.249 37.181 37.17 37.059 37.027 36.943 36.868 36.879 36.892 37.142 39.994 46.438 45.133 48.215 44.334 42.976 45.187 47.833 46.011 43.871 37.668 34.943 34.877 34.864 34.774 35.191 34.835 35.169 34.724 34.744 34.728 34.685 34.623 34.616 34.613 34.628 34.593 34.567 34.573 34.999 34.711 34.682 34.58 34.519 36.715 35.68 39.548 41.518 37.801 39.089 37.625 35.265 35.063 34.285 34.265 34.248 34.305 34.251 34.191
36.854 37.474 40.272 39.455 37.821 39.446 38.275 37.225 37.324 37.264 37.317 37.222 37.276 37.182 37.123 37.112 37.04 36.984 36.962 36.916 36.819 36.903 36.903 37.069 41.273 42.076 41.204 44.418 44.131 47.012 38.462 46.409 46.793 41.34 35.076 34.882 34.826 34.844 34.8 34.767 35.029 34.706 34.719 34.696 34.711 34.632 34.643 34.59 34.605 34.575 34.525 34.647 34.652 34.68 34.601 34.498 34.606 40.08 41.139 40.155 40.502 41.198 40.85 36.784 36.466 35.658 35.101 34.3 34.259 34.272 34.277 34.21
37.069 37.254 39.593 40.063 40.343 38.001 37.985 37.374 37.28 37.246 38.396 37.876 37.265 37.228 37.184 37.08 37.046 36.97 36.912 36.93 36.883 36.877 36.826 36.917 37.959 42.734 41.991 43.416 43.604 44.836 46.961 47.288 47.529 45.14 43.351 36.535 34.975 34.82 34.763 34.764 34.734 34.811 34.683 34.686 34.687 34.65 34.672 34.612 34.598 34.554 35.201 34.651 34.614 34.589 34.527 34.48 34.587 40.417 38.044 41.332 42.234 41.459 40.663 36.663 36.624 36.023 34.369 34.243 34.212 34.226 34.205 34.205
