dsm/se2631_DSM_2M.asc
ncols 500
nrows 500
xllcorner    426000
yllcorner    431000
cellsize     2
NODATA_value -9999
[rows 160 to 191 of 500, columns 360 to 431 of 500]
46.52 44.433 45.057 44.937 44.685 44.665 45.574 44.916 45.535 44.891 44.833 44.802 44.874 44.984 44.59 44.301 44.225 44.717 45.567 46.19 45.221 44.342 45.498 47.384 50.139 50.754 50.396 49.751 48.252 44.193 46.492 52.432 56.264 57.81 55.397 54.643 48.483 45.242 44.771 44.421 44.38 44.321 44.127 44.083 44.062 44.023 44.007 44.015 43.875 43.83 43.8 43.762 43.753 43.731 43.707 43.656 43.673 43.701 43.689 43.692 43.678 43.691 43.666 43.67 43.704 43.743 43.745 43.695 43.644 43.587 43.516 43.498
44.544 44.621 44.47 44.509 44.606 45.417 45.055 46.126 46.935 44.861 44.82 44.824 44.921 44.688 44.27 44.181 44.312 48.329 50.07 50.068 48.622 44.216 46.49 48.933 50.7 50.945 51.401 50.802 49.946 47.289 50.372 55.976 56.547 58.515 58.236 55.682 45.393 45.448 44.729 44.691 44.925 44.779 44.415 44.363 44.291 44.095 44.041 44.714 44.08 44.059 44.066 43.984 43.854 43.804 43.776 43.723 43.655 43.643 43.6 43.66 43.637 43.61 43.611 43.617 43.568 43.607 43.61 43.602 43.678 43.672 43.64 43.568
44.379 44.455 44.669 44.67 44.931 44.948 44.902 46.689 45.477 44.89 44.856 44.889 45.144 44.581 44.292 47.891 49.938 50.66 50.86 51.109 49.181 45.164 44.625 45.918 49.44 50.09 50.707 50.295 48.493 47.868 52.016 56.963 55.8 56.956 57.088 51.359 46.443 44.629 45.352 44.635 45.285 44.739 44.824 44.821 44.485 44.885 44.301 44.215 44.178 44.107 44.11 44.081 44.047 43.998 43.988 43.92 43.881 43.801 43.627 43.621 43.552 43.558 43.547 43.549 43.561 43.545 43.567 43.557 43.524 43.53 43.536 43.622
49.908 49.17 44.856 45.748 45.527 44.93 44.864 44.843 44.851 44.89 44.735 44.868 45.263 45.523 45.456 46.604 50.3 51.291 51.906 50.781 50.356 45.243 44.421 43.922 42.995 44.78 44.91 49.607 46.985 45.071 45.308 52.936 53.177 53.85 51.419 47.47 45.304 44.462 44.978 45.299 44.732 44.566 45.17 44.751 45.114 45.298 44.457 44.763 45.083 44.363 44.279 44.303 44.108 44.107 44.105 44.079 44.12 45.451 43.738 43.618 43.578 43.55 43.536 43.518 43.474 43.481 43.508 43.502 43.479 43.473 43.491 43.458
51.405 51.188 48.113 44.534 45.028 44.957 44.852 44.856 44.896 44.888 44.814 44.945 44.849 46.14 46.751 44.92 49.891 50.461 50.203 49.645 47.81 46.541 44.249 42.941 42.846 42.915 42.987 44.448 44.3 44.802 44.561 52.071 51.963 47.946 46.357 44.962 44.468 44.323 44.331 44.336 44.574 45.515 44.992 44.561 44.841 44.708 44.515 45.908 45.69 44.569 44.303 44.346 44.256 44.259 44.14 44.075 44.092 44.31 43.944 43.694 43.628 43.586 43.578 43.545 43.509 43.444 43.444 43.434 43.423 43.431 43.409 43.415
51.336 50.969 50.189 45.626 45.092 44.994 44.835 44.902 44.918 44.837 44.864 44.946 44.761 44.625 44.525 44.433 48.053 49.473 45.657 43.351 46.044 44.837 44.341 42.909 42.937 42.925 42.948 43.22 44.278 49.674 56.156 56.504 54.463 49.929 47.13 45.399 45.494 44.371 44.351 44.355 44.328 44.384 44.314 44.452 44.61 44.652 45.266 44.61 44.522 45.14 44.972 44.739 45.094 44.495 44.243 44.243 44.138 44.122 44.281 43.792 43.76 43.689 43.668 43.62 43.547 43.546 43.524 43.438 43.363 43.353 43.36 43.361
50.656 49.976 45.745 45.333 45.238 45.638 45.089 44.919 44.892 44.813 44.889 44.945 44.722 44.635 46.467 46.318 46.316 46.637 43.447 43.552 43.031 42.919 43.841 43.03 42.827 42.877 42.922 43.311 49.453 55.292 52.954 57.588 59.017 58.571 50.732 48.601 48.145 45.342 45.665 44.567 44.402 44.548 44.336 44.294 44.42 44.309 44.848 44.293 44.991 45.547 44.574 45.208 44.86 45.359 44.511 45.156 44.627 44.205 44.373 43.941 43.865 43.877 43.808 43.758 43.664 43.627 43.658 43.656 43.605 43.483 43.424 43.468
48.481 45.153 44.672 45.478 45.113 45.872 45.163 44.917 44.871 44.908 45.002 45.696 45.021 44.584 46.442 46.181 44.674 44.062 43.009 43.232 42.993 42.873 43.551 43.003 42.846 42.844 43.056 43.926 51.348 56.16 57.879 59.112 59.166 58.648 51.153 50.02 49.815 49.623 48.037 47.083 45.825 44.999 44.421 44.331 44.292 44.291 44.247 44.26 44.226 44.251 44.5 44.347 44.749 44.158 44.754 44.4 44.578 44.157 44.014 43.934 43.878 43.873 43.813 43.803 43.776 43.719 43.741 43.768 43.723 43.656 43.576 43.503
45.184 44.924 44.778 45.128 44.966 45.098 44.976 44.929 44.906 45.006 45.419 44.634 47.341 44.578 46.569 46.513 45.371 44.474 43.146 42.959 43.093 42.911 42.888 43.893 43.014 42.847 43.127 43.803 49.926 56.693 57.785 56.69 58.825 55.526 50.435 50.546 50.401 50.08 49.979 49.795 49.077 47.965 48.545 49.223 44.393 44.27 44.255 44.927 45.145 44.263 44.257 45.145 45.236 44.626 44.215 45.45 44.686 44.233 43.983 43.882 43.826 43.764 43.778 43.719 43.766 44.546 43.882 43.791 43.724 43.692 43.671 43.654
44.748 44.99 44.891 45.169 44.995 44.969 44.942 45.192 46.123 45.07 44.864 44.641 49.215 50.145 49.135 45.635 44.876 44.034 43.052 42.914 43.611 44.42 44.641 43.38 42.886 43.091 43.705 43.931 54.665 57.52 58.14 58.562 57.067 50.116 50.638 51.037 50.915 50.767 50.562 50.313 50.401 50.866 51.096 46.805 44.332 44.291 44.614 44.863 45.335 44.473 45.181 45.249 44.903 44.418 44.276 44.559 44.233 44.127 43.927 43.835 43.791 43.727 43.674 43.644 44.282 45.501 44.687 43.913 43.756 43.735 43.686 43.692
44.883 44.962 45.382 45.087 44.957 44.969 44.94 45.52 45.219 45.169 44.857 46.035 50.424 51.377 51.125 50.425 45.185 43.571 42.986 42.865 43.095 44.545 44.747 43.59 43.303 43.195 43.615 49.987 56.123 58.378 58.507 58.432 52.084 50.191 50.9 51.435 51.345 51.174 51.072 50.839 50.487 50.297 47.111 44.989 44.359 44.331 44.594 45.405 44.79 45.15 44.944 44.561 44.205 44.141 44.14 44.295 44.073 43.926 43.825 43.786 43.684 43.635 43.64 43.574 44.055 44.492 45.103 43.789 43.545 43.632 43.664 43.651
45.013 45.561 45.559 45.068 44.964 45.021 45.037 45.264 45.055 45.974 44.604 46.731 50.683 51.785 51.457 46.473 43.203 42.913 42.826 42.818 42.923 44.859 44.322 44.752 44.775 43.898 49.678 55.381 56.407 57.35 58.169 53.415 49.963 50.476 51.012 51.623 51.933 51.65 51.334 50.737 50.24 49.712 45.393 44.399 44.311 44.581 45.124 45.553 45.127 45.256 44.83 44.176 44.129 44.068 44.013 43.993 43.963 43.836 43.757 43.697 43.69 43.583 43.546 43.538 43.536 43.786 44.058 43.641 43.413 43.407 43.417 43.419
45.221 45.299 45.101 45.021 45.132 45.031 45.38 45.443 44.977 44.849 44.636 49.008 51.267 51.579 50.896 46.447 43.008 42.885 42.82 42.837 42.855 43.041 43.05 43.428 44.174 44.246 50.159 56.144 56.509 56.942 56.93 52.283 50.07 50.701 51.225 51.819 52.125 51.71 51.14 50.63 50.079 46.963 45.606 44.553 44.418 48.511 48.433 46.622 45.234 45.388 44.952 44.148 44.12 44.063 44.034 43.968 43.862 43.811 43.7 43.638 43.608 43.561 43.493 43.513 43.502 43.533 43.698 43.549 43.468 43.426 43.426 43.417
45.142 45.1 45.053 45.095 45.035 45.067 44.943 44.957 44.961 44.739 46.183 49.859 50.533 51.034 50.103 43.283 43.423 43.907 44.014 42.822 43.043 43.058 43.035 43.51 44.749 43.874 45.086 56.281 56.317 56.661 54.167 50.482 50.305 50.958 51.499 52.003 52.004 51.499 50.883 50.354 49.846 47.319 44.713 44.498 46.547 48.517 48.504 48.479 48.529 48.098 44.679 44.16 44.186 44.084 44.203 43.876 43.767 43.713 43.646 43.709 43.602 43.522 43.507 43.482 43.486 43.565 43.518 43.478 43.474 43.457 43.462 43.484
45.112 45.13 45.164 45.145 45.082 45.059 44.926 45.025 44.925 44.883 46.698 47.449 48.192 50.006 48.473 46.35 43.224 43.053 42.987 43.03 43.308 43.045 43.031 51.041 56.137 50.49 44.6 54.621 55.912 56.315 51.58 50.061 50.533 51.099 51.677 52.172 51.726 51.293 50.7 50.162 49.56 45.254 45.141 44.526 48.122 48.55 48.49 48.509 48.521 46.306 44.226 44.181 44.343 47.155 45.966 43.964 43.727 43.711 43.729 44.112 43.748 43.529 43.466 43.458 43.52 43.507 43.516 43.478 43.495 43.494 43.445 43.451
45.199 45.187 45.211 45.151 45.128 45.056 44.999 45.08 44.91 44.938 47.274 47.126 46.636 45.86 44.6 43.436 43.085 43.067 43.488 43.011 43.019 43.413 50.556 55.908 58.539 56.401 57.071 57.733 53.646 52.998 50.136 50.151 50.782 51.291 51.841 52.113 51.681 51.043 50.587 50.032 46.399 45.388 44.574 44.374 48.504 48.504 48.49 48.52 48.542 45.469 44.213 44.21 45.903 48.31 48.013 45.782 44.05 43.998 44.064 44.832 44.306 43.998 43.531 43.494 43.503 43.47 43.5 43.517 43.507 43.501 43.49 43.505
45.213 45.239 45.226 45.157 45.134 45.021 45.078 45.553 44.989 48.29 49.957 49.563 45.101 45.65 45.47 45.364 44.322 43.116 43.032 43.002 43.023 43.097 50.655 50.411 58.578 59.651 60.266 57.712 50.553 49.503 49.958 50.391 51.021 51.539 52.001 51.954 51.433 50.791 50.267 49.8 47.337 45.283 44.462 46.583 48.533 48.542 48.497 48.528 48.467 44.268 44.243 44.27 47.128 47.969 48.155 45.802 44.554 44.692 43.965 43.996 43.969 43.997 43.722 43.571 43.483 43.465 43.484 43.5 43.556 43.584 43.537 43.538
45.273 45.189 45.2 45.151 45.085 45.095 45.144 45.961 45.254 48.109 51.255 51.307 50.922 47.714 44.982 46.091 44.208 44.06 44.212 43.752 43.164 43.027 51.145 55.322 57.857 59.388 59.095 56.571 58.017 54.178 50.082 50.646 51.146 51.757 52.08 51.666 51.225 50.665 50.174 49.496 45.744 44.711 44.294 47.764 48.525 48.464 48.493 48.528 47.745 44.243 44.215 44.221 44.207 45.139 47.403 44.785 44.629 44.502 45.082 45.079 44.086 44.579 43.924 43.686 43.519 43.454 43.534 43.518 43.611 43.718 43.908 43.668
45.231 45.25 45.227 45.159 45.054 45.094 45.197 45.523 46.362 50.505 51.746 51.787 50.716 48.196 43.793 43.522 43.164 43.164 44.057 43.707 43.898 43.431 53.729 56.339 58.184 58.385 57.169 59.431 58.991 55.215 50.336 50.769 51.128 51.373 51.525 51.543 50.919 50.419 49.896 46.96 45.15 44.57 46.515 48.532 48.514 48.484 48.488 48.45 44.759 44.196 44.201 44.169 44.176 44.175 44.132 44.222 44.568 44.576 44.661 44.65 45.028 44.244 44.101 44.24 43.68 43.447 43.496 43.636 44.138 44.285 44.349 43.784
45.228 45.243 45.206 45.138 45.05 45.129 45.32 45.209 48.653 51.13 52.064 51.5 50.187 44.282 45.523 45.256 44.345 43.219 43.205 43.1 44.189 44.886 54.401 56.756 51.09 57.581 58.625 58.871 58.272 52.106 50.114 50.383 50.665 50.79 50.977 51.136 50.84 50.24 49.549 45.511 45.01 44.378 47.289 48.531 48.501 48.49 48.525 48.432 44.678 44.178 44.196 44.205 44.195 44.162 44.122 44.055 43.987 43.966 43.999 43.906 44.055 43.743 44.152 44.081 43.543 43.484 43.521 43.692 43.977 43.999 44.298 43.914
45.195 45.241 45.213 45.14 45.055 45.074 45.072 45.028 48.894 50.889 51.458 50.863 45.707 45.082 45.757 45.401 43.805 44.1 43.212 44.517 46.054 48.5 53.914 56.372 57.254 57.399 57.241 55.695 55.371 52.436 49.598 49.788 50.053 50.205 50.468 50.605 50.541 50.083 49.36 44.663 44.706 44.402 48.086 48.54 48.501 48.509 48.542 45.685 44.241 44.202 44.193 44.731 44.913 44.152 44.122 44.11 44.01 43.996 43.877 43.864 43.85 44.031 44.207 43.778 43.462 43.491 43.502 43.912 43.855 43.781 46.028 50.582
45.188 45.217 45.194 45.097 45.126 45.587 47.067 44.933 45.567 47.211 50.276 50.301 46.282 44.374 44.148 44.307 43.813 44.596 43.584 45.683 48.248 52.406 55.058 55.789 55.903 55.469 55.894 54.222 47.268 45.499 44.891 48.44 49.412 49.599 49.824 50.058 50.354 49.819 46.343 45.403 44.565 44.413 48.488 48.517 48.467 48.514 48.551 45.441 44.22 44.248 44.204 45.145 44.527 44.153 44.142 44.063 44.008 43.955 43.9 43.861 44.055 44.061 43.771 43.887 43.485 43.508 43.55 43.958 44.712 44.126 49.682 51.147
45.219 45.225 45.127 45.104 45.238 47.261 47.326 45.662 44.612 46.199 44.918 45.974 44.985 43.794 43.477 43.484 43.451 43.708 44.05 43.64 44.61 51.311 55.171 56.091 55.798 55.276 46.479 44.385 44.428 44.412 44.412 44.464 44.428 45.331 48.469 49.527 49.746 49.616 46.85 45.641 44.441 48.042 48.521 48.48 48.481 48.522 48.455 44.293 44.184 44.163 44.209 44.466 44.156 44.125 44.089 44.061 44.041 43.988 43.923 43.888 43.805 43.651 44.118 43.68 43.494 43.478 43.584 44.36 44.317 47.413 50.287 50.529
45.226 45.214 45.169 45.163 45.264 45.4 45.167 44.917 44.701 44.839 44.492 44.333 44.434 43.684 43.714 43.51 43.727 44.358 44.179 44.948 45.801 50.832 54.585 54.343 54.801 53.666 45.69 44.398 44.37 44.38 44.389 44.405 44.416 44.463 44.441 45.33 45.342 48.32 45.252 44.656 44.344 47.097 47.851 48.399 48.5 48.539 45.532 44.229 44.196 44.171 44.875 44.323 44.15 44.142 44.083 44.031 44.046 43.961 43.932 43.918 43.744 44.257 44.151 43.517 43.46 43.502 43.944 44.483 44.101 48.243 49.683 49.938
45.194 45.225 45.14 45.272 45.854 45.029 44.782 44.671 44.694 44.827 45.19 44.085 43.692 43.781 45.092 45.522 44.896 44.317 43.927 43.931 44.319 44.991 50.762 52.434 52.25 46.473 44.462 45.975 44.532 44.335 44.372 44.366 44.383 44.367 44.404 44.401 44.446 44.462 44.385 44.42 44.406 44.917 45.657 45.891 47.604 48.19 44.706 44.185 44.182 44.722 45.211 44.264 44.132 44.121 44.079 44.587 44.3 43.939 43.921 44.107 44.147 44.422 44.043 43.48 43.48 43.543 44.571 44.946 43.859 49.32 49.028 49.326
45.246 45.227 45.22 45.322 45.224 44.804 44.898 48.642 45.343 48.997 47.061 43.772 43.948 43.841 45.575 45.184 45.291 45.079 43.874 43.782 44.807 48.412 49.637 49.52 47.393 44.683 45.264 45.111 45.349 44.873 44.795 44.362 44.369 44.34 44.395 44.374 44.379 44.417 44.365 44.379 44.356 44.362 44.654 44.968 45.1 44.44 44.254 44.234 44.24 44.202 44.236 44.2 44.102 44.103 44.069 45.239 45.018 44.156 43.916 43.934 44.18 44.196 43.548 43.466 43.491 43.572 44.248 44.043 45.611 48.164 48.345 48.568
45.229 45.198 45.248 45.707 45.365 45.134 49.524 51.242 51.628 50.668 44.635 45.057 43.889 43.866 44.586 43.536 43.488 44.317 44.036 43.89 44.729 46.077 49.831 50.262 49.584 49.436 49.481 45.816 45.07 45.353 45.217 45.14 44.402 44.362 44.379 44.379 44.368 44.376 44.341 44.379 44.355 44.365 44.337 44.308 44.408 44.345 44.265 44.249 44.247 44.219 44.196 44.169 44.138 44.089 44.059 45.443 45.272 43.981 43.972 44.071 44.195 44.029 43.44 43.466 43.506 43.53 43.832 44.082 46.361 48.607 48.454 48.296
45.225 45.235 45.319 45.258 45.028 45.009 49.127 51.229 52.186 51.441 45.407 43.83 43.796 43.879 46.648 45.903 43.867 43.709 44.372 43.603 43.874 44.3 50.059 50.429 48.266 50.545 50.823 50.52 49.688 47.795 45.567 45.6 44.369 45.131 44.931 44.455 44.341 44.35 44.364 44.355 44.377 44.354 44.353 44.335 44.314 44.306 44.297 44.284 44.255 44.246 44.238 44.136 44.114 44.061 44.019 43.991 43.998 43.914 44.073 44 44.217 43.542 43.463 43.482 43.514 43.558 43.587 43.771 47.923 49.29 49.19 48.974
45.318 45.284 45.364 45.491 45.117 45.049 46.76 50.632 52.15 51.783 48.301 45.677 44.667 45.539 46.415 43.703 44.931 44.256 43.586 43.585 43.707 46.393 47.807 49.17 48.771 51.383 51.03 50.307 50.077 51.069 50.107 48.945 46.979 45.144 44.806 44.464 44.329 44.389 44.408 44.415 44.398 44.369 44.378 44.33 44.356 44.331 44.32 44.308 44.86 44.754 44.608 44.194 44.125 44.086 43.999 43.976 43.94 43.878 43.883 44.209 43.944 43.56 43.475 43.524 43.551 43.595 43.672 43.645 48.987 49.95 49.775 49.578
45.343 45.272 45.383 45.744 45.94 45.4 45.262 49.38 51.471 51.484 50.807 45.879 45.961 44.803 44.316 43.68 45.187 43.674 43.66 43.729 43.571 44.59 43.441 45.478 43.678 50.391 51.529 46.634 46.67 52.014 49.374 50.104 50.181 49.95 49.315 47.388 44.435 44.34 44.34 44.342 45.079 44.562 44.369 44.365 44.35 44.366 44.344 44.288 44.994 44.366 44.688 44.947 44.61 44.554 44.18 43.962 43.898 43.895 43.726 44.661 44.509 43.473 43.488 43.517 43.759 44.906 44.058 48.86 50.81 50.559 50.477 50.287
45.375 45.256 45.362 46.128 45.092 44.985 44.935 47.302 50.588 49.395 45.456 44.896 44.987 48.804 47.479 44.738 44.199 43.665 43.682 43.744 43.485 43.483 43.432 43.424 43.404 44.731 45.688 43.485 43.326 43.435 45.637 45.295 46.6 48.762 48.658 50.066 49.776 47.941 45.002 44.446 45.394 45.362 45.332 44.462 44.513 44.37 44.405 44.338 44.308 44.292 44.492 44.558 44.935 45.004 44.951 44.41 44.041 44.036 44.057 44.528 44.351 43.474 43.47 43.527 44.072 44.136 43.662 49.392 51.411 51.259 51.082 50.784
45.372 45.315 45.426 45.422 45.264 45.146 45.118 45.353 44.92 45.373 45.057 45.281 45.024 51.124 51.309 50.215 48.161 44.861 44.418 45.645 45.959 43.635 43.477 43.419 43.409 44.414 43.937 43.424 43.308 43.143 43.488 43.215 43.21 45.874 47.458 48.621 48.06 49.488 49.819 48.701 45.292 45.407 45.227 45.375 44.986 44.446 44.431 44.373 44.303 44.285 44.246 44.332 44.343 44.56 44.86 44.444 44.147 44.203 43.886 43.487 43.636 43.416 43.471 43.516 43.587 44.179 43.79 51.114 51.472 51.565 51.741 51.527
