dsm/se2636_DSM_2M.asc
ncols 500
nrows 500
xllcorner    426000
yllcorner    436000
cellsize     2
NODATA_value -9999
[rows 62 to 92 of 500, columns 355 to 425 of 500]
113.372 113.426 113.505 113.514 113.495 113.646 113.879 114.205 114.443 114.61 114.735 114.709 114.479 114.245 113.92 113.568 113.35 113.342 113.347 -9999 -9999 -9999 -9999 -9999 112.534 112.436 112.378 112.435 -9999 -9999 -9999 112.746 112.806 112.772 112.643 112.58 112.361 112.028 111.951 112.013 112.23 112.374 112.216 112.398 112.3 112.059 112.782 112.296 112.244 113.657 113.522 113.204 111.909 111.683 111.201 110.381 109.461 108.893 108.541 108.296 108.275 108.368 108.469 109.115 108.71 108.407 109.151 116.437 119.601 120.872 120.352
113.364 113.372 113.386 113.436 113.46 113.507 113.702 114.037 114.307 114.528 114.616 114.705 114.467 114.201 113.866 113.608 113.455 113.591 113.582 -9999 -9999 -9999 -9999 112.583 112.573 112.535 112.498 -9999 -9999 -9999 112.742 112.649 113.112 113.235 113.305 113.102 112.333 112.188 111.964 111.944 111.932 111.998 111.904 111.876 111.89 111.921 112.068 112.355 111.919 111.933 112.16 111.996 111.81 111.628 111.234 110.36 109.332 108.848 108.522 108.314 108.356 108.778 109.266 110.089 109.406 108.431 109.743 116.726 120.184 121.244 120.914
113.405 113.517 113.462 113.48 113.509 113.53 113.602 113.836 114.189 114.345 114.488 114.659 114.47 114.216 113.918 113.611 113.544 114.165 113.783 -9999 -9999 -9999 -9999 112.578 112.592 112.597 112.543 -9999 -9999 113.254 112.967 112.438 112.899 112.96 115.596 115.351 113.474 112.683 112.794 112.408 111.967 111.937 111.905 111.947 111.938 111.935 112.37 112.906 112.05 111.914 111.906 111.785 111.757 111.631 111.318 110.364 109.265 108.801 108.499 108.288 108.45 109.371 110.255 110.371 109.972 108.729 109.763 116.351 120.271 120.868 121.168
113.409 113.499 113.475 113.385 113.45 113.499 113.494 113.625 113.95 114.174 114.428 114.441 114.363 114.247 113.858 113.405 113.543 113.745 113.58 -9999 -9999 -9999 -9999 112.555 112.573 112.546 112.571 -9999 -9999 113.841 113.325 112.929 113.517 114.835 116.377 116.582 114.098 115.191 114.303 113.509 112.268 111.983 112.003 112.039 111.971 111.949 112.088 112.293 112.064 111.943 111.906 111.854 111.783 111.64 111.298 110.288 109.404 108.75 108.495 108.415 108.644 109.342 110.22 110.385 109.507 109.147 109.093 113.533 119.284 120.32 120.882
113.477 113.506 113.462 113.416 113.446 113.491 113.57 113.614 113.834 114.018 114.284 114.406 114.386 114.182 113.833 113.499 113.288 113.283 113.343 -9999 -9999 -9999 -9999 112.484 112.533 112.561 112.718 -9999 -9999 114.188 113.877 113.619 115.134 115.959 117.058 117.096 115.564 117.204 114.24 115.434 112.587 112.098 112.192 112.14 111.986 112.056 112.008 112.062 111.927 111.865 111.838 111.719 111.726 111.652 111.28 110.35 109.336 108.633 108.501 108.462 108.482 108.791 108.392 108.907 108.523 108.512 109.853 114.891 119.284 120.149 120.132
113.591 113.561 113.516 113.498 113.48 113.537 113.613 113.813 113.955 114.025 114.202 114.387 114.316 114.25 113.834 113.412 113.206 113.305 113.501 -9999 -9999 -9999 112.686 112.508 112.387 112.569 113.046 -9999 -9999 115 115.366 116.008 115.507 115.064 117.389 115.187 114.09 114.762 116.652 118.413 113.308 112.806 115.408 114.372 112.837 112.118 111.898 111.876 111.724 111.727 111.73 111.622 111.648 111.66 111.672 111.407 111.596 108.843 108.454 108.502 -9999 108.524 108.261 108.471 108.755 109.206 113.224 118.445 120.308 120.035 120.099
113.531 113.582 113.568 113.565 113.497 113.501 113.653 113.731 113.95 113.941 114.056 114.188 114.185 114.072 113.696 113.388 113.306 113.447 113.73 -9999 -9999 -9999 -9999 112.557 112.479 112.69 -9999 -9999 115.459 115.226 115.14 115.606 113.663 114.758 121.172 121.297 115.25 115.045 117.722 115.591 113.402 116.05 123.919 123.533 115.059 112.524 112.055 111.532 111.389 111.384 111.4 111.429 111.493 111.548 111.83 113.887 114.723 109.091 108.548 108.541 -9999 108.313 108.619 109.111 110.82 115.506 118.543 119.918 120.033 120.005 119.948
113.485 113.531 113.529 113.499 113.475 113.53 113.682 113.698 113.76 113.796 114.001 114.105 114.092 113.998 113.873 113.446 113.444 114.023 114.208 113.727 -9999 -9999 -9999 -9999 112.827 -9999 -9999 115.309 115.642 115.494 113.855 112.707 114.056 117.246 121.364 125.253 121.94 119.781 121.113 117.014 113.531 115.246 120.085 116.302 114.394 111.783 111.292 111.151 111.063 110.88 110.914 111.012 110.975 111.029 110.779 110.613 110.177 108.616 108.511 108.534 108.522 -9999 108.204 110 112.934 118.267 119.864 120.12 119.964 120.073 120.174
113.499 113.49 113.441 113.46 113.445 113.533 113.789 113.921 113.732 113.634 114.047 114.144 114.093 114.01 113.79 113.439 113.323 113.972 113.893 113.357 113.157 -9999 -9999 -9999 -9999 -9999 -9999 115.506 115.851 115.916 114.708 113.879 117.208 119.558 120.172 123.385 120.1 120.396 121.598 114.15 113.025 113.574 114.015 112.714 112.041 110.831 110.356 110.478 110.328 110.303 110.199 110.107 110.13 110.147 109.962 109.632 109.226 108.573 108.532 108.592 108.465 108.242 108.445 108.864 110.001 111.091 115.552 119.475 120.077 120.123 120.105
113.514 113.47 113.482 113.453 113.391 113.445 113.601 113.909 113.841 113.576 113.891 114.061 114.034 113.945 113.648 113.381 113.21 113.587 113.431 112.773 112.836 112.916 -9999 -9999 -9999 -9999 114.532 115.218 115.729 116.276 115.351 114.124 117.214 118.066 115.395 115.557 112.989 114.591 115.212 112.478 112.456 113.103 112.973 111.579 111.392 111.084 109.979 109.966 109.688 109.266 109.275 109.328 109.286 109.027 109.145 109.124 108.757 108.508 108.478 108.448 108.351 108.187 108.1 108.112 109.144 110.441 112.933 119.565 120.22 120.268 120.359
113.552 113.577 113.509 113.438 113.47 113.448 113.436 113.776 114.037 113.686 113.588 113.784 113.909 113.959 113.65 113.274 113.025 113.115 112.995 112.804 112.858 -9999 -9999 112.563 -9999 113.308 113.342 113.915 115.618 116.766 116.35 113.564 113.539 113.079 111.984 112.036 111.887 112.443 113.068 110.818 111.87 112.972 111.432 110.903 112.014 111.958 109.541 109.91 109.211 108.49 108.888 108.539 108.6 108.611 108.619 108.556 108.427 108.207 108.205 108.075 108.191 -9999 108.026 108.02 109.565 113.612 118.027 119.938 120.662 120.729 120.893
113.578 113.566 113.537 113.573 113.483 113.476 113.56 113.748 114.05 113.836 113.556 113.645 113.799 113.805 113.584 113.279 113.096 113.034 112.885 112.959 113.054 112.868 112.752 112.572 112.499 112.479 112.617 112.764 115.393 116.479 117.101 115.412 112.485 111.953 111.808 111.719 111.85 112.21 112.496 111.116 110.678 110.48 109.828 111.911 115.366 115.505 110.445 108.736 108.419 108.187 108.341 108.268 108.274 108.919 108.581 108.262 108.295 108.174 108.12 108.063 108.093 107.994 107.999 108.949 111.155 116.533 120.88 120.76 121.032 121.087 120.993
113.566 113.472 113.372 113.48 113.491 113.467 113.588 113.672 113.93 113.771 113.43 113.541 113.729 113.718 113.65 113.303 113.153 113.191 113.158 113.153 113.136 112.978 112.733 112.482 112.538 112.503 112.527 113.231 114.755 115.139 114.61 114.7 115.044 114.167 112.386 111.899 111.812 111.944 111.843 110.777 109.689 108.833 110.849 115.843 119.224 117.393 112.456 109.093 108.172 108.132 108.18 108.094 108.049 108.315 108.349 108.227 108.182 108.174 108.129 108.103 108.053 108.034 108.49 108.53 112.034 119.16 121.344 121.323 121.202 121.198 121.105
113.53 113.446 113.351 113.423 113.481 113.536 113.604 113.587 113.619 113.573 113.429 113.541 113.698 113.626 113.465 113.266 113.228 113.055 113.174 113.365 113.191 112.967 112.686 112.67 112.673 112.51 112.463 112.488 112.729 113.328 112.934 114.994 117.36 121.641 113.39 112.581 111.743 111.749 111.593 110.771 109.584 108.924 110.356 112.496 111.856 109.969 108.957 108.337 108.112 108.088 108.08 108.019 107.973 108.07 108.112 108.046 108.176 108.234 108.21 108.119 108.058 108.097 108.338 108.62 114.602 123.071 121.484 121.305 121.203 121.196 121.268
113.516 113.444 113.458 113.446 113.44 113.54 113.636 113.547 113.524 113.545 113.522 113.572 113.591 113.466 113.28 113.118 112.849 112.542 112.67 112.671 112.957 112.887 112.551 112.779 112.757 112.322 112.286 111.956 112.064 112.808 115.209 114.113 116.666 119.093 114.563 112.479 111.586 111.473 111.564 111.027 111.226 110.018 110.691 109.32 108.647 108.238 108.274 108.271 108.273 108.144 108.114 108.103 108.075 108.078 108.052 108.103 108.26 108.26 108.203 108.065 108.064 108.114 108.128 108.692 112.806 120.196 121.039 121.281 120.922 121.017 121.218
113.59 113.504 113.494 113.487 113.502 113.495 113.529 113.585 113.627 113.61 113.555 113.549 113.632 113.505 113.309 112.839 112.402 112.152 112.003 111.767 112.054 112.331 111.935 112.003 112.079 111.611 111.69 111.536 111.525 112.958 113.057 112.727 115.629 118.362 115.451 113.648 112.137 111.338 111.919 112.699 117.601 115.535 111.648 108.983 108.219 108.245 108.249 108.41 108.575 108.158 108.143 108.334 108.423 108.094 108.544 108.387 108.405 108.244 108.194 108.085 108.096 108.139 108.213 108.461 110.185 119.112 120.003 118.676 117.51 117.922 120.112
113.571 113.518 113.527 113.566 113.489 113.443 113.539 113.624 113.703 113.594 113.449 113.523 113.751 114.32 113.697 112.761 112.12 111.682 111.607 111.624 111.637 111.774 111.606 111.358 111.84 112.377 112.688 112.661 113.028 115.269 114.069 112.687 115.095 119.807 121.849 116.329 113.081 111.605 112.012 112.198 112.212 113.542 111.028 108.789 108.337 108.214 109.81 111.333 108.814 108.726 108.149 108.314 110.156 111.655 110.99 114.983 110.671 108.321 108.191 108.165 108.126 108.097 108.149 108.178 109.102 114.25 114.397 112.132 111.114 112.401 115.733
113.487 113.453 113.439 113.456 113.415 113.466 113.513 113.581 113.591 113.518 113.373 113.493 113.815 115.16 114.837 112.663 111.863 111.618 111.713 111.683 112.083 112.222 111.912 111.823 113.081 115.803 115.559 115.674 116.26 115.863 115.627 115.682 116.893 117.898 118.057 116.836 114.266 111.918 112 111.903 110.271 109.265 108.998 108.565 108.766 111.433 114.484 117.092 113.062 109.787 109.138 109.524 113.351 117.415 116.676 116.446 112.965 109.165 108.339 108.322 108.215 108.051 107.965 108.062 108.255 108.711 108.367 109.073 109.426 109.663 110.076
113.503 113.426 113.403 113.446 113.505 113.485 113.496 113.529 113.501 113.543 113.501 113.4 113.389 113.86 113.299 112.022 112.693 112.959 111.767 112.504 113.021 112.691 112.21 113.046 114.65 116.315 116.624 116.663 116.409 116.304 116.069 116.373 116.764 116.986 116.981 116.192 115.921 112.571 112.014 111.806 109.946 108.714 108.467 108.965 111.022 116.247 118.741 117.576 116.55 -9999 -9999 114.169 116.781 118.6 119.756 117.205 112.531 108.725 108.348 108.304 108.228 108.066 108 108.047 108.045 107.932 107.874 108.087 108.632 108.451 108.357
113.49 113.472 113.441 113.452 113.501 113.504 113.476 113.479 113.408 113.512 113.455 113.367 113.243 112.837 112.346 112.232 113.871 115.597 113.749 113.942 113.261 112.718 113.086 113.154 114.283 115.997 116.378 116.033 115.695 115.374 114.588 114.516 115.803 115.074 114.154 114.338 115.731 112.7 112.024 111.924 110.367 108.529 108.498 109.04 -9999 118.391 120.138 120.746 120.762 119.511 119.648 119.089 120.163 121.031 120.368 117.269 116.298 109.297 108.391 108.232 108.204 108.079 108.074 108.078 108.005 107.845 107.755 107.838 107.983 107.996 107.974
113.451 113.427 113.459 113.487 113.506 113.532 113.495 113.49 113.447 113.469 113.391 113.303 113.081 112.704 112.205 111.916 113.359 115.349 116.389 115.46 113.104 111.891 112.248 112.173 112.621 115.063 115.454 114.119 115.243 112.584 111.99 111.825 112.064 111.906 111.623 111.848 113.116 112.094 112.26 112.191 110.884 109.408 108.763 -9999 117.927 120.002 120.725 120.787 121.14 120.638 121.248 121.696 121.776 121.129 119.936 117.352 114.696 109.671 108.359 108.148 108.142 108.103 108.092 108.135 108.127 107.871 107.752 107.738 107.926 107.959 107.975
113.417 113.433 113.467 113.488 113.526 113.534 113.548 113.542 113.489 113.532 113.409 113.372 113.115 112.598 112.056 111.925 113.164 116.241 116.457 115.666 114.771 112.019 111.46 111.452 111.475 111.747 111.886 111.729 112.178 111.817 111.384 111.367 111.451 111.381 111.374 111.398 111.36 112.958 114.01 112.166 111.144 109.243 108.843 109.909 115.865 118.741 119.563 119.73 119.424 118.69 120.805 121.467 121.474 120.434 119.143 115.609 112.86 108.968 108.167 108.084 108.082 108.076 108.048 108.098 108.102 107.95 107.857 107.776 107.863 107.887 107.905
113.448 113.466 113.499 113.585 113.673 113.652 113.56 113.474 113.532 113.514 113.338 113.237 112.913 112.425 112.03 111.623 112.746 115.578 116.131 114.89 112.648 111.766 111.433 111.424 111.457 111.581 111.576 111.501 111.46 111.671 111.561 111.563 111.437 111.31 111.363 111.431 111.658 114.52 117.084 112.277 111.307 109.928 108.759 110.192 114.104 117.63 118.009 116.345 116.211 115.566 118.84 121.206 121.451 120.463 118.222 113.09 109.853 108.276 108.092 108.069 108.05 108.055 108.036 108.043 107.994 107.958 107.935 107.826 107.828 107.817 107.808
113.442 113.484 113.484 113.566 113.606 113.594 113.548 113.534 113.58 113.577 113.317 113.064 112.75 112.416 111.97 111.67 112.741 115.356 116.109 114.491 113.017 111.464 111.405 111.513 111.596 111.595 111.629 111.652 111.685 111.691 111.691 111.661 111.488 111.25 111.269 111.339 111.406 112.45 113.091 111.714 110.727 111.522 110.05 109.588 111.416 112.359 113.148 112.007 111.679 112.479 117.687 120.638 121.211 120.507 119.122 114.219 108.878 108.062 108.075 108.025 108.023 108.048 108.041 108.023 107.917 107.905 107.856 107.844 107.838 107.665 107.723
113.452 113.396 113.467 113.548 113.508 113.504 113.52 113.553 113.577 113.455 113.206 112.968 112.715 112.362 111.874 111.573 112.46 115.999 116.236 115.306 113.491 111.497 111.422 111.566 111.767 111.61 111.644 111.7 111.765 111.708 112.001 111.903 111.545 111.404 111.263 111.28 111.274 111.392 111.389 111.508 115.27 117.957 110.96 109.394 109.092 108.984 108.823 109.347 109.022 110.254 116.96 121.113 121.552 120.64 118.642 115.258 109.699 108.135 108.064 108.016 108.034 108.052 108.079 108.063 107.943 107.878 107.859 107.836 107.783 107.701 107.733
113.523 113.346 113.46 113.587 113.47 113.416 113.47 113.541 113.551 113.332 113.107 112.835 112.517 112.268 111.877 111.511 111.789 114.965 116.519 116.18 113.116 111.589 111.605 112.262 111.861 111.709 112.604 112.167 111.751 112.409 114.312 112.709 111.768 111.269 111.206 111.298 111.612 114.304 112.598 114.525 117.642 118.179 113.047 109.793 108.172 108.266 108.318 108.234 108.546 109.488 116.546 120.854 121.18 120.756 118.281 111.748 109.563 108.105 108.032 107.991 108.04 108.069 108.094 108.115 107.968 107.905 107.895 107.854 107.742 107.725 107.72
113.464 113.427 113.475 113.499 113.49 113.462 113.431 113.5 113.518 113.272 112.994 112.748 112.464 112.152 111.844 111.559 112.252 115.427 116.786 115.53 113.013 111.625 112.426 115.499 112.295 113.313 117.326 111.969 111.726 112.561 116.491 114.227 111.304 110.93 111.041 111.189 112.269 117.545 113.448 114.973 116.229 113.856 109.855 109.271 108.621 108.678 108.689 108.594 108.461 109.087 115.485 121.246 121.173 120.938 118.129 114.386 109.819 108.049 108.047 108.071 108.068 -9999 107.989 107.945 107.94 107.917 107.913 107.888 107.778 107.743 107.778
113.41 113.422 113.404 113.583 113.567 113.537 113.475 113.455 113.412 113.168 112.858 112.801 112.498 112.197 111.857 111.642 112.531 115.043 116.668 116.574 115.611 113.016 112.806 113.886 112.313 113.236 114.766 112.378 110.941 110.985 111.239 111.002 110.694 110.639 110.811 110.852 111.189 111.628 111.717 113.859 115.422 111.722 109.849 108.865 108.757 110.07 110.516 109.138 108.854 108.907 113.282 120.472 121.247 120.452 117.297 111.521 108.249 107.896 107.937 108.068 108.062 -9999 107.872 107.772 107.708 107.898 107.868 107.83 107.768 107.721 107.601
113.516 113.533 113.444 113.544 113.593 113.542 113.471 113.364 113.188 113.027 112.935 112.682 112.39 112.161 111.798 111.508 112.591 115.706 116.916 116.696 116.272 112.584 111.621 111.235 110.671 110.847 111.047 110.29 110.263 110.399 110.425 110.314 110.347 110.341 110.497 110.613 110.643 110.505 110.925 112.366 113.146 110.429 108.563 108.416 108.815 110.951 111.743 109.072 107.966 109.096 115.416 120.226 121.479 120.473 117.316 112.658 109.397 107.981 107.856 108.004 107.992 107.882 107.78 107.743 107.75 107.743 107.741 107.722 107.623 107.528 107.514
113.512 113.559 113.448 113.525 113.621 113.586 113.492 113.352 113.142 112.952 112.776 112.643 112.356 112.099 111.863 111.699 112.795 115.943 116.623 116.771 115.379 112.83 111.17 110.644 110.273 110.317 110.293 110.346 110.508 110.495 110.443 110.32 110.292 110.246 110.502 110.93 111.341 110.873 110.679 110.526 110.821 109.282 109.155 108.904 108.291 109.26 109.932 108.414 108.053 109.993 117.385 120.621 120.99 120.416 119.016 117.401 112.866 108.366 107.701 107.82 107.862 107.788 107.719 107.738 107.72 107.691 107.61 107.586 107.501 107.396 107.432
113.534 113.465 113.559 113.604 113.696 113.655 113.539 113.413 113.185 112.836 112.542 112.419 112.201 112.015 111.825 111.609 112.049 115.15 116.052 116.247 113.793 111.765 111.11 110.637 110.509 110.406 110.307 110.4 110.526 110.631 110.702 110.56 110.554 110.673 110.594 111.965 113.31 112.564 111.182 110.83 110.739 109.868 110.414 109.959 109.155 108.911 108.925 108.561 108.453 112.273 117.963 120.956 121.089 120.918 119.75 117.78 114.153 109.243 107.724 107.745 107.859 107.774 107.676 107.717 107.723 107.696 107.546 107.514 107.464 107.4 107.395
