dsm/se2638_DSM_2M.asc
ncols 500
nrows 500
xllcorner    426000
yllcorner    438000
cellsize     2
NODATA_value -9999
[rows 32 to 63 of 500, columns 144 to 215 of 500]
159.491 159.526 159.512 159.477 159.475 159.429 159.372 159.346 159.376 159.265 159.173 159.089 158.99 159.003 158.953 158.916 158.914 158.92 158.912 158.859 158.833 158.856 158.868 -9999 -9999 -9999 164.667 164.568 163.722 162.609 160.845 158.965 158.641 158.613 158.533 158.402 158.066 158.026 158.036 157.718 157.18 156.893 156.834 156.809 156.825 156.762 156.792 156.89 156.97 157.021 157.009 156.996 157.051 157.058 157.08 157.092 157.088 157.054 157.068 157.05 157.074 157.05 157.047 157.035 157.032 157.036 157.019 157.006 157.012 157.026 156.997 156.914
159.325 159.374 159.352 159.404 159.398 159.341 159.317 159.436 159.431 159.249 159.171 159.067 158.998 158.961 158.837 158.782 158.769 158.757 158.789 158.82 158.826 158.841 -9999 -9999 -9999 165.784 166.018 166.664 165.339 163.167 159.658 158.353 158.51 158.594 158.542 158.44 158.283 158.345 158.273 158.278 158.211 157.566 157.248 157.571 157.65 157.52 157.056 156.845 156.88 156.929 156.936 156.967 156.961 157.049 157.068 157.031 157.112 157.041 157.022 157.056 156.995 157.004 156.988 156.991 157.02 157.016 156.972 156.935 156.985 157.069 156.864 156.717
158.971 159.082 159.195 159.236 159.195 159.146 159.251 159.372 159.291 159.216 159.146 159.104 159.052 158.986 158.867 158.773 158.682 158.638 158.707 158.762 158.797 -9999 -9999 -9999 -9999 -9999 166.722 167.1 166.778 163.895 159.863 158.269 158.301 158.538 158.522 158.421 158.446 158.68 159.451 160.547 160.307 157.73 158.069 159.66 160.336 159.801 158.335 156.821 156.822 156.768 156.854 156.906 156.983 157.06 157.079 157.05 157.03 156.972 156.936 157.037 157.024 157.003 156.971 156.959 156.991 156.965 156.966 156.899 156.92 156.879 156.731 156.727
158.735 158.837 158.94 158.975 158.974 159.022 159.129 159.146 159.092 159.025 159.111 159.089 159.069 159.025 158.962 158.842 158.721 158.679 158.697 158.735 -9999 -9999 -9999 -9999 -9999 -9999 167.278 168.305 168.838 164.311 159.467 158.336 158.203 158.363 158.415 158.294 158.4 158.815 160.49 163.141 162.932 159.719 159.936 160.028 163.988 164.127 160.433 157.642 156.801 156.854 156.848 156.888 156.957 157.051 157.045 157.043 157.019 157.001 157.016 157.004 157.015 156.995 156.966 156.951 156.941 156.97 156.884 156.885 156.844 156.806 156.745 156.745
158.318 158.526 158.615 158.745 158.867 158.925 158.977 159.025 158.945 158.974 159.029 159.059 159.023 159.015 159.061 158.891 158.777 158.769 158.725 -9999 -9999 -9999 -9999 -9999 -9999 -9999 166.727 167.646 167.559 163.364 159.323 158.44 158.376 158.332 158.305 158.199 158.177 159.031 162.407 166.108 167.017 162.108 160.026 159.273 165.673 167.487 -9999 160.09 157.411 156.822 156.841 156.868 156.874 156.959 156.947 156.993 157.059 157.014 156.945 156.931 157.015 156.921 156.927 156.924 156.898 156.92 156.869 156.78 156.819 156.817 156.807 156.832
158.274 158.31 158.301 158.417 158.606 158.728 158.706 158.833 158.83 158.934 158.931 158.944 158.93 158.926 158.925 158.753 158.724 158.85 158.787 158.669 158.582 158.535 -9999 -9999 -9999 -9999 165.762 167.193 165.682 161.643 158.662 158.327 158.364 158.322 158.296 158.216 158.102 158.186 159.83 160.51 163.205 160.021 159.717 166.291 165.572 167.948 167.303 -9999 161.217 -9999 156.85 156.878 156.876 156.805 156.805 156.916 156.964 156.857 156.75 156.831 156.97 156.851 156.837 156.96 156.93 156.877 156.787 156.723 156.827 156.875 156.903 156.914
158.273 158.294 158.271 158.306 158.248 158.355 158.486 158.529 158.552 158.705 158.78 158.779 158.781 158.771 158.758 158.502 158.436 158.578 158.712 158.602 158.501 158.427 158.478 -9999 -9999 -9999 162.828 162.884 162.473 160.868 158.703 158.276 158.322 158.311 158.242 158.174 158.062 158.062 158.661 159.706 158.869 158.141 158.903 162.738 166.048 170.073 169.362 167.6 166.569 164.2 -9999 157.136 156.76 156.699 156.722 156.783 156.774 156.711 156.64 156.697 156.767 156.677 156.705 156.88 156.924 156.868 156.771 156.776 156.822 156.93 156.958 156.881
158.412 -9999 -9999 158.288 158.24 158.261 158.303 158.333 158.439 158.563 158.57 158.593 158.622 158.541 158.269 158.068 158.175 158.234 158.494 158.528 158.435 158.394 158.531 158.511 -9999 160.188 160.133 158.735 159.468 159.732 159.109 -9999 158.286 158.248 158.17 158.097 158.09 158.076 158.021 157.754 157.566 158.103 160.805 162.561 161.311 167.404 168.093 166.309 167.273 166.019 161.52 157.71 156.838 156.759 156.725 156.735 156.738 156.673 156.661 156.696 156.737 156.743 156.707 156.792 156.872 156.872 156.802 156.796 156.837 156.816 156.862 156.784
158.496 158.438 158.39 -9999 158.173 158.146 158.051 158.089 158.268 158.291 158.357 158.484 158.474 158.178 158.003 158.022 157.992 158.061 158.159 158.388 158.424 158.581 158.724 158.686 159.225 159.112 159.28 158.645 158.798 -9999 -9999 -9999 -9999 158.167 158.074 157.98 157.997 157.936 157.895 157.71 157.538 159.538 163.6 163.904 165.934 162.727 162.497 163.006 167.009 165.983 160.896 157.112 156.827 156.804 156.763 156.745 156.744 156.683 156.671 156.699 156.738 156.74 156.694 156.729 156.791 156.839 156.85 156.791 156.873 156.779 156.71 156.614
158.412 158.554 158.267 157.999 157.893 157.922 157.797 157.728 157.875 157.95 158.268 158.315 158.083 157.959 157.947 157.893 157.748 157.72 157.837 158.026 158.275 158.287 158.522 158.977 159.215 158.598 159.181 158.902 158.313 158.146 -9999 -9999 -9999 -9999 157.995 157.92 157.856 157.712 157.65 157.661 157.607 158.903 160.962 164.019 161.906 158.153 158.043 160.347 161.89 160.624 159.253 157.029 156.847 156.824 156.785 156.716 156.701 156.62 156.67 156.717 156.755 156.737 156.668 156.632 156.753 156.851 156.909 156.827 156.809 156.69 156.608 156.56
157.951 158.227 158.055 157.896 157.773 157.744 157.766 157.812 157.844 157.736 157.966 158.153 158.019 157.795 157.673 157.638 157.575 157.55 157.663 157.811 158.021 157.946 158.309 159.581 161.001 160.43 159.524 158.739 158.112 158.1 158.108 -9999 -9999 -9999 -9999 157.841 157.735 157.578 157.606 157.636 157.587 158.24 159.578 159.315 157.551 157.418 157.482 157.676 157.907 157.385 157.289 156.942 156.912 156.831 156.8 156.777 156.731 156.594 156.691 156.743 156.789 156.776 156.737 156.631 156.694 156.756 156.848 156.81 156.704 156.636 156.518 156.358
158.002 158.063 158.021 157.829 157.751 157.727 -9999 -9999 157.829 157.897 158.049 158.244 157.928 157.695 157.309 157.459 157.485 157.482 157.46 157.472 157.671 157.911 158.271 159.049 162.102 161.763 159.145 158.465 158.086 158.1 158.085 158.05 -9999 -9999 -9999 -9999 157.68 157.619 157.597 157.622 157.656 157.694 157.826 157.49 157.325 157.974 158.046 157.251 156.977 156.911 157.024 157.014 156.824 156.797 156.84 156.87 156.804 156.717 156.718 156.782 156.85 156.811 156.715 156.576 156.632 156.803 156.841 156.768 156.666 156.464 156.303 155.927
158.685 159.1 158.311 157.907 157.742 157.671 157.68 157.623 157.59 -9999 157.997 157.978 157.777 157.494 157.339 157.421 157.341 157.301 157.327 157.373 157.52 157.68 157.915 158.181 159.588 158.77 158.463 158.403 158.293 158.225 157.999 158.029 158.115 158.008 -9999 -9999 -9999 -9999 157.562 157.524 157.517 157.399 157.461 157.62 158.324 160.182 159.23 157.451 157.058 156.946 157.035 157.076 156.871 156.776 156.81 156.911 156.873 156.805 156.794 156.832 156.841 156.808 156.713 156.538 156.609 156.76 156.857 156.786 156.527 156.217 155.825 155.618
160.957 162.126 160.603 158.474 157.866 157.629 157.707 157.575 157.516 157.574 -9999 157.664 157.581 157.244 157.232 157.21 157.064 157.189 157.224 157.276 157.393 157.472 157.526 157.765 157.957 158.056 158.069 158.076 158.21 158.337 158.176 158.101 158.02 158.021 157.858 157.689 157.567 -9999 157.521 157.509 157.458 157.352 157.406 157.848 158.831 161.315 159.364 158.484 158.056 157.145 157.163 156.999 156.875 156.816 156.746 156.785 156.814 156.812 156.809 156.809 156.796 156.789 156.77 156.676 156.707 156.793 156.788 156.68 156.226 155.753 155.671 155.594
163.183 163.497 162.787 159.928 158.048 157.729 157.572 157.511 157.518 157.509 157.543 -9999 157.778 157.42 157.294 157.065 156.868 156.978 157.111 157.188 157.296 157.324 157.412 157.528 157.691 157.826 157.875 157.885 157.954 158.435 158.496 158.446 158.21 158.093 157.809 157.567 157.516 -9999 -9999 -9999 157.404 157.346 157.317 157.576 158.515 159.609 159.078 159.379 161.534 160.156 157.847 156.868 156.831 156.922 156.83 156.768 156.757 156.804 156.815 156.769 156.739 156.774 156.792 156.845 156.919 156.741 156.663 156.364 155.902 155.735 155.68 155.608
163.47 164.165 164.762 162.928 159.73 158.515 157.742 157.565 157.542 157.444 157.514 158.076 158.316 158.101 -9999 157.077 156.954 156.937 156.97 157.116 157.158 157.197 157.226 157.346 157.477 157.632 157.708 157.786 157.895 158.29 158.611 158.69 158.384 158.091 157.754 157.526 157.514 157.579 157.524 -9999 -9999 157.314 157.215 157.101 157.499 157.781 158.158 158.375 163.995 162.448 157.983 156.821 156.863 156.897 156.927 156.815 156.764 156.817 156.898 156.806 156.694 156.796 156.888 156.923 156.838 156.64 156.236 155.942 155.786 155.716 155.635 155.586
161.299 163.226 164.033 164.515 162.828 161.952 159.88 158.035 157.831 157.389 157.513 158.417 159.048 158.578 -9999 -9999 156.977 156.899 156.869 157.005 157.038 157.032 157.103 157.16 157.311 157.413 157.612 157.652 157.747 158.095 158.48 158.552 158.431 158.288 157.93 157.771 157.638 157.59 157.521 157.463 -9999 -9999 157.174 157.129 157.095 157.173 157.432 157.987 160.521 159.03 157.023 156.77 156.821 156.865 156.925 156.798 156.764 156.831 156.954 156.968 156.878 156.884 156.91 156.861 156.561 156.121 155.906 155.846 155.711 155.552 155.523 155.528
158.238 159.7 162.059 162.597 162.917 163.016 161.269 158.538 158.025 157.132 157.501 158.37 159.186 158.443 157.887 157.671 -9999 156.948 156.93 156.977 156.957 156.934 157.023 157.025 157.082 157.295 157.366 157.435 157.578 157.712 158.069 158.261 158.275 158.208 158.06 157.879 157.7 157.587 157.5 157.427 157.391 -9999 -9999 157.112 157.014 157.031 157.291 158.076 158.174 158.154 157.221 156.745 156.76 156.873 156.994 156.808 156.768 156.845 156.955 157.013 156.947 156.933 156.846 156.622 156.155 155.904 155.773 155.741 155.61 155.472 155.456 155.452
158.154 158.15 158.627 158.794 162.201 162.314 160.016 157.743 157.605 157.357 157.478 157.457 158.001 157.77 157.438 157.389 -9999 -9999 -9999 -9999 156.936 156.939 156.956 156.928 156.905 157.024 157.162 157.252 157.403 157.458 157.567 157.723 157.975 158.079 158.052 157.934 157.813 157.588 157.404 157.342 157.355 157.352 -9999 -9999 157.055 157.055 157.605 158.179 160.124 160.379 158.435 156.957 156.72 156.791 156.815 156.746 156.713 156.833 156.969 157.107 157.024 156.91 156.486 156.18 156.062 155.844 155.791 155.66 155.576 155.484 155.405 155.371
157.656 157.413 157.38 158.288 159.685 160.194 159.013 158.229 158.824 158.972 158.202 157.512 157.32 157.151 157.22 157.194 157.054 -9999 -9999 -9999 -9999 156.866 156.895 156.905 156.802 156.787 156.886 157.067 157.258 157.344 157.356 157.353 157.622 157.839 158.011 157.88 157.694 157.43 157.381 157.355 157.337 157.327 157.289 -9999 -9999 157.648 157.4 157.39 159.803 160.003 159.504 157.366 156.885 156.827 156.769 156.681 156.756 156.858 156.932 157.021 157.002 156.59 156.17 155.939 155.888 155.792 155.714 155.676 155.586 155.448 155.283 155.318
157.384 157.226 157.221 157.342 157.873 158.251 158.474 158.681 160.079 160.354 -9999 157.775 157.108 157.084 157.071 157.01 -9999 -9999 156.66 156.655 156.665 -9999 156.779 156.728 156.513 156.42 156.72 156.881 157.16 157.359 157.353 157.393 157.543 157.628 157.752 157.601 157.367 157.292 157.32 157.344 157.338 157.316 157.279 -9999 -9999 157.273 157.558 157.767 158.482 158.027 160.083 157.981 157.141 156.951 156.936 156.881 156.936 156.913 157.039 157.034 156.689 156.34 156.174 155.961 155.811 155.648 155.638 155.71 155.545 155.339 155.297 155.326
157.238 157.281 157.184 157.244 157.233 157.15 157.863 158.243 161.081 161.561 161.326 160.157 157.638 157.053 156.841 156.675 156.734 -9999 156.699 156.599 156.655 -9999 -9999 156.595 156.472 156.428 156.57 156.718 156.921 157.201 157.25 157.401 157.497 157.561 157.497 157.4 157.169 157.202 157.228 157.271 157.329 157.282 157.235 157.169 157.096 -9999 -9999 158.145 157.57 157.351 158.339 157.739 157.191 157.047 157.045 157.17 157.179 157.158 158.623 160.099 158.031 156.461 156.408 156.586 156.013 155.888 155.515 155.524 155.425 155.29 155.265 155.242
157.477 157.767 157.276 157.282 157.399 157.098 157.139 159.142 160.096 161.289 162.705 161.674 158.732 156.983 156.662 156.485 156.612 -9999 157.051 156.647 156.725 -9999 -9999 -9999 156.494 156.412 156.43 156.645 156.709 156.816 156.84 157.082 157.357 157.413 157.395 157.354 157.233 157.243 157.167 157.16 157.209 157.213 157.182 157.138 157.032 156.922 -9999 -9999 157.704 157.611 157.217 157.181 157.202 157.206 157.358 157.433 158.16 159.271 161.898 164.642 159.868 157.073 157.52 157.816 158.362 157.052 155.645 155.485 155.417 155.356 155.238 155.201
157.745 158.514 158.581 158.897 158.819 156.955 157.085 157.436 158.066 159.989 162.572 161.951 159.442 157.535 157.28 157.19 -9999 -9999 158.12 158.027 157.959 -9999 -9999 -9999 156.472 156.429 156.454 156.586 156.582 156.537 156.617 156.852 157.26 157.343 157.377 157.336 157.293 157.342 157.11 157.033 157.028 157.107 157.119 157.064 156.881 156.856 -9999 -9999 -9999 157.333 157.212 157.28 157.167 157.213 157.728 158.379 160.206 162.229 161.405 161.218 159.312 156.648 157.942 161.344 160.284 158.081 157.691 156.996 155.644 155.258 155.188 155.177
156.775 158.35 160.033 162.619 160.836 158.121 157.086 156.942 156.763 159.182 160.492 162.15 158.705 157.934 158.358 -9999 -9999 -9999 161.367 -9999 -9999 -9999 -9999 -9999 -9999 -9999 -9999 -9999 156.485 156.406 156.558 156.836 157.135 157.19 157.252 157.251 157.278 157.24 157.079 156.871 156.887 156.981 157.055 157.006 156.787 156.804 -9999 -9999 -9999 -9999 157.074 157.08 157.081 156.983 157.631 159.936 164.485 165.88 162.216 159.247 156.858 156.575 157.79 158.409 158.056 157.187 159.106 160.364 157.335 155.195 155.072 155.188
156.877 158.85 161.297 159.412 160.285 158.917 157.387 156.839 156.995 158.327 159.247 158.487 158.781 159.505 160.963 -9999 -9999 162.903 162.706 162.622 -9999 -9999 -9999 -9999 -9999 -9999 -9999 -9999 156.429 156.536 156.615 156.639 156.833 156.841 157.006 157.157 157.214 157.152 156.994 156.908 156.87 156.908 156.989 157.013 156.874 156.871 -9999 -9999 -9999 156.814 156.806 156.778 156.864 156.827 156.783 157.786 164.071 166.372 161.732 158.319 157.718 156.73 156.228 156.544 156.328 163.191 162.682 163.346 158.822 155.677 155.918 155.64
156.505 157.125 158.103 158.873 159.039 157.942 156.592 157.04 157.295 -9999 159.284 159.051 160.72 162.025 163.204 163.751 163.629 163.136 163.277 163.214 163.342 -9999 -9999 -9999 -9999 -9999 -9999 156.306 -9999 -9999 156.56 156.589 156.561 156.573 156.872 157.031 157.089 157.015 156.964 156.928 156.886 156.894 156.932 156.972 156.894 156.872 -9999 -9999 -9999 156.711 156.597 156.544 156.616 156.542 156.661 157.248 157.911 159.842 158.933 160.573 160.556 158.004 156.101 156.049 156.654 159.314 159.084 163.817 158.6 157.25 156.598 156.889
156.044 156.447 156.949 157.731 158.665 158.387 157.448 157.82 -9999 -9999 -9999 161.184 162.538 162.942 163.475 163.679 163.578 163.215 163.043 163.193 163.767 164.067 164.198 163.734 162.283 -9999 157.971 156.954 156.22 -9999 -9999 156.538 156.444 156.585 156.75 156.872 156.91 156.932 156.92 156.886 156.846 156.84 156.838 156.87 156.85 -9999 -9999 -9999 -9999 156.532 156.525 156.524 156.556 156.528 156.598 156.582 156.656 156.976 157.569 162.251 162.115 157.853 155.917 155.818 155.894 156.469 162.463 158.586 160.37 159.069 161.784 157.067
155.958 156.005 156.051 156.612 157.089 158.813 158.545 158.504 -9999 -9999 -9999 161.301 162.138 162.016 162.095 163.453 163.232 162.303 162.468 163.236 164.079 164.201 164.25 163.958 162.872 160.343 157.736 156.378 156.231 156.211 -9999 156.421 156.506 156.585 156.611 156.723 156.805 156.871 156.836 156.851 156.744 156.663 156.618 156.626 156.653 -9999 -9999 -9999 -9999 -9999 -9999 -9999 -9999 156.447 156.535 156.605 156.665 156.646 157.881 161.318 162.044 158.637 156.491 155.929 155.683 156.075 157.468 159.324 161.576 157.581 157.167 156.198
155.806 155.821 155.604 155.982 156.827 158.11 158.859 158.568 158.374 158.252 -9999 -9999 159.613 158.645 158.428 161.28 160.933 158.748 161.289 163 163.742 164.268 164.538 164.096 163.344 160.496 156.899 156.478 156.47 156.148 156.167 156.268 -9999 156.507 156.481 156.664 156.737 156.743 156.747 156.737 156.658 156.493 156.38 156.508 156.504 -9999 -9999 156.344 156.378 156.363 156.299 156.148 156.135 156.137 -9999 156.547 156.507 156.426 156.892 158.949 161.915 159.017 157.622 156.431 156.636 155.42 155.733 156.337 157.398 157.421 156.252 155.215
155.418 155.641 155.484 155.622 156.125 156.497 157.497 158.069 158.575 158.188 158.204 157.735 157.635 157.299 157.382 158.781 158.258 158.285 159.784 161.86 163.133 164.074 164.672 164.534 163.982 161.913 157.595 156.808 156.398 156.082 156.043 156.189 -9999 156.443 156.405 156.496 156.586 156.639 156.628 156.601 156.528 156.439 156.382 156.391 156.37 156.355 156.35 156.344 156.353 156.394 156.317 156.122 156.042 156.017 156.051 156.219 156.309 156.24 156.671 156.785 158.304 157.553 160.217 162.933 158.251 155.692 155.263 155.51 156.417 157.035 156.595 155.746
154.999 155.184 155.424 155.575 155.785 155.99 156.205 156.669 158.252 158.237 158.103 157.577 156.995 156.742 156.65 156.557 156.412 157.353 159.492 160.692 160.603 162.692 163.439 163.853 163.564 160.843 157.795 156.556 156.22 156.122 156.071 156.15 -9999 156.389 156.449 156.473 156.44 156.532 156.536 156.348 156.407 156.4 156.382 156.353 156.325 156.337 156.337 156.328 156.351 156.42 156.318 156.116 156.02 155.871 155.984 -9999 156.19 156.162 156.091 156.288 157.173 162.174 158.722 160.587 156.922 155.371 155.248 155.772 156.923 157.448 157.243 156.101
