dsm/se2631_DSM_2M.asc
ncols 500
nrows 500
xllcorner    426000
yllcorner    431000
cellsize     2
NODATA_value -9999
[rows 320 to 351 of 500, columns 216 to 287 of 500]
64.129 64.1 64.239 64.218 64.19 64.133 63.964 63.955 63.921 63.796 63.63 63.596 63.567 63.483 63.4 63.328 63.19 63.122 63.115 62.979 63.068 63.169 63.283 63.448 68.521 69.336 69.296 69.032 67.606 69.901 70.332 68.771 67.503 65.102 66.004 62.852 62.027 62.532 62.117 61.611 61.596 61.742 61.892 61.447 61.379 61.357 61.44 62.348 61.832 61.236 61.222 61.203 61.195 61.253 61.204 61.263 61.234 61.226 61.259 61.213 61.245 61.211 61.231 61.235 61.234 61.228 61.235 62.13 62.177 62.371 61.707 61.697
64.144 64.086 64.059 64.136 64.249 64.136 64.061 64.011 64.003 63.903 63.802 63.558 63.559 63.447 63.378 63.308 63.188 64.26 65.456 63.536 63.228 63.347 63.421 63.413 66.152 69.301 69.101 68.165 68.297 65.76 69.443 67.982 69.225 63.447 66.006 64.638 62.066 61.784 61.822 61.477 61.461 61.58 61.662 61.574 61.375 61.469 61.402 63.732 65.008 63.348 61.274 61.211 61.201 61.22 61.215 61.259 61.229 61.245 61.244 61.209 61.234 61.255 61.237 61.213 61.232 61.261 61.212 61.192 61.342 61.639 61.757 61.715
64.108 64.151 64.106 64.121 64.13 64.116 64.091 64.095 64.036 63.951 63.817 63.652 63.541 63.439 63.401 63.326 65.27 66.516 66.488 65.579 63.457 64.015 64.065 63.406 63.349 67.813 65.268 69.17 68.086 68.801 67.528 65.211 69.083 64.922 64.861 65.459 65.629 64.849 67.452 65.637 61.705 61.539 61.568 61.542 61.474 61.457 61.43 62.219 64.756 65.081 62.557 61.209 61.247 61.245 61.239 61.226 61.201 61.238 61.242 61.225 61.268 61.206 61.224 61.219 61.239 61.225 61.235 61.244 61.224 61.296 61.49 62.538
64.073 64.061 64.092 64.069 64.051 64.054 64.148 64.121 64.09 63.96 63.766 63.633 63.542 63.508 63.367 63.308 65.381 66.665 66.784 66.199 65.741 66.011 64.714 64.2 63.37 64.977 67.304 68.261 66.091 68.899 69.957 67.758 68.695 65.892 65.732 66.748 66.358 66.094 67.443 67.228 65.577 62.069 61.396 61.451 61.398 61.46 61.436 61.422 61.849 64.4 63.26 62.735 61.297 61.216 61.248 61.241 61.234 61.257 61.239 61.246 61.234 61.22 61.238 61.229 61.264 61.244 61.223 61.259 61.256 61.22 61.291 61.382
64.073 64.07 64.053 64.061 64.054 64.056 64.044 64.058 64.008 63.906 63.719 63.658 63.571 63.459 63.465 65.561 66.253 67.176 68.7 69.051 66.85 67.143 64.314 66.11 67.012 68.816 68.884 70.155 70.538 71.486 70.749 67.085 67.949 67.934 66.965 66.805 66.148 67.657 67.953 63.78 63.401 64.141 62.047 61.464 61.402 61.374 61.457 61.45 61.464 61.379 63.217 63.641 61.66 61.216 61.239 61.243 61.226 61.248 61.231 61.238 61.244 61.27 61.239 61.238 61.249 61.259 61.251 61.253 61.212 61.235 61.222 61.232
64.123 64.063 64.027 64.04 64.039 64.057 64.019 63.997 64.031 63.865 63.77 63.603 63.499 63.607 65.37 67 68.222 68.42 69.584 70.435 68.172 67.007 63.995 66.469 65.981 67.464 68.641 70.57 71.604 72.049 70.307 67.68 68.578 68.8 69.401 68.153 64.774 65.224 67.533 68.26 66.591 64.901 61.416 61.408 61.472 61.371 61.457 61.386 61.395 61.39 61.761 61.316 61.292 61.297 61.231 61.194 61.243 61.25 61.235 61.259 61.236 61.237 61.231 61.238 61.24 61.215 61.251 61.23 61.251 61.235 61.247 61.21
64.098 64.118 64.057 64.015 64.008 64.031 64.009 63.992 63.941 63.849 63.763 63.626 63.584 63.657 65.909 68.635 66.345 68.884 68.622 68.198 66.009 67.189 68.327 68.704 65.416 65.345 69.087 72.028 71.675 69.879 68.228 67.543 70.271 70.035 70.654 67.956 66.451 67.144 67.769 66.706 66.503 65.619 64.849 61.403 61.611 61.373 61.385 61.363 61.438 61.405 61.342 61.322 61.302 61.541 61.369 61.233 61.268 61.233 61.23 61.236 61.202 61.245 61.234 61.257 61.254 61.229 61.248 61.219 61.265 61.223 61.23 61.253
64.086 64.083 64.059 64.087 63.994 63.985 63.981 64 63.921 63.878 63.743 63.676 63.694 65.679 67.337 69.452 69.491 67.284 65.609 65.567 66.851 68.743 68.463 69.849 72.521 71.243 68.163 67.366 68.426 70.35 71.442 70.261 70.255 70.635 70.276 70.551 69.294 69.36 69.195 67.22 68.21 64.645 66.442 63.535 62.057 61.572 61.43 61.347 61.398 61.389 61.348 61.335 61.29 61.324 61.354 61.379 61.259 61.24 61.245 61.208 61.225 61.244 61.227 61.249 61.261 61.204 61.239 61.259 61.234 61.248 61.263 61.24
64.087 64.091 64.057 64.059 64.035 64.011 63.985 63.971 63.931 63.852 63.803 63.686 66.486 64.647 66.502 69.436 69.063 65.943 65.649 65.635 65.899 68.4 69.833 72.188 72.632 71.446 69.347 72.189 71.234 72.506 70.985 69.557 68.857 70.191 71.24 71.196 71.839 71.535 71.59 71.102 69.978 70.285 68.522 65.7 64.628 61.74 61.675 61.25 61.368 61.426 61.412 61.389 61.325 61.291 61.487 62.553 61.594 61.26 61.251 61.211 61.256 61.228 61.238 61.245 61.226 61.26 61.24 61.223 61.25 61.229 61.25 61.211
64.037 64.102 64.015 64.028 64.056 64.005 63.98 63.969 63.907 63.831 63.825 63.686 63.68 66.139 68.812 70.32 68.378 68.295 66.063 65.978 66.209 66.101 66.998 68.89 70.89 69.87 70.72 71.242 72.316 72.411 71.623 67.405 67.304 70.555 71.084 71.644 72.155 72.604 72.538 71.765 67.702 70.063 71.884 69.32 66.848 64.557 62.024 61.472 61.428 61.464 61.468 61.408 61.341 61.293 61.603 61.436 62.6 62.493 61.274 61.249 61.265 61.28 61.237 61.254 61.23 61.245 61.245 61.258 61.215 61.243 61.231 61.221
64.061 64.027 64.023 64.023 64.051 64.014 64.012 64.003 63.938 63.914 63.816 63.375 63.905 65.602 68.106 69.24 68.998 68.894 68.995 68.637 68.737 67.578 67.947 69.457 69.744 68.761 69.758 68.926 71.343 70.374 67.883 66.455 67.924 66.933 70.751 70.393 72.243 72.904 73.355 72.762 68.042 70.561 72.025 70.076 66.087 65.72 63.761 61.884 61.589 61.586 61.288 61.347 61.334 61.629 61.304 61.302 61.667 61.452 61.255 61.233 61.244 61.211 61.253 61.266 61.236 61.198 61.235 61.256 61.231 61.246 61.248 61.214
64.062 64.05 64.057 64.045 64.025 63.983 64.014 64.009 63.964 63.862 64.931 65.931 66.411 66.124 69.132 69.67 67.791 68.701 71.678 71.302 69.207 70.293 70.716 71.454 70.459 67.588 71.171 67.404 68.201 66.831 66.169 66.454 66.281 67.041 69.84 71.658 71.753 72.394 73.207 72.477 69.805 68.974 71.708 69.651 68.079 68.674 68.551 68.49 65.639 61.591 60.899 61.309 61.456 61.518 61.299 61.324 62.122 63.65 61.808 61.249 61.265 61.823 61.272 61.237 61.237 61.221 61.236 61.241 61.211 61.252 61.238 61.237
64.048 64.07 64.071 64.077 64.028 63.997 64.006 63.989 63.989 63.576 64.916 65.36 66.325 68.19 68.539 67.156 66.948 70.061 70.149 70.141 68.385 71.525 73.251 71.638 70.381 71.63 72.955 73.563 73.276 69.306 68.278 68.459 66.132 66.406 67.045 70.11 70.672 71.452 71.258 71.42 68.226 66.601 66.177 67.075 67.934 69.555 69.499 68.638 66.201 66.639 65.099 61.731 61.984 61.399 61.599 61.432 62.997 65.239 64.579 61.457 61.265 61.343 61.324 61.23 61.236 61.22 61.246 61.223 61.235 61.254 61.26 61.291
64.05 64.075 64.077 64.054 64.053 64.023 63.999 64.024 63.592 64.146 64.715 67.89 69.239 68.636 69.132 67.514 67.011 67 69.761 69.869 68.676 71.571 71.878 74.715 72.071 73.188 73.263 73.858 74.158 70.581 68.153 66.971 68.359 68.633 66.533 66.937 68.857 71.78 72.006 72.813 71.498 71.89 71.155 67.376 69.909 69.51 69.39 66.056 68.855 69.005 65.362 65.739 63.04 61.371 61.343 61.384 61.589 64.972 64.662 61.674 61.2 61.23 61.241 61.293 61.259 61.223 61.229 61.226 61.238 61.241 61.259 61.259
64.143 64.076 64.07 64.043 64.037 64.025 64.114 66.982 67.307 65.939 65.463 66.261 68.367 67.795 68.525 68.855 67.511 69.518 71.413 70.962 68.839 69.596 70.502 71.701 73.694 74.288 74.346 74.708 74.862 73.378 68.645 67.172 68.312 67.917 66.845 66.39 67.018 72.096 73.581 69.503 70.669 73.86 72.048 72.099 70.906 70.077 70.426 69.351 68.438 69.552 68.503 65.339 65.242 61.583 61.32 61.223 61.331 61.548 62.354 62.123 61.286 61.294 61.214 61.266 61.269 61.247 61.239 61.226 61.227 61.218 61.246 61.23
64.02 64.025 64.017 64.034 64.012 64.021 64.565 68.894 68.217 66.326 66.987 66.265 67.185 68.232 69.393 70.472 69.282 70.405 71.841 70.941 69.14 68.536 70.246 72.065 73.939 74.421 73.398 72.898 74.767 73.262 70.427 67.206 67.487 68.038 67.215 67.033 69.822 72.017 73.728 73.079 71.939 72.46 72.349 73.006 70.439 70.7 71.424 68.923 66.734 68.05 68.057 66.9 66.182 62.876 63.195 61.354 62.139 61.381 61.794 63.108 62.64 61.543 61.364 61.362 61.276 61.289 61.255 61.247 61.256 61.263 61.228 61.237
63.997 64.048 64.224 64.062 65.879 65.945 65.277 65.287 66.648 66.511 66.464 67.273 69.023 68.411 69.875 70.175 70.297 71.671 73.478 75.725 73.588 72.759 73.54 70.524 72.542 73.636 69.851 74.354 75.382 74.999 73.179 68.894 67.544 67.538 68.068 68.145 68.992 71.422 73.331 73.173 69.26 69.041 72.395 73.113 72.048 71.708 69.318 69.212 69.596 67.663 65.211 69.452 65.904 65.732 63.809 61.864 61.429 61.239 61.298 61.8 61.586 61.38 61.418 61.308 61.333 61.346 61.228 61.27 61.249 61.234 61.21 61.227
65.721 65.654 64.51 68.151 69.429 68.193 67.771 67.959 66.78 68.197 68.653 68.016 68.951 68.552 68.911 69.203 68.855 70.62 74.489 76.782 76.553 71.224 74.064 74.001 74.49 74.223 74.571 68.29 75.5 75.911 75.268 74.794 68.147 68.801 70.954 71.666 71.086 68.839 71.434 70.851 71.434 71.838 74.041 73.472 71.96 72.141 70.676 70.587 71.925 69.542 69.534 70.018 68.376 67.03 63.979 61.785 61.686 61.63 61.2 61.281 61.293 61.327 61.38 61.293 61.283 61.307 61.302 61.401 61.248 61.223 61.255 61.219
70.382 66.825 71.256 65.655 69.574 66.553 69.237 69.235 68.167 70.092 71.07 71.185 70.433 69.775 69.249 68.824 68.498 68.904 70.866 73.772 70.741 74.688 74.017 74.176 74.611 75.168 74.42 75.198 75.617 74.745 76.677 76.216 69.567 70.865 72.942 72.903 70.884 72.879 71.971 70.605 71.798 72.017 73.031 69.46 72.5 72.472 66.556 70.964 73.029 70.153 67.762 67.65 66.12 65.622 64.493 63.302 63.569 62.437 61.16 61.03 61.141 61.281 61.392 61.358 61.287 61.423 61.28 61.331 61.27 61.371 61.286 61.231
70.237 73.719 67.416 70.709 65.375 70.297 69.433 68.621 68.636 71.658 71.08 71.276 72.68 70.391 71.923 70.453 68.944 68.534 70.494 72.268 72.652 72.565 72.962 74.618 73.556 75.427 76.235 75.351 75.272 76.634 76.535 76.374 74.491 73.507 74.425 70.574 70.284 74.469 73.836 71.84 69.055 70.53 70.593 70.267 71.846 68.052 66.125 70.587 71.373 66.699 68.007 65.865 65.079 64.091 65.857 63.427 62.214 62.236 61.761 62.157 61.108 61.106 61.115 61.239 61.267 61.261 61.309 61.251 61.45 61.615 61.736 61.242
74.148 74.685 70.161 70.071 65.442 69.369 67.821 67.977 71.374 74.277 73.97 73.098 73.385 71.05 72.528 73.691 69.887 69.636 70.846 71.936 69.409 73.171 75.464 76.542 74.698 76.746 75.462 72.426 74.434 76.241 74.891 73.186 70.569 73.833 74.823 74.42 75.025 76.305 76.437 76.606 73.621 73.143 71.3 68.304 68.236 67.339 71.578 70.418 67.949 67.854 68.953 68.344 66.072 66.183 65.415 66.393 66.379 62.458 61.988 61.5 61.362 61.025 61.123 61.103 61.236 61.244 61.274 61.272 61.236 61.425 61.572 61.287
74.084 72.984 70.687 69.445 70.761 67.519 67.76 68.541 72.2 74.521 71.147 71.195 74.198 74.673 72.758 74.157 71.054 70.155 69.961 71.989 73.012 75.494 76.526 77.84 76.733 76.761 75.805 75.631 75.119 74.185 70.183 72.458 71.155 74.734 74.199 73.389 76.675 78.423 76.796 78.681 77.929 72.196 77.133 73.546 69.363 66.572 70.895 68.307 70.909 67.189 67.744 67.048 66.531 66.331 67.315 68.155 70.744 68.172 64.579 62.52 61.529 61.229 60.869 61.111 61.218 61.257 61.294 61.331 61.225 61.257 61.309 61.454
74.6 73.901 67.845 71.398 72.081 68.022 68.905 70.121 70.326 74.135 76.518 75.87 75.069 75.276 74.206 74.098 71.34 71.133 72.43 73.163 76.091 76.871 77.968 74.523 74.564 77.07 77.103 75.707 72.028 69.249 71.008 72.329 72.667 72.836 72.69 73.546 77.561 78.042 73.195 78.563 78.961 79.343 78.576 75.361 70.558 73.06 72.608 73.123 72.916 70.425 69.678 67.231 68.665 70.857 70.606 70.678 71.088 70.37 67.929 64.342 62.008 62.827 61.365 60.907 61.207 61.246 61.254 61.314 61.323 61.263 61.278 61.287
75.348 74.888 72.468 71.457 72.696 71.432 69.86 70.439 71.347 73.173 76.517 75.564 74.707 73.391 74.191 75.221 74.56 71.242 72.894 74.636 75.974 73.768 77.378 78.372 77.571 78.645 77.408 77.265 75.016 69.428 69.871 73.985 74.358 72.447 71.818 74.175 77.929 76.073 77.971 78.35 76.893 79.435 78.765 70.255 70.971 69.506 67.052 68.245 67.439 70.532 71.515 68.958 68.271 72.877 69.839 71.018 70.913 70.373 67.906 64.133 64.376 63.174 61.649 61.315 61.191 61.469 61.117 61.174 61.313 61.235 61.263 61.273
74.399 73.992 70.875 69.574 72.08 72.966 71.286 71.973 72.86 74.853 76.451 74.96 72.759 70.949 71.725 74.594 74.308 74.796 72.227 74.817 76.64 73.491 72.904 78.707 77.254 79.065 73.868 77.381 73.8 74.182 73.389 75.343 75.96 72.148 69.293 72.115 75.092 77.407 77.328 69.121 77.149 78.124 77.284 71.586 69.473 67.748 72.987 67.924 70.071 70.509 71.686 72.725 71.969 67.695 70.194 69.611 69.214 68.349 66.606 65.777 63.768 64.182 62.822 64.519 61.614 61.22 60.834 61.094 61.185 61.203 61.298 61.306
72.675 72.632 71.278 71.224 71.475 71.386 71.757 72.899 76.085 77.41 75.331 74.56 72.958 71.963 71.647 72.606 74.293 77.019 75.793 76.016 75.269 77.087 74.239 73.597 77.533 72.128 75.578 76.187 74.393 77.54 74.383 77.365 76.919 74.4 69.208 70.864 73.239 76.37 71.015 73.195 76.117 76.488 74.812 73.174 70.284 70.957 71.697 72.376 73.529 70.762 69.682 74.126 70.501 70.353 71.978 68.559 70.752 69.591 68.609 68.528 64.715 64.363 67.393 67.301 65.568 65.183 63.861 60.834 60.751 61.05 61.2 61.363
73.826 73.231 73.119 72.925 72.123 72.761 72.832 73.748 75.402 76.291 75.594 74.789 75.392 75.279 72.924 72.358 74.833 73.707 77.078 75.578 76.455 78.073 74.591 74.62 74.685 71.959 75.152 79.188 77.266 76.705 74.072 75.944 71.963 74.207 70.361 69.174 74.117 77.045 71.524 70.288 76.924 77.616 69.359 72.557 70.561 68.93 69.852 71.107 72.399 72.45 71.651 74.391 71.953 73.431 74.051 69.355 70.427 70.684 68.788 68.92 66.38 64.453 65.421 64.874 65.705 66.286 67.359 63.142 61.077 60.563 61.002 61.15
74.767 74.373 74.122 73.842 73.735 73.816 73.589 74.049 74.998 75.718 75.905 75.522 74.858 74.298 73.963 73.489 73.5 76.473 76.554 74.188 75.069 78.167 78.305 76.374 77.42 76.909 78.188 77.659 77.585 75.816 72.439 74.28 74.78 74.513 74.783 71.288 75.938 73.219 74.958 77.195 77.346 78.128 70.272 68.394 68.303 68.169 72.889 71.042 68.629 71.129 73.048 74.503 69.384 75.06 75.716 75.298 74.848 68.83 71.92 73.711 68.046 64.863 65.222 66.749 68.086 68.631 69.538 63.884 62.567 61.267 62.56 62.649
75.656 75.131 75.083 74.742 74.218 74.375 76.438 75.444 75.296 76.035 74.731 76.94 76.677 74.711 74.83 75.38 76.239 74.786 74.418 74.093 72.939 75.465 76.819 77.386 76.142 76.029 75.288 75.252 76.153 74.631 72.289 75.711 74.972 73.844 75.852 75.745 75.874 76.227 75.844 77.371 77.54 76.789 75.6 75.284 69.279 72.494 75.658 75.539 74.752 73.754 75.642 76.27 77.638 77.646 78.281 75.761 76.301 73.973 70.516 74.262 69.287 67.826 69.894 66.885 68.561 68.257 65.747 65.023 61.769 62.877 63.359 65.421
76.562 76.932 76.479 75.804 75.856 76.111 76.27 75.693 75.253 76.257 76.304 78.048 76.911 75.826 75.564 75.836 76.26 75.17 75.198 74.886 75.301 76.945 76.358 76.284 74.256 74.987 74.277 73.599 74.012 73.35 73.398 73.502 75.428 75.982 73.595 76.237 75.779 75.326 76.686 76.703 77.398 76.843 73.546 72.459 73.078 76.627 75.465 70.627 76.226 76.687 77.037 71.027 78.423 78.566 79.344 75.468 72.683 75.031 75.838 73.629 71.082 69.896 68.753 68.969 68.908 69.171 66.334 65.083 62.665 62.54 63.638 64.177
76.022 76.088 76.233 77.846 76.751 77.304 76.866 76.446 76.499 76.995 76.213 78.177 76.954 76.796 76.636 76.565 76.294 76.412 76.035 75.834 75.899 77.847 76.231 75.584 75.732 75.305 75.62 74.787 74.924 75.91 75.958 73.81 75.369 77.073 76.384 75.62 73.842 75.318 75.522 76.457 75.35 75.501 70.892 71.528 74.867 75.881 72.081 69.618 74.419 75.115 75.368 73.358 77.166 78.622 78.758 79.453 79.015 76.353 76.45 74.782 69.758 72.999 70.58 70.067 67.091 69.97 67.112 64.388 63.386 63.745 63.19 62.44
76.306 76.232 76.244 76.907 76.494 76.649 76.782 76.665 76.628 76.882 76.734 78.832 77.779 77.235 77.404 77.509 77.237 77.055 76.527 76.846 77.192 78.128 76.969 77.02 76.722 77.111 77.995 76.276 77.804 79.145 80.52 76.395 77.553 78.706 78.552 76.901 74.399 75.514 77.153 75.667 74.918 74.928 75.17 75.511 76.215 76.145 73.461 73.813 74.568 74.64 73.004 76.364 76.487 77.651 78.357 78.07 76.386 73.884 76.01 74.955 71.078 71.232 71.298 72.367 71.884 70.852 69.484 65.86 64.804 63.864 64.529 64.514
