dsm/se2635_DSM_2M.asc
ncols 500
nrows 500
xllcorner    426000
yllcorner    435000
cellsize     2
NODATA_value -9999
[rows 288 to 319 of 500, columns 0 to 71 of 500]
34.769 34.919 34.816 34.852 36.652 36.612 37.012 37.061 35.567 35.287 34.633 35.546 40.073 63.181 -9999 -9999 -9999 -9999 63.398 65.557 58.102 37.937 35.184 35.392 35.172 35.23 35.19 37.337 38.807 40.065 40.152 40.286 40.368 40.444 40.548 41.077 41.239 41.626 41.039 38.951 38.099 39.325 39.692 39.43 39.185 38.972 38.572 38.404 37.951 36.215 35.035 34.678 34.703 34.951 35.265 35.452 35.473 35.448 35.5 35.553 35.624 35.687 35.739 35.811 35.805 35.856 35.959 36.808 36.904 36.786 37.006 37.15
34.856 34.993 34.868 34.887 35.752 36.742 37.159 37.072 35.989 35.591 34.897 34.378 34.277 33.631 -9999 -9999 -9999 -9999 -9999 63.218 60.86 -9999 35.639 35.568 35.269 35.137 35.326 36.921 38.567 39.126 40.343 40.535 40.674 41.083 41.03 40.716 41.191 41.411 41.317 40.927 38.844 38.215 38.972 38.742 38.494 38.123 37.827 35.648 35.055 34.702 34.676 35.645 35.376 35.373 35.392 35.37 35.38 35.416 35.506 35.549 35.586 35.662 35.703 35.751 35.798 35.923 35.945 36.743 37.083 37.017 37.172 37.102
34.886 34.918 34.964 34.942 34.803 36.355 36.281 36.68 36.532 35.315 34.358 34.412 35.051 39.846 64.962 -9999 -9999 -9999 66.617 66.014 61.496 -9999 35.953 36.151 35.779 35.362 35.235 36.46 37.198 37.063 39.918 41.559 41.118 40.716 40.539 40.597 41.045 41.25 41.514 42.289 41.054 38.168 38.241 37.905 37.954 37.554 35.053 34.688 34.707 34.741 34.893 35.532 35.523 35.332 35.311 35.323 35.423 35.437 35.494 35.537 35.581 35.669 35.711 35.748 35.811 35.872 35.94 36.191 37.094 39.015 38.532 39.048
34.765 34.952 34.975 34.816 34.872 35.515 36.597 36.811 35.966 35.48 34.671 34.838 34.271 36.521 57.021 -9999 -9999 -9999 -9999 70.52 65.489 -9999 36.682 36.92 37.583 37.843 35.867 35.82 36.244 36.678 39.448 40.586 40.396 39.995 39.983 40.587 41.096 41.253 42.162 41.407 40.25 38.517 38.12 38.092 38.036 35.702 35.063 35.01 35.134 35.166 35.197 35.194 35.246 35.196 35.281 35.297 35.343 35.43 35.451 35.493 35.586 35.633 35.717 35.742 35.85 35.852 35.965 35.966 39.067 41.473 40.006 38.935
34.64 34.862 34.848 34.93 34.881 36.252 37.976 37.14 36.357 35.947 36.246 35.742 35.142 36.366 41.795 34.102 -9999 -9999 -9999 68.239 60.9 59.111 -9999 36.9 37.393 37.68 36.195 35.036 35.071 35.624 36.46 38.268 39.823 40.063 40.203 40.494 41.058 41.68 41.164 39.938 39.02 38.107 35.729 36.089 35.016 34.716 34.772 35.015 35.949 35.621 35.571 35.143 35.18 35.203 35.234 35.384 35.336 35.401 35.454 35.507 35.599 35.612 35.711 35.756 35.838 36.115 36.387 38.133 40.885 39.558 39.189 39.35
34.662 34.725 34.87 34.897 34.859 35.754 36.483 36.068 36.95 36.704 36.382 36.092 35.639 35.137 38.974 33.667 33.867 -9999 -9999 71.319 70.263 -9999 35.608 35.483 36.682 36.671 36.081 34.922 34.946 35.261 35.483 36.105 38.983 39.869 40.008 41.932 42.27 42.075 41.726 38.801 37.943 34.818 34.76 34.65 34.654 34.706 34.837 34.947 35.665 35.162 35.085 35.073 35.17 35.212 35.261 35.305 35.344 35.373 35.418 35.504 35.577 35.612 35.68 36.068 36.387 36.668 37.164 37.505 38.287 39.5 39.278 40.329
34.664 34.717 34.924 34.953 34.987 34.938 34.987 36.498 37.126 37.215 36.534 36.12 35.594 36.999 35.091 34.324 33.824 -9999 -9999 69.794 72.335 -9999 -9999 35.371 36.144 35.43 34.913 34.84 34.856 35.093 35.191 35.194 35.777 38.276 41.937 42.443 41.298 40.62 39.821 37.464 35.048 34.734 34.744 34.667 34.698 34.737 34.821 34.97 35.478 35.133 35.02 35.073 35.119 35.162 35.194 35.283 35.353 35.578 35.955 35.539 35.552 35.65 36.187 36.588 36.892 36.967 35.552 35.108 35.728 40.149 38.483 41.602
34.708 34.67 34.894 34.993 35.022 34.988 35.007 36.302 36.96 37.032 36.435 35.225 35.298 34.689 34.444 34.421 33.345 -9999 52.097 67.832 71.014 -9999 -9999 34.972 34.818 34.643 34.041 34.506 34.828 34.927 35.015 34.925 35.232 35.659 38.092 38.973 40.559 38.646 36.451 34.786 34.76 34.729 34.736 34.73 34.747 34.839 34.858 34.963 34.999 35.014 34.996 35.049 35.064 35.147 35.212 35.219 35.524 37.043 37.299 35.92 35.757 36.213 36.642 36.64 35.429 34.632 34.318 34.297 34.593 40.039 41.918 41.253
34.783 34.756 34.672 34.992 34.967 34.965 34.957 34.946 36.003 36.811 36.49 35.921 35.308 34.351 34.37 34.667 34.609 33.689 34.101 53.322 68.176 50.722 -9999 -9999 -9999 34.357 34.121 34.412 34.88 34.854 34.923 34.943 35.025 35.37 35.769 37.629 37.084 36.544 34.973 34.744 34.735 34.711 34.724 34.731 34.763 34.826 34.905 34.932 34.922 34.911 34.965 35.037 35.075 35.118 35.183 35.802 38.925 37.615 37.312 37.244 36.795 36.216 36.365 34.69 34.394 34.247 34.253 34.232 34.391 38.233 41.378 41.465
34.779 34.773 34.762 34.946 34.985 35.074 34.967 34.898 35.161 35.883 36.108 36.141 35.618 34.774 33.994 34.639 34.702 34.507 33.568 -9999 46.745 44.685 -9999 -9999 -9999 32.981 34.323 34.437 34.66 34.7 34.787 34.947 34.91 35.081 35.275 35.12 35.291 34.736 34.706 34.734 34.75 34.724 34.793 34.743 34.79 34.823 34.871 35.49 34.931 34.865 34.937 34.999 35.067 35.099 35.582 36.273 37.573 37.426 37.155 37.24 37.101 35.545 34.351 34.291 34.238 34.212 34.229 34.164 34.31 37.161 38.812 39.307
34.849 34.796 34.775 34.762 35.025 34.959 34.918 34.955 34.937 35.589 35.639 36.013 36.081 35.398 34.566 37.156 34.547 34.047 34.111 -9999 65.346 61.55 -9999 -9999 -9999 -9999 32.894 34.437 34.574 34.669 34.69 34.778 34.88 34.87 34.861 34.723 34.701 34.696 34.704 34.716 34.729 34.745 34.75 34.777 34.804 34.808 34.879 35.728 35.996 35.109 34.942 34.998 35.149 35.163 37.555 38.611 36.987 37.087 36.834 35.533 35.086 34.343 34.266 34.299 34.216 34.208 34.173 34.182 34.233 34.325 36.947 38.122
34.932 34.913 34.818 34.746 34.956 34.985 35.004 34.958 34.951 35.215 35.512 36.539 36.697 35.412 35.023 35.793 35.383 34.354 34.04 52.219 68.936 66.23 -9999 -9999 -9999 -9999 -9999 33.524 34.428 34.282 34.432 34.737 34.846 34.851 34.774 34.726 34.674 34.683 34.719 34.712 34.768 34.771 34.779 34.808 34.8 34.926 34.826 35.083 35.481 34.938 34.933 34.936 35.125 37.694 38.083 36.926 36.316 36.354 34.685 34.31 34.394 34.256 34.259 34.232 34.254 34.237 34.241 34.223 34.204 34.3 34.99 37.678
35.531 34.864 34.83 34.855 34.811 35.04 35.012 34.925 34.961 34.886 35.443 35.748 36.051 35.315 36.126 38.045 37.363 35.01 34.378 33.615 55.425 64.019 -9999 -9999 -9999 -9999 -9999 -9999 34.208 34.03 34.056 34.493 34.699 34.799 34.724 34.689 34.85 34.705 34.698 34.744 34.792 34.86 34.841 34.832 34.838 34.788 34.847 34.895 34.808 34.929 34.952 35.296 35.719 35.669 35.657 35.767 34.917 34.43 34.329 34.308 34.302 34.251 34.275 34.248 34.208 34.221 34.223 34.2 34.225 34.236 34.327 34.88
35.844 34.928 34.838 34.878 34.784 34.977 35.015 34.919 34.898 34.833 35 35.754 37.174 37.219 37.124 36.237 38.767 37.767 37.881 38.33 61.374 65.408 -9999 -9999 -9999 -9999 -9999 -9999 34.119 33.809 33.69 34.223 34.53 34.687 34.652 34.651 34.673 34.739 34.785 34.824 34.884 34.913 34.847 34.801 34.859 34.851 34.798 34.81 34.84 34.848 35.081 35.89 36.015 35.633 34.753 34.429 34.348 34.375 34.319 34.3 34.305 34.279 34.301 34.274 34.282 34.232 34.243 34.257 34.231 34.193 34.248 34.396
35.965 35.299 34.897 34.853 34.875 34.834 34.985 35.039 34.875 34.937 34.898 36.061 38.108 38.492 37.311 36.744 41.69 39.275 38.859 -9999 69.669 63.538 62.89 -9999 -9999 -9999 -9999 32.77 32.784 33.831 33.873 34.177 34.564 34.638 34.626 34.619 34.656 34.93 34.927 35.062 35.372 35.021 34.977 37.302 36.808 34.905 34.85 34.858 34.936 35.012 35.547 35.75 35.066 34.678 34.444 34.379 34.372 34.336 34.307 34.324 34.293 34.269 34.266 34.282 34.262 34.275 34.262 34.246 34.217 34.192 34.219 34.268
35.876 35.585 35.615 34.993 34.926 34.89 34.983 35.071 34.963 34.938 34.897 35.378 38.244 38.48 37.446 36.84 36.013 38.823 38.769 -9999 69.964 62.514 59.879 -9999 -9999 -9999 -9999 -9999 -9999 33.831 33.791 33.681 34.701 35.727 34.772 34.63 34.944 34.955 35.443 37.121 36.98 35.222 34.888 37.197 36.432 34.926 34.912 34.918 35.44 35.134 34.854 34.878 34.667 34.457 34.393 34.339 34.356 34.321 34.315 34.325 34.3 34.284 34.299 34.312 34.283 34.309 34.253 34.248 34.228 34.244 34.197 34.235
35.857 35.806 35.347 34.972 34.895 34.911 34.88 35.045 35.022 34.918 34.986 35.756 37.554 37.8 37.104 36.455 36.1 36.389 35.691 38.713 63.375 62.573 60.609 -9999 -9999 -9999 -9999 -9999 -9999 33.808 33.733 33.722 34.18 35.133 34.63 34.667 34.928 37.77 36.885 36.53 35.092 35.024 36.87 37.08 35.371 34.923 34.833 34.847 34.846 34.841 34.787 34.599 34.454 34.403 34.371 34.344 34.351 34.276 34.322 34.29 34.311 34.292 34.304 34.281 34.298 34.265 34.256 34.236 34.25 34.212 34.224 34.214
35.83 35.846 36.686 35.034 34.91 34.955 34.871 35.013 35.035 34.964 35.001 35.023 36.255 38.12 36.784 35.474 35.525 34.668 34.627 33.536 59.305 66.066 61.118 -9999 -9999 -9999 -9999 -9999 -9999 -9999 33.841 33.846 34.044 34.298 35.021 34.718 34.802 35.04 35.539 35.898 36.179 36.419 38.92 38.451 37.295 35.003 34.777 35.144 34.839 34.689 34.508 34.439 34.384 34.391 34.373 34.309 34.316 34.33 34.339 34.297 34.34 34.322 34.321 34.287 34.358 34.263 34.243 34.243 34.209 34.237 34.245 34.186
35.788 35.796 36.154 35.169 34.919 34.908 34.887 34.89 35.086 35.021 35.005 35.013 35.51 36.959 36.881 35.67 35.132 35.019 34.798 34.655 43.179 65.799 -9999 -9999 -9999 -9999 -9999 -9999 -9999 -9999 -9999 33.987 34.103 34.376 34.627 34.76 34.841 34.936 36.011 37.29 37.363 35.929 35.898 37.474 37.298 35.567 34.835 34.729 34.601 34.502 34.401 34.392 34.428 34.389 34.358 34.348 34.317 34.33 34.297 34.394 34.335 34.308 34.285 34.29 34.293 34.263 34.281 34.235 34.236 34.246 34.218 34.216
35.732 35.788 35.768 35.322 35.086 34.919 34.844 34.802 35.015 35.038 34.97 35.043 34.973 35.212 35.985 35.639 36.035 35.72 35.235 34.891 35.331 63.006 -9999 -9999 -9999 -9999 -9999 -9999 -9999 -9999 -9999 34.088 34.185 34.305 34.638 34.839 34.815 34.878 36.628 36.696 36.854 35.963 34.891 34.778 35.079 35.001 34.785 34.568 34.485 34.41 34.41 34.394 34.412 34.349 35.904 36.894 34.353 34.361 34.352 34.346 34.32 34.307 34.296 34.345 34.287 34.276 34.276 34.275 34.238 34.258 34.237 34.227
35.725 35.705 35.777 35.765 35.246 34.862 34.824 34.872 34.901 34.991 35.057 35.05 35.099 34.95 35.154 35.942 36.254 36.311 35.813 35.261 35.346 37.769 46.042 -9999 -9999 -9999 -9999 -9999 -9999 -9999 -9999 -9999 34.2 34.11 34.637 34.958 34.863 34.878 35.336 36.851 35.533 34.83 34.907 34.798 34.787 34.882 34.664 34.511 34.495 34.406 34.401 34.395 34.395 34.384 34.868 34.362 34.368 34.363 34.347 34.346 34.34 34.311 34.281 34.293 34.294 34.278 34.261 34.257 34.24 34.28 34.241 34.323
35.662 35.714 35.709 35.694 35.543 35.144 34.849 34.841 34.901 35.048 35.141 35.126 34.931 34.827 35.027 35.494 35.757 35.937 36.262 35.549 35.439 35.326 35.795 33.754 -9999 -9999 -9999 -9999 -9999 -9999 -9999 -9999 34.205 34.202 34.35 34.877 34.939 34.934 34.959 34.933 34.951 34.854 34.787 34.68 34.66 34.562 34.521 34.489 34.429 34.427 34.407 34.431 34.409 34.386 34.362 34.372 34.382 34.392 34.366 34.336 34.325 34.344 34.313 34.335 34.309 34.299 34.295 34.275 34.273 34.264 34.272 34.27
35.629 35.647 35.67 35.671 36.63 35.22 34.858 34.892 34.885 35.061 35.12 35.084 34.914 34.858 34.765 35.418 36.175 36.354 35.977 35.387 35.413 35.738 36.315 36.55 -9999 -9999 -9999 -9999 -9999 -9999 -9999 -9999 -9999 34.106 33.989 34.524 35.579 34.925 34.943 34.918 34.847 34.812 34.699 34.542 34.467 34.419 34.456 34.436 34.442 34.424 34.421 34.434 34.387 34.39 34.411 34.382 34.376 34.386 34.353 34.354 34.318 34.323 34.3 34.319 34.271 34.33 34.289 34.299 34.29 34.279 34.277 34.265
35.612 35.633 35.633 35.654 35.68 35.471 35.261 34.904 34.897 34.891 35.092 35.082 35.143 34.993 34.938 35.175 35.659 36.233 35.895 35.459 35.75 36.392 36.733 36.795 36.857 -9999 -9999 -9999 -9999 -9999 -9999 -9999 -9999 34.106 33.891 34.045 35.089 34.973 34.909 34.873 34.846 34.645 34.522 34.444 34.429 34.43 34.453 34.415 34.456 34.441 34.41 34.404 34.397 34.385 34.375 34.371 34.384 34.374 34.383 34.352 34.366 34.33 34.317 34.325 34.316 34.296 34.282 34.286 34.286 34.289 34.262 34.272
35.569 35.611 35.622 35.666 35.643 36.172 36.479 34.971 34.886 34.87 35.027 35.098 35.122 35.092 35.479 36.767 36.824 36.369 36.304 35.311 36.431 37.383 37.11 36.879 33.541 -9999 -9999 -9999 -9999 -9999 -9999 -9999 -9999 33.504 34.14 34.368 34.908 34.957 34.929 34.889 34.816 34.599 34.495 34.448 34.4 34.393 34.401 34.378 34.413 34.413 34.433 34.434 34.421 34.418 34.45 34.369 34.365 34.374 34.363 34.353 34.347 34.325 34.354 34.314 34.308 34.301 34.267 34.266 34.289 34.263 34.254 34.277
35.519 35.605 35.62 35.599 35.626 35.646 35.949 35.067 34.982 34.922 34.917 35.135 35.15 35.007 35.157 36.021 36.77 37.093 36.524 36.787 36.913 37.28 36.79 36.858 33.865 -9999 33.011 -9999 -9999 32.766 -9999 -9999 -9999 -9999 34.359 34.356 34.607 34.967 34.961 34.915 34.841 34.644 34.475 34.454 34.385 34.406 34.454 34.455 34.413 34.443 34.433 34.476 34.426 34.405 34.385 34.354 34.376 34.392 34.358 34.35 34.377 34.331 34.311 34.3 34.334 34.325 34.314 34.299 34.292 34.302 34.273 34.265
35.504 35.586 35.611 35.592 35.618 35.643 35.643 35.394 35.007 34.891 34.893 35.107 35.096 35.108 35.127 36.52 37.001 37.156 36.437 34.879 37.048 37.392 36.734 36.58 34.014 -9999 32.897 -9999 32.753 32.699 32.731 -9999 -9999 -9999 34.463 34.501 34.698 34.931 35.099 34.948 34.852 34.736 34.567 34.432 34.371 34.396 34.5 34.459 34.372 34.436 34.421 34.444 34.42 34.39 34.392 34.396 34.364 34.385 34.346 34.372 34.323 34.366 34.334 34.311 34.295 34.325 34.304 34.322 34.277 34.313 34.259 34.271
35.478 35.584 35.606 35.619 35.625 35.608 35.644 36.818 35.766 34.98 34.843 34.899 35.108 35.094 35.043 35.636 36.938 37.034 36.979 36.277 36.566 36.822 36.492 36.43 33.921 -9999 -9999 -9999 -9999 32.728 -9999 -9999 -9999 -9999 -9999 34.604 34.551 34.794 35.472 35.122 34.858 34.754 34.631 34.491 34.407 34.383 34.499 34.387 34.431 34.431 34.447 34.419 34.45 34.41 34.404 34.407 34.363 34.346 34.353 34.379 34.353 34.374 34.365 34.337 34.332 34.313 34.305 34.312 34.246 34.26 34.252 34.29
35.48 35.536 35.542 35.606 35.598 35.608 35.575 36.032 35.289 34.968 34.922 34.834 35.127 35.108 35.127 35.143 36.561 37.202 36.533 36.744 36.844 36.436 36.556 36.172 33.671 -9999 -9999 -9999 -9999 -9999 -9999 -9999 -9999 -9999 -9999 34.584 34.541 34.598 35.203 35.441 35.164 34.888 34.875 34.642 34.51 34.366 34.466 34.404 34.415 34.438 34.435 34.425 34.431 34.423 34.41 34.396 34.384 34.401 34.371 34.349 34.365 34.341 34.413 34.292 34.349 34.331 34.363 34.29 34.281 34.281 34.28 34.272
35.546 35.43 35.49 35.589 35.606 35.617 35.595 35.595 36.376 35.173 34.94 34.88 34.963 35.084 35.297 35.07 36.352 36.905 36.974 37.38 36.961 36.568 36.611 36.266 35.358 35.248 -9999 -9999 -9999 -9999 -9999 -9999 -9999 -9999 -9999 -9999 35.216 35.335 35.713 37.884 36.241 35.64 35.546 34.719 34.411 34.363 34.39 34.405 34.389 34.426 34.431 34.458 34.453 34.423 34.425 34.407 34.392 34.386 34.366 34.33 34.351 34.356 34.344 34.353 34.322 34.313 34.312 34.296 34.289 34.31 34.271 34.257
35.454 35.54 35.462 35.562 35.58 35.611 35.592 35.554 35.804 35.695 34.889 34.863 34.827 35.024 35.294 35.113 35.126 36.771 37.037 36.649 36.65 36.483 36.67 35.874 34.619 34.898 -9999 -9999 -9999 -9999 -9999 -9999 -9999 -9999 -9999 -9999 32.938 36.699 39.81 43.664 40.28 36.125 35.281 34.778 34.455 34.297 34.336 34.403 34.408 34.471 34.437 34.433 34.433 34.431 34.421 34.403 34.397 34.43 34.361 34.436 34.35 34.33 34.365 34.364 34.36 34.344 34.303 34.331 34.309 34.3 34.282 34.298
35.432 35.48 35.497 35.528 35.579 35.885 37.457 35.588 35.68 35.699 34.97 34.963 34.97 35.044 35.108 35.155 35.036 36.207 36.85 36.874 36.521 36.589 37.417 36.481 35.371 35.068 -9999 -9999 -9999 -9999 -9999 -9999 -9999 -9999 -9999 -9999 33.057 37.028 39.66 42.82 43.205 37.474 35.063 34.813 34.521 34.326 34.359 34.442 34.427 34.459 34.46 34.47 34.461 34.431 34.438 34.42 34.411 34.4 34.407 34.385 34.378 34.359 34.375 34.323 34.333 34.368 34.291 34.342 34.323 34.307 34.277 34.28
