dsm/se2633_DSM_2M.asc
ncols 500
nrows 500
xllcorner    426000
yllcorner    433000
cellsize     2
NODATA_value -9999
[rows 442 to 475 of 500, columns 75 to 149 of 500]
-9999 -9999 -9999 -9999 -9999 -9999 -9999 -9999 -9999 -9999 -9999 -9999 -9999 -9999 -9999 -9999 -9999 -9999 -9999 -9999 -9999 -9999 -9999 -9999 -9999 -9999 -9999 -9999 -9999 -9999 -9999 -9999 -9999 -9999 -9999 -9999 -9999 -9999 -9999 -9999 -9999 -9999 -9999 -9999 -9999 -9999 -9999 -9999 -9999 -9999 94.981 96.237 98.751 98.776 98.421 99.14 100.74 100.42 99.896 98.609 96.913 95.683 94.105 93.441 93.47 93.452 93.502 94.06 93.758 93.784 93.691 93.676 93.982 93.873 93.688
-9999 -9999 -9999 -9999 -9999 -9999 -9999 -9999 -9999 -9999 -9999 -9999 -9999 -9999 -9999 -9999 -9999 -9999 -9999 -9999 -9999 -9999 -9999 -9999 -9999 -9999 -9999 -9999 -9999 -9999 -9999 -9999 -9999 -9999 -9999 -9999 -9999 -9999 -9999 -9999 -9999 -9999 -9999 -9999 -9999 -9999 -9999 -9999 -9999 98.307 94.853 95.222 96.692 98.282 97.665 99.512 100.031 99.207 99.823 98.504 95.627 95.066 94.339 93.706 93.498 93.53 93.589 93.899 93.739 93.763 93.747 93.7 93.98 93.91 93.546
-9999 -9999 -9999 -9999 -9999 -9999 -9999 -9999 -9999 -9999 -9999 -9999 -9999 -9999 -9999 -9999 -9999 -9999 -9999 -9999 -9999 -9999 -9999 -9999 -9999 -9999 -9999 -9999 -9999 -9999 -9999 -9999 -9999 -9999 -9999 -9999 -9999 -9999 -9999 -9999 -9999 -9999 -9999 -9999 -9999 -9999 -9999 95.642 96.828 99.108 97.509 94.991 100.14 101.328 100.886 99.225 96.104 94.705 96.615 96.299 95.614 95.294 94.599 93.789 93.564 93.597 94.076 95.713 94.301 93.724 93.753 93.723 93.429 93.85 93.43
-9999 -9999 -9999 -9999 -9999 -9999 -9999 -9999 -9999 -9999 -9999 -9999 -9999 -9999 -9999 -9999 -9999 -9999 -9999 -9999 -9999 -9999 -9999 -9999 -9999 -9999 -9999 -9999 -9999 -9999 -9999 -9999 -9999 -9999 -9999 -9999 -9999 -9999 -9999 -9999 -9999 -9999 -9999 -9999 -9999 -9999 96.981 97.213 96.705 98.863 97.653 98.205 99.603 97.608 97.647 94.357 93.876 93.84 94.108 95.172 96.696 97.479 94.367 93.749 93.715 93.699 93.898 95.817 94.22 93.778 93.778 93.753 93.881 94.048 94.191
-9999 -9999 -9999 -9999 -9999 -9999 -9999 -9999 -9999 -9999 -9999 -9999 -9999 -9999 -9999 -9999 -9999 -9999 -9999 -9999 -9999 -9999 -9999 -9999 -9999 -9999 -9999 -9999 -9999 -9999 -9999 -9999 -9999 -9999 -9999 -9999 -9999 -9999 -9999 -9999 -9999 -9999 -9999 -9999 95.21 94.92 96.517 99.633 98.604 98.878 98.03 95.54 94.453 93.858 93.879 93.857 93.886 93.888 93.954 94.966 97.762 98.053 95.611 93.969 93.818 93.807 93.89 95.327 94.058 93.881 93.872 93.909 94.589 94.079 93.481
-9999 -9999 -9999 -9999 -9999 -9999 -9999 -9999 -9999 -9999 -9999 -9999 -9999 -9999 -9999 -9999 -9999 -9999 -9999 -9999 -9999 -9999 -9999 -9999 -9999 -9999 -9999 -9999 -9999 -9999 -9999 -9999 -9999 -9999 -9999 -9999 -9999 -9999 -9999 -9999 -9999 -9999 97.487 97.185 96.012 95.865 99.506 100.084 98.454 94.82 95.208 93.936 93.976 93.991 93.905 94.128 94.017 93.942 94.008 95.075 96.725 98.413 96.717 94.33 93.953 93.906 94.046 94.549 94.429 96.14 96.069 95.059 93.936 94.065 93.524
-9999 -9999 -9999 -9999 -9999 -9999 -9999 -9999 -9999 -9999 -9999 -9999 -9999 -9999 -9999 -9999 -9999 -9999 -9999 -9999 -9999 -9999 -9999 -9999 -9999 -9999 -9999 -9999 -9999 -9999 -9999 -9999 -9999 -9999 -9999 -9999 -9999 -9999 -9999 -9999 -9999 97.247 97.312 97.985 97.695 96.467 98.395 98.92 94.53 93.964 94.014 94.02 94.781 94.478 95.121 95.589 98.132 94.874 94.029 96.7 98.398 96.876 97.681 95.141 94.184 94.079 94.083 94.705 94.111 95.998 94.747 94.286 94.022 94.902 93.473
-9999 -9999 -9999 -9999 -9999 -9999 -9999 -9999 -9999 -9999 -9999 -9999 -9999 -9999 -9999 -9999 -9999 -9999 -9999 -9999 -9999 -9999 -9999 -9999 -9999 -9999 -9999 -9999 -9999 -9999 -9999 -9999 -9999 -9999 -9999 -9999 -9999 -9999 -9999 97.319 96.701 96.881 97.18 97.551 97.338 94.695 94.632 94.291 94.15 93.977 93.994 94.687 97.43 98.957 94.97 96.53 98.201 95.827 94.194 96.954 98.538 97.616 95.237 94.644 94.318 94.177 94.179 94.343 94.328 95.369 97.715 94.782 95.849 94.011 93.526
-9999 -9999 -9999 -9999 -9999 -9999 -9999 -9999 -9999 -9999 -9999 -9999 -9999 -9999 -9999 -9999 -9999 -9999 -9999 -9999 -9999 -9999 -9999 -9999 -9999 -9999 -9999 -9999 -9999 -9999 -9999 -9999 -9999 -9999 -9999 -9999 -9999 -9999 97.947 97.893 96.77 97.43 96.739 95.068 94.869 96.014 94.91 97.229 94.055 93.954 93.901 98.068 100.221 100.278 97.672 100.674 101.524 100.394 94.533 96.261 98.258 97.008 94.952 94.742 94.447 94.369 94.32 94.491 99.895 101.136 100.247 101.402 103.832 101.369 93.806
-9999 -9999 -9999 -9999 -9999 -9999 -9999 -9999 -9999 -9999 -9999 -9999 -9999 -9999 -9999 -9999 -9999 -9999 -9999 -9999 -9999 -9999 -9999 -9999 -9999 -9999 -9999 -9999 -9999 -9999 -9999 -9999 -9999 -9999 -9999 -9999 97.544 97.592 98.074 97.412 95.104 95.297 94.762 95.013 94.883 95.271 99.553 99.351 94.227 94.043 94.102 95.029 100.947 101.154 104.294 104.342 103.455 102.112 96.052 94.498 94.751 95.337 95.158 95.093 94.69 94.521 94.452 96.423 98.327 101.01 101.031 102.694 102.986 100.636 94.009
-9999 -9999 -9999 -9999 -9999 -9999 -9999 -9999 -9999 -9999 -9999 -9999 -9999 -9999 -9999 -9999 -9999 -9999 -9999 -9999 -9999 -9999 -9999 -9999 -9999 -9999 -9999 -9999 -9999 -9999 -9999 -9999 -9999 -9999 -9999 97.555 97.575 97.559 95.774 95.139 95.005 95.291 94.825 95.637 94.732 99.513 101.287 101.169 95.845 94.239 94.171 94.38 100.502 102.886 104.06 104.783 103.692 102.7 98.09 94.624 94.689 94.836 95.271 95.304 94.979 94.755 94.733 94.697 96.955 100.785 99.336 97.522 96.661 94.762 94.396
-9999 -9999 -9999 -9999 -9999 -9999 -9999 -9999 -9999 -9999 -9999 -9999 -9999 -9999 -9999 -9999 -9999 -9999 -9999 -9999 -9999 -9999 -9999 -9999 -9999 -9999 -9999 -9999 -9999 -9999 -9999 -9999 -9999 98.079 97.816 97.923 97.121 95.911 95.553 94.922 94.589 94.6 94.517 96.325 94.718 95.853 100.805 101.435 97.392 94.457 94.356 94.396 97.001 102.595 103.498 104.482 104.133 103.245 102.222 95.261 94.821 94.973 95.196 96.127 95.369 95.164 95.21 94.915 95.18 96.533 98.695 98.218 95.287 95.572 95.361
-9999 -9999 -9999 -9999 -9999 -9999 -9999 -9999 -9999 -9999 -9999 -9999 -9999 -9999 -9999 -9999 -9999 -9999 -9999 -9999 -9999 -9999 -9999 -9999 -9999 -9999 -9999 -9999 -9999 -9999 -9999 -9999 95.96 98.12 98.438 97.887 98.012 95.834 94.654 94.71 94.649 96.66 96.63 96.574 94.891 95.019 100.304 101.384 100.633 95.786 94.576 94.606 94.922 100.688 103.24 103.988 104.456 103.565 98.409 99.177 94.989 95.029 95.506 95.384 95.459 95.379 95.172 95.12 95.817 95.528 96.18 95.942 95.529 95.333 95.271
-9999 -9999 -9999 -9999 -9999 -9999 -9999 -9999 -9999 -9999 -9999 -9999 -9999 -9999 -9999 -9999 -9999 -9999 -9999 -9999 -9999 -9999 -9999 -9999 -9999 -9999 -9999 -9999 -9999 -9999 94.948 94.957 94.979 95.146 99.268 98.019 98.075 96.242 94.712 94.495 94.492 98.771 98.996 100.524 96.888 94.997 99.582 101.048 101.115 99.233 94.813 94.796 94.844 100.755 102.898 103.626 104.436 102.692 99.238 96.77 95.127 95.19 95.344 95.401 95.408 95.346 95.259 95.226 95.181 95.235 95.205 95.277 95.301 95.295 95.366
-9999 -9999 -9999 -9999 -9999 -9999 -9999 -9999 -9999 -9999 -9999 -9999 -9999 -9999 -9999 -9999 -9999 -9999 -9999 -9999 -9999 -9999 -9999 -9999 -9999 -9999 -9999 -9999 -9999 94.951 94.94 94.955 95.021 95.088 95.981 98.414 99.65 98.071 97.07 94.605 94.59 95.973 102.548 103.278 102.573 102.864 103 101.225 101.522 98.656 95.089 94.999 94.997 95.679 100.999 100.909 96.141 95.659 96.116 95.285 95.26 95.308 95.295 95.277 95.332 95.279 95.329 95.351 95.328 95.352 95.311 95.374 95.352 95.381 95.356
-9999 -9999 -9999 -9999 -9999 -9999 -9999 -9999 -9999 -9999 -9999 -9999 -9999 -9999 -9999 -9999 -9999 -9999 -9999 -9999 -9999 -9999 -9999 -9999 -9999 -9999 -9999 95.315 94.941 94.95 94.961 94.981 95.068 95.135 95.843 99.327 100.852 98.884 98.669 94.864 94.744 96.405 103.773 103.39 103.717 102.341 102.11 100.656 96.485 95.304 95.265 95.169 95.256 95.297 96.04 95.328 95.604 97.283 96.784 95.574 95.33 95.364 95.348 95.385 95.341 95.361 95.395 95.369 95.369 95.45 95.425 95.441 95.41 95.392 95.412
-9999 -9999 -9999 -9999 -9999 -9999 -9999 -9999 -9999 -9999 -9999 -9999 -9999 -9999 -9999 -9999 -9999 -9999 -9999 -9999 -9999 -9999 -9999 -9999 -9999 -9999 95.21 95.901 94.985 94.964 95.049 95.055 95.087 95.119 95.256 97.721 99.346 98.977 98.64 95.805 94.904 94.996 101.879 102.201 100.811 96.068 98.25 95.467 95.382 95.389 95.335 95.332 95.332 95.371 95.453 95.408 95.41 95.423 95.636 95.441 95.437 95.436 95.459 95.454 95.451 95.429 95.45 95.441 95.432 95.443 95.418 95.402 95.41 95.367 95.364
-9999 -9999 -9999 -9999 -9999 -9999 -9999 -9999 -9999 -9999 -9999 -9999 -9999 -9999 -9999 -9999 -9999 -9999 -9999 -9999 -9999 -9999 -9999 -9999 95.001 94.984 94.947 95.017 95.057 95.884 95.611 95.12 99.489 95.522 95.125 100.112 99.346 99.431 99.217 95.758 95.118 95.145 97.399 97.441 95.444 95.288 95.404 95.348 95.409 95.403 95.409 95.428 95.464 95.486 95.507 95.534 95.526 95.52 95.498 95.539 95.481 95.469 95.487 95.488 95.473 95.448 95.465 95.491 95.425 95.431 95.435 95.437 95.424 95.393 95.37
-9999 -9999 -9999 -9999 -9999 -9999 -9999 -9999 -9999 -9999 -9999 -9999 -9999 -9999 -9999 -9999 -9999 -9999 -9999 -9999 -9999 -9999 -9999 95.735 95.025 95.012 95.04 98.158 96.108 99.3 100.096 100.502 101.229 100.8 100.617 100.29 98.721 98.351 96.883 95.347 95.241 95.26 95.268 95.325 95.337 95.31 95.36 95.461 95.523 95.501 95.537 95.579 95.565 95.559 95.601 95.549 95.584 95.517 95.522 95.482 95.48 95.461 95.451 95.462 95.476 95.485 95.446 95.487 95.44 95.411 95.405 95.393 95.459 95.38 95.407
-9999 -9999 -9999 -9999 -9999 -9999 -9999 -9999 -9999 -9999 -9999 -9999 -9999 -9999 -9999 -9999 -9999 -9999 -9999 -9999 -9999 97.388 97.348 96.88 97.733 96.5 96.161 96.826 102.871 102.724 102.78 102.501 103.184 99.181 103.073 101.614 95.699 95.276 95.269 95.249 95.241 95.278 95.319 95.35 95.422 95.453 95.512 95.539 95.533 95.514 95.525 95.562 95.532 95.6 95.543 95.505 95.55 95.483 95.5 95.518 95.497 95.496 95.44 95.576 95.522 95.586 95.544 95.548 95.554 95.501 95.51 95.493 95.485 95.492 95.494
-9999 -9999 -9999 -9999 -9999 -9999 -9999 -9999 -9999 -9999 -9999 -9999 -9999 -9999 -9999 -9999 -9999 -9999 -9999 -9999 98.527 97.304 97.493 97.374 100.236 101.886 102.144 101.359 101.943 102.592 98.87 100.798 100.787 97.484 97.502 98.639 95.332 95.23 95.28 95.332 95.302 95.363 95.406 95.464 95.46 95.514 95.522 95.524 95.552 95.54 95.516 95.553 95.508 95.497 95.481 95.49 95.542 95.494 95.589 95.601 95.633 95.628 95.625 95.589 95.656 95.603 95.613 95.592 95.63 95.643 95.622 95.579 95.713 95.743 95.633
-9999 -9999 -9999 -9999 -9999 -9999 -9999 -9999 -9999 -9999 -9999 -9999 -9999 -9999 -9999 -9999 -9999 -9999 100.764 100.036 99.962 98.657 96.69 95.38 100.53 102.89 97.5 100.883 103.552 100.943 98.271 96.064 97.561 95.187 95.166 95.179 95.253 95.283 95.333 95.394 95.37 95.395 95.45 95.488 95.472 95.509 95.497 95.534 95.504 95.526 95.603 95.616 95.617 95.596 95.552 95.52 95.542 95.556 95.597 95.662 95.653 95.634 95.647 95.637 95.681 95.675 95.658 95.853 95.673 95.674 95.854 97.914 97.779 101.187 100.263
-9999 -9999 -9999 -9999 -9999 -9999 -9999 -9999 -9999 -9999 -9999 -9999 -9999 -9999 -9999 -9999 103.315 103.564 102.746 100.03 102.204 100.312 96.022 97.574 99.086 99.536 102.364 101.983 97.55 95.025 95.054 95.143 95.138 95.155 95.226 95.285 95.34 95.37 95.348 95.374 95.408 95.394 95.439 95.436 95.467 95.455 95.483 95.517 95.627 95.608 95.638 95.638 95.634 95.661 95.521 95.538 95.526 95.549 95.622 95.701 95.703 95.628 95.666 96.454 95.77 96.134 95.959 96.266 95.701 95.955 98.225 98.406 99.276 101.649 102.205
-9999 -9999 -9999 -9999 -9999 -9999 -9999 -9999 -9999 -9999 -9999 -9999 -9999 -9999 -9999 102.061 103.036 102.708 104.036 102.995 102.271 96.145 94.886 94.909 100.465 95.225 94.979 94.992 95.092 95.137 95.16 95.187 95.201 95.25 95.244 95.27 95.344 95.334 95.385 95.391 95.341 95.412 95.419 95.492 95.481 95.499 95.536 95.697 95.728 95.721 95.707 95.594 95.642 98.19 95.872 95.574 95.598 95.698 95.718 95.898 96.512 96.55 96.384 96.385 96.522 96.618 96.656 96.082 95.716 95.746 97.497 98.403 100.018 101.422 102.268
-9999 -9999 -9999 -9999 -9999 -9999 -9999 -9999 -9999 -9999 -9999 -9999 -9999 -9999 100.072 101.435 101.692 102.968 104.523 101.557 97.454 94.805 94.798 94.899 94.903 94.986 95.046 95.068 95.123 95.174 95.198 95.198 95.224 95.207 95.25 95.269 95.286 95.323 95.325 95.407 95.437 95.458 95.477 95.505 95.56 95.587 95.673 95.83 95.838 95.801 95.809 95.838 97.652 100.951 97.74 96.372 95.796 95.784 96.361 96.245 96.612 96.863 97.062 96.887 96.445 96.825 96.249 95.966 95.798 95.89 98.184 99.572 100.351 101.437 102.344
-9999 -9999 -9999 -9999 -9999 -9999 -9999 -9999 -9999 -9999 -9999 -9999 -9999 -9999 95.821 97.14 97.27 96.84 103.046 95.558 94.769 94.807 94.881 94.97 94.987 95.069 95.102 95.108 95.159 95.148 95.199 95.2 95.232 95.292 95.337 95.343 95.357 95.4 95.425 95.463 95.556 95.534 95.564 95.552 95.625 95.7 95.852 95.889 95.866 95.9 95.899 95.978 97.517 102.001 98.103 97.028 96.043 96.782 96.423 96.707 96.281 96.364 96.594 96.072 95.897 95.989 95.911 96.526 96.585 96.177 99.383 100.049 100.378 101.427 102.513
-9999 -9999 -9999 -9999 -9999 -9999 -9999 -9999 -9999 -9999 -9999 -9999 -9999 -9999 94.461 94.408 94.476 94.578 94.629 94.758 94.859 94.871 94.964 94.992 95.049 95.068 95.07 95.086 95.115 95.17 95.256 95.236 95.361 95.377 95.45 95.508 95.539 95.582 95.536 95.537 95.577 95.634 95.657 95.643 95.7 95.859 96.003 96.059 96.026 96.06 96.006 96.137 98.193 102.089 99.162 96.711 96.148 96.046 96.5 96.055 96.06 96.04 96.04 96.046 96.025 96.026 96.179 97.57 96.492 97.297 98.439 99.98 100.306 100.908 102.236
-9999 -9999 -9999 -9999 -9999 -9999 -9999 -9999 -9999 -9999 -9999 -9999 -9999 94.386 94.457 94.499 94.58 94.636 94.712 94.805 94.859 94.883 94.956 94.981 95.052 95.064 95.094 95.175 95.201 95.248 95.233 95.297 95.331 95.541 95.615 95.756 95.852 95.803 95.676 95.692 95.715 95.756 95.789 95.774 95.834 95.923 96.093 96.204 96.239 96.275 96.233 96.414 98.968 101.554 98.663 97.003 96.65 96.928 97.325 96.588 96.584 96.349 96.323 96.737 96.227 96.262 96.243 96.462 96.299 97.257 99.077 99.945 100.311 101.158 102.034
-9999 -9999 -9999 -9999 -9999 -9999 -9999 -9999 -9999 -9999 -9999 94.242 94.276 94.356 94.469 94.531 94.632 94.663 94.706 94.762 94.856 94.888 94.958 94.975 95.163 95.135 95.184 95.17 95.225 95.267 95.362 95.409 95.64 95.821 95.828 95.987 96.065 95.978 95.942 95.852 95.853 95.894 95.921 95.901 95.932 96.001 96.217 96.418 96.476 96.465 96.497 96.615 98.976 101.855 99.337 97.385 97.031 97.17 97.157 96.664 97.403 97.038 96.708 97.392 97.253 97.182 96.722 96.928 96.599 97.762 99.43 99.9 100.329 101.141 102.077
-9999 -9999 -9999 -9999 -9999 -9999 -9999 -9999 -9999 -9999 94.173 94.237 94.281 94.378 94.439 94.532 94.614 94.609 94.715 94.764 94.87 94.947 95.035 95.041 95.092 95.184 95.224 95.355 95.423 95.53 95.787 95.942 96.007 95.984 96.122 96.242 96.3 96.214 96.084 95.977 95.992 96.023 96.022 96.048 96.047 96.102 96.276 96.566 96.676 96.696 96.757 96.759 96.837 100.915 101.981 97.769 97.427 96.982 96.874 96.607 96.695 97.85 96.436 96.62 96.671 96.858 96.724 96.95 97.315 98.903 99.238 99.824 100.267 100.886 101.979
-9999 -9999 -9999 -9999 -9999 -9999 -9999 -9999 94.005 94.088 94.142 94.225 94.315 94.347 94.527 94.637 94.727 94.767 94.812 94.861 94.909 94.957 95.046 95.114 95.256 95.493 95.696 95.808 96.003 96.239 96.301 96.52 96.517 96.309 96.403 96.418 96.496 96.408 96.254 96.097 96.138 96.184 96.169 96.206 96.249 96.243 96.4 96.52 96.783 96.952 97.071 96.978 99.963 99.669 99.565 97.02 96.601 96.67 97.127 97.454 97.707 97.476 97.405 97.122 96.956 97.256 97.582 96.951 98.043 98.347 98.88 99.813 100.204 100.68 101.92
-9999 -9999 -9999 -9999 -9999 -9999 -9999 93.968 93.968 94.044 94.141 94.328 94.405 94.492 94.557 94.624 94.669 94.789 94.858 94.917 95.028 95.026 95.186 95.383 95.628 95.912 96.266 96.25 96.409 97.995 96.435 96.574 96.852 96.38 96.466 96.567 96.631 96.609 96.346 96.227 96.303 96.349 96.348 96.411 96.465 96.508 96.519 96.627 96.842 97.224 97.314 97.258 97.27 97.361 98.428 96.89 97.093 96.783 97.197 97.158 97.039 98.294 97.098 97.15 97.342 97.566 97.413 98.107 98.209 97.953 99.381 99.773 100.146 100.288 98.425
-9999 -9999 -9999 -9999 -9999 94.997 94.175 93.975 94.253 94.295 94.354 94.432 94.499 94.592 94.566 94.651 94.958 94.996 95.157 95.27 95.324 95.306 95.492 95.685 95.793 95.975 96.45 96.152 96.211 96.326 96.337 96.397 96.486 96.488 96.604 96.643 96.619 96.841 96.386 96.422 96.43 96.518 96.532 96.558 96.638 96.658 96.721 96.775 96.85 97.117 97.246 97.299 97.344 97.395 98.85 98.178 96.941 97.115 96.759 97.412 98.389 98.648 97.464 97.809 97.5 97.881 97.368 97.738 97.486 97.468 97.498 97.485 97.54 97.535 97.564
-9999 -9999 -9999 -9999 94.749 96.327 94.225 94.494 94.363 94.461 94.558 94.585 94.633 94.696 94.855 95.041 95.273 95.338 95.45 95.533 95.581 95.605 95.78 95.849 95.922 95.952 96.02 96.109 96.199 96.209 96.301 96.364 96.41 96.517 96.543 96.582 96.548 96.437 96.495 96.529 96.554 96.642 96.7 96.759 96.798 96.814 96.884 96.965 97.042 97.117 97.144 97.214 97.217 97.274 97.305 97.327 97.308 97.337 97.333 97.405 97.388 97.396 97.388 97.419 97.464 97.467 97.499 97.492 97.514 97.497 97.515 97.546 97.556 97.593 97.579
