dsm/se2635_DSM_2M.asc
ncols 500
nrows 500
xllcorner    426000
yllcorner    435000
cellsize     2
NODATA_value -9999
[rows 320 to 351 of 500, columns 288 to 359 of 500]
58.667 58.945 59.184 59.456 59.674 59.89 60.071 60.309 60.557 60.749 60.989 61.209 61.341 61.58 65.514 65.895 67.957 65.032 67.294 64.71 69.62 64.756 72.24 65.245 65.918 64.658 68.027 71.568 66.75 66.06 66.635 67.509 67.729 69.82 68.582 68.751 68.217 68.023 68.702 82.78 83.422 83.254 82.962 82.557 74.453 71.093 71.082 71.105 70.968 70.748 70.666 70.412 70.394 70.397 70.351 70.319 70.392 70.824 71.024 71.467 72.28 73.901 74.435 74.45 75.233 75.562 73.197 72.844 72.618 72.69 72.831 73.114
58.369 58.637 58.85 59.205 59.426 59.737 59.923 60.257 60.449 60.6 60.846 61.203 61.385 61.467 64.887 68.245 64.265 67.738 68.622 66.581 70.293 71.927 71.679 66.381 70.366 72.331 73.46 67.483 65.938 68.779 69.879 71.932 68.611 68.9 69.278 70.245 68.57 67.895 67.867 79.779 82.895 82.514 75.12 72.641 71.098 71.076 71.061 71.016 70.888 71.809 72.157 70.519 70.326 70.322 70.301 70.206 70.24 70.461 70.682 71.075 71.388 74.499 74.676 72.547 71.996 72.115 72.279 72.355 72.496 72.64 72.779 72.865
58.381 58.576 58.835 59.083 59.443 59.725 59.906 60.09 60.308 60.539 60.758 61.08 61.343 61.592 61.781 66.607 69.055 68.673 69.71 70.351 66.013 70.843 68.74 67.553 64.791 68.581 70.051 65.068 70.897 74.443 71.558 70.138 71.399 70.082 71.342 72.149 69.623 68.567 67.758 71.62 70.177 69.594 70.106 70.702 71.071 71.113 71.445 71.016 70.96 71.133 70.759 70.473 70.383 70.214 70.227 70.173 70.131 70.151 70.245 70.717 71.041 71.322 71.49 71.674 71.826 71.974 72.079 72.241 72.345 72.536 72.667 72.769
58.242 58.567 58.774 58.943 59.251 59.579 59.74 59.892 60.1 60.404 60.666 60.878 61.072 61.343 62.023 63.304 66.525 69.477 70.111 68.194 71.027 68.935 64.427 70.113 71.874 67.069 70.432 71.274 73.702 73.64 73.131 68.99 69.626 71.633 68.765 71.773 71.574 68.581 67.729 68.259 68.542 69.329 69.763 70.165 70.694 71.205 70.82 72.126 70.739 70.475 70.432 70.485 70.656 70.183 70.18 70.116 70.102 70.017 70.022 70.383 70.724 71.083 71.244 71.404 71.565 71.712 71.881 72.027 72.175 72.277 72.454 72.606
58.138 58.395 58.799 58.977 59.075 59.361 59.64 59.822 59.969 60.351 60.51 60.644 60.758 60.904 61.131 61.532 64.543 64.621 63.852 65.516 67.904 65.996 64.422 68.581 66.982 70.78 70.846 72.808 73.816 73.61 73.1 66.931 69.639 71.996 69.137 72.248 69.507 67.987 67.641 68.606 68.406 68.85 69.402 69.784 70.956 70.218 70.344 70.682 70.604 70.337 70.365 70.356 70.291 70.23 70.024 70.009 70.033 70.009 69.926 69.989 70.131 70.709 70.952 71.061 71.247 71.385 71.64 71.75 71.968 72.047 72.188 72.364
58.109 58.385 58.593 58.917 59.099 59.214 59.536 59.751 59.914 60.099 60.391 60.457 60.582 60.753 60.703 60.798 63.814 67.524 64.1 64.653 64.387 65.217 62.997 63.76 65.1 63.656 66.265 71.398 72.378 69.022 71.755 66.833 67.613 69.606 69.727 70.92 69.744 67.877 67.598 67.629 68.318 68.609 69.345 70.449 69.943 69.599 69.952 70.172 70.953 70.732 70.308 70.261 70.227 70.194 70.098 69.975 69.967 69.907 69.897 69.863 69.957 70.199 70.491 70.823 70.929 71.133 71.352 71.523 71.737 71.898 71.982 72.133
57.958 58.204 58.489 58.695 59.046 59.201 59.363 59.602 59.902 60.091 60.298 61.252 64.076 63.397 60.844 60.634 61.508 62.049 62.868 61.919 63.505 61.964 62.249 64.699 64.294 63.418 66.12 70.207 71.48 72.449 66.913 65.416 65.142 70.728 72.825 73.445 71.968 68.172 67.565 67.54 68.098 68.271 69.26 69.752 69.617 69.726 70.047 70.004 70.066 70.116 70.128 70.163 70.15 70.223 70.841 70.066 69.954 69.939 69.857 69.878 69.817 69.87 70.114 70.467 70.647 70.881 71.053 71.33 71.481 71.601 71.706 71.869
58.058 58.962 58.382 58.536 58.815 59.177 59.341 59.531 59.818 60.061 60.216 61.077 67.462 67.328 65.524 61.726 60.794 63.616 63.459 61.513 62.303 62.612 62.235 62.742 63.853 69.489 69.277 70.33 66.774 64.598 64.376 64.637 65.035 70.426 71.098 71.869 68.401 67.727 67.552 67.447 67.471 68.276 69.54 69.21 72.172 72.113 70.141 69.996 69.998 70.016 70.027 70.046 70.115 70.142 70.925 70.215 69.98 69.833 69.827 69.858 69.838 69.762 69.819 70.037 70.345 70.623 70.83 71.134 71.187 71.325 71.451 71.547
67.593 68.011 66.787 61.17 58.495 58.956 59.317 59.552 59.773 60.082 60.261 65.239 67.899 68.314 67.555 66.789 63.475 62.613 61.03 60.673 60.929 61.804 63.654 62.507 62.113 70.302 70.179 69.077 66.61 64.362 64.132 64.45 67.626 67.892 70.458 67.01 67.312 67.458 67.472 67.31 67.282 67.808 68.499 74.957 80.109 77.924 71.017 70.202 69.967 69.968 69.964 69.99 70.041 70.435 70.655 70.712 71.201 69.967 69.781 69.807 69.798 69.742 69.707 69.72 69.864 70.185 70.495 70.742 70.915 71.085 71.173 71.213
69.503 70.436 69.815 67.019 58.815 64.484 65.537 64.788 59.874 60.03 60.425 64.212 65.599 67.3 68.133 68.081 67.108 65.298 63.909 60.676 60.573 60.751 61.77 62.48 63.208 66.655 67.092 68.549 68.265 64.1 63.892 64.146 65.265 69.65 72.362 69.504 67.241 67.342 67.744 67.22 67.157 68.878 68.611 79.827 81.684 81.874 80.294 77.819 70.172 69.942 69.956 69.965 70.064 70.264 70.357 71.002 70.276 70.537 70.264 70.021 69.791 69.749 69.714 69.685 69.72 69.781 70.148 70.39 70.624 70.765 70.894 70.999
70.246 70.834 71.334 68.96 65.53 67.923 68.567 68.64 65.542 60.104 60.69 60.561 63.523 66.065 66.811 67.62 68.294 67.731 66.932 64.912 60.857 60.582 60.602 61.02 61.8 62.556 63.933 65.672 63.537 63.217 63.645 63.974 65.347 71.382 72.115 70.775 68.758 67.326 67.209 67.077 68.122 67.806 79.635 81.573 82.394 82.362 81.996 79.646 75.453 75.99 70.235 69.925 69.933 70.743 70.204 70.014 70.05 71.17 70.539 70.11 69.948 69.69 69.721 69.725 69.637 69.601 69.72 69.973 70.307 70.468 70.665 70.768
70.493 69.995 71.08 68.913 67.354 69.074 68.441 69.322 67.097 60.907 60.318 60.277 61.083 60.475 63.493 66.588 67.364 68.059 68.058 67.361 66.57 64.432 60.622 60.86 60.794 61.209 62.396 64.188 62.341 62.422 63.357 63.682 64.576 68.532 67.709 69.518 69.315 67.198 66.916 66.894 68.527 74.323 81.191 81.69 82.127 82.386 82.496 82.299 81.833 79.419 75.174 70.078 70.237 69.921 69.929 69.924 70.039 71.095 70.877 69.852 69.761 69.619 69.668 69.721 69.667 69.59 69.563 69.646 69.773 70.063 70.344 70.533
67.866 67.085 69.902 66.802 67.426 68.716 69.464 68.577 66.278 60.545 59.935 60.09 60.386 60.333 62.798 61.726 64.972 66.827 67.738 68.171 67.611 66.18 63.354 61.598 60.516 60.624 60.909 61.998 63.55 63.546 62.546 63.675 64.505 66.577 70.222 66.468 66.436 65.563 66.16 66.307 66.71 66.915 71.112 80.721 81.559 81.859 82.294 82.585 82.245 82.013 81.517 79.038 73.001 69.831 70.083 69.868 69.876 69.855 69.895 69.826 70.062 69.687 69.584 69.604 69.654 69.661 69.627 69.566 69.612 69.666 70.034 70.256
58.991 66.842 68.215 68.843 69.124 66.743 67.079 61.726 59.507 59.817 59.903 59.91 59.952 60.128 60.249 60.343 62.92 65.286 66.418 67.385 68.121 67.917 67.239 65.831 61.748 60.65 60.759 60.683 61.38 62.622 62.239 62.635 62.368 63.569 64.895 68.986 68.097 70.67 66.56 65.719 66 67.509 66.832 66.916 78.226 81.359 81.742 82.112 82.462 82.495 82.151 81.853 80.072 76.093 72.645 69.945 69.896 69.883 69.881 69.857 69.825 69.781 69.726 69.596 69.596 69.604 69.637 69.619 69.524 69.578 69.598 69.765
56.956 58.568 64.261 67.679 67.385 59.031 59.306 57.584 57.462 57.511 59.384 59.896 59.903 59.934 60.007 60.429 60.35 60.352 63.219 65.924 66.819 67.613 68.339 67.757 66.861 65.217 61.621 60.683 60.907 61.151 62.231 63.299 62.215 62.202 64.998 66.108 68.435 71.911 71.815 65.797 65.749 66.259 66.655 66.89 66.923 78.06 80.848 81.502 81.979 82.299 82.524 82.412 81.956 79.607 79.917 76.113 72.368 69.931 69.918 69.843 69.824 69.815 69.866 69.815 69.698 69.529 69.587 69.645 69.623 69.598 69.523 69.649
56.918 57.018 57.209 58.876 57.277 57.454 57.782 57.393 57.397 57.449 57.91 59.359 59.877 59.887 59.934 59.924 60.076 60.387 61.537 60.861 62.165 66.567 67.165 68.025 68.108 67.319 65.099 61.836 61.465 60.68 62.151 62.142 61.713 64.127 62.498 62.195 64.316 67.37 68.347 66.585 65.605 65.887 66.362 66.502 66.813 66.893 67.957 80.664 81.121 81.774 82.029 82.378 82.402 82.256 81.75 79.583 74.056 73.963 70.11 69.863 69.852 69.901 70.848 70.051 69.926 69.653 69.541 69.55 69.552 69.566 69.574 69.54
56.913 56.985 57.065 57.172 57.24 57.302 57.277 57.255 57.324 57.349 57.401 57.441 57.782 59.782 59.892 59.893 59.931 60.004 60.34 60.319 62.222 63.396 65.07 66.857 67.614 68.271 67.777 66.832 64.656 61.248 61.701 60.584 60.9 61.776 62.213 62.256 62.941 63.659 64.138 64.925 65.508 65.676 65.881 66.108 66.323 66.985 66.832 66.941 69.773 80.815 81.577 81.937 82.266 82.55 82.293 81.97 81.389 77.264 72.452 71.834 69.904 70.795 70.897 70.023 69.802 69.861 69.86 69.577 69.562 69.586 69.56 69.587
56.958 56.949 56.978 57.06 57.171 57.222 57.342 57.375 57.272 57.269 57.332 57.337 57.414 57.483 58.216 59.794 59.909 59.893 59.921 60.114 60.322 60.867 62.634 65.403 66.458 67.347 67.958 67.994 67.124 65.928 62.034 60.656 60.611 61.373 61.781 62.16 63.463 63.571 64.008 65.598 74.859 65.358 65.392 66.158 68.915 76.531 69.747 66.818 66.915 67.261 73.658 81.221 81.71 82.145 82.525 82.535 82.086 81.513 74.112 70 69.853 70.061 70.334 69.808 69.775 69.743 69.742 69.808 69.694 70.323 69.656 69.603
56.91 56.873 56.976 56.97 57.112 57.207 57.257 57.367 57.299 57.224 57.228 57.257 57.288 57.331 57.426 57.678 59.739 59.799 59.876 59.876 60.012 60.411 60.689 60.565 61.764 66.151 66.962 67.644 68.091 67.754 66.804 63.39 62.464 61.243 61.512 61.947 63.415 66.437 73.556 80.942 76.968 69.614 78.474 71.314 78.444 78.668 71.498 74.21 69.573 66.918 66.965 71.034 80.802 81.555 81.915 82.234 82.145 81.85 81.228 76.871 71.168 70.373 69.787 69.748 69.729 69.724 69.745 69.962 69.884 69.793 69.61 69.501
57.038 56.875 56.947 56.982 57.013 57.154 57.246 57.294 57.379 57.352 57.23 57.175 57.222 57.253 57.315 57.395 57.449 59.099 59.793 59.874 59.881 59.92 60.94 60.428 60.728 62.838 61.723 66.332 67.322 68.057 68.049 67.175 61.523 61.228 61.558 62.554 64.455 65.501 75.394 78.008 80.178 85.462 78.418 82.787 80.587 82.064 76.874 69.558 69.291 66.621 66.905 66.992 69.443 78.236 81.301 81.782 82.099 82.304 82.011 81.601 74.153 76.538 71.45 69.815 69.718 69.702 70.158 70.53 69.975 70.006 70.455 69.619
59.769 57.031 56.91 56.985 57.017 57.059 57.183 57.22 57.285 57.41 57.388 57.201 57.16 57.199 57.226 57.309 57.333 57.435 57.923 59.698 59.842 59.859 59.887 60.028 60.159 60.252 60.309 63.78 66.027 66.822 67.55 63.63 60.902 61.231 63.573 65.762 72.156 65.112 67.764 74.745 72.411 79.271 85.56 73.665 83.078 80.53 75.313 68.744 65.805 66.281 66.622 66.945 66.975 67.003 71.144 81.139 81.562 81.97 82.424 82.234 81.801 79.63 73.528 75.753 69.868 69.712 69.957 70.212 69.807 69.701 69.9 69.969
59.564 57.573 57.132 56.996 57.001 57.065 57.094 57.192 57.223 57.328 57.427 57.401 57.314 57.134 57.153 57.212 57.25 57.319 57.384 57.427 59.325 59.771 59.855 59.876 59.868 60.135 60.177 60.97 60.519 65.484 65.357 60.772 60.986 61.221 62.503 71.172 70.288 64.151 65.19 79.272 82.978 78.777 71 73.834 70.385 73.411 66.395 69.268 65.577 65.808 66.107 66.748 66.972 66.994 67.276 80.802 74.479 81.659 82.16 82.474 82.348 81.99 81.706 79.339 73.989 71.857 69.721 69.863 69.767 69.696 69.822 70.563
57.421 57.05 57.458 57.064 56.988 57.025 57.098 57.088 57.165 57.242 57.29 57.392 57.368 57.276 57.118 57.125 57.169 57.225 57.273 57.362 57.419 57.895 59.337 59.788 60.257 60.228 60.166 60.193 60.316 61.017 60.492 60.55 61.01 61.083 61.595 68.76 72.805 64.856 63.515 77.012 79.119 77.582 75.164 77.095 79.43 72.113 65.192 65.181 65.466 65.569 65.727 65.985 66.492 66.938 67.03 69.435 71.087 81.134 81.692 82.054 82.377 82.496 82.167 81.961 81.539 78.611 69.881 69.768 69.772 69.675 69.627 69.683
56.783 56.812 57.69 57.239 57.116 57.124 57.327 57.108 57.118 57.2 57.256 57.301 57.343 57.343 57.259 57.065 57.124 57.141 57.216 57.278 57.353 57.432 57.511 59.146 60.208 60.059 60.114 60.132 60.214 60.257 60.27 60.362 60.637 60.505 61.228 62.652 63.949 62.173 62.994 69.71 70.777 68.047 71.706 76.56 74.242 72.687 68.131 66.788 68.364 66.442 65.539 65.664 65.841 66.313 66.939 66.996 66.948 78.117 80.924 81.455 81.889 82.186 82.578 82.376 82.039 81.716 74.421 75.99 70.144 69.75 69.748 69.67
56.49 56.738 57.233 56.977 57.613 57.138 57.764 57.317 57.106 57.094 57.194 57.232 57.301 57.347 57.316 57.076 57.017 57.097 57.152 57.218 57.301 57.348 57.417 58.883 59.97 60.035 60.09 60.18 60.265 60.238 60.274 60.291 60.343 61.264 60.579 60.807 64.286 64.513 63.346 62.801 63.011 63.28 70.876 78.589 76.986 75.518 66.371 70.56 68.075 66.411 65.487 65.5 65.615 65.706 66.02 66.564 67.029 66.966 67.385 78.436 80.98 81.677 82.078 82.293 82.538 82.241 81.873 79.578 74.837 75.719 70.362 69.776
56.285 57.937 56.386 56.472 56.989 57.203 57.244 57.097 57.398 57.149 57.102 57.165 57.176 57.23 57.218 57.019 57.01 57.018 57.072 57.142 57.204 57.297 59.178 60.101 59.975 60.026 60.079 60.171 60.259 60.247 60.222 60.273 60.376 63.612 61.523 60.89 66.505 65.433 62.917 62.354 63.193 62.026 70.612 72.565 73.079 71.204 73.709 69.385 65.879 68.995 65.582 65.306 65.466 65.585 65.711 65.943 66.287 66.91 66.945 66.935 69.705 80.69 81.531 81.937 82.217 82.442 82.397 82.103 81.742 78.278 72.78 71.717
58.784 56.613 56.27 56.414 56.602 56.774 57.016 57.152 57.57 57.113 57.118 57.13 57.092 57.106 57.015 56.964 56.934 56.968 56.971 57.085 57.157 57.256 58.554 59.482 60.131 60.063 60.068 60.155 60.239 60.261 60.278 60.289 64.382 67.231 65.789 64.339 62.446 63.277 62.029 64.347 64.31 63.596 64.99 64.257 62.288 70.991 70.703 65.998 66.626 66.007 64.6 64.957 65.213 65.45 65.575 65.682 65.881 66.151 66.662 66.905 66.963 67.337 75.224 81.33 81.706 82.035 82.448 82.593 82.189 81.996 81.561 77.811
62.153 60.142 56.685 57.04 56.376 56.632 56.93 57.217 57.217 57.501 57.522 57.1 57.11 57.038 56.955 56.987 56.939 57.041 57.118 57.124 57.066 57.47 59.336 59.138 59.323 59.705 60.055 60.135 60.175 60.228 60.283 64.951 67.683 68.232 67.469 66.079 61.997 61.783 61.521 61.904 63.395 62.388 63.517 62.542 61.914 62.043 62.491 64.914 68.302 64.903 64.333 64.515 64.899 65.144 65.439 65.597 65.764 65.879 66.029 66.451 66.843 66.981 66.939 70.742 78.289 81.594 81.925 82.14 82.468 82.398 81.837 81.084
63.348 62.781 61.819 57.546 56.377 57.646 56.527 56.939 59.312 57.886 57.176 57.709 57.458 57.091 56.991 56.959 56.95 57.34 57.393 57.156 57.182 57.248 57.707 57.836 59.121 59.498 59.721 60.141 60.161 60.192 60.27 64.434 65.563 67.244 68.079 67.9 67.078 65.828 62.072 61.368 60.879 61.081 61.441 63.069 62.112 62.01 62.373 62.468 63.851 65.053 65.17 64.436 64.229 64.637 65.017 65.444 65.634 65.709 65.866 66.034 66.375 66.703 67.264 67.074 69.672 80.63 81.402 81.644 82.082 82.025 81.521 77.746
63.447 63.765 63.231 61.396 59.093 57.731 56.556 56.853 57.153 57.431 57.312 57.142 58.082 57.321 57.132 56.981 56.933 57.253 57.828 57.757 57.197 57.203 57.21 57.316 57.7 58.623 58.949 59.29 60.093 60.136 60.389 60.373 63.704 66.221 66.959 67.869 68.108 67.522 66.837 65.175 61.574 60.638 60.901 61.078 61.661 62.889 62.25 62.426 63.436 63.456 64.487 64.477 64.131 64.108 64.448 64.81 65.223 65.478 65.671 65.971 66.282 66.648 66.899 66.984 67.05 67.077 70.559 80.807 81.579 81.554 80.695 69.921
62.419 63.062 63.884 63.607 62.793 61.15 59.139 58.449 56.442 56.619 57.337 57.367 57.167 57.841 58.297 57.085 56.993 56.954 57.077 57.863 58.533 57.769 57.18 57.286 57.363 57.884 58.142 58.294 58.795 60.241 60.212 60.224 60.973 60.387 64.885 66.481 67.349 68.165 67.796 67.215 65.689 63.424 60.586 60.553 60.764 61.722 62.418 63.564 62.808 62.337 63.585 63.818 64.628 64.845 64.123 64.242 64.732 65.014 65.32 65.672 66.149 66.526 66.812 66.965 67.079 67.185 67.294 67.554 78.504 80.705 68.142 68.315
61.267 62.192 63.034 63.669 63.852 63.236 62.232 60.568 57.139 58.371 56.504 57.086 57.23 57.557 57.416 57.661 57.205 56.999 56.957 56.995 57.346 57.845 57.229 57.222 57.202 57.279 58.526 58.175 58.251 60.325 60.316 59.696 60.168 60.315 62.528 62.114 65.205 66.945 67.796 68.161 67.531 66.296 62.214 60.778 60.746 60.796 61.361 61.902 62.312 62.151 62.37 63.62 63.835 64.07 64.052 63.98 64.123 64.355 64.765 65.273 65.751 66.334 66.659 66.804 67.014 67.218 67.285 67.545 67.705 70.03 67.8 67.878
