dsm/se2633_DSM_2M.asc
ncols 500
nrows 500
xllcorner    426000
yllcorner    433000
cellsize     2
NODATA_value -9999
[rows 68 to 101 of 500, columns 225 to 299 of 500]
91.304 92.958 92.128 96.925 99.724 100.548 100.932 100.343 98.982 91.524 89.558 89.82 89.243 88.905 88.893 88.973 93.199 93.885 88.996 88.858 88.673 88.344 88.119 87.87 87.697 87.534 87.403 87.224 87.071 86.924 86.75 86.72 86.597 86.792 87.832 87.005 91.681 95.644 96.444 97.12 96.053 93.245 87.023 86.012 84.73 84.397 84.184 84.056 83.886 83.747 83.632 83.419 83.11 82.816 85.103 84.503 83.475 88.817 83.156 81.362 81.053 80.738 80.51 80.246 79.968 79.985 80.042 80.042 80.047 80.602 80.03 79.906 84.748 85.384 81.874
91.033 92.182 91.524 92.493 98.42 100.634 100.735 100.842 99.91 96.571 90.032 89.394 89.217 89.073 89.005 92.001 95.292 95.787 90.047 88.881 88.568 88.306 88.127 87.956 87.803 87.617 87.506 87.314 87.105 86.934 86.864 86.792 86.732 87.584 87.32 87.327 88.655 96.125 96.102 96.921 96.668 95.406 90.355 86.082 85.893 84.601 84.317 84.232 84.05 83.896 83.869 84.146 83.904 82.986 82.689 82.344 82.123 81.926 81.742 81.451 81.229 80.893 80.666 80.325 80.209 80.151 80.164 80.241 80.204 80.429 80.858 80.559 80.211 81.979 79.598
91.011 91.059 91.311 92.048 94.283 100.287 100.181 100.961 101.125 99.446 92.667 89.653 89.974 90.947 89.163 89.481 92.947 92.163 88.834 94.639 90.649 88.348 88.192 88.033 87.847 87.688 87.528 87.363 87.896 87.046 86.966 86.872 86.921 87.692 86.883 87.283 87.582 90.911 95.181 96.454 97.131 96.079 95.355 87.137 87.791 85.775 84.525 84.294 84.176 84.105 83.971 84.138 84.113 83.245 83.422 82.919 82.32 82.07 81.774 81.559 81.323 81.081 80.797 80.616 80.396 80.294 80.314 80.374 80.383 80.487 80.884 80.457 80.041 79.589 80.666
91.06 91.001 91.313 91.369 91.979 97.975 99.739 100.667 101.119 100.026 98.568 91.452 91.707 90.013 89.825 89.137 97.284 94.563 98.701 89.019 88.616 88.49 88.335 88.121 87.884 87.78 87.985 89.804 87.892 87.513 87.95 87.284 86.973 86.973 87.035 87.347 88.907 88.244 94.36 95.84 96.935 96.94 97.386 92.607 88.012 85.922 84.769 84.402 84.3 84.233 84.128 84.125 83.94 83.43 86.618 86.547 84.459 91.046 82.633 81.703 81.404 81.173 80.959 80.792 80.622 80.418 80.473 80.518 80.515 80.527 80.48 80.572 81.204 80.498 80.258
91.071 90.988 91.099 91.67 91.519 95.475 99.633 100.312 101.047 100.645 100.118 94.9 90.054 89.689 90.001 89.297 89.268 94.219 91.025 88.879 88.702 88.563 88.299 88.145 88.056 93.707 95.889 92.555 87.733 87.41 87.12 87.252 87.051 87.061 87.568 87.203 88.711 87.431 91.051 95.954 98.404 97.578 96.622 90.937 88.194 86.184 85.678 84.565 84.381 84.323 84.307 84.141 84.362 84.09 91.117 94.456 96.682 95.469 93.942 89.57 83.219 81.519 81.133 81.42 81.256 80.571 80.58 80.607 80.714 80.68 80.609 80.578 81.014 80.328 79.927
91.097 91.035 90.966 91.957 91.76 92.228 97.343 100.588 100.436 101.093 100.731 99.539 91.796 89.87 89.462 89.399 89.231 89.194 89.127 88.892 88.724 88.552 88.435 88.983 96.873 98.822 97.466 94.307 89.133 89.212 88.072 87.051 87.296 87.08 87.773 88.235 88.632 88.299 87.554 94.563 97.222 96.853 96.808 95.828 91.258 86.868 86.559 84.87 84.488 84.437 84.374 84.326 84.335 84.997 91.939 93.695 95.301 96.182 94.756 93.557 87.128 84.866 82.211 81.23 81.134 80.743 80.722 80.802 80.864 80.842 80.829 80.701 80.5 80.355 80.375
91.094 91.068 90.966 91.027 92.492 91.869 94.757 100.401 100.575 101.082 97.393 92.562 90.006 89.786 89.644 89.549 89.396 89.318 89.104 88.945 88.793 90.014 90.272 96.695 98.343 98.768 98.337 97.149 90.176 88.77 87.601 87.15 87.251 87.085 87.101 87.39 87.244 88.011 87.595 89.269 95.28 96.104 97.159 96.34 95.081 88.546 87.342 86.241 84.74 84.853 84.613 84.447 84.395 84.634 86.508 93.106 94.455 95.67 95.716 94.439 92.851 89.528 83.265 82.345 81.85 81.049 81.538 80.942 80.975 80.986 80.998 80.882 80.69 80.696 80.966
91.055 91.106 91.039 90.986 91.372 93.446 92.73 97.305 98.805 92.051 90.388 90.143 90.027 89.91 89.724 89.619 89.455 89.336 89.166 89.011 89.003 89.736 89.946 96.028 97.702 98.458 98.909 98.664 95.966 88.392 87.504 87.66 87.103 87.095 87.133 87.115 87.206 88.082 88.402 87.529 94.829 95.672 96.653 96.768 95.715 92.32 86.685 87.315 86.21 84.872 84.613 84.549 84.512 84.54 84.668 90.283 93.624 95.268 96.189 95.135 93.573 90.121 83.898 82.61 84.096 81.826 83.109 81.88 81.138 81.136 81.119 81.082 80.994 81.654 81.469
90.994 91.078 91.053 90.994 90.971 92.096 92.647 92.455 91.085 90.606 90.409 90.259 90.133 89.975 89.795 89.623 89.456 89.323 89.27 89.164 89.969 89.422 89.595 90.593 97.238 100.597 98.894 98.416 96.985 91.034 87.844 87.715 87.215 87.095 87.224 87.198 87.554 87.496 88.265 87.788 90.238 94.866 96.104 96.786 96.337 95.201 90.532 86.514 85.908 84.921 84.597 84.587 84.679 85.326 85.04 91.171 92.773 94.409 95.434 95.824 94.624 91.869 84.412 83.086 84.414 81.702 83.202 84.065 81.292 81.265 81.281 81.187 81.101 81.281 84.785
90.962 91.015 91.036 91.016 90.994 91.034 91.049 90.904 90.76 90.633 90.446 90.306 90.193 90.009 89.819 89.646 89.475 89.388 89.374 89.313 89.232 89.533 90.361 90.237 94.763 98.386 98.56 98.866 98.077 96.343 88.103 87.477 87.335 87.358 87.61 87.187 87.164 88.137 87.652 88.66 87.489 94.055 96.127 96.714 97.001 96.12 93.573 88.323 86.306 85.086 84.831 85.145 84.663 85.037 84.803 86.476 91.984 93.337 94.764 96.079 95.305 93.482 86.616 84.83 82.584 81.587 82.178 84.115 81.411 81.441 81.421 81.369 81.246 81.265 82.546
90.97 90.982 91.021 90.983 91 90.918 90.902 90.855 90.818 90.683 90.564 90.388 90.193 90.083 90.143 89.677 89.607 89.935 89.975 89.373 89.358 90.614 89.401 89.465 89.883 96.653 97.825 98.702 98.54 97.039 94.2 87.768 87.546 87.293 87.215 87.171 87.202 87.325 87.523 87.938 87.47 89.573 97.608 98.148 96.962 96.571 95.465 88.568 87.785 88.759 84.956 85.697 84.715 84.746 85.505 84.867 87.792 92.819 94.241 97.268 96.284 94.801 93.903 86.87 84.092 82.295 81.853 81.43 81.474 81.536 81.538 81.513 81.401 81.355 81.361
91.13 90.919 91.028 91.014 90.998 90.978 90.907 90.877 90.82 90.75 90.583 90.404 90.321 92.147 97.542 90.474 89.944 89.923 90.393 89.447 89.391 89.821 89.468 89.438 89.711 93.751 97.44 98.154 98.675 97.717 96.534 89.799 87.722 87.539 87.265 87.61 87.208 87.279 87.318 87.279 87.587 87.898 94.128 96.21 96.553 96.774 96.055 94.858 88.009 86.666 85.089 84.718 84.71 84.779 84.999 85.083 85.015 89.943 93.569 94.523 95.865 95.314 94.311 89.588 84.077 82.38 81.679 81.567 81.592 81.641 81.68 81.635 81.544 81.494 81.485
91.723 90.942 90.91 91.009 91.018 90.999 90.943 90.884 90.839 90.779 90.888 93.357 95.984 100.083 99.079 95.408 93.948 92.924 89.604 89.381 89.387 89.448 89.801 89.659 89.715 89.905 96.214 98.34 98.732 98.68 97.863 92.312 88.336 87.637 87.304 87.838 87.215 87.246 87.165 87.151 87.459 87.611 88.284 94.675 95.994 96.895 96.683 95.74 89.595 86.51 86.325 85 84.718 84.79 84.792 85.065 84.835 85.239 93.354 94.157 95.68 96.874 95.095 93.896 89.997 82.514 82.661 81.835 81.984 81.776 81.823 81.745 81.729 81.671 81.602
92.156 91.092 90.918 90.978 90.967 90.958 90.92 90.896 90.908 92.414 93.137 98.487 99.843 100.438 99.834 97.66 94.387 91.756 89.904 89.324 89.358 89.371 89.795 89.335 89.51 89.576 91.168 98.403 100.094 99.13 97.979 96.878 89.057 87.812 87.659 87.311 87.348 87.279 87.267 87.374 87.444 87.478 87.597 92.861 95.604 96.455 97.238 96.371 95.374 87.3 86.697 85.533 84.87 85.011 84.856 84.831 84.753 84.979 86.81 93.323 94.737 95.915 95.602 94.242 91.48 86.2 83.399 81.941 82.627 81.897 81.918 81.894 81.845 81.775 81.736
92.813 93.332 90.959 90.857 90.957 90.992 90.906 90.888 91.227 92.703 93.339 98.501 99.225 100.138 100.019 100.383 94.01 90.373 91.136 89.72 89.349 89.396 89.401 90.298 89.443 89.623 89.66 92.51 98.162 98.577 98.6 97.365 95.026 87.94 88.046 87.487 87.752 87.522 87.291 87.696 88.373 87.565 88.964 89.355 94.503 95.845 97.067 96.919 96.923 91.671 86.603 86.472 85.353 85.781 85.014 84.887 84.817 84.882 85.203 89.734 93.979 95.618 96.14 95 93.439 86.032 82.427 82.047 82.316 82.02 82.024 82.022 81.942 81.855 81.82
94.132 92.451 91.064 90.851 90.879 90.948 90.971 90.944 91.002 92.484 93.879 94.724 98.856 99.775 100.252 99.611 98.293 94.333 90.495 89.617 90.09 89.751 89.373 90.083 89.766 89.93 89.571 89.914 96.916 98.04 98.879 98.257 96.66 92.758 87.619 87.437 87.282 87.283 87.265 87.354 87.489 87.612 88.437 89.119 92.41 96.072 97.73 97.242 96.284 95.161 88.534 86.507 86.375 85.026 84.845 84.902 84.839 84.843 85.074 87.407 93.218 95.432 96.021 95.618 94.46 93.073 85.392 82.168 82.097 82.15 82.143 82.172 82.121 82.004 81.959
92.293 92.034 91.273 90.944 90.855 90.876 90.911 90.914 90.846 92.258 92.61 92.306 97.833 99.741 100.155 100.172 99.556 95.477 89.88 89.618 89.349 89.872 89.321 89.344 90.282 89.397 89.568 89.498 95.093 97.576 98.415 98.776 97.536 94.665 88.597 87.595 87.784 87.291 87.238 87.289 87.363 87.911 89.09 89.681 91.513 94.496 97.51 96.951 97.11 95.793 92.854 87.107 86.564 85.716 84.904 84.964 84.948 84.883 84.941 85.277 92.106 93.744 95.167 97.279 95.639 93.608 86.759 82.334 82.227 82.267 82.302 82.286 82.28 82.15 82.057
92.701 91.987 91.915 91.313 90.793 90.828 90.907 90.901 90.836 90.825 91.101 91.492 94.221 99.342 99.529 100.497 99.8 98.714 94.463 93.568 91.061 89.29 89.319 89.334 89.443 89.695 89.361 89.601 90.032 96.914 98.382 98.806 98.489 98.396 90.678 87.809 87.586 87.322 87.261 87.354 87.329 88.33 87.642 89.423 91.192 91.953 95.646 95.857 96.912 96.35 95.062 88.155 86.428 86.021 85.095 84.969 84.971 84.979 84.932 85.047 86.383 93.042 94.411 96.335 95.587 94.462 91.162 84.271 82.393 82.458 82.445 82.453 82.356 82.27 82.205
94.805 92.175 92.163 91.577 90.874 90.787 90.889 90.823 90.824 91.701 92.253 96.969 92.069 97.853 99.823 99.934 100.279 99.292 96.962 90.076 90.697 90.244 89.444 89.315 89.319 89.285 89.328 89.557 89.466 94.59 97.823 98.599 98.998 98.828 96.01 89.804 87.568 87.659 87.304 87.259 87.328 87.336 87.719 87.501 90.274 88.9 92.905 95.712 96.766 96.931 95.89 90.622 86.654 86.429 85.385 84.999 84.967 85.015 85.005 85.039 85.976 91.773 93.51 95.184 96.085 96.427 90.67 82.959 82.535 82.491 82.509 82.602 82.487 82.458 82.457
96.112 93.709 93.162 91.972 92.1 90.879 90.823 90.872 90.812 91.411 93.036 92.218 91.658 94.097 98.624 99.646 100.423 100.96 98.603 92.745 93.413 90.509 89.811 89.552 89.278 89.438 89.675 89.33 89.514 89.656 96.458 99.245 98.887 98.368 96.808 91.109 89.454 89.359 87.614 87.289 87.312 87.334 87.754 87.702 87.934 87.762 89.995 94.845 95.995 96.878 96.623 95.506 91.704 87.665 87.159 85.467 84.993 85.064 85.07 84.963 85.051 86.254 92.818 94.249 96.572 95.322 92.994 85.022 82.721 82.647 82.676 82.693 82.655 82.612 82.537
96.537 95.358 93.257 92.246 91.723 90.851 90.774 90.813 90.845 90.739 90.68 90.822 91.342 91.406 97.444 99.552 100.047 100.358 99.354 98.399 93.798 90.221 89.793 89.244 89.285 89.286 89.276 89.324 89.775 90.201 93.431 97.238 98.54 98.926 97.922 96.471 89.827 87.585 87.673 87.341 87.278 87.355 87.38 87.463 87.454 87.655 87.494 94.158 95.554 96.648 97.555 97.647 94.365 87.632 86.475 86.287 85.102 85.067 85.085 85.036 84.974 85.205 88.573 93.598 95.117 95.63 94.149 89.619 84.554 82.808 82.822 82.843 82.846 82.711 82.639
95.962 95.301 93.797 93.005 92.413 91.589 90.813 90.74 90.753 90.755 90.715 90.626 90.991 91.797 92.159 100.091 99.539 100.218 100.04 98.995 92.007 92.065 90.865 89.199 89.515 89.201 89.241 89.227 89.479 90.458 89.474 95.465 97.835 98.547 98.71 97.522 95.087 87.871 87.682 87.623 88.113 87.598 87.385 87.362 87.343 88.313 87.528 89.666 94.762 95.94 96.99 96.849 95.473 88.644 86.871 87.004 85.727 85.103 85.136 85.108 85.048 85.121 85.398 92.44 94.219 96.982 96.718 92.575 83.178 82.939 82.946 82.945 82.892 82.833 82.707
92.499 93.554 93.103 93.748 93.483 91.47 90.861 90.707 90.757 90.747 90.7 90.931 91.147 91.867 91.086 97.527 100.422 100.074 100.021 99.099 97.798 94.101 92.779 89.275 90.128 89.388 89.242 89.825 89.417 89.536 89.814 91.592 97.332 98.271 98.707 98.167 97.485 91.393 88.362 87.875 87.412 87.501 87.404 87.36 87.31 87.536 88.271 88.817 91.426 95.779 96.42 97.193 96.174 95.003 89.089 86.537 85.572 85.132 85.092 85.174 85.162 85.081 85.351 88.217 94.173 94.805 95.512 93.92 83.637 83.125 83.13 83.133 83.066 82.949 82.921
92.156 92.59 91.741 94.207 91.491 91.464 91.351 90.736 90.676 90.73 90.734 90.986 91.808 91.02 90.904 92.411 98.838 99.746 99.901 99.68 100.233 96.369 91.338 89.982 89.24 89.729 89.223 89.357 89.831 89.521 89.55 89.583 94.432 98.437 99.032 99.711 97.928 93.642 87.991 87.882 87.591 87.811 87.794 87.355 87.335 87.346 87.777 87.854 87.972 94.703 95.945 96.804 96.767 95.584 90.626 86.512 86.606 85.44 85.172 85.164 85.174 85.126 85.197 85.47 94.13 94.602 95.288 94.623 85.06 83.25 83.244 83.247 83.231 83.119 82.989
93.688 94.216 95.019 94.007 91.522 91.264 91.396 90.802 90.622 90.625 90.718 90.684 90.602 90.594 91.164 91.073 98.104 98.518 100.282 100.044 99.35 97.901 93.946 93.05 90.237 89.512 89.397 89.25 89.239 89.225 89.832 89.475 91.171 98.065 101.367 99.112 98.149 96.594 89.301 88.911 89.469 87.54 88.735 87.514 87.422 88.049 87.631 88.767 87.736 90.844 96.073 96.296 97.099 96.177 94.87 87.024 86.462 86.544 85.271 85.168 85.221 85.183 85.119 85.302 88.369 93.528 94.783 95.084 86.444 83.37 83.385 83.419 83.355 83.279 83.118
95.093 95.577 96.288 95.409 91.95 91.248 91.399 91.142 90.692 90.56 90.673 90.664 90.744 91.513 90.761 91.092 90.971 97.922 99.741 99.858 99.594 98.96 96.863 90.095 89.455 89.5 89.303 89.204 89.226 89.195 89.315 89.684 91.125 94.553 98.077 98.52 98.666 97.658 94.146 89.251 87.59 87.711 87.579 87.827 87.39 87.877 87.66 87.555 88.808 88.186 95.774 96.234 96.688 98.005 95.793 92.678 86.657 86.494 85.733 85.199 85.251 85.269 85.204 85.222 85.752 92.601 93.875 94.395 85.107 83.545 83.576 83.568 83.509 83.412 83.326
95.531 96.739 97.135 96.029 94.806 91.666 91.192 91.218 90.839 90.575 90.624 90.657 90.616 91.537 90.579 90.695 90.781 93.81 99.242 99.391 99.817 100.136 98.209 91.253 92.11 90.357 89.051 89.154 89.178 89.222 89.308 91.447 91.244 90.912 97.025 97.879 98.878 98.245 96.4 90.836 87.789 88.745 87.492 87.983 87.407 87.422 87.471 87.453 87.734 87.702 92.267 96.494 98.706 97.191 96.52 95.336 88.366 86.498 86.247 85.393 85.27 85.339 85.247 85.195 85.247 86.004 92.859 92.968 85.28 83.734 83.723 83.735 83.691 83.615 83.407
94.666 96.128 97.031 96.564 95.254 92.101 91.114 91.166 91.034 90.582 90.522 90.577 90.58 90.6 90.567 90.534 90.828 91.953 97.793 99.021 99.658 99.741 98.909 95.69 90.795 90.077 89.07 89.11 89.179 89.188 89.123 89.218 89.631 89.458 93.523 97.529 98.307 98.547 97.768 95.981 88.256 87.88 87.77 87.448 87.354 87.393 87.445 88.01 89.305 88.278 88.656 94.305 97.162 96.874 96.846 95.79 93.298 87.105 87.599 86.246 85.314 85.33 85.318 85.25 85.116 85.484 86.746 86.102 84.046 83.918 83.966 83.845 83.819 83.735 83.658
93.927 95.414 96.987 96.599 95.635 92.581 91.104 91.067 91.126 90.653 90.541 90.558 90.569 90.556 90.488 90.476 91.419 92.671 95.022 99.073 99.338 99.952 99.436 97.578 90.356 89.398 91.712 89.201 89.109 89.134 89.134 89.084 89.463 89.591 90.136 96.947 98.388 98.727 98.569 98.538 91.629 87.859 89.261 90.629 87.575 87.444 87.367 87.951 87.789 89.07 87.663 90.261 96.046 96.16 97.313 96.508 95.307 88.808 86.711 86.464 85.714 85.332 85.369 85.275 85.151 85.12 84.968 85 84.266 84.1 84.058 84.032 83.952 83.966 84.412
91.378 94.581 95.468 92.716 92.74 91.742 91.197 91.052 91.461 91.091 90.56 90.486 90.506 90.537 90.47 90.409 91.344 91.069 90.879 96.729 98.709 99.226 99.614 98.493 95.273 93.691 91.6 89.235 88.996 89.097 89.099 89.083 89.18 89.264 89.391 96.041 98.918 98.315 99.278 97.875 96.365 90.086 91.168 91.037 88.771 87.746 87.413 87.39 87.354 87.608 88.759 87.772 91.544 95.495 96.536 97.052 96.052 93.043 86.609 86.885 87.368 85.478 85.341 85.315 85.189 85.06 84.981 84.619 84.357 84.323 84.274 84.176 84.11 84.707 84.05
91.258 93.038 95.05 95.103 91.236 91.16 91.331 93.507 91.899 90.58 90.476 90.397 90.504 90.533 90.501 90.441 90.381 90.529 91.276 93.939 99.056 99.13 99.533 99.166 97.642 92.996 89.525 89.336 89.073 89.608 89.079 89.133 89.238 89.194 89.382 90.79 96.402 97.651 98.586 98.595 97.31 93.888 92.124 90.714 88.809 87.595 87.709 87.437 87.395 87.43 87.758 88.036 88.968 94.582 95.836 96.961 96.549 95.748 91.682 88.82 87.343 85.97 85.35 85.317 85.28 85.085 84.958 84.794 84.514 84.412 84.46 84.364 84.287 84.161 84.261
91.342 91.252 94.234 94.521 91.211 91.309 90.759 90.669 90.585 90.529 90.42 90.371 90.409 90.424 90.483 90.455 90.331 91.204 93.056 92.387 95.841 98.265 99.356 99.612 98.652 95.808 93.017 92.857 89.578 89.991 89.495 89.087 89.078 89.078 90.396 89.904 95.135 97.472 98.101 98.788 97.917 96.399 90.009 87.798 89.411 88.087 87.448 87.433 87.437 87.347 87.493 89.423 87.625 92.859 95.719 96.701 97.066 97.3 93.953 87.561 86.644 87.361 86.043 85.443 85.295 85.17 84.986 84.792 84.615 84.618 84.598 84.518 84.435 84.285 84.292
91.146 91.411 91.231 90.882 90.753 90.755 90.683 90.61 90.635 90.543 90.448 90.43 90.339 90.365 90.443 90.411 90.341 90.751 92.459 91.117 92.456 97.795 99.48 99.596 99.043 98.24 95.294 89.919 89.546 89.125 89.232 89.055 88.995 89.17 89.17 89.395 89.58 96.207 97.586 98.356 98.752 97.335 94.025 88.661 89.13 88.01 87.394 87.589 87.408 87.386 87.615 87.533 87.748 89.418 95.184 97.464 97.196 96.835 95.462 88.703 86.976 89.084 88.271 85.892 85.474 85.211 85.095 84.877 84.846 84.817 84.735 84.64 84.541 84.42 84.484
91.021 90.995 90.961 90.88 90.869 90.8 90.722 90.685 90.635 90.538 90.481 90.382 90.29 90.266 90.327 90.369 90.309 90.709 91.399 92.537 92.982 98.386 98.524 99.121 99.581 98.859 97.453 91.827 92.781 90.65 88.99 88.96 88.973 89.905 89.108 89.423 90.699 93.22 97.19 98.269 98.86 98.077 97.315 90.563 87.879 87.686 87.666 87.737 87.518 87.43 88.175 87.682 91.098 90.735 92.623 95.389 96.411 97.205 96.177 94.72 87.93 88.273 87.092 85.684 86.495 85.396 85.181 85.02 84.895 84.874 84.886 84.769 84.658 84.593 84.579
