dsm/se2636_DSM_2M.asc
ncols 500
nrows 500
xllcorner    426000
yllcorner    436000
cellsize     2
NODATA_value -9999
[rows 186 to 216 of 500, columns 0 to 70 of 500]
65.12 62.641 61.056 61.213 61.534 61.934 62.278 61.836 61.86 61.902 61.982 62.065 61.914 62.994 64.279 64.892 65.561 66.197 66.855 68.008 67.246 63.887 63.752 63.915 64.016 66.146 69.721 74.249 76.653 77.349 76.822 73.538 71.627 65.944 65.467 65.487 66.186 68.482 70.532 72.692 73.414 74.747 75.795 77.807 78.685 78.374 78.589 78.638 78.578 79.024 79.088 79.538 77.683 78.433 79.687 79.876 78.586 76.532 73.486 71.599 71.463 71.589 72.825 75.672 78.57 79.885 79.104 78.025 76.886 76.117 76.614
67.934 67.985 65.788 63.347 61.224 61.457 62.043 61.579 61.663 61.675 61.845 61.871 61.637 62.109 64.403 65.117 65.502 65.117 66.455 68.72 67.726 63.861 63.805 63.956 64.051 64.495 67.991 72.67 74.969 74.026 73.266 70.383 65.419 65.326 65.364 65.452 67.121 69.309 70.582 72.057 73.476 74.573 75.719 77.109 78.591 78.362 78.51 78.597 78.622 78.973 78.997 79.525 76.836 77.76 79.861 78.996 78.443 75.819 73.817 71.575 71.521 71.901 72.916 74.626 78.879 80.116 78.475 80.501 79.739 79.336 78.032
68.251 67.806 66.348 61.481 61.154 61.401 61.555 61.408 61.529 62.242 61.692 61.662 61.574 63.308 64.64 65.364 65.598 64.927 64.613 66.085 66.288 65.411 63.962 63.926 64.068 64.223 64.327 64.952 68.727 67.547 67.345 65.21 65.229 65.283 65.303 68.529 68.622 71.432 70.963 71.987 73.395 74.876 79.108 77.291 77.934 78.368 78.392 78.61 78.592 78.545 79.188 79.183 80.75 77.844 77.044 76.803 77.78 76.054 73.239 71.726 71.905 72.336 75.209 77.695 75.612 79.968 81.632 80.017 79.615 80.367 79.171
63.943 66.227 63.42 61.205 60.984 61.443 61.385 61.239 61.294 62.441 61.56 61.336 61.236 63.554 64.841 65.389 65.393 64.79 64.135 63.485 62.266 66.179 66.53 64.121 64.127 64.283 64.512 64.592 64.722 64.898 65.005 65.057 65.15 65.235 69.981 71.558 75.063 74.375 72.812 72.34 74.11 78.384 82.183 78.212 77.747 78.318 78.344 78.493 78.619 78.563 79.158 78.969 80.759 82.54 76.118 77.693 78.303 75.329 72.412 72.027 72.15 74.549 75.423 77.541 79.241 79.197 76.803 79.26 79.72 79.816 79.326
60.405 60.439 60.572 61.821 61.16 61.403 61.086 61.005 61.072 61.794 61.502 61.104 61.748 64.329 65.158 65.482 65.162 64.701 63.909 61.963 61.743 62.326 66.517 64.413 64.151 64.289 64.572 64.631 64.783 64.874 64.957 64.993 66.817 73.986 76.377 77.164 77.112 74.465 72.567 73.053 74.34 80.259 83.402 81.805 77.562 78.117 78.297 78.348 78.492 78.641 79.002 78.805 78.412 76.905 75.175 75.462 76.036 73.561 72.862 72.527 72.743 75.106 78.377 81.632 80.931 79.036 77.971 78.333 80.347 79.009 77.85
66.724 61.915 60.126 60.766 60.768 61.002 60.93 60.879 60.823 61.023 61.332 61.068 62.693 64.688 65.3 65.501 64.925 64.465 63.731 62.146 61.754 63.583 63.436 64.21 64.221 64.369 64.539 64.66 64.841 64.89 64.931 73.15 72.934 75.751 78.324 79.839 79.806 78.269 76.9 75.495 77.536 80.121 80.242 83.261 77.626 77.922 78.271 78.331 78.49 78.504 78.623 79.063 78.158 76.79 75.726 75.119 74.836 73.008 73.048 74.011 77.119 76.594 79.713 82.329 81.747 77.005 80.275 81.549 80.176 81.536 80.667
66.665 65.213 60.265 60.433 60.625 60.724 60.668 60.645 60.711 60.82 60.805 60.819 61.084 62.009 63.81 62.77 63.523 63.932 61.659 61.642 61.708 61.776 64.683 64.75 64.286 64.366 64.494 64.645 64.725 66.93 72.181 75.567 78.584 80.635 80.346 81.569 81.24 80.357 78.962 79.313 78.272 78.829 81.526 81.408 76.823 77.601 78.161 78.287 78.431 78.446 78.607 79.222 78.194 77.471 76.196 75.019 74.689 75.264 74.387 77.21 79.161 78.641 80.014 80.742 78.977 80.206 82.144 82.483 83.675 80.929 79.303
66.143 64.56 60.135 60.388 60.577 61.505 60.5 60.468 60.544 60.877 60.704 60.612 60.61 61.322 61.1 60.755 60.769 62.129 61.726 61.516 61.716 61.727 62.728 65.69 64.33 64.406 64.475 64.642 64.883 67.143 75.265 79.15 81.205 81.563 81.1 73.908 69.135 70.823 72.833 78.236 77.804 79.053 80.869 83.15 76.97 77.512 78.043 78.264 78.351 78.498 78.561 78.813 78.608 77.499 76.513 76.086 74.671 74.943 75.27 77.479 78.752 78.125 78.845 80.152 81.219 82.998 85.504 85.551 84.941 84.178 83.052
66.008 61.463 61.455 60.885 60.397 60.726 60.27 60.261 60.32 61.473 60.745 60.47 60.426 61.128 65.621 64.858 60.927 61.805 61.613 60.615 63.229 62.071 65.442 66.352 64.413 64.358 64.459 64.596 64.732 71.866 77.327 80.242 81.41 80.646 75.542 69.372 69.888 76.741 72.057 77.422 78.016 76.673 76.737 81.952 78.208 77.2 77.849 78.205 78.236 78.432 78.516 78.59 79.276 78.138 76.876 77.942 75.585 73.744 74.094 74.855 77.23 77.852 79.081 79.439 81.251 83.465 84.987 79.671 84.899 83.65 83.962
65.339 60.242 59.99 60.228 60.121 60.042 60.08 60.07 60.135 60.252 60.892 61.198 60.721 62.234 65.702 67.541 67.751 66.355 62.619 62.476 63.691 65.725 65.738 66.349 64.635 64.375 64.374 64.479 64.519 64.833 75.412 79.973 81.373 77.01 71.811 68.07 71.186 70.818 74.541 79.53 78.98 77.878 77.357 79.588 79.029 77.321 77.75 78.24 78.213 78.348 78.37 78.44 79.184 78.643 78.284 79.219 79.029 73.983 74.49 74.657 74.9 78.968 79.937 79.645 80.784 82.187 83.957 86.659 88.073 84.564 82.852
62.128 59.574 59.783 60.027 59.9 59.833 59.873 59.913 59.951 59.974 60.048 60.15 60.826 62.105 66.688 67.465 67.546 66.186 60.939 61.125 61.85 61.776 64.327 64.727 64.339 64.326 64.372 64.436 64.474 69.04 72.839 71.705 75.962 71.258 71.096 69.847 78.389 71.363 73.627 79.764 81.905 76.136 76.884 79.986 82.617 82.217 77.513 77.97 78.242 78.302 78.375 78.443 78.576 78.293 78.297 80.407 79.885 75.997 74.934 75.067 75.191 78.258 79.173 78.761 82.289 83.375 85.751 85.228 84.38 83.71 84.182
59.115 59.28 59.545 59.69 59.626 59.613 59.674 59.708 59.723 59.762 59.838 59.964 60.032 65.185 66.996 67.797 66.971 66.272 61.371 60.753 61.943 61.886 64.289 64.542 64.29 64.237 64.289 64.33 64.451 65.808 67.488 73.767 68.482 71.807 74.687 72.371 70.787 71.205 80.194 81.837 84.42 81.054 76.58 80.237 82.206 81.293 77.301 77.807 78.263 78.2 78.376 78.401 78.446 78.435 78.396 78.409 79.26 78.801 76.737 75.423 75.059 75.591 77.514 76.741 84.226 86.772 86.281 85.145 79.944 82.709 87.67
59.301 59.287 59.386 59.418 59.416 59.434 59.412 59.516 59.492 59.547 59.626 59.83 60.034 65.022 67.149 67.822 66.686 65.587 62.694 62.412 64.73 65.169 65.641 64.236 64.183 64.219 64.215 64.277 64.367 64.709 64.766 65.57 68.353 77.336 71.858 72.375 77.764 78.378 80.962 82.494 83.821 81.105 73.627 77.188 80.019 82.865 78.459 77.508 78.123 78.196 78.304 78.394 78.39 78.342 78.289 78.051 80.358 80.031 78.374 75.576 75.138 75.362 75.778 76.516 82.67 87.178 88.356 85.311 83.065 82.554 86.194
59.573 61.251 60.258 59.329 59.281 59.234 59.226 59.216 59.339 59.386 59.471 60.014 61.869 60.433 66.126 67.082 66.245 65.25 62.574 61.331 63.753 65.501 64.966 64.146 64.122 64.145 64.16 64.307 64.374 64.521 64.65 65.262 66.72 70.194 74.764 80.909 80.838 80.32 80.844 79.762 74.912 75.254 80.662 78.648 77.784 82.265 81.104 77.462 78.024 78.216 78.241 78.329 78.295 78.313 78.319 78.342 80.581 81.187 77.592 75.685 75.327 76.742 75.84 76.688 83.248 85.679 86.894 84.904 84.651 86.05 86.673
59.315 62.739 62.395 59.212 59.079 59.07 59.075 59.664 59.326 59.382 59.399 59.398 59.612 59.93 61.817 61.348 62.09 61.394 61.472 61.006 61.996 62.614 64.28 64.066 64.018 64.042 64.098 64.303 64.39 64.435 64.665 65.491 66.476 68.367 75.312 79.862 80.476 79.653 79.287 78.46 76.555 80.585 75.299 79.988 81.014 81.716 81.644 77.117 77.888 78.087 78.105 78.294 78.301 78.299 78.124 80.7 81.167 80.87 77.807 78.576 75.625 77.859 83.002 82.415 84.618 84.601 80.932 80.008 87.82 87.965 88.243
59.088 59.78 60.12 59.154 58.991 59.013 59.127 59.27 59.339 59.279 59.235 59.118 61.753 61.242 60.264 60.665 61.478 59.754 60.302 60.983 61.714 63.901 64.087 64.003 63.956 63.983 63.978 64.272 64.428 64.357 64.711 65.646 69.188 72.29 72.203 76.765 77.307 76.551 74.073 73.118 73.3 78.594 81.463 81.158 80.117 81.538 81.863 77.517 77.591 78.086 78.185 78.234 78.325 78.296 78.242 78.24 78.986 83.142 78.585 85.308 82.364 86.219 87.797 88.263 88.797 85.694 84.903 86.709 88.312 89.443 89.426
58.845 58.955 59.058 59.129 59.101 59.1 59.761 59.618 59.235 59.133 60.277 63.976 63.996 62.449 61.545 60.158 59.213 59.984 60.605 61.777 61.495 63.584 64.006 63.887 63.927 63.925 65.913 64.28 64.301 64.311 65.35 66.103 72.514 75.412 73.717 68.372 68.667 70.099 71.181 80.353 77.107 83.061 81.289 81.802 80.6 80.862 83.394 79.995 77.451 78.086 78.143 78.085 78.251 78.338 78.221 78.116 77.069 80.758 86.343 84.852 86.791 87.446 89.511 90.611 89.352 87.368 84.716 84.287 87.218 90.036 88.722
58.68 58.826 58.915 59.024 59.052 58.957 59.274 59.602 59.141 59.076 60.375 64.963 65.911 65.967 62.737 61.453 59.114 59.979 60.795 61.229 62.316 64.102 63.875 63.865 63.854 63.82 64.096 64.196 64.161 64.52 65.407 69.433 72.683 77.025 77.69 77.748 69.413 70.795 74.426 81.812 84.857 83.553 83.124 77.518 81.435 80.595 82.709 81.203 78.373 78.008 78.099 78.091 78.192 78.227 78.188 78.18 82.978 83.295 80.978 83.487 87.873 89.542 89.976 91.041 90.349 88.405 85.02 81.627 81.403 87.26 87.634
58.8 59.016 58.975 58.709 59.356 58.811 59.335 59.638 59.085 59.247 64.263 65.974 66.554 65.486 64.905 59.304 59.204 60.161 60.835 61.713 64.029 63.87 63.801 63.766 63.756 63.825 64.005 64.132 64.146 65.073 65.715 66.104 70.408 77.23 77.84 77.917 75.795 73.223 79.854 82.44 84.149 82.916 84.002 84.658 84.635 77.844 80.15 79.685 77.195 77.571 78.026 78.118 78.136 78.255 78.2 78.061 82.203 86.517 82.296 83.046 88.276 89.925 90.438 90.352 90.528 89.407 86.699 84.321 85.546 88.304 85.431
61.123 64.26 63.537 62.795 63.909 62.865 59.493 59.777 62.221 64.545 65.636 66.265 65.857 65.115 63.863 59.005 59.473 60.439 61.036 61.428 63.566 63.825 63.73 63.717 63.647 63.769 63.977 63.98 64.213 65.292 66.037 68.25 76.862 77.572 77.539 79.573 79.806 72.514 78.878 73.762 82.559 86.083 84.548 85.281 82.619 73.56 77.391 83.03 79.189 77.389 78.073 78.09 78.065 78.154 78.156 78.345 79.53 80.642 83.999 84.36 89.438 90.025 89.516 88.399 90.486 89.26 87.306 85.276 85.172 88.041 85.153
63.428 65.324 65.106 65.58 64.991 64.374 58.851 58.898 60.393 62.569 66.244 66.166 65.087 63.511 59.6 59.435 59.799 60.62 61.1 63.955 63.917 63.728 63.658 63.642 63.579 63.731 63.962 63.971 64.578 65.509 66.141 68.764 73.5 75.714 76.4 79.768 80.715 82.362 82.325 81.508 79.64 80.776 77.197 84.944 82.546 74.206 75.79 78.43 83.429 81.299 77.936 77.997 78.023 78.079 78.194 78.276 78.127 77.078 78.931 86.485 89.063 89.915 89.633 89.686 89.524 87.465 86.299 85.135 84.449 89.147 90.751
64.991 65.995 65.7 65.965 66.012 63.731 59.189 60.093 60.226 61.459 64.177 65.217 64.169 59.255 58.989 59.546 59.876 60.845 61.273 63.621 63.792 63.633 63.605 63.507 63.596 63.751 63.923 64.073 65.039 66.062 66.671 68.218 71.273 72.98 74.189 78.504 80.23 83.634 80.764 78.823 75.691 77.171 82.141 73.262 74.155 79.189 84.007 83.044 82.307 79.724 77.789 77.964 77.987 78.038 78.151 78.257 78.095 78.191 80.153 82.785 86.296 88.192 87.621 88.254 87.533 85.122 84.728 85.148 82.111 87.388 87.011
64.586 64.922 64.709 64.953 65.331 60.013 60.586 59.867 58.912 60.422 61.102 60.024 62.946 59.08 59.222 59.916 60.571 61.02 61.276 63.782 63.729 63.611 63.581 63.475 63.607 63.826 63.823 64.251 65.314 65.994 66.76 67.751 68.783 68.944 71.449 72.653 74.152 79.927 80.411 74.765 75.933 82.878 81.918 85.615 87.39 87.323 84.267 84.733 82.933 80.349 78.432 77.777 77.984 77.977 78.117 78.147 78.17 78.602 78.11 80.861 81.448 80.727 84.832 85.26 84.05 85.091 85.243 84.761 82.75 86.615 90.113
61.966 63.424 61.807 60.928 60.443 58.704 60.391 60.396 58.773 61.001 61.117 60.181 58.891 59.272 60.228 60.355 61.06 61.157 64.051 63.784 63.614 63.554 63.493 63.429 63.594 63.848 63.872 64.744 65.506 65.978 67.128 67.985 68.068 68.574 69.465 69.403 72.493 80.64 77.414 77.073 78.984 86.283 87.1 86.326 87.344 87.454 85.895 82.038 83.29 83.745 77.277 77.83 77.945 77.987 78.025 78.073 78.189 78.457 79.546 84.769 83.413 80.509 77.868 77.792 80.912 80.734 84.781 81.573 79.965 87.142 89.697
59.128 59.921 58.676 58.599 58.738 58.898 60.148 59.55 66.224 68.797 67.581 60.961 59.825 66.558 70.596 68.865 62.739 61.276 63.259 63.722 63.56 63.533 63.458 63.506 63.67 63.79 63.951 64.976 65.716 66.342 67.385 67.941 68.274 68.819 70.308 76.686 82.257 81.601 77.811 82.143 79.803 87.099 86.747 86.259 86.584 79.872 85.252 81.633 83.976 84.355 78.115 77.218 77.846 77.982 77.933 78.128 78.105 78.448 79.492 84.317 85.319 85.424 77.804 77.827 80.322 83.446 83.788 80.201 78.975 87.716 89.125
58.694 59.395 58.5 58.528 58.589 58.669 61.913 63.046 65.786 68.84 70.604 69.196 61.691 70.017 71.426 74.781 72.789 65.146 64.397 63.683 63.534 63.452 63.374 63.391 63.688 63.759 64.277 65.241 65.84 66.808 67.586 68.133 68.691 69.301 71.056 78.96 83.062 84.716 80.98 84.771 78.504 83.509 79.204 86.563 84.544 77.507 79.226 80.102 78.021 82.535 83.615 77.184 77.487 77.971 77.922 78.084 78.069 78.074 78.568 83.049 87.53 87.813 86.253 87.135 86.717 86.546 86.513 86.275 85.642 86.222 91.984
59.118 58.403 58.609 59.08 58.655 63.587 62.311 68.102 69.341 70.418 72.915 72.078 71.969 74.731 74.693 72.958 70.937 72.378 65.805 63.645 63.459 63.383 63.297 63.456 63.731 64.026 64.628 65.524 66.265 67.332 67.775 68.398 69.192 70.001 73.645 78.546 82.142 83.675 85.047 77.414 81.341 72.744 73.167 75.652 72.588 73.648 79.862 84.899 81.384 84.251 84.676 76.723 77.124 77.774 77.923 78 78.137 78.157 78.023 80.408 89.725 89.98 88.049 87.534 88.621 88.151 86.711 88.986 86.955 90.862 92.066
59.074 59.248 58.609 58.212 59.773 64.295 69.443 70.699 70.336 69.904 70.149 71.545 71.877 67.772 73.692 74.643 74.557 73.654 67.948 63.903 63.433 63.373 63.264 63.582 63.669 63.996 64.873 65.761 66.79 67.901 68.367 72.446 70.415 70.314 70.679 70.654 73.602 77.079 78.978 76.951 70.714 71.096 78.534 75.548 73.267 80.154 87.169 85.92 84.05 84.22 80.502 78.55 77.057 77.707 77.95 77.893 78.015 78.178 78.036 80.523 88.834 89.693 86.871 85.41 90.401 91.67 90.92 91.073 89.746 90.824 88.51
65.07 63.104 58.815 61.583 60.906 60.066 69.316 71.446 69.355 68.178 70.192 72.119 72.944 72.435 73.798 74.376 74.157 72.954 69.71 63.615 63.396 63.335 63.33 63.603 63.659 64.42 65.373 66.357 67.473 68.35 68.799 69.289 69.834 70.533 70.437 70.959 71.862 73.389 74.628 70.74 70.427 71.154 72.904 78.621 76.212 82.686 87.041 82.759 81.355 82.84 78.226 79.982 77.323 77.978 77.883 77.911 78.01 77.995 78.076 79.837 83.558 86.168 89.436 89.578 91.514 93.251 92.608 92.693 91.216 89.689 88.666
66.394 69.203 67.518 65.969 65.699 64.859 67.668 67.984 68.096 67.272 64.506 70.853 71.499 71.603 72.648 72.371 72.651 71.504 65.913 63.437 63.395 63.314 63.315 63.642 64.047 64.836 65.732 66.537 67.714 68.604 69.184 69.795 70.202 70.65 70.56 70.936 72.403 73.818 71.485 70.418 70.489 70.518 71.023 78.78 84.126 86.083 85.843 86.411 85.153 83.686 82.092 76.588 76.884 77.528 77.8 77.884 77.957 77.975 77.999 78.141 78.941 85.412 89.777 90.575 90.387 92.951 91.728 92.175 84.584 87.995 89.527
64.876 68.394 69.333 67.763 68.64 68.313 65.114 65.285 62.754 63.416 62.55 67.452 69.676 70.738 71.428 71.602 71.507 69.755 64.375 63.428 63.351 63.264 63.505 63.553 64.009 64.976 66.453 67.293 67.84 68.937 69.911 70.607 70.142 70.457 70.402 70.088 70.245 71.364 70.832 70.481 70.471 70.669 70.884 73.411 81.096 82.363 86.05 86.663 86.856 84.266 84.189 81.191 78.488 77.06 77.542 77.873 77.906 77.953 77.982 77.981 80.203 86.092 89.072 90.825 92.061 92.854 92.548 91.845 90.544 87.918 83.377
