dsm/se2639_DSM_2M.asc
ncols 500
nrows 500
xllcorner    426000
yllcorner    439000
cellsize     2
NODATA_value -9999
[rows 429 to 461 of 500, columns 0 to 74 of 500]
180.982 179.439 178.269 181.12 181.811 181.771 178.866 177.723 177.917 177.293 176.915 176.585 175.982 175.664 175.703 175.727 175.728 175.813 175.702 175.273 174.358 174.063 173.829 174.187 174.192 173.992 173.634 173.397 173.428 -9999 -9999 -9999 -9999 -9999 172.874 173.181 174.15 175.496 -9999 171.873 171.932 172.063 172.063 172.789 174.045 174.78 172.079 171.93 172.48 172.674 170.851 170.408 170.422 170.455 -9999 -9999 -9999 -9999 -9999 -9999 -9999 -9999 -9999 -9999 -9999 -9999 -9999 -9999 -9999 -9999 -9999 -9999 -9999 -9999 -9999
178.062 176.866 177.402 178.1 179.516 178.349 177.154 176.859 177.264 176.779 176.509 176.506 176.657 175.912 175.401 175.122 175.118 175.411 175.419 174.885 174.296 174.148 174.082 174.13 174.1 174.05 173.899 -9999 -9999 -9999 173.788 173.419 173.198 -9999 173.523 174.617 176.2 177.154 175.198 172.4 171.767 172.009 172.107 172.028 172.392 176.404 175.352 173.451 172.817 173.189 171.573 170.496 170.468 170.469 170.505 -9999 -9999 -9999 -9999 -9999 -9999 -9999 -9999 -9999 -9999 -9999 -9999 -9999 -9999 -9999 -9999 -9999 -9999 -9999 -9999
176.777 176.822 176.808 177.256 177.328 177.164 177.024 176.819 176.498 176.041 176.197 176.309 176.233 175.795 175.242 175.05 175.118 175.277 -9999 -9999 174.686 174.435 -9999 -9999 174.088 174.096 -9999 -9999 -9999 174.402 173.993 173.592 173.353 172.894 173.394 173.23 176.983 177.768 174.172 172.099 171.659 171.732 171.915 171.751 172.157 173.992 173.501 172.14 172.2 171.921 170.679 170.427 170.54 170.52 170.543 170.534 -9999 -9999 -9999 -9999 -9999 -9999 -9999 -9999 -9999 -9999 -9999 -9999 -9999 -9999 -9999 -9999 -9999 -9999 -9999
177.456 177.126 176.711 176.549 176.405 176.684 176.858 -9999 176.241 175.867 175.904 175.967 175.787 175.55 175.315 175.162 -9999 -9999 -9999 -9999 -9999 -9999 -9999 -9999 174.214 174.242 174.417 -9999 175.101 174.682 174.009 173.669 173.364 172.673 172.493 173.303 176.364 175.31 172.66 172.021 171.916 171.914 172.018 171.831 171.755 171.997 171.474 171.204 171.378 170.877 170.587 170.506 170.517 170.545 170.697 171.438 -9999 -9999 -9999 -9999 -9999 -9999 -9999 -9999 -9999 -9999 -9999 -9999 -9999 -9999 -9999 -9999 -9999 -9999 -9999
177.063 176.976 176.614 176.491 176.447 176.567 -9999 -9999 176.14 175.915 175.859 175.686 175.362 175.374 175.335 -9999 -9999 -9999 -9999 177.921 177.583 177.284 175.113 174.223 174.246 174.333 174.544 175.339 175.615 175.501 174.358 173.781 173.21 172.706 172.684 173.012 174.089 173.325 172.101 171.997 171.967 171.972 171.987 171.877 -9999 172.198 172.809 172.913 172.598 171.392 170.758 170.529 -9999 172.864 174.097 -9999 -9999 -9999 -9999 -9999 -9999 -9999 -9999 -9999 -9999 -9999 -9999 -9999 -9999 -9999 -9999 -9999 -9999 -9999 -9999
-9999 -9999 176.663 176.599 176.565 -9999 -9999 -9999 176.091 176.028 175.9 175.67 175.497 175.539 -9999 -9999 -9999 177.202 177.303 177.871 178.792 177.924 175.434 174.224 174.209 174.283 174.692 175.568 175.798 176.059 175.401 173.952 173.17 172.733 172.798 173.223 173.579 173.164 172.381 172.218 -9999 -9999 173.517 -9999 -9999 -9999 175.318 177.328 176.088 173.266 -9999 -9999 178.332 178.74 179.085 178.969 -9999 -9999 -9999 170.272 -9999 -9999 -9999 -9999 -9999 -9999 -9999 -9999 -9999 -9999 -9999 -9999 -9999 -9999 -9999
-9999 -9999 -9999 -9999 -9999 -9999 -9999 176.184 176.17 176.267 176.191 175.716 175.779 175.844 175.695 -9999 176.424 176.653 176.594 177.244 179.351 177.812 174.97 174.158 174.191 174.387 175.056 175.782 175.974 175.891 175.197 174.141 173.441 173.005 173.185 173.079 173.712 173.669 -9999 -9999 -9999 177.792 177.8 -9999 -9999 -9999 176.642 179.205 178.015 -9999 -9999 178.496 179.641 180.746 181.498 180.503 177.823 -9999 170.418 170.281 170.243 170.175 -9999 -9999 -9999 -9999 -9999 -9999 -9999 -9999 -9999 -9999 -9999 -9999 -9999
-9999 -9999 176.612 -9999 -9999 -9999 176.184 176.216 176.208 176.221 176.237 176.114 175.95 175.819 175.811 175.585 176 176.38 177.308 177.355 177.243 175.714 174.627 174.317 174.375 174.855 175.219 175.847 176.434 176.047 175.447 174.416 173.611 172.99 172.889 175.256 174.985 -9999 -9999 -9999 179.171 180.855 181.557 179.091 -9999 -9999 175.258 175.996 175.535 -9999 174.109 176.831 179.816 181.12 180.153 178.585 -9999 170.659 170.424 170.288 170.26 170.246 170.201 -9999 -9999 -9999 -9999 -9999 -9999 -9999 -9999 -9999 -9999 -9999 -9999
177.066 176.936 176.739 176.538 -9999 176.157 176.149 176.293 176.205 176.091 176.066 176.189 176.224 176.206 175.867 175.3 175.303 175.871 178.382 176.505 175.37 174.854 174.572 174.526 174.818 175.143 175.295 175.837 176.467 176.446 175.583 174.707 173.441 172.878 173.057 174.046 175.336 -9999 174.96 -9999 178.552 181.149 182.302 178.512 176.359 173.871 172.975 172.659 -9999 171.644 172.614 173.74 176.994 177.672 175.47 174.125 172.111 170.865 170.524 170.354 170.348 170.13 170.061 169.627 169.383 169.045 168.675 -9999 -9999 -9999 -9999 -9999 -9999 -9999 -9999
177.144 177.015 176.676 176.537 176.238 176.112 176.098 176.016 176.063 175.953 175.938 176.006 177.274 176.946 175.826 175.376 175.089 175.506 176.254 175.535 174.862 174.746 174.658 174.733 174.89 175.235 175.53 175.928 176.463 176.427 175.567 174.517 173.72 173.065 173.87 175.835 176.398 175.54 175.005 174.983 176.14 176.983 177.099 176.577 175.472 172.872 171.787 171.211 171.028 171.151 172.135 171.44 172.027 172.283 172.187 172.279 171.417 171.336 171.094 171.6 172.138 171.096 170.202 169.479 169.33 168.951 168.554 168.28 -9999 -9999 -9999 -9999 -9999 -9999 -9999
177.356 177.004 176.776 176.47 176.252 176.095 176.109 176.09 176.035 175.865 175.762 175.766 176.211 176.448 175.812 175.575 175.27 175.503 -9999 175.746 175.619 175.322 -9999 -9999 175.932 175.93 175.877 175.78 176.197 176.156 175.321 174.598 173.997 173.245 174.266 176.308 176.799 174.548 175.045 175.146 173.905 173.949 173.629 175.912 174.556 172.412 171.448 170.83 170.733 170.808 170.877 171.367 170.956 170.792 171.22 171.416 170.81 170.536 171.334 172.457 172.911 171.847 170.001 169.564 169.341 168.772 168.297 168.202 167.994 167.888 167.723 -9999 -9999 167.561 167.548
177.573 177.053 176.653 176.284 176.096 176.176 176.141 176.083 -9999 175.852 175.931 175.956 176.106 -9999 -9999 -9999 177.157 -9999 -9999 -9999 177.979 -9999 -9999 -9999 179.569 178.86 178.013 176.495 176.358 176.318 175.57 175.088 173.888 172.835 173.473 175.461 175.051 173.14 172.302 173.756 173.074 172.696 172.864 173.413 172.693 172.004 171.911 171.526 170.827 170.807 171.051 171.558 171.051 170.64 170.871 170.785 170.588 170.638 170.864 171.291 171.593 170.448 169.716 169.572 169.266 169.049 168.601 168.153 167.536 167.821 167.706 167.573 167.588 167.589 167.551
177.361 176.878 176.302 176.269 176.85 177.369 -9999 -9999 -9999 -9999 -9999 -9999 -9999 -9999 182.162 181.929 181.964 -9999 -9999 180.91 182.039 181.195 -9999 -9999 181.923 183.749 181.333 177.534 176.633 177.43 176.94 175.457 174.016 173.131 173.59 175.249 174.181 172.462 172.654 172.571 172.156 172.514 172.582 172.273 171.887 172.095 172.667 172.806 171.596 171.129 171.337 171.206 171.183 171.023 171.088 170.922 170.677 170.643 170.649 170.549 170.237 169.997 169.744 169.381 169.202 169.16 168.659 168.517 168.138 167.888 167.539 167.518 167.593 167.67 167.566
177.024 176.537 176.386 176.334 177.251 180.394 182.981 182.717 -9999 -9999 -9999 -9999 -9999 -9999 182.854 184.79 183.597 181.624 180.903 182.067 184.943 182.962 180.318 180.193 181.462 184.894 181.787 177.159 176.134 176.888 176.953 176.143 174.682 173.806 174.927 176.767 175.965 174.216 173.522 172.885 172.419 172.578 173.049 172.895 172.244 172.139 172.408 172.905 172.144 171.572 171.46 171.324 171.203 171.158 171.071 170.805 170.654 170.619 170.458 170.262 170.161 169.972 169.632 169.348 169.221 169.029 168.485 168.273 168.317 168.068 167.684 167.583 167.579 167.571 167.591
177.253 176.824 176.571 176.74 179.79 183.964 186.55 182.608 179.501 178.043 -9999 -9999 177.594 179.382 182.296 185.549 183.52 179.443 178.446 179.357 182.026 180.107 178.257 178.049 178.335 178.543 178.094 176.028 175.951 176.343 176.6 176.403 175.343 174.18 174.025 177.716 176.442 174.269 174.252 173.642 172.715 172.607 172.761 172.78 172.183 172.114 172.183 172.139 171.82 171.637 171.427 171.228 171.169 171.122 170.866 170.665 170.621 170.485 170.309 170.21 170.068 169.788 169.571 169.393 169.141 169.003 169.038 168.984 168.471 168.365 168.098 -9999 167.571 167.574 167.577
177.491 177.235 177.09 178.334 178.077 183.841 183.984 180.127 177.772 177.297 176.707 176.311 176.679 177.49 179.486 181.988 178.949 177.479 176.962 177.002 176.937 176.936 178.036 176.734 175.381 175.121 176.781 176.662 176.547 176.805 176.716 176.215 174.781 173.909 174.125 174.797 174.052 173.319 173.295 173.121 172.705 172.62 172.644 172.541 172.208 172.04 171.947 171.774 171.661 171.579 171.35 171.239 171.121 170.952 170.773 170.692 170.565 170.403 170.308 170.139 169.852 169.73 169.577 169.27 169.117 169.419 170.16 169.501 169.297 168.896 168.579 -9999 167.569 167.524 167.53
177.039 177.434 177.936 178.634 178.046 182.057 179.588 176.911 176.89 177.274 176.412 175.961 175.974 176.647 176.591 176.478 175.068 175.351 175.856 175.511 174.78 174.963 175.656 175.805 174.613 174.645 175.618 176.971 177.397 177.311 176.546 175.838 174.965 174.049 173.504 173.373 173.084 173.024 172.913 172.832 172.712 172.621 172.543 172.492 172.27 172.021 171.919 171.792 171.582 171.459 171.345 171.239 171.032 170.929 170.823 170.678 170.577 170.446 170.21 169.976 169.883 169.732 169.443 169.236 169.283 170.329 171.695 172.504 169.477 168.681 168.719 168.209 167.573 167.465 167.458
177.242 177.125 177.384 178.201 177.498 177.729 176.44 175.753 175.988 176.316 175.88 175.735 175.842 176.084 175.735 175.108 174.733 174.836 175.066 174.736 174.302 175.356 177.138 176.21 174.748 174.628 175.664 177.087 177.226 176.607 175.282 175.097 174.907 173.963 173.413 173.242 173.095 172.952 172.858 172.794 172.705 172.626 172.516 172.392 172.166 172.02 171.942 171.721 171.521 171.436 171.373 171.194 171.07 170.909 170.827 170.676 170.636 170.808 170.349 170.01 170.015 170.083 169.6 169.286 169.373 171.087 170.791 169.288 168.717 168.708 168.653 -9999 167.533 167.362 167.261
178.905 177.685 176.762 176.744 176.201 175.726 175.637 175.629 175.721 175.744 175.669 175.604 175.64 175.671 175.552 175.177 174.854 174.753 174.739 174.508 174.898 176.025 179.198 179.19 176.469 175.476 175.597 175.762 176.218 174.794 174.501 174.385 174.03 173.56 173.373 173.282 173.129 173.058 172.891 172.792 172.665 172.611 172.472 172.253 172.057 171.992 171.859 171.606 171.493 171.381 171.189 171.155 171.194 171.41 171.156 170.947 171.294 172.084 170.981 171.126 171.495 170.68 169.759 169.169 169.08 169.42 169.15 168.212 168.35 168.579 -9999 -9999 -9999 167.287 167.259
180.007 177.594 177.294 176.768 176.008 175.826 176.004 176.987 176.458 175.699 175.653 175.637 175.652 175.692 175.624 175.32 174.91 174.744 174.888 174.756 174.927 175.516 177.894 179.398 179.434 175.944 175.454 175.094 174.679 174.304 174.137 173.892 173.602 173.495 173.395 173.289 173.166 173.081 173.349 173.004 172.709 172.677 172.508 172.324 172.119 171.977 171.852 171.687 171.513 171.312 171.266 171.181 171.486 172.22 172.157 172.158 171.569 173.907 172.837 173.164 174.623 171.489 169.418 169.077 168.908 168.676 168.556 168.322 168.222 -9999 167.683 167.611 -9999 -9999 167.245
178.865 178.275 178.869 178.704 176.556 176.308 177.402 178.715 177.456 175.831 175.618 175.61 175.616 175.667 175.633 176.126 175.438 174.919 174.872 174.896 174.921 175.024 175.902 177.899 181.446 178.173 175.463 174.431 174.095 174.089 174.008 173.717 173.655 173.681 173.728 173.434 173.343 173.438 173.59 173.248 172.963 173.018 172.795 172.39 172.143 172.008 171.977 171.66 171.379 171.341 171.26 171.14 171.148 171.542 171.845 173.353 172.822 172.932 172.918 172.537 176.098 170.357 169.232 169.014 168.783 168.57 168.412 168.139 167.866 167.655 167.374 167.176 167.126 -9999 167.174
178.92 178.874 179.53 178.866 177.395 177.208 177.441 179.674 177.726 176.58 175.705 175.647 175.618 175.757 176.871 178.449 177.434 175.447 174.91 174.957 174.922 175.555 176.238 178.403 180.374 176.891 174.927 174.449 174.261 174.15 174.228 173.997 173.845 173.89 174.011 174.15 174.649 174.083 173.488 173.372 173.118 174.552 173.66 172.303 172.066 171.893 171.648 171.443 171.341 171.349 171.1 171.327 171.102 170.721 170.722 171.311 172.054 171.599 170.97 171.506 170.478 169.577 169.102 168.856 168.754 168.558 168.272 167.985 167.731 167.525 167.25 167.12 167.074 -9999 167.123
178.664 178.488 179.76 178.27 178.065 178.425 177.882 179.404 177.581 175.966 175.638 175.621 175.539 176.064 176.164 182.528 178.305 175.909 175.199 175.077 176.077 177.885 177.101 184.135 180.427 175.627 174.513 174.388 174.192 174.075 174.148 174.298 174.169 173.931 174.04 175.664 176.73 174.68 173.476 172.926 174.81 176.755 173.498 172.285 171.909 171.546 171.366 171.324 171.71 172.078 171.317 171.26 170.824 170.387 170.327 170.498 170.618 171.943 170.467 169.49 169.438 169.185 168.931 168.816 168.611 168.428 168.208 168.015 167.826 167.456 167.293 167.104 166.941 166.927 167.011
179.316 179.63 180.815 178.803 177.997 181.74 185.567 181.572 177.585 175.804 175.678 175.889 176.577 176.287 177.512 179.201 176.831 176.134 175.413 176.979 180.031 181.966 184.26 179.459 177.074 174.672 174.398 174.368 174.3 174.07 173.961 174.277 174.731 174.091 173.984 175.286 178.183 174.725 172.827 172.64 174.5 174.854 172.492 172.046 171.773 171.462 171.296 171.453 172.537 173.08 172.819 171.959 170.703 170.254 169.927 169.862 169.953 170.43 169.633 169.329 169.062 168.805 168.796 168.78 168.622 168.319 168.124 168.039 167.889 167.611 167.277 166.942 166.793 166.851 166.92
178.84 179.57 179.567 178.652 176.774 179.776 182.344 180.386 177.884 176.003 175.921 176.368 176.863 177.736 176.563 175.968 175.44 175.49 176.674 180.804 183.835 180.672 177.729 176.485 176.176 174.968 174.595 174.627 174.272 173.939 173.694 173.725 174.365 173.689 173.679 174.519 175.709 173.594 172.607 173.632 175.79 176.134 172.719 171.915 171.71 171.495 171.121 171.15 172.44 173.139 173.075 172.663 171.205 170.15 169.741 169.534 169.452 169.214 169.227 169.155 168.775 168.652 168.678 168.645 168.326 168.048 168.072 168.05 167.918 167.747 167.415 167.003 166.794 166.76 -9999
177.308 177.643 178.67 179.356 178.781 179.141 178.427 180.53 177.408 177.375 176.721 176.638 182.941 180.015 176.108 175.288 175.195 176.187 176.192 182.682 184.47 179.266 176.166 176.403 177.25 175.452 176.321 175.599 174.308 173.819 173.661 173.597 173.61 173.379 173.227 173.227 173.239 172.801 172.564 173.54 175.943 177.593 173.816 171.89 171.805 171.568 170.958 170.754 171.902 173.084 173.276 172.648 171.226 170.278 169.922 169.601 169.244 169.191 169.038 168.883 168.597 168.557 168.477 168.252 168.015 167.943 168.017 168 167.847 167.758 167.614 167.09 166.647 166.66 166.636
176.432 176.605 177.908 179.236 179.593 179.749 179.131 179.756 178.863 177.691 177.212 176.797 177.415 176.582 175.326 175.255 175.004 176.075 182.761 184.034 179.029 175.837 178.47 182.959 177.934 175.717 175.134 175.825 174.177 173.879 173.641 173.471 173.406 173.216 173.05 172.947 172.895 172.729 172.462 173.14 177.92 175.881 172.625 171.965 171.878 171.689 171.411 170.944 171.724 172.88 173.248 173.056 172.576 171.145 170.171 169.881 169.184 169.023 168.919 168.81 168.666 168.435 168.205 168.113 167.98 167.964 167.982 167.955 167.838 167.761 167.614 167.16 166.72 166.668 166.623
176.265 177.438 177.789 178.8 180.354 182.092 184.823 179.787 178.845 181.143 178.578 175.63 175.397 175.26 175.205 175.125 175.154 175.345 178.11 177.904 174.838 174.988 176.501 178.777 176.943 175.994 177.318 177.98 175.589 173.83 173.614 173.457 173.342 173.089 172.936 172.881 172.772 172.566 172.42 172.503 173.448 172.599 171.99 171.859 171.754 172.118 172.041 171.242 171.101 172.327 173.074 173.242 172.75 171.222 170.036 170.173 169.57 169.057 168.919 168.839 168.758 168.67 168.318 168.158 168.005 167.977 168.011 167.974 167.833 167.696 167.568 167.23 166.889 166.588 166.55
176.005 177.411 178.552 177.168 180.343 179.219 179.33 177.822 178.551 184.994 177.992 175.729 175.379 175.163 174.902 174.973 175.063 174.943 174.803 174.728 174.509 174.372 175.175 175.344 176.389 176.309 176.741 180.225 176.538 174.212 173.572 173.422 173.215 173.079 172.965 172.748 172.606 172.532 172.45 172.25 172.128 172.067 171.867 171.727 171.676 171.947 172.81 171.784 170.858 171.617 172.76 173.186 172.77 170.892 170.111 169.96 169.726 169.136 168.933 168.866 168.792 168.706 168.524 168.272 168.098 168.022 168.052 168.048 167.725 167.557 167.505 167.282 167.059 166.545 166.543
176.624 180.732 182.046 177.338 177.519 178.499 176.041 177.133 177.347 179.393 176.192 175.766 176.483 175.905 175.149 174.961 174.804 174.798 174.788 174.591 174.387 174.305 174.141 175.24 176.248 176.609 176.877 177.261 174.677 174.204 174.146 173.513 173.165 173.085 172.871 172.617 172.563 172.502 172.387 172.322 172.113 171.914 171.761 171.655 171.587 171.573 171.672 171.668 171.017 170.911 172.414 172.955 173.093 171.675 170.406 169.919 169.898 169.631 169.163 168.897 168.831 168.654 168.616 168.392 168.15 168.255 168.396 168.159 167.578 167.442 167.407 167.269 167.164 166.928 166.811
178.599 182.114 184.659 180.327 178.377 178.157 183.81 177.917 177.628 178.82 177.588 177.838 181.747 179.053 175.055 175.075 175.206 174.918 174.652 174.42 174.303 174.217 174.328 176.423 177.105 177.814 175.389 174.249 173.805 174.959 175.812 175.151 173.48 173.004 172.766 172.651 172.54 172.441 172.315 172.237 172.012 171.866 171.785 171.636 171.503 171.446 171.431 171.17 170.939 170.937 171.699 172.741 173.208 172.725 171.296 170.306 170.684 170.332 169.336 169.161 168.805 168.498 168.346 168.265 168.006 168.594 169.264 168.577 167.795 167.506 167.485 167.28 167.135 166.994 166.921
178.395 180.861 181.562 180.433 181.85 180.871 180.006 177.81 176.135 182.222 179.396 177.793 183.688 181.746 177.354 175.936 176.338 177.279 174.838 174.303 174.323 174.227 174.71 177.347 180.573 180.082 177.129 174.345 174.258 175.986 177.913 177.239 174.323 173.043 172.852 172.823 172.61 172.43 172.261 172.02 171.866 171.833 171.73 171.611 171.485 171.381 171.204 171.076 170.762 170.178 170.363 171.355 172.873 173.172 173.011 171.959 171.868 171.84 170.699 169.97 169.375 168.572 168.273 168.34 168.645 169.681 170.489 169.115 167.954 167.594 167.467 167.24 167.03 166.879 166.906
178.758 179.067 176.949 179.18 185.103 183.205 178.428 177.266 177.559 178.568 176.783 183.109 177.983 179.323 176.28 179.413 183.841 177.907 175.212 174.108 174.163 173.921 174.532 175.738 181.775 183.188 182.876 176.516 174.773 175.897 175.484 177.291 175.883 174.647 173.432 173.001 174.225 172.927 172.108 171.927 171.835 171.723 171.604 171.527 171.319 171.211 171.156 170.978 170.581 169.979 169.774 170.332 172.105 173.301 173.259 172.854 172.548 172.084 171.724 171.356 170.249 168.854 168.199 168.79 169.843 170.416 170.439 169.191 167.933 167.638 167.426 167.113 167.022 166.922 166.921
