dsm/se2637_DSM_2M.asc
ncols 500
nrows 500
xllcorner    426000
yllcorner    437000
cellsize     2
NODATA_value -9999
[rows 330 to 359 of 500, columns 136 to 203 of 500]
109.262 109.108 108.959 108.909 108.921 108.912 108.799 108.708 108.645 108.556 108.394 108.312 108.213 108.209 108.147 107.999 107.934 107.906 107.846 107.724 107.654 107.595 107.493 107.375 107.333 107.326 107.329 107.206 107.127 107.026 106.876 106.752 106.639 106.603 106.516 106.439 106.374 106.29 106.225 106.133 106.08 106.082 106.004 105.877 105.933 105.903 105.844 105.835 105.786 105.74 105.726 105.761 105.805 105.73 105.644 105.608 105.577 105.508 105.489 105.311 105.379 105.387 105.388 105.386 105.397 105.422 105.405 105.441
109.158 109.015 108.915 108.878 108.82 108.741 108.707 108.625 108.572 108.416 108.373 108.255 108.094 108.059 108.053 107.969 107.913 107.925 107.892 107.7 107.543 107.449 107.324 107.331 107.304 107.301 107.302 107.263 107.094 106.95 106.772 106.65 106.567 106.558 106.476 106.402 106.27 106.231 106.175 106.106 106.042 106.022 105.966 105.813 105.87 105.828 105.76 105.76 105.671 105.581 105.612 105.656 105.658 105.597 105.54 105.54 105.472 105.422 105.366 105.287 105.295 105.332 105.341 105.328 105.298 105.317 105.357 105.392
109.027 108.903 108.828 108.737 108.599 108.626 108.597 108.536 108.56 108.458 108.364 108.209 108.121 108.028 108.067 107.965 107.882 107.889 107.847 107.727 107.485 107.414 107.362 107.334 107.293 107.264 107.219 107.092 106.929 106.839 106.693 106.64 106.599 106.476 106.405 106.321 106.212 106.183 106.146 106.102 106.01 105.957 105.898 105.803 105.781 105.76 105.646 105.67 105.679 105.58 105.497 105.511 105.611 105.558 105.447 105.411 105.404 105.36 105.349 105.295 105.303 105.228 105.3 105.249 105.237 105.217 105.254 105.33
109.03 108.938 108.826 108.682 108.587 108.588 108.501 108.428 108.519 108.403 108.33 108.25 108.186 108.164 108.142 107.906 107.862 107.804 107.745 107.64 107.54 107.468 107.422 107.309 107.273 107.221 106.991 106.921 106.869 106.793 106.752 106.647 106.524 106.413 106.402 106.351 106.178 106.106 106.078 106.006 105.931 105.9 105.863 105.769 105.708 105.629 105.531 105.611 105.724 105.572 105.42 105.428 105.492 105.438 105.346 105.322 105.293 105.217 105.215 105.2 105.149 105.074 105.245 105.158 105.112 105.129 105.137 105.23
109.071 108.996 108.862 108.664 108.586 108.573 108.494 108.447 108.364 108.281 108.273 108.258 108.182 108.172 107.912 107.846 107.789 107.709 107.617 107.621 107.556 107.476 107.391 107.326 107.259 107.176 107.024 106.923 106.88 106.822 106.734 106.651 106.607 106.517 106.454 106.418 106.197 106.115 106.103 106.149 105.903 105.845 105.847 105.794 105.714 105.665 105.55 105.548 105.477 105.372 105.313 105.318 105.349 105.328 105.264 105.264 105.249 105.132 105.062 105.049 105.092 105.108 105.059 104.961 105.045 105.043 105.035 105.088
109.029 108.925 108.835 108.743 108.605 108.458 108.445 108.427 108.291 108.173 108.191 108.147 108.072 108.001 107.823 107.717 107.747 107.713 107.629 107.612 107.508 107.443 107.397 107.31 107.249 107.115 107.059 106.942 106.816 106.782 106.695 106.637 106.607 106.576 106.423 106.27 106.292 106.107 106.083 106.028 105.832 105.798 105.787 105.804 105.703 105.601 105.526 105.548 105.359 105.293 105.248 105.212 105.328 105.299 105.201 105.194 105.139 105.092 104.977 104.947 105.024 105.002 104.888 104.826 104.945 104.903 104.944 105.015
108.937 108.817 108.788 108.743 108.589 108.49 108.482 108.355 108.183 108.14 108.179 108.102 108.029 107.907 107.81 107.701 107.742 107.707 107.623 107.535 107.467 107.401 107.318 107.243 107.154 107.029 106.946 106.954 106.938 106.676 106.636 106.601 106.539 106.431 106.321 106.192 106.146 106.093 106.023 105.909 105.901 105.833 105.797 105.813 105.646 105.495 105.407 105.422 105.338 105.242 105.207 105.138 105.268 105.282 105.21 105.168 105.148 105.095 105.031 104.938 104.909 104.93 104.88 104.841 104.897 104.868 104.859 104.881
108.859 108.773 108.719 108.639 108.541 108.472 108.441 108.354 108.181 108.093 108.089 108.053 107.976 107.911 107.873 107.776 107.777 107.652 107.57 107.442 107.432 107.411 107.249 107.172 107.113 107.02 106.876 106.879 106.881 106.681 106.596 106.562 106.445 106.406 106.349 106.248 106.134 106.068 106.015 105.908 105.849 105.775 105.754 105.696 105.56 105.438 105.416 105.411 105.301 105.203 105.157 105.108 105.154 105.216 105.151 105.131 105.142 105.098 105.057 104.936 104.816 104.8 104.791 104.767 104.792 104.791 104.742 104.752
108.781 108.694 108.642 108.526 108.484 108.411 108.392 108.283 108.131 108.047 108.038 108.022 107.962 107.932 107.85 107.778 107.635 107.518 107.427 107.425 107.437 107.334 107.192 107.142 107.085 106.942 106.835 106.754 106.78 106.665 106.569 106.47 106.388 106.386 106.364 106.295 106.159 106.065 105.994 105.91 105.823 105.737 105.681 105.65 105.554 105.452 105.487 105.462 105.265 105.185 105.113 105.049 104.921 104.991 105.008 105.061 105.066 105.111 105.07 104.948 104.763 104.7 104.722 104.706 104.646 104.657 104.675 104.692
108.78 108.661 108.591 108.537 108.465 108.441 108.39 108.211 108.084 107.979 107.969 107.956 107.909 107.866 107.795 107.661 107.595 107.526 107.397 107.375 107.345 107.238 107.217 107.115 107.017 106.94 106.829 106.728 106.709 106.648 106.519 106.407 106.374 106.373 106.358 106.328 106.183 106.078 105.977 105.902 105.828 105.686 105.559 105.598 105.528 105.467 105.528 105.394 105.263 105.225 105.087 104.988 104.931 104.931 104.966 105.032 104.972 105.082 105.001 104.787 104.63 104.642 104.688 104.598 104.52 104.559 104.586 104.545
108.755 108.617 108.575 108.572 108.45 108.436 108.278 108.167 108.087 107.986 107.956 107.856 107.827 107.772 107.724 107.672 107.572 107.478 107.383 107.336 107.296 107.179 107.059 107.017 106.972 106.862 106.77 106.705 106.596 106.549 106.45 106.369 106.367 106.345 106.331 106.249 106.099 106.049 105.979 105.845 105.787 105.705 105.594 105.591 105.489 105.41 105.4 105.273 105.178 105.111 105.059 104.929 104.852 104.786 104.792 104.811 104.824 104.861 104.724 104.567 104.475 104.486 104.5 104.455 104.428 104.49 104.526 104.397
108.704 108.512 108.498 108.439 108.368 108.328 108.165 108.025 108.04 107.99 107.868 107.747 107.707 107.675 107.643 107.594 107.515 107.464 107.349 107.312 107.288 107.244 107.084 106.965 106.88 106.77 106.707 106.653 106.624 106.537 106.468 106.416 106.372 106.286 106.232 106.111 106.004 106.034 105.956 105.881 105.778 105.638 105.63 105.59 105.515 105.408 105.283 105.209 105.082 105.055 105.039 104.916 104.823 104.764 104.73 104.599 104.7 104.676 104.639 104.576 104.187 104.247 104.387 104.363 104.329 104.376 104.482 104.453
108.616 108.516 108.5 108.384 108.337 108.254 108.142 108.045 107.983 107.915 107.822 107.693 107.614 107.567 107.546 107.548 107.513 107.464 107.307 107.264 107.222 107.16 107.064 106.931 106.804 106.766 106.65 106.519 106.55 106.522 106.475 106.459 106.361 106.286 106.184 106.021 106.067 105.949 105.816 105.821 105.735 105.655 105.643 105.526 105.437 105.329 105.248 105.181 105.062 105.007 104.947 104.867 104.854 104.733 104.669 104.588 104.615 104.599 104.609 104.425 103.933 104.026 104.228 104.296 104.249 104.22 104.263 104.355
108.563 108.498 108.484 108.377 108.304 108.233 108.131 107.997 107.9 107.785 107.736 107.567 107.548 107.536 107.507 107.539 107.447 107.365 107.322 107.257 107.198 107.088 106.977 106.908 106.746 106.718 106.651 106.516 106.496 106.469 106.441 106.395 106.328 106.247 106.202 106.052 105.949 105.862 105.804 105.778 105.657 105.581 105.534 105.473 105.339 105.232 105.17 105.077 105.02 104.94 104.902 104.884 104.857 104.712 104.6 104.559 104.516 104.509 104.544 104.507 104.163 104.017 104.014 104.183 104.184 104.146 104.13 104.228
108.615 108.532 108.417 108.353 108.281 108.232 108.063 107.923 107.775 107.654 107.633 107.592 107.598 107.504 107.468 107.417 107.326 107.3 107.27 107.224 107.133 107.003 106.864 106.747 106.752 106.709 106.598 106.496 106.479 106.414 106.372 106.341 106.285 106.171 106.104 106.003 105.929 105.841 105.83 105.697 105.534 105.486 105.443 105.388 105.232 105.157 105.072 105.007 105.025 104.94 104.862 104.794 104.74 104.601 104.531 104.473 104.497 104.451 104.452 104.459 104.39 104.22 104.115 104.151 104.138 104.125 104.09 104.12
108.497 108.379 108.348 108.306 108.226 108.131 108.072 107.934 107.729 107.645 107.602 107.634 107.582 107.48 107.48 107.367 107.255 107.179 107.185 107.176 107.126 106.928 106.787 106.667 106.724 106.694 106.566 106.462 106.519 106.394 106.259 106.281 106.195 106.104 105.997 105.927 105.922 105.896 105.851 105.636 105.479 105.375 105.345 105.256 105.181 105.113 105.03 104.928 104.908 104.863 104.825 104.749 104.692 104.583 104.457 104.356 104.445 104.415 104.397 104.415 104.375 104.348 104.429 104.388 104.182 104.128 104.008 103.98
108.344 108.336 108.332 108.243 108.155 108.085 108.085 108.007 107.812 107.686 107.66 107.688 107.594 107.555 107.413 107.286 107.194 107.15 107.149 107.155 107.2 107.007 106.847 106.723 106.663 106.602 106.552 106.547 106.466 106.344 106.19 106.161 106.135 106.083 105.942 105.84 105.838 105.801 105.697 105.6 105.458 105.346 105.303 105.227 105.169 105.107 105.056 104.944 104.844 104.808 104.722 104.684 104.595 104.477 104.345 104.288 104.359 104.322 104.275 104.363 104.328 104.526 105.091 104.937 104.451 104.106 103.963 103.891
108.343 108.319 108.275 108.155 108.037 107.988 107.987 107.941 107.858 107.709 107.69 107.616 107.524 107.514 107.362 107.206 107.162 107.122 107.105 107.105 106.988 106.955 106.862 106.776 106.622 106.53 106.51 106.483 106.383 106.368 106.267 106.126 106.04 105.984 105.925 105.775 105.755 105.682 105.539 105.495 105.359 105.314 105.316 105.22 105.101 105.03 105.028 104.976 104.82 104.716 104.618 104.602 104.553 104.403 104.396 104.501 104.42 104.301 104.227 104.289 104.29 104.456 106.237 105.5 104.583 104.095 103.943 103.883
108.395 108.346 108.234 108.054 107.913 107.888 107.779 107.802 107.79 107.691 107.597 107.563 107.528 107.394 107.295 107.19 107.148 107.05 107.012 106.944 106.892 106.912 106.801 106.736 106.673 106.537 106.444 106.442 106.295 106.272 106.225 106.079 105.962 105.958 105.89 105.727 105.628 105.497 105.467 105.44 105.328 105.26 105.265 105.174 105.048 104.929 104.945 104.896 104.762 104.63 104.507 104.544 104.553 104.485 104.434 104.401 104.362 104.273 104.184 104.23 104.23 104.67 106.289 106.057 105.184 104.411 104.02 103.895
108.368 108.277 108.16 108.016 107.942 107.915 107.732 107.774 107.758 107.714 107.519 107.504 107.511 107.376 107.245 107.157 107.107 107.053 106.972 106.865 106.77 106.727 106.693 106.72 106.58 106.457 106.397 106.363 106.289 106.247 106.134 106.019 105.96 105.906 105.79 105.644 105.541 105.391 105.385 105.452 105.372 105.303 105.219 105.117 105.041 104.955 104.921 104.833 104.742 104.622 104.543 104.531 104.568 104.49 104.389 104.334 104.303 104.242 104.104 104.112 104.13 104.487 108.183 107.567 105.286 104.519 103.977 103.804
108.221 108.161 108.019 107.975 107.919 107.87 107.712 107.718 107.717 107.612 107.508 107.462 107.436 107.327 107.196 107.09 106.928 106.954 106.896 106.802 106.667 106.618 106.627 106.61 106.499 106.402 106.34 106.291 106.227 106.134 106.082 105.95 105.854 105.81 105.758 105.634 105.515 105.392 105.31 105.339 105.338 105.262 105.147 105.089 105.009 104.941 104.866 104.758 104.678 104.571 104.54 104.547 104.531 104.475 104.406 104.286 104.225 104.205 104.081 104.012 103.929 104.258 106.72 107.624 104.714 104.138 103.767 103.635
108.128 108.073 107.99 107.977 107.912 107.836 107.804 107.708 107.616 107.52 107.491 107.458 107.368 107.154 107.073 106.993 106.922 106.931 106.852 106.738 106.563 106.539 106.515 106.511 106.523 106.384 106.252 106.227 106.165 106.106 106.039 105.915 105.828 105.795 105.714 105.609 105.522 105.443 105.308 105.252 105.253 105.205 105.131 105.038 104.942 104.806 104.8 104.75 104.627 104.541 104.478 104.364 104.449 104.418 104.318 104.207 104.118 104.053 104.106 104.067 103.879 104.136 105.366 107.281 104.749 103.854 103.657 103.589
108.099 108.064 107.954 107.986 107.898 107.818 107.767 107.654 107.552 107.484 107.464 107.457 107.294 107.051 106.995 106.957 106.887 106.828 106.815 106.757 106.582 106.491 106.465 106.432 106.336 106.243 106.185 106.16 106.094 106.029 105.941 105.794 105.789 105.813 105.698 105.582 105.516 105.386 105.327 105.281 105.273 105.188 105.065 104.986 104.825 104.734 104.753 104.784 104.612 104.512 104.415 104.378 104.377 104.347 104.209 104.149 104.091 104.124 104.077 104.007 103.892 103.943 104.36 104.34 104.263 104.066 103.699 103.577
108.043 107.999 107.865 107.83 107.79 107.738 107.674 107.568 107.513 107.432 107.396 107.38 107.349 107.112 107.012 106.974 106.783 106.621 106.657 106.653 106.589 106.466 106.417 106.364 106.241 106.125 106.111 106.037 106.085 106.015 105.909 105.805 105.787 105.736 105.57 105.505 105.482 105.374 105.323 105.285 105.216 105.055 105.023 105.031 104.875 104.694 104.704 104.67 104.612 104.537 104.49 104.371 104.328 104.303 104.176 104.164 104.151 104.006 104.012 103.984 103.874 103.784 103.729 103.782 103.925 104.338 104.116 103.771
107.984 107.951 107.809 107.707 107.626 107.66 107.594 107.513 107.501 107.359 107.324 107.259 107.198 107.049 106.994 107.021 106.883 106.705 106.65 106.555 106.479 106.411 106.342 106.29 106.147 106.117 106.125 106.134 106.099 106.068 105.928 105.86 105.735 105.643 105.501 105.418 105.386 105.338 105.286 105.208 105.097 104.97 104.912 104.99 104.917 104.755 104.73 104.626 104.564 104.492 104.478 104.334 104.278 104.235 104.206 104.188 104.168 104.034 103.998 103.982 103.847 103.715 103.631 103.654 103.743 104.24 104.525 103.9
107.923 107.895 107.829 107.654 107.538 107.614 107.532 107.444 107.466 107.465 107.338 107.181 107.026 106.941 106.92 107.032 106.873 106.7 106.597 106.49 106.418 106.366 106.314 106.265 106.177 106.145 106.118 106.073 106.027 105.947 105.881 105.804 105.663 105.519 105.476 105.396 105.352 105.307 105.216 105.142 105.039 104.946 104.908 104.926 104.745 104.687 104.631 104.628 104.556 104.502 104.478 104.349 104.256 104.156 104.166 104.162 104.093 104.017 104 103.84 103.801 103.64 103.614 103.545 103.402 103.697 104.059 103.903
107.909 107.908 107.781 107.594 107.496 107.563 107.481 107.426 107.39 107.346 107.246 107.14 106.92 106.868 106.874 106.845 106.811 106.634 106.568 106.558 106.429 106.335 106.255 106.235 106.169 106.092 105.966 105.974 105.869 105.832 105.803 105.717 105.577 105.547 105.466 105.329 105.301 105.291 105.217 105.142 105.011 104.926 104.883 104.819 104.715 104.709 104.684 104.56 104.518 104.497 104.449 104.311 104.184 104.114 104.107 104.073 103.988 103.936 103.882 103.888 103.842 103.562 103.543 103.461 103.46 103.503 103.659 104.468
107.825 107.819 107.721 107.567 107.453 107.334 107.325 107.292 107.274 107.185 107.106 107.116 106.975 106.861 106.741 106.729 106.695 106.612 106.547 106.535 106.375 106.284 106.161 106.036 106.111 106.089 105.97 105.913 105.812 105.745 105.701 105.631 105.623 105.573 105.41 105.304 105.264 105.214 105.177 105.092 104.989 104.96 104.91 104.822 104.798 104.813 104.65 104.498 104.489 104.464 104.355 104.274 104.192 104.122 104.082 104.024 103.984 103.918 103.889 103.819 103.702 103.596 103.525 103.523 103.461 103.423 103.763 105.273
107.762 107.726 107.641 107.561 107.475 107.311 107.244 107.197 107.164 107.066 106.951 107.005 107.01 106.895 106.74 106.649 106.639 106.551 106.509 106.488 106.331 106.24 106.122 106.064 106.079 106.085 105.996 105.938 105.808 105.678 105.638 105.617 105.608 105.476 105.364 105.312 105.283 105.175 105.115 105.089 105.011 105.013 105.041 104.859 104.819 104.761 104.587 104.581 104.516 104.447 104.369 104.317 104.223 104.11 104.061 104.033 103.978 103.878 103.859 103.787 103.669 103.595 103.535 103.493 103.449 103.395 103.446 103.785
107.706 107.646 107.559 107.469 107.421 107.311 107.208 107.132 107.093 107.049 106.945 106.742 106.842 106.866 106.772 106.738 106.644 106.469 106.407 106.303 106.258 106.171 106.067 106.061 106.043 106.009 105.898 105.851 105.744 105.684 105.592 105.524 105.541 105.593 105.401 105.331 105.262 105.096 105.069 105.094 105.02 104.927 104.838 104.795 104.735 104.695 104.528 104.496 104.448 104.35 104.335 104.291 104.2 104.062 103.967 104.018 103.982 103.837 103.829 103.799 103.655 103.576 103.453 103.371 103.358 103.329 103.283 103.234
