dsm/se2637_DSM_2M.asc
ncols 500
nrows 500
xllcorner    426000
yllcorner    437000
cellsize     2
NODATA_value -9999
[rows 120 to 149 of 500, columns 0 to 67 of 500]
113.305 113.112 112.942 112.767 113.206 113.28 113.05 113.081 113.136 113.223 113.25 113.186 113.164 113.164 115.585 118.235 117.226 115.45 113.555 114.534 116.789 113.788 113.389 113.512 114.701 116.1 115.236 113.617 113.627 113.696 113.695 113.647 113.72 113.892 113.944 113.944 113.977 114.172 114.335 114.216 114.27 114.343 114.338 114.455 114.579 114.513 114.698 114.63 114.761 114.644 114.681 114.762 114.747 114.67 114.666 114.669 114.767 114.774 114.973 115.091 115.167 115.129 115.24 115.273 115.286 115.275 115.3 115.223
112.551 112.543 112.577 112.533 112.988 112.955 112.938 113.069 113.129 113.022 113.105 113.165 113.076 113.11 113.571 115.786 117.171 114.511 114.395 116.301 113.998 113.824 113.279 114.301 117.6 114.52 115.947 113.646 113.606 113.688 113.601 113.632 113.682 113.903 113.954 113.962 114.03 114.241 114.183 114.208 114.278 114.309 114.403 114.523 114.474 114.497 114.625 114.799 114.727 114.615 114.687 114.74 114.726 114.763 114.738 114.748 114.771 114.88 115.055 115.152 115.167 115.042 115.167 115.267 115.318 115.286 115.308 115.33
112.6 112.715 112.582 112.487 112.499 112.837 112.945 113.177 113.199 112.919 113.044 112.961 112.944 113.024 113.258 115.853 115.18 113.591 115.864 117.635 115.422 113.917 113.396 113.739 115.047 114.255 115.164 113.607 113.518 113.551 113.648 113.563 113.631 113.696 113.798 113.964 114.002 114.148 114.187 114.24 114.187 114.264 114.393 114.426 114.421 114.472 114.609 114.669 114.669 114.69 114.822 114.839 114.838 114.892 114.779 114.833 114.792 114.955 115.028 115.188 115.253 115.22 115.161 115.156 115.258 115.247 115.261 115.33
112.667 112.697 112.56 112.428 112.461 112.76 112.787 113.682 113.646 112.87 113.037 113.771 114.1 113.546 113.076 113.275 113.306 114.294 117.082 116.078 114.93 112.991 113.194 113.376 113.438 113.719 113.631 113.51 113.448 113.437 113.538 113.599 113.589 113.742 113.79 113.79 113.839 114.048 114.025 114.052 114.27 114.291 114.262 114.349 114.415 114.385 114.546 114.668 114.686 114.764 114.77 114.947 114.945 114.794 114.815 114.869 114.929 114.845 114.972 115.104 115.177 115.148 115.123 115.25 115.278 115.24 115.229 115.286
112.625 112.708 112.459 112.285 112.397 112.558 112.624 112.868 113.135 112.789 112.779 113.877 114.094 113.358 113.492 113.11 113.485 113.709 114.545 114.45 113.959 113.128 112.96 113.295 113.572 113.733 113.698 113.304 113.385 113.364 113.525 113.607 113.626 113.66 113.661 113.692 113.786 113.7 113.809 114.014 114.098 114.164 114.273 114.39 114.364 114.429 114.522 114.552 114.642 114.656 114.779 114.798 114.802 114.766 114.769 114.825 114.89 114.975 114.932 115.031 115.139 115.161 115.117 115.23 115.29 115.228 115.224 115.31
112.588 112.755 112.44 112.317 112.474 112.559 112.546 112.664 112.986 113.198 112.811 113.44 113.77 112.835 114.171 113.393 112.808 112.887 113.191 113.129 113.41 113.181 113.132 113.265 115.752 115.85 115.464 113.696 113.373 113.421 113.551 113.471 113.578 113.564 113.524 113.603 113.655 113.759 113.835 113.777 113.863 114.033 114.176 114.249 114.442 114.537 114.606 114.642 114.619 114.704 114.708 114.791 114.851 114.869 114.832 114.868 114.986 114.908 114.99 115.051 115.107 115.103 115.188 115.226 115.257 115.252 115.241 115.306
112.565 112.621 112.369 112.259 112.609 112.684 112.54 112.555 112.708 112.978 112.74 112.742 112.875 114.665 117.378 115.305 113.557 115.616 115.321 113.109 113.191 113.091 113.082 113.153 113.697 113.808 113.758 113.605 113.349 113.326 113.43 113.366 113.393 113.457 113.498 113.563 113.6 113.723 113.791 113.869 113.936 113.947 114.115 114.164 114.471 114.525 114.556 114.646 114.634 114.645 114.692 114.756 114.802 114.938 115 114.937 114.919 114.969 115.055 115.123 115.095 115.208 115.235 115.268 115.302 115.288 115.257 115.306
112.519 112.532 112.477 112.651 112.926 112.457 112.352 112.493 112.826 113.004 113.004 112.648 113.957 116.777 119.275 118.809 118.932 119.244 118.623 115.592 113.75 113.247 113.07 113.051 113.153 113.265 113.326 113.268 113.298 113.212 113.268 113.304 113.342 113.382 113.432 113.595 113.55 113.662 113.747 113.871 113.94 113.952 114.019 114.127 114.284 114.404 114.422 114.537 114.664 114.727 114.734 114.769 114.846 114.849 114.936 114.873 114.982 115.007 115.022 115.041 115.164 115.144 115.17 115.207 115.245 115.257 115.264 115.347
112.505 112.546 112.661 112.822 112.678 112.234 112.353 112.708 113.896 114.957 114.601 113.491 113.807 115.275 117.407 118.725 120.006 120.033 118.79 114.81 113.44 113.467 113.029 112.996 113.097 113.182 113.181 113.117 113.181 113.229 113.233 113.295 113.348 113.393 113.483 113.496 113.61 113.662 113.706 113.791 113.913 113.979 114.01 114.104 114.205 114.317 114.405 114.486 114.57 114.557 114.632 114.706 114.733 114.719 114.776 114.853 114.999 114.945 114.993 115.026 115.06 115.019 115.134 115.162 115.147 115.252 115.337 115.348
112.351 112.409 112.498 112.708 112.64 112.38 112.718 113.1 114.176 117.506 117.173 116.018 113.141 113.086 113.664 114.452 115.072 113.963 115.744 116.349 113.889 113.254 113.012 113.04 113.064 113.083 112.977 113.087 113.096 113.23 113.201 113.328 113.421 113.33 113.406 113.513 113.619 113.685 113.687 113.768 113.906 113.945 114.005 114.046 114.214 114.304 114.368 114.438 114.497 114.489 114.631 114.67 114.669 114.757 114.801 114.852 114.912 114.912 115.033 115.019 114.978 115.059 115.04 115.024 115.108 115.23 115.375 115.352
112.359 112.269 112.2 112.199 112.103 112.363 112.604 112.721 113.32 117.577 119.785 118.532 113.383 112.569 112.694 113.099 112.786 112.796 113.116 114.185 113.663 113.13 113.091 113.027 112.969 113.022 112.977 113.073 113.12 113.146 113.151 113.289 113.353 113.398 113.402 113.485 113.646 113.627 113.699 113.75 113.797 113.917 114.005 114.049 114.06 114.181 114.283 114.385 114.403 114.458 114.583 114.625 114.673 114.758 114.701 114.789 114.766 114.818 114.992 114.93 114.916 114.952 114.973 115.038 115.058 115.101 115.185 115.135
112.622 112.156 111.891 112.275 112.372 112.441 112.756 112.74 113.379 117.966 119.904 117.736 112.941 112.56 112.903 113.065 112.734 112.756 113.202 113.961 114.177 113.147 113.004 112.963 112.96 113.029 112.921 113.032 113.115 113.222 113.257 113.274 113.31 113.332 113.368 113.416 113.571 113.65 113.646 113.665 113.73 113.838 113.974 114.066 114.158 114.207 114.276 114.358 114.366 114.486 114.556 114.623 114.654 114.69 114.659 114.68 114.729 114.809 114.941 114.94 114.901 114.895 114.946 115.021 115.039 115.037 115.205 115.11
113.824 112.523 112.211 112.736 112.457 112.492 112.639 113.511 115.95 118.797 119.719 114.862 112.603 112.686 113.346 113.364 112.781 112.64 113.176 114.328 113.339 113.1 112.948 112.899 112.954 113.005 113.025 113.083 113.052 113.141 113.167 113.224 113.242 113.286 113.348 113.413 113.459 113.499 113.578 113.606 113.751 113.823 114.072 114.071 114.077 114.164 114.242 114.288 114.354 114.482 114.477 114.555 114.501 114.593 114.659 114.679 114.742 114.817 114.817 114.867 114.858 114.879 114.893 114.882 115.018 115.108 115.158 115.106
113.478 112.629 112.532 112.273 112.283 112.247 112.292 113.9 117.618 119.039 119.271 115.475 112.765 112.83 112.954 113.107 113.108 112.808 112.991 113.291 113.646 112.976 112.949 112.861 112.863 113.024 113.077 113.059 113.002 113.136 113.137 113.232 113.267 113.378 113.462 113.413 113.407 113.474 113.561 113.641 113.734 113.985 113.983 114.068 114.153 114.128 114.172 114.309 114.337 114.358 114.402 114.539 114.566 114.497 114.642 114.63 114.737 114.769 114.824 114.774 114.887 114.822 114.879 114.925 114.924 114.992 115.006 115.059
112.059 112.114 112.546 112.207 112.223 112.296 112.301 112.872 116.912 119.612 119.018 116.24 112.487 113.131 112.893 112.812 112.822 112.846 112.977 113.12 112.984 112.92 112.867 112.858 112.847 112.917 113.021 112.99 113.031 113.122 113.181 113.207 113.289 113.332 113.343 113.381 113.461 113.549 113.602 113.661 113.713 113.862 113.976 114.083 114.129 114.184 114.216 114.303 114.316 114.355 114.366 114.391 114.533 114.519 114.558 114.691 114.643 114.722 114.855 114.716 114.712 114.816 114.885 114.793 114.816 114.967 114.902 115.006
111.959 111.931 111.94 112.099 112.644 112.855 112.772 114.055 118.504 120.066 119.257 114.477 112.453 112.51 112.57 112.69 112.689 113.076 113.018 113.853 113.117 112.897 112.749 112.832 112.977 112.921 112.989 112.983 113.097 113.125 113.183 113.135 113.242 113.268 113.316 113.335 113.413 113.491 113.592 113.657 113.665 113.824 113.887 113.966 114.019 114.136 114.196 114.292 114.35 114.422 114.392 114.373 114.428 114.548 114.444 114.515 114.614 114.703 114.679 114.673 114.735 114.756 114.872 114.82 114.939 114.971 114.99 115.077
111.952 111.924 111.963 112.011 112.426 112.469 113.382 116.761 118.837 119.684 117.117 112.819 113.2 113.183 112.903 112.633 112.683 112.732 112.88 113.896 113.405 112.876 112.822 112.876 112.797 112.881 112.911 112.913 112.986 113.08 113.093 113.034 113.05 113.225 113.242 113.296 113.391 113.484 113.573 113.621 113.672 113.803 113.864 113.917 114.04 114.135 114.246 114.353 114.328 114.325 114.342 114.391 114.449 114.4 114.457 114.505 114.541 114.56 114.642 114.711 114.722 114.693 114.755 114.804 114.827 114.948 114.953 115.066
112.013 112.102 112.183 112.349 112.837 112.284 113.089 115.053 118.529 118.806 117.339 114.603 113.861 114.273 114.273 113.574 112.717 112.68 112.776 113.977 113.158 112.808 112.799 112.878 112.853 112.885 112.858 112.84 112.963 112.997 112.971 113.061 113.121 113.229 113.278 113.395 113.473 113.404 113.471 113.581 113.599 113.793 113.846 113.949 113.924 114.029 114.303 114.401 114.305 114.278 114.302 114.37 114.431 114.437 114.451 114.454 114.485 114.519 114.542 114.632 114.658 114.656 114.616 114.69 114.821 114.839 114.861 115.011
112.019 112.141 112.222 112.178 112.311 112.125 112.238 114.659 118.675 119.08 118.037 114.986 113.748 113.707 113.461 113.023 112.506 112.59 112.821 113.343 112.84 112.822 112.825 112.869 112.856 112.83 112.832 112.872 112.956 113.001 113.013 113.12 113.202 113.308 113.326 113.377 113.346 113.359 113.416 113.524 113.581 113.754 113.827 113.824 113.829 114.089 114.155 114.288 114.28 114.283 114.227 114.335 114.279 114.417 114.461 114.422 114.438 114.516 114.561 114.625 114.621 114.638 114.745 114.753 114.73 114.784 114.818 114.993
111.857 112.098 112.196 112.744 112.904 112.23 113.318 116.994 119.479 119.398 116.632 112.991 112.266 112.746 112.653 112.631 112.503 112.656 113.021 113.073 112.824 112.703 112.692 112.778 112.806 112.844 112.848 112.881 112.897 113.052 113.144 113.16 113.153 113.154 113.231 113.268 113.287 113.36 113.369 113.427 113.583 113.668 113.659 113.761 113.912 113.938 114.082 114.124 114.168 114.203 114.256 114.23 114.217 114.317 114.283 114.404 114.448 114.524 114.629 114.565 114.487 114.551 114.669 114.691 114.685 114.743 114.745 114.806
111.78 111.918 112.403 112.713 112.86 112.958 114.969 118.276 119.615 118.13 114.335 112.336 112.443 112.566 112.531 112.526 112.549 112.819 112.959 112.837 112.738 112.732 112.878 112.772 112.821 112.898 112.859 112.78 112.912 113.12 113.159 113.041 113.074 113.148 113.18 113.196 113.312 113.332 113.37 113.438 113.502 113.517 113.665 113.732 113.814 113.918 113.98 113.99 114.103 114.175 114.218 114.246 114.212 114.294 114.24 114.35 114.36 114.44 114.554 114.479 114.471 114.552 114.598 114.669 114.719 114.738 114.687 114.835
112.076 112.519 112.321 112.335 112.483 113.663 116.454 118.347 119.517 117.821 114.596 112.555 112.254 112.742 112.507 112.543 112.561 112.846 113.255 112.968 112.821 112.85 112.83 112.8 112.765 112.838 112.844 112.803 112.988 113.106 113.055 113.009 113.09 113.123 113.122 113.206 113.326 113.338 113.349 113.375 113.482 113.519 113.606 113.629 113.749 113.847 113.919 114.002 113.996 114.065 114.179 114.193 114.219 114.198 114.283 114.312 114.3 114.394 114.433 114.492 114.539 114.533 114.578 114.647 114.697 114.692 114.713 114.883
112.096 112.827 112.678 112.742 112.684 112.917 115.325 117.837 119.719 118.666 114.383 112.379 112.195 112.33 112.432 112.476 112.646 113.586 113.762 112.919 112.751 112.719 112.719 112.745 112.722 112.79 112.816 112.949 113.033 113.002 113.053 113.049 113.121 113.115 113.181 113.324 113.298 113.311 113.345 113.332 113.428 113.508 113.625 113.636 113.713 113.78 113.857 113.966 113.986 114.005 114.075 114.222 114.193 114.195 114.284 114.28 114.28 114.306 114.369 114.454 114.445 114.501 114.572 114.607 114.698 114.74 114.713 114.738
111.798 111.955 112.545 113.506 112.119 112.392 112.741 115.731 117.44 116.866 113.494 112.323 112.232 112.326 112.404 112.331 112.589 113.678 113.449 112.755 112.656 112.692 112.727 112.765 112.737 112.807 112.868 112.973 113.077 113.061 113.049 113.079 113.179 113.17 113.195 113.21 113.291 113.32 113.427 113.457 113.469 113.561 113.598 113.675 113.742 113.8 113.901 113.945 114.021 114.02 113.988 114.07 114.128 114.138 114.232 114.285 114.283 114.265 114.39 114.464 114.395 114.464 114.572 114.547 114.601 114.67 114.666 114.803
111.856 111.878 111.893 111.937 111.911 111.998 113.1 112.89 114.379 112.986 113.642 113.702 112.726 112.358 112.4 112.35 112.61 113.483 113.599 112.735 112.611 112.611 112.692 112.741 112.745 112.817 112.89 112.997 112.991 113.057 113.098 113.085 113.17 113.225 113.212 113.232 113.296 113.33 113.363 113.493 113.503 113.527 113.626 113.677 113.743 113.797 113.851 113.873 114.004 113.999 114.014 114.091 114.084 114.088 114.221 114.231 114.201 114.257 114.317 114.319 114.378 114.475 114.5 114.545 114.505 114.605 114.756 114.781
111.743 111.691 111.854 111.801 112.89 113.796 117.103 117.721 117.218 114.64 112.499 113.336 113.214 112.489 112.617 113.026 113.497 114.231 113.156 112.716 112.58 112.561 112.637 112.711 112.813 112.865 112.917 112.967 112.928 112.93 113.052 113.11 113.148 113.213 113.183 113.201 113.346 113.354 113.371 113.466 113.471 113.562 113.63 113.712 113.773 113.809 113.871 113.944 113.948 114.001 114.082 114.087 114.046 114.125 114.189 114.189 114.241 114.305 114.331 114.348 114.456 114.517 114.534 114.578 114.603 114.576 114.629 114.726
112.301 111.817 111.86 111.983 112.29 113.866 117.753 119.679 118.285 113.701 112.208 112.455 112.677 112.416 112.345 112.681 113.088 112.672 112.757 112.637 112.579 112.636 112.686 112.86 112.799 112.812 112.918 112.932 112.961 112.921 113.118 113.17 113.157 113.201 113.185 113.194 113.252 113.288 113.373 113.432 113.494 113.503 113.573 113.656 113.774 113.82 113.785 113.861 113.93 113.981 114.023 114.08 114.083 114.12 114.186 114.222 114.21 114.227 114.359 114.431 114.433 114.476 114.529 114.598 114.592 114.637 114.663 114.723
112.526 112.034 111.968 112.412 112.127 112.927 118.006 119.625 118.255 114.042 112.096 112.066 112.269 112.347 112.346 112.382 112.369 112.431 112.533 112.575 112.526 112.645 112.733 112.788 112.801 112.849 112.907 112.993 113.023 113.126 113.127 113.195 113.103 113.186 113.159 113.214 113.311 113.303 113.335 113.444 113.533 113.52 113.529 113.647 113.729 113.72 113.833 113.853 113.962 114.004 114.042 114.099 114.075 114.076 114.168 114.151 114.177 114.237 114.421 114.39 114.444 114.39 114.503 114.614 114.524 114.69 114.707 114.71
111.635 111.621 111.799 111.923 112.301 116.348 118.872 119.388 117.36 112.767 112.042 112.211 112.888 112.859 112.543 112.404 112.434 112.524 112.517 112.567 112.631 112.672 112.681 112.729 112.845 112.905 112.942 113.007 113.054 113.109 113.159 113.175 113.016 113.119 113.192 113.236 113.295 113.275 113.36 113.415 113.448 113.478 113.547 113.603 113.698 113.688 113.79 113.826 113.843 114.007 113.963 114.057 114.081 114.167 114.13 114.184 114.217 114.244 114.242 114.355 114.378 114.393 114.463 114.516 114.647 114.671 114.661 114.686
111.676 111.8 111.722 111.757 112.804 115.988 118.723 118.435 115.156 112.451 111.948 112.076 112.766 112.749 112.999 113.138 112.75 112.542 112.616 112.634 112.583 112.632 112.725 112.743 112.876 112.999 113.079 113.04 113.098 113.115 113.142 113.11 113.098 113.177 113.244 113.286 113.312 113.337 113.419 113.453 113.461 113.575 113.729 113.785 113.66 113.671 113.735 113.763 113.786 113.953 114.01 114.092 114.075 114.061 114.124 114.237 114.264 114.289 114.278 114.372 114.463 114.548 114.527 114.574 114.613 114.631 114.646 114.631
