dsm/se2632_DSM_2M.asc
ncols 500
nrows 500
xllcorner    426000
yllcorner    432000
cellsize     2
NODATA_value -9999
[rows 186 to 216 of 500, columns 276 to 344 of 500]
113.576 115.076 115.782 115.258 113.581 113.696 115.818 119.932 120.854 120.753 120.988 118.634 113.768 113.722 114.836 115.304 114.03 114.961 113.54 113.588 113.628 115.303 115.597 115.278 114.334 113.218 115.099 114.937 115.671 114.002 114.862 114.079 114.95 114.487 115.652 115.139 115.529 116.972 118.879 119.892 119.127 117.01 113.441 113.563 113.061 112.679 112.588 112.609 112.571 112.767 112.21 112.169 116.162 118.347 119.401 118.636 116.461 112.45 112.782 113.159 113.456 113.462 113.161 112.852 112.888 111.397 111.838 114.913 112.266
113.503 113.51 114.01 113.333 113.553 113.651 113.565 118.99 120.499 120.547 120.225 118.148 114.918 113.624 113.269 116.219 118.153 117.723 114.214 113.548 114.962 115.142 114.502 113.412 113.091 113.215 113.297 116.226 116.053 113.973 113.181 113.245 112.685 112.55 112.985 112.747 112.413 116.627 118.903 120.036 118.952 117.699 112.599 112.85 112.974 113.386 112.521 112.498 112.46 112.552 112.178 112.029 115.949 118.185 118.542 118.252 113.817 111.917 112.052 111.577 111.976 111.508 112.837 111.366 111.324 110.863 113.422 111.595 113.648
113.52 113.848 113.695 113.512 113.328 113.505 113.734 118.852 119.657 119.366 119.107 119.075 115.577 113.344 116.194 118.859 119.69 118.411 116.026 114.94 113.801 114.569 113.243 113.632 112.856 112.959 113.914 115.633 115.724 114.154 112.623 112.782 112.521 112.484 113.887 112.386 112.405 116.662 118.239 118.492 118.227 117.602 112.495 112.707 112.716 113.706 112.459 112.387 112.396 112.558 112.816 112.993 113.606 114.136 116.366 113.632 113.453 113.168 113.409 113.937 113.133 112.601 111.46 110.686 110.732 110.61 115.894 116.55 116.656
113.447 115.96 117.443 116.234 113.932 113.317 113.582 115.037 114.865 114.99 115.152 114.378 113.369 116.014 118.886 119.826 120.586 119.5 116.647 115.98 113.656 113.043 112.816 113.339 112.806 112.772 112.808 116.362 115.927 113.934 113.483 112.521 112.861 112.576 112.842 112.82 112.535 113.816 113.171 112.734 112.368 112.962 113.429 112.677 112.413 112.338 112.374 112.378 112.33 112.423 112.269 112.131 111.927 111.675 111.821 111.818 111.812 113.455 112.598 113.724 111.389 112.121 111.786 110.741 110.677 110.901 114.589 116.659 116.548
114.866 117.046 119.286 119.541 118.13 114.422 113.219 113.426 113.426 113.518 119.97 117.186 114.335 113.84 117.42 119.5 120.298 119.924 118.565 116.163 113.72 113.064 112.994 112.751 112.723 112.735 112.686 115.788 115.791 113.412 113.805 114.249 113.992 112.476 112.349 112.151 112.11 112.245 112.011 112.112 112.12 112.097 113.229 112.473 112.325 112.254 112.26 112.314 112.257 112.337 112.732 111.788 112.707 112.627 115.149 115.298 112.54 112.033 111.269 111.177 111.245 112.629 112.726 112.653 112.529 111.06 111.299 111.776 111.853
113.684 116.589 119.889 120.521 119.595 115.912 113.194 113.269 113.235 114.041 116.725 115.046 114.935 113.672 115.403 119.104 119.736 119.619 118.945 116.59 115.989 112.982 112.713 112.756 112.718 112.762 113.353 115.476 113.996 112.483 113.114 112.878 112.893 112.798 112.209 113.472 114.161 117.591 117.51 116.954 117.862 113.191 112.209 113.11 112.458 112.212 112.262 112.275 112.22 112.415 112.146 111.477 114.847 117.795 117.805 117.83 115.868 113.251 111.434 111 111.07 113.152 111.683 111.253 111.156 111.836 111.925 112.381 114.161
117.262 118.888 120.342 120.399 119.384 118.215 114.168 113.793 113.326 113.025 113.869 114.312 113.306 113.101 113.795 118.122 119.076 115.754 115.801 113.771 114.392 113.36 112.679 112.725 114.378 115.98 116.484 116.194 113.22 112.478 112.358 112.321 112.307 112.227 112.173 113.542 115.047 117.774 118.865 118.904 117.876 112.662 112.47 112.175 112.23 112.185 112.165 112.172 112.211 112.175 111.903 111.882 116.248 118.023 118.805 118.066 115.315 113.687 111.272 110.786 110.728 112.126 111.875 110.653 110.525 111.385 113.169 116.631 116.606
117.64 119.23 119.723 119.682 118.462 113.257 113.231 113.315 112.956 113.026 113.046 112.96 112.884 114.096 113.885 113.146 114.565 112.984 113.709 113.165 114.461 114.46 113.795 114.5 113.948 113.441 113.173 114.13 113.603 112.733 112.331 112.338 112.611 112.165 112.317 112.802 115.306 118.039 119.053 119.08 117.703 112.985 112.373 112.191 112.197 112.124 112.085 112.098 112.144 112.197 112.362 111.914 115.718 118.339 118.911 118.26 115.675 113.963 112.194 111.168 110.948 111.239 112.426 111.779 110.878 112.698 113.17 115.9 116.11
114.776 116.372 118.345 119.034 114.664 113.147 113.084 112.94 112.953 112.982 112.97 112.93 112.811 112.861 113.058 112.746 112.601 112.692 112.64 114.166 113.205 114.249 114.362 112.924 113.157 112.849 112.547 113.006 112.774 112.419 112.291 112.205 112.257 112.119 112.079 113.353 114.284 117.962 119.196 118.886 118.108 113.122 112.165 112.357 112.224 112.028 112.005 112.02 111.984 112.431 111.584 111.365 113.718 117.55 117.799 117.834 117.054 113.976 111.547 111.115 111.036 111.158 112.147 112.365 112.458 110.871 110.46 111.789 110.345
113.456 114.032 113.369 114.218 113.125 113.103 113.257 112.872 112.864 112.913 112.892 112.82 112.793 112.724 112.706 115.231 117.885 118.614 118.151 118.135 114.94 112.585 112.549 112.575 112.527 112.52 112.88 113.124 113.14 112.289 112.213 112.196 113.369 113.324 114.117 112.442 114.961 117.595 117.936 117.89 117.715 113.279 112.23 112.421 112.035 111.922 111.942 111.936 111.902 111.925 111.751 111.923 111.607 115.098 116.446 113.058 113.481 112.923 111.728 113.298 113.237 112.845 113.029 111.348 110.24 112.215 112.93 114.565 114.026
113.112 112.965 112.975 112.908 112.877 112.866 112.819 113.321 112.997 112.787 112.819 112.749 112.68 113.155 113.563 113.556 118.403 119.359 119.316 118.504 114.193 113.34 113.592 113.349 114.056 113.616 114.021 113.23 113.022 112.667 112.532 112.233 113.72 114.461 114.47 112.681 112.021 112.922 112.944 112.938 111.952 112.009 111.974 112.005 111.925 111.861 111.879 111.824 111.864 111.902 111.722 111.559 111.445 111.295 111.356 110.922 111.235 112.151 111.649 112.428 112.554 113.116 112.49 111.584 109.882 111.81 112.825 115.977 116.274
113.979 115.994 117.24 117.989 118.015 115.742 112.76 112.896 113.149 112.661 112.621 112.615 112.618 113.57 112.748 113.678 118.371 119.575 119.683 118.19 115.198 115.271 112.626 112.282 112.271 112.28 112.37 112.58 112.234 112.273 112.37 112.287 112.101 113.347 113.451 113.432 111.931 112.259 111.83 111.666 111.731 112.779 112.646 111.851 111.818 111.803 111.829 111.818 112.378 111.826 111.592 111.208 113.466 114.002 114.813 113.999 112.023 112.371 112.94 112.349 110.18 110.852 110.55 110.099 109.867 111.852 112.725 115.001 115.102
115.118 117.777 119.043 119.809 119.007 116.283 113.428 112.739 112.898 112.534 112.683 112.442 112.508 113.013 112.568 113.329 118.228 119.21 120.207 118.645 116.506 114.042 112.48 112.44 112.328 112.625 112.743 113.453 112.507 112.036 112.062 112.019 111.991 111.951 113.047 112.074 111.777 117.179 117.746 117.744 117.074 113.397 111.904 112.481 112.045 111.706 111.745 111.84 111.979 111.771 111.341 111.061 114.78 117.243 118.055 117.166 113.651 111.219 110.54 110.172 110.964 111.05 111.508 111.44 110.833 109.958 110.83 112.014 113.128
115.183 116.786 119.034 119.906 119.393 115.429 112.958 112.638 113.448 113.415 112.649 112.392 112.425 112.583 112.773 112.897 117.935 118.545 118.363 118.019 116.643 114.086 112.554 113.602 113.207 114.988 113.309 114.044 112.893 112.029 112.036 112.039 112.001 111.979 114.119 113.403 111.622 117.164 118.799 118.662 117.577 113.195 111.715 112.462 112.041 111.651 111.672 111.681 111.85 111.656 111.225 111.022 114.589 117.344 118.23 117.57 112.646 110.84 110.46 110.191 110.39 110.13 110.477 110.018 110.572 111.857 114.196 115.643 115.552
113.948 115.436 118.901 119.614 119.354 118.013 112.699 113.551 113.45 112.942 112.458 112.336 112.266 112.534 113.01 112.975 112.509 113.95 112.561 114.165 114.578 113.175 113.742 113.913 113.895 112.967 113.883 114.327 112.335 112.204 111.995 112.13 113.432 114.281 112.916 112.184 112.237 116.369 118.734 118.819 117.777 113.13 111.649 112.067 111.749 111.584 111.618 111.64 112.564 112.319 111.353 110.884 114.803 117.267 118.231 117.257 114.898 110.726 110.524 110.206 109.994 111.426 110.612 109.96 109.837 111.717 112.679 115.862 115.91
112.727 114.711 118.391 118.864 118.541 117.996 113.185 113.25 112.831 112.331 112.281 112.246 112.203 112.259 112.351 112.283 112.071 112.068 113.088 115.803 113 112.054 113.716 112.97 112.443 112.123 112.986 113.537 114.856 117.031 113.172 112.141 114.934 115.591 113.141 111.626 111.789 117.448 119.235 118.486 117.491 112.855 111.511 112.373 111.611 111.494 111.536 111.612 112.896 111.912 111.113 111.004 116.037 117.234 117.294 117.224 113.707 110.612 110.237 110.04 110.101 110.349 111.072 111.332 111.483 112.062 112.605 114.484 114.521
113.461 112.646 114.127 113.685 113.075 112.537 112.285 113.205 112.551 112.416 112.164 112.164 112.106 112.541 112.12 113.389 114.717 117.707 118.018 118.293 114.439 112.777 111.92 112.058 113.888 112.268 113.156 113.235 115.71 117.588 112.873 111.675 112.206 113.956 113.516 112.414 111.838 116.955 117.462 117.424 117.411 113.158 111.463 112.44 111.491 111.469 111.485 111.485 111.471 111.528 112.484 111.744 114.57 112.489 112.416 115.542 111.711 110.45 111.617 112.186 111.841 111.161 110.784 111.169 111.247 111.686 111.659 113.047 113.602
112.914 113.8 114.421 114.077 112.328 112.353 113.158 112.548 112.362 112.204 112.085 112.078 112.034 112.879 112.196 111.915 112.85 117.672 118.957 118.745 114.963 112.854 113.464 113.099 113.548 113.232 113.239 112.111 112.517 113.2 114.346 112.485 112.746 113.701 113.778 112.88 111.68 111.612 111.575 111.51 111.562 111.512 111.51 111.448 111.41 111.368 111.408 111.433 111.412 111.972 112.078 110.858 110.543 110.714 110.636 110.46 110.507 110.271 110.831 110.954 111.66 111.218 109.736 109.39 109.443 112.038 114.391 115.423 115.426
112.312 112.389 114.244 117.449 118.277 118.478 116.211 112.196 112.169 113.6 112.046 112.059 111.958 112.581 112.279 112.775 112.502 117.861 119.012 118.763 117.584 115.01 113.172 111.765 111.801 111.806 111.802 111.798 112.196 112.93 115.204 115.396 112.848 113.586 113.59 113.296 111.096 111.213 112.098 113.953 112.088 111.212 112.194 111.329 111.323 111.306 111.363 111.321 111.384 111.326 111.329 110.767 113.286 110.68 114.246 113.439 111.346 110.126 112.096 112.064 112.026 111.382 109.599 110.222 109.381 109.995 110.387 115.152 115.182
112.461 114.91 115.805 118.509 119.373 118.408 116.503 112.665 112.17 112.712 112.226 111.96 111.882 111.956 112.18 112.315 112.906 117.435 118.303 118.464 117.734 115.265 114.645 111.849 111.837 111.852 111.758 111.891 111.869 111.907 111.835 111.835 111.747 111.954 111.968 112.043 111.166 116.84 117.35 117.272 116.124 111.316 111.256 111.812 111.302 111.221 111.272 111.816 111.885 111.07 110.668 110.393 114.261 116.661 117.983 116.434 113.717 110.894 109.919 110.033 109.887 109.987 111.071 111.358 111.32 109.69 110.192 110.789 110.442
113.293 114.75 114.181 118.408 119.427 118.738 117.185 113.342 112.39 112.397 112.031 111.89 111.852 112.026 111.937 112.668 112.658 116.279 116.973 116.037 114.407 112.36 111.797 113.671 112.673 112.095 112.189 112.132 112.778 111.991 111.776 111.453 111.444 111.906 111.485 111.183 112.727 117.004 118.199 118.12 116.846 112.587 111.107 112.046 111.282 111.16 111.23 111.249 111.52 111.634 110.613 110.502 114.982 116.875 117.66 116.542 113.399 111.237 110.295 109.836 110.179 110.44 110.276 109.836 110.739 109.28 109.342 112.36 112.877
112.517 114.374 114.941 118.27 118.876 118.616 117.913 113.186 112.414 111.949 111.855 111.783 111.756 111.751 111.806 112.17 111.864 111.549 111.705 112.084 111.494 111.431 111.476 113.477 113.429 113.02 111.902 111.652 113.217 112.129 111.575 111.316 111.556 111.395 111.661 111.389 113.193 117.061 118.177 117.952 116.859 111.79 111.08 112.25 111.252 111.692 111.125 111.201 111.787 112.794 111.896 110.767 115.887 116.964 117.61 116.452 113.544 110.893 109.937 110.949 111.565 110.006 109.851 110.124 110.331 109.288 110.872 112.553 115.288
111.993 112.962 114.7 117.717 117.867 117.737 117.411 112.616 113.216 112.351 111.75 111.733 111.722 111.649 111.708 112.048 112.081 111.503 113.279 114.358 116.823 115.623 111.474 112.937 112.247 111.58 111.405 111.542 112.871 112.301 111.325 111.233 111.199 111.169 111.173 111.112 111.176 116.955 117.742 117.857 116.72 112.69 111.735 112.433 111.385 111.65 111.097 111.105 111.818 111.671 110.934 110.489 115.655 116.618 117.037 116.446 113.524 111.547 109.948 109.909 110.772 111.268 110.137 109.365 109.739 109.323 110.899 113.184 114.669
111.934 112.074 112.438 113.161 114.327 113.836 111.707 111.942 111.978 111.941 111.721 111.65 111.673 111.61 111.647 111.367 111.317 114.903 117.55 117.754 117.87 115.729 111.27 111.306 111.527 112.11 111.76 112.579 113.181 112.243 111.233 111.19 112.225 111.516 111.523 112.24 111.189 116.563 116.626 116.606 116.438 111.551 111.557 112.304 111.277 111.156 111.008 111.014 111.344 111.111 111.633 111.25 111.625 112.275 111.973 115.671 112.854 112.201 110.333 110.95 111.346 114.484 111.995 111.542 111.566 111.293 109.082 109.077 110.311
113.163 113.656 111.773 111.475 114.393 111.781 114.524 114.487 111.93 112.449 111.666 111.593 111.585 111.523 111.609 111.428 111.307 114.89 117.348 118.457 118.167 115.431 111.335 112.43 112.871 111.817 112.551 111.748 112.666 112.046 111.183 111.179 112.236 113.2 113.177 113.148 111.887 111.353 110.96 111.001 110.956 110.942 110.99 110.955 110.94 110.899 110.977 110.929 111 111.338 110.853 110.523 110.26 110.281 110.206 110.397 110.803 111.939 112.033 112.03 111.651 110.611 112.09 109.618 109.667 109.57 109.05 109.33 113.867
113.876 113.517 112.607 114.621 117.842 118.069 117.62 113.671 111.942 112.063 111.658 112.747 111.535 111.513 111.53 111.358 111.274 111.366 117.102 118.247 118.397 117.055 113.633 112.031 111.141 111.184 111.182 111.221 112.213 111.919 111.128 111.073 111.511 113.016 113.003 112.598 111.832 111.619 111.247 111.352 111.451 111.216 111.896 111.664 110.857 110.799 110.878 110.858 110.956 111.123 110.616 110.299 110.213 110.318 114.172 113.261 112.955 110.141 112.128 112.576 112.64 112.901 114.564 110.064 109.436 109.079 108.967 109.52 115.077
111.684 111.685 111.532 114.547 118.153 118.724 118.012 114.099 111.562 111.555 111.592 112.429 111.551 111.398 111.432 111.301 111.286 111.315 116.832 117.596 117.644 117.125 114.515 112.089 111.174 111.152 111.839 112.278 112.148 113.163 111.207 111.144 111.194 112.958 112.134 112.025 111.351 111.173 112.113 111.148 111.162 112.028 111.297 110.856 110.8 110.764 110.85 110.796 110.903 110.871 110.432 110.621 114.222 116.048 116.778 116.669 114.624 111.091 111.022 110.849 110.675 111.673 114.372 111.875 111.132 109.621 108.964 112.837 114.188
111.914 111.666 111.862 114.594 117.903 118.707 117.899 114.249 111.482 111.488 111.929 111.648 111.322 111.324 111.339 111.582 111.537 111.863 112.329 112.42 112.717 112.394 112.222 111.283 111.608 111.308 111.54 112.867 113.219 114.505 112.216 111.32 111.18 111.169 111.143 111.102 111.173 116.277 116.392 117.028 115.887 111.769 111 110.876 110.744 110.729 110.757 110.771 110.827 110.615 110.441 110.451 115.965 117.539 117.759 116.941 115.792 111.429 109.824 110.026 110.869 110.157 111.407 111.383 111.536 109.949 109.025 109.081 109.842
111.685 113.394 112.021 114.485 117.79 118.236 117.759 117.082 111.662 111.521 112.195 111.393 111.26 111.295 111.261 111.253 111.354 111.643 111.286 111.126 111.385 111.23 111.959 111.372 111.334 111.405 112.248 112.615 113.58 116.834 116.334 114.453 111.636 111.402 111.137 111.157 111.215 116.865 117.872 117.966 116.938 112.544 110.995 110.814 110.781 110.656 110.701 110.721 110.759 110.799 110.475 110.48 115.994 117.484 117.875 116.85 113.839 110.896 109.961 109.979 110.077 110.431 109.585 109.282 109.204 109.401 111.186 112.369 114.518
111.462 111.476 111.531 112.657 116.963 116.026 113.119 113.337 111.96 111.74 111.663 111.279 111.776 111.221 111.141 111.266 112.279 112.276 114.866 114.898 116.794 116.207 112.91 111.271 111.711 115.355 114.697 111.683 112.74 115.856 116.106 114.948 115.508 112.385 113.763 113.781 113.486 116.288 118.097 118.176 117.034 112.188 111.85 111.329 110.797 110.738 110.622 110.619 110.702 110.919 110.499 110.48 115.784 116.703 116.871 116.62 114.767 111.955 110.23 110.017 110.809 111.057 109.604 109.248 109.505 108.961 111.385 113.982 115.266
111.45 111.429 111.845 111.474 111.339 111.377 111.272 111.351 111.161 112.006 111.477 112.498 112.939 111.133 111.11 111.181 112.105 111.596 115.672 117.445 118.571 117.787 113.873 111.384 112.007 115.654 115.238 112.734 112.914 112.246 112.037 111.733 111.716 112.675 111.672 111.683 113.145 116.951 117.967 117.845 116.93 112.232 112.729 111.246 110.886 110.781 110.605 110.54 110.596 110.593 110.478 110.847 110.498 111.877 114.566 113.164 113.143 112.671 111.804 112.081 112.046 109.986 111.334 111.19 111.316 109.236 109.396 112.562 113.984
