dsm/se2630_DSM_2M.asc
ncols 500
nrows 500
xllcorner    426000
yllcorner    430000
cellsize     2
NODATA_value -9999
[rows 128 to 159 of 500, columns 360 to 431 of 500]
106.473 106.438 106.48 106.456 106.368 106.329 106.287 106.251 106.268 106.322 106.284 106.258 106.267 106.224 106.295 106.329 106.309 106.246 106.099 106.069 106.008 105.984 105.798 105.704 105.527 105.407 105.244 105.206 105.041 104.848 104.642 104.397 104.119 103.68 103.53 103.472 103.443 103.113 102.681 102.369 102.169 102.096 101.818 101.593 101.473 101.294 101.096 101.502 100.777 100.658 100.405 100.21 100.027 100.071 100.147 99.966 100.574 100.292 100.405 100.125 101.657 100.292 99.859 99.686 99.505 99.352 99.099 98.728 98.276 97.865 100.45 100.406
106.23 106.197 106.208 106.154 106.122 106.136 106.085 106.086 106.033 106.031 105.98 106.117 106.059 106.069 106.068 106.107 106.036 106.051 105.958 105.965 105.922 105.822 105.729 105.552 105.346 105.27 105.161 104.985 104.912 104.777 104.614 104.399 104.593 104.144 104.019 103.263 103.051 103.18 102.716 102.444 102.144 101.849 101.813 101.779 101.472 101.171 100.998 100.823 101.02 100.508 100.263 100.13 99.987 100.021 99.93 100.115 100.323 100.117 100.201 100.009 99.935 99.833 99.758 99.63 99.389 99.13 98.753 98.405 98.045 98.085 100.219 100.702
105.928 105.941 105.992 105.93 105.873 105.87 105.867 105.818 105.858 105.836 105.824 105.809 105.838 105.848 105.846 105.879 105.893 105.875 105.868 105.779 105.806 105.699 105.522 105.305 105.241 105.078 105.075 104.955 104.822 104.585 104.335 103.979 103.702 103.95 104.041 103.281 102.889 102.789 102.706 102.703 102.52 101.774 101.531 101.317 101.174 101.401 100.816 100.765 100.518 100.321 100.266 99.996 100.088 99.915 99.946 100.091 99.943 100.058 99.926 99.779 99.749 99.775 99.688 99.644 99.415 99.127 98.653 98.338 97.926 98.908 100.022 99.27
105.624 105.721 105.713 105.698 105.673 105.651 105.652 105.667 105.644 105.657 105.652 105.696 105.733 105.724 105.776 105.813 105.717 105.718 105.728 105.675 105.62 105.488 105.357 105.239 105.169 105.092 104.995 104.732 104.302 103.93 103.691 103.532 103.43 103.209 103.249 103.369 103.239 102.846 102.428 103.712 104.548 103.487 101.676 101.316 101.045 100.925 100.685 100.515 100.42 100.206 100.065 99.999 99.942 99.954 100.085 100.094 100.028 99.954 99.808 99.761 99.952 99.776 99.579 99.316 99.19 98.793 98.315 98.055 97.633 98.857 102.077 100.863
105.463 105.431 105.467 105.488 105.438 105.424 105.47 105.502 105.471 105.495 105.515 105.558 105.588 105.601 105.566 105.61 105.602 105.622 105.642 105.549 105.523 105.413 105.289 105.228 105.127 104.963 104.389 104.004 103.757 103.546 103.415 103.322 103.215 103.068 102.923 102.879 103.799 104.003 102.405 102.726 104.236 105.425 104.298 101.394 100.993 100.774 100.639 100.413 100.283 100.066 99.933 99.983 100.083 99.926 100.133 100.191 100.189 100.018 99.746 99.783 99.954 99.566 99.325 99.096 98.841 98.465 98.165 97.781 98.189 100.698 101.715 102.324
105.202 105.273 105.271 105.265 105.316 105.268 105.267 105.331 105.377 105.374 105.391 105.422 105.462 105.427 105.46 105.476 105.535 105.567 105.529 105.471 105.441 105.397 105.171 104.878 104.316 104.69 103.93 103.663 103.551 103.421 103.199 103.077 102.905 102.817 102.622 102.6 102.454 103.031 104.904 105.726 103.001 104.216 102.862 101.302 100.992 100.697 100.52 103.14 102.957 100.916 100.202 100.763 101.733 99.888 99.69 99.846 100.075 99.868 100.362 100.198 99.679 99.465 99.109 98.771 98.508 98.293 98.059 97.787 97.786 100.044 101.844 102.954
105.013 105.045 105.139 105.097 105.081 105.112 105.126 105.207 105.243 105.264 105.257 105.276 105.345 105.385 105.489 105.491 105.602 105.584 105.436 105.313 105.082 105.034 104.375 104.227 103.883 103.752 103.63 103.514 103.391 103.13 102.994 102.833 102.728 102.66 102.576 102.389 102.241 102.098 103.233 104.292 102.174 101.458 101.292 101.493 102.777 101.173 103.697 104.659 104.012 101.852 101.937 103.548 103.453 99.72 99.699 101.005 100.185 99.86 101.226 99.994 99.668 99.493 98.934 98.629 98.398 98.03 97.832 97.581 97.425 99.779 102.457 102.342
104.781 104.829 104.904 104.9 104.961 104.967 104.969 104.996 105.083 105.171 105.162 105.217 105.341 105.429 105.442 105.398 105.749 105.626 104.627 104.386 104.271 104.276 103.993 103.795 103.669 103.611 103.438 103.318 103.228 103.011 102.9 102.73 102.606 102.556 102.418 102.275 102.085 101.823 101.743 101.769 102.171 102.227 101.17 101.515 103.316 102.074 102.468 102.25 101.381 103.873 103.095 100.559 100.435 99.645 99.612 102.02 102.928 100.047 100.176 99.695 99.463 99.102 98.754 98.518 98.349 97.975 97.784 97.558 97.299 98.486 100.426 101.731
104.584 104.697 104.717 104.714 104.767 104.709 104.805 104.964 108.756 108.967 108.473 105.777 105.22 104.937 104.809 104.673 104.492 104.267 104.185 104.1 104.006 103.891 103.758 103.607 103.458 103.384 103.269 103.149 103.094 102.896 102.672 102.594 102.505 102.397 102.278 102.118 101.869 101.62 101.46 101.348 101.413 101.901 103.755 104.965 101.517 101.062 101.885 101.196 101.232 102.072 100.729 99.664 99.616 99.54 99.676 101.569 100.173 99.645 99.789 99.643 99.316 100.232 99.08 98.662 98.343 97.733 97.528 97.699 97.251 99.696 100.507 99.812
104.415 104.449 104.476 104.519 104.556 104.631 104.832 108.51 109.288 107.535 110.47 107.669 104.571 104.41 104.373 104.274 104.186 104.091 103.921 103.804 103.737 103.771 103.603 103.487 103.276 103.209 103.13 102.996 102.867 102.74 102.55 102.441 102.322 102.234 102.049 101.866 101.635 101.524 101.27 101.09 101.125 101.109 101.868 104.589 101.369 100.397 100.911 101.797 101.755 101.974 99.716 99.613 99.558 99.607 99.852 99.487 99.826 99.689 99.568 99.313 99.014 99.041 98.862 98.489 99.075 97.944 97.545 97.318 96.92 97.599 100.485 100.151
104.172 104.311 104.384 104.416 104.56 104.73 104.732 107.205 109.176 109.996 111.144 106.93 104.302 104.237 104.22 104.048 103.887 103.722 103.694 103.615 103.662 103.6 103.456 103.315 103.176 103.055 102.993 102.875 102.665 102.589 102.386 102.238 102.131 102.016 101.866 101.694 101.478 101.319 101.199 101.086 100.984 100.983 100.895 101.155 101.11 103.472 100.091 100.31 101.602 100.015 99.56 99.509 100.496 100.153 100.177 99.554 99.558 99.608 99.297 98.867 98.642 98.48 98.449 98.474 99.454 98.281 97.261 96.907 96.718 96.574 96.869 96.622
104.137 104.274 104.354 104.429 104.519 105.398 104.833 106.772 106.181 109.706 105.755 105.289 104.384 103.982 103.836 103.791 103.621 103.597 103.511 103.518 103.487 103.443 103.336 103.148 103.065 102.931 102.853 102.768 102.517 102.365 102.212 102.118 101.99 101.839 101.695 101.44 101.331 101.196 101.041 100.945 100.929 100.865 100.701 100.669 103.337 103.259 100.511 99.77 99.617 99.473 99.403 99.36 99.465 100.901 99.775 99.384 99.4 99.291 98.988 98.746 98.44 98.207 98.04 98.074 98.03 97.344 96.914 96.726 96.575 96.434 96.337 96.133
104.079 104.201 104.153 103.878 105.549 106.239 105.083 103.672 104.764 107.557 106.124 103.861 103.776 103.767 103.61 103.465 103.45 103.448 103.366 103.365 103.256 103.233 103.08 102.962 102.931 102.881 102.722 102.587 102.408 102.21 102.09 101.945 101.805 101.66 101.52 101.284 101.095 100.989 100.86 100.73 100.632 100.582 100.547 100.277 100.617 100.129 100.442 100.072 99.623 99.362 99.475 101.325 101.446 101.965 99.766 99.31 99.23 99.337 98.88 98.472 98.187 97.975 97.789 97.662 97.383 97.25 96.867 96.569 96.366 96.271 96.13 95.996
103.815 103.559 103.412 103.341 103.848 104.209 103.466 103.471 103.498 103.568 103.619 103.517 103.518 103.399 103.418 103.292 103.335 103.291 103.185 103.071 103.005 102.963 102.849 102.81 102.732 102.727 102.551 102.423 102.246 102.046 101.869 101.745 101.585 101.529 101.37 101.174 100.932 100.796 100.658 100.549 100.468 100.365 100.221 100.1 99.837 99.816 99.783 99.935 100.119 99.374 99.076 99.587 101.988 101.807 99.876 99.662 99.287 99.065 98.57 98.165 97.933 97.637 97.704 97.325 97.073 96.91 96.632 96.341 96.123 96.049 95.921 95.792
103.296 103.201 103.153 103.148 103.114 103.168 103.122 103.177 103.202 103.337 103.459 103.343 103.256 103.2 103.138 103.169 103.143 103.078 103.012 102.906 102.806 102.755 102.689 102.588 102.52 102.43 102.354 102.191 102.059 101.833 101.695 101.584 101.454 101.371 101.237 101.109 100.859 100.674 100.514 100.414 100.275 100.185 100.021 99.849 99.672 99.399 99.469 99.352 99.773 99.606 101.389 100.972 100.794 101.184 100.859 99.805 99.7 98.851 98.458 97.956 97.872 97.517 97.328 97.046 96.823 96.689 96.531 96.124 95.987 95.837 95.668 95.584
103.064 103.06 102.976 102.84 102.834 102.896 102.939 103.034 103.019 103.101 103.157 103.131 103.106 103.069 103.072 102.952 102.933 102.877 102.862 102.788 102.651 102.557 102.505 102.407 102.357 102.208 102.09 101.995 101.85 101.665 101.544 101.415 101.286 101.207 101.077 100.908 100.766 100.57 100.414 100.298 100.106 99.96 99.793 99.598 99.485 99.274 99.161 99.072 99.007 100.582 102.991 100.069 99.025 98.882 100.752 100.864 99.696 98.559 97.858 97.776 97.515 97.248 97.083 96.843 96.715 96.515 96.308 95.942 95.826 95.718 95.573 95.367
102.888 102.87 102.804 102.771 102.733 102.8 102.779 102.8 102.82 102.823 102.95 102.939 102.935 102.907 102.907 102.838 102.789 102.734 102.674 102.54 102.461 102.394 102.321 102.235 102.107 102.01 101.95 101.804 101.663 101.524 101.365 101.263 101.071 100.945 100.879 100.716 100.583 100.419 100.252 100.113 99.902 99.771 99.625 99.475 99.28 99.088 99.001 98.857 98.785 98.701 99.921 101.688 98.615 98.023 99.497 100.435 100.449 98.978 97.594 97.602 97.419 97.227 96.972 96.68 96.386 96.167 96.07 95.697 95.645 95.555 95.389 96.2
102.807 102.724 102.749 102.62 102.504 102.593 102.631 102.714 102.706 102.693 102.694 102.736 102.701 102.702 102.707 102.723 102.586 102.537 102.476 102.383 102.276 102.191 102.11 102.055 101.869 101.752 101.664 101.6 101.442 101.367 101.272 101.084 100.855 100.711 100.68 100.533 100.422 100.27 100.13 99.945 99.738 99.558 99.379 99.272 99.113 98.974 98.761 98.635 98.578 98.472 98.444 98.712 99.3 98.274 97.614 99.439 100.463 100.232 99.571 98.884 96.97 96.906 96.772 96.518 96.822 96.056 95.741 95.436 95.349 95.324 95.115 96.297
102.555 102.575 102.539 102.433 102.362 102.422 102.547 102.574 102.59 102.56 102.491 102.518 102.513 102.494 102.447 102.432 102.34 102.301 102.215 102.123 102.011 101.907 101.899 101.805 101.613 101.527 101.483 101.476 101.296 101.197 101.031 100.904 100.757 100.475 100.502 100.325 100.252 100.127 99.946 99.796 99.527 99.353 99.235 99.12 98.934 98.758 98.606 98.458 98.328 98.167 98.125 98.043 98.179 98.116 98.328 97.452 97.746 99.328 99.735 98.598 96.98 96.621 97.312 97.492 96.582 95.761 95.482 95.317 95.05 95.038 94.902 95.19
102.343 102.27 102.324 102.321 102.257 102.195 102.34 102.398 102.438 102.385 102.328 102.324 102.225 102.221 102.286 102.232 102.136 102.007 101.914 101.908 101.76 101.671 101.623 101.483 101.334 101.271 101.328 101.248 101.153 101.017 100.845 100.647 100.506 100.286 100.261 100.195 100.019 99.973 99.782 99.528 99.402 99.232 99.033 98.884 98.718 98.576 98.404 98.238 98.098 97.957 97.849 97.798 97.677 97.571 97.826 98.027 96.852 97.033 99.499 99.62 99.224 99.398 97.971 97.918 97.867 96.961 95.653 95.518 95.224 94.854 94.582 94.53
102.06 102.112 102.072 102.114 102.068 102.04 102.093 102.197 102.22 102.25 102.189 102.171 102.083 101.972 101.954 101.954 101.865 101.798 101.706 101.648 101.537 101.439 101.419 101.317 101.134 101.067 100.977 101.005 100.898 100.776 100.611 100.407 100.279 100.174 100.077 99.986 99.797 99.768 99.569 99.384 99.17 98.975 98.832 98.716 98.518 98.349 98.2 98.111 97.935 97.716 97.555 97.415 97.333 97.27 97.16 97.24 97.059 96.406 96.162 97.428 99.798 99.559 99.629 99.442 97.528 96.174 95.79 95.819 94.942 95.765 95.069 94.124
101.844 101.833 101.858 101.941 101.882 101.836 101.833 101.893 101.962 102.022 101.992 101.946 101.834 101.771 101.691 101.653 101.593 101.589 101.45 101.387 101.259 101.227 101.104 101.055 100.971 100.869 100.829 100.726 100.648 100.457 100.367 100.183 100.069 99.987 99.855 99.803 99.666 99.508 99.342 99.152 98.916 98.822 98.652 98.447 98.346 98.147 97.955 97.829 97.684 97.472 97.275 97.044 96.862 96.863 96.912 96.803 96.698 98.165 96.793 96.181 98.272 98.93 99.871 99.932 99.269 97.088 95.666 95.306 94.666 95.828 96.09 94.024
101.659 101.678 101.753 101.787 101.741 101.699 101.564 101.644 101.776 101.73 101.726 101.647 101.718 101.618 101.537 101.457 101.325 101.275 101.247 101.142 101.073 100.954 100.844 100.859 100.721 100.64 100.506 100.449 100.37 100.241 100.131 100.006 99.89 99.815 99.614 99.589 99.459 99.277 99.132 98.979 98.814 98.618 98.421 98.26 98.102 97.877 97.73 97.532 97.438 97.156 96.943 96.679 96.351 96.479 96.458 96.562 96.41 98.359 97.075 95.614 95.34 97.538 99.037 99.705 96.556 98.889 98.253 96.314 95.455 95.328 94.351 93.807
101.542 101.575 101.58 101.642 101.627 101.545 101.418 101.443 101.492 101.469 101.501 101.495 101.484 101.411 101.28 101.318 101.214 101.13 100.958 100.854 100.819 100.777 100.728 100.651 100.566 100.451 100.323 100.243 100.193 100.012 99.881 99.838 99.662 99.595 99.408 99.286 99.265 99.101 98.92 98.773 98.596 98.419 98.2 98.052 97.904 97.679 97.488 97.236 97.051 96.808 96.53 96.319 96.085 95.968 96.069 96.128 96.066 95.989 95.784 95.852 95.334 94.995 96.022 99.019 98.829 99.256 98.537 98.233 100.291 96.579 94.303 93.873
101.377 101.348 101.359 101.49 101.459 101.379 101.322 101.323 101.343 101.282 101.347 101.366 101.319 101.264 101.197 101.111 101.003 100.908 100.814 100.729 100.622 100.55 100.489 100.45 100.385 100.174 100.12 99.999 99.916 99.896 99.692 99.567 99.358 99.298 99.16 99.084 98.981 98.865 98.703 98.533 98.372 98.206 98.005 97.911 97.607 97.495 97.222 96.969 96.672 96.506 96.238 95.973 95.877 95.757 95.801 95.821 95.808 95.756 95.614 95.397 95.238 94.989 94.546 94.707 98.075 99.362 99.246 101.332 101.748 99.84 96.145 94.771
101.143 101.182 101.153 101.226 101.277 101.178 101.177 101.151 101.098 101.095 101.041 101.147 101.131 101.105 100.959 100.886 100.847 100.735 100.603 100.526 100.446 100.336 100.347 100.261 100.142 99.963 99.857 99.771 99.687 99.668 99.446 99.294 99.18 98.994 98.915 98.796 98.705 98.605 98.436 98.334 98.157 98.02 97.832 97.626 97.493 97.231 96.965 96.711 96.381 96.159 95.886 95.74 95.589 95.571 95.485 95.475 95.406 95.459 95.322 95.158 94.958 94.894 94.537 94.216 93.923 96.059 98.337 99.993 99.91 94.879 95.276 98.328
100.917 100.953 100.905 100.89 100.997 101.009 100.961 100.978 100.902 100.883 100.94 100.949 100.928 100.86 100.799 100.669 100.589 100.497 100.461 100.353 100.281 100.155 100.059 100.046 99.945 99.782 99.641 99.54 99.465 99.441 99.236 99.113 98.933 98.774 98.702 98.629 98.51 98.346 98.166 98.093 97.92 97.72 97.531 97.294 97.097 96.892 96.66 96.332 95.943 95.843 95.66 95.513 95.396 95.319 95.233 95.129 95.146 95.104 95.004 94.925 94.764 94.568 94.383 94.751 93.884 93.59 94.601 97.447 97.001 94.425 95.521 98.12
100.663 100.697 100.678 100.687 100.855 100.736 100.792 100.763 100.745 100.728 100.687 100.712 100.654 100.59 100.538 100.401 100.263 100.235 100.188 100.087 100.006 99.889 99.79 99.742 99.643 99.575 99.417 99.321 99.222 99.049 99.024 98.849 98.751 98.637 98.477 98.363 98.248 98.22 98.079 97.912 97.617 97.369 97.306 97 96.808 96.443 96.212 95.934 95.712 95.519 95.411 95.334 95.179 95.09 94.932 94.844 94.816 94.801 94.764 94.628 94.501 94.397 94.126 93.953 94.362 97.475 95.007 95.281 96.805 96.319 95.434 97.264
100.416 100.439 100.54 100.554 100.604 100.655 100.56 100.49 100.54 100.542 100.588 100.572 100.473 100.32 100.213 100.135 100.041 99.961 99.854 99.844 99.745 99.643 99.598 99.488 99.436 99.308 99.188 99.083 98.925 98.874 98.758 98.559 98.484 98.388 98.261 98.121 98.084 97.965 97.828 97.67 97.333 97.116 96.88 96.617 96.306 96.213 95.904 95.618 95.4 95.267 95.205 95.077 94.998 94.837 94.782 94.668 94.55 94.49 94.441 94.312 94.231 94.083 93.899 93.63 95.766 98.013 96.802 97.325 96.501 96.179 96.144 93.972
100.222 100.183 100.318 100.378 100.433 100.378 100.304 100.288 100.314 100.348 100.346 100.315 100.26 100.051 99.882 99.807 99.738 99.775 99.651 99.562 99.464 99.345 99.292 99.227 99.076 98.996 98.903 98.77 98.688 98.491 98.433 98.356 98.137 98.148 98.027 97.816 97.751 97.666 97.584 97.298 97.068 96.713 96.425 96.238 95.995 95.763 95.488 95.351 95.155 95.078 94.967 94.853 94.797 94.66 94.541 94.435 94.285 94.275 94.163 94.071 94.001 93.884 93.643 93.415 95.351 95.547 97.71 96.146 94.421 96.235 93.053 96.516
99.976 100.126 100.142 100.161 100.16 100.183 100.123 99.967 99.947 100.08 100.099 100.004 99.915 99.775 99.649 99.586 99.559 99.484 99.421 99.316 99.205 99.099 99.004 98.924 98.826 98.778 98.625 98.462 98.368 98.289 98.095 98.062 97.94 97.826 97.705 97.562 97.496 97.432 97.181 97.001 96.742 96.379 96.112 95.83 95.639 95.369 95.241 95.119 95.036 94.867 94.802 94.687 94.61 94.447 94.333 94.24 94.115 93.99 93.928 93.868 93.741 93.642 93.391 93.187 93.089 97.501 95.357 97.407 94.829 96.443 92.593 95.395
99.835 99.829 99.962 99.96 99.931 99.943 99.829 99.768 99.737 99.763 99.776 99.762 99.63 99.546 99.399 99.348 99.325 99.161 99.202 99.102 99.02 98.898 98.845 98.784 98.609 98.53 98.365 98.264 98.152 98.035 97.925 97.801 97.58 97.535 97.501 97.366 97.124 97.035 96.941 96.614 96.409 95.994 95.711 95.56 95.333 95.127 94.99 94.891 94.846 94.717 94.625 94.508 94.394 94.313 94.169 94.064 93.968 93.919 93.78 93.638 93.565 93.338 93.15 92.971 92.823 95.122 96.501 96.948 96.445 96.34 93.157 91.576
