dsm/se2637_DSM_2M.asc
ncols 500
nrows 500
xllcorner    426000
yllcorner    437000
cellsize     2
NODATA_value -9999
[rows 90 to 119 of 500, columns 204 to 271 of 500]
121.059 121.065 123.373 125.222 124.742 123.296 120.873 119.329 119.355 119.317 119.3 119.287 119.388 119.314 119.373 119.702 119.882 120.045 120.793 123.93 127.759 128.937 128.177 126.567 122.332 120.089 119.903 120.047 120.502 120.97 121.569 121.334 120.666 119.991 119.677 119.526 119.754 121.31 121.571 121.68 122.978 125.617 124.31 120.838 121.012 120.458 119.97 119.873 119.614 119.685 -9999 120.854 121.109 120.914 120.836 -9999 -9999 -9999 -9999 121.976 121.986 121.071 120.275 120.505 121.801 121.431 119.91 119.817
119.744 120.982 123.669 124.817 123.996 123.468 122.95 121.986 120.094 120.315 119.38 119.547 119.316 119.369 120.074 119.927 119.812 120.06 123.156 126.365 127.92 129.183 127.746 126.768 122.046 120.874 120.348 119.836 120.623 120.984 122.277 122.951 123.288 121.187 121.083 120.324 120.304 124.343 121.391 120.129 120.555 121.178 120.304 119.787 120.106 119.806 120.114 119.936 120.556 121.935 -9999 -9999 121.687 120.379 120.376 -9999 -9999 -9999 -9999 122.819 124.035 124.056 120.722 121.524 121.929 121.745 120.517 119.699
119.65 120.948 123.44 123.33 124.541 124.432 125.222 126.211 121.697 121.093 121.784 121.48 119.918 119.639 120.578 120.059 120.267 121.893 124.053 126.557 128.404 128.571 127.707 125.481 121.811 121.366 120.352 119.871 120.363 121.085 122.773 122.767 124.858 123.478 123.4 122.334 121.978 123.695 121.736 120.765 119.72 120.117 120.504 120.296 120.543 120.452 120.162 121.159 122.52 127.033 127.566 126.757 123.873 121.511 120.746 120.171 120.087 -9999 -9999 122.909 123.525 123.232 121.156 121.096 121.489 121.116 120.199 119.961
119.95 120.056 120.611 120.454 124.062 124.553 126.739 123.884 122.03 121.009 122.89 126.209 121.504 120.253 121.088 120.965 121.12 121.859 123.462 125.505 128.388 128.362 127.241 125.286 121.433 120.917 119.793 119.643 120.168 121.089 120.968 121.719 121.006 120.219 125.242 125.275 124.851 127.435 126.416 122.624 120.085 119.982 122.288 123.473 122.016 122.099 122.166 124.228 126.838 129.06 129.081 129.198 126.66 122.858 120.537 120.232 120.349 -9999 -9999 -9999 122.056 121.365 120.762 120.639 120.344 119.769 119.692 120.156
119.333 119.31 119.201 119.473 120.254 121.24 122.997 122.229 119.833 120.621 123.64 123.408 120.467 120.351 122.253 121.584 121.089 121.406 121.872 121.502 124.49 125.245 123.602 121.333 120.625 120.159 119.7 119.742 120.785 121.496 121.491 122.758 120.033 119.751 122.638 122.028 124.739 127.18 126.541 122.634 120.172 120.797 125.401 126.446 124.391 122.964 123.65 123.412 127.192 128.895 129.669 129.177 127.968 124.944 120.532 120.199 120.403 120.676 -9999 -9999 121.242 120.826 120.399 120.132 119.869 119.825 120.801 122.116
119.156 119.231 119.219 119.137 119.502 121.858 121.272 119.498 119.26 119.974 121.574 122.219 120.137 119.73 121.198 121.496 121.276 121.067 120.756 121.042 122.177 122.518 120.823 119.96 120.154 119.876 119.589 120.494 122.964 122.55 121.049 120.543 119.859 119.733 120.089 121.42 125.8 127.768 126.651 122.574 119.729 120.767 121.524 125.801 125.364 -9999 124.194 124.72 126.14 128.638 129.845 129.433 128.061 126.836 122.162 119.899 120.414 121.23 -9999 -9999 -9999 120.179 119.972 119.805 120.26 120.991 123.786 127.137
119.203 119.212 119.221 119.102 119.296 121.209 119.839 119.385 119.173 119.281 119.305 119.823 119.713 119.654 120.472 121.124 121.489 121.275 123.549 122.483 122.254 122.164 121 120.086 119.886 119.606 119.628 121.858 123.999 124.214 121.831 120.118 119.739 119.664 121.881 124.439 126.857 127.53 126.811 123.369 119.667 120.194 122.608 121.622 121.642 121.96 123.66 124.35 125.207 128.152 129.357 129.918 128.912 128.014 123.199 119.926 121.757 121.672 -9999 -9999 -9999 120.009 119.888 119.92 120.616 122.828 125.023 124.355
119.333 119.715 119.209 119.204 119.546 119.608 119.624 119.592 119.26 119.268 119.235 119.23 119.538 119.679 119.548 120.983 122.577 124.537 126.356 126.765 124.781 122.332 120.603 120.309 120.13 119.882 119.957 122.133 123.517 124.591 122.143 120.088 119.678 119.753 123.622 127.057 128.015 128.161 126.728 122.317 119.773 119.335 119.704 119.443 120.551 121.485 123.741 124.229 124.878 127.653 129.033 130.317 129.915 128.945 124.678 120.098 120.345 120.385 120.444 120.455 120.092 119.915 119.807 120.12 121.093 122.261 124.875 121.944
121.278 120.797 119.517 119.845 120.879 121.206 120.593 119.43 119.17 119.172 119.166 119.169 119.528 120.057 119.944 120.303 121.638 124.712 127.776 128.681 126.944 123.019 120.064 120.79 120.795 120.452 120.204 120.861 121.53 121.115 120.593 120.048 119.63 119.935 122.654 127.91 128.766 128.75 127.239 124.143 120.618 119.59 119.358 119.455 119.82 121.966 123.932 123.967 123.7 126.032 128.458 129.541 130.236 129.73 124.627 120.361 119.83 119.818 120.125 120.254 120.048 119.99 120.158 120.536 120.703 121.199 121.8 119.627
124.426 123.792 122.629 121.786 121.425 122.13 120.686 119.164 119.058 119.108 119.14 119.274 120.133 120.452 120.43 119.706 120.852 125.324 128.225 128.54 126.951 122.358 119.902 121.579 120.962 120.139 119.822 119.807 119.583 119.35 119.779 119.632 119.545 120.044 124.916 129.528 129.681 129.265 127.458 122.332 120.018 119.485 119.701 119.484 119.74 120.85 122.014 121.301 120.53 121.966 125.896 127.718 129.051 129.727 123.972 120.016 119.69 119.745 120.246 120.341 120.253 120.442 121.651 121.515 121.299 124.606 121.918 119.967
125.488 125.552 124.768 122.514 121.238 120.595 119.353 118.999 119.037 119.082 119.057 119.21 119.72 120.081 120.272 121.589 124.69 127.31 128.621 127.861 126.531 123.23 120.148 119.864 119.48 119.504 119.38 119.239 119.214 119.376 119.514 119.555 119.644 120.784 126.51 128.533 129.323 128.835 128.225 121.429 119.302 119.184 119.165 119.301 119.262 119.248 119.593 119.277 119.678 120.77 123.109 125.52 127.751 125.888 120.876 119.721 119.732 120.171 120.678 120.764 120.589 -9999 -9999 123.942 125.319 127.735 121.756 123.562
125.158 124.874 124.586 122.073 119.708 120.102 120.24 119.646 119.245 119.14 119.12 119.946 120.201 119.518 120.593 123.91 126.337 128.031 129.405 127.2 126.193 124.924 122.039 120.236 119.483 119.219 119.241 119.259 119.37 119.362 119.467 119.539 119.74 122.718 126.748 127.839 128.571 127.847 126.247 120.251 119.317 119.112 118.99 119.205 119.285 120.197 119.54 119.259 119.474 120.367 121.509 121.216 122.436 120.981 120.058 119.773 120.051 120.717 120.915 120.78 -9999 -9999 -9999 124.816 126.512 120.85 121.53 122.683
122.72 123.47 122.528 120.033 119.072 120.847 121.659 121.37 120.962 119.598 119.58 120.869 119.617 119.431 120.894 123.653 126.076 127.638 128.181 127.346 125.519 121.015 120.259 119.912 119.482 119.306 -9999 119.4 119.411 119.266 119.562 119.862 119.803 120.225 126.005 128.138 128.256 127.315 126.756 122.818 119.485 119.148 119.111 119.19 119.183 119.454 119.386 119.246 119.312 119.4 119.693 119.802 120.62 122.432 120.773 120.012 120.914 120.908 120.803 120.452 120.352 -9999 -9999 123.323 122.275 120.562 120.291 122.496
119.995 120.546 120.626 119.971 121.765 122.259 123.536 123.317 122.124 120.537 119.311 120 119.763 119.505 120.374 122.48 123.689 126.61 127.812 127.223 122.284 119.431 120.121 119.756 119.17 119.266 -9999 120.939 120.233 119.702 119.667 120.084 119.9 119.961 124.451 127.728 127.354 125.658 126.639 126.639 120.627 119.26 119.158 119.093 119.124 119.234 119.22 119.155 119.307 119.515 119.474 119.967 120.564 121.343 121.028 121.146 121.478 121.1 120.403 119.969 119.923 119.976 120.233 122.528 121.689 119.812 121.39 127.636
118.974 119.918 120.382 119.479 122.056 124.781 125.205 125.018 124.004 122.387 119.11 119.898 120.149 119.748 119.628 120.672 121.719 122.267 126.225 124.035 119.929 119.681 119.731 119.333 119.187 119.558 121.656 122.041 121.888 120.655 120.073 120.465 120.192 120.045 120.523 121.975 121.333 121.137 122.906 124.982 120.549 119.087 119.243 119.537 119.947 120.223 120.804 120.783 120.168 120.143 119.732 119.913 119.441 120.044 120.342 121.909 121.964 121.314 120.07 119.87 119.805 119.589 120.113 -9999 122.394 122.243 122.848 122.068
118.876 119.053 118.929 119.557 123.533 125.324 125.78 125.54 125.434 124.245 120.876 121.177 121.188 120.533 119.631 119.588 119.605 120.561 121.689 120.7 120.006 119.732 119.313 119.11 119.183 -9999 121.727 122.483 122.554 121.356 119.968 119.499 119.711 119.352 119.661 120.391 120.924 119.949 119.874 120.159 119.523 119.108 120.15 121.118 121.283 121.304 122.116 122.203 120.586 119.563 119.235 119.516 120.607 123.6 126.964 126.177 125.902 124.37 120.864 119.794 119.827 119.638 120.327 -9999 124.711 128.398 124.597 120.481
118.884 118.729 118.717 118.819 121.11 123.793 124.39 125.255 125.184 125.104 121.839 121.493 121.61 122.396 121.769 120.608 120.665 120.605 120.322 120.341 120.352 120.278 119.174 119.101 119.159 120.054 121.239 122.361 122.525 120.99 119.299 119.6 119.71 118.837 120.336 120.537 120.08 120.866 119.912 119.454 119.025 118.931 119.988 121.06 121.438 121.724 122.021 121.422 119.868 119.14 119.022 119.81 123.898 127.053 128.498 129.318 128.63 126.457 122.062 119.95 120.238 120.842 121.083 -9999 124.883 124.715 121.783 121.413
118.907 118.702 118.652 118.793 119.169 120.293 121.301 122.098 122.996 120.706 119.697 120.776 123.933 126.023 126.23 125.047 124.61 123.556 121.662 120.112 120.372 120.591 119.755 119.365 119.087 119.206 119.897 120.061 121.197 120.902 119.601 119.876 121.128 121.085 124.338 124.985 121.69 119.604 121.125 120.201 119.498 118.971 118.971 119.242 120.482 121.381 121.713 121.819 120.447 119.245 118.901 119.028 121.781 126.779 128.691 129.402 128.883 127.351 123.746 120.354 120.516 123.015 122.899 122.369 -9999 124.416 125.921 122.36
119.102 118.688 118.644 118.827 118.864 118.875 118.922 119.287 119.28 119.455 119.125 120.141 123.692 126.881 126.941 126.561 126.053 125.727 123.542 119.104 119.387 120.105 119.336 119.173 118.955 118.961 119.006 119.226 120.033 119.761 119.531 121.033 124.161 125.086 129.028 128.746 126.452 123.093 121.98 121.39 120.041 118.97 118.808 118.858 118.999 120.215 121.694 120.613 119.939 119.003 118.803 118.925 120.831 126.483 128.885 129.788 129.081 128.043 126.288 121.884 120.759 120.981 122.572 122.544 -9999 124.512 123.396 121.308
118.715 118.622 118.901 120.075 119.727 119.27 118.879 119.208 119.63 119.837 119.133 119.786 122.694 125.002 125.339 126.262 126.594 126.276 124.374 119.144 118.974 119.08 118.89 118.861 118.772 118.818 118.798 119.46 119.76 119.342 119.446 120.138 123.835 127.165 129.19 128.799 127.926 125.358 122.887 121.208 119.429 118.907 118.883 119.149 119.096 119.807 121.569 120.473 120.088 119.467 119.081 118.795 119.747 123.055 128.393 129.315 129.334 128.413 127.053 123.084 122.076 121.745 122.635 122.698 124.469 125.632 124.3 122.474
118.449 118.466 119.043 120.816 121.869 119.957 118.822 119.383 120.298 119.604 119.058 118.894 120.245 120.732 122.02 124.353 123.054 124.711 124.335 119.508 119.859 119.177 118.709 118.636 118.664 118.782 119.1 121.089 120.841 119.941 120.18 121.644 124.57 128.409 129.305 128.719 127.831 125.112 121.53 121.219 119.568 118.765 118.732 118.932 119.821 120.387 120.672 119.187 119.898 120.359 119.266 118.85 119.061 122.014 127.01 128.92 129.701 128.719 126.999 123.882 120.62 120.366 122.908 123.167 124.817 126.596 126.622 124.221
118.292 118.272 118.516 118.883 119.793 118.802 119.161 118.682 118.988 119.05 118.859 118.817 118.89 119.731 119.467 120.106 118.944 120.536 122.77 119.627 119.618 119.143 118.875 118.643 118.646 118.863 120.113 121.047 119.822 120.478 122.499 123.885 126.492 128.618 128.515 126.895 124.264 121.306 119.757 119.445 119.042 118.71 118.527 118.795 119.076 118.909 119.239 119.057 119.164 120.04 119.107 118.945 119.671 122.227 126.71 128.44 128.959 129.079 127.17 122.588 119.629 120.092 120.895 122.497 124.969 127.31 126.323 123.882
118.205 118.271 118.396 118.694 118.712 118.716 118.704 118.594 118.427 118.608 118.627 118.963 119.517 121.04 118.886 118.723 118.622 119.463 119.396 119.748 120.14 119.099 118.778 118.705 119.074 119.27 120.356 119.996 119.148 119.298 123.679 126.075 127.678 129.291 128.565 126.618 121.026 119.889 120.299 119.838 119.138 118.834 118.85 118.81 118.895 118.97 119.424 119.168 119.259 120.063 119.229 118.926 119.198 120.579 123.941 126.692 126.003 124.974 122.601 119.465 119.431 119.913 120.873 122.038 124.066 125.601 124.515 123.73
118.403 118.396 118.304 118.388 118.536 118.665 118.647 118.588 118.474 118.443 118.455 118.53 118.834 119.102 118.628 118.661 119.054 120.695 119.778 119.175 119.545 118.694 118.716 118.768 118.834 120.431 121.183 119.359 118.614 119.544 126.292 128.318 129.118 129.212 128.668 124.706 120.25 119.1 119.629 120.217 119.772 119.609 119.918 118.673 118.841 119.163 119.805 120.232 119.335 119.519 118.907 119.014 119.419 119.268 120.418 123.046 120.089 121.429 119.087 119.11 119.208 119.905 121.243 121.565 122.137 -9999 122.387 120.756
118.519 118.358 118.192 118.27 118.416 118.448 118.434 118.421 118.454 118.392 118.366 118.368 118.448 118.502 118.571 118.691 119.723 121.26 120.596 119.614 119.477 119.022 118.732 118.749 118.957 119.105 120.173 118.848 118.7 120.493 125.64 127.76 128.893 129.27 128.151 126.391 122.106 118.89 118.662 118.964 119.46 119.888 119.671 118.89 119.295 120.743 121.49 119.934 119.885 119.184 119.462 119.316 121.65 120.721 119.965 119.162 119.038 118.724 118.678 118.848 119.01 119.31 121.459 121.876 121.398 -9999 -9999 120.116
118.458 118.392 118.238 118.183 118.292 118.307 118.285 118.354 118.441 118.382 118.347 118.358 118.379 118.473 118.559 118.791 119.03 121.668 120.69 120.074 119.562 118.97 -9999 119.375 119.927 120.569 121.133 121.361 119.934 119.648 123.704 125.507 128.126 128.118 127.798 126.693 124.521 120.316 118.751 118.706 119.345 120.198 119.67 119.003 119.662 120.79 119.187 118.767 118.799 119.249 120.246 119.401 121.701 122.153 121.318 119.305 118.515 118.541 118.756 118.848 118.842 119.096 119.928 120.836 121.062 120.572 -9999 119.533
118.315 118.284 118.194 118.285 118.616 118.506 118.414 118.396 118.48 118.412 118.389 118.401 118.364 118.451 118.532 118.699 119.046 119.836 119.084 119.28 119.218 118.814 119.497 120.8 121.606 121.857 122.634 122.3 121.118 119.669 121.165 120.971 123.431 125.921 126.228 123.234 124.187 120.794 118.865 118.724 119.388 120.566 120.071 119.201 119.132 118.857 118.747 118.601 118.699 118.899 119.595 119.829 121.386 122.169 121.616 119.095 118.605 118.838 119.816 119.563 119.266 119.516 119.926 120.584 120.46 119.757 119.393 -9999
118.042 118.083 118.145 118.584 119.11 118.894 118.962 119.11 118.664 118.446 118.36 118.487 118.522 118.584 118.561 118.53 118.758 119.243 119.316 119.199 118.854 118.619 119.849 121.287 121.673 122.089 122.528 121.612 121.473 120.906 120.867 119.99 119.333 121.492 120.838 120.382 120.366 118.715 118.646 118.608 119.113 119.658 119.68 119.112 118.69 118.709 118.724 118.585 118.715 118.9 120.168 122.18 121.471 122.095 121.868 119.6 118.817 119.921 119.942 123.265 122.371 122.469 119.665 119.367 119.39 118.967 118.964 118.974
117.879 117.95 118.244 118.655 119.326 118.539 118.692 119.507 118.907 119.169 118.945 118.832 118.634 118.703 118.67 118.559 118.549 118.501 118.642 118.561 118.583 118.843 -9999 121.041 121.382 120.465 119.775 120.299 121.031 121.328 121.581 121.46 119.155 119.501 118.806 118.864 118.813 118.938 118.652 118.566 119.206 119.438 119.451 119.099 118.706 118.682 118.596 118.639 118.676 118.734 120.008 121.748 120.515 119.95 121.093 119.527 119.711 121.291 122.685 124.439 125.232 124.217 120.969 118.755 118.839 118.877 118.846 -9999
117.858 118.045 118.042 118.157 118.31 117.994 118.164 118.376 118.48 119.493 119.835 119.82 119.141 119.271 118.801 118.57 118.603 118.568 118.369 118.249 118.276 -9999 -9999 -9999 120.472 119.709 119.344 118.971 119.445 119.521 119.97 121.603 119.378 119.639 119.109 119.183 119.532 119.519 118.622 118.761 119.767 119.647 119.568 119.651 118.802 118.612 118.553 118.525 118.473 118.674 118.954 119.472 119.756 119.554 119.97 120.385 121.394 122.416 124.913 125.576 125.741 124.912 122.084 118.939 118.766 118.9 -9999 -9999
