dsm/se2636_DSM_2M.asc
ncols 500
nrows 500
xllcorner    426000
yllcorner    436000
cellsize     2
NODATA_value -9999
[rows 434 to 464 of 500, columns 71 to 141 of 500]
48.702 48.954 49.105 49.363 49.612 49.95 50.272 50.693 50.998 51.457 51.803 52.036 52.452 52.715 52.971 53.193 53.386 53.634 53.861 54.075 54.304 54.552 54.771 55.075 55.253 60.18 66.847 68.504 62.605 65.676 65.177 60.01 58.944 58.88 58.81 66.105 72.881 75.895 77.906 75.523 77.605 62.458 61.026 61.069 60.396 60.668 61.569 62.491 66.922 67.798 67.525 63.133 65.208 63.335 63.076 62.949 63.118 63.88 65.093 65.008 65.008 64.923 64.856 65.221 68.522 66.522 66.897 67.018 71.514 72.496 73.16
48.537 48.764 48.923 49.22 49.495 49.845 50.204 50.486 50.878 51.298 51.633 51.94 52.223 52.559 52.878 53.054 53.291 53.465 53.659 53.947 54.161 54.353 54.695 54.943 55.144 57.11 65.289 67.319 68.149 70.134 69.387 60.994 59.055 58.909 58.785 67.846 72.773 76.642 77.839 78.083 76.51 62.948 61.18 61.624 60.583 60.531 61.092 61.213 66.246 64.065 62.921 66.643 67.763 66.866 62.462 62.824 62.924 63.065 65.015 65.1 64.949 64.759 64.683 64.577 64.855 65.446 67.2 72.004 72.891 73.313 73.344
48.395 48.701 48.904 49.253 49.467 49.718 50.022 50.381 50.714 51.126 51.471 51.837 52.106 52.35 52.706 52.861 53.136 53.352 53.55 53.75 54.024 54.289 54.539 54.805 55.036 55.26 61.333 67.102 71.116 72.843 72.316 66.92 59.648 58.929 58.908 59.701 72.22 75.565 76.599 73.756 75.949 61.177 65.82 62.048 60.553 60.492 60.644 61.045 61.37 62.439 67.587 68.676 68.353 67.476 65.923 62.62 62.846 63.207 65.276 65.561 64.76 64.676 64.54 64.441 64.297 65.12 65.713 71.791 73.446 73.26 72.677
48.293 48.518 48.709 49.126 49.347 49.616 49.94 50.278 50.658 51.052 51.291 51.715 51.977 52.2 52.488 52.685 52.934 53.136 53.387 53.609 53.87 54.214 54.458 54.668 54.91 55.163 55.344 65.289 70.028 71.799 71.159 68.881 59.381 58.9 58.937 58.837 69.434 73.448 74.887 75.472 71.474 67.929 69.836 61.87 60.34 60.382 60.548 61.125 61.455 63.19 67.55 68.353 68.697 67.754 66.047 62.879 64.312 63.317 63.829 63.905 65.401 64.571 64.408 64.302 64.15 64.437 65.027 65.942 71.411 72.411 68.455
48.153 48.428 48.62 48.942 49.241 49.557 49.847 50.136 50.51 50.888 51.206 51.539 51.801 52.036 52.327 52.546 52.742 53.039 53.264 53.555 53.743 54.039 54.329 54.498 54.693 55.03 55.399 62.335 66.848 68.607 69.068 61.518 61.353 59.542 58.919 58.967 61.79 71.951 72.059 72.623 61.76 62.602 60.656 60.072 60.228 60.376 60.457 60.826 61.117 63.341 66.605 67.499 67.189 66.895 62.146 62.165 65.507 62.587 62.735 64.128 65.476 64.732 64.289 64.141 64.016 63.935 63.96 65.134 68.841 70.042 69.428
48.059 48.242 48.487 48.845 49.093 49.466 49.734 50.073 50.365 50.729 51.025 51.338 51.595 51.898 52.155 52.325 52.606 52.875 53.095 53.408 53.666 53.89 54.184 54.365 54.532 54.844 55.014 55.194 59.594 63.032 57.682 59.918 61.888 62.738 61.323 59.014 58.927 58.73 58.75 59.722 60.799 58.873 59.268 60.223 60.57 60.83 60.441 60.622 60.821 61.308 64.205 65.207 65.922 63.921 62.557 66.603 67.586 63.366 62.564 62.779 64.994 67.094 64.612 64.066 63.902 63.815 63.741 64.82 65.914 68.537 68.09
48.008 48.207 48.441 48.767 49.02 49.391 49.691 50.044 50.291 50.541 50.872 51.121 51.416 51.715 51.943 52.188 52.468 52.686 52.922 53.27 53.44 53.699 54 54.293 54.493 54.688 54.85 55.138 55.352 55.65 56.17 63.3 63.993 66.849 66.049 61.147 59.73 58.823 58.803 58.83 58.856 58.999 58.93 59.779 60.126 62.773 61.37 60.709 60.813 61.046 61.186 62.687 63.55 65.204 67.205 68.553 68.258 67.41 63.776 63.65 65.026 65.555 64.553 63.985 63.759 63.644 63.561 63.772 65.235 67.722 66.825
47.927 48.113 48.338 48.612 48.798 49.297 49.588 49.838 50.118 50.474 50.671 50.947 51.253 51.513 51.741 51.983 52.27 52.528 52.851 53.11 53.344 53.586 53.818 54.017 54.336 54.515 54.641 54.989 55.282 55.476 58.138 65.111 68.554 70.487 69.603 63.289 59.115 58.929 58.788 58.815 58.815 58.924 58.782 58.922 59.712 65.506 67.099 66.996 66.893 61.927 60.956 61.529 62.813 65.943 67.596 68.435 68.566 67.928 63.327 62.294 62.915 63.616 63.569 63.686 63.806 63.526 63.362 63.347 64.333 65.226 67.17
47.813 47.992 48.187 48.474 48.746 49.081 49.323 49.657 49.883 50.185 50.532 50.696 51.07 51.279 51.641 51.848 52.105 52.396 52.621 52.899 53.145 53.371 53.64 53.919 54.186 54.393 54.65 54.86 55.029 55.356 55.703 61.872 67.777 70.575 69.636 66.925 64.763 59.118 58.908 58.8 58.809 58.812 58.756 58.873 63.008 70.43 68.514 68.795 66.315 62.162 60.842 62.194 61.32 64.205 67.041 67.865 67.145 63.236 64.697 67.572 65.508 62.833 63.167 63.497 63.725 63.693 63.283 63.193 64.111 65.055 65.505
47.62 47.883 48.158 48.397 48.678 48.96 49.217 49.541 49.799 50.056 50.419 50.63 50.859 51.062 51.408 51.695 51.975 52.197 52.443 52.711 52.977 53.167 53.438 53.749 54.015 54.326 54.542 54.723 54.941 55.132 55.423 59.581 64.75 68.214 68.104 62.342 66.333 60.981 58.946 58.846 58.743 58.801 58.779 59.024 72.901 73.208 72.134 73.453 71.305 65.167 60.734 60.835 61.144 61.395 62.716 63.241 63.712 65.583 66.735 67.961 67.357 66.028 62.458 62.847 63.813 64.107 63.099 63.023 63.99 64.956 64.912
47.57 47.792 48.037 48.304 48.55 48.779 48.986 49.37 49.627 49.815 50.179 50.483 50.709 50.989 51.161 51.48 51.803 52.079 52.28 52.505 52.737 53 53.273 53.496 53.783 54.118 54.359 54.546 54.776 55.011 55.308 55.546 61.639 66.787 69.132 61.397 66.346 63.173 61.239 59.083 58.8 58.801 58.853 58.968 67.085 72.396 74.151 73.111 73.613 64.398 60.623 60.751 60.911 61.126 61.242 61.697 64.464 65.461 67.402 68.83 67.885 66.404 62.73 62.909 63.155 64.712 62.996 62.868 63.618 64.257 64.144
47.422 47.662 47.924 48.124 48.37 48.596 48.79 49.118 49.345 49.677 49.985 50.203 50.65 50.894 51.114 51.37 51.64 51.875 52.142 52.318 52.558 52.854 53.073 53.438 53.629 53.949 54.27 54.445 54.666 54.919 55.167 56.13 62.465 66.384 68.675 61.466 67.614 65.439 62.953 59.972 58.836 58.745 58.761 59.514 58.928 70.554 73.665 72.029 62.01 60.302 60.85 61.107 69.907 61.082 61.078 61.474 63.694 66.534 67.889 68.605 68.547 63.211 61.986 62.467 62.606 64.403 62.758 62.669 62.626 62.793 63.59
47.274 47.599 47.714 47.978 48.212 48.431 48.72 48.928 49.261 49.512 49.78 50.083 50.43 50.731 50.951 51.271 51.461 51.659 51.996 52.264 52.515 52.77 52.966 53.313 53.532 53.772 54.095 54.226 54.538 54.816 54.997 55.224 59.531 64.491 66.579 67.61 70.577 70.4 64.528 59.632 58.968 58.747 58.742 58.746 58.879 60.548 71.828 68.04 62.569 66.863 69.879 74.207 73.919 61.86 62.914 61.142 61.374 65.207 67.306 68.035 63.344 61.828 61.342 61.412 61.976 63.365 62.605 62.496 62.512 62.655 63.61
47.184 47.403 47.64 47.863 48.067 48.308 48.502 48.702 48.942 49.281 49.49 49.915 50.246 50.496 50.858 51.127 51.297 51.577 51.839 52.096 52.366 52.531 52.828 53.126 53.373 53.702 53.929 54.202 54.431 54.659 54.872 55.122 55.437 56.107 60.211 69.843 70.024 71.569 65.679 59.154 58.909 58.913 58.712 58.735 58.89 58.702 58.719 59.012 67.963 74.817 76.146 77.262 77.477 74.709 63.353 66.291 61.077 61.078 62.675 61.723 64.239 66.972 62.293 61.272 61.432 62.784 62.454 62.298 62.31 62.513 63.514
47.071 47.324 47.444 47.631 47.849 48.149 48.339 48.555 48.82 49.095 49.427 49.707 50.005 50.342 50.613 50.889 51.126 51.45 51.709 51.885 52.186 52.455 52.766 53.008 53.204 53.531 53.811 54.003 54.353 54.557 54.743 55.011 55.17 55.383 59.364 66.001 69.024 69.378 67.81 59.348 58.831 58.856 58.848 58.691 58.746 58.74 58.704 59.044 72.941 74.433 76.297 77.365 78.775 78.353 75.589 63.038 60.848 60.962 61.221 65.37 67.349 67.421 66.765 62.259 61.304 62.687 62.16 62.039 62.175 62.316 62.495
46.917 47.06 47.233 47.509 47.673 47.925 48.189 48.389 48.638 48.984 49.32 49.574 49.859 50.109 50.357 50.673 50.986 51.275 51.525 51.842 52.021 52.364 52.581 52.905 53.071 53.422 53.614 53.878 54.161 54.37 54.625 54.824 55.086 55.286 55.466 60.844 66.495 62.247 64.592 59.312 59.857 58.819 58.877 58.696 58.73 58.764 58.884 67.662 73.173 76.046 76.92 77.82 78.339 78.542 77.911 63.66 60.71 60.995 64.587 66.907 68.101 68.086 67.352 62.891 62.28 63.023 61.802 61.862 61.947 62.557 62.791
46.829 46.958 47.067 47.306 47.514 47.691 48.017 48.19 48.504 48.804 49.065 49.412 49.608 49.985 50.169 50.47 50.779 51.078 51.343 51.7 51.938 52.182 52.464 52.704 53.046 53.346 53.595 53.792 54.084 54.289 54.521 54.693 54.913 55.161 55.373 55.584 56.109 66.508 68.808 68.017 59.806 58.812 58.805 58.794 58.685 58.7 58.732 61.096 71.305 74.32 75.194 77.021 77.105 78.456 70.047 60.931 68.902 61.934 65.52 66.841 67.552 68.155 64.761 63.623 61.883 61.899 61.516 61.664 61.762 63.035 66.167
46.617 46.797 46.934 47.096 47.249 47.541 47.852 48.095 48.404 48.648 48.861 49.213 49.464 49.738 50.075 50.322 50.669 50.827 51.228 51.607 51.836 52.133 52.39 52.672 52.887 53.214 53.431 53.685 53.898 54.077 54.378 54.526 54.752 55.007 55.18 55.521 60.484 67.694 69.704 69.296 63.076 64.517 61.583 58.995 58.971 58.683 58.704 60.731 69.317 72.315 73.958 71.548 71.188 71.601 65.463 69.927 73.969 69.046 60.962 65.154 66.998 64.292 62.938 61.35 61.059 61.155 61.287 61.497 63.645 63.555 66.987
46.439 46.553 46.78 46.934 47.142 47.406 47.637 47.857 48.2 48.412 48.7 49.04 49.327 49.659 49.924 50.174 50.526 50.789 51.13 51.447 51.644 51.947 52.247 52.556 52.826 53.071 53.393 53.588 53.844 54.007 54.235 54.393 54.598 54.882 55.066 55.375 56.508 59.105 67.291 67.31 68.446 69.439 69.078 63.08 60.909 58.741 58.652 60.095 66.008 69.604 71.155 73.892 68.676 70.261 68.104 76.052 75.62 71.789 60.667 61.037 62.206 61.05 61.252 60.746 60.899 61.064 62.539 64.998 67.298 67.835 69.56
46.217 46.435 46.6 46.806 46.942 47.224 47.461 47.783 48.027 48.274 48.573 48.841 49.158 49.482 49.762 50.044 50.41 50.67 50.945 51.289 51.557 51.898 52.183 52.422 52.699 52.969 53.209 53.456 53.681 53.902 54.132 54.277 54.514 54.69 54.979 55.222 55.476 55.804 58.331 64.74 70.582 70.412 73.745 72.403 69.172 67.5 58.902 58.655 58.707 60.857 72.856 74.276 74.731 71.789 76.108 77.167 75.548 71.092 61.601 60.431 60.371 60.371 60.505 60.63 60.871 61.215 63.505 67.387 68.468 67.576 69.445
46.058 46.218 46.42 46.658 46.862 47.052 47.327 47.563 47.87 48.165 48.404 48.723 48.957 49.27 49.586 49.932 50.274 50.574 50.877 51.153 51.38 51.797 52.016 52.338 52.585 52.837 53.112 53.356 53.571 53.839 54.082 54.245 54.435 54.627 54.9 55.087 55.328 55.537 55.753 65.442 70.994 74.147 75.172 73.76 69.754 61.374 59.474 58.651 58.66 59.52 71.089 74.394 75.113 74.634 76.358 77.595 72.678 69.168 63.201 59.954 60.107 60.253 60.44 60.663 61.705 61.116 62.13 65.85 67.484 64.967 64.613
45.938 46.154 46.271 46.553 46.748 46.991 47.15 47.439 47.672 48.026 48.219 48.509 48.89 49.169 49.554 49.844 50.165 50.417 50.772 51.103 51.349 51.675 51.946 52.185 52.481 52.709 52.978 53.268 53.493 53.733 54.003 54.186 54.395 54.609 54.749 54.96 55.175 55.424 55.785 65.528 70.91 64.781 74.566 74.288 68.788 65.795 59.036 58.692 58.657 58.661 64.168 69.122 70.749 73.402 76.098 75.75 73.214 65.709 59.704 59.844 60.015 60.908 60.599 62.12 61.688 61.32 61.623 61.845 65.649 65.997 66.461
45.82 46.014 46.224 46.385 46.615 46.849 47.066 47.269 47.508 47.794 48.103 48.484 48.787 49.057 49.39 49.691 50.039 50.41 50.692 50.981 51.235 51.6 51.766 52.135 52.385 52.68 52.896 53.174 53.436 53.69 53.926 54.131 54.423 54.538 54.647 54.826 55.084 55.287 55.361 62.855 69.193 69.661 72.236 73.889 70.036 70.329 61.903 58.729 58.586 58.667 64.277 68.062 73.126 73.803 72.704 69.786 69.644 63.467 61.341 59.968 60.383 60.362 60.725 60.432 60.715 61.099 61.671 65.178 66.394 66.272 65.797
45.753 45.902 46.065 46.283 46.522 46.71 46.949 47.21 47.466 47.659 48.047 48.38 48.622 48.982 49.261 49.595 49.928 50.25 50.64 50.941 51.212 51.536 51.761 52.015 52.285 52.538 52.803 53.027 53.259 53.573 53.92 54.006 54.234 54.448 54.631 54.741 54.905 55.121 55.246 57.4 67.054 70.549 72.188 73.743 74.061 71.289 63.586 61.25 58.703 58.613 59.244 69.256 70.326 70.516 69.242 62.434 60.562 61.4 59.793 60.667 61.633 60.972 59.788 63.51 64.562 64.646 63.166 65.103 69.662 68.937 66.911
46.115 45.824 46.008 46.166 46.43 46.625 46.799 47.057 47.297 47.599 47.801 48.208 48.457 48.828 49.167 49.505 49.84 50.172 50.506 50.84 51.197 51.44 51.706 51.942 52.187 52.455 52.702 52.944 53.196 53.478 53.668 53.973 54.151 54.387 54.556 54.654 54.743 54.967 54.992 55.154 55.386 63.867 69.601 72.706 73.438 72.296 64.044 63.487 59.641 58.697 58.648 58.648 61.761 59.929 58.752 60.354 59.177 60.431 61.116 61.807 62.825 64.091 65.31 65.6 66.239 66.386 65.699 66.47 74.465 70.679 67.116
50.379 45.914 45.863 46.082 46.257 46.511 46.732 46.939 47.157 47.472 47.716 47.963 48.338 48.695 49.029 49.392 49.771 50.051 50.445 50.713 51.05 51.364 51.608 51.887 52.063 52.324 52.611 52.886 53.136 53.382 53.559 53.783 54.086 54.304 54.423 54.523 54.661 54.816 54.93 55.053 55.151 56.717 64.203 69.788 71.207 68.343 70.904 65.812 63.514 59.268 58.615 58.674 58.655 58.659 58.606 58.809 61.374 59.664 61.711 62.973 64.625 65.122 64.98 69.052 68.702 72.411 73.797 77.709 77.882 77.548 72.466
53.884 47.298 45.793 45.998 46.161 46.338 46.581 46.81 47.014 47.357 47.606 47.938 48.286 48.517 48.89 49.248 49.64 49.977 50.272 50.577 51.008 51.307 51.501 51.781 51.949 52.218 52.563 52.832 53.002 53.289 53.423 53.71 53.889 54.063 54.284 54.402 54.463 54.653 54.814 54.891 55.042 55.102 57.561 67.027 69.394 68.119 62.557 67.169 60.761 58.633 58.703 58.574 58.639 58.623 58.627 58.711 58.917 59.659 61.792 64.817 65.286 64.764 63.67 70.773 74.228 77.015 78.238 74.808 76.176 76.518 71.412
54.289 46.376 45.702 45.929 46.085 46.294 46.489 46.66 46.888 47.209 47.455 47.776 48.123 48.331 48.764 49.168 49.487 49.86 50.183 50.533 50.82 51.174 51.394 51.669 51.926 52.214 52.484 52.717 52.904 53.13 53.303 53.537 53.678 53.853 54.098 54.246 54.376 54.485 54.596 54.757 54.91 55.027 57.863 66.503 67.627 62.419 67.415 66.416 61.386 58.562 58.818 58.994 58.616 58.634 58.648 58.581 58.74 59.205 60.783 64.614 63.888 62.517 67.807 74.04 76.579 77.435 78.557 70.26 76.403 68.396 70.235
52.989 46.293 45.562 45.786 45.97 46.144 46.354 46.545 46.843 47.1 47.454 47.671 47.983 48.299 48.739 48.995 49.403 49.75 50.084 50.358 50.705 50.943 51.269 51.513 51.845 52.137 52.389 52.593 52.8 52.969 53.238 53.355 53.48 53.68 53.797 54.022 54.215 54.379 54.446 54.631 54.778 54.902 56.218 58.118 65.22 63.44 66.827 66.333 63.101 58.606 59.189 59.627 58.605 58.612 58.617 58.606 58.625 58.731 59.293 60.928 63.884 63.391 64.118 74.518 76.266 77.484 78.049 77.649 77.516 76.138 75.042
46.294 45.231 45.51 45.723 45.884 46.069 46.222 46.406 46.707 46.921 47.199 47.54 47.843 48.16 48.58 48.85 49.261 49.634 49.984 50.21 50.581 50.845 51.12 51.436 51.792 52.032 52.27 52.483 52.715 52.903 53.067 53.189 53.276 53.411 53.553 53.781 53.931 54.202 54.364 54.495 54.653 54.788 54.919 55.048 57.869 59.212 64.304 58.502 58.937 60.974 59.046 59.355 58.666 58.586 58.637 58.651 58.608 58.679 58.768 63.471 65.754 66.58 65.304 65.321 76.266 77.07 75.949 71.012 68.144 73.562 66.326
45.178 45.152 45.383 45.561 45.796 45.943 46.188 46.355 46.594 46.831 47.108 47.436 47.737 47.992 48.445 48.757 49.125 49.503 49.81 50.058 50.426 50.658 51.019 51.282 51.611 51.893 52.106 52.31 52.596 52.697 52.889 53.077 53.061 53.165 53.432 53.632 53.753 53.958 54.113 54.353 54.522 54.647 54.817 54.935 55.128 58.249 58.897 56.93 58.755 64.445 59.957 60.376 61.056 59.241 58.586 58.621 58.576 58.592 58.857 65.386 62.417 63.308 61.753 62.78 71.095 75.602 72.921 71.075 64.266 69.868 65.489
