dsm/se2638_DSM_2M.asc
ncols 500
nrows 500
xllcorner    426000
yllcorner    438000
cellsize     2
NODATA_value -9999
[rows 352 to 383 of 500, columns 144 to 215 of 500]
122.806 122.939 120.437 120.269 120.013 118.207 118.466 119.835 120.3 119.44 119.301 -9999 120.062 120.357 121.771 121.486 119.931 118.458 118.783 122.203 125.029 125.51 123.488 119.797 118.306 117.527 118.522 118.079 117.397 117.282 117.546 117.602 117.534 117.29 117.692 118.109 119.568 118.971 118.815 118.292 117.523 117.607 117.452 117.253 117.468 117.534 117.53 117.581 117.823 118.75 120.598 122.21 123.921 124.743 123.538 121.944 118.721 118.581 119.223 118.979 118.642 118.6 118.452 118.456 118.389 118.584 118.701 118.709 118.698 119.012 119.723 124.083
124.535 123.134 122.167 121.621 121.479 119.269 118.861 119.778 120.777 119.283 119.03 -9999 -9999 120.147 119.073 119.972 119.321 118.038 117.982 121.646 123.838 124.787 123.627 121.708 119.633 117.849 117.601 117.396 117.212 117.241 117.326 117.345 117.368 117.279 117.474 118.121 120.198 119.116 120.728 119.519 118.54 118.081 118.288 117.524 118.241 118.786 118.684 118.073 118.614 119.133 120.652 122.825 123.511 123.689 123.096 121.088 118.384 118.313 118.839 118.96 118.625 -9999 -9999 119.054 118.961 119.133 118.98 118.88 118.889 119.152 121.432 125.204
124.249 124.665 124.6 122.75 121.125 119.94 118.878 119.937 119.895 119.187 118.943 -9999 -9999 120.134 120.109 120.171 118.574 117.968 118.181 120.851 123.341 125.067 124.854 123.082 120.302 118.427 117.778 117.497 117.435 117.317 117.204 117.282 117.43 117.88 117.672 117.989 119.065 120.116 120.712 119.644 119.149 120.282 120.247 119.275 120.48 119.953 119.643 119.612 118.991 118.93 -9999 121.691 121.798 121.203 120.432 120.028 118.369 118.383 118.47 118.203 118.234 118.326 119.064 119.328 119.73 120.034 120.387 119.169 118.829 119.146 121.885 124.775
124.337 125.175 125.576 123.985 121.846 119.83 119.361 119.469 119.499 118.387 118.149 118.272 -9999 -9999 120.114 120.556 120.43 118.927 118.559 120.551 122.579 124.768 123.877 121.817 118.892 118.229 118.858 118.661 118.299 117.621 117.307 117.332 117.935 119.821 118.121 117.804 117.769 119.942 120.545 120.13 120.577 122.318 120.352 121.235 119.812 119.451 119.303 119.037 117.87 118.685 121.216 121.605 119.966 120.237 119.031 118.992 118.432 118.576 118.245 118.233 118.159 118.192 118.944 119.225 119.698 121.727 120.322 119.131 118.789 119.414 122.061 124.97
123.994 124.603 124.979 124.38 123.65 120.033 118.953 118.281 117.946 117.694 117.621 117.672 -9999 -9999 119.271 119.372 119.09 118.294 117.937 118.222 120.2 120.401 119.249 117.955 117.371 117.492 117.93 118.835 118.971 118.289 117.383 117.057 117.653 118.477 118.36 117.701 117.899 119.986 120.767 120.432 119.258 118.525 118.125 118.311 118.965 118.11 118.185 118.534 118.116 119.931 122.687 122.789 120.086 121.473 120.155 118.316 118.051 119.864 119.037 118.254 118.1 118.132 -9999 119.413 119.93 120.538 120.017 119.035 118.834 118.912 121.69 125.179
122.843 124.384 124.61 124.753 122.952 120.523 118.674 118.131 117.742 117.603 117.613 -9999 -9999 117.941 118.152 118.138 117.927 117.426 117.746 118.707 118.776 119.066 117.766 117.343 117.155 117.107 117.241 118.384 118.937 117.96 117.084 117.024 117.191 117.679 117.486 117.277 117.53 119.652 120.603 118.953 117.277 116.903 117.102 117.403 117.379 117.041 117.193 117.246 118.084 120.699 123.619 123.592 123.345 121.347 118.813 117.732 117.962 119.343 119.19 118.208 118.136 118.181 118.317 118.892 119.097 119.967 120.569 119.714 118.995 119.084 120.944 124.578
121.853 123.917 123.673 122.302 119.478 118.014 118.08 118.192 117.945 117.606 117.63 -9999 -9999 117.895 117.665 117.626 118.11 117.423 117.732 119.801 121.173 121.433 119.691 119.625 118.229 117.536 117.035 117.526 117.472 117.143 117.019 117.021 117.064 117.094 117.012 117.296 117.699 119.658 120.296 119.387 117.314 117.032 117.311 117.49 117.104 117.139 117.198 117.668 117.667 119.658 123.641 124.585 123.638 121.455 117.996 117.916 117.818 118.73 119.085 118.395 118.205 118.219 118.272 118.372 118.349 118.552 119.586 119.167 118.8 119.031 120.517 122.545
119.435 120.792 120.062 118.024 117.396 117.35 117.776 118.971 118.586 117.735 118.094 -9999 -9999 118.191 117.738 118.04 117.897 117.186 117.304 118.085 121.28 122.638 123.356 122.556 120.111 118.499 117.549 117.039 117.06 116.954 116.998 117.064 117.094 117.131 117.137 117.898 119.035 120.766 120.569 119.827 117.815 117.196 117.528 117.859 117.362 117.333 118.001 118.712 117.858 120.207 123.627 124.605 124.266 121.521 119.622 118.117 118.357 118.799 118.516 118.119 118.189 118.135 -9999 118.258 118.219 118.255 118.445 118.385 118.578 118.47 119.06 119.001
117.41 117.481 117.181 117.408 117.376 117.219 117.851 119.479 119.443 118.37 -9999 -9999 -9999 119.044 119.333 119.907 118.732 117.564 117.244 118.138 121.926 124.367 124.268 123.02 120.534 118.444 117.991 117.486 117.205 116.942 116.879 117.005 117.148 117.653 119.237 119.772 119.987 120.469 120.418 118.566 117.152 116.864 116.906 116.916 117.031 116.917 117.343 117.478 117.788 120.826 123.812 124.57 124.161 122.172 119.351 117.821 117.922 118.059 118.328 118.178 118.186 118.116 118.068 118.126 118.146 118.214 118.049 118.138 118.351 118.33 118.217 118.756
116.979 116.866 117.391 118.443 118.325 117.683 117.578 118.855 119.117 118.298 118.096 -9999 -9999 120.089 120.543 121.145 120.777 118.736 117.328 117.545 121.515 124.759 124.501 122.172 118.638 117.819 117.259 117.349 116.997 116.803 116.775 116.752 116.982 118.334 120.416 121.227 118.358 119.522 119.189 117.434 116.878 116.529 116.627 116.737 116.748 116.851 116.987 117.331 117.597 120.322 123.485 124.691 123.08 121.465 117.825 117.654 117.564 118.159 119.056 118.532 118.049 118.05 118.018 118.08 118.169 118.32 118.184 118.194 118.403 118.502 118.622 119.357
117.448 117.612 120.871 122.633 120.31 118.961 117.707 117.42 117.445 117.208 117.725 -9999 -9999 120.168 120.722 120.883 119.607 117.742 116.972 116.977 120.334 123.604 124.155 122.323 120.542 118.283 117.392 117.028 116.757 116.828 116.823 116.781 116.8 117.553 119.701 120.347 118.977 120.321 118.589 117.949 117.276 116.863 116.738 116.728 116.795 117.088 117.884 118.269 117.224 118.98 119.883 119.655 119.404 119.107 117.684 117.444 117.632 117.933 118.405 118.394 118.069 118.05 117.973 117.949 118.18 118.469 118.534 118.261 118.315 118.696 119.207 122.013
118.505 120.931 123.712 124.14 122.286 119.521 117.43 116.841 117.031 117.238 117.742 118.112 -9999 -9999 119.54 118.897 117.813 116.97 116.813 117.006 120.324 122.793 123.268 122.385 120.937 119.265 118.504 117.232 117.199 117.805 118.03 117.115 117.014 116.898 117.944 117.759 118.239 120.055 120.499 118.839 118.322 117.279 116.911 116.827 117.231 117.223 117.975 118.238 117.766 117.923 117.956 117.37 117.284 117.248 117.31 117.366 117.529 117.796 117.802 117.989 117.925 118.023 118.051 118.077 118.246 118.759 118.857 118.343 118.403 118.632 119.639 122.147
120.926 122.8 124.253 124.214 122.059 118.572 116.999 116.777 117.1 117.874 117.842 118.384 118.708 -9999 118.119 117.473 117.077 116.95 116.893 117.698 121.124 122.669 122.484 120.709 118.655 119.071 119.362 118.451 118.362 118.894 119.856 118.092 117.332 117.509 117.964 116.911 117.082 118.796 119.021 118.641 118.586 117.297 117.047 117.515 118.175 117.878 118.331 117.706 117.545 118.042 118.276 117.992 117.766 117.624 117.056 117.214 117.535 118.032 118.039 117.938 117.958 118.193 118.383 118.327 118.217 119.195 118.958 118.352 118.397 118.798 119.849 122.85
121.219 123.277 124.085 123.974 122.949 119.782 117.567 116.906 117.341 118.022 119.962 119.438 118.532 117.764 117.412 116.935 116.844 116.788 116.846 117.861 120.465 121.61 121.356 118.76 117.172 118.69 119.001 118.619 118.542 118.771 119.245 118.072 116.774 116.975 116.934 116.994 117.846 119.019 118.132 117.919 117.538 117.106 116.808 117.028 117.754 117.712 117.55 117.31 117.338 118.695 119.866 120.375 118.996 119.745 117.721 117.068 118.004 118.756 118.092 117.912 118.09 118.685 118.606 118.358 118.317 118.882 118.715 118.231 118.118 118.747 121.081 123.923
120.488 123.563 124.463 124.137 123.51 120.769 117.554 116.639 117.124 118.265 119.592 119.845 118.065 117.048 117.147 116.649 116.667 116.686 117.295 118.807 120.892 121.373 -9999 120.114 119.432 118.775 118.324 118.114 117.84 117.705 117.229 116.681 116.608 116.579 116.563 116.976 118.548 120.062 118.769 117.686 116.932 116.609 116.638 116.52 116.926 117.104 117.198 117.264 118.07 120.332 122.926 123.128 122.449 122.538 118.765 117.227 117.537 118.204 118.008 118.092 118.179 118.943 118.798 118.325 118.171 118.454 118.529 118.282 118.102 118.922 122.069 123.931
119.301 122.644 124.052 124.045 122.509 119.692 117.23 116.832 117.216 118.8 121.02 121.864 119.017 117.434 116.968 116.474 116.55 116.766 117.433 119.282 121.364 121.908 122.325 121.994 121.329 119.405 117.66 116.732 116.923 116.73 116.655 116.578 116.579 116.523 116.514 116.601 117.456 119.095 118.657 117.379 117.094 116.79 116.636 116.588 116.696 116.909 117.169 117.457 118.063 120.651 122.989 124.432 123.556 120.929 117.728 117.425 117.298 118.098 118.675 118.202 118.061 118.456 118.526 118.277 117.939 118.399 118.878 118.31 118.151 118.456 121.481 123.115
118.137 120.22 122.878 123.62 123.081 120.691 118.442 117.705 -9999 119.271 120.884 121.45 119.535 -9999 117.016 116.756 116.653 116.673 116.701 118.202 121.056 122.192 123.152 123.307 121.889 119.4 117.807 116.764 116.538 116.584 116.466 116.569 116.673 116.558 116.467 116.479 116.702 117.748 118.083 117.835 117.516 117.355 117.032 116.721 116.685 116.962 117.488 118.013 117.69 120.382 122.637 124.276 124.195 122.163 118.866 117.479 117.827 119.255 119.118 118.114 118.045 118.45 118.616 118.245 117.998 118.179 118.372 118.194 118.452 118.969 119.547 119.504
117.602 118 120.068 122.46 122.145 120.798 118.818 117.332 116.762 -9999 -9999 -9999 -9999 -9999 116.994 116.709 116.656 116.534 116.507 117.186 119.78 122.573 123.484 123.445 121.951 119.383 117.651 117.34 116.711 116.566 116.372 116.383 116.676 116.416 116.42 116.351 116.351 116.746 117.916 118.286 117.723 118.376 117.173 116.797 116.656 116.754 117.569 118.411 118.854 120.566 122.994 124.236 124.035 122.115 118.537 117.303 117.547 118.533 119.361 118.964 118.257 118.451 118.695 118.185 117.902 117.859 117.88 118.176 118.371 118.483 117.913 118.651
116.992 116.44 117.437 119.416 120.157 118.433 117.648 116.794 116.618 -9999 -9999 -9999 -9999 117.202 116.811 116.793 116.713 116.554 116.427 116.601 118.176 121.887 123.962 123.423 120.612 117.539 117.281 116.463 116.618 116.372 116.291 116.23 116.331 116.323 116.281 116.263 116.306 116.625 117.847 117.091 117.006 116.85 117.029 116.671 116.48 116.494 116.737 117.647 118.282 120.672 123.019 123.849 124.42 122.343 118.308 117.288 117.271 117.575 118.942 119.071 118.067 118.202 118.263 118.024 117.796 117.717 117.795 117.925 117.984 118.18 118.43 120.083
117.212 117.133 117.071 117.644 118.504 117.855 117.1 116.561 116.396 116.393 -9999 -9999 -9999 -9999 116.694 116.63 116.645 116.555 116.474 116.443 117.349 120.879 123.262 123.452 122.147 119.26 117.737 116.965 116.587 116.405 116.355 116.282 116.209 116.198 116.199 116.209 116.365 117.846 119.511 118.414 116.94 116.686 116.544 116.373 116.394 116.649 116.929 117.756 117.86 119.964 121.74 121.398 122.107 122.444 119.676 117.325 117.2 117.7 118.414 118.394 117.695 118.007 -9999 117.891 117.797 117.769 117.828 117.862 117.854 117.91 119.258 123.001
117.445 117.223 116.639 117.507 118.851 118.822 117.518 116.781 116.338 116.381 116.399 116.426 116.463 -9999 116.668 116.689 116.717 116.54 116.453 116.689 117.782 121.183 122.604 122.936 121.942 119.88 118.419 117.78 116.785 116.69 116.458 116.395 116.212 116.126 116.167 116.167 116.33 118.243 119.848 119.065 117.793 116.749 116.365 116.35 116.549 117.312 118.041 118.32 119.616 119.584 118.982 117.585 118.444 119.507 118.619 117.851 117.377 117.558 117.787 117.87 117.787 117.78 -9999 117.733 117.679 117.686 117.847 117.888 117.911 117.852 119.223 122.833
117.384 117.505 118.563 118.902 120.35 120.209 118.288 117.318 116.537 116.369 116.428 116.46 116.4 -9999 -9999 116.76 116.832 116.722 116.669 117.288 118.515 121.577 121.356 120.772 119.307 117.644 117.738 117.896 117.137 116.503 116.434 116.503 116.287 116.133 116.109 116.107 116.33 117.751 119.231 119.21 118.733 116.831 116.63 116.359 116.546 117.561 117.838 117.805 119.112 118.875 118.05 117.284 118.361 119.088 117.66 117.651 117.673 117.585 117.508 117.54 117.686 117.693 -9999 117.678 117.602 117.586 117.847 117.868 117.839 117.743 118.678 122.306
116.451 117.32 118.594 120.396 122.302 121.283 120.298 118.173 116.482 116.377 116.398 116.44 116.35 -9999 -9999 116.761 116.871 116.913 117.022 117.365 117.749 118.996 118.915 117.503 117.247 116.841 116.962 116.973 116.503 116.198 116.238 116.328 116.225 116.085 116.037 116.032 116.054 116.556 117.295 118.129 118.292 117.45 116.544 116.3 116.286 116.49 116.808 117.08 118.268 118.997 119.017 118.645 120.648 120.147 119.617 119.492 117.944 117.182 117.343 117.622 117.684 117.715 117.7 -9999 117.664 117.684 117.775 117.799 117.736 117.653 118.052 122.216
115.683 116.288 -9999 121.322 122.482 121.379 119.512 117.76 116.92 116.296 116.279 116.267 116.215 116.235 -9999 -9999 116.864 117.073 117.108 116.634 116.987 117.547 117.399 117.331 117.21 117.73 117.151 116.493 116.172 116.145 116.155 116.115 116.054 116.04 115.992 115.991 116.055 116.171 116.504 117.378 117.302 116.656 116.261 116.314 116.278 116.242 116.383 116.448 116.863 118.114 118.783 119.805 122.537 121.653 120.998 120.387 117.748 117.277 117.383 117.784 117.83 117.842 117.771 -9999 117.677 117.68 117.717 117.738 117.596 117.616 118.601 122.07
115.63 115.822 -9999 121.401 122.204 121.41 119.299 117.843 116.44 116.376 116.21 116.139 116.108 116.156 -9999 -9999 116.713 116.788 116.772 116.506 116.305 117.612 118.681 119.017 120.063 120.718 117.854 116.341 116.164 116.165 116.111 116.054 116.044 116.114 116.196 115.999 116.094 116.075 116.362 116.686 116.554 116.274 116.099 116.36 116.339 116.252 116.38 116.482 116.755 117.274 117.42 119.444 122.13 123.314 123.007 121.967 118.865 117.271 117.312 118.025 117.908 117.733 117.73 -9999 117.642 117.653 117.593 117.534 117.541 117.631 118.164 120.612
115.649 115.868 117.838 121.408 123.278 122.122 119.593 118.023 116.62 116.204 116.122 116.147 116.114 116.161 -9999 -9999 116.294 116.294 116.251 116.178 116.441 118.401 120.673 122.093 123.001 121.498 119.368 116.928 116.205 116.128 116.418 116.017 116.052 116.631 116.92 116.205 116.121 116.099 116.386 116.753 116.445 116.304 116.579 117 116.598 116.552 116.628 117.083 117.22 117.475 118.371 119.591 122.633 123.937 124.147 122.168 118.228 117.501 117.186 117.796 117.734 117.582 117.673 -9999 117.573 117.564 117.481 117.418 117.447 117.519 118.162 119.166
115.703 115.992 -9999 120.371 121.849 120.761 118.712 116.675 116.289 116.212 116.306 -9999 -9999 -9999 -9999 116.195 116.168 116.037 116.094 116.135 116.372 118.519 121.643 123.082 123.165 122.184 119.078 116.828 116.36 116.134 116.219 115.927 115.879 116.301 116.323 116.219 116.092 116.156 116.3 117.343 116.702 116.336 117.035 117.742 117.823 116.786 116.756 117.564 116.832 117.196 118.137 119.893 122.733 123.917 124.097 121.888 118.153 117.141 117.089 117.627 117.623 117.589 117.616 -9999 117.55 117.528 117.421 117.338 117.489 117.569 117.899 118.326
116.427 116.483 -9999 118.309 118.436 117.33 116.403 116.222 116.302 116.443 116.725 116.743 -9999 -9999 -9999 116.273 116.155 116.087 116.102 116.109 116.057 117.575 121.002 122.982 123.194 121.31 117.875 116.362 116.386 116.029 115.798 115.823 115.863 115.959 116.107 116.071 116.062 116.345 116.432 116.512 116.242 116.032 116.324 116.941 117.151 116.204 116.316 116.556 116.939 116.989 117.176 118.944 122.404 123.371 123.289 122.013 118.168 117.175 116.958 117.089 117.338 117.611 117.57 117.523 117.576 117.583 117.613 117.59 117.637 117.696 118.489 119.915
117.311 117.109 116.464 116.196 116.455 116.35 115.96 116.223 116.74 116.97 116.823 117.243 117.708 -9999 -9999 116.521 116.219 116.18 116.195 116.163 116.102 116.393 119.689 122.454 123.499 122.251 120.497 117.674 116.358 115.922 115.861 115.9 115.941 116.038 116.059 116.071 116.439 117.37 117.651 116.654 116.223 116.046 116.13 116.307 116.206 116.071 116.395 117.343 117.901 117.281 117.108 117.759 120.557 122.599 123.065 121.512 118.565 117.609 117.06 117.082 117.24 117.417 117.417 117.503 117.571 117.732 117.974 117.786 117.74 117.749 118.687 121.497
117.365 116.766 115.826 115.883 116.104 116.669 115.992 116.105 117.011 117.684 117.346 117.579 118.378 118.475 -9999 116.645 116.326 116.219 116.245 116.251 116.381 117.357 120.837 121.9 122.794 122.758 119.923 116.705 116.207 116.065 116.108 116.531 116.745 116.395 116.328 116.256 117.439 120.358 118.914 117.78 116.591 116.171 116.122 116.102 116.165 116.397 117.196 118.504 119.051 118.803 117.804 117.426 -9999 121.324 121.842 120.748 119.47 -9999 117.595 117.567 117.223 117.011 117.139 117.458 117.654 118.022 118.594 118.177 117.746 117.799 118.972 121.949
116.793 115.891 115.429 115.97 116.019 115.984 115.599 115.479 116.535 117.348 117.126 117.817 119.609 119.105 117.776 -9999 116.649 116.343 116.586 116.662 116.943 118.452 120.769 121.435 121.1 120.856 119.417 116.788 116.492 116.98 117.316 117.52 117.425 117.612 116.75 116.106 116.789 118.871 119.044 118.146 117.282 116.397 116.263 116.193 116.294 116.788 117.496 118.304 119.047 119.026 117.3 117.23 118.579 120.656 121.068 120.358 119.651 118.859 118.807 118.036 117.428 117.419 117.239 117.453 117.643 117.997 118.757 118.998 117.892 117.444 118.21 120.704
117.026 115.458 115.649 115.81 115.752 115.41 115.597 115.661 115.91 116.149 116.136 116.973 118.457 118.097 -9999 -9999 117.138 117.274 117.696 118.265 118.106 118.534 119.476 119.645 117.5 117.881 117.541 116.399 116.771 117.898 117.819 117.712 117.535 116.641 115.945 115.652 116.051 116.766 117.839 117.863 117.684 116.979 116.481 116.148 116.2 116.22 116.258 117.16 117.856 119.192 117.811 117.124 119.703 121.266 120.221 120.366 119.55 118.754 118.997 119.105 117.851 117.738 117.579 117.401 117.722 117.712 118.483 118.778 117.719 117.577 117.632 120.017
