dsm/se2631_DSM_2M.asc
ncols 500
nrows 500
xllcorner    426000
yllcorner    431000
cellsize     2
NODATA_value -9999
[rows 0 to 31 of 500, columns 288 to 359 of 500]
63.535 66.303 65.565 59.86 60.67 58.385 58.161 58.333 62.841 58.607 60.908 60.746 62.977 58.805 58.796 59.109 58.828 59.432 61.608 62.025 59.258 58.958 59.497 59.145 59.058 59.219 59.442 59.015 59.075 58.961 59.112 59.108 59.174 59.194 59.158 59.998 59.336 59.104 59.092 59.398 59.388 59.182 59.658 59.298 59.242 59.321 59.353 59.367 59.891 59.52 59.55 59.564 59.612 59.666 59.677 59.679 59.817 60.655 63.934 64.171 64.244 64.39 64.517 64.6 60.943 60.017 61.772 61.911 60.459 61.252 66.344 67.127
65.117 66.346 65.005 65.14 64.544 63.857 63.475 65.432 66.027 64.987 63.535 61.293 62.267 58.22 58.484 58.987 58.71 58.599 59.608 59.291 58.834 58.72 58.808 58.998 60.042 58.943 58.809 58.895 59.29 58.885 59.022 59.064 59.355 58.979 59.041 61.042 59.878 61.772 59.697 63.658 63.685 63.733 60.474 60.029 59.171 59.218 59.285 59.314 59.384 59.443 59.472 59.523 59.593 59.571 59.6 59.665 59.731 60.364 64.841 65.317 65.389 65.519 65.458 65.762 61.437 60.038 64.885 64.746 61.246 60.256 65.528 65.896
66.246 66.73 66.684 66.13 68.086 66.531 66.15 65.956 67.153 66.214 63.011 61.915 64.867 61.542 58.779 58.882 58.594 58.56 58.968 59.063 58.694 58.61 58.859 58.775 59.079 58.93 58.869 59.423 58.77 58.824 61.917 63.184 62.557 64.015 62.655 64.961 65.145 65.538 65.611 65.974 65.842 62.387 59.002 59.118 59.14 59.171 59.209 59.244 59.308 59.42 59.461 59.481 59.524 59.532 59.539 59.636 59.697 59.969 64.77 65.838 65.764 65.83 65.723 65.502 64.226 64.106 61.682 61.711 60.119 60.052 60.216 62.407
65.059 66.384 64.653 64.499 64.444 64.772 64.951 66.066 66.593 66.403 62.247 60.114 64.301 62.717 62.564 59.476 58.701 62.089 62.822 61.939 62.298 61.839 64.296 63.114 64.153 63.829 64.149 64.199 59.692 58.845 65.028 65.824 67.119 66.157 66.457 66.458 66.908 67.021 67.065 67.417 66.798 65.049 59.655 59.089 61.078 60.254 59.125 59.167 59.251 59.363 59.417 59.414 59.447 59.51 59.568 59.593 59.667 59.786 64.037 65.136 64.686 64.501 64.622 64.352 64.385 65.458 61.762 59.783 60.152 60.031 60.129 59.936
65.291 66.182 65 64.108 64.173 60.3 58.588 64.371 66.041 66.114 63.458 60.57 63.799 62.268 62.869 59.565 62.639 65.425 66.283 65.483 65.743 65.826 65.809 65.839 65.705 66.272 65.977 65.192 59.85 60.615 64.923 66.484 67.131 67.145 66.974 66.905 66.815 66.896 66.186 66.348 65.905 65.083 59.691 59.041 61.195 60.772 59.013 59.095 59.187 59.286 60.512 59.369 59.387 59.459 59.563 59.629 59.69 60.684 63.583 63.818 63.589 63.575 63.382 63.199 61.565 64.038 64.327 61.134 64.542 60.127 60.148 59.941
67.235 66.725 66.873 66.384 66.555 60.128 57.287 64.382 64.403 64.744 66.182 62.192 61.962 58.566 61.892 58.824 62.661 65.963 66.868 66.952 66.752 66.731 66.772 66.637 66.92 66.641 66.573 65.111 59.988 59.086 63.797 66.115 66.184 65.832 65.741 65.52 65.109 64.686 64.693 61.792 64.316 61.394 60.022 58.958 58.912 58.9 58.906 59.009 59.087 59.254 59.876 59.418 59.476 59.587 59.658 59.703 59.75 59.804 62.366 62.546 62.488 62.398 61.965 60.595 60.1 62.494 62.792 66.425 65.153 60.568 59.877 59.882
67.826 67.628 67.787 68.145 67.829 62.16 57.154 58.535 61.669 66.175 66.31 60.646 63.167 59.218 63.194 59.458 62.525 65.324 65.614 65.744 65.653 65.587 65.597 65.721 65.623 65.177 65.352 64.823 59.551 58.597 62.821 64.908 64.517 60.952 64.209 60.483 60.003 60.736 59.116 59.307 58.976 58.783 58.886 58.853 59.183 59.816 58.736 59.014 59.201 59.627 59.211 59.131 59.265 59.335 59.341 59.497 59.545 59.684 59.744 59.845 59.814 59.736 59.65 59.61 59.506 59.437 59.816 62.764 63.563 60.137 59.763 59.758
65.583 65.765 65.665 65.863 65.841 58.352 57.072 57.81 60.851 65.545 60.885 65.794 62.848 59.396 62.036 58.778 62.432 62.125 64.059 63.464 61.644 63.481 60.394 62.249 61.185 61.157 61.266 61.254 59.483 59.521 59.649 59.471 58.814 59.949 58.893 58.893 58.939 58.998 58.848 58.763 59.427 58.7 58.521 58.535 58.548 59.174 58.436 58.994 59.32 59.506 59.004 58.856 58.883 58.849 58.943 58.973 59.054 59.253 59.326 59.386 59.319 59.31 59.153 59.286 59.126 59.036 59.06 61.453 61.775 60.04 59.661 60.723
61.902 63.356 63.601 63.563 63.907 57.927 56.667 60.077 60.581 59.128 63.086 63.164 59.398 62.815 62.592 58.456 58.073 58.336 58.363 58.583 58.184 58.322 58.194 59.398 58.716 58.698 58.406 58.441 58.553 59.306 58.874 58.672 58.836 58.766 58.74 58.589 58.621 58.731 62.57 59.137 58.319 58.388 58.162 58.003 58.027 58.036 58.256 58.835 59.224 58.812 58.854 58.821 58.788 58.483 58.518 58.609 58.683 58.797 58.745 58.777 58.819 58.734 58.745 58.726 58.659 59.218 58.838 59.022 62.766 63.141 59.571 60.441
54.155 55.733 54.167 54.197 54.229 54.823 55.195 62.66 62.462 57.962 63.46 61.763 60.262 60.924 60.007 58.631 57.919 57.807 58.804 58.616 58.118 58.125 58.257 58.973 58.344 58.578 58.893 58.493 58.534 59.224 58.67 58.525 58.51 58.807 58.212 58.351 58.042 60.855 63.639 59.078 57.72 57.817 57.828 57.815 57.835 58.42 58.239 59.202 59.753 60.556 60.343 59.099 58.816 58.558 58.394 58.361 58.481 58.501 58.469 58.469 58.426 58.399 58.434 58.378 58.451 59.13 59.228 61.367 63.651 64.519 61.078 59.49
54.121 54.144 54.112 54.169 54.142 57.66 62.613 63.905 62.822 61.933 63.472 63.281 60.635 61.239 58.801 56.978 57.099 57.337 56.969 57.735 57.475 57.736 57.108 58.173 58.115 59.342 58.823 58.495 58.304 58.018 58.271 58.045 58.415 59.093 57.626 57.538 57.534 57.402 58.042 57.245 58.353 57.701 57.812 59.079 57.694 57.862 61.293 62.641 62.743 62.463 60.015 58.592 58.51 58.461 58.711 60.959 58.698 59.114 61.645 58.425 58.165 58.174 58.207 58.219 60.535 62.102 62.134 63.696 64.205 64.239 61.831 59.797
54.034 54.073 54.057 54.061 54.062 59.967 65.076 65.115 62.282 63.545 62.427 62.564 59.609 59.261 57.407 56 56.669 56.036 56.205 56.946 56.565 57.298 56.707 58.03 57.143 57.167 57.669 57.438 57.443 57.327 57.352 57.346 57.332 58.574 57.647 57.324 57.236 57.2 57.161 58.986 60.01 57.573 57.583 58.357 57.515 57.66 59.468 63.426 63.365 62.201 59.77 58.368 58.409 58.5 61.259 62.094 62.412 63.287 64.049 62.9 61.513 59.357 58.168 58.268 61.604 63.922 65.114 64.711 64.631 65.179 63.894 59.276
53.998 54.011 54.003 54.026 54.103 58.792 64.071 65.605 64.126 63.267 63.009 62.412 61.594 58.731 56.129 55.495 56.326 55.599 55.898 56.781 56.134 58.111 56.554 57.894 57.501 58.942 57.304 57.215 57.27 57.154 57.644 57.764 57.479 57.919 57.295 57.125 57.074 56.998 56.985 56.94 58.669 57.247 57.386 57.336 57.238 57.448 57.369 59.882 60.026 58.385 58.317 58.309 58.785 59.3 62.93 60.388 58.18 62.853 64.879 64.335 61.913 61.073 58.657 61.503 63.343 65.179 65.323 65.854 64.247 63.905 61.653 61.033
53.947 53.969 53.911 53.922 53.932 54.306 62.489 63.46 64.183 62.036 63.849 63.953 62.668 58.192 57.278 56.643 55.441 56.613 56.161 57.272 55.91 57.649 56.124 58.003 58.2 58.715 57.227 57.933 57.072 57.309 59.139 57.169 57.042 56.839 57.002 56.956 56.762 56.748 57.116 56.713 57.05 57.258 57.234 57.128 57.034 57.247 57.13 57.163 57.263 57.487 58.283 58.254 58.321 59.816 62.267 62.091 59.006 61.744 64.171 64.717 62.757 60.407 59.342 63.566 64.842 64.675 64.3 64.64 63.39 59.504 61.41 61.857
55.102 53.856 56.193 55.372 54.007 56.892 63.432 62.867 62.641 61.765 57.327 62.414 61.816 57.902 57.788 58.394 58.01 57.222 61.269 62.761 60.671 57.817 58.341 58.408 58.64 61.307 63.723 64.72 62.425 65.98 65.567 58.137 56.933 57.571 56.734 56.661 56.734 56.566 56.93 56.563 56.512 57.305 59.355 57.265 58.623 57.349 56.881 56.932 57.013 60.604 60.279 57.31 57.502 60.027 60.384 61.392 62.454 61.634 62.382 63.349 63.177 63.79 64.618 58.211 65.037 64.969 63.961 63.462 62.592 58.749 60.748 61.909
56.529 53.894 53.951 54.558 63.207 57.22 62.02 64.221 62.527 61.494 62.702 60.584 62.233 59.296 58.118 58.136 57.662 58.282 60.888 60.2 60.52 58.954 58.481 58.9 60.037 62.291 64.696 65.553 64.752 66.14 65.856 64.044 59.258 58.45 58.813 58.549 57.182 56.519 56.538 56.307 56.639 58.612 62.154 59.206 58.81 57.46 56.726 56.676 59.731 63.234 63.279 58.321 57.343 60.43 61.207 59.799 60.992 61.454 59.432 62.478 64.501 66.76 66.564 64.328 63.848 62.785 63.151 60.06 58.174 58.212 60.855 59.655
58.305 55.997 55.318 59.839 64.123 65.719 67.17 67.596 61.63 60.168 58.921 56.937 61.663 58.833 59.379 59.03 59.625 61.577 62.158 63.292 61.679 59.371 57.77 59.402 58.804 58.522 64.249 65.386 65.117 65.708 65.704 58.913 56.669 56.911 58.222 57.548 57.094 56.791 57.811 56.772 60.096 60.72 59.309 58.782 58.746 57.965 57.113 56.49 56.497 63.598 63.574 57.41 56.911 59.747 61.518 62.314 60.648 60.428 61.661 63.558 64.556 66.486 65.565 63.878 60.506 60.163 59.82 58.092 58.25 58.499 58.829 58.769
59.023 60.581 60.502 62.402 63.036 67.107 67.387 67.292 62.218 55.108 55.972 57.842 56.227 57.749 59.74 60.347 61.017 62.618 64.262 65.348 59.29 59.686 58.15 57.991 56.908 56.399 56.88 59.707 60.329 62.949 62.172 57.042 56.358 56.418 56.687 58.035 61.999 59.802 57.281 56.478 57.335 56.867 56.912 57.47 58.15 57.274 56.957 56.633 56.223 56.292 57.847 56.879 57.012 58.657 60.291 60.876 59.96 60.116 59.503 59.017 61.618 65.766 60.466 59.203 61.009 63.063 60.611 62.418 59.803 57.752 58.506 58.928
65.071 65.308 63.733 62.216 65.089 65.328 67.083 66.677 63.802 55.953 60.247 60.944 58.004 57.909 57.99 58.328 60.045 62.018 64.067 65.446 63.396 60.163 61.163 57.603 56.652 56.876 56.771 56.708 56.948 56.248 57.275 56.787 56.246 56.549 56.824 59.467 61.92 60.895 56.683 57.196 59.301 57.712 56.894 57.226 56.673 56.766 56.753 56.39 57.281 56.831 56.88 56.518 60.616 63.507 64.743 60.308 57.95 57.697 56.556 59.779 60.764 60.569 61.015 59.16 60.943 61.669 65.505 65.155 60.296 57.783 58.094 58.744
59.759 59.009 62.657 62.468 62.137 65.635 65.999 64.286 62.693 63.26 64.206 64.404 61.205 61.689 59.356 57.859 58.995 61.461 61.818 62.946 60.974 61.691 63.644 61.098 56.577 56.876 56.906 56.969 57.021 56.483 56.54 56.302 56.41 56.454 56.558 56.409 56.718 56.65 56.062 57.298 57.373 56.742 56.281 56.23 56.42 56.572 56.211 58.284 59.151 57.738 56.665 57.037 63 64.923 65.31 62.175 56.398 58.837 56.07 61.003 59.597 57.972 61.883 59.033 59.86 62.181 64.234 64.205 60.431 57.486 58.094 58.693
67.266 65.206 65.98 57.029 62.007 64.932 66.702 56.748 61.01 64.303 65.752 65.642 61.185 63.638 62.298 55.404 57.355 59.404 58.724 59.082 58.042 59.544 61.834 61.238 56.522 55.662 56.459 56.898 56.584 56.619 55.977 55.995 56.057 55.892 56.044 55.929 55.898 59.516 59.538 56.464 56.642 56.496 56.088 56.433 56.131 56.109 56.147 59.25 60.377 57.929 56.488 56.308 57.654 62.641 59.131 59.204 56.662 57.337 60.89 57.309 59.902 60.3 58.141 56.746 57.352 58.438 62.426 59.28 57.071 57.196 57.78 57.081
59.27 66.245 65.666 57.901 63.86 66.473 63.549 65.654 65.434 63.257 65.091 58.636 63.987 63.256 62.826 57.865 56.209 57.342 58.205 58.374 56.054 55.809 58.07 57.838 53.942 54.486 55.377 55.895 57.512 55.491 54.757 54.872 55.129 54.573 55.565 54.836 54.866 60.218 60.14 55.824 55.744 55.436 56.314 57.002 55.69 55.562 55.485 55.829 56.891 56.646 56.231 56.089 56.072 56.033 59.956 59.924 60.368 59.208 59.542 57.715 57.57 58.861 55.847 56.155 56.502 57.007 56.893 56.23 56.546 57.035 57.262 57.201
65.356 63.522 59.682 64.815 63.779 65.382 57.627 66.283 65.824 55.336 64.88 64.041 62.713 65.02 62.906 60.504 56.604 55.259 56.328 55.944 55.108 54.47 53.168 53.301 53.531 53.821 53.768 54.354 58.247 58.705 54.216 53.878 53.942 53.943 54.068 54.067 53.953 53.992 55.652 54.307 54.551 54.635 55.025 54.936 54.869 54.717 54.835 56.269 57.611 56.633 55.837 55.661 55.629 55.471 55.823 56.58 55.415 55.862 55.689 56.717 56.809 55.989 55.939 55.894 55.766 55.901 55.94 55.814 56.898 58.33 57.849 57.413
62.146 58.545 61.297 61.726 61.742 62.385 63.844 64.305 63.565 61.51 63.334 64.538 65.132 63.959 63.83 60.562 55.189 51.877 52.047 52.846 53.45 52.971 52.899 53.079 54.106 54.114 54.109 54.056 54.467 54.92 53.728 53.309 53.225 53.425 53.677 53.614 53.5 53.524 53.657 53.628 54.005 53.982 54.258 54.264 54.583 54.541 54.403 55.168 57.974 58.262 55.826 55.234 55.167 55.252 55.131 55.131 55.155 55.285 55.831 56.28 56.187 55.714 55.52 55.403 55.528 55.312 55.448 55.346 55.734 57.512 57.865 56.141
58.822 58.91 58.802 57.17 56.362 55.791 57.617 60.624 54.504 61.895 60.17 63.811 64.334 57.962 61.095 59.859 54.697 51.615 51.185 52.184 52.288 52.077 52.481 53.716 54.224 54.365 56.581 55.951 53.785 53.269 52.632 52.74 52.802 52.98 53.011 53.101 53.045 53.139 53.133 53.241 53.308 53.377 53.519 53.573 53.717 53.867 54.013 54.435 55.533 55.918 54.915 54.793 55.608 54.724 54.721 55.044 55.142 54.974 55.087 55.372 55.423 55.199 55.115 55.453 55.044 54.942 55.227 55.174 56.401 55.438 55.788 55.53
54.512 54.098 54.167 52.603 53.851 51.098 50.953 50.509 50.336 60.628 54.8 64.663 63.346 61.367 60.919 51.832 51.187 51.388 51.244 51.283 51.081 51.43 52.025 52.466 53.036 52.777 53.429 52.989 52.891 52.116 52.13 52.291 52.246 52.319 52.584 52.607 52.613 52.675 52.765 52.771 52.907 53.045 53.084 53.216 53.349 53.475 53.444 53.952 54.416 54.337 54.792 54.365 55.14 54.864 54.826 54.492 54.553 54.793 56.585 55.171 54.964 55.04 56.875 56.983 55.339 54.864 54.919 57.252 57.159 56.914 56.661 55.596
53.175 52.266 52.497 50.724 50.217 50.746 50.527 50.749 50.661 55.939 63.028 65.087 63.229 62.421 57.474 50.858 51.328 51.011 50.689 51.06 50.602 50.57 51.339 51.777 51.995 51.979 52.795 53.051 52.023 51.597 51.679 51.769 51.884 51.93 52.085 52.216 52.331 52.354 52.381 52.401 52.57 52.679 52.705 52.851 53.01 53.044 55.203 54.634 54.349 54.054 53.815 53.877 54.117 54.482 54.348 54.233 54.494 57.355 58.174 55.984 54.826 55.455 55.283 60.215 55.906 54.518 57.53 58.983 56.988 58.673 55.885 55.146
53.22 52.384 51.23 50.05 50.935 50.445 50.336 50.751 50.404 51.092 60.388 64.044 63.564 61.914 52.749 50.256 52.041 53.647 53.656 52.203 52.707 53.086 51.337 50.564 50.91 51.071 51.734 51.895 52.021 51.251 51.144 51.349 51.447 51.534 51.633 51.78 51.824 51.888 52.006 51.993 52.156 52.338 52.384 52.472 52.489 54.455 57.948 57.023 54.03 53.756 53.033 53.053 53.108 53.271 52.958 53.362 53.525 54.112 53.543 53.999 53.54 55.173 52.904 54.735 53.619 53.115 53.588 55.448 54.049 54.443 54.708 57.42
52.638 52.076 49.703 50.582 51.009 51.023 50.82 50.675 50.657 52.661 59.192 60.932 61.04 54.411 51.501 49.717 52.526 54.325 53.045 52.233 54.151 56.898 56.013 52.902 50.383 50.311 50.797 51.332 50.851 50.654 51.043 50.939 51.001 51.117 51.355 51.34 51.386 51.522 51.615 51.679 51.708 51.909 51.961 52.021 52.072 55.095 54.732 58.843 54.301 53.875 53.127 52.472 52.477 52.51 52.571 52.554 52.625 52.814 52.753 53.194 53.045 52.573 52.635 52.662 52.74 52.708 54.183 53.398 53.107 53.599 55.327 57.194
50.054 50.494 49.828 50.409 50.577 50.414 50.881 50.742 54.216 55.929 59.322 55.383 62.431 62.959 54.378 56.426 51.591 49.335 48.951 49.313 55.729 56.872 56.866 55.409 50.549 49.858 49.795 50.242 50.26 50.178 50.433 50.481 50.68 50.657 50.84 50.976 51.08 51.063 51.2 51.192 51.294 51.406 51.507 51.665 51.654 52.226 52.78 53.875 52.027 52.125 52.161 52.06 52.076 52.083 52.086 52.156 52.216 52.219 52.229 52.256 52.359 52.233 52.28 52.315 52.402 52.465 52.853 52.451 53.071 53.158 53.83 54.439
50.272 50.641 50.559 50.373 49.894 50.264 50.734 50.89 55.313 59.659 62.074 55.782 63.77 63.969 62.883 56.949 49.685 48.826 48.677 49.02 52.73 56.134 55.726 50.574 49.266 49.338 49.448 49.637 50.028 50.053 50.114 50.393 50.283 50.444 50.559 50.614 50.669 50.805 50.759 50.969 50.999 51.084 51.109 51.268 51.65 52.071 54.911 54.073 51.993 51.986 52.059 52.035 51.778 51.661 51.712 51.807 51.823 51.849 51.839 51.853 51.888 51.98 52.019 52.008 52.114 52.118 52.185 52.219 52.347 53.086 53.704 53.614
49.868 50.485 50.434 50.44 49.804 49.948 50.05 50.026 52.729 57.968 62.972 64.52 64.396 64.28 63.884 54.353 50.082 48.351 48.567 48.937 49.13 50.096 50.358 48.875 48.928 48.904 49.049 49.186 49.516 49.595 49.672 49.827 49.872 50.101 50.25 50.245 50.383 50.404 50.416 50.449 50.598 50.721 50.697 51.029 50.829 50.884 52.062 53.602 55.844 54.415 53.295 51.988 51.533 51.356 51.255 51.493 51.488 51.499 51.554 51.582 51.582 51.673 51.708 51.657 51.762 51.834 51.941 52.008 52.07 52.731 52.978 53.094
