dsm/se2635_DSM_2M.asc
ncols 500
nrows 500
xllcorner    426000
yllcorner    435000
cellsize     2
NODATA_value -9999
[rows 256 to 287 of 500, columns 216 to 287 of 500]
47.889 47.912 47.919 47.944 47.958 48.01 48.06 48.091 48.16 48.183 48.195 48.245 48.292 48.41 50.761 51.038 52.468 53.179 53.375 53.532 53.714 53.939 54.065 54.219 54.319 54.498 58.868 59.033 55.562 62.001 68.051 68.589 69.465 69.96 69.919 69.291 67.583 67.994 68.368 67.719 60.783 58.788 65.63 67.569 68.281 65.996 63.603 63.531 64.73 64.638 62.408 61.892 61.949 62.032 62.067 62.109 62.111 62.128 62.171 62.209 62.339 62.376 62.429 62.506 62.593 62.675 62.752 62.776 62.813 62.839 62.845 62.929
47.865 47.894 47.903 47.972 47.95 48.002 48.021 48.069 48.122 48.172 48.209 48.64 49.001 52.33 52.444 52.731 52.896 53.037 53.312 53.461 53.662 53.835 53.94 54.117 54.274 54.898 65.221 64.848 66.51 68.672 69.376 69.971 70.114 69.808 69.973 68.673 67.888 67.543 67.349 64.998 58.996 59.574 65.754 68.52 68.714 67.489 67.365 63.934 63.685 62.995 62.133 61.859 61.856 61.946 62.017 62.079 62.106 62.157 62.117 62.226 62.314 62.354 62.38 62.446 62.574 62.639 62.702 62.784 62.747 62.832 62.794 63
47.871 47.897 48.074 48.26 47.98 48 48 48.047 48.096 48.928 48.492 51.561 52.29 52.31 52.293 52.599 52.752 52.964 53.183 53.454 53.614 53.786 53.986 54.157 54.67 66.578 69.236 69.566 69.006 69.921 70.28 69.688 68.968 68.825 69.764 69.329 68.21 67.172 58.235 56.832 57.088 58.884 65.229 66.295 67.922 69.242 69.457 68.682 64.632 63.307 62.142 61.844 61.864 61.946 62.004 62.073 62.081 62.13 62.137 62.198 62.286 62.343 62.393 62.394 62.502 62.544 62.636 62.777 62.73 64.539 63.62 65.654
48.871 48.383 49.601 49.361 48.095 47.996 48.02 48.071 49.387 52.273 51.677 51.466 51.692 52.051 52.264 52.469 52.724 52.932 53.111 53.313 53.526 53.784 54.007 54.175 54.343 61.7 68.999 71.537 71.603 72.024 69.188 68.65 67.364 65.864 69.341 70.048 68.896 60.169 57.024 57.277 57.266 57.437 62.723 65.325 68.585 70.208 70.442 68.719 64.125 62.622 62.069 61.735 61.823 61.849 61.98 62.048 62.051 62.128 62.187 62.246 62.265 62.291 62.354 62.349 62.394 62.559 63.508 64.497 64.255 67.108 68.285 67.756
48.017 49.614 50.762 50.365 50.411 48.411 48.113 48.835 50.338 50.926 51.102 51.301 51.621 51.884 52.139 52.353 52.552 52.791 53.014 53.221 53.522 53.734 53.95 54.126 54.312 54.388 65.283 70.401 69.509 68.608 67.91 61.56 56.333 64.231 68.59 69.979 69.671 68.048 58.246 56.844 57.975 57.419 57.862 62.604 68.109 70.827 69.826 68.79 65.54 64.656 61.963 61.715 61.773 61.85 61.922 61.998 62.042 62.087 62.151 62.248 62.217 62.275 62.305 62.311 62.596 68.112 69.058 66.858 68.041 64.341 70.165 70.512
48.137 48.82 50.988 49.844 49.506 50.028 50.582 50.456 50.519 50.779 50.933 51.269 51.548 51.737 52.023 52.213 52.449 52.741 52.988 53.233 53.507 53.665 53.938 54.114 54.208 54.332 57.116 68.688 69.852 68.609 67.46 56.397 56.158 56.342 65.533 69.217 70.89 69.139 61.592 56.815 56.862 57.133 57.466 60.327 69.147 69.977 68.741 67.182 63.389 61.925 61.82 61.715 61.742 61.858 61.958 61.958 62.069 62.085 62.197 62.217 62.18 62.235 62.222 62.457 70.325 67.019 72.044 67.509 71.27 71.305 67.05 64.83
48.073 48.482 48.794 49.201 49.397 49.666 49.887 50.103 50.377 50.714 50.912 51.179 51.479 51.638 51.916 52.301 52.584 52.858 53.062 53.299 53.391 53.674 53.833 54.045 54.207 54.329 57.672 67.795 69.276 64.016 60.028 56.005 56.019 56.26 64.192 68.158 69.625 69.787 68.594 63.268 57.208 56.899 57.661 61.621 68.33 69.649 69.469 70.159 65.747 61.627 61.707 61.688 61.748 61.849 61.921 61.941 62.027 62.032 62.119 62.155 62.161 62.18 62.261 68.76 66.524 69.152 70.773 66.709 70.926 67.467 65.418 64.637
48.013 48.315 48.608 48.923 49.228 49.471 49.817 50.037 50.32 50.559 50.789 51.09 51.375 51.592 52.139 52.557 52.916 53.161 53.603 53.574 53.613 53.681 53.845 54.001 54.146 54.234 54.362 55.982 59.288 56.642 55.704 55.841 55.991 56.112 56.363 64.413 69.074 70.079 69.266 66.195 59.32 56.897 56.944 57.368 60.202 67.662 70.139 69.848 64.909 62.398 61.51 61.608 61.731 61.816 61.842 61.892 61.948 62.09 67.03 62.352 62.235 62.266 70.443 65.297 66.396 71.262 72.516 71.54 67.671 66.174 64.126 64.383
47.893 48.104 48.498 48.808 49.086 49.413 49.634 49.932 50.169 50.407 50.765 51.032 51.355 51.669 52.082 52.694 53.045 53.194 53.742 53.565 53.883 53.689 53.692 53.895 54.059 54.22 54.242 54.996 56.66 55.798 55.637 55.819 55.887 56.037 56.282 59.184 68.29 69.357 69.855 69.022 59.404 57.094 56.969 57.032 58.096 65.065 65.872 69.191 68.781 63.177 63.088 61.626 61.656 61.751 61.793 61.833 61.89 66.71 70.585 72.043 70.209 63.829 69.248 70.47 71.378 72.455 72.011 69.739 64.71 64.832 64.336 64.493
47.837 48.167 48.432 48.682 49.048 49.266 49.527 49.785 50.057 50.449 50.738 51.066 51.388 51.832 52.212 52.658 52.912 53.118 53.281 53.435 53.808 53.855 53.675 53.851 53.998 54.187 54.966 54.348 54.559 56.339 55.661 55.77 55.86 56.003 56.125 56.319 65.394 68.627 70.028 69.503 68.124 58.206 56.943 57.289 58.193 59.977 61.954 68.501 68.853 65.302 65.835 62.442 61.612 61.855 62.06 61.849 62.21 66.316 69.951 68.941 64.841 63.713 71.015 69.832 67.163 70.505 69.198 65.022 64.447 64.224 64.463 64.544
47.798 48.051 48.302 48.573 48.818 49.179 49.429 49.767 50.091 50.336 50.708 51.287 51.597 51.867 52.186 52.464 52.741 52.944 53.168 53.356 53.649 53.906 53.826 53.843 53.94 54.102 54.504 54.426 54.453 55.6 55.675 55.73 55.863 55.966 56.073 56.277 56.651 68.088 69.151 70.034 68.927 61.273 66.906 58.562 57.109 57.227 64.69 67.038 67.369 68.395 67.702 63.441 65.724 66.76 67.477 64.477 63.875 65.544 70.482 70.825 69.208 68.073 67.64 68.707 67.752 69.358 68.643 66.451 64.479 64.354 64.475 64.569
47.841 48.005 48.227 48.479 48.775 49.008 49.45 49.921 50.152 50.345 50.912 51.332 51.67 51.848 52.15 52.501 52.678 52.909 53.146 53.295 53.566 53.777 53.884 53.81 53.9 54.042 54.176 54.263 54.393 54.523 55.668 55.702 55.819 55.921 56.011 56.228 65.104 68.582 68.8 69.787 70.345 69.203 69.778 62.012 59.155 57.149 59.776 63.525 66.633 68.507 64.736 65.775 69.4 70.392 68.743 67.21 64.898 65.058 67.864 70.209 71.066 69.205 68.759 68.729 68.1 69.007 68.707 64.867 64.388 64.458 64.477 64.566
47.655 47.87 48.139 48.494 48.951 49.284 49.747 49.981 50.355 50.425 50.513 51.326 51.634 51.929 52.205 52.451 52.623 52.862 53.069 53.294 53.543 54.31 54.161 53.944 53.913 54.032 54.145 54.299 54.352 54.457 54.974 55.789 55.79 61.713 61.904 62.699 68.245 68.421 68.348 69.031 70.169 72.168 66.715 68.059 57.183 57.091 57.208 60.525 64.147 62.632 61.849 64.833 70.176 71.456 69.123 69.36 67.215 64.517 67.969 68.918 66.655 68.186 69.183 69.441 69.463 68.187 67.188 64.444 64.456 64.537 64.544 64.592
47.514 47.815 50.777 49.038 49.306 49.602 50.181 50.558 50.387 52.545 51.172 51.072 51.7 51.885 52.108 52.37 52.635 52.829 53.058 53.273 53.491 53.75 53.915 54.154 53.929 53.99 54.09 54.26 54.37 54.41 54.548 56.262 63.626 66.967 67.717 67.737 67.606 68.614 69.535 70.313 69.715 68.528 67.527 58.373 57.004 57.107 57.223 60.079 62.23 63.374 62.024 65.82 68.873 69.97 69.646 68.413 65.161 67.392 69.059 68.718 68.396 68.182 69.3 67.649 67.021 65.056 64.338 64.393 64.462 64.552 64.508 64.574
47.706 52.281 54.187 53.023 52.692 53.277 53.435 53.594 53.147 54.235 54.409 50.876 51.559 51.909 52.133 52.319 52.512 52.821 53.026 53.216 53.393 53.647 53.816 53.938 54.071 53.967 54.103 54.224 54.287 54.378 54.494 56.969 67.192 68.056 68.723 68.569 68.78 69.806 69.423 68.886 65.83 59.772 56.776 56.83 56.921 57.077 58.533 60.165 61.442 65.518 64.949 65.934 65.375 66.781 65.927 67.744 67.249 64.744 66.62 67.443 68.721 68.754 69.312 69.777 68.024 64.298 64.326 64.44 64.499 64.51 64.526 64.515
53.522 54.424 54.578 54.82 53.695 53.975 54.222 54.292 54.485 54.644 54.754 50.515 51.035 51.857 52.051 52.25 52.486 52.721 52.929 53.194 53.346 53.58 53.789 53.907 54.086 54.075 54.012 54.16 54.282 54.353 54.453 54.596 64.483 68.072 68.961 68.686 68.022 69.203 68.271 60.435 56.62 57.187 57.855 57.062 56.863 57.054 57.615 58.672 59.356 59.611 62.577 60.082 61.151 62.7 61.953 64.962 65.565 66.578 66.372 67.324 68.297 68.727 68.851 67.955 67.184 64.293 64.395 64.421 64.485 64.472 64.471 64.481
54.637 54.814 54.953 54.423 54.263 54.311 54.492 54.295 54.351 54.57 54.857 54.122 50.593 51.669 52.051 52.201 52.433 52.67 52.892 53.098 53.328 53.478 53.692 53.869 54.016 54.15 54.09 54.12 54.244 54.329 54.494 54.589 59.842 67.162 68.256 67.968 67.179 64.914 56.877 56.843 56.833 56.867 57.014 56.901 56.856 56.957 57.3 58.352 58.346 59.952 59.4 59.492 60.075 60.863 61.057 61.272 63.615 64.996 66.303 66.024 67.316 67.386 67.527 68.296 65.528 64.852 64.347 64.415 64.491 64.494 64.487 64.475
55.094 54.531 54.211 54.29 54.451 54.346 54.061 53.96 54.214 54.48 54.717 54.932 51.532 51.129 51.933 52.183 52.396 52.67 52.896 53.051 53.244 53.471 53.649 53.846 54.016 54.141 54.15 54.123 54.257 54.358 54.452 54.584 54.689 63.244 67.292 66.414 58.983 56.674 57.227 57.401 56.733 56.677 56.752 56.722 56.995 58.02 57.101 57.79 58.018 58.768 58.883 59.249 60.023 60.595 60.293 60.48 61.601 64.462 65.68 67.308 66.288 65.833 68.174 68.876 69.453 64.373 64.308 64.363 64.492 64.484 64.487 64.447
55.428 54.245 54.56 54.7 54.651 54.407 54.162 53.829 54.082 54.335 54.564 54.838 54.15 51.559 51.544 52.058 52.319 52.537 52.76 53.034 53.279 53.421 53.611 53.751 53.909 54.084 54.257 54.149 54.199 54.366 54.488 54.617 54.699 54.786 57.469 55.609 55.752 56.64 56.192 56.164 56.269 56.413 56.516 56.649 56.771 57.299 58.049 57.974 57.822 58.209 58.344 59.149 59.876 60.011 60.335 60.586 60.925 62.087 67.3 68.427 66.951 66.393 68.451 69.812 69.956 68.044 64.302 64.372 64.452 64.445 64.476 64.457
55.629 55.323 55.244 54.967 54.788 54.529 54.273 53.979 53.907 54.178 54.516 54.671 54.915 51.687 50.953 51.923 52.225 52.461 52.715 52.97 53.21 53.319 53.504 53.688 53.837 54.036 54.155 54.237 54.208 54.302 54.409 54.551 54.73 54.79 55.438 55.591 55.668 55.961 55.943 56.037 56.204 56.307 56.486 56.569 56.733 56.845 57.515 57.815 57.296 58.051 58.017 58.773 59.52 60.339 60.362 60.589 61.546 61.764 66.167 69.48 67.412 67.024 67.81 66.294 70.096 66.255 67.203 64.717 64.398 64.436 64.421 64.465
55.267 55.14 55.352 55.079 54.863 54.608 54.433 54.159 53.979 54.123 54.404 54.595 54.829 54.884 50.859 51.506 52.203 52.393 52.694 52.857 53.097 53.294 53.458 53.635 53.804 53.946 54.114 54.269 54.329 54.257 54.412 54.515 54.687 54.76 54.867 56.135 55.585 55.708 55.829 55.992 56.127 56.472 57.263 56.62 56.667 56.791 56.974 58.156 57.281 57.62 57.769 58.623 59.143 59.919 60.523 60.841 61.166 62.087 62.276 64.922 65.852 66.927 66.336 64.815 70.074 69.587 69.342 64.635 64.394 64.46 64.421 64.429
54.909 54.671 55.403 55.212 54.969 54.77 54.54 54.293 54.065 53.93 54.259 54.473 54.726 54.953 51.859 51.142 52.387 53.299 52.959 52.729 52.956 53.174 53.36 53.505 53.681 53.871 54 54.198 54.361 54.284 54.371 54.49 54.644 54.777 54.855 55.163 55.771 55.636 55.744 55.857 56.267 57.988 56.629 56.719 56.62 56.755 56.879 57.135 57.768 57.414 57.543 58.932 59.107 59.805 60.224 60.754 61.029 62.091 62.24 62.756 65.617 65.738 67.909 67.984 69.315 70.142 67.286 65.053 64.293 64.413 64.39 64.385
54.452 54.273 55.014 55.325 55.11 54.87 54.634 54.426 54.214 53.788 54.115 54.37 54.597 54.857 55.055 51.714 51.655 52.737 53.254 52.626 52.836 53.016 53.181 53.378 53.535 53.746 53.876 54.132 54.307 54.273 54.369 54.51 54.63 54.735 54.848 54.987 56.081 55.6 55.742 56.62 55.973 57.714 57.369 56.451 56.561 56.692 56.787 56.965 58.219 57.468 57.339 58.065 58.892 59.905 60.205 60.462 60.978 61.5 62.146 62.245 63.706 65.814 64.499 67.451 68.589 68.869 68.328 66.208 65.231 64.415 64.371 64.344
54.034 50.925 50.622 55.402 55.237 55.017 54.759 54.562 54.315 54.07 53.866 54.244 54.494 54.346 52.487 51.199 51.958 52.193 52.303 52.476 52.717 52.884 53.106 53.262 53.429 53.6 53.873 54.199 54.091 54.332 54.374 54.43 54.575 54.732 54.865 54.957 55.041 55.752 55.655 57.041 56.084 56.083 57.17 57.075 57.156 56.654 56.743 56.897 57.148 57.482 57.266 57.713 58.679 58.981 60.349 60.752 60.936 61.355 61.918 62.171 64.277 67.301 64.262 63.558 65.556 68.71 69.489 70.24 66.547 64.843 64.307 64.343
50.669 49.072 50.049 51.895 55.292 55.126 54.869 54.667 54.435 54.214 53.815 54.066 53.33 50.622 50.5 52.063 52.616 52.008 52.14 52.41 52.535 52.723 52.986 53.113 53.368 54.083 53.672 53.767 54.138 54.443 54.616 54.508 54.503 54.69 54.792 54.985 55.033 56.466 55.75 55.841 55.949 55.979 56.818 56.51 56.545 56.563 56.668 56.825 57.703 57.302 57.46 57.31 58.418 59.347 59.521 60.637 61.148 61.086 61.716 61.789 63.452 65.904 67.249 65.583 67.148 67.608 69.155 70.874 68.949 64.734 64.288 64.31
48.769 47.727 48.442 50.629 55.207 55.227 54.999 54.731 54.563 54.303 53.985 53.993 53.856 50.495 50.862 51.588 51.604 51.816 52.061 52.295 52.54 53.685 54.079 53.542 53.237 53.278 53.423 53.822 54.328 54.634 54.892 54.586 54.538 54.62 54.759 54.958 55.084 55.064 56.082 55.642 55.769 55.896 56.081 56.27 56.313 56.522 56.655 56.763 57.016 57.988 57.549 57.198 58.351 59.546 60.084 60.396 60.412 60.989 61.618 61.801 61.901 62.112 64.685 65.009 63.385 66.827 66.903 70.406 66.963 64.689 64.233 64.314
47.751 47.607 47.891 50.314 53.995 55.37 55.086 54.897 54.629 54.455 54.246 51.981 51.642 50.53 50.818 51.125 51.461 53.166 52.033 52.172 54.13 55.022 55.437 52.732 52.931 53.49 53.68 54.009 56.466 58.245 55.835 55.037 54.57 54.549 54.735 54.79 55.084 55.148 55.453 55.744 55.634 55.845 56.021 56.167 56.269 56.476 56.516 56.671 57.048 58.107 57.36 57.18 58.248 58.892 59.956 60.129 60.375 60.939 61.712 61.942 61.811 61.819 64.918 64.958 66.448 67.45 69.033 65.549 68.345 68.182 66.753 64.34
47.558 47.581 47.81 50.051 50.591 55.2 55.178 55.005 54.746 54.25 51.559 50.621 51.151 50.602 50.793 51.178 53.297 55.19 52.82 53.29 54.419 54.114 53.243 52.444 52.925 54.348 53.656 53.798 54.98 59.178 54.489 54.518 54.717 54.64 54.687 54.826 54.949 55.141 55.232 56.816 55.58 55.73 55.923 56.104 56.246 56.384 56.512 56.608 57.404 57.532 57.076 57.419 58.329 58.984 59.424 60.033 60.766 60.883 61.494 61.837 62.423 62.216 64.535 66.593 67.767 66.854 65.355 69.363 70.647 70.319 67.704 64.665
47.534 47.576 47.625 48.637 48.485 51.075 54.117 54.948 54.225 54.063 51.392 50.482 50.481 50.922 50.85 51.194 55.634 55.762 55.311 57.294 53.052 51.86 53.006 53.799 56.414 53.792 53.638 53.755 53.879 54.122 54.094 54.446 55.172 54.698 54.644 54.778 54.838 55.046 55.191 55.279 55.49 55.752 55.87 56.026 56.259 56.339 56.45 56.563 57.26 57.113 57.94 57.39 58.381 59.521 59.615 60.044 60.55 61.128 62.086 63.162 62.65 62.28 62.426 64.038 67.366 66.963 67.242 69.452 69.723 70.711 69.81 68.226
47.546 47.567 47.617 48.013 49.87 53.705 54.389 54.092 53.971 53.885 53.552 50.94 51.673 50.868 57.059 54.943 52.318 59.083 58.185 62.875 54 53.837 53.974 54.183 54.179 54.041 53.737 53.702 53.812 53.928 54.082 54.29 54.531 54.808 54.672 54.718 54.829 54.962 55.037 55.23 55.441 55.638 55.858 56.042 56.21 56.327 56.451 56.525 56.606 56.665 56.778 57.695 58.433 59.073 59.766 60.191 60.894 61.817 62.158 62.392 62.79 62.934 62.973 62.726 65.672 65.893 67.248 67.595 69.327 70.367 69.498 66.494
47.533 47.571 47.608 47.771 53.32 54.07 53.991 53.907 53.809 53.691 53.34 50.666 50.47 56.457 60.5 56.991 53.134 58.501 66.463 64.873 58.157 54.692 53.793 53.932 54.134 54.125 53.861 53.809 53.797 53.879 54.054 54.202 54.429 55.05 54.921 54.728 54.791 54.908 55.012 55.198 55.373 55.804 55.939 56.092 56.156 56.258 56.348 56.477 57.082 57.412 56.792 57.716 58.553 59.39 60.004 60.565 60.925 61.596 61.586 62.028 62.689 62.501 62.758 62.895 62.439 66.08 67.494 68.383 68.624 69.543 68.248 69.804
47.592 47.569 47.612 47.65 52.053 53.855 53.833 53.741 51.914 50.847 51.267 51.688 54.807 56.699 59.176 56.388 52.199 64.229 60.917 57.339 58.586 59.19 53.861 53.96 53.959 53.891 53.924 53.906 53.815 53.928 54.056 54.162 54.405 54.961 55.18 54.791 54.842 54.998 55.031 55.122 55.293 55.489 57.258 56.104 56.166 56.243 56.343 56.445 57.045 57.189 56.801 57.824 59.074 59.753 60.181 60.595 61.006 61.11 61.564 61.844 62.203 62.253 62.534 62.604 62.458 65.744 64.918 68.779 67.962 68.574 69.632 69.413
