dsm/se2633_DSM_2M.asc
ncols 500
nrows 500
xllcorner    426000
yllcorner    433000
cellsize     2
NODATA_value -9999
[rows 442 to 475 of 500, columns 300 to 374 of 500]
91.89 91.926 91.942 91.965 91.942 91.871 91.881 91.869 92.002 92.024 91.944 91.818 91.797 91.793 91.728 92.151 92.496 93.042 92.097 91.797 91.801 91.737 91.761 91.79 95.242 96.738 96.871 97.164 97.282 97.358 97.713 96.921 96.893 97.219 97.42 97.786 97.924 97.569 97.938 97.956 97.928 97.611 97.477 97.87 98.077 97.761 91.65 91.461 91.447 91.436 91.407 91.374 91.48 91.666 91.607 96.261 98.019 97.554 92.335 91.353 91.02 90.95 91.035 96.738 99.241 99.675 99.998 99.886 99.873 99.576 99.266 98.942 98.674 98.316 98.041
91.935 91.917 91.949 91.98 91.961 91.949 91.946 91.953 91.927 91.982 91.932 91.875 91.842 91.832 91.801 95.037 94.948 94.992 92.136 91.835 91.835 91.794 91.779 92.298 96.808 96.158 96.427 96.427 96.305 96.677 97.145 97.735 96.457 96.436 96.462 96.594 96.662 96.832 96.891 97.183 97.545 97.654 97.554 97.213 96.602 95.433 91.681 91.462 91.452 91.446 91.434 91.398 91.341 91.354 91.544 96.49 98.08 97.27 91.266 91.068 90.97 90.929 90.912 95.478 98.726 98.918 99.176 99.539 99.753 99.751 100.029 99.785 99.679 99.324 99.125
93.826 93.668 91.955 91.994 92.015 92.01 91.988 91.991 91.986 91.934 91.923 91.948 91.942 91.875 91.979 95.047 95.513 95.526 92.69 92.163 91.862 91.844 91.823 95.489 97.99 98.047 98.185 97.749 97.189 96.843 96.953 97.232 97.305 97.48 97.027 97.029 96.556 96.349 96.184 96.4 96.647 96.782 97.025 95.154 94.35 92.612 91.541 91.532 91.49 91.462 91.433 91.419 91.425 91.385 92.075 97.392 97.865 92.641 91.038 91.074 90.971 90.942 90.951 94.41 97.494 97.944 98.293 98.585 98.806 98.991 99.338 99.681 99.738 99.886 99.98
94.982 91.93 91.949 91.95 92.056 92.038 92.059 92.048 92.017 92.016 91.959 91.956 91.955 91.95 91.995 94.92 95.563 94.177 93.308 91.981 91.906 91.877 91.868 94.579 96.908 97.237 97.61 97.762 98.021 98.144 96.658 96.611 96.569 96.643 96.889 96.985 97.261 97.582 97.487 97.339 96.536 96.305 96.569 94.379 94.151 91.667 91.588 91.546 91.527 91.527 91.517 91.51 91.47 91.611 93.825 91.501 92.336 91.48 91.073 91.033 91.01 90.981 91.284 94.953 94.993 95.272 96.811 97.157 97.837 98.326 98.347 98.668 98.896 99.236 99.45
92.253 92.121 92.027 91.95 92.052 92.076 92.044 92.075 92.083 92.07 92.01 92.006 91.993 92.054 92.247 92.982 93.528 93.739 92.238 91.961 91.945 91.924 92.242 95.978 96.995 96.664 96.702 97.008 97.323 97.525 97.653 97.45 97.204 96.91 96.369 96.126 96.495 96.664 96.869 97.061 97.147 97.405 97.151 92.468 92.591 91.68 91.61 91.605 91.623 91.58 91.54 91.542 91.515 91.489 92.059 91.452 92.273 91.15 91.07 91.045 91.024 91.025 94.39 95.459 95.361 95.421 95.448 95.105 95.133 96.269 97.154 97.699 98.151 98.402 98.633
95.554 95.896 92.711 92.035 92.027 92.058 92.077 92.1 92.112 92.111 92.09 92.051 92.071 92.089 94.257 92.33 92.154 92.16 92.489 93.251 92.388 91.967 94.94 99.57 99.414 98.997 98.173 97.973 96.838 96.794 96.91 96.901 97.025 97.381 97.446 97.655 96.9 97.414 96.318 96.326 96.373 96.651 95.725 92.82 93.42 91.734 91.649 91.669 91.667 91.62 91.622 91.603 91.565 91.783 93.404 93.969 93.845 91.2 91.073 91.043 91.058 91.071 93.551 95.029 95.173 96.34 96.912 96.5 96.17 95.73 95.286 95.166 96.154 97.277 97.798
97.865 98.52 97.526 92.555 92.09 92.084 92.116 92.13 92.131 92.154 92.153 92.123 92.113 92.104 92.138 92.199 94.132 92.233 92.193 92.165 92.398 92.722 95.748 99.702 99.812 99.873 99.692 99.269 99.006 98.754 97.954 96.888 98.081 96.925 96.629 96.908 97.129 97.303 97.432 97.653 97.339 96.702 96.364 95.367 92.716 91.794 91.679 91.673 91.639 91.632 91.616 91.633 91.597 91.979 97.413 97.129 94.234 91.176 91.089 91.07 91.044 91.212 92.787 94.223 94.246 95.027 96.303 96.541 96.736 96.635 96.657 96.184 95.842 95.621 94.5
97.936 98.251 98.579 93.761 92.173 92.154 92.191 92.174 92.19 92.185 92.188 92.194 92.145 92.157 92.125 92.127 92.297 92.383 92.863 92.193 92.098 91.993 92.366 95.243 98.534 99.251 99.586 99.735 99.701 99.815 99.539 99.472 99.429 98.854 98.322 98.07 97.024 96.682 96.675 96.784 97.038 97.255 97.302 97.513 91.947 91.62 91.625 91.606 91.606 91.608 91.57 91.601 92.626 95.201 97.737 97.568 94.247 91.371 91.075 91.037 90.982 91.031 92.234 92.986 93.38 93.798 94.319 94.75 95.458 95.426 95.735 95.932 96.315 96.771 93.114
93.293 95.371 93.2 92.388 92.258 92.26 92.271 92.363 92.281 92.228 92.237 92.231 92.224 92.233 92.165 92.128 92.148 92.116 92.203 92.251 92.117 92.039 92.102 92.102 92.052 93.477 97.091 97.738 98.968 99.69 100.069 100.031 100.084 99.913 99.765 99.494 99.417 99.016 97.975 98.283 98.024 97.017 96.605 97.522 98.909 95.714 93.63 92.456 91.559 91.55 92.547 91.915 91.608 95.946 97.701 97.43 92.645 91.048 91.008 90.967 90.879 90.829 90.795 90.764 90.72 90.697 90.679 90.687 90.571 91.287 91.234 91.091 91.252 91.036 91.564
92.814 92.801 92.604 92.363 92.349 92.336 92.396 92.508 92.472 92.399 92.231 92.242 92.237 92.235 92.219 92.205 92.181 92.175 92.154 92.148 92.121 92.136 92.159 92.36 92.227 92.112 92.043 93.23 92.388 96.081 96.107 98.866 99.483 99.579 99.869 100.049 100.085 99.802 99.883 99.74 99.33 99.089 98.599 100.16 100.389 99.768 99.552 99.44 98.043 97.737 95.176 94.918 95.029 96.378 98.127 96.998 91.253 91.054 91.088 91.175 93.36 93.133 92.706 90.899 91.191 90.762 90.577 90.636 90.456 90.44 90.403 90.327 90.253 90.189 90.176
92.829 92.718 92.547 92.435 92.443 92.425 92.53 92.535 92.55 92.518 92.386 92.329 92.31 92.289 92.282 92.237 92.207 92.228 92.218 92.259 92.18 92.208 92.139 92.414 92.274 92.311 92.283 92.218 92.141 92.093 92.174 92.497 93.7 93.848 97.434 98.931 99.002 99.476 99.812 99.854 100.161 100.13 99.994 101.563 101.641 101.342 100.893 100.574 100.215 100.054 99.678 99.309 99.023 97.617 97.81 96.31 91.204 91.159 91.435 91.372 93.848 94.677 94.661 94.567 94.533 93.931 93.974 92.756 91.756 90.943 92.265 92.42 92.977 90.832 90.76
92.657 92.595 92.536 92.518 92.532 92.493 92.57 92.547 92.489 92.464 92.451 92.444 92.524 92.323 92.324 92.305 92.255 92.247 92.243 92.238 92.236 92.201 92.175 92.209 92.209 92.161 92.175 92.158 92.242 92.203 92.158 92.167 92.245 92.213 92.236 92.212 94.375 94.141 93.762 97.559 99.024 99.414 99.795 100.33 100.617 101.036 101.237 101.277 101.489 101.252 100.786 100.647 98.235 97.837 97.699 93.838 91.123 94.277 97.457 97.827 97.98 97.675 97.071 97.82 95.852 94.229 94.219 94.677 92.888 90.849 92.293 94.093 93.553 91.612 90.643
92.682 92.64 92.605 92.583 92.598 92.569 92.562 92.51 92.503 92.474 92.49 92.453 92.437 92.397 92.373 92.335 92.351 92.318 92.296 92.271 92.252 92.212 92.221 92.191 92.228 92.161 92.172 92.126 92.136 92.098 92.084 92.087 92.065 92.067 92.067 92.048 92.158 92.131 92.083 91.995 92.076 94.64 94.661 97.639 99.297 99.667 99.943 100.345 100.831 101.016 101.211 101.422 98.484 98.067 97.541 91.547 91.217 97.449 99.909 99.876 101.06 99.779 99.585 99.461 99.438 98.854 98.714 98.243 97.956 97.962 97.217 98.106 97.775 94.841 94.558
92.762 92.748 92.708 92.673 92.645 92.655 92.6 92.581 92.57 92.554 92.52 92.465 92.479 92.452 92.414 92.386 92.336 92.319 92.282 92.263 92.261 92.238 92.255 92.236 92.225 92.214 92.187 92.175 92.167 92.129 92.122 92.109 92.076 92.078 91.998 92.005 91.937 91.898 91.971 91.892 91.822 91.789 91.792 91.816 93.213 92.127 95.756 98.329 98.977 99.108 99.726 100.029 98.444 98.147 96.926 91.326 91.92 100.331 101.281 101.237 101.346 101.05 100.783 101.01 100.733 100.009 100.121 99.757 99.596 99.47 99.588 100.31 99.634 99.012 97.916
92.801 92.74 92.708 92.724 92.675 92.643 92.618 92.589 92.558 92.59 92.518 92.508 92.478 92.459 92.398 92.374 92.316 92.295 92.253 92.23 92.234 92.208 92.209 92.199 92.223 92.202 92.182 92.168 92.167 92.119 92.126 92.112 92.061 92.064 92.026 92.011 91.976 91.976 91.921 91.881 91.872 91.798 91.819 91.768 91.737 91.735 91.709 91.738 91.957 93.855 94.734 98.129 97.132 97.954 95.653 91.25 93.622 100.085 100.576 100.587 100.762 101 101.052 101.03 101.214 100.637 100.463 100.508 100.562 100.345 100.181 100.319 100.358 99.964 99.425
92.698 92.713 92.682 92.663 92.606 92.573 92.562 92.538 92.556 92.474 92.466 92.457 92.421 92.418 92.399 92.321 92.305 92.281 92.3 92.238 92.205 92.174 92.169 92.195 92.162 92.162 92.117 92.12 92.091 92.112 92.096 92.1 92.446 92.726 92.048 91.983 91.999 91.963 91.959 91.957 91.949 91.892 91.84 91.816 91.83 91.761 91.683 91.655 92.298 92.201 93.727 92.73 91.766 92.858 92.716 91.603 96.329 99.133 99.163 99.134 99.308 99.517 99.625 99.563 99.829 99.62 100.494 100.05 99.639 99.352 99.748 99.894 100.011 99.95 99.201
92.659 92.622 92.611 92.572 92.502 92.533 92.478 92.437 92.466 92.405 92.387 92.382 92.348 92.333 92.317 92.305 92.271 92.3 92.25 92.19 92.156 92.129 92.062 92.067 92.104 92.087 92.099 92.179 92.069 92.027 92.015 92.065 92.029 92.073 92.347 92.029 92.002 91.999 91.992 91.909 91.933 91.91 91.905 91.873 91.877 91.796 91.786 91.728 91.663 91.627 91.601 91.567 91.549 91.538 91.458 91.384 92.069 91.659 92.729 91.529 94.301 93.039 94.712 94.811 93.017 93.083 97.083 98.109 97.924 97.67 98.593 97.892 98.902 98.225 98.724
92.768 92.708 92.76 92.66 92.621 92.622 92.54 92.516 92.542 92.472 92.4 92.428 92.404 92.443 92.371 92.448 92.316 92.235 92.246 92.163 92.135 92.076 92.049 92.029 92.04 92.046 92.041 92.034 92.021 91.997 91.974 91.95 91.948 91.956 91.964 91.962 91.986 91.913 91.931 91.948 91.932 91.931 91.892 91.883 91.858 91.807 91.743 91.728 91.717 91.635 91.623 91.609 91.55 91.502 91.48 91.437 91.426 91.527 91.353 91.262 91.272 91.265 91.205 91.17 91.158 91.088 91.022 91.099 91.075 90.901 92.131 90.96 91.331 91.38 92.941
92.659 92.648 92.631 92.593 92.503 92.516 92.545 92.48 92.458 92.437 92.464 92.449 92.421 92.45 92.473 92.437 92.404 92.404 92.508 94.074 92.408 92.084 92.046 91.997 92.001 91.995 91.976 91.95 91.954 91.931 91.903 91.915 91.921 91.878 91.891 91.856 91.906 91.898 91.883 91.847 91.842 91.86 91.851 91.854 91.826 91.831 91.784 91.75 91.755 91.712 91.679 91.602 91.6 91.529 91.493 91.43 91.443 91.403 91.322 91.277 91.191 91.128 91.14 91.055 91.072 90.989 90.966 90.916 90.843 90.858 90.784 90.696 90.651 90.625 90.551
93.178 92.675 92.691 92.676 93.027 92.635 92.661 92.591 92.573 92.866 92.701 92.539 92.538 92.484 92.467 92.9 92.414 92.359 92.44 92.242 92.392 92.486 92.08 92.022 92.007 91.994 91.97 91.936 91.999 92.002 91.97 91.893 91.864 91.855 91.81 91.844 91.855 91.844 91.825 91.799 91.791 91.77 91.796 91.806 91.785 91.785 91.724 91.725 91.724 91.658 91.673 91.628 91.58 91.564 91.5 91.48 91.432 91.429 91.332 91.297 91.248 91.193 91.166 91.122 91.05 91.011 90.978 90.907 90.872 90.767 90.747 90.65 90.577 90.513 90.447
95.403 95.751 96.879 97.58 97.013 95.861 95.383 96.186 97.021 96.973 97.403 95.904 95.188 96.102 95.564 96.791 95.338 95.177 96.479 95.298 93.098 92.273 92.153 92.025 92.017 92.002 91.959 91.924 91.904 91.952 91.992 92.036 91.966 91.972 91.968 91.954 91.923 91.874 91.83 91.782 91.769 91.731 91.738 91.718 91.714 91.728 91.626 91.655 91.672 91.645 91.651 91.583 91.564 91.556 91.551 91.468 91.436 91.368 91.386 91.323 91.29 91.25 91.211 91.125 91.116 91.036 90.985 90.947 90.889 90.821 90.74 90.676 90.634 90.574 90.524
95.196 95.917 96.921 97.696 96.784 95.402 95.558 96.32 97.376 97.888 97.096 96.123 95.743 95.89 95.932 95.913 95.95 95.969 95.837 96.023 95.692 94.512 92.204 92.127 92.035 91.953 91.935 91.91 91.879 91.872 91.903 91.93 92.012 92.041 92.123 92.224 92.111 91.979 91.883 91.755 91.74 91.701 91.661 91.65 91.642 91.598 91.647 91.605 91.543 91.544 91.541 91.504 91.52 91.505 91.482 91.445 91.414 91.403 91.371 91.294 91.271 91.208 91.203 91.154 91.079 91.07 90.999 90.988 90.908 90.822 90.793 90.749 90.709 90.644 90.549
95.479 96.012 97.15 97.415 96.505 95.42 95.509 96.554 97.595 97.987 96.873 96.046 95.323 96.526 95.514 96.366 95.796 95.534 96.155 95.577 95.244 95.61 94.117 92.885 92.075 92.028 91.942 91.884 91.883 91.848 91.806 91.889 91.994 92.025 92.045 92.07 92.037 91.852 91.762 91.735 91.678 91.685 91.611 91.65 91.717 91.742 91.739 91.73 91.708 91.6 91.573 91.488 91.409 91.418 91.391 91.361 91.328 91.361 91.451 91.284 91.251 91.226 91.156 91.148 91.08 91.024 91.02 90.917 90.906 90.852 90.825 90.727 90.725 90.668 90.553
97.188 96.272 97.314 97.546 96.263 95.267 95.83 96.856 97.587 97.962 96.888 95.969 97.261 98.099 98.585 98.289 98.597 98.448 98.5 97.973 94.923 94.909 95.077 96.244 92.349 92.08 92.017 91.882 91.865 91.835 91.827 91.757 91.807 91.916 91.981 92.001 91.922 91.789 91.729 91.684 91.626 91.594 91.701 91.767 91.832 91.808 91.827 91.783 91.723 91.742 91.719 91.618 91.581 91.578 91.493 91.388 91.335 91.376 91.835 92.384 91.159 91.152 91.095 91.04 91.023 90.98 90.945 90.898 90.84 90.809 90.743 90.735 90.693 90.679 90.572
96.588 96.547 97.477 97.156 96.199 95.4 95.742 96.855 97.761 97.751 96.831 95.731 96.511 97.358 97.183 97.45 97.632 97.698 98.142 94.181 92.27 93.493 95.06 95.954 96.105 95.983 92.746 91.946 91.817 91.838 91.846 91.79 91.712 91.813 91.883 91.873 91.785 91.72 91.661 91.631 91.591 91.588 91.724 91.78 91.779 91.797 91.795 91.733 93.31 92.334 92.636 92.017 91.627 91.768 91.653 91.541 91.495 91.402 91.356 91.309 91.302 91.207 91.138 91.092 90.996 90.968 90.887 90.817 90.803 90.745 90.722 90.687 90.64 90.569 90.534
95.797 96.716 97.456 97.176 95.827 95.234 95.977 96.873 97.946 97.482 96.695 95.726 97.688 97.792 98.053 97.431 96.886 96.706 97.132 93.469 92.176 92.151 93.875 95.041 95.716 96.294 94.95 92.195 91.887 91.793 91.786 91.805 91.745 91.677 91.688 91.833 91.72 91.691 91.637 91.609 91.565 91.659 91.716 91.708 91.726 91.732 91.718 91.82 94.353 93.527 93.171 93.349 91.699 91.941 91.882 92.209 92.419 92.016 91.695 92.391 97.47 93.232 91.174 91.183 91.121 91.078 91.006 90.95 90.901 90.869 90.769 90.744 90.682 90.606 90.555
96.286 96.962 97.584 96.952 95.858 95.38 96.32 97.199 98.072 97.312 96.48 95.361 97.227 97.853 97.95 98.25 98.357 98.507 98.06 92.907 92.181 92.178 92.171 92.794 94.707 95.566 96.062 96.025 92.463 91.819 91.759 91.777 91.761 91.752 91.674 91.615 91.617 91.618 91.561 91.541 91.537 91.69 91.705 91.704 91.655 91.654 92.792 95.087 95.129 94.737 94.478 93.915 92.366 91.531 91.375 91.33 91.235 91.612 91.864 96.882 94.978 97.48 92.068 93.019 91.395 91.129 91.086 91.018 90.988 90.962 90.858 90.842 90.792 90.73 90.703
96.102 96.991 97.714 96.528 95.703 95.436 96.389 97.262 97.992 97.303 96.217 95.454 96.904 96.893 96.735 96.991 97.04 97.331 97.589 92.474 92.184 92.199 92.105 92.131 92.416 94.681 95.369 95.913 96.592 92.043 91.739 91.708 91.726 91.73 91.731 91.653 91.607 91.593 91.56 91.54 91.511 91.657 92.563 92.38 91.673 92.098 95.515 95.833 95.55 95.203 94.979 94.369 91.754 91.466 91.333 91.193 91.108 91.129 91.428 93.002 97.469 96.785 94.576 93.908 93.971 91.856 91.105 91.071 91.058 90.956 90.927 91.032 90.841 91.376 90.787
96.359 97.161 97.514 96.435 95.58 95.593 96.357 97.445 97.843 97.131 96.015 95.368 98.371 98.505 98.15 98.124 98.144 97.245 96.927 92.27 92.215 92.195 92.09 92.008 92.194 92.867 94.695 95.343 95.757 93.271 91.786 91.751 91.7 91.683 91.693 91.688 91.639 91.603 91.541 91.515 91.496 91.821 96.264 96.829 94.186 92.437 95.365 95.669 95.798 95.619 95.318 94.219 91.522 91.33 91.245 91.133 91.041 91.055 91.086 91.087 91.404 93.523 94.199 94.49 94.33 94.078 93.127 91.168 90.998 90.973 91.16 94.457 97.48 96.197 90.917
96.218 97.32 97.485 96.402 95.373 95.593 96.557 97.712 97.9 96.931 96.045 95.722 97.236 97.521 97.635 97.748 97.721 98.307 98.068 92.304 92.193 92.204 92.083 92.017 92.29 93.452 95.09 95.841 96.224 93.136 91.869 91.867 91.803 91.631 91.609 91.646 91.669 91.617 91.528 91.525 91.474 91.664 94.586 96.285 92.359 94.839 94.962 95.285 95.619 95.95 92.946 91.589 91.363 91.258 91.188 91.11 91.082 91.011 90.984 91.012 91.038 91.238 91.911 93.779 94.272 94.49 94.247 93.012 91.67 91.003 91.504 93.141 96.456 94.633 92.326
96.315 97.273 97.394 96.389 95.428 96.022 96.944 97.872 97.822 96.915 95.694 95.679 97.546 97.371 96.852 96.707 97.036 96.996 96.439 92.207 92.166 92.166 92.04 92.018 92.392 94.371 95.713 96.191 98.001 96.21 92.004 91.94 92.641 92.047 91.616 91.61 91.635 91.638 91.604 91.533 91.466 91.496 92.235 93.326 95.758 97.51 95.947 95.067 95.143 95.347 91.53 91.368 91.236 91.194 91.145 91.091 91.051 91.011 90.971 90.975 90.972 91.017 91.075 91.252 92.07 94.135 94.541 94.362 93.81 91.267 91.004 90.959 93.068 94.19 94.33
96.457 97.505 97.473 96.058 101.86 101.946 103.896 102.609 101.483 101.017 95.775 97.342 97.373 97.847 97.833 97.885 97.764 97.941 93.987 92.19 92.16 92.149 91.988 91.959 92.276 94.39 95.662 98.385 99.083 98.78 92.178 91.939 91.864 92.158 91.663 91.601 91.602 91.62 91.566 91.564 91.503 91.447 91.407 91.502 96.613 98.046 96.641 94.533 94.599 92.085 91.347 91.27 91.212 91.179 91.234 91.111 91.08 91.013 91 90.945 90.911 90.93 90.993 91.004 91.164 91.842 94.027 94.356 94.471 94.015 91.899 93.242 94.074 94.531 94.095
91.936 93.502 93.978 93.764 99.662 103.209 104.221 104.534 103.501 102.241 92.84 93.912 96.497 96.587 96.653 96.908 97.241 97.257 94.927 92.165 92.18 92.137 92.035 92.068 94.2 94.846 96.78 99.076 99.492 98.029 95.827 91.984 91.882 91.834 91.82 91.688 91.544 91.537 91.534 91.552 91.543 91.49 91.373 91.445 95.577 95.983 96.54 94.092 91.702 91.407 91.291 91.17 91.194 91.217 91.662 91.148 91.074 91.065 91.044 90.995 90.956 90.906 90.904 90.927 91.001 91.123 93.156 93.98 94.3 94.351 94.061 94.14 94.312 94.209 91.924
91.956 92.371 92.79 93.434 101.819 103.217 104.409 104.231 103.318 100.677 92.368 92.996 95.223 95.17 95.265 93.964 93.372 95.477 92.71 92.183 92.191 92.124 92.062 92.059 92.549 93.133 96.631 98.36 98.656 97.714 92.99 91.963 91.942 91.893 91.808 91.773 91.657 91.559 91.502 91.516 91.512 91.513 91.462 91.456 93.228 92.663 91.881 91.533 91.493 91.322 91.203 91.153 92.904 92.444 91.278 91.162 92.143 91.484 91.075 91.008 90.976 90.935 90.904 90.871 90.928 90.965 91.121 92.064 93.865 94.252 94.466 94.463 94.369 93.705 91.271
