dsm/se2630_DSM_2M.asc
ncols 500
nrows 500
xllcorner    426000
yllcorner    430000
cellsize     2
NODATA_value -9999
[rows 384 to 415 of 500, columns 288 to 359 of 500]
65.701 65.065 64.91 64.896 64.707 64.729 64.572 64.45 64.341 64.32 64.192 64.148 64.105 63.916 63.826 63.792 63.714 63.514 63.484 63.335 63.375 63.373 63.341 63.376 63.396 63.141 62.986 63.024 62.642 62.89 63.144 62.781 62.812 62.744 62.64 62.655 62.765 62.769 63.114 62.761 62.767 62.621 62.658 62.567 62.46 62.452 62.463 62.31 62.278 62.265 62.143 62.139 62.106 62.046 61.962 61.764 61.764 61.685 61.618 61.637 61.587 61.626 61.508 61.793 61.551 61.406 61.61 61.344 61.325 61.169 61.128 61.022
65.071 64.897 64.94 64.733 64.652 64.538 64.372 64.306 64.224 64.206 64.175 64.086 64.062 63.966 63.907 63.833 63.741 63.657 63.42 63.311 63.356 63.283 63.229 63.062 63.005 62.877 62.903 62.846 62.815 62.875 62.723 62.45 62.87 62.675 62.544 62.648 62.654 63.176 62.679 62.596 62.733 62.655 62.6 62.434 62.353 62.293 62.313 62.27 62.169 62.408 62.093 62.024 61.927 61.844 61.812 61.608 61.52 61.502 61.426 61.486 61.51 61.425 61.478 61.484 61.353 61.26 61.305 61.204 61.443 60.982 61.006 61.035
64.832 64.829 64.698 64.717 64.566 64.638 64.307 64.219 64.269 64.365 64.216 63.979 63.866 63.757 63.78 63.676 63.655 63.486 63.449 63.319 63.168 63.075 63.031 62.972 62.969 62.895 62.792 62.696 62.466 62.851 62.522 62.474 62.827 62.593 62.553 62.537 62.485 62.578 62.61 62.641 62.66 62.39 62.384 62.358 62.394 62.255 62.196 62.505 62.151 62.067 62.164 61.959 61.896 61.779 61.586 61.556 61.473 61.822 61.471 61.478 61.508 61.321 61.33 61.362 61.149 61.055 61.183 61.03 60.933 61.041 60.842 60.909
64.707 64.577 64.59 64.386 64.359 64.27 64.193 64.193 64.194 64.164 64.149 63.838 63.77 64.13 63.709 63.606 63.346 63.459 63.223 63.24 63.164 63.193 63.031 62.984 63.001 62.997 62.946 62.696 62.351 63.364 62.5 62.685 62.946 62.566 62.458 62.335 62.498 62.378 62.41 62.449 62.802 62.422 62.29 62.377 62.265 62.317 62.3 62.134 61.978 62.398 61.975 61.946 61.788 61.659 61.516 61.607 61.457 61.268 61.179 61.278 61.322 61.13 61.143 61.214 61.044 61.033 60.997 60.919 61.002 61.155 61.407 61.451
65.172 64.7 64.377 64.291 64.262 64.207 64.339 64.158 64.101 64.057 63.935 63.902 63.784 63.77 63.735 63.466 63.462 63.2 63.293 63.044 63.07 63.024 62.785 62.972 62.765 62.624 63.038 62.462 62.435 62.05 62.492 62.122 62.59 62.453 62.338 62.27 62.334 62.485 62.369 62.614 62.417 62.365 62.227 62.18 62.123 62.086 62.071 62.081 61.891 62.026 61.785 61.747 61.673 61.501 61.43 61.833 61.28 61.157 61.338 61.146 61.13 61.034 60.987 60.956 60.857 60.767 60.963 61.26 61.647 61.885 61.836 61.513
64.57 64.406 64.334 64.2 64.248 64.2 64.074 64.067 64.073 64.035 63.876 63.713 63.734 63.559 63.685 63.377 63.444 63.334 63.359 63.13 63.091 63.132 62.921 62.908 62.731 62.621 62.821 62.514 62.202 61.944 62.837 62.141 62.727 62.54 62.273 62.194 62.322 62.266 62.802 62.327 62.232 62.217 62.414 62.102 62.019 61.952 61.944 61.886 61.893 61.834 61.616 61.673 61.475 61.419 61.296 61.302 61.141 61.051 60.97 61.181 60.974 60.965 60.925 60.895 60.758 61.121 61.569 61.702 61.887 61.694 61.744 61.559
64.402 64.315 64.215 64.22 64.348 64.153 63.995 63.985 64.049 64.092 63.961 63.828 63.682 63.799 63.449 63.458 63.305 63.18 63.003 63.037 63.06 63.142 62.728 62.745 62.655 62.539 62.651 62.363 62.155 61.948 62.46 62.258 62.088 62.545 62.173 62.111 62.127 62.124 62.126 62.307 62.29 62.08 62.252 62.187 62.194 61.859 61.799 61.756 61.804 61.557 61.441 61.49 61.516 61.334 61.441 61.155 61.052 60.907 60.852 60.971 60.817 60.823 60.746 61.199 61.469 61.795 61.937 61.742 61.692 61.298 61.351 60.987
64.27 64.2 64.316 64.208 64.39 64.108 64.019 63.992 64.008 63.92 63.768 63.738 63.914 63.447 63.329 63.287 63.257 63.653 63.207 62.998 62.768 62.786 62.759 63.177 62.591 62.479 62.475 62.253 62.368 61.959 62.165 62.115 61.754 62.604 62.176 61.969 61.881 62.089 61.917 61.918 62.055 61.93 61.902 61.918 61.897 61.805 61.705 61.526 61.604 61.403 61.531 61.307 61.41 61.184 61.001 61.018 60.904 60.987 60.803 60.9 60.934 61.3 61.428 61.336 61.583 61.359 61.507 61.387 61.364 61.509 61.315 61.031
64.204 64.267 64.297 64.152 64.46 64.498 63.937 63.888 63.855 63.805 63.726 63.617 63.492 63.44 63.328 63.166 63.076 63.269 62.899 63.837 63.025 62.737 62.49 62.54 62.547 62.404 62.136 62.032 62.192 61.909 62.64 62.123 61.885 63.108 62.286 61.868 61.766 61.733 61.772 61.976 61.826 61.726 61.716 61.739 61.734 61.71 61.448 61.413 61.45 61.309 61.203 61.125 61.211 61.03 60.905 60.889 60.871 60.852 61.152 61.355 61.325 61.246 61.116 60.906 61.012 61.25 61.3 61.33 61.562 62.612 62.347 62.446
64.187 64.271 64.299 64.164 64.064 64.149 63.846 63.822 63.825 63.671 63.656 63.527 63.361 63.456 63.331 63.003 63.026 62.91 62.795 63.44 62.679 62.598 62.502 62.447 62.246 62.246 62.066 61.956 61.914 61.699 61.557 62.212 61.703 62.137 63.223 62.045 61.623 61.669 61.683 61.577 61.615 61.51 61.832 61.689 61.507 61.509 61.466 61.244 61.24 61.259 61.166 61.117 60.962 60.966 60.881 60.885 61.637 61.761 61.575 61.444 61.147 60.815 64.403 63.992 63.884 61.685 61.502 61.848 62.574 62.742 62.223 59.336
64.075 64.109 64.152 64.098 64.017 63.939 63.857 63.742 63.639 63.678 63.619 63.556 63.578 63.29 63.16 63.048 63.049 62.925 62.772 62.608 62.516 62.469 62.434 62.439 62.23 62.097 61.949 61.87 61.676 61.589 61.39 62.293 61.821 61.359 62.481 62.189 61.492 61.44 61.544 61.81 61.306 61.452 61.729 61.404 61.382 61.387 61.301 61.098 61.045 61.069 61.095 60.908 60.84 60.871 61.083 61.481 61.781 61.826 61.47 61.056 60.778 63.606 65.117 65.29 64.141 62.634 61.895 62.167 59.415 59.108 59.966 58.699
63.973 64.007 64.046 64.518 63.891 63.727 64.092 63.667 63.593 63.496 63.527 63.522 63.419 63.224 63.153 63.029 62.875 62.724 62.6 62.515 62.489 62.379 62.402 62.221 62.009 62.261 61.816 61.794 61.693 61.579 61.442 61.422 61.459 61.059 61.756 61.691 61.327 61.239 61.237 61.399 61.355 61.36 61.46 61.194 61.185 61.15 61.206 61.063 61.031 60.839 60.863 61.193 61.268 61.225 61.6 61.651 61.436 61.378 61.199 61.21 60.871 63.184 65.227 65.139 64.494 61.651 61.357 59.041 58.908 59.316 59.383 59.778
63.909 63.832 64.417 63.922 63.783 63.803 63.637 63.621 63.481 63.372 63.374 63.448 63.296 63.14 63.167 63.009 62.841 62.68 62.594 62.575 62.389 62.33 62.328 62.015 61.933 61.958 61.67 61.695 61.378 61.25 61.74 61.974 61.359 61.226 61.302 61.825 61.199 61.097 61.181 61.233 60.983 61.074 61.108 61.037 60.949 60.945 60.949 60.814 60.794 60.8 61.111 60.84 61.389 61.608 61.369 61.273 61.156 61.071 60.84 61.363 61.794 62.977 64.581 64.836 63.612 59.159 59.437 59.739 60.107 60.016 59.866 59.844
63.852 63.824 63.755 63.819 63.721 63.666 63.51 63.474 63.417 63.298 63.187 63.251 63.267 63.386 63.086 63.041 62.809 62.594 62.552 62.305 62.26 62.304 62.209 61.948 61.935 61.806 61.587 61.523 61.318 61.196 61.07 61.011 61.221 61.191 61.095 61.387 61.092 60.885 60.978 60.912 61.126 60.89 61.028 60.82 60.792 60.76 60.775 60.675 60.602 60.573 60.597 61.193 61.215 61.139 60.987 61.001 60.811 60.48 60.743 61.754 60.196 58.882 62.3 62.035 61.791 59.7 59.935 60.94 59.972 60.088 59.944 59.572
63.704 63.683 63.696 63.578 63.471 63.525 63.363 63.35 63.308 63.221 63.04 63.086 63.193 63.074 62.95 62.925 62.699 62.522 62.404 62.399 62.81 62.171 61.92 61.897 61.684 61.584 61.583 61.464 61.234 61.268 61.109 61.222 61.016 61.074 61.162 61.117 61.096 60.815 60.729 60.688 60.801 60.639 60.717 60.706 60.594 60.722 60.596 60.74 60.506 60.669 61.231 61.559 61.399 60.949 61.395 60.219 61.796 62.008 59.182 58.964 59.337 58.651 62.696 61.039 59.831 59.941 60.278 62.38 63.326 59.593 59.279 59.351
63.652 63.714 63.553 63.631 63.362 63.388 63.452 63.592 63.243 63.158 63.064 63.333 63.036 62.996 63.481 62.813 63.054 62.683 62.403 62.253 62.142 62.032 62.12 61.703 61.786 61.428 61.354 61.293 61.246 61.203 61.116 61.066 61.003 60.92 60.933 61.016 60.958 60.671 60.508 60.614 60.709 60.604 60.482 60.491 60.426 60.375 60.474 60.759 61.198 61.281 62.701 61.972 61.129 60.802 61.135 60.357 59.204 59.175 58.547 58.755 59.148 59.551 60.042 60.301 59.925 59.977 59.899 60.193 59.96 59.696 61.009 59.51
63.509 63.488 63.491 63.371 63.316 63.385 63.319 63.192 63.088 63.012 62.99 62.907 63.084 62.88 62.781 62.662 62.543 62.478 62.474 62.423 62.013 61.839 61.804 61.534 61.419 61.374 61.445 61.345 61.253 61.19 61.102 60.888 60.926 60.772 60.773 60.555 60.857 60.594 60.443 60.445 60.497 60.422 60.278 60.307 60.585 60.947 60.915 61.165 61.188 61.279 63.595 64.195 62.864 59.799 59.021 58.692 58.963 59.207 59.364 59.669 59.863 59.676 59.889 59.9 59.884 59.818 59.854 59.736 59.825 61.622 63.502 60.588
63.336 63.446 63.315 63.256 63.272 63.231 63.164 63.563 63.038 62.964 62.878 62.874 62.859 62.8 62.711 62.624 62.493 62.322 62.132 62.032 61.846 61.665 61.541 61.516 61.623 61.5 61.887 61.31 61.246 61.195 60.973 60.752 61.536 60.775 60.827 60.672 60.597 60.519 60.464 60.413 60.55 60.392 60.71 60.909 63.983 63.56 60.985 61.362 61.42 62.107 63.73 64.357 59.309 58.753 58.886 59.258 59.572 59.703 59.505 59.555 59.415 59.607 59.941 60.074 59.984 59.92 59.921 59.779 59.618 60.221 62.571 60.995
63.261 63.316 63.455 63.163 63.24 63.134 63.077 63.077 62.989 62.934 62.996 62.691 62.791 62.721 62.905 62.625 62.409 62.11 62.004 61.787 61.674 61.74 61.658 61.625 61.53 61.644 61.375 61.237 61.139 61.049 60.87 60.719 60.719 60.524 60.789 60.728 60.527 60.43 60.451 60.313 60.634 60.712 61.049 63.528 68.007 67.393 64.092 60.68 60.881 62.29 59.403 60.453 58.889 59.325 59.433 59.6 59.489 59.329 59.444 59.451 59.499 60.606 60.944 60.123 60.123 60.012 59.912 59.831 59.61 59.479 59.859 59.279
63.222 63.262 63.317 63.141 63.035 62.976 63.003 62.941 62.891 62.696 62.641 62.586 62.555 62.444 62.387 62.125 62.16 61.869 61.768 62.305 61.843 61.744 61.696 61.576 61.443 61.369 61.257 61.157 61.122 60.962 60.831 60.509 61.467 61.061 60.571 60.411 60.424 60.361 60.559 60.954 61.28 61.164 60.694 63.266 68.397 67.665 63.007 59.518 58.575 58.982 58.561 58.913 58.892 59.508 59.478 59.213 59.064 59.294 59.218 59.383 59.248 59.748 60.351 60.017 59.828 59.915 59.86 59.873 59.577 59.215 59.059 58.964
63.192 63.17 63.1 63.061 62.947 62.906 62.893 62.941 62.874 62.735 62.58 62.407 62.463 62.337 62.1 61.927 61.852 61.82 61.753 61.721 61.675 61.828 61.488 61.459 61.354 61.281 61.253 61.103 60.836 60.818 60.607 60.569 62.054 63.337 61.197 60.317 60.333 60.186 60.374 60.827 60.935 60.539 60.249 59.84 60.851 61.11 59.33 59.112 59.099 59.109 58.654 58.975 58.936 59.017 59.091 59.101 59.039 59.261 59.037 59.188 59.334 58.999 59.424 59.738 59.389 59.864 59.831 59.774 60.032 59.163 59.036 58.821
63.226 63.082 62.933 63.122 62.874 62.877 63.08 62.882 62.705 62.742 62.444 62.32 62.285 62.029 61.891 61.919 61.957 61.822 61.793 61.626 61.571 61.528 61.48 61.397 61.199 61.108 61.001 60.924 60.755 60.704 60.495 60.409 62.435 63.128 61.404 60.148 60.169 60.349 60.461 60.464 59.792 58.809 59.524 59.331 59.114 59.187 59.285 59.366 59.271 58.871 58.641 58.925 59.018 58.982 59.126 59.082 59.035 59.248 58.843 59.144 59.396 58.955 58.873 58.892 59.241 59.726 59.82 59.521 59.45 58.839 58.764 58.773
63.157 63.006 62.811 62.871 62.861 62.945 62.748 62.693 62.601 62.439 62.213 62.112 62.022 61.944 61.787 61.757 61.751 61.588 61.499 61.575 61.561 61.431 61.413 61.194 61.106 61.217 60.838 60.815 60.655 60.54 60.331 60.307 60.274 60.586 60.031 60.214 61.743 60.603 60.131 59.335 59.51 58.72 59.674 59.236 59.282 59.513 59.321 59.246 59.128 58.859 58.688 59.085 59.075 59.039 59.051 59.054 59.112 59.132 58.844 58.903 59.292 58.874 58.939 58.922 58.815 58.94 59.101 58.843 58.792 58.712 58.801 58.78
62.999 63.038 62.755 62.742 63.089 62.686 62.623 62.64 62.395 62.195 62.172 61.968 62.043 61.831 61.654 61.632 61.533 61.454 61.553 61.402 61.386 61.324 61.267 61.125 60.91 60.816 60.689 60.584 60.437 60.669 60.381 60.184 60.107 60.399 62.541 63.736 63.152 62.124 59.49 59.048 58.909 58.627 59.281 59.315 59.353 59.28 59.104 59.138 59.056 58.802 58.69 59.079 59.184 59.158 59.044 59 59.043 58.974 58.751 58.708 58.793 58.651 58.782 58.776 58.666 58.72 58.847 58.846 59.32 58.794 58.605 58.533
62.983 62.867 62.764 62.645 62.799 62.633 62.482 62.334 62.141 61.968 61.982 61.93 61.858 61.783 61.727 61.55 61.466 61.398 61.337 61.354 61.276 61.147 61.127 61.018 60.716 60.685 60.553 60.379 60.324 60.404 60.379 59.864 60.033 59.857 63.824 64.824 64.856 63.845 61.631 59.645 59.994 58.691 58.666 59.001 59.009 59.073 59.18 59.143 58.978 58.831 58.736 58.662 59.009 59.193 59.122 59.048 58.919 58.63 58.527 58.619 58.598 58.58 58.636 58.689 58.808 58.824 58.779 58.853 58.958 58.779 58.611 58.634
62.936 62.943 62.775 62.63 62.605 62.425 62.495 62.169 62.014 62.018 61.917 61.797 61.831 61.791 61.67 61.469 61.542 61.363 61.315 61.208 61.147 60.956 60.887 60.8 60.608 60.76 60.446 60.372 60.343 60.251 60.109 59.951 59.865 63.14 61.169 64.617 65.01 64.079 61.57 59.763 59.746 59.402 58.829 58.959 59.242 59.216 59.205 59.06 58.929 58.9 58.858 58.775 58.832 58.965 59.083 59.012 58.808 58.764 58.833 58.587 58.656 58.65 58.749 58.721 58.786 58.833 58.812 58.795 58.674 58.722 58.674 58.76
63.076 63.793 62.637 62.537 62.594 62.541 62.531 62.575 61.992 61.912 61.909 61.704 61.683 61.59 61.466 61.626 61.626 61.156 61.112 61.051 61.037 61.492 60.644 60.637 60.482 60.352 60.342 60.25 60.247 60.051 59.938 59.712 59.485 61.202 63.622 64.428 64.381 64.712 61.539 59.715 59.024 58.889 58.771 59.022 59.43 59.232 59.14 59.015 58.919 58.919 58.986 59.044 58.911 58.795 58.819 58.806 58.753 58.731 58.66 58.575 58.545 58.557 58.59 58.708 58.733 58.857 58.775 58.802 58.766 58.738 58.845 58.927
62.691 62.65 62.633 62.683 62.595 63.068 62.551 62.529 62.082 61.996 61.811 61.663 61.482 61.471 61.384 61.353 61.256 61.122 61.011 60.887 60.784 60.64 60.659 60.492 60.289 60.334 60.119 60.069 59.944 60.298 59.9 59.571 59.639 59.613 62.58 63.893 63.827 62.881 60.468 59.287 58.923 58.496 58.791 58.733 59.1 59.095 59.039 59.023 59.036 59.078 59.083 59.143 58.921 58.883 58.747 58.8 58.814 58.666 58.62 58.476 58.401 58.478 58.584 58.627 58.718 58.797 58.782 58.982 58.863 58.982 59.404 59.832
62.921 62.85 62.63 62.567 62.547 62.52 62.453 62.392 62.221 61.898 61.786 61.646 61.551 61.592 61.398 61.229 61.376 61.936 60.943 60.765 60.708 60.58 60.597 60.446 60.414 60.272 60.146 59.813 59.839 60.304 59.665 59.543 59.668 59.624 59.841 59.53 60.349 59.945 60.245 59.316 59.032 58.86 58.922 58.629 58.701 58.986 59.052 59.007 59 59.136 59.15 59.211 58.827 58.802 58.862 58.881 58.759 58.793 58.574 58.508 58.357 58.485 58.52 58.558 58.766 58.807 58.831 59.078 59.542 59.835 60.284 60.582
63.509 62.869 62.633 63.044 62.426 62.393 62.166 62.118 62.128 61.92 61.736 61.543 61.402 61.18 61.226 61.135 61.179 61.234 60.814 60.67 60.578 60.511 61.285 62.53 62.317 60.05 61.552 62.274 60.646 59.792 59.692 59.742 59.707 59.741 59.577 59.474 59.365 59.589 59.529 59.261 59.093 59.077 59.048 58.665 58.599 58.803 58.914 58.959 58.945 58.927 58.94 58.905 58.866 58.958 58.893 58.901 58.83 58.75 58.6 58.478 58.481 58.425 58.529 58.686 58.811 59.189 59.512 59.83 60.351 60.595 61.095 61.583
62.773 62.739 62.636 62.493 62.483 62.369 62.129 62.217 61.98 62.038 61.566 61.44 61.324 61.235 61.094 60.99 60.878 60.808 60.791 60.637 60.487 62.421 64.182 64.841 63.11 59.909 60.438 61.45 59.868 59.666 59.666 59.762 59.69 59.616 59.561 59.513 59.376 59.626 59.228 59.243 59.093 59.162 59.021 58.871 58.526 58.728 59.195 59.162 59.01 58.973 58.947 58.924 59.055 58.908 58.904 58.873 58.833 58.795 58.723 58.633 58.591 58.745 58.798 58.966 59.183 59.76 60.172 60.711 61.207 61.666 62.056 62.565
62.824 62.748 62.499 62.553 62.5 62.212 62.121 62.154 62.032 61.973 61.711 61.475 61.363 61.154 61.059 61.212 60.899 60.872 60.764 60.24 59.807 60.9 63.487 64.394 62.682 60.231 59.956 59.74 59.709 59.604 59.755 59.817 59.805 59.824 59.635 59.634 59.42 59.373 59.591 59.217 59.325 59.23 59.075 58.663 58.724 59.093 59.454 59.185 59.179 59.108 59.152 59.059 58.919 58.943 58.904 58.997 58.845 58.688 58.746 58.899 58.77 59.073 59.162 59.559 60.109 60.51 61.195 61.422 62.024 62.494 62.94 63.492
