dsm/se2637_DSM_2M.asc
ncols 500
nrows 500
xllcorner    426000
yllcorner    437000
cellsize     2
NODATA_value -9999
[rows 30 to 59 of 500, columns 68 to 135 of 500]
-9999 -9999 121.29 121.74 122.579 122.129 121.771 119.717 118.995 120.161 121.085 120.018 120.845 125.051 124.469 120.91 118.334 118.697 122.129 125.504 124.149 122.265 120.862 119.421 118.917 119.267 120.891 120.073 123.033 118.908 117.702 117.498 117.475 118.017 117.92 117.83 -9999 117.114 117.084 117.19 117.377 119.924 123.13 122.786 118.183 117.069 116.895 117.036 117.026 119.774 121.129 119.317 120.72 119.167 121.346 120.568 121.043 120.875 118.966 118.74 118.625 117.691 118.89 119.484 119.915 119.883 119.584 119.17
-9999 -9999 120.693 121.048 121.936 122.273 120.995 119.082 118.723 118.564 118.733 118.678 118.747 119.693 120.712 118.938 118.386 119.362 123.413 125.088 124.228 123.78 124.981 122.012 118.66 119.238 119.904 118.594 119.311 118.016 117.537 117.375 117.539 117.746 117.851 -9999 117.479 117.358 117.098 117.269 117.094 119.673 122.361 121.358 117.947 116.879 117.004 116.946 116.852 117.082 117.148 117.185 118.173 120.731 122.394 118.909 118.775 119.464 118.428 117.7 117.416 117.284 117.348 118.265 119.281 120.094 119.586 118.728
119.403 119.634 119.895 119.021 120.181 121.266 120.499 119.363 118.702 118.661 118.754 118.758 118.707 118.602 118.988 118.831 118.505 119.396 122.466 122.295 122.105 122.439 122.579 120.499 118.316 118.678 119.348 118.191 117.853 118.119 117.906 117.49 117.512 117.405 117.563 -9999 117.705 117.609 117.379 117.199 117.762 120.919 122.203 120.598 117.184 116.967 116.919 116.839 116.859 117.155 117.024 117.268 118.785 119.9 118.745 117.991 117.635 118.061 118.652 118.062 117.293 117.275 117.435 117.755 119.667 121.207 120.185 118.166
119.53 119.519 119.51 119.184 119.846 120.464 120.13 119.467 119.076 119.668 119.364 118.871 118.762 118.698 118.711 118.374 118.429 118.394 118.416 118.822 119.784 119.422 118.794 118.26 117.983 118.118 119.229 118.639 117.739 119.033 117.891 117.476 117.411 117.33 117.425 117.704 117.922 118.395 117.536 117.399 119.021 120.901 122.139 117.952 117.042 116.923 116.899 116.722 116.717 117.45 117.163 117.35 118.041 118.233 117.475 117.403 117.874 119.276 119.281 118.279 117.583 117.519 118.114 117.999 121.494 123.891 120.776 118.083
119.668 119.8 119.693 119.63 120.096 120.168 119.765 -9999 119.464 119.861 119.51 118.844 118.585 118.701 119.111 118.67 118.448 118.341 118.25 118.285 118.49 118.525 118.143 118.053 117.95 117.948 118.578 118.478 117.895 118.142 117.624 117.565 117.669 117.27 117.392 -9999 117.785 117.932 117.306 117.516 117.726 118.832 117.753 116.967 116.806 116.844 116.834 116.662 116.761 117.006 117.043 117.131 117.323 117.292 116.936 117.08 118.336 120.982 120.693 118.328 117.836 118.252 118.035 119.339 123.283 125.385 120.841 118.356
119.512 119.989 119.823 119.865 120.515 120.136 119.616 -9999 -9999 119.427 -9999 118.958 118.734 118.786 118.975 118.688 118.311 118.417 118.761 118.237 118.639 118.319 118.094 117.977 117.899 117.945 118.148 118.693 118.551 118.179 117.768 118.352 117.821 117.479 117.51 -9999 117.424 117.353 117.211 117.138 117.111 117.87 117.499 116.743 116.915 117.171 116.923 116.744 116.779 116.807 116.811 117.479 117.273 116.835 116.864 117.01 117.554 119.604 119.807 117.502 117.212 117.568 118.292 119.36 121.872 122.202 120.018 118.369
119.175 119.411 119.532 119.501 119.243 119.326 119.152 118.991 118.956 118.985 118.949 -9999 -9999 118.76 118.752 118.533 118.217 118.775 118.872 119.072 119.051 118.673 118.245 117.912 117.847 117.882 117.939 119.387 118.796 118.705 118.279 118.309 117.969 -9999 -9999 -9999 117.181 117.168 117.131 117.084 117.792 118.786 118.654 117.236 118.647 120.843 118.756 117.342 116.866 116.787 116.966 118.05 117.398 116.956 117.208 116.901 117.267 117.8 117.955 117.019 117.064 117.83 119.016 119.097 119.348 119.81 119.66 118.633
119.134 119.003 118.911 118.997 118.947 118.923 118.828 118.745 118.733 118.745 118.691 118.615 118.578 119.145 -9999 118.458 118.517 118.758 118.915 119.149 118.993 118.734 118.303 118.081 118.249 118.686 118.59 119.03 118.964 118.863 118.582 -9999 -9999 -9999 -9999 -9999 117.311 117.28 117.311 117.583 117.722 118.408 118.433 117.306 118.516 122.505 122.106 120.986 119.089 117.692 117.088 117.02 117.302 118.782 120.212 118.028 116.933 117.076 116.97 116.917 117.201 117.502 120.314 118.495 118.066 118.453 119.703 118.274
119.054 118.815 118.794 118.938 118.848 118.805 118.755 118.775 118.803 118.731 118.519 118.57 118.526 119.173 119.682 118.642 118.35 118.444 118.676 118.666 118.556 118.338 118.201 118.239 118.511 118.747 118.732 118.775 118.941 118.948 -9999 -9999 -9999 -9999 -9999 -9999 117.669 117.624 117.971 118.794 117.762 117.503 117.145 116.849 117.597 119.655 122.215 123.667 122.319 120.583 118.012 117.019 118.14 119.676 122.569 121.677 119.646 117.784 117.084 117.196 117.186 117.845 118.143 117.976 117.829 117.856 117.872 117.515
119.09 118.843 118.746 118.793 118.731 118.806 118.759 118.875 118.742 118.661 118.985 118.802 118.422 119.414 120.077 119.187 118.098 118.259 118.418 118.489 118.288 117.808 118.138 118.326 -9999 -9999 118.667 118.816 -9999 -9999 -9999 -9999 -9999 117.301 117.18 117.277 117.686 117.754 117.757 118.324 117.413 117.285 117.106 116.856 117.36 117.079 118.806 121.167 121.839 122.053 117.784 117.776 120.481 122.441 123.299 124.484 124.662 121.325 120.613 119.157 117.238 118.503 120.306 119.09 117.841 117.888 117.586 117.614
118.973 118.959 118.946 118.895 118.637 118.722 118.794 119.067 118.651 118.433 118.781 118.638 118.881 123.738 121.498 119.63 118.418 118.222 118.299 118.299 118.16 117.963 118.244 118.386 118.155 118.129 118.081 -9999 -9999 -9999 -9999 -9999 -9999 117.321 117.213 117.258 117.42 117.31 117.46 117.788 117.814 117.407 117.142 117.053 117.086 116.801 116.815 117.476 120.28 119.586 117.491 117.279 120.367 122.915 124.459 125.029 125.057 124.265 123.276 120.91 118.012 117.492 120.607 119.638 117.817 117.688 118.054 118.019
119.303 119.088 119.405 120.639 121.545 121.122 120.414 120.928 120.525 118.725 118.237 118.335 118.702 121.64 124.505 119.87 118.336 118.197 117.989 117.985 117.906 118.02 118.347 118.381 117.952 117.784 117.73 117.808 -9999 -9999 -9999 -9999 -9999 117.424 117.195 117.2 117.151 116.922 117.183 117.596 117.811 117.667 117.238 116.969 116.816 116.856 116.978 116.902 117.729 117.534 116.781 117.126 119.196 121.437 123.451 124.189 124.295 124.581 123.16 120.139 118.728 119.075 119.8 118.487 117.245 117.789 117.585 117.566
120.119 119.105 119.184 123.758 124.711 125.559 125.13 124.517 124.031 119.726 118.432 118.309 120.148 126.143 123.063 118.618 118.038 118.117 118.124 117.955 117.817 118.264 118.41 117.94 117.803 117.708 117.697 117.731 117.926 -9999 -9999 -9999 -9999 117.78 117.298 117.142 117.117 117.121 117.292 117.36 117.361 117.365 117.016 116.917 116.894 117.105 117.477 117.443 117.446 117.053 116.845 117.531 119.039 117.671 121.003 120.505 120.824 123.044 122.717 119.554 118.108 118.434 118.126 119.683 118.056 117.383 117.219 117.372
120.657 119.096 120.037 123.908 124.411 125.216 125.791 126.07 124.805 121.453 119.475 118.416 118.99 123.368 119.516 119.099 118.198 117.941 117.958 118.062 118.388 118.601 118.742 118.4 117.665 117.684 117.707 117.783 117.97 118.529 119.111 -9999 -9999 -9999 -9999 -9999 -9999 -9999 117.22 117.292 117.258 117.115 116.847 116.916 116.947 117.071 117.308 117.568 117.651 117.119 116.987 117.53 117.645 117.426 117.837 117.866 118.253 120.119 119.294 117.102 117.038 116.957 117.519 120.138 118.896 117.372 117.165 117.716
120.395 119.153 120.685 120.84 121.098 122.996 124.577 125.278 124.778 121.833 119.672 118.167 118.428 121.054 121.837 121.496 118.252 118.279 118.297 118.061 118.174 118.283 118.211 118.028 117.841 117.934 117.61 117.8 117.801 119.044 119.643 -9999 -9999 -9999 -9999 -9999 -9999 117.064 117.027 117.044 117.106 117.101 117.033 116.968 116.999 117.014 117.066 116.994 117.041 117.015 116.953 117.231 117.306 117.041 117.317 117.357 117.811 119.338 119.304 118.226 118.144 116.88 117.144 118.676 119.507 117.9 117.523 119.105
118.951 118.894 118.886 118.633 118.644 119.894 122.868 122.932 120.664 120.225 118.848 118.15 120.162 123.931 123.948 123.084 121.856 122.483 122.097 119.649 118.024 118.031 118.062 118.308 117.906 117.843 117.751 117.867 117.87 119.779 119.973 119.643 -9999 -9999 -9999 -9999 -9999 117.172 116.926 116.83 117.139 117.246 117.269 117.222 117.134 117.028 116.994 116.935 116.879 116.832 116.901 117.075 117.057 117.004 117.227 117.188 117.669 119.971 120.085 120.083 120.749 118.431 117.218 117.26 120.545 119.387 118.015 118.109
118.984 118.689 118.439 118.557 118.848 119.538 120.174 119.236 118.506 118.267 118.134 118.32 121.267 124.036 124.288 124.218 124.332 123.943 123.185 122.49 121.096 120.336 119.771 119.408 117.966 117.826 117.848 117.811 117.824 119.025 119.446 119.443 -9999 -9999 117.423 117.405 117.376 117.316 117.131 117.03 117.219 117.262 117.332 117.313 117.282 -9999 117.005 116.956 116.889 116.835 116.921 117.153 117.209 116.988 116.972 116.961 118.233 119.774 118.97 118.898 120.867 119.487 118.235 117.124 118.749 118.947 118.418 118.475
119.956 118.775 118.407 118.389 118.631 119.199 118.312 118.199 118.503 118.865 118.393 118.212 119.439 123.099 123.721 123.968 124.173 124.379 124.213 124.144 123.776 123.224 123.077 122.193 119.658 118.567 118.385 118.106 117.829 117.87 119.264 119.106 118.849 -9999 117.427 117.454 117.389 117.44 117.413 117.322 117.313 117.295 117.318 117.284 117.284 117.237 117.143 117.043 116.985 116.92 117.006 117.275 117.394 117.109 117.006 116.995 117.64 118.472 118.134 117.486 118.243 118.166 117.782 117.545 118.511 118.989 118.873 118.559
120.363 118.707 118.434 118.441 118.769 118.787 118.328 118.378 118.971 120.031 118.603 118.297 118.898 119.823 121.656 120.876 123.264 123.703 123.965 124.593 124.402 124.144 123.851 123.514 122.93 121.977 120.555 119.047 118.128 117.718 117.982 118.47 -9999 -9999 117.381 117.474 117.338 117.439 117.46 117.406 117.335 117.34 117.375 117.306 117.261 117.208 117.158 117.098 117.018 116.846 116.975 117.218 117.39 117.289 117.019 117.197 117.413 -9999 117.693 117.56 117.196 117.135 117.237 117.132 118.025 118.812 118.967 -9999
119.166 118.716 118.731 118.591 119.158 118.719 118.503 118.533 119.169 119.843 118.933 118.547 118.216 118.403 118.396 119.422 121.402 121.292 122.277 123.496 123.773 124.187 124.329 124.364 124.385 124.064 123.147 122.338 118.828 117.655 117.729 118.114 -9999 117.155 117.267 117.332 117.295 117.335 117.45 117.386 117.362 117.392 117.351 117.316 117.257 117.186 117.147 117.027 117.016 117.065 117.119 117.145 117.318 117.575 117.505 117.223 117.247 116.97 116.976 117.016 117.061 117.156 117.168 117.276 117.902 118.419 -9999 -9999
118.602 119.893 121.172 119.446 119.002 118.589 118.43 118.259 119.016 118.763 118.454 118.69 118.18 117.847 117.736 117.873 118.073 118.01 118.829 120.273 122.663 122.83 122.12 123.721 124.308 124.376 124.307 122.868 118.515 117.702 117.471 -9999 117.289 117.049 117.102 117.235 117.214 117.238 117.213 117.228 117.187 117.325 117.32 117.324 117.16 117.126 117.065 116.964 116.901 116.949 117.133 117.621 118.421 117.781 117.599 117.202 117.12 116.993 116.98 117.052 117.104 117.092 117.006 117.084 -9999 -9999 -9999 -9999
119.695 121.464 124.821 121.653 120.324 118.683 118.369 118.369 119.283 119.23 118.703 118.195 117.875 117.804 117.718 117.705 117.911 118.156 118.125 118.024 119.173 119.666 118.378 121.191 122.814 123.62 123.957 123.296 118.542 117.32 117.37 117.582 117.475 116.953 116.972 117.187 117.156 117.151 118.614 118.753 117.228 117.039 117.153 117.136 117.041 117.011 116.95 116.95 116.867 116.887 117.058 117.152 118.042 117.594 117.791 117.39 117.042 116.935 116.977 117.128 117.163 117.125 117.003 116.928 117.084 -9999 -9999 -9999
121.025 119.544 122.362 122.142 119.693 118.61 118.419 118.439 118.773 119.645 118.687 118.102 117.944 117.979 117.894 117.867 118.31 119.438 118.898 117.956 117.968 117.604 117.894 118.973 118.447 119.265 121.539 119.057 117.535 117.121 117.461 117.857 118.1 117.451 117.183 117.205 117.318 119.555 121.943 123.043 120.672 118.779 116.984 117.012 116.986 116.935 116.746 117.066 117.008 116.93 117.545 117.71 118.863 118.489 118.161 117.255 116.962 116.885 117.085 117.437 117.407 117.196 116.973 116.952 117.17 117.479 -9999 -9999
118.799 118.653 121.522 124.174 121.027 118.563 118.364 118.596 118.854 118.543 118.409 118.244 118.192 118.111 117.935 117.916 118.275 118.552 119.044 118.334 117.677 117.664 118.122 118.163 117.541 117.758 118.237 117.853 117.478 117.305 117.585 117.968 117.964 117.555 117.065 117.144 118.463 122.045 122.852 123.057 122.783 120.991 117.149 116.89 117.006 117.204 117.568 118.017 117.304 119.114 121.081 120.731 121.01 121.014 118.914 118.183 117.428 116.94 117.049 117.416 117.517 117.557 117.536 117.205 117.238 117.604 117.589 117.367
118.417 118.643 121.046 126.039 121.441 118.766 118.492 118.729 119.393 118.534 118.38 118.392 118.301 118.135 117.995 117.961 117.97 118.09 118.169 117.82 117.765 118.617 119.085 118.332 117.528 117.452 117.706 117.575 117.544 117.495 117.794 117.901 117.696 117.533 117.15 117.241 118.29 121.454 122.592 123.313 122.675 120.828 117.232 116.849 117.08 117.463 118.719 119.354 119.359 121.951 124.258 123.728 122.083 120.589 119.361 119.137 118.119 116.958 116.931 117.127 117.163 117.228 118.057 117.55 118.348 118.034 117.441 117.025
118.351 118.482 119.197 120.994 119.05 118.331 118.316 118.303 118.396 118.289 118.391 118.323 118.299 118.206 118.217 118.157 118.017 117.873 117.823 117.707 117.685 118.256 118.931 118.521 118.118 117.69 117.681 117.61 117.504 117.694 117.855 118.05 117.334 117.233 117.199 117.286 118.583 121.795 123.245 123.426 122.321 118.951 116.839 116.957 117.004 117.38 118.088 119.03 119.393 122.661 125.492 124.291 121.899 119.285 118.372 118.798 118.18 117.151 116.989 117.317 117.121 117.17 117.357 117.438 117.71 117.729 117.205 116.808
118.361 119.153 118.579 118.39 118.24 118.091 118.108 118.272 118.088 118.264 118.392 118.43 118.332 118.27 118.304 118.195 118.065 117.944 117.904 117.716 117.54 117.399 117.601 117.515 117.853 117.581 117.472 117.148 117.213 117.686 117.862 117.774 117.005 117.008 117.089 117.113 119.111 122.49 123.634 123.208 119.881 116.969 116.924 117.297 117.339 117.088 117.174 117.566 117.706 119.986 121.828 120.307 119.07 117.214 117.271 118.297 117.976 117.25 117.035 117.264 117.267 117.164 117.297 117.333 117.377 117.342 117.03 116.943
118.199 118.506 119.027 119.132 118.529 118.106 118.724 118.734 118.393 118.379 118.366 118.359 118.293 118.273 118.194 118.105 118.081 117.985 117.808 117.61 117.578 117.796 117.975 117.51 117.49 117.339 117.152 116.857 117.111 117.648 117.904 117.628 117.134 117.034 116.995 118.612 122.247 123.147 123.526 121.923 117.865 116.898 117.157 118.141 118.234 117.201 117.93 117.985 117.193 117.206 117.131 117.212 117.104 116.967 116.922 117.119 117.514 117.015 117.192 117.244 117.485 117.551 117.442 117.243 117.278 117.086 117.063 116.958
119.236 118.923 118.281 118.561 119.058 120.611 119.839 120.866 119.334 118.67 118.455 118.322 118.207 118.177 118.063 118.024 118.099 117.949 117.755 117.518 117.8 118.745 118.624 117.896 117.314 116.939 116.861 116.944 117.307 117.607 117.545 117.218 117.141 117.037 117.427 119.72 122.409 123.51 122.631 121.419 117.509 116.976 116.913 117.814 119.096 119.006 119.033 117.59 116.925 116.857 116.733 116.7 116.742 117.027 117.089 117.389 117.629 117.349 117.566 117.844 117.551 117.738 117.432 117.377 118.038 117.508 117.009 116.929
121.148 122.514 120.071 118.164 118.349 119.997 120.728 122.741 120.26 119.025 118.729 118.485 118.098 118.312 118.138 118.025 117.952 117.844 117.721 117.582 117.889 118.369 118.306 117.62 116.957 116.743 116.796 117.005 117.434 117.814 117.354 116.907 117.018 117.148 117.367 120.699 122.762 123.397 122.71 119.959 118.438 117.128 116.819 117.777 121.284 120.741 118.518 117.513 116.802 116.855 116.719 116.763 116.809 117.086 117.826 117.408 117.453 117.989 119.15 119.463 118.671 117.597 117.086 117.442 117.968 117.398 116.835 116.949
