dsm/se2633_DSM_2M.asc
ncols 500
nrows 500
xllcorner    426000
yllcorner    433000
cellsize     2
NODATA_value -9999
[rows 170 to 203 of 500, columns 375 to 449 of 500]
76.137 75.931 75.808 75.674 75.568 75.418 75.388 75.324 75.209 75.099 74.978 79.516 81.63 79.215 87.261 87.504 86.959 87.748 87.335 85.753 85.05 84.524 79.866 78.964 74.488 72.287 72.199 72.669 72.185 72.062 71.995 71.949 71.898 71.827 72.068 71.923 71.894 72.869 77.129 79.542 80.842 80.359 79.333 77.95 70.781 69.174 69.152 69.101 69.044 69.044 68.957 69.052 69.679 69.007 70.969 69.453 68.779 68.804 68.753 68.722 68.719 68.701 68.658 68.627 68.641 68.55 68.495 68.376 68.32 68.747 69.346 68.479 67.871 67.682 67.574
76.146 75.976 75.872 75.72 75.627 75.559 75.471 75.405 75.377 75.21 75.088 74.983 74.954 82.742 86.413 87.632 87.371 88.138 87.288 85.284 86.086 85.813 83.778 82.757 75.373 73.326 72.366 72.211 72.182 72.21 72.193 72.037 71.951 71.924 71.877 71.947 72.176 72.594 76.348 80.663 80.847 80.359 79.332 74.034 70.58 70.025 69.421 69.274 69.076 69.011 69.002 69.05 69.171 69.101 71.986 69.887 68.872 68.824 68.841 68.733 68.723 68.684 68.672 68.649 68.593 68.635 68.465 68.327 70.234 69.362 68.99 68.22 67.78 67.689 67.61
76.156 75.996 75.887 75.795 75.662 75.576 75.511 75.457 75.415 75.326 75.22 75.141 75.032 76.338 83.885 86.213 87.377 86.878 87.26 87.075 87.429 86.692 84.64 82.283 82.276 74.537 72.49 72.48 72.292 72.269 72.244 72.333 72.088 72.031 71.962 71.9 72.384 73.796 78.362 80.88 81.227 79.162 76.727 72.474 71.455 71.936 70.897 70.7 69.47 69.09 69.036 68.98 68.986 68.945 69.371 68.902 70.61 71.163 70.838 71.248 69.031 68.85 69.354 68.689 68.794 69.128 69.047 68.529 71.459 72.187 72.471 68.433 67.858 67.699 67.707
76.173 76.056 75.926 75.849 75.726 75.65 75.554 75.53 75.487 75.414 75.35 75.276 75.183 75.057 76.545 83.039 83.516 84.407 86.629 86.189 86.206 84.853 86.378 85.078 84.289 80.146 75.242 72.882 72.345 72.735 72.25 72.217 72.258 73.28 72.137 71.963 74.348 77.269 80.029 80.409 78.075 78.67 76.257 73.766 73.06 70.432 73.093 70.712 69.932 69.722 69.114 69.035 68.995 68.958 68.932 68.913 68.871 69.317 69.535 71.572 72.195 71.251 71.005 70.568 69.373 69.112 69.67 72.207 75.525 75.969 75.168 73.861 69.2 67.916 67.927
76.215 76.092 75.953 75.901 75.805 75.741 75.66 75.582 75.519 75.471 75.409 75.331 75.297 75.187 75.061 80.087 81.233 82.401 82.963 82.838 84.354 85.714 86.762 87.381 85.226 85.615 82.236 76.845 72.701 72.432 72.526 72.346 73.785 72.254 72.284 72.309 73.619 72.527 77.323 75.198 79.999 77.987 73.116 72.994 72.585 70.906 70.458 70.072 71.446 69.95 69.384 69.409 69.034 68.972 68.956 68.931 68.937 68.928 68.989 69.803 69.092 70.997 71.544 70.002 69.43 72.209 75.881 76.184 77.417 77.671 77.175 75.258 73.413 69.067 67.84
76.253 76.129 76.034 75.952 75.891 75.809 75.695 75.675 75.576 75.554 75.485 75.434 75.38 75.285 75.192 75.067 77.229 80.017 80.824 82.447 83.75 85.869 87.373 87.363 86.557 85.877 86.087 81.564 77.815 76.419 76.169 74.485 72.634 72.39 72.316 74.053 78.367 77.911 75.79 76.41 80.371 79.233 75.105 72.494 73.841 73.667 72.102 73.14 71.273 69.813 69.685 69.679 69.306 68.995 68.951 68.935 68.942 68.873 68.91 68.886 68.801 69.126 70.128 69.336 70.389 74.801 79.41 80.97 80.033 80.056 80.69 76.787 70.217 68.07 67.995
76.267 76.168 76.084 76.013 75.952 75.879 75.777 75.711 75.651 75.615 75.545 75.485 75.459 75.343 75.271 75.201 75.135 75.059 76.102 81.646 85.142 86.512 86.596 86.939 85.959 86.458 87.134 84.762 85.564 83.698 82.523 81.448 73.042 72.529 73.486 75.298 78.22 81.23 81.418 78.649 79.29 76.395 76.136 75.014 74.601 74.421 73.406 71.545 71.731 70.004 69.874 69.732 69.524 69.101 69 68.997 68.948 68.912 68.926 68.784 68.802 68.814 69.062 68.916 71.407 76.554 80.295 81.674 83.314 80.061 81.161 80.801 73.499 71.407 71.374
76.271 76.173 76.115 76.065 76.006 75.935 75.855 75.788 75.698 75.655 75.59 75.535 75.481 75.41 75.342 75.27 75.21 75.125 75.058 79.188 83.621 85.175 85.632 86.107 84.21 86.599 86.588 87.275 87.002 85.841 84.236 82.665 75.53 72.849 77.388 81.66 80.66 81.32 78.339 77.874 77.854 78.56 75.347 74.976 74.327 73.53 72.708 72.05 71.2 70.326 69.882 69.744 69.4 69.05 69.005 68.949 68.96 68.899 68.862 68.942 68.832 68.759 68.8 68.896 73.51 77.409 79.637 84.03 87.693 86.004 80.058 73.798 75.481 74.982 74.915
76.339 76.232 76.155 76.131 76.032 75.995 75.869 75.839 75.774 75.701 75.663 75.605 75.53 75.512 75.438 75.344 75.295 75.228 75.197 75.936 79.507 83.083 82.035 84.152 86.236 86.175 88.176 87.991 82.212 86.25 85.644 81.878 74.89 74.931 82.851 79.713 83.406 83.771 80.022 78.004 79.188 80.388 80.208 75.027 73.449 72.582 71.808 71.195 69.907 70.163 70.741 69.6 69.128 69.056 69.01 69.089 69.421 68.962 68.904 68.901 68.933 68.829 68.857 68.966 74.798 77.435 76.398 81.94 92.341 82.304 82.666 75.6 71.806 73.048 74.682
76.333 76.265 76.215 76.163 76.095 75.977 75.964 75.871 75.84 75.752 75.69 75.646 75.597 75.525 75.5 75.449 75.373 75.305 75.251 75.185 75.067 74.845 75.235 82.506 84.289 85.994 87.769 87.463 86.529 87.327 86.184 80.718 75.086 73.038 82.058 83.873 82.369 82.927 78.921 73.342 80.013 80.433 80.997 78.382 71.29 70.621 72.646 72.871 70.538 70.73 69.952 69.742 69.149 69.076 69.052 69.015 69.043 68.955 68.936 69.058 68.915 68.923 68.967 74.124 77.353 77.82 78.386 78.292 88.278 86.438 80.244 70.169 68.8 68.814 68.95
76.132 76.206 76.169 76.128 76.095 76.017 75.981 75.917 75.87 75.784 75.713 75.712 75.654 75.596 75.518 75.453 75.394 75.34 75.309 75.261 75.147 75.034 75.006 81.116 80.288 83.302 84.973 85.527 85.488 85.738 84.217 78.212 76.305 76.333 82.706 84.409 84.745 81.167 81.635 81.879 81.024 81.772 78.563 78.335 78.26 77.252 77.79 76.238 74.696 73.459 70.805 70.322 69.163 69.197 69.245 69.127 69.062 69.034 69.041 70.053 69.219 69.894 69.998 73.386 75.321 77.23 86.739 76.256 72.406 77.134 68.919 68.762 68.819 68.817 68.803
76.688 77.29 75.974 76.046 76.064 76.022 75.989 75.924 75.882 75.825 75.749 75.741 75.704 75.669 75.595 75.516 75.455 75.388 75.299 75.257 75.188 75.12 75.012 78.076 82.235 81.3 82.785 82.968 83.788 83.057 80.132 76.058 82.07 76.019 85.519 84.8 84.654 84.493 78.345 75.26 81.083 82.855 81.295 81.198 81.776 80.412 79.843 79.442 77.657 75.527 72.007 70.223 69.58 69.74 69.593 69.413 69.307 70.639 70.495 70.579 70.229 71.518 69.924 73.51 81.254 84.048 89.639 84.979 70.03 71.728 69.236 68.941 68.917 68.93 68.91
83.744 79.653 78.133 75.842 75.886 75.906 75.957 75.922 75.915 75.858 75.778 75.735 75.723 75.664 75.641 75.572 75.474 75.402 75.351 75.319 75.243 75.184 75.114 75.012 75.685 79.549 80.327 82.13 83.626 82.515 80.423 83.467 80.334 82.411 85.875 85.752 84.927 84.568 82.678 79.521 79.669 82.509 85.037 84.236 76.46 81.264 79.352 78.895 81.056 81.025 72.751 70.681 71.1 71.896 71.464 71.774 71.587 72.735 72.809 70.2 69.754 69.513 73.913 74.665 85.808 84.165 89.674 76.719 70.327 70.781 70.221 69.998 69.837 69.447 69.379
89.366 84.176 79.007 76.548 75.679 75.715 75.812 75.831 75.902 75.834 75.771 75.727 75.717 75.681 75.622 75.598 75.532 75.478 75.414 75.368 75.295 75.211 75.12 75.066 75.019 74.959 74.882 78.444 80.615 79.956 83.936 83.814 78.843 79.61 84.643 85.051 82.14 83.046 81.896 83.376 85.583 85.849 87.602 87.201 84.111 73.745 78.196 77.851 80.785 80.68 81.256 78.26 76.861 76.994 76.352 74.339 76.335 74.029 74.847 70.467 71.793 70.33 79.929 78.052 90.154 92.359 85.536 72.692 71.046 70.774 70.582 70.729 70.578 70.519 70.413
83.849 82.437 82.748 78.737 81.768 75.911 75.659 75.636 75.613 75.615 75.696 75.679 75.692 75.651 75.643 75.6 75.522 75.531 75.493 75.462 75.362 75.274 75.205 75.145 75.044 74.976 74.929 76.114 74.723 74.622 74.737 75.843 76.802 82.465 83.777 83.393 79.741 81.154 80.972 83.541 84.962 87.408 85.76 87.602 83.844 79.812 81.355 79.503 82.662 84.277 84.507 80.726 81.332 81.549 81.581 80.903 80.628 79.348 78.653 78.004 82.11 76.372 80.219 90.218 88.883 88.123 74.06 71.439 71.653 70.781 70.636 70.651 70.656 70.62 70.624
85.634 85.956 85.482 80.027 82.507 79.025 76.688 75.799 75.577 75.536 75.513 75.567 75.615 75.549 75.567 75.539 75.57 75.582 75.563 75.497 75.424 75.369 75.304 75.224 75.123 75.049 74.968 74.889 74.856 74.737 74.647 74.572 74.792 78.474 80.79 79.98 77.926 75.321 77.056 83.203 85.699 87.991 89.023 86.834 83.975 81.408 83.744 86.705 85.564 86.125 85.668 85.239 79.103 81.262 82.157 83.902 83.723 82.687 80.853 81.533 81.485 78.782 82.624 88.378 74.985 71.541 71.393 71.938 72.159 71.043 70.666 70.65 70.67 70.648 70.642
89.496 89.156 85.279 84.61 85.654 83.196 80.978 81.296 77.544 77.146 76.631 75.491 75.761 75.438 75.465 75.516 75.569 75.581 75.596 75.539 75.459 75.436 75.347 75.238 75.194 75.082 75.031 74.982 74.885 74.796 74.727 74.652 74.582 74.566 75.813 74.687 75.522 75.405 75.178 80.902 85.16 87.291 86.568 86.329 85.8 87.086 83.594 87.09 77.871 84.906 87.571 85.67 83.053 81.384 81.718 84.331 82.168 82.332 81.201 80.989 84.965 80.841 89.03 77.431 71.939 71.893 71.891 71.975 72.085 70.888 70.668 70.698 70.694 70.671 70.643
89.238 85.875 85.943 84.59 84.202 81.336 84.249 86.618 85.791 83.176 77.075 77.463 79.505 75.432 75.396 75.356 75.448 75.547 75.586 75.565 75.463 75.427 75.321 75.295 75.231 75.148 75.094 75.011 74.921 74.871 74.814 74.775 74.711 74.64 74.536 74.374 74.26 74.251 74.257 77.767 83.919 85.375 85.69 85.621 85.302 84.497 83.947 84.141 85.322 87.425 87.669 86.482 83.933 80.505 78.875 83.532 82.784 77.373 79.902 74.127 87.61 92.145 87.684 76.855 72.301 72.458 72.111 72.175 72.052 71.176 70.714 71.54 72.706 71.062 70.982
80.072 81.505 79.811 78.834 79.062 79.917 85.073 87.369 85.403 84.17 80.469 82.179 80.598 81.974 75.983 78.423 76.298 75.299 75.388 75.48 75.476 75.421 75.317 75.274 75.214 75.155 75.101 74.966 74.903 74.923 74.89 74.853 74.859 74.764 74.651 74.544 74.469 74.338 74.225 74.111 79.597 82.65 82.568 83.587 84.981 83.067 83.284 83.806 85.8 86.264 86.697 86.13 81.669 80.114 81.178 83.106 84.338 82.916 79.13 77.635 83.373 87.836 72.964 72.408 80.576 76.384 76.591 79.107 73.901 70.857 73.112 81.984 79.8 80.012 80.05
80.313 78.088 78.11 77.358 77.182 80.217 83.812 84.329 84.719 79.664 77.208 81.279 83.796 87.497 83.011 83.939 77.286 75.333 75.286 75.243 75.276 75.309 75.275 75.23 75.25 75.203 75.098 75.045 74.899 74.948 74.936 74.938 74.901 74.844 74.779 74.676 74.581 74.548 74.427 74.357 74.236 76.881 78.327 76.743 74.748 78.05 79.221 79.429 84.048 84.989 85.1 83.928 76.545 77.695 78.697 79.239 80.006 80.502 77.166 79.404 84.175 73.452 72.172 73.826 83.223 83.358 83.341 83.345 81.649 78.646 80.212 82.005 82.013 81.993 82.022
80.684 78.136 77.937 77.728 77.48 77.474 77.4 77.789 79.539 79.58 84.24 89.224 90.097 90.15 92.722 90.664 77.34 75.442 75.505 82.791 75.682 75.118 75.162 75.145 75.2 75.194 75.134 75.046 75.038 75.048 75.025 75.013 74.971 74.931 74.877 74.772 74.711 74.638 74.571 74.485 74.397 74.487 76.328 74.184 74.042 73.998 73.863 73.891 75.601 78.912 79.907 73.666 73.086 76.634 74.616 73.298 76.338 77.803 88.892 87.138 74.548 72.549 72.236 77.4 83.322 83.353 83.383 83.372 83.317 80.786 80.816 82.017 82.023 82.038 82.02
79.897 78.24 78.153 78.113 77.891 77.677 77.627 77.313 77.128 77.686 81.971 83.579 90.535 92.207 92.465 88.813 80.687 76.726 75.249 75.407 78.606 77.156 80.676 77.235 75.031 75.061 75.061 75.009 74.99 75.07 75.103 75.084 75.02 75.02 74.947 74.885 74.774 74.69 74.677 74.634 74.622 74.553 74.407 74.345 74.274 74.171 74.077 73.955 73.845 73.733 73.614 73.467 73.311 73.077 72.945 72.803 73.51 77.423 88.887 84.269 74.398 73.634 72.804 81.64 83.384 83.418 83.399 83.385 82.007 80.658 80.789 81.962 81.996 82.014 81.992
81.179 78.544 78.364 78.272 78.18 78.039 78.898 77.761 77.598 78.244 86.657 90.529 91.573 90.054 90.029 82.851 77.724 77.986 76.335 75.457 79.569 89.091 83.177 77.695 79.195 75.217 75.006 74.948 74.931 75.021 74.95 74.937 74.985 74.928 74.95 74.941 74.875 74.798 74.772 74.72 74.695 74.623 74.572 74.508 74.44 74.355 74.207 74.154 74.027 73.91 73.848 73.717 73.529 73.373 73.281 73.142 73.097 73.142 75.047 75.154 74.437 75.191 72.408 80.874 83.39 83.385 83.394 83.341 83.175 76.263 80.373 81.951 81.983 81.977 81.967
78.941 78.741 78.622 78.447 78.314 78.258 78.28 78.087 77.868 77.748 80.614 88.115 89.378 86.815 78.772 78.372 76.826 85.995 86.506 80.458 81.213 89.931 81.601 90.743 86.355 77.927 75.009 75.153 74.975 74.919 74.842 74.855 74.823 74.832 74.828 74.803 74.778 74.718 74.67 74.676 74.572 74.639 74.565 74.545 74.533 74.483 74.387 74.331 74.24 74.162 74.041 73.978 73.866 73.682 73.534 73.467 73.393 73.34 73.365 74.118 74.8 75.403 73.185 73.987 80.956 82.347 81.946 82.949 74.425 72.969 73.18 74.066 71.45 73.925 76.471
79.086 78.983 78.846 78.707 78.436 78.386 78.393 78.299 78.116 77.992 77.919 77.914 85.543 80.575 78.589 77.276 77.132 81.204 81.008 81.324 89.301 91.972 92.96 92.932 90.151 80.489 79.263 80.666 80.732 75.323 74.958 74.878 74.876 74.793 74.725 74.676 74.683 74.608 74.614 74.536 74.449 74.445 74.395 74.443 74.364 74.356 74.339 74.288 74.251 74.264 74.153 74.115 74.032 73.878 73.822 73.742 73.647 73.551 73.445 73.367 73.676 74.711 73.031 72.583 72.512 72.43 72.269 72.443 72.242 72.109 71.765 71.311 71.173 71.088 71.09
79.243 79.103 79.01 78.973 78.764 78.532 78.453 78.414 78.321 78.229 78.121 77.976 77.897 77.766 77.735 78.11 79.496 88.571 84.062 88.44 82.948 87.638 88.996 93.83 91.254 85.902 83.842 83.017 85.774 79.448 75.078 75.226 79.507 75.094 74.826 74.769 74.733 74.677 74.593 74.546 74.464 74.392 74.36 74.326 74.314 74.263 74.194 74.208 74.193 74.108 74.058 74.017 73.977 73.9 73.853 73.802 73.706 73.663 73.678 73.53 73.453 73.348 73.186 73.031 72.953 72.76 72.651 72.52 72.435 72.233 72.017 71.688 71.581 71.485 71.511
79.464 79.228 79.188 79.125 79.036 78.937 78.685 78.535 78.483 78.446 78.324 78.145 77.994 77.956 77.842 77.757 78.23 80.606 80.561 90.593 92.174 87.545 90.351 91.909 85.672 84.802 82.043 77.938 83.135 82.32 76.313 79.903 83.212 80.479 76.555 75.018 75.061 77.891 74.849 74.636 74.578 74.509 74.471 74.413 74.332 74.298 74.208 74.165 74.083 74.021 73.979 73.91 73.88 73.831 73.705 73.739 73.671 73.639 73.556 73.51 73.454 73.387 73.251 73.184 73.134 73.038 72.925 72.863 72.615 72.493 72.265 72.284 72.261 72.127 71.948
79.663 79.427 79.378 79.332 79.248 79.125 78.959 78.796 78.619 78.543 78.483 78.303 78.236 78.15 78.012 77.897 77.773 77.609 77.563 84.259 89.817 83.092 86.417 91.738 82.614 84.029 76.897 77.884 78.897 78.417 78.947 80.485 84.622 81.954 80.98 77.706 81.997 80.771 75.89 74.742 74.659 74.582 74.52 74.444 74.449 74.367 74.281 74.211 74.14 74.055 74.028 73.969 73.872 73.819 73.721 73.7 73.624 73.537 73.452 73.417 73.309 73.278 73.165 73.082 73.033 73.007 72.862 72.815 72.719 72.683 72.559 72.517 72.385 72.278 72.182
79.747 79.664 79.541 79.477 79.363 79.28 79.119 79.086 78.856 78.696 78.6 78.528 78.404 78.23 78.14 78.035 77.922 77.843 77.751 77.528 78.661 86.745 88.797 85.6 84.866 82.099 76.545 76.51 76.446 76.445 76.519 80.377 82.725 84.169 81.419 82.483 84.845 83.423 76.526 75.959 75.774 75.121 75.867 75.515 74.476 74.4 74.33 74.26 74.218 74.099 74.018 73.974 73.907 73.884 73.774 73.705 73.661 73.581 73.486 73.454 73.352 73.279 73.227 73.125 72.999 72.913 72.816 72.727 73.334 73.331 72.652 73 72.598 72.468 72.189
79.81 79.903 79.695 79.539 79.438 79.372 79.322 79.244 79.123 78.95 78.749 78.684 78.576 78.406 78.315 78.205 78.124 78.027 77.869 77.733 77.6 81.772 82.14 77.949 77.271 76.876 76.861 76.725 76.645 76.521 76.447 76.997 79.821 78.328 78.147 81.735 84.523 82.91 79.968 80.11 81.302 82.121 82.701 80.267 76.585 74.584 74.457 74.374 74.317 74.128 74.061 73.965 73.861 73.828 73.774 73.703 73.583 73.595 73.487 73.454 73.362 73.23 73.198 73.123 73.064 72.955 72.873 72.716 72.686 72.589 72.5 72.564 72.62 72.481 72.07
79.983 79.99 79.917 79.718 79.635 79.547 79.51 79.726 79.579 80.783 80.406 78.818 78.689 78.646 78.5 78.404 78.259 78.113 77.992 77.818 77.702 77.779 78.195 77.353 77.248 77.114 77.013 76.86 76.841 76.656 76.551 76.378 76.28 76.119 76.012 77.371 80.492 80.316 83.121 84.257 84.649 84.013 83.678 82.516 78.976 78.528 74.848 74.479 74.52 74.624 74.323 74.179 74.046 75.685 73.98 73.796 73.722 73.63 73.562 73.432 73.338 73.238 73.119 73.088 73.03 72.982 72.828 72.762 72.669 72.583 72.446 72.359 72.252 72.185 72.094
80.196 80.02 80.075 79.919 79.811 81.145 79.929 80.348 79.623 80.42 79.235 78.989 78.82 78.733 78.599 78.528 78.369 78.264 78.211 78.04 77.922 77.825 77.819 77.787 77.681 77.498 77.218 77.153 77.089 76.913 76.879 76.713 76.567 76.445 76.278 76.147 75.938 75.937 82.903 84.364 85.295 84.512 80.99 82.96 79.768 80.229 75.067 75.015 75.094 76.129 77.131 79.373 77.59 81.084 75.908 74.026 73.82 73.694 73.708 73.59 73.457 73.35 73.251 73.174 73.096 72.991 72.822 72.801 72.668 72.512 72.443 72.331 72.251 72.151 72.069
80.368 80.177 80.068 80.138 79.949 79.761 79.627 79.504 79.407 79.278 79.256 79.077 78.969 78.883 78.708 78.657 78.57 78.542 78.408 78.272 78.161 78.09 78.089 78.05 77.971 77.804 77.567 77.439 77.337 77.225 77.129 76.978 76.886 76.685 76.491 76.29 76.116 79.989 83.927 85.009 84.622 82.489 83.724 80.78 75.94 75.258 75.201 75.242 75.652 75.097 79.926 83.536 84.496 84.602 80.751 74.839 74.023 73.794 74.474 74.485 73.575 73.655 73.484 73.329 73.261 73.115 72.974 72.834 72.771 72.659 72.554 72.44 72.365 72.279 72.114
80.637 80.475 80.187 80.292 80.145 79.95 79.809 79.734 79.634 79.471 79.384 79.244 79.155 79.039 78.969 78.915 78.679 78.612 78.574 78.453 78.278 78.508 79.342 78.235 78.474 78.071 77.838 77.629 77.552 77.419 77.34 77.173 77.009 76.85 76.787 76.525 76.361 79.823 85.379 87.142 85.817 84.814 80.993 75.861 75.686 75.565 75.509 75.676 75.458 78.69 83.969 85.456 85.586 86.6 83.249 75.873 74.135 73.853 74.453 74.543 73.785 73.776 73.706 73.569 73.521 73.378 73.24 73.128 74.711 72.8 72.652 72.606 73.001 72.57 72.868
