dsm/se2632_DSM_2M.asc
ncols 500
nrows 500
xllcorner    426000
yllcorner    432000
cellsize     2
NODATA_value -9999
[rows 124 to 154 of 500, columns 138 to 206 of 500]
104.182 106.397 106.273 101.671 102.147 103.236 102.721 102.656 102.641 102.618 102.688 103.392 103.673 103.891 107.427 105.061 104.683 104.953 105.233 107.079 107.619 107.657 107.462 107.991 108.586 109.704 109.9 113.19 112.701 112.115 116.825 117.488 115.848 113.747 112.544 114.44 115.113 115.788 116.403 116.257 115.562 116.058 116.531 117.158 117.594 118.137 118.308 118.366 118.394 118.439 118.422 118.456 118.519 118.498 118.519 118.579 118.596 118.6 118.617 118.648 118.593 118.639 118.645 118.61 118.526 118.501 118.492 118.471 118.457
107.401 107.861 107.426 105.154 102.142 103.512 102.58 102.436 102.561 102.605 102.59 102.737 103.182 103.687 103.986 104.284 104.574 107.272 104.71 105.993 107.315 106.174 106.833 107.681 108.496 108.788 109.474 112.374 113.283 112.323 117.859 118.662 118.58 115.188 113.215 114.122 115.055 115.478 116.056 115.117 115.603 115.787 116.342 116.895 117.406 117.992 118.24 118.296 118.406 118.422 118.457 118.476 118.494 118.496 118.56 118.574 118.602 118.567 118.601 118.594 118.645 118.598 118.593 118.599 118.557 118.496 118.517 118.554 118.552
107.051 108.202 107.844 103.092 101.871 102.547 102.578 102.508 102.435 102.577 103.079 102.796 102.958 103.506 104.015 107.082 108.569 110.257 105.902 104.858 105.107 105.84 106.682 107.636 108.629 109.128 110.192 110.4 110.94 110.928 116.279 117.639 117.523 113.315 112.654 113.746 114.221 115.646 115.972 116.356 116.21 115.799 116.317 116.757 117.259 117.842 118.287 118.308 118.37 118.455 118.489 118.487 118.505 118.489 118.544 118.601 118.582 118.606 118.613 118.619 118.629 118.614 118.601 118.596 118.573 118.568 118.592 118.608 118.55
105.839 108.047 108.248 105.969 101.534 104.295 105.365 103.208 102.373 102.483 102.751 102.951 102.997 103.92 106.175 109.909 110.973 111.019 109.692 104.271 105.061 106.748 108.376 109.222 110.954 112.374 112.417 109.846 110.643 110.855 110.806 111.855 111.486 111.977 112.847 112.91 113.153 114.825 116.137 116.671 116.356 115.775 116.096 116.614 116.94 117.631 118.102 118.371 118.415 118.467 118.523 118.488 118.516 118.502 118.6 118.573 118.577 118.552 118.609 118.625 118.662 118.673 118.674 118.64 118.582 118.634 118.6 118.615 118.563
105.699 107.753 108.284 107.157 102.107 101.88 103.555 102.451 102.55 102.453 102.472 102.642 102.968 103.775 104.496 109.741 110.765 111.299 109.71 106.29 105.543 105.261 106.09 107.35 108.392 110.9 110.256 109.352 109.406 109.759 110.268 110.699 111.546 111.819 112.183 112.244 112.746 114.45 115.883 116.515 116.045 115.711 115.979 116.278 116.82 117.314 117.828 118.358 118.418 118.526 118.541 118.527 118.522 118.514 118.565 118.611 118.614 118.572 118.581 118.643 118.621 118.701 118.713 118.671 118.67 118.634 118.617 118.561 118.555
105.049 107.161 108.361 107.579 103.07 101.703 102.236 102.366 103.174 102.321 102.874 103.311 102.64 103.969 103.949 108.098 110.655 111.436 110.485 105.471 105.177 105.254 106.215 107.007 107.378 107.598 108.001 108.09 109.087 109.476 109.947 111.138 113.833 112.733 112.8 112.477 112.561 113.092 115.036 116.116 115.512 115.775 116.01 116.233 116.405 117.047 117.727 118.249 118.457 118.53 118.56 118.535 118.556 118.546 118.651 118.592 118.614 118.572 118.567 118.551 118.616 118.632 118.669 118.666 118.669 118.661 118.61 118.537 118.525
101.471 107.06 108.152 107.92 104.555 101.373 102.029 102.735 102.534 102.288 102.354 103.155 102.505 103.498 103.609 105.217 110.171 111.28 110.621 108.621 104.98 105.223 105.774 106.356 106.948 107.216 107.935 108.065 108.743 109.335 110.665 114.675 116.714 115.227 112.948 112.61 112.557 112.927 113.762 115.688 116.057 116.709 116.998 117.474 116.886 116.872 117.519 118.006 118.458 118.49 118.561 118.548 118.536 118.601 118.594 118.584 118.594 118.6 118.577 118.58 118.643 118.624 118.648 118.626 118.669 118.657 118.579 118.481 118.473
104.043 106.168 107.919 108.075 106.938 101.468 102.078 102.741 102.359 102.464 102.255 102.706 102.667 103.292 103.627 104 110.14 110.999 110.995 109.204 105.682 105.088 105.54 105.942 106.698 107.9 108.397 108.651 109.192 111.398 111.932 111.312 111.443 111.981 112.501 112.715 112.562 112.876 114.739 115.272 116.125 116.968 117.289 117.923 117.426 116.581 117.254 117.829 118.359 118.475 118.534 118.573 118.567 118.602 118.586 118.572 118.583 118.499 118.533 118.557 118.652 118.646 118.596 118.615 118.665 118.655 118.535 118.5 118.489
104.198 105.904 107.625 108.219 107.363 102.696 101.735 104.047 102.479 103.078 102.238 102.491 102.769 103.033 103.581 104.043 105.751 110.845 111.177 109.97 107.191 105.688 105.595 106.264 107.212 107.347 107.824 107.902 108.133 109.186 109.56 109.872 110.419 111.426 112.525 112.687 112.558 112.885 114.393 113.749 115.858 116.446 117.328 116.676 117.106 116.766 116.685 117.544 118.288 118.494 118.535 118.582 118.584 118.633 118.624 118.523 118.501 118.495 118.525 118.555 118.569 118.629 118.579 118.595 118.658 118.623 118.548 118.511 118.503
101.249 100.926 107.261 107.998 107.516 102.824 101.597 102.485 102.242 102.138 102.117 102.152 102.217 102.405 103.305 103.78 107.869 110.527 111.898 110.266 106.177 105.375 105.488 105.393 106.636 107.064 107.283 107.542 108.066 108.332 109.078 109.69 110.515 111.726 113.564 112.613 112.332 112.54 113.051 113.472 113.91 114.527 114.785 115.412 116.038 116.319 116.391 117.2 118.119 118.497 118.561 118.558 118.581 118.633 118.579 118.464 118.482 118.513 118.529 118.545 118.58 118.552 118.556 118.581 118.647 118.628 118.584 118.559 118.526
101.914 103.936 106.957 107.098 106.598 105.5 101.693 101.768 102.059 102.103 102.037 102.11 103.125 102.343 103.32 103.684 107.854 110.444 111.549 110.819 106.216 104.201 105.102 105.252 106.324 106.809 107.065 107.485 107.858 109.008 110.948 112.166 112.189 112.921 114.076 112.843 112.21 112.777 113.647 113.952 114.972 115.969 116.428 116.702 116.146 116.226 116.233 116.937 117.759 118.437 118.57 118.579 118.595 118.585 118.549 118.548 118.478 118.492 118.536 118.56 118.566 118.569 118.548 118.641 118.68 118.63 118.651 118.615 118.584
102.611 101.44 102.211 102.346 100.875 101.021 103.586 102.79 101.928 101.953 101.991 102.049 102.569 102.27 103.063 103.426 104.526 109.977 110.824 110.59 109.732 104.594 105.028 105.32 108.451 107.871 108.061 108.903 110.068 110.994 112.319 113.167 112.366 111.343 113.203 113.709 112.096 113.375 114.513 114.574 115.431 116.492 117.313 117.964 116.894 116.854 116.444 116.74 117.764 118.437 118.527 118.581 118.605 118.577 118.568 118.529 118.511 118.5 118.499 118.617 118.611 118.612 118.613 118.631 118.674 118.684 118.618 118.649 118.626
100.347 100.494 100.607 100.723 100.849 102.616 104.988 103.222 101.801 101.869 101.956 102.013 102.067 102.239 102.954 103.349 103.86 109.076 109.702 109.545 105.75 104.24 106.689 107.394 108.174 108.538 109.931 110.008 110.079 108.789 110.593 110.813 110.278 112.915 114.419 114.057 114.783 114.534 115.285 115.76 115.596 114.764 117.11 118.427 118.529 116.941 116.744 116.465 117.338 118.353 118.54 118.559 118.582 118.607 118.594 118.604 118.586 118.576 118.575 118.601 118.63 118.645 118.645 118.658 118.667 118.613 118.618 118.638 118.637
100.242 101.263 101.256 100.868 101.681 102.73 104.759 102.483 101.638 101.696 101.904 101.953 102.694 102.604 102.247 103.136 103.521 105.359 103.871 105.64 105.976 106.674 106.483 105.709 108.433 107.899 109.474 108.407 107.854 111.899 112.492 111.672 111.55 112.004 113.702 113.715 114.127 113.481 112.77 115.367 115.699 114.033 115.071 118.595 119.37 117.575 117.146 116.519 117.176 118.2 118.561 118.57 118.588 118.596 118.569 118.603 118.529 118.59 118.557 118.573 118.604 118.635 118.634 118.65 118.624 118.606 118.595 118.621 118.618
100.004 100.7 100.44 100.589 100.765 100.911 101.506 101.271 101.46 101.618 101.754 101.889 101.968 102.376 102.156 103.856 104.802 104.628 104.364 104.875 104.53 107.399 106.162 107.991 112.026 111.29 110.855 108.634 108.728 113.397 111.303 111.069 110.946 112.181 110.864 111.219 111.331 114.641 115.476 115.764 115.469 114.236 114.855 118.234 119.716 118.671 116.818 116.485 116.99 118.089 118.547 118.573 118.577 118.59 118.623 118.568 118.566 118.566 118.587 118.591 118.605 118.66 118.647 118.65 118.616 118.582 118.582 118.579 118.587
99.871 100.075 100.236 100.448 100.617 100.843 101.044 101.26 101.431 101.597 101.671 101.783 101.854 101.936 102.018 102.751 103.856 104.133 103.807 105.427 108.967 109.633 109.072 106.895 111.491 111.927 108.964 108.892 108.382 107.764 107.787 108.093 108.532 109.542 113.99 116.165 115.009 115.433 115.342 115.496 114.822 114.801 114.789 116.045 118.905 117.911 116.879 116.441 116.896 118.036 118.461 118.575 118.618 118.646 118.675 118.613 118.609 118.591 118.572 118.605 118.606 118.647 118.615 118.617 118.628 118.623 118.583 118.6 118.575
99.895 100.081 100.252 100.489 100.672 100.832 101.009 101.21 101.323 101.517 101.608 101.685 101.792 102.221 101.93 102.356 103.033 103.237 106.609 109.955 110.649 110.73 109.491 103.703 105.392 105.245 106.012 105.803 106.076 106.518 107.604 108.849 110.394 113.352 116.152 118.24 118.048 112.91 112.479 113.604 113.771 114.49 114.637 115.19 115.867 116.679 116.769 116.346 116.795 117.99 118.497 118.575 118.602 118.615 118.64 118.686 118.635 118.636 118.572 118.597 118.621 118.593 118.655 118.649 118.664 118.668 118.651 118.608 118.637
100.006 100.112 100.267 100.484 100.628 100.801 100.983 101.109 101.296 101.407 101.523 101.623 101.758 102.324 102.404 101.994 102.325 103.158 103.3 109.384 110.968 111.187 110.136 104.668 103.855 105.283 105.283 105.574 105.932 106.396 108.346 109.381 110.565 111.246 113.074 116.156 114.635 111.008 111.373 112.742 113.281 113.922 115.849 115.735 115.441 116.297 116.445 116.342 116.751 117.519 118.438 118.502 118.602 118.628 118.573 118.654 118.639 118.632 118.598 118.596 118.656 118.65 118.711 118.699 118.722 118.665 118.666 118.664 118.639
100 100.123 100.318 100.497 100.696 100.865 101.031 101.2 101.371 101.481 101.531 101.535 101.733 101.732 102.131 102.856 103.063 102.897 103.142 108.394 110.643 111.363 110.019 107.523 104.166 105.891 106.899 107.613 106.95 107.365 107.201 107.055 107.515 107.79 109.346 110.817 109.861 110.349 113.733 115.967 112.534 119.989 114.736 116.581 115.496 116.258 116.452 116.432 116.707 117.751 118.372 118.505 118.537 118.547 118.582 118.579 118.581 118.605 118.624 118.66 118.672 118.699 118.726 118.71 118.702 118.698 118.664 118.681 118.658
100.134 100.348 100.715 100.913 100.523 100.956 100.742 100.992 101.531 101.539 101.559 101.601 101.564 101.67 102.652 102.225 103.008 102.831 102.96 107.793 110.324 111.526 111.249 108.354 103.761 104.863 105.209 105.686 105.826 106.119 106.595 106.868 107.208 107.619 108.139 108.993 109.847 115.026 113.747 119.98 120.808 121.137 118.595 119.486 115.689 116.116 116.453 116.354 116.689 117.647 118.335 118.48 118.517 118.577 118.6 118.571 118.613 118.698 118.68 118.638 118.675 118.665 118.693 118.707 118.701 118.673 118.716 118.697 118.69
100.085 100.17 100.064 100.105 100.338 100.372 100.465 100.597 101.209 101.335 101.466 101.573 101.496 101.621 101.674 101.758 102.002 103.24 102.862 106.942 109.878 111.272 110.778 109.417 103.535 104.311 104.988 105.448 105.723 105.954 106.367 106.784 108.712 108.01 109.203 109.532 109.921 115.446 120.909 121.134 122.596 120.202 121.975 119.845 114.466 115.865 116.201 116.259 116.852 117.438 118.346 118.474 118.495 118.519 118.554 119.254 119.124 119.523 119.167 118.683 118.693 118.68 118.69 118.692 118.734 118.736 118.722 118.745 118.738
99.746 99.908 100.622 100.5 100.989 100.534 100.397 103.208 100.735 100.948 101.25 101.521 101.45 101.513 101.634 101.684 101.831 102.4 102.622 102.859 109.415 110.246 109.685 109.289 103.506 104.068 104.606 106.631 106.658 107.026 107.226 107.741 110.073 111.115 110.492 110.614 109.822 110.937 113.594 120.965 119.603 116.445 116.045 113.509 114.219 117.209 117.624 116.617 116.523 117.259 118.238 118.432 118.412 118.534 118.979 119.512 119.336 119.269 118.961 118.681 118.691 118.706 118.705 118.736 118.709 118.738 118.73 118.722 118.737
99.285 99.792 100.214 100.308 104.065 105.178 105.991 106.622 102.114 100.851 101.204 101.619 101.588 101.472 101.502 101.567 101.758 102.111 102.515 102.714 107.779 106.114 104.938 103.931 103.57 104.383 105.424 106.49 105.486 106.729 106.654 107.208 108.428 109.912 109.172 108.743 108.899 109.58 111.204 112.388 114.925 113.159 116.894 116.654 119.418 119.477 118.275 117.179 116.356 117.11 118.017 118.351 118.381 118.497 118.622 118.703 118.649 118.628 118.608 118.641 118.672 118.687 118.659 118.64 118.681 118.665 118.702 118.701 118.726
99.066 99.122 99.209 100.434 104.231 106.408 107.441 107.099 105.099 100.731 101.202 101.717 101.913 101.668 101.44 101.523 101.623 102.251 103.286 102.837 103.185 104.119 104.446 104.388 103.337 104.449 106.066 105.523 105.04 105.349 105.69 106.389 110.379 109.433 108.073 108.243 109.04 110.498 110.618 112.312 117.033 117.104 118.043 118.579 118.725 118.823 118.601 117.612 116.256 116.933 118.046 118.209 118.391 118.424 118.358 118.395 118.405 118.373 118.478 118.287 118.152 118.505 118.329 118.282 118.064 118.328 118.032 118.261 118.193
99.173 98.907 99.097 99.929 101.361 105.904 107.537 107.385 104.574 101.564 101.002 101.845 101.375 101.712 101.405 101.465 101.473 101.814 102.4 102.39 102.83 106.969 108.195 107.778 105.609 102.95 103.339 104.431 105.163 105.147 105.359 109.004 110.49 110.194 108.807 109.194 110.602 110.272 110.565 111.827 114.101 118.205 118.613 119.142 119.564 118.534 119.395 118.834 116.343 116.616 117.367 117.787 117.836 117.684 117.761 117.898 117.651 117.691 117.497 117.584 117.311 117.049 117.332 117.159 117.263 117.516 117.236 117.075 117.148
99.32 99.002 99.621 99.336 102.603 106.183 107.519 107.664 106.605 101.718 101.874 101.668 101.317 101.603 101.323 101.4 101.578 101.876 102.216 102.773 102.875 108.288 109.55 109.834 108.549 104.621 103.565 104.315 105.405 106.104 106.397 106.244 107.169 107.122 107.598 108.752 109.164 110.251 109.505 110.266 112.698 117.539 115.373 118.44 119.117 119.991 119.864 119.06 116.556 116.315 116.654 116.848 116.822 116.735 116.715 116.605 116.708 116.742 116.708 116.633 117.245 117.149 117.302 118.348 118.085 117.524 117.557 117.134 118.306
98.48 98.606 98.781 99.06 101.891 105.405 107.111 107.887 106.563 100.995 101.044 101.158 101.398 101.253 101.274 101.349 102.43 101.862 102.2 102.363 102.5 106.955 109.672 110.221 108.857 105.23 105.389 105.435 107.471 108.286 105.583 110.194 106.599 115.842 112.83 112.099 108.945 111.633 110.683 111.231 112.747 114.617 115.533 117.643 118.485 118.724 120.563 121.133 120.231 116.22 116.435 116.451 116.714 117.325 117.551 117.969 117.826 118.338 118.026 118.554 118.136 118.187 117.779 117.696 118.26 117.528 117.337 117.222 117.658
98.377 98.47 98.666 99.115 100.63 101.786 106.73 107.913 107.091 104.926 101.292 101.089 102.079 101.28 101.228 101.262 101.297 101.43 102.658 102.631 102.662 105.632 109.446 110.5 109.008 104.643 104.852 105.041 105.276 105.016 105.208 113.193 116.227 118.174 113.229 114.619 115.729 111.105 110.908 112.227 111.483 113.911 114.946 112.699 115.119 118.173 121.249 122.865 117.668 116.709 117.957 118.526 118.558 118.525 118.574 118.551 118.523 118.575 118.568 118.553 117.628 116.899 116.776 116.829 116.853 116.891 116.873 117.003 116.927
98.869 98.475 99.027 99.695 100.132 100.49 106.63 107.858 107.401 103.273 101.379 105.462 105.703 101.731 101.158 101.24 101.236 101.406 102.184 102.333 102.499 103.733 109.096 110.237 109.455 105.251 104.603 105.088 105.678 108.752 109.693 113.791 116.708 116.844 117.895 117.302 116.454 112.302 113.287 116.546 113.664 112.97 112.006 111.873 114.035 115.719 119.687 120.796 120.689 116.06 118.11 118.553 118.596 118.541 118.608 118.55 118.543 118.516 118.478 117.085 118.089 116.68 116.725 116.656 116.677 116.734 116.809 116.821 116.825
98.276 98.501 98.64 99.597 100.061 100.618 105.949 108.133 107.564 106.169 100.654 103.751 105.845 101.996 101.108 101.125 101.222 101.289 101.462 102.165 103.219 103.749 108.956 110.261 109.292 104.757 103.419 103.911 104.914 107.617 108.276 112.786 116.234 116.935 115.197 115.99 114.599 114.242 116.347 118.752 118.859 116.571 113.169 113.022 113.38 113.852 114.59 118.37 119.179 117.638 116.803 117.377 118.771 117.494 116.921 116.599 116.764 116.369 116.388 116.438 116.423 116.628 116.714 116.704 116.624 116.666 116.763 116.814 116.768
98.344 98.462 98.588 99.574 100.252 100.555 105.587 107.208 107.865 106.565 100.645 100.817 100.847 101.436 101.094 101.129 101.157 101.212 101.384 102.27 102.732 102.442 108.988 110.123 109.783 107.696 102.969 103.083 105.977 108.737 109.903 106.719 112.347 115.989 111.792 115.506 116.517 116.912 116.377 113.366 112.084 117.926 116.647 112.982 119.304 119.68 121.988 120.54 123.174 124.183 116.436 120.69 118.944 117.582 116.368 116.337 116.339 116.336 116.337 116.431 116.421 116.435 116.826 116.711 116.607 116.582 116.736 116.774 116.758
