dsm/se2639_DSM_2M.asc
ncols 500
nrows 500
xllcorner    426000
yllcorner    439000
cellsize     2
NODATA_value -9999
[rows 429 to 461 of 500, columns 75 to 149 of 500]
-9999 -9999 -9999 -9999 -9999 -9999 -9999 -9999 -9999 -9999 -9999 -9999 -9999 -9999 -9999 -9999 -9999 -9999 -9999 -9999 -9999 -9999 -9999 -9999 -9999 -9999 -9999 -9999 -9999 -9999 -9999 -9999 -9999 -9999 -9999 -9999 -9999 -9999 -9999 -9999 -9999 -9999 -9999 -9999 -9999 -9999 -9999 -9999 -9999 -9999 -9999 -9999 -9999 -9999 -9999 -9999 -9999 -9999 -9999 -9999 -9999 -9999 -9999 -9999 -9999 -9999 -9999 -9999 -9999 -9999 -9999 -9999 -9999 -9999 -9999
-9999 -9999 -9999 -9999 -9999 -9999 -9999 -9999 -9999 -9999 -9999 -9999 -9999 -9999 -9999 -9999 -9999 -9999 -9999 -9999 -9999 -9999 -9999 -9999 -9999 -9999 -9999 -9999 -9999 -9999 -9999 -9999 -9999 -9999 -9999 -9999 -9999 -9999 -9999 -9999 -9999 -9999 -9999 -9999 -9999 -9999 -9999 -9999 -9999 -9999 -9999 -9999 -9999 -9999 -9999 -9999 -9999 -9999 -9999 -9999 -9999 -9999 -9999 -9999 -9999 -9999 -9999 -9999 -9999 -9999 -9999 -9999 -9999 -9999 -9999
-9999 -9999 -9999 -9999 -9999 -9999 -9999 -9999 -9999 -9999 -9999 -9999 -9999 -9999 -9999 -9999 -9999 -9999 -9999 -9999 -9999 -9999 -9999 -9999 -9999 -9999 -9999 -9999 -9999 -9999 -9999 -9999 -9999 -9999 -9999 -9999 -9999 -9999 -9999 -9999 -9999 -9999 -9999 -9999 -9999 -9999 -9999 -9999 -9999 -9999 -9999 -9999 -9999 -9999 -9999 -9999 -9999 -9999 -9999 -9999 -9999 -9999 -9999 -9999 -9999 -9999 -9999 -9999 -9999 -9999 -9999 -9999 -9999 -9999 -9999
-9999 -9999 -9999 -9999 -9999 -9999 -9999 -9999 -9999 -9999 -9999 -9999 -9999 -9999 -9999 -9999 -9999 -9999 -9999 -9999 -9999 -9999 -9999 -9999 -9999 -9999 -9999 -9999 -9999 -9999 -9999 -9999 -9999 -9999 -9999 -9999 -9999 -9999 -9999 -9999 -9999 -9999 -9999 -9999 -9999 -9999 -9999 -9999 -9999 -9999 -9999 -9999 -9999 -9999 -9999 -9999 -9999 -9999 -9999 -9999 -9999 -9999 -9999 -9999 -9999 -9999 -9999 -9999 -9999 -9999 -9999 -9999 -9999 -9999 -9999
-9999 -9999 -9999 -9999 -9999 -9999 -9999 -9999 -9999 -9999 -9999 -9999 -9999 -9999 -9999 -9999 -9999 -9999 -9999 -9999 -9999 -9999 -9999 -9999 -9999 -9999 -9999 -9999 -9999 -9999 -9999 -9999 -9999 -9999 -9999 -9999 -9999 -9999 -9999 -9999 -9999 -9999 -9999 -9999 -9999 -9999 -9999 -9999 -9999 -9999 -9999 -9999 -9999 -9999 -9999 -9999 -9999 -9999 -9999 -9999 -9999 -9999 -9999 -9999 -9999 -9999 -9999 -9999 -9999 -9999 -9999 -9999 -9999 -9999 -9999
-9999 -9999 -9999 -9999 -9999 -9999 -9999 -9999 -9999 -9999 -9999 -9999 -9999 -9999 -9999 -9999 -9999 -9999 -9999 -9999 -9999 -9999 -9999 -9999 -9999 -9999 -9999 -9999 -9999 -9999 -9999 -9999 -9999 -9999 -9999 -9999 -9999 -9999 -9999 -9999 -9999 -9999 -9999 -9999 -9999 -9999 -9999 -9999 -9999 -9999 -9999 -9999 -9999 -9999 -9999 -9999 -9999 -9999 -9999 -9999 -9999 -9999 -9999 -9999 -9999 -9999 -9999 -9999 -9999 -9999 -9999 -9999 -9999 -9999 -9999
-9999 -9999 -9999 -9999 -9999 -9999 -9999 -9999 -9999 -9999 -9999 -9999 -9999 -9999 -9999 -9999 -9999 -9999 -9999 -9999 -9999 -9999 -9999 -9999 -9999 -9999 -9999 -9999 -9999 -9999 -9999 -9999 -9999 -9999 -9999 -9999 -9999 -9999 -9999 -9999 -9999 -9999 -9999 -9999 -9999 -9999 -9999 -9999 -9999 -9999 -9999 -9999 -9999 -9999 -9999 -9999 -9999 -9999 -9999 -9999 -9999 -9999 -9999 -9999 -9999 -9999 -9999 -9999 -9999 -9999 -9999 -9999 -9999 -9999 -9999
-9999 -9999 -9999 -9999 -9999 -9999 -9999 -9999 -9999 -9999 -9999 -9999 -9999 -9999 -9999 -9999 -9999 -9999 -9999 -9999 -9999 -9999 -9999 -9999 -9999 -9999 -9999 -9999 -9999 -9999 -9999 -9999 -9999 -9999 -9999 -9999 -9999 -9999 -9999 -9999 -9999 -9999 -9999 -9999 -9999 -9999 -9999 -9999 -9999 -9999 -9999 -9999 -9999 -9999 -9999 -9999 -9999 -9999 -9999 -9999 -9999 -9999 -9999 -9999 -9999 -9999 -9999 -9999 -9999 -9999 -9999 -9999 -9999 -9999 -9999
-9999 -9999 -9999 -9999 -9999 -9999 -9999 -9999 -9999 -9999 -9999 -9999 -9999 -9999 -9999 -9999 -9999 -9999 -9999 -9999 -9999 -9999 -9999 -9999 -9999 -9999 -9999 -9999 -9999 -9999 -9999 -9999 -9999 -9999 -9999 -9999 -9999 -9999 -9999 -9999 -9999 -9999 -9999 -9999 -9999 -9999 -9999 -9999 -9999 -9999 -9999 -9999 -9999 -9999 -9999 -9999 -9999 -9999 -9999 -9999 -9999 -9999 -9999 -9999 -9999 -9999 -9999 -9999 -9999 -9999 -9999 -9999 -9999 -9999 -9999
-9999 -9999 -9999 -9999 -9999 -9999 -9999 -9999 -9999 -9999 -9999 -9999 -9999 -9999 -9999 -9999 -9999 -9999 -9999 -9999 -9999 -9999 -9999 -9999 -9999 -9999 -9999 -9999 -9999 -9999 -9999 -9999 -9999 -9999 -9999 -9999 -9999 -9999 -9999 -9999 -9999 -9999 -9999 -9999 -9999 -9999 -9999 -9999 -9999 -9999 -9999 -9999 -9999 -9999 -9999 -9999 -9999 -9999 -9999 -9999 -9999 -9999 -9999 -9999 -9999 -9999 -9999 -9999 -9999 -9999 -9999 -9999 -9999 -9999 -9999
-9999 167.391 -9999 -9999 -9999 -9999 -9999 -9999 -9999 -9999 -9999 166.534 -9999 -9999 166.58 -9999 -9999 166.625 166.091 -9999 164.897 164.87 164.89 164.936 164.925 164.942 -9999 -9999 -9999 -9999 -9999 -9999 -9999 -9999 -9999 -9999 -9999 -9999 -9999 -9999 -9999 -9999 -9999 -9999 -9999 -9999 -9999 -9999 -9999 -9999 -9999 -9999 -9999 -9999 -9999 -9999 -9999 -9999 -9999 -9999 -9999 -9999 -9999 -9999 -9999 -9999 -9999 -9999 -9999 -9999 -9999 -9999 -9999 -9999 -9999
167.466 167.374 167.324 167.324 -9999 -9999 166.783 166.755 166.731 166.651 166.579 166.521 166.495 166.441 166.538 166.847 167.109 166.36 165.586 165.28 165.022 164.817 164.859 164.934 164.919 164.936 -9999 -9999 -9999 164.874 164.88 164.885 -9999 -9999 -9999 -9999 -9999 -9999 -9999 -9999 -9999 -9999 -9999 -9999 -9999 -9999 -9999 -9999 -9999 -9999 -9999 -9999 -9999 -9999 -9999 -9999 -9999 -9999 -9999 -9999 -9999 -9999 -9999 -9999 -9999 -9999 -9999 -9999 -9999 -9999 -9999 -9999 -9999 -9999 -9999
167.469 167.365 167.225 167.295 -9999 -9999 166.814 166.804 166.82 166.658 166.559 166.505 166.481 166.434 166.498 166.991 167.793 166.743 165.476 165.293 164.947 164.872 164.884 164.962 165.003 164.972 164.94 164.901 164.879 164.868 164.869 164.885 -9999 -9999 -9999 -9999 -9999 -9999 -9999 -9999 -9999 -9999 -9999 -9999 -9999 -9999 -9999 -9999 -9999 -9999 -9999 -9999 -9999 -9999 -9999 -9999 -9999 -9999 -9999 -9999 -9999 -9999 -9999 -9999 -9999 -9999 -9999 -9999 -9999 -9999 -9999 -9999 -9999 -9999 -9999
167.554 167.381 167.301 167.306 -9999 -9999 166.785 166.77 166.761 166.661 166.561 166.601 166.439 166.369 166.427 167.266 168.874 168.375 166.727 165.468 165.037 164.982 164.936 164.897 164.923 164.971 164.915 164.882 164.88 164.84 164.861 164.911 164.912 -9999 -9999 -9999 -9999 -9999 -9999 -9999 -9999 -9999 164.684 -9999 -9999 -9999 -9999 -9999 -9999 -9999 -9999 -9999 -9999 -9999 -9999 -9999 -9999 -9999 -9999 -9999 -9999 -9999 -9999 -9999 -9999 -9999 -9999 -9999 -9999 -9999 -9999 -9999 -9999 -9999 -9999
167.565 167.487 167.348 167.318 -9999 -9999 -9999 166.696 166.668 166.648 166.664 166.548 166.387 166.355 166.319 166.889 167.103 168.131 166.57 165.152 165.023 164.998 164.996 164.931 164.948 164.958 164.935 164.891 164.897 164.87 164.896 164.942 -9999 -9999 -9999 -9999 -9999 164.826 -9999 -9999 164.719 164.696 164.668 164.636 164.65 164.604 164.317 -9999 163.631 -9999 -9999 -9999 -9999 -9999 -9999 -9999 -9999 -9999 -9999 -9999 -9999 -9999 -9999 -9999 -9999 -9999 -9999 -9999 -9999 -9999 -9999 -9999 -9999 -9999 -9999
167.521 167.392 167.335 167.306 -9999 -9999 -9999 -9999 166.619 166.592 166.567 166.508 166.415 166.348 166.292 166.498 167.056 168.262 167.283 165.571 165.123 164.973 165.011 165.026 165.032 165.013 -9999 -9999 -9999 164.941 165.015 165.068 164.987 -9999 -9999 -9999 164.811 164.804 164.814 164.822 164.757 164.706 164.63 164.611 164.645 164.722 164.495 163.926 163.606 163.429 163.437 163.489 163.546 -9999 -9999 163.827 -9999 -9999 -9999 -9999 -9999 -9999 -9999 -9999 -9999 -9999 -9999 -9999 -9999 -9999 -9999 -9999 -9999 -9999 -9999
167.515 167.408 167.326 167.285 167.263 -9999 -9999 -9999 166.548 166.527 166.505 166.485 166.426 166.326 166.288 166.381 166.728 168.161 168.224 166.293 165.179 164.967 165.043 165.085 165.067 165.044 -9999 -9999 -9999 164.991 165.096 165.142 164.962 164.856 164.85 164.844 164.829 164.773 164.793 164.832 164.836 164.775 164.684 164.583 164.557 164.7 164.529 163.85 163.501 163.303 163.431 163.539 163.583 163.636 163.796 163.837 163.868 164.099 164.319 164.191 -9999 164.085 -9999 -9999 -9999 -9999 -9999 -9999 -9999 -9999 -9999 -9999 -9999 -9999 -9999
167.377 167.378 167.284 167.182 167.2 -9999 -9999 -9999 166.493 166.489 166.481 166.46 166.454 166.358 166.253 166.2 166.535 167.229 167.828 166.543 165.125 165.099 165.08 165.096 165.085 165.06 -9999 -9999 -9999 -9999 165.024 164.998 164.823 164.748 164.832 164.874 164.899 164.86 164.82 164.82 164.923 164.858 164.725 164.517 164.502 164.568 164.427 163.91 163.787 163.829 163.891 163.566 163.602 163.663 163.854 163.84 163.917 164.311 164.177 164.059 164.002 164.063 164.718 -9999 -9999 -9999 -9999 -9999 -9999 -9999 -9999 -9999 164.383 -9999 -9999
167.286 167.299 167.245 167.175 167.152 -9999 -9999 -9999 -9999 166.443 166.437 166.443 166.35 166.316 166.232 166.162 166.227 166.667 167.734 167.284 166.206 165.47 165.058 165.142 -9999 -9999 -9999 -9999 -9999 -9999 -9999 164.902 164.811 164.786 164.867 164.906 164.991 165.207 165.176 164.859 164.839 164.832 164.668 164.533 164.527 164.572 164.696 164.145 164.39 165.854 166.418 164.477 164.427 165.386 164.466 164.099 164.883 165.447 164.253 164.007 163.966 163.871 164.72 166.594 168.461 168.055 167.286 -9999 -9999 -9999 164.143 164.403 164.62 164.406 163.635
167.227 167.257 167.203 167.074 167.061 -9999 -9999 -9999 -9999 166.425 166.39 166.357 166.342 166.256 166.204 166.191 166.191 166.184 166.78 166.927 166.819 165.704 165.418 165.366 -9999 -9999 -9999 -9999 -9999 -9999 -9999 -9999 -9999 164.871 164.926 165.012 165.498 166.361 166.323 165.132 164.799 164.749 164.708 164.629 164.547 164.545 164.547 164.792 166.208 167.93 169.045 168.06 168.077 168.676 167.132 166.26 168.308 168.742 167.296 164.891 163.625 164.729 165.566 167.915 169.064 168.612 166.653 164.748 164.085 -9999 163.902 164.272 165.221 164.582 163.487
167.178 167.182 167.168 167.01 166.986 -9999 -9999 -9999 -9999 -9999 166.379 166.392 166.362 166.233 166.126 166.099 166.202 166.133 166.09 166.016 167.738 166.313 165.787 -9999 -9999 -9999 -9999 -9999 -9999 -9999 -9999 165.043 164.909 164.908 165.021 165.295 165.8 166.19 167.71 166.054 164.943 164.747 164.722 164.67 164.564 164.52 164.47 165.207 167.42 168.434 169.768 170.655 170.532 169.947 169.703 170.082 170.426 169.968 169.655 167.983 165.126 165.14 167.934 169.735 169.558 168.317 165.021 163.333 163.646 163.59 163.666 163.242 164.176 164.233 163.184
167.137 167.152 167.176 167.067 166.961 166.947 -9999 -9999 -9999 -9999 166.391 166.398 166.398 166.246 166.049 165.989 166.058 165.948 165.793 165.819 166.074 165.691 165.588 -9999 -9999 -9999 -9999 -9999 -9999 -9999 -9999 165.234 164.928 165.138 165.374 165.373 165.599 167.203 167.087 166.584 165.066 165.106 164.991 164.762 164.638 164.532 164.38 164.639 165.264 168.034 169.948 170.848 170.884 169.838 170.271 170.949 170.569 170.236 170.74 170.723 168.549 168.1 169.574 170.057 169.847 167.536 164.549 163.439 163.461 -9999 163.612 163.74 164.179 164.31 163.352
167.047 167.039 167.062 166.96 166.882 166.905 166.91 -9999 -9999 -9999 166.354 166.354 166.329 166.225 166.144 166.009 165.958 165.89 165.805 165.982 165.822 165.22 165.48 -9999 -9999 -9999 -9999 -9999 -9999 -9999 -9999 165.683 164.989 165.253 165.696 165.626 165.832 166.699 167.527 167.639 166.528 166.51 165.752 165.067 164.708 164.606 164.41 164.433 165.696 167.767 169.533 169.773 168.615 167.95 169.757 169.859 168.864 168.968 170.329 170.461 167.428 166.947 168.743 169.362 169.741 -9999 165.008 163.951 -9999 -9999 163.456 163.883 163.867 165.725 164.716
167.015 167.02 167 166.962 166.907 166.926 166.923 -9999 -9999 -9999 166.311 166.315 166.361 166.232 166.077 166.021 165.973 165.938 165.967 166.174 166.234 165.82 166.009 -9999 -9999 -9999 -9999 -9999 165.95 165.9 165.878 166.276 166.409 166.666 166.669 -9999 166.933 167.597 167.812 167.65 167.237 167.327 165.987 165.398 164.902 164.677 165.051 165.809 166.964 166.984 166.102 166.662 165.212 166.547 167.636 166.861 165.489 167.717 168.353 166.747 164.153 164.292 166.816 168.593 169.284 166.797 164.535 163.865 -9999 163.304 163.484 163.54 163.745 165.552 164.979
-9999 166.952 166.943 166.946 166.95 167.018 166.905 -9999 -9999 166.271 166.276 166.262 166.267 166.235 166.1 165.961 165.99 165.908 165.857 166.048 166.391 167.011 167.101 166.498 165.789 165.478 -9999 165.831 165.85 165.576 165.323 167.141 167.836 167.666 167.549 167.239 167.483 167.926 167.986 167.647 167.24 166.909 166.051 165.475 165.08 165.404 166.677 169.036 169.359 167.93 166.028 164.747 164.085 164.974 165.007 164.171 164.609 165.723 164.978 163.903 163.473 164.436 166.954 169.061 168.966 166.167 163.883 163.473 -9999 163.096 163.2 163.021 163.41 164.385 164.495
-9999 166.799 166.838 166.905 166.859 166.786 166.839 -9999 -9999 -9999 166.251 166.235 166.215 166.13 166.138 166.035 165.922 165.891 165.786 165.976 166.686 168.802 168.343 166.502 165.329 165.343 165.648 165.636 165.301 165.822 166.644 168.409 168.796 168.293 168.351 -9999 167.722 167.737 167.85 -9999 -9999 -9999 -9999 -9999 165.64 165.916 166.984 170.824 169.893 167.217 165.495 164.629 163.968 163.965 164.011 163.955 163.978 163.778 163.771 163.608 164.028 166.363 168.596 169.568 167.835 164.662 163.183 163.418 -9999 163.268 163.282 163.303 163.736 164.235 163.891
-9999 166.695 166.678 166.728 166.814 166.796 166.775 166.774 -9999 -9999 166.216 166.206 166.175 166.08 166.086 165.983 165.863 165.81 165.777 165.796 166.146 167.5 167.698 166.238 165.064 165.34 -9999 166.292 166.176 167.169 168.719 169.169 169.131 169.245 169.421 -9999 -9999 -9999 -9999 -9999 -9999 -9999 -9999 -9999 165.649 165.409 165.295 168.68 168.064 165.351 167.105 165.271 163.863 163.769 163.838 164.02 163.848 163.794 163.733 163.616 164.248 165.722 168.664 168.206 167.095 164.762 163.48 163.426 -9999 -9999 163.837 164.168 163.777 165.098 164.592
-9999 166.619 166.557 166.528 166.778 166.762 166.703 166.869 -9999 -9999 166.198 166.206 166.202 166.148 166.07 165.965 165.827 165.816 165.753 165.628 165.883 166.345 166.51 166.108 165.57 165.869 -9999 167.341 167.728 168.493 169.51 169.689 170.041 170.823 170.721 -9999 -9999 -9999 -9999 -9999 -9999 -9999 165.829 165.684 166.133 165.99 166.317 167.298 166.659 164.811 165.53 164.769 163.871 163.677 164.64 165.746 165.352 164.143 163.595 163.465 163.738 165.088 166.252 165.654 167.203 165.049 163.683 163.381 -9999 163.934 164.35 164.02 164.913 166.552 164.974
-9999 -9999 166.638 166.701 166.921 166.987 167.034 167.244 -9999 166.45 166.209 166.188 166.177 166.108 166.058 166.032 165.923 165.821 165.776 165.726 165.615 165.568 165.905 -9999 -9999 -9999 -9999 167.529 167.617 168.361 169.325 169.706 170.553 171.446 171.105 -9999 -9999 -9999 167.809 168.075 -9999 -9999 166.325 165.626 165.946 166.809 168.165 168.91 167.586 165.447 164.543 163.962 164.009 164.973 167.328 169.155 168.207 165.01 163.442 163.365 163.398 163.622 163.58 163.615 165.056 164.199 163.031 163.075 163.322 163.968 164.043 164.867 165.176 164.85 164.355
-9999 -9999 -9999 167.504 167.905 168.429 168.576 168.101 167.331 166.859 166.239 166.189 166.139 166.086 166.063 165.989 165.925 165.87 165.775 165.723 165.64 165.616 165.628 -9999 -9999 -9999 -9999 167.666 167.47 168.147 169.283 169.868 170.032 170.172 170.043 -9999 167.906 167.649 167.888 168.23 167.966 167.403 166.776 165.65 166.09 167.234 169.936 171.779 168.988 165.845 164.027 163.726 164.371 166.866 169.129 170.209 169.478 165.999 163.668 163.39 163.376 163.31 163.213 163.492 163.721 163.302 163.052 163.171 -9999 163.934 164.167 164.34 165.036 164.525 163.809
-9999 -9999 -9999 169.968 169.974 170.084 170.177 168.464 167.3 166.948 166.376 166.21 166.111 166.062 166.037 165.944 165.887 165.874 165.821 165.758 165.675 165.658 165.654 -9999 -9999 -9999 -9999 -9999 167.544 167.959 169.064 169.778 169.44 168.94 168.477 -9999 167.171 167.551 167.85 168.164 167.737 167.624 167.637 166.678 166.519 165.759 168.837 170.157 168.767 166.386 163.819 163.638 164.111 166.207 169.26 169.917 169.436 167.005 164.321 163.39 163.372 163.348 163.253 163.355 163.496 163.106 163.121 163.117 -9999 163.666 164.015 164.52 165.685 165.269 164.547
-9999 -9999 -9999 170.612 171.572 170.383 169.134 167.674 166.821 166.75 166.563 -9999 166.028 166.009 166.023 165.95 165.885 165.787 165.772 165.795 165.725 -9999 -9999 -9999 -9999 -9999 -9999 166.738 166.926 166.334 168.427 169.013 168.669 168.051 167.758 166.974 166.696 167.254 167.399 167.088 167.545 167.602 167.548 167.043 166.474 166.088 167.637 168.24 168.125 166.793 164.395 163.766 163.621 165.001 168.54 170.087 169.532 167.479 164.399 163.48 163.383 163.352 163.289 163.295 163.961 163.671 -9999 -9999 -9999 163.384 163.376 163.453 164.134 164.847 164.662
-9999 -9999 -9999 170.801 172.372 169.748 167.473 167.053 166.695 166.592 166.556 -9999 166.033 165.961 165.934 165.914 165.827 165.735 165.7 165.727 165.729 -9999 165.569 -9999 -9999 -9999 165.227 165.771 166.244 166.197 167.108 167.855 168.28 168.049 167.67 166.471 166.085 165.909 166.507 165.784 166.036 167.452 167.427 167.164 165.674 165.289 165.56 166.593 166.969 165.933 164.379 163.848 164.059 166.52 169.693 170.606 169.365 166.676 163.836 163.445 163.364 163.324 163.297 163.074 163.251 163.309 163.101 163.057 163.098 163.532 163.194 163.537 164.259 164.389 164.273
