dsm/se2638_DSM_2M.asc
ncols 500
nrows 500
xllcorner    426000
yllcorner    438000
cellsize     2
NODATA_value -9999
[rows 64 to 95 of 500, columns 72 to 143 of 500]
158.226 157.529 156.664 156.993 157.303 156.98 156.092 155.504 155.329 155.29 156.147 156.835 157.393 162.51 164.5 165.208 165.092 165.144 164.604 163.01 157.166 155.149 154.251 153.999 154.023 154.111 153.81 154.516 155.668 155.521 155.072 154.224 153.912 153.837 154.307 156.295 160.998 164.298 164.182 155.297 154.389 154.18 154.21 154.436 154.583 154.372 155.412 155.89 154.038 154.802 155.176 154.864 156.143 156.906 159.632 160.408 160.418 157.638 154.8 154.826 154.56 154.295 154.675 154.969 155.799 156.462 157.409 158.43 161.469 161.374 160.276 157.253
157.424 156.558 156.293 156.29 156.283 156.292 155.811 155.38 155.334 155.267 155.301 155.392 155.509 158.424 162.113 163.907 164.218 164.832 165.414 162.352 156.927 154.538 154.075 154.373 156.771 156.499 154.648 154.064 154.514 156.634 156.087 154.722 153.767 153.692 153.891 154.962 155.363 159.792 158.894 154.774 154.389 155.013 155.431 156.442 156.447 156.017 155.221 153.813 153.77 154.88 156.455 157.047 158.128 159.112 159.656 160.517 158.435 155.148 154.619 155.476 155.261 154.226 154.315 154.573 154.958 155.18 155.689 157.552 160.105 161.085 159.446 157.185
156.513 156.256 156.145 156.263 156.971 156.694 155.778 155.488 155.314 155.25 155.459 155.277 155.189 155.416 157.699 161.3 158.826 163.219 163.479 161.965 155.558 154.387 154.152 157.642 160.879 161.013 159.08 157.85 157.107 158.212 157.847 156.466 154.34 153.654 153.74 154.503 154.38 155.385 155.384 153.668 153.543 155.093 156.75 157.075 156.944 156.422 153.829 153.502 153.616 154.251 155.601 156.42 158.305 158.863 158.862 157.477 155.458 154.201 154.711 155.383 155.349 154.349 154.217 154.254 154.593 154.845 155.192 156.133 157.531 158.076 157.521 155.2
156.313 156.393 157.102 157.182 160.333 158.029 155.882 155.416 155.217 155.279 155.76 155.626 155.325 155.303 155.639 155.772 156.474 157.5 160.471 156.561 155.171 154.169 154.306 160.242 162.675 162.503 162.465 162.095 161.585 161.39 161.524 160.734 158.41 155.697 153.917 153.752 154.042 155.06 155.635 153.587 153.315 153.411 155.039 156.135 155.122 153.687 153.561 153.398 154.646 154.591 154.612 154.229 156.15 158.034 156.958 155.719 154.24 154.033 154.452 154.967 154.149 154.186 154.085 154.117 154.265 154.567 154.796 154.999 155.629 155.947 155.315 154.886
-9999 156.146 156.258 156.454 157.398 156.226 155.937 155.323 155.204 155.108 155.169 155.464 155.121 155.459 154.881 154.847 154.867 155.561 155.474 155.144 154.433 153.885 155.669 160.758 163.633 163.458 163.719 163.259 163.06 163.047 162.979 162.616 161.887 160.379 154.446 153.827 154.004 154.749 154.67 153.644 153.283 153.264 153.479 153.148 153.177 153.341 153.641 153.323 154.057 154.276 154.098 153.625 154.558 155.244 155.949 155.152 154.115 153.853 153.77 154.07 153.818 153.837 153.94 153.973 154.004 154.15 154.432 154.518 154.797 155.065 154.737 154.958
-9999 155.689 155.306 155.452 155.537 155.825 155.446 155.295 155.158 154.911 154.756 154.668 154.867 154.9 154.675 154.613 154.619 154.854 155.295 154.865 154.21 154.163 155.406 160.865 161.897 161.894 162.883 163.199 163.512 163.356 163.997 164.044 163.114 159.8 154.983 153.998 155.182 155.49 154.89 153.455 153.759 153.503 152.84 152.638 152.819 153.344 154.038 153.363 153.461 153.664 153.218 153.247 153.395 153.936 155.197 154.894 153.858 153.743 153.616 153.539 153.597 153.586 153.718 153.795 153.828 153.792 153.994 153.971 154.304 154.462 154.52 154.854
-9999 155.43 155.252 155.152 155.248 155.412 155.338 155.167 154.964 154.81 154.606 154.524 154.622 155.097 154.89 154.473 154.541 155.155 155.069 154.398 153.96 153.677 154.832 157.263 157.93 157.679 159.072 161.508 162.097 162.734 162.7 162.237 161.801 160.233 154.256 153.595 156.054 155.8 154.583 153.043 153.888 153.602 152.767 152.524 152.502 152.742 153.351 153.113 153.218 153.771 153.176 153.131 153.129 153.527 153.53 154.248 154.465 153.937 153.269 153.336 153.385 153.451 153.498 153.636 153.729 153.77 153.879 153.968 154.15 154.319 154.429 154.588
157.439 -9999 155.131 155.139 155.109 155.183 155.195 154.925 154.811 154.607 154.386 154.346 154.393 154.742 155.094 154.654 154.229 154.717 154.971 154.168 153.69 153.543 153.784 153.962 154.259 154.418 154.183 156.269 159.059 159.985 158.907 157.773 157.815 155.362 153.761 153.709 155.098 155.523 155.131 153.766 153.49 152.977 152.448 152.476 152.37 152.469 152.677 152.927 153.281 153.371 153.144 152.964 153.025 153.223 153.156 154.945 154.604 153.635 153.007 153.013 153.232 153.288 153.443 153.538 -9999 153.745 -9999 154.077 -9999 154.278 154.329 154.385
160.059 -9999 -9999 155.041 154.962 154.888 154.776 154.689 154.596 154.293 154.242 154.146 154.197 154.072 154.547 154.533 154.025 153.99 154.259 153.913 153.602 153.468 153.366 153.375 153.203 153.237 153.46 153.877 154.05 154.83 154.825 154.044 153.688 153.583 153.226 154.094 155.096 155.918 155.772 154.825 154.432 153.57 152.411 152.292 152.361 152.396 152.411 152.902 153.421 153.126 153.709 153.033 153.541 154.141 156 157.563 155.186 153.501 152.686 152.901 153.105 153.247 153.41 153.501 153.55 -9999 -9999 -9999 -9999 153.913 154.015 154.156
164.544 -9999 -9999 155.426 154.875 154.691 154.563 154.587 154.522 154.285 154.213 154.112 154.077 154.051 154.157 154.062 153.669 153.574 153.396 153.565 153.423 153.217 153.205 153.132 153.102 153.179 153.061 153.153 153.2 153.314 153.168 152.989 152.903 152.826 152.726 153.637 155.041 156.174 155.748 155.68 155.158 156.131 155.159 154.105 152.976 152.559 152.52 152.987 153.611 152.964 153.221 153.381 154.316 157.697 158.286 158.575 155.703 153.815 152.829 152.82 153.226 153.318 153.444 153.624 153.465 153.37 153.497 153.502 -9999 153.755 153.817 153.806
163.967 161.478 -9999 -9999 -9999 154.703 154.579 154.432 -9999 154.177 154.105 154.054 153.955 153.879 153.88 153.761 153.556 153.361 153.26 153.262 153.113 153.101 153.083 153.046 153.146 153.346 152.86 152.895 152.884 152.852 153.117 153.684 153.162 152.778 152.661 153.359 154.419 155.444 154.745 154.991 156.804 158.238 158.226 157.893 156.614 155.108 153.943 152.896 153.22 152.935 153.258 154.283 157.625 158.404 159.19 158.091 155.73 153.19 153.135 153.813 153.643 153.137 153.103 153.336 153.296 153.349 153.494 153.486 -9999 153.647 153.732 153.744
157.383 157.791 -9999 -9999 -9999 -9999 -9999 153.977 153.976 153.943 153.976 153.928 153.838 153.745 153.745 153.575 153.547 153.395 153.281 153.222 153.077 153.045 153.013 152.989 153.055 153.578 153.311 152.915 152.671 152.616 153.245 153.635 153.654 152.904 152.784 153.494 154.059 153.825 153.132 152.78 156.37 157.731 158.511 158.537 158.701 157.932 156.887 154.77 153.451 153.41 154.137 157.417 158.671 159.416 158.431 157.148 153.965 153.195 153.717 153.704 153.151 152.966 152.921 152.969 153.121 153.258 153.497 153.408 153.393 153.47 153.585 153.681
155.023 154.992 -9999 -9999 -9999 -9999 153.846 153.842 153.841 153.867 154.041 153.948 153.787 153.738 153.751 153.719 153.743 153.563 153.433 153.348 153.078 153.044 153.044 153.033 152.914 153.107 153.011 152.741 152.615 152.694 -9999 153.341 153.481 153.069 153.014 153.466 153.494 152.513 152.089 152.295 153.36 154.452 155.141 158.065 158.989 158.871 158.009 154.902 153.488 153.059 155.961 158.146 159.436 158.536 157.232 153.634 153.198 153.458 153.288 152.764 152.75 152.725 152.78 152.838 152.88 152.988 153.112 153.101 153.209 153.334 153.412 153.497
154.521 154.455 154.407 -9999 -9999 153.727 153.741 153.71 153.787 153.868 153.959 153.92 153.79 153.676 153.83 154.009 153.979 153.829 153.986 153.602 153.246 153.069 153.211 153.252 153.15 152.923 152.794 152.592 152.552 152.571 152.658 152.869 153.056 152.96 -9999 -9999 152.938 152.315 151.865 151.887 152.049 152.495 153.377 156.146 157.536 158.483 156.976 153.058 152.325 152.692 153.975 157.325 157.691 157.233 153.588 152.727 152.642 152.972 152.502 152.417 152.444 152.615 152.667 152.689 152.839 152.893 152.945 153.019 153.175 153.233 153.262 153.416
154.426 154.287 154.294 -9999 -9999 -9999 153.692 153.715 153.76 153.859 153.937 153.885 153.822 153.711 153.842 154.721 154.29 153.667 154.423 153.649 153.195 153.012 153.374 154.055 153.452 153.368 153.388 152.84 152.54 152.514 152.43 152.486 152.52 152.511 -9999 -9999 -9999 152.001 151.76 151.711 151.841 151.966 152.068 152.533 153.761 155.088 155.521 152.615 152.602 152.719 153.001 153.849 155.854 153.332 152.719 152.207 152.321 152.296 152.256 152.263 152.382 152.464 152.57 152.603 152.759 152.898 152.992 153.152 153.188 153.207 153.198 153.369
154.823 155.264 155.607 155.443 -9999 153.566 153.626 153.697 153.71 153.731 153.82 153.794 153.722 153.611 153.705 153.984 153.513 153.129 153.14 153.141 152.886 152.808 153.043 153.498 154.518 156.799 154.268 152.955 152.489 152.453 152.441 152.459 152.35 152.299 -9999 -9999 -9999 151.847 151.788 151.741 151.808 151.865 151.919 151.894 152.004 152.292 152.503 152.368 152.483 153.028 152.131 152.603 152.658 152.561 152.143 152.087 151.903 152.036 152.119 152.218 -9999 152.319 152.412 152.501 152.741 152.863 153.268 153.073 153.189 153.186 153.227 153.346
158.122 157.834 156.045 154.989 153.562 153.403 153.502 153.605 153.665 153.65 153.68 153.608 153.538 153.337 153.295 153.089 152.921 152.747 152.709 152.688 152.656 152.646 152.641 153.024 155.223 159.252 154.252 153.061 152.377 152.58 152.466 152.383 152.261 152.248 152.194 152.052 152.429 151.925 151.839 151.767 151.749 151.821 151.875 151.779 151.707 151.746 151.807 151.755 151.976 152.134 152.074 152.074 152.07 152.122 152.287 152.429 151.915 151.898 151.946 152.056 152.08 152.127 152.2 152.352 152.565 152.654 152.17 151.859 153.302 153.292 153.54 153.804
165.513 158.142 155.512 153.916 153.613 153.357 153.315 153.335 153.488 153.451 153.513 153.423 153.267 153.42 153.464 152.949 152.644 152.458 152.36 152.432 152.506 152.504 152.441 152.593 154.278 158.288 155.707 152.471 152.629 153.315 155.048 152.939 152.409 152.312 152.376 152.538 152.576 153.067 152.219 152.198 151.61 151.628 -9999 151.763 151.672 151.46 151.542 151.662 151.699 151.723 151.797 151.875 151.707 151.845 152.102 151.848 151.727 151.642 151.719 151.824 151.97 152.039 152.114 152.115 152.218 152.086 151.881 151.607 152.511 152.894 154.12 154.024
162.486 157.957 155.097 154.362 153.416 153.249 153.218 153.333 153.344 153.33 153.398 153.24 153.178 153.531 153.991 153.352 154.341 152.894 152.196 152.195 152.262 152.372 152.292 152.288 153.158 157.244 156.126 152.89 153.621 159.724 164.239 153.565 152.385 152.344 153.518 153.265 155.338 154.642 152.772 152.284 151.675 151.578 151.792 151.934 151.804 151.531 151.476 151.5 151.372 151.497 151.589 151.502 151.209 151.473 151.513 151.511 151.497 151.407 151.534 151.773 151.88 151.969 152.124 152.229 152.067 151.992 152.008 152.861 153.377 152.738 154.564 154.405
159.239 154.76 153.967 153.76 153.344 153.151 153.028 153.179 153.243 153.284 153.447 153.275 153.623 153.63 153.598 154.311 156.981 156.055 154.052 152.734 152.08 152.037 152.248 152.419 155.68 161.423 157.093 153.018 158.79 166.165 164.485 155.756 152.756 153.869 158.45 160.327 164.422 162.127 158.812 156.473 153.598 151.877 151.891 152.236 152.073 151.855 151.353 151.232 151.255 151.337 151.428 151.187 151.241 151.366 151.434 151.332 151.319 151.332 151.478 151.609 151.805 151.91 152.231 152.778 152.216 152.236 154.08 157.01 156.54 155.801 153.386 152.977
155.482 154.304 153.702 153.423 -9999 153.102 153.051 153.11 153.187 153.632 155.318 154.428 157.317 155.79 153.623 153.961 157.358 158.033 157.318 153.529 152.294 152 152.087 153.011 156.866 156.039 154.409 153.2 161.08 165.92 165.226 155.181 152.895 159.779 164.445 167.835 168.673 168.508 167 166.847 158.605 152.46 151.666 152.08 152.28 151.902 151.46 150.975 150.883 151.209 151.268 151.247 151.213 -9999 151.291 151.337 151.255 151.162 151.387 151.563 151.724 151.771 151.861 152.155 153.358 154.979 157.124 157.956 157.864 154.833 152.13 152.976
153.954 153.663 153.454 153.328 153.157 153.071 153.064 153.06 153.143 153.854 157.208 155.08 160.214 156.238 153.792 156.905 158.289 158.837 157.529 154.489 152.947 152.065 151.928 153.701 158.181 156.091 153.811 154.301 160.299 162.082 156.355 152.727 153.058 155.388 161.32 157.248 160.647 165.361 167.227 168.218 160.503 152.065 151.386 151.536 151.956 151.813 151.493 151 150.875 151.039 -9999 -9999 150.986 150.971 -9999 -9999 151.303 151.318 151.451 151.796 151.903 151.868 151.698 153.069 155.776 157.496 158.51 158.044 156.958 154.36 151.935 152.654
153.662 153.374 153.227 153.187 153.277 -9999 152.946 152.941 152.902 152.972 153.245 153.588 153.911 152.843 153.509 157.144 159.3 158.341 156.019 155.35 155.093 152.15 151.856 152.439 155.182 155.69 153.814 153.487 157.643 154.357 153.329 151.606 151.28 153.126 154.112 152.794 152.455 156.966 161.593 164.289 158.734 152.063 151.148 151.293 151.701 151.754 151.347 151.043 150.931 -9999 -9999 150.845 150.766 150.726 150.838 -9999 -9999 151.437 151.578 152.17 151.914 151.634 152.679 155.347 157.142 158.543 158.361 157.259 155.079 152.5 152.077 152.392
154.141 154.336 153.742 154.175 154.277 153.918 152.73 152.682 152.708 152.662 152.682 152.412 152.305 152.777 155.399 158.469 158.61 157.055 154.056 154.508 155.176 152.986 152.084 152.216 153.565 158.092 156.6 152.169 154.826 156.296 152.781 151.004 151.035 151.155 151.708 151.167 151.408 153.448 159.188 159.343 153.998 151.356 150.857 151.07 151.723 151.681 151.281 150.967 150.959 150.902 -9999 150.635 150.627 150.632 150.711 -9999 -9999 151.367 151.373 151.441 151.387 151.609 153.231 155.74 157.407 157.858 157.144 154.737 152.517 152.189 152.097 152.249
157.623 162.281 159.921 157.946 154.371 154.953 153.076 152.361 152.337 152.434 152.334 152.139 152.511 154.18 157.501 158.646 158.286 154.323 152.986 153.395 155.052 152.075 151.688 151.858 152.727 161.658 161.759 156.339 154.197 162.914 152.449 151.269 150.977 150.953 150.947 150.974 153.242 156.078 158.299 154.71 152.209 150.611 151.124 151.008 151.24 151.585 151.342 151.004 150.926 150.883 150.78 -9999 150.544 150.535 -9999 -9999 151.267 151.21 151.163 151.245 151.4 151.381 151.738 153.399 155.161 156.767 154.647 152.17 151.891 152.048 152.2 152.205
155.804 160.337 164.904 163.12 159.199 155.458 153.964 152.323 152.279 152.24 152.196 152.068 152.363 153.534 156.588 158.017 156.999 153.723 152.4 152.293 152.153 151.744 151.526 151.505 153.218 158.014 168.556 162.012 155.935 157.316 152.995 150.859 150.7 150.742 150.809 151.213 152.769 158.659 153.225 152.066 150.591 151.905 154.119 152.509 151.246 151.046 151.145 151.238 150.951 150.811 150.759 150.59 150.415 150.389 -9999 -9999 151.139 151.099 151.125 151.826 151.558 151.276 151.305 151.845 152.431 153.042 152.33 151.612 151.782 152.229 152.38 152.149
158.235 156.532 163.778 164.229 159.425 154.152 155.168 -9999 152.232 152.17 152.157 152.129 152.122 152.732 154.879 154.889 153.723 152.943 152.157 151.829 151.795 152.123 151.595 151.731 154.833 160.396 167.944 167.15 157.035 152.637 151.431 150.636 150.573 150.542 150.652 150.928 153.19 154.473 152.198 150.351 150.52 152.784 155.184 155.376 152.988 151.382 150.897 151.319 151.041 150.825 150.709 150.59 150.309 150.297 150.334 -9999 151.183 151.216 151.359 151.473 151.21 151.114 151.23 151.451 152.346 152.214 151.778 151.784 152.27 152.431 152.029 152.013
160.885 156.319 161.861 164.206 164.85 159.223 -9999 -9999 -9999 152.078 152.044 152.238 152.638 152.483 153.129 152.844 152.435 151.904 151.845 152.176 152.61 153.719 153.122 153.216 155.392 161.477 167.596 166.883 155.299 152.134 150.85 150.538 150.513 150.395 150.579 153.132 156.837 154.637 150.669 150.189 150.353 152.902 156.244 156.244 155.944 154.171 151.133 150.51 150.625 151.413 151.005 150.506 150.339 150.313 150.275 -9999 -9999 150.999 151.119 150.934 150.834 151.097 151.223 151.537 152.087 152.066 151.637 153.452 153.16 151.805 151.741 152.064
153.649 154.425 158.397 162.875 161.584 156.347 155.563 -9999 151.837 151.847 151.788 151.935 151.978 151.895 151.764 152.253 151.306 151.198 151.201 151.676 151.78 152.468 152.698 152.093 155.585 162.325 165.896 157.09 152.652 150.73 150.589 150.388 150.41 150.346 150.621 153.187 158.869 153.243 150.598 150.245 150.258 151.07 154.045 156.31 156.456 156.112 153.695 151.048 150.585 150.822 150.816 150.566 150.454 150.313 150.262 -9999 -9999 150.667 150.644 150.626 150.72 151.273 152.109 152.345 153.152 153.247 151.782 152.076 152.644 152.011 151.755 152.29
152.588 152.671 155.714 158.39 155.429 152.872 154.014 -9999 -9999 151.64 151.601 151.464 151.219 151.243 153.001 154.781 152.808 151.177 151.516 151.214 151.263 151.543 151.805 152.652 155.086 157.595 155.759 152.594 150.763 150.452 150.356 150.32 150.302 150.202 150.086 150.935 151.582 151.174 150.15 150.083 150.006 150.255 150.995 152.992 156.169 156.602 156.235 154.628 151.088 150.151 150.317 150.532 150.782 150.298 150.21 -9999 -9999 150.211 150.169 150.338 150.33 150.765 152.865 154.165 155.664 155.828 153.332 150.755 151.475 151.851 152.518 152.634
152.931 152.545 153.508 153.007 151.869 152.086 151.701 -9999 -9999 151.511 151.466 151.447 151.669 153.019 155.898 156.326 154.3 152.816 153.474 151.219 151.089 151.141 151.375 151.799 152.782 152.365 151.833 150.802 150.423 150.276 150.257 150.226 150.407 151.486 150.398 150.151 150.221 150.348 150.202 150.048 149.988 149.916 150.033 150.908 154.39 155.561 155.939 153.42 150.395 149.795 149.793 150.326 151.068 150.13 150 149.973 149.901 149.958 149.888 149.949 150.004 150.451 153.467 154.668 156.311 156.291 155.305 151.071 150.821 151.286 153.141 152.782
153.909 152.445 152.094 151.733 151.588 151.551 151.507 151.446 151.343 151.503 151.546 151.683 153.395 155.98 157.254 156.53 152.633 151.915 151.925 151.654 150.789 150.921 151.031 151.355 151.744 151.202 150.756 150.553 151.251 150.449 150.225 150.351 154.526 157.813 152.221 150.143 150.103 150.479 150.366 150.099 149.901 149.805 149.805 150.23 150.938 151.616 153.29 151.752 150.179 149.58 149.582 149.672 149.779 149.887 149.827 149.923 149.947 149.876 149.903 149.917 150.066 150.585 151.477 152.927 155.453 156.23 155.942 152.315 150.495 151.492 153.672 152.911
