dsm/se2632_DSM_2M.asc
ncols 500
nrows 500
xllcorner    426000
yllcorner    432000
cellsize     2
NODATA_value -9999
[rows 341 to 371 of 500, columns 207 to 275 of 500]
105.163 105.156 105.237 105.453 105.132 105.152 108.269 105.685 108.929 106.232 106.547 105.989 105.516 105.094 105 104.963 105.035 104.995 104.924 104.872 104.809 104.788 105.106 105.047 104.842 104.944 104.617 104.516 104.422 104.379 104.339 104.321 104.327 104.302 104.35 104.329 104.332 104.277 104.263 104.165 109.447 112.193 109.34 108.312 112.182 116.006 115.776 109.919 108.038 114.759 117.406 110.337 113.852 113.91 104.538 103.106 103.045 103.047 102.963 102.876 102.843 102.806 102.777 102.669 102.627 102.535 102.455 102.423 102.307
104.981 105.032 105.064 106.298 104.952 104.946 107.21 106 105.184 105.207 105.188 105.119 105.018 104.975 104.852 104.808 104.796 104.886 105.031 104.734 104.972 105.557 105.604 105.695 105.691 105.583 104.514 104.314 104.243 104.278 104.285 104.218 104.172 104.138 104.151 104.139 104.104 104.11 104.042 103.921 106.237 107.374 107.973 112.078 111.187 115.499 114.053 109.014 108.366 117.525 117.566 109.792 115.329 110.37 106.357 102.99 102.957 102.895 102.867 102.793 102.748 102.699 102.642 102.572 102.522 102.398 102.355 102.318 102.204
104.83 106.228 105.15 107.248 104.814 104.745 111.34 110.888 105.12 105.008 104.883 104.867 104.878 105.054 104.817 104.889 105.057 105.299 105.417 105.262 105.576 105.862 106.022 105.775 105.52 105.092 104.605 104.272 106.23 108.653 108.19 104.239 104.004 104.047 103.999 103.94 103.881 103.921 103.817 103.776 104.726 111.41 113.821 114.16 115.172 113.495 113.583 108.376 110.413 116.105 115.687 114.082 107.505 111.083 103.105 102.849 102.845 102.784 102.774 102.695 102.63 102.567 102.5 102.427 102.356 102.271 102.237 102.216 104.49
105.943 111.918 105.171 104.542 104.646 111.197 110.545 112.299 105.753 104.876 104.76 104.749 105.03 105.758 105.771 105.724 105.366 105.179 105.385 105.5 105.677 105.73 105.481 105.415 105.261 104.824 104.675 104.45 104.369 110.607 111.038 106.429 104.499 105.551 105.954 109.953 107.655 105.006 103.762 103.801 108.107 114.645 116.762 116.227 111.813 116.407 113.707 109.292 114.919 114.815 106.444 103.871 103.547 104.825 102.758 102.692 102.61 102.587 102.6 102.552 102.459 102.391 102.37 102.288 102.23 102.153 102.068 102.011 107.316
104.886 107.184 107.978 104.581 104.51 104.641 113.736 112.276 107.406 106.464 104.73 104.596 105.079 105.688 105.25 105.3 104.691 104.607 104.763 104.768 104.834 104.933 105.112 105.225 105.199 105.239 105.819 105.983 106.021 108.648 110.378 107.407 106.69 106.619 111.73 111.68 110.675 106.978 105.615 106.319 105.838 116.005 117.867 118.628 117.096 118.151 117.781 117.021 111.949 113.022 104.87 102.508 102.488 102.557 102.547 102.515 102.484 102.424 102.389 102.298 102.305 102.214 102.192 102.096 102.033 102.007 101.918 101.86 106.309
104.407 104.392 104.374 104.303 104.691 104.371 114.839 112.583 107.071 106.849 104.564 104.46 104.62 105.006 105.289 105.474 106.131 106.346 106.187 105.936 104.811 105.765 106.025 105.934 105.883 106.103 107.808 108.261 108.434 108.311 107.71 107.712 107.43 106.706 109.004 112.722 109.227 105.929 105.784 104.07 105.18 114.819 116.898 116.213 115.866 117.778 118.602 117.887 114.927 114.726 107.166 102.39 102.283 102.327 102.402 102.391 102.313 102.295 102.208 102.17 102.095 102.205 102.124 101.961 101.906 101.841 101.755 101.722 104.427
105.531 104.299 104.278 104.244 104.573 112.021 116.368 115.27 106.074 106.941 104.427 104.217 104.578 105.318 105.979 106.832 106.923 106.81 106.862 106.406 106.71 106.727 106.823 104.569 106.792 106.104 105.366 104.744 104.853 104.386 104.281 104.268 103.505 103.836 103.378 103.659 103.292 103.331 103.328 103.274 103.28 110.108 113.513 113.232 113.539 115.84 115.513 115.785 115.002 108.904 104.446 102.145 102.027 102.096 102.161 102.203 102.145 102.061 101.99 101.94 104.732 105.75 107.256 104.805 101.787 101.686 101.592 101.565 101.453
104.113 104.249 108.742 104.619 106.811 108.535 117.68 115.068 108.352 105.05 104.168 104.012 104.074 104.615 104.564 104.125 105.227 103.779 104.45 103.704 103.685 103.726 103.829 103.537 103.524 104.015 103.62 103.483 103.479 103.4 103.368 103.329 103.297 103.329 103.263 103.253 103.197 103.227 103.237 103.219 103.17 103.234 106.114 106.645 107.757 107.768 111.983 114.911 112.301 106.832 103.635 101.941 101.857 101.785 101.859 101.953 101.907 101.801 101.763 105.6 107.899 113.194 111.48 107.395 101.649 101.395 101.399 101.318 101.187
103.921 104.896 109.29 110.128 113.988 113.131 112.955 115.276 107.905 104.869 107.067 103.915 103.93 103.994 104.033 103.886 103.264 103.443 103.448 103.51 103.501 103.472 103.466 103.447 103.455 103.449 103.415 103.379 103.333 103.321 103.267 103.263 103.269 103.229 103.222 103.186 103.124 103.179 103.132 103.011 103.105 103.112 102.986 107.156 108.26 107.172 109.085 111.222 106.962 103.883 101.897 101.736 101.703 101.604 101.575 101.812 101.648 101.598 101.719 111.857 114.685 115.443 108.142 113.52 104.505 101.18 101.082 100.993 100.827
106.057 107.499 113.923 113.441 114.77 106.011 103.776 108.066 110.353 109.53 107.77 103.682 103.701 103.837 103.785 103.755 103.082 103.429 103.428 103.451 103.456 103.443 103.409 103.394 103.363 103.304 103.29 103.319 103.177 103.207 103.188 103.092 103.087 102.995 102.925 102.89 102.853 102.902 102.999 103.088 102.976 102.686 102.685 108.125 105.761 106.926 105.383 102.208 101.916 101.708 101.647 101.539 101.534 101.56 105.85 106.88 101.689 102.208 107.713 112.967 115.288 116.169 115.714 115.221 111.969 102.167 100.825 100.717 100.578
110.886 116.344 117.522 106.678 110.742 104.392 104.111 103.714 110.655 110.98 106.404 103.539 103.465 103.666 103.644 103.678 103.023 103.323 103.286 103.318 103.35 103.213 103.123 103.492 103.121 103.077 103.234 103.13 103.294 103.069 103.176 103.333 102.953 103.11 102.842 102.817 102.686 102.831 102.684 102.568 102.563 102.513 102.558 103.035 103.189 107.217 105.352 102.165 102.087 101.635 101.539 101.437 107.849 110.608 111.711 109.467 106.978 105.519 110.921 112.713 115.076 115.796 115.156 114.58 112.128 102.266 100.528 100.425 100.289
114.807 114.785 115.383 106.17 107.182 109.019 103.614 103.436 105.049 105.264 103.501 103.364 103.32 103.501 103.506 104.597 103.158 102.936 103.287 103.312 103.146 102.98 102.988 103.048 102.966 102.806 102.914 102.773 102.798 102.724 102.728 102.761 102.722 102.746 102.669 102.709 102.663 102.6 102.542 102.524 102.561 102.412 102.473 102.983 107.032 108.246 106.038 101.908 101.606 101.502 101.44 101.349 106.849 103.388 106.569 110.731 110.169 105.447 106.835 112.327 112.593 114.21 113.74 112.811 109.866 102.629 100.225 100.06 100.024
115.56 114.95 107.338 109.891 104.505 103.874 103.419 103.363 103.315 103.302 103.358 103.286 103.157 103.284 103.35 103.237 102.707 102.683 102.806 102.875 102.854 102.865 102.87 102.83 102.804 102.731 102.754 102.734 102.787 102.709 102.619 102.696 102.672 102.669 102.543 102.543 102.492 102.578 102.445 102.44 102.411 102.286 102.371 104.056 109.571 108.827 104.938 102.241 101.972 101.381 101.288 101.23 108.646 112.985 113.151 105.903 104.834 107.591 107.496 108.941 111.034 111.215 110.893 110.694 107.287 100.702 100.069 99.966 99.844
115.42 112.505 113.577 109.077 103.378 103.296 103.297 103.268 103.195 103.144 103.205 103.159 103.027 103.24 106.318 104.051 104.339 102.507 102.714 102.824 102.873 102.818 102.817 102.749 102.693 102.689 102.697 102.629 102.657 102.621 102.422 102.596 102.55 102.407 102.459 102.439 102.378 102.508 102.47 102.308 102.312 102.151 102.162 103.429 105.902 106.216 103.875 101.892 101.572 101.64 101.141 107.965 110.781 110.914 105.815 108.575 102.903 107.712 102.139 103.153 103.67 109.513 108.911 107.212 100.87 100.074 99.97 99.925 99.811
116.52 116.275 114.149 109.006 106.524 103.304 106.988 103.955 103.055 103.038 103.051 103.04 103.047 107.887 104.829 105.464 107.059 103.655 103.768 102.664 102.712 102.71 102.647 102.635 102.646 102.655 102.724 102.619 102.521 102.497 102.359 102.425 102.455 102.399 102.398 102.3 102.261 102.224 102.386 102.419 102.201 102.133 101.915 102.267 104.396 105.742 106.053 104.78 102.901 101.194 101.002 101.082 109.263 108.27 108.129 108.097 107.924 102.429 103.094 100.817 100.295 100.69 100.735 100.093 100.039 99.934 99.812 99.716 99.608
114.739 113.286 113.902 110.167 107.003 106.279 106.768 108.254 105.449 102.956 102.926 103.013 106.906 111.114 106.749 108.967 107.086 109.213 103.219 102.552 102.612 102.601 102.69 102.56 102.56 102.516 102.453 102.707 102.523 102.366 102.259 102.306 102.289 102.217 102.243 102.174 102.318 102.075 102.064 102.076 101.976 102.003 101.882 101.765 104.501 105.505 106.531 105.218 103.091 101.028 100.86 100.824 101.784 104.137 102.534 106.205 104.731 100.429 100.298 100.214 100.118 100.07 99.971 99.869 99.786 99.647 99.579 99.428 99.31
116.32 115.349 110.491 108.362 102.935 106.132 104.522 107.977 104.687 102.831 102.817 102.831 108.155 111.252 106.284 107.728 107.703 110.465 104.559 102.438 102.507 102.469 102.526 102.476 102.401 102.572 102.359 102.263 102.257 102.196 102.104 102.131 102.177 102.133 102.075 102.042 102.237 102.238 101.97 101.945 101.864 101.856 101.733 101.572 105.657 107.028 107.112 108.779 108.074 103.48 101.357 101.205 100.55 101.072 101.584 100.271 100.941 100.198 100.15 100.027 99.966 99.904 99.889 99.803 99.577 99.452 99.347 99.22 99.095
114.621 114.342 109.164 105.913 102.749 102.784 104.054 102.786 102.744 102.673 102.69 102.605 102.686 108.455 106.969 106.816 110.288 108.883 102.288 102.269 102.391 102.41 102.337 102.336 102.514 102.585 102.242 102.182 102.057 102.087 102.005 101.965 102.077 102.002 101.949 101.921 101.982 101.822 101.8 101.974 101.729 101.728 101.65 101.541 102.343 107.23 107.503 106.772 105.594 105.046 107.538 106.765 106.005 101.873 102.204 100.235 100.109 99.992 99.893 99.814 99.743 103.71 101.887 102.86 99.593 99.304 99.133 99 98.83
113.629 112.71 105.729 104.166 102.561 102.728 102.667 102.75 102.623 104.537 103.197 102.556 102.359 106.646 103.276 106.172 109.009 106.465 102.132 102.132 102.247 102.446 102.351 102.257 102.234 102.17 102.059 101.994 101.963 101.953 101.95 101.828 101.944 101.953 101.916 101.844 101.757 101.733 101.876 101.809 101.669 101.667 101.559 101.349 103.916 107.095 106.851 106.318 108.244 109.293 110.353 107.71 108.225 107.662 101.928 99.955 99.875 99.781 99.756 99.88 108.343 108.483 109.295 106.232 103.794 99.324 98.934 98.737 98.621
105.357 103.408 102.431 102.427 102.454 102.533 102.602 102.627 104.183 106.551 103.225 102.46 102.351 102.233 102.5 104.874 107.448 104.038 101.763 102.066 102.158 102.193 102.247 102.254 102.081 102.061 101.912 101.894 101.886 101.895 101.88 101.732 101.776 101.768 101.719 101.681 101.7 101.655 101.654 101.608 101.556 101.558 101.457 101.341 101.563 105.018 109.404 108.394 108.355 110.251 111.816 112.575 111.883 109.762 102.25 99.796 99.64 99.559 103.897 108.872 110.938 112.314 111.781 110.898 105.473 99.822 98.763 98.571 98.311
102.317 102.343 102.376 102.383 102.466 102.496 102.514 102.506 103.18 106.635 105.757 102.363 102.303 102.182 102.299 104.781 105.888 102.989 102.252 101.96 102.052 102.085 102.038 101.96 102.002 101.913 101.842 101.793 101.821 101.821 101.789 101.588 101.576 101.668 101.621 101.631 101.595 101.524 101.524 101.441 101.466 101.394 101.279 101.159 101.435 105.418 103.663 110.026 106.965 109.827 111.44 112.209 112.057 109.867 101.37 99.582 99.468 99.486 105.83 110.596 111.83 113.361 113.52 105.548 108.369 104.048 98.591 98.378 101.733
102.389 102.288 102.432 102.29 102.365 102.433 102.443 102.474 102.469 102.321 102.224 102.282 102.224 102.074 102.074 102.156 102.101 102.873 101.67 101.803 101.985 102.007 101.962 101.917 101.85 101.829 101.815 101.725 101.704 101.709 101.576 101.44 101.414 101.46 101.433 101.416 101.413 101.342 101.277 101.244 101.186 101.162 101.104 101.004 103.335 104.235 107.168 102.647 103.605 104.525 109.939 110.875 110.561 108.761 100.569 99.448 99.289 99.11 105.522 110.865 111.33 112.724 113.233 112.261 110.729 104.159 98.394 98.19 101.91
105.085 105.112 102.901 102.276 102.337 102.362 102.36 104.771 103.451 104.536 102.225 102.174 102.192 101.999 101.985 102.025 101.999 103.331 101.994 101.748 101.784 101.888 101.766 101.742 101.683 101.649 101.536 101.536 101.515 101.504 101.4 101.377 101.372 101.361 101.385 101.366 101.363 101.3 101.272 101.186 101.241 101.158 101.119 100.974 103.162 101.642 101.287 100.796 100.238 100.136 101.854 107.554 105.415 100.513 99.391 99.176 99.111 98.881 105.437 110.02 110.93 111.883 113.395 112.507 110.878 100.118 98.105 97.962 98.997
110.117 106.355 102.234 102.202 102.217 102.227 105.023 107.789 109.183 104.786 102.64 102.077 102.048 101.896 101.889 101.916 105.409 102.359 102.422 101.665 101.648 101.668 101.669 101.633 101.627 101.579 101.584 101.53 101.478 101.481 101.47 101.338 101.215 101.327 101.402 101.322 101.234 101.139 101.149 101.138 101.232 101.021 101.008 100.964 100.806 100.661 101.004 100.385 100.364 99.965 99.809 99.668 99.542 99.48 99.351 99.076 98.897 98.842 98.808 108.321 110.297 111.17 111.649 110.905 109.422 98.197 97.902 97.786 98.247
102.905 102.952 103.337 102.26 102.057 102.087 106.551 108.888 109.552 104.053 101.951 101.97 101.981 101.853 104.301 107.262 108.865 108.989 105.04 102.801 101.542 101.679 101.626 101.586 101.593 101.513 101.496 101.455 101.392 101.407 101.391 101.339 101.104 101.26 101.276 101.212 101.265 101.151 101.029 101.074 101.185 101.044 100.864 100.804 100.706 102.055 103.104 100.484 100.268 99.928 99.732 99.57 99.417 99.262 99.174 98.946 98.747 98.57 98.54 101.943 103.067 107.897 108.104 101.153 98.819 97.807 97.632 97.417 100.729
108.779 108.833 108.894 104.24 101.999 101.939 104.63 107.502 105.011 103.828 101.902 101.87 101.868 101.773 105.679 108.532 109.285 109.31 108.68 104.04 101.553 101.609 101.599 101.502 101.664 101.648 101.462 101.381 101.454 101.446 101.377 101.265 101.077 101.118 101.104 100.945 101.217 100.961 100.944 100.776 100.857 100.896 100.797 100.688 100.562 103.864 106.372 103.342 101.217 99.831 99.622 99.438 99.264 99.099 99.031 98.944 98.6 98.415 98.217 98.099 99.572 99.163 98.599 97.71 97.649 97.579 97.441 97.362 101.059
107.224 110.096 109.526 104.64 101.858 101.913 104.688 102.348 102.443 102.124 101.757 101.759 101.761 101.689 105.595 108.495 109.11 109.284 108.469 103.266 101.376 101.493 101.501 101.455 101.637 101.407 101.369 101.391 101.374 101.355 101.18 101.144 100.962 100.959 101.006 100.988 100.924 100.858 100.78 100.772 100.704 100.693 100.627 100.581 100.427 102.784 107.401 106.32 101.128 99.694 99.511 99.351 99.185 99.032 98.91 98.766 98.655 98.346 98.056 97.934 97.919 97.764 97.614 97.504 97.432 97.319 97.14 97.591 102.688
104.916 109.925 108.868 103.541 102.427 102.972 102.3 101.7 101.637 101.62 101.629 101.639 101.664 101.583 101.425 102.776 108.235 108.046 107.272 101.597 101.248 101.386 101.421 101.409 101.38 101.342 101.388 101.332 101.191 101.182 101.113 101.027 100.902 100.771 100.866 100.763 100.76 100.702 100.65 100.592 100.61 100.496 100.406 100.439 100.388 103.647 105.06 104.7 99.898 99.654 99.423 99.298 99.143 98.883 98.672 98.553 98.426 98.155 97.911 97.71 97.615 97.559 97.444 97.289 97.194 97.085 96.906 96.839 102.028
101.509 107.609 105.58 107.561 106.007 103.132 101.513 101.608 103.946 103.439 101.551 101.482 101.499 101.508 101.337 101.288 102.451 106.989 106.583 101.278 101.146 101.276 101.368 101.337 101.248 101.204 101.202 101.49 101.103 101.184 100.929 100.879 100.858 100.712 100.811 100.696 100.618 100.576 100.431 100.484 100.335 100.369 100.317 100.322 100.299 100.172 100.596 101.597 99.702 99.589 99.42 99.231 99.008 98.789 98.583 98.407 98.2 98.076 97.798 97.603 97.395 97.341 97.189 97.055 96.952 96.824 96.702 96.468 99.787
101.752 107.798 109.585 109.031 103.418 101.481 103.051 102.388 106.072 103.397 101.839 101.386 101.36 101.34 101.246 101.194 102.361 105.382 106.277 102.21 100.958 101.082 101.235 101.273 101.117 101.133 101.051 100.976 101.031 101.061 100.85 100.837 100.756 100.533 100.641 100.626 100.555 100.568 100.49 100.399 100.218 100.255 100.21 100.19 100.178 100.054 100.054 102.909 100.196 99.512 99.358 99.146 99.004 98.765 98.548 98.322 98.099 97.97 97.773 97.965 99.07 97.355 97.168 96.776 96.86 96.626 96.436 96.49 99.924
105.494 108.498 109.176 108.739 106.597 101.508 102.222 102.143 102.369 104.399 103.269 101.364 101.944 101.194 101.41 101.183 105.681 101.399 102.918 105.25 100.996 101.006 101.148 101.189 101.111 101.106 101.026 100.951 100.818 100.998 100.786 100.729 100.705 100.536 100.537 100.573 100.505 100.502 100.318 100.245 100.199 100.201 99.974 100.067 99.93 99.921 99.837 100.201 100.156 99.465 99.346 99.105 98.946 98.729 98.522 98.232 97.967 97.773 98.312 97.68 102.313 105.984 101.761 100.343 101.769 96.497 96.244 98.348 98.911
