dsm/se2639_DSM_2M.asc
ncols 500
nrows 500
xllcorner    426000
yllcorner    439000
cellsize     2
NODATA_value -9999
[rows 462 to 494 of 500, columns 0 to 74 of 500]
178.717 178.209 178.214 181.494 181.999 179.584 177.365 176.651 175.646 175.756 176.302 177.733 177.164 176.849 180.631 177.976 176.758 175.307 174.659 174.328 174.162 173.987 174.378 178.252 183.376 183.635 179.781 174.71 175.958 175.264 175.877 177.092 176.281 174.528 173.114 173.034 174.409 174.22 172.329 171.974 171.896 171.685 171.561 171.399 171.149 171.173 171.113 170.869 170.61 170.092 169.935 170.778 171.613 173.071 173.298 173.065 172.67 172.37 172.124 171.735 171.42 170.118 169.113 169.878 170.709 170.862 170.567 169.698 168.104 167.641 167.447 167.239 167.094 166.961 166.872
176.428 177.497 178.737 178.221 177.548 177.36 176.858 175.48 174.721 175.482 175.784 176.17 176.12 175.838 177.959 175.571 174.267 174.83 176.015 176.838 176.016 176.211 177.632 182.358 183.508 182.709 174.994 173.744 174.669 174.083 174.954 174.483 174.376 173.144 173.023 172.936 174.299 175.189 173.197 172.102 172.256 171.968 171.563 171.29 171.247 171.166 171.05 170.927 170.699 170.144 169.777 169.989 171.392 172.89 173.292 173.207 172.64 172.306 172.104 171.952 171.74 171.313 170.913 171.096 171.368 170.992 170.634 170.364 168.752 167.654 167.474 167.346 167.098 166.936 166.794
175.8 176.316 176.26 175.299 175.499 176.067 175.37 174.807 174.718 175.104 175.338 175.841 176.332 176.695 176.166 174.56 174.197 175.57 177.091 177.274 176.921 177.417 176.583 182.594 180.06 174.866 173.663 173.448 173.443 173.376 173.507 173.25 172.768 172.737 173.268 173.353 172.908 175.047 172.842 171.862 172.096 171.993 171.474 171.515 171.269 171.148 171.048 170.893 170.658 170.44 169.879 169.686 170.17 172.485 173.053 173.298 172.643 172.389 172.159 172.064 171.842 171.627 171.353 171.423 171.4 171.094 170.702 170.249 169.047 167.793 167.755 167.632 167.175 166.98 166.651
175.203 175.482 174.665 174.468 174.813 174.581 174.471 175.288 174.639 174.422 174.46 176.052 177.956 179.465 175.152 174.286 173.906 175.069 181.385 178.109 175.592 176.722 180.948 178.235 174.079 173.006 172.846 172.753 172.897 172.915 172.719 172.483 172.502 172.6 173.225 173.936 173.639 173.852 172.153 171.786 171.914 172.011 171.458 171.57 171.244 171.129 170.859 170.579 170.39 170.333 169.472 169.299 169.988 171.785 173.116 173.21 173.045 172.668 172.19 172.095 171.867 171.789 171.599 171.482 171.329 171.172 170.843 170.55 170.182 168.472 167.939 168.057 167.58 166.978 166.576
175.433 175.635 175.638 174.539 174.717 174.607 174.296 174.726 174.24 174.12 174.347 175.919 178.213 179.383 175.593 173.708 173.532 173.71 175.359 173.975 173.448 175.043 174.498 173.255 172.388 172.278 172.089 172.33 172.595 172.737 172.568 172.453 172.356 172.325 172.652 173.742 175.001 175.423 173.05 171.671 171.459 171.439 171.13 171.382 170.979 170.513 170.117 170.074 170.533 170.782 169.431 169.535 170.744 172.55 173.179 173.271 173.381 173.133 172.612 172.537 172.271 171.944 171.811 171.581 171.346 171.177 170.983 170.785 170.373 168.754 167.965 167.976 167.642 166.957 166.623
175.364 177.777 177.743 176.134 177.165 176.713 174.303 173.913 173.815 173.805 174.142 175.677 174.592 175.093 173.538 172.976 172.961 172.636 172.356 172.433 172.635 172.558 172.113 171.963 171.867 171.675 171.707 172.002 172.367 172.65 172.532 172.295 172.18 172.255 172.464 173.133 174.468 175.469 173.166 171.674 171.194 170.737 170.408 170.415 170.494 169.878 169.775 170.528 171.641 172.11 170.998 171.055 172.193 172.662 173.014 173.237 173.346 173.348 173.399 173.482 172.959 172.413 172.151 171.613 171.392 171.193 171.084 170.931 170.662 169.762 168.795 168.53 167.613 166.867 166.707
176.059 178.443 178.679 176.103 180.12 178.844 173.998 173.373 173.27 173.138 173.492 174.653 173.814 172.646 172.555 172.533 172.241 172.024 171.906 172.011 171.829 171.765 171.715 171.593 171.442 171.439 171.576 171.788 172.12 172.373 172.333 172.129 172.091 172.157 172.134 172.172 172.512 172.284 171.738 171.238 170.62 170.073 169.98 170.436 170.949 170.876 170.735 171.793 172.487 172.622 172.278 172.133 172.365 172.606 172.871 173.093 173.244 173.409 173.618 173.828 173.433 172.769 172.222 171.77 171.419 171.268 170.97 170.833 170.734 170.577 170.18 169.813 168.214 166.898 166.703
176.748 180.333 180.85 178.485 178.039 174.745 173.158 172.944 172.599 172.547 172.669 173.272 172.522 172.259 172.151 171.933 171.778 171.737 171.732 171.641 171.657 171.654 171.572 171.433 171.368 171.457 171.611 171.688 171.815 172.109 172.206 172.088 171.978 171.937 172.035 171.874 171.753 171.606 171.363 170.833 170.338 169.8 169.993 171.182 172.042 172.332 172.36 172.634 172.605 172.438 172.827 172.347 172.335 172.562 172.856 173.074 173.134 173.31 173.449 173.597 173.706 173.714 172.448 171.952 171.454 170.556 169.573 170.466 170.586 170.624 170.58 170.399 168.908 167.171 166.764
174.989 177.198 180.687 176.725 173.202 172.672 172.355 172.18 172.058 172.084 172.032 171.906 171.916 171.97 171.801 171.631 171.636 171.665 171.644 171.649 171.662 171.624 171.522 171.443 171.4 171.473 171.594 171.666 171.738 172.006 172.058 171.98 171.806 171.711 171.688 171.775 171.622 171.638 171.293 170.721 170.286 169.805 169.755 171.589 172.344 172.748 172.825 172.783 172.407 171.274 170.619 171.336 172.022 172.42 172.697 172.9 173.055 173.233 173.291 173.246 173.062 172.942 172.14 171.935 171.342 170.522 168.424 169.191 170.074 170.492 170.574 170.535 169.664 168.002 166.862
173.031 174.854 174.733 172.817 172.242 172.113 172.001 171.875 171.885 171.865 171.789 171.679 171.699 171.667 171.648 171.584 171.556 171.592 171.699 171.655 171.612 171.629 171.554 171.442 171.408 171.416 171.431 171.572 171.631 171.639 171.921 172.184 171.885 171.674 171.671 171.813 171.694 172.125 172.03 170.97 170.367 169.925 170.038 171.427 172.557 172.863 172.876 172.896 172.607 171.1 169.645 169.288 171.359 172.071 172.537 172.783 172.976 173.105 172.977 172.489 172.015 171.803 171.59 171.711 171.313 170.96 169.187 168.124 169.34 170.269 170.44 170.281 169.985 168.431 166.849
172.3 172.25 172.091 171.902 171.87 171.763 171.849 171.81 171.802 171.81 171.775 171.695 171.605 171.56 171.491 171.5 171.473 171.568 171.592 171.508 171.51 171.531 171.465 171.418 171.414 171.44 171.485 171.54 171.615 171.556 171.751 172.836 172.334 171.592 171.59 171.836 171.804 171.671 172.933 171.088 170.374 170.09 170.334 172.155 172.345 172.729 172.837 172.788 172.717 171.814 170.347 169.805 170.605 171.811 172.314 172.415 172.698 173.006 172.838 172.168 171.754 171.574 171.52 171.488 171.237 170.688 169.296 167.361 168.805 169.714 170.077 170.038 169.237 167.187 166.812
171.793 171.704 171.705 171.733 171.632 171.524 171.688 171.742 171.712 171.738 171.69 171.602 171.597 171.596 171.531 171.497 171.522 171.551 171.553 171.47 171.456 171.37 171.328 171.405 171.415 171.422 171.465 171.483 171.465 171.448 171.411 171.649 171.538 171.342 171.542 172.006 173 172.395 172.003 170.733 170.407 170.106 169.89 170.262 170.795 171.774 172.689 172.589 172.406 172.088 171.358 171.077 171.396 171.659 171.769 171.842 172.592 172.676 172.449 171.914 171.572 171.414 171.302 171.099 170.904 170.729 170.287 168.511 168.561 169.656 170.085 169.833 169.254 168.301 167.125
171.713 171.73 171.718 171.69 171.66 171.595 171.718 171.793 171.631 171.672 171.625 171.547 171.586 171.571 171.507 171.486 171.518 171.562 171.556 171.591 171.447 171.306 171.327 171.342 171.342 171.345 171.348 171.396 171.39 171.397 171.34 171.264 171.237 171.135 171.562 171.951 174.691 173.517 173.312 170.774 170.241 169.994 169.727 169.599 169.695 170.932 172.21 172.351 172.224 172.199 171.854 171.75 171.757 171.662 171.428 171.334 171.881 171.931 171.752 171.294 171.201 171.036 170.893 170.859 170.889 170.828 170.463 169.757 169.275 169.59 169.725 169.511 169.431 169.406 167.562
171.66 171.682 171.702 171.717 171.679 171.635 171.707 171.736 171.656 171.653 171.645 171.591 171.617 171.636 171.603 171.456 171.438 171.536 171.483 171.467 171.393 171.351 171.314 171.293 171.316 171.308 171.327 171.389 171.359 171.33 171.256 171.215 171.176 171.343 172.622 173.372 173.475 173.257 171.31 170.64 170.112 169.968 169.65 169.472 169.546 171.639 171.829 172.16 172.219 171.93 171.887 171.808 171.631 171.36 171.186 170.918 171.028 170.975 171.028 171.008 170.957 170.818 170.725 170.876 170.855 170.786 170.435 169.915 169.48 168.852 168.705 169.271 169.379 168.407 167.095
171.589 171.628 171.623 171.685 171.722 171.679 171.707 171.626 171.641 171.641 171.597 171.554 171.586 171.629 171.57 171.413 171.341 171.398 171.348 171.328 171.471 171.4 171.285 171.372 171.355 171.265 171.228 171.23 171.287 171.295 171.227 171.188 171.308 172.429 176.395 175.725 174.572 173.098 171.071 170.103 169.958 169.751 169.341 169.051 169.297 170.468 171.634 171.965 171.839 171.63 171.605 171.304 170.799 170.794 169.814 169.1 169.542 170.388 170.819 170.902 170.968 170.764 170.505 170.643 170.597 170.29 170.147 169.922 169.164 168.057 167.513 167.267 167.433 166.682 166.496
171.522 171.602 171.573 171.602 171.607 171.553 171.575 171.482 171.554 171.624 171.497 171.482 171.465 171.49 171.459 171.444 171.447 171.338 171.28 171.34 171.364 171.354 171.289 171.314 171.325 171.31 171.239 171.199 171.232 171.252 171.272 171.201 171.321 172.792 174.602 174.836 175.275 171.857 170.222 170.044 169.836 169.608 169.322 168.843 168.48 169.089 170.909 171.692 171.534 171.377 170.746 170.381 169.116 169.042 168.073 167.641 168.333 170.22 170.887 170.867 170.778 170.57 170.359 170.02 169.541 169.712 169.587 169.363 168.44 167.245 166.825 167.072 166.775 166.438 166.272
171.594 171.515 171.48 171.517 171.513 171.478 171.418 171.449 171.486 171.475 171.463 171.456 171.459 171.388 171.417 171.419 171.376 171.348 171.305 171.256 171.269 171.305 171.267 171.191 171.191 171.377 171.21 171.161 171.209 171.253 171.295 171.295 172.258 174.4 173.179 175.408 174.034 170.365 169.95 169.874 169.722 169.592 169.331 168.786 168.286 168.396 169.936 171.282 171.214 170.09 168.794 168.319 168.404 167.736 167.572 167.52 167.866 169.483 170.62 170.693 170.399 170.311 169.75 168.689 167.94 168.366 168.793 167.712 167.397 166.966 166.603 166.594 166.418 166.273 166.147
171.511 171.36 171.535 171.53 171.506 171.468 171.469 171.425 171.399 171.434 171.433 171.435 171.46 171.423 171.409 171.302 171.286 171.32 171.207 171.133 171.206 171.228 171.182 171.145 171.139 171.159 171.103 171.143 171.137 171.23 171.249 171.295 172.952 174.589 174.16 172.933 170.956 170.206 169.846 169.704 169.68 169.464 169.163 168.846 168.526 168.328 168.948 170.212 169.587 168.193 167.979 167.978 167.719 167.424 167.438 167.302 167.22 168.147 169.625 170.148 169.739 169.216 167.841 166.941 167.205 167.521 167.827 166.642 166.557 166.442 166.343 166.32 166.203 166.091 165.957
171.469 171.406 171.483 171.527 171.527 171.466 171.418 171.346 171.313 171.335 171.304 171.357 171.29 171.326 171.279 171.239 171.209 171.241 171.16 171.125 171.114 171.108 171.172 171.113 171.007 170.993 171.012 170.978 170.951 171.111 171.199 171.147 171.939 174.704 172.836 172.43 171.711 171.154 170.528 169.751 169.536 169.302 169.184 168.952 168.536 168.197 168.275 168.471 168.053 167.935 167.789 167.581 167.519 167.366 167.238 167.144 167.088 167.381 -9999 169.369 169.431 168.494 166.781 166.669 166.78 -9999 167.048 166.543 166.332 166.232 166.272 166.243 166.112 166.006 165.965
171.431 171.388 171.438 171.453 171.503 171.429 171.32 171.29 171.268 171.253 171.201 171.228 171.257 171.344 171.296 171.257 171.289 171.374 171.407 171.162 170.99 171.027 171.072 170.965 170.855 170.968 170.971 170.927 170.889 171.051 171.051 171.069 171.408 171.716 171.063 173.317 173.228 173.394 173.092 170.171 169.318 169.247 169.112 168.773 168.555 168.304 168.016 167.853 167.786 167.801 167.667 167.594 167.519 167.323 167.238 167.256 167.158 167.058 -9999 -9999 168.594 167.598 166.971 166.476 166.37 166.399 166.112 166.104 166.092 166.166 166.187 -9999 165.996 165.944 165.918
171.359 171.392 171.46 171.515 171.462 171.34 171.246 171.219 171.199 171.236 171.271 171.229 171.148 171.247 171.243 171.208 171.207 171.256 171.336 171.118 170.96 170.98 170.998 170.941 170.931 170.912 171.004 171.019 171.037 171.203 171.18 171.032 170.946 170.891 171.014 172.413 174.744 173.138 171.873 169.693 169.262 169.153 168.913 168.725 168.566 168.192 167.848 167.766 167.762 167.671 167.663 167.615 167.387 167.316 167.228 167.075 166.93 166.933 -9999 -9999 -9999 166.629 166.447 166.195 166.058 166.055 166.053 166.046 166.018 166.066 166.088 -9999 165.862 165.794 165.809
171.346 171.333 171.381 171.391 171.342 171.318 171.192 171.106 171.145 171.263 171.28 171.309 171.078 171.085 171.058 171.086 171.122 171.119 171.081 171.074 171.03 171.001 170.975 170.958 170.942 170.945 171.047 171.027 171.013 171.124 171.134 170.992 170.934 170.904 170.833 170.574 172.328 171.547 170.21 169.454 169.186 169.038 168.87 168.735 168.482 168.228 167.925 167.782 167.815 167.706 167.674 167.505 167.441 167.416 167.266 167.017 166.861 166.823 166.704 -9999 -9999 166.286 166.133 166.106 166.067 166.078 166.075 166.029 166.027 166.001 -9999 165.831 165.77 165.673 165.618
171.291 171.206 171.249 171.26 171.292 171.267 171.145 171.067 171.206 171.218 171.221 171.241 171.115 170.954 170.992 171.019 171.068 171.068 171.004 171.113 171.26 171.017 170.958 170.956 170.949 171.124 171.084 171.03 171.012 171.041 171.016 170.964 170.937 170.743 170.525 170.554 170.652 171.008 169.837 169.411 169.098 169.167 168.904 168.657 168.513 168.197 167.952 167.765 167.731 167.628 167.531 167.499 167.513 167.321 167.261 167.136 166.93 166.721 166.544 166.385 166.286 166.235 166.154 166.116 166.074 166.093 166.108 166.04 165.96 165.833 165.805 165.761 165.787 165.784 165.654
171.205 171.134 171.163 171.124 171.208 171.228 171.202 171.192 171.2 171.202 171.116 171.132 171.13 171.044 171.006 170.97 170.979 171.114 171.035 171.118 171.179 171.093 171.007 170.959 171.031 171.034 171 171.03 171.025 171.026 171.01 170.978 170.89 170.753 170.694 170.275 169.873 169.912 169.717 168.97 168.992 169.319 168.805 168.498 168.451 168.266 167.957 167.762 167.662 167.548 167.443 167.421 167.366 167.141 167.099 167.065 166.832 166.658 166.482 166.342 166.277 166.28 166.207 166.122 166.051 166.021 165.97 165.924 165.862 165.737 165.764 165.789 165.761 165.672 165.584
171.197 171.106 171.172 171.123 171.093 171.194 171.254 171.19 171.178 171.228 171.106 170.991 171.089 171.102 171.06 171.019 171.022 171.099 171.007 171.077 171.145 171.162 171.104 171.01 171.053 171.077 171.022 170.974 171.004 171.02 171 171.007 171.007 170.847 170.743 170.462 169.936 169.602 169.202 168.997 168.669 168.691 168.58 168.288 168.276 168.173 168.006 167.794 167.522 167.508 167.453 167.35 167.25 167.147 167.034 167.007 166.826 166.644 166.501 166.306 166.202 166.226 166.185 166.092 166.079 165.787 165.787 165.825 165.84 165.667 165.715 165.705 165.553 165.452 165.332
171.22 171.244 171.205 171.192 171.215 171.224 171.205 171.18 171.148 171.16 171.131 171.013 171.049 171.153 171.123 171.107 171.074 171.171 171.123 171.103 171.158 171.198 171.148 171.052 171.077 171.111 171.044 170.908 170.97 170.975 170.981 170.905 170.934 170.858 170.773 170.459 170.02 169.603 169.476 169.34 168.743 168.507 168.398 168.31 168.212 168.228 168.089 167.793 167.45 167.446 167.393 167.254 167.235 167.177 167.041 166.959 166.831 166.645 166.524 166.366 166.186 166.124 166.089 165.953 165.887 165.599 165.715 165.71 165.584 165.556 165.585 165.475 165.3 165.307 165.272
171.256 171.238 171.187 171.249 171.324 171.19 171.187 171.176 171.062 170.975 171.046 171.005 170.975 170.998 171.031 171.06 171.066 171.03 171.073 171.093 171.137 171.186 171.04 171.015 171.033 171.044 170.975 170.895 170.872 170.826 170.887 170.878 170.874 170.863 170.757 170.55 170.111 169.774 169.925 169.866 168.893 168.428 168.413 168.319 168.058 167.981 167.9 167.966 167.623 167.377 167.351 167.346 167.217 167.106 166.942 166.879 166.761 166.633 166.508 166.363 166.157 166.001 165.949 165.791 165.675 165.587 165.577 165.576 165.54 165.508 165.413 165.268 165.297 165.286 165.263
171.27 171.185 171.245 171.247 171.165 171.168 171.172 171.132 171.079 171.038 171.004 170.937 170.969 170.952 170.898 170.878 170.934 170.978 170.988 171.037 171.068 171.017 170.951 170.993 170.985 171.001 170.979 170.886 170.726 170.753 170.799 170.797 170.831 170.86 170.727 170.54 170.271 169.934 170.858 171.938 168.983 168.37 168.363 168.52 168.914 168.438 167.676 167.747 167.47 167.255 167.311 167.187 166.978 166.957 166.898 166.775 166.694 166.637 166.518 166.295 166.255 166.107 165.922 165.706 165.596 165.498 165.427 165.512 165.491 165.374 165.186 165.224 165.252 165.261 -9999
171.316 171.167 171.187 171.272 171.196 171.156 171.085 171.034 171.14 171.098 171.036 170.934 170.938 170.92 170.881 170.891 170.936 171.01 171.021 170.994 170.945 170.92 170.977 170.93 170.875 170.877 170.888 170.851 170.778 170.753 170.749 170.723 170.79 170.711 170.562 170.539 170.3 169.862 169.764 169.969 169.015 168.233 168.136 168.948 171.198 170.262 168.386 167.52 167.421 167.218 167.176 167.013 166.899 166.903 166.787 166.709 166.611 166.514 166.385 166.379 166.287 166.106 165.926 165.592 165.382 165.24 165.264 165.396 165.363 165.269 164.883 165.146 165.2 -9999 -9999
171.215 171.179 171.152 171.158 171.144 171.083 171.041 171.038 171.125 171.14 170.958 170.925 170.925 170.924 170.888 170.895 170.985 171.039 170.985 170.934 170.928 170.885 170.847 170.785 170.81 170.795 170.716 170.775 170.787 170.77 170.739 170.701 170.671 170.57 170.505 170.491 170.256 169.873 169.52 169.032 168.492 168.131 167.926 168.174 169.594 170.333 168.365 167.414 167.383 167.289 167.174 167.125 167.003 166.799 166.689 166.775 166.617 166.414 166.323 166.341 166.209 166.099 166.098 165.644 165.256 165.115 165.12 165.187 165.112 165.153 164.992 165.049 -9999 -9999 165.082
171.098 171.07 171.098 171.086 171.044 171.037 171.048 171.032 171.035 171.002 170.961 170.921 170.895 170.882 170.874 170.835 170.87 170.892 170.853 170.88 171.029 170.907 170.857 170.745 170.757 170.736 170.73 170.764 170.738 170.766 170.689 170.626 170.588 170.611 170.547 170.424 170.272 169.839 169.21 168.724 168.385 167.987 167.625 167.685 167.954 168.584 167.839 167.314 167.247 167.204 167.185 167.115 166.921 166.753 166.666 166.6 166.47 166.413 166.383 166.291 166.237 166.132 166.07 165.593 165.256 165.063 165.114 165.13 165.1 165.119 -9999 -9999 165.059 165.054 165.091
171.092 171.075 171.058 170.988 170.916 170.965 171.036 171.039 171.028 171.004 171.061 170.901 170.859 170.863 170.861 170.88 170.858 170.832 170.814 170.867 170.834 170.816 170.801 170.752 170.749 170.696 170.717 170.64 170.644 170.681 170.636 170.547 170.503 170.476 170.369 170.363 170.132 169.485 169.116 168.717 168.286 167.793 167.557 167.364 167.263 167.967 167.599 167.137 167.076 167.067 167.088 166.989 166.948 166.851 166.655 166.53 166.447 166.401 166.286 166.237 166.191 166.105 165.845 165.516 165.38 165.214 -9999 -9999 -9999 -9999 -9999 165.163 165.046 164.987 165.139
171.093 171.075 171.002 170.953 170.922 170.948 171.004 171.031 171.009 170.992 171.046 170.965 170.866 170.843 170.908 170.876 170.879 170.892 170.845 170.729 170.665 170.778 170.739 170.683 170.647 170.611 170.607 170.528 170.403 170.406 170.484 170.444 170.343 170.161 170.026 170.03 169.672 169.324 168.944 168.617 168.23 167.788 167.54 167.204 167.08 167.126 167.263 166.848 166.862 166.908 166.747 166.842 166.919 166.786 166.61 166.554 166.504 166.252 166.132 166.095 166.034 165.807 165.583 165.489 165.406 -9999 -9999 -9999 -9999 -9999 165.296 165.308 165.168 164.94 165.099
