dsm/se2638_DSM_2M.asc
ncols 500
nrows 500
xllcorner    426000
yllcorner    438000
cellsize     2
NODATA_value -9999
[rows 288 to 319 of 500, columns 288 to 359 of 500]
133.284 133.975 132.907 132.869 132.875 132.923 133.167 133.122 133.232 133.848 134.755 134.628 133.945 133.699 133.924 134.731 134.219 134.104 134.432 135.851 137.024 137.12 138.032 139.106 140.758 141.373 140.675 139.497 137.555 136.674 136.315 136.009 136.273 136.945 137.767 138.303 137.486 136.917 136.593 136.449 136.534 136.632 136.723 136.858 136.892 137.07 138.773 141.934 142.76 142.221 139.86 137.473 137.031 137.834 137.515 136.734 136.407 136.265 136.436 136.429 -9999 -9999 -9999 -9999 -9999 -9999 -9999 -9999 -9999 -9999 -9999 -9999
132.559 133.09 133.33 133.443 133.155 132.851 132.71 133.057 133.119 133.346 133.838 134.517 134.343 133.833 133.707 133.776 134.162 134.217 134.421 135.044 136.744 137.383 138.317 139.309 140.721 141.219 140.536 138.212 136.603 136.199 135.914 135.822 135.908 136.354 137.59 138.153 137.849 136.687 136.297 136.379 136.474 136.571 136.638 136.848 137.085 139.277 141.718 143.484 143.651 142.753 141.113 138.613 136.814 137.126 137.213 136.626 136.259 136.417 136.378 136.399 -9999 -9999 -9999 -9999 -9999 -9999 -9999 -9999 -9999 -9999 -9999 -9999
132.436 132.686 133.734 134.498 133.366 133.004 133.199 133.355 133.137 133.531 134.394 135.865 135.808 134.23 133.849 134.721 135.359 134.65 134.807 135.222 136.134 136.738 137.81 138.047 139.399 140.02 139.897 138.737 136.824 136.35 135.795 135.766 135.739 135.861 137.136 138.385 138.204 136.95 136.554 136.479 136.48 136.525 136.61 136.951 139.081 141.742 142.893 143.464 143.823 143.883 142.781 139.778 137.225 136.668 136.611 136.735 136.456 136.386 136.391 136.384 136.363 -9999 -9999 -9999 -9999 -9999 -9999 -9999 -9999 -9999 -9999 -9999
132.322 132.457 132.943 133.891 133.65 133.18 133.74 133.972 133.823 135.203 136.974 137.367 137.798 135.796 134.384 135.135 136.36 136.15 136.941 136.679 136.58 136.533 135.87 136.655 137.293 139.604 137.933 138.436 137.039 136.072 135.524 135.738 135.874 136.109 137.013 138.273 138.577 137.372 136.971 136.719 136.51 136.465 136.727 136.925 137.192 140.725 141.605 142.867 143.935 144.238 143.59 140.826 137.619 136.473 136.332 136.425 136.475 136.406 136.5 136.46 136.5 -9999 -9999 -9999 -9999 -9999 -9999 -9999 -9999 -9999 -9999 -9999
132.303 132.365 132.484 132.839 132.922 133.875 135.683 134.56 134.332 135.994 137.193 137.377 136.392 134.432 134.145 134.503 136.155 138.955 139.848 139.435 137.342 136.558 135.879 135.49 135.85 137.721 137.612 136.977 136.282 135.671 135.495 135.624 135.85 136.266 136.623 137.167 137.364 137.004 137.215 136.725 136.468 136.323 136.754 137.253 136.983 138.069 139.517 141.995 143.722 143.946 143.308 142.186 139.672 137.22 136.871 136.54 -9999 137.129 136.738 136.435 136.493 -9999 -9999 -9999 -9999 -9999 -9999 -9999 -9999 -9999 -9999 -9999
132.839 132.267 132.239 132.702 133.034 134.102 136.584 135.225 133.867 134.377 135.727 135.174 134.574 134.217 134.115 135.002 138.41 140.547 141.035 140.537 139.027 136.909 135.427 134.927 135.83 137.082 136.693 135.893 135.474 135.447 135.443 135.436 135.827 136.365 136.754 136.624 136.383 136.575 136.669 136.597 136.292 136.145 136.364 136.989 136.585 136.563 137.061 140.584 142.85 143.413 143.315 142.62 141.491 -9999 -9999 136.922 137.325 137.894 137.423 136.31 136.494 -9999 -9999 -9999 -9999 -9999 -9999 -9999 -9999 -9999 -9999 -9999
135.933 132.991 132.429 132.939 134.35 137.026 138.158 134.943 133.66 133.421 133.436 133.33 133.975 134.378 134.789 136.172 138.958 140.509 141.115 140.958 140.378 138.394 135.218 135.139 135.908 136.633 136.525 135.738 135.405 135.353 135.459 135.725 136.248 136.935 137.692 137.325 136.512 136.643 136.589 136.31 136.279 136.166 136.259 136.523 136.319 136.566 137.999 141.39 142.922 143.186 143.171 142.777 141.597 139.669 137.981 137.295 136.887 138.142 138.886 136.896 136.6 136.311 -9999 -9999 -9999 -9999 -9999 -9999 -9999 -9999 -9999 -9999
137.962 134.83 133.882 134.389 135.274 137.597 136.862 134.784 133.074 133.042 133.098 133.26 133.809 134.156 134.994 136.032 138.123 140.616 141.479 141.218 140.46 138.095 135.551 135.227 135.746 136.714 136.415 135.611 135.349 135.314 135.606 136.136 136.569 137.389 137.881 138.001 137.798 137.445 137.203 136.516 136.716 136.51 136.074 136.456 136.442 137.343 139.778 142.111 142.579 143.03 143.03 -9999 141.654 140.346 138.08 136.892 136.461 137.127 137.587 136.942 136.166 136.147 -9999 -9999 -9999 -9999 -9999 -9999 -9999 -9999 -9999 -9999
136.03 136.307 136.234 136.465 135.044 134.857 135.242 133.42 132.834 132.956 133.236 133.969 134.437 134.512 135.257 137.204 139.637 141.514 141.993 141.137 139.104 135.877 134.833 135.094 135.354 135.894 135.743 135.39 135.35 135.4 135.747 136.357 137.208 137.67 138.01 138.664 139.654 138.704 137.895 137.46 138.113 137.314 136.448 136.523 136.711 137.424 140.267 141.982 142.552 -9999 142.97 142.843 142.122 141.827 139.44 136.894 136.491 136.586 137.193 137.05 136.214 136.074 136.058 -9999 -9999 -9999 -9999 -9999 -9999 -9999 -9999 -9999
136.5 138.218 135.876 134.911 134.503 134.556 134.865 133.215 132.867 133.057 133.937 135.579 135.191 134.921 136.707 139.761 141.12 141.803 141.367 139.299 136.492 134.76 134.913 135.182 135.538 135.498 135.419 135.125 135.367 135.493 135.793 136.942 137.54 137.044 137.219 138.925 141.162 140.904 139.648 137.438 137.983 137.527 137.188 137.064 137.054 137.872 139.394 141.227 -9999 142.316 142.783 142.921 142.841 142.495 141.116 137.914 136.483 136.408 136.498 136.961 136.04 135.969 136.048 -9999 -9999 -9999 -9999 -9999 -9999 -9999 -9999 -9999
136.189 135.839 135.228 134.071 133.897 133.846 136.201 134.634 133.05 133.201 134.096 136.26 135.772 135.186 137.434 140.187 140.749 140.923 140.115 138.024 136.554 134.915 134.963 135.532 136.015 135.642 135.484 135.285 135.349 135.617 135.955 137.15 137.746 136.628 135.968 139.111 142.293 142.855 142.426 140.639 138.666 137.138 137.641 137.526 137.634 138.438 138.578 138.069 140.228 141.805 142.652 142.905 143.183 142.984 141.791 138.861 136.783 136.289 136.272 136.602 136.327 136.108 136.282 136.364 -9999 -9999 -9999 -9999 -9999 -9999 -9999 -9999
132.897 133.693 132.789 132.445 132.792 132.664 133.773 133.646 132.919 132.934 133.986 134.552 134.441 134.247 135.849 138.132 138.678 138.132 139.866 139.092 137.299 135.392 135.065 135.142 135.424 135.454 135.34 135.106 135.409 136.043 136.767 138.013 137.977 136.92 137.706 141.311 143.351 143.702 142.621 139.757 137.263 136.183 136.76 137.577 138.609 138.698 138.416 137.399 138.198 140.452 142.667 142.937 143.518 143.741 142.621 141.28 139.286 137.254 136.165 136.136 136.736 136.978 136.13 136.363 -9999 -9999 -9999 -9999 -9999 -9999 -9999 -9999
132.23 132.526 132.259 132.306 132.293 132.573 132.673 132.867 132.859 133.02 133.487 133.855 133.904 134.343 134.682 135.275 135.529 135.896 137.562 137.82 137.232 135.402 135.093 135.039 135.237 135.227 135.103 134.969 135.443 136.469 136.919 136.454 137.04 138.164 141.189 142.628 143.146 143.257 141.964 139.065 136.202 136.063 136.24 136.831 139.18 138.858 137.872 136.548 136.881 137.527 140.534 142.142 143.337 144.319 143.491 142.748 142.095 139.645 136.643 136.153 136.336 137.759 136.573 136.457 -9999 -9999 -9999 -9999 -9999 -9999 -9999 -9999
132.186 133.357 133.03 132.76 132.746 132.683 132.598 132.691 132.93 133.243 133.677 133.868 134.38 135.205 134.373 135.275 135.058 135.421 135.767 135.362 135.919 135.319 135.202 135.089 135.128 134.864 134.945 135.129 135.679 136.758 137.02 136.578 136.466 137.549 141.571 142.378 142.994 142.928 141.828 139.93 136.93 136.076 136.154 136.611 138.376 138.661 137.384 136.263 136.355 137.066 137.865 140.15 142.619 143.767 143.808 143.158 142.122 140.24 137.527 136.218 136.167 136.614 -9999 136.165 135.86 135.823 -9999 -9999 -9999 -9999 -9999 -9999
132.001 133.055 133.305 133.595 132.957 132.782 132.829 132.746 132.982 133.701 134.102 134.555 136.062 137.361 136.697 136.539 135.409 136.333 135.762 136.027 135.326 135.399 135.35 135.076 134.999 134.909 134.986 135.13 135.887 136.449 136.748 136.486 136.395 136.559 139.256 142.084 142.621 142.651 140.898 138.875 136.798 136.154 136.268 136.597 137.852 138.01 137.054 136.173 136.362 136.765 137.255 139.129 142.009 143.629 143.988 142.572 139.649 138.731 -9999 136.367 136.371 -9999 136.066 135.925 135.845 135.762 135.734 -9999 -9999 -9999 -9999 -9999
132.055 132.577 132.997 132.881 132.595 133.071 133.452 133.423 133.067 133.909 134.622 135.566 136.786 138.996 138.932 136.919 134.556 134.991 134.815 135.15 134.928 135.336 135.819 135.304 135.11 135.031 134.967 135.137 135.959 136.562 136.761 -9999 136.308 136.459 137.451 140.305 141.137 138.928 136.981 136.093 136.136 136.126 136.236 136.689 137.722 137.867 136.76 135.993 136.206 136.333 136.242 137.443 141.22 142.686 143.219 141.285 137.113 137.602 -9999 -9999 -9999 136.116 136.2 136.061 135.783 135.71 135.724 135.703 -9999 -9999 -9999 -9999
132.212 132.909 133.271 132.973 132.974 133.216 133.933 134.274 133.727 133.972 134.776 137.656 138.401 139.481 140.121 139.144 135.12 134.416 134.619 134.688 134.848 135.038 135.579 135.323 135.157 135.104 134.996 135.214 136.016 136.797 136.725 136.805 136.758 136.008 136.999 138.395 137.751 136.363 135.926 136.131 136.433 136.273 136.252 136.595 137.579 137.733 137.092 136.27 136.166 136.09 135.939 136.371 138.029 140.898 -9999 141.146 139.829 139.491 -9999 137.915 136.802 136.152 136.226 136.388 135.859 135.768 135.686 135.676 135.643 -9999 -9999 -9999
132.294 133.658 134.113 133.764 133.103 133.374 133.659 133.815 133.957 133.752 134.524 138.143 140.592 141.211 140.834 139.636 136.053 134.497 134.519 134.68 135.355 135.939 135.093 135.008 135.027 135.037 135.05 135.092 135.745 136.441 136.191 136.508 138.393 137.829 139.141 139.824 136.957 135.97 136.093 137.059 137.516 136.331 136.499 136.726 137.592 138.368 137.529 136.421 136.147 136.154 136.383 137.146 137.643 -9999 139.822 140.946 141.56 141.394 140.998 139.204 136.659 136.148 135.972 135.987 135.865 135.812 135.736 135.649 135.576 135.524 -9999 -9999
134.452 136.337 135.804 135.138 133.422 133.983 133.426 132.896 133.449 134.716 136.992 140.459 141.674 141.222 139.966 138.111 135.465 134.611 134.565 134.924 136.586 137.952 135.59 135.118 134.885 135.007 135.115 135.23 135.441 135.735 135.719 136.177 139.046 141.65 142.395 141.784 138.774 137.092 136.843 137.321 137.399 137.045 137.103 137.145 138.238 138.53 137.655 136.331 136.074 136.546 137.527 138.241 137.926 137.87 139.609 141.445 142.075 142.273 142.417 141.168 137.003 136.148 135.75 135.744 135.907 135.792 135.711 135.616 135.533 135.479 135.483 135.514
137.738 137.995 137.572 136.764 136.391 136.841 134.447 133.224 134.302 137.584 139.865 141.367 140.954 138.524 136.161 136.839 136.03 134.814 134.597 134.89 135.489 138.017 136.379 135.039 134.851 134.923 135.108 135.292 135.323 135.722 136.122 137.249 141.18 142.593 143.195 142.16 139.452 137.99 137.622 137.048 136.579 136.752 136.947 137.322 138.743 139.954 138.318 136.578 136.59 137.517 138.387 138.003 137.243 136.846 137.986 141.694 141.747 143.16 143.548 142.691 139.837 137.096 135.912 135.731 135.918 135.97 135.762 135.688 135.552 135.469 135.499 135.537
138.257 138.649 139.071 139.465 139.279 136.83 133.482 134.061 135.232 137.236 139.587 140.108 138.134 135.169 134.332 135.013 135.28 134.732 134.623 134.826 135.204 136.062 135.337 134.832 134.897 134.931 135.128 135.228 135.526 135.633 135.762 137.947 142.13 142.979 143.37 142.373 140.446 137.235 137.32 136.816 136.299 136.308 136.466 137.199 138.466 140.666 139.203 137.271 136.864 137.094 137.443 136.846 136.306 136.199 137.11 139.224 141.274 143.572 144.496 142.867 141.478 139.041 136.646 135.693 135.905 136.395 135.904 135.843 135.611 135.443 135.465 135.557
137.815 139.532 140.024 140.208 139.514 138.069 135.713 134.781 135.331 135.537 136.709 138.47 135.893 134.296 134.143 134.264 134.515 134.771 135.025 135.425 134.894 134.963 134.85 134.749 134.824 134.939 135.119 135.145 135.365 135.573 135.645 137.88 141.679 143.236 143.382 142.237 140.252 137.321 136.703 137.553 136.578 136.105 136.106 136.724 138.793 140.323 140.127 136.842 136.394 136.437 136.249 136.221 136.143 136.156 136.268 137.585 141.27 143.15 143.941 143.242 142.297 140.32 137.406 135.843 135.512 136.016 136.065 135.918 135.596 135.494 135.511 135.649
138.299 139.602 139.778 139.696 138.922 138.104 -9999 -9999 135.2 135.046 134.225 135.308 134.528 134.383 134.143 134.194 134.68 135.739 137.026 137.494 135.017 134.867 134.728 134.687 134.76 134.981 135.154 135.191 135.256 135.567 136.136 138.944 141.914 143.114 142.824 140.948 137.615 136.443 137.001 137.601 137.135 136.211 136.17 137.164 139.635 142.104 142.4 137.797 136.393 136.05 136.223 136.394 136.708 136.85 136.425 137.164 141.033 143.573 144.1 142.512 141.025 139.787 137.386 135.826 135.907 136.11 135.957 135.909 135.643 135.642 135.634 135.663
137.598 138.316 137.58 136.728 137.412 137.013 -9999 -9999 -9999 134.355 134.033 134.658 135.319 134.246 134.241 134.192 135.712 137.679 137.86 137.594 135.746 134.771 134.641 134.576 134.689 134.989 135.201 135.204 135.29 135.488 136.253 137.492 141.041 141.8 140.844 138.953 136.476 136.245 136.522 136.917 138.055 137.059 137.473 138.127 139.882 141.881 140.311 137.238 136.303 136.431 136.771 137.227 137.023 137.405 136.598 137.193 140.259 142.271 142.235 139.601 139.101 140.715 137.75 136.662 136.711 136.536 135.785 135.781 135.709 135.689 135.652 135.658
135.533 134.692 133.018 133.751 134.006 134.322 134.464 -9999 -9999 134.417 134.374 135.122 136.031 135.32 134.819 134.738 136.359 137.86 138.043 137.418 135.794 134.799 134.64 134.713 134.859 135.023 135.28 135.36 135.309 135.446 135.973 136.587 138.931 139.157 139.417 138.449 137.14 136.136 136.047 136.498 137.354 136.959 137.898 137.637 138.467 139.099 137.035 136.318 136.961 139.203 139.695 138.062 137.362 136.861 136.386 136.655 137.496 139.97 138.478 137.183 137.132 139.652 137.874 136.579 136.981 136.672 135.996 135.77 135.757 135.742 135.636 135.51
133.521 133.18 132.471 133.032 133.039 132.418 133.168 -9999 -9999 134.579 134.384 134.711 136.492 135.545 135.044 135.037 136.04 137.387 137.592 136.656 135.139 134.706 134.709 134.872 135.006 135.169 135.412 135.565 135.546 135.713 136.048 136.723 136.652 136.256 136.604 137.754 137.107 136.288 136.091 136.182 136.238 136.125 136.259 136.64 136.726 138.042 137.059 136.431 137.29 139.594 141.285 138.416 136.755 136.652 136.346 136.221 137.352 137.795 136.625 137.36 139.121 140.57 138.964 136.294 136.193 136.135 135.902 135.72 136.048 135.715 135.603 135.496
132.278 132.595 132.663 132.749 132.736 132.486 132.925 -9999 -9999 -9999 134.785 135.173 135.663 135.428 135.046 134.971 135.567 -9999 -9999 134.842 134.632 134.572 134.66 134.89 135.029 135.352 135.499 135.627 136.893 138.284 139.069 138.227 137.001 137.063 137.744 137.648 136.937 136.769 136.677 136.335 136.178 136.431 136.285 136.021 135.934 136.734 137.428 136.621 136.336 137.6 139.212 137.381 136.201 136.847 136.87 136.809 136.86 137.745 139.036 140.182 141.388 141.392 141.056 139.471 137.373 135.648 135.793 136.715 137.485 135.834 135.513 135.527
131.821 132.216 -9999 -9999 -9999 -9999 -9999 -9999 -9999 -9999 -9999 -9999 -9999 -9999 134.916 134.842 -9999 134.826 134.598 134.508 134.526 134.489 134.61 135.052 135.43 135.454 135.712 136.569 139.626 141.638 142.268 141.283 139.006 138.135 138.184 137.232 136.761 137.138 137.234 136.82 136.699 137.706 136.533 136.053 136.26 137.36 138.95 137.124 136.507 137.377 138.928 137.306 136.508 136.492 136.947 137.601 137.128 137.322 139.567 141.686 141.575 142.166 142.774 142.559 141.064 137.399 136.266 137.333 139.943 137.64 135.865 135.514
132.006 -9999 -9999 -9999 -9999 -9999 -9999 -9999 133.451 133.675 -9999 -9999 134.369 134.589 -9999 -9999 -9999 134.408 134.447 134.479 134.515 134.495 134.687 135.119 135.5 135.482 136.053 138.927 141.119 141.887 142.644 142.474 139.872 138.444 137.482 136.48 136.15 137.147 137.042 136.536 136.586 137.268 136.764 136.357 136.491 137.873 139.268 138.077 136.807 136.43 137.912 138.162 137.105 136.522 136.687 136.913 136.355 136.224 136.544 139.563 141.468 143.079 144.019 143.316 142.433 141.386 138.339 136.021 138.253 137.933 136.299 135.585
132.4 -9999 -9999 -9999 -9999 132.886 132.962 133.191 133.549 133.752 133.663 133.912 134.105 134.207 134.559 134.501 134.111 134.305 134.421 134.44 134.455 134.537 134.803 134.965 135.359 135.454 135.751 139.613 141.432 142.533 143.225 143.035 139.85 137.166 136.429 136.298 136.048 136.297 136.153 135.993 136.164 136.574 136.433 136.625 137.564 140.038 140.778 139.747 138.333 137.416 137.556 137.803 137.606 136.713 136.344 136.125 135.916 135.957 136.522 138.244 140.63 142.344 143.396 143.474 142.938 142.76 141.291 138.229 137.456 137.149 136.305 135.867
132.71 132.597 132.509 132.607 132.727 132.866 132.973 132.932 133.419 133.82 133.576 133.735 133.988 134.249 134.826 134.401 133.996 134.172 134.349 134.323 134.363 134.68 134.971 135.111 135.29 135.294 135.614 136.779 140.004 142.577 142.622 142.106 139.314 136.476 136.177 137.356 137.455 137.158 136.132 136.084 136.021 136.047 136.055 136.519 138.542 140.771 141.751 142.235 139.925 139.397 139.286 137.501 137.24 136.581 136.026 136.019 135.934 136.591 137.882 138.888 139.634 141.778 142.974 143.337 142.923 142.305 141.188 139.116 137.264 137.167 136.635 136.091
132.989 132.654 132.365 132.543 132.667 132.798 132.983 132.768 132.992 133.219 133.437 133.629 134.111 136.05 135.995 134.518 133.867 134.175 134.27 134.232 134.357 134.911 135.43 135.624 136.095 136.141 136.161 135.729 139.283 140.677 140.967 141.02 138.917 136.435 136.189 136.597 137.52 138.207 137.421 136.897 136.24 135.977 136.006 136.46 138.212 140.951 141.531 142.168 141.208 140.203 140.069 137.641 136.339 135.929 135.973 136.134 136.389 136.831 137.847 138.642 138.204 139.939 142.156 143.084 141.147 139.383 139.555 137.781 137.361 137.014 -9999 -9999
