dsm/se2634_DSM_2M.asc
ncols 500
nrows 500
xllcorner    426000
yllcorner    434000
cellsize     2
NODATA_value -9999
[rows 384 to 415 of 500, columns 360 to 431 of 500]
57.377 57.535 54.162 62 59.05 60.639 58.407 56.223 52.916 55.945 55.554 51.935 53.596 47.869 52.565 53.123 52.35 49.982 43.159 39.855 38.86 38.822 44.96 49.596 50.161 47.955 43.314 41.754 42.126 45.507 41.417 42.93 39.125 37.499 37.014 36.939 36.911 36.854 36.932 36.905 36.923 37.889 38.11 38.396 39.549 39.725 39.791 38.828 37.354 37.16 37.259 37.43 38.065 40.889 40.566 39.949 36.893 36.816 36.77 36.894 36.892 36.86 36.829 36.882 36.926 36.88 36.814 36.879 36.881 36.922 36.85 36.852
58.273 61.522 61.762 62.323 62.129 55.324 57.244 56.521 57.097 56.332 54.796 55.539 53.16 42.118 56.938 55.58 51.371 51.792 47.489 44.368 39.122 42.592 48.882 49.651 50.597 49.342 40.063 46.732 50.786 50.583 51.389 50.948 44.361 44.8 40.867 36.99 36.935 36.856 36.906 36.876 36.936 36.976 37.828 37.674 37.532 38.885 40.365 39.729 39.371 38.686 38.069 37.977 38.789 43.608 45.044 41.282 39.549 36.887 36.825 38.124 38.783 39.447 40.068 36.847 36.889 36.899 36.867 36.919 36.786 36.864 36.843 36.865
56.025 58.93 62.106 62.289 62.284 60.678 57.223 53.31 55.969 56.778 56.668 58.159 53.345 56.106 57.768 57.299 53.775 48.569 51.17 42.913 40.123 44.754 48.915 50.625 50.601 44.322 47.649 49.596 52.156 52.219 52.445 51.063 50.049 47.981 44.096 38.243 36.896 36.936 36.906 36.906 36.945 36.865 36.917 37.79 37.965 38.561 38.85 39.028 39.87 39.577 39.505 39.127 41.859 44.505 47.61 42.558 39.115 39.64 38.71 38.136 38.716 39.418 40.106 40.183 40.054 39.528 39.375 38.486 36.807 36.847 36.833 36.882
52.57 58.087 58.898 59.576 61.445 59.353 49.374 55.254 50.132 56.398 57.583 58.795 56.784 58.138 58.067 57.759 53.587 48.55 43.773 40.082 44.505 42.667 47.464 47.444 42.943 49.625 49.866 50.775 52.396 52.789 52.866 52.82 48.863 45.805 45.625 38.536 36.908 36.951 36.883 36.911 36.886 36.925 36.902 36.877 36.9 36.934 36.895 38.506 38.407 38.486 39.364 39.243 43.352 46.122 45.053 40.531 38.591 41.538 42.74 40.899 38.829 40.028 42.507 39.904 41.467 40.89 38.875 38.258 37.55 37.301 37.387 36.914
51.183 52.931 53.204 54.765 56.759 57.224 52.841 54.283 58.242 55.253 58.245 53.655 58.859 57.996 56.718 57.5 54.21 48.621 48.505 44.757 47.151 48.24 44.385 48.447 48.23 48.755 47.727 47.952 51.234 52.586 53.167 52.278 47.842 45.201 40.57 38.038 37.093 36.968 36.925 36.923 36.86 36.928 36.869 36.894 36.886 36.899 36.888 36.906 37.952 37.457 37.511 37.64 42.398 45.875 42.223 39.657 44.269 44.912 43.737 41.735 39.223 40.07 42.384 40.98 42.2 43.266 39.776 38.086 37.535 37.319 37.335 37.441
58.258 53.719 51.787 54.091 53.191 52.559 51.618 56.239 58.332 59.083 60.44 60.478 49.54 55.653 58.216 56.606 55.327 53.667 52.501 50.904 49.4 51.721 47.973 48.395 51.36 48.526 43.206 44.219 47.84 49.233 51.677 50.576 46.249 44.66 40.858 39.728 38.101 37.392 36.941 37 37.093 37.369 36.901 36.906 36.96 36.829 36.936 36.88 36.845 37.344 37.249 37.12 41.847 44.073 43.279 41.04 44.499 42.547 44.465 43.053 40.235 42.101 40.164 40.15 41.012 44.458 42.939 37.908 37.454 37.41 37.681 37.768
58.932 54.461 51.866 53.943 56.039 55.811 56.672 56.777 53.171 58.543 59.624 60.184 57.029 50.633 56.068 56.201 55.974 50.293 50.739 47.927 52.741 54.45 52.792 51.619 50.941 49.606 42.752 44.929 40.919 48.425 48.793 46.777 43.844 42.686 41.671 41.906 39.994 37.82 37.295 37.044 37.096 37.564 37.44 36.888 36.926 36.887 36.913 36.915 36.922 36.886 36.966 37.261 37.475 37.706 37.65 37.599 44.414 41.497 40.904 43.004 45.168 44.373 39.943 38.542 37.556 42.037 38.934 37.408 37.478 37.627 37.615 37.572
58.504 55.39 52.579 54.314 55.609 59.014 54.516 51.718 56.238 56.244 57.707 52.031 56.468 50.79 55.627 53.44 49.949 53.974 51.327 55.373 56.242 55.645 52.408 46.413 48.971 43.657 50.106 42.016 41.275 46.499 48.064 43.52 39.247 44.408 44.847 40.153 44.763 40.694 38.276 37.719 39.179 40.756 40.742 37.598 36.869 36.873 36.952 36.906 36.856 36.908 36.899 36.925 36.886 36.856 36.893 36.847 39.104 44.048 38.303 39.866 44.606 41.137 39.556 39.357 41.332 38.807 37.488 37.287 37.448 37.612 37.547 39.239
55.575 54.546 52.64 55.509 58.497 59.064 52.943 50.321 50.957 47.721 54.616 56.583 56.76 52.197 52.936 48.663 54.525 54.965 55.49 56.252 51.089 48.27 52.764 52.281 50.744 52.931 42.519 42.792 49.399 48.071 50.106 50.031 43.994 44.797 44.476 38.658 41.591 38.69 38.086 38.043 40.553 45.288 45.95 45.551 42.212 36.958 36.857 36.869 36.932 36.919 36.877 36.924 36.893 36.906 36.853 36.923 36.973 36.974 36.982 37.082 38.043 40.278 37.575 38.218 38.348 38.592 38.284 38.19 38.286 37.94 38.696 40.948
53.412 53.286 52.967 53.58 55.211 56.146 54.308 54.179 52.315 53.822 54.067 57.105 56.76 57.17 55.697 58.642 60.135 59.215 52.077 52.781 55.385 52.954 51.515 52.312 51.34 45.637 50.025 51.741 49.962 51.017 47.826 45.548 40.42 48.106 44.748 40.171 38.226 37.655 38.096 42.325 45.563 46.384 45.302 45.467 41.325 36.988 36.853 36.851 36.953 36.941 36.939 36.91 36.909 36.855 36.93 36.895 36.929 36.925 36.87 37.022 36.968 37.107 37.195 37.549 37.465 37.568 37.539 37.676 37.772 38.136 40.093 42.897
66.131 61.926 53.73 58.268 56.731 55.969 54.071 55.886 58.265 58.298 52.699 58.895 56.65 58.65 53.855 60.186 60.362 59.139 58.453 53.72 48.715 56.184 50.903 53.382 52.097 49.554 45.445 50.554 50.966 51.039 44.862 42.004 48.416 49.045 44.292 39.502 37.747 37.66 42.796 44.789 47.724 45.122 45.822 41.916 43.521 37.672 37.005 37.054 37.412 36.873 36.901 36.909 36.892 36.911 36.872 36.881 36.871 36.859 36.843 36.881 36.876 37.046 37.018 36.955 37.12 37.03 38.177 37.411 37.34 37.628 39.129 40.186
61.409 54.593 62.147 57.136 58.663 60.612 59.226 58.635 58.535 51.587 58.455 59.608 53.136 51.717 54.78 58.198 57.12 58.749 57.75 50.793 55.069 53.496 55.151 54.211 50.764 45.31 52.31 49.638 50.257 49.282 50.272 49.292 44.24 49.541 48.694 45.687 41.787 39.989 44.565 45.4 42.351 45.618 44.654 39.189 41.036 38.786 43.013 41.07 39.328 39.783 37.213 36.954 36.91 36.89 36.936 36.918 36.899 36.869 36.952 36.913 37.273 36.912 36.939 36.915 37.071 36.992 37.026 36.975 37.037 37.298 38.38 38.11
57.847 55.825 61.693 62.163 62.901 60.583 54.071 61.492 58.099 59.623 58.905 59.818 52.58 55.505 58.016 58.332 59.796 58.597 57.819 58.371 58.418 57.957 49.799 55.983 49.555 54.268 56.294 53.204 51.882 48.502 50.525 50.574 47.332 50.381 49.926 47.4 43.925 46.03 46.987 44.045 45.037 43.307 44.36 38.284 37.826 46.301 47.178 46.962 46.197 45.389 38.879 36.908 36.881 36.904 36.836 36.879 36.914 36.903 36.862 36.918 37.104 37.391 36.881 36.902 36.91 36.884 36.839 36.863 36.903 36.85 38.057 38.157
52.942 52.937 54.468 54.391 55.398 53.107 57.565 59.531 55.826 57.716 58.229 59.433 57.176 58.459 58.947 57.166 53.966 59.465 56.432 59.526 57.81 52.656 52.667 50.942 49.768 54.961 57.073 56.723 52.666 54.695 50.282 45.636 46.856 50.814 49.704 50.292 48.725 48.751 46.607 42 38.842 39.045 37.658 37.77 43.116 48.908 49.706 50.233 47.628 47.15 42.223 37.271 37.004 36.958 36.922 36.905 37 36.989 40.725 39.962 38.037 37.489 37.79 36.905 36.86 36.944 36.941 36.978 36.888 36.82 36.863 38.328
53.057 52.957 52.915 52.907 52.939 53.356 52.961 52.942 55.249 56.873 58.048 57.931 57.522 56.727 56.476 51.099 53.933 57.231 55.764 52.783 52.944 49.095 56.559 56.859 56.028 57.285 57.78 56.557 56.23 56.125 53.815 48.662 52.249 43.869 47.392 51.529 46.495 43.98 41.377 47.285 43.713 38.423 37.899 37.944 45.832 49.647 51.065 49.077 47.548 47.213 43.436 41.023 39.994 39.36 37.489 36.969 37.249 40.799 41.354 42.262 42.747 40.314 37.064 37.042 36.936 36.822 36.874 36.849 36.804 36.833 36.777 36.824
53.024 52.918 52.894 52.972 53.007 52.988 52.98 53.007 52.992 53.631 56.271 56.522 57.701 57.418 57.457 54.283 51.138 56.96 58.893 57.906 50.821 55.947 54.759 51.484 54.273 57.1 57.557 55.201 52.901 51.942 52.394 51.79 50.812 46.727 42.039 50.34 45.477 41.368 47.935 49.375 48.738 42.36 39.157 38.418 44.443 48.139 49.324 49.512 47.211 46.245 41.65 43.839 42.923 43.186 40.895 45.435 45.145 42.179 42.709 43.808 42.979 41.071 40.634 41.679 40.854 38.541 38.704 36.866 37.009 36.883 36.89 36.803
53.048 53.012 52.978 52.983 53 52.995 52.902 52.903 52.901 52.868 52.925 53.423 55.62 56.709 57.158 56.51 59.954 59.989 58.891 56.43 52.22 57.458 57.447 50.993 56.73 54.552 55.652 56.385 54.208 50.651 51.17 52.119 53.891 52.533 52.797 53.232 46.64 45.861 50.611 51.277 50.599 46.405 39.999 38.898 38.804 43.113 47.076 48.226 47.782 42.881 44.155 46.751 45.62 44.687 46.594 47.057 47.002 41.52 42.171 42.808 41.422 38.655 42.917 43.863 42.339 40.391 39.036 40.845 43.995 43.287 37.173 37.334
53.038 53.051 52.998 52.953 52.987 53.015 52.964 52.908 52.877 52.823 52.867 52.902 53.364 55.096 56.758 57.432 57.623 58.129 58.817 58.699 58.313 54.6 54.353 57.635 55.24 56.291 56.582 54.387 55.264 52.734 48.393 53.282 55.208 54.666 53.732 53.684 52.041 47.741 50.011 49.26 48.922 43.453 45.149 45.714 45.243 46.821 45.797 45.267 43.792 41.483 44.465 46.826 47.547 47.708 47.669 46.7 42.572 44.225 40.331 42.414 41.043 43.989 44.823 45.365 44.609 42.909 40.651 42.73 47.341 46.018 39.79 38.516
52.961 53.045 53.046 53.09 53.05 52.999 52.934 52.943 52.892 52.877 52.845 52.816 52.898 52.827 53.617 56.095 56.442 54.415 59.182 58.639 58.563 58.242 57.926 58.5 57.518 56.342 57.32 57.513 56.205 55.421 54.738 57.05 57.422 56.347 53.816 48.175 52.907 50.106 50.505 48.319 46.557 46.798 49.955 52.04 46.327 49.083 48.544 44.119 40.231 39.147 41.839 45.585 47.065 46.064 47.845 46.951 45.177 43.19 38.531 39.064 43.511 48.032 47.099 44.127 43.582 44.001 41.267 44.568 44.571 43.102 41.522 39.043
53.062 53.075 53.005 53.059 53.069 53.058 53.008 52.975 52.844 52.807 52.86 52.864 52.803 52.75 52.774 53.65 55.74 56.705 57.156 58.685 58.461 58.509 58.173 56.365 57.671 58.229 55.846 56.178 56.709 56.579 56.637 57.083 57.672 55.896 53.537 51.077 52.452 50.86 50.347 48.765 46.56 50.843 53.012 53.927 50.964 48.105 46.63 42.916 40.736 44.024 39.737 45.208 46.423 46.893 45.346 40.103 40.748 39.466 39.046 39 44.491 47.845 46.952 43.467 43.733 43.93 44.82 45.61 45.311 43.729 41.669 40.124
53.046 53.128 53.106 53.129 53.095 53.076 53.009 53.036 52.944 52.894 52.828 52.755 52.752 52.693 52.736 52.638 52.67 55.114 54.478 56.019 56.143 56.946 53.269 57.049 53.643 57.739 58.375 52.657 57.79 57.376 56.683 56.061 57.48 54.704 53.562 52.231 54.053 53.832 51.189 50.033 49.08 51.448 53.226 54.265 49.929 48.62 47.358 49.183 53.619 49.656 40.278 44.568 46.601 42.727 47.806 47.008 40.93 39.173 39.232 41.022 43.826 45.769 45.783 43.873 45.083 42.936 45.86 46.074 46.09 44.838 43.125 42.454
53.145 53.129 53.176 53.125 53.03 53.079 53.116 53.051 52.927 52.876 52.819 52.768 52.68 52.698 52.604 52.571 52.613 52.655 52.663 52.436 52.756 55.031 57.011 58.254 58.948 55.63 58.245 57.896 56.497 56.048 56.855 55.79 56.549 54.396 55.345 55.096 55.139 52.986 50.393 50.319 49.455 51.297 52.801 51.684 50.983 47.78 50.121 51.981 54.534 51.693 45.265 43.331 45.272 49.565 50.927 51.552 46.138 40.13 39.8 44.277 42.34 44.558 44.495 45.9 47.645 47.187 45.395 44.973 46.207 45.872 44.293 45.618
53.107 53.14 53.239 53.225 53.119 53.068 53.024 52.965 52.974 52.88 52.819 52.712 52.648 52.611 52.595 52.5 52.51 52.559 52.583 52.706 52.55 54.557 56.599 57.979 57.92 56.205 56.921 56.693 56.802 58.89 55.36 55.58 56.162 55.977 56.242 57.692 51.895 51.236 50.3 50.414 51.363 50.261 49.069 49.473 47.817 47.691 50.876 52.318 48.379 48.211 49.195 46.912 46.716 49.557 50.164 49.307 49.366 43.221 48.318 50.102 49.645 50.144 43.448 44.351 47.204 47.127 44.855 44.038 45.443 45.533 44.26 45.274
53.185 53.204 53.205 53.184 53.116 53.022 53.012 53.013 52.965 52.915 52.854 52.716 52.676 52.641 52.606 52.582 52.534 52.556 52.653 52.657 52.663 52.543 52.5 56.173 56.27 56.788 56.317 56.506 58.165 53.5 55.536 55.832 55.492 56.213 52.177 57.927 53.962 49.016 48.649 54.884 55.033 54.809 48.984 50.814 50.362 51.754 54.192 54.383 51.699 44.953 47.717 48.399 49.807 48.871 47.227 51.241 51.971 51.769 50.639 53.85 54.438 50.277 47.338 44.937 45.999 45.733 44.278 44.03 43.502 43.95 43.528 44.706
53.165 53.231 53.268 53.154 53.093 53.046 53.038 52.988 52.886 52.962 52.9 52.875 52.784 52.728 52.62 52.579 52.553 52.543 52.579 52.54 52.59 52.583 52.565 52.996 54.941 56.013 56.468 56.492 55.373 54.659 54.266 56.153 55.379 55.309 53.659 53.881 50.421 47.821 53.57 56.913 57.217 56.383 54.822 52.116 51.968 53.338 51.599 58.572 48.217 49.122 46.345 45.373 44.345 47.058 45.963 51.206 50.518 50.328 53.696 53.805 55.013 53.545 47.222 42.694 45.059 45.513 45.522 45.221 43.749 43.3 43.28 44.456
53.081 53.183 53.24 53.184 53.111 52.998 52.936 52.969 52.956 53.004 53.051 53.096 53.012 52.774 52.691 52.633 52.617 52.565 52.502 52.551 52.552 52.557 52.559 52.569 52.573 54.139 55.176 55.438 55.022 57.987 59.052 56.67 55.262 55.105 56.958 50.373 54.88 54.061 55.264 57.125 52.209 52.106 56.638 53.807 53.374 55.547 56.572 50.874 51.38 49.473 52.909 47.239 50.539 50.055 50.09 52.749 53.585 52.735 53.244 53.707 53.811 53.004 51.473 49.839 44.895 42.34 43.802 44.788 43.349 42.921 43.433 42.521
54.214 53.08 53.128 53.161 53.2 53.106 53.015 52.993 52.945 52.97 53.084 53.261 52.974 52.818 52.717 52.677 52.572 52.596 52.582 52.543 52.567 52.564 52.522 52.581 52.587 52.517 53.019 52.288 56.205 58.829 60.798 56.653 52.648 51.69 53.244 55.177 55.769 56.238 57.641 56.838 55.806 58.559 56.332 54.772 54.768 55.611 56.948 55.499 45.995 53.622 56.507 55.408 55.663 55.066 51.49 48.216 50.427 53.184 54.89 54.305 54.353 48.271 50.682 52.905 47.812 47.57 43.034 43.085 43.108 44.672 44.781 43.465
56.499 53.282 53.216 53.117 53.185 53.127 53.082 53.01 52.988 53.007 53.115 53.244 53.015 52.906 52.776 52.746 52.683 52.605 52.636 52.611 52.541 52.566 52.587 52.605 52.582 52.624 52.607 52.513 52.475 56.794 54.06 53.911 51.998 51.593 55.33 56.054 54.885 53.919 56.258 54.725 57.786 56.638 56.668 55.673 51.387 55.023 55.633 55.621 56.096 50.041 55.348 56.166 57.092 49.83 46.349 48.547 54.403 55.294 54.945 52.571 53.6 52.521 55.011 55.113 56.052 53.582 44.905 43.878 43.817 46.119 46.676 44.9
61.178 62.403 59.381 53.197 53.166 53.182 53.195 53.126 52.998 53.005 53.051 53.155 53.104 52.872 52.789 52.793 52.718 52.659 52.672 52.707 52.65 52.641 52.603 52.587 52.663 52.643 52.68 52.629 52.715 52.736 52.843 52.723 52.488 52.229 54.747 55.001 55.6 54.074 53.092 55.796 57.3 58.832 57.36 55.911 52.295 56.908 56.532 56.211 57.69 57.261 54.544 52.794 55.634 56.873 51.144 50.762 54.843 54.153 55.933 55.578 54.475 53.034 54.301 56.699 57.21 56.514 49.535 46.106 45.025 45.416 46.201 44.851
59.137 59.831 53.928 53.928 53.159 53.168 53.145 53.182 53.137 53.109 53.12 53.069 53.031 52.927 52.86 52.822 52.794 52.776 52.747 52.728 52.752 52.671 52.684 52.661 52.674 52.681 52.739 52.834 52.984 52.991 53.048 53.012 52.962 52.791 52.577 54.442 54.819 54.401 57.189 56.781 54.218 58.669 58.941 57.063 57.753 57.676 57.518 59.334 60.148 56.19 54.918 50.063 58.437 52.772 54.273 48.178 52.47 56.029 57.275 53.915 54.009 52.009 52.304 56.25 56.418 54.499 51.095 47.201 45.499 48.834 47.106 50.533
58.356 60.551 53.285 53.115 60.649 53.401 53.191 53.128 53.157 53.18 53.118 53.083 53.011 52.999 52.94 52.894 52.838 52.78 52.716 52.775 52.741 52.751 52.758 52.736 52.753 52.732 52.751 52.984 52.918 52.768 52.736 52.799 52.942 53.06 52.838 52.751 53.397 54.527 56.095 55.259 57.638 59.551 55.099 59.182 59.062 58.267 57.623 59.582 60.704 53.547 52.484 52.122 53.217 59.771 57.15 50.551 50.733 54.001 54.04 48.938 52.03 53.697 53.705 54.088 53.186 50.845 48.977 46.21 48.644 53.36 55.576 57.215
57.912 57.325 53.897 65.759 61.582 55.458 63.357 58.528 53.321 53.184 53.178 53.125 53.068 52.969 52.975 52.933 52.867 52.798 52.775 52.801 52.754 52.718 52.751 52.796 52.806 52.795 52.819 52.881 52.877 52.788 52.876 52.799 52.812 52.804 53.057 53.116 52.954 52.906 53.825 54.633 58.211 58.986 54.902 60.029 60.14 54.461 60.403 58.986 59.303 58.905 48.636 55.591 51.495 57.448 57.398 51.053 49.456 49.042 51.608 47.313 53.655 54.14 54.881 56.506 55.096 52.06 50.736 47.407 51.873 56.108 57.796 57.162
