dsm/se2636_DSM_2M.asc
ncols 500
nrows 500
xllcorner    426000
yllcorner    436000
cellsize     2
NODATA_value -9999
[rows 31 to 61 of 500, columns 142 to 212 of 500]
91.729 92.072 92.182 92.378 92.575 92.584 92.687 92.69 92.704 -9999 92.785 92.792 92.854 92.822 92.918 92.959 93.048 93.076 92.975 93.058 93.195 93.15 93.142 93.39 93.587 93.955 94.093 94.326 94.525 94.706 95.145 95.476 96.242 96.567 96.179 96.533 97.365 98.047 99.98 99.572 102.565 101.303 99.039 98.77 99.636 100.24 103.964 107.032 101.734 101.227 103.287 102.931 103.534 102.727 103.098 103.33 103.611 103.858 105.017 108.197 107.81 108.505 106.574 106.106 106.368 107.37 109.501 110.099 111.6 112.779 112.306
91.736 91.932 92.229 92.464 92.454 92.626 92.713 92.737 92.719 -9999 92.791 92.765 92.8 92.801 92.878 92.94 93.024 93.062 92.999 93.036 93.121 93.191 94.134 94.884 94.951 94.235 94.478 94.859 94.712 95.32 95.48 95.739 96.125 96.238 96.337 97.023 97.684 99.549 99.015 99.276 101.115 106.726 101.824 99.437 99.793 100.953 105.288 105.136 102.15 101.609 106.116 108.592 107.673 103.466 103.352 103.528 104.128 104.078 105.227 105.847 107.628 110.015 108 106.759 107.162 108.784 111.047 110.756 111.313 111.64 110.327
91.484 91.992 92.245 92.394 92.448 92.579 92.635 92.755 92.728 -9999 92.787 92.815 92.863 92.914 93.035 92.918 93.083 93.235 93.208 93.143 93.172 94.003 96.909 97.191 94.776 94.875 95.255 95.865 95.605 95.478 95.705 96.184 96.366 96.659 96.661 98.175 99.161 99.153 99.65 99.466 99.494 101.877 100.718 101.018 99.876 100.5 101.004 101.139 101.174 101.672 103.819 103.209 105.937 107.451 104.742 104.502 104.548 104.284 104.559 105.487 105.927 108.423 109.046 107.944 107.687 110.162 112.936 112.14 112.001 111.111 109.5
91.588 91.877 92.089 92.293 92.555 92.624 92.615 92.688 92.737 -9999 92.811 92.874 93.003 93.295 93.395 93.199 93.321 93.4 93.247 93.459 93.637 95.119 99.649 99.948 99.928 96.671 96.05 97.99 97.413 96.411 95.647 96.008 96.647 96.851 98.126 98.525 99.334 98.619 100.186 102.772 100.263 101.616 105.525 102.976 100.563 101.549 101.4 101.164 101.586 103.156 104.946 103.141 104.465 105.066 105.182 105.411 108.537 105.844 105.759 105.613 105.916 107.774 108.369 107.973 108.171 112.163 114.617 115.363 111.999 110.924 109.957
91.644 91.713 92.023 92.393 92.61 92.65 92.714 92.772 92.765 -9999 92.832 92.864 92.933 93.436 93.746 93.509 93.565 93.673 93.559 93.739 94.363 95.924 100.268 99.613 98.313 96.652 96.371 97.618 98.433 96.643 96.248 96.751 96.842 97.131 98.313 100.352 100.771 100.261 102.053 100.564 100.474 102.603 101.086 101.095 101.839 107.442 104.115 101.461 101.919 103.674 106.21 103.275 103.622 104.728 105.076 105.381 107.72 106.823 109.343 106.658 106.709 108.193 109.353 107.752 109.579 113.227 114.26 112.461 110.357 110.159 111.303
91.593 91.916 92.202 92.394 92.514 92.651 92.718 92.769 92.805 -9999 92.825 92.851 92.915 93.337 93.52 93.552 94.032 93.806 93.931 94.319 94.636 96.151 97.775 96.828 97.221 96.476 96.552 96.721 96.693 97.127 99.219 99.557 98.545 99.343 101.847 102.296 100.967 100.737 101.798 99.734 101.303 103.937 100.892 101.539 105.281 105.971 104.092 102.104 102.101 102.522 103.158 103.534 103.642 103.969 104.106 105.183 106.043 106.446 108.839 108.843 106.991 108.215 110.673 108.309 109.091 109.929 112.48 110.845 110.968 112.977 112.175
92.161 91.942 91.971 92.241 92.53 92.641 92.802 92.938 92.917 92.873 92.854 92.805 92.997 93.181 93.75 94.027 94.171 94.254 94.393 94.469 94.937 95.232 95.758 95.908 96.973 97.058 97.202 97.12 97.743 98.934 100.676 98.189 100.237 102.939 103.47 100.97 100.628 102.87 101.229 100.148 100.836 101.951 101.173 101.647 102.339 103.408 106.729 103.741 102.413 103.244 105.478 103.761 103.663 104.013 104.913 105.904 110.382 108.073 108.508 111.925 107.77 107.662 108.089 107.942 108.366 108.582 109.294 111.979 116.103 117.207 113.831
92.693 91.783 92.047 92.345 92.468 92.643 92.884 92.903 92.913 -9999 92.909 92.879 92.878 92.987 93.635 94.096 94.344 94.403 94.612 94.646 94.919 95.211 95.458 96.118 98.439 99.016 98.686 99.3 100.935 99.021 99.279 99.676 102.075 101.022 103.21 103.821 100.722 100.556 102.984 101.432 102.738 104.926 102.951 101.268 102.169 105.571 109.633 109.536 104.276 104.109 106.307 104.855 103.982 104.415 105.125 108.135 110.876 110.495 110.704 108.704 107.402 107.567 108.038 108.348 108.703 108.943 110.444 115.095 115.271 117.439 114.119
91.763 91.913 92.188 92.316 92.505 92.699 92.766 92.705 92.796 92.865 92.929 92.962 92.939 93.023 93.617 94.297 94.493 94.554 94.751 94.885 95.156 95.199 95.719 96.136 98.721 101.492 100.673 101.555 97.822 102.278 101.537 101.044 101.321 100.534 101.221 101.849 100.562 100.718 107.075 102.92 104.895 105.841 102.896 102.415 103.182 109.128 110.357 108.396 104.091 103.566 103.977 105.094 104.821 104.763 105.795 108.306 109.769 109.801 107.599 107.297 107.604 107.997 108.311 108.729 108.969 109.617 111.247 116.506 115.83 114.724 113.846
91.595 91.904 92.22 92.386 92.596 92.671 92.754 92.766 92.767 92.832 92.946 92.989 93.013 93.396 93.869 94.331 94.508 94.772 95.084 95.16 95.036 95.551 95.815 96.698 99.217 101.042 99.553 98.801 98.869 100.216 98.959 99.954 99.302 99.534 99.335 99.466 99.865 101.046 103.636 101.91 105.721 101.758 102.246 102.083 103.027 106.737 106.67 104.096 103.122 103.319 104.03 105.778 107.552 105.383 105.468 106.014 107.379 109.353 107.561 108.17 111.528 110.102 108.574 109.801 111.023 110.439 110.711 113.125 113.132 112.647 112.559
91.579 91.876 92.368 92.517 92.563 92.651 92.734 92.851 92.806 92.858 92.958 93.005 93.086 93.558 93.943 94.328 94.819 94.997 94.96 95.242 95.813 95.887 95.893 96.546 97.679 98.964 101.482 98.599 98.302 98.744 98.404 98.73 99.052 100.359 100.319 99.854 100.297 100.819 100.891 100.822 102.245 104.459 102.684 101.921 102.952 105.436 105.158 103.24 103.906 103.985 105.031 107.48 108.409 105.51 105.669 106.045 107.701 109.455 108.257 109.421 112.7 111.398 110.349 111.519 115.754 112.446 111.228 112.667 112.2 112.522 113.2
91.561 91.907 92.283 92.412 92.483 92.616 92.668 92.814 92.859 92.899 92.987 93.111 93.102 93.379 93.865 94.555 95.057 95.141 95.16 95.969 96.784 96.145 96.027 96.782 96.649 97.974 99.382 97.919 98.527 99.324 98.666 98.859 99.16 104.725 101.986 101.537 100.907 102.497 101.091 100.888 102.59 105.762 101.983 102.4 103.663 104.572 103.282 103.683 105.852 107.145 106.719 111.45 108.787 106.416 106 106.512 107.765 109.697 109.941 108.836 109.617 110.454 111.266 115.085 113.037 112.476 111.514 113.048 115.643 114.801 113.222
91.557 91.837 92.095 92.24 92.45 92.567 92.815 92.941 92.921 92.937 -9999 93.097 93.218 93.43 93.811 94.121 94.622 95.118 95.293 95.522 96.635 96.604 96.504 96.592 96.795 97.21 97.665 98.225 98.619 98.773 98.778 98.978 100.299 101.709 102.173 103.778 101.748 101.582 102.482 101.528 101.711 102.971 103.202 103.359 104.468 105.407 104.847 104.352 106.204 106.554 107.582 108.748 106.928 106.332 106.319 106.748 108.145 109.062 110.313 108.86 109.447 110.229 110.353 111.594 112.783 111.333 111.386 113.014 116.652 114.556 114.162
91.546 91.838 92.015 92.159 92.4 92.658 92.81 92.945 92.943 -9999 93.103 93.129 93.141 93.305 93.717 93.926 94.727 94.809 95.188 95.28 95.988 96.39 96.513 96.653 96.9 97.403 97.762 98.891 100.21 99.342 100.153 99.674 104.286 102.205 100.279 104.927 102.346 103.199 106.194 102.106 101.562 102.742 105.412 103.024 104.589 106.435 107.195 106.66 106.047 109.018 105.676 106.09 106.157 106.265 106.466 107.686 108.005 108.854 108.853 109.292 109.525 111.057 111.23 111.18 111.11 111.483 111.874 112.858 114.491 115.47 116.609
91.556 91.765 91.947 92.157 92.396 92.62 92.677 92.832 92.901 -9999 93.077 93.123 93.161 93.126 93.559 95.035 95.815 94.782 94.953 95.54 95.914 96.005 96.268 96.771 97.192 97.66 99.207 98.423 98.94 100.973 100.588 99.792 101.119 101.241 100.1 100.58 103.176 104.91 105.756 102.775 101.722 102.422 103.873 103.566 104.331 104.311 105.056 107.59 106.815 106.099 105.7 105.771 106.1 106.8 108.193 108.175 113.633 111.262 109.127 109.102 109.333 110.385 110.745 110.879 111.258 111.98 112.487 112.904 114.183 117.018 117.653
91.463 91.671 91.948 92.152 92.36 92.528 92.676 92.814 92.853 92.974 93.088 93.12 93.135 93.671 94.475 94.544 95.353 94.861 95.224 95.753 96.211 96.231 96.673 97.146 97.266 97.62 98.307 98.844 100.116 101.617 101.013 100.759 100.646 101.343 101.143 100.82 102.805 104.82 102.273 101.897 101.964 102.467 103.078 103.859 104.778 103.807 104.585 108.768 108.267 106.388 105.576 106.024 106.407 107.495 111.899 111.081 112.728 111.023 109.583 109.736 111.129 111.33 111.787 111.355 111.936 112.362 112.837 113.744 115.41 116.69 116.894
91.373 91.708 91.96 92.096 92.328 92.591 92.664 92.887 92.887 -9999 93.077 93.101 93.282 93.736 94.897 94.556 94.88 95.068 95.156 96.284 97.701 96.644 97.002 97.847 97.319 97.511 97.871 98.731 99.962 101.646 101.148 101.717 102.224 104.132 101.548 100.601 105.69 104.459 101.84 103.403 104.073 105.937 103.539 104.616 105.753 105.145 104.865 106.815 108.158 107.006 106.238 106.74 107.748 108.024 108.622 109.833 109.037 109.537 112.677 111.28 114.716 113.965 114.902 112.174 112.457 112.943 113.409 114.085 114.932 116.215 118.403
91.451 91.755 91.929 92.09 92.507 92.816 92.849 93.024 92.942 -9999 -9999 93.076 93.088 93.558 94.026 94.724 94.995 94.99 96.142 97.015 96.445 96.482 96.593 97.036 97.26 97.557 97.848 98.357 99.255 99.665 99.788 101.81 102.358 105.871 102.306 100.902 101.222 101.802 102.932 108.764 109.278 106.392 105.764 105.933 106.568 105.302 105.626 106.764 106.588 106.881 107.507 108.377 108.502 111.63 110.351 109.271 108.971 109.332 110.135 110.587 111.409 114.083 112.8 112.39 112.771 113.211 114.006 114.222 115.584 118.071 119.166
91.47 91.732 91.921 92.081 92.441 92.82 92.888 92.944 92.948 -9999 93.054 93.076 92.992 93.421 94.285 94.679 94.847 95.228 96.016 96.829 96.764 97.008 96.73 97.13 97.367 97.645 97.868 98.856 100.185 99.725 99.644 100.826 101.091 102.112 102.429 101.166 100.878 101.146 103.211 107.777 106.15 105.253 104.641 106.202 105.713 106.528 107.966 107.281 106.889 107.369 107.591 109.172 111.646 109.62 110.612 112.107 109.816 109.466 109.807 110.344 111.292 112.295 112.078 112.718 113.976 114.102 114.359 115.19 115.656 116.356 117.398
91.461 91.734 92.019 92.148 92.433 92.687 92.877 92.931 92.991 -9999 93.029 93.147 93.146 93.6 94.535 94.781 95.077 95.388 95.961 98.012 98.026 99.425 97.991 97.472 97.168 97.82 98.918 99.479 99.451 100.15 102.57 102.07 101.037 102.546 101.044 100.902 101.038 101.267 102.117 104.586 104.582 105.582 106.527 105.172 105.321 106.096 107.71 108.663 108.516 107.48 108.539 108.857 111.213 108.858 108.65 109.732 110.465 110.503 110.56 110.84 111.483 112.56 115.095 114.464 116.84 116.576 115.828 115.671 115.884 116.08 116.031
91.469 91.746 92.022 92.229 92.492 92.787 92.867 93.014 93.023 -9999 93.033 93.24 93.329 93.328 94.173 94.674 95.061 95.509 96.024 96.457 97.965 98.409 97.404 100.411 97.926 99.848 102.213 99.194 99.151 100.418 103.02 102.445 101.504 103.164 100.75 100.879 101.327 101.425 101.901 102.76 105.983 107.069 106.412 104.631 105.228 107.483 107.912 108.929 109.366 109.353 109.766 110.494 111.097 108.823 108.779 110.055 113.27 114.7 111.269 111.282 112.744 116.274 120.517 120.739 119.072 119.149 117.831 116.196 115.997 116.077 116.023
91.48 91.733 91.959 92.279 92.6 92.774 92.881 92.948 92.979 -9999 -9999 93.473 93.677 94.009 94.637 94.749 95.262 95.709 96.211 96.404 96.46 96.533 97.963 101.402 99.001 101.219 100.866 99.057 99.494 101.251 102.473 102.731 100.81 100.982 100.761 100.961 101.322 101.729 102.364 102.866 105.129 106.043 104.723 104.077 105.506 107.927 108.838 108.476 107.95 109.557 111.321 108.584 108.95 108.958 109.396 112.046 115.091 111.599 111.351 111.847 113.662 118.377 118.387 118.535 120.162 120.336 118.58 116.47 116.04 116.135 116.024
91.483 91.67 92.034 92.301 92.607 92.837 92.916 92.959 -9999 -9999 93.451 93.548 93.868 94.44 94.781 94.91 95.292 95.78 96.149 96.36 96.423 96.631 97.456 98.485 98.061 98.82 99.06 98.903 99.312 100.311 103.011 101.782 101.333 100.652 101.058 101.042 101.615 102.047 102.416 102.7 104.46 105.475 105.387 105.28 106.038 108.663 108.382 109.447 110.57 109.739 111.847 111.619 110.725 109.776 109.656 110.556 112.859 111.54 111.865 112.517 113.066 115.851 117.025 115.663 120.347 121.969 118.176 116.223 116.066 116.008 115.97
91.487 91.866 92.179 92.298 92.532 92.775 92.963 92.965 -9999 93.33 93.358 93.17 93.775 94.675 94.935 95.087 95.325 95.89 96.292 96.484 96.702 96.838 97.481 97.851 98.151 98.635 98.873 99.32 100.966 101.094 103.849 106.17 104.071 102.667 102.175 103.451 102.396 102.081 102.316 103.569 104.311 104.654 106.376 105.754 106.223 106.891 108.453 110.414 111.801 111.583 114.709 114.816 113.64 110.175 109.869 112.396 112.673 111.858 112.366 112.704 113.703 116.628 117.144 120.827 123.395 121.361 119.183 116.444 115.943 115.848 115.836
91.844 91.9 92.072 92.289 92.6 92.829 92.905 92.92 -9999 -9999 93.39 93.42 94.447 95.293 94.901 94.976 95.518 96.114 96.44 96.677 96.736 96.993 97.276 97.643 98.102 98.658 98.895 99.643 102.93 101.47 104.942 102.624 103.7 106.205 104.89 104.454 103.122 103.095 103.296 103.389 106.54 106.545 107.068 105.129 106.457 109.278 109.739 110.813 111.296 109.227 111.389 112.036 110.002 109.88 110.112 111.478 113.139 114.326 113.868 114.224 115.071 117.21 122.425 122.714 120.101 119.894 121.57 117.631 115.884 115.818 115.747
92.255 92.033 92.17 92.473 92.695 92.849 92.904 92.898 -9999 93.182 93.332 93.521 94.048 94.168 94.473 95.063 95.689 96.138 96.617 96.727 96.911 97.074 97.402 97.905 98.673 98.886 99.345 101.577 103.328 104.256 101.5 104.378 106.216 102.811 106.231 104.959 104.925 106.382 106.997 103.608 104.685 106.53 107.754 106.789 107.809 110.053 109.315 110.057 109.984 111.324 110.057 110.16 109.591 109.912 110.661 111.758 112.911 118.274 119.071 115.992 114.919 118.194 120.567 120.36 119.947 118.161 119.288 116.692 115.851 115.763 115.725
91.958 92.008 92.229 92.413 92.722 92.862 92.839 92.86 92.941 93.031 93.133 93.236 93.254 93.73 94.486 95.172 95.596 95.908 96.541 97.234 97.378 97.357 97.65 98.49 98.879 99.151 99.488 100.534 102.302 103.675 104.661 102.131 101.835 101.196 102.453 104.396 105.476 105.185 106.586 104.341 104.16 104.812 107.047 107.575 107.707 107.88 109.453 110.963 110.643 110.942 110.731 112.248 110.632 110.534 111.238 111.668 112.324 115.021 115.078 114.417 115.269 117.534 118.597 117.971 118.417 118.71 116.101 115.832 115.646 115.744 115.826
91.813 91.997 92.235 92.552 92.65 92.743 92.817 92.842 -9999 93.038 93.105 93.113 93.365 94.149 94.882 95.625 95.815 96.103 96.745 97.934 101.316 98.812 98.452 98.751 99 99.08 99.169 99.649 101.312 102.019 102.319 100.478 104.271 102.083 103.396 103.392 104.419 107.564 105.426 104.853 105.058 106.197 106.443 108.436 109.305 108.454 108.876 109.548 111.686 111.28 110.552 113.134 112.675 111.173 111.213 111.909 113.012 113.603 113.974 114.87 116.704 117.141 117.258 116.646 116.126 115.988 115.775 115.666 115.671 115.789 115.716
91.957 92.05 92.305 92.521 92.657 92.708 92.824 -9999 -9999 93.266 93.232 93.322 93.791 94.14 95.072 95.55 95.97 96.259 96.621 97.483 100.166 99.126 98.534 98.935 99.032 99.022 99.2 99.552 101.002 101.534 103.399 104.034 105.309 106.869 105.302 104.347 105.83 105.838 106.444 107.796 106.595 108.985 107.792 109.495 110.668 109.807 108.934 108.715 111.421 111.455 111.885 113.278 115.551 111.981 111.772 113.639 114.126 113.902 114.548 115.999 117.18 116.687 116.171 116.292 115.913 115.578 115.671 115.76 115.717 115.654 115.618
91.901 91.994 92.292 92.619 92.701 92.891 92.885 -9999 -9999 93.274 93.403 93.811 94.239 94.325 94.926 95.626 96.018 96.251 96.429 97.337 98.311 98.618 98.297 98.623 98.909 99.212 99.609 99.648 100.277 100.155 101.3 105.282 102.295 103.969 105.511 105.995 106.929 106.984 106.431 107.778 106.472 107.618 108.229 108.074 108.874 109.384 108.717 108.918 109.812 111.06 113.658 115.597 113.333 112.991 112.67 114.494 116.954 114.454 115.224 116.06 116.17 116.206 116.256 116.306 116.702 115.708 115.717 115.746 115.676 115.625 115.637
91.904 92.077 92.321 92.54 92.695 92.807 92.899 92.891 93.134 93.198 93.042 93.992 94.9 94.72 95.208 95.708 96.101 96.307 96.586 96.839 97.067 97.861 98.481 98.626 98.989 99.192 99.434 99.627 100.16 100.27 101.46 101.94 101.679 102.084 103.712 107.093 107.109 105.323 106.709 106.117 107.209 106.887 107.681 107.69 107.82 107.972 108.336 109.59 109.909 111.6 113.281 114.262 114.116 112.664 112.923 114.021 115.215 115.392 117.637 118.442 118.633 116.425 115.994 117.622 117.141 116.12 115.71 115.693 115.663 115.598 115.62
