dsm/se2630_DSM_2M.asc
ncols 500
nrows 500
xllcorner    426000
yllcorner    430000
cellsize     2
NODATA_value -9999
[rows 0 to 31 of 500, columns 216 to 287 of 500]
107.578 107.534 107.463 107.381 107.303 107.264 107.232 107.171 107.108 107.061 107.009 106.966 106.862 106.731 106.731 106.665 106.551 106.453 106.382 106.359 106.298 106.304 106.309 106.289 106.266 106.297 106.294 106.267 106.251 106.199 106.159 106.093 106.11 106.057 106.054 106.016 106.037 106.048 106.079 106.073 106.085 106.058 106.097 106.072 106.001 105.994 105.984 105.993 105.951 105.967 105.918 105.971 105.968 105.984 106.039 106.006 106.054 106.076 106.139 106.205 106.202 106.183 106.172 106.068 106.032 105.933 105.915 105.856 105.863 105.823 105.826 105.757
107.648 107.548 107.489 107.429 107.39 107.33 107.284 107.258 107.224 107.113 107.028 106.96 106.885 106.883 106.909 106.852 106.707 106.597 106.444 106.394 106.367 106.336 106.406 106.418 106.407 106.345 106.365 106.365 106.301 106.29 106.283 106.243 106.197 106.215 106.214 106.184 106.148 106.148 106.166 106.166 106.193 106.161 106.194 106.145 106.176 106.161 106.136 106.075 106.056 106.111 106.083 106.129 106.14 106.159 106.186 106.206 106.307 106.355 106.405 106.469 106.475 106.444 106.374 106.395 106.304 106.212 106.152 106.094 106.082 106.062 106.041 105.987
107.667 107.604 107.53 107.505 107.448 107.393 107.349 107.284 107.231 107.186 107.096 106.974 106.902 106.869 106.851 106.908 106.8 106.714 106.628 106.521 106.472 106.402 106.425 106.453 106.468 106.474 106.507 106.465 106.427 106.478 106.43 106.376 106.387 106.4 106.404 106.38 106.32 106.308 106.307 106.305 106.315 106.32 106.283 106.247 106.262 106.282 106.273 106.242 106.228 106.235 106.282 106.278 106.281 106.31 106.326 106.385 106.454 106.539 106.609 106.668 106.659 106.637 106.617 106.61 106.65 106.527 106.43 106.4 106.276 106.276 106.227 106.256
107.697 107.67 107.611 107.54 107.503 107.492 107.425 107.34 107.251 107.212 107.114 107.047 106.98 106.9 106.864 106.847 106.92 106.877 106.83 106.725 106.725 106.68 106.541 106.49 106.502 106.543 106.562 106.559 106.582 106.591 106.558 106.528 106.535 106.543 106.528 106.542 106.539 106.523 106.467 106.467 106.437 106.409 106.414 106.398 106.382 106.412 106.405 106.368 106.419 106.508 106.45 106.491 106.466 106.501 106.552 106.55 106.646 106.743 106.835 106.875 106.829 106.872 106.873 106.834 106.854 106.745 106.718 106.644 106.641 106.524 106.54 106.484
107.711 107.717 107.649 107.599 107.569 107.556 107.471 107.406 107.356 107.246 107.188 107.069 107.045 106.961 106.896 106.852 106.869 106.877 106.987 106.9 106.879 106.859 106.747 106.617 106.622 106.603 106.617 106.602 106.672 106.685 106.648 106.624 106.66 106.696 106.751 106.723 106.77 106.752 106.694 106.618 106.593 106.587 106.568 106.532 106.519 106.513 106.516 106.554 106.604 106.66 106.641 106.631 106.696 106.706 106.778 106.862 106.882 106.951 106.966 107.044 107.046 107.086 107.08 107.047 107.095 107.019 106.951 106.947 106.875 106.816 106.796 106.778
107.796 107.776 107.686 107.657 107.614 107.606 107.539 107.467 107.425 107.329 107.227 107.152 107.073 107.024 106.983 106.901 106.921 106.908 106.874 106.924 107.031 106.816 106.911 106.941 106.918 106.726 106.7 106.705 106.752 106.778 106.751 106.755 106.788 106.873 106.922 106.979 106.962 106.983 106.952 106.835 106.766 106.766 106.749 106.71 106.698 106.704 106.766 106.769 106.766 106.809 106.816 106.882 106.907 106.925 107.052 107.162 107.102 107.221 107.235 107.243 107.251 107.305 107.241 107.298 107.264 107.245 107.272 107.208 107.185 107.098 107.081 107.081
107.851 107.778 107.762 107.759 107.709 107.649 107.587 107.523 107.453 107.37 107.255 107.227 107.126 107.077 107.019 106.982 106.954 106.952 106.954 106.948 106.949 106.928 106.985 106.949 106.987 106.964 106.851 106.829 106.795 106.809 106.831 106.92 106.94 106.988 107.052 107.131 107.155 107.203 107.128 107.066 107.031 106.962 106.931 106.938 106.894 106.917 106.95 106.919 106.955 107.001 107.011 107.073 107.127 107.182 107.317 107.413 107.482 107.493 107.501 107.469 107.465 107.501 107.539 107.519 107.538 107.507 107.446 107.45 107.45 107.388 107.334 107.369
107.894 107.867 107.855 107.819 107.755 107.713 107.639 107.589 107.48 107.408 107.349 107.284 107.227 107.119 107.077 107.09 107.052 107.065 107.042 107.008 107.001 106.961 107.025 107.067 107.041 107.011 107.052 107.013 106.954 106.865 106.931 107.008 107.056 107.096 107.114 107.161 107.282 107.358 107.352 107.315 107.288 107.272 107.215 107.194 107.183 107.138 107.133 107.15 107.151 107.138 107.166 107.192 107.292 107.451 107.581 107.673 107.73 107.719 107.721 107.717 107.748 107.749 107.763 107.767 107.705 107.738 107.719 107.668 107.657 107.675 107.659 107.598
107.91 107.943 107.914 107.891 107.825 107.794 107.719 107.616 107.595 107.496 107.406 107.363 107.277 107.231 107.205 107.179 107.139 107.145 107.122 107.093 107.079 107.032 107.032 107.025 107.087 107.155 107.017 107.08 107.191 107.136 107.047 107.109 107.128 107.147 107.146 107.22 107.281 107.433 107.478 107.526 107.554 107.495 107.487 107.485 107.491 107.412 107.388 107.347 107.304 107.294 107.322 107.397 107.484 107.66 107.751 107.817 107.881 107.936 107.939 107.987 107.939 107.979 107.941 107.973 107.992 107.955 107.909 107.866 107.843 107.795 107.838 107.805
108.033 108.028 108.001 107.933 107.903 107.876 107.746 107.645 107.591 107.515 107.466 107.425 107.365 107.28 107.275 107.253 107.246 107.215 107.203 107.179 107.166 107.154 107.124 107.105 107.128 107.147 107.195 107.328 107.309 107.302 107.282 107.275 107.23 107.208 107.25 107.248 107.337 107.406 107.553 107.641 107.709 107.789 107.782 107.812 107.736 107.733 107.601 107.595 107.609 107.503 107.531 107.607 107.712 107.828 107.941 108.027 108.088 108.101 108.175 108.181 108.181 108.215 108.187 108.202 108.124 108.132 108.116 108.083 108.061 108.011 108.013 107.968
108.084 108.097 108.061 108.026 107.966 107.912 107.814 107.71 107.674 107.586 107.508 107.475 107.401 107.412 107.373 107.361 107.336 107.337 107.298 107.292 107.263 107.239 107.224 107.209 107.235 107.26 107.248 107.313 107.32 107.295 107.375 107.446 107.417 107.419 107.392 107.347 107.351 107.393 107.523 107.627 107.82 107.933 107.984 108.025 107.961 107.945 107.899 107.866 107.781 107.732 107.757 107.87 108.031 108.03 108.058 108.179 108.21 108.269 108.337 108.372 108.391 108.376 108.409 108.355 108.366 108.336 108.304 108.284 108.202 108.221 108.19 108.239
108.169 108.127 108.087 108.04 108.028 107.965 107.841 107.804 107.697 107.637 107.589 107.538 107.483 107.462 107.479 107.48 107.474 107.399 107.38 107.365 107.367 107.329 107.348 107.346 107.38 107.436 107.358 107.398 107.383 107.436 107.444 107.439 107.506 107.634 107.529 107.445 107.438 107.482 107.598 107.737 107.826 107.934 108.063 108.143 108.154 108.141 108.093 108.057 108.042 108.039 107.991 108.054 108.113 108.198 108.277 108.358 108.391 108.444 108.448 108.501 108.539 108.559 108.557 108.529 108.495 108.477 108.457 108.463 108.419 108.387 108.372 108.401
108.23 108.13 108.119 108.082 108.04 107.94 107.885 107.847 107.769 107.676 107.606 107.581 107.572 107.537 107.516 107.527 107.498 107.526 107.476 107.487 107.511 107.531 107.452 107.456 107.473 107.459 107.452 107.44 107.434 107.412 107.446 107.524 107.53 107.454 107.626 107.643 107.607 107.638 107.652 107.765 107.866 107.959 108.096 108.185 108.254 108.288 108.303 108.265 108.253 108.187 108.198 108.241 108.281 108.311 108.399 108.475 108.54 108.583 108.582 108.642 108.655 108.73 108.671 108.669 108.65 108.633 108.649 108.618 108.542 108.5 108.511 108.58
108.307 108.233 108.161 108.074 108.044 107.96 107.925 107.84 107.804 107.759 107.682 107.657 107.649 107.591 107.608 107.592 107.571 107.564 107.583 107.638 107.612 107.578 107.571 107.548 107.544 107.534 107.532 107.541 107.516 107.487 107.469 107.503 107.567 107.63 107.732 107.682 107.746 107.817 107.814 107.852 107.931 108.002 108.076 108.227 108.305 108.344 108.399 108.441 108.374 108.325 108.319 108.358 108.388 108.471 108.534 108.575 108.621 108.683 108.721 108.747 108.742 108.806 108.768 108.805 108.792 108.798 108.755 108.746 108.726 108.719 108.714 108.746
108.362 108.25 108.245 108.165 108.087 108.014 107.94 107.881 107.831 107.806 107.752 107.799 107.71 107.723 107.666 107.648 107.636 107.616 107.6 107.645 107.633 107.668 107.652 107.637 107.647 107.622 107.581 107.57 107.56 107.55 107.532 107.516 107.586 107.65 107.867 107.856 107.914 107.926 107.971 108.016 108.031 108.077 108.154 108.24 108.337 108.401 108.419 108.431 108.444 108.438 108.452 108.457 108.521 108.562 108.608 108.7 108.751 108.79 108.795 108.809 108.854 108.869 108.879 108.859 108.87 108.882 108.889 108.886 108.881 108.911 108.886 108.881
108.44 108.364 108.284 108.222 108.132 108.039 107.98 107.922 107.87 107.849 107.831 107.841 107.775 107.772 107.755 107.718 107.685 107.678 107.653 107.684 107.709 107.731 107.703 107.729 107.696 107.705 107.674 107.657 107.607 107.601 107.58 107.621 107.657 107.692 107.777 107.914 107.944 108.031 108.056 108.09 108.121 108.136 108.246 108.32 108.351 108.394 108.44 108.474 108.484 108.522 108.546 108.606 108.624 108.67 108.709 108.806 108.84 108.888 108.926 108.94 108.95 108.921 108.969 108.947 108.976 108.988 109.019 108.977 109.006 109.019 109.049 109.025
108.492 108.443 108.351 108.23 108.177 108.113 108.048 107.985 107.934 107.914 107.867 107.907 107.838 107.843 107.806 107.797 107.76 107.725 107.721 107.75 107.787 107.78 107.849 107.803 107.795 107.798 107.78 107.737 107.698 107.67 107.641 107.672 107.748 107.785 107.848 107.924 108.044 108.092 108.136 108.16 108.212 108.295 108.343 108.4 108.409 108.447 108.459 108.506 108.515 108.563 108.636 108.716 108.766 108.806 108.843 108.904 108.951 109.035 109.063 109.074 109.047 109.091 109.055 109.089 109.061 109.109 109.079 109.096 109.095 109.106 109.127 109.166
108.584 108.496 108.4 108.352 108.275 108.186 108.125 108.052 107.988 107.962 107.926 107.904 107.924 107.931 107.925 107.864 107.844 107.838 107.814 107.807 107.842 107.858 107.853 107.882 107.879 107.878 107.823 107.772 107.764 107.741 107.726 107.779 107.849 107.909 107.933 108.019 108.067 108.118 108.179 108.288 108.269 108.399 108.435 108.499 108.495 108.511 108.544 108.602 108.652 108.7 108.779 108.831 108.897 108.932 109 109.07 109.107 109.143 109.218 109.208 109.198 109.199 109.217 109.228 109.243 109.248 109.209 109.183 109.19 109.208 109.233 109.224
108.695 108.564 108.492 108.439 108.355 108.291 108.201 108.13 108.082 108.056 108.009 107.961 107.946 107.96 107.938 107.887 107.904 107.904 107.894 107.872 107.878 107.912 107.9 107.926 107.931 107.936 107.899 107.863 107.846 107.864 107.886 107.846 107.893 107.974 108.065 108.118 108.183 108.176 108.207 108.279 108.405 108.498 108.539 108.573 108.681 108.763 108.778 108.811 108.824 108.908 108.925 108.985 108.997 109.09 109.075 109.152 109.187 109.251 109.296 109.339 109.341 109.325 109.353 109.376 109.408 109.366 109.332 109.327 109.302 109.313 109.294 109.314
108.727 108.638 108.581 108.473 108.403 108.361 108.259 108.199 108.153 108.119 108.111 108.05 108.023 108.003 107.981 107.977 107.972 107.947 107.968 107.941 107.928 107.933 107.996 107.98 107.973 107.962 107.948 107.913 107.899 107.91 107.917 107.954 108.034 108.099 108.169 108.206 108.233 108.299 108.327 108.332 108.426 108.518 108.531 108.751 108.816 108.85 108.926 109.001 109.066 109.073 109.104 109.133 109.155 109.189 109.188 109.221 109.297 109.328 109.344 109.4 109.427 109.444 109.474 109.454 109.494 109.469 109.45 109.456 109.419 109.393 109.415 109.437
108.772 108.706 108.622 108.588 108.447 108.387 108.357 108.304 108.256 108.24 108.205 108.186 108.144 108.08 108.068 108.061 108.019 108.011 108.008 108.03 108.022 108.042 108.025 108.035 108.02 108.02 107.979 107.999 107.998 108.035 108.04 108.095 108.153 108.197 108.263 108.316 108.335 108.381 108.411 108.471 108.499 108.565 108.639 108.735 108.808 108.979 109.073 109.176 109.266 109.347 109.352 109.297 109.301 109.268 109.315 109.318 109.346 109.379 109.397 109.462 109.529 109.532 109.59 109.633 109.606 109.587 109.539 109.567 109.549 109.503 109.531 109.519
108.827 108.735 108.677 108.615 108.555 108.476 108.428 108.397 108.389 108.355 108.294 108.272 108.232 108.171 108.148 108.083 108.089 108.061 108.037 108.057 108.092 108.072 108.103 108.085 108.093 108.064 108.065 108.055 108.071 108.11 108.147 108.223 108.271 108.325 108.403 108.468 108.455 108.497 108.519 108.602 108.663 108.692 108.74 108.816 108.922 109.004 109.234 109.226 109.369 109.419 109.557 109.52 109.494 109.45 109.427 109.407 109.436 109.487 109.527 109.569 109.612 109.624 109.668 109.727 109.713 109.701 109.711 109.722 109.655 109.627 109.575 109.614
108.874 108.79 108.769 108.687 108.627 108.594 108.566 108.521 108.489 108.45 108.4 108.366 108.343 108.287 108.238 108.169 108.161 108.118 108.11 108.082 108.099 108.144 108.167 108.177 108.2 108.198 108.205 108.193 108.185 108.218 108.295 108.336 108.398 108.481 108.538 108.555 108.577 108.609 108.689 108.721 108.826 108.808 108.886 108.95 109.037 109.084 109.204 109.363 109.54 109.552 109.586 109.704 109.699 109.71 109.603 109.517 109.537 109.582 109.609 109.639 109.701 109.74 109.774 109.795 109.784 109.796 109.818 109.797 109.775 109.753 109.765 109.688
108.878 108.83 108.789 108.775 108.707 108.671 108.651 108.62 108.606 108.527 108.519 108.458 108.429 108.351 108.303 108.285 108.227 108.184 108.162 108.142 108.169 108.18 108.247 108.274 108.253 108.327 108.323 108.326 108.33 108.382 108.409 108.502 108.572 108.584 108.623 108.69 108.747 108.761 108.835 108.844 108.903 108.964 109.04 109.081 109.168 109.262 109.32 109.464 109.495 109.556 109.726 109.653 109.791 109.814 109.818 109.751 109.683 109.69 109.713 109.744 109.776 109.822 109.818 109.856 109.831 109.871 109.889 109.888 109.884 109.898 109.896 109.835
108.964 108.901 108.887 108.816 108.811 108.762 108.736 108.731 108.742 108.654 108.642 108.595 108.479 108.435 108.406 108.381 108.326 108.296 108.278 108.266 108.28 108.344 108.336 108.319 108.322 108.336 108.446 108.454 108.517 108.566 108.588 108.644 108.668 108.72 108.736 108.788 108.845 108.893 108.936 109.024 109.03 109.109 109.144 109.215 109.294 109.383 109.452 109.509 109.563 109.612 109.71 109.836 109.897 109.889 109.987 109.974 109.913 109.861 109.811 109.823 109.855 109.886 109.926 109.941 109.969 109.989 110.004 109.973 109.963 109.978 109.986 109.985
109.022 108.965 108.935 108.865 108.873 108.842 108.836 108.796 108.777 108.73 108.724 108.647 108.605 108.542 108.516 108.479 108.41 108.393 108.414 108.36 108.323 108.352 108.371 108.381 108.417 108.472 108.541 108.569 108.653 108.712 108.705 108.785 108.828 108.841 108.827 108.906 108.922 108.973 109.012 109.112 109.148 109.238 109.278 109.369 109.462 109.51 109.605 109.717 109.699 109.692 109.794 109.825 109.882 110.121 110.075 110.052 110.059 110.036 110.012 109.972 109.959 109.981 110.013 110.024 110.04 110.067 110.069 110.1 110.121 110.116 110.09 110.139
109.092 109.06 109.001 108.964 108.905 108.887 108.905 108.845 108.85 108.821 108.765 108.715 108.67 108.668 108.582 108.524 108.485 108.5 108.483 108.468 108.481 108.471 108.483 108.506 108.501 108.537 108.613 108.673 108.765 108.836 108.887 108.906 108.967 108.931 108.949 108.981 108.991 109.042 109.104 109.152 109.242 109.317 109.404 109.453 109.567 109.659 109.693 109.76 109.775 109.809 109.846 109.871 109.919 109.953 110.048 110.156 110.191 110.154 110.226 110.207 110.101 110.103 110.108 110.105 110.116 110.172 110.189 110.194 110.209 110.22 110.249 110.255
109.147 109.089 109.018 108.988 108.966 108.992 108.963 108.968 108.955 108.864 108.835 108.787 108.742 108.694 108.675 108.649 108.597 108.593 108.56 108.591 108.579 108.592 108.611 108.604 108.63 108.672 108.727 108.81 108.889 108.914 108.978 109.036 109.041 109.05 109.081 109.095 109.123 109.148 109.191 109.263 109.329 109.398 109.562 109.607 109.675 109.786 109.809 109.874 109.86 109.904 109.924 109.954 109.99 110.015 110.036 110.121 110.206 110.286 110.265 110.339 110.371 110.479 110.327 110.311 110.271 110.304 110.334 110.34 110.342 110.372 110.355 110.407
109.156 109.135 109.084 109.074 109.038 109.074 109.014 109.028 108.984 108.913 108.871 108.839 108.803 108.765 108.747 108.721 108.728 108.694 108.702 108.695 108.733 108.743 108.705 108.711 108.762 108.76 108.818 108.916 108.982 109.036 109.038 109.101 109.137 109.163 109.141 109.208 109.239 109.256 109.326 109.379 109.382 109.503 109.601 109.712 109.803 109.86 109.893 109.903 109.948 110.005 110.029 110.03 110.048 110.049 110.099 110.157 110.207 110.332 110.525 110.436 110.463 110.596 110.63 110.581 110.535 110.427 110.437 110.449 110.44 110.47 110.52 110.512
109.196 109.193 109.151 109.103 109.147 109.13 109.097 109.053 109.095 108.989 108.974 108.892 108.872 108.851 108.805 108.802 108.783 108.811 108.801 108.805 108.798 108.794 108.835 108.832 108.895 108.92 108.984 109.034 109.092 109.094 109.145 109.156 109.188 109.238 109.273 109.289 109.32 109.386 109.447 109.459 109.518 109.591 109.663 109.764 109.848 109.906 109.959 109.997 110.03 110.067 110.085 110.126 110.151 110.187 110.167 110.228 110.239 110.285 110.392 110.508 110.597 110.674 110.704 110.778 110.747 110.727 110.631 110.601 110.585 110.651 110.658 110.674
109.269 109.216 109.226 109.216 109.185 109.141 109.144 109.125 109.113 109.045 109.054 108.976 108.945 108.905 108.884 108.892 108.891 108.874 108.895 108.904 108.92 108.936 108.941 108.952 108.997 109.008 109.061 109.116 109.187 109.215 109.248 109.229 109.262 109.295 109.341 109.409 109.434 109.484 109.497 109.518 109.558 109.657 109.746 109.826 109.936 109.969 109.979 110.016 110.094 110.147 110.2 110.226 110.24 110.272 110.293 110.362 110.338 110.391 110.456 110.532 110.592 110.697 110.848 110.794 110.9 110.942 110.895 110.85 110.823 110.726 110.749 110.767
109.329 109.298 109.32 109.27 109.277 109.255 109.235 109.179 109.156 109.095 109.044 109.058 109.021 108.981 108.957 108.965 108.952 108.993 109.006 108.997 109.015 109.018 109.031 109.031 109.074 109.112 109.177 109.276 109.296 109.308 109.3 109.346 109.34 109.378 109.403 109.46 109.49 109.503 109.537 109.591 109.67 109.758 109.808 109.879 109.958 109.986 110.025 110.11 110.186 110.223 110.255 110.302 110.305 110.364 110.399 110.441 110.475 110.491 110.564 110.611 110.669 110.727 110.824 110.899 111.017 110.934 111.039 111.057 110.994 110.99 110.897 110.913
