dsm/se2634_DSM_2M.asc
ncols 500
nrows 500
xllcorner    426000
yllcorner    434000
cellsize     2
NODATA_value -9999
[rows 384 to 415 of 500, columns 216 to 287 of 500]
68.696 68.545 68.452 68.326 68.172 67.996 67.903 67.772 67.644 67.563 67.395 67.331 67.199 67.064 66.967 66.85 66.729 66.532 66.291 66.185 66.008 65.842 65.657 65.443 65.301 65.076 64.944 64.748 64.626 64.362 64.117 63.896 63.623 63.416 63.201 62.947 62.689 62.478 62.221 61.947 61.717 61.503 61.203 61.011 60.818 60.588 60.325 60.12 59.885 59.686 59.758 65.697 64.157 58.957 58.528 58.329 58.113 57.907 57.694 57.576 57.341 57.174 56.953 56.749 56.539 56.285 55.887 56.272 61.506 62.534 56.706 58.828
68.57 68.469 68.374 68.22 68.091 67.89 67.8 67.674 67.501 67.421 67.303 67.141 67.068 66.951 66.87 66.729 66.576 66.475 66.218 66.071 65.874 65.7 65.551 65.39 65.206 65.011 64.747 64.593 64.412 64.214 64.033 63.756 63.571 63.36 63.101 62.833 62.631 62.335 62.096 61.849 61.665 61.466 61.219 60.925 60.721 60.5 60.295 60.067 59.88 59.663 59.67 62.524 62.588 60.897 58.518 58.298 58.045 57.919 57.644 57.417 57.198 57.001 56.789 56.607 56.335 56.141 55.883 55.517 60.238 60.565 58.289 57.225
68.516 68.362 68.253 68.095 67.991 67.827 67.704 67.535 67.415 67.307 67.191 67.073 66.938 66.768 66.706 66.569 66.357 66.246 66.125 65.943 65.777 65.584 65.465 65.248 65.063 64.946 64.691 64.508 64.273 64.073 63.932 63.719 63.433 63.121 62.924 62.686 62.48 62.316 62.067 62.05 64.032 63.526 61.097 60.761 68.224 60.694 60.259 60.273 61.899 59.474 59.41 70.538 68.145 60.107 58.524 58.238 58.004 57.77 57.511 57.24 56.993 56.808 56.693 56.511 56.27 55.934 55.766 55.511 55.096 54.805 60.836 63.527
68.385 68.236 68.157 67.972 67.889 67.753 67.588 67.422 67.25 67.107 67.067 66.924 66.864 66.689 66.494 66.412 66.238 66.119 65.992 65.794 65.662 65.471 65.332 65.154 64.964 64.818 64.604 64.344 64.139 63.981 63.81 63.57 63.315 63.15 62.901 62.605 62.372 62.19 61.962 67.674 70.96 68.704 62.853 63.143 68.753 65.604 60.407 65.264 59.875 59.547 59.252 59.999 60.651 58.638 58.375 58.188 57.892 57.698 57.396 57.16 56.955 56.658 56.449 56.317 56.204 56.141 55.865 55.668 55.123 54.632 54.152 65.104
68.272 68.149 68.014 67.889 67.68 67.616 67.484 67.315 67.136 66.976 66.933 66.811 66.686 66.565 66.378 66.301 66.126 65.951 65.811 65.684 65.542 65.391 65.187 64.962 64.824 64.621 64.476 64.281 64.072 63.877 63.692 63.466 63.255 63.002 62.766 62.881 72.709 62.269 65.334 72.77 71.746 71.187 68.898 71.177 70.539 69.657 67.372 68.673 62.198 62.547 59.285 58.958 58.747 58.644 58.394 58.031 57.751 57.495 57.233 57.01 56.793 56.436 56.223 56.244 56.139 56.035 55.934 55.66 55.228 54.725 55.047 63.434
68.202 67.973 67.877 67.755 67.589 67.415 67.341 67.229 67.054 66.895 66.677 66.575 66.463 66.39 66.192 66.11 65.925 65.779 65.706 65.517 65.365 65.182 65.064 64.897 64.671 64.505 64.302 64.13 63.954 63.791 63.534 63.308 63.093 62.832 62.761 64.683 67.641 62.025 64.629 72.346 71.202 70.417 71.826 63.821 60.677 64.382 60.218 65.465 59.795 60.442 59.602 58.991 58.774 58.534 58.293 57.902 57.693 57.371 57.146 57.005 56.549 56.312 56.179 56.186 56.003 55.963 55.951 55.693 55.315 54.761 54.269 54.976
68.044 67.888 67.678 67.53 67.432 67.293 67.148 66.987 66.91 66.785 66.565 66.406 66.237 66.132 66.018 65.885 65.791 65.614 65.469 65.316 65.178 65.064 64.928 64.753 64.553 64.34 64.174 64.013 63.834 63.657 63.425 63.197 62.983 62.791 65.326 66.761 74.943 62.833 64.626 64.038 64.235 63.31 62.091 61.76 60.312 61.354 69.644 69.661 62.821 60.575 59.104 58.916 58.68 58.377 58.175 57.958 57.555 57.291 57.104 56.753 56.347 56.218 56.151 56.02 56.002 55.941 55.829 55.773 55.416 54.975 54.421 53.951
67.856 67.731 67.557 67.416 67.271 67.09 66.969 66.843 66.685 66.602 66.402 66.293 66.109 65.89 65.825 65.669 65.565 65.417 65.278 65.158 64.966 64.876 64.658 64.525 64.383 64.257 64.015 63.877 63.696 63.544 63.335 63.149 62.939 62.63 72.237 77.281 64.23 63.611 61.55 61.432 62.441 60.913 65.515 64.904 66.845 63.7 69.811 63.093 59.589 59.287 59.083 58.802 58.633 58.37 58.103 57.852 57.528 57.19 56.994 56.588 56.326 56.267 56.134 56.049 55.954 55.805 55.752 55.775 55.685 55.075 54.529 53.912
67.681 67.545 67.41 67.263 67.065 66.931 66.789 66.602 66.487 66.37 66.218 66.097 65.946 65.736 65.575 65.448 65.339 65.193 65.089 64.958 64.834 64.641 64.56 64.386 64.258 64.108 63.937 63.813 63.598 63.334 63.232 63.299 64.583 64.617 67.367 67.303 63.875 70.885 61.828 61.404 61.317 62.705 63.915 64.944 62.043 63.97 62.911 61.022 59.881 59.298 59.032 58.766 58.502 58.277 57.986 57.769 57.569 57.212 56.795 56.459 56.291 56.271 56.105 56.027 55.939 55.905 55.825 55.771 55.504 54.986 54.366 53.908
67.458 67.327 67.182 67.032 66.898 66.73 66.588 66.428 66.287 66.203 66.052 65.895 65.752 65.585 65.475 65.313 65.148 65.047 64.913 64.722 64.678 64.529 64.366 64.238 64.068 63.977 63.803 63.606 63.445 63.451 63.234 65.976 68.271 65.423 64.478 66.466 64.649 61.817 61.578 61.373 62.943 61.638 64.158 67.869 61.327 60.067 59.863 59.669 59.436 59.189 58.964 58.7 58.424 58.223 57.865 57.489 57.2 56.845 56.593 56.343 56.302 56.265 56.191 56.053 55.979 55.924 55.839 55.597 54.953 54.539 54.12 53.834
67.28 67.134 66.973 66.8 66.668 66.605 66.412 66.308 66.096 65.965 65.826 65.683 65.588 65.45 65.273 65.144 64.962 64.876 64.767 64.592 64.493 64.357 64.186 64.04 63.912 63.782 63.642 63.437 63.508 72.308 69.673 65.211 65.203 69.284 62.993 63.087 61.892 62.08 69.431 69.408 67.649 60.999 60.783 60.984 60.201 60.026 59.788 59.629 59.344 59.132 58.93 58.664 58.375 57.87 57.595 57.261 56.884 56.632 56.582 56.446 56.333 56.295 56.176 56.051 55.999 55.96 55.91 55.394 54.707 54.324 53.975 53.666
67.103 66.962 66.831 66.618 66.482 66.421 66.282 66.09 65.949 65.767 65.675 65.516 65.397 65.206 65.112 65.008 64.844 64.63 64.513 64.396 64.276 64.196 64.068 63.983 63.782 63.608 63.485 63.329 64.08 67.152 73.563 70.206 70.233 68.106 62.307 61.962 61.847 61.576 62.777 70.41 63.873 63.116 60.548 60.362 60.258 59.984 59.775 59.522 59.314 59.086 58.845 58.607 58.253 57.856 57.44 57.048 56.825 56.682 56.575 56.443 56.376 56.375 56.294 56.303 56.16 56.02 55.687 54.91 54.423 54.16 53.827 53.507
66.888 66.757 66.614 66.477 66.34 66.197 66.115 65.925 65.799 65.616 65.489 65.338 65.17 65.081 64.944 64.843 64.69 64.559 64.441 64.254 64.139 64.042 63.9 63.825 63.661 63.492 63.351 63.21 63.153 63.335 64.03 70.373 71.192 65.505 64.443 63.782 61.663 61.617 69.923 70.973 69.093 61.965 60.551 60.331 60.113 59.909 59.734 59.426 59.232 58.959 58.8 58.578 58.218 57.806 57.37 57.007 56.839 56.759 56.65 56.627 56.587 56.513 56.462 56.268 55.927 55.76 55.118 54.726 54.334 54.017 53.769 53.465
66.675 66.551 66.44 66.36 66.19 65.993 65.903 65.766 65.667 65.505 65.313 65.137 65.045 64.99 64.832 64.647 64.558 64.434 64.313 64.148 64.044 63.893 63.768 63.621 63.501 63.399 63.251 63.114 70.414 68.059 65.095 64.428 67.212 62.162 61.918 61.757 61.466 62.741 61.074 63.162 64.091 60.645 60.431 60.198 60.005 59.816 59.638 59.495 59.209 58.931 58.659 58.413 58.203 57.754 57.359 57.12 56.91 56.814 56.727 56.716 56.625 56.833 56.679 56.272 55.747 55.341 54.983 54.56 54.209 53.903 53.674 53.43
66.554 66.416 66.283 66.17 66.037 65.903 65.758 65.598 65.56 65.357 65.186 65.071 64.946 64.776 64.671 64.571 64.438 64.301 64.165 64.073 63.932 63.742 63.652 63.524 63.375 63.264 63.213 63.03 65.691 67.398 67.458 62.6 62.201 65.995 62.049 61.725 61.361 61.186 61.041 62.844 60.67 60.597 60.369 60.179 60.003 59.92 59.749 59.47 59.153 58.933 58.62 58.404 58.119 57.815 57.448 57.181 56.905 56.822 56.762 56.783 56.914 56.844 56.66 55.956 55.405 55.067 54.784 54.457 54.192 55.931 56.916 53.611
66.345 66.267 66.145 66.038 65.903 65.811 65.636 65.511 65.329 65.269 65.104 64.975 64.825 64.65 64.559 64.455 64.306 64.19 64.053 63.886 63.816 63.713 63.574 63.365 63.235 63.323 75.87 63.176 67.383 69.021 65.016 64.924 62.194 66.44 63.373 61.585 61.392 61.19 60.988 60.794 60.636 60.48 60.302 60.037 59.863 59.45 59.877 59.642 59.289 58.918 58.552 58.278 57.978 57.756 57.515 57.188 57.031 56.96 56.864 56.811 56.337 56.03 56.236 55.735 55.312 54.99 54.682 54.451 54.173 53.97 54.994 55.226
66.185 66.056 66.003 65.922 65.81 65.705 65.48 65.385 65.254 65.132 65.023 64.864 64.739 64.575 64.437 64.308 64.218 64.106 63.964 63.816 63.696 63.589 63.458 63.324 68.791 67.31 64.42 63.061 64.019 64.845 68.328 64.386 62.082 61.902 61.683 61.516 61.345 61.149 60.95 60.782 60.535 60.377 60.187 59.971 59.637 59.289 59.261 59.384 59.323 58.75 58.467 58.187 57.898 57.746 57.485 57.23 57.025 56.827 56.743 56.55 56.097 56.058 55.822 55.48 55.15 54.763 54.583 58.163 55.091 53.942 53.647 53.484
66.023 65.977 65.906 65.704 65.657 65.58 65.439 65.296 65.134 65.027 64.873 64.743 64.669 64.51 64.333 64.23 64.095 63.997 63.881 63.743 63.673 63.509 63.389 68.861 71.396 70.215 71.614 66.199 64.447 63.088 62.493 62.876 61.988 61.824 61.601 61.447 61.201 61.059 60.859 60.719 60.503 60.254 60.031 59.858 59.655 59.422 59.091 59.078 59.069 58.616 58.345 58.087 57.846 57.569 57.36 57.215 57.002 56.824 56.704 56.417 56.181 55.877 55.608 55.361 54.903 54.668 54.39 57.569 58.846 55.259 53.753 53.512
65.938 65.838 65.689 65.601 65.563 65.46 65.374 65.199 65.039 64.943 64.785 64.661 64.473 64.376 65.366 64.248 64.018 64.027 65.548 63.73 69.121 64.18 63.207 63.11 66.579 67.61 70.112 63.665 63.362 68.928 64.257 62.098 61.933 61.714 61.493 61.299 61.15 61.004 60.824 60.593 60.414 60.208 59.968 59.74 59.506 59.347 59.137 59.069 58.718 58.394 58.173 57.927 57.712 57.488 57.333 57.144 56.905 56.812 56.687 56.426 56.136 55.906 55.522 55.155 54.929 54.71 54.503 54.334 55.356 54.072 53.903 53.605
65.87 65.716 65.575 65.542 65.404 65.367 65.284 65.145 64.977 64.767 64.637 64.546 64.433 67.293 72.435 68.058 65.901 65.764 74.028 64.913 69.538 67.055 65.478 63.016 62.911 64.301 62.659 62.457 65.895 64.272 63.251 61.963 61.822 61.624 61.492 61.29 61.073 60.865 60.694 60.474 60.31 60.077 59.84 59.628 59.403 59.168 58.919 58.708 58.507 58.296 58.159 57.873 57.611 57.402 57.187 57.011 56.893 56.797 56.657 56.453 56.185 55.908 55.52 55.123 54.793 54.652 54.507 54.353 54.188 54.02 54.014 57.514
65.712 65.599 65.496 65.404 65.305 65.249 65.175 65.059 64.905 64.719 64.528 64.447 64.317 71.723 75.414 73.732 69.406 69.382 64.675 64.786 69.83 68.478 63.089 63.007 63.011 64.917 62.697 62.492 62.351 62.176 61.987 61.856 61.742 61.56 61.369 61.229 60.999 60.76 60.586 60.348 60.179 59.952 59.73 59.53 59.321 59.056 58.869 58.603 58.373 58.157 57.919 57.663 57.496 57.281 57.169 56.916 56.932 56.864 56.721 56.451 56.158 55.835 55.526 55.088 54.853 54.639 54.46 54.227 54.111 54.003 54.58 59.58
65.623 65.516 65.371 65.342 65.212 65.087 65.032 64.929 64.844 64.651 66.616 64.279 64.374 73.688 74.37 74.333 72.553 67.999 66.892 69.527 63.5 65.975 64.049 62.844 69.268 68.022 69.076 63.245 62.247 62.118 61.986 61.826 61.614 61.423 61.261 61.123 60.924 60.708 60.556 60.284 60.02 59.863 59.636 59.387 59.188 58.968 58.745 58.48 58.187 57.974 57.633 57.453 57.351 57.243 57.101 56.977 56.825 56.787 56.714 56.4 56.072 55.713 55.411 55.087 54.913 55.603 55.243 54.276 54.093 53.902 53.809 56.575
65.48 65.429 65.269 65.149 65.061 64.985 64.883 64.802 64.773 65.159 64.285 64.276 70.19 73.345 68.668 74.075 72.741 70.82 70.059 66.611 66.015 65.248 63.003 66.33 63.974 63.128 63.078 62.604 62.173 62.039 61.912 61.741 61.594 61.36 61.162 61.007 60.821 60.607 60.411 60.249 59.973 59.743 59.519 59.283 59.034 58.829 58.589 58.32 57.96 57.655 57.469 57.345 57.202 57.147 57.101 56.985 56.88 56.703 56.565 56.305 55.961 55.685 55.302 55.013 58.53 60.138 57.914 54.339 54.142 54.015 53.76 53.347
65.406 65.302 65.202 65.065 64.978 64.885 64.763 64.703 64.476 67.98 65.13 66.742 66.772 72.871 72.031 68.922 69.24 71.038 67.397 63.646 63.348 62.978 63.518 64.07 62.638 62.54 62.414 62.289 62.105 61.942 61.812 61.674 61.5 61.301 61.121 60.916 60.716 60.529 60.307 60.1 59.889 59.619 59.393 59.163 58.942 58.664 58.435 57.946 57.62 57.496 57.453 57.305 57.22 57.097 57.078 56.951 56.8 56.605 56.449 56.229 55.875 55.57 55.188 54.882 57.44 59.093 56.363 54.27 54.056 53.996 53.754 53.298
65.256 65.168 65.114 64.963 64.871 64.753 64.651 64.603 68.315 73.185 67.709 70.234 69.122 67.192 64.967 65.058 63.801 69.857 65.599 63.241 63.106 62.972 63.15 62.703 62.566 62.465 62.332 62.161 62.044 61.886 61.68 61.535 61.423 61.262 61.101 60.854 60.614 60.366 60.168 59.947 59.756 59.547 59.307 59.048 58.851 58.625 58.288 57.67 57.537 57.477 57.413 57.296 57.155 57.045 56.982 56.877 56.737 56.512 56.289 56.049 55.769 55.354 55.049 54.784 54.706 55.351 54.36 54.204 54.112 53.906 53.574 53.231
65.306 65.067 64.994 64.855 64.692 64.671 64.563 66.119 69.108 70.29 66.775 66.909 64.002 64.078 63.589 63.783 70.279 64.292 63.253 63.113 63.006 62.916 62.778 62.658 62.546 62.389 62.262 62.054 61.959 61.799 61.636 61.457 61.261 61.147 60.922 60.761 60.549 60.343 60.006 59.776 59.615 59.407 59.199 58.966 58.725 58.402 57.965 57.609 57.506 57.418 57.255 57.2 57.073 57.022 56.983 56.812 56.685 56.393 56.133 55.79 55.541 55.243 54.922 54.773 54.702 54.52 54.336 54.157 53.911 53.674 53.549 53.059
65.055 64.985 64.866 64.822 64.682 64.589 64.457 67.931 70.904 70.895 68.42 65.791 64.311 63.852 64.372 64.178 63.426 63.741 63.202 63.077 62.933 62.826 62.7 62.614 62.48 62.295 62.158 61.967 61.799 61.671 61.521 61.36 61.189 61.011 60.824 60.635 60.432 60.139 59.957 59.657 59.482 59.271 58.974 58.794 58.57 58.26 57.792 57.554 57.436 57.294 57.251 57.158 57.073 56.974 56.781 56.649 56.518 56.282 55.903 55.634 55.397 55.875 55.35 54.708 54.581 54.419 54.248 54.026 53.81 53.455 53.171 53.036
64.97 64.912 64.775 66.217 65.698 64.52 64.406 66.558 67.719 66.105 64.015 65.325 63.932 63.71 63.55 64.164 63.365 63.263 63.132 62.993 62.884 62.772 62.669 62.505 62.415 62.267 62.078 61.913 61.754 61.523 61.426 61.256 61.087 60.884 60.632 60.502 60.271 60.032 59.819 59.593 59.32 59.103 58.804 58.6 58.404 57.979 57.726 57.551 57.345 57.259 57.169 57.067 56.992 56.758 56.545 56.457 56.406 56.073 55.664 55.238 58.117 60.514 55.976 54.563 54.469 55.86 54.383 54.056 53.765 53.432 53.141 55.461
65.057 64.765 64.624 66.177 65.428 64.43 64.349 64.203 64.099 64.06 65.684 69.119 68.209 64.55 63.564 63.393 63.285 63.146 63.014 62.926 62.801 62.714 62.608 62.48 62.328 62.153 62.034 61.849 61.692 61.493 61.307 61.087 60.89 60.758 60.574 60.308 60.116 59.888 59.666 59.421 59.17 58.949 58.703 58.423 58.08 57.851 57.606 57.493 57.324 57.214 57.133 56.935 56.789 56.539 56.393 56.292 56.089 55.767 55.388 55.02 57.571 60.402 57.492 55.011 57.255 59.428 55.645 54.76 54.981 56.072 56.271 56.518
64.776 64.66 64.438 68.014 65.781 64.362 64.27 64.165 64.011 63.958 64.722 70.117 70.165 66.995 63.548 63.365 63.203 63.092 62.986 62.851 62.709 62.571 62.485 62.391 62.18 62.08 61.923 61.699 61.57 61.405 61.17 60.975 60.726 60.52 60.365 60.181 59.977 59.73 59.431 59.182 59.019 58.835 58.597 58.331 57.982 57.766 57.568 57.384 57.254 57.157 57.081 56.783 56.55 56.277 56.159 56.055 55.851 55.474 55.209 54.872 55.423 55.578 59.682 56.809 56.203 59.471 58.807 53.754 55.548 54.373 56.886 54.783
64.727 64.517 64.409 64.342 64.31 64.271 64.157 64.071 63.949 63.861 64.287 67.901 67.621 64.71 63.433 63.274 63.169 63.025 62.893 62.749 62.616 62.458 62.385 62.247 62.099 61.933 61.85 61.624 61.435 61.242 61.02 60.866 60.608 60.366 60.141 59.948 59.692 59.526 59.273 59.031 58.824 58.58 58.405 58.143 57.877 57.679 57.502 57.314 57.227 57.139 56.959 56.616 56.401 56.152 55.926 55.737 55.455 55.145 54.914 54.725 54.483 54.271 58.61 58.263 57.728 57.852 55.595 57.561 57.261 53.11 58.392 58.084
67.142 64.413 64.339 64.264 64.194 64.123 64.025 63.963 63.858 63.742 63.635 63.521 63.469 63.36 63.337 63.2 63.063 62.878 62.82 62.674 62.529 62.43 62.252 62.166 62.007 61.857 61.632 61.507 61.314 61.101 60.891 60.658 60.462 60.212 59.912 59.757 59.483 59.274 59.014 58.812 58.624 58.342 58.167 57.921 57.638 57.543 57.425 57.243 57.152 56.976 56.675 56.383 56.088 55.773 55.634 55.393 55.098 54.87 54.645 54.541 54.355 54.151 56.725 58.541 56.766 57.289 57.565 54.583 57.412 53.952 57.857 55.018
