dsm/se2631_DSM_2M.asc
ncols 500
nrows 500
xllcorner    426000
yllcorner    431000
cellsize     2
NODATA_value -9999
[rows 32 to 63 of 500, columns 216 to 287 of 500]
48.995 49.237 50.109 48.62 53.074 53.933 54.491 55.017 55.338 55.881 56.27 55.713 55.406 55.335 55.381 56.274 56.652 56.323 55.731 55.549 55.134 55.209 55.019 55.003 55.005 54.936 54.997 56.518 56.543 56.576 56.657 56.708 56.699 56.752 56.796 55.686 50.023 50.302 49.952 49.142 47.732 47.198 47.227 47.165 47.134 47.124 47.039 47.071 47.01 47.016 47.007 46.997 47.055 47.063 47.095 47.073 47.086 47.093 47.122 47.082 47.121 47.121 47.113 47.138 47.139 47.133 47.16 56.178 59.857 59.895 56.101 49.472
49.739 49.228 50.027 47.613 52.58 53.002 53.198 53.308 53.553 55.826 56.346 55.942 55.695 55.615 55.578 56.576 56.917 56.993 57.05 56.721 56.791 56.713 55.68 56.641 55.662 56.613 55.471 56.19 56.236 56.247 56.305 56.332 56.334 56.452 56.457 51.985 48.94 49.024 48.684 48.28 47.858 47.091 47.091 47.048 47.037 47.045 46.944 46.918 46.92 46.935 46.958 46.943 46.983 47.028 47.042 46.986 47.013 47.004 47.039 47.102 47.036 47.063 47.052 47.041 47.014 47.009 47.188 56.601 58.197 59.405 56.53 50.256
48.738 49.452 50.371 51.153 52.175 52.228 52.297 52.37 52.439 52.45 52.571 52.553 53.491 53.076 53.607 56.446 56.605 56.633 56.652 56.685 56.729 56.807 56.835 56.959 56.935 56.985 57.042 56.255 55.942 55.912 55.99 55.982 56.021 56.132 56.105 52.278 48.751 49.119 49.193 48.041 47.525 46.992 46.956 46.923 46.909 46.898 46.893 46.891 46.916 46.835 46.876 46.874 46.941 46.971 46.953 46.972 46.914 46.898 46.91 46.951 47.025 47.011 46.951 46.954 46.924 46.958 47.039 49.707 52.766 55.935 50.646 51.115
48.889 49.816 50.15 48.194 51.798 52.011 51.931 51.97 51.995 52.092 52.117 52.183 52.235 52.234 52.384 56.06 56.148 56.194 56.305 56.339 56.294 56.431 56.426 56.525 56.565 56.651 56.686 55.869 55.513 55.54 50.892 49.429 55.326 54.048 55.717 52.178 47.327 48.94 48.954 47.527 47.456 46.902 46.866 46.796 46.782 46.804 46.815 46.84 46.8 46.803 46.819 46.864 46.878 46.903 46.915 46.924 46.847 46.904 46.853 49.267 47.158 50.402 47.199 46.925 46.948 47.027 47.111 47.882 53.082 50.358 51.428 55.326
49.882 49.67 49.821 50.074 51.476 51.524 51.527 51.614 51.578 51.652 51.683 51.83 51.835 51.875 52.056 55.803 55.791 55.812 55.861 55.914 56.025 55.969 56.105 56.125 56.189 56.296 56.343 55.548 55.163 53.893 46.943 46.837 46.811 46.836 48.323 46.849 46.905 46.951 47.305 46.91 46.822 46.785 46.698 46.667 46.697 46.866 46.939 46.897 46.856 46.909 46.86 46.818 46.88 46.872 46.928 46.948 49.422 51.107 51.852 53.867 56.373 54.765 50.602 47.803 47.078 46.862 47.294 47.611 48.115 47.315 50.15 56.385
49.773 49.749 48.903 50.528 50.864 51.113 51.193 51.215 51.284 51.289 51.304 51.405 51.461 51.514 51.597 55.33 55.435 55.515 55.552 55.595 55.601 55.61 55.671 55.736 55.829 55.865 56 55.033 54.681 51.438 46.805 46.793 46.792 46.802 46.811 46.871 46.868 46.893 47.817 46.891 46.787 46.76 46.725 46.757 46.806 46.904 46.662 46.59 46.514 46.555 46.724 46.878 47.086 46.124 47.302 48.498 51.314 54.706 55.561 56.033 57.48 57.45 52.913 47.356 47.302 46.437 46.954 46.636 46.313 52.176 56.397 58.278
48.8 48.938 47.824 47.465 46.897 47.987 50.791 50.863 50.88 50.902 50.959 50.958 51.069 51.177 53.174 55.042 55.007 55.161 55.165 55.216 55.257 55.31 55.349 55.424 55.439 55.558 54.697 48.616 46.779 47.531 46.763 46.778 46.801 46.776 46.813 47.301 46.738 46.703 46.704 46.641 46.482 46.316 46.274 46.002 45.951 45.828 45.808 45.686 45.637 45.523 45.564 46.196 45.433 45.496 45.763 47.05 50.918 54.785 57.304 56.992 55.634 55.021 52.959 47.86 46.223 46.278 46.268 46.242 46.218 46.938 52.417 54.21
48.425 48.401 47.301 46.788 46.75 46.775 49.617 49.799 50.439 50.417 50.524 50.632 48.139 48.16 53.309 54.692 54.678 54.718 54.786 54.858 54.903 54.943 54.918 55.027 55.07 55.091 50.825 46.819 46.767 46.762 46.739 46.73 46.908 46.723 46.692 46.645 46.614 46.559 46.406 46.23 46.058 45.932 45.728 45.507 45.451 45.388 45.364 45.357 45.337 45.32 46.428 45.387 45.218 45.307 45.369 45.583 48.852 53.587 55.973 55.004 53.243 48.418 46.876 46.093 46.176 46.229 46.246 46.255 46.199 46.188 46.898 47.019
48.589 48.369 47.174 46.874 46.695 46.773 46.746 46.745 46.75 47.449 49.587 49.584 47.143 46.749 48.227 53.943 54.273 54.272 54.369 54.496 54.576 54.567 54.557 54.576 54.659 54.755 54.688 46.903 46.72 46.747 46.689 46.658 46.67 46.624 46.61 46.487 46.416 46.325 46.195 46.034 45.892 45.743 45.634 45.546 45.416 45.38 45.301 45.293 45.842 47.203 47.4 45.471 45.161 45.081 45.146 46.624 46.099 45.839 47.633 46.814 46.04 46.027 46.034 46.057 46.136 46.144 46.156 46.154 46.142 46.143 46.134 46.164
48.359 48.283 46.901 46.749 46.705 46.737 46.715 46.708 46.735 46.798 47.876 48.903 46.761 46.741 46.755 46.794 48.757 53.866 54.012 54.045 54.071 54.161 54.236 54.105 54.279 54.237 49.132 46.731 46.707 46.68 46.679 46.618 46.624 46.552 46.476 46.371 46.277 46.172 46.049 45.934 45.849 45.733 45.632 45.495 45.426 45.385 45.326 45.292 45.286 45.52 45.317 45.198 45.043 45.038 46.264 45.936 45.593 45.718 45.826 45.92 45.981 45.986 46.015 46.011 46.079 46.077 46.08 46.089 46.12 46.071 46.047 46.087
48.295 48.554 46.958 46.889 46.664 46.678 46.672 46.689 46.675 46.68 46.675 46.694 46.694 46.712 46.731 46.766 51.522 53.597 53.636 53.701 53.661 53.812 53.868 48.361 48.793 48.046 47.51 46.741 47.864 47.084 46.672 46.607 46.542 46.553 46.419 46.34 46.257 46.166 46.01 45.923 45.796 45.718 45.657 45.493 45.439 45.385 45.315 45.29 45.278 45.261 45.307 45.214 44.984 44.975 46.727 45.858 45.556 45.688 45.804 45.871 45.957 45.962 45.949 45.992 45.985 45.999 46.026 46.002 46.008 46.012 46.007 45.98
48.262 48.719 47.225 46.863 46.67 46.653 46.637 46.632 46.647 46.691 46.68 46.668 46.698 46.682 46.656 46.779 50.183 53.176 53.044 48.852 46.866 48.662 48.666 46.761 46.758 46.727 46.75 46.784 48.86 47.612 46.675 46.635 46.502 46.436 46.364 46.321 46.169 46.103 45.979 45.928 45.79 45.693 45.587 45.497 45.436 45.348 45.303 45.258 45.259 45.271 45.264 45.181 44.956 44.991 46.995 46.139 45.505 45.655 45.763 45.799 45.824 45.889 45.86 45.865 45.873 45.887 45.914 45.939 45.928 45.96 45.939 45.93
48.938 48.51 47.637 46.779 46.613 46.653 46.597 46.651 46.636 46.639 46.579 46.648 46.637 46.62 46.655 46.783 51.658 52.832 52.747 47.516 46.696 46.706 46.739 46.746 46.708 46.757 46.716 46.733 48.876 47.188 46.641 46.572 46.518 46.378 46.312 46.175 46.11 45.99 45.88 45.823 45.762 45.676 45.567 45.487 45.496 45.379 45.311 45.259 45.266 45.248 45.237 45.163 44.914 44.943 46.892 46.015 45.384 45.576 45.687 45.721 45.744 45.756 45.736 45.774 45.792 45.832 45.86 45.9 45.881 45.888 45.886 45.874
47.987 47.576 47.636 46.737 46.603 46.59 46.629 46.595 46.608 46.637 46.605 46.612 46.587 46.618 46.649 46.812 52.293 52.496 52.286 46.962 46.693 46.675 46.707 46.71 46.679 46.692 46.704 46.679 47.142 46.604 46.582 46.524 46.458 46.399 46.295 46.092 45.92 45.814 45.727 45.637 45.598 45.55 45.501 45.429 45.422 45.397 45.337 45.255 45.224 45.154 45.151 45.056 44.951 44.885 44.877 45.27 45.351 45.524 45.592 45.63 45.673 45.652 45.644 45.656 45.698 45.756 45.808 45.823 45.83 45.841 45.809 45.822
46.506 46.544 46.58 46.567 46.614 46.574 46.615 46.594 46.579 46.619 46.617 46.59 46.591 46.596 46.63 46.675 46.66 47.277 46.778 46.718 46.668 46.675 46.679 46.674 46.66 46.682 46.663 46.652 46.649 46.637 46.525 46.532 46.492 46.344 46.218 46.055 45.859 45.653 45.525 45.447 45.459 45.447 45.429 45.41 45.352 45.342 45.305 45.261 45.202 45.104 45.122 45.012 44.89 44.829 44.833 45.038 45.289 45.504 45.544 45.568 45.57 45.623 45.599 45.59 45.649 45.659 45.704 45.751 45.743 45.741 45.793 45.755
46.542 46.531 46.531 47.998 48.725 48.459 47.189 46.534 46.56 46.536 46.546 46.59 46.507 46.559 46.569 46.569 46.616 46.636 46.628 46.64 46.634 46.65 46.637 46.66 46.622 46.652 46.629 46.636 46.627 46.623 46.579 46.517 46.402 46.316 46.185 46.02 45.803 45.699 45.485 45.404 45.392 45.398 45.393 45.355 45.344 45.319 45.257 45.212 45.19 45.108 45.082 44.993 44.928 44.813 44.849 45.008 45.277 45.477 45.526 45.549 45.529 45.56 45.577 45.547 45.608 45.617 45.637 45.666 45.68 45.679 45.673 45.632
48.472 47.401 46.742 47.227 46.166 46.646 46.504 46.282 46.416 46.504 46.524 46.506 46.532 46.509 46.499 46.492 46.573 46.591 46.618 47.756 47.093 47.022 46.697 46.641 46.653 46.603 46.673 46.583 46.587 46.58 46.534 46.511 46.392 46.295 46.146 45.977 45.847 45.622 45.499 45.471 45.407 45.386 45.365 45.332 45.331 45.297 45.251 45.24 45.18 45.152 45.064 44.996 44.888 44.843 44.857 44.992 45.249 45.392 45.549 45.546 45.506 45.503 45.504 45.512 45.529 45.569 45.57 45.6 45.653 45.638 45.602 45.52
49.217 48.08 49.732 49.275 48.227 48.746 47.754 47.203 47.599 47.941 46.998 47.88 47.535 47.041 46.505 46.498 46.569 46.474 46.5 46.931 48.578 47.56 48.622 47.231 46.591 46.612 46.586 46.636 46.594 46.568 46.508 46.464 46.389 46.29 46.133 46.009 45.838 45.7 45.524 45.428 45.391 45.414 45.417 45.391 45.375 45.287 45.265 45.235 45.184 45.121 45.018 44.983 44.861 44.882 44.886 45.372 45.178 45.375 45.484 45.483 45.489 45.526 45.464 45.501 45.492 45.519 45.529 45.571 45.585 45.581 45.536 45.503
46.272 46.357 47.244 46.916 46.848 46.899 46.862 46.936 47.481 49.131 47.042 46.402 46.432 46.384 46.378 46.411 46.993 46.764 46.369 47.084 46.317 46.279 46.264 46.283 46.312 46.455 46.703 46.418 46.416 46.462 46.449 46.407 46.365 46.251 46.09 45.93 45.783 45.703 45.543 45.465 45.447 45.435 45.404 45.4 45.384 45.317 45.279 45.242 45.198 45.101 45.037 44.951 44.906 44.899 44.899 46.127 45.228 45.317 45.445 45.459 45.459 45.465 45.422 45.444 45.419 45.45 45.463 45.501 45.496 45.471 45.468 45.441
46.222 46.135 46.203 46.226 46.249 46.276 46.287 46.384 46.291 46.352 46.314 46.391 46.36 46.342 46.329 46.329 46.278 46.215 46.286 46.21 46.098 45.954 46.213 49.577 49.151 46.002 46.021 46.003 46.822 46.138 46.239 46.303 46.257 46.127 46.012 45.809 45.729 45.534 45.488 45.463 45.471 45.438 45.392 45.409 45.355 45.348 45.319 45.258 45.2 45.111 45.038 44.951 44.913 44.909 44.928 45.027 45.131 45.299 45.402 45.377 45.412 45.406 45.389 45.394 45.436 45.413 45.407 45.429 45.411 45.413 45.396 45.414
46.041 46.041 46.044 46.04 46.026 46.059 46.102 46.176 46.162 46.284 46.273 46.298 46.289 46.352 46.371 46.322 46.19 46.139 46.133 46.163 46.062 45.894 48.308 50.823 51.15 51.383 49.964 48.203 47.933 46.009 45.918 46.003 46.034 45.959 45.857 45.643 45.525 45.441 45.41 45.456 45.447 45.43 45.397 45.374 45.343 45.317 45.306 45.254 45.185 45.106 45.041 44.953 44.93 44.937 44.968 45.353 45.564 45.273 45.341 45.399 45.416 45.367 45.328 45.341 45.368 45.339 45.338 45.377 45.407 45.364 45.348 45.34
45.981 45.984 45.986 45.966 45.951 45.986 45.983 46.002 46.05 46.069 46.112 46.133 46.137 46.243 46.234 46.261 46.225 46.257 46.23 46.285 46.309 46.371 48.033 50.691 50.964 51.263 53.33 50.867 54.228 49.484 48.608 48.575 45.696 45.933 45.633 45.496 45.423 45.365 45.391 45.405 45.405 45.411 45.368 45.354 45.331 45.319 45.314 45.271 45.177 45.105 45.036 44.959 44.975 44.95 45.006 45.082 45.156 45.236 45.305 45.376 45.38 45.367 45.326 45.328 45.328 45.305 45.302 45.309 45.322 45.323 45.309 45.304
45.888 45.99 45.928 45.956 45.918 45.913 45.908 45.937 45.968 45.968 45.974 45.995 46.04 46.057 46.074 46.075 46.149 46.144 46.17 46.289 46.314 46.322 46.495 47.335 49.319 48.977 54.576 54.307 54.1 56.356 55.34 51.695 50.72 53.007 47.102 45.427 45.43 46.055 45.357 45.372 45.349 45.349 45.34 45.313 45.308 45.292 45.268 45.244 45.194 45.15 44.988 44.969 44.979 45.023 45.038 45.509 45.18 45.256 45.294 45.353 45.367 45.346 45.343 45.318 45.302 45.288 45.256 45.312 45.295 45.299 45.319 45.298
47.954 49.509 48.53 46.863 46.898 46.274 45.887 45.886 45.871 45.907 45.907 45.931 45.951 45.929 45.987 45.993 45.995 46.023 46.025 46.07 46.1 46.191 46.21 46.262 46.296 46.329 46.389 47.33 49.083 52.015 53.947 53.171 53.527 52.564 49.643 47.59 50.877 50.576 46.715 45.48 45.382 45.342 45.38 45.314 45.308 45.301 45.277 45.247 45.215 45.018 45.015 45.015 45.034 45.057 45.11 45.553 45.19 45.272 45.319 45.326 45.365 45.327 45.341 45.35 45.326 45.305 45.293 45.296 45.312 45.314 45.316 45.315
48.16 50.104 50.587 51.876 51.788 47.992 48.546 46.128 46.809 46.044 45.872 45.834 45.9 45.859 45.895 45.876 45.913 45.967 45.957 46.008 45.979 46.018 46.047 46.049 46.072 46.134 46.195 46.276 46.287 49.172 47.574 47.267 51.49 51.291 47.949 48.435 51.963 52.606 51.525 50.322 46.292 45.49 45.354 45.347 45.336 45.291 45.296 45.244 45.102 45.039 45.051 45.027 45.08 45.139 45.648 45.996 45.253 45.292 45.301 45.309 45.315 45.321 45.321 45.357 45.335 45.334 45.347 45.323 45.332 45.341 45.323 45.325
46.264 47.13 49.92 51.664 51.562 49.594 47.133 46.307 49.96 48.75 47.91 46.158 46.018 45.956 45.886 45.911 45.814 45.88 45.905 45.919 45.927 45.907 45.956 45.932 45.974 45.983 46.027 46.055 46.084 46.034 46.2 46.232 46.279 46.593 46.547 48.945 51.152 52.006 51.963 52.204 51.649 50.842 47.548 49.327 45.544 45.41 45.326 45.276 45.092 45.074 45.08 45.057 45.087 46.329 48.248 48.102 45.532 45.295 45.263 45.305 45.287 45.347 45.353 45.314 45.311 45.329 45.361 45.365 45.356 45.332 45.34 45.335
46.078 46.085 46.2 46.72 47.298 46.118 46.172 46.256 48.874 47.092 47.038 46.396 46.154 46.133 46.064 46.062 46.089 45.994 45.926 45.892 45.836 45.877 45.858 45.856 45.864 45.899 45.915 45.941 45.937 46.011 46.041 46.009 46.112 46.118 46.264 46.268 47.279 47.614 49.819 50.839 51.212 52.428 52.297 53.789 51.169 48.315 45.478 45.368 45.255 45.132 45.133 45.083 45.169 47.177 48.486 49.935 46.24 45.253 45.258 45.272 45.326 45.299 45.292 45.312 45.332 45.364 45.365 45.393 45.405 45.321 45.31 45.299
45.929 45.99 46.019 45.982 46.025 45.998 46.042 45.998 46.059 46.117 46.139 46.208 46.185 46.192 46.197 46.169 46.232 46.145 46.081 46.076 46.034 45.982 45.942 45.925 45.78 45.808 45.81 45.844 45.887 45.919 45.923 45.914 45.993 45.996 46.024 46.081 46.145 46.175 46.967 47.283 47.14 49.479 50.303 51.142 51.379 50.858 46.017 46.817 45.738 45.323 45.228 45.175 45.66 47.155 46.275 46.416 45.534 45.391 45.237 45.246 45.294 45.368 45.319 45.308 45.309 45.348 45.352 45.338 45.344 45.309 45.309 45.287
45.868 45.898 45.878 45.906 45.91 45.914 45.927 45.936 45.977 45.963 46.014 45.978 45.974 46.079 46.101 46.174 46.222 46.213 46.192 46.188 46.16 46.15 46.121 46.109 46.077 46.001 45.908 45.788 45.813 45.765 45.803 45.846 45.812 45.89 45.921 45.946 45.986 46.002 46.1 46.153 46.216 46.527 46.327 48.991 48.917 49.138 46.617 45.839 45.613 45.551 45.447 45.332 46.867 46.29 45.314 45.386 45.363 45.416 45.282 45.27 45.327 45.33 45.301 45.349 45.276 45.311 45.314 45.338 45.331 45.223 45.185 45.253
45.833 45.824 45.814 45.813 45.81 45.85 45.796 45.831 45.871 45.855 45.878 45.874 45.951 45.921 45.97 45.942 45.998 46.045 46.077 46.231 46.176 46.169 46.192 46.23 46.148 46.125 46.077 46.043 46.029 45.967 45.88 45.768 45.777 45.79 45.812 45.868 45.905 45.906 45.92 46.009 45.982 46.084 46.196 46.189 46.25 46.378 46.244 45.901 45.822 45.703 45.736 45.698 46.085 46.46 46.382 46.881 45.697 45.512 45.413 45.345 45.306 47.638 48.139 46.45 45.223 45.232 45.265 45.283 45.283 45.249 45.201 45.275
45.933 45.87 45.844 45.801 45.791 45.777 45.746 45.769 45.716 45.761 45.792 45.82 45.849 45.855 45.866 45.871 45.9 45.956 45.944 45.959 45.965 46.025 46.039 46.169 46.139 46.161 46.151 46.142 46.099 46.079 46.073 46.038 45.975 45.88 45.77 45.724 45.81 45.827 45.89 45.846 45.942 45.947 45.995 45.994 46.105 46.157 46.143 46.082 46.01 45.915 45.906 45.785 45.937 50.511 49.249 48.568 48.278 47.501 46.936 46.596 45.496 51.18 52.094 49.868 45.407 45.252 45.343 45.295 45.265 45.292 45.338 46.854
46.005 45.902 45.873 45.896 45.845 45.814 45.796 45.776 45.761 45.903 45.989 45.789 45.797 45.759 45.751 45.757 45.838 45.85 45.86 45.872 45.898 45.935 45.902 45.893 45.922 45.992 46.016 46.071 46.27 46.129 46.124 46.119 46.054 46.056 46.038 45.927 45.878 45.758 45.737 45.79 45.78 45.842 45.89 45.897 45.934 45.993 46.036 46.055 46.084 46.069 46.112 46.034 46.074 49.964 48.308 48.788 49.169 50.183 48.917 48.945 48.534 52.046 52.49 51.51 46.373 49.106 48.245 45.373 45.345 45.411 45.466 47.551
