dsm/se2630_DSM_2M.asc
ncols 500
nrows 500
xllcorner    426000
yllcorner    430000
cellsize     2
NODATA_value -9999
[rows 128 to 159 of 500, columns 0 to 71 of 500]
112.085 112.081 112.067 112.021 111.981 111.978 111.932 111.929 111.911 111.924 111.933 111.899 111.891 111.89 111.842 111.843 111.841 111.832 111.864 111.835 111.825 111.812 111.836 111.859 111.899 111.961 112.1 112.3 111.918 111.844 111.874 111.858 111.912 111.97 112.024 112.034 112.062 112.117 112.192 112.297 112.319 112.328 112.344 112.31 112.318 112.293 112.307 112.309 112.349 112.4 112.455 112.485 112.516 112.52 112.556 112.721 112.776 112.822 112.901 112.978 113.048 113.177 113.225 113.276 113.363 113.364 113.39 113.418 113.418 113.403 113.379 113.365
111.978 111.997 111.975 111.955 111.947 111.889 111.904 111.914 111.858 111.895 111.896 111.874 111.854 111.877 111.843 111.832 111.782 111.797 111.8 111.817 111.814 111.803 111.808 111.83 111.865 111.946 112.122 112.042 111.842 111.786 111.829 111.894 111.97 112.025 112.073 112.084 112.132 112.202 112.286 112.295 112.306 112.306 112.343 112.322 112.294 112.258 112.269 112.312 112.368 112.361 112.422 112.469 112.443 112.516 112.603 112.669 112.74 112.803 112.831 112.893 112.991 113.071 113.133 113.187 113.238 113.262 113.291 113.347 113.341 113.313 113.33 113.327
111.903 111.895 111.887 111.885 111.889 111.865 111.87 111.9 111.904 111.856 111.87 111.835 111.832 111.847 111.805 111.769 111.781 111.764 111.802 111.722 111.762 111.8 111.811 111.815 111.849 111.967 112.155 111.876 111.767 111.793 111.85 111.946 112.036 112.092 112.151 112.189 112.261 112.294 112.345 112.352 112.347 112.369 112.343 112.297 112.27 112.249 112.223 112.244 112.32 112.344 112.387 112.409 112.44 112.5 112.595 112.672 112.727 112.748 112.807 112.836 112.951 112.992 113.068 113.118 113.125 113.192 113.24 113.228 113.216 113.232 113.258 113.237
111.843 111.822 111.799 111.772 111.772 111.791 111.788 111.874 111.904 111.885 111.866 111.866 111.852 111.788 111.773 111.74 111.735 111.715 111.66 111.666 111.683 111.727 111.746 111.822 111.872 112.026 111.984 111.74 111.752 111.761 111.844 111.956 112.046 112.135 112.154 112.22 112.321 112.404 112.409 112.44 112.399 112.394 112.345 112.29 112.246 112.253 112.232 112.274 112.309 112.36 112.362 112.383 112.441 112.509 112.568 112.624 112.712 112.725 112.742 112.871 112.887 112.912 112.991 113.014 113.036 113.11 113.114 113.126 113.185 113.176 113.214 113.192
111.772 111.747 111.729 111.724 111.69 111.711 111.738 111.766 111.833 111.872 111.908 111.882 111.828 111.794 111.763 111.729 111.683 111.655 111.684 111.638 111.643 111.67 111.702 111.748 111.86 112.39 111.714 111.685 111.707 111.786 111.884 112.014 112.057 112.101 112.205 112.287 112.391 112.403 112.409 112.437 112.419 112.397 112.331 112.252 112.235 112.205 112.278 112.279 112.311 112.327 112.352 112.37 112.416 112.476 112.536 112.626 112.646 112.668 112.707 112.779 112.819 112.885 112.917 112.935 112.983 113.047 113.034 113.077 113.096 113.109 113.156 113.168
111.8 111.751 111.704 111.68 111.622 111.637 111.656 111.701 111.716 111.74 111.779 111.827 111.827 111.781 111.737 111.699 111.653 111.628 111.626 111.597 111.595 111.632 111.694 111.709 112.102 111.726 111.614 111.619 111.69 111.783 111.89 111.979 112.088 112.123 112.198 112.299 112.383 112.378 112.422 112.428 112.431 112.393 112.312 112.219 112.234 112.205 112.258 112.26 112.279 112.307 112.305 112.369 112.455 112.486 112.531 112.569 112.589 112.596 112.7 112.692 112.748 112.792 112.833 112.842 112.93 112.917 112.956 112.996 113.016 113.043 113.073 113.124
111.752 111.685 111.653 111.626 111.579 111.561 111.58 111.609 111.63 111.63 111.671 111.708 111.679 111.704 111.703 111.62 111.601 111.561 111.575 111.567 111.529 111.606 111.647 111.684 111.907 111.616 111.55 111.57 111.638 111.755 111.861 111.949 112 112.083 112.22 112.288 112.35 112.339 112.377 112.383 112.361 112.268 112.241 112.172 112.16 112.185 112.172 112.203 112.247 112.239 112.253 112.318 112.388 112.456 112.489 112.522 112.571 112.588 112.627 112.642 112.69 112.701 112.729 112.786 112.823 112.841 112.873 112.907 112.952 112.996 113.034 113.005
111.779 111.671 111.638 111.615 111.566 111.518 111.504 111.505 111.532 111.554 111.536 111.582 111.576 111.612 111.596 111.538 111.527 111.514 111.498 111.519 111.526 111.57 111.62 111.932 111.51 111.422 111.462 111.496 111.631 111.732 111.812 111.902 111.966 112.085 112.196 112.206 112.238 112.292 112.35 112.316 112.267 112.191 112.157 112.095 112.09 112.132 112.119 112.122 112.151 112.132 112.24 112.289 112.36 112.426 112.402 112.434 112.488 112.551 112.587 112.596 112.631 112.652 112.666 112.725 112.737 112.75 112.78 112.831 112.869 112.913 112.939 112.92
111.775 111.689 111.618 111.575 111.485 111.458 111.449 111.437 111.435 111.452 111.434 111.431 111.449 111.499 111.475 111.483 111.472 111.496 111.487 111.472 111.512 111.53 111.815 111.717 111.414 111.379 111.395 111.451 111.499 111.629 111.691 111.813 111.89 112.016 112.086 112.168 112.174 112.247 112.226 112.226 112.153 112.071 111.994 112.012 112.007 112.044 112.038 112.071 112.116 112.112 112.205 112.238 112.291 112.36 112.376 112.378 112.409 112.448 112.487 112.514 112.522 112.525 112.576 112.67 112.64 112.678 112.704 112.717 112.741 112.8 112.859 112.824
111.827 111.706 111.607 111.55 111.48 111.439 111.434 111.367 111.368 111.346 111.343 111.355 111.338 111.357 111.381 111.369 111.378 111.417 111.462 111.413 111.396 111.535 111.688 111.328 111.289 111.254 111.303 111.332 111.448 111.532 111.578 111.691 111.787 111.978 112.022 112.097 112.101 112.109 112.083 112.056 111.991 111.913 111.828 111.874 111.875 111.914 111.938 111.988 111.984 112.045 112.079 112.17 112.214 112.244 112.258 112.294 112.346 112.392 112.421 112.405 112.439 112.471 112.525 112.525 112.535 112.549 112.634 112.68 112.678 112.676 112.728 112.711
111.806 111.699 111.611 111.505 111.439 111.377 111.351 111.311 111.309 111.288 111.219 111.299 111.272 111.261 111.261 111.289 111.281 111.315 111.356 111.323 111.333 111.63 111.317 111.23 111.226 111.229 111.236 111.329 111.38 111.426 111.486 111.584 111.685 111.754 111.841 111.887 111.919 111.931 111.945 111.967 111.862 111.806 111.765 111.788 111.799 111.841 111.81 111.86 111.873 111.968 111.96 112.037 112.116 112.135 112.166 112.233 112.267 112.305 112.302 112.335 112.341 112.4 112.403 112.397 112.442 112.424 112.514 112.55 112.557 112.6 112.624 112.571
111.802 111.696 111.583 111.443 111.392 111.326 111.298 111.301 111.209 111.202 111.186 111.17 111.172 111.186 111.168 111.162 111.193 111.22 111.243 111.251 111.399 111.472 111.212 111.167 111.167 111.154 111.189 111.211 111.244 111.352 111.386 111.419 111.5 111.596 111.693 111.771 111.768 111.796 111.717 111.707 111.67 111.616 111.65 111.642 111.691 111.694 111.739 111.745 111.806 111.812 111.886 111.975 111.961 111.992 112.05 112.112 112.178 112.206 112.223 112.22 112.273 112.324 112.305 112.316 112.296 112.353 112.385 112.402 112.441 112.448 112.443 112.45
111.796 111.661 111.55 111.451 111.355 111.281 111.213 111.188 111.153 111.101 111.102 111.09 111.086 111.051 111.057 111.101 111.097 111.129 111.13 111.186 111.415 111.14 111.138 111.105 111.108 111.111 111.099 111.157 111.171 111.207 111.246 111.32 111.379 111.448 111.521 111.565 111.583 111.576 111.582 111.506 111.481 111.523 111.502 111.517 111.588 111.555 111.582 111.646 111.697 111.771 111.788 111.804 111.88 111.899 111.961 112.008 112.028 112.055 112.083 112.087 112.183 112.196 112.219 112.237 112.24 112.244 112.304 112.34 112.329 112.347 112.287 112.306
111.717 111.619 111.479 111.372 111.255 111.206 111.172 111.126 111.101 111.064 110.996 110.999 110.98 110.945 110.961 111.003 111.01 111.066 111.048 111.248 111.16 111.036 111.051 111.069 111.057 111.036 111.043 111.026 111.025 111.021 111.109 111.166 111.232 111.274 111.26 111.363 111.431 111.397 111.417 111.351 111.376 111.36 111.4 111.449 111.455 111.463 111.494 111.558 111.601 111.644 111.69 111.7 111.72 111.805 111.852 111.899 111.929 111.967 111.983 112.007 112.072 112.059 112.081 112.139 112.089 112.175 112.223 112.205 112.224 112.173 112.191 112.198
111.593 111.478 111.368 111.248 111.192 111.15 111.084 111.05 111.006 110.984 110.962 110.955 110.906 110.913 110.942 110.965 110.932 110.953 111.135 111.052 110.915 110.836 110.899 110.95 110.989 110.967 110.922 110.926 110.922 110.949 110.908 110.987 111.034 111.148 111.088 111.149 111.2 111.197 111.219 111.237 111.253 111.27 111.292 111.284 111.297 111.379 111.387 111.453 111.476 111.545 111.546 111.561 111.582 111.696 111.725 111.744 111.773 111.816 111.843 111.915 111.923 111.951 111.934 111.929 112.008 112.099 112.106 112.099 112.101 112.092 112.089 112.061
111.444 111.386 111.274 111.178 111.134 111.011 111.029 110.999 110.949 110.904 110.884 110.869 110.855 110.88 110.889 110.898 110.931 111.002 111.162 110.757 110.777 110.766 110.787 110.85 110.847 110.848 110.892 110.91 110.87 110.821 110.758 110.785 110.915 110.874 110.952 111.007 111.048 111.042 111.034 111.07 111.104 111.126 111.156 111.183 111.233 111.224 111.297 111.35 111.381 111.416 111.458 111.487 111.493 111.577 111.626 111.607 111.635 111.664 111.705 111.772 111.751 111.768 111.836 111.887 111.884 111.933 111.988 112.003 111.989 111.958 111.972 111.975
111.288 111.229 111.124 111.022 110.986 110.944 110.9 110.847 110.844 110.815 110.842 110.818 110.842 110.832 110.819 110.825 110.856 110.98 110.722 110.636 110.662 110.649 110.714 110.762 110.72 110.717 110.743 110.8 110.742 110.793 110.753 110.715 110.707 110.765 110.766 110.771 110.767 110.899 110.913 110.889 110.965 110.984 111.029 111.057 111.053 111.143 111.184 111.259 111.275 111.295 111.319 111.372 111.436 111.48 111.48 111.531 111.508 111.514 111.583 111.597 111.593 111.613 111.657 111.711 111.742 111.814 111.833 111.832 111.815 111.87 111.855 111.838
111.093 111.009 111.003 110.941 110.868 110.839 110.814 110.78 110.761 110.729 110.751 110.742 110.733 110.767 110.724 110.791 110.851 110.904 110.583 110.532 110.562 110.588 110.654 110.656 110.605 110.648 110.65 110.616 110.626 110.591 110.618 110.637 110.648 110.622 110.605 110.617 110.627 110.635 110.612 110.605 110.704 110.756 110.851 110.863 110.934 111.021 111.063 111.125 111.143 111.206 111.242 111.265 111.316 111.356 111.372 111.376 111.373 111.404 111.423 111.404 111.447 111.482 111.491 111.541 111.617 111.661 111.626 111.671 111.677 111.675 111.696 111.723
110.951 110.839 110.778 110.78 110.713 110.734 110.71 110.678 110.659 110.658 110.661 110.638 110.678 110.708 110.681 110.746 110.814 110.545 110.446 110.472 110.455 110.536 110.551 110.517 110.47 110.517 110.532 110.502 110.455 110.465 110.415 110.444 110.442 110.466 110.481 110.511 110.478 110.447 110.504 110.496 110.51 110.558 110.629 110.652 110.659 110.815 110.811 110.903 110.942 110.978 111.08 111.127 111.22 111.246 111.26 111.221 111.274 111.3 111.295 111.332 111.306 111.325 111.366 111.404 111.497 111.48 111.459 111.493 111.49 111.46 111.496 111.553
110.788 110.73 110.68 110.656 110.588 110.592 110.591 110.573 110.585 110.577 110.584 110.576 110.57 110.614 110.623 110.668 110.756 110.394 110.401 110.361 110.416 110.411 110.352 110.389 110.338 110.398 110.399 110.378 110.35 110.278 110.318 110.258 110.23 110.239 110.247 110.32 110.406 110.39 110.356 110.355 110.41 110.435 110.439 110.493 110.549 110.587 110.633 110.658 110.69 110.741 110.834 110.897 110.984 111.001 111.029 111.022 111.117 111.114 111.078 111.104 111.14 111.24 111.258 111.342 111.314 111.32 111.29 111.281 111.274 111.342 111.313 111.353
110.623 110.562 110.532 110.516 110.5 110.513 110.497 110.462 110.503 110.48 110.507 110.519 110.492 110.503 110.554 110.676 110.531 110.287 110.244 110.255 110.27 110.276 110.234 110.198 110.188 110.26 110.171 110.147 110.156 110.156 110.165 110.165 110.099 110.117 110.046 110.095 110.117 110.152 110.224 110.222 110.277 110.295 110.337 110.338 110.342 110.382 110.457 110.513 110.492 110.544 110.671 110.682 110.78 110.801 110.801 110.902 110.872 110.916 110.894 110.906 111.082 111.049 111.066 111.126 111.136 111.105 111.1 111.111 111.065 111.141 111.204 111.092
110.403 110.423 110.43 110.413 110.436 110.414 110.383 110.38 110.413 110.436 110.443 110.442 110.441 110.425 110.494 110.694 110.181 110.115 110.161 110.191 110.183 110.164 110.069 110.059 110.039 110.003 110.033 110.039 109.951 109.985 109.943 109.948 109.906 109.895 109.916 109.906 109.907 109.877 109.955 110.005 110.135 110.146 110.211 110.188 110.186 110.243 110.275 110.304 110.332 110.412 110.463 110.478 110.548 110.478 110.535 110.604 110.621 110.704 110.638 110.694 110.774 110.806 110.89 110.897 110.915 110.913 110.91 110.877 110.893 110.863 110.887 110.846
110.209 110.267 110.267 110.29 110.317 110.319 110.326 110.312 110.301 110.333 110.355 110.359 110.339 110.379 110.543 110.332 110.076 110.053 110.048 110.004 110.029 109.979 109.966 109.925 109.904 109.905 109.902 109.813 109.819 109.851 109.786 109.754 109.723 109.744 109.76 109.75 109.735 109.68 109.748 109.784 109.864 109.937 110.004 110.076 110.094 110.113 110.101 110.188 110.178 110.211 110.228 110.194 110.291 110.27 110.289 110.361 110.287 110.37 110.366 110.399 110.495 110.572 110.633 110.681 110.705 110.695 110.608 110.656 110.657 110.715 110.666 110.683
110.074 110.133 110.166 110.176 110.227 110.184 110.239 110.246 110.249 110.255 110.279 110.258 110.253 110.365 110.386 110.017 109.983 109.951 109.965 109.865 109.843 109.69 109.758 109.747 109.692 109.665 109.685 109.667 109.639 109.664 109.579 109.557 109.541 109.565 109.55 109.497 109.484 109.454 109.588 109.572 109.691 109.808 109.828 109.823 109.862 109.937 110.019 110.082 110.095 110.054 110.055 110.027 110.017 109.918 110.012 110.038 110.004 110.026 110.12 110.095 110.219 110.257 110.352 110.432 110.479 110.468 110.477 110.504 110.486 110.513 110.51 110.486
109.92 109.971 110.044 110.046 110.099 110.124 110.123 110.132 110.129 110.165 110.111 110.141 110.175 110.335 109.941 109.785 109.855 109.794 109.719 109.696 109.582 109.582 109.58 109.517 109.512 109.422 109.457 109.47 109.483 109.399 109.423 109.41 109.362 109.361 109.245 109.28 109.235 109.268 109.359 109.428 109.538 109.666 109.826 109.746 109.768 109.795 109.818 109.879 109.946 109.919 109.909 109.82 109.758 109.74 109.754 109.717 109.725 109.749 109.792 109.877 109.97 109.995 110.162 110.198 110.241 110.247 110.248 110.284 110.362 110.285 110.239 110.189
109.818 109.868 109.894 109.923 109.979 109.994 109.999 109.967 110.006 110.008 109.987 109.956 110.199 109.979 109.67 109.667 109.621 109.62 109.56 109.499 109.382 109.385 109.374 109.294 109.287 109.177 109.212 109.256 109.246 109.222 109.197 109.159 109.127 109.141 109.065 109.018 109.01 108.978 109.176 109.171 109.393 109.542 109.558 109.646 109.656 109.748 109.735 109.665 109.593 109.643 109.636 109.642 109.543 109.556 109.457 109.454 109.43 109.487 109.423 109.563 109.651 109.779 109.827 109.917 109.97 110.053 110.099 110.113 110.108 110.044 110.054 109.99
109.734 109.719 109.756 109.754 109.821 109.839 109.855 109.855 109.861 109.862 109.823 109.884 109.906 109.468 109.51 109.442 109.456 109.378 109.279 109.2 109.133 109.154 109.112 109.058 109.032 108.969 108.992 109.037 109.01 108.939 108.942 108.924 108.917 108.906 108.772 108.74 108.754 108.733 108.822 109.052 109.14 109.307 109.417 109.489 109.576 109.596 109.612 109.583 109.49 109.361 109.295 109.287 109.262 109.311 109.351 109.27 109.271 109.239 109.225 109.285 109.389 109.428 109.581 109.675 109.738 109.795 109.773 109.855 109.888 109.81 109.767 109.732
109.597 109.613 109.637 109.692 109.718 109.703 109.681 109.641 109.688 109.725 109.719 109.866 109.332 109.251 109.274 109.246 109.204 109.169 109.02 108.979 108.915 108.889 108.832 108.728 108.723 108.713 108.811 108.754 108.767 108.729 108.693 108.693 108.634 108.587 108.578 108.536 108.517 108.494 108.632 108.807 108.973 109.161 109.195 109.303 109.41 109.397 109.402 109.268 109.355 109.23 109.007 108.98 108.897 108.999 109.026 109.027 109.038 109.053 109.057 109.077 109.099 109.207 109.259 109.326 109.45 109.48 109.523 109.524 109.501 109.56 109.475 109.497
109.465 109.43 109.507 109.517 109.536 109.509 109.523 109.519 109.449 109.493 109.579 109.222 109.053 109.013 109.005 108.944 109.009 108.908 108.723 108.699 108.649 108.567 108.539 108.513 108.468 108.51 108.557 108.486 108.469 108.508 108.467 108.437 108.403 108.403 108.354 108.313 108.311 108.309 108.408 108.548 108.799 108.929 108.96 109.105 109.144 109.099 109.137 109.019 108.954 108.922 108.772 108.696 108.688 108.707 108.734 108.751 108.801 108.792 108.854 108.914 108.951 108.942 108.983 109.019 109.079 109.121 109.22 109.199 109.259 109.219 109.184 109.106
109.333 109.334 109.358 109.321 109.367 109.37 109.348 109.354 109.314 109.337 109.46 108.846 108.847 108.753 108.763 108.706 108.598 108.557 108.519 108.453 108.426 108.349 108.254 108.273 108.308 108.318 108.246 108.277 108.238 108.27 108.272 108.221 108.135 108.107 108.14 108.081 108.077 108.036 108.109 108.287 108.41 108.566 108.672 108.75 108.786 108.878 108.811 108.749 108.63 108.57 108.495 108.478 108.592 108.584 108.607 108.534 108.502 108.549 108.546 108.597 108.665 108.714 108.804 108.825 108.871 108.841 108.852 108.852 108.88 108.83 108.813 108.832
109.171 109.182 109.225 109.198 109.176 109.167 109.128 109.173 109.146 109.239 108.735 108.588 108.615 108.549 108.469 108.386 108.272 108.294 108.238 108.229 108.14 108.072 108.064 108.051 108.097 108.047 108.122 108.053 108.038 108.098 108.017 107.976 107.972 107.918 107.904 107.881 107.863 107.922 107.978 108.031 108.17 108.272 108.321 108.412 108.485 108.449 108.443 108.435 108.392 108.333 108.314 108.358 108.39 108.386 108.389 108.4 108.398 108.389 108.417 108.38 108.365 108.411 108.448 108.534 108.607 108.645 108.516 108.575 108.532 108.555 108.458 108.443
109.031 109.046 109.032 109.051 109.065 109.023 108.957 108.927 109.042 108.833 108.424 108.385 108.319 108.315 108.227 108.167 108.021 108.031 108.057 108 107.96 107.855 107.815 107.873 107.9 107.881 107.838 107.903 107.871 107.901 107.873 107.792 107.782 107.744 107.736 107.705 107.711 107.778 107.826 107.959 107.879 107.941 108.009 108.064 108.131 108.154 108.161 108.171 108.144 108.11 108.129 108.187 108.243 108.195 108.191 108.174 108.231 108.191 108.235 108.215 108.205 108.139 108.121 108.079 108.247 108.132 108.252 108.302 108.302 108.309 108.236 108.241
