dsm/se2634_DSM_2M.asc
ncols 500
nrows 500
xllcorner    426000
yllcorner    434000
cellsize     2
NODATA_value -9999
[rows 352 to 383 of 500, columns 288 to 359 of 500]
55.159 54.906 54.71 54.528 54.351 54.167 53.973 53.81 53.695 53.522 53.304 53.194 53.067 52.843 52.634 52.43 52.215 51.997 51.771 51.579 51.317 51.099 52.675 55.615 61.04 63.233 64.433 64.695 63.325 63.64 63.995 63.808 62.558 59.031 52.712 46.25 40.942 47.423 51.124 51.89 49.998 45.727 46.719 41.511 43.167 42.917 42.934 39.105 39.236 39.518 39.861 39.702 39.418 39.228 39.246 39.72 39.826 39.02 38.73 39.279 38.376 38.345 38.172 44.546 50.28 50.817 52.924 51.171 46.526 56.673 52.136 48.094
55.198 54.985 54.795 54.58 54.36 54.236 54.057 53.898 53.715 53.574 53.409 53.24 53.061 52.844 52.608 52.465 52.188 52.016 51.809 51.562 51.256 50.895 50.622 57.485 62.935 64.005 64.429 64.413 63.812 64.247 64.34 63.613 62.953 56.645 43.753 41.403 41.706 49.558 51.985 51.375 53.925 53.546 51.158 47.304 47.367 46.457 46.642 44.918 43.62 40.145 39.383 39.482 39.377 39.271 39.151 39.196 39.061 43.943 43.053 40.598 39.34 38.411 38.3 40.655 47.324 51.344 53.679 51.931 52.045 54.766 52.43 55.234
55.211 54.999 54.781 54.553 54.486 54.311 54.097 53.979 53.798 53.655 53.448 53.22 53.008 52.856 52.635 52.388 52.168 51.906 51.611 51.366 51.178 50.828 50.5 50.115 60.814 62.429 62.695 55.409 61.593 63.974 63.268 63.055 62.121 45.847 41.941 41.587 48.613 45.206 50.987 51.88 54.577 51.819 53.252 51.122 50.435 51.664 44.96 47.753 46.247 43.446 39.633 39.549 39.491 39.338 39.271 39.364 45.265 48.416 49.814 48.218 41.197 39.433 38.443 38.378 43.938 43.486 50.764 51.531 54.959 54.978 59.58 57.759
55.227 55.09 54.882 54.628 54.478 54.33 54.095 53.951 53.82 53.673 53.413 53.274 53.04 52.808 52.589 52.347 52.108 51.789 51.575 51.294 51.002 50.678 50.284 49.967 52.324 57.82 59.756 59.355 58.493 61.901 62.223 62.693 60.859 42.765 42.368 43.869 44.834 51.501 52.966 55.232 55.518 54.14 54.233 53.041 52.134 51.841 51.459 47.965 48.459 46.957 40.767 39.642 39.899 42.302 42.172 44.03 46.783 48.245 51.066 51.492 47.808 47.935 39.911 38.777 40.041 45.364 53.029 53.572 57.323 48.616 56.461 56.649
55.281 55.09 54.875 54.682 54.467 54.371 54.227 54.056 53.837 53.648 53.477 53.261 53.012 52.812 52.541 52.269 51.987 51.716 51.419 51.093 50.805 50.523 50.245 49.725 49.796 58.6 55.556 51.478 49.305 57.771 58.534 49.94 45.244 42.805 42.899 44.521 46.464 55.526 54.353 53.573 47.085 54.104 52.795 54.152 52.49 49.737 47.668 52.28 48.621 47.321 43.767 42.259 44.444 47.735 49.694 49.083 50.599 46.759 48.28 48.69 47.187 47.989 42.316 38.983 38.909 38.639 52.267 58.222 56.918 57.083 58.576 57.839
55.292 55.051 54.869 54.783 54.563 54.391 54.229 54.095 53.874 53.666 53.528 53.34 53.014 52.702 52.411 52.166 51.876 51.553 51.37 51.012 50.65 50.38 50.027 49.641 49.284 50.842 48.203 47.408 46.702 45.982 46.244 44.344 43.81 45.334 45.905 49.037 52.324 53.65 54.372 46.304 48.757 47.779 54.144 47.231 54.057 55.368 51.739 51.745 48.962 48.136 44.605 44.435 46.593 51.069 51.632 52.888 52.488 51.438 49.528 48.448 46.4 44.749 40.491 39.003 38.913 38.965 48.102 54.449 51.657 54.56 56.188 55.122
56.121 55.15 54.972 54.822 54.657 54.476 54.302 54.104 53.907 53.705 53.468 53.242 52.957 52.68 52.336 52.072 51.711 51.409 51.083 50.773 50.45 50.08 49.748 49.433 49.153 48.721 48.263 47.556 47.226 46.378 45.488 45.013 48.109 49.767 47.106 50.327 54.84 56.607 49.616 53.747 48.156 53.555 49.735 51.106 54.382 55.289 54.919 51.28 48.614 46.841 42.803 44.994 47.017 51.348 54.027 53.115 53.443 51.258 49.405 46.938 44.757 45.991 47.107 39.791 39.393 43.346 43.271 45.959 52.312 53.674 54.669 52.677
57.029 55.152 54.941 54.819 54.7 54.508 54.257 54.065 53.893 53.669 53.393 53.154 52.888 52.577 52.2 51.925 51.525 51.218 50.883 50.618 50.285 49.917 49.524 49.275 48.867 48.522 48.446 51.933 51.553 54.54 53.16 49.327 50.521 52.239 51.155 51.536 55.72 56.243 52.247 48.167 55.007 52.644 51.232 54.183 52.815 52.137 53.459 48.342 45.661 43.76 42.955 49.574 47.735 50.053 53.061 53.294 52.916 51.14 49.502 48.795 44.085 50.069 45.214 49.21 49.022 45.685 45.531 45.581 50.823 50.664 52.862 52.11
56.012 55.134 54.929 54.769 54.631 54.449 54.262 54.094 53.847 53.638 53.345 53.04 52.666 52.348 52.011 51.766 51.385 51.004 50.68 50.327 50.047 49.664 49.28 48.958 48.571 48.339 51.528 58.235 60.421 60.104 56.234 49.307 49.185 51.872 49.614 52.299 49.548 56.586 56.514 54.447 47.358 52.803 55.137 53.183 53.683 52.959 48.406 48.392 45.033 45.581 43.9 44.974 52.853 52.648 53.172 53.159 52.998 42.833 50.965 49.48 50.172 51.302 52.575 48.746 44.072 47.37 45.539 45.251 47.832 50.495 54.421 55.25
55.323 55.113 54.948 54.702 54.587 54.466 54.296 54.09 53.784 53.526 53.169 52.866 52.503 52.218 51.824 51.444 51.174 50.839 50.488 50.115 49.729 49.438 49.15 48.73 48.317 48.098 56.542 58.649 60.621 60.395 59.523 52.529 48.768 50.758 49.545 53.677 55.143 55.597 56.731 50.465 50.067 52.281 55.347 46.745 54.182 54.768 52.887 52.735 48.352 48.396 50.745 52.651 54.06 53.35 48.854 53.145 52.614 54.496 54.155 49.401 52.024 51.429 50.997 51.122 45.391 50.311 46.744 47.908 48.129 51.969 51.339 52.202
55.35 55.168 54.943 54.746 54.555 54.426 54.256 53.931 53.675 53.447 53.101 52.799 52.386 52.034 51.635 51.244 50.963 50.537 50.281 49.869 49.485 49.152 48.79 48.435 48.076 47.791 56.643 57.784 58.766 56.952 54.223 50.545 48.479 50.839 49.61 53.6 53.925 51.319 52.593 49.756 53.438 54.114 56.579 47.761 54.612 51.705 50.913 54.137 54.233 51.296 51.381 54.054 54.61 53.194 55.142 54.894 56.194 47.754 50.418 52.928 52.988 53.245 47.715 51.668 53.1 47.393 50.773 50.974 47.187 52.611 55.125 50.594
55.349 55.108 54.947 54.774 54.559 54.472 54.129 53.906 53.636 53.234 52.889 52.557 52.17 51.911 51.556 51.164 50.788 50.352 49.999 49.632 49.232 48.926 48.486 48.204 47.69 47.473 53.608 52.376 54.286 50.832 47.227 47.482 49.495 53.81 52.949 49.722 52.854 56.453 57.566 55.443 56.41 57.391 52.965 48.19 48.509 54.144 54.403 55.689 53.873 46.426 50.21 52.709 54.049 53.375 48.312 55.568 54.412 56.855 56.982 56.741 53.563 49.939 50.564 54.092 47.138 51.47 52.592 51.355 57.142 54.74 57.174 54.761
55.273 55.109 54.973 54.775 54.557 54.383 54.086 53.792 53.399 53.088 52.64 52.357 52.049 51.651 51.211 50.864 50.471 50.174 49.774 49.505 49.012 48.648 48.257 47.849 47.481 47.197 46.998 46.909 47.875 47.015 47.157 47.583 48.979 49.759 50.234 49.621 50.223 56.761 57.625 56.006 58.184 56.492 55.405 53.212 51.484 47.949 46.316 54.868 56.825 47.805 43.665 52.212 52.691 51.953 53.782 54.028 56.069 51.221 55.559 56.05 45.185 55.078 53.854 48.84 45.138 53.797 53.803 51.315 52.824 53.128 53.708 52.401
55.336 55.155 54.904 54.662 54.55 54.253 53.864 53.624 53.187 52.83 52.499 52.113 51.771 51.36 50.954 50.714 50.296 49.958 49.612 49.208 48.814 48.4 47.965 47.674 47.25 47.016 46.84 46.78 46.763 46.932 47.318 47.705 47.996 48.383 48.722 48.954 51.028 55.347 55.987 54.922 55.71 53.781 54.853 55.125 55.581 55.002 54.692 55.033 57.463 48.774 43.953 52.856 51.323 53.611 54.933 54.806 55.379 53.419 55.411 55.839 57.253 55.394 49.036 54.671 50.771 52.551 51.357 47.336 54.009 54.122 57.252 54.629
55.297 55.109 54.834 54.643 54.443 54.151 53.766 53.309 53.008 52.641 52.28 51.986 51.541 51.111 50.804 50.373 50.004 49.682 49.29 48.932 48.621 48.271 47.891 47.481 47.123 46.824 46.668 46.624 46.667 46.827 47.236 47.709 48.168 48.646 49.107 49.348 49.554 50.023 50.307 50.303 50.933 50.667 51.059 56.417 57.026 51.311 55.609 57.34 57.852 54.084 47.204 51.515 52.919 53.257 53.403 51.492 49.596 51.172 49.302 56.266 56.366 56.928 56.382 56.363 52.31 51.406 49.412 53.177 51.859 55.732 57.172 48.343
55.262 55.027 54.726 54.551 54.289 53.995 53.53 53.22 52.848 52.411 52.091 51.65 51.219 50.892 50.542 50.152 49.874 49.482 49.126 48.811 48.426 48.044 47.631 47.324 46.909 46.573 46.513 46.431 46.521 46.648 47.078 47.588 48.06 48.789 49.211 49.547 49.718 49.683 49.707 49.611 49.557 49.44 52.139 54.873 56.604 57.344 52.068 55.512 51.791 55.902 46.778 51.361 53.26 48.693 49.379 52.616 52.724 52.928 52.01 55.527 55.363 55.787 56.42 55.517 53.291 50.387 52.095 53.951 53.085 54.53 56.946 53.698
55.188 54.949 54.692 54.465 54.169 53.773 53.381 53.035 52.621 52.2 51.737 51.413 51.01 50.731 50.329 50.005 49.633 49.241 48.904 48.579 48.179 47.859 47.479 47.145 46.751 46.461 46.341 46.344 46.281 46.446 46.852 47.4 48.14 48.683 49.297 49.569 49.787 49.788 49.755 49.686 49.625 49.553 49.395 51.843 56.44 57.152 51.282 51.108 56.419 50.108 44.728 51.574 55.017 52.966 48.59 54.397 52.667 52.66 53.431 53.502 55.432 56.343 56.385 54.333 55.013 52.45 49.682 56.368 56.982 52.247 48.904 49.845
55.238 57.97 54.747 54.362 53.971 53.559 53.122 52.756 52.396 51.933 51.606 51.229 50.83 50.47 50.077 49.731 49.373 49.062 48.658 48.431 48.08 47.688 47.295 46.921 46.6 46.347 46.189 46.217 46.29 46.445 46.624 47.222 47.862 48.5 49.185 49.576 49.773 49.793 49.764 49.687 49.638 49.633 49.444 50.148 55.925 53.192 52.694 56.467 55.003 50.092 44.021 48.773 48.633 50.332 53.453 52.843 52.049 53.858 50.555 54.072 54.349 50.745 55.164 50.216 55.911 54.058 54.782 57.38 57.673 52.945 46.745 48.789
55.136 55.885 58.319 54.2 53.825 53.356 53.013 52.559 52.194 51.751 51.341 50.979 50.595 50.174 49.856 49.569 49.222 48.878 48.551 48.178 47.864 47.471 47.125 46.739 46.462 46.265 46.143 46.127 46.241 46.327 46.531 46.948 47.693 48.301 48.929 49.449 49.7 49.816 49.786 49.765 49.705 49.648 49.541 53.938 55.162 52.309 50.974 49.868 51.986 55.263 49.462 51.176 52.386 52.885 54.155 54.431 51.475 55.095 55.655 50.725 53.77 54.078 57.071 57.098 54.92 49.256 55.306 55.667 54.746 47.943 54.891 48.165
55.052 54.715 54.379 54.062 53.654 53.198 52.754 52.4 51.967 51.582 51.217 50.711 50.363 50.014 49.687 49.374 49.043 48.683 48.366 47.969 47.752 47.426 47.027 46.642 46.367 46.192 46.116 46.068 46.123 46.27 46.426 46.87 47.321 47.974 48.567 49.305 49.597 49.773 49.782 49.779 49.667 49.665 50.199 54.112 52.065 55.948 51.613 53.533 49.43 55.916 54.538 53.913 51.287 54.54 55.025 53.363 53.166 57.48 53.958 56.016 57.487 57.743 56.56 56.194 49.961 58.578 52.826 56.458 55.431 56.657 53.798 53.085
55.046 54.679 54.281 53.849 53.543 53.023 52.637 52.214 51.83 51.428 51.028 50.593 50.228 49.858 49.496 49.242 48.937 48.57 48.232 47.936 47.569 47.217 46.842 46.532 46.406 46.293 46.294 46.259 46.198 46.298 46.415 46.603 47.266 47.829 48.335 49.067 49.402 49.709 49.827 49.792 49.74 49.693 49.65 53.131 53.978 54.825 53.846 54.415 56.171 55.579 46.714 52.804 52.544 54.007 56.603 58.31 57.56 59.979 62.206 57.004 57.549 58.798 57.376 59.19 59.421 56.638 53.279 57.506 50.596 58.15 54.968 47.675
54.954 54.675 54.222 53.643 53.352 52.887 52.486 52.036 51.627 51.186 50.85 50.402 50.124 49.734 49.371 48.989 48.71 48.356 48.052 47.71 47.368 47.04 46.77 46.617 46.498 46.486 46.438 46.425 46.392 46.413 46.391 46.568 46.975 47.409 47.929 48.667 49.216 49.589 49.799 49.814 49.793 49.691 49.697 51.668 53.911 55.33 52.214 56.664 57.052 54.806 52.959 52.797 52.276 52.806 56.366 51.643 57.748 58.919 60.587 55.697 56.065 59.072 60.281 60.079 59.417 55.275 58.908 59.349 59.558 59.214 51.035 53.102
54.852 54.439 53.976 53.542 53.116 52.688 52.316 51.89 51.479 51.076 50.712 50.292 49.929 49.51 49.187 48.793 48.516 48.21 47.94 47.604 47.298 46.923 46.724 46.597 46.585 46.611 46.587 46.566 46.538 46.533 46.522 46.495 46.744 47.208 47.556 48.153 48.888 49.309 49.69 49.819 49.838 49.776 49.687 49.621 53.6 54.657 56.522 55.524 55.287 53.915 48.775 51.132 55.223 56.048 55.431 52.473 55.483 56.613 60.49 57.744 58.162 60.355 61.216 60.484 58.845 59.074 58.395 57.059 59.397 60.183 59.178 57.213
54.634 54.235 53.914 53.497 53.095 52.679 52.189 51.687 51.304 50.927 50.485 50.157 49.759 49.462 49.094 48.782 48.424 48.094 47.734 47.456 47.144 46.87 46.792 46.748 46.771 46.765 46.759 46.726 46.744 46.717 46.666 46.659 46.748 47.01 47.3 47.72 48.493 49.12 49.66 49.815 49.839 49.754 49.699 49.65 49.431 54.649 57.45 57.097 55.621 55.579 52.285 53.672 55.626 56.11 57.446 57.813 60.984 60.697 59.961 59.222 58.233 59.438 59.366 58.165 57.435 57.875 56.904 58.092 55.545 58.358 52.46 55.093
54.598 54.187 53.773 53.353 52.879 52.368 51.986 51.584 51.215 50.804 50.438 50.077 49.646 49.313 48.951 48.645 48.278 47.993 47.578 47.344 47.184 46.994 46.94 46.922 46.931 46.873 46.96 46.948 46.882 46.898 46.86 46.851 46.876 46.994 47.2 47.583 48.301 48.963 49.312 49.759 49.834 49.811 49.74 49.733 54.334 56.614 57.888 56.137 57.491 57.027 53.631 54.19 56.607 53.882 56.321 59.562 60.985 61.184 59.199 59.733 57.501 56.162 52.361 54.272 50.866 50.162 50.317 51.526 57.576 57.87 55.341 51.17
54.455 54.045 53.6 53.27 52.757 52.269 51.909 51.533 51.103 50.696 50.277 49.889 49.557 49.182 48.908 48.491 48.211 47.878 47.538 47.34 47.214 47.123 47.101 47.101 47.066 47.072 47.065 47.077 47.037 47.012 46.968 47.002 47.012 47.086 47.226 47.602 47.983 48.661 49.307 49.664 49.814 49.804 49.715 49.691 53.508 56.423 56.333 57.314 57.218 56.754 53.806 47.831 51.868 54.441 57.184 58.434 58.651 59.352 59.564 51.561 56.929 53.334 51.032 50.521 49.461 49.111 47.651 48.63 51.667 54.102 53.228 54.584
54.378 53.966 53.54 53.075 52.605 52.173 51.761 51.376 50.964 50.601 50.258 49.804 49.47 49.114 48.758 48.378 48.079 47.776 47.493 47.256 47.266 47.347 47.29 47.212 47.269 47.213 47.258 47.292 47.28 47.2 47.168 47.172 47.169 47.236 47.347 47.488 47.895 48.527 49.029 49.56 49.808 49.806 49.772 49.688 49.56 51.377 51.867 55.944 57.257 56.368 54.831 51.246 54.106 55.37 56.217 55.692 59.136 55.456 58.573 58.278 58.607 55.991 51.502 51.66 51.127 50.595 49.545 49.176 54.418 54.079 54.331 53.992
54.132 53.778 53.391 53.076 56.246 57.231 54.261 51.454 50.854 50.566 50.119 53.538 50.973 49.131 48.63 48.377 47.98 47.749 47.53 47.384 47.381 47.427 47.476 47.404 47.426 47.452 47.428 47.401 47.422 47.425 47.331 47.34 47.395 47.463 47.472 47.577 47.962 48.304 48.946 49.575 49.771 49.809 49.768 49.647 49.6 51.189 50.712 55.006 56.533 55.78 53.825 50.412 53.168 50.768 56.571 57.315 58.638 58.569 58.29 57.477 57.212 54.205 51.574 51.937 51.963 51.457 49.923 51.44 57.391 56.771 56.361 53.446
54.97 53.8 53.365 56.207 57.888 61.295 60.183 54.04 51.617 62.419 56.33 57.814 56.254 56.127 48.934 48.306 48.043 47.744 47.549 47.41 47.484 47.556 47.577 47.564 47.631 47.624 47.582 47.626 47.61 47.632 47.644 47.599 47.614 47.617 47.664 47.746 47.934 48.296 48.799 49.332 49.626 49.772 49.743 49.699 49.622 51.368 50.854 51.892 53.282 51.038 47.278 47.026 52.495 54.282 55.905 57.314 57.937 57.376 58.246 58.227 57.456 52.797 52.101 52.06 52.201 51.785 51.32 51.36 52.716 57.715 55.754 53.732
55.845 55.88 55.371 52.892 59.26 63.647 64.209 54.994 52.453 60.009 59.919 58.487 59.171 57.396 51.629 48.292 48.062 47.793 47.59 47.605 47.67 47.698 47.648 47.656 47.684 47.751 47.789 47.832 47.775 47.878 47.877 47.876 47.873 47.88 47.911 47.897 47.994 48.273 48.647 49.272 49.591 49.736 49.747 49.674 49.608 50.412 51 50.872 50.159 50.026 48.278 46.639 52.203 52.713 54.56 55.066 56.72 57.296 57.182 56.085 55.558 52.629 52.524 51.854 56.012 54.224 55.492 52.571 51.639 52.737 52.026 52.809
64.239 62.955 56.652 57.931 57.555 62.735 59.965 58.34 55.172 58.152 59.314 57.883 57.941 56.916 48.723 48.312 47.939 47.703 47.722 47.803 47.774 47.786 47.788 47.825 47.838 47.875 47.94 47.986 48.025 48.117 48.119 48.116 48.093 48.091 48.128 48.088 48.051 48.159 48.612 49.164 49.471 49.661 49.725 49.704 49.715 50.861 50.253 50.219 50.155 49.799 47.778 48.815 52.884 51.142 54.679 56.528 54.581 57.692 56.386 56.347 55.871 53.506 50.608 50.449 53.977 58.95 54.599 57.501 52.765 52.713 52.008 55.402
66.141 59.869 61.899 63.095 61.644 62.276 58.403 61.666 59.897 62.63 58.846 56.577 52.067 53.316 48.644 48.144 47.944 47.797 47.887 47.949 47.964 47.959 47.972 47.987 47.943 48.067 48.123 48.205 48.259 48.268 48.338 48.329 48.328 48.326 48.293 48.261 48.232 48.254 48.532 48.957 49.511 49.762 49.79 49.782 49.752 50.215 50.564 50.493 50.395 49.191 47.568 49.186 53.558 52.51 51.688 54.002 56.014 57.009 53.82 56.64 55.586 51.833 50.506 53.775 53.246 57.715 57.88 58.493 54.123 52.884 53.592 50.364
