dsm/se2635_DSM_2M.asc
ncols 500
nrows 500
xllcorner    426000
yllcorner    435000
cellsize     2
NODATA_value -9999
[rows 352 to 383 of 500, columns 216 to 287 of 500]
57.211 53.888 55.062 52.357 53.106 50.907 51.049 49.623 47.994 45.604 44.232 43.52 43.583 43.177 43.023 43.041 43.067 43.101 43.082 43.031 43.021 43.163 45.109 46.004 45.337 45.225 45.813 46.358 48.736 52.898 53.149 55.253 57.973 58.632 58.585 59.668 56.748 52.752 52.554 54.028 53.695 49.384 48.472 48.834 48.932 48.852 48.801 48.765 48.823 48.965 49.342 49.955 54.161 57.769 58.935 59.786 59.444 57.682 56.723 52.472 51.377 51.612 52.033 53.684 55.766 58.281 54.635 54.952 55.3 55.39 55.499 55.619
52.892 56.209 54.998 53.126 51.78 43.786 49.099 53.4 53.638 50.124 50.179 47.813 43.654 43.657 43.086 43.002 43.026 43.042 43.098 43.045 43.028 43.078 43.57 47.098 44.847 44.71 45.564 46.149 48.868 50.409 48.854 52.902 54.484 58.608 59.543 59.675 57.732 50.156 49.046 53.598 54.04 52.568 48.812 48.536 48.955 48.934 48.787 48.822 48.799 48.876 48.951 49.563 52.952 55.291 58.32 58.54 56.4 54.555 54.368 53.84 51.87 51.798 51.878 52.363 52.965 53.526 54.148 54.784 55.652 55.255 55.405 55.417
53.813 53.905 55.654 52.372 45.614 42.798 46.639 54.857 55.215 52.059 54.991 51.297 46.918 44.962 43.271 42.989 43.013 43.132 43.1 43.023 43.021 43.046 43.404 43.573 43.816 44.416 45.259 45.762 46.796 51.105 51.017 49.324 53.767 57.821 59.532 59.55 58.939 55.439 48.348 52.247 53.921 53.954 50.46 48.446 48.778 48.925 48.832 48.803 48.807 48.759 48.861 49.154 49.184 52.713 56.14 52.766 50.925 54.196 54.371 54.387 53.083 51.273 51.619 51.876 52.44 53.061 56.161 58.888 60.435 58.312 55.815 55.378
52.839 54.065 53.058 45.963 49.334 42.964 42.975 52.219 55.077 55.193 55.139 53.752 52.731 49.3 43.643 43.082 42.98 43.048 43.09 43.038 43.007 42.999 43.041 43.159 43.627 44.309 45.042 45.569 46.091 47.3 47.08 50.213 56.226 57.654 57.248 57.031 56.004 52.319 47.889 50.855 53.753 54.169 53.852 49.666 48.558 48.91 48.93 48.84 49.105 48.716 48.761 48.843 48.81 48.766 48.848 48.865 48.906 52.718 54.407 54.356 54.371 51.88 51.444 51.705 52.09 54.773 56.242 60.247 59.787 57.872 55.755 55.155
52.126 47.318 51.157 44.802 45.439 45.843 51.745 54.129 55.061 54.021 54.731 55.017 54.244 48.168 44.008 43.294 43.051 43.018 43.076 43.146 43.049 42.96 42.982 43.108 43.353 43.988 44.551 45.229 45.808 46.242 46.431 51.097 55.665 57.13 56.765 55.726 49.288 47.298 52.702 53.891 54.008 53.755 53.272 50.731 48.535 48.834 48.924 48.86 49.457 48.715 48.717 48.728 48.834 48.735 48.75 48.787 48.887 49.038 54.231 54.346 54.344 54.335 51.572 51.499 51.761 55.062 55.43 55.991 59.227 60.073 57.447 54.946
44.7 51.979 53.964 52.149 52.076 51.9 52.97 54.018 54.965 55.248 54.916 54.941 52.577 49.018 44.045 43.951 43.117 42.972 43.303 43.037 43.05 43.013 42.956 43.047 43.133 43.581 44.244 44.919 45.434 46.056 46.22 46.99 52.417 54.086 54.587 48.942 49.992 51.78 53.962 54.013 53.711 53.041 49.446 49.427 48.817 48.825 48.899 48.948 48.776 48.66 48.683 48.644 48.693 48.669 48.678 48.744 48.834 48.921 49.986 54.189 54.369 54.355 53.714 51.405 51.595 51.798 56.748 59.377 58.268 54.813 54.265 54.595
46.625 50.092 52.119 49.474 54.119 51.558 51.257 52.65 53.794 52.957 53.629 54.252 51.312 49.564 43.627 43.551 43.615 43.047 42.931 42.992 43.015 42.985 42.97 42.931 43.063 43.239 43.764 44.421 45.183 45.705 46.056 46.174 46.27 47.446 47.788 51.615 52.06 52.536 53.522 50.404 48.829 48.379 48.058 49.13 48.924 48.669 48.857 48.959 48.83 48.671 48.666 48.612 48.591 48.623 48.588 48.67 48.768 48.822 48.911 52.732 54.363 54.373 53.906 52.116 51.435 51.628 52.857 53.819 53.088 53.482 53.979 54.272
51.594 49.634 44.868 51.766 54.19 53.257 49.856 43.893 48.537 51.585 52.585 52.731 49.422 43.595 43.577 43.714 43.927 43.12 42.942 42.974 43.027 43.019 42.971 42.95 43.074 43.171 44.626 45.31 46.637 45.555 45.838 45.989 46.086 49.147 51.236 52.304 52.376 52.039 50.151 47.432 47.686 47.844 48.044 48.335 48.37 48.598 48.765 48.83 48.869 48.768 48.627 48.589 48.633 48.585 48.594 48.551 48.683 48.77 48.817 48.973 51.584 54.285 54.319 54.284 51.364 51.434 51.676 52.005 52.69 53.1 53.627 53.98
41.068 45.047 44.449 55.191 55.041 54.455 46.883 42.912 43.25 46.533 44.05 44.171 44.758 43.292 43.343 43.469 43.53 43.492 43.04 42.932 42.954 43.018 43.049 42.978 42.916 43.093 45.073 48.639 49.507 45.743 45.556 45.798 46.014 50.807 52.545 52.442 51.956 50.07 46.963 46.799 47.011 47.327 48.114 48.037 48.201 48.401 48.604 48.723 48.801 48.823 48.686 48.564 48.553 48.553 48.574 48.581 48.622 48.68 48.77 48.83 49.948 54.188 54.367 54.376 53.708 51.311 51.497 51.702 52.161 52.764 53.178 53.699
50.263 51.927 53.483 55.264 55.044 49.62 49.284 44.837 47.189 48.4 44.424 44.709 43.68 44.141 43.684 43.339 43.335 47.822 43.337 42.932 42.945 43.022 43.038 42.998 42.939 42.979 43.787 47.123 48.406 47.891 46.397 45.589 45.682 47.011 51.996 52.511 51.948 48.116 46.686 46.876 46.872 47.121 47.462 47.798 48.079 48.274 48.481 48.645 48.769 48.796 48.636 48.564 48.494 48.51 48.478 48.52 48.544 48.622 48.72 48.821 48.944 52.735 54.344 54.339 54.263 51.917 51.294 51.512 51.834 52.221 54.865 55.675
51.474 51.445 52.518 52.157 51.465 52.048 50.536 49.012 50.055 50.6 45.029 47.899 43.918 44.291 43.87 45.49 51.683 53.165 46.533 43.063 42.896 42.979 43.095 42.976 42.95 42.944 43.051 44.996 48.251 49.001 49.814 46.368 45.324 45.426 49.824 52.116 52.41 50.8 47.046 46.721 46.866 46.934 47.138 47.53 47.9 48.133 48.347 48.471 48.623 48.722 48.719 48.603 48.438 48.446 48.435 48.442 48.476 48.594 48.621 48.744 48.843 49.601 54.2 54.337 54.306 54.297 51.404 51.397 51.538 51.944 54.126 60.181
50.191 51.262 44.615 51.069 52.897 49.99 49.979 48.566 47.484 48.263 45.878 49.277 45.551 48.432 50.355 51.004 50.954 48.495 49.632 43.591 42.949 43.116 42.976 43.022 42.922 42.915 42.958 45.262 48.404 49.742 50.233 48.416 46.713 45.057 45.245 50.49 52.287 52.249 51.186 47.027 46.687 46.961 46.922 47.192 47.61 47.946 48.224 48.335 48.582 48.552 48.592 48.565 48.48 48.367 48.375 48.354 48.376 48.499 48.644 48.701 48.794 48.888 48.989 53.349 54.327 54.321 53.051 51.238 51.362 51.827 58.482 58.775
54.738 51.085 47.352 50.47 46.996 45.409 52.369 51.803 48.483 47.139 50.821 52.007 53.459 53.119 54.55 50.642 53.321 50.45 52.068 50.056 44.698 42.887 42.966 42.993 42.918 42.947 42.897 43.734 45.156 49.135 49.672 47.14 45.509 44.789 45.119 46.541 51.675 52.361 52.075 49.394 46.708 46.903 46.955 47.046 47.369 47.649 48.007 48.088 48.211 48.239 48.331 48.464 48.472 48.381 48.325 48.262 48.224 48.301 48.74 48.678 48.761 48.822 49.007 53.255 54.352 54.33 54.336 51.892 51.323 51.478 56.785 54.27
47.302 46.361 54.944 53.699 55.793 48.762 52.522 51.795 46.449 49.435 51.977 55.007 50.335 49.536 54.786 56.159 50.43 54.732 56.907 54.682 47.953 45.069 42.925 42.988 42.984 42.946 42.912 42.931 43.863 45.339 46.63 48.373 47.592 44.812 44.923 45.146 49.738 52.074 52.461 51.647 47.274 46.776 46.971 46.935 47.147 47.445 47.646 47.78 47.912 47.937 48.219 48.302 48.416 48.373 48.257 48.201 48.153 48.151 48.397 48.63 48.704 48.784 48.859 49.021 54.208 54.35 54.324 54.315 51.332 51.325 52.855 53.202
52.054 54.646 50.791 55.615 54.675 54.023 51.573 50.803 48.154 50.086 53.233 55.328 55.574 55.222 50.358 55.642 52.317 56.615 57.498 55.417 55.186 46.399 42.929 42.956 42.98 42.898 42.87 42.849 43.002 44.216 48.295 49.819 47.259 44.891 45.199 45.358 46.199 50.544 52.233 52.441 50.471 46.652 47.062 46.931 47.052 47.25 47.354 47.448 47.7 47.807 47.908 47.938 48.275 48.318 48.238 48.149 48.137 48.109 48.083 48.625 48.666 48.745 48.838 48.906 51.792 54.256 54.313 54.342 52.118 51.306 51.405 51.634
53.431 54.801 55 52.006 51.956 53.323 53.449 42.829 49.977 51.58 54.698 55.099 57.04 54.686 53.656 55.542 55.187 57.411 57.829 55.766 54.925 51.075 44.642 42.834 42.909 42.919 42.892 42.845 42.892 43.269 44.772 48.16 45.017 50.945 52.059 51.666 51.647 47.908 50.519 52.396 52.128 50.046 46.73 46.908 47.019 47.03 47.108 47.325 47.656 47.59 47.783 49.944 47.845 48.086 48.217 48.13 48.062 48.025 47.985 48.079 48.78 48.739 48.773 48.821 49.039 53.643 54.34 54.326 54.344 53.469 51.434 51.637
52.612 54.485 54.597 53.069 52.499 52.771 47.338 49.567 51.407 49.708 52.278 57.295 49.078 52.005 54.73 51.533 56.589 48.162 57.34 57.358 56.354 48.938 44.454 42.848 42.832 42.951 42.893 42.865 42.836 42.962 43.642 45.886 49.579 55.357 55.393 56.577 55.674 49.631 46.636 51.691 52.447 51.097 47.411 47.402 47.088 47.012 47.756 47.167 47.517 48.394 52.917 53.028 49 47.778 48.164 48.12 47.977 47.969 47.943 47.91 48.168 48.697 48.753 48.822 48.88 49.034 53.872 54.339 54.361 53.779 51.476 51.491
51.98 52.522 50.009 50.164 49.417 50.389 50.128 51.495 48.957 51.531 54.228 55.957 53.3 45.072 46.679 56.133 50.897 56.711 57.078 57.402 56.953 51.201 45.051 42.857 42.844 42.891 42.936 42.891 42.872 42.908 43.222 48.041 54.307 56.56 57.553 58.195 55.866 55.214 50.089 49.987 52.164 52.472 51.659 46.628 46.982 46.929 47.015 48.362 51.027 52.709 53.293 53.547 52.774 48.613 47.893 48.113 48.015 47.936 47.922 47.846 47.861 48.17 48.69 48.765 48.812 48.921 49.113 54.181 54.314 54.323 52.321 51.339
48.235 49.54 46.693 49.313 48.786 50.235 51.545 50.303 48.711 48.302 51.563 53.091 47.733 50.461 51.119 53.394 55.325 54.272 50.463 56.609 51.705 55.685 52.35 44.663 42.847 42.851 42.943 42.901 42.824 42.857 42.9 46.344 53.116 56.151 57.949 55.824 58.016 56.605 50.993 46.959 50.585 52.383 52.246 50.792 47.184 46.671 47.434 52.037 52.835 53.053 52.907 53.461 53.325 51.375 47.795 47.952 47.976 47.852 47.854 47.801 47.763 47.836 48.566 48.719 48.782 48.837 48.942 52.716 54.364 54.331 54.275 51.664
44.236 47.539 47.342 46.873 47.763 44.418 51.534 43.655 42.857 42.417 49.252 52.746 45.255 43.134 52.013 49.351 48.549 47.696 49.35 52.534 52.875 51.103 52.394 48.471 49.843 43.15 43.658 42.983 42.883 42.802 42.886 43.068 48.159 55.261 50.578 58.153 58.204 57.441 55.304 49.911 47.162 51.711 52.545 51.991 49.248 49.657 51.959 52.977 53.183 52.582 49.588 52.888 53.625 52.816 48.987 47.982 47.942 48.157 47.898 47.694 47.697 47.689 47.983 48.828 48.736 48.788 48.847 48.983 53.668 54.346 54.313 53.843
48.459 46.74 46.006 45.709 49.437 45.825 43.656 39.062 39.926 41.423 50.012 51.504 51.083 52.985 50.349 53.805 48.757 50.488 51.858 54.227 54.716 55.408 56.255 54.908 50.348 46.232 47.259 42.937 42.849 42.81 42.787 42.858 49.137 49.142 54.92 57.044 57.637 56.49 55.27 53.65 46.372 46.736 52.036 52.516 52.082 52.577 53.117 52.802 52.371 48.707 46.881 48.175 53.369 53.673 52.39 49.447 47.954 51.842 53.711 52.108 47.823 47.593 47.608 47.914 48.825 48.766 48.826 48.915 50.025 54.264 54.32 54.333
50.852 46.872 40.098 47.19 38.361 46.727 43.773 39.372 41.427 41.151 47.737 48.8 46.926 51.204 40.978 53.277 54.579 47.565 53.269 53.857 55.453 56.997 56.037 53.556 51.282 53.264 48.79 43.112 42.886 42.835 42.808 42.768 43.111 51.646 54.321 55.785 56.299 55.711 54.787 54.669 50.344 46.264 50.56 52.194 52.49 52.822 52.681 51.24 47.605 53.066 46.984 47.069 48.9 53.414 53.346 52.445 48.557 53.28 56.56 55.564 49.516 47.564 47.51 47.616 48.742 48.696 48.74 48.877 48.917 53.229 54.352 53.046
51 51.933 44.607 47.533 41.553 44.415 37.718 40.735 44.38 44.557 45.888 46.126 47.822 48.331 50.022 49.887 49.083 51.091 53.419 54.503 54.54 53.531 48.687 55.905 55.853 53.667 49.766 43.957 42.809 42.815 42.812 42.773 42.853 49.104 53.497 55.088 55.542 55.727 54.242 51.871 51.545 47.191 46.29 50.592 52.342 52.252 49.134 46.656 47.536 52.089 49.106 48.75 53.082 53.007 53.698 53.357 53.853 55.866 52.834 55.877 48.404 47.673 47.508 47.465 47.562 48.167 48.699 48.762 48.885 50.526 52.18 50.239
49.433 49.681 44.543 46.569 45.99 44.173 37.819 42.066 39.978 44.018 43.599 40.14 42.891 42.52 41.176 44.546 47.355 51.74 53.934 48.419 55.612 54.686 54.892 49.19 51.69 53.497 50.054 44.973 42.793 42.864 42.804 42.725 42.776 43.505 49.995 53.417 52.461 54.303 54.311 49.505 50.169 47.185 46.473 47.219 50.829 47.223 46.456 46.641 47.043 55.122 50.798 56.212 51.593 52.51 52.975 53.713 52.965 49.823 53.863 49.835 48.292 48.507 47.598 47.444 47.378 47.53 48.456 48.788 49.957 50.616 50.308 50.474
44.704 46.017 43.157 44.364 41.093 42.428 39.989 40.372 37.013 36.879 37.175 37.377 38.501 38.59 38.108 42.881 46.118 48.667 52.711 52.885 55.075 55.898 48.239 50.978 53.159 53.806 44.921 44.787 42.776 42.999 42.804 42.785 42.746 42.769 43.221 48.443 51.766 51.369 51.192 51.209 47.799 46.5 46.74 46.565 46.368 46.406 46.521 47.502 54.526 59.25 60.335 51.607 50.753 48.737 48.611 53.466 53.522 52.875 48.3 47.615 47.63 47.635 47.366 47.345 47.356 47.37 47.783 48.007 48.812 49.857 49.787 50.123
39.154 42.416 35.167 41.866 40.98 43.561 42.518 36.572 36.626 36.984 37.98 38.307 37.633 37.69 37.851 39.644 43.158 45.088 46.947 52.107 54.019 53.596 54.011 54.018 56.026 54.331 48.368 43.445 48.213 47.652 42.954 42.8 42.762 42.688 42.853 44.949 49.567 50.517 51.466 48.627 45.891 46.362 46.781 46.844 46.774 46.801 51.161 55.018 57.068 53.603 52.265 57.032 47.32 49.763 47.377 52.887 53.465 53.325 52.172 47.795 48.815 53.674 50.248 48.753 47.413 47.309 47.349 47.414 47.847 48.079 49.125 50.176
34.373 34.997 38.921 37.444 37.336 41.123 39.26 39.244 38.238 38.535 43.54 43.116 41.853 38.489 42.831 38.333 39.659 40.798 41.288 52.738 53.293 49.17 50.627 51.322 54.964 51.31 48.629 51.37 54.07 47.503 43.883 42.78 42.709 42.706 42.78 43.608 47.189 49.008 49.542 46.993 45.675 46.116 46.652 50.53 48.758 47.956 52.353 57.621 59.46 58.932 54.096 48.341 46.888 47.032 47.26 52.407 53.424 53.731 52.256 50.512 56.239 58.437 58.747 49.759 47.903 47.292 47.326 47.336 47.62 47.965 48.155 49.031
34.876 35.104 35.357 36.796 37.603 39.565 40.263 41.022 40.953 38.564 43.184 43.983 43.971 44.93 43.5 39.706 44.413 41.335 40.767 45.744 50.307 51.926 53.678 53.43 45.332 50.122 53.343 50.473 46.452 49.334 43.544 42.763 42.729 42.71 42.675 42.991 46.346 49.053 48.339 46.631 45.42 45.924 52.079 55.371 55.432 52.472 53.708 56.947 59.372 58.915 54.415 47.239 46.866 50.132 52.55 53.564 53.672 53.101 51.493 55.651 55.917 54.277 58.829 53.225 50.39 47.429 47.243 47.244 47.296 48.335 48.413 48.302
36.68 36.662 35.274 37.19 41.156 43.387 39.216 41.329 41.362 41.969 40.936 42.159 44.092 46.7 46.816 50.345 51.313 42.579 38.802 38.999 42.272 49.167 48.689 48.983 51.073 50.885 53.002 53.659 54.889 51.744 43.361 42.764 42.734 42.744 42.618 42.728 43.771 45.482 44.898 45.004 45.236 50.768 56.551 55.298 57.932 55.568 54.735 55.198 56.699 56.351 52.953 47.802 50.668 52.681 53.696 53.375 52.94 50.758 49.544 53.644 55.679 51.753 54.402 55.81 51.003 47.789 47.196 47.199 47.258 47.275 47.582 48.612
38.216 37.691 35.423 39.489 39.619 37.091 37.185 39.49 40.804 40.152 38.22 40.675 42.697 48.207 49.332 47.785 50.169 41.521 38.936 39.179 39.277 44.807 43.613 44.904 48.978 48.504 47.659 51.682 52.254 51.24 44.186 42.645 42.697 42.735 42.675 42.666 42.745 43.091 43.868 44.216 45.05 52.281 56.688 58.2 57.799 57.522 55.405 52.597 54.252 51.39 47.768 51.614 52.69 52.91 52.986 49.807 48.445 47.914 49.202 56.847 55.23 51.223 56.986 58.098 50.538 47.033 47.101 47.172 47.264 47.211 47.321 47.695
37.732 37.629 39.923 36.22 40.312 36.501 37.075 37.782 38.407 37.366 38.896 41.48 43.666 47.69 48.155 43.39 48.292 41.276 44.028 39.406 39.387 43.518 48.681 49.526 48.288 42.463 49.905 44.153 48.463 50.508 46.408 43.965 42.718 42.728 42.68 42.65 42.674 42.78 43.364 43.839 44.582 49.107 54.488 56.809 58.303 57.238 54.826 49.577 46.554 49.494 52.305 52.889 52.667 52.268 50.46 47.133 47.03 47.325 47.011 53.737 55.735 57.18 56.788 56.956 49.86 46.91 47.02 47.116 47.18 47.221 47.226 47.278
37.419 37.069 36.881 33.398 37.461 40.606 36.17 37.614 47.401 37.674 40.449 41.054 44.681 47.369 42.6 47.575 45.88 49.006 45.64 42.048 44.556 40.656 45.111 47.369 44.432 41.742 48.431 47.372 52.128 51.327 46.671 43.25 42.695 42.709 42.732 42.636 42.605 42.729 42.941 43.432 44.196 49.519 49.913 56.752 58.157 58.01 55.183 46.225 50.85 52.533 52.97 52.451 51.373 48.083 46.729 46.56 46.623 46.632 46.454 46.174 48.284 52.992 49.226 48.966 46.643 46.829 46.938 47.054 47.127 47.153 47.227 47.167
