dsm/se2632_DSM_2M.asc
ncols 500
nrows 500
xllcorner    426000
yllcorner    432000
cellsize     2
NODATA_value -9999
[rows 186 to 216 of 500, columns 0 to 68 of 500]
70.739 70.798 72.086 71.837 71.28 71.778 72.085 72.318 78.2 79.627 79.476 78.496 74.058 72.615 73.649 74.346 75.254 76.271 78.161 79.084 79.028 77.035 80.107 82.416 83.682 84.267 84.301 78.899 77.68 78.762 78.371 78.444 78.147 78.074 78.072 78.305 78.782 79.51 81.968 85.483 86.115 86.597 86.389 86.158 84.232 80.186 81.385 81.852 81.786 81.833 81.957 82.052 82.339 82.663 83.74 83.648 83.791 84.127 90.071 91.206 89.185 86.999 90.864 91.619 89.664 85.828 88.471 89.119 89.363
70.518 70.644 72.296 71.36 71.86 71.416 71.239 73.208 78.312 79.324 79.866 78.861 75.302 72.49 73.144 73.925 74.932 77.415 79.027 79.155 78.964 77.205 81.001 84.242 84.076 83.774 83.324 78.056 77.491 77.886 80.061 78.881 78.075 78.015 77.987 78.108 78.284 78.391 84.153 86.395 86.375 85.742 85.028 82.3 81.359 81.186 81.67 81.66 81.553 81.707 81.758 81.96 82.524 82.731 83.402 83.572 83.868 85.168 90.245 91.387 90.539 87.02 90.098 91.574 90.696 85.247 87.943 88.833 88.676
70.417 70.532 71.48 70.977 70.854 71.236 71.985 71.097 76.637 79.041 80.03 79.313 78.035 72.658 73.164 73.952 75.046 75.369 76.971 76.766 76.657 76.89 77.037 83.302 83.035 81.818 77.148 80.006 77.617 77.661 80.622 78.296 78.034 78.004 77.946 78.007 78.866 78.766 78.64 85.385 81.25 80.332 79.901 83.085 83.149 84.377 83.036 81.369 81.464 81.483 81.627 81.909 83.043 82.943 83.681 85.529 85.265 85.864 88.43 91.065 91.235 86.586 88.417 91.221 90.829 85.759 86.703 87.219 86.811
70.376 70.484 70.574 70.559 71.014 70.742 72.09 72.434 76.252 78.81 79.516 79.569 78.427 73.261 72.75 73.824 75.019 75.06 76.614 76.474 76.609 76.936 76.932 76.719 79.961 78.712 82.562 82.424 78.3 77.57 78.202 78.342 77.969 78.004 77.996 77.999 78.554 78.587 78.765 79.267 79.543 79.755 79.992 81.139 83.707 83.834 83.588 81.751 81.266 81.333 81.493 83.063 83.537 83.388 84.24 88.988 90.327 88 85.267 90.597 90.528 89.961 85.927 87.635 85.106 85.279 90.603 87.942 90.344
70.755 70.568 70.401 70.458 70.607 72.733 72.721 71.583 72.671 78.371 79.28 79.847 79.033 74.296 72.389 73.5 73.966 74.855 77.552 77.937 79.102 77.586 76.585 77.314 83.339 83.764 83.829 83.952 79.594 77.614 77.996 78.183 77.998 78.024 78.017 78.033 78.172 78.473 78.844 79.142 79.495 79.768 80.033 80.405 84.546 84.122 81.287 80.954 81.121 81.187 81.458 82.514 82.949 83.585 84.408 87.251 90.331 88.734 84.292 89.138 85.464 85.457 85.346 85.625 85.089 85.479 87.864 94.413 92.312
70.754 70.829 70.296 70.342 70.418 72.028 70.864 70.675 70.967 76.61 78.906 79.899 79.381 78.01 72.499 73.435 74.121 74.772 77.946 79.214 78.893 77.258 76.57 76.801 83.597 83.376 82.943 82.664 78.736 77.403 77.707 78.839 79.187 78.447 78 78.016 78.072 78.406 78.805 79.083 79.48 79.769 80.024 80.329 80.631 82.737 81.204 80.775 80.851 81.253 81.672 82.205 82.913 83.192 84.046 85.233 89.984 90.309 85.672 85.116 84.866 84.979 88.178 87.867 85.772 85.733 87.322 88.234 88.982
70.951 70.335 70.188 70.267 70.309 70.571 70.588 70.686 71.301 73.043 78.66 79.747 79.559 78.318 75.904 72.544 73.475 74.21 77.171 80.598 80.387 79.264 76.484 77.826 81.259 78.439 76.882 79.833 80.188 78.412 77.48 78.396 79.125 78.249 78.065 78.034 78.087 78.358 78.648 79.037 79.487 79.807 80.073 80.376 80.432 81.625 80.752 80.609 80.734 82.1 82.147 82.361 83.11 84.993 83.63 85.303 88.742 90.078 87.227 84.153 84.893 85.023 86.998 86.521 86.617 85.877 85.923 86.468 86.582
69.999 70.066 70.163 70.209 70.221 71.694 72.847 72.851 72.884 73.638 78.21 79.594 79.703 78.83 75.174 72.444 73.221 79.733 78.692 80.209 79.686 78.546 78.183 78.359 77.705 80.161 82.944 83.28 83.65 79.735 77.634 78.069 78.836 78.038 78.039 78.118 78.102 78.257 78.663 78.974 79.339 79.698 79.982 80.357 80.18 80.257 80.347 80.44 81.667 82.576 82.302 83.647 87.186 89.098 89.247 84.495 86.81 87.038 84.373 84.112 85.301 85.066 86.848 87.908 87.854 86.365 86.025 86.085 87.201
69.998 70.016 70.121 70.157 70.189 70.375 72.794 72.835 72.359 71.716 77.081 79.054 80.016 79.267 78.037 72.626 72.817 75.008 79.303 77.1 76.596 76.186 78.239 78.045 76.867 83.405 83.875 83.544 83.262 82.613 78.836 78.016 78.011 78.057 78.076 78.157 78.177 78.286 78.668 78.97 79.273 79.666 80.696 80.139 80.022 80.09 80.172 80.329 81.018 82.177 82.305 82.767 87.24 89.532 89.587 85.064 84.54 84.86 84.117 84.131 85.256 85.362 85.245 87.014 87.688 86.96 86.073 86.394 86.9
69.932 69.995 70.072 70.123 70.143 70.202 70.431 70.606 70.814 70.849 76.377 78.708 79.646 79.567 78.444 76.647 73.044 77.724 81.56 82.247 80.015 75.895 78.045 77.184 76.58 81.391 82.986 79.543 77.68 77.619 77.532 77.603 77.925 78.283 78.097 78.231 78.3 78.325 78.492 78.931 79.453 79.672 79.66 79.759 79.858 79.961 80.064 80.341 80.645 82.195 82.378 82.747 86.047 89.181 89.868 88.082 84.391 84.25 84.052 85.533 86.402 85.462 85.299 85.39 85.826 87.343 87.961 88.76 88.824
70.886 69.99 70.047 70.106 70.101 70.191 70.308 70.515 70.621 71.668 73.966 78.193 79.517 79.772 74.584 73.864 75.393 80.703 82.452 82.875 80.79 75.98 76.468 77.904 77.937 77.912 78.514 77.11 81.256 83.178 79.768 77.693 77.941 78.858 78.216 78.262 78.403 78.501 78.603 78.765 79.076 79.232 79.443 79.609 79.715 79.758 79.925 80.595 80.801 82.061 82.583 82.637 83.766 87.833 89.667 89.268 84.415 84.517 84.081 85.648 86.35 86.44 87.334 89.022 89.092 86.83 86.605 91.627 92.4
70.491 70.159 70.032 70.093 70.121 70.108 70.176 70.403 70.834 70.796 70.832 73.491 75.758 72.425 72.409 72.429 72.907 76.662 79.688 81.261 77.54 77.102 76.815 77.087 78.219 76.886 81.619 82.851 83.894 83.97 83.514 78.29 78.328 78.302 78.197 78.26 78.414 78.552 78.727 78.916 79.01 79.201 79.352 79.48 79.54 79.591 80.651 80.986 81.029 81.434 82.668 88.094 86.945 86.85 85.203 85.12 83.449 84.593 84.172 84.804 86.04 86.253 86.416 88.897 89.795 86.447 87.679 92.56 93.413
70.572 70.09 70.047 70.076 70.14 70.121 70.11 70.352 72.576 74.002 74.537 72.335 72.288 78.976 78.636 74.319 72.555 73.408 74.99 78.298 76.629 76.38 76.86 76.712 76.732 76.755 80.378 83.779 83.64 83.215 79.986 78.552 78.639 78.361 78.505 78.305 78.512 78.577 78.782 78.85 78.981 79.11 79.252 79.327 79.345 79.527 81.022 80.729 81.269 82.615 88.357 88.925 87.337 84.402 84.531 83.787 84.949 85.776 86.057 86.456 85.312 85.619 85.515 85.907 86.25 87.9 87.266 92.178 92.454
69.961 70.086 70.165 70.164 70.092 70.101 70.16 71.151 74.874 72.417 73.64 78.185 79.527 79.905 79.031 75.785 73.051 72.822 73.037 78.019 78.031 76.87 76.766 76.693 76.698 76.743 78.093 82.604 79.971 77.81 80.327 78.687 77.744 77.96 79.145 78.266 78.495 78.681 78.655 78.734 78.859 78.995 79.057 79.112 79.247 79.507 81.022 80.814 81.341 82.588 86.823 89.03 88.448 85.598 84.396 83.695 85.151 85.84 85.838 85.091 85.961 86.978 85.637 85.682 87.197 88.947 88.653 86.915 87.194
70.057 70.204 72.402 70.289 70.094 70.117 70.142 70.36 71.549 72.229 72.592 77.478 79.004 79.857 79.239 78.257 73.095 73.098 73.522 75.022 75.205 75.667 77.037 76.853 78.557 77.234 76.929 77.145 81.391 82.863 83.697 81.305 77.653 77.837 79.12 78.366 78.244 78.516 78.613 78.583 78.718 78.822 78.884 78.919 79.307 81.911 80.742 81.193 81.4 81.632 85.887 88.657 88.813 87.254 84.854 83.957 84.402 85.837 85.406 86.286 87.086 87.338 86.698 88.13 88.239 88.314 87.752 86.945 92.54
69.878 70.047 71.748 71.809 70.117 70.078 70.046 70.948 70.645 72.411 72.467 75.755 78.591 79.515 79.628 78.768 74.293 72.788 73.565 74.445 77.429 81.835 80.288 78.719 78.899 77.104 77.118 83.56 84.167 84.207 84.147 83.6 78.031 77.812 77.889 78.404 78.112 78.265 78.454 78.439 78.564 78.64 78.647 78.882 82.763 84.439 81.921 81.29 81.86 86.469 83.015 88.123 88.986 86.08 85.092 85.712 86.118 86.733 85.562 85.016 86.959 87.151 87.649 88.025 87.358 86.914 87.956 89.106 92.53
70.183 72.295 72.359 71.958 70.352 70.114 70.033 70.255 70.33 71.441 72.425 74.617 78.223 79.395 80.076 79.11 77.795 73.045 73.212 78.455 82.574 84.306 84.538 78.664 78.657 77.591 77.279 82.373 83.627 82.806 83.006 79.877 77.611 77.514 77.959 78.539 77.986 78.078 78.244 78.232 78.382 78.473 78.508 80.972 82.793 84.882 83.083 83.985 87.942 87.573 86.186 85.534 85.563 85.167 84.912 84.984 84.624 86.721 86.3 84.919 86.267 87.181 86.933 86.147 86.304 86.193 87.167 89.396 91.717
70.582 72.204 72.323 72.427 70.647 70.995 70.022 70.264 71.516 71.839 71.258 71.122 76.795 78.928 80.026 79.322 78.09 73.121 72.677 78.726 83.753 84.761 84.719 81.86 77.112 77.491 76.912 78.121 79.551 76.848 80.712 78.359 78.743 77.427 77.598 77.734 77.903 77.917 78.026 78.05 78.217 78.191 78.489 82.222 83.638 85.599 82.012 82.368 87.454 88.083 85.713 84.928 85.156 83.21 83.157 84.171 84.307 86.544 86.726 85.115 85.101 85.164 87.03 86.812 86.886 87.247 87.907 88.271 87.463
69.5 71.734 75.351 72.894 70.196 70.914 70.076 70.013 70.548 70.191 71.318 71.156 75.866 78.565 79.502 79.703 78.839 75.013 72.336 78.652 83.38 84.376 84.326 82.474 77.825 76.823 76.6 76.83 79.958 82.489 83.43 83.701 83.778 77.48 77.496 77.675 77.743 77.709 77.753 77.829 77.968 78.19 81.461 81.989 84.695 86.696 85.83 81.632 87.234 88.179 87.166 84.379 82.922 83.021 83.098 84.664 85.82 84.774 85.265 88.076 90.796 90.691 87.565 87.077 87.454 88.513 87.342 86.679 86.8
69.968 70.515 74.44 74.703 70.216 71.054 70.251 69.992 69.994 70.027 71.791 72.055 72.449 78.12 79.25 79.944 78.825 73.964 73.009 73.662 79.859 83.34 81.274 77.061 76.335 76.462 76.415 76.492 81.46 83.876 83.86 83.4 83.055 77.928 78.424 78.665 79.114 77.558 77.608 77.732 77.749 80.15 82.192 81.341 82.42 82.351 81.355 81.38 85.405 87.815 87.63 84.703 83.664 83.024 83.065 85.859 89.352 89.246 88.35 87.028 90.854 90.997 88.069 87.273 86.999 87.111 86.522 86.981 87.466
69.11 70.574 72.359 74.565 72.13 70.511 70.61 69.999 69.937 69.995 70.67 72.392 71.852 74.133 73.498 73.779 73.104 75.331 72.226 72.335 72.786 75.368 76.654 75.188 76.075 76.423 78.384 77.901 78.663 81.889 81.779 78.76 77.676 77.538 77.11 77.498 77.482 77.334 77.425 77.579 77.707 81.813 81.161 81.433 80.654 84.907 86.745 82.655 80.512 85.373 84.552 82.841 82.399 83.476 83.482 83.775 90.304 90.883 89.855 84.617 90.639 91.402 90.037 86.373 87.419 88.268 87.603 87.56 86.616
68.281 69.202 71.333 72.228 72.33 70.557 71.072 70.265 69.956 70.829 71.428 70.652 70.994 72.721 75.107 75.479 78.186 78.273 74.438 71.881 72.812 73.701 74.7 75.26 76.681 76.849 78.725 79.077 79.079 78.655 76.537 76.686 76.774 76.866 77.07 77.126 77.101 77.125 77.222 77.344 80.549 81.753 81.41 80.564 80.605 86.176 86.989 85.967 80.968 83.57 82.295 81.852 82.066 83.639 83.533 83.714 89.816 91.112 90.228 86.157 90.208 91.395 90.765 87.832 87.442 87.4 88.232 87.028 86.143
67.844 68.841 71.547 72.209 72.296 70.648 70.943 70.131 69.938 70.092 70.32 70.269 70.973 74.143 77.519 78.475 79.237 78.385 77.298 72.487 72.54 73.356 73.773 74.904 75.307 76.649 77.37 79.021 79.069 77.178 76.563 76.615 76.684 76.737 77.02 76.856 76.794 76.939 77.073 77.338 81.838 80.824 80.281 80.565 84.545 86.135 86.868 86.157 83.801 85.081 82.441 81.985 81.904 83.41 83.583 83.641 88 90.521 90.605 88.26 85.656 90.673 89.671 86.699 87.79 88.146 88.135 87.135 86.089
67.809 69.245 69.719 70.144 71.181 70.122 70.084 70.095 69.917 69.912 69.945 71.539 72.233 72.388 76.845 78.335 79.257 78.733 77.809 74.175 72.274 73.254 74.258 76.047 75.391 76.542 76.557 76.535 76.657 76.422 76.843 76.524 76.546 76.61 76.598 76.557 76.66 76.713 76.837 80.045 82.056 79.512 79.163 82.111 85.737 85.86 86.693 86.738 82.995 85.542 84.313 82.007 82.001 82.509 83.535 83.854 85.013 90.221 90.839 87.385 84.677 84.847 84.761 84.892 86.796 86.817 85.863 85.934 86.078
67.878 69.023 69.404 70.423 69.905 69.946 70.278 69.916 69.926 69.865 69.873 70.502 72.251 72.018 75.525 77.382 78.865 79.097 77.997 74.339 71.933 72.967 73.907 76.609 75.655 75.549 75.996 76.216 76.379 76.462 77.294 76.604 76.45 76.493 76.388 76.369 76.463 76.49 76.692 81.486 81.53 78.929 78.997 80.788 85.29 85.858 86.353 86.655 83.64 83.105 84.835 82.269 82.246 82.941 86.605 88.639 88.416 89.675 86.592 84.506 85.832 84.832 84.757 84.732 84.596 86.162 86.691 85.88 86.638
69.509 68.914 69.074 69.99 70.002 71.904 71.755 69.921 69.885 69.908 69.876 69.993 71.798 72.492 73.35 77.472 78.509 79.351 78.62 75.49 71.932 72.869 73.45 74.648 75.546 75.156 75.537 76.001 76.484 77.664 76.6 76.475 76.262 76.258 76.206 76.238 76.295 76.457 80.591 81.798 79.097 78.817 79.107 83.266 83.195 83.856 85.526 86.221 84.693 83.391 83.836 82.914 82.659 85.799 88.981 85.88 86.242 86.001 84.934 84.566 84.828 84.727 85.388 85.142 84.739 85.246 87.214 85.775 85.783
69.651 67.835 67.96 70.012 71.873 72.028 71.045 70.011 69.925 69.919 69.904 70.095 70.783 72.013 70.599 76.146 78.332 79.359 78.716 77.801 72.811 72.513 73.301 74.156 76.712 78.636 76.341 75.726 76.003 76.522 76.267 76.153 76.113 76.083 76.107 76.111 76.091 76.339 82.321 81.559 78.917 80.761 83.278 84.736 84.115 83.461 83.953 82.043 84.424 83.806 84.366 86.169 83.251 86.866 88.886 85.469 84.912 85.451 85.194 85.1 84.507 84.492 84.407 84.581 84.646 85.203 85.354 84.999 85.092
73.341 68.089 68.281 68.119 69.123 69.176 69.909 70.01 69.899 69.931 69.973 69.902 70.941 71.01 70.322 72.142 78.08 79.706 79.34 78.392 74.662 72.436 73.218 73.97 75.412 82.124 79.886 77.39 75.759 75.871 76.046 76.073 76.064 75.973 75.967 76.028 76.13 81.675 81.71 79.281 80.472 82.778 83.499 83.205 81.455 81.12 81.124 81.773 83.638 82.506 86.726 88.48 89.067 89.909 90.343 85.436 84.125 85.497 85.027 84.364 84.377 84.331 84.372 84.385 84.532 84.483 84.468 84.894 85.045
69.406 68.33 67.909 67.948 69.275 69.887 71.129 70.21 69.946 69.905 69.957 69.934 70.11 70.253 71.408 72.135 77.295 78.856 79.626 78.854 75.071 72.666 72.907 74.452 80.093 83.618 82.429 77.121 75.711 75.868 75.833 75.961 75.947 75.858 75.879 75.881 76.111 82.129 82.01 82.479 80.962 81.557 79.372 78.424 78.074 79.366 81.096 82.912 82.198 83.352 82.955 90.162 90.171 90.113 89.582 88.216 85.012 84.773 84.473 84.346 84.329 84.317 84.31 84.273 84.256 84.233 84.296 84.982 85.023
67.879 68.926 67.959 67.925 69.29 69.895 71.26 71.834 70.868 69.977 70.014 69.998 70.02 72.017 72.458 72.449 76.808 78.467 79.634 79.188 78.067 75.942 73.983 73.991 82.248 83.42 83.09 83.063 77.309 75.558 75.635 75.724 75.85 75.763 75.817 76.564 77.384 82.18 80.298 78.842 77.452 77.813 78.707 77.946 77.484 78.649 83.886 86.227 82.383 82.434 83.266 89.511 89.166 85.09 85.135 84.792 85.051 84.345 84.723 84.575 84.309 84.303 84.276 84.252 84.251 84.223 84.234 84.563 84.925
73.952 73.262 67.913 68.101 68.704 69.164 70.031 71.649 70.412 69.994 70.027 70.037 70.002 71.96 72.366 72.323 72.727 77.828 79.197 79.631 78.806 74.52 73.502 73.015 77.031 82.092 83.422 80.43 76.732 75.492 75.634 75.717 75.676 75.647 75.712 76.525 76.022 76.352 77.308 80.512 83.407 83.136 81.85 77.452 77.464 79.098 82.995 86.849 83.128 83.568 84.554 83.825 83.285 87.651 88.233 89.608 88.467 84.189 84.349 84.669 84.959 85.191 84.271 84.203 84.211 84.176 84.146 84.326 84.551
