dsm/se2731_DSM_2M.asc
ncols 500
nrows 500
xllcorner    427000
yllcorner    431000
cellsize     2
NODATA_value -9999
[rows 320 to 351 of 500, columns 216 to 287 of 500]
40.631 40.631 40.655 40.679 40.774 40.281 40.17 40.083 39.959 39.861 39.859 39.902 39.973 40.009 40.055 40.186 40.104 40.04 39.984 39.947 39.887 39.865 42.033 39.778 39.768 39.829 39.823 39.76 39.723 39.709 39.662 39.661 39.749 39.546 39.481 39.458 39.384 39.402 39.408 39.499 39.555 39.613 39.664 39.667 39.67 39.69 39.671 39.688 39.851 39.879 39.884 39.846 39.804 39.72 39.76 39.625 39.624 39.635 39.613 39.637 39.631 39.62 39.68 39.672 39.718 39.68 39.756 39.697 39.64 39.621 39.598 39.61
40.642 40.66 40.631 40.656 40.746 40.454 40.194 40.159 40.007 39.914 39.884 39.925 39.942 39.942 40.047 40.175 40.194 40.073 40.019 39.982 39.962 39.905 39.909 40.608 39.79 39.754 39.734 39.706 39.666 39.624 39.614 39.594 39.617 39.487 39.434 39.383 39.476 39.486 39.53 39.559 39.623 39.641 39.716 39.7 39.685 39.691 39.683 39.776 39.875 39.882 39.875 39.877 39.728 39.758 39.635 39.611 39.618 39.613 39.628 39.63 39.614 39.593 39.624 39.692 39.704 39.698 39.692 39.707 39.835 39.665 39.606 39.583
40.647 40.669 40.668 40.671 40.667 40.739 40.378 40.186 40.108 40.067 39.943 39.894 39.896 39.965 40.026 40.05 40.178 40.2 40.1 40.037 39.978 39.937 39.923 39.871 42.094 39.868 39.761 39.698 39.658 39.609 39.608 39.587 39.51 39.548 39.526 39.539 39.538 39.546 39.625 39.663 39.715 39.71 39.717 39.702 39.714 39.642 39.67 39.891 39.781 39.854 39.89 39.905 40.541 39.891 39.589 39.649 39.587 39.625 39.601 39.632 39.626 39.636 39.615 39.68 39.716 39.714 39.761 39.673 39.717 40.179 39.625 39.593
40.645 40.639 40.656 40.648 40.665 40.655 40.889 40.296 40.206 40.126 40.044 39.94 39.899 39.927 39.995 40.048 40.102 40.238 40.198 40.077 40.027 39.992 39.993 39.939 39.888 40.607 39.823 39.797 39.733 39.7 39.677 39.654 39.632 39.597 39.633 39.627 39.64 39.631 39.63 39.73 39.734 39.764 39.745 39.728 39.681 39.616 39.741 39.97 39.83 39.859 39.879 39.754 40.166 39.646 39.643 39.665 39.616 39.633 39.654 39.662 39.623 39.671 39.727 39.765 39.662 39.667 39.724 39.661 39.662 39.666 40.603 39.622
40.624 40.633 40.628 40.658 40.658 40.653 40.708 40.804 40.306 40.215 40.136 39.985 39.888 39.894 39.916 39.982 40.046 40.156 40.26 40.169 40.102 40.019 39.984 39.983 39.96 39.915 39.866 39.885 39.866 39.844 39.774 39.766 39.73 39.696 39.704 39.681 39.686 39.691 39.735 39.78 39.787 39.793 39.727 39.702 39.674 39.625 40.821 39.828 39.797 39.939 39.827 39.706 39.644 39.627 39.665 39.612 39.659 39.619 39.656 39.621 39.691 39.716 39.724 39.684 39.655 39.691 39.659 39.697 39.686 39.699 39.652 39.609
40.61 40.639 40.614 40.637 40.63 40.656 40.697 40.688 40.428 40.339 40.274 40.116 39.993 39.852 39.881 39.926 40.012 40.043 40.24 40.301 40.18 40.117 40.096 40.1 39.977 39.944 39.936 39.926 39.931 39.868 39.848 39.892 39.815 39.798 39.782 39.753 39.781 39.778 39.782 39.801 39.808 39.793 39.728 39.715 39.617 39.691 40.221 39.796 39.884 39.911 39.647 39.66 39.631 39.633 39.631 39.641 39.631 39.63 39.635 39.617 39.681 39.716 39.698 39.67 39.674 39.684 39.687 39.658 39.656 39.655 39.698 39.645
40.96 40.592 40.56 40.606 40.633 40.631 40.685 40.689 40.646 40.429 40.368 40.277 40.141 39.943 39.874 39.923 39.969 40.058 40.096 40.259 40.25 40.161 40.077 40.151 40.067 40.028 39.961 39.955 39.955 39.948 39.978 40.2 39.874 39.86 39.843 39.818 39.872 39.827 39.87 39.851 39.813 39.846 39.762 39.671 39.672 39.744 39.857 39.798 39.863 39.693 39.661 39.635 39.612 39.636 39.627 39.666 39.614 39.58 39.599 39.581 39.631 39.66 39.688 39.668 39.7 39.628 39.679 39.688 39.579 39.672 39.664 39.598
40.902 40.779 40.537 40.51 40.529 40.596 40.628 40.648 42.95 40.68 40.46 40.397 40.243 40.083 39.93 39.878 39.912 40.035 40.057 40.145 40.306 40.279 40.159 40.094 40.127 40.137 40.028 39.996 40.002 39.99 40.005 39.938 39.934 39.965 39.929 39.964 40.776 39.912 39.896 39.88 39.837 39.839 39.789 39.663 39.708 39.768 39.853 39.961 39.762 39.75 39.633 39.594 39.609 39.671 39.648 39.658 39.63 39.716 39.909 39.599 39.641 39.66 39.687 39.663 39.694 39.633 39.649 39.64 39.605 39.65 39.652 39.654
40.264 40.261 40.399 40.48 40.458 40.501 40.549 40.599 40.619 40.797 40.708 40.493 40.441 40.249 40.067 39.916 39.885 39.971 40.062 40.117 45.324 40.523 40.514 40.136 40.17 40.213 40.058 40.013 40.022 39.994 39.992 39.992 39.987 39.965 40.003 40.085 40.668 39.93 39.906 39.914 39.976 39.909 39.765 39.722 39.772 39.866 40.243 40.008 39.93 39.679 39.634 39.629 39.613 39.638 39.767 39.728 39.689 39.708 39.73 39.615 39.654 39.638 39.657 39.646 39.666 39.676 39.598 39.61 39.622 39.629 39.624 39.622
40.148 40.177 40.543 41.3 41.261 40.455 40.44 40.467 40.537 40.557 40.659 40.518 40.455 40.416 40.275 40.11 39.927 39.941 40.002 40.054 40.137 40.299 40.337 40.275 40.163 40.178 40.217 40.079 40.05 40.08 40.074 40.069 40.034 40.015 40.058 40.065 39.958 39.979 39.949 40.014 40.053 39.883 39.785 39.745 39.807 39.897 40.486 40.332 40.055 39.822 39.682 39.607 39.66 39.711 39.784 39.782 39.691 39.646 39.647 39.665 39.69 39.684 39.703 39.657 39.64 39.649 39.614 39.62 39.619 39.599 39.616 39.628
40.272 40.179 40.13 40.19 40.564 41.411 40.71 40.413 40.397 40.48 40.72 40.534 40.486 40.367 40.251 40.138 40.142 39.963 39.957 40.002 40.092 40.167 40.347 40.454 40.212 40.12 40.201 40.243 40.109 40.129 40.128 40.114 40.104 40.071 41.164 40.059 40.031 39.988 39.983 40.086 40.055 39.901 39.758 39.706 39.909 40.007 40.792 40.433 40.288 40.073 39.939 39.706 39.671 39.766 39.78 39.724 39.683 39.675 39.713 39.64 39.655 39.739 39.686 39.639 39.607 39.643 39.616 39.643 39.638 39.637 39.64 39.707
40.322 40.253 40.258 40.145 40.189 40.22 40.567 40.744 40.506 40.387 40.497 40.612 40.4 40.371 40.236 40.206 40.166 39.912 39.91 39.996 40.059 40.101 40.205 40.324 40.346 40.182 40.142 40.272 40.209 40.155 40.171 40.188 40.186 40.137 40.16 40.05 40.044 40.011 40.067 40.263 40.064 39.905 39.761 39.778 39.896 39.985 40.971 40.618 40.509 40.313 40.008 39.837 39.618 39.703 39.751 39.702 39.7 39.697 39.714 39.721 39.669 39.731 39.71 39.709 39.597 39.67 39.629 39.644 39.643 39.644 39.629 39.591
40.294 40.283 40.241 40.204 40.168 40.135 40.207 40.642 41.006 43.104 40.662 40.438 40.376 40.312 40.294 40.211 40.125 39.946 39.896 39.967 40.057 40.118 40.173 40.322 40.293 40.222 40.207 40.21 40.203 40.226 40.24 40.19 40.184 40.185 40.162 40.131 40.06 41.826 40.183 40.117 40.119 39.899 39.788 39.948 39.925 40.011 40.788 41.553 40.268 40.085 39.929 39.952 39.893 39.854 39.708 39.675 39.693 39.663 39.708 39.711 39.693 39.67 39.632 39.62 39.603 39.647 39.637 39.604 39.617 39.74 39.671 39.547
40.287 40.249 40.231 40.284 40.224 40.193 40.147 40.109 40.399 40.42 42.3 40.397 40.4 40.363 40.325 40.154 39.968 39.933 39.932 39.967 40.036 40.103 40.163 40.202 40.232 40.203 40.187 40.218 40.224 40.227 40.233 40.197 40.197 40.18 40.144 40.116 40.17 40.2 40.162 40.134 40.017 39.91 39.83 39.838 39.959 40.036 40.788 41.702 40.202 40.011 39.937 39.943 39.924 39.88 39.823 39.774 39.727 39.715 39.841 39.83 39.702 39.685 39.643 39.627 39.632 39.65 39.639 39.633 39.616 39.762 39.591 39.45
40.32 40.206 40.233 40.27 40.277 40.248 40.213 40.18 40.111 40.177 40.242 40.32 40.29 40.271 40.231 40.094 40.005 39.922 39.931 39.98 40.059 40.114 40.196 40.237 40.299 40.273 40.255 40.224 40.244 40.217 40.216 40.273 40.226 40.164 40.133 40.094 40.27 40.599 40.2 40.203 40.731 39.957 39.877 39.866 39.98 40.04 42.053 42.203 40.171 40.144 40.073 39.961 40.036 39.952 39.932 39.835 40.131 39.973 39.871 39.843 39.726 39.645 39.614 39.635 39.643 39.634 39.637 39.665 39.749 39.655 39.496 39.424
41.432 41.812 40.258 40.22 40.206 40.239 40.279 40.284 40.202 40.159 40.088 41.729 40.195 40.169 40.242 40.054 40.258 39.966 40.031 40.042 40.07 40.14 40.189 40.264 40.306 40.289 40.276 40.26 40.245 40.25 40.22 40.205 40.191 40.168 40.145 40.086 40.154 40.293 40.224 40.175 40.099 39.929 39.833 40.009 40.052 40.059 41.198 41.999 40.25 40.248 40.148 40.051 40.02 39.994 39.875 39.815 39.847 39.816 40.295 39.713 39.639 39.594 39.631 39.657 39.667 39.636 39.657 39.727 39.632 39.556 39.439 39.393
43.595 44.238 42.093 40.744 40.199 40.149 40.217 40.245 40.283 40.237 40.181 40.086 40.043 39.984 39.937 39.916 40 39.987 40.039 40.069 40.175 40.144 40.187 40.286 40.332 40.299 40.285 40.247 40.248 40.228 40.247 40.237 40.23 40.205 40.112 40.114 40.071 40.2 40.249 40.233 40.21 39.965 39.872 40.055 40.048 40.075 40.82 41.144 40.277 40.281 40.195 40.129 40.055 40.077 39.963 40.814 40.812 40.512 39.653 39.625 39.774 39.631 39.631 39.624 39.672 39.671 39.649 39.633 39.639 39.46 39.397 39.347
43.312 44.334 44.22 45.831 41.158 40.18 40.158 40.247 40.279 40.267 40.243 40.151 40.094 40.016 39.993 40.006 40.026 40.056 40.198 40.141 40.17 40.272 40.232 40.279 40.32 40.341 40.313 40.27 40.25 40.211 40.233 40.218 40.227 40.18 40.18 40.138 40.111 40.124 40.229 40.21 40.17 39.97 39.916 40.107 40.098 40.179 42.92 41.053 41.085 40.428 40.191 40.069 40.045 40.032 40.732 41.866 41.981 41.288 39.627 39.519 39.575 39.64 39.664 39.652 39.68 39.666 39.707 39.616 39.49 39.387 39.371 39.352
40.544 42.612 43.575 44.716 43.792 40.405 40.307 40.173 40.246 40.256 40.217 40.225 40.211 40.098 40.08 40.059 40.067 40.27 40.149 40.192 40.174 40.227 40.27 40.264 40.325 40.292 40.295 40.316 40.241 40.234 40.215 40.212 40.227 40.186 40.149 40.125 40.159 40.147 40.122 40.198 40.179 39.994 39.951 40.107 40.128 40.13 41.738 42.206 42.876 40.884 40.494 40.195 40.154 40.243 41.18 44.193 45.566 44.991 40.598 39.463 39.442 39.56 39.692 39.71 39.624 39.63 39.591 39.494 39.426 39.382 39.324 39.423
40.491 41.328 42.496 43.052 40.483 40.319 41.463 40.525 40.22 40.222 40.238 40.233 40.204 40.193 40.11 40.16 40.145 40.132 40.115 40.171 40.218 40.209 40.275 40.341 40.326 40.322 40.337 40.322 40.265 40.21 40.211 40.188 40.186 40.19 40.145 40.165 40.104 40.139 40.133 40.122 40.19 40.037 39.946 39.963 40.147 40.109 40.476 42.189 42.896 42.355 40.653 40.577 41.854 42.036 42.662 45.902 46.385 47.142 41.495 39.506 39.491 39.441 39.503 39.635 39.697 39.649 39.498 39.417 39.365 39.363 39.433 39.504
40.475 42.821 42.882 40.979 40.035 41.78 42.362 42.395 41.022 40.351 40.21 40.216 40.199 40.199 40.16 40.202 40.187 40.178 40.193 40.218 40.209 40.26 40.295 40.338 40.317 40.326 40.349 40.341 40.284 40.196 40.202 40.138 40.202 40.171 40.188 40.167 40.194 40.148 40.15 40.153 40.133 40.043 39.995 40.049 40.155 40.101 40.173 40.644 41.968 42.389 41.893 42.017 42.053 43.186 43.785 46.095 43.362 46.511 44.498 40.637 39.531 39.539 39.473 39.502 39.612 39.514 39.445 39.413 39.402 39.43 39.486 39.561
42.965 43.21 41.708 40.559 41.313 42.257 42.666 42.578 40.649 40.416 40.284 40.195 40.226 40.197 40.198 40.196 40.236 40.276 40.285 40.282 40.276 40.295 40.324 40.345 40.357 40.35 40.333 40.349 40.268 40.193 40.148 40.143 40.147 40.139 40.153 40.239 40.373 40.155 40.138 40.162 40.152 40.122 40.014 39.929 40.144 40.153 40.121 40.227 40.515 41.432 42.372 42.509 42.429 42.427 44.064 45.784 44.111 45.014 42.038 40.558 39.576 39.529 39.528 39.476 39.487 39.451 39.45 39.449 39.456 39.513 39.593 41.576
43.713 41.039 41.014 40.862 42.289 40.591 42.243 41.077 40.502 40.712 40.548 40.361 40.175 40.171 40.19 40.252 40.823 40.385 40.384 40.428 40.43 40.365 40.371 40.365 40.367 40.355 40.318 40.317 40.281 40.242 40.147 40.163 40.177 40.121 40.19 40.138 40.285 40.226 40.164 40.179 40.145 40.115 40.058 39.975 40.173 40.145 40.121 40.169 41.392 40.882 42.175 43.226 42.265 42.06 43.08 45.241 45.404 44.069 41.408 39.738 39.65 39.612 39.585 39.599 39.518 39.494 39.498 39.49 39.513 39.536 39.603 39.824
41.64 40.436 40.507 40.613 41.351 41.439 40.531 40.623 40.462 40.548 40.727 40.409 40.447 40.302 40.175 40.267 40.23 40.312 40.37 40.377 40.47 40.314 40.327 40.371 40.364 40.342 40.378 40.305 40.263 40.209 40.179 40.243 40.224 40.218 40.136 40.094 40.555 40.258 40.167 40.136 40.137 40.099 40.061 39.98 40.15 40.205 40.179 40.125 42.834 44.423 44.013 42.26 42.011 39.964 41.325 42.486 42.227 40.72 43.947 40.303 39.701 39.712 39.677 39.631 39.592 39.572 39.562 39.552 39.572 39.612 39.958 40.292
40.517 40.481 40.542 40.566 41.609 40.696 40.51 40.567 42.856 41.504 40.641 42.926 43.897 41.141 40.279 40.203 40.287 40.275 40.347 40.433 40.369 40.367 40.386 40.36 40.326 40.331 40.339 40.284 40.27 40.257 40.187 40.173 40.266 40.202 40.17 40.134 40.158 40.203 40.576 40.162 40.148 40.185 40.102 40.009 40.106 40.242 40.188 40.161 40.206 44.196 40.986 41.811 42.284 40.218 39.779 40.397 40.188 39.946 41.226 41.294 41.951 40.362 39.759 39.69 39.656 39.645 39.603 39.587 39.583 39.614 41.345 39.977
40.539 40.565 40.59 40.586 40.52 40.518 40.462 42.166 43.569 43.567 41.673 44.431 43.862 42.047 40.382 40.291 40.253 40.308 40.322 40.451 40.32 40.322 40.35 40.354 40.436 40.342 40.356 40.287 40.259 40.244 40.217 40.194 40.231 40.231 40.167 40.186 40.164 40.149 40.27 40.26 40.165 40.113 40.123 40.109 39.997 40.252 40.228 40.173 40.169 40.808 40.213 41.126 41.619 40.725 40.035 40.204 39.932 39.915 39.949 40.281 43.398 39.941 39.852 39.774 39.752 39.69 39.649 39.646 39.607 39.608 39.636 39.655
40.544 40.57 40.598 40.563 40.547 40.501 42.77 43.611 43.58 46.355 47.401 47.596 45.439 40.719 40.497 40.395 40.364 40.293 40.344 40.306 40.336 40.382 40.379 40.365 41.04 40.379 40.33 40.31 40.283 40.256 40.205 40.236 40.196 40.259 40.209 40.156 40.163 40.181 40.204 40.327 40.264 40.141 40.095 40.062 40.025 40.174 40.275 40.248 40.174 40.149 41.553 41.853 43.288 41.505 40.052 39.969 39.935 39.913 39.882 39.911 39.902 40.065 43.158 39.948 39.825 39.782 39.705 39.627 39.594 39.58 39.596 39.65
40.548 40.581 40.555 40.538 40.511 42.327 43.688 43.668 44.288 48.71 48.688 48.1 47.27 47.466 41.984 40.46 40.393 40.403 40.303 40.326 40.362 40.362 40.41 42.304 40.422 40.36 40.295 40.383 40.362 40.268 40.264 40.231 40.203 40.235 40.333 40.224 40.189 40.208 40.178 40.271 40.294 40.152 40.109 40.129 40.015 40.132 40.317 40.299 40.277 40.182 40.247 44.259 43.619 41.547 40.404 39.91 39.87 39.884 39.866 39.873 39.91 39.952 40.304 39.992 39.898 39.824 39.778 39.73 39.637 39.63 39.529 39.595
40.552 40.543 40.513 40.534 40.531 42.722 43.684 43.787 47.464 49.527 49.324 48.643 48.145 48.142 46.061 40.603 40.415 40.423 40.344 40.367 40.378 40.369 40.425 40.57 40.381 40.325 40.325 40.368 40.351 40.317 40.282 40.265 40.23 40.194 40.288 40.292 40.241 40.185 40.166 40.204 40.29 40.212 40.125 40.124 40.044 39.998 40.223 40.303 40.287 40.253 40.198 43.311 43.617 41.905 40.248 39.938 39.878 39.836 39.827 39.885 39.869 39.891 39.915 39.951 39.944 40.044 39.96 39.807 39.744 39.681 39.644 39.694
40.548 40.551 40.545 40.571 40.518 41.279 43.662 46.171 48.134 48.472 49.151 49.407 48.854 48.254 44.027 40.571 40.438 40.378 40.311 40.376 40.375 40.433 40.403 40.403 40.327 40.326 41.09 40.328 40.313 40.312 40.323 40.248 40.211 40.209 40.227 40.31 40.219 40.205 40.207 40.202 40.262 40.332 40.148 40.123 40.085 40.021 39.944 40.284 40.299 40.315 40.267 40.221 43.122 40.669 39.968 39.913 39.886 39.837 39.827 39.835 39.845 39.854 39.862 39.914 39.941 40.838 42.443 40.369 39.787 39.749 39.725 39.677
40.539 40.525 40.545 40.553 40.515 40.602 42.497 46.27 48.089 47.703 48.525 49.146 49.398 44.918 41.469 40.658 40.477 40.39 40.347 40.389 40.388 40.399 40.391 40.367 40.375 40.272 40.27 40.274 40.252 42.362 40.378 40.966 40.197 40.199 40.199 40.214 40.244 40.223 40.233 40.235 40.219 40.318 40.355 40.081 40.058 40.058 40.029 40.117 40.295 40.322 40.303 40.249 40.216 42.172 40.91 40.021 39.937 39.891 39.875 39.831 39.834 39.82 39.843 39.848 39.864 40.822 40.887 41.025 39.889 40.159 39.827 39.712
40.591 40.527 40.514 40.521 40.519 40.813 44.143 44.979 46.709 47.085 47.601 48.331 47.743 40.993 40.552 40.453 40.471 40.344 40.368 40.416 40.397 40.39 40.387 40.38 40.329 40.266 40.233 40.197 40.185 40.45 40.907 42.23 40.212 40.175 40.185 40.194 40.215 40.242 40.242 40.258 40.222 40.199 40.381 40.21 40.074 40.051 40.028 40.004 40.102 40.337 40.309 40.29 40.309 43.187 43.794 42.408 40.14 39.955 39.929 39.875 39.835 39.81 39.824 39.804 39.851 39.841 39.888 39.91 43.387 44.178 41.714 39.876
