dsm/se2731_DSM_2M.asc
ncols 500
nrows 500
xllcorner    427000
yllcorner    431000
cellsize     2
NODATA_value -9999
[rows 64 to 95 of 500, columns 288 to 359 of 500]
52.833 52.995 53.147 53.311 53.481 53.693 53.875 54.027 54.147 54.382 54.518 54.462 53.274 46.956 47.984 48.756 48.861 52.176 51.714 49.662 48.761 48.649 48.68 48.538 48.028 47.394 51.296 54.969 55.176 54.501 55.466 55.642 55.761 55.934 56.107 56.288 56.431 56.306 56.078 55.998 55.734 55.7 55.5 55.36 55.172 55.003 54.966 55.093 55.245 55.416 55.585 55.76 55.864 55.981 56.18 56.396 54.138 52.206 51.676 50.66 50.188 47.931 49.42 46.165 46.043 46.05 46.023 46.025 46.042 45.994 50.447 48.455
53.058 53.173 53.342 53.528 53.694 53.884 54.024 54.219 54.406 54.526 54.515 54.24 54.065 53.909 49.349 49.09 48.858 49.619 52.677 52.103 49.111 48.674 48.635 48.63 48.337 47.938 47.403 53.29 54.947 55.218 55.327 55.478 55.659 55.816 55.958 56.078 56.252 56.394 56.185 52.21 54.463 55.798 55.669 55.487 55.287 55.143 54.995 54.979 55.09 55.288 55.478 55.596 55.733 55.857 56.007 53.453 52.157 48.578 50.589 48.164 50.112 48.127 49.785 46.505 46.025 46.017 45.995 46.002 45.984 45.995 46.041 47.532
53.183 53.312 53.593 53.704 53.894 54.086 54.279 54.458 54.595 54.423 54.278 54.093 53.876 53.677 52.043 49.479 48.493 49.174 49.083 52.658 49.428 48.643 48.527 48.45 48.535 48.333 47.741 47.322 52.736 54.914 55.164 55.35 55.528 55.978 55.874 55.979 56.165 56.274 56.377 56.259 56.09 55.919 55.784 55.658 55.451 55.294 55.18 54.971 54.936 55.177 55.279 55.456 55.624 55.652 52.707 52.009 51.703 50.446 49.282 50.225 49.8 47.413 46.065 46.056 46.008 45.99 45.997 46.013 45.987 45.769 45.395 46.444
53.364 53.545 53.775 53.903 54.121 54.302 54.489 54.527 54.406 54.234 54.044 53.883 53.71 53.514 53.363 53.036 46.866 47.905 48.589 48.676 48.599 48.573 48.54 48.466 48.402 48.494 48.167 47.705 47.482 54.619 55.016 55.215 55.402 55.533 55.676 55.83 56.009 53.544 56.247 56.385 56.195 55.962 54.995 55.725 55.59 55.46 55.292 55.109 55.011 54.978 55.144 55.311 55.347 52.358 51.985 51.458 47.14 50.087 46.968 49.952 47.193 46.038 45.992 46.008 46.009 45.984 45.987 45.961 45.726 45.326 46.875 47.737
53.6 53.788 53.958 54.143 54.354 54.467 54.54 54.454 54.246 54.008 53.867 53.734 53.502 53.318 53.125 52.938 47.725 46.803 48.464 48.484 48.55 48.431 48.485 48.445 48.339 48.269 48.255 47.997 47.653 48.731 53.965 54.937 55.203 55.367 55.547 55.698 55.832 55.517 56.204 56.37 56.372 55.323 56.041 55.865 55.699 55.566 55.41 55.288 55.081 54.993 55.026 53.36 52.734 51.883 48.665 46.232 46.125 49.287 50.029 46.099 46.064 46.043 45.997 46.001 45.968 46.22 46.86 45.603 45.396 47.399 48.282 48.266
53.783 53.98 54.162 54.349 54.493 54.562 54.32 54.208 54.069 53.898 53.675 53.569 53.272 53.106 52.949 52.734 52.931 51.778 47.447 48.646 48.545 48.441 48.363 48.372 48.293 48.2 48.186 48.419 47.882 47.591 48.304 54.77 55.08 55.273 55.419 55.532 55.731 55.902 56.038 56.228 56.378 56.366 56.203 56.047 55.824 55.696 55.559 55.374 55.22 55.078 53.605 52.223 51.867 50.192 46.117 46.049 46.056 46.43 48.047 46.035 46.017 45.977 46.01 45.981 47.874 48.278 45.756 45.378 48.018 48.256 48.095 47.669
53.987 54.164 54.349 54.56 54.605 54.358 54.251 54.007 53.786 53.638 53.461 53.291 53.112 52.958 52.811 52.963 53.158 53.295 52.208 48.639 48.346 48.37 48.274 48.295 48.233 48.204 48.073 48.058 48.101 47.777 47.429 48.776 54.842 55.084 55.286 55.414 55.57 55.766 55.934 56.07 56.256 56.391 56.319 55.271 55.999 55.85 55.73 55.542 55.39 54.723 52.103 51.703 48.596 50.107 46.982 46.034 46.032 46.028 46.076 46.015 45.994 46.006 47.707 46.843 46.383 45.751 45.586 47.92 48.263 48.246 48.746 49.726
54.212 54.368 54.544 54.653 54.379 54.179 54.035 53.823 53.581 53.464 53.298 53.081 52.926 52.783 52.973 53.12 53.287 53.471 53.664 49.585 46.039 48.245 48.261 48.275 48.141 48.157 48.032 47.932 47.926 47.962 47.696 47.478 49.505 54.711 55.084 55.292 55.472 55.623 55.755 55.908 56.089 56.225 56.371 56.288 56.17 55.949 55.804 55.685 53.751 52.089 51.588 49.892 48.806 48.825 47.272 46.125 46.016 46.019 46.036 45.978 45.98 46.066 46.782 47.389 45.512 45.431 47.204 46.081 47.558 47.293 48.283 48.97
54.371 54.538 54.496 54.37 54.192 53.971 53.802 53.602 53.438 53.268 53.11 52.907 52.877 52.965 53.123 53.3 53.496 53.675 53.857 54.046 52.626 49.735 50.763 51.355 48.144 48.024 47.993 47.87 47.757 47.842 47.799 47.589 47.426 48.816 54.772 55.159 55.299 55.538 55.661 55.798 55.826 55.149 56.285 56.384 56.258 56.1 55.978 53.453 52.085 51.73 50.514 48.17 50.073 48.957 50.025 46.485 46.053 46.05 45.986 45.985 46.305 46.344 46.192 45.422 47.26 47.457 46.053 46.887 47.3 49.642 48.294 48.346
54.598 54.533 54.319 54.13 53.964 53.826 53.582 53.42 53.277 53.096 52.882 52.82 52.982 53.135 53.354 53.52 53.695 53.878 54.031 54.228 54.4 51.892 47.121 52.366 50.502 47.933 47.932 47.909 47.818 47.684 47.76 48.071 47.84 48.147 51.199 55.025 55.163 55.317 55.498 55.644 55.762 55.983 56.112 56.282 56.385 55.423 52.657 51.96 51.584 49.654 49.462 49.484 50.081 49.128 46.108 46.026 46.019 46.032 45.962 46.013 46.061 45.63 45.352 46.924 48.369 48.373 46.519 47.99 48.593 49.21 49.399 48.064
54.497 54.302 54.2 53.947 53.791 53.607 53.42 53.26 53.077 52.876 52.878 53.005 53.178 53.39 53.601 53.788 53.944 54.076 54.278 54.436 54.543 53.591 47.523 49.573 48.972 47.952 47.827 47.802 47.718 47.658 47.546 47.58 47.646 47.618 51.785 50.621 54.998 55.193 55.349 55.475 55.671 55.735 54.996 56.133 56.185 52.335 51.833 51.386 50.414 50.213 47.707 50.079 46.902 46.176 46.04 46.037 46.007 45.971 46.004 45.878 45.606 45.411 47.521 48.412 48.434 48.523 49.423 49.164 48.145 48.585 49.365 49.816
54.328 54.133 53.941 53.778 53.589 53.407 53.251 53.041 52.79 52.883 53.029 53.225 53.441 53.603 53.791 53.935 54.138 54.268 54.459 54.576 54.442 54.25 53.763 47.035 48.191 47.91 47.881 47.668 47.619 47.648 47.537 47.475 47.398 47.301 47.276 47.551 53.325 55.024 55.186 55.358 55.529 55.676 55.875 54.053 52.166 51.832 50.866 49.463 50.272 49.901 50.118 46.559 46.449 46.012 46.007 45.984 45.96 45.982 45.937 45.435 45.315 46.943 48.338 48.445 48.454 48.114 48.74 49.427 49.115 47.966 48.836 49.508
54.076 53.969 53.762 53.551 53.389 53.206 53.034 52.869 52.947 53.064 53.259 53.425 53.586 53.751 53.969 54.169 54.284 54.512 54.597 54.362 54.248 54.026 53.87 53.679 48.102 47.652 48.35 47.687 47.556 47.53 47.55 47.399 47.329 47.274 47.281 47.34 47.551 54.58 55.043 55.21 55.37 55.49 53.175 52.161 51.811 49.934 50.299 47.032 50.224 49.774 47.203 46.027 46.001 45.994 45.985 45.947 45.961 45.918 45.58 45.298 45.591 47.888 48.107 50.008 49.233 48.599 48.053 48.873 49.571 49.063 47.949 48.856
53.917 53.719 53.523 53.357 53.146 53.048 52.826 52.908 53.105 53.246 53.374 53.618 53.795 53.967 54.141 54.352 54.52 54.537 54.427 54.21 54.033 53.822 53.702 53.492 52.848 49.577 47.502 47.524 47.588 50.675 48.646 47.301 47.263 47.178 47.234 47.831 47.489 48.819 54.766 55.042 55.23 54.681 52.063 51.68 47.422 49.516 50.031 49.842 50.169 47.265 46.043 46.03 46.033 45.993 45.938 45.96 45.954 45.383 45.248 45.408 47.649 47.996 48.461 48.035 48.939 49.501 48.344 48.257 48.913 49.556 48.84 48.197
53.718 53.536 53.338 53.182 52.999 52.751 52.89 53.052 53.266 53.428 53.68 53.831 54.02 54.191 54.368 54.595 54.538 54.424 54.197 54.012 53.833 53.679 53.441 53.306 53.102 51.817 47.659 47.558 47.634 50.658 51.337 49.1 47.261 47.172 47.155 47.301 47.39 53.911 54.39 54.842 53.635 52.126 51.324 49.853 46.224 49.53 47.861 47.948 46.463 46.044 46.012 45.992 45.999 45.978 45.973 45.844 45.368 45.277 46.681 47.956 47.953 48.614 49.775 48.01 48.178 48.874 49.529 48.23 48.445 48.998 49.543 48.02
53.55 53.344 53.184 52.942 52.757 52.954 53.096 53.313 53.509 53.644 53.879 53.996 54.218 54.397 54.554 54.553 54.38 54.209 53.993 53.833 53.657 53.47 53.278 53.122 52.908 52.665 52.394 47.433 47.81 47.381 50.416 50.911 47.909 47.148 47.004 51.383 54.265 54.55 47.028 52.12 52.083 51.686 50.21 46.758 46.286 46.994 48.353 46.098 46.033 46.029 46.002 45.969 45.972 45.957 45.94 45.587 48.071 47.723 47.925 47.948 47.858 48.427 49.174 49.791 48.217 48.402 49.248 49.516 48.207 48.409 49.095 49.537
53.301 53.13 52.971 52.88 52.94 53.143 53.325 53.442 53.66 53.841 53.974 54.216 54.391 54.606 54.559 54.326 54.198 53.986 53.826 53.567 53.414 53.272 53.106 52.904 52.837 52.955 51.787 49.379 46.022 47.15 47.16 50.296 50.088 47.35 54.157 55.047 49.595 46.869 46.424 47.359 51.535 46.79 49.493 49.175 46.109 46.064 46.082 46.125 46.003 45.975 45.98 45.962 45.943 45.942 45.379 47.711 48.409 48.411 48.256 49.112 49.112 48.153 48.525 49.192 49.132 48.003 48.586 49.281 49.804 48.053 48.468 49.187
53.096 52.928 52.818 52.993 53.187 53.312 53.498 53.679 53.869 54.009 54.224 54.439 54.591 54.595 54.377 54.153 53.955 53.727 53.63 53.425 53.26 53.074 52.884 52.841 52.929 53.206 53.367 53.529 52.211 47.202 46.999 47.123 51.219 54.693 54.969 50.542 46.777 46.85 46.701 46.406 46.681 46.119 47.544 49.178 46.089 46.068 46.033 46.015 46.014 45.964 45.995 45.927 45.567 45.361 47.355 48.41 48.437 49.278 48.463 48.654 49.558 49.273 48.057 48.589 49.314 49.086 48.112 48.505 49.427 49.595 47.83 48.646
52.901 52.828 53.015 53.173 53.344 53.508 53.717 53.917 54.076 54.271 54.455 54.58 54.477 54.344 54.156 53.951 53.806 53.64 53.399 53.254 53.062 52.905 52.872 53.03 53.215 53.389 53.524 53.755 53.712 50.119 46.87 47.247 54.146 54.739 51.321 47.217 46.757 46.615 46.668 46.529 46.312 46.073 46.138 48.862 46.071 46.052 45.983 45.966 45.961 45.928 45.935 45.402 46.284 48.12 48.403 48.453 48.497 49.5 49.297 48.222 48.8 49.406 47.021 47.976 48.645 49.469 49.143 48.009 48.641 49.339 49.201 48.026
52.767 53.045 53.195 53.385 53.576 53.738 53.884 54.101 54.27 54.429 54.517 54.473 54.329 54.099 53.967 53.724 53.523 53.396 53.225 53.072 52.768 52.877 53.04 53.188 53.379 53.513 53.759 53.887 54.101 54.257 52.002 54.524 54.676 49.178 50.474 48.494 46.707 46.582 46.51 46.479 46.415 46.102 46.086 46.071 46.047 46.017 45.988 45.957 45.929 45.881 45.576 45.367 48.333 48.378 48.42 48.515 48.227 48.904 49.607 48.235 48.199 48.85 49.52 47.674 48.208 48.762 49.511 48.614 47.991 48.693 49.519 48.355
53.039 53.245 53.378 53.558 53.732 53.943 54.076 54.294 54.553 54.584 54.476 54.301 54.045 53.869 53.763 53.534 53.416 53.204 53.028 52.879 52.848 53.057 53.258 53.423 53.632 53.765 53.931 54.1 54.293 54.448 54.541 54.219 49.268 46.711 46.978 47.868 46.605 46.597 46.444 46.322 46.25 46.149 46.085 46.028 46.027 45.979 45.964 45.944 45.918 45.628 45.537 45.535 47.477 48.367 48.937 49.7 48.582 48.235 48.967 49.637 48.212 48.163 48.769 49.735 48.707 48.299 48.945 49.538 48.934 48.111 48.84 49.562
53.237 53.398 53.609 53.782 53.978 54.142 54.329 54.496 54.59 54.481 54.26 54.075 53.868 53.659 53.477 53.318 53.195 53.065 52.776 52.848 53.047 53.277 53.477 53.64 53.737 53.933 54.156 54.324 54.608 54.499 54.343 54.201 50.789 46.381 47.952 47.292 48.674 47.74 46.439 46.33 46.214 46.136 46.054 46.001 45.979 45.925 45.922 45.905 45.653 45.186 45.775 46.527 47.249 47.124 48.462 49.135 48.004 48.031 48.438 49.122 49.565 48.156 48.39 49.017 49.613 48.073 48.33 48.925 49.718 48.171 48.114 48.901
53.442 53.581 53.757 53.976 54.17 54.304 54.506 54.641 54.424 54.225 54.049 53.876 53.671 53.558 53.299 53.158 52.947 52.74 52.909 53.105 53.323 53.438 53.627 53.804 53.981 54.125 54.335 54.538 54.542 54.357 54.204 53.985 48.101 49.608 50.537 51.013 49.776 50.334 47.992 46.394 46.159 46.114 46.041 45.999 45.934 45.898 45.883 45.918 45.276 45.108 45.335 46.619 48.281 49.202 48.001 48.414 49.221 49.185 47.589 48.398 49.201 49.544 47.971 48.381 49.282 49.486 48.303 48.385 49.135 49.618 47.76 48.232
53.639 53.837 53.989 54.224 54.366 54.545 54.597 54.401 54.271 53.996 53.883 53.662 53.496 53.28 53.197 52.943 52.863 52.938 53.123 53.293 53.438 53.635 53.825 53.984 54.186 54.306 54.54 54.558 54.33 54.18 53.953 53.764 53.637 51.252 45.757 50.678 48.66 48.825 49.543 47.42 46.139 46.088 46.031 45.929 45.924 45.883 45.852 45.873 45.306 45.079 45.23 50.032 48.613 49.345 49.379 48.1 48.562 49.258 49.685 48.043 48.501 49.246 49.391 48.062 48.554 49.161 49.109 48 48.556 49.112 49.652 48.368
53.824 54.059 54.192 54.41 54.554 54.602 54.383 54.161 54.053 53.813 53.661 53.45 53.329 53.108 52.926 52.864 52.952 53.144 53.322 53.549 53.706 53.883 54.027 54.179 54.368 54.576 54.494 54.333 54.118 53.951 53.812 53.653 53.454 53.263 53.012 46.897 46.306 46.208 49.302 48.036 46.138 45.984 45.912 45.872 45.839 45.751 45.744 45.692 45.395 45.203 51.051 50.945 48.972 48.731 49.458 48.843 47.957 48.617 49.337 48.83 47.885 48.593 49.385 48.979 48.021 48.625 49.254 48.966 47.939 48.545 49.438 49.618
54.082 54.191 54.424 54.614 54.529 54.424 54.166 53.998 53.749 53.588 53.445 53.303 53.092 52.961 52.802 52.978 53.149 53.346 53.458 53.702 53.828 54.037 54.177 54.406 54.576 54.486 54.291 54.109 53.861 53.744 53.608 53.425 53.235 53.081 52.769 50.256 47.529 46.104 46.102 46.021 45.993 45.943 45.942 45.794 45.769 45.698 45.606 45.598 45.612 50.873 51.543 51.55 51.555 48.75 48.795 49.544 49.387 48.025 48.698 49.655 49.315 48.028 48.626 49.46 48.895 48.046 48.773 49.529 48.751 47.985 48.694 49.621
54.263 54.392 54.576 54.555 54.335 54.181 53.924 53.845 53.609 53.4 53.243 53.1 52.905 52.807 52.968 53.094 53.312 53.541 53.736 53.894 54.068 54.253 54.413 54.502 54.473 54.243 54.113 53.899 53.744 53.589 53.423 53.229 53.059 52.851 52.819 53.015 52.494 46.117 45.953 45.979 45.877 45.853 45.831 45.796 45.667 45.596 45.592 45.462 45.337 45.633 51.6 51.585 51.57 51.502 48.514 48.953 49.658 49.147 48.245 48.957 48.992 48.347 48.086 48.763 49.514 48.744 48.183 48.82 49.552 48.818 48.061 48.749
54.403 54.556 54.523 54.324 54.153 53.932 53.794 53.551 53.418 53.26 53.081 52.893 52.826 53.026 53.179 53.384 53.472 53.706 53.895 54.063 54.221 54.427 54.569 54.5 54.286 54.082 53.869 53.771 53.532 53.408 53.186 53.019 52.873 52.817 53.072 53.221 53.36 51.986 45.877 45.821 45.884 45.786 45.746 45.71 45.646 45.505 45.42 45.322 45.173 45.059 48.155 51.46 51.563 51.53 50.854 48.459 48.998 49.655 47.849 48.256 49.009 49.519 48.489 48.193 48.836 49.733 48.856 48.307 48.919 49.386 48.226 48.143
54.633 54.427 54.314 54.173 53.938 53.771 53.597 53.352 53.216 53.009 52.881 52.846 53.018 53.248 53.411 53.535 53.719 53.914 54.066 54.295 54.438 54.594 54.491 54.271 54.049 53.898 53.72 53.538 53.355 53.205 52.989 52.857 52.921 53.093 53.235 53.419 53.57 53.778 49.322 45.687 45.682 45.775 45.629 45.584 45.609 45.482 45.416 45.29 44.977 44.871 44.95 50.622 51.434 51.498 51.489 50.463 48.303 49.101 49.801 48.686 48.383 49.191 49.611 47.994 48.198 49.127 49.585 48.178 48.129 49.046 49.673 48.686
54.417 54.314 54.092 53.917 53.728 53.567 53.393 53.206 53.032 52.868 52.918 53.087 53.271 53.438 53.606 53.776 53.935 54.082 54.273 54.477 54.644 54.42 54.273 54.055 53.909 53.618 53.584 53.343 53.193 52.975 52.841 52.952 53.061 53.293 53.417 53.636 53.801 53.981 49.667 51.633 46.289 45.53 45.53 45.483 45.505 45.457 45.315 45.23 44.856 44.735 44.46 45.201 50.626 51.589 51.505 51.557 50.849 48.444 49.15 49.758 48.079 48.41 49.194 49.196 47.914 48.495 49.036 49.64 47.907 48.246 49.039 49.612
54.227 54.046 53.929 53.719 53.513 53.346 53.228 53.005 52.753 52.897 53.1 53.234 53.428 53.623 53.8 53.927 54.176 54.325 54.536 54.553 54.369 54.266 54.056 53.853 53.693 53.492 53.364 53.079 52.974 52.881 52.879 53.143 53.292 53.426 53.611 53.796 54 54.165 54.357 54.522 47.44 46.182 46.197 48.134 45.496 45.335 45.359 45.201 45.016 44.589 44.362 44.239 44.272 51.469 51.567 51.572 51.591 48.965 48.675 49.153 49.424 48.084 48.548 49.403 49.562 48.045 48.484 49.33 49.683 48.255 48.464 49.215
54.086 53.883 53.697 53.539 53.359 53.153 52.97 52.797 52.942 53.061 53.26 53.472 53.642 53.796 53.975 54.172 54.352 54.52 54.536 54.422 54.182 54.069 53.873 53.667 53.499 53.362 53.138 53.018 52.812 52.944 53.113 53.303 53.529 53.615 53.836 54.038 54.18 54.367 54.526 54.513 54.169 51.607 49.675 49.077 45.812 45.242 45.349 45.179 45.085 44.98 44.274 44.07 43.929 46.899 50.253 51.557 51.534 51.542 48.767 48.54 49.436 49.035 47.895 48.728 49.393 49.492 47.98 48.472 49.277 49.412 47.837 48.491
