dsm/se2738_DSM_2M.asc
ncols 500
nrows 500
xllcorner    427000
yllcorner    438000
cellsize     2
NODATA_value -9999
[rows 93 to 123 of 500, columns 284 to 354 of 500]
117.216 116.998 115.503 114.19 114.098 115.631 114.331 114.352 118.405 118.757 121.202 115.679 115.806 115.824 119.27 121.213 122.588 123.895 123.01 121.979 121.121 116.27 114.845 114.852 114.96 115.034 115.495 116.03 116.986 117.809 118.644 114.488 114.473 114.37 114.433 114.588 114.743 114.806 114.938 114.473 114.86 116.346 115.134 114.647 114.051 114.106 113.897 117.937 117.102 114.768 113.803 113.922 114.073 114.061 114.491 114.255 114.244 114.461 114.293 114.777 115.284 113.873 113.765 113.747 113.825 113.772 115.972 118.748 117.741 113.345 113.121
119.372 118.951 117.612 118.334 116.619 114.823 114.549 114.246 114.311 114.91 119.212 118.502 116.857 117.734 118.676 121.064 122.327 123.58 122.418 121.006 115.848 115.026 114.769 114.823 114.889 114.909 115.275 114.959 117.243 117.834 114.776 114.306 114.306 114.221 114.353 115.099 114.755 114.8 114.95 115.098 114.236 114.658 115.01 115.779 117.939 115.297 116.503 118.843 115.843 113.714 113.672 113.607 113.679 113.77 113.816 113.937 113.961 115.053 115.548 116.456 114.298 113.606 113.621 113.613 113.726 115.309 117.84 116.583 117.698 113.446 113.002
119.499 118.53 116.584 120.762 119.36 117.556 114.818 114.184 114.259 114.462 120.651 120.45 117.071 114.565 117.179 118.294 120.76 122.109 121.117 116.613 114.847 114.689 114.667 114.736 114.735 114.807 116.687 117.388 118.922 115.625 114.133 114.137 114.101 114.208 115.151 116.023 114.999 115.386 115.381 115.918 115.004 114.097 114.4 118.048 120.072 116.232 118.094 118.233 116.258 113.559 113.502 113.471 113.522 113.507 113.51 113.677 113.908 116.773 117.464 116.598 115.443 113.553 113.54 113.488 113.556 115.589 118.109 115.767 114.729 112.927 112.944
114.898 114.486 114.604 118.72 120.615 118.431 115.188 114.337 114.218 118.546 120.512 121.443 120.658 116.877 115.565 116.72 118.941 120.81 117.374 115.284 114.681 114.543 114.536 114.652 114.64 116.971 118.566 118.825 118.527 114.446 114.034 114.031 113.971 115.326 116.583 116.76 116.493 116.089 115.858 116.406 115.606 114.895 113.917 113.726 115.565 116.787 118.664 117.692 115.144 113.998 113.392 113.393 113.375 113.214 113.203 113.319 113.547 115.658 117.244 114.486 114.253 113.482 113.402 113.361 115.011 117.246 114.233 112.665 114.158 112.902 112.903
113.39 113.351 114.527 115.476 118.39 118.704 116.619 114.547 115.849 121.121 122.211 122.658 121.615 118.993 118.144 116.748 116.027 118.129 118.829 115.665 114.659 114.477 114.459 114.497 114.617 118.267 118.819 118.075 115.884 113.885 113.818 113.867 113.974 117.06 118.046 116.79 118.126 117.078 116.498 115.862 114.966 114.169 113.773 113.595 113.437 114.432 115.537 115.673 115.695 113.429 113.24 115.946 113.452 113.039 121.959 125.678 117.133 125.503 114.369 113.09 113.116 113.284 113.241 114.495 115.196 114.874 114.028 112.76 112.079 112.544 112.731
113.406 113.427 113.971 116.328 115.862 116.719 116.857 115.897 116.893 121.426 121.903 120.933 120.636 120.627 118.577 118.071 116.201 115.388 118.051 115.65 114.374 114.387 114.402 114.436 118.317 119.386 120.639 118.816 116.029 113.723 113.665 113.889 116.831 119.46 119.707 118.635 119.18 118.989 117.738 115.141 113.715 114.647 113.995 113.99 113.398 113.267 115.006 114.565 114.835 114.766 114.642 114.558 113.807 127.085 128.676 129.588 121.197 127.204 113.656 112.966 113.005 113.069 113.553 115.151 115.609 113.039 111.957 112.192 112.116 111.956 112.2
113.263 113.472 114.353 117.249 118.376 117.75 117.125 116.781 119.587 118.78 119.427 116.777 118.866 117.409 116.267 117.961 117.885 115.832 115.651 114.623 114.301 114.211 114.281 115.984 119.367 120.239 120.478 118.745 114.618 113.64 113.664 113.777 118.699 119.396 119.562 119.832 120.079 119.185 117.887 113.923 113.539 115.077 113.67 113.701 113.357 113.29 113.102 113.573 115.415 113.96 115.002 113.306 113.081 113.282 131.793 132.874 121.629 125.28 120.637 112.927 112.855 113.068 115.842 114.991 112.202 111.362 111.185 111.076 113.349 112.828 112.606
113.615 118.797 118.766 119.89 119.239 118.017 115.784 119.45 121.439 120.073 116.592 114.256 116.564 116.911 114.765 116.465 115.7 114.13 114.411 115.491 114.681 114.574 115.06 117.626 119.187 120.173 120.083 120.023 113.583 113.466 113.623 118.478 119.746 119.702 119.571 119.971 119.328 118.059 113.491 114.351 113.134 113.416 113.897 113.672 113.247 113.177 113.009 114.202 113.596 114.721 114.095 114.759 113.379 113.851 131.014 131.066 131.571 123.452 114.111 112.588 112.722 112.929 120.487 118.841 115.053 111.344 111.1 111.025 110.972 113.535 112.47
115.103 119.091 120.248 121.155 120.493 119.217 118.06 115.254 115.487 116.714 115.387 114.152 114.258 114.168 113.883 113.921 113.921 113.977 117.912 126.858 119.562 123.124 119.073 119.844 119.843 120.25 119.637 114.159 113.408 113.413 113.597 114.643 118.867 118.399 119.165 119.926 118.788 114.255 112.888 112.653 112.684 112.986 113.288 113.425 113.534 113.076 113.013 115.107 114.925 113.083 113.51 114.116 113.594 113.48 125.037 129.083 128.666 119.821 115.694 112.967 116.226 119.799 121.427 121.795 112.967 111.704 111.03 110.993 110.815 110.721 113.446
114.465 115.014 118.188 120.45 120.809 119.599 114.608 115.824 113.728 114.249 113.587 113.614 113.541 113.702 113.772 113.783 113.797 115.214 124.342 124.169 126.604 122.201 121.108 120.296 120.449 120.471 118.253 113.275 113.29 114.538 115.409 116.08 117.266 118.171 118.543 119.489 113.392 112.599 112.523 112.599 112.68 112.635 112.669 113.69 114.385 113.089 115.06 115.368 115.336 115.253 113.072 114.837 114.702 114.644 113.109 113.607 114.589 117.715 117.084 112.41 116.247 118.737 122.101 123.091 115.667 112.731 111.051 110.904 110.787 110.607 110.589
113.125 114.148 114.183 118.12 119.819 116.115 113.863 115.313 113.98 113.652 113.328 113.894 113.552 113.507 114.067 114.127 113.489 126.813 129.885 124.859 127.142 123.854 118.664 119.929 120.459 120.186 114.465 113.057 113.243 115.474 116.001 117.001 117.887 118.082 116.788 113.243 112.54 112.609 112.649 112.851 113.777 112.905 112.747 112.746 113.438 114.012 113.888 115.155 115.322 113.994 112.434 113.051 112.841 113.265 115.717 112.412 112.034 113.348 115.904 113.204 115.115 118.265 118.365 114.742 112.747 111.659 111.868 111.237 110.768 112.802 111.268
112.321 112.667 112.87 114.685 115.17 113.456 113.433 114.753 113.911 113.01 113.34 114.504 113.944 113.545 113.48 113.64 113.531 113.666 128.889 123.206 120.701 120.345 119.124 119.531 116.105 115.959 114.135 112.959 116.608 117.072 116.6 117.415 117.967 116.779 114.595 112.608 113.417 118.347 116.863 113.673 113.518 112.744 113.051 112.698 113.387 114.655 113.866 113.025 113.282 112.737 114.956 115.117 112.526 112.484 117.889 116.418 113.149 117.46 118.74 117.905 112.557 114.606 113.099 111.707 112.463 111.691 111.603 111.022 110.883 110.58 110.603
115.339 117.36 113.496 114.83 114.625 113.9 113.838 113.573 113.043 113.05 112.999 113.746 113.298 113.737 115.579 120.461 118.729 114.428 115.465 115.816 116.361 116.028 118.786 119.446 115.602 112.88 112.937 113.023 120.045 119.406 118.842 116.85 117.053 114.251 112.563 113.58 116.518 119.773 120.394 117.958 114.479 112.609 112.928 113.855 114.039 115.36 113.095 112.539 112.542 112.858 115.473 116.03 116.053 117.703 120.149 119.667 120.376 119.054 117.788 117.43 111.869 111.768 111.665 112.827 113.686 111.93 111.989 111.374 110.146 110.212 110.031
118.485 118.128 117.028 116.013 114.055 113.905 114.228 113.13 112.866 112.857 112.905 112.916 113.266 117.94 126.678 129.675 124.319 118.927 114.523 115.618 116.474 115.776 114.47 112.756 112.794 112.766 112.914 119.237 122.87 122.339 121.229 119.558 115.11 112.458 112.421 112.35 113.832 120.383 121.563 120.997 116.993 113.149 112.555 115.571 115.454 113.735 112.875 112.686 112.463 112.389 114.875 116.314 116.904 117.279 116.064 118.356 121.58 119.904 115.917 114.684 111.719 111.636 111.471 113.915 113.927 113.838 113.474 114.285 115.231 113.907 110.251
119.49 119.655 118.927 117.914 114.792 113.795 114.384 113.913 112.851 112.893 112.841 112.922 117.505 128.094 130.027 130.716 121.726 119.493 118.961 119.137 117.049 114.104 112.749 112.662 112.649 112.707 113.186 117.579 125.364 125.659 127.084 125.281 119.307 114.182 112.34 112.287 113.855 118.967 121.62 121.012 120.394 116.298 115.568 118.389 117.296 115.745 112.803 112.675 112.563 114.939 116.228 116.754 117.271 117.496 111.956 112.19 117.572 119.566 117.432 120.627 114.019 111.497 111.537 113.449 113.972 112.643 110.59 116.402 116.263 115.178 112.433
119.225 119.948 119.903 118.527 113.016 112.657 113.951 115.846 114.474 113.136 112.821 114.054 123.89 125.994 128.455 130.307 130.285 125.615 118.405 120.441 119.285 113.04 112.501 112.504 112.527 112.677 113.109 124.115 129.928 131.726 129.815 125.668 123.665 120.539 116.379 112.339 115.074 116.362 120.539 121.508 121.154 120.103 117.716 117.836 118.574 118.761 120.91 114.502 115.266 116.251 116.761 117.104 117.649 117.767 116.302 112.319 112.235 114.47 117.78 120.978 115.921 113.121 111.467 111.078 113.157 110.807 115.556 116.659 117.212 116.31 115.285
116.961 118.651 118.715 112.732 112.284 112.349 112.275 112.296 112.422 113.343 114.288 115.14 114.05 122.118 118.075 124.301 123.992 113.032 118.159 119.605 115.878 112.392 112.324 112.369 112.498 113.254 114.243 126.561 130.639 131.935 129.078 127.436 126.683 121.768 115.129 112.491 118.883 120.144 119.761 120.405 121.469 121.138 120.296 119.447 118.715 120.291 117.994 116.176 113.604 115.206 117.091 117.423 117.813 117.422 117.075 116.456 111.043 110.966 114.405 115.408 115.754 116.328 114.028 111.544 110.128 113.973 115.034 115.608 116.604 117.203 116.464
113.302 114.893 114.958 112.216 112.158 112.108 112.131 112.162 112.2 112.238 113.83 116.4 114.015 126.208 126.989 120.598 120.116 114.757 117.977 121.865 114.892 112.262 112.211 112.277 112.337 112.806 114.794 124.831 130.347 129.97 128.727 126.34 127.239 121.94 112.967 112.417 121.099 121.511 120.625 119.808 120.514 122.73 121.137 121.497 120.714 118.59 118.297 113.109 112.59 112.832 113.32 112.454 116.162 117.053 116.54 111.612 110.931 110.926 110.927 111.086 114.213 116.049 114.555 113.713 110.581 109.92 113.004 113.328 115.49 116.194 117.141
114.144 113.578 113.532 112.427 113.918 111.991 111.95 111.993 112.072 112.118 112.466 126.823 129.164 131.856 131.074 126.962 116.432 117.624 114.213 114.76 112.143 112.13 112.119 112.163 112.247 112.784 113.515 127.029 129.646 129.518 129.243 128.048 126.172 113.561 112.313 114.23 121.209 121.634 121.572 120.928 119.981 120.611 121.69 121.689 120.832 117.027 113.773 112.704 112.536 113.034 111.675 111.029 110.914 115.366 111.588 111.153 110.906 110.856 110.802 110.739 112.366 112.881 113.059 111.924 110.26 110.056 110.455 110.327 111.978 115.363 116.201
118.105 117.17 116.296 116.592 115.716 112.68 111.87 111.775 111.795 111.881 112.375 120.902 130.627 131.635 132.009 123.008 117.595 115.053 112.046 111.991 112.027 112.026 112.088 112.049 111.932 112.033 113.792 124.992 126.043 124.69 128.3 123.401 115.621 112.242 112.745 115.426 118.216 120.754 120.813 121.455 120.97 121.336 121.615 121.411 117.175 113.046 114.248 112.887 112.972 112.42 111.3 111.842 110.939 110.912 111.142 110.929 110.858 110.76 110.717 110.665 110.629 111.35 111.347 112.292 110.499 110.139 110.501 110.603 109.948 111.119 115.107
117.228 117.061 114.376 117.442 116.618 114.656 112.157 111.726 111.754 111.823 111.874 116.967 129.635 130.419 130.14 130.245 125.618 112.292 111.865 111.922 111.874 112 111.981 111.912 111.842 111.73 113.711 120.015 119.565 115.598 117.844 116.548 113.268 111.934 112.07 112.106 115.659 118.976 119.879 120.835 121.762 121.351 120.494 117.837 113.832 112.898 112.416 112.048 111.28 111.485 113.987 115.414 111.058 110.932 110.88 110.818 110.821 110.698 110.683 110.633 110.6 110.548 110.347 110.887 112.314 110.999 110.749 110.204 109.922 111.306 114.945
115.388 113.485 113.701 114.392 115.705 114.397 113.332 116.068 115.265 111.807 112.351 118.215 127.859 128.322 129.756 125.73 117.964 111.769 111.826 111.81 111.908 111.972 111.959 111.797 111.775 111.654 111.862 112.83 112.336 113.516 114.319 112.187 111.36 111.359 111.872 112.337 112.184 116.195 119.159 120.337 121.704 121.267 117.21 112.232 112.394 111.911 111.828 111.785 110.727 111.269 113.127 115.131 115.647 112.797 110.83 110.713 110.691 110.699 110.631 110.492 110.334 110.106 110.021 110.295 111.183 112.175 111.1 109.951 109.896 109.771 110.847
114.109 114.242 111.973 111.981 111.266 111.248 115.281 121.477 122.316 115.45 124.108 128.543 129.707 129.668 121.27 126.341 115.095 111.679 111.626 111.696 113.448 114.778 113.84 111.919 111.629 111.557 111.467 111.383 111.682 114.052 116.862 112.796 111.268 111.128 111.278 111.788 111.974 112.205 112.53 115.911 119.832 116.389 113.868 112.161 111.901 111.527 111.024 110.55 110.498 110.633 111.713 113.085 115.47 115.269 111.073 110.706 110.917 112.735 110.653 110.215 110.087 110.057 109.998 110.506 109.999 110.978 111.432 110.148 109.813 109.721 109.959
112.492 112.114 111.463 111.218 111.087 111.098 118.615 123.079 125.197 123.267 126.404 128.329 129.818 129.877 129.124 117.931 111.57 111.564 115.614 114.251 114.818 114.62 114.268 114.232 111.938 111.434 111.322 111.294 111.191 115.805 123.935 116.563 111.17 111.04 110.951 110.995 111.6 112.057 112.024 112.324 113.419 114.007 112.566 111.813 111.514 110.892 110.546 110.426 110.405 110.468 111.657 115.754 113.902 112.415 112.059 114.995 115.297 115.058 112.059 110.468 110.095 110.018 109.949 109.9 109.884 110.528 111.75 112.524 110.024 110.287 109.654
113.466 111.809 112.11 110.971 110.94 111.215 120.316 123.414 125.351 124.861 124.244 127.916 129.409 128.431 124.846 113.654 111.449 111.837 120.087 119.71 115.679 111.816 111.829 114.004 113.862 111.62 111.271 111.187 111.08 112.628 113.542 113.308 110.98 110.999 110.854 110.73 111.209 111.721 111.913 111.972 112.233 112.506 113.051 111.551 110.985 110.518 110.323 110.26 110.218 110.335 114.508 115.567 110.541 110.762 111.224 115.514 115.599 114.932 114.243 111.79 110.039 109.969 109.929 109.858 110.214 109.852 109.515 111.126 112.741 109.801 109.372
114.416 114.207 112.707 111.064 111.083 111.291 118.205 122.633 124.425 125.156 125.893 126.399 127.717 126.721 119.465 111.363 115.267 123.105 124.821 119.878 121.746 114.689 111.702 111.691 112.164 114.2 112.972 111.109 110.997 110.894 110.785 110.791 110.842 110.808 110.71 110.646 110.666 111.124 111.537 111.797 111.828 111.736 111.44 110.937 110.391 110.248 110.218 110.136 110.091 113.129 116.312 110.778 110.322 109.908 110.28 113.721 114.201 114.691 113.591 111.405 109.961 111.32 111.262 110.701 109.943 109.427 110.106 109.907 112.989 110.617 109.591
113.642 114.255 113.305 111.881 111.276 112.867 113.674 116.207 122.677 124.887 126.352 127.578 127.984 126.792 118.022 111.071 116.294 123.128 123.488 127.721 126.791 116.655 111.272 111.444 111.511 111.962 112.995 111.629 110.969 110.792 110.759 110.663 110.647 110.619 111.053 111.321 110.464 110.698 110.985 111.217 111.322 111.161 110.677 110.294 110.135 110.113 110.073 110.001 114.006 115.926 113.646 109.959 109.833 109.781 109.757 111.37 110.859 112.072 110.396 110.348 110.779 112.352 114.247 111.342 110.326 109.425 109.149 109.047 109.108 111.241 110.869
111.007 113.838 112.828 113.44 111.885 113.159 112.946 111.075 111.208 123.348 126.689 127.703 127.045 125.317 122.081 111.065 113.193 122.844 117.947 126.599 124.759 111.223 110.999 111.082 111.35 111.314 111.795 113.688 111.404 110.764 110.613 110.643 110.475 110.728 110.843 112.205 112.522 113.719 113.091 110.608 111.122 111.017 110.113 110.019 110.022 109.963 110.948 111.295 111.493 111.94 111.584 110.501 110.574 109.705 109.718 109.638 109.92 109.706 109.448 109.064 109.526 112.561 113.006 110.398 109.293 109.124 108.99 108.888 111.582 116.074 109.765
110.375 110.385 110.767 110.979 112.5 113.273 112.588 110.949 111.073 111.29 123.773 127.225 125.721 124.607 120.123 111.312 111.753 118.644 123.523 118.153 118.497 113.848 111.122 110.993 110.982 110.847 111.056 114.224 115.567 111.259 110.525 110.448 110.395 110.313 111.656 113.035 114.577 115.542 115.685 111.505 116.04 112.919 109.924 109.895 109.89 110.077 112.88 113.367 110.138 109.928 111.287 110.796 110.659 109.715 109.592 109.689 109.54 109.645 109.131 109.276 110.833 109.088 109.613 110.534 108.864 108.89 109.006 108.797 110.766 115.994 109.225
110.209 110.177 110.311 111.304 111.195 112.919 112.398 111.543 111.876 112.944 113.931 115.213 124.528 114.519 110.698 110.972 115.661 116.771 116.809 115.52 116.836 110.947 110.896 110.796 110.73 112.389 113.412 113.542 115.524 111.889 110.557 110.373 110.326 110.197 110.554 112.67 114.826 116.17 117.316 116.212 116.796 115.424 110.625 109.775 109.715 110.896 113.674 110.532 109.688 109.333 109.526 110.355 110.98 109.879 109.593 109.53 109.075 108.974 108.957 111.88 114.247 115.052 113.325 113.339 112.403 108.892 109.039 108.698 108.641 108.597 108.505
110.703 110.105 110.141 110.56 111.447 114.692 114.802 115.051 115.037 111.781 110.376 110.433 110.487 110.517 110.653 113.896 116.315 116.577 115.129 110.764 113.142 111.812 110.735 110.717 112.358 114.053 111.434 110.577 110.08 110.265 113.329 111.759 110.871 110.405 109.977 110.263 114.124 115.801 115.491 115.781 115.606 115.48 112.347 109.606 109.765 112.498 111.672 109.416 109.326 109.132 108.899 108.977 110.494 110.126 110.058 109.348 109.364 108.875 111.486 114.079 114.896 115.566 115.579 114.653 114.117 113.531 108.705 108.597 108.552 108.495 108.422
