dsm/se2735_DSM_2M.asc
ncols 500
nrows 500
xllcorner    427000
yllcorner    435000
cellsize     2
NODATA_value -9999
[rows 352 to 383 of 500, columns 0 to 71 of 500]
76.638 77.964 78.733 78.434 78.716 79.07 79.515 78.936 77.981 75.129 69.839 69.686 69.772 69.527 69.331 69.155 68.952 68.935 68.893 68.817 68.791 68.742 68.953 69.056 69.032 70.664 69.62 73.775 74.81 70.505 69.366 69.018 69.176 70.401 74.363 75.195 75.788 75.513 69.985 69.421 69.373 70.377 72.999 72.377 70.292 72.785 70.596 70.151 73.084 74.955 74.899 71.938 72.439 71.76 71.688 71.83 74.641 72.488 73.05 74.838 74.88 74.924 78.217 78.62 74.869 72.559 71.562 71.643 71.34 71.339 71.361 71.456
76.451 77.971 78.759 78.997 79.687 80.14 80.089 79.589 78.413 76.188 69.841 69.641 69.616 69.469 69.33 69.067 68.895 68.802 68.725 68.736 68.64 68.611 68.655 68.695 70.674 70.238 68.991 68.9 69.02 69.629 68.977 68.976 69.109 69.204 69.434 71.648 70.955 74.643 69.381 69.302 72.376 74.835 75.019 72.759 72.136 72.263 70.25 70.061 70.742 70.915 74.619 72.318 72.078 73.144 71.542 71.845 76.401 74.458 74.521 74.912 75.052 77.946 79.118 79.782 78.73 74.564 72.069 71.518 71.382 71.283 71.28 71.27
75.758 77.268 77.95 79.023 79.671 79.758 79.17 78.687 78.336 77.828 71.211 69.569 69.533 69.442 69.269 69.019 68.847 68.58 68.553 68.576 68.554 68.451 68.474 68.497 68.589 68.953 68.816 68.757 68.87 68.956 68.782 68.928 69.041 69.222 69.174 69.15 69.228 69.189 69.234 69.344 75.244 76.322 76.194 75.398 73.985 72.425 70.875 69.627 70.422 70.063 70.617 72.403 72.164 73.381 72.143 72.223 74.49 74.115 72.266 74.783 77.682 79.416 80.421 80.782 80.019 79.883 79.236 71.824 71.489 71.333 71.256 71.184
73.475 77.607 77.737 78.498 79.17 78.701 78.15 77.954 77.256 75.22 71.71 69.566 69.522 69.428 69.293 71.242 69.812 68.493 68.39 68.409 68.361 68.301 68.445 68.457 68.438 68.422 68.498 68.587 68.671 68.736 68.759 70.245 70.316 69.385 69.043 69.078 69.047 69.081 69.081 71.782 75.344 76.138 76.881 76.262 75.376 73.213 71.998 69.917 69.979 70.003 70.426 70.441 72.65 75.331 72.332 70.966 73.659 71.934 69.492 71.214 78.086 79.261 80.556 81.368 81.236 81.062 80.706 79.088 71.741 71.427 71.34 71.198
70.445 77.088 77.067 77.98 78.129 77.696 77.355 75.298 72.017 69.582 69.563 69.535 69.485 69.487 71.745 72.188 70.862 68.875 68.243 68.297 68.257 68.395 68.299 68.505 68.445 68.521 68.5 68.474 68.552 68.588 68.681 69.184 69.042 69.034 68.826 68.852 68.766 68.85 70.834 69.671 73.603 75.21 76.008 76.659 75.789 72.154 71.076 70.152 70.249 69.934 70.013 69.917 72.351 76.006 74.846 72.002 69.594 69.483 69.591 76.449 72.342 78.278 80.189 80.509 81.288 81.238 80.4 79.311 77.129 72.772 71.361 71.246
70.047 72.043 76.74 77.42 77.327 73.127 72.112 70.215 69.588 69.55 69.509 69.475 69.414 69.282 71.455 72.098 72.201 68.977 68.129 68.147 68.088 69.177 68.092 68.286 68.369 68.385 68.473 68.375 68.467 68.475 68.615 68.698 68.628 68.67 68.549 68.555 68.578 69.212 71.428 69.763 69.574 71.719 74.813 75.691 75.164 70.062 71.049 71.648 71.73 70.183 70.007 71.8 74.728 77.46 79.535 74.873 71.135 69.767 69.459 69.402 69.565 72.071 78.47 80.219 80.429 81.103 81.252 80.395 79.886 78.273 74.795 71.434
69.77 70.153 70.009 72.98 70.416 69.666 70.337 70.118 69.599 69.487 69.46 69.329 69.238 70.327 71.185 71.619 70.377 68.555 68.062 68.037 67.991 67.927 67.984 68.15 68.257 68.379 68.408 68.477 68.485 68.447 68.567 68.588 68.699 68.717 68.67 68.566 68.523 68.53 68.958 69.428 70.727 69.581 70.221 74.637 70.585 69.53 69.507 71.202 70.93 71.051 71.046 72.111 76.346 75.474 79.305 75.341 72.976 71.073 69.866 69.345 69.321 69.367 70.706 77.909 79.489 80.041 81.012 81.281 80.652 79.665 78.527 72.809
69.724 69.748 69.629 69.687 70.421 69.992 69.538 69.494 69.427 69.306 69.288 69.168 69.218 69.667 69.682 71.59 69.263 68.065 68.024 67.893 67.886 67.84 67.815 67.976 68.091 68.25 68.279 68.387 68.37 68.394 68.419 68.471 69.203 68.871 69.319 68.707 68.581 68.371 68.438 69.59 69.81 68.959 69.107 70.042 69.485 69.038 69.072 69.76 68.721 70.798 71.31 70.908 69.827 70.558 70.777 73.694 72.487 71.556 71.778 71.166 69.543 69.282 69.396 76.207 77.866 78.806 80.021 80.6 81.461 81.074 80.191 78.765
69.674 69.604 69.629 69.603 69.694 69.53 69.442 69.336 69.266 69.194 69.15 69.021 68.938 68.898 68.846 70.954 70.838 67.955 68.955 67.803 67.738 67.719 67.692 67.79 68.005 68.103 68.206 68.236 68.25 68.256 68.264 68.346 68.932 69.144 68.47 69.351 68.91 68.217 68.292 68.262 68.657 68.672 68.875 68.567 68.307 71.838 70.081 69.073 68.725 70.186 70.939 72.235 73.432 70.111 69.501 69.812 72.513 73.309 72.068 71.836 69.756 69.27 69.252 70.987 76.655 77.732 78.607 80.659 80.997 81.531 80.842 79.863
70.708 69.61 69.547 69.492 69.437 69.372 69.255 69.369 69.094 69.08 68.98 68.873 68.777 68.641 68.577 69.984 70.871 67.817 67.901 67.715 67.602 67.606 67.823 67.601 67.887 67.958 68.05 68.083 68.052 68.05 68.093 68.209 69.775 69.98 69.124 68.241 68.368 68.03 68.028 68.077 68.133 68.227 68.479 68.775 68.525 74.424 75.803 74.484 70.929 69.222 68.8 72.238 75.052 73.329 72.223 70.362 72.7 73.794 74.011 71.89 69.455 70.405 69.24 69.327 69.87 69.644 76.152 78.413 79.844 80.547 81.456 80.92
69.584 69.512 69.505 69.387 69.249 70.04 69.512 69.126 68.946 68.911 68.768 68.714 68.633 68.532 68.426 68.349 70.779 68.33 67.889 68.146 67.49 67.484 68.439 68.129 67.74 67.802 67.889 67.899 67.958 67.908 67.983 68.424 68.635 69.647 68.38 68.063 67.903 67.798 67.863 67.952 68.41 68.753 68.81 68.608 71.598 74.779 75.73 75.113 73.317 71.511 69.56 69.356 72.708 72.996 72.736 72.916 72.238 74.324 74.907 72.503 71.291 71.366 70.757 69.188 69.123 69.098 69.198 70.825 78.217 79.295 80.522 80.564
69.45 69.394 69.321 69.182 69.166 69.037 68.995 68.881 68.833 68.692 68.607 68.561 68.469 68.396 68.266 68.264 70.49 68.224 67.846 68.071 67.321 67.284 67.714 67.552 67.517 67.635 67.793 67.824 67.794 67.8 67.864 67.851 67.879 67.89 70.125 67.941 67.738 67.67 67.717 67.863 68.087 68.301 68.604 68.677 73.382 75.118 75.849 74.686 73.349 69.914 69.25 68.518 68.463 68.474 70.889 71.151 71.481 75.14 74.499 72.983 73.461 73.898 71.079 69.726 69.25 69.06 69.1 69.29 75.9 78.413 79.309 80.339
69.319 69.244 69.185 69.117 69.016 68.913 70.038 69 68.698 68.54 68.514 68.856 68.303 68.285 69.283 69.738 69.882 67.664 68.223 68.174 67.241 67.143 67.111 67.457 67.297 67.487 67.594 67.623 67.651 67.635 67.701 67.675 68.195 68.887 67.965 67.509 67.469 67.612 67.695 67.802 68.335 69.117 68.339 69.775 73.768 75.314 75.862 74.647 71.761 68.93 68.69 68.524 68.444 68.384 68.918 68.849 69.081 69.132 70.395 74.203 75.005 74.516 73.381 70.449 71.208 70.213 69.052 70.339 76.159 77.079 77.866 79.053
69.178 69.111 69.083 68.915 68.858 68.778 68.686 68.56 68.47 68.415 68.816 69.71 69.108 69.548 68.191 67.722 67.568 67.668 67.299 67.087 67.013 66.983 67.267 67.794 67.156 67.283 67.328 67.462 67.471 67.433 67.469 67.447 67.515 67.332 67.255 67.306 69.6 72.406 70.449 67.719 67.895 68.193 68.424 68.444 73.712 75.408 75.671 74.248 71.686 69.419 69.624 70.87 69.69 68.611 68.99 68.729 68.432 71.022 73.302 74.549 74.762 74.574 73.548 70.165 72.293 72.006 71.036 69.056 69.012 71.069 70.73 77.82
69.026 69.878 69.358 68.815 68.726 68.67 68.517 68.409 68.331 69.964 69.855 69.916 68.732 69.964 70.796 67.972 69.559 66.975 67.151 67.065 66.811 66.837 67.239 67.292 66.907 67.099 67.179 67.217 67.085 67.11 66.979 66.935 67.066 67.071 67.202 68.347 71.818 72.42 69.87 67.512 68.345 67.819 68.047 68.281 73.225 74.39 75.075 73.988 71.237 69.177 68.335 69.862 69.759 70.205 69.542 68.978 72.173 73.618 72.899 74.014 73.769 73.52 71.517 73.961 72.112 72.166 70.53 69.061 68.978 69.008 69.086 71.277
68.886 68.939 68.76 68.66 68.587 68.493 68.501 70.027 71.154 71.232 68.971 67.891 67.637 71.715 73.064 73.064 71.626 66.948 67.097 66.878 66.721 66.741 66.72 66.669 66.784 66.825 66.884 66.728 66.768 66.791 66.864 66.9 66.967 67.036 67.232 68.493 68.636 69.398 70.213 67.39 67.433 67.598 68.211 67.509 68.287 68.272 69.462 69.895 69.077 68.609 68.289 68.328 68.312 68.429 68.83 69.514 73.18 75.274 76.644 74.556 72.452 68.795 69.451 73.601 71.495 70.547 69.16 69.645 69.164 68.951 68.954 69.052
68.802 68.726 68.576 68.552 68.569 70.482 70.893 71.362 68.826 68.478 67.99 67.528 67.064 72.474 73.62 73.603 72.523 67.545 67.022 66.937 66.689 66.653 66.612 66.618 66.549 66.554 66.559 66.539 66.644 69.722 69.952 70.954 67.09 66.784 67.158 67.194 67.181 68.747 68.673 71.679 72.743 73.318 69.491 69.044 69.393 68.837 68.265 68.206 68.244 68.215 68.211 68.327 68.349 68.35 68.452 72.233 74.702 76.729 77.896 76.94 72.474 69.116 68.307 70.103 70.986 70.132 69.216 69.379 69.892 69.263 69.694 69.011
68.665 68.6 68.619 70.149 71.138 69.729 69.296 67.988 67.329 67.459 67.453 66.854 69.64 72.703 73.945 73.235 72.33 69.483 67.036 66.732 66.685 66.552 66.53 66.529 66.473 66.464 66.566 66.841 66.617 67.783 68.954 66.929 66.582 66.688 67.318 67.204 71.079 72.965 73.252 73.817 74.032 74.789 73.39 67.407 69.278 69.521 67.996 69.48 69.513 71.388 70.522 69.963 68.353 68.295 71.019 73.428 75.771 76.055 75.812 76.616 72.574 69.153 68.266 68.61 70.205 67.9 67.796 69.545 69.661 74.093 74.916 72.312
68.676 70.132 71.322 69.162 68.658 70.426 72.028 67.739 69.477 69.525 68.816 66.879 70.755 72.984 73.65 72.991 71.021 67.591 67.348 66.768 66.406 66.453 66.382 66.385 66.378 66.439 66.629 66.384 66.374 66.343 66.889 66.54 66.588 68.267 68.921 69.211 72.224 74.276 74.49 75.096 74.392 73.784 72.79 70.123 69.069 68.396 67.861 75.51 73.704 75.397 71.628 70.71 69.992 69.97 71.013 72.074 74.19 74.067 75.351 68.92 68.054 68.152 68.332 67.71 67.534 70.816 67.603 67.761 72.661 75.824 76.155 73.923
72.634 69.959 70.497 70.869 68.144 69.237 70.991 67.162 67.235 69.458 69.325 67.363 68.839 68.323 72.473 72.618 68.961 66.704 66.925 66.419 66.245 66.321 66.276 66.288 66.3 66.407 66.385 66.546 66.263 66.242 66.556 69.341 71.815 71.677 69.324 69.09 69.375 74.151 73.954 73.37 73.128 72.394 69.473 67.375 66.888 66.734 72.861 75.788 76.935 76.995 73.774 70.657 70.629 70.683 68.451 71.65 73.024 69.023 68.329 67.958 68.004 67.971 68.051 67.519 70.762 73.557 70.65 67.578 68.705 75.026 74.916 71.797
74.745 70.525 78.15 78.231 71.801 67.833 67.337 67.053 66.691 66.689 66.569 66.491 66.901 66.642 67.014 66.562 66.648 66.598 66.843 66.377 66.187 66.184 66.165 66.193 66.678 66.59 66.301 66.499 66.286 66.445 71.03 72.34 73.018 72.942 72.057 69.453 67.905 68.697 72.333 72.01 68.529 67.056 67.154 66.715 66.622 66.535 70.172 74.933 74.239 73.688 67.028 67.097 67.836 67.82 67.881 67.371 68.066 68.722 67.526 67.554 67.875 67.857 67.642 67.928 72.78 74.306 75.466 73.087 68.276 68.946 69.247 69.564
76.532 78.642 74.162 78.303 74.438 68.193 67.19 67.17 67 66.711 66.581 69.202 66.737 67.437 66.512 66.504 66.513 66.414 66.282 66.105 66.151 66.097 66.094 66.149 66.183 66.057 66.107 66.219 69.025 71.995 72.677 73.497 73.968 73.152 72.254 71.478 67.146 68.046 67.045 69.161 72.617 69 68.58 66.871 66.378 68.955 66.576 66.416 66.459 66.599 68.761 68.913 70.211 71.236 68.446 67.302 67.05 67.782 67.888 68.549 67.451 67.566 70.373 73.279 74.63 75.277 75.06 74.034 70.34 67.428 68.21 70.465
80.384 75.925 74.276 76.007 71.779 69.086 69.711 67.422 66.988 66.842 66.451 71.399 72.802 72.295 71.124 67.474 66.301 66.145 66.066 66.057 65.972 66.011 66 66.069 66.173 66.03 66.049 67.426 68.272 71.605 72.86 73.474 72.825 72.047 71.5 68.95 66.397 68.701 68.775 66.68 70.668 75.272 73.816 67.736 66.502 67.197 66.649 66.203 66.364 67.436 70.794 71.446 72.368 72.013 70.916 67.474 66.552 67.866 68.025 67.851 67.382 71.047 73.445 74.277 75.952 75.568 73.956 73.027 68.912 67.596 68.37 70.504
80.946 78.282 76.788 78.069 69.718 68.332 71.038 69.525 67.19 66.986 67.855 72.144 73.341 73.517 72.608 68.988 66.125 66.542 66.095 67.045 65.912 65.954 65.891 65.987 66.089 65.995 66.032 66.184 67.335 70.241 72.315 72.278 71.72 70.353 69.3 68.957 66.793 69.497 69.501 68.869 71.206 73.243 70.883 70.842 66.22 66.151 66.178 67.754 69.587 71.977 71.929 68.463 71.241 72.209 72.212 66.774 66.388 66.5 68.085 67.998 67.318 71.655 74.285 75.451 75.182 74.164 72.536 68.905 67.353 67.944 68.451 68.623
77.933 75.682 72.473 70.436 68.051 67.423 66.888 66.861 66.879 66.459 70.201 73.607 74.033 74.383 72.595 68.363 66.114 66.849 65.943 66.149 65.873 65.831 65.864 66.275 65.754 65.661 65.749 65.89 66.502 66.262 70.481 70.045 69.483 69.08 67.499 66.149 66.081 71.781 70.536 74.766 68.032 67.347 69.578 69.151 66.647 66.138 66.082 67.053 70.55 69.096 67.919 67.486 70.231 70.683 67.652 67.118 66.306 65.959 66.293 68.848 67.261 67.205 69.519 74.798 74.228 72.993 69.132 68.625 67.36 67.819 71.153 68.695
67.391 71.225 71.874 71.371 70.68 67.713 66.924 68.059 67.999 66.459 70.775 72.722 73.666 73.389 69.183 67.415 66.653 66.122 65.774 65.79 65.694 65.718 65.824 66.305 65.502 65.58 66.483 65.56 65.596 66.187 68.199 68.622 67.333 66.414 66.161 66.381 65.67 65.459 74.119 77.386 69.308 72.387 67.342 67.963 68.742 66.431 67.021 70.373 68.213 66.519 66.38 67.623 68.453 66.165 66.136 66.158 66.742 65.931 66.087 71.747 69.046 66.939 67.187 72.646 73.09 68.247 67.783 68.28 68.182 67.985 67.83 67.391
68.095 70.018 70.917 71.14 67.881 68.734 69.057 68.736 68.141 66.321 67.983 72.101 72.299 72.555 68.906 66.431 66.133 65.912 66.415 65.606 65.634 65.696 65.766 66.671 65.395 65.528 71.268 70.373 67.565 68.036 65.838 66.398 66.07 66.037 66.21 66.386 66.216 68.223 68.02 68.945 68.714 73.55 68.566 66.107 75.044 71.143 72.452 69.805 67.516 65.816 66.75 68.3 66.636 66.213 65.817 65.885 66.09 69.251 71.687 72.475 73.56 68.84 66.393 67.076 67.163 67.184 67.258 67.353 68.299 67.37 67.152 67.283
67.255 66.915 68.913 67.449 66.441 66.756 68.472 68.353 68.099 67.705 66.736 66.409 67.282 67.657 67.265 66.085 66.19 65.651 66.185 65.555 65.553 65.638 65.726 66.522 65.447 69.873 71.834 72.405 71.682 69.675 65.586 65.392 66.08 66.855 65.532 65.359 67.085 65.734 65.339 66.138 74.582 75.021 65.886 72.004 76.657 72.9 77.05 73.577 68.625 65.462 66.666 67.43 67.178 65.609 65.768 65.735 65.975 71.34 72.692 73.433 73.122 72.412 69.566 66.267 66.886 66.912 67.181 67.809 66.924 66.895 67.012 66.992
67.316 68.585 68.286 66.868 66.784 66.392 66.045 66.35 66.208 69.079 67.363 67.738 67.677 67.021 66.992 65.908 65.633 65.428 65.467 65.469 65.485 65.565 65.944 65.627 66.716 71.072 72.655 72.704 71.203 68.464 66.692 65.467 66.775 66.577 65.24 65.187 65.453 65.665 65.226 65.232 68.63 67.156 71.064 77.186 72.207 76.068 71.135 72.35 66.228 65.345 66.517 66.513 66.765 66.248 66.392 68.576 71.618 72.742 73.715 73.323 72.137 71.307 68.244 67.307 66.608 66.579 66.702 67.027 66.63 66.704 66.674 66.779
67.071 66.831 66.399 66.233 66.683 67.61 66.186 65.961 69.45 71.844 69.365 68.097 66.926 66.023 66.959 66.847 65.724 65.308 65.371 65.378 65.427 65.553 65.679 65.464 69.088 71.668 72.807 72.285 70.782 68.234 65.858 64.95 66.135 65.64 66.584 65.843 65.13 65.834 66.09 65.589 66.442 68.932 77.178 77.733 72.777 71.119 72.97 64.919 65.816 65.84 65.263 65.19 66.418 65.113 65.658 66.626 72.455 73.5 73.256 72.174 71.229 67.026 65.91 66.017 66.426 66.264 66.213 66.322 67.17 66.448 66.57 66.653
66.588 66.149 66.184 66.216 66.066 67.919 68.259 66.801 71.157 72.44 72.138 71.143 66.288 65.456 66.085 65.941 65.301 65.237 65.303 65.338 65.314 65.462 65.884 65.41 70.203 71.751 72.331 71.59 69.222 66.606 65.767 65.334 65.172 64.639 64.595 64.957 65.873 65.479 66.024 65.383 65.135 67.342 72.787 75.251 69.561 67 65.221 64.794 64.825 65.293 66.067 65.054 65.842 65.171 65.066 65.79 66.924 72.692 72.171 71.216 67.126 66.644 65.918 65.899 65.964 65.963 65.978 66.037 66.205 66.267 66.419 66.519
66.365 65.983 66.245 66.688 67.061 68.339 69.998 71.655 73.512 73.249 72.186 71.261 67.057 65.374 65.326 65.321 65.115 65.182 65.219 66.194 65.41 65.25 65.242 65.192 66.089 69.751 71.262 70.909 68.648 65.996 64.975 64.992 64.919 65.172 65.288 64.496 64.507 64.801 64.905 66.552 66.747 66.868 66.151 66.4 66.815 67.283 65.732 64.613 64.689 64.73 66.818 65.027 64.906 70.102 69.288 64.847 65.331 66.613 71 66.868 65.531 67.162 66.244 65.94 65.868 65.809 65.805 65.954 66.034 66.192 66.238 66.408
