dsm/se2733_DSM_2M.asc
ncols 500
nrows 500
xllcorner    427000
yllcorner    433000
cellsize     2
NODATA_value -9999
[rows 32 to 63 of 500, columns 288 to 359 of 500]
41.807 41.355 41.195 41.334 41.318 41.394 41.607 41.7 41.624 41.669 41.629 45.491 47.857 47.297 47.259 47.254 47.209 47.182 47.068 47.07 47.857 48.213 48.342 47.578 47.768 45.21 45.31 45.259 45.317 44.801 44.357 42.965 42.728 42.693 42.696 42.69 42.666 42.665 42.694 42.631 42.625 42.596 42.577 42.547 43.398 43.225 42.93 42.869 42.512 42.569 42.607 42.679 42.811 42.549 42.594 42.668 44.239 47.273 48.046 48.38 48.74 48.824 48.963 56.823 58.474 59.189 58.063 56.604 55.252 55.118 49.817 50.174
42.124 41.755 41.394 41.272 41.33 41.492 41.546 41.716 41.678 41.575 45.521 46.856 47.294 47.253 47.278 47.243 47.267 47.221 47.289 48.176 46.687 48.394 47.968 50.249 50.192 45.711 47.456 47.042 44.846 44.333 42.909 42.708 42.682 42.723 42.682 42.653 42.665 42.686 42.635 42.642 42.624 42.595 42.58 42.561 42.512 42.643 42.973 42.486 42.68 42.462 42.542 42.589 42.748 42.729 42.616 42.624 42.636 45.888 47.543 48.382 48.861 48.863 55.326 57.463 58.654 59.139 57.851 56.66 55.238 54.463 53.998 54.086
42.232 41.687 41.686 41.625 41.423 41.313 41.596 43.215 44.059 47.667 47.496 47.273 47.277 47.299 47.304 47.299 47.319 47.352 48.016 48.176 46.367 47.839 48.594 50.696 49.315 49.148 47.494 45.312 43.853 42.806 42.661 42.687 42.668 42.68 42.665 42.665 42.878 42.79 42.616 42.658 42.61 42.61 42.596 42.563 42.877 43.258 42.74 42.486 42.636 42.454 42.507 42.506 42.474 42.543 42.537 42.592 42.683 43.946 45.786 48.644 48.92 48.911 55.319 57.344 58.748 58.991 57.676 56.244 55.18 54.198 52.765 52.668
46.608 44.352 41.775 41.745 41.69 41.67 42.22 42.871 48.304 47.476 47.271 47.288 47.333 47.318 47.27 47.27 48.099 48.333 48.204 47.955 46.317 44.995 47.7 49.527 48.994 49.109 49.855 46.666 43.621 42.655 42.627 42.631 42.661 42.661 42.686 42.721 43.672 42.864 42.626 42.631 42.653 42.61 42.589 42.61 43.018 42.964 42.562 42.505 42.447 43.614 44.256 43.024 42.527 42.546 42.466 42.582 42.699 45.37 47.59 49.818 48.959 49.137 56.05 57.581 58.944 58.756 57.285 55.97 55.178 52.188 56.575 55.654
51.181 50.298 46.496 41.892 41.635 41.565 41.661 46.497 47.335 47.229 47.217 47.272 47.288 47.231 47.303 47.303 44.775 47.921 46.256 45.552 43.277 45.149 46.826 48.633 48.879 48.158 48.977 47.351 43.006 42.628 42.625 42.62 42.661 42.677 42.666 43.025 42.956 42.772 42.644 42.64 42.681 42.629 42.611 42.863 43.583 43.454 42.569 42.711 42.625 42.509 43.515 44.656 42.801 42.809 42.474 42.581 42.639 42.894 47.198 49.09 48.962 49.093 56.649 57.821 59.039 58.5 57.424 55.634 55.234 55.742 57.722 56.364
51.812 49.115 46.86 45.906 45.221 42.139 45.732 47.299 47.252 47.263 47.291 47.249 47.247 47.319 47.328 45.846 47.336 42.854 42.256 42.851 42.186 44.935 46.209 47.376 48.228 44.973 47.095 43.873 42.784 42.59 42.609 42.603 42.609 42.861 43.128 42.98 42.642 42.634 42.639 42.641 42.648 42.629 42.697 43.36 42.778 43.19 42.711 42.438 42.525 43.926 43.819 42.963 42.775 42.438 42.461 42.524 42.636 43.966 47.376 48.979 49.093 49.39 56.54 57.448 57.665 57.807 56.954 55.537 55.222 54.947 55.819 55.438
51.048 47.756 47.329 47.246 49.258 47.175 47.274 47.199 47.231 47.3 47.266 47.287 47.359 48.238 48.429 48.031 41.68 41.581 41.637 41.491 41.563 41.844 46.878 46.683 47.11 45.101 44.022 43.012 42.616 42.591 42.552 42.596 42.818 43.92 45.135 43.114 42.632 42.599 42.621 42.633 42.625 42.641 42.675 42.598 42.311 42.451 42.349 42.327 42.335 42.816 44.743 42.987 42.531 42.461 42.412 42.491 42.599 42.809 47.346 49.263 49.323 50.427 54.907 54.911 55.11 55.287 55.927 55.646 55.791 55.55 56.147 55.298
47.626 47.214 47.202 47.201 47.227 47.174 47.255 47.214 47.232 47.24 47.253 47.354 48.398 48.079 44.847 42.252 41.561 41.584 41.554 41.592 41.5 41.593 44.07 46.977 44.825 43.511 43.396 42.71 42.598 42.542 42.528 42.561 42.604 43.004 43.149 42.628 42.625 42.627 42.597 42.638 42.621 42.992 43.529 42.374 42.245 42.225 42.239 42.287 42.279 42.308 42.647 42.431 42.71 42.465 42.382 42.479 42.572 42.711 46.1 49.241 49.576 50.824 54.748 54.896 54.916 54.882 54.963 55.31 55.659 55.498 55.341 55.53
47.22 47.152 47.101 47.107 47.099 47.189 47.241 47.247 47.225 47.235 47.361 44.252 45.733 43.357 41.525 41.877 42.684 41.367 41.642 41.611 41.599 41.56 41.669 43.089 43.331 43.294 42.84 42.644 42.617 42.546 42.536 42.475 42.619 42.585 42.599 42.608 42.613 42.643 42.631 42.623 42.657 42.886 42.474 42.245 42.128 42.132 42.208 42.215 42.226 42.303 42.317 42.293 42.759 42.331 42.385 42.418 42.52 42.558 45.431 49.269 49.985 50.047 51.92 54.178 55.005 55.386 54.874 54.896 55.047 52.879 53.401 55.291
47.162 47.109 47.192 47.147 47.124 47.247 47.206 47.177 47.193 47.491 43.8 46.163 42.416 41.556 41.447 41.584 42.056 43.683 42.961 41.657 41.57 41.544 41.643 41.72 41.882 43.113 42.831 42.737 42.675 42.618 42.516 42.516 42.55 42.523 42.548 42.601 42.604 43.833 43.691 42.838 43.008 42.797 42.532 42.407 42.145 42.117 42.141 42.168 42.217 42.22 42.274 42.276 42.336 42.333 42.348 42.42 42.464 42.595 45.411 48.729 50.535 53.488 53.384 55.831 57.879 58.89 57.372 55.49 54.003 52.82 52.604 52.723
47.228 47.154 47.105 47.13 47.202 47.143 47.175 47.531 49.763 50.672 48.557 48.89 43.992 41.573 41.581 41.505 41.268 43.079 43.768 42.123 41.311 41.496 41.544 41.599 41.631 41.606 42.419 42.807 42.734 42.665 42.65 42.552 42.514 42.511 42.543 42.548 42.525 42.571 42.614 42.891 42.924 42.517 42.302 42.289 42.007 42.025 42.095 42.091 42.114 42.191 42.205 42.235 42.224 42.267 42.353 42.34 42.413 42.555 44.062 48.047 50.558 51.914 53.699 56.046 58.822 58.419 59.74 58.19 52.755 52.697 52.582 52.665
47.126 47.123 47.201 47.143 47.155 47.112 47.218 47.501 58.959 52.61 49.04 49.156 46.41 43.094 41.617 41.533 41.545 41.397 41.621 41.358 41.261 41.587 41.375 41.586 41.543 41.711 41.656 42.277 42.594 42.764 42.719 42.613 42.554 42.444 42.452 42.487 42.49 42.525 42.727 42.915 42.665 42.479 42.334 41.914 41.927 41.981 42.053 42.072 42.098 42.121 42.152 42.176 42.206 42.259 42.252 42.313 42.403 42.507 42.72 47.068 49.197 52.29 51.679 53.064 57.518 58.878 59.694 59.851 54.122 52.804 52.612 54.893
47.135 47.207 47.729 47.188 47.117 47.206 53.522 58.043 61.756 60.596 58.945 50.37 49.205 47.814 43.449 41.761 41.545 43.715 41.541 41.64 41.276 42.143 41.671 41.351 41.545 41.562 41.554 41.563 41.848 42.618 43.339 42.748 42.633 42.596 42.589 42.44 42.459 42.553 42.782 42.673 42.582 42.38 42.014 41.901 41.874 41.896 41.972 42.035 42.053 42.083 42.081 42.139 42.144 42.288 42.255 42.308 42.372 42.448 42.577 45.433 46.942 53.69 51.785 51.86 54.848 55.44 57.431 56.888 56.266 55.514 53.694 52.73
47.204 47.239 47.202 47.097 47.135 53.453 59.259 59.955 60.799 61.497 61.87 61.254 55.469 49.423 48.742 44.594 42.989 41.651 41.594 41.479 41.33 41.239 41.424 41.275 41.322 41.484 41.511 41.517 41.628 41.749 41.865 42.815 42.79 42.666 42.797 42.681 42.479 42.666 42.564 42.252 42.128 42.213 42.022 41.936 41.902 41.839 41.894 41.92 42.002 42.051 42.069 42.071 42.129 42.208 42.257 42.247 42.334 42.387 42.448 43.039 45.55 48.159 49.621 51.414 52.355 57.115 57.179 57.144 56.445 57.416 56.689 52.925
47.218 47.222 47.102 47.105 53.551 59.363 59.914 60.939 61.595 61.836 54.724 60.322 58.09 56.017 51.032 49.323 49.238 43.561 41.676 41.54 41.63 41.45 41.421 41.308 41.3 41.37 41.422 41.561 41.525 41.594 41.625 41.64 43.048 43.231 43.469 43.228 43.051 43.115 42.577 42.298 42.21 42.13 42.062 42.017 41.957 41.934 41.88 41.878 41.922 41.946 41.997 42.042 42.165 42.167 42.18 42.222 42.294 42.314 42.382 42.462 42.654 46.978 49.551 50.749 51.247 53.203 52.982 53.382 56.3 54.52 56.838 53.931
47.218 47.113 47.333 57.576 59.258 60.286 61.01 61.702 61.857 61.039 60.441 59.619 58.942 56.705 54.017 53.029 53.267 50.815 47.579 42.347 41.596 41.463 41.585 41.441 41.264 41.31 42.831 41.34 41.556 41.486 41.536 41.529 41.869 45.842 42.901 43.241 43.189 43.026 42.514 42.386 42.28 42.181 42.104 42.082 42.025 41.999 42.253 42.233 41.852 41.89 41.95 42.017 42.071 42.082 42.141 42.183 42.2 42.259 42.346 42.429 42.463 43.139 46.243 49.906 49.813 51.735 51.762 53.545 54.527 56.434 56.393 58.321
47.14 47.157 55.609 59.407 60.187 61.007 61.879 61.786 61.108 60.429 59.494 55.817 51.041 54.879 56.394 57.738 56.083 52.264 50.706 48.026 44.028 41.688 41.63 41.568 41.488 44.042 44.653 41.72 42.253 41.396 41.524 41.546 41.564 41.562 41.754 42.493 43.247 43.17 43.135 42.471 42.3 42.25 42.227 42.164 42.098 42.074 42.7 42.095 41.888 41.841 41.904 41.911 41.985 42.024 42.066 42.096 42.211 42.264 42.288 42.269 42.45 42.409 43.47 47.606 49.634 50.888 51.459 51.68 52.767 55.562 56.557 58.577
47.232 53.57 59.587 60.28 60.986 61.911 61.79 60.912 60.178 59.381 55.74 52.933 51.743 51.92 58.515 59.567 60.228 58.663 50.812 52.543 50.21 51.207 42.292 41.543 41.515 41.57 42.78 41.215 41.21 41.176 41.472 41.507 41.506 41.514 41.552 41.746 42.855 43.774 42.784 42.391 42.369 42.298 42.282 42.264 42.187 42.164 42.098 42.05 42.008 41.927 41.911 41.891 41.934 42.01 41.984 42.059 42.194 42.257 42.251 42.278 42.29 42.279 42.414 45.525 47.65 49.315 49.632 50.627 55.332 56.209 54.123 57.34
57.845 59.435 60.325 61.092 61.788 62.187 61.118 59.987 59.076 53.062 52.895 52.841 50.525 57.777 59.772 60.257 61.279 60.096 62.645 58.704 52.486 55.492 49.586 45.05 41.686 41.581 41.55 41.432 41.215 41.257 41.126 41.209 41.458 41.515 41.456 41.471 41.644 42.071 42.511 42.407 42.401 42.357 42.303 42.301 42.248 42.23 42.157 42.126 42.111 42.022 41.982 41.906 41.874 41.899 41.898 41.955 42.739 42.794 42.188 42.159 42.196 42.201 42.218 42.271 44.115 47.222 48.156 49.16 52.864 55.375 53.562 52.955
60.152 60.453 61.293 61.703 62.68 62.489 60.687 59.361 58.612 55.225 51.538 50.761 57.404 59.593 60.47 61.238 62.01 62.879 62.419 60.851 54.389 54.724 51.661 50.7 45.045 42.219 41.587 41.528 41.528 41.286 41.165 41.226 41.177 41.54 41.525 41.536 41.584 41.764 41.834 42.422 42.341 42.444 42.35 42.326 42.341 42.294 42.208 42.188 42.127 42.105 42.049 41.995 41.941 41.903 41.88 42.445 42.522 42.771 42.129 42.075 42.147 42.146 42.179 42.216 42.486 43.906 47.664 49.697 49.549 50.547 51.562 53.126
61.041 61.219 61.976 61.654 62.016 62.812 62.645 58.845 59.287 58.627 54.982 60.517 60.204 60.568 61.159 62.012 62.609 62.521 61.652 61.107 60.174 58.202 55.95 52.993 52.235 49.668 43.355 41.717 41.562 41.49 41.33 41.246 41.25 41.258 41.383 41.472 41.479 41.525 41.602 43.769 44.754 43.39 42.426 42.387 42.359 42.297 42.362 42.251 42.223 42.145 42.088 42.032 42.009 41.981 42.192 42.75 42.93 42.287 42.011 42.047 42.041 42.071 42.124 42.157 42.21 42.298 47.229 49.045 49.342 50.309 51.567 52.344
61.043 61.958 61.799 60.789 60.138 61.76 58.259 56.858 59.151 58.962 63.471 64.691 63.116 62.106 62.102 62.854 62.574 61.686 61.036 60.328 60.305 59.858 57.781 55.287 55.38 52.933 51.309 45.513 42.804 41.845 41.517 41.488 41.305 41.299 41.243 41.35 41.492 41.464 41.484 42.039 45.577 45.345 44.272 42.52 42.44 42.41 42.609 42.318 42.265 42.209 42.176 42.106 42.102 42.107 42.464 43.469 42.805 42.052 41.997 41.97 41.975 42.025 42.03 42.071 42.132 42.186 42.977 46.147 48.172 49.98 52.234 50.382
53.941 59.058 60.769 59.843 59.265 56.833 56.393 56.429 58.083 59.084 59.995 62.376 62.916 62.767 62.799 62.304 61.395 60.778 59.966 59.127 59.765 60.358 60.007 59.264 57.233 52.978 52.669 56.579 53.86 44.222 41.97 41.507 41.562 41.467 42.181 41.472 42.271 41.491 41.469 41.523 41.825 41.674 42.247 43.209 44.725 44.138 42.415 42.355 42.323 42.236 42.239 42.202 42.184 42.11 42.455 42.925 42.105 42.004 41.965 41.935 41.968 41.948 42.017 42.036 42.13 42.109 42.138 43.008 46.531 47.819 48.34 48.681
48.412 51.686 59.659 59.086 57.74 56.454 56.453 57.572 59.1 59.897 60.746 61.624 62.46 63.031 61.977 61.583 60.539 59.741 58.982 54.149 58.403 59.677 60.322 60.216 59.422 53.778 52.494 57.561 58.047 52.783 54.313 42.376 41.75 41.482 41.714 42.577 41.343 41.256 41.42 41.481 41.541 41.49 41.528 42.191 45.154 44.149 42.473 42.418 42.336 42.328 42.288 42.23 42.221 42.267 42.197 42.196 42.113 42.024 41.971 41.985 41.949 41.927 41.976 41.986 42.024 42.036 42.09 42.132 42.839 46.565 47.231 47.693
48.32 48.441 54.542 58.137 57.855 57.169 57.441 59.215 59.927 60.617 61.45 62.594 63.065 62.238 61.337 60.565 59.84 57.913 52.511 51.972 59.05 59.451 59.729 60.142 60.224 59.617 56.459 57.583 57.556 58.96 56.46 56.38 50.904 42.101 41.584 41.555 41.492 41.358 41.194 41.281 41.439 41.461 41.437 41.438 43.326 46.004 42.903 42.348 42.422 42.372 42.35 42.317 42.258 42.239 42.189 42.205 42.134 42.092 42.071 42.061 41.947 41.907 41.961 41.949 41.983 41.999 42.022 42.06 42.118 42.135 45.649 46.805
48.472 48.569 48.624 54.34 58.226 57.852 59.29 60.249 60.84 61.716 62.47 62.893 62.337 61.229 60.635 59.717 58.869 54.518 54.346 56.385 58.149 59.209 59.21 59.651 60.219 60.264 59.646 58.341 54.145 54.405 57.856 54.424 51.667 49.436 42.338 41.51 41.593 41.473 41.372 41.24 41.193 41.464 41.485 41.44 41.463 42.321 42.916 42.285 42.332 42.747 42.398 42.355 43.086 42.51 42.257 42.225 42.235 42.185 42.144 42.091 42.069 42.015 41.935 41.927 41.949 41.958 41.948 41.969 41.999 42.064 42.104 42.815
48.482 48.623 48.735 48.758 51.749 59.09 60.075 60.85 61.633 62.344 62.697 62.321 61.296 60.647 59.672 58.897 52.793 54.401 54.759 55.509 56.388 58.027 59.296 59.105 59.418 59.945 60.275 59.84 58.983 56.637 56.744 56.687 57.608 56.474 49.96 45.339 41.72 41.495 41.434 41.357 41.346 41.275 41.199 41.41 41.446 41.471 41.406 43.784 42.102 42.834 42.605 42.612 42.837 42.571 42.386 42.279 42.249 42.227 42.184 42.155 42.121 42.07 42.052 41.968 41.939 41.953 41.989 41.934 42 41.982 42.05 42.042
48.568 48.698 48.729 48.775 48.828 57.597 60.841 61.75 62.655 62.837 62.123 61.32 60.271 59.706 57.942 53.457 53.648 54.667 54.453 54.854 55.554 56.444 57.586 59.311 59.327 59.228 59.88 60.415 60.015 58.545 54.516 54.471 58.049 59.951 57.734 55.21 45.042 42.691 41.551 41.489 41.463 41.277 41.143 41.182 41.34 41.481 41.398 41.381 41.688 43.506 44.544 43.198 44.024 42.592 42.351 42.327 42.287 42.301 42.212 42.203 42.177 42.148 42.146 42.056 42.081 41.895 41.957 41.974 41.935 41.931 41.957 41.966
48.596 48.734 48.748 48.852 48.815 49.26 61.096 62.53 62.851 61.865 61.023 60.324 59.515 58.772 56.051 52.998 52.798 52.899 54.054 54.455 54.951 55.823 56.738 58.366 59.402 58.934 59.209 59.694 60.304 60.037 59.262 55.097 58.605 61.368 60.9 58.514 54.977 51.655 43.563 41.696 41.545 41.498 41.364 41.206 41.309 41.359 41.462 41.4 41.492 41.852 44.027 44.454 45.348 44.023 42.447 42.358 42.315 42.3 42.288 42.256 42.24 42.196 42.151 42.11 42.066 42.031 41.99 41.92 41.934 41.921 41.889 41.937
48.634 48.713 48.775 48.881 51.482 52.594 52.731 60.818 62.006 61.134 60.288 59.525 58.84 56.594 57.043 56.89 52.835 52.826 53.164 54.169 60.544 58.11 55.756 56.536 58.767 59.38 59.069 58.954 59.831 60.385 59.039 55.47 58.022 60.338 59.981 59.27 61.012 56.339 52.273 47.039 42.659 47.629 41.666 41.423 41.251 41.312 41.517 41.415 41.418 41.403 41.524 43.689 42.949 44.511 43.976 42.572 42.397 42.359 42.319 42.305 42.279 42.217 42.152 42.146 42.122 42.073 42.016 41.956 41.912 41.886 41.863 41.836
48.765 48.831 48.963 52.079 52.502 52.524 52.58 54.256 59.558 60.466 59.486 60.018 56.752 57.071 57.395 56.747 55.65 52.779 52.871 53.13 52.263 56.132 55.506 55.819 56.436 58.543 59.3 59.086 58.983 57.424 55.623 55.842 55.776 58.334 59.469 61.709 60.084 54.938 59.208 50.185 51.417 45.725 47.928 41.802 41.488 41.498 41.197 41.187 41.428 41.394 41.402 41.476 41.682 43.64 44.024 43.745 42.885 42.418 42.374 42.335 42.307 42.33 42.253 42.215 42.199 42.119 42.082 42.041 41.959 41.892 41.85 41.843
48.834 48.879 49.691 51.838 52.591 52.544 52.608 52.538 53.381 59.239 61.703 61.477 57.934 57.432 56.79 56.283 55.691 52.689 52.673 52.999 57.14 56.995 55.89 55.344 55.758 56.916 58.863 59.533 62.499 57.368 56.09 55.848 55.872 58.474 60.942 62.026 60.208 55.868 55.203 50.446 54.049 53.807 49.45 43.011 41.564 41.457 41.429 41.347 41.189 41.264 41.362 41.346 41.349 42.229 41.614 43.663 45.255 43.354 42.397 42.38 42.38 42.283 42.303 42.312 42.206 42.153 42.102 42.064 41.972 41.932 41.926 41.786
