dsm/se2733_DSM_2M.asc
ncols 500
nrows 500
xllcorner    427000
yllcorner    433000
cellsize     2
NODATA_value -9999
[rows 288 to 319 of 500, columns 144 to 215 of 500]
77.658 77.447 77.475 77.476 77.495 77.597 78.267 77.707 77.735 77.704 77.707 77.726 77.777 77.745 77.746 77.82 77.835 77.865 77.844 77.874 77.881 77.932 77.872 77.885 77.997 78.038 78.18 78.101 78.454 78.194 78.334 78.357 78.201 77.824 78.434 77.366 78.878 83.993 83.574 84.689 85.128 86.9 87.049 87.525 88.797 88.575 87.149 80.813 78.489 78.385 78.444 78.518 80.271 79.533 85.724 86.694 87.001 86.147 81.147 79.452 78.897 78.984 79.109 79.525 80.013 80.083 79.557 85.958 87.522 88.213 88.206 86.09
77.922 77.607 77.549 77.542 77.543 77.672 77.688 77.718 77.674 77.745 77.741 77.776 77.759 77.866 77.838 77.825 77.924 77.915 77.978 78.036 78.125 81.794 79.573 84.727 79.458 78.488 78.468 78.311 78.514 78.292 77.906 79.993 82.11 83.864 85.849 87.545 87.597 87.43 88.191 88.156 88.273 88.829 88.626 88.948 89.215 89.189 89.075 78.838 78.47 78.58 78.562 78.637 79.662 79.591 86.296 87.289 87.539 86.375 84.885 79.385 79.176 79.166 79.267 79.199 79.296 81.396 80.513 84.157 86.9 88.323 87.742 85.162
79.156 77.688 77.646 77.647 77.686 77.699 77.72 77.749 77.723 77.762 77.777 77.827 77.89 77.923 77.986 78.038 80.573 82.317 80.856 78.723 78.391 82.665 85.624 85.649 79.386 78.724 83.292 84.236 86.039 86.25 87.05 87.394 87.893 88.306 88.093 88.289 88.805 88.729 89.005 89.244 89.1 89.091 88.757 88.73 88.573 88.678 88.523 81.353 78.602 78.687 78.658 78.66 80.033 80.525 85.814 86.837 87.83 86.69 84.647 80.491 79.536 79.194 79.337 79.394 79.472 82.567 80.356 84.048 87.054 88.179 88.713 86.848
78.733 78.227 78.196 77.749 77.709 77.734 77.845 77.856 77.952 78.057 80.607 82.295 82.997 78.619 78.441 79.194 85.41 85.657 81.304 78.491 79.015 84.664 85.568 86.018 85.653 86.907 87.602 87.639 87.833 88.058 88.376 88.569 88.958 88.963 89.121 89.151 89.078 88.747 88.476 88.565 88.001 89.522 88.405 87.536 88.272 88.498 88.294 82.846 78.738 78.804 78.834 79.783 79.311 79.26 85.463 87.025 87.742 86.932 85.74 79.704 79.561 79.433 79.579 79.554 79.547 80.042 80.5 83.654 87.087 88.497 88.666 87.258
78.324 77.984 78.945 77.88 77.851 78.043 79.302 78.198 79.296 78.385 85.3 85.786 81.018 78.68 78.712 79.383 85.286 85.957 85.022 84.987 87.641 87.658 87.141 87.206 87.698 87.534 88.441 89.007 88.993 89.111 89.044 88.856 88.608 88.745 88.251 87.971 88.265 87.636 87.564 88.2 87.303 86.627 84.858 83.69 82.152 81.262 80.455 79.562 78.864 78.896 78.91 80.335 79.226 79.593 83.607 87.049 87.613 87.155 86.214 81.975 79.929 79.576 79.636 79.675 79.704 79.866 80.248 80.25 86.983 88.515 88.673 88.64
78.503 78.369 78.633 78.154 78.71 85.113 83.96 78.658 78.453 78.731 85.686 86.223 87.741 86.352 86.09 88.017 87.142 87.071 87.339 87.298 88.374 88.087 88.113 88.042 87.984 88.013 89.334 88.804 88.202 88.863 88.42 87.803 87.343 87.906 87.133 86.668 87.541 84.909 80.872 81.841 79.744 79.285 79.791 79.098 79.3 79.303 79.203 79.184 78.88 78.943 79.047 79.198 79.192 79.681 83.879 86.823 88.673 87.882 86.962 82.204 79.939 79.776 79.803 79.841 79.927 79.928 80.51 80.854 86.735 88.042 88.83 88.264
78.55 78.256 78.028 78.016 78.001 83.212 86.137 85.651 87.342 87.785 87.206 86.989 87.751 88.064 87.715 88.037 88.035 88.067 88.138 88.087 88.185 88.077 88.082 87.686 87.192 87.722 87.361 88.386 87.384 86.87 87.211 82.754 82.775 81.75 79.313 79.132 79.815 79.148 80.056 79.531 79.089 79.035 79.127 78.968 78.989 78.923 78.94 78.959 79.088 79.08 79.151 79.842 79.46 81.475 84.168 86.992 87.975 88.03 87.112 83.428 80.505 79.906 79.889 79.963 80.051 80.094 80.479 80.56 86.725 88.152 88.874 87.94
78.519 78.412 78.08 78.099 78.19 82.919 87.012 87.335 88.74 87.976 87.898 88.004 88.226 88.229 88.35 88.048 88.043 87.753 87.266 87.133 87.437 86.709 87.79 86.372 86.202 86.074 81.464 83.758 80.748 78.956 79.722 79.39 78.983 79.545 79.089 78.921 79.021 78.906 79.629 79.214 78.947 79.969 79.365 78.936 79.013 79.048 79.09 79.112 79.119 79.188 79.216 79.933 79.687 80.318 80.197 85.883 87.882 88.315 87.193 82.164 80.231 80.064 80.064 80.141 80.181 80.131 80.731 80.632 86.307 83.001 83.184 81.716
78.576 78.571 78.329 78.172 78.174 79.481 87.988 88.142 88.095 87.914 87.929 87.827 87.995 87.948 88.068 87.954 87.877 86.961 82.361 85.721 81.015 80.292 78.969 79.023 78.946 79.444 79.16 79.474 78.924 78.968 78.957 78.881 78.802 78.8 78.825 79.489 79.97 78.908 79.492 79.058 78.968 78.948 79.062 79.157 79.093 79.276 80.172 80.173 79.29 79.372 79.399 79.579 79.473 79.896 79.947 85.814 87.884 88.367 87.662 85.475 80.8 80.433 80.22 80.223 80.339 80.325 80.531 80.636 80.864 80.798 80.721 82.014
78.678 78.571 78.435 78.273 78.301 78.477 86.234 87.391 87.343 87.176 87.791 86.793 87.771 83.325 85.932 81.439 80.174 79.864 78.97 78.963 79.102 79.012 79.013 78.834 78.85 78.823 78.782 78.752 78.76 78.796 78.767 78.771 78.805 78.854 78.868 78.949 78.941 78.992 79 79.079 79.264 79.761 80.239 79.187 79.151 79.286 79.919 79.456 79.432 79.367 79.416 79.461 79.489 80.813 81.542 86.435 87.541 88.816 88.024 86.841 81.182 80.395 80.318 80.46 80.482 80.395 80.372 80.508 80.578 80.933 82.757 88.745
78.613 78.606 78.514 78.388 78.332 78.372 83.595 84.719 81.117 81.424 81.487 81.659 79.121 79.154 79.435 80.702 79.685 78.854 78.981 78.833 78.751 79.429 79.022 78.765 79.878 79.606 78.792 78.864 78.828 78.844 78.871 78.901 78.92 78.912 78.901 79.001 80.364 80.037 80.249 79.366 82.335 80.598 79.459 79.374 79.324 79.543 80.532 79.549 79.601 79.494 79.578 79.568 79.596 80.764 80.289 84.738 87.976 88.674 88.109 87.102 81.212 80.581 80.414 80.492 80.406 80.478 80.508 81.096 81.283 88.117 89.305 89.69
79.146 78.932 78.77 78.462 78.449 78.629 79.597 78.992 79.324 80.137 78.954 78.805 78.801 78.786 78.765 78.67 78.695 78.784 79.841 79.375 78.801 79.031 78.967 78.834 78.877 78.832 78.889 78.934 78.892 78.823 82.598 79.121 78.954 78.949 83.02 84.561 82.745 79.253 79.219 79.389 80.628 80.207 79.565 79.707 79.884 80.887 80.065 80.257 79.974 79.616 79.633 79.676 79.679 79.804 80.289 84.624 83.784 82.887 82.314 81.427 80.924 80.485 80.393 80.481 80.512 80.527 80.418 81.021 81.087 87.625 89.298 89.932
79.091 79.049 78.759 78.492 78.533 78.576 78.796 78.914 78.859 78.792 78.862 79.57 78.932 79.112 78.921 78.717 78.751 78.788 78.868 78.829 78.974 78.814 78.856 79.437 79.045 82.616 81.363 79.432 78.963 80.604 79.455 81.454 79.148 79.175 79.823 83.507 81.035 80.067 79.452 79.692 81.963 81.833 80.458 84.113 83.142 85.697 87.43 88.555 86.706 79.835 79.801 79.818 79.802 79.833 80.152 81.098 81.448 80.88 80.712 81.097 85.185 81.188 80.492 80.475 80.497 80.495 80.46 80.617 80.743 86.277 88.644 89.927
79.181 79.251 78.815 78.677 78.587 78.63 78.661 78.713 79.203 79.175 79.096 78.961 78.768 78.813 78.8 78.866 78.878 78.818 78.902 78.961 82.898 79.134 79.193 79.199 79.197 84.798 83.635 79.656 79.23 79.198 79.464 81.092 79.426 79.477 79.788 79.654 79.785 82.901 83.431 85.019 87.408 88.438 87.024 88.775 88.885 88.837 89.871 89.324 83.629 79.744 79.792 79.854 79.833 79.956 80.009 80.166 81.37 85.283 85.927 87.455 84.349 80.808 80.595 80.438 80.535 80.511 80.48 80.718 80.908 85.771 88.705 89.4
79.421 79.105 78.954 78.704 78.72 78.694 78.662 78.757 78.775 78.824 78.861 78.886 79.351 79.055 79.455 79.6 79.26 79.014 79.023 78.966 80.019 80.292 79.139 79.14 79.146 79.23 79.469 79.507 81.707 81.589 79.746 81.836 81.66 86.854 86.667 88.774 86.756 88.697 89.304 89.299 90.213 89.299 89.378 89.842 89.857 90.165 90.024 90.168 88.836 80.006 79.885 79.994 79.938 79.943 81.472 81.386 86.454 89.446 89.896 89.281 87.891 81.114 80.738 80.464 80.501 80.531 80.4 80.575 80.703 84.927 89.033 89.464
81.482 79.326 79.145 78.922 78.766 78.801 78.768 78.84 78.961 80.062 79.191 79.056 79.372 79.16 79.047 79.057 79.126 79.117 79.308 79.232 80.213 79.472 79.548 79.437 79.404 83.203 84.6 84.845 86.6 87.922 87.039 89.392 89.237 88.722 89.79 89.632 89.572 90.377 89.738 89.991 89.951 90.1 90.112 90.054 89.731 89.573 89.65 89.398 87.128 80.279 80.08 79.987 80.044 80.047 81.063 82.15 84.637 90.239 90.113 89.594 88.231 82.205 81.175 80.617 80.48 80.544 80.459 80.375 80.858 83.594 86.921 89.313
81.839 79.49 79.229 79.076 78.886 78.885 78.912 79.027 79.063 79.139 79.087 79.132 79.194 79.631 79.694 79.478 79.525 79.63 79.544 79.6 80.185 82.711 84.792 87.644 86.25 87.293 89.126 89.207 90.11 89.174 89.283 89.689 89.828 89.772 90.234 90.237 90.05 89.87 89.681 89.772 90.453 89.254 88.765 89.125 88.937 88.12 88.299 88.701 88.066 81.461 80.857 80.072 80.165 80.33 81.395 81.306 86.613 89.194 89.807 89.674 88.504 81.518 80.751 81.393 80.87 80.501 80.379 80.402 80.973 81.643 87.423 88.908
81.92 81.267 80.896 79.58 78.988 79.004 78.924 79.727 79.763 79.714 79.867 79.855 79.722 79.776 79.638 83.376 82.049 85.052 85.613 87.027 88.723 88.922 88.736 89.076 88.929 88.96 89.274 89.54 90.052 90.099 89.848 90.086 89.823 89.442 89.691 89.357 88.796 88.901 89.407 89.251 88.26 84.523 83.835 81.631 81.631 80.629 80.555 80.55 80.017 80.383 80.108 80.158 80.149 81.168 80.605 80.76 84.888 88.674 89.46 89.63 88.543 82.297 81.098 80.513 80.42 80.532 80.466 80.408 80.544 80.691 86.882 89.152
81.825 80.217 79.975 79.654 79.05 79.017 79.041 79.491 79.82 83.34 84.079 87.139 86.006 87.414 86.95 87.765 89.203 88.35 88.235 88.63 88.898 89.228 89.314 89.195 89.078 89.006 88.969 89.185 90.333 89.18 88.878 90.004 88.875 87.851 88.347 87.67 87.268 82.174 81.782 84.229 81.663 80.543 80.088 80.415 80.403 80.166 80.173 80.613 80.073 80.168 80.066 80.147 80.191 80.287 81.428 81.624 82.004 88.639 89.46 89.746 89.049 86.447 80.926 80.546 80.461 80.428 80.506 80.347 80.867 80.784 86.562 88.325
79.859 79.725 79.704 79.938 79.207 79.148 79.189 84.572 87.28 87.716 88.978 88.599 88.781 88.405 88.682 88.974 90.037 89.23 88.956 89 88.893 88.905 88.945 89.081 89.032 88.812 87.826 89.107 89.071 87.029 87.512 83.544 83.123 80.133 80.679 80.926 80.011 80.014 80.31 80.069 80.094 81.051 80.775 80.133 79.939 79.979 80.017 80.025 80.057 80.065 80.089 80.141 80.233 80.146 80.22 80.649 80.719 87.675 89.112 90.013 88.112 84.107 81.567 80.639 80.337 80.483 80.486 80.391 80.399 80.91 83.221 80.93
79.907 79.83 79.754 80.445 79.4 79.199 79.214 82.159 88.555 88.961 89.356 89.466 89.182 88.827 88.732 88.552 89.291 88.654 87.967 87.876 88.231 88.42 88.36 83.888 83.692 84.409 83.339 81.365 80.556 80.957 79.975 79.98 80.171 79.953 79.89 79.901 79.963 79.868 81.089 80.423 79.923 80.191 80.097 80.028 79.989 80.002 80.014 80.028 80.032 80.053 80.109 80.17 80.172 81.088 80.568 80.824 80.937 86.95 89.009 89.905 90.375 88.228 83.058 82.381 81.275 80.716 80.477 80.399 80.398 80.707 80.981 80.886
81.102 81.038 81.487 79.935 79.46 79.337 79.306 79.839 88.815 88.757 89.591 89.111 88.883 87.62 87.716 87.069 87.14 87.222 84.112 83.232 83.191 81.992 80.123 80.025 82.18 82.729 82.843 80.999 80.342 80.156 80.868 80.108 80.134 79.736 79.803 79.787 79.844 79.865 79.884 79.885 79.893 79.923 79.973 79.961 79.961 80.837 80.363 80.57 80.54 80.257 80.202 80.142 80.232 80.719 80.891 80.996 81.089 84.706 89.345 89.822 89.838 88.415 83.198 81.173 80.69 80.894 80.429 80.377 80.401 81.547 80.753 84.559
85.669 85.797 85.804 80.11 79.631 79.382 79.419 79.579 87.593 87.251 87.65 86.373 86.937 84.737 82.251 80.652 79.885 80.168 81.558 82.697 82.811 81.964 80.079 80.686 80.016 80.487 80.28 79.839 79.692 79.746 80.104 79.793 79.755 79.779 79.764 79.799 79.843 79.842 79.858 79.954 80.13 80.761 80.747 80.226 80.554 81.738 81.121 84.914 84.361 81.542 81.758 80.596 80.175 80.202 80.134 80.713 80.682 86.072 89.005 89.747 89.532 88.595 83.868 80.949 80.446 80.406 80.417 80.384 80.386 80.628 82.835 87.614
86.342 86.528 86.574 80.684 79.732 79.501 79.498 79.765 83.381 83.282 81.489 80.277 80.331 82.695 82.42 80.333 80.377 80.66 80.151 80.464 79.948 80.432 79.618 79.596 79.632 79.651 79.673 79.663 79.651 79.665 79.675 79.737 79.751 80.303 79.824 80.689 80.911 80.136 80.306 80.27 80.129 80.512 79.701 85.831 86.039 87.137 89.969 88.885 89.123 89.041 81.463 81.273 80.464 80.185 80.146 80.506 80.669 85.526 88.198 88.661 89.804 88.44 82.835 80.661 80.416 80.344 80.407 80.594 80.911 80.619 80.739 86.902
86.109 86.042 85.785 81.219 79.773 79.601 79.587 79.528 81.932 82.032 80.106 80.059 79.82 81.229 80.768 79.841 79.792 79.677 79.822 79.714 79.677 79.672 79.651 79.616 79.681 79.742 79.653 79.721 80.566 81.455 80.673 81.003 80.583 80.12 80.318 80.302 84.16 84.634 86.126 87.322 87.598 88.026 89.318 89.106 89.505 89.918 90.361 90.476 90.356 90.456 83.925 80.695 80.439 80.234 80.168 80.72 80.761 80.885 86.248 83.586 84.457 81.643 80.744 80.502 80.463 80.405 80.505 80.802 81.309 80.488 81.426 85.606
82.612 82.563 84.946 82.183 80.037 79.659 79.605 79.653 80.561 80.521 79.881 79.714 79.902 80.116 80.024 79.726 79.761 79.738 79.705 79.72 79.932 81.68 80.047 81.494 82.357 80.261 80.18 80.11 82.839 83.063 82.364 80.537 85.944 85.166 87.76 86.71 89.171 89.142 89.31 90.895 89.762 89.934 90.39 90.615 90.56 90.733 91.052 90.634 90.362 90.442 85.135 80.319 80.273 80.251 80.194 80.269 80.355 82.17 83.077 83.512 82.874 80.894 81.342 80.613 80.848 80.328 80.439 80.454 80.447 80.429 80.929 85.765
80.406 80.254 80.07 80.128 80.086 79.842 79.733 79.705 79.742 79.794 79.807 79.807 79.805 79.781 79.764 79.808 79.831 81.71 80.166 80.094 80.176 82.893 83.029 82.985 81.589 80.285 80.713 84.554 86.434 87.184 89.104 89.188 89.165 89.802 89.683 90.206 90.314 90.316 90.508 91.073 90.617 90.84 90.488 90.527 90.186 90.933 90.306 89.574 89.908 89.121 84.667 80.29 80.29 80.277 80.171 80.233 80.299 81.238 85.962 85.039 87.69 88.476 87.615 80.846 80.703 80.399 80.446 80.505 80.343 80.422 80.839 85.326
80.343 80.398 80.372 80.365 80.733 79.933 79.795 79.831 79.819 80.067 81.531 79.891 80.683 80.766 82.869 83.167 83.07 82.858 80.407 80.395 81.312 86.412 85.808 86.914 87.62 86.756 88.507 89.946 90.145 89.269 90.214 90.314 90.57 90.661 90.714 90.756 90.612 90.33 90.56 90.893 90.29 89.557 89.396 89.785 89.234 89.103 89.897 87.991 84.868 84.298 84.034 80.369 80.313 80.313 80.249 80.261 82.164 80.773 85.805 89.225 89.531 89.511 88.255 82.724 80.515 80.392 80.423 80.455 81.059 80.79 82.269 82.871
80.701 80.675 80.625 80.455 80.349 80.008 79.951 79.917 80.073 83.062 82.565 80.754 80.973 81.125 83.239 85.707 84.656 86.738 87.251 87.512 88.47 88.75 88.896 89.128 89.389 89.616 90.363 90.271 90.307 90.252 90.495 90.62 90.387 91.357 89.818 89.906 89.437 89.864 89.047 88.441 88.979 87.264 84.963 85.648 83.749 81.974 81.253 80.785 81.676 81.937 80.539 80.391 80.305 80.369 80.267 80.216 80.375 80.525 82.095 88.934 89.615 89.48 88.509 87.19 80.753 80.417 80.451 80.555 80.753 80.808 82.482 80.857
80.954 80.834 80.648 80.452 80.247 80.029 79.936 80.017 80.256 84.651 86.29 84.466 86.687 87.011 88.395 88.716 88.779 88.819 89.118 90.461 90.183 89.918 90.084 90.18 90.048 90.141 90.492 90.185 90.202 90.209 91.471 89.815 88.676 89.241 89.551 88.65 87.989 86.239 83.527 83.116 81.798 80.506 80.623 81.661 81.328 80.468 80.494 80.726 80.588 80.357 80.325 80.367 80.366 80.349 80.314 80.237 81.871 81.971 83.291 89.182 90.411 89.844 89.099 85.018 81.373 80.442 80.381 80.482 80.487 81.016 82.794 81.866
80.718 80.676 80.593 80.414 80.296 80.134 80.08 80.149 80.385 87.445 88.714 89.11 89.965 89.573 89.821 89.819 89.954 90.034 90.04 90.038 90.152 89.887 89.536 89.301 88.823 89.055 90.304 89.947 90.098 88.32 86.968 86.699 86.74 86.288 87.575 83.476 84.197 83.667 80.556 81.932 80.697 80.509 80.436 80.402 80.599 81.27 80.882 80.894 80.886 80.386 80.337 80.4 80.316 80.364 80.338 80.257 82.589 82.098 82.833 87.825 89.339 89.717 88.949 84.258 80.685 80.429 80.414 80.515 80.544 81.533 82.05 82.342
80.737 80.647 80.579 80.446 80.373 80.273 80.121 80.164 80.193 86.613 89.692 90.075 90.379 89.961 89.888 89.699 89.421 89.137 89.025 90.327 89.339 88.3 88.153 87.538 87.896 87.845 85.88 87.737 82.474 80.677 84.501 81.528 80.812 86.317 87.36 86.86 84.331 80.856 80.355 80.356 81.165 81.5 80.525 80.439 80.424 80.498 80.416 80.385 80.428 80.418 80.47 80.408 80.377 80.374 80.336 80.332 81.987 81.721 80.933 86.912 89.301 89.91 89.097 87.894 81.55 80.676 80.414 80.409 80.393 80.404 81.742 81.495
