dsm/se2735_DSM_2M.asc
ncols 500
nrows 500
xllcorner    427000
yllcorner    435000
cellsize     2
NODATA_value -9999
[rows 96 to 127 of 500, columns 288 to 359 of 500]
75.131 75.205 75.253 75.23 75.228 75.153 75.127 75.115 75.138 75.037 75.07 75.119 75.084 75.107 75.069 75.089 75.033 75.07 75.136 75.06 75.043 75.017 74.926 74.902 74.951 75.038 75.047 75.015 74.949 74.995 74.966 74.954 75.017 75.018 74.997 74.976 74.94 74.902 74.886 74.875 74.904 74.914 74.861 74.968 74.964 74.909 74.878 74.869 74.844 74.825 74.822 74.834 74.96 77.725 80.892 81.522 81.63 81.466 80.044 77.148 75.455 75.12 75.273 75.3 75.359 75.421 75.379 75.237 75.208 75.305 75.279 75.234
75.057 75.192 75.199 75.195 75.212 75.182 75.188 75.113 75.083 75.063 75.052 75.007 75.041 75.041 75.008 75.045 75.009 75.075 75.122 75.064 75.005 75.031 74.975 74.932 74.946 74.956 75.04 75.019 75.041 75.105 75.013 74.973 75.023 75.016 75 74.942 74.897 74.912 74.87 74.817 74.885 74.825 74.847 74.931 74.9 74.89 74.879 74.799 74.756 74.747 74.739 74.768 74.828 77.148 80.503 81.405 81.221 80.474 80.495 76.732 75.548 75.242 75.293 75.21 75.299 75.364 75.366 75.199 75.134 75.2 75.244 75.25
75.046 74.998 75.103 75.253 75.259 75.19 75.214 75.188 75.081 75.065 75.093 75.006 74.98 75.012 75.029 75.019 74.983 75.022 75.073 75.037 74.975 74.957 74.932 74.906 75.017 75.065 75.094 75.047 75.081 75.1 75.045 75.071 75.002 74.988 74.965 74.975 74.986 74.972 74.891 74.818 74.826 74.753 74.805 74.857 74.835 74.838 74.819 74.728 74.693 74.746 74.763 74.708 74.784 76.285 79.682 80.46 80.142 77.01 76.858 76.227 75.404 75.204 75.186 75.198 75.274 75.346 75.306 75.084 75.094 75.192 75.219 75.203
75.069 75.076 75.14 75.206 75.271 75.402 75.294 75.111 75.207 75.384 75.187 75.079 75.015 75.008 75.055 74.995 74.949 75.029 75.079 75.08 75.036 74.98 75.008 74.919 74.971 75.092 75.018 75.029 75.078 75.122 75.002 75.026 75.029 74.984 74.997 75.067 75.03 75.001 74.894 74.809 74.801 74.81 74.853 74.811 74.788 74.762 74.79 74.682 74.741 74.836 74.76 74.717 74.733 75.267 77.574 78.361 78.245 77.203 76.255 75.613 75.029 75.063 75.067 75.152 75.221 75.306 75.287 75.239 75.175 75.18 75.184 75.072
75.087 75.056 75.14 75.198 75.187 75.244 75.119 75.086 75.175 75.268 75.16 75.055 75.086 75.11 75.169 75.012 75.027 75.101 75.126 75.17 75.15 75.133 75.122 75.117 75.042 75.054 75.036 74.989 75.054 75.178 75.096 75.065 75.148 75.023 74.987 75.046 75.002 74.907 74.831 74.742 74.816 74.85 74.806 74.802 74.768 74.725 74.777 74.752 74.75 74.768 74.74 74.691 74.689 74.812 75.287 76.095 76.395 76.232 75.229 74.971 75.025 75.264 75.171 75.234 75.242 75.341 75.342 75.405 75.237 75.185 75.124 75.141
75.037 75.098 75.136 75.131 75.099 75.05 75.025 75.082 75.092 75.06 75.084 75.089 75.026 75.091 75.116 75.056 75.119 75.105 75.129 75.24 75.228 75.229 75.132 75.123 75.199 75.116 75.052 74.94 75.132 75.056 75.023 75.028 75.07 75.012 74.965 75.043 74.905 74.828 74.836 74.784 74.816 74.809 74.75 74.785 74.784 74.724 74.781 74.751 74.71 74.686 74.697 74.657 74.628 74.71 74.802 74.853 74.827 74.898 74.753 74.833 75.226 75.752 76.094 76.006 75.663 75.385 75.35 75.536 75.408 75.201 75.118 75.13
75.031 75.062 75.135 75.095 75.039 75.095 75.147 75.137 75.161 75.141 75.052 75 74.98 75.036 75.047 74.996 75.078 75.132 75.147 75.112 75.197 75.14 75.078 75.059 75.118 75.045 74.929 74.918 74.988 74.997 74.952 74.947 74.937 74.903 74.868 74.904 74.857 74.819 74.853 74.808 74.799 74.799 74.771 74.747 74.723 74.728 74.751 74.714 74.674 74.685 74.633 74.656 74.668 74.669 74.668 74.645 74.537 74.603 74.698 74.936 75.279 76.622 76.707 76.408 76.002 75.531 75.313 75.376 75.287 75.085 74.944 74.915
74.989 75.021 75.024 75.043 75.046 75.001 74.93 74.989 75.135 75.111 74.995 74.924 74.969 75.068 75.074 75.136 75.079 75.048 75.093 75.134 75.122 75.066 75.057 75.052 75.07 75 74.999 74.981 75.012 74.91 74.884 74.888 74.84 74.871 74.94 74.823 74.807 74.797 74.82 74.765 74.752 74.715 74.699 74.72 74.734 74.737 74.733 74.669 74.633 74.69 74.676 74.709 74.73 74.603 74.623 74.582 74.349 74.442 74.694 75.04 75.525 76.046 76.402 76.422 76.336 75.95 75.578 -9999 -9999 74.972 74.891 74.858
74.963 74.98 74.964 75.014 75.03 75.003 74.911 74.913 74.971 75.013 75.003 74.975 75.035 75.082 75.11 75.079 75.01 75.036 75.079 75.111 75.176 75.06 75.067 75.114 75.112 75.088 75.016 74.996 74.946 74.91 74.885 74.941 74.909 74.919 74.917 74.864 74.878 74.822 74.833 74.795 74.762 74.678 74.69 74.73 74.747 74.753 74.683 74.607 74.711 74.67 74.687 74.72 74.68 74.733 74.691 74.65 74.465 74.475 74.637 74.997 75.371 76.023 76.403 76.466 76.5 76.131 75.754 75.251 74.897 74.908 74.9 74.879
74.978 75.029 75.08 75.084 75.086 75.07 75.047 74.943 74.904 75.036 75.034 75.053 75 75.091 75.063 74.997 75.015 75.065 75.075 75.001 75.125 75.08 75.111 75.198 75.09 74.949 75.051 74.985 74.989 74.95 74.958 74.964 74.945 74.936 74.898 74.879 74.967 74.986 74.885 74.793 74.711 74.712 74.727 74.728 74.702 74.711 74.685 74.597 74.665 74.589 74.647 74.708 74.606 74.626 74.579 74.644 74.656 74.662 74.74 74.915 75.148 75.81 76.493 76.536 76.442 76.083 75.433 75.008 74.891 74.908 74.931 74.88
74.97 75.015 75.039 75.007 75.015 75.055 75.073 75.001 74.982 75.016 75.057 75.024 75.017 75.025 75.062 74.956 75.016 75.103 75.083 75.102 75.06 75.022 75.104 75.112 74.98 75.048 75.167 75.007 74.957 74.983 74.969 74.943 74.873 74.923 74.881 74.859 74.964 74.91 74.844 74.724 74.692 74.723 74.75 74.679 74.67 74.656 74.628 74.594 74.624 74.615 74.617 74.609 74.58 74.541 74.505 74.549 74.912 74.882 74.808 74.812 75.055 75.646 76.232 76.534 76.286 75.99 75.204 74.886 74.875 74.902 74.916 74.877
74.941 74.983 75.016 75.013 74.96 74.909 74.997 74.955 74.979 75.006 74.972 75.09 75.024 75.027 75.033 75.052 75.068 75.027 75.167 75.014 75.036 75.083 75.081 75.078 74.986 75.065 75.001 74.908 74.94 74.914 74.849 74.79 74.887 74.92 74.924 74.949 74.88 74.829 74.746 74.645 74.667 74.71 74.726 74.697 74.663 74.622 74.565 74.559 74.529 74.565 74.589 74.581 74.573 74.5 74.445 74.537 74.729 74.806 74.793 74.819 75.057 75.56 75.979 76.331 76.226 75.461 75.1 74.847 74.845 74.883 74.924 74.882
74.884 74.931 74.97 74.967 74.892 74.864 74.844 74.905 74.952 75.027 74.978 74.98 74.962 74.95 75.041 75.085 75.142 75.079 74.996 74.876 74.957 75.051 75.07 75.03 75.062 74.988 74.938 74.895 74.941 74.915 74.862 74.863 74.976 74.97 74.851 74.853 74.796 74.763 74.706 74.619 74.734 74.717 74.675 74.68 74.658 74.623 74.597 74.509 74.524 74.562 74.567 74.552 74.529 74.463 74.414 74.511 74.622 74.754 74.715 74.737 74.947 75.387 75.993 76.311 76.249 75.949 75.158 74.936 74.866 74.918 74.969 74.943
74.825 74.843 74.969 74.943 74.876 74.879 74.886 74.872 74.856 74.923 74.911 74.972 75.051 75.023 75.012 75.061 75.083 75.058 75.003 74.917 74.968 74.998 75.028 75.023 75.008 74.948 74.912 74.902 74.924 74.971 74.958 74.992 74.979 74.845 74.824 74.799 74.757 74.701 74.668 74.673 74.705 74.663 74.593 74.598 74.621 74.582 74.47 74.493 74.532 74.552 74.499 74.356 74.412 74.43 74.451 74.522 74.664 74.836 74.636 74.565 74.871 75.507 75.926 76.406 76.389 76.201 75.248 74.921 74.961 75.057 75.017 74.961
74.814 74.863 75.03 74.976 74.936 74.916 74.904 74.924 74.896 74.914 74.818 74.939 74.973 74.969 74.999 74.986 74.968 74.948 74.98 74.984 75.029 75.021 74.963 74.962 74.986 75.004 74.934 74.913 74.907 74.975 74.982 74.835 74.869 74.893 74.861 74.9 74.785 74.656 74.645 74.679 74.697 74.659 74.525 74.548 74.621 74.692 74.505 74.526 74.514 74.489 74.435 74.375 74.417 74.439 74.467 74.452 74.444 74.525 74.558 74.617 74.843 75.312 75.737 76.288 76.358 76.013 75.234 74.969 74.992 75.023 75.003 74.892
74.827 74.893 74.946 74.879 74.851 74.906 74.937 74.932 74.939 74.913 74.938 74.906 74.959 74.814 74.885 74.867 74.848 74.945 74.978 74.98 75.049 74.994 75.011 74.981 74.939 74.96 74.908 74.86 74.899 75.035 74.913 74.834 74.852 74.893 74.85 74.784 74.757 74.71 74.697 74.689 74.687 74.675 74.593 74.537 74.51 74.608 74.468 74.486 74.48 74.446 74.413 74.402 74.43 74.445 74.39 74.353 74.29 74.316 74.373 74.509 74.864 75.208 75.803 76.272 76.282 76.025 75.207 74.973 74.944 74.915 74.871 74.792
74.88 74.896 74.88 74.82 74.772 74.735 74.84 74.817 74.891 74.942 74.87 74.885 74.865 74.831 74.826 74.847 74.881 74.914 74.951 74.918 74.964 74.938 74.824 74.918 74.94 74.947 74.894 74.854 74.912 74.862 74.847 74.827 74.793 74.746 74.69 74.73 74.824 74.813 74.749 74.7 74.658 74.608 74.55 74.498 74.485 74.525 74.665 74.578 74.48 74.446 74.412 74.404 74.405 74.43 74.363 74.296 74.282 74.263 74.292 74.378 74.786 75.424 75.828 76.391 76.341 76.088 75.328 74.925 74.908 74.833 74.761 74.947
74.846 74.878 74.846 74.814 74.88 74.859 74.856 74.823 74.853 74.838 74.765 74.79 74.812 74.812 74.807 74.827 74.84 74.87 74.825 74.808 74.843 74.835 74.817 74.87 74.906 74.873 74.887 74.848 74.739 74.794 74.806 74.758 74.694 74.678 74.746 74.756 74.808 74.795 74.756 74.73 74.681 74.6 74.512 74.484 74.479 74.549 74.606 74.547 74.475 74.491 74.348 74.34 74.322 74.356 74.31 74.278 74.278 74.258 74.184 74.326 74.851 75.311 75.625 76.035 76.2 75.756 75.148 74.961 75.02 74.913 74.853 74.931
74.843 74.792 74.818 74.84 74.852 74.904 74.825 74.862 74.858 74.791 74.718 74.743 74.725 74.74 74.803 74.791 74.895 74.775 74.843 74.839 74.83 74.873 74.858 74.752 74.778 74.844 74.841 74.821 74.773 74.76 74.803 74.743 74.674 74.72 74.789 74.805 74.771 74.849 74.795 74.792 74.733 74.644 74.558 74.509 74.481 74.531 74.529 74.52 74.428 74.368 74.351 74.375 74.32 74.335 74.265 74.224 74.29 74.262 74.186 74.3 74.884 75.364 75.737 76.134 76.165 75.883 75.174 75.02 74.998 74.932 74.9 74.881
74.778 74.715 74.776 74.822 74.715 74.732 74.823 74.889 74.879 74.758 74.805 74.754 74.704 74.701 74.801 74.817 74.9 74.837 74.867 74.821 74.849 74.916 74.885 74.772 74.766 74.816 74.793 74.824 74.841 74.775 74.755 74.772 74.79 74.757 74.675 74.708 74.736 74.687 74.78 74.765 74.613 74.664 74.615 74.581 74.504 74.518 74.537 74.543 74.368 74.3 74.296 74.312 74.279 74.284 74.216 74.137 74.166 74.25 74.21 74.326 74.619 75.184 75.643 76.27 76.134 75.472 75.122 75.043 74.977 74.928 74.981 74.847
74.656 74.724 74.776 74.827 74.836 74.748 74.883 74.843 74.909 74.822 74.832 74.756 74.734 74.793 74.744 74.743 74.765 74.789 74.7 74.699 74.724 74.837 74.845 74.796 74.775 74.769 74.821 74.886 74.827 74.774 74.756 74.777 74.806 74.737 74.684 74.617 74.606 74.718 74.714 74.621 74.564 74.572 74.601 74.551 74.494 74.463 74.445 74.379 74.329 74.281 74.208 74.256 74.277 74.227 74.165 74.128 74.165 74.391 74.149 74.317 74.683 75.171 75.58 76.005 76.126 75.611 75.167 75.073 75.013 75.001 75.026 74.931
74.694 74.732 74.8 74.791 74.801 74.788 74.771 74.807 74.833 74.811 74.688 74.763 74.75 74.715 74.78 74.721 74.73 74.711 74.713 74.736 74.763 74.713 74.756 74.742 74.662 74.771 74.759 74.778 74.74 74.743 74.692 74.764 74.746 74.734 74.676 74.633 74.675 74.701 74.755 74.657 74.562 74.56 74.59 74.519 74.466 74.434 74.348 74.304 74.299 74.262 74.256 74.311 74.235 74.17 74.104 74.123 74.353 74.591 74.25 74.318 74.881 75.491 75.808 76.102 76.008 75.667 75.096 75.063 75.004 74.931 75.039 74.978
74.751 74.789 74.723 74.744 74.748 74.738 74.774 74.773 74.846 74.741 74.78 74.817 74.701 74.697 74.721 74.699 74.761 74.676 74.717 74.667 74.682 74.681 74.722 74.716 74.827 74.804 74.631 74.665 74.684 74.641 74.616 74.665 74.715 74.619 74.626 74.646 74.67 74.653 74.676 74.62 74.578 74.562 74.515 74.499 74.419 74.404 74.317 74.243 74.288 74.244 74.227 74.244 74.172 74.056 74.109 74.117 74.194 74.236 74.22 74.353 74.645 75.498 75.908 76.11 75.97 75.161 74.914 75.012 75.049 74.98 75.05 74.937
74.704 74.724 74.677 74.663 74.7 74.72 74.794 74.802 74.711 74.718 74.695 74.739 74.729 74.761 74.822 74.685 74.689 74.712 74.756 74.677 74.675 74.705 74.636 74.686 74.806 74.812 74.736 74.693 74.77 74.635 74.676 74.681 74.709 74.655 74.609 74.648 74.646 74.629 74.61 74.53 74.595 74.554 74.425 74.486 74.356 74.321 74.314 74.328 74.285 74.226 74.218 74.203 74.152 74.151 74.179 74.122 74.1 74.031 74.172 74.465 74.874 75.42 75.992 76.17 75.956 75.061 74.936 75.024 75.105 74.936 74.852 74.853
74.684 74.69 74.663 74.671 74.727 74.764 74.642 74.74 74.697 74.638 74.625 74.692 74.713 74.699 74.681 74.69 74.663 74.625 74.704 74.606 74.633 74.596 74.671 74.669 74.757 74.702 74.753 74.637 74.652 74.683 74.726 74.615 74.552 74.575 74.553 74.537 74.579 74.544 74.538 74.547 74.58 74.562 74.452 74.416 74.338 74.248 74.287 74.308 74.259 74.201 74.204 74.205 74.174 74.146 74.065 74.037 73.99 73.905 74.268 74.547 74.864 75.458 75.981 76.305 75.952 75.213 74.947 74.97 74.984 74.937 74.907 74.881
74.612 74.668 74.67 74.683 74.738 74.688 74.687 74.714 74.687 74.588 74.597 74.563 74.519 74.618 74.627 74.609 74.607 74.568 74.629 74.521 74.564 74.659 74.72 74.686 74.694 74.735 74.669 74.59 74.559 74.624 74.617 74.492 74.566 74.633 74.588 74.543 74.5 74.462 74.49 74.539 74.478 74.343 74.424 74.469 74.348 74.206 74.219 74.237 74.313 74.206 74.193 74.176 74.149 74.003 74.031 74.093 74.048 74.026 74.248 74.614 74.916 75.479 75.883 76.246 76.024 75.256 75.069 74.943 74.836 74.901 74.965 74.937
74.554 74.5 74.68 74.723 74.657 74.567 74.597 74.714 74.597 74.594 74.588 74.498 74.528 74.583 74.63 74.568 74.673 74.607 74.575 74.505 74.552 74.647 74.597 74.592 74.629 74.659 74.633 74.564 74.518 74.496 74.482 74.401 74.472 74.553 74.543 74.435 74.455 74.49 74.517 74.447 74.383 74.309 74.388 74.369 74.308 74.273 74.209 74.143 74.143 74.165 74.155 74.102 74.066 74.017 74.047 74.08 74.093 74.083 74.202 74.544 75.229 75.687 76.022 76.176 76.024 75.152 74.982 74.949 74.883 74.887 74.93 74.92
74.495 74.545 74.658 74.678 74.581 74.524 74.487 74.506 74.579 74.533 74.532 74.413 74.516 74.506 74.479 74.576 74.596 74.524 74.523 74.476 74.452 74.452 74.517 74.539 74.574 74.594 74.626 74.514 74.357 74.404 74.459 74.415 74.401 74.49 74.478 74.387 74.449 74.51 74.39 74.323 74.405 74.455 74.358 74.32 74.309 74.272 74.196 74.157 74.12 74.112 74.117 74.04 74.007 73.981 74.073 74.147 74.12 74.156 74.356 74.791 75.189 75.884 76.074 75.886 75.332 75.06 75.002 75.007 74.943 75 75.012 75.027
74.503 74.542 74.522 74.533 74.471 74.576 74.486 74.505 74.542 74.484 74.435 74.512 74.436 74.443 74.47 74.532 74.507 74.429 74.45 74.467 74.426 74.36 74.505 74.46 74.484 74.48 74.374 74.401 74.413 74.361 74.434 74.415 74.425 74.416 74.445 74.462 74.434 74.354 74.262 74.267 74.292 74.374 74.367 74.266 74.175 74.145 74.134 74.106 74.068 74.018 74.069 74.007 74.059 74.068 74.055 74.184 74.103 74.221 74.505 74.874 75.184 75.867 76.284 75.633 75.22 75.046 75.071 75.084 74.989 75.006 75.048 75.085
74.517 74.427 74.477 74.53 74.494 74.489 74.506 74.538 74.553 74.511 74.523 74.53 74.439 74.429 74.446 74.467 74.434 74.467 74.457 74.415 74.463 74.467 74.409 74.47 74.509 74.342 74.289 74.33 74.381 74.346 74.319 74.361 74.332 74.319 74.443 74.417 74.336 74.26 74.263 74.191 74.208 74.253 74.263 74.251 74.138 74.074 74.109 74.054 74.016 74.12 73.997 73.888 74.076 74.017 73.957 73.885 74.067 74.264 74.51 74.94 75.471 75.896 76.043 75.674 75.155 75.076 75.116 75.089 74.939 75.006 75.119 75.141
74.473 74.458 74.523 74.423 74.444 74.518 74.538 74.484 74.471 74.392 74.407 74.35 74.416 74.421 74.363 74.365 74.33 74.41 74.364 74.374 74.386 74.274 74.34 74.404 74.374 74.279 74.298 74.296 74.332 74.232 74.371 74.282 74.347 74.328 74.364 74.301 74.269 74.232 74.219 74.176 74.171 74.126 74.143 74.198 74.228 74.07 74.081 74.069 73.986 74.021 74.007 73.987 73.976 73.897 73.91 73.887 74.007 74.223 74.471 75.189 75.635 76.099 76.273 75.716 75.125 75.061 75.121 75.044 74.967 75.055 75.185 75.151
74.467 74.44 74.479 74.407 74.468 74.493 74.444 74.414 74.356 74.276 74.246 74.357 74.445 74.342 74.289 74.318 74.278 74.331 74.384 74.264 74.21 74.142 74.22 74.233 74.231 74.324 74.31 74.264 74.234 74.257 74.236 74.142 74.238 74.283 74.251 74.225 74.217 74.167 74.181 74.216 74.139 74.08 74.122 74.127 74.107 74.07 74.021 73.985 73.905 73.929 73.971 74.008 73.974 73.91 73.861 73.872 73.947 74.374 74.876 75.2 75.726 76.294 76.574 75.414 75.076 74.957 74.962 74.962 74.943 74.961 75.05 75.076
