dsm/se2733_DSM_2M.asc
ncols 500
nrows 500
xllcorner    427000
yllcorner    433000
cellsize     2
NODATA_value -9999
[rows 256 to 287 of 500, columns 0 to 71 of 500]
77.232 77.217 77.227 75.074 74.058 75.554 75.787 75.916 75.906 75.958 75.954 75.925 75.79 76.535 77.944 79.438 75.277 75.088 74.904 78.077 81.303 84.174 84.071 84.078 85.211 86.053 86.578 87.074 86.77 85.985 84.293 78.641 77.324 75.986 75.89 75.882 75.877 75.811 75.727 75.615 75.526 75.595 75.657 75.663 77.749 79.653 81.698 82.296 83.342 83.473 83.448 83.432 83.445 83.436 82.959 83.174 82.829 82.86 82.751 82.757 83.125 82.835 82.817 82.757 82.765 82.78 82.69 76.144 76.144 76.242 76.332 76.411
77.247 77.118 74.463 74.452 75.748 76.098 75.99 76.095 76.068 76.071 76.017 76.005 77.605 79.915 79.695 79.734 79.655 76.816 77.637 80.346 80.901 82.117 84.498 85.27 86.103 86.971 87.295 86.522 85.657 84.259 80.214 77.114 76.132 76.114 76.072 76.041 75.928 75.816 75.692 75.791 75.783 75.838 77.856 79.58 79.623 82.147 82.577 82.559 82.947 83.452 83.387 83.383 83.427 83.474 83.33 82.826 82.722 82.724 82.737 82.72 82.786 82.832 82.786 82.768 82.78 82.772 82.794 78.534 76.333 76.38 76.456 76.526
75.453 73.981 75.515 75.959 76.136 76.114 76.179 76.167 76.136 76.121 76.11 76.926 79.361 80.381 79.719 79.806 80.208 79.351 80 80.877 81.336 81.82 82.422 86.374 87.051 87.196 86.334 85.699 84.865 79.972 77.365 76.285 76.218 76.206 76.115 76.059 75.904 75.81 75.906 75.91 77.831 79.61 79.682 81.186 82.554 82.542 82.565 82.581 82.566 83.431 83.371 83.357 83.463 83.469 83.459 82.705 82.968 82.709 82.726 82.717 82.74 82.774 82.805 82.783 82.775 82.772 82.793 79.608 76.579 76.508 76.646 76.723
74.046 75.414 76.312 76.177 76.194 76.215 76.255 76.213 76.222 76.242 76.262 79.15 80.611 80.597 80.429 79.85 79.995 80.288 80.918 81.508 81.972 81.307 80.958 84.01 87.222 86.306 85.44 84.801 80.446 76.538 76.428 76.417 76.326 76.248 76.149 76.042 75.999 76.023 75.994 79.185 79.226 81.222 82.574 82.558 82.591 82.574 82.56 82.53 82.535 83.25 83.465 83.43 83.497 83.411 83.477 83.063 82.729 82.697 82.691 82.746 82.745 82.812 82.874 82.829 82.808 82.766 82.744 82.817 78.281 76.731 76.776 76.906
76.045 76.326 76.257 76.306 76.28 76.307 76.234 76.249 76.355 76.368 76.513 78.315 80.872 81.053 82.321 80.756 80.632 80.938 81.672 81.776 81.392 80.916 80.425 82.672 85.959 85.436 79.791 77.646 76.684 76.486 76.467 76.455 76.434 76.327 76.171 76.019 76.127 76.142 78.59 79.683 81.776 82.594 82.552 82.55 82.579 82.581 82.556 82.604 82.601 82.627 83.376 83.51 83.623 83.412 83.458 83.478 82.704 82.678 82.706 82.722 82.76 82.759 82.83 82.796 82.751 82.748 82.762 82.789 78.759 76.808 77.206 77.05
76.333 76.344 76.341 76.333 76.329 76.303 76.319 76.67 79.097 77.339 76.734 76.795 77.892 82.804 83.813 83.685 82.408 81.692 81.801 81.43 80.654 81.708 82.58 82.806 82.775 78.706 79.302 76.702 76.594 76.567 76.612 76.5 76.404 76.341 76.212 76.848 76.187 77.988 79.659 82.291 82.617 82.575 82.519 82.55 82.541 82.536 82.496 82.55 82.528 82.55 83.236 83.451 83.442 83.434 83.441 83.471 82.941 82.7 82.712 82.716 82.705 82.757 82.786 82.813 82.759 82.759 82.778 82.785 81.675 77.78 77.66 77.633
76.443 76.403 76.389 76.362 76.343 76.754 79.078 80.422 80.229 80.128 77.627 78.171 80.858 81.919 83.758 83.788 83.773 82.112 81.239 80.793 82.379 82.82 82.813 80.057 79.041 76.945 76.828 76.724 76.719 76.665 76.591 76.516 76.379 76.531 76.391 76.893 79.324 80.096 82.221 82.603 82.609 82.581 82.524 82.53 82.579 82.568 82.539 82.578 79.104 77.994 79.273 83.369 83.584 83.584 83.45 83.46 83.355 82.717 82.72 82.734 82.719 82.733 82.754 82.813 82.754 82.81 82.695 82.789 82.666 77.816 78.133 77.445
76.428 76.424 76.359 76.413 76.511 79.507 81.151 81.184 81.022 80.686 80.057 81.056 81.018 81.019 83.139 83.821 83.83 83.414 80.836 82.2 82.866 82.924 83.783 78.094 77.055 76.94 76.87 76.886 76.825 76.724 76.642 76.513 76.467 76.648 76.483 79.264 81.493 82.238 82.548 82.593 82.581 82.579 82.522 82.54 82.557 82.556 82.542 82.492 76.448 76.05 78.195 83.231 83.42 83.448 83.445 83.469 83.424 82.742 82.717 82.708 82.72 82.702 82.757 82.779 82.759 82.795 82.784 82.739 82.803 78.983 79.11 78.281
76.423 76.387 76.625 77.094 76.788 77.145 81.009 81.178 81.197 81.033 81.037 81.267 81.064 81.149 82.928 83.85 83.847 83.885 84.386 83.122 83.611 82.455 78.326 77.074 77.033 76.983 76.959 76.952 76.917 76.776 76.637 76.542 76.568 76.535 78.85 81.193 82.612 82.572 82.606 82.694 82.599 82.558 82.528 82.519 82.58 82.454 78.917 77.659 75.776 77.076 76.596 79.443 83.454 83.443 83.444 83.475 83.469 82.943 82.668 82.691 82.737 82.728 82.737 82.769 82.808 82.897 82.745 82.769 82.777 82.709 77.687 78.208
76.449 76.86 80.255 80.732 78.527 77.3 80.308 81.24 81.212 81.238 81.096 81.223 82.57 83.618 83.842 83.859 83.882 83.883 83.892 83.64 79.327 77.629 77.168 77.157 77.114 77.072 77.043 77.019 76.879 76.825 76.699 76.715 76.67 76.619 77.106 81.659 82.574 82.58 82.554 82.584 82.63 82.569 82.553 82.566 79.041 75.783 75.804 75.753 76.208 75.8 76.157 76.093 83.369 83.438 83.468 83.423 83.47 83.792 82.691 82.697 82.757 82.726 82.802 82.77 82.808 82.802 82.794 82.738 82.682 80.713 78.3 78.419
76.63 77.367 80.927 80.948 80.755 81.098 81.221 81.22 81.271 81.288 81.344 83.526 83.901 83.861 83.851 83.875 83.94 83.957 83.627 79.198 77.319 77.285 77.272 77.255 77.215 77.158 77.078 77.012 76.922 76.863 76.895 76.97 76.747 76.768 76.802 79.736 82.557 82.58 82.531 82.529 82.633 82.594 82.333 76.615 76.207 75.805 75.794 75.768 75.805 75.843 75.896 77.067 83.388 83.441 83.427 83.468 83.485 83.416 82.935 82.739 82.711 82.719 82.737 82.756 82.883 82.832 82.661 79.664 78.813 78.479 78.519 78.168
76.536 76.878 80.141 81.001 81.02 81.311 81.328 81.386 81.315 82.822 84.079 83.852 83.85 83.862 83.881 83.902 84.043 82.206 78.359 77.373 77.391 77.381 77.375 77.297 77.279 77.165 77.122 77.09 76.967 76.958 77.019 77.079 77.147 77.944 76.949 79.239 82.504 82.557 82.57 82.582 82.474 76.69 76.347 75.883 75.865 75.804 75.795 75.789 75.823 75.872 75.921 76.68 82.154 83.442 83.468 83.474 83.463 83.476 82.945 82.691 82.692 82.728 82.738 82.778 82.906 80.691 78.32 78.583 79.388 78.239 78.298 78.255
81.603 80.836 79.006 80.842 81.944 84.811 82.388 82.946 83.77 84.135 84.137 84.042 83.922 83.888 83.851 81.647 78.711 77.54 77.5 77.487 77.525 77.449 77.468 77.324 77.301 77.18 77.102 77.08 77.071 77.066 77.121 77.302 77.401 77.166 77.218 78.205 80.466 82.58 82.548 82.551 82.427 79.219 76.113 75.911 75.884 75.889 75.883 75.863 75.91 75.945 75.966 76.39 78.195 83.243 83.458 83.485 83.442 83.44 83.162 82.742 82.838 82.804 82.748 82.804 84.16 83.43 78.939 79.016 79.326 78.276 79.344 78.722
84.029 83.613 80.261 80.727 85.386 86.22 86.196 84.063 84.152 84.159 84.16 84.125 84.152 82.446 79.188 78.076 77.659 77.567 77.624 77.646 77.568 77.5 77.445 77.37 77.271 77.178 77.221 77.134 77.225 77.284 77.345 77.441 77.507 77.42 77.546 78.083 81.19 82.559 82.571 82.002 81.962 80.734 77.339 75.956 75.963 76.021 75.967 76.021 76.064 76.054 76.963 78.325 77.586 81.966 83.423 83.419 84.551 83.925 83.475 82.854 82.781 82.796 82.861 84.745 85.416 85.365 79.241 78.203 78.213 78.205 78.659 78.675
87.078 85.738 86.006 87.079 86.735 87.073 87.353 84.959 84.166 84.161 84.205 84.09 79.215 78.732 77.861 78.495 77.85 77.709 77.711 77.676 77.577 77.504 77.468 77.354 77.386 77.564 77.522 77.338 77.456 77.545 77.52 77.609 77.683 77.663 79.45 80.756 82.834 82.343 81.711 81.461 81.454 81.445 78.158 76.109 76.106 76.069 76.128 76.113 76.149 76.191 76.989 78.373 78.386 82.071 83.425 83.595 85.176 85.148 85.044 85.411 84.925 85.063 83.711 84.02 81.99 80.688 78.192 78.177 78.163 78.156 78.158 78.246
87.071 87.297 88.842 87.906 88.301 87.444 87.097 86.492 84.248 84.345 82.952 77.965 77.783 77.727 77.931 77.795 77.827 77.828 77.767 77.695 77.632 77.518 77.435 77.491 81.405 83.817 84.901 77.806 77.59 77.703 77.723 77.755 77.853 77.854 77.922 82.722 84.393 84.331 82.079 81.451 81.46 81.45 79.814 76.988 76.2 76.189 76.223 76.274 76.305 76.276 76.563 76.953 78.723 77.465 83.371 83.494 84.998 85.705 85.71 85.26 86.833 86.305 82.996 80.683 79.062 78.252 78.16 78.658 78.605 78.403 78.181 78.267
87.894 88.149 87.488 87.175 86.76 87.499 86.014 85.882 84.521 79.043 78.06 77.818 77.804 77.874 77.87 77.907 77.872 77.854 77.792 77.703 77.608 77.602 77.968 82.921 85.396 86.54 87.601 80.645 77.777 77.83 77.935 77.942 78.042 78.116 78.207 82.135 84.356 84.335 83.611 81.517 81.463 81.481 81 77.345 76.363 76.306 76.369 76.375 76.387 76.352 76.304 76.31 76.793 76.41 81.385 83.563 83.547 85.688 85.489 84.416 82.301 78.162 78.466 78.303 78.144 78.16 78.161 78.163 78.361 78.129 78.165 78.209
87.719 87.18 86.204 85.838 85.46 84.887 79.627 78.165 77.925 77.936 77.922 77.897 77.955 77.957 77.934 77.938 77.887 77.814 77.757 77.672 77.717 79.434 84.373 86.356 87.504 88.248 88.168 82.025 77.962 78.019 78.115 78.114 78.263 78.311 78.371 78.724 84.298 84.35 83.214 81.521 81.443 81.462 81.423 77.996 76.508 76.457 76.484 76.46 76.444 76.428 76.38 76.366 76.428 76.467 78.936 83.408 83.062 79.824 78.573 79.382 78.227 78.182 78.215 78.167 78.137 78.147 78.202 78.21 78.226 78.182 78.215 78.276
86.629 85.908 85.169 84.463 83.518 78.287 77.956 77.952 77.955 77.995 77.967 77.991 78.053 78.032 78.009 77.962 77.886 77.821 77.79 77.849 84.581 86.889 86.795 87.22 88.503 87.888 87.234 85.425 78.166 78.245 78.282 78.3 78.321 78.448 78.479 78.515 82.988 84.342 84.358 82.077 81.572 82.069 83.538 81.348 76.983 76.751 76.61 76.541 76.504 76.5 76.463 76.701 78.943 78.464 79.092 81.187 80.037 79.182 78.573 78.405 78.292 78.25 78.209 78.194 78.186 78.194 78.237 78.227 78.258 78.253 78.771 79.341
84.541 83.103 78.496 78.544 77.908 77.957 77.956 78.013 78.079 78.065 78.081 78.056 78.069 78.036 77.984 77.948 77.914 77.926 78.956 85.114 87.578 87.999 89 88.399 87.58 86.781 85.844 80.926 78.465 78.345 78.424 78.508 78.51 78.642 78.657 78.63 81.04 84.394 84.356 83.803 84.256 80.446 78.889 77.272 77.066 76.909 76.704 76.587 76.615 78.026 78.405 79.275 79.256 79.201 79.141 79.003 78.841 78.722 78.616 78.46 78.368 78.342 78.295 78.282 78.246 78.225 78.278 78.43 79.176 78.494 79.222 79.084
77.788 77.775 77.811 77.822 77.945 77.949 78.035 78.05 78.08 78.074 78.1 78.075 78.09 78.035 78.058 78.059 78.074 79.88 82.092 83.345 87.844 89.219 88.802 88.333 86.383 85.458 82.555 79.424 78.68 78.49 78.595 78.65 78.644 78.777 78.79 78.752 79.047 83.214 80.288 81.264 78.312 77.928 77.697 77.48 77.237 77.009 76.885 78.155 78.962 79.372 79.349 79.342 79.287 79.223 79.125 79 78.896 78.77 78.654 78.943 78.495 78.384 79.521 79.044 79.063 79.008 79.284 79.583 78.564 78.457 78.625 81.174
77.695 77.777 77.874 77.938 77.979 78.045 78.066 78.098 78.088 78.132 78.108 78.087 78.092 78.208 78.373 78.268 81.046 81.511 81.702 82.783 84.252 88.234 88.148 86.875 81.46 81.811 82.36 81.463 78.753 78.591 78.762 78.811 78.797 78.94 79.04 79.247 79.275 79.028 78.863 78.593 78.376 78.116 77.825 77.618 79.262 78.554 79.477 79.482 79.493 79.463 79.516 79.406 79.427 79.879 79.281 79.036 78.95 78.9 78.788 78.854 78.557 78.543 79.921 79.463 78.706 79.11 79.332 78.826 81.343 81.224 81.822 81.152
77.799 77.888 77.885 77.917 77.991 78.068 78.063 78.107 78.11 78.107 78.068 78.203 78.296 80.678 82.055 81.712 81.525 81.534 81.511 81.86 83.234 86.611 86.434 80.69 79.84 80.707 80.317 78.783 78.766 78.787 78.926 78.97 78.964 79.041 79.3 79.334 79.355 79.134 78.938 78.703 78.449 78.301 79.343 79.518 79.565 79.563 79.544 79.534 79.549 79.54 80.567 85.697 84.152 79.868 79.172 79.222 79.063 78.942 78.799 78.715 78.582 79.049 80.363 78.705 78.575 79.945 80.195 81.494 81.24 80.609 80.852 80.835
77.846 77.904 77.952 77.964 78.017 78.058 78.049 78.048 78.048 78.067 78.231 79.689 81.692 81.777 82.041 82.092 81.622 81.54 81.527 81.543 82.128 81.915 82.562 81.459 79.246 79.266 79.513 79.437 79.709 78.99 79.087 79.156 79.186 79.148 79.283 79.361 79.373 79.248 79.096 79.569 79.696 79.705 79.739 80.178 79.626 79.613 79.607 79.659 80.721 83.394 85.525 87.796 85.757 83.036 79.893 79.13 79.081 78.982 78.924 78.852 79.79 79.586 79.327 79.294 79.177 78.661 80.86 79.283 79.237 78.553 80.349 80.857
77.858 77.886 77.914 77.956 77.985 77.964 78.082 78.136 78.46 78.885 84.879 82.056 81.708 81.691 81.721 82.416 82.055 81.657 81.733 81.908 81.716 82.194 81.931 80.417 78.962 79.425 79.078 79.685 79.194 79.264 79.279 79.301 79.35 79.259 79.394 79.649 79.742 79.784 79.839 79.797 79.762 79.751 79.706 79.746 80.122 79.903 80.468 80.772 80.706 84.132 86.896 87.485 88.484 86.04 80.136 79.194 79.094 79.047 79.032 79.339 78.968 79.653 79.21 80.509 79.757 78.889 80.633 78.798 81.032 78.672 79.062 79.276
77.842 77.88 77.919 77.992 78.041 78.092 83.095 84.913 85.332 87.984 88.659 85.865 81.705 81.642 81.6 82.005 82.33 81.567 81.027 81.356 81.585 80.343 79.127 79.083 79.115 79.41 81.955 82.083 79.472 80.105 79.438 79.544 79.544 79.537 79.555 79.674 79.794 79.978 79.894 79.977 79.852 79.862 79.997 80.564 80.83 80.783 80.887 80.938 81.296 80.975 84.09 87.521 87.566 83.509 81.729 79.276 79.17 79.132 79.611 79.269 79.182 79.933 79.646 78.804 78.792 78.743 80.462 79.061 80.893 78.952 78.771 79.575
77.86 77.915 78.003 79.459 81.24 84 87.832 88.347 88.735 88.911 89.452 87.44 81.749 81.608 81.6 81.637 82.095 82.237 80.097 79.47 79.6 79.182 79.129 79.271 79.389 79.331 81.204 84.723 81.761 80.39 79.638 79.722 79.742 79.757 79.711 79.811 79.936 84.362 85.101 85.917 81.378 80.422 80.593 83.112 82.88 82.38 81.212 81.285 81.237 81.106 80.854 81.69 81.752 81.295 79.505 79.28 79.235 79.194 79.188 80.378 79.788 79.006 79.177 79.261 78.883 78.828 80.418 79.519 79.16 78.923 79.816 79.706
78.525 78.513 84.813 87.582 87.59 88.354 88.793 89.239 89.597 89.94 89.925 89.733 82.252 81.611 81.53 81.526 81.861 81.604 79.6 79.252 79.221 79.456 79.403 79.456 79.525 80.384 83.292 86.486 81.631 80.252 79.847 79.821 79.923 79.905 83.052 84.683 81.349 85.829 85.241 86.845 82.263 80.688 80.792 84.173 84.486 84.709 84.971 81.341 81.172 80.918 80.844 80.873 80.442 80.307 79.532 79.397 79.308 79.274 79.232 79.237 79.17 79.192 80.262 79.762 79.057 78.931 78.92 79.088 78.823 78.815 78.726 78.811
84.074 84.546 88.24 88.722 89.114 89.345 89.929 89.787 89.752 89.297 89.086 88.459 86.921 81.766 81.197 80.662 81.631 79.414 79.501 79.32 79.76 79.551 79.969 81.105 80.152 86.885 87.723 87.262 84.673 80.831 80.055 79.99 80.168 80.13 80.24 85.415 85.923 85.698 86.802 86.193 82.259 81.063 84.605 83.959 82.94 84.086 85.074 83.442 81.071 80.902 80.841 81.026 79.96 79.533 79.514 79.467 79.427 79.409 79.354 79.903 79.476 79.279 80.183 79.674 79.299 79.038 79.024 78.968 78.924 78.879 78.837 78.733
85.45 85.038 89.074 89.7 89.782 89.858 89.301 89.182 88.676 88.548 88.043 86.868 84.69 82.167 80.974 79.486 79.429 79.396 79.432 79.552 80.036 81.134 86.21 85.774 88.131 89.079 89.071 87.221 85.279 81.293 80.366 80.175 80.332 80.305 80.948 84.809 85.149 82.158 83.747 82.397 81.311 81.169 81.265 83.273 83.69 82.092 81.454 81.267 81.047 81.093 81.466 81.402 80.899 79.683 79.607 79.579 79.56 79.479 79.481 79.9 79.742 79.365 80.104 80.23 79.327 79.162 79.125 79.09 79.016 78.963 78.897 78.855
85.48 85.732 89.8 89.67 89.314 88.861 88.467 88.263 87.549 87.625 80.129 80.891 84.325 83.394 79.592 79.49 79.482 79.72 79.854 80.41 82.003 86.972 88.037 88.629 89.32 88.69 90.261 86.633 84.34 81.627 81.069 80.39 80.436 80.478 83.215 86.455 85.953 84.386 82.644 81.416 81.273 81.598 81.434 81.456 81.479 81.529 81.527 81.414 81.309 81.662 81.971 82.188 81.871 80.205 79.745 79.696 79.648 79.627 79.59 79.551 79.522 79.457 79.783 80.437 79.612 79.252 79.231 79.172 79.13 79.046 78.964 78.958
86.231 86.141 88.518 88.662 88.314 87.87 87.333 83.206 82.704 81.172 79.687 80.862 81.805 81.231 79.56 79.755 81.422 79.692 84.211 86.4 87.516 88.336 89.953 89.205 88.387 87.589 83.989 82.649 81.915 80.951 80.564 80.554 80.603 80.635 84.263 86.601 86.086 85.014 81.674 81.492 81.522 81.362 81.412 81.501 81.602 81.63 81.532 81.525 81.533 81.746 82.253 82.465 82.331 80.599 80.511 81.95 80.934 79.825 79.693 79.658 79.637 79.569 80.162 80.603 79.647 79.353 79.345 79.318 79.205 79.088 79.076 79.14
