dsm/se2734_DSM_2M.asc
ncols 500
nrows 500
xllcorner    427000
yllcorner    434000
cellsize     2
NODATA_value -9999
[rows 160 to 191 of 500, columns 360 to 431 of 500]
45.176 45.183 45.227 45.226 45.293 45.336 45.461 45.526 45.672 45.684 45.709 45.833 45.871 46.185 47.209 47.326 48.724 48.29 45.907 46.096 46.184 46.522 46.066 46.109 45.846 45.921 45.634 45.474 45.295 45.178 45.074 45.059 44.979 44.922 44.88 44.798 45.354 44.665 45.063 46.49 46.193 46.924 46.973 54.219 57.023 55.946 53.403 49.435 47.358 47.415 47.902 47.429 47.218 54.745 58.661 59.219 47.86 51.166 58.38 58.228 57.123 57.761 56.87 57.538 57.979 58.342 58.092 57.919 57.249 57.058 56.413 48.843
44.933 44.964 45.01 44.969 44.985 45.082 45.174 45.306 45.368 45.397 45.525 45.509 45.61 47.129 48.306 46.367 48.751 48.671 48.495 47.407 47.091 46.447 46.568 45.896 46.968 47.108 46.364 46.351 45.999 45.397 45.254 45.137 44.945 44.838 44.788 44.748 44.699 44.603 44.548 44.457 44.61 45.846 51.547 58.707 59.5 60.601 60.124 55.673 51.709 55.65 55.962 49.907 58.241 53.548 59.591 52.621 50.59 47.799 48.506 52.532 50.344 56.696 56.149 56.973 56.862 57.292 57.811 58.159 58.28 58.089 52.682 46.49
44.831 44.852 44.824 44.846 44.853 44.893 44.946 45.043 45.016 45.132 45.18 45.243 45.473 48.386 48.151 45.768 49.691 49.682 49.213 49.001 48.747 48.428 46.869 46.484 46.762 47.604 49.007 48.913 46.493 46.19 46.186 46.041 45.818 45.151 44.728 44.669 44.579 44.584 44.509 44.432 44.399 44.578 49.917 59.857 60.099 63.883 60.068 60.442 58.621 55.491 53.252 57.924 66.015 61.584 62.285 55.421 62.891 50.088 47.637 48.155 47.849 48.082 48.572 55.031 55.745 57.274 56.463 57.112 57.363 58.015 48.777 45.416
44.757 44.688 44.697 44.706 44.702 44.778 44.782 44.858 44.826 44.829 44.892 47.451 49.43 46.731 45.346 47.889 48.988 49.486 49.827 49.8 49.567 49.158 45.89 47.157 47.667 48.417 49.452 49.599 48.284 45.96 45.322 48.027 50.181 47.187 44.858 44.55 44.545 44.463 44.459 44.407 44.331 44.249 51.613 57.547 60.115 63.566 61.631 63.322 60.59 61.363 61.64 65.989 66.344 61.435 65.191 62.334 56.089 52.454 48.626 47.342 49.905 49.475 46.505 46.473 48.036 50.698 53.761 56.161 56.831 50.697 45.117 45.264
44.674 44.674 44.632 44.591 44.617 44.653 44.636 44.679 44.672 44.624 44.675 47.875 47.648 48.089 46.62 47.217 48.143 48.438 48.972 49.269 49.638 49.524 45.737 48.076 49.357 48.954 49.783 48.969 47.674 45.483 45.026 45.026 45.296 45.417 45.682 44.671 44.47 44.353 44.354 44.287 44.263 44.186 51.208 58.072 59.681 60.528 61.96 61.502 61.317 63.794 62.792 62.892 59.425 64.573 61.696 65.738 58.354 49.546 47.287 46.739 49.15 47.767 46.383 46.406 46.368 46.474 46.78 49.784 49.769 46.124 44.971 45.016
44.556 44.573 44.536 44.607 44.547 44.59 44.565 44.563 44.519 44.523 44.514 44.496 45.431 45.511 46.95 46.233 45.768 45.512 47.475 48.187 48.673 46.312 45.689 50.407 50.507 50.22 49.795 49.226 48.624 48.251 46.999 44.955 44.928 44.882 44.996 44.843 44.431 44.343 44.224 44.183 44.173 44.123 44.301 54.2 56.029 57.954 57.502 58.677 58.509 60.345 62.9 64.123 65.635 65.469 59.556 61.566 60.45 57.256 46.599 48.593 50.574 46.322 46.035 46.311 46.325 46.355 46.266 46.128 45.961 44.695 44.813 46.686
44.511 44.449 44.498 44.457 44.483 44.524 44.544 44.495 44.447 44.413 44.41 44.419 44.46 47.517 46.594 46.361 44.715 45.427 45.567 45.696 47.529 45.472 50.503 52.046 51.797 51.452 50.936 50.258 49.974 49.531 49.119 48.67 47.896 47.014 44.805 45.258 44.302 44.157 44.113 44.099 44.087 43.999 43.991 43.945 52.079 54.143 55.838 55.67 55.172 58.92 62.527 53.963 65.212 63.634 61.886 60.928 50.97 58.115 46.387 46.977 51.137 45.226 45.464 45.712 45.737 46.132 46.168 46.303 44.698 44.423 44.648 46.037
44.409 44.341 44.357 44.398 44.402 44.473 44.457 44.461 44.417 44.366 44.407 44.374 48.041 51.4 46.243 44.498 44.575 44.651 44.68 44.896 44.847 45.194 49.319 51.356 51.813 52.076 52.063 51.675 50.237 50.598 50.28 49.624 49.398 48.742 48.268 47.139 44.155 44.029 44.016 44.009 44 43.954 43.925 43.937 43.844 43.818 43.874 43.635 43.986 57.308 54.804 63.078 62.956 63.962 60.794 62.48 51.589 47.618 46.095 46.854 45.432 45.744 45.192 45.061 45.096 45.269 46.49 44.845 44.192 45.042 47.751 47.632
44.366 44.322 44.287 44.324 44.317 44.327 44.306 44.363 44.385 44.372 44.336 44.342 47.94 51.33 47.38 44.319 44.444 44.521 44.643 44.712 44.936 45.701 49.337 49.72 50.684 51.092 51.547 51.906 52.04 52.094 51.539 51.038 50.759 49.728 49.435 47.651 44.018 43.916 43.908 43.899 43.837 43.906 43.945 44.013 43.97 49.591 54.172 47.358 49.556 45.898 45.228 55.354 50.584 61.832 61.1 60.74 54.443 46.588 50.358 49.914 49.602 50.64 46.227 44.896 44.942 46.233 44.512 43.888 43.918 45.947 47.692 46.016
44.316 44.241 44.264 44.241 44.264 44.264 44.214 44.274 44.279 44.295 44.331 44.459 50.755 50.199 45.619 44.217 44.287 44.34 44.462 44.415 44.327 46.943 48.135 48.455 48.778 49.186 50.645 50.925 51.205 51.566 51.928 52.156 52.058 49.015 49.031 44.486 43.75 43.761 43.792 43.791 43.802 43.938 44.006 45.101 45.795 43.633 51.783 45.456 56.609 55.46 51.723 54.254 54.019 49.775 56.593 50.825 43.04 43.327 47.856 46.671 52.881 54.713 52.634 49.074 45.797 43.541 43.306 43.607 43.925 46.201 45.837 45.221
44.263 44.229 44.218 44.199 44.179 44.17 44.148 44.134 44.167 44.334 44.907 47.033 51.66 51.401 49.673 44.082 44.062 44.152 44.198 44.209 44.703 45.041 44.953 46.623 48.026 48.491 48.666 49.446 50.732 50.324 50.886 51.105 51.128 47.614 47.7 43.714 43.631 43.651 43.665 43.665 43.828 43.865 43.912 45.146 45.234 44.182 48.177 53.114 56.028 54.912 55.975 54.019 54.381 51.252 43.172 42.955 42.88 46.469 48.259 52.672 55.917 56.031 53.655 50.835 42.975 44.766 44.453 45.284 46.082 45.05 44.953 45.947
44.15 44.192 44.213 44.181 44.124 44.115 44.076 44.169 47.776 50.693 47.566 44.255 49.72 50.469 46.869 43.832 43.848 43.867 43.937 44.073 44.242 45.103 45.099 44.167 44.154 43.462 46.981 48.115 48.539 49.081 49.114 49.781 45.339 43.917 44.012 43.433 43.47 43.514 43.559 43.597 43.74 43.711 43.655 48.676 51.127 50.342 56.073 56.723 49.818 56.677 58.16 56.26 49.335 44.417 42.983 48.632 42.968 42.688 42.838 53.247 56.005 56.242 53.582 48.916 45.384 45.871 46.278 46.963 44.691 44.68 44.9 45.068
44.104 44.109 44.13 44.149 44.102 44.061 44.049 44.033 46.956 49.223 46.307 46.86 50.954 50.614 44.372 43.541 43.605 43.593 43.713 43.739 43.648 43.747 43.85 44.336 44.286 44.562 43.927 44.444 44.461 47.634 48.276 48.533 44.013 44.167 43.5 43.409 43.394 43.409 43.426 43.536 43.572 43.496 43.394 43.788 50.214 54.798 55.773 57.186 56.452 57.523 57.227 54.656 55.984 53.73 54.716 49.959 44.586 45.651 42.842 44.412 53.039 53.932 52.999 43.365 45.174 46.558 48.247 47.627 44.665 50.641 51.137 47.695
43.997 44.109 44.061 43.99 44.018 43.971 44 43.967 44.579 45.079 43.922 46.919 51.222 50.756 44.603 43.171 43.257 43.291 43.35 43.385 43.412 43.533 43.565 43.643 43.718 43.933 44.671 44.636 44.594 44.889 44.468 44.775 43.567 43.557 43.972 43.385 43.258 43.242 43.319 43.457 43.407 43.316 43.17 43.036 45.312 52.601 52.43 49.26 53.795 54.525 47.357 56.537 56.197 54.676 53.875 55.618 46.091 47.548 45.964 53.363 42.417 48.469 44.844 42.016 42.103 42.877 46.645 45.991 52.843 53.017 52.804 47.814
43.845 43.901 43.89 43.909 43.926 43.901 43.893 43.868 43.89 43.634 46.151 50.546 50.856 50.852 44.339 42.938 42.994 43 43.029 43.114 43.14 43.249 43.335 43.366 43.444 43.502 43.553 43.646 48.717 47.494 43.725 43.524 43.743 43.179 43.14 43.061 43.136 43.575 43.212 43.302 43.21 43.076 42.938 42.821 44.729 49.786 48.105 45.576 46.696 48.98 55.319 53.216 45.041 52.393 58.364 58.432 47.024 44.935 48.003 50.45 42.363 42.144 42.084 42.022 41.883 41.794 41.989 53.121 49.264 55.368 50.383 53.566
43.564 43.651 43.746 43.818 43.752 43.836 43.744 43.687 43.572 43.288 43.56 49.019 49.028 50.644 44.13 42.731 42.751 42.693 42.762 42.812 42.907 43.031 43.105 43.197 43.224 43.292 43.372 43.58 52.933 48.274 50.214 43.665 43.567 42.817 42.857 42.956 42.986 44.08 43.132 43.103 42.983 42.856 42.716 42.777 44.003 43.261 43.526 49.366 52.434 56.711 56.885 56.502 54.635 54.837 55.68 58.399 46.175 50.094 50.197 42.804 43.798 42.169 41.959 41.897 41.833 41.707 41.842 55.827 56.712 54.425 49.702 52.662
43.201 43.191 44.07 46.749 45.554 43.723 43.481 43.486 43.163 42.97 42.999 45.358 48.696 49.334 43.697 42.535 42.539 42.559 42.617 42.679 42.707 42.827 42.858 42.983 43.044 43.133 43.186 43.443 52.763 53.473 52.207 46.417 43.061 42.7 42.739 42.805 42.8 42.942 43.048 42.882 42.732 42.621 47.082 43.601 42.812 45.021 50.046 50.999 54.814 56.54 56.967 52.806 53.862 55.061 57.153 55.009 43.816 51.795 45.193 44.595 49.882 47.503 43.388 41.784 41.632 41.579 43.932 53.994 56.17 57.634 57.592 58.962
42.606 45.652 48.612 49.994 49.571 49.356 46.79 43.887 42.761 42.56 42.104 42.083 42.086 42.31 42.425 42.337 42.355 42.417 43.204 42.832 42.603 42.633 42.717 42.806 42.889 42.981 43.048 43.258 54.727 54.347 53.358 51.798 46.227 42.595 42.654 42.631 42.632 42.824 42.785 42.754 43.193 49.392 52.598 44.317 48.172 51.516 55.087 54.761 56.944 56.18 56.168 54.829 54.557 54.41 56.101 52.707 54.037 54.136 52.005 51.972 48.677 47.477 45.785 45.115 42.273 41.455 41.384 49.627 54.803 55.813 58.066 49.703
41.983 42.143 50.093 50.535 52.171 52.466 49.688 43.662 42.376 42.108 41.732 41.798 42.07 42.03 42.045 42.102 42.192 42.342 42.722 42.598 43.183 42.497 42.583 42.636 42.724 42.768 42.878 43.164 54.223 54.875 53.482 51.102 47.4 42.512 42.449 42.483 42.551 42.73 42.618 42.498 46.625 51.997 53.931 51.669 52.668 55.357 56.674 57.395 57.847 53.602 54.295 54.134 51.67 44.518 42.71 45.092 51.64 49.653 45.217 43.151 49.06 47.656 46.594 46.689 42.596 41.351 41.242 47.312 49.139 45.252 54.122 55.244
43.822 43.27 47.387 49.767 51.935 49.813 49.903 43.22 42.087 41.739 41.713 41.726 41.751 41.773 41.809 41.866 42.038 42.171 44.773 46.417 46.29 44.139 42.496 42.519 42.503 42.622 42.812 47.068 47.825 49.927 50.408 47.583 42.989 42.346 42.316 42.328 42.478 42.568 42.512 46.46 48.183 51.13 52.654 52.096 55.697 56.307 56.677 56.663 57.137 56.677 52.372 52.052 43.56 41.344 41.342 41.341 41.308 41.424 41.465 41.52 43.595 44.579 46.248 45.583 44.732 45.277 43.387 51.641 50.848 50.443 49.229 52.758
45.468 44.853 43.029 45.191 47.951 44.701 44.113 42.79 41.723 41.634 41.621 41.682 41.717 41.697 41.765 41.78 41.841 41.884 42.812 46.331 46.279 46.406 42.499 43.84 42.473 42.45 42.711 49.032 48.106 48.475 45.602 45.449 42.161 42.187 42.164 42.202 42.394 42.388 44.335 52.851 52.202 52.204 52.043 52.386 55.12 56.373 56.5 57.334 56.068 51.379 49.846 46.112 41.298 41.296 41.321 41.339 41.343 41.349 41.382 41.443 41.434 42.413 41.428 41.014 42.259 47.889 51.688 50.36 54.458 52.521 54.374 54.428
41.54 41.955 40.919 42.181 41.2 41.863 41.64 41.804 41.568 41.639 41.666 41.672 41.68 41.657 41.727 41.693 41.721 41.704 41.75 41.799 41.804 42.92 45.149 46.194 46.653 47.282 47.722 49.564 45.451 49.383 46.811 41.942 41.995 42.016 42.045 42.093 42.202 42.05 48.183 53.862 55.273 56.12 52.686 51.354 55.239 55.567 56.807 56.147 55.934 45.894 41.323 41.331 41.32 41.333 41.327 41.345 41.287 42.976 41.492 41.666 41.334 41.642 42.074 40.997 41.386 48.504 53.121 54.03 56.738 57.038 52.143 47.046
43.456 42.605 41.412 40.824 40.88 41.093 41.257 42.167 41.222 41.448 41.773 41.718 41.716 41.809 41.795 41.693 41.707 41.66 41.675 41.63 41.615 41.625 41.625 42.239 46.53 44.507 44.001 48.19 45.471 44.118 42.827 41.787 41.872 41.917 41.868 42.028 42.075 48.288 53.851 48.312 53.437 51.335 55.099 54.795 56.81 57.045 57.079 53.085 49.69 42.242 41.372 41.371 41.358 41.35 41.304 41.244 43.52 46.503 44.305 42.169 41.263 42.221 41.035 40.906 41.094 49.671 54.055 54.587 55.395 56.145 55.634 55.661
44.035 44.019 44.219 43.088 41.054 40.817 40.851 41.072 42.139 41.55 41.559 41.585 41.641 41.72 41.806 41.804 41.737 41.583 41.601 41.556 41.572 41.522 41.509 41.452 41.472 41.509 42.006 42.07 41.856 41.533 41.556 41.643 41.708 41.717 41.773 41.903 41.838 41.951 54.865 54.897 53.562 47.519 53.085 56.302 57.865 56.263 56.868 53.452 42.887 41.419 41.365 41.395 41.376 41.319 41.266 41.234 43.49 46.996 47.845 43.167 42.459 43.588 41.987 47.052 50.346 54.208 55.456 55.774 55.44 53.135 53.474 48.704
44.101 45.328 45.885 44.053 40.977 40.774 43.075 47.615 47.056 42.319 41.395 41.39 41.511 41.944 41.643 41.691 41.621 41.703 41.613 41.585 41.425 41.429 41.427 41.347 41.354 41.346 41.363 41.278 41.33 41.342 41.477 41.496 41.585 41.55 41.676 41.746 41.474 47.934 44.96 53.34 49.104 51.267 51.651 55.975 55.581 55.648 55.626 53.29 44.331 41.376 41.38 41.419 41.407 41.296 41.214 41.165 41.668 42.756 43.176 41.179 42.079 41.96 42.238 43.547 54.036 56.018 56.461 57.241 54.267 53.774 53.393 51.376
44.114 44.492 45.494 44.17 42.813 42.148 44.212 48.23 48.285 43.404 41.252 41.304 41.376 41.647 42.281 41.441 41.457 41.557 41.566 41.638 41.552 41.446 41.304 41.187 41.19 41.177 41.208 41.134 41.133 41.187 41.323 41.326 41.377 41.317 41.515 41.579 42.154 48.61 47.946 44.161 55.905 56.546 56.981 56.956 56.658 55.438 52.581 50.468 43.223 41.359 41.378 41.38 41.341 41.248 41.19 41.094 41.296 46.362 44.762 41.168 41.244 42.313 43.116 43.781 52.852 55.642 57.153 57.653 57.904 56.475 52.263 49.073
44.016 43.965 44.043 43.938 43.524 42.713 47.771 52.422 47.325 41.172 41.127 41.146 41.239 41.542 42.119 42.937 41.378 41.346 41.366 41.425 41.429 41.405 41.413 41.277 41.149 41.048 41.015 41.047 41.028 41.067 41.168 41.149 41.175 41.17 41.337 41.27 43.447 44.407 41.25 50.934 54.334 52.96 54.881 56.382 57.077 52.829 52.003 43.54 41.307 41.36 41.333 41.352 41.299 41.239 41.194 41.095 43.491 47.23 46.895 44.393 41.153 42.759 43.578 44.319 48.774 53.502 56.147 56.796 56.085 42.417 53.387 53
43.993 43.999 43.954 43.944 41.779 41.233 43.76 48.816 43.492 41.032 40.99 41.038 40.98 41.125 43.299 43.966 43.453 41.234 41.194 41.239 43.118 41.592 41.289 41.245 41.248 41.101 40.952 40.901 40.851 40.965 41.03 40.958 41.049 41.048 41.182 41.091 41.012 40.913 46.765 52.46 52.89 52.758 53.933 54.482 54.502 53.334 51.488 43.093 41.25 41.311 41.423 41.344 41.283 41.211 41.092 41.156 47.731 47.938 47.691 47.296 46.871 44.505 43.721 44.883 45.22 50.823 54.379 55.665 56.206 44.776 46.902 53.651
44.016 43.98 43.932 43.925 41.721 42.375 50.283 49.591 41.972 40.866 40.883 40.976 41.317 41.913 41.607 42.579 41.607 41.298 41.136 41.1 46.007 47.589 46.466 41.463 41.088 41.192 40.964 40.789 40.715 40.781 40.876 40.894 40.948 40.994 41.042 40.909 40.836 40.774 42.486 40.47 46.965 50.832 51.861 54.257 50.637 48.862 44.959 41.622 45.686 46.502 47.235 44.511 41.379 41.139 42.129 44.115 47.087 47.303 47.777 47.994 47.507 47.205 44.074 42.091 43.527 40.062 43.713 44.735 48.815 43.332 52.851 55.571
44.008 43.961 43.918 43.902 42.816 46.963 48.153 43.362 40.762 40.801 40.844 41.204 41.051 41.082 41.078 42.059 41.244 40.992 41.3 44.18 47.461 48.322 48.457 47.579 42.25 40.974 41.003 40.73 40.669 40.679 40.662 40.754 40.676 40.843 40.831 40.719 40.651 40.516 40.378 40.356 40.337 40.44 48.865 51.511 51.715 46.009 49.68 49.595 51.691 53.077 51.313 48.005 45.398 41.106 42.368 42.665 45.355 46.621 46.958 47.542 47.83 44.577 42.066 42.047 40.586 39.844 39.765 39.771 39.679 39.929 53.164 47.104
43.957 43.936 43.89 41.742 41.787 46.579 50.892 41.821 40.633 40.645 40.743 40.73 40.776 40.844 41.897 40.888 40.886 40.874 40.84 45.714 47.447 48.632 47.971 47.134 42.013 40.854 40.709 40.677 40.472 40.516 40.591 40.596 40.544 40.661 40.553 40.537 40.516 40.251 40.247 40.263 40.272 40.172 40.345 50.411 51.127 49.655 49.428 52.149 53.106 54.214 53.634 49.009 44.123 40.969 42.507 41.047 41.567 41.909 42.563 46.517 46.954 41.994 42.843 41.779 40.103 39.633 39.65 39.652 39.544 39.77 53.051 53.176
43.935 43.844 43.909 41.579 41.524 50.024 47.947 41.275 40.507 40.55 40.594 40.628 40.695 40.746 40.757 40.913 40.725 40.644 40.707 46.54 47.642 48.082 47.371 46.307 42.61 40.943 40.518 40.448 40.328 40.383 40.406 40.441 40.512 40.445 40.34 40.42 40.205 40.15 40.133 40.211 40.108 40.08 40.071 40.986 46.222 45.918 47.094 50.968 51.727 53.224 52.347 49.463 43.13 46.342 42.807 40.771 40.791 40.885 40.957 41.921 42.564 43.229 43.357 42.488 39.578 39.463 39.538 39.457 39.311 39.616 52.646 53.878
