dsm/se2735_DSM_2M.asc
ncols 500
nrows 500
xllcorner    427000
yllcorner    435000
cellsize     2
NODATA_value -9999
[rows 224 to 255 of 500, columns 0 to 71 of 500]
86.109 86.359 89.226 89.642 86.241 85.312 84.834 89.834 91.756 91.275 90.356 88.872 90.025 85.892 88.824 86.23 84.643 84.593 84.621 84.601 84.593 84.518 84.552 85.278 85.27 86.859 90.799 92.506 93.212 92.138 87.753 84.909 85.115 85.104 85.06 84.972 85.054 92.237 95.939 93.76 93.389 85.634 86.122 97.386 91.11 98.995 99.54 99.597 95.526 99.358 98.484 97.04 85.336 83.225 82.318 82.601 82.99 82.918 82.999 83.509 82.46 82.084 81.992 83.424 81.621 80.792 80.825 80.75 80.57 80.45 80.426 80.459
89.316 90.099 90.993 91.022 88.938 84.384 84.652 85.915 89.469 90.153 85.313 87.367 89.859 90.772 89.085 87.472 85.273 84.648 84.616 84.587 84.583 84.585 85.42 84.813 85.152 89.224 91.884 92.795 92.441 91.081 85.876 85.246 85.098 85.153 85.002 85.02 85.001 84.828 84.805 84.794 84.501 84.446 84.522 84.564 96.56 99.192 99.314 98.79 99.743 97.15 94.876 96.45 90.52 83.845 84.479 85.125 83.953 84.681 83.564 83.099 82.375 82.198 81.889 81.8 80.958 81.019 80.935 80.829 80.669 80.547 80.513 80.517
91.014 91.363 91.742 91.424 90.401 85.239 84.359 84.857 86.19 85.054 85.26 87.619 90.394 89.577 86.53 85.242 84.679 84.686 84.694 85.645 84.875 84.739 84.836 85.309 85.86 86.729 91.26 91.918 91.481 88.924 86.317 86.166 85.694 85.513 85.138 84.943 85.133 84.994 84.846 84.759 84.918 84.59 84.529 84.451 84.412 84.254 87.636 95.277 95.952 91.042 94.495 97.187 93.669 88.102 84.134 87.453 86.576 87.599 85.183 82.836 82.454 82.199 81.884 81.427 81.027 81.103 81.059 80.932 80.748 80.661 80.659 80.694
91.304 91.681 91.473 90.701 90.238 87.381 84.374 84.851 84.651 85.729 86.063 84.825 86.584 87.999 84.995 84.692 84.72 84.752 85.319 84.951 85.378 85.764 85.746 85.423 85.954 85.579 86.32 87.196 90.823 87.847 86.443 85.485 85.668 85.631 85.443 85.191 84.956 84.868 84.842 84.939 84.98 84.814 85.061 84.674 84.399 84.426 84.365 84.371 84.51 87.097 93.344 95.413 87.624 84.364 84.376 88.773 88.718 89.213 86.306 82.785 82.509 82.257 81.998 81.437 81.22 81.21 81.16 81.054 80.874 80.821 80.727 80.809
90.583 90.449 90.021 88.733 87.013 84.647 84.38 85.306 84.51 84.424 84.55 85.678 85.499 84.915 84.684 84.736 85.164 86.041 84.93 84.894 86.117 85.822 85.963 89.449 89.689 86.323 87.007 86.232 86.115 87.068 87.227 86.063 85.512 85.339 85.644 86.056 85.701 85.235 84.959 85.148 85.331 84.985 85.5 85.809 86.659 84.703 84.533 84.437 84.421 85.103 84.536 85.756 83.655 83.635 83.283 88.407 89.487 89.124 85.861 83.136 82.626 82.388 81.966 81.443 81.352 81.327 81.261 81.146 80.962 80.891 80.844 81.725
90.03 86.87 86.17 84.608 85.227 84.677 84.34 84.256 84.27 84.309 84.474 84.585 84.542 84.691 84.661 84.671 84.85 84.755 85.572 86.519 86.509 86.333 90.673 92.479 91.139 87.073 86.364 88.802 88.357 89.171 88.195 85.702 85.353 85.404 85.54 85.317 85.454 85.835 85.153 85.379 85.136 84.833 87.792 87.385 89.331 87.829 85.21 85.292 84.981 84.448 84.892 84.82 83.918 83.642 83.697 88.238 88.182 87.954 87.001 83.435 82.573 82.218 81.837 81.423 81.441 81.424 81.317 81.246 81.078 80.995 80.964 81.073
84.066 84.224 84.427 84.68 84.31 84.232 84.126 84.089 84.139 84.294 84.416 84.469 84.559 84.838 85.276 84.675 84.714 84.862 86.05 86.415 87.705 91.623 93.137 93.447 92.93 91.833 87.444 89.432 90.136 89.333 88.408 85.926 85.412 85.379 85.323 85.297 85.322 85.387 86.084 87.972 86.579 88.905 88.892 89.915 89.3 87.364 86.934 86.432 84.553 84.432 84.27 84.674 84.295 84.265 84.297 84.234 84.94 83.531 83.475 83.17 82.757 82.64 82.015 81.551 81.503 81.435 81.439 81.26 81.163 81.107 81.238 83.067
83.748 84.257 84.57 84.123 83.956 83.904 84.054 84.07 84.246 84.274 84.378 84.423 84.456 84.938 84.714 84.76 84.824 85.021 85.403 89.249 91.68 92.641 93.747 93.302 92.154 89.935 88.682 87.276 87.063 87.753 86.44 86.714 85.655 86.093 85.394 85.386 85.312 85.305 86.416 89.868 89.249 90.697 86.115 88.186 86.824 86.819 86.937 87.166 86.06 84.582 84.344 84.238 84.107 83.995 84.133 84.043 85.063 85.24 84.951 83.607 82.854 82.432 82.064 81.729 81.607 81.535 81.539 81.392 81.317 81.272 81.867 81.668
83.68 83.773 83.747 83.725 83.778 83.929 84.028 84.139 84.214 84.258 84.315 84.413 84.53 84.669 85.338 85.471 85.653 85.228 85.644 86.908 91.938 93.108 93.29 92.29 88.664 86.933 88.576 86.239 86.038 86.488 86.932 86.937 85.749 87.256 86.198 85.559 85.429 85.879 88.66 91.766 93.511 91.566 86.024 86.401 85.557 87.145 85.918 87.057 85.321 84.444 84.329 85.494 86.489 88.684 85.351 84.78 85.588 85.63 85.473 84.338 83.431 82.331 81.99 81.901 81.772 81.694 81.581 81.466 81.44 81.398 82.58 82.074
83.364 83.456 83.604 83.686 83.84 83.869 84.02 84.097 84.157 84.173 84.249 84.538 84.663 87.003 86.622 86.046 86.671 86.59 85.66 85.944 87.007 91.964 92.121 87.949 87.214 88.184 86.11 86.033 86.051 86.103 86.104 86.117 88.652 89.962 91.527 88.216 86.882 86.306 88.964 88.848 88.075 86.949 85.737 85.459 85.519 86.841 86.727 85.314 84.569 84.499 84.301 88.228 89.478 90.32 89.941 86.313 85.052 85.429 85.846 83.403 83.025 82.301 82.042 81.935 81.809 81.747 81.656 81.633 81.498 81.547 82.273 82.364
83.302 83.448 83.576 83.637 83.814 83.86 83.944 83.996 84.085 84.234 85.783 86.709 86.891 87.209 86.297 88.599 90.814 90.505 85.629 85.771 85.847 87.433 87.518 86.225 89.099 90.428 87.553 86.163 86.104 86.102 86.074 86.161 89.452 91.866 90.762 89.291 87.473 87.8 88.406 87.776 86.485 85.701 86.843 85.455 85.345 85.439 85.273 85.124 84.318 87.072 88.834 89.966 90.598 91.199 91.097 87.752 84.014 84.17 83.72 83.208 82.906 82.492 82.181 82.039 81.975 81.906 81.825 81.744 81.639 83.263 82.604 81.381
83.34 83.417 83.571 83.603 83.728 83.89 83.987 84.121 84.24 84.135 84.461 85.59 86.061 88.968 91.039 92.036 92.834 92.362 87.313 85.646 86.071 85.794 86.075 86.196 87.016 89.755 91.334 90.901 86.256 86.129 86.083 86.075 87.774 90.82 90.634 88.253 87.25 87.872 87.83 87.55 87.256 85.785 86.204 85.731 85.77 89.371 90.094 85.335 84.484 85.308 90.181 91.042 91.146 90.447 89.972 88.522 84.025 83.835 83.691 83.395 82.993 82.608 82.286 82.201 82.105 82.006 81.905 81.857 81.807 85.362 86.819 82.227
83.253 83.356 83.447 83.616 83.749 84.48 85.034 84.594 84.266 84.003 84.656 85.4 91.024 91.644 92.52 92.832 92.459 91.499 87.174 85.737 87.004 86.026 87.489 86.253 86.233 87.05 91.287 91.477 87.477 86.143 86.301 86.402 88.214 88.824 87.423 87.539 87.018 87.215 88.192 88.129 87.673 85.877 85.425 88.124 90.036 91.117 91.591 90.858 85.302 84.275 89.108 90.894 90.108 89.98 86.395 84.502 83.972 83.886 83.772 83.528 83.217 82.903 82.619 82.58 82.46 82.147 82.043 82.013 81.92 83.311 83.189 81.727
83.199 83.258 83.446 83.722 83.838 83.924 84.088 84.201 84.188 83.981 85.387 86.574 90.733 92.567 92.465 91.526 89.344 88.476 86.632 88.586 88.152 87.957 87.69 87.029 86.586 88.174 90.395 91.178 91.09 88.028 89.046 87.918 88.346 88.752 87.218 89.18 89.558 86.999 87.622 86.88 85.905 85.593 89.828 90.821 91.65 92.058 92.251 91.271 86.675 84.473 84.329 89.619 88.646 84.681 84.271 84.128 84.054 83.902 83.805 83.61 83.324 82.999 82.923 82.871 82.699 82.357 82.137 82.115 82.119 83.181 82.896 82.559
83.219 83.356 83.5 83.786 83.702 83.871 84.618 87.652 89.079 86.495 83.837 86.889 88.045 91.425 89.694 88.714 90.784 86.748 86.049 88.808 88.421 87.994 87.669 87.392 86.54 88.734 90.437 91.724 92.752 88.581 87.204 88.038 88.306 88.133 86.184 86.555 87.312 86.613 90.902 87.798 86.188 85.495 90.628 91.826 92.352 92.102 91.743 91.015 86.723 85.112 84.754 85.047 84.207 84.274 84.251 84.261 84.13 83.944 83.832 83.718 83.473 83.185 83.175 83.055 82.838 82.456 82.281 82.218 84.016 85.069 83.48 83.217
83.14 83.226 83.451 83.632 84.936 88.459 88.315 90.043 90.646 89.898 87.79 83.966 85.828 86.196 87.542 85.761 88.785 88.924 86.801 85.926 86.701 87.696 86.594 86.742 88.154 89.245 88.673 90.26 89.326 87.197 87.821 88.321 88.314 88.129 86.211 86.375 90.294 91.655 92.294 92.644 89.036 85.614 85.519 92.191 91.587 91.151 90.422 87.55 85.19 85.279 84.892 84.338 84.315 84.377 84.331 84.621 84.14 83.981 83.86 83.758 83.66 83.394 83.345 83.231 82.833 82.501 82.384 82.353 84.184 85.885 86.003 82.371
82.902 82.895 82.964 84.764 88.714 90.121 91.415 91.793 91.368 90.55 88.486 84.002 84.959 85.233 88.26 85.885 86.015 87.473 87.091 87.287 87.454 88.034 86.728 88.618 88.035 87.383 87.834 87.569 86.411 86.404 86.966 88.416 87.271 87.165 88.666 91.31 92.018 92.622 93.003 92.888 90.338 86.803 85.406 89.602 90.407 89.993 85.708 85.279 85.194 85.103 84.96 84.691 84.513 84.466 84.366 84.61 84.23 84.004 83.938 83.763 83.662 83.562 83.514 83.06 82.821 82.618 82.593 82.526 83.34 85.16 83.121 82.306
85.861 84.001 82.937 83.416 88.724 90.536 91.368 91.368 90.358 89.904 88.39 83.98 87.279 88.034 90.251 89.827 85.082 87.207 90.833 90.121 87.721 88.292 89.685 90.268 89.075 86.719 86.811 86.943 86.95 86.367 87.737 87.544 86.851 86.377 90.086 92.318 93.074 92.983 92.551 91.943 91.156 86.197 85.619 85.493 87.65 85.42 85.326 85.22 85.198 85.154 85 84.785 84.593 84.604 84.458 84.317 84.185 84.111 84.018 83.828 83.648 83.423 83.209 82.977 82.84 82.78 82.686 82.593 83.376 82.777 82.367 81.93
89.1 86.14 84.164 84.093 85.64 89.948 90.387 89.816 89.359 86.649 84.126 83.918 85.713 85.621 90.468 89.26 85.483 88.395 91.417 91.06 89.011 89.469 91.22 90.668 88.111 86.847 86.357 86.462 88.123 88.464 88.738 90.231 86.992 86.57 86.134 91.009 92.484 91.981 91.554 88.606 86.281 86.39 85.956 85.516 85.356 85.359 85.339 85.286 85.154 85.027 84.84 84.712 84.649 84.4 84.343 84.221 84.073 83.953 83.845 83.703 83.536 83.426 83.163 83.089 82.988 82.904 82.827 82.784 84.877 84.188 83.571 81.935
90.153 88.952 84.143 83.919 83.712 88.227 89.179 87.299 84.138 83.819 83.867 83.858 84.502 85.4 87.025 86.874 86.335 88.144 90.679 88.225 91.636 91.905 91.034 87.336 86.531 86.833 86.726 86.39 86.88 88.394 89.504 91.656 91.422 86.472 86.357 86.224 91.494 90.951 86.832 86.368 86.189 86.105 87.516 85.77 85.41 85.448 85.356 85.211 85.085 84.925 84.899 84.733 84.664 84.528 84.354 84.264 84.087 83.964 83.868 83.721 83.607 83.456 83.33 83.245 83.118 83.055 82.991 83.003 85.904 86.497 83.375 82.041
90.086 89.119 84.711 83.061 83.576 84.46 83.524 83.526 83.726 83.784 83.685 83.853 85.435 86.07 87.387 89.511 88.277 85.365 88.934 90.917 91.28 91.156 85.806 85.869 87.25 87.299 87.369 86.433 88.774 90.796 91.567 92.638 92.932 91.215 86.961 86.258 86.123 86.316 86.08 86.111 86.689 86.133 85.969 85.692 85.528 85.348 85.259 85.13 85.068 85.049 84.919 84.803 84.68 84.531 84.433 84.245 84.166 83.967 83.899 83.827 83.637 83.53 83.383 83.326 83.251 83.165 83.102 83.071 85.586 86.359 84.032 82.165
88.855 87.005 86.198 82.857 84.208 83.876 83.634 83.437 83.232 83.485 83.531 83.661 84.203 85.695 85.884 86.536 88.588 88.847 89.489 90.294 89.96 88.4 85.71 85.617 86.866 87.279 86.648 86.77 90.246 91.648 92.984 92.463 91.719 91.398 88.498 86.736 86.067 86.002 85.992 85.953 85.939 85.964 87.612 85.906 85.39 85.283 85.235 85.198 85.121 85.087 85.01 84.967 84.887 84.744 84.661 84.62 84.633 84.111 84.085 83.913 83.735 83.631 83.511 83.37 83.346 83.285 83.209 84.599 86.057 86.186 83.169 82.279
84.306 83.221 82.874 84.499 84.95 84.26 84.645 83.504 82.937 82.991 83.494 83.561 83.74 87.269 85.319 84.778 89.315 88.845 87.798 85.459 85.608 85.36 85.723 85.571 87.319 85.8 85.502 86.291 90.21 93.105 92.319 91.516 90.112 87.783 86.294 86.27 86.027 85.903 85.895 85.855 85.896 87.421 88.632 85.516 85.364 85.354 85.295 85.229 85.177 85.251 85.535 85.196 85.152 85.04 84.939 84.774 84.813 85.067 84.374 84.112 83.949 83.797 83.598 83.415 83.402 83.391 83.353 84.781 87.512 86.411 83.283 82.432
82.478 82.74 82.737 84.276 84.934 85.174 85.989 84.697 82.848 82.872 83.419 83.465 83.464 83.966 88.52 86.707 85.431 85.943 86.667 86.765 85.513 85.226 86.841 87.419 88.136 89.297 85.308 86.032 86.26 89.902 91.356 88.206 86.544 86.325 86.068 86.073 85.89 85.829 85.799 85.766 85.688 85.662 85.427 85.385 85.404 85.337 85.294 85.319 85.367 85.664 85.536 85.395 85.299 85.2 85.106 84.99 84.799 85.551 85.441 84.211 83.989 83.895 83.772 83.583 83.511 83.505 83.482 83.901 86.302 86.178 83.066 82.452
82.726 82.766 82.707 82.403 82.82 82.618 85.857 85.03 82.858 82.881 82.97 83.337 83.441 83.741 87.359 86.643 84.069 84.46 84.847 87.159 86.69 86.763 87.537 89.595 90.269 90.773 90.722 86.357 85.908 86.324 89.075 86.381 86.206 86.14 85.92 85.879 85.91 85.756 85.643 85.664 85.493 85.445 85.468 85.455 85.451 85.437 85.493 85.543 85.652 85.854 85.926 85.885 85.528 85.227 85.171 85.02 84.867 85.801 85.072 84.34 84.003 83.944 83.864 85.055 83.644 83.607 83.55 84.936 86.564 86.045 83.011 82.577
82.222 82.894 82.112 81.875 81.861 81.91 85.173 89.162 84.14 84.364 84.943 84.991 85.247 84.685 84.057 83.783 83.865 83.994 83.976 86.572 85.315 86.64 88.643 90.292 91.526 91.623 90.657 88.673 85.332 86.178 86.085 86.243 86.004 85.989 85.912 85.794 86.047 85.826 85.514 85.455 85.501 85.497 85.468 85.533 85.912 86.762 86.905 85.777 85.986 85.815 85.957 89.984 87.177 85.555 85.175 85.259 85.23 85.025 84.46 84.794 84.061 84.044 83.973 83.86 83.721 83.643 83.601 84.14 86.09 86.19 84.206 82.753
82.049 82.196 81.731 81.687 81.753 84.243 90.839 92.108 87.149 86.4 86.685 86.287 84.648 83.386 83.46 83.639 83.715 84.707 83.822 83.486 85.045 88.422 90.385 91.68 91.722 90.589 90.215 87.959 85.199 85.399 85.795 85.839 85.886 85.736 85.945 86.86 85.68 85.445 85.427 85.475 85.49 85.49 85.5 85.649 87.249 87.137 86.687 86.119 85.906 89.288 92.323 92.136 89.674 86.942 85.734 85.373 85.083 84.826 84.543 84.895 84.169 84.075 84.04 83.99 83.793 83.76 83.754 85.928 86.07 85.869 83.824 82.918
81.328 81.436 81.443 81.593 81.855 91.366 91.059 92.166 87.431 87.559 87.655 85.408 83.471 83.603 83.365 83.428 83.617 84.202 84.751 85.377 83.693 84.947 90.466 91.179 90.296 90.134 86.346 85.239 85.252 85.31 85.569 85.485 85.4 85.57 85.762 85.524 85.463 85.433 85.465 85.472 85.506 85.554 85.714 86.796 87.05 86.105 86.884 87.632 88.717 91.563 92.43 92.789 91.859 89.391 85.605 85.329 85.13 84.936 84.572 84.476 84.151 84.125 83.978 83.954 83.896 83.826 83.866 88.05 88.08 86.354 85.321 83.614
81.239 81.373 82.08 81.535 81.651 88.787 91.681 91.948 89.876 87.309 83.606 83.631 84.956 83.771 83.368 83.338 83.972 83.519 87.868 87.488 83.493 84.448 84.935 89.971 88.803 85.458 85.226 85.29 85.387 85.952 85.459 85.329 85.347 85.375 85.429 85.438 85.427 85.402 85.425 85.556 86.319 86.977 85.961 85.901 87.035 87.587 87.172 86.336 87.126 90.644 91.812 92.846 92.314 90.353 87.057 85.437 85.232 84.875 84.592 84.351 84.102 83.993 83.953 83.94 83.931 83.917 83.985 88.82 91.928 90.179 86.575 83.032
81.208 81.845 81.542 81.59 81.65 81.758 87.507 84.77 84.237 84.234 83.521 83.954 84.786 85.008 84.128 83.356 86.696 88.449 89.074 89.78 86.872 84.304 84.972 84.833 84.837 85.035 85.157 85.559 85.748 85.478 85.256 85.286 85.325 85.348 85.403 85.376 85.403 85.453 85.552 85.888 87.156 86.634 86.465 86.023 87.755 86.638 86.069 86.077 85.903 87.583 91.312 92.424 92.929 92.135 88.793 85.584 85.218 84.965 84.61 84.548 84.079 84.181 84.149 84.111 84.026 83.993 84.062 89.28 90.675 90.61 87.729 83.316
82.78 82.36 81.867 81.772 81.666 81.803 83.522 82.963 82.655 82.304 82.576 83.866 83.488 84.926 83.29 87.441 88.519 89.217 89.941 89.125 88.435 85.861 83.556 84.696 84.841 84.946 85.63 85.369 85.34 85.377 85.28 85.289 85.339 85.349 85.352 85.376 85.442 85.765 85.844 86.047 86.173 87.038 86.645 86.054 86.59 86.094 86.144 86.272 86.52 86.012 89.826 91.722 92.975 91.522 88.674 85.808 85.47 85.163 84.887 85.004 84.371 84.285 84.22 84.202 84.086 84.003 83.959 88.821 90.813 89.649 89.873 84.482
83.446 82.487 82.108 81.824 82.312 81.88 82.055 83.711 82.109 82.139 82.073 82.395 82.163 81.676 82.911 87.617 89.713 89.582 88.885 88.492 86.711 83.655 83.521 84.001 84.549 84.662 85.099 84.944 85.057 85.261 85.334 85.283 85.299 85.322 85.361 85.405 85.519 85.854 86.057 86.24 86.706 86.207 86.271 86.095 86.134 86.216 86.211 86.203 86.142 85.985 86.938 90.932 88.547 87.651 86.824 85.745 85.618 85.392 85.156 84.956 84.395 84.386 84.33 84.27 84.164 84.068 84.148 86.705 90.097 91.504 84.454 83.831
