dsm/se2737_DSM_2M.asc
ncols 500
nrows 500
xllcorner    427000
yllcorner    437000
cellsize     2
NODATA_value -9999
[rows 62 to 92 of 500, columns 420 to 489 of 500]
67.631 66.264 65.489 64.564 64.066 64.149 67.149 70.751 66.851 64.599 62.809 63.106 64.049 64.141 64.286 64.386 64.496 64.649 65.209 65.031 65.294 65.516 65.636 65.939 67.689 66.816 67.491 67.976 68.234 68.449 69.389 69.714 70.056 70.549 71.071 72.846 72.431 73.009 73.436 74.286 74.279 74.749 75.449 75.679 76.144 76.489 76.894 77.279 77.654 77.771 77.901 78.224 78.779 79.054 79.426 79.776 80.111 80.306 80.711 81.076 81.501 81.946 82.276 82.914 83.139 83.476 83.846 84.356 85.016 85.401
70.621 66.996 65.406 64.501 64.246 63.646 63.719 65.616 67.376 62.556 62.824 63.534 64.066 63.984 64.046 64.226 64.411 64.954 64.936 65.099 65.319 65.491 65.694 65.909 66.261 66.731 67.424 68.049 68.299 68.496 68.946 69.514 70.014 70.469 71.014 71.626 72.254 72.896 73.284 73.704 74.214 74.691 75.261 75.714 76.419 76.486 77.016 77.386 80.026 77.761 77.881 78.234 78.761 79.106 79.391 79.684 80.334 80.336 80.734 81.039 81.419 81.879 82.264 82.811 83.111 83.444 83.786 84.426 84.866 85.211
66.191 68.896 65.454 69.511 63.784 66.009 65.206 71.099 73.579 65.034 65.006 64.001 64.044 63.916 63.934 64.086 64.109 64.481 64.686 64.991 65.296 66.099 65.771 65.844 66.159 66.594 67.881 68.259 68.296 68.476 69.091 69.696 70.031 70.434 70.924 71.551 72.271 72.961 73.354 73.599 73.989 74.454 74.946 75.584 75.969 76.256 77.069 77.429 77.659 77.756 77.884 78.289 78.674 79.166 79.419 79.686 80.094 80.331 80.691 81.074 81.709 82.009 82.314 82.646 82.951 83.311 83.664 84.114 84.561 85.039
72.296 66.216 64.999 64.281 63.724 63.486 63.171 66.101 70.704 69.441 63.169 63.946 63.801 63.904 63.981 64.081 64.094 64.351 64.751 65.041 65.579 65.424 65.609 65.766 65.984 66.769 67.986 67.931 68.304 68.461 69.086 69.599 69.989 70.449 71.069 71.919 72.241 72.846 73.274 73.611 74.151 74.656 75.341 75.604 75.874 76.236 77.036 77.446 77.659 77.814 77.984 78.356 78.744 79.071 79.424 79.644 79.974 80.289 81.094 81.119 81.596 81.971 82.201 82.504 82.884 83.334 83.706 84.096 84.616 85.101
82.386 66.104 65.166 64.296 63.884 63.481 64.421 67.526 72.906 67.536 63.009 63.711 63.639 63.776 63.926 64.039 64.236 64.414 64.676 65.159 65.979 65.379 65.674 65.826 66.074 66.666 67.309 67.959 68.334 68.436 68.949 69.491 69.901 70.471 71.036 71.496 72.169 72.734 73.186 73.556 73.969 74.534 75.126 75.711 75.976 76.129 76.734 77.254 77.599 77.791 77.929 78.369 78.694 79.161 79.339 79.701 80.059 80.341 84.511 81.114 81.474 81.829 82.264 82.569 82.924 83.434 83.579 84.006 84.459 89.294
80.599 75.209 65.134 64.304 63.864 63.571 62.914 71.741 66.666 62.244 66.526 63.886 63.711 63.746 63.944 64.114 64.266 64.519 64.961 65.571 65.429 65.346 65.686 65.854 66.021 66.686 67.359 68.054 68.364 68.474 68.821 69.314 69.764 70.279 70.766 71.301 71.971 72.449 73.114 73.331 73.821 74.416 76.356 75.716 75.951 76.164 76.631 79.251 77.714 77.736 78.006 78.424 84.621 81.914 79.511 80.599 81.196 80.714 80.941 81.101 81.349 81.836 82.171 82.521 82.951 83.296 83.581 83.846 84.356 84.894
80.949 73.371 75.899 64.261 63.771 63.426 64.324 68.124 70.251 62.239 65.789 63.791 63.769 63.826 64.046 64.236 64.416 64.556 64.724 65.401 65.629 65.441 65.531 65.809 66.064 66.761 67.551 68.241 68.441 68.509 68.821 69.221 69.666 70.076 70.576 71.119 71.746 72.301 72.824 73.154 73.671 75.239 77.656 75.924 76.224 76.274 76.601 78.559 77.639 77.644 78.039 78.574 78.816 79.126 79.936 81.181 82.154 83.129 82.529 81.159 81.266 81.694 82.079 82.779 83.219 83.164 83.486 83.801 84.149 85.954
81.304 65.889 65.054 64.204 63.749 63.254 64.519 67.971 68.301 73.224 67.991 63.689 63.696 63.824 64.926 64.276 64.496 64.731 64.799 65.324 65.666 65.689 65.564 65.771 66.081 66.849 67.486 68.201 68.501 68.534 68.794 69.199 69.579 69.961 70.514 70.996 71.536 72.076 72.546 72.989 73.464 74.761 74.764 75.379 75.864 76.356 76.984 77.144 77.489 77.621 78.189 78.641 78.784 79.109 81.219 82.929 82.239 83.414 82.864 81.384 81.246 81.596 81.894 83.334 83.151 83.116 83.396 83.759 84.094 84.631
67.876 66.204 65.066 63.814 63.471 63.231 64.029 65.834 62.199 62.709 62.811 63.669 63.834 63.751 64.041 64.276 64.391 64.659 64.909 65.424 65.571 65.649 65.626 65.741 66.359 66.776 67.594 68.241 68.481 68.504 68.759 69.199 69.424 69.826 70.404 70.929 71.321 71.859 72.409 72.886 73.341 74.021 74.621 75.236 75.666 76.316 76.834 77.309 77.499 77.624 78.059 78.656 78.791 79.501 80.761 83.116 84.794 84.254 83.391 81.769 81.319 81.514 81.936 82.501 82.889 83.076 83.381 83.656 84.064 84.581
69.749 70.121 65.031 63.636 63.319 63.214 63.074 62.206 62.209 65.716 63.611 63.879 63.901 63.974 63.971 64.191 64.364 64.586 64.926 65.536 65.579 65.634 65.654 65.791 66.114 66.711 67.599 68.061 68.754 68.476 68.644 69.039 69.319 69.801 70.304 70.834 71.244 71.716 72.286 72.764 73.226 73.944 74.656 75.484 75.796 76.284 76.949 77.431 77.569 77.629 78.029 78.404 78.746 79.004 79.511 80.531 83.661 85.074 82.846 82.036 81.201 81.396 81.931 82.239 82.574 83.006 83.426 83.646 84.044 84.551
66.044 67.351 64.796 63.631 63.334 63.024 63.074 62.756 62.371 62.384 63.901 64.094 63.929 63.979 64.126 64.239 64.456 64.866 64.946 65.374 65.586 65.559 65.609 65.754 66.064 66.741 67.349 68.014 68.404 68.444 68.559 68.884 69.266 69.676 70.201 70.721 71.149 71.606 72.156 72.701 73.261 73.891 74.631 75.589 77.779 76.416 76.929 77.329 77.434 77.581 77.774 78.181 78.644 78.944 79.211 79.641 80.599 81.819 81.979 82.379 81.094 81.319 81.734 82.086 82.584 82.929 83.306 83.734 84.104 84.471
79.284 71.239 64.901 63.566 63.144 62.904 65.881 64.519 67.186 64.134 64.119 64.356 63.956 63.974 64.069 64.106 64.359 64.629 64.911 65.239 65.406 65.506 65.674 65.839 66.064 66.734 67.249 67.879 68.319 68.399 68.451 68.861 69.196 69.539 71.401 70.539 70.976 71.541 72.261 72.711 73.326 73.834 74.636 75.516 75.876 76.211 76.931 77.301 77.346 77.586 77.746 78.259 78.614 78.769 79.119 80.306 79.779 80.174 80.744 80.789 80.956 81.231 81.591 81.946 82.819 82.959 83.381 83.829 84.111 84.451
75.054 65.201 66.029 63.629 63.324 62.716 65.274 72.649 66.871 63.286 63.976 63.976 63.924 63.966 64.154 64.284 64.469 65.176 65.481 65.326 65.429 65.596 65.711 66.039 66.319 66.664 67.346 67.879 68.306 68.351 68.404 68.786 69.124 69.426 69.859 70.316 70.869 71.489 72.001 72.589 73.126 73.711 74.489 76.251 75.906 76.356 80.454 77.261 77.321 77.589 77.751 78.084 78.431 78.769 79.139 79.316 79.681 79.894 80.181 80.691 80.866 81.171 81.514 82.594 83.146 83.126 83.434 83.886 84.134 84.459
66.584 65.149 64.224 63.736 63.351 63.474 74.261 72.024 64.921 63.184 63.926 63.939 63.899 64.004 64.236 64.404 64.721 65.069 67.234 65.249 65.476 65.569 65.736 65.991 66.491 66.731 67.254 67.791 68.226 68.301 68.379 68.731 69.029 69.364 69.816 70.234 70.791 71.426 72.029 72.426 72.859 73.546 74.319 75.514 75.851 76.321 76.699 77.159 77.291 77.586 77.726 78.016 78.499 78.656 78.989 79.234 79.641 79.824 80.126 80.504 80.786 81.196 81.801 82.526 83.459 83.344 83.529 83.739 84.049 84.429
68.364 67.901 66.786 63.731 68.219 70.634 72.296 72.761 70.046 63.301 63.881 63.969 63.924 63.954 64.699 64.466 64.459 64.749 65.079 65.244 65.449 65.616 65.801 66.051 66.479 67.106 67.234 67.776 68.169 68.321 68.354 68.674 69.094 69.419 69.919 70.186 70.731 71.394 71.789 72.264 72.671 73.484 74.264 76.256 75.659 76.169 76.671 77.169 77.309 77.624 77.716 78.001 78.491 78.599 78.929 79.151 79.589 79.819 80.176 80.471 80.756 81.101 82.051 83.424 84.839 83.841 83.619 83.619 83.989 84.591
68.494 65.151 63.931 63.549 63.259 64.214 74.201 76.674 65.866 63.264 63.956 63.924 63.896 63.844 64.004 64.201 64.389 64.706 64.989 65.221 66.949 65.604 65.769 66.154 66.681 66.971 67.341 67.619 68.131 68.236 68.294 68.709 68.966 69.209 69.681 70.194 70.509 71.199 71.736 72.174 72.574 73.636 75.411 75.236 75.586 76.066 76.664 77.129 77.276 77.564 77.824 77.986 78.429 78.654 78.866 79.099 79.621 80.001 80.131 80.379 80.746 81.071 82.159 82.749 83.656 83.984 83.649 83.596 83.926 84.469
66.006 65.261 65.254 63.551 63.466 67.486 70.746 73.041 70.631 63.219 63.909 63.854 63.814 63.751 63.869 64.129 64.379 64.706 64.996 65.244 65.456 65.614 65.794 66.009 66.424 66.959 67.386 67.599 68.001 68.181 68.251 68.746 68.961 69.404 69.646 70.069 70.379 71.196 71.569 72.141 73.544 74.031 76.079 75.129 75.499 76.021 76.586 77.139 77.314 77.606 77.931 77.911 78.469 78.801 78.856 79.056 79.366 79.929 80.541 80.426 80.796 81.174 81.529 82.054 82.504 82.909 83.389 83.621 83.976 84.406
70.414 65.209 64.021 63.589 63.346 63.024 77.564 76.349 73.864 64.621 63.944 63.836 63.784 63.716 63.834 64.064 64.339 64.571 64.941 65.219 65.429 65.586 65.744 65.961 66.409 66.894 67.356 67.684 67.871 68.091 68.204 68.776 69.006 69.261 69.601 70.001 70.234 70.926 71.521 72.094 72.509 73.231 73.869 75.006 75.539 75.924 76.504 77.131 77.331 77.676 79.526 77.894 78.321 78.571 78.809 79.059 79.271 79.821 80.104 80.341 80.916 81.161 81.556 81.849 82.371 82.616 83.296 83.654 83.976 84.526
65.966 65.101 63.926 63.616 65.864 65.284 70.686 74.576 66.441 67.929 64.174 63.814 63.716 63.744 63.874 64.729 64.321 64.566 64.904 65.221 65.399 65.576 65.709 66.076 66.409 66.806 67.266 67.624 67.781 68.049 68.184 68.686 68.969 69.119 69.601 69.986 70.209 70.876 71.444 72.071 72.534 73.069 73.736 74.961 76.531 75.881 76.471 77.126 77.359 77.756 77.879 77.879 78.176 78.551 78.776 79.024 79.354 79.674 80.064 80.309 80.759 81.234 81.539 81.861 82.279 82.651 83.129 83.746 84.134 84.426
65.939 66.056 63.906 63.479 63.081 64.514 78.299 77.624 66.649 66.849 63.769 63.819 63.706 63.644 63.949 65.746 64.291 64.531 64.806 65.149 65.404 65.541 65.734 65.904 66.341 66.751 67.069 67.451 67.806 68.004 68.164 68.449 68.824 69.051 69.536 69.944 70.149 70.789 71.359 72.024 72.519 73.049 73.656 74.884 75.256 75.691 76.379 77.119 77.264 77.699 77.791 77.804 81.964 78.534 78.721 78.964 79.309 79.554 79.924 80.304 80.784 81.124 81.599 81.894 82.261 82.631 83.436 83.649 84.129 85.026
65.909 64.981 66.299 63.776 63.274 67.616 77.791 78.529 74.924 67.891 64.766 63.744 63.709 63.671 63.879 64.214 64.254 64.516 64.834 65.456 65.399 65.471 65.659 65.831 66.294 66.659 67.031 67.451 67.779 67.994 68.151 68.281 68.794 69.076 69.444 69.731 70.011 70.564 71.534 71.881 72.389 72.966 73.771 74.819 75.184 75.706 76.411 77.121 77.296 79.896 77.741 77.801 78.109 78.419 78.649 78.909 79.236 79.524 79.911 80.314 80.646 81.206 81.516 81.961 82.281 82.594 83.189 83.596 83.956 84.361
65.766 65.006 66.524 63.779 63.386 63.834 70.696 78.769 67.344 63.764 63.561 63.661 63.581 63.596 63.831 64.074 64.234 64.556 64.821 65.139 65.296 65.516 65.614 65.776 66.229 66.529 66.919 67.324 67.821 68.014 68.131 68.191 68.659 68.926 69.244 69.566 69.914 70.581 71.374 71.866 72.404 72.836 73.759 74.849 75.211 75.671 76.439 77.079 77.271 77.589 77.696 77.731 78.131 78.379 78.549 78.844 79.166 79.496 79.851 80.216 80.634 81.186 81.506 81.929 82.249 82.789 83.114 83.499 83.941 84.241
65.649 64.951 64.256 63.681 63.239 64.901 71.064 78.609 69.794 62.701 63.411 63.611 63.536 63.566 63.706 64.829 64.279 64.529 64.856 65.066 65.261 65.426 65.584 65.719 66.029 66.436 66.884 67.271 67.749 68.006 68.101 68.224 68.571 68.786 69.061 69.499 69.924 70.471 71.601 71.869 72.286 72.721 73.676 74.679 75.359 75.771 76.401 77.039 77.239 77.474 77.656 77.699 78.126 78.991 78.516 78.889 79.434 79.436 79.831 80.214 80.629 81.116 81.454 81.839 82.334 82.841 83.164 83.491 83.844 84.261
65.591 66.609 64.139 63.806 63.274 66.369 66.079 76.129 73.306 66.341 63.514 63.576 63.556 63.529 63.621 65.406 65.434 64.494 64.626 64.966 65.211 65.391 65.521 65.504 66.011 66.474 66.876 67.239 67.684 67.981 68.096 68.181 68.526 68.784 69.071 69.499 69.874 70.526 71.046 71.664 72.151 72.571 73.351 74.559 75.216 75.756 76.649 77.064 77.191 77.414 77.694 77.706 78.084 78.326 78.534 78.864 79.154 79.439 79.776 80.154 80.536 80.999 81.391 81.871 82.279 82.671 83.116 83.641 83.911 84.244
65.516 64.836 64.109 63.669 63.179 62.981 65.951 74.829 79.479 65.986 63.306 63.564 65.001 63.471 63.601 64.106 64.289 64.379 64.529 66.224 65.184 65.271 65.359 65.366 65.806 66.469 66.866 69.001 69.011 67.976 68.076 68.156 68.531 68.799 69.069 69.424 69.781 70.431 71.041 71.556 72.131 72.624 73.276 74.264 77.776 75.646 76.509 77.064 77.184 77.356 77.676 77.701 78.141 78.366 78.609 78.851 79.136 79.406 79.704 80.069 80.451 80.996 81.419 81.816 82.476 82.826 83.189 83.681 84.019 84.371
65.551 64.549 64.044 63.631 63.121 63.189 63.654 75.031 77.069 67.381 63.061 63.504 63.684 63.479 63.486 63.694 64.001 64.311 64.481 64.746 65.029 65.226 65.274 65.294 65.861 66.381 66.791 69.899 68.029 68.024 68.074 68.154 68.501 68.794 69.019 70.179 69.799 70.374 70.924 71.536 72.231 72.674 73.284 74.251 74.924 75.694 76.276 78.661 77.139 77.329 77.574 77.714 78.619 78.499 78.684 79.046 79.214 79.449 79.666 80.001 80.544 80.986 81.359 81.974 82.344 82.711 83.271 83.681 84.146 84.486
65.651 64.636 63.906 63.764 63.414 63.034 66.971 77.116 72.611 64.734 63.326 63.551 63.459 63.471 63.509 63.679 63.921 64.204 64.451 64.619 64.904 65.109 65.206 65.304 65.966 66.296 66.679 67.209 67.584 67.851 68.074 68.199 68.371 68.724 69.014 69.386 69.881 70.366 70.874 71.514 72.164 72.456 73.044 73.816 74.739 75.536 76.141 76.936 77.166 77.401 77.546 77.971 81.484 84.004 83.934 82.924 79.461 79.491 79.769 80.049 80.596 80.944 81.741 81.976 82.344 82.754 83.211 83.786 84.134 84.379
65.611 64.541 63.376 63.461 63.629 62.806 64.541 65.456 71.979 64.604 63.621 63.524 63.474 63.464 63.494 63.576 63.806 64.101 64.409 64.554 64.759 64.901 65.034 66.031 65.331 65.931 66.664 67.021 67.526 67.799 68.039 68.184 68.334 68.639 69.001 69.354 69.869 70.354 70.846 71.391 71.864 72.294 72.879 73.459 74.369 75.421 76.266 76.819 77.111 77.381 77.554 77.921 82.549 85.991 82.671 81.554 79.486 79.519 79.754 80.204 80.524 80.921 81.354 81.799 82.721 82.689 83.176 83.741 83.996 84.529
65.676 64.679 62.676 63.751 63.481 68.606 65.876 68.086 72.101 67.194 63.684 63.569 63.489 63.441 63.504 63.619 63.729 63.976 64.339 64.456 64.656 64.919 65.101 65.189 65.449 65.759 66.386 66.864 67.346 67.699 67.959 68.174 68.279 68.591 71.201 69.341 69.839 70.269 71.244 71.191 71.726 72.191 72.736 73.309 74.191 75.199 76.124 76.624 77.126 77.451 77.516 77.811 81.204 82.004 79.334 79.269 79.404 79.551 79.799 80.239 80.639 81.044 81.386 81.734 82.326 82.706 82.959 84.949 84.396 84.356
68.836 64.169 69.769 66.311 65.499 66.391 64.311 69.536 71.671 62.511 63.634 63.594 63.476 63.416 63.509 63.589 63.766 63.991 64.319 64.491 64.699 64.889 65.059 65.214 65.294 65.619 66.351 66.831 67.339 67.641 67.919 68.126 68.249 68.531 68.921 69.264 69.776 70.219 70.616 71.114 71.629 72.051 72.669 73.154 74.694 78.476 76.441 76.509 77.174 77.326 77.514 79.306 83.891 85.381 80.554 79.249 80.464 79.734 79.899 80.339 80.934 81.089 81.499 81.914 82.229 82.654 82.919 83.489 84.249 84.174
63.954 63.586 62.226 68.624 62.176 65.324 70.766 75.351 78.631 63.839 63.489 63.534 63.411 63.416 63.481 63.519 63.696 63.934 64.219 64.441 64.671 64.844 65.044 65.414 65.219 65.459 66.296 66.714 67.286 67.624 67.874 68.154 68.234 68.474 68.844 69.176 69.636 70.106 70.539 71.016 71.541 71.959 72.424 73.006 76.469 79.606 79.336 77.241 76.861 77.176 77.516 77.876 79.561 80.899 79.824 79.166 79.324 79.586 80.376 85.559 85.109 81.749 81.601 81.979 82.254 82.614 83.784 83.346 83.804 84.046
