dsm/se2734_DSM_2M.asc
ncols 500
nrows 500
xllcorner    427000
yllcorner    434000
cellsize     2
NODATA_value -9999
[rows 0 to 31 of 500, columns 72 to 143 of 500]
54.253 53.881 53.719 53.864 54.14 54.252 54.325 54.507 54.655 54.778 54.905 55.023 55.135 55.215 55.374 55.444 55.593 55.68 55.837 55.809 55.87 55.981 56.581 57.134 57.909 58.017 56.532 56.791 57.581 63.009 63.201 65.483 62.185 63.129 64.608 65.627 64.95 64.587 63.695 62.044 62.074 62.139 62.397 62.803 64.051 68.503 68.644 67.776 63.804 63.964 63.259 62.806 62.859 62.847 62.819 62.809 62.816 62.83 66.882 66.26 65.457 63.642 62.976 63.027 63.073 63.501 64.208 63.127 69.052 70.877 71.741 72.006
53.353 53.43 53.892 53.843 53.92 54.116 54.325 54.416 54.49 54.701 54.844 54.97 55.109 55.221 55.332 55.431 55.57 55.646 55.764 55.749 55.829 55.988 56.277 56.438 58.023 56.76 56.443 56.685 58.872 62.504 68.42 67.912 67.799 65.453 63.45 64.839 64.959 65.295 64.707 62.957 62.213 62.157 62.278 62.468 62.803 63.068 65.691 63.892 63.853 63.749 62.786 62.776 62.77 62.762 62.796 62.758 62.807 62.8 62.798 62.856 63.561 63.204 62.971 63.007 63.064 63.945 63.241 63.108 63.516 70.241 71.965 71.423
53.76 53.604 53.679 53.643 54.259 54.056 54.125 54.195 54.388 54.548 54.659 54.837 54.989 55.119 55.284 55.387 55.512 55.559 55.645 55.651 56.567 56.004 56.168 56.286 58.219 58.749 56.85 56.742 60.72 69.112 65.306 68.251 69.381 64.704 63.153 64.54 65.186 65.343 64.444 62.884 62.566 62.288 62.281 62.4 62.564 62.724 63.52 63.858 63.304 63.794 62.809 62.725 62.72 62.727 62.732 62.767 62.772 62.776 62.801 62.872 62.833 62.94 62.979 62.985 63.034 63.019 63.09 63.844 63.796 63.166 69.944 70.574
53.109 53.401 53.238 53.305 53.364 53.849 54.111 54.695 54.387 54.43 54.604 54.726 54.82 54.995 55.147 55.308 55.445 55.552 55.625 55.682 55.708 55.834 56.039 56.05 57.886 56.477 56.323 56.648 65.746 67.185 61.146 67.382 68.954 66.828 62.506 65.158 65.665 64.554 63.238 62.747 62.689 62.635 62.446 62.382 62.551 62.671 62.912 62.656 62.798 62.776 62.745 62.734 62.716 62.687 62.72 62.721 62.729 62.703 62.769 62.799 62.778 62.874 62.921 62.995 62.995 63.029 63.089 63.066 63.123 63.135 63.112 64.525
52.903 55.375 53.148 53.24 53.252 53.4 53.612 53.771 54.288 54.604 54.605 54.673 54.845 54.847 55.001 55.168 55.249 55.453 55.508 55.592 55.59 55.647 55.774 55.942 56.177 56.346 56.453 56.632 60.191 65.03 61.567 64.832 66.685 63.009 66.043 64.386 64.388 63.273 62.724 62.651 62.68 62.698 62.697 62.591 62.575 62.572 62.61 62.658 62.656 62.688 62.709 62.711 62.697 62.676 62.707 62.709 62.729 62.784 62.822 62.855 62.842 62.879 62.918 62.953 62.93 62.961 63.037 63.067 63.098 63.126 63.169 63.185
52.806 57.658 57.665 56.41 54.212 53.301 53.302 53.42 53.72 53.977 54.358 54.646 54.795 54.808 54.892 54.993 55.11 55.314 55.41 55.534 55.668 55.712 55.724 55.856 55.982 56.385 56.331 56.695 61.584 61.035 63.396 65.377 66.811 68.474 67.834 64.358 64.204 63.559 62.55 62.591 62.672 62.714 62.696 62.835 62.519 62.516 62.602 62.639 62.677 62.659 62.643 62.67 62.638 62.722 62.662 62.735 62.739 62.758 62.943 62.957 62.956 62.966 62.955 62.905 62.917 62.969 63 63.017 63.119 63.109 63.118 63.138
52.805 58.476 59.256 58.795 57.348 56.318 54.008 53.355 53.445 53.682 54.675 54.77 54.629 54.733 54.816 54.903 55.064 55.145 55.246 55.42 55.513 55.608 55.777 56.832 56.109 55.984 56.14 56.861 64.486 66.977 66.867 65.967 61.093 65.643 65.446 63.031 63.691 63.276 62.36 62.468 62.558 62.667 67.501 66.067 66.725 62.558 62.517 62.516 62.615 62.573 62.602 62.655 62.679 62.694 62.724 62.776 62.781 62.956 67.791 66.02 63.23 63.928 63.11 62.978 62.971 63.011 63.043 62.994 63.01 63.074 63.125 63.079
56.588 58.795 59.305 59.79 59.253 58.732 57.132 53.194 53.433 53.703 54.949 54.728 54.995 54.923 54.744 54.805 54.943 55.054 55.111 55.223 55.305 55.473 55.607 55.767 56.125 56.018 56.052 56.205 60.97 66.068 65.726 60.73 59.451 60.024 58.329 59.767 62.663 65.334 64.884 64.306 62.943 70.707 72.206 72.006 66.963 62.555 62.488 62.451 62.551 62.568 62.608 62.609 62.621 62.67 62.64 62.749 62.954 63.166 68.615 68.605 68.028 66.909 63.844 64.111 63.207 63.058 63.015 63.012 62.984 63.025 63.023 63.02
53.695 56.819 58.106 58.838 59.258 58.984 57.979 53.465 54.983 54.026 54.344 54.623 54.794 54.998 54.582 54.607 54.818 54.896 54.977 55.104 55.271 55.376 55.485 55.737 55.781 55.907 56.053 56.135 56.26 59.832 62.241 59.517 57.331 57.241 60.17 62.027 65.925 68.502 64.798 68.283 70.037 72.97 71.522 73.139 68.838 63.732 62.447 62.494 64.654 64.413 62.557 62.569 62.624 62.634 62.666 62.709 62.877 68.267 68.877 68.696 68.704 68.576 68.549 67.606 65.805 64.153 63.178 63.115 63.042 63.011 62.991 62.956
52.767 52.644 54.435 56.845 58.115 58.158 54.878 55.36 55.65 54.896 53.484 53.896 55.928 55.739 54.413 54.54 54.66 54.757 54.786 54.921 55.495 55.817 55.609 55.568 55.665 55.81 56.014 56.099 56.202 56.274 56.444 56.497 56.576 56.684 57.034 57.943 66.809 69.453 70.665 69.313 70.679 72.524 72.979 71.149 72.009 65.988 63.183 63.921 64.712 62.531 62.514 62.525 62.685 62.586 62.648 62.766 63.021 69.073 68.966 68.935 68.878 68.766 68.71 68.673 68.641 67.809 65.808 64.214 65.83 63.118 63.013 63.033
52.125 53.302 53.102 52.717 52.78 55.105 53.352 54.669 53.45 53.151 53.297 54.413 55.426 55.171 54.239 54.418 54.515 54.558 54.642 56.063 57.302 56.013 56.02 56.323 56.845 55.831 55.839 55.939 56.166 56.254 56.402 56.451 56.567 56.687 56.771 56.887 64.59 68.837 69.685 67.454 70.047 70.865 72.667 72.205 72.952 70.588 66.183 62.68 62.691 62.417 62.427 64.15 64.886 62.734 62.714 62.704 67.078 69.069 69.078 69.197 69.056 68.958 68.95 68.837 68.743 68.699 68.662 67.62 65.858 64.12 65.935 64.017
51.956 53.344 52.542 52.478 52.597 53.49 53.62 56.397 53.083 53.112 53.223 55.019 54.722 54.154 54.08 54.237 54.396 54.422 54.414 55.07 57.063 54.758 55.009 55.002 56.284 56.491 56.342 56.085 56.072 56.149 56.328 56.466 56.596 56.709 56.825 56.862 61.193 67.022 68.215 66.368 70.05 71.108 71.569 70.874 66.292 70.337 66.117 62.724 62.631 62.693 63.518 64.679 63.536 62.726 62.862 63.026 68.099 68.853 68.927 69.03 69.032 69.137 69.109 69.103 68.938 68.861 68.879 68.725 68.711 68.61 68.553 67.83
51.925 52.158 52.324 52.717 52.791 53.318 56.02 57.404 57.962 56.507 54.051 53.965 54.609 54.087 54.123 54.081 54.155 54.244 54.351 54.777 54.65 54.664 54.802 54.732 54.833 55.222 55.98 57.858 57.683 56.301 56.229 56.335 56.476 56.596 56.805 56.864 56.95 58.933 57.056 63.669 68.627 70.687 69.31 68.493 70.61 70.247 67.726 64.201 64.475 67.069 62.708 62.924 62.496 62.811 62.9 65.892 68.664 68.613 68.72 68.841 68.791 69 69.026 69.084 69.195 69.095 68.966 68.91 68.885 68.827 68.703 68.648
52.16 52.139 53.175 53.638 52.91 53.464 56.86 58.712 59.242 58.155 55.329 53.556 53.831 54.48 54.19 53.929 54.006 54.054 54.195 55.003 54.823 57.613 60.713 60.181 59.771 55.699 55.144 55.314 56.211 57.663 57.76 56.413 56.458 56.514 56.66 56.769 56.907 57.039 57.108 59.364 66.82 68.777 63.271 68.523 67.563 66.359 68.566 64.739 64.339 64.075 63.359 62.474 62.58 62.79 62.782 63.946 68.324 68.454 68.595 68.656 68.682 68.757 68.84 68.905 68.946 69.121 69.138 69.13 69.027 68.961 68.866 68.79
53.55 52.105 52.054 52.291 52.498 53.334 57.423 58.794 59.314 58.152 54.304 54.028 53.951 54.074 53.711 53.779 53.897 53.944 54.847 55.532 55.253 59.39 61.153 61.673 60.566 56.61 55.127 55.059 55.278 56.173 56.204 57.406 56.692 57.35 56.63 56.674 56.809 56.935 57.076 57.187 59.289 65.872 63.911 65.585 61.483 67.053 68.013 61.785 63.885 62.758 62.853 62.607 61.916 62.431 62.565 62.691 62.918 64.346 67.305 68.328 68.6 68.58 68.625 68.751 68.826 68.848 68.94 69.008 69.112 69.148 69.067 69.036
51.694 51.73 51.829 52.18 52.378 54.588 58.027 59.148 59.156 57.867 56.01 55.167 53.566 53.36 53.507 53.609 53.653 53.737 54.57 54.608 55.088 59.614 61.717 61.587 60.448 58.017 56.778 55.199 55.202 55.332 55.691 57.531 56.188 57.94 57.642 56.906 56.895 56.943 57.031 57.119 57.226 58.825 57.412 57.442 58.711 57.56 57.621 57.871 57.99 59.015 61.586 61.721 61.073 61.17 61.615 62.398 62.537 62.749 62.753 63.803 66.313 67.823 68.414 68.53 65.651 67.557 68.836 68.862 68.945 69.026 69.085 69.131
53.034 52.418 51.863 52.217 52.488 52.942 58.06 58.84 58.506 57.185 54.225 54.034 53.358 53.226 53.343 53.434 53.523 53.579 54.086 53.972 54.264 60.436 61.758 61.294 57.386 55.647 55.622 55.883 55.371 55.443 55.667 56.686 55.815 55.806 57.407 57.917 58.096 57.261 57.069 57.111 57.106 57.258 57.323 57.433 57.541 57.66 57.687 57.75 57.803 57.96 58.084 58.875 59.528 62.632 61.093 62.61 63.261 64.554 64.363 63.853 63.495 62.908 63.934 68.111 63.261 67.222 66.522 67.711 71.536 68.9 68.86 68.949
51.637 51.74 52.57 53.164 53.944 52.842 54.774 56.653 57.876 56.087 53.047 53.957 53.931 53.644 53.183 53.306 53.308 53.414 54.137 54.193 55.101 60.6 61.777 60.957 58.742 56.662 54.846 55.217 55.376 56.793 56.543 57.445 56.034 55.799 58.3 58.812 56.927 56.568 57.021 57.028 57.438 57.248 57.258 57.341 57.455 57.639 57.666 57.744 57.823 57.851 57.954 58.145 58.614 58.505 64.234 65.795 64.909 64.208 63.987 64.071 64.599 62.835 62.811 63.102 69.978 71.574 66.525 66.604 74.538 71.034 69.282 68.84
51.334 51.427 51.497 52.579 52.322 52.523 52.064 52.259 53.306 52.634 52.626 52.828 53.393 53.135 53.087 53.122 53.12 53.257 53.569 53.694 55.064 57.203 61.416 60.791 56.497 55.582 54.345 54.488 54.803 55.877 56.568 56.982 55.895 55.681 58.3 57.126 56.929 61.605 63.587 61.175 56.851 57.199 57.292 57.319 57.301 57.457 57.578 57.684 57.805 57.908 57.924 57.963 58.061 58.067 58.289 65.136 64.223 62.632 63.837 64.54 64.662 62.107 61.792 62.333 73.072 74.805 76.629 76.551 69.698 75.576 66.047 64.631
51.342 51.383 51.455 51.516 51.59 54.486 56.885 55.396 52.547 52.191 52.581 52.675 52.679 52.834 52.925 52.928 52.992 53.107 54.979 54.662 53.931 54.153 53.969 55.077 54.159 54.305 54.313 54.316 54.808 54.961 56.244 57.144 55.774 55.576 56.511 56.55 58.34 62.535 63.777 63.024 60.452 56.686 57.081 57.564 57.198 57.326 57.448 57.571 57.714 57.782 57.88 57.998 58.03 58.104 59.113 62.089 59.893 59.503 62.775 62.807 62.64 61.344 62.241 70.255 74.72 76.115 76.609 75.775 77.341 75.946 64.857 64.878
51.286 51.38 51.774 51.434 51.59 57.186 57.698 57.386 56.291 52.572 52.48 52.543 52.491 52.671 52.706 52.768 52.824 53.365 53.129 54.234 54.451 54.067 54.292 55.183 55.026 54.298 54.268 54.811 55.782 56.419 57.137 56.057 55.069 55.528 56.2 57.139 59.318 63.038 63.755 62.483 58.264 57.004 57.177 57.136 57.008 57.17 57.277 57.388 57.566 57.682 57.811 57.933 57.976 58.096 58.151 58.24 58.234 58.266 58.381 59.383 62.365 59.895 60.756 67.819 74.62 76.117 77.097 77.477 77.5 72.664 68.234 72.907
51.115 51.171 51.459 51.37 54.247 57.402 58.345 57.534 55.266 51.858 52.759 52.248 52.365 52.503 52.494 53.608 52.961 53.451 53.052 53.634 54.41 57.012 54.136 53.439 54.453 54.287 54.563 56.24 56.431 56.507 55.375 55.071 54.998 55.229 55.629 56.136 60.392 63.325 64.5 62.954 59.355 58.211 57.861 56.796 56.826 56.961 57.534 57.312 57.833 57.798 57.761 57.848 57.928 58.004 58.186 58.211 58.26 58.301 58.348 58.36 58.425 58.556 58.503 60.943 72.439 75.655 76.51 77.152 77.198 75.58 69.013 69.728
51.133 51.088 51.257 52.479 55.883 57.737 58.488 57.337 54.127 52.289 52.448 52.118 52.263 52.359 52.457 53.576 52.625 53.29 53.69 56.108 59.312 58.542 59.113 55.863 53.526 53.501 53.881 54.369 56.263 55.712 56.151 55.895 55.072 55.176 55.595 55.942 61.743 63.753 63.219 62.012 58.537 57.5 57.294 56.48 56.681 56.784 57.856 57.323 57.694 57.732 57.91 62.276 58.213 57.995 58.009 58.114 58.195 58.289 58.348 58.377 58.357 58.351 58.346 63.625 64.747 73.989 74.693 75.876 75.486 72.956 71.08 72.27
51.094 51.048 51.212 51.309 56.044 57.777 57.924 56.976 52.589 51.977 52.064 51.89 52.058 52.257 52.291 52.51 52.468 53.011 53.866 57.976 59.816 60.286 59.154 55.704 55.294 53.581 53.637 54.083 54.622 54.999 55.045 56.255 56.338 55.968 55.632 55.844 58.994 63.526 62.591 58.941 56.175 56.472 56.467 56.297 56.48 56.555 57.313 58.416 57.776 57.641 57.935 65.407 66.941 65.23 58.52 59.552 58.119 58.214 58.301 58.301 58.313 58.399 58.421 58.373 65.484 67.027 71.882 71.426 70.888 73.499 69.258 63.883
51.562 51.048 52.647 51.707 53.831 56.696 56.828 56.651 51.872 52.321 52.047 51.792 51.879 52.023 52.095 52.095 53.719 53.26 53.691 58.63 61.31 60.344 58.888 55.724 54.444 53.52 53.586 53.625 54.421 55.472 54.309 54.382 54.463 54.671 54.902 55.194 55.886 55.804 57.403 56.685 55.867 56.089 57.137 56.122 56.277 56.37 57.056 60.055 60.289 57.896 59.787 66.054 67.387 67.801 66.759 63.487 58.332 58.194 58.098 58.246 58.285 58.294 58.309 58.331 58.346 60.763 61.291 61.255 60.721 63.904 70.155 73.898
51.011 50.561 50.806 50.589 51.603 51.327 52.327 53.059 51.753 51.687 51.546 51.613 51.731 51.87 51.869 51.995 54.314 53.599 54.766 59.165 60.444 60.011 56.973 55.377 53.546 54.07 53.678 54.091 55.426 54.916 54.114 54.169 54.288 54.398 54.915 58.822 56.065 56.196 55.387 55.414 56.049 55.815 56.245 55.995 56.022 56.851 56.713 57.122 57.419 57.892 62.82 68.176 68.046 67.812 66.495 62.505 58.393 58.477 58.093 58.116 58.156 58.143 58.154 58.307 58.272 58.305 58.304 58.345 58.286 58.302 68.292 69.675
50.715 50.728 51.386 53.794 55.595 54.358 51.287 52.982 52.382 52.402 51.436 51.458 51.543 51.694 51.63 51.763 52.117 52.402 56.004 59.169 59.614 59.532 57.29 55.738 53.195 53.374 54.739 56.42 57.502 56.149 55.476 54.193 54.205 54.566 54.967 60.708 60.971 59.961 59.399 55.188 55.383 55.508 56.336 55.813 55.863 56.086 56.235 56.949 57.098 56.839 65.211 66.978 68.236 68.586 65.955 60.96 62.561 60.619 58.506 58.162 57.989 58.018 58.114 58.128 58.077 58.201 58.258 58.252 58.308 58.257 58.631 59.485
50.479 51.782 52.902 55.175 56.574 56.612 55.934 51.533 51.017 51.267 51.972 51.367 51.364 51.475 51.498 51.758 51.963 54.527 52.493 54.091 54.482 56.601 55.634 53.781 53.031 53.038 54.063 57.444 57.858 56.63 56.559 56.521 54.985 55.158 58.584 61.138 62.069 60.914 57.38 55.018 55.069 55.31 55.846 55.631 55.602 55.762 56.472 56.818 57.082 57.559 65.879 67.418 68.141 67.318 65.808 66.324 66.225 61.577 58.509 57.802 57.875 58.466 57.991 58.418 58.112 58.105 58.146 58.084 58.175 58.223 58.307 58.247
51.504 51.52 52.827 55.838 56.88 57.134 55.764 51.39 50.898 50.992 51.94 51.147 51.185 51.309 51.305 51.465 51.652 55.86 56.732 53.69 53.254 53.417 52.887 54.981 54.966 54.719 53.491 57.387 57.272 55.251 54.589 54.112 54.202 54.921 58.643 61.563 63.427 60.965 56.079 54.946 55.373 55.098 55.199 55.287 56.273 55.86 55.721 56.17 56.416 63.48 66.389 67.964 67.72 66.668 62.899 63.059 63.618 58.437 57.475 57.506 58.707 59.304 58.12 58.026 58.177 64.03 63.179 58.402 58.281 59.216 58.398 58.106
51.024 52.026 53.848 55.957 57.35 56.845 54.422 51.546 51.199 50.814 50.825 50.913 51.055 51.153 51.19 51.455 51.492 52.917 52.863 52.113 51.571 52.362 52.612 54.836 54.904 54.879 55.034 56.807 56.376 56.024 56.078 54.272 54.004 54.782 59.009 61.727 61.588 60.568 55.797 54.899 54.923 54.799 54.921 55.141 55.187 55.411 56.383 56.183 56.584 64.283 65.617 66.808 66.575 65.3 59.922 58.906 57.991 58.277 57.539 57.382 59.238 58.118 57.871 58.3 62.744 66.42 66.927 67.216 63.757 59.321 58.125 58.089
50.061 50.251 53.077 56.298 57.162 56.666 53.003 50.876 52.408 50.739 50.633 50.804 50.896 50.931 51.07 52.588 51.415 51.989 56.838 56.658 52.316 52.118 53.701 54.86 54.746 54.443 53.762 55.354 54.348 53.795 55.638 55.118 54.064 54.195 60.277 61.125 61.191 58.373 54.777 54.713 54.76 54.663 54.772 54.885 54.918 56.842 56.718 56.052 58.534 65.494 65.945 66.654 66.19 66.027 58.526 58.339 57.777 57.311 57.016 57.035 57.067 57.22 58.545 58.15 64.384 66.088 66.915 66.849 65.601 60.967 58.763 58.359
49.714 50.436 52.337 55.788 56.227 56.259 53.534 50.466 50.795 50.43 50.496 50.584 50.775 50.761 50.961 51.955 51.444 55.692 57.622 58.641 57.653 53.235 52.273 53.785 54.461 53.327 52.637 53.583 54.613 53.761 53.532 53.841 53.947 54.358 55.112 55.479 59.709 55.528 54.785 54.711 54.503 54.995 54.515 54.651 54.727 54.982 55.701 55.85 61.616 66.372 66.686 66.469 66.033 64.085 56.497 57.046 56.602 56.624 56.751 56.787 56.813 57.03 58.278 58.255 65.269 66.299 67.329 66.592 65.452 59.242 58.673 58.301
