dsm/se2739_DSM_2M.asc
ncols 500
nrows 500
xllcorner    427000
yllcorner    439000
cellsize     2
NODATA_value -9999
[rows 124 to 154 of 500, columns 69 to 137 of 500]
141.326 141.32 141.265 141.213 141.202 141.192 141.139 141.081 141.052 140.986 140.965 140.964 140.933 140.926 140.896 140.896 140.856 141.708 149.098 144.871 155.176 156.073 154.361 153.586 156.405 154.317 150.358 140.989 140.727 140.717 140.69 140.694 140.714 140.681 140.689 140.674 140.672 140.614 140.645 140.615 140.584 140.544 140.504 140.459 140.413 140.376 140.314 140.267 140.253 140.174 140.178 140.141 140.078 140.075 140.047 139.978 139.949 139.932 139.923 139.877 -9999 -9999 -9999 -9999 -9999 -9999 -9999 -9999 -9999
141.328 141.298 141.278 141.221 141.211 141.166 141.153 141.126 141.094 141.016 140.995 140.978 140.977 140.949 140.928 140.9 140.875 140.831 148.364 146.809 149.314 154.765 155.527 153.781 154.792 153.586 152.071 141.047 140.737 140.708 140.702 140.704 140.682 140.686 140.687 140.683 140.67 140.62 140.615 140.591 140.578 140.538 140.513 140.459 140.427 140.378 140.293 140.318 140.27 140.233 140.164 140.107 140.08 140.044 140.074 140.009 139.967 139.949 139.952 139.838 139.86 -9999 -9999 -9999 -9999 -9999 -9999 -9999 -9999
141.375 141.285 141.277 141.25 141.206 141.181 141.137 141.112 141.075 141.026 141.049 140.99 140.979 140.929 140.887 140.855 140.858 140.817 145.366 149.026 152 153.345 152.295 152.998 151.654 150.553 141.498 140.76 140.72 140.725 140.722 140.686 140.693 140.697 140.704 140.678 140.67 140.643 140.591 140.605 140.566 140.535 140.502 140.446 140.423 140.384 140.323 140.297 140.262 140.2 140.163 140.155 140.076 140.092 140.063 140.001 139.997 139.961 139.963 139.916 139.916 -9999 -9999 -9999 -9999 -9999 -9999 -9999 -9999
141.324 141.287 141.303 141.232 141.188 141.165 141.152 141.08 141.051 141.026 141.032 140.983 141.012 140.978 140.907 140.901 140.876 140.827 140.833 146.069 150.797 150.989 147.255 149.904 144.012 145.022 140.8 140.785 140.761 140.738 140.733 140.72 140.692 140.699 140.666 140.676 140.645 140.628 140.627 140.611 140.534 140.538 140.505 140.475 140.424 140.391 140.357 140.316 140.256 140.203 140.199 140.134 140.066 140.051 140.075 140.05 139.994 139.988 139.989 139.94 139.951 -9999 -9999 -9999 -9999 -9999 -9999 -9999 -9999
141.376 141.333 141.313 141.27 141.288 141.18 141.165 141.122 141.06 141.001 141.026 141.014 140.987 140.968 140.899 140.899 140.861 140.859 140.813 141.061 143.379 141.169 145.033 142.265 140.897 140.844 140.805 140.787 140.741 140.739 140.748 140.713 140.712 140.688 140.692 140.666 140.671 140.651 140.647 140.636 140.574 140.527 140.515 140.497 140.45 140.39 140.371 140.314 140.283 140.205 140.189 140.157 140.083 140.085 140.048 140.021 140.041 140.053 140.01 139.938 139.977 139.989 -9999 -9999 -9999 -9999 -9999 -9999 -9999
141.356 141.367 141.306 141.273 141.281 141.258 141.177 141.152 141.064 141.061 141.038 140.996 140.969 140.985 140.94 140.886 140.869 140.857 140.847 140.845 140.801 140.743 140.796 140.912 140.903 140.83 140.827 140.793 140.772 140.779 140.762 140.706 140.713 140.699 140.691 140.681 140.682 140.678 140.635 140.629 140.576 140.566 140.533 140.476 140.463 140.415 140.373 140.315 140.281 140.235 140.219 140.188 140.093 140.055 140.057 140.048 140.045 140.016 139.98 139.957 140.015 139.978 -9999 -9999 -9999 -9999 -9999 -9999 -9999
141.417 141.365 141.307 141.258 141.265 141.194 141.187 141.112 141.046 141.008 140.974 140.964 140.968 140.935 140.924 140.902 140.869 140.828 140.863 140.838 140.843 141.279 146.713 147.775 141.613 140.84 140.842 140.813 140.78 140.744 140.717 140.7 140.723 140.703 140.692 140.689 140.685 140.68 140.698 140.669 140.641 140.579 140.569 140.525 140.479 140.453 140.376 140.341 140.292 140.246 140.233 140.197 140.158 140.082 140.09 140.08 140.096 140.04 140.038 139.989 140.043 140.006 -9999 -9999 -9999 -9999 -9999 -9999 -9999
141.393 141.331 141.265 141.244 141.282 141.233 141.208 141.179 141.088 141.049 141.044 141.01 140.986 141.003 140.973 140.915 140.894 140.863 140.838 141.586 146.738 147.834 149.086 147.378 148.82 145.984 141.028 140.804 140.757 140.748 140.711 140.724 140.723 140.725 140.706 140.706 140.707 140.719 140.709 140.681 140.653 140.607 140.575 140.547 140.489 140.449 140.384 140.357 140.292 140.275 140.244 140.222 140.168 140.326 140.101 140.115 140.091 140.096 140.081 139.999 140.081 139.996 139.978 -9999 -9999 -9999 -9999 -9999 -9999
141.395 141.348 141.307 141.275 141.227 141.19 141.178 141.153 141.084 141.042 141.014 141.007 140.983 140.96 140.954 140.892 140.881 140.863 140.856 141.669 148.362 150.538 149.382 152.123 149.936 145.021 145.591 140.909 140.781 140.786 140.762 140.719 140.713 140.703 140.729 140.728 140.718 140.715 140.737 140.702 140.667 140.636 140.626 140.558 140.522 140.452 140.388 140.356 140.317 140.307 140.256 146.386 148.101 142.842 140.131 140.336 140.089 140.321 140.051 140.025 140.093 140 139.956 -9999 -9999 -9999 -9999 -9999 -9999
141.362 141.314 141.293 141.229 141.251 141.213 141.145 141.133 141.105 141.036 141.038 141.01 140.985 140.998 140.952 140.904 140.9 140.872 140.862 140.911 147.358 152.147 153.484 154.034 153.887 153.084 147.263 142.497 140.798 140.778 140.761 140.74 140.74 140.742 140.735 140.732 140.724 140.712 140.736 140.715 140.684 140.662 140.628 140.565 140.498 140.423 140.4 140.356 140.32 140.303 140.712 147.51 151.303 148.651 143.537 145.212 148.007 143.292 146.93 140.297 140.384 140.271 140.444 142.124 -9999 -9999 -9999 -9999 -9999
141.359 141.318 141.309 141.241 141.242 141.235 141.145 141.143 141.08 141.068 141.052 141.029 141 140.999 140.96 140.925 140.901 140.895 140.867 142.112 144.128 153.98 155.195 154.684 154.859 153.276 151.412 143.285 140.808 140.792 140.752 140.772 140.744 140.744 140.746 140.746 140.747 140.733 140.736 140.737 140.713 140.647 140.631 140.571 140.52 140.428 140.39 140.387 140.35 140.31 142.969 151.214 153.548 153.491 151.409 150.723 148.392 152.041 146.975 141.401 152.442 152.653 148.387 147.17 -9999 -9999 -9999 -9999 -9999
141.384 141.375 141.336 141.302 141.265 141.237 141.191 141.144 141.086 141.088 141.057 141.038 141.027 141.005 140.975 140.938 140.911 140.873 140.876 142.699 151.865 155.064 155.387 153.79 154.501 153.253 151.736 142.756 140.81 140.836 140.781 140.793 140.778 140.744 140.756 140.749 140.755 140.745 140.735 140.732 140.667 140.656 140.66 140.571 140.51 140.463 140.409 140.416 140.364 140.552 144.213 153.657 154.555 152.719 154.069 151.852 149.417 152.993 151.63 155.98 155.013 154.269 156.229 154.762 -9999 -9999 -9999 -9999 -9999
141.38 141.37 141.304 141.267 141.264 141.223 141.185 141.13 141.096 141.067 141.058 141.033 141.016 141.011 141 140.958 140.902 140.887 140.871 142.557 150.906 154.806 154.075 151.025 147.367 152.939 151.312 143.282 140.838 140.828 140.814 140.781 140.793 140.746 140.748 140.773 140.754 140.758 140.743 140.717 140.668 140.67 140.614 140.554 140.504 140.465 140.459 140.423 140.385 140.34 150.739 153.72 154.606 155.226 154.45 152.551 153.09 153.948 156.07 156.939 158.083 158.361 157.867 154.964 -9999 -9999 -9999 -9999 -9999
141.41 141.369 141.356 141.317 141.269 141.255 141.208 141.139 141.087 141.095 141.062 140.995 141.012 141.001 141.008 140.975 140.912 140.914 140.892 141.305 148.988 153.761 153.916 154.207 153.633 151.638 144.176 140.953 140.842 140.854 140.828 140.815 140.808 140.772 140.753 140.762 140.73 140.744 140.741 140.736 140.699 140.659 140.629 140.621 140.542 140.512 140.457 140.465 140.421 140.396 147.471 153.354 154.018 153.59 153.405 155.103 159.304 159.516 160.566 159.304 159.422 159.763 158.647 153.573 147.109 -9999 -9999 -9999 -9999
141.39 141.368 141.348 141.263 141.26 141.221 141.215 141.132 141.107 141.095 141.062 141.03 141.022 141.02 141.033 140.977 140.926 140.911 140.904 140.874 147.448 152.442 150.574 153.128 152.956 150.872 150.65 143.742 140.839 140.844 140.836 140.821 140.819 140.779 140.756 140.756 140.756 140.75 140.725 140.731 140.718 140.663 140.635 140.617 140.567 140.532 140.478 140.492 140.428 140.406 140.6 147.622 149.648 152.842 151.056 155.602 159.804 160.325 160.698 158.525 154.154 159.894 158.448 155.069 149.915 -9999 -9999 -9999 -9999
141.371 141.382 141.348 141.255 141.278 141.219 141.237 141.174 141.132 141.115 141.096 141.044 141.065 141.046 141.026 140.958 140.917 140.899 140.866 141.33 143.179 149.457 151.954 149.279 149.758 152.168 150.796 142.617 140.853 140.845 140.804 140.818 140.798 140.79 140.775 140.776 140.758 140.766 140.765 140.724 140.705 140.676 140.66 140.63 140.602 140.573 140.542 140.508 140.454 140.449 140.382 142.617 148.6 145.717 154.78 156.747 158.857 160.166 160.532 157.362 155.493 158.097 157.998 156.935 155.072 150.882 -9999 -9999 -9999
141.365 141.335 141.337 141.306 141.253 141.227 141.195 141.184 141.096 141.094 141.081 141.047 141.039 141.02 141.001 140.971 140.93 140.908 140.874 147.407 149.971 151.311 150.452 153.812 153.876 151.955 149.729 140.852 140.831 140.853 140.849 140.813 140.809 140.775 140.795 140.79 140.774 140.771 140.752 140.743 140.724 140.726 140.665 140.654 140.645 140.592 140.56 140.529 140.497 140.471 140.418 140.4 140.403 143.274 155.691 156.629 157.212 158.921 158.859 157.733 152.919 154.699 158.651 157.368 155.648 152.643 -9999 -9999 -9999
141.392 141.355 141.282 141.282 141.278 141.233 141.189 141.168 141.097 141.114 141.09 141.05 141.018 140.998 140.987 140.939 140.882 140.864 140.839 141.871 146.091 153.987 150.663 151.984 153.312 153.082 144.961 140.886 140.851 140.855 140.824 140.815 140.838 140.803 140.801 140.784 140.786 140.795 140.779 140.762 140.762 140.745 140.709 140.671 140.633 140.629 140.604 140.571 140.558 140.496 140.464 140.416 140.391 142.946 154.075 155.957 158.011 158.321 157.166 157.093 156.48 158.619 157.951 157.698 156.427 156.324 -9999 -9999 -9999
141.322 141.34 141.28 141.245 141.23 141.216 141.208 141.17 141.113 141.086 141.05 141.044 141.025 141.005 140.995 140.954 140.905 140.891 140.872 142.051 151.381 150.626 152.566 153.387 152.853 152.657 143.737 140.894 140.848 140.88 140.871 140.847 140.84 140.822 140.822 140.82 140.814 140.824 140.812 140.797 140.783 140.771 140.728 140.699 140.696 140.667 140.602 140.566 140.541 140.503 140.445 140.401 140.393 141.72 154.7 156.44 157.767 158.482 157.899 156.715 156.652 157.655 156.912 152.921 156.432 156.405 155.219 -9999 -9999
141.385 141.333 141.337 141.25 141.243 141.212 141.229 141.17 141.156 141.1 141.068 141.047 141.021 141.02 140.996 140.971 140.944 140.892 140.876 141.145 148.675 151.287 149.934 153.016 151.55 144.931 140.902 140.878 140.885 140.878 140.874 140.868 140.869 140.848 140.838 140.825 140.837 140.815 140.802 140.789 140.802 140.799 140.766 140.699 140.704 140.651 140.617 140.592 140.562 140.47 140.429 140.386 140.397 144.98 153.219 155.541 157.138 157.336 156.963 156.53 155.314 156.361 157.527 156.898 155.696 152.014 153.859 149.138 -9999
141.348 141.32 141.322 141.296 141.236 141.256 141.179 141.163 141.142 141.056 141.081 141.069 141.033 141.029 141.015 141.01 140.967 140.927 140.921 140.865 141.02 150.691 152.381 151.918 144.469 143.483 140.907 140.903 140.894 140.889 140.895 140.906 140.896 140.892 140.889 140.859 140.851 140.862 140.842 140.818 140.816 140.794 140.774 140.728 140.717 140.685 140.676 140.606 140.568 140.48 140.437 140.409 140.403 143.396 148.762 153.73 155.61 155.498 155.749 155.901 155.977 156.005 154.874 154.807 152.918 146.048 146.552 140.581 140.039
141.372 141.356 141.315 141.289 141.247 141.251 141.249 141.197 141.132 141.044 141.087 141.074 141.023 141.029 140.995 140.969 140.956 140.936 140.899 140.853 140.847 141.977 149.713 149.944 144.138 147.09 140.886 140.894 140.915 140.897 140.897 140.915 140.914 140.92 140.901 140.868 140.883 140.882 140.856 140.831 140.81 140.796 140.769 140.746 140.713 140.692 140.682 140.615 140.563 140.474 140.444 140.405 140.393 140.379 141.701 147.734 152.806 153.174 153.822 155.431 155.747 155.554 153.797 151.282 143.043 142.502 140.028 140.063 140.061
141.359 141.29 141.278 141.195 141.203 141.185 141.214 141.173 141.119 141.057 141.014 141.005 141.026 141.041 141.026 140.975 140.992 140.957 140.914 140.903 140.887 140.872 146.831 147.982 147.506 141.117 140.946 140.945 140.921 140.933 140.93 140.925 140.929 140.903 140.916 140.886 140.901 140.875 140.847 140.847 140.8 140.809 140.797 140.774 140.746 140.715 140.679 140.618 140.555 140.501 140.468 140.424 140.41 140.4 140.382 141.705 141.873 146.073 148.746 151.743 154.065 152.905 149.384 147.123 140.187 140.137 140.12 140.083 140.077
141.369 141.334 141.288 141.289 141.243 141.209 141.198 141.177 141.109 141.097 141.049 141.016 140.987 141.041 140.982 141.005 140.935 140.958 140.936 140.918 140.879 140.89 140.874 140.868 141.053 140.975 140.97 140.974 140.965 140.92 140.95 140.947 140.941 140.931 140.917 140.878 140.887 140.89 140.842 140.835 140.816 140.81 140.829 140.807 140.777 140.721 140.669 140.619 140.56 140.518 140.454 140.41 140.422 140.37 140.356 140.368 140.354 140.322 141.561 147.976 148.578 147.181 141.997 140.262 140.205 140.157 140.149 140.117 140.089
141.309 141.311 141.268 141.233 141.226 141.203 141.209 141.184 141.092 141.093 141.062 141.023 141.055 140.997 141.003 141.038 141.023 140.954 140.957 140.951 140.932 140.912 140.919 140.905 140.959 140.988 140.991 140.971 140.943 140.945 140.938 140.928 140.939 140.938 140.914 140.904 140.895 140.87 140.858 140.828 140.818 140.795 140.807 140.816 140.76 140.702 140.613 140.574 140.503 140.473 140.433 140.378 140.378 140.316 140.322 140.332 140.352 140.299 140.269 140.226 140.342 140.227 140.211 140.204 140.19 140.148 140.144 140.114 140.077
141.358 141.329 141.308 141.279 141.206 141.188 141.159 141.127 141.146 141.116 141.1 141.004 140.997 141.036 141.038 141.044 140.982 140.961 140.936 140.918 140.949 140.937 140.935 140.9 140.973 140.999 140.982 140.95 140.953 140.943 140.939 140.929 140.932 140.93 140.893 140.86 140.862 140.836 140.85 140.832 140.806 140.789 140.803 140.806 140.746 140.66 140.583 140.549 140.494 140.462 140.381 140.353 140.334 140.313 140.265 140.311 140.31 140.265 140.236 140.222 140.195 140.187 140.194 140.195 140.176 140.141 140.105 140.07 140.075
141.32 141.281 141.257 141.237 141.195 141.207 141.16 141.173 141.152 141.067 141.026 141.042 141.056 141.053 141.041 141.036 141.044 141.015 140.993 140.996 140.971 140.97 140.955 140.914 140.973 141 141 140.948 140.94 140.945 140.953 140.925 140.92 140.92 140.894 140.859 140.845 140.835 140.835 140.812 140.792 140.794 140.802 140.791 140.739 140.669 140.591 140.563 140.474 140.434 140.393 140.357 140.324 140.309 140.312 140.305 140.292 140.245 140.225 140.229 140.182 140.201 140.172 140.179 140.176 140.115 140.1 140.044 140.059
141.361 141.313 141.336 141.308 141.265 141.251 141.233 141.242 141.186 141.165 141.13 141.079 141.06 141.082 141.092 141.08 141.087 141.072 141.052 141.04 141.022 140.992 140.99 140.936 140.984 141.007 140.983 140.95 140.936 140.927 140.953 140.936 140.91 140.887 140.859 140.844 140.847 140.836 140.842 140.815 140.807 140.787 140.797 140.783 140.697 140.661 140.596 140.538 140.47 140.447 140.378 140.348 140.32 140.297 140.305 140.246 140.257 140.209 140.214 140.202 140.187 140.159 140.126 140.152 140.152 140.085 140.073 140.022 140.009
141.379 141.295 141.306 141.296 141.276 141.256 141.257 141.252 141.196 141.177 141.129 141.086 141.073 141.023 141.063 141.102 141.064 141.045 141.037 141.022 140.969 140.957 140.99 140.919 140.98 141.009 140.998 140.978 140.96 140.934 140.959 140.918 140.925 140.914 140.878 140.849 140.83 140.839 140.841 140.822 140.823 140.758 140.778 140.763 140.7 140.658 140.619 140.525 140.467 140.423 140.383 140.354 140.317 140.305 140.256 140.252 140.185 140.185 140.191 140.184 140.145 140.122 140.124 140.112 140.097 140.065 140.038 140.012 139.989
141.412 141.349 141.295 141.269 141.217 141.204 141.172 141.158 141.169 141.159 141.074 141.041 141.058 141.004 141.012 141.048 141.034 141.034 140.992 140.956 140.962 140.948 140.972 140.895 141.004 140.982 141.012 140.997 140.961 140.943 140.933 140.931 140.9 140.899 140.888 140.846 140.819 140.797 140.809 140.814 140.791 140.752 140.759 140.758 140.727 140.679 140.64 140.568 140.479 140.462 140.412 140.364 140.332 140.313 140.296 140.223 140.261 140.249 140.235 140.218 140.16 140.133 140.123 140.11 140.1 140.049 140.036 140.003 139.969
141.351 141.311 141.269 141.258 141.256 141.194 141.2 141.166 141.159 141.131 141.078 141.068 141.037 141.048 141.08 141.043 141.075 141.076 141.019 140.967 140.962 141.003 141.009 140.911 140.994 141.022 141.01 140.999 140.961 140.945 140.916 140.893 140.903 140.892 140.867 140.85 140.834 140.819 140.819 140.827 140.815 140.765 140.769 140.772 140.748 140.694 140.654 140.59 140.52 140.478 140.416 140.365 140.332 140.28 140.299 140.251 140.252 140.243 140.209 140.214 140.164 140.109 140.116 140.103 140.09 140.045 140.025 139.97 139.947
