dsm/se2738_DSM_2M.asc
ncols 500
nrows 500
xllcorner    427000
yllcorner    438000
cellsize     2
NODATA_value -9999
[rows 155 to 185 of 500, columns 142 to 212 of 500]
112.459 114.602 113.518 111.714 110.495 109.576 110.326 110.097 110.193 110.306 113.057 115.006 112.532 114.75 112.697 118.597 119.511 123.085 120.395 111.748 113.385 107.674 107.194 107.082 106.892 106.796 106.723 106.658 106.606 106.537 106.532 106.485 106.417 106.374 106.345 106.325 106.288 106.266 106.266 106.258 106.242 106.239 106.216 106.203 106.157 106.167 106.174 106.164 106.132 106.104 106.069 106.062 106.063 106.051 106.032 105.987 105.94 105.932 105.914 105.886 105.875 105.838 105.847 105.835 105.768 105.76 105.725 105.709 105.709 105.693 105.685
118.29 121.011 116.747 111.943 109.229 109.098 109.794 110.734 110.261 113.055 117.007 117.891 118.136 115.87 112.267 112.352 114.269 115.174 107.968 107.541 107.46 107.107 107.032 106.847 106.756 106.674 106.637 106.61 106.576 106.534 106.494 106.416 106.375 106.349 106.3 106.282 106.261 106.249 106.244 106.239 106.221 106.2 106.183 106.162 106.161 106.152 106.139 106.14 106.116 106.096 106.023 106.032 106.024 105.996 106.01 105.982 105.939 105.919 105.88 105.879 105.868 105.814 105.782 105.78 105.752 105.728 105.718 105.72 105.695 105.666 105.636
118.126 121.465 117.093 111.836 110.579 109.496 109.988 110.691 110.587 112.353 118.225 119.081 118.024 119.174 111.977 110.174 108.029 107.591 107.538 107.312 107.068 106.872 106.784 106.734 106.671 106.621 106.586 106.572 106.512 106.483 106.43 106.386 106.376 106.305 106.278 106.259 106.256 106.198 106.201 106.196 106.19 106.147 106.147 106.153 106.126 106.141 106.134 106.591 106.519 106.115 106.081 106.041 106.212 106.032 105.988 105.957 105.904 105.879 105.861 105.799 105.81 105.783 105.79 105.762 105.739 105.717 105.702 105.681 105.651 105.643 105.633
119.141 118.292 110.016 111.772 109.84 108.55 110.592 113.584 113.255 112.132 114.506 118.561 119.72 119.181 109.827 107.858 107.501 107.47 107.274 107.095 106.864 106.742 106.64 106.596 106.545 106.535 106.52 106.498 106.478 106.424 106.384 106.371 106.358 106.32 106.249 106.226 106.207 106.179 106.174 106.175 106.144 106.13 106.128 106.16 106.595 106.13 106.097 106.582 106.482 106.057 106.051 106.016 105.97 105.948 105.937 105.913 105.889 105.881 105.831 105.827 105.8 105.78 105.771 105.75 105.718 105.689 105.679 105.663 105.645 105.646 105.596
120.342 115.774 108.564 109.134 109.228 108.312 111.094 115.06 114.988 112.999 112.764 114.266 116.983 112.631 107.853 107.428 107.323 107.182 107.009 106.802 106.728 106.637 106.584 106.58 106.526 106.516 106.493 106.457 106.409 106.403 106.342 106.36 106.331 106.277 106.242 106.226 106.194 106.203 106.145 106.136 106.106 106.074 106.091 106.103 106.102 106.105 106.064 106.103 107.275 106.063 106.021 105.966 105.958 105.932 105.961 105.897 105.875 105.826 105.798 105.78 105.764 105.758 105.704 105.735 105.703 105.684 105.652 105.635 105.639 105.6 105.592
115.873 113.686 112.873 115.777 110.409 111.426 113.164 114.666 115.675 113.022 110.716 111.842 108.408 109.279 107.395 107.111 107.058 106.905 106.759 106.676 106.615 106.582 106.552 106.537 106.505 106.491 106.431 106.374 106.403 106.334 106.303 106.319 106.299 106.266 106.239 106.212 106.18 106.168 106.154 106.113 106.098 106.065 106.08 106.085 106.077 106.121 106.058 106.008 107.532 106.024 105.966 105.932 105.917 105.903 105.906 105.884 105.835 105.804 105.76 105.746 105.767 105.735 105.727 105.708 105.678 105.646 105.646 105.615 105.615 105.597 105.575
119.15 119.154 118.137 120.222 120.4 116.698 116.845 113.905 112.618 113.07 108.967 107.981 107.636 107.358 107.144 107.019 106.82 106.744 106.649 106.62 106.584 106.543 106.509 106.508 106.455 106.429 106.409 106.371 106.393 106.348 106.305 106.282 106.254 106.265 106.196 106.201 106.171 106.114 106.123 106.093 106.052 106.052 106.05 106.035 106.06 106.49 106.374 105.949 105.929 105.918 105.903 105.897 105.883 105.868 105.866 105.823 105.823 105.779 105.762 105.736 105.742 105.71 105.695 105.667 105.648 105.636 105.612 105.614 105.563 105.56 105.537
121.254 120.772 120.636 121.58 121.79 119.235 118.769 112.558 110.622 109.155 107.823 107.62 107.378 107.146 107.019 106.83 106.685 106.679 106.637 106.606 106.568 106.51 106.472 106.465 106.402 106.39 106.411 106.379 106.335 106.307 106.281 106.277 106.238 106.22 106.197 106.167 106.131 106.09 106.089 106.059 106.025 106.058 105.999 106.024 105.981 105.955 105.932 105.922 105.892 105.866 105.84 105.87 105.867 105.838 105.819 105.815 105.779 105.738 105.722 105.695 105.699 105.698 105.671 105.667 105.618 105.613 105.611 105.575 105.558 105.547 105.521
120.966 120.854 121.239 121.872 121.514 120.729 119.136 114.344 108.798 107.77 107.613 107.388 107.227 106.967 106.831 106.702 106.655 106.627 106.578 106.528 106.519 106.488 106.414 106.376 106.395 106.363 106.344 106.338 106.268 106.278 106.277 106.219 106.213 106.204 106.144 106.126 106.134 106.027 106.034 106.005 106.001 106.109 105.932 105.946 105.917 105.898 105.891 105.871 105.879 105.848 105.819 105.823 105.811 105.815 105.811 105.789 105.764 105.72 105.702 105.69 105.67 105.679 105.648 105.626 105.607 105.576 105.573 105.551 105.552 105.524 105.491
122.166 121.87 121.26 120.858 120.113 119.418 118.27 111.922 107.664 107.59 107.396 107.188 107.013 106.884 106.739 106.681 106.611 106.595 106.563 106.504 106.488 106.438 106.398 106.331 106.351 106.344 106.327 106.321 106.253 106.232 106.236 106.174 106.19 106.191 106.119 106.122 106.124 106.045 106.059 106.025 106.019 105.94 105.931 105.92 105.926 105.885 105.897 105.835 105.842 105.82 105.81 105.786 105.803 105.787 105.786 105.767 105.707 105.713 105.698 105.654 105.659 105.61 105.612 105.603 105.598 105.59 105.559 105.546 105.512 105.499 105.445
119.253 119.146 121.809 119.804 118.266 118.951 114.176 107.717 107.537 107.371 107.147 106.954 106.875 106.726 106.64 106.625 106.604 106.558 106.509 106.455 106.458 106.394 106.354 106.342 106.321 106.28 106.307 106.267 106.259 106.219 106.212 106.213 106.16 106.125 106.135 106.094 106.042 106.039 106.021 105.987 105.948 105.93 105.912 105.896 105.894 105.853 105.823 105.827 105.819 105.775 105.804 105.787 105.77 105.775 105.74 105.741 105.706 105.662 105.636 105.641 105.624 105.613 105.618 105.601 105.586 105.548 105.541 105.535 105.521 105.456 105.45
114.899 120.8 119.783 112.467 115.672 108.982 107.649 107.48 107.299 107.093 106.92 106.814 106.749 106.659 106.637 106.583 106.558 106.527 106.495 106.486 106.45 106.396 106.368 106.349 106.292 106.26 106.285 106.226 106.22 106.217 106.179 106.163 106.149 106.063 106.097 106.067 106.012 106.02 105.989 105.97 105.942 105.896 105.915 105.85 105.853 105.833 105.818 105.787 105.776 105.765 105.758 105.756 105.776 105.753 105.734 105.709 105.64 105.661 105.638 105.617 105.582 105.598 105.607 105.583 105.571 105.54 105.529 105.512 105.471 105.432 105.405
119.805 120.988 119.925 117.359 111.343 107.701 107.352 107.244 106.988 106.884 106.8 106.729 106.688 106.626 106.607 106.565 106.514 106.507 106.494 106.464 106.423 106.357 106.322 106.317 106.271 106.255 106.229 106.196 106.194 106.2 106.149 106.109 106.107 106.043 106.05 106.044 105.997 105.984 105.942 105.938 105.938 105.896 105.894 105.831 105.798 105.818 105.819 105.761 105.736 105.73 105.71 105.693 105.717 105.687 105.659 105.638 105.668 105.642 105.622 105.586 105.571 105.537 105.51 105.54 105.539 105.524 105.52 105.484 105.42 105.38 105.373
118.652 117.654 117.425 113.95 114.076 107.575 107.148 106.987 106.878 106.737 106.732 106.682 106.618 106.585 106.582 106.585 106.523 106.487 106.461 106.423 106.385 106.322 106.325 106.317 106.273 106.24 106.206 106.16 106.162 106.157 106.115 106.077 106.055 106.022 106.021 106.024 105.975 105.967 105.951 105.928 105.871 105.865 105.83 105.785 105.784 105.758 105.757 105.74 105.734 105.716 105.699 105.713 105.686 105.658 105.652 105.628 105.632 105.629 105.599 105.538 105.56 105.537 105.503 105.518 105.491 105.502 105.449 105.44 105.399 105.364 105.365
111.674 110.537 111.566 109.364 107.172 107.024 106.891 106.83 106.746 106.725 106.699 106.65 106.571 106.587 106.539 106.523 106.488 106.491 106.461 106.462 106.372 106.34 106.339 106.292 106.263 106.232 106.188 106.163 106.15 106.089 106.052 106.036 106.007 105.993 105.976 106.016 105.964 105.945 105.912 105.89 105.859 105.825 105.814 105.782 105.763 105.749 105.722 105.703 105.71 105.719 105.69 105.673 105.648 105.649 105.625 105.625 105.582 105.571 105.551 105.554 105.536 105.514 105.5 105.488 105.467 105.433 105.418 105.382 105.361 105.345 105.321
108.148 107.772 107.45 107.001 106.921 106.842 106.769 106.757 106.722 106.712 106.685 106.636 106.601 106.57 106.519 106.458 106.444 106.443 106.402 106.389 106.363 106.301 106.278 106.245 106.227 106.202 106.126 106.097 106.102 106.071 106.043 106.006 105.971 105.947 105.941 105.954 105.925 105.904 105.859 105.823 105.794 105.786 105.775 105.764 105.733 105.709 105.703 105.686 105.697 105.686 105.633 105.64 105.651 105.611 105.586 105.57 105.57 105.555 105.557 105.536 105.499 105.479 105.448 105.413 105.394 105.382 105.364 105.341 105.329 105.294 105.272
107.56 107.467 107.136 106.918 106.847 106.749 106.752 106.699 106.687 106.682 106.64 106.591 106.586 106.523 106.49 106.458 106.409 106.374 106.346 106.352 106.323 106.262 106.248 106.211 106.189 106.151 106.109 106.09 106.031 106.036 106.028 105.973 105.943 105.932 105.907 105.905 105.868 105.846 105.848 105.817 105.777 105.775 105.717 105.748 105.738 105.701 105.668 105.696 105.643 105.652 105.629 105.6 105.588 105.567 105.584 105.578 105.565 105.533 105.512 105.506 105.469 105.434 105.414 105.39 105.358 105.341 105.314 105.289 105.292 105.264 105.231
107.367 107.409 106.988 106.871 106.806 106.779 106.731 106.681 106.664 106.642 106.639 106.58 106.534 106.465 106.48 106.44 106.389 106.36 106.313 106.308 106.263 106.205 106.213 106.16 106.148 106.091 106.09 106.047 106.016 105.956 105.985 105.921 105.916 105.908 105.874 105.863 105.857 105.849 105.789 105.78 105.762 105.731 105.713 105.723 105.673 105.674 105.639 105.633 105.65 105.612 105.589 105.557 105.585 105.566 105.49 105.545 105.519 105.54 105.475 105.464 105.431 105.418 105.371 105.351 105.323 105.291 105.278 105.251 105.22 105.214 105.191
107.46 106.991 106.906 106.852 106.784 106.769 106.696 106.7 106.635 106.615 106.601 106.546 106.487 106.447 106.415 106.386 106.349 106.338 106.29 106.265 106.247 106.194 106.157 106.118 106.135 106.061 106.064 106.054 105.998 105.994 105.916 105.893 105.877 105.848 105.824 105.806 105.8 105.818 105.795 105.772 105.726 105.707 105.691 105.696 105.645 105.639 105.619 105.632 105.641 105.585 105.572 105.562 105.536 105.491 105.459 105.429 105.478 105.453 105.436 105.422 105.412 105.399 105.346 105.329 105.293 105.265 105.222 105.181 105.167 105.165 105.148
107.069 106.891 106.856 106.832 106.765 106.746 106.696 106.635 106.609 106.606 106.57 106.527 106.505 106.444 106.386 106.35 106.333 106.298 106.289 106.26 106.232 106.198 106.151 106.113 106.078 106.055 106.047 106 105.968 105.947 105.923 105.9 105.86 105.811 105.802 105.782 105.79 105.806 105.752 105.755 105.731 105.658 105.669 105.662 105.623 105.611 105.617 105.591 105.547 105.557 105.533 105.561 105.493 105.477 105.447 105.434 105.419 105.42 105.397 105.386 105.38 105.362 105.336 105.283 105.287 105.256 105.197 105.167 105.127 105.093 105.098
106.992 106.885 106.854 106.818 106.762 106.735 106.654 106.636 106.6 106.536 106.522 106.485 106.454 106.417 106.401 106.34 106.315 106.281 106.257 106.229 106.166 106.149 106.095 106.078 106.068 106.037 106.01 105.977 105.963 105.911 105.851 105.834 105.818 105.781 105.792 105.753 105.762 105.701 105.707 105.705 105.676 105.681 105.655 105.593 105.61 105.595 105.542 105.558 105.503 105.494 105.481 105.482 105.459 105.437 105.412 105.396 105.359 105.366 105.354 105.348 105.327 105.317 105.269 105.276 105.214 105.206 105.178 105.163 105.11 105.056 105.069
106.961 106.911 106.868 106.834 106.764 106.693 106.659 106.629 106.547 106.526 106.505 106.45 106.387 106.37 106.345 106.302 106.273 106.235 106.22 106.174 106.143 106.124 106.068 106.039 106.041 106.004 105.984 105.955 105.922 105.916 105.832 105.81 105.804 105.773 105.734 105.739 105.711 105.69 105.698 105.652 105.64 105.623 105.631 105.598 105.582 105.555 105.523 105.54 105.504 105.47 105.466 105.441 105.426 105.393 105.391 105.36 105.335 105.331 105.327 105.286 105.269 105.287 105.271 105.237 105.212 105.191 105.152 105.149 105.1 105.08 105.056
106.956 106.913 106.87 106.771 106.756 106.693 106.642 106.59 106.528 106.487 106.468 106.451 106.404 106.317 106.271 106.275 106.22 106.182 106.158 106.148 106.135 106.103 106.018 106.015 105.967 105.918 105.902 105.901 105.899 105.848 105.831 105.775 105.778 105.743 105.709 105.67 105.685 105.639 105.64 105.633 105.61 105.61 105.605 105.574 105.556 105.518 105.506 105.504 105.467 105.433 105.425 105.412 105.372 105.377 105.34 105.319 105.309 105.304 105.277 105.253 105.256 105.247 105.223 105.196 105.165 105.148 105.142 105.084 105.061 105.066 105.028
106.922 106.887 106.837 106.767 106.719 106.65 106.599 106.574 106.48 106.45 106.385 106.394 106.33 106.289 106.269 106.229 106.182 106.166 106.135 106.125 106.119 106.068 106.035 105.99 105.929 105.878 105.88 105.858 105.845 105.832 105.772 105.765 105.726 105.689 105.666 105.668 105.661 105.647 105.642 105.624 105.601 105.591 105.605 105.579 105.553 105.527 -9999 -9999 -9999 105.437 105.419 105.406 105.38 -9999 -9999 105.317 105.311 105.299 105.274 105.259 105.252 105.245 105.203 105.175 105.15 105.082 105.113 105.069 105.031 105.043 105.013
106.97 106.912 106.842 106.772 106.724 106.619 106.534 106.529 106.505 106.447 106.389 106.34 106.317 106.283 106.207 106.185 106.166 106.128 106.098 106.09 106.068 106.041 106 105.96 105.89 105.873 105.894 105.847 105.838 105.825 105.774 105.751 105.725 105.694 -9999 -9999 -9999 -9999 -9999 -9999 -9999 -9999 -9999 -9999 -9999 -9999 -9999 -9999 -9999 -9999 -9999 -9999 -9999 -9999 -9999 -9999 -9999 -9999 -9999 -9999 -9999 -9999 -9999 -9999 -9999 105.097 105.098 105.058 105.036 105 104.995
106.928 106.873 106.834 106.767 106.708 106.615 106.533 106.487 106.441 106.39 106.392 106.326 106.303 106.258 106.189 106.132 106.12 106.09 106.055 106.04 106.021 106.021 106 105.96 105.907 -9999 -9999 -9999 -9999 -9999 -9999 -9999 -9999 -9999 -9999 -9999 -9999 -9999 -9999 -9999 -9999 -9999 -9999 -9999 -9999 -9999 -9999 -9999 -9999 -9999 -9999 -9999 -9999 -9999 -9999 -9999 -9999 -9999 -9999 -9999 -9999 -9999 -9999 -9999 -9999 -9999 -9999 -9999 -9999 -9999 -9999
109.273 108.482 106.785 106.727 106.664 106.619 106.521 106.462 106.439 106.384 106.345 106.325 106.303 106.286 106.178 106.108 -9999 -9999 106.059 -9999 -9999 -9999 -9999 -9999 -9999 -9999 -9999 -9999 -9999 -9999 -9999 -9999 -9999 -9999 -9999 -9999 -9999 -9999 -9999 -9999 -9999 -9999 -9999 -9999 -9999 -9999 -9999 -9999 -9999 -9999 -9999 -9999 -9999 -9999 -9999 -9999 -9999 -9999 -9999 -9999 -9999 -9999 -9999 -9999 -9999 -9999 -9999 -9999 -9999 -9999 -9999
109.143 106.948 106.804 106.746 106.679 106.639 106.539 106.465 106.422 106.393 106.349 106.329 -9999 -9999 -9999 -9999 -9999 -9999 -9999 -9999 -9999 -9999 -9999 -9999 -9999 -9999 -9999 -9999 -9999 -9999 -9999 -9999 -9999 -9999 -9999 -9999 -9999 -9999 -9999 -9999 -9999 -9999 -9999 -9999 -9999 -9999 -9999 -9999 -9999 -9999 -9999 -9999 -9999 -9999 -9999 -9999 -9999 -9999 -9999 -9999 -9999 -9999 -9999 -9999 -9999 -9999 -9999 -9999 -9999 -9999 -9999
107.189 107.049 -9999 106.739 106.699 -9999 -9999 -9999 -9999 -9999 -9999 -9999 -9999 -9999 -9999 -9999 -9999 -9999 -9999 -9999 -9999 -9999 -9999 -9999 -9999 -9999 -9999 -9999 -9999 -9999 -9999 -9999 -9999 -9999 -9999 -9999 -9999 -9999 -9999 -9999 -9999 -9999 -9999 -9999 -9999 -9999 -9999 -9999 -9999 -9999 -9999 -9999 -9999 -9999 -9999 -9999 -9999 -9999 -9999 -9999 -9999 -9999 -9999 -9999 -9999 -9999 -9999 -9999 -9999 -9999 -9999
-9999 -9999 -9999 -9999 -9999 -9999 -9999 -9999 -9999 -9999 -9999 -9999 -9999 -9999 -9999 -9999 -9999 -9999 -9999 -9999 -9999 -9999 -9999 -9999 -9999 -9999 -9999 -9999 -9999 -9999 -9999 -9999 -9999 -9999 -9999 -9999 -9999 -9999 -9999 -9999 -9999 -9999 -9999 -9999 -9999 -9999 -9999 -9999 -9999 -9999 -9999 -9999 -9999 -9999 -9999 -9999 -9999 -9999 -9999 -9999 -9999 -9999 -9999 -9999 -9999 -9999 -9999 -9999 -9999 -9999 -9999
-9999 -9999 -9999 -9999 -9999 -9999 -9999 -9999 -9999 -9999 -9999 -9999 -9999 -9999 -9999 -9999 -9999 -9999 -9999 -9999 -9999 -9999 -9999 -9999 -9999 -9999 -9999 -9999 -9999 -9999 -9999 -9999 -9999 -9999 -9999 -9999 -9999 -9999 -9999 -9999 -9999 -9999 -9999 -9999 -9999 -9999 -9999 -9999 -9999 -9999 -9999 -9999 -9999 -9999 -9999 -9999 -9999 -9999 -9999 -9999 -9999 -9999 -9999 -9999 -9999 -9999 -9999 -9999 -9999 -9999 -9999
