dsm/se2734_DSM_2M.asc
ncols 500
nrows 500
xllcorner    427000
yllcorner    434000
cellsize     2
NODATA_value -9999
[rows 0 to 31 of 500, columns 144 to 215 of 500]
71.397 70.173 64.016 63.292 63.294 63.304 63.298 63.246 63.189 64.472 68.696 71.579 72.439 73.045 72.329 71.449 72.061 72.781 72.99 71.483 71.668 72.219 73.12 73.287 68.915 66.514 66.132 68.056 66.892 66.483 66.239 66.196 66.168 66.143 66.185 66.203 66.205 66.216 66.237 66.308 66.986 66.24 66.16 66.06 66.103 66.049 66.053 66.069 67.108 70.112 69.934 69.198 66.807 65.203 64.98 64.931 64.932 64.881 64.822 64.793 64.686 64.586 64.593 65.387 64.551 64.491 64.44 64.377 64.209 64.216 64.121 64.136
70.595 65.18 63.261 63.273 63.256 63.254 63.244 63.204 63.116 63.075 63.002 65.813 71.536 72.48 73.196 72.929 71.196 71.766 72.519 73.277 72.223 71.513 72.236 72.93 73.492 70.825 66.389 66.491 66.521 66.559 68.455 66.148 66.051 66.121 66.145 66.148 66.169 66.138 66.193 66.883 66.607 66.205 66.068 65.945 65.922 65.896 65.938 66.174 70.882 71.073 70.531 69.914 69.167 68.084 65.422 64.822 64.818 64.76 64.72 64.685 64.607 64.575 64.433 64.452 64.423 64.339 64.273 64.185 64.043 64.045 63.994 63.939
65.608 63.413 63.244 63.701 63.231 63.207 63.212 63.151 63.098 63.074 63.017 63.133 68.602 71.374 72.307 73.045 72.956 71.929 71.817 72.598 73.084 72.089 71.412 72.063 73.003 73.088 71.434 69.133 66.396 67.889 68.863 65.997 65.967 65.991 65.975 66.047 66.079 66.058 66.063 66.048 66.003 66.01 65.93 65.813 65.729 65.749 65.824 68.818 70.525 71.014 71.001 70.454 69.944 69.346 67.403 64.923 64.659 64.632 64.612 64.536 64.507 64.442 64.337 64.215 64.188 64.14 64.016 63.943 63.896 63.902 63.865 63.856
63.599 63.336 63.18 63.227 63.191 63.175 63.174 63.129 63.117 63.043 63.023 63.044 62.971 64.56 71.141 72.324 72.997 73.019 71.679 71.646 72.416 73.39 72.346 71.451 72.118 72.729 73.501 72.472 67.455 66.58 65.927 65.882 65.781 65.829 65.87 65.958 65.953 66.002 66.023 65.975 65.91 65.863 65.807 65.93 65.595 65.647 68.586 69.271 69.776 70.451 70.845 71.036 70.497 69.903 69.348 67.979 65.394 64.482 64.497 64.389 64.39 64.275 64.268 64.182 64.07 63.952 63.89 63.8 63.804 63.861 63.914 63.692
63.208 63.266 63.176 63.205 63.159 63.135 63.116 63.089 63.095 63.063 63.035 63.058 62.984 63.019 63.088 71.126 72.136 72.811 73.215 71.901 71.497 72.454 73.146 72.329 71.421 71.939 72.486 73.202 72.152 69.936 66.058 65.874 65.804 65.739 65.777 65.862 65.817 65.872 65.867 65.793 65.792 65.773 65.826 66.883 65.679 65.35 65.309 68.078 69.201 69.636 69.919 70.919 71.068 70.503 69.981 69.331 68.219 64.61 64.353 64.274 64.264 64.187 64.171 64.108 63.94 63.915 64.392 63.734 63.722 63.694 63.61 63.515
63.126 63.17 63.155 63.157 63.12 63.117 63.054 63.038 63.088 63.029 63.068 63.025 63.014 63.007 62.966 64.583 71.048 72.091 72.981 73.381 71.624 71.516 72.225 73.279 73.119 71.303 71.832 72.588 73.347 71.995 67.577 65.805 65.78 65.754 65.661 65.653 65.734 65.73 65.767 65.762 65.701 65.623 65.803 65.99 65.347 65.325 65.288 65.907 68.809 69.309 69.715 70.309 70.935 71.113 70.507 70.035 69.309 67.24 65.127 64.108 64.112 64.068 63.973 63.952 63.889 63.811 63.659 63.581 63.571 63.511 63.423 63.323
63.101 63.119 63.073 63.074 63.099 63.037 63.007 63.019 63.101 63.031 63.077 63.03 63.035 63.06 63.032 63.011 63.087 70.528 71.931 72.609 73.282 72.28 71.363 72.063 72.903 73.076 71.64 71.814 72.454 73.163 72.998 70.188 65.875 65.937 65.694 65.6 65.548 65.684 65.645 65.573 65.596 65.582 65.44 65.592 65.261 65.301 65.262 65.271 65.295 68.165 69.164 69.63 69.38 70.89 71.182 70.675 69.907 68.177 67.484 64.156 63.979 63.929 63.92 63.808 63.727 63.666 63.555 63.485 63.364 63.264 63.248 63.167
63.048 63.017 63.058 63.009 62.999 63.014 62.973 63.032 63.008 63.018 62.994 63.028 63.042 63.028 63.062 63.012 63.073 62.965 69.427 71.696 72.461 73.152 72.426 71.534 72.066 72.741 73.044 71.762 71.532 72.373 73.339 73.165 68.668 66.329 65.741 65.617 65.555 65.49 65.46 65.448 65.48 65.408 65.322 65.318 65.23 65.216 65.261 65.202 65.925 65.485 68.247 69.253 69.676 70.337 71.012 69.557 68.099 68.033 68.27 66.64 64.595 63.79 63.729 63.685 63.611 63.538 63.47 63.347 63.252 63.129 63.064 64.4
62.969 62.943 63.001 62.954 62.927 62.965 63.018 62.954 62.949 62.962 63.006 63.003 63.017 63.01 63.068 64.443 65.695 63.575 62.982 65.387 71.546 72.572 73.267 72.976 71.306 71.899 72.758 73.21 71.947 71.653 72.385 73.08 73.434 70.366 65.806 66.329 66.027 65.854 65.404 65.427 65.347 65.318 65.306 65.292 65.252 65.192 65.175 65.213 65.907 66.429 65.431 67.969 69.146 69.674 70.728 71.014 70.351 68.075 68.037 68.277 67.597 64.942 63.609 63.554 63.527 63.44 63.306 63.267 63.166 63.085 63.155 63.073
62.96 62.978 62.93 62.909 62.971 62.901 62.94 62.907 62.888 62.939 62.933 62.969 62.991 62.99 63.018 63.475 65.273 65.382 63.108 62.992 68.131 71.76 72.401 72.981 72.735 71.348 71.804 72.712 73.198 71.706 71.553 72.154 72.818 73.259 69.118 68.984 66.931 66.413 65.555 65.298 65.256 65.324 65.394 65.236 65.234 65.168 65.165 65.143 65.286 65.227 65.104 65.115 68.126 70.247 70.994 70.999 70.996 69.049 68.105 68.017 68.038 67.251 64.858 63.418 63.385 63.312 63.227 63.116 63.031 62.936 63.036 62.885
63.158 63.023 63.009 62.964 62.898 62.906 62.891 62.859 62.886 62.944 62.91 62.943 62.914 62.952 62.986 62.965 63.019 65.176 63.36 63.067 62.985 65.363 71.504 72.351 73.353 73.276 71.422 71.826 72.445 73.143 72.773 71.191 71.894 72.742 73.515 71.298 66.333 65.697 65.348 65.507 65.483 65.819 65.46 65.214 65.243 65.183 65.147 65.073 65.097 65.105 65.14 65.747 67.459 70.483 70.915 70.947 70.935 70.939 70.507 68.091 67.954 68.025 68.169 65.54 63.29 63.142 63.091 62.974 62.879 62.843 62.763 62.734
66.41 63.141 63.157 63.032 62.969 62.934 62.93 62.879 62.912 62.902 62.892 62.915 62.86 62.936 62.938 63 62.995 62.991 63.065 63.028 63.023 62.972 66.018 71.247 72.317 72.977 73.231 71.78 71.714 72.267 73.14 72.599 71.165 71.75 72.69 73.269 72.268 68.929 65.598 66.147 65.317 65.689 65.235 65.139 65.105 65.162 65.102 65.053 65.05 65.052 65.052 65.133 66.829 66.996 70.534 70.944 70.927 70.902 70.91 70.417 68.544 68.289 68.048 63.564 63.046 63.042 63.004 62.903 62.791 62.742 62.635 62.504
68.583 67.909 66.464 63.274 63.967 63.104 62.977 62.947 62.943 62.886 62.93 62.949 62.873 62.921 62.911 62.933 62.947 63.01 62.981 63.001 63.014 63.048 63.008 64.709 69.819 71.949 72.88 73.205 71.898 71.495 72.444 73.182 72.753 71.338 71.849 72.718 73.529 71.815 67.619 65.317 65.52 65.464 66.136 65.336 65.078 65.108 65.093 65.057 65.045 65.003 64.999 65.012 65.152 65.209 66.592 68.335 70.822 70.91 70.906 68.775 68.205 68.443 63.526 62.923 62.895 62.89 62.821 62.718 62.619 62.603 62.547 62.417
68.791 68.679 68.583 68.008 67.012 64.845 66.63 63.003 62.967 62.954 62.959 62.928 62.897 62.89 62.893 62.909 62.941 62.952 62.952 62.986 63.027 63.009 63.014 63.042 64.562 71.096 72.018 73.01 73.366 72.125 71.546 72.187 73.082 72.833 71.561 71.703 72.523 73.206 72.899 69.962 63.313 63.296 65.552 64.848 65.177 65.11 65.375 65.07 65.065 65.046 65.012 64.989 64.965 64.841 64.81 65.407 67.879 70.907 67.959 66.253 68.057 64.406 62.774 62.831 62.785 62.772 62.689 62.615 62.588 62.478 62.362 62.297
68.979 68.868 68.788 68.738 68.646 68.583 67.052 64.512 64.1 63.154 63.04 62.958 62.935 62.916 62.94 62.901 62.893 62.93 62.942 62.929 62.998 62.993 63.043 63.053 63.253 64.598 69.539 71.775 72.725 73.297 72.113 71.458 71.945 72.92 73.26 71.541 71.645 72.367 70.054 63.901 62.934 62.966 62.898 62.731 63.096 63.508 68.441 65.266 65.095 65.046 65.012 64.971 64.92 64.856 65.281 65.456 66.501 68.159 67.025 65.937 64.738 62.567 62.607 62.62 62.649 62.66 62.617 62.479 62.436 62.369 62.258 62.18
69.124 69.04 68.982 68.955 68.842 68.753 68.691 68.649 68.549 67.556 64.254 63.164 63.019 63.05 62.999 62.956 62.919 62.886 62.893 62.914 62.955 63 62.988 62.985 63.06 63.006 64.541 70.236 71.783 72.507 73.416 72.368 71.193 72.061 72.651 73.127 71.846 71.6 66.117 62.784 62.7 62.709 62.867 62.569 62.567 68.329 69.516 66.673 68.071 65.203 65.01 64.968 64.937 64.92 64.953 65.224 65.085 64.922 65.057 67.979 62.82 62.4 62.472 62.565 62.546 62.628 63.178 62.568 62.446 62.294 62.178 62.072
69.054 69.083 69.176 69.081 69.043 68.953 68.847 68.774 68.718 68.649 68.619 68.528 66.853 66.416 63.139 63.033 62.944 62.961 62.88 62.921 62.916 62.895 62.957 62.959 62.991 62.985 62.969 62.966 69.384 71.454 72.63 73.148 72.805 71.324 71.819 72.799 73.067 65.954 63.401 62.716 62.649 62.587 63.194 62.548 62.753 70.72 71.051 70.521 69.041 67.875 65.828 64.938 64.913 64.885 64.975 68.757 68.381 69.308 67.053 62.624 62.248 62.349 62.439 62.861 62.524 65.941 66.106 65.951 63.058 62.218 62.08 61.953
68.889 68.893 69.029 69.154 69.226 69.15 69.045 68.961 68.86 68.837 68.783 68.684 68.648 68.551 65.313 66.863 63.63 62.995 62.938 62.938 62.872 62.882 62.92 62.909 62.95 62.966 62.964 62.987 63.001 68.724 71.646 72.442 73.131 73.236 71.237 71.723 67.5 64.709 62.752 62.594 62.464 62.441 62.468 64.598 69.997 71.264 71.815 71.397 70.837 70.106 68.607 65.114 64.882 64.848 64.918 68.485 70.091 69.63 66.447 62.211 62.157 62.239 62.256 63.329 62.395 65.678 64.064 65.661 64.614 62.29 62.599 62.365
67.439 68.605 68.817 68.848 68.942 68.992 69.141 69.158 69.069 69.024 68.905 68.87 68.827 68.714 68.687 68.605 68.529 67.829 63.222 62.901 62.847 62.89 62.879 62.856 62.875 62.974 62.98 62.96 62.971 62.912 63.822 69.734 72.338 72.985 72.799 67.644 66.035 62.74 62.609 62.507 62.427 62.337 62.254 62.388 69.35 70.563 71.156 71.749 71.519 70.831 70.225 69.005 65.984 64.992 65.347 64.827 65.791 62.602 61.965 61.988 62.063 62.193 62.953 62.438 63.539 62.86 63.247 70.382 70.919 70.781 62.836 61.804
68.549 64.809 66.183 68.607 68.777 68.866 68.944 68.964 69.015 69.124 69.12 69.069 69.019 68.861 68.887 68.809 68.721 68.595 64.007 62.823 62.891 62.902 62.823 62.867 62.855 62.884 62.893 62.88 62.918 62.92 62.937 64.472 71.348 72.161 67.98 63.048 63.329 62.641 62.53 62.403 62.323 62.223 62.107 62.03 63.301 68.105 69.904 70.676 71.393 71.714 71.253 70.405 69.713 66.507 64.374 63.496 62.451 61.824 61.75 61.89 61.885 62.062 62.62 62.608 64.156 63.315 67.343 71.344 71.373 71.637 67.235 61.933
71.341 73.181 68.142 68.856 66.359 68.473 68.742 68.781 68.913 68.865 68.95 69.106 69.145 69.103 69.042 68.885 68.882 68.771 62.976 62.811 62.84 62.851 62.817 62.84 62.854 62.855 62.861 62.851 62.868 62.889 62.864 62.857 63.756 70.262 65.789 65.24 62.705 62.564 62.445 62.33 62.236 62.131 62.035 61.926 61.858 61.911 67.204 69.864 70.422 71.347 71.699 71.531 70.939 65.415 63.9 62.543 61.792 61.605 61.732 61.798 61.809 61.919 62.8 63.329 62.449 66.637 70.181 71.229 71.474 70.966 70.648 67.08
72.627 68.753 70.385 67.125 65.003 67.803 68.537 68.581 68.715 68.672 68.853 68.918 68.951 69.07 69.107 69.166 69.096 65.169 62.849 62.823 62.844 62.856 62.888 62.836 62.844 62.919 62.88 62.926 62.842 62.817 62.839 62.827 62.768 64.71 65.476 62.651 62.527 62.367 62.309 62.19 62.153 62.037 61.881 61.836 61.64 61.676 61.835 64.07 69.333 70.272 70.963 71.515 70.368 62.845 62.244 61.645 61.499 61.527 61.628 61.654 61.615 61.679 63.202 62.692 62.812 68.943 71.286 71.462 71.207 70.856 70.352 60.811
67.764 73.194 69.713 71.637 69.661 63.596 66.072 68.249 68.515 68.593 68.706 68.748 68.754 68.887 68.919 69.029 68.988 63.566 62.82 62.763 62.796 62.792 62.782 62.841 62.869 62.88 62.877 62.841 62.875 62.877 62.821 62.784 62.742 62.715 62.867 62.515 62.411 62.321 62.195 62.07 62.04 61.923 61.859 61.728 61.626 61.528 61.568 61.676 62.911 67.772 69.773 70.654 64.264 62.454 61.671 61.348 61.382 61.427 61.542 61.539 61.471 61.644 61.776 63.361 70.149 71.459 71.477 71.332 70.473 70.489 62.584 60.932
69.296 73.26 68.993 72.294 68.943 63.808 63.008 63.089 65.53 68.223 68.514 69.283 68.601 68.679 68.678 68.885 65.783 62.833 62.8 62.835 62.814 62.744 62.811 62.802 62.797 62.864 62.787 62.837 62.819 62.801 62.786 62.748 62.731 62.632 62.6 62.488 62.349 62.253 62.104 66.67 63.336 63.177 61.745 61.68 61.556 61.461 61.376 61.279 61.423 61.525 63.076 64.828 62.252 61.807 61.188 61.13 61.255 61.292 61.878 61.961 62.319 61.987 61.779 62.156 70.757 71.423 71.73 70.688 69.807 64.821 61.497 61.113
73.716 69.514 72.452 68.269 70.769 71.671 66.377 64.38 65.982 65.656 68.662 64.91 69.616 68.932 68.532 68.662 64.638 62.989 62.775 62.766 62.756 62.756 62.799 62.853 62.806 62.829 62.789 62.83 62.842 62.773 62.775 62.789 62.701 62.636 62.527 62.447 62.33 62.182 67.444 70.573 63.555 61.844 61.671 61.564 61.419 61.338 61.247 61.167 61.089 61.164 61.367 62.667 61.311 61.566 60.921 61.109 61.165 61.172 62.074 61.943 63.779 63.282 61.877 70.449 70.588 70.838 71.022 70.267 67.529 61.298 61.165 61.037
65.854 66.533 61.458 68.458 72.723 72.414 69.621 64.775 64.576 65.248 66.062 64.708 66.578 69.26 67.442 66.37 63.057 63.02 65.118 63.72 62.781 62.761 62.834 62.755 62.808 62.822 62.858 62.819 62.795 62.773 62.788 62.707 62.682 62.577 62.468 62.407 62.215 62.115 62.229 63.427 65.447 62.191 61.833 61.569 61.429 61.202 61.274 61.02 60.958 61.028 60.917 60.885 61.219 60.761 60.868 61.001 61.03 61.166 61.49 61.28 61.733 62.533 66.803 70.519 70.791 70.725 69.718 69.046 62.37 61.584 61.221 60.698
59.327 58.375 60.263 69.324 71.97 72.844 72.041 63.617 63.894 64.824 72.508 65.244 72.813 70.085 62.961 62.98 64.459 70.401 69.2 64.343 65.471 66.284 62.841 62.785 62.842 62.778 62.792 62.808 62.824 62.768 62.75 62.695 62.629 62.54 62.481 62.369 62.305 62.53 62.553 68.539 69.593 63.228 63.009 65.935 68.954 64.713 68.472 60.94 60.666 60.624 60.623 60.628 60.591 60.625 60.784 60.865 60.848 60.913 62.298 62.272 61.667 65.813 69.499 70.304 70.591 69.978 69.766 61.616 61.285 62.151 61.412 60.911
58.31 58.336 58.385 65.791 68.605 71.263 63.544 59.731 59.227 68.831 65.992 67.921 64.263 62.975 64.029 67.04 69.295 72.736 74.299 70.764 67.665 69.449 68.575 62.985 62.8 62.798 62.813 62.799 62.784 62.787 62.707 62.685 62.641 62.585 62.5 62.533 62.584 62.74 62.732 62.752 63.611 63.242 62.338 66.456 71.263 69.104 68.222 64.247 60.773 60.441 60.424 60.419 60.421 60.595 60.731 60.711 60.707 63.718 63.627 64.978 63.041 69.094 70.051 70.815 70.284 69.342 64.353 60.672 60.682 61.036 60.358 60.523
58.242 58.266 58.256 58.278 60.629 60.819 59.208 58.333 58.4 63.117 60.13 59.321 70.469 63.101 64.99 66.841 68.37 71.35 73.723 71.518 68.403 70.826 70.35 64.693 62.722 62.757 62.803 62.81 65.48 64.029 65.418 62.815 62.701 62.604 62.725 62.775 62.777 62.858 62.865 62.852 62.695 62.592 62.345 66.839 71.242 71.923 66.468 65.004 61.309 60.333 60.294 60.321 60.393 60.518 60.555 60.465 60.634 62.702 61.692 61.618 67.57 69.898 70.667 70.416 69.892 64.889 61.071 60.886 60.448 60.338 60.727 60.323
58.038 58.151 58.255 58.284 58.254 58.348 58.358 58.345 58.289 58.268 58.687 71.36 73.437 65.93 66.908 66.569 68.615 70.935 70.684 68.28 70.167 70.585 66.691 63.59 62.802 62.834 62.779 65.608 68.465 69.501 68.119 62.918 62.873 62.861 62.891 62.835 62.901 62.949 63 62.937 62.888 62.619 62.307 62.39 68.761 70.731 69.36 63.601 61.028 60.187 60.141 60.227 60.343 60.368 60.344 60.411 62.709 63.442 61.94 65.803 69.263 69.845 70.568 70.338 68.955 63.222 60.611 60.596 60.82 60.065 60.256 60.252
57.93 57.98 58.066 58.13 58.167 58.265 58.254 58.288 58.289 58.258 58.546 69.45 70.801 67.95 60.539 59.983 63.148 65.545 64.802 62.382 67.081 67.115 66.033 63.49 62.542 62.757 62.88 66.786 68.962 69.84 69.126 63.868 62.948 62.981 62.951 63.028 62.945 62.956 62.972 62.942 62.85 62.658 62.386 62.072 65.318 66.34 63.886 60.325 60.094 59.966 59.982 60.102 60.166 60.301 60.495 60.631 61.104 61.303 61.089 68.298 69.428 70.204 69.465 68.444 62.058 60.44 60.544 61.258 60.513 60.183 60.084 60.155
58.201 57.851 57.913 57.976 57.933 58.037 58.037 58.174 58.15 58.204 58.2 59.542 60.279 58.296 58.304 58.358 58.376 58.945 59.682 59.222 65.575 65.99 65.636 61.416 61.814 63.685 63.502 66.481 68.471 68.724 68.573 63.406 62.832 62.874 65.005 63.906 63.549 63.033 63.024 62.939 62.948 62.784 62.531 62.253 61.951 61.851 62.376 60.35 59.883 59.846 59.907 60.033 60.483 60.877 60.304 61.632 60.961 61.048 68.721 69.107 70.025 69.68 69.033 68.66 60.294 60.387 62.567 60.351 61.003 60.038 60.036 60.005
