dsm/se2733_DSM_2M.asc
ncols 500
nrows 500
xllcorner    427000
yllcorner    433000
cellsize     2
NODATA_value -9999
[rows 0 to 31 of 500, columns 0 to 71 of 500]
72.948 72.924 72.898 72.842 72.856 72.809 72.798 73.692 73.137 74.223 74.577 74.818 72.655 74.998 82.825 84.128 85.121 84.359 84.824 85.572 86.268 86.473 85.542 82.868 82.854 77.431 75.737 73.568 72.395 72.294 72.235 72.165 72.155 72.089 72.109 72.061 82.979 83.687 83.596 84.241 82.036 83.144 83.465 82.461 80.834 79.585 83.342 79.129 72.056 72.162 71.937 71.862 71.836 71.848 71.798 71.758 71.787 71.758 71.793 71.74 76.849 81.644 83.382 83.995 83.408 83.638 82.629 78.565 71.827 71.785 71.75 71.758
72.893 72.929 72.882 72.85 72.809 72.741 72.678 73.828 80.261 78.756 72.887 74.019 72.672 72.767 77.638 83.252 83.219 83.157 83.826 84.086 84.037 85.838 85.319 82.965 74.307 72.481 72.748 72.351 72.256 72.191 72.169 72.148 72.1 72.075 72.051 78.397 83.196 83.192 84.61 81.189 82.784 76.682 75.241 73.681 73.205 77.363 79.191 76.977 82.199 73.119 71.958 71.913 71.88 71.815 71.763 71.793 71.811 71.808 71.87 71.835 75.449 80.808 83.393 83.834 84.058 82.835 82.655 76.22 71.8 71.797 71.741 71.788
72.862 72.87 72.808 72.771 72.797 72.676 72.822 73.684 74.643 73.786 76.164 73.155 72.623 72.595 72.472 72.564 72.537 79.386 80.469 75.115 76.728 78.632 76.902 74.214 73.174 72.398 72.341 72.256 72.236 72.126 72.08 72.105 72.083 71.967 73.82 81.944 83.63 82.179 84.352 77.283 78.349 73.016 71.807 71.851 71.845 73.589 78.159 74.348 78.285 72.077 71.99 72.032 72.284 73.788 76.521 76.628 78.18 72.188 71.9 71.893 72.838 76.467 82.329 83.53 82.049 83.294 81.953 72.583 71.905 71.908 71.878 71.927
72.789 72.782 72.704 72.756 72.699 72.735 72.587 72.601 73.428 73.799 72.563 72.557 72.535 72.583 72.663 72.599 72.6 72.533 72.572 72.431 72.518 73.268 72.445 72.442 72.324 72.321 72.242 72.181 72.153 72.039 72.091 72.012 71.978 72.078 80.722 82.48 83.395 82.086 82.973 81.929 72.943 72.266 71.806 71.836 71.942 71.917 71.939 71.982 71.93 71.976 71.932 79.296 83.414 83.664 77.472 84.421 83.336 82.197 74.133 72.101 71.927 71.87 75.619 80.335 81.958 82.953 76.619 71.934 72.004 71.933 72.003 72.007
72.748 72.7 72.659 72.677 72.634 72.641 72.572 72.56 73.375 72.516 72.533 72.447 74.86 73.824 73.146 72.545 72.501 72.463 72.48 72.463 72.403 72.338 72.3 72.266 72.238 72.226 72.164 72.025 72.066 72.01 71.994 71.99 71.965 71.899 81.356 83.068 82.282 77.379 84.041 82.909 72.582 71.732 71.794 71.829 71.931 72.002 71.994 71.943 71.947 71.983 78.303 83.736 77.332 82.258 84.525 88.104 87.957 78.907 79.104 73.068 71.946 71.928 71.949 72.609 78.703 76.447 71.909 71.943 71.988 71.984 72.015 72.058
72.657 72.646 72.658 72.535 72.585 72.581 72.525 72.558 72.511 72.692 74.599 72.786 75.078 79.554 74.891 73.22 72.429 72.422 72.334 72.306 72.293 72.246 72.221 72.192 72.179 72.131 72.061 72.068 72.005 72.007 71.946 71.895 71.93 75.155 81.849 77.485 81.912 83.421 83.453 79.863 73.146 71.723 71.797 71.864 71.872 71.97 72.005 71.938 71.997 71.974 79.976 85.449 83.625 85 85.775 88.581 88.626 86.171 81.813 72.093 71.903 71.882 71.863 71.845 71.868 71.895 71.876 71.958 72.022 72.025 72.036 71.98
72.594 72.607 72.551 72.54 72.554 72.482 72.469 72.484 72.467 72.412 73.366 74.743 73.964 76.027 74.987 72.377 72.402 72.368 72.331 72.263 72.183 72.182 72.142 72.098 72.086 71.994 72.098 72.017 71.999 71.978 71.888 71.831 72.316 76.766 80.294 84.199 83.731 84.732 81.902 73.678 71.713 71.665 71.739 71.818 71.841 71.981 71.961 71.926 71.928 71.854 80.291 84.808 85.447 84.381 84.382 87.834 88.336 78.73 72.934 71.85 71.833 71.833 71.908 71.833 71.93 71.913 71.915 72.64 72.038 72.269 72.025 72.032
72.518 72.532 72.49 72.433 72.452 72.405 72.472 72.439 72.381 76.59 82.03 82.824 75.186 81.209 77.505 72.321 72.258 72.333 72.467 72.379 72.17 72.133 72.117 72.036 72.02 72.009 72.09 72.01 71.944 71.935 71.827 71.93 73.271 81.852 82.98 83.531 82.948 77.948 81.154 71.743 71.646 71.729 71.767 71.832 71.831 71.902 71.829 71.801 71.796 71.905 80.435 81.737 83.237 83.502 83.166 82.83 85.041 78.172 71.885 72.139 71.833 71.954 71.885 71.982 71.694 71.67 71.635 71.675 71.516 71.519 71.516 71.542
72.511 72.444 72.436 72.427 72.385 72.308 72.324 72.248 72.297 72.347 80.972 75.31 72.364 74.872 74.862 72.224 72.235 72.332 72.53 72.508 72.419 72.221 72.036 72.017 71.999 71.902 71.919 71.891 71.881 71.82 74.24 73.673 81.961 85.055 84.894 84.507 80.471 84.95 76.97 71.613 71.62 71.68 71.77 71.8 71.801 71.831 71.744 71.746 71.705 71.626 72.974 78.169 81.515 81.881 75.499 75.672 72.859 72.787 71.675 71.653 71.542 71.494 71.495 71.52 71.506 71.363 71.407 71.433 71.483 71.446 71.428 71.493
72.452 72.341 72.306 72.343 72.265 72.294 72.285 72.32 73.153 79.539 74.536 78.121 76.173 72.264 72.149 72.184 72.376 72.446 72.478 72.478 72.497 72.398 72.283 72.13 71.895 71.898 71.837 71.795 71.766 71.746 71.663 76.929 83.882 85.542 86.081 84.643 84.591 82.395 76.178 71.517 71.568 71.666 71.729 71.687 71.768 71.723 71.721 71.691 71.75 71.736 71.706 71.52 71.46 72.551 71.332 71.435 71.538 71.577 71.589 71.518 71.538 71.386 71.469 71.517 71.489 71.461 71.398 71.32 71.403 71.433 71.486 71.456
72.35 72.25 72.258 72.196 72.174 72.195 72.159 74.179 76.925 78.415 76.244 76.188 75.12 72.135 72.12 72.173 72.325 72.476 72.448 72.386 72.463 72.386 72.447 72.345 72.149 71.965 71.802 71.781 71.773 71.73 71.994 75.825 82.534 85.111 85.439 82.713 83.574 79.395 72.515 71.471 71.479 71.574 71.804 71.743 73.376 72.329 74.077 71.766 71.598 71.535 71.435 71.358 73.557 74.077 73.606 71.958 71.38 71.386 71.344 71.314 71.337 71.254 71.378 71.26 71.407 71.54 71.457 71.404 71.388 71.37 71.399 72.652
72.214 72.172 72.13 72.292 72.152 72.104 72.174 72.775 76.504 72.991 79.329 74.38 74.219 72.057 72.063 72.24 72.4 72.447 72.302 72.361 72.39 72.355 72.423 72.457 72.455 72.38 72.117 72.025 71.846 71.738 72.102 81.376 84.443 84.976 84.961 82.795 81.864 72.557 71.474 71.479 71.481 71.576 71.713 74.298 74.487 74.633 72.59 75.345 71.75 71.427 71.368 71.258 75.137 75.472 75.071 74.673 73.714 71.969 72.618 71.396 71.306 71.262 71.286 71.351 71.393 71.447 71.443 71.353 71.347 72.574 73.353 74.438
74.245 71.996 76.626 76.985 72.905 72.06 73.622 77.409 73.205 73.418 75.888 72.106 72.166 71.933 72.137 72.323 72.428 72.376 72.315 72.353 72.375 72.39 72.397 72.383 72.383 72.387 72.371 72.334 73.846 73.696 75.287 81.726 86.249 84.161 82.439 83.961 79.311 71.827 71.461 71.444 71.507 71.517 71.667 75.805 73.618 74.905 72.418 72.822 71.51 71.463 71.33 71.267 76.871 76.554 76.021 75.715 75.071 74.929 74.436 74.04 72.876 71.347 71.293 71.371 71.234 71.55 71.47 73.076 73.734 74.384 75.093 75.296
72.217 75.472 80.161 76.342 76.807 72.898 73.436 81.037 77.04 80.518 76.401 72.91 72.345 71.917 72.218 72.368 72.43 72.327 72.337 72.396 72.387 72.429 72.314 72.338 72.338 72.326 72.359 72.329 78.408 78.384 84.065 84.079 84.828 86.136 84.484 85.419 80.149 73.502 71.436 71.447 71.498 71.471 71.545 71.949 72.374 72.749 72.22 71.676 71.523 71.407 71.258 73.857 76.667 77.219 77.151 76.617 76.35 76.131 75.535 75.333 74.891 74.47 73.262 71.67 71.976 73.335 74.042 74.65 75.053 75.492 76.149 76.455
72.809 80.415 81.535 81.497 80.458 74.733 77.077 79.458 82.446 80.706 77.983 74.699 71.869 72.067 72.324 72.426 72.399 72.31 72.414 72.385 72.356 72.41 72.352 72.439 72.377 72.266 72.322 73.89 76.406 82.704 84.581 83.278 81.753 73.156 84.745 84.695 78.893 71.446 71.425 71.453 71.497 71.401 71.42 71.634 73.425 72.186 71.999 71.758 71.532 71.387 71.355 74.254 75.525 76.05 76.611 76.739 77.099 77.001 76.546 76.256 75.749 75.475 75.08 74.689 74.606 74.6 75.224 75.722 75.996 76.614 76.989 77.17
77.759 81.919 79.629 80.929 78.044 77.981 78.598 80.821 82.861 80.679 74.377 72.634 71.871 72.263 72.321 72.39 72.385 72.361 72.373 72.346 72.426 72.403 72.332 72.35 72.277 72.227 72.305 75.052 81.276 84.893 82.127 81.737 77.089 82.04 82.087 74.924 71.267 71.342 71.352 71.39 71.442 71.416 71.48 71.47 71.933 72.183 72.107 71.97 71.752 71.473 71.494 74.241 74.683 75.131 75.306 75.921 76.223 76.682 77.139 77.155 76.648 76.566 75.961 75.784 75.702 75.674 76.423 76.733 77.258 76.882 76.754 76.242
72.61 76.276 76.087 74.028 73.09 80.638 80.198 82.064 81.418 73.127 72.955 71.75 72.082 72.353 72.317 72.372 72.358 72.431 72.413 72.334 72.451 72.36 72.3 72.266 72.232 72.269 72.219 78.514 83.597 84.771 83.212 76.201 80.824 83.23 77.337 71.861 71.341 72.116 71.421 71.438 71.389 71.417 71.364 71.322 71.849 72.196 72.115 72.107 72.01 71.82 71.698 71.896 72.013 73.735 74.312 74.865 75.296 75.623 75.932 76.24 76.597 76.903 77.163 77.095 76.696 76.981 76.977 76.888 76.567 76.198 75.639 74.945
71.728 71.758 72.452 71.686 71.835 79.717 78.667 81.403 81.035 77.661 71.903 71.841 72.203 72.259 72.344 72.374 72.36 72.419 72.415 72.427 72.369 72.328 72.36 72.318 72.421 74.619 72.3 80.074 84.271 85.991 84.94 82.054 81.055 83.287 76.238 76.069 71.564 77.448 75.006 72.225 71.391 71.342 71.266 75.07 76.313 72.92 72.085 72.151 72.063 71.976 71.849 71.692 71.478 71.234 71.647 73.259 73.988 74.013 74.781 75.24 75.755 75.994 76.373 76.738 76.774 76.574 76.42 75.909 75.28 75.008 74.409 74.034
71.678 71.668 71.698 71.65 71.563 73.709 79.758 73.209 79.502 75.731 72.158 72.123 72.244 72.276 72.311 72.289 72.361 72.424 72.348 72.42 72.392 72.316 72.3 72.283 73.706 72.306 79.297 83.745 85.38 85.548 85.691 85.029 84.11 82.752 80.61 80.39 80.276 79.723 80.182 76.476 71.707 71.275 71.497 74.865 74.319 72.314 72.082 72.131 72.033 72.009 71.892 71.72 71.591 71.384 71.268 71.22 71.201 71.256 73.894 72.635 74.56 75.034 75.098 75.59 75.512 75.533 75.13 74.876 74.401 73.843 72.4 71.562
71.66 71.606 71.574 71.617 71.592 71.493 72.864 74.021 72.247 71.583 71.844 72.273 72.308 72.38 72.314 72.293 72.337 72.35 72.387 72.351 72.349 72.321 72.213 72.147 72.269 76.409 79.198 78.166 86.181 85.538 77.988 85.472 83.276 76.565 81.682 81.951 83.624 84.431 83.431 79.565 75.484 71.91 71.16 74.388 73.106 71.99 72.008 72.051 71.984 71.967 71.858 71.732 71.602 71.358 71.214 71.157 71.174 71.157 71.168 71.226 71.962 73.309 73.719 74.51 74.371 74.26 74.16 72.815 72.584 71.342 71.058 71.039
71.648 71.59 71.554 71.533 71.54 71.603 72.355 71.937 71.554 71.586 72.148 72.287 72.272 72.273 72.301 72.239 72.302 72.286 72.347 72.278 72.244 72.3 72.284 72.162 72.226 73.303 78.817 83.344 84.914 84.371 84.328 85.414 83.925 76.28 81.163 83.712 82.214 84.397 84.367 82.661 78.405 71.127 70.978 70.78 70.826 71.977 72.068 71.96 71.992 71.913 71.923 71.725 71.555 71.437 71.148 71.09 71.095 71.13 71.151 71.15 71.162 71.193 71.191 71.16 71.204 71.693 71.421 71.115 71.138 71.125 71.573 71.977
71.552 71.534 71.97 74.448 73.803 71.845 71.469 71.495 71.551 71.83 72.279 72.296 72.344 72.258 72.279 72.331 72.318 72.299 72.265 72.261 72.219 72.163 72.194 72.195 71.966 78.091 83.503 84.236 77.713 77.103 83.959 82.91 74.98 74.305 79.912 83.615 84.487 84.512 84.112 82.613 80.173 71.231 70.998 70.911 70.81 71.492 71.969 72.09 71.92 71.945 71.927 71.685 71.542 71.371 71.15 71.132 72.267 72.131 71.352 73.976 71.305 71.148 71.084 71.324 71.073 71.838 71.392 70.87 73.845 75.876 75.637 75.133
71.51 71.506 72.019 79.256 76.041 75.527 72.595 71.597 71.68 72.035 72.273 72.311 72.325 72.306 72.289 72.338 72.373 72.292 72.271 72.213 72.331 72.215 72.155 72.035 76.621 83.673 84.722 82.752 81.896 73.057 81.228 82.072 72.159 71.086 76.955 84.273 85.639 83.15 83.893 81.407 74.963 71.653 70.912 70.897 70.945 71.34 71.876 72.087 71.846 71.761 71.697 71.534 71.525 71.275 71.156 75.058 74.208 74.321 74.67 77.22 79.001 73.971 71.853 71.734 71.844 71.962 71.784 71.656 75.818 77.124 70.539 75.466
71.443 73.261 78.912 81.727 82.71 79.897 80.525 73.706 71.861 72.049 72.147 72.209 72.332 72.321 72.302 72.314 72.212 72.283 72.279 72.187 72.261 72.214 72.171 71.912 79.02 79.999 84.843 81.975 72.734 75.735 77.99 72.142 70.92 73.884 82.11 84.768 85.807 84.984 81.449 78.738 74.556 70.887 70.879 70.908 71.01 71.212 71.859 71.719 71.697 71.631 71.581 71.516 71.405 71.138 71.563 74.335 73.856 73.601 75.996 76.712 75.209 74.159 71.934 70.059 69.998 70.293 69.4 69.664 71.876 70.72 71.199 70.767
71.325 71.366 76.769 80.907 79.689 82.67 81.825 77.879 71.906 72.013 72.167 72.278 72.303 72.263 72.305 72.311 72.29 72.301 72.24 72.191 72.218 72.276 74.159 71.865 77.499 79.572 81.717 80.928 82.617 80.067 72.773 71.312 70.937 73.043 77.17 81.784 84.326 83.52 79.148 72.951 70.869 70.894 70.865 70.825 70.918 71.068 71.448 71.859 71.692 71.658 71.579 71.397 71.236 71.141 71.381 77.421 75.144 72.967 74.047 75.506 70.763 69.756 69.403 69.391 69.569 69.549 69.502 71.161 72.504 72.29 72.706 72.791
71.273 71.743 78.457 78.232 81.923 81.61 79.559 74.565 71.864 71.984 72.045 72.182 72.329 72.38 72.386 72.359 72.207 72.277 72.205 72.177 72.186 72.122 71.845 71.16 70.953 74.061 80.735 82.075 79.84 78.067 72.521 70.883 70.886 70.943 70.859 76.143 80.03 78.848 71.221 70.934 70.872 70.917 70.86 70.894 70.83 71.285 71.585 71.936 71.655 71.607 71.454 71.366 73.441 71.455 76.534 73.563 74.145 69.839 69.743 69.607 69.42 69.443 71.38 70.506 73.245 73.276 73.04 72.3 72.38 72.814 73.204 72.426
71.548 78.017 74.078 71.486 75.735 77.869 74.808 71.758 71.877 71.869 71.966 72.105 72.271 72.396 72.426 72.371 72.304 72.251 72.189 72.183 72.173 72.077 71.332 70.956 70.848 70.755 74.047 77.704 77.563 72.411 71.316 70.847 70.9 70.928 70.927 70.871 70.846 71.502 70.912 70.803 70.872 70.787 70.765 70.712 70.658 71.163 71.189 71.807 71.562 71.423 71.307 73.053 74.793 75.877 78.296 78.116 71.764 69.437 69.446 69.377 69.425 70.858 71.194 72.845 73.54 73.93 73.54 72.926 72.389 72.741 73.152 72.442
75.874 80.728 75.829 73.854 73.392 76.035 71.805 71.804 71.812 71.781 71.829 71.949 72.007 72.273 72.364 72.342 72.234 72.096 72.138 72.212 72.079 71.818 73.23 71.137 71.126 72.812 71.191 70.631 71.914 71.025 70.799 70.817 70.9 70.843 70.833 70.894 70.87 70.882 70.844 70.687 70.793 70.806 70.733 70.666 70.639 73.76 73.895 71.865 71.289 71.238 71.188 71.075 73.074 75.037 78.262 78.475 71.356 69.377 69.388 69.378 69.396 70.047 70.476 72.81 73.371 74.033 73.444 73.031 72.349 72.526 73.142 72.783
80.517 79.214 76.455 78.871 73.665 71.646 71.713 71.755 71.697 71.754 71.72 71.746 71.812 71.929 72.04 72.081 72.072 71.998 72.044 72.082 71.916 74.004 73.277 79.029 73.675 72.937 70.895 70.763 70.691 70.676 70.78 70.803 70.882 70.744 70.74 70.829 70.833 70.805 70.753 70.621 70.771 70.744 70.668 70.62 70.471 70.867 71.331 71.211 71.176 71.053 70.936 75.447 75.798 75.935 77.305 72.538 69.345 69.46 69.402 69.349 69.368 70.037 71.766 72.697 73.323 74.035 73.587 73.066 72.332 72.714 73.259 72.638
81.512 79.417 73.885 72.64 71.617 73.065 71.679 71.694 71.659 71.708 71.706 71.742 71.649 71.766 71.757 71.851 71.822 71.888 71.942 71.88 77.336 83.314 81.164 84.47 85.002 80.095 71.956 70.639 70.608 70.69 70.7 70.816 70.751 70.705 70.756 70.801 70.747 70.731 70.686 70.683 70.71 70.676 70.72 70.628 70.465 70.53 70.937 71.109 71.094 71.887 74.903 76.798 78.489 72.48 69.458 69.362 69.375 69.375 69.405 69.389 69.401 69.973 69.599 72.677 73.257 73.873 73.602 73.089 72.5 72.469 73.249 72.816
82.365 76.013 75.761 73.701 72.126 71.696 71.697 71.676 71.652 71.686 71.698 71.696 71.744 71.76 71.727 71.763 71.686 71.768 71.778 72.125 74.288 83.237 83.073 83.01 80.275 74.342 74.063 70.513 70.569 70.652 70.698 70.681 70.646 70.582 70.723 70.772 70.783 70.674 70.614 70.678 70.588 70.736 70.632 70.556 70.528 70.443 70.648 72.07 73.331 75.57 75.832 78.35 73.238 74.384 69.521 69.341 69.417 69.378 69.328 69.395 69.357 69.621 69.452 72.043 73.232 73.832 73.824 73.142 72.625 72.446 73.02 72.869
81.861 75.203 77.354 73.363 72.657 71.688 71.628 71.68 71.646 71.601 71.591 71.624 71.697 71.751 71.733 71.69 71.664 71.693 71.423 73.805 80.137 80.835 82.641 78.074 85.136 82.122 73.146 70.509 70.564 70.569 70.55 70.625 70.525 70.612 70.608 70.654 70.678 70.575 70.706 70.643 70.572 70.683 70.577 70.468 70.413 70.39 70.488 74.229 76.086 77.205 76.25 78.142 77.871 70.747 69.406 69.363 69.384 69.381 69.336 69.384 69.356 69.411 69.421 72.111 73.139 73.741 73.818 73.176 72.679 72.43 73.023 72.974
