dsm/se2730_DSM_2M.asc
ncols 500
nrows 500
xllcorner    427000
yllcorner    430000
cellsize     2
NODATA_value -9999
[rows 416 to 447 of 500, columns 360 to 431 of 500]
60.715 60.471 60.33 60.15 60.032 60.117 61.246 60.903 59.735 62.893 64.42 64.758 63.826 61.704 57.731 57.697 57.327 57.044 56.933 56.648 56.254 58.897 58.192 56.293 55.904 55.88 60.257 60.863 61.161 60.875 60.473 59.138 55.735 54.873 56.15 53.939 53.625 53.237 53.03 53.18 52.371 52.329 51.989 53.036 53.069 54.782 56.988 57.323 56.727 51.398 51.103 51.167 51.122 51.05 50.914 50.812 50.563 50.486 50.354 50.279 50.163 50.11 50.049 50.017 50.684 50.444 49.862 49.641 49.662 49.628 49.511 49.19
60.442 60.153 60.071 59.996 59.778 60.744 60.137 59.11 58.889 58.772 63.53 64.225 63.994 63.425 62.115 61.061 58.271 57.497 56.585 56.326 56.22 57.558 58.188 56.171 56.123 55.494 55.735 59.241 60.097 60.002 60.551 60.486 59.493 59.662 58.655 54.358 57.582 54.62 52.686 52.523 52.25 52.92 51.965 53.603 55.351 56.933 57.34 56.692 51.86 51.676 51.38 51.068 51.023 51.012 50.975 50.834 50.674 50.502 50.389 50.295 50.264 50.172 50.053 50.834 50.591 50.112 49.886 49.656 49.46 49.517 49.394 49.09
60.267 59.976 59.909 60.197 59.933 60.488 61.028 59.066 58.699 58.691 58.527 62.808 63.784 63.911 63.696 63.133 62.132 57.253 56.49 56.33 56.158 55.972 55.867 55.858 55.958 55.531 55.38 55.934 56.856 55.004 59.847 60.359 60.184 60.079 59.737 58.931 58.872 56.596 53.417 52.549 52.248 52.133 52.133 51.743 56.577 57.323 56.877 53.014 51.303 51.332 51.563 51.07 50.967 50.923 50.937 50.856 50.738 50.516 50.424 50.338 51.077 50.361 50.327 51.087 51.67 50.636 49.954 49.637 49.346 49.35 49.236 48.991
59.962 65.048 65.363 62.192 59.921 59.596 59.209 60.461 58.577 58.486 59.509 61.662 63.053 63.598 63.911 63.877 59.284 56.634 56.441 56.334 56.139 57.187 56.341 55.621 55.998 55.886 57.268 55.486 55.074 54.727 56.754 57.554 58.256 59.529 60.104 59.949 58.825 58.146 53.949 52.455 52.215 53.288 53.04 56.414 57.137 57.154 56.537 51.531 51.405 51.257 51.186 51.097 53.144 55.93 57.074 50.759 50.688 50.578 50.404 50.366 50.933 51.418 55.744 55.548 53.617 50.51 49.963 49.641 49.352 49.177 49.019 48.673
64.069 66.363 66.327 65.593 61.539 59.694 59.069 58.869 61.023 60.12 59.501 57.908 58.517 62.384 63.292 60.575 57.238 56.493 56.328 56.244 56.889 57.281 57.108 55.771 55.378 55.215 55.919 55.81 55.062 56.042 57.503 56.493 54.091 55.015 58.209 57.942 58.564 58.83 58.305 52.435 52.19 53.109 56.884 57.733 57.465 56.614 52.032 51.315 51.343 51.62 51.202 51.102 53.644 60.521 60.139 52.663 50.607 50.575 50.513 51.124 50.398 54.177 56.084 56.481 56.154 54.177 49.965 49.794 50.569 48.978 48.798 48.403
64.102 65.899 66.587 66.013 65.345 61.74 59.553 58.659 59.514 60.409 57.943 57.438 57.44 57.208 61.452 57.489 57.11 56.906 56.104 57.16 56.248 55.62 55.497 56.026 55.356 55.146 55.02 55.105 54.849 56.097 55.175 54.109 53.926 54.084 53.099 53.107 57.539 58.394 55.344 52.38 52.169 52.155 57.477 57.872 57.485 53.662 51.43 51.329 51.292 51.332 51.423 56.261 58.417 59.54 60.079 58.238 50.674 50.507 51.504 50.772 50.59 50.302 52.18 55.844 56.388 56.072 54.285 52.755 50.491 49.034 48.497 48.269
60.807 65.18 66.201 66.355 65.812 62.698 59.019 58.238 58.196 57.608 57.541 58.25 58.385 58.571 57.355 56.54 57.646 59.804 59.997 58.236 56.011 55.332 55.776 55.388 55.631 54.961 54.933 54.86 54.655 54.664 54.316 56.742 54.174 53.414 53.105 52.919 53.613 54.086 52.504 53.571 52.271 56.278 58.077 57.526 53.369 52.211 51.634 51.355 51.35 51.45 55.987 58.789 60.287 53.955 55.649 51.859 50.581 50.554 50.587 50.48 50.688 50.265 50.216 53.91 55.625 55.862 55.827 55.014 51.487 48.833 48.772 48.453
59.684 63.107 65.628 66.267 62.31 59.049 58.252 58.223 58.188 57.637 57.041 57.134 57.07 56.618 57.136 57.279 60.022 61.67 62.209 59.107 55.725 55.236 58.724 61.122 59.625 55.133 54.733 54.713 54.568 54.933 55.191 60.356 56.325 53.526 54.042 53.102 52.896 52.384 53.62 55.026 56.231 54.862 53.776 54.358 51.931 51.797 51.668 51.584 52.171 51.501 55.02 56.841 58.632 56.915 51.739 50.726 50.664 50.557 50.564 50.4 50.731 50.367 50.147 50.013 50.829 54.011 55.605 55.923 55.414 52.646 49.178 50.451
60.448 60.113 63.531 61.004 58.952 59.245 58.271 58.162 58.881 57.001 56.989 57.933 58.213 56.592 59.562 60.947 61.788 62.372 62.489 61.538 55.917 59.323 61.396 61.51 60.761 56.723 54.934 54.562 56.289 58.859 56.244 59.938 59.765 53.812 53.168 52.857 53.924 54.442 52.85 55.637 57.995 57.758 53.256 52.836 51.949 51.75 51.724 51.604 51.642 56.263 58.978 54.136 53.493 50.973 50.853 50.775 50.665 50.695 50.634 50.416 50.069 50.699 50.013 49.93 49.777 49.634 53.843 55.286 55.776 54.664 53.676 50.262
65.325 66.96 60.632 59.32 57.906 59.213 57.444 57.479 57.472 57.686 57.092 59.157 59.773 60.623 62.372 62.265 62.627 62.315 62.013 61.28 57.94 59.56 61.09 61.558 61.345 60.551 56.232 54.848 54.309 55.586 57.235 55.204 54.104 53.163 52.775 52.68 52.174 54.652 56.82 57.855 58.547 59.026 58.482 53.481 51.739 51.766 51.682 51.583 52.797 58.125 58.913 57.606 52.408 50.929 50.845 51.195 51.008 50.819 50.779 50.527 50.171 49.895 49.839 49.75 49.591 49.501 49.38 50.841 54.135 54.229 54.51 54.019
58.145 59.21 57.49 57.457 57.383 57.974 57.41 58.223 56.884 56.717 57.792 60.166 61.874 62.557 63.16 63.278 62.144 61.675 61.161 56.964 55.978 56.319 60.358 61.227 61.7 60.984 59.226 56.537 54.252 54.073 54.084 53.487 53.499 52.58 53.872 55.081 54.142 57.105 58.216 58.864 58.732 58.552 57.865 53.683 52.049 51.792 51.938 51.537 56.104 58.506 57.924 56.477 51.488 50.955 51.599 51.228 51.103 54.607 51.071 52.529 50.149 49.778 49.611 49.45 49.688 49.397 49.315 50.744 50.185 53.5 54.195 54.514
57.194 57.014 57.789 57.226 57.196 57.278 59.528 59.655 60.023 61.54 60.407 61.952 62.806 63.279 63.332 62.953 62.149 57.657 56.504 55.78 55.555 55.32 58.729 60.787 61.381 61.146 55.195 54.401 54.232 53.936 53.444 53.193 54.006 54.534 52.159 55.68 58.17 58.7 58.804 58.734 58.222 57.665 57.269 52.24 51.946 52.982 51.63 51.544 54.188 57.26 55.478 51.768 50.997 50.924 50.849 51.041 56.794 56.828 56.402 54.617 50.172 49.621 49.574 49.432 49.229 49.213 50.39 49.699 48.573 48.452 52.605 53.973
57 56.862 57.343 58.066 57.038 57.793 59.409 61.864 62.439 62.937 63.249 63.193 63.485 62.956 62.702 62.267 58.175 56.071 55.792 55.451 55.305 55.115 55.338 59.394 57.481 54.447 54.368 54.236 53.999 53.732 53.339 52.933 54.854 56.781 57.802 57.778 58.536 58.942 58.449 58.442 57.505 53.124 53.547 52.566 52.213 52.005 51.677 51.626 52.282 51.489 51.392 51.12 51.544 51.141 50.966 55.179 56.347 56.791 57.018 55.853 52.25 52.343 49.683 49.18 49.13 49.309 50.582 50.123 48.854 48.384 48.182 49.82
56.843 56.65 56.755 57.761 56.882 57.07 62.303 63.153 63.425 63.377 63.182 63.207 62.786 62.409 61.725 58.031 56.374 57.162 56.345 55.092 55.004 54.866 54.764 54.611 54.543 54.207 53.96 53.779 53.733 53.233 54.775 55.164 52.738 57.694 58.917 59.509 58.954 58.575 57.864 56.083 54.589 52.062 52.002 52.335 54.138 52.007 51.684 51.678 51.582 51.463 51.301 51.23 52.352 51.545 51.214 51.646 52.037 55.237 56.665 55.676 55.356 54.613 50.353 48.836 48.795 48.902 48.785 50.5 50.432 48.414 48.249 48.401
56.649 56.513 56.404 56.456 56.59 56.846 62.86 63.913 63.85 63.189 62.431 61.962 61.032 60.472 59.014 56.589 55.743 56.243 59.319 54.929 55.155 55.318 55.615 56.371 54.901 54.004 55.259 57.233 55.184 53.345 53.279 57.997 58.719 58.958 59.451 59.243 58.702 58.058 54.79 53.03 52.21 52.757 52.072 52.011 52.596 51.808 51.769 51.675 51.602 51.382 51.263 51.17 51.188 51.397 51.142 50.896 50.763 50.555 51.737 55.138 55.664 55.575 54.091 49.36 48.334 48.691 48.615 49.6 48.752 49.922 48.804 50.212
56.453 56.251 56.217 56.278 56.257 56.415 62.24 63.584 63.279 62.698 61.641 57.091 57.828 57.017 55.926 55.993 55.347 55.661 55.106 54.813 54.544 54.528 55.399 56.647 54.318 56.953 58.86 59.418 59.91 56.351 55.692 58.45 59.252 59.544 59.399 58.932 58.238 53.291 52.734 52.281 52.108 52.258 52.386 51.925 51.907 51.868 51.769 51.729 51.484 51.38 51.301 51.18 51.18 51.381 50.951 50.861 50.733 50.281 49.779 50.172 54.997 55.471 55.582 53.851 51.11 51.177 48.481 48.561 48.537 48.183 48.652 50.379
56.231 56.102 56.038 57.159 56.268 56.254 56.637 61.906 62.307 58.528 56.613 56.285 56.553 56.546 55.564 58.023 55.045 55.559 55.912 54.657 54.565 54.366 54.617 57.106 56.638 59.259 59.62 60.195 60.14 58.965 54.889 56.375 59.446 59.081 58.529 57.863 54.229 52.57 52.478 52.361 52.108 52.021 51.952 54.104 52.099 51.902 51.817 51.614 51.508 51.857 51.353 51.308 51.075 52.357 50.898 51.58 50.373 49.925 49.796 49.446 49.214 53.806 54.117 54.483 54.049 52.488 47.988 49.501 47.951 48.036 48.025 47.887
56.031 55.93 55.87 59.224 58.336 57.308 56.386 56.804 57.401 56.745 56.458 55.91 55.45 55.451 59.417 61.578 56.631 54.858 54.525 54.815 54.705 54.221 54.37 59.075 60.084 60.035 60.226 59.934 59.573 59.015 56.128 57.003 56.671 58.405 55.305 52.935 52.859 52.793 52.365 53.126 52.14 52.064 52 55.08 56.227 52.413 51.704 51.577 51.511 52.489 51.48 52.142 51.446 53.385 51.402 50.502 50.968 50.034 49.757 49.471 49.31 48.796 49.879 53.905 54.438 53.973 53.076 51.288 48.033 47.868 47.874 47.762
56.478 55.687 57.665 58.418 60.534 56.5 56.479 55.939 56.317 56.105 55.816 55.563 55.081 55.7 59.887 62.11 55.766 54.523 55.432 56.651 55.927 57.281 59.59 60.328 60.88 60.864 59.798 59.182 56.077 54.906 53.285 56.56 55.616 54.177 53.134 52.757 52.828 52.425 52.338 52.218 52.179 52.139 52.098 52.549 52.292 51.716 51.631 51.979 51.782 51.736 51.818 51.668 52.79 53.321 53.137 51.807 50.438 50.436 49.907 50.12 53.801 48.976 49.352 52.057 53.294 53.59 53.766 52.591 49.088 47.821 47.8 47.65
56.699 55.638 58.831 61.985 57.799 59.112 55.573 55.374 55.562 55.489 55.391 55.015 55.38 56.056 59.383 59.917 55.412 54.405 54.759 58.396 58.749 60.168 60.476 61.066 60.962 60.57 59.992 54.223 53.588 53.404 53.27 54.044 52.976 52.866 52.664 53.2 52.474 52.33 52.311 52.253 52.188 52.189 52.063 51.983 51.841 51.767 52.621 52.879 51.714 53.158 52.126 53.38 52.688 52.139 52.251 52.656 55.863 53.639 50.091 49.491 54.54 51.169 48.837 48.766 48.745 52.086 53.492 53.757 50.541 48.249 47.764 47.681
59.805 55.445 55.818 59.291 59.383 57.89 56.112 55.505 54.894 54.983 54.642 55.737 55.241 54.538 55.318 55.949 54.578 56.904 54.744 59.956 60.352 60.86 61.158 60.774 60.365 59.844 55.56 53.617 53.429 53.344 53.193 53.104 52.956 52.846 52.694 52.573 52.483 52.43 52.366 52.288 52.219 52.059 51.992 51.926 51.815 52.508 52.063 51.875 52.123 54.144 55.312 57.162 57.9 57.826 53.045 50.992 54.124 54.771 49.908 51.006 58.151 50.206 48.721 48.726 47.858 47.906 51.83 53.298 50.048 47.759 47.763 47.634
56.123 55.157 55.013 54.943 55.356 55.372 55.639 56.431 57.357 59.119 57.419 54.362 54.442 54.392 56.094 56.936 58.218 57.265 60.149 60.597 61.154 60.882 60.559 60.044 59.493 54.817 54.134 53.774 53.252 53.143 53.073 52.99 52.92 52.82 52.603 52.56 52.499 52.47 52.254 52.172 52.098 52.004 51.964 51.861 51.997 52.283 51.839 51.698 51.892 54.919 56.968 57.817 58.374 58.22 56.601 51.557 51.582 51.64 53.977 56.425 55.59 50.684 48.535 48.408 49.502 49.28 47.801 48.817 48.032 47.776 47.725 47.617
55.444 55.033 54.858 54.713 54.569 54.482 55.095 55.428 58.197 58.787 57.13 54.667 54.153 54.346 55.027 59.229 60.101 60.374 60.932 61.004 60.678 60.226 59.744 56.695 55.408 55.445 53.83 53.486 53.162 52.949 52.935 52.921 52.804 52.671 52.62 52.481 52.387 52.354 52.274 52.121 52.122 52.026 52.106 52.003 55.346 56.4 52.341 51.559 52.045 56.457 57.482 58.26 58.372 57.707 56.771 52.935 50.955 52.612 54.781 52.695 52.173 49.479 48.735 48.385 48.429 48.135 48.703 47.845 47.843 47.776 47.74 47.559
57.247 55.501 54.819 54.673 54.477 54.28 54.14 53.988 53.991 57.26 57.479 55.902 54.26 54.255 59.219 60.225 60.617 61.062 60.966 60.463 60.115 59.402 56.61 54.227 54.118 55.446 53.407 53.077 52.959 52.944 52.885 52.809 52.723 52.63 52.498 52.37 52.377 52.301 52.198 53.044 52.699 52.224 52.161 52.158 57.209 58.303 53.999 52.758 57.251 57.762 58.151 58.324 57.881 57.21 53.056 51.334 50.326 50.75 49.577 49.052 50.048 49.895 48.491 48.296 48.106 49.23 47.995 48.044 47.867 47.817 47.628 47.497
61.702 56.556 55.745 54.544 54.369 54.13 54.008 53.89 53.825 53.719 53.863 55.834 56.595 54.064 59.156 60.797 61.121 60.589 60.375 59.527 55.764 54.139 54.206 55.182 53.818 53.845 54.626 53.104 52.947 52.897 52.791 53.806 52.832 52.574 52.523 52.395 52.373 52.454 52.263 52.365 52.291 52.171 52.126 51.978 52.65 54.904 55.712 57.179 57.86 58.645 58.377 58.152 57.377 53.935 51.667 51.107 50.125 50.528 49.733 49.776 50.319 49.384 48.495 48.092 48.911 52.879 52.81 48.621 47.886 47.753 47.625 47.478
57.813 58.074 57.183 54.65 54.443 54.239 53.992 53.794 53.609 53.601 53.423 54.018 54.694 53.89 56.574 60.79 60.419 60.056 56.966 54.282 54.38 54.035 53.577 55.037 53.432 54.148 53.901 52.984 52.977 53.918 52.96 52.792 52.567 52.524 52.431 52.362 52.357 52.9 52.654 52.37 52.282 52.19 52.139 52.04 51.61 54.986 57.005 57.784 58.316 58.161 57.513 57.131 56.468 51.814 51.218 51.4 50.774 49.266 49.177 49.113 48.602 48.476 48.736 48.347 52.594 53.842 53.861 50.275 47.842 47.676 47.575 47.559
58.503 56.635 55.455 55.165 55.033 54.399 54.111 53.813 53.558 53.364 53.305 53.331 53.254 53.311 53.281 59.091 59.528 56.96 55.05 54.337 53.801 53.66 53.25 53.091 53.388 53.08 53.72 53.552 53.155 52.877 52.738 52.587 52.566 52.522 52.413 52.4 52.289 53.02 52.373 52.389 52.277 52.227 53.041 52.265 56.927 56.641 57.577 58.278 58.36 57.712 57.147 51.977 51.221 51.088 52.351 49.989 49.826 49.686 48.904 48.68 48.455 48.26 48.237 51.897 53.686 53.8 53.182 48.061 48.03 47.682 47.515 47.579
57.332 55.951 57.328 57.652 56.395 54.765 54.261 53.952 54.075 53.641 53.219 53.178 53.121 53.054 53.04 54.125 53.666 54.49 53.784 54.207 53.745 53.867 53.001 53.003 53.668 53.579 53.177 52.843 52.822 52.78 52.716 52.634 52.622 52.545 52.407 52.318 52.304 52.202 52.314 52.321 52.279 53.977 54.868 56.876 58.036 58.25 58.365 58.551 57.869 57.42 53.853 51.153 50.843 50.863 51.006 53.781 50.387 49.432 49.151 48.607 48.315 48.043 50.769 53.557 53.873 53.382 51.005 49.567 47.754 47.607 47.573 47.572
55.623 57.881 59.907 60.295 60.102 55.18 54.401 54.286 54.25 53.652 53.303 53.15 53.014 52.93 52.902 52.865 52.908 53.445 53.242 53.065 54.432 53.073 53.228 54.038 53.187 52.92 52.774 52.848 52.88 52.939 52.974 52.825 52.752 52.685 52.516 52.394 52.303 52.26 52.298 52.316 52.327 54.254 56.262 57.798 58.402 59.081 58.715 58.167 57.466 54.034 52.175 52.325 50.595 51.408 57.624 56.443 51.122 50 48.991 49.361 48.283 48.034 53.218 54.01 53.587 48.902 48.601 48.253 47.737 47.668 47.633 47.633
58.573 60.014 60.695 60.811 60.401 56.653 55.009 54.646 54.156 54.433 53.698 53.398 52.968 52.875 52.81 52.797 52.814 52.828 52.824 52.882 53.073 53.922 53.004 52.799 52.839 52.797 52.907 52.947 52.896 55.97 54.664 53.624 52.694 52.677 52.601 52.406 52.255 52.238 52.311 52.385 52.219 52.258 57.05 58.419 59.015 58.783 58.252 57.579 53.631 52.005 51.097 50.72 52.387 52.879 56.108 55.183 50.356 48.912 48.471 48.368 48.373 52.677 53.816 53.682 53.171 49.908 48.098 47.922 47.698 47.719 52.296 47.919
61.917 61.166 60.648 59.75 56.292 55.676 54.952 54.484 56.494 56.494 57.067 57.341 53.739 52.93 52.742 52.677 52.674 52.697 53.415 54.234 52.827 52.695 52.691 52.707 52.801 52.874 52.938 54.219 57.099 59.117 58.201 54.446 52.726 52.65 52.628 52.534 52.268 52.275 52.24 53.024 52.231 55.256 58.103 58.874 59.058 58.322 57.741 52.516 51.581 52.39 50.977 50.562 52.636 54.661 53.665 50.939 49.27 48.899 48.276 47.968 51.706 53.794 53.804 53.115 48.379 48.105 47.854 47.827 47.834 53.029 56.309 57.528
62.069 61.67 58.988 55.185 54.989 55.723 54.646 54.448 57.138 58.617 59.371 60.044 58.376 53.043 52.813 52.617 52.623 52.597 52.577 52.564 52.636 52.604 52.654 52.748 52.847 52.909 52.933 58.014 61.426 60.753 62.696 57.934 52.826 52.612 52.63 52.504 52.312 52.243 52.181 52.98 52.2 52.057 56.757 58.968 58.667 58.008 53.54 51.758 51.152 50.829 51.235 51.401 52.093 51.675 50.577 49.003 48.837 48.514 48.232 51.767 53.732 53.945 50.01 48.545 47.884 47.886 47.913 47.802 50.176 54.068 55.859 56.191
