dsm/se2739_DSM_2M.asc
ncols 500
nrows 500
xllcorner    427000
yllcorner    439000
cellsize     2
NODATA_value -9999
[rows 403 to 433 of 500, columns 345 to 413 of 500]
133.379 134.571 140.68 139.335 138.491 142.041 147.502 147.36 140.638 135.955 132.783 132.674 132.735 133.037 138.269 147.282 147.366 142.453 135.021 136.976 135.408 132.55 135.735 138.187 139.077 138.716 137.631 135.912 134.928 132.918 132.732 132.892 134.574 133.062 132.416 133.986 139.413 136.535 133.202 132.446 132.463 132.509 134.612 134.89 137.21 138.691 138.078 133.164 132.31 132.735 132.589 132.728 133.595 132.218 132.047 131.844 131.675 131.518 131.438 131.434 131.679 132.751 131.946 131.898 132.119 -9999 -9999 -9999 -9999
133.06 134.803 140.181 139.185 140.458 135.383 147.086 148.838 145.463 140.268 132.646 132.587 132.654 132.695 135.397 146.04 144.186 141.73 133.822 135.964 133.136 132.393 134.094 138.058 139.144 138.753 137.945 137.42 136.552 132.851 132.683 132.466 132.433 132.42 134.441 134.694 141.014 140.398 134.863 132.245 132.394 132.407 133.246 133.319 137.593 138.712 138.27 133.64 132.214 132.164 132.114 132.08 132.546 132.283 131.966 131.807 131.553 131.342 131.364 131.288 131.407 131.973 131.903 131.825 132.268 134.286 -9999 -9999 -9999
132.84 132.742 132.668 132.737 133.836 136.498 143.953 147.88 145.618 145.625 136.417 133.015 132.529 132.519 132.671 140.412 143.061 140.878 133.734 133.755 132.469 132.376 134.566 138.057 138.909 138.893 138.451 138.579 136.869 132.737 134.69 132.855 132.215 132.235 134.321 141.356 143.13 144.559 143.075 132.873 132.281 132.356 132.367 132.961 137.863 136.867 138.104 133.303 132.165 132.116 132.076 132.057 132.225 131.913 131.87 131.613 131.433 131.262 131.251 131.239 131.348 133.223 131.972 131.714 131.893 133.488 133.205 132.246 -9999
132.815 133.826 134.297 143.346 140.194 135.312 140.986 144.096 139.303 143.985 145.137 144.031 135.434 132.431 132.569 135.275 142.666 141.649 139.834 135.058 132.478 132.349 134.468 137.856 138.925 138.54 137.96 138.046 136.893 134.228 137.825 133.492 137.94 133.573 135.554 141.265 138.486 143.911 142.875 134.942 132.158 132.433 132.619 132.408 132.371 137.134 136.202 133.798 132.863 132.153 132.059 132.062 132.599 132.781 131.981 131.544 131.36 131.114 131.216 131.17 131.588 134.632 134.013 132.281 131.898 132.111 132.292 132.408 132.875
132.884 133.987 134.103 143.219 142.512 144.859 146.74 147.279 141.802 148.655 142.201 149.063 141.721 132.433 138.294 142.76 144.045 144.587 141.772 140.449 135.571 133.447 134.369 133.922 134.197 132.897 132.495 135.721 135.149 137.585 134.2 138.346 134.055 134.081 135.051 136.937 141.816 139.634 138.254 135.617 134.885 134.055 133.017 134.619 134.067 133.992 132.434 133.375 133.256 132.247 132.073 131.895 131.882 131.805 132.314 131.857 131.305 131.067 131.06 131.089 131.146 134.357 134.722 134.573 134.573 133.025 132.203 133.365 132.237
132.608 132.519 135.163 135.766 146.584 147.368 147.332 146.316 146.232 149.579 150.115 149.385 145.052 135.767 137.091 143.259 141.395 145.449 141.273 140.927 134.681 134.667 134.88 135.708 134.026 133.804 133.323 135.03 136.571 138.084 137.764 138.131 134.13 134.39 132.082 131.961 133.868 135.073 136.072 134.247 135.49 134.792 134.439 135.268 135.938 134.378 134.815 134.505 132.494 133.306 135.876 135.499 133.744 132.75 133.063 133.988 131.364 131.025 130.986 130.979 131.029 131.215 131.227 131.061 131.431 133.68 133.8 131.867 133.256
132.423 132.305 134.062 135.573 145.028 146.416 148.23 148.875 148.222 150.825 149.107 146.799 145.152 139.163 141.982 145.256 144.182 146.433 141.83 139.023 132.689 132.085 135.708 136.874 138.481 138.463 136.977 134.399 133.062 133.754 133.265 131.711 133.007 137.287 138.522 131.987 133.14 134.466 133.031 131.797 132.643 131.972 131.907 132.046 131.871 131.846 132.182 135.883 137.532 138.805 138.876 137.733 132.669 131.737 131.481 132.447 131.241 130.965 130.863 130.865 130.916 131.169 131.525 131.174 131.502 136.152 136.229 135.671 135.388
132.387 133.779 132.444 136.614 138.453 136.833 145.864 145.846 145.777 148.445 143.262 145.477 139.387 137.544 136.697 144.439 143.116 133.63 141.012 142.878 132.884 131.978 132.547 136.951 138.436 138.47 137.38 132.119 131.664 132.64 131.746 133.63 136.658 136.463 132.809 131.893 132.016 134.29 133.12 131.739 131.752 131.779 131.78 131.787 131.788 131.696 131.969 135.637 136.266 138.617 138.896 137.761 134.042 131.761 131.622 133.257 131.074 130.856 130.798 130.779 130.84 131.254 132.185 131.652 131.862 137.051 137.215 137.234 136.627
134.52 135.026 134.83 140.438 141.634 143.824 146.537 143.206 135.397 136.013 136.884 135.946 137.076 133.122 135.775 143.064 138.891 139.907 136.887 142.483 135.97 131.928 132.498 137.291 138.252 138.295 137.367 132.242 131.596 131.586 131.545 131.913 134.236 132.833 133.058 131.68 132.588 135.006 133.511 131.561 131.652 131.706 131.637 131.678 131.712 131.795 132.082 134.309 136.795 138.89 138.861 137.799 134.788 131.484 131.536 132.613 130.865 130.699 130.743 130.722 130.781 131.044 131.122 131.098 135.761 137.774 138.648 138.222 137.348
134.258 134.159 133.925 134.769 143.291 147.059 147.733 136.462 132.858 133.346 131.949 131.834 131.824 131.773 136.461 142.512 142.725 140.217 141.809 141.893 132.792 131.912 132.157 136.8 138.315 138.432 136.762 131.817 131.578 131.54 131.516 132.206 133.24 132.058 134.351 134.525 132.393 134.799 133.677 132.075 131.643 131.571 131.67 131.562 131.752 131.812 131.691 133.007 136.556 138.829 138.786 137.802 134.474 132.037 131.979 131.334 130.757 130.585 130.648 130.618 130.667 130.943 131.057 131.081 136.593 137.855 138.039 138.331 137.361
131.89 132.843 132.996 139.509 136.425 142.82 147.427 141.694 133.854 132.875 131.879 131.725 131.737 131.69 131.7 133.626 132.344 135.041 133.869 134.261 132.137 132.066 132.378 135.249 135.339 134.22 131.861 131.504 131.554 131.89 131.863 131.459 131.612 134.1 134.44 133.088 137.163 135.204 134.76 134.328 135.427 135.746 135.987 135.13 135.711 135.089 134.431 132.923 134.735 134.091 133.494 133.381 132.185 131.379 131.447 130.878 130.655 130.502 130.512 130.52 130.614 130.858 130.99 130.999 133.046 135.465 132.521 134.343 131.683
131.677 132.693 135.099 139.041 143.815 147.376 148.713 147.514 140.459 133.836 131.814 131.623 131.623 131.578 131.587 131.545 131.554 131.57 132.394 131.678 131.579 131.609 131.455 133.803 133.594 133.868 132.035 131.58 131.766 131.928 133.773 131.922 132.264 134.687 133.565 133.614 131.948 132.45 135.168 136.217 135.771 132.723 134.932 135.745 136.151 133.334 136.113 134.572 133.568 133.552 133.051 132.816 132.964 130.861 130.792 130.858 130.538 130.421 130.469 130.586 132.214 132.09 132.394 132.471 132.047 132.281 131.963 132.962 131.839
131.517 131.63 137.944 142.013 146.185 149.054 149.643 150.297 148.038 139.223 131.521 131.561 131.524 131.465 131.444 131.429 131.473 131.451 131.478 131.425 131.377 131.25 132.451 133.398 133.422 133.282 131.675 131.174 131.557 133.579 132.145 131.126 131.196 131.611 133.17 132.132 130.878 131.021 132.207 135.591 133.393 131.126 130.953 130.86 131.172 131.19 133.646 132.886 133.606 133.77 134.734 134.304 133.45 131.731 131.466 131.166 130.447 130.369 130.336 130.887 134.21 136.4 135.047 133.157 132.862 134.36 134.279 133.153 131.104
131.396 131.363 132.252 136.167 141.653 148.027 150.086 150.233 147.58 141.149 131.457 131.435 131.373 131.347 131.356 131.703 131.479 132.383 131.534 131.633 131.7 131.145 131.33 133.375 133.408 133.059 130.952 130.999 131.694 133.005 131.397 131.033 131.075 132.334 134.29 132.711 131.879 130.972 131.185 132.055 131.602 133.413 132.895 130.888 131.449 131.158 135.018 131.966 130.885 135.703 137.401 136.423 134.466 130.634 130.531 130.456 130.393 130.282 130.237 130.192 134.956 134.231 134.85 133.798 134.393 135.095 135.73 134.993 131.612
131.4 131.35 132.489 135.897 140.821 142.279 146.831 148.858 146.571 142.501 131.372 131.29 131.306 131.266 138.845 138.089 138.613 140.257 137.926 133.356 131.112 130.999 131.378 133.492 135.474 133.621 135.06 131.279 131.126 131.206 130.887 130.963 130.886 131.242 132.536 133.313 133.475 131.519 131.352 130.771 131.707 135.541 135.269 135.709 135.558 133.517 133.368 130.744 131.329 135.928 137.44 136.985 134.259 130.581 133.036 132.87 130.632 130.194 130.145 130.144 130.462 130.589 130.498 131.319 134.728 135.64 136.589 135.906 136.026
131.328 131.249 131.232 131.648 135.464 145.037 143.409 145.951 145.551 137.938 131.312 131.157 131.19 131.168 139.535 143.241 145.586 144.839 141.136 134.246 131.062 131.009 131.204 136.303 137.443 136.919 132.918 131.342 131.793 132.145 135.135 133.837 132.188 132.735 131.728 135.37 135.72 136.39 136.133 135.333 132.672 136.945 137.039 137.084 137.004 136.639 131.571 131.151 131.397 136.078 137.588 137.1 135.743 131.277 134.103 135.249 131.169 130.122 130.049 132.86 131.178 132.113 130.417 130.651 132.866 135.284 136.336 136.925 137.156
131.201 131.136 131.156 131.553 136.242 141.632 134.776 132.443 138.89 136.38 134.103 131.059 131.088 131.497 139.584 144.265 146.101 146.026 144.376 135.155 131.095 130.939 132.473 135.804 137.385 136.933 132.864 132.723 131.328 134.561 137.076 136.871 135.737 134.357 132.174 136.51 137.271 137.243 137.119 136.256 132.429 136.08 136.834 136.753 136.698 136.198 132.483 130.899 133.412 135.843 137.525 137.123 135.803 132.316 131.089 131.561 130.371 130.026 129.999 130.041 131.686 133.977 133.02 131.16 131.549 136.146 136.998 138.213 137.827
131.088 131.135 131.052 131.411 141.554 137.313 131.938 141.409 144.498 142.167 139.677 131.004 130.935 134.01 139.69 138.864 146.178 145.395 142.465 133.305 130.952 130.885 131.796 136.18 137.389 136.844 135.688 134.728 131.714 133.697 137.178 136.92 135.975 133.133 131.801 136.129 137.381 137.469 137.349 135.391 132.992 135.497 135.966 134.981 134.621 133.354 132.359 130.622 131.269 135.968 137.685 137.095 134.764 131.12 130.562 131.63 130.148 129.884 129.884 129.892 129.995 130.261 130.408 131.196 130.677 133.498 136.962 137.349 136.83
131.565 130.916 130.961 132.218 140.329 145.402 150.119 149.201 148.839 143.431 133.601 130.853 130.797 130.821 135.122 142.896 144.351 143.707 138.867 132.633 130.916 130.791 130.88 135.51 137.405 136.902 135.679 134.89 134.051 134.547 137.134 136.93 135.962 132.52 131.759 134.538 136.365 136.425 136.39 133.518 133.573 135.062 134.914 132.997 133.229 132.43 132.554 130.775 131.316 136.01 137.695 137.218 133.975 130.45 130.419 131.637 130.066 129.871 129.814 129.788 129.867 131.975 132.168 131.322 130.44 131.103 135.848 133.925 132.924
132.353 130.902 131.085 142.01 146.328 147.196 150.526 139.258 148.285 148.061 132.849 130.738 130.735 131.279 135.192 137.064 136.162 140.014 131.156 131.299 130.905 130.77 130.741 131.061 133.756 133.584 131.861 131.672 131.076 135.236 133.971 132.808 132.468 134.209 132.402 132.107 130.657 133.105 131.968 131.616 132.991 133.18 133.009 131.056 130.743 131.194 131.669 130.514 131.472 132.349 137.354 135.612 131.574 130.449 130.531 132.689 130.036 129.777 129.719 129.648 129.931 133.471 132.518 130.249 130.107 130.193 130.824 130.167 130.301
130.763 130.742 131.202 139.592 146.672 148.631 149.88 149.356 148.635 137.475 130.782 130.591 130.614 130.6 132.659 139.022 140.886 138.683 134.663 130.708 132.15 130.675 130.583 130.545 130.539 130.473 130.464 130.487 130.72 130.46 130.423 130.478 131.07 130.575 131.117 130.504 130.412 131.235 130.36 131.299 132.028 130.875 130.452 130.8 131.356 131.4 131.108 130.379 131.91 132.564 130.542 130.291 130.3 130.17 130.055 130.787 129.71 129.656 129.639 129.644 130.809 132.792 130.507 129.985 129.987 130.013 129.96 130.017 129.955
131.622 130.833 130.59 133.22 142.556 146.081 143.739 146.388 147.318 146.027 131.664 130.461 130.462 130.425 130.631 134.885 138.72 137.475 133.363 130.758 132.379 131.004 130.352 130.399 130.398 130.391 130.578 130.325 130.622 130.776 132.087 130.651 131.274 130.754 132.086 130.459 130.295 130.352 130.217 133.396 132.841 130.34 130.196 130.208 130.135 130.204 132.005 130.793 130.781 131.145 130.12 130.124 130.071 129.932 130.034 129.764 129.691 129.575 129.604 129.618 129.611 129.731 131.214 130.253 131.09 130.078 130.077 129.95 129.871
131.042 130.532 131.297 133.689 130.591 136.472 142.148 142.72 145.575 140.031 130.94 130.371 130.341 130.3 130.314 131.521 130.749 131.23 130.137 130.057 130.077 130.647 131.993 132.428 131.777 132.137 132.173 132.138 132.069 130.595 133.215 133.12 131.507 132.673 132.637 130.993 130.2 130.249 130.067 133.52 134.958 131.821 129.966 129.995 129.945 130.547 132.706 132.009 130.247 130.365 130.368 130.949 131.096 129.931 130.838 129.743 129.627 129.547 129.566 129.578 129.519 129.582 129.931 131.921 131.997 129.954 131.018 129.644 129.889
131.387 130.779 133.246 132.63 131.858 133.334 141.111 141.83 140.019 137.628 131.451 130.271 130.257 130.199 130.173 130.088 130.118 130.067 130.005 129.971 129.954 129.904 129.885 129.93 129.932 129.911 129.855 130.274 129.811 129.815 130.426 129.836 129.776 130.2 130.169 129.793 129.804 129.767 130.288 129.969 132.782 129.836 130.188 133.446 130.677 129.665 129.833 129.737 129.727 129.706 129.731 129.763 129.659 129.616 129.623 129.59 129.484 129.526 129.557 129.523 129.486 129.459 129.483 129.686 129.569 129.536 129.488 129.489 129.532
131.372 130.448 130.128 129.989 134.258 133.223 133.643 135.817 133.276 134.038 134.475 131.248 130.136 130.115 130.094 129.99 129.964 129.932 129.91 129.823 129.757 129.718 129.687 129.744 129.828 129.712 129.723 129.718 129.822 129.726 129.626 129.672 129.588 129.598 129.71 129.563 129.72 129.59 129.524 129.534 129.637 129.609 129.957 133.338 131.461 129.507 129.986 129.489 129.621 129.471 129.623 129.466 129.545 129.496 129.492 129.476 129.52 129.558 129.51 129.532 129.464 129.464 129.362 129.387 129.374 129.438 129.297 129.353 129.223
130.067 130.215 130.111 130.054 130.041 134.55 135.441 132.309 133.234 132.34 140.92 137.545 130.674 130.394 129.952 129.901 129.896 129.855 129.808 129.787 129.712 129.666 129.658 129.661 129.628 129.63 129.627 129.63 129.63 129.598 129.615 129.584 129.583 129.559 129.524 129.519 129.535 129.532 129.543 129.543 129.509 129.539 129.519 129.51 129.832 129.465 129.482 129.457 129.452 129.404 129.452 129.44 129.468 129.503 129.458 129.481 129.504 129.482 129.464 129.474 129.466 129.438 129.41 129.351 129.327 129.344 129.344 129.365 129.294
130.097 129.985 130.018 130.01 129.955 130.195 130.068 132.069 134.855 141.396 143.976 145.397 136.973 134.565 129.855 129.861 129.804 129.807 129.754 129.746 129.69 129.682 129.648 129.936 130.175 129.631 129.626 129.658 129.594 129.603 129.605 129.57 129.536 129.545 129.543 129.531 129.514 129.51 129.512 129.514 129.507 129.468 129.51 129.444 129.422 129.553 129.458 129.49 129.782 129.602 129.406 129.371 129.414 129.451 129.466 129.424 129.427 129.404 129.415 129.406 129.391 129.396 129.353 129.366 129.345 129.639 130.493 129.506 129.298
131.954 129.895 129.917 129.94 129.989 132.246 133.479 132.335 134.599 137.752 143.967 145.176 144.562 130.647 129.698 129.753 129.715 129.794 129.793 129.764 129.747 129.812 129.759 130.059 129.981 129.792 129.684 129.685 129.693 129.656 129.625 129.653 129.615 129.609 129.529 129.596 129.558 129.584 129.57 129.587 129.586 129.639 129.487 129.473 130.018 133.551 130.69 129.847 129.647 129.729 129.467 129.482 129.521 129.641 129.465 129.662 129.448 129.592 129.399 129.401 129.436 129.457 129.493 129.457 129.456 129.389 129.372 129.595 131.963
129.805 129.785 129.781 129.841 129.763 129.757 130.374 136.777 141.181 139.249 143.752 140.123 131.672 129.689 129.653 129.6 129.723 129.847 129.864 129.859 132.265 133.119 132.932 129.887 131.707 133.74 132.493 130.185 129.878 130.052 130.077 130.56 129.715 129.854 129.634 129.739 130.34 131.21 130.449 130.332 131.533 132.243 130.275 129.623 129.759 132.738 132.521 131.312 130.573 129.864 129.509 129.539 130.281 130.863 129.877 131.225 129.851 129.961 129.494 129.42 129.935 129.79 129.565 129.554 129.568 129.359 129.374 130.041 131.824
132.731 129.661 129.671 129.718 129.663 129.978 129.806 136.167 142.848 145.416 139.594 132.802 129.578 129.59 129.527 129.583 129.746 129.833 129.847 129.825 130.796 132.696 132.69 129.776 132.882 135.107 133.383 129.755 129.618 129.806 130.303 130.054 129.523 129.524 129.583 129.599 130.432 130.975 129.813 129.636 131.848 132.806 130.801 130.099 129.997 132.333 130.153 129.466 129.447 129.445 129.459 130.693 130.73 129.338 129.302 129.238 129.271 129.208 129.262 129.292 130.208 131.083 129.272 129.19 129.155 129.539 130.633 129.421 130.741
135.248 130.691 129.557 129.547 129.569 138.163 136.717 137.028 137.885 138.132 132.762 134.966 131.023 129.526 129.407 129.525 129.711 129.759 129.741 129.886 129.747 130.297 129.817 129.582 129.829 132.208 130.816 129.551 129.439 129.606 129.462 129.46 129.453 129.436 129.712 130.025 130.1 130.085 129.618 129.608 129.835 129.941 129.863 129.51 130.069 129.409 129.399 129.377 129.356 129.342 129.332 129.604 130.488 129.269 129.217 129.204 129.15 129.171 129.133 129.167 130.4 130.603 129.238 129.161 129.118 129.2 129.809 129.297 132.214
