dsm/se2737_DSM_2M.asc
ncols 500
nrows 500
xllcorner    427000
yllcorner    437000
cellsize     2
NODATA_value -9999
[rows 217 to 247 of 500, columns 70 to 139 of 500]
-9999 -9999 -9999 -9999 -9999 -9999 -9999 -9999 -9999 -9999 -9999 -9999 -9999 -9999 -9999 -9999 -9999 99.036 98.964 98.913 98.862 98.797 98.77 98.86 99.736 100.159 99.622 103.723 101.678 97.656 97.646 97.638 97.65 97.666 97.686 97.698 97.719 97.729 97.76 97.899 97.849 97.802 97.799 99.524 99.719 99.867 99.857 100.429 105.159 103.349 99.998 99.897 99.87 99.83 99.773 99.731 99.713 99.709 99.705 99.9 100.148 100.463 100.8 101.189 101.492 101.773 102.014 102.12 102.123 102.084
-9999 -9999 -9999 -9999 -9999 -9999 -9999 -9999 -9999 -9999 -9999 -9999 -9999 -9999 -9999 -9999 99.205 99.156 99.073 99.006 98.959 98.916 98.943 99.007 99.102 100.058 99.774 99.295 97.711 97.772 97.668 97.663 97.669 97.674 97.704 97.699 97.72 97.739 97.761 97.815 97.929 97.799 99.587 99.689 99.809 99.839 99.809 105.414 105.772 106.137 105.207 102.562 99.914 99.829 99.754 99.709 99.708 99.688 99.685 99.859 100.107 100.498 100.825 101.128 101.425 101.732 101.982 102.124 102.149 102.105
-9999 -9999 -9999 -9999 -9999 -9999 -9999 -9999 -9999 -9999 -9999 -9999 -9999 -9999 -9999 99.355 99.256 99.234 99.164 99.108 99.061 99.01 99.117 99.247 99.198 99.228 99.049 99.177 97.69 97.814 97.779 97.679 97.683 97.704 97.698 97.721 97.73 97.745 97.759 97.794 97.799 98.979 99.674 99.772 99.827 99.809 102.114 105.627 105.989 106.364 106.367 106.007 103.662 100.719 99.699 99.682 99.669 99.676 99.68 99.922 100.136 100.513 100.866 101.094 101.37 101.641 101.853 102.011 102.037 102.012
-9999 -9999 -9999 -9999 -9999 -9999 -9999 -9999 -9999 -9999 -9999 -9999 -9999 -9999 99.515 99.431 99.375 99.287 99.261 99.187 99.151 99.161 99.226 99.347 99.301 99.184 99.615 98.419 97.666 97.648 97.665 97.673 97.692 97.71 97.729 97.738 97.74 97.757 97.774 97.788 97.796 99.764 99.749 99.819 99.829 100.212 105.494 105.849 106.207 106.494 106.142 105.784 105.412 99.767 99.654 99.629 99.642 99.657 99.699 99.948 100.187 100.522 100.862 101.107 101.277 101.47 101.632 101.766 101.859 101.889
-9999 -9999 -9999 -9999 -9999 -9999 -9999 -9999 -9999 -9999 -9999 -9999 -9999 -9999 100.158 99.609 99.493 99.445 99.363 99.284 99.236 99.324 99.503 99.481 99.327 99.411 99.535 97.735 97.63 97.644 97.658 97.657 97.695 97.715 97.737 97.735 97.758 97.761 97.804 97.861 99.769 99.674 99.802 99.834 99.817 105.139 105.719 106.069 106.427 106.279 105.919 105.557 100.859 99.679 99.619 99.597 99.617 99.672 99.702 99.969 100.164 100.47 100.751 100.96 101.141 101.24 101.275 101.361 101.662 101.782
-9999 -9999 -9999 -9999 -9999 -9999 -9999 -9999 -9999 -9999 -9999 -9999 -9999 101.411 101.22 99.914 99.573 99.518 99.44 99.351 99.436 99.655 99.735 99.684 99.395 99.466 98.461 97.66 97.658 97.646 97.65 97.667 97.71 97.718 97.729 97.748 97.887 97.781 97.784 98.284 99.662 99.779 99.831 99.842 101.274 105.569 105.919 106.284 106.417 106.064 105.702 104.807 99.742 99.617 99.597 99.587 99.612 99.657 99.722 99.802 100.094 100.282 100.544 100.787 100.949 101.097 101.089 101.014 101.319 101.624
-9999 -9999 -9999 -9999 -9999 -9999 -9999 -9999 -9999 -9999 -9999 -9999 -9999 101.375 101.01 99.81 99.677 99.599 99.544 99.555 99.655 99.782 99.954 99.975 99.826 99.525 99.369 99.393 98.048 97.69 97.672 97.685 97.682 97.715 97.745 97.742 97.775 97.882 97.879 99.647 99.746 99.806 99.83 99.807 105.139 105.774 106.139 106.489 106.202 105.847 105.502 99.764 99.659 99.602 99.559 99.569 99.604 99.684 99.752 99.839 99.904 100.107 100.332 100.542 100.772 100.994 101.069 101.094 101.209 101.422
-9999 -9999 -9999 -9999 -9999 -9999 -9999 -9999 -9999 -9999 -9999 -9999 100.6 101.255 100.021 99.91 99.786 99.706 99.634 99.653 99.859 100.058 100.087 100.1 100.166 99.98 99.72 99.542 99.579 99.674 98.712 97.745 97.707 97.725 97.744 97.737 97.743 97.786 98.76 99.706 99.772 99.84 99.826 102.704 105.647 106.004 106.374 106.354 105.994 105.634 102.532 99.732 99.622 99.574 99.557 99.564 99.624 99.712 99.802 99.869 99.949 100.014 100.092 100.379 100.607 100.832 100.972 101.054 101.167 101.299
-9999 -9999 -9999 -9999 -9999 -9999 -9999 -9999 -9999 -9999 -9999 100.463 100.333 100.192 100.087 99.999 99.922 99.791 99.859 99.927 99.947 100.089 100.145 100.103 100.081 100.09 100.052 99.854 99.693 99.509 99.563 98.986 97.977 97.734 97.742 97.766 97.967 97.983 99.753 99.692 99.796 99.845 100.407 105.489 105.849 106.232 106.474 106.149 105.774 105.414 99.764 99.642 99.602 99.554 99.537 99.602 99.774 99.877 99.922 99.917 99.992 100.067 100.149 100.222 100.369 100.637 100.797 100.947 101.077 101.212
-9999 -9999 -9999 -9999 -9999 -9999 -9999 -9999 -9999 -9999 -9999 100.558 100.473 100.299 100.21 100.133 100.084 100.047 100.093 100.252 100.315 100.236 100.167 100.157 100.141 100.101 100.071 100.157 100.044 99.808 99.649 99.599 99.995 98.268 97.74 97.77 97.845 99.908 99.692 99.724 99.806 99.922 105.327 105.712 106.085 106.437 106.289 105.924 105.559 102.209 99.624 99.614 99.569 99.542 99.564 99.607 99.782 99.877 99.982 100.069 100.072 100.119 100.207 100.289 100.357 100.424 100.619 100.837 100.972 101.059
-9999 -9999 -9999 -9999 -9999 -9999 -9999 -9999 -9999 -9999 100.633 100.639 100.481 100.378 100.351 100.242 100.184 100.139 100.354 100.451 100.401 100.341 100.251 100.246 100.205 100.164 100.119 100.085 100.121 100.144 100.082 99.885 99.669 99.615 99.859 97.906 99.107 99.926 99.705 99.776 99.826 102.458 105.544 105.92 106.292 106.427 106.059 105.702 104.474 99.639 99.549 99.504 99.527 99.509 99.869 99.672 99.697 101.572 100.394 100.107 100.207 100.222 100.274 100.354 100.432 100.494 100.562 100.629 100.879 101.042
113.037 112.935 -9999 -9999 -9999 -9999 -9999 -9999 -9999 100.681 100.682 100.592 100.534 100.498 100.401 100.395 100.312 100.32 100.387 100.521 100.507 100.399 100.359 100.304 100.255 100.231 100.199 100.172 100.142 100.14 100.165 100.165 100.034 99.862 99.96 98.974 100.104 99.694 99.766 99.819 100.119 105.221 105.766 106.15 106.512 106.221 105.851 105.482 99.739 99.572 99.484 99.402 99.479 99.594 101.682 101.657 101.527 101.582 101.577 101.269 100.312 100.379 100.359 100.407 100.487 100.564 100.642 100.709 100.764 100.889
112.846 112.638 112.296 -9999 -9999 -9999 -9999 -9999 -9999 100.677 100.665 100.656 100.622 100.58 100.573 100.509 100.417 100.403 100.534 100.657 100.601 100.471 100.422 100.39 100.339 100.36 100.281 100.239 100.192 100.17 100.16 100.114 100.154 100.13 100.051 99.974 99.761 99.737 99.804 99.814 101.744 105.568 105.979 106.346 106.367 106.002 105.634 103.612 99.632 99.529 99.417 99.434 99.529 101.257 101.649 101.682 101.824 102.004 101.634 100.634 100.417 100.472 100.452 100.494 100.562 100.642 100.717 100.784 100.854 100.914
112.824 112.287 112.101 -9999 -9999 -9999 -9999 -9999 100.721 100.687 100.677 100.733 100.693 100.679 100.634 100.567 100.553 100.507 100.574 100.716 100.731 100.615 100.494 100.455 100.418 100.377 100.353 100.306 100.278 100.248 100.187 100.168 100.135 100.173 100.128 100.049 99.899 99.812 99.91 100.127 104.89 105.816 106.198 106.473 106.14 105.79 105.278 99.805 99.564 99.457 99.402 99.472 99.817 101.672 101.649 101.652 101.664 101.737 101.697 101.754 100.627 100.559 100.554 100.602 100.727 100.782 100.859 100.872 100.949 101.009
112.407 112.07 111.842 111.515 111.401 -9999 -9999 102.018 100.856 100.825 100.71 100.758 100.741 100.743 100.655 100.627 100.608 100.568 100.594 100.725 100.781 100.611 100.551 100.515 100.469 100.462 100.417 100.356 100.329 100.312 100.263 100.213 100.19 100.151 100.131 100.195 100.047 99.883 100.175 104.171 105.662 106.057 106.38 106.309 105.937 105.562 101.046 99.61 99.501 99.394 99.447 99.542 100.959 101.659 101.652 101.654 101.672 101.679 101.704 101.714 103.089 101.722 100.669 100.739 100.784 100.764 101.012 101.074 101.134 101.117
112.32 112.026 111.443 111.198 111.274 -9999 -9999 105.714 102.069 101.042 100.838 100.74 100.732 100.723 100.696 100.665 100.662 100.636 100.629 100.66 100.75 100.648 100.621 100.571 100.579 100.524 100.497 100.431 100.37 100.37 100.315 100.266 100.236 100.22 100.235 100.24 100.186 99.941 99.82 103.752 105.94 106.248 106.448 106.085 105.695 103.534 99.679 99.547 99.431 99.412 99.474 100.549 101.909 101.669 101.659 101.679 101.672 101.702 101.727 102.209 103.414 103.399 103.304 101.034 100.772 106.907 107.812 101.119 101.309 101.377
112.097 111.463 111.345 111.199 111.168 -9999 110.587 110.585 109.831 103.692 102.868 101.33 100.837 100.748 100.7 100.702 100.696 100.667 100.646 100.67 100.699 100.71 100.683 100.667 100.618 100.606 103.541 102.359 100.416 100.376 100.333 100.335 100.336 100.279 100.282 100.334 100.076 99.915 99.851 100.057 101.133 105.191 106.203 105.874 105.327 100.104 99.592 99.474 99.409 99.447 99.602 101.862 101.827 101.707 101.679 101.684 101.692 101.729 101.729 103.412 103.569 103.404 103.432 103.732 103.174 107.537 108.597 101.169 101.447 101.532
111.615 111.432 111.316 111.215 111.016 110.773 110.553 110.337 110.134 109.712 108.02 102.14 101.081 100.861 100.736 100.74 100.715 100.711 100.692 100.68 100.665 100.665 100.703 100.734 100.742 101.487 104.41 104.435 100.772 100.408 100.383 100.361 100.324 100.333 100.392 100.265 100.025 100.623 99.919 99.862 99.811 99.798 101.961 104.686 103.285 99.962 99.548 99.426 99.427 99.503 102.321 101.877 102.044 101.714 101.689 101.839 101.719 101.727 102.909 103.599 103.677 103.379 102.814 103.177 103.457 103.567 103.197 102.597 101.532 101.657
111.46 111.264 111.048 110.984 110.759 110.63 110.55 110.253 109.928 109.498 109.236 108.757 104.25 101.176 100.864 101.216 100.737 100.732 100.767 100.739 100.724 100.666 100.661 100.678 100.701 100.83 102.763 101.261 100.59 100.495 100.433 100.404 100.414 100.425 100.402 100.299 100.849 100.032 99.937 99.913 99.863 99.805 99.782 99.846 100.061 99.65 99.544 99.451 99.473 101.228 104.413 104.419 103.452 101.772 101.767 101.867 101.712 101.927 103.414 103.422 103.379 103.559 103.569 103.332 102.669 103.319 103.589 103.597 101.869 101.674
110.629 110.762 110.89 110.921 110.772 110.609 110.401 109.979 109.74 109.326 108.974 108.652 108.261 105.394 103.073 103.764 101.101 100.789 100.79 100.74 100.724 100.694 100.691 100.653 100.631 100.634 100.679 100.664 100.594 100.477 100.452 100.46 100.449 100.501 100.395 100.223 100.282 99.911 99.919 99.959 99.955 99.886 99.842 99.764 99.697 99.639 99.594 99.519 99.629 104.494 104.452 104.422 104.449 104.457 102.414 101.724 101.734 103.419 103.417 103.419 103.384 103.652 103.569 103.577 103.502 103.084 103.084 103.079 102.652 101.627
109.316 110.513 110.765 110.61 110.81 110.544 110.029 109.776 109.499 109.198 108.709 108.472 106.019 104.294 109.744 106.484 101.169 100.806 100.781 100.731 100.753 100.69 100.666 100.656 100.634 100.622 100.608 100.584 100.58 100.532 100.504 100.479 100.511 100.386 100.155 99.943 99.993 99.916 99.922 99.932 99.966 99.97 99.874 99.743 99.677 99.625 99.576 99.509 102.331 104.473 104.609 104.433 104.461 104.459 104.502 103.947 102.777 103.417 103.404 103.392 103.719 103.589 103.534 103.597 103.524 103.432 103.317 103.042 101.834 101.589
108.906 110.136 110.562 109.898 110.166 110.195 109.916 109.575 109.119 108.928 108.586 108.164 100.244 107.577 102.965 104.387 100.902 100.787 100.787 100.783 100.731 100.69 100.679 100.691 100.662 100.627 100.623 100.6 100.582 100.527 100.534 100.493 100.506 100.356 99.913 99.887 99.912 99.882 99.916 99.931 99.943 100.894 99.859 99.723 99.684 99.628 99.57 100.045 104.335 104.474 104.76 104.465 104.454 104.482 104.484 104.647 103.512 103.402 103.424 103.437 103.427 103.534 103.624 103.517 103.502 103.424 103.077 102.677 101.602 101.562
108.757 109.619 109.219 109.341 109.478 109.922 109.669 109.204 108.924 108.716 108.286 105.933 105.557 107.655 104.717 101.056 100.843 100.778 100.758 100.752 100.703 100.659 100.66 100.66 100.665 100.634 100.617 100.602 100.572 100.558 100.518 100.49 100.54 100.337 100.124 100.016 99.909 99.947 100.825 105.078 100.884 100.547 99.799 99.727 99.69 99.639 99.591 100.945 104.413 104.626 104.539 104.525 104.447 104.481 104.502 104.349 103.409 103.429 103.409 103.642 103.547 103.447 103.504 103.482 103.479 103.267 103.039 101.699 101.574 101.539
108.966 109.076 108.62 108.392 109.044 109.21 109.243 109.089 108.758 108.328 107.877 107.075 108.333 101.908 103 100.814 100.813 100.775 100.758 100.748 100.734 100.701 100.65 100.651 100.662 100.62 100.604 100.574 100.555 100.537 100.511 100.511 100.53 100.464 100.325 100.059 99.926 99.896 100.63 107.992 102.288 100.118 99.747 99.717 99.681 99.63 100.4 104.015 104.486 104.517 104.505 104.694 104.743 104.518 104.517 103.417 103.397 103.452 103.589 103.679 103.539 103.597 103.462 103.254 103.449 103.052 102.037 101.592 101.557 101.504
109.027 108.469 108.368 108.416 108.693 109.06 109.139 108.974 108.469 108.209 108.237 108.662 105.223 103.429 101.916 101.23 100.765 100.762 100.758 100.72 100.699 100.638 100.679 100.625 100.596 100.605 100.57 100.557 100.542 100.516 100.463 100.41 100.446 100.454 100.326 100.198 99.993 99.938 100.876 101.419 100.896 99.815 99.743 99.719 99.662 99.676 101.988 104.433 104.681 104.508 104.494 104.507 104.587 104.533 103.605 103.407 103.412 103.534 103.664 103.589 103.547 103.482 103.479 103.489 103.062 102.884 101.614 101.567 101.527 101.494
108.68 108.275 108.316 108.504 108.773 109.147 109.159 108.693 108.295 108.21 106.759 106.476 105.158 102.886 100.942 100.802 100.718 100.761 100.754 100.699 100.716 100.673 100.668 100.641 100.605 100.614 100.556 100.53 100.507 100.496 100.399 100.306 100.324 100.378 100.305 100.258 100.095 100.014 99.956 99.955 99.833 99.776 99.758 99.713 99.669 100.072 104.285 104.452 104.637 104.478 104.579 104.492 104.492 104.386 103.4 103.401 103.474 103.604 103.442 103.509 103.604 103.477 103.389 103.394 103.047 101.699 101.587 101.544 101.499 101.714
108.234 108.234 108.424 108.641 109.044 109.073 108.73 108.501 108.179 107.845 107.838 106.489 105.443 102.624 100.931 100.662 100.606 100.634 100.637 100.707 100.699 100.689 100.658 100.624 100.613 100.571 100.549 100.538 100.521 100.441 100.381 100.301 100.224 100.138 100.138 100.146 100.098 100.063 100.029 99.887 99.823 99.774 99.745 99.699 99.922 102.594 104.465 104.449 104.431 104.527 104.726 104.532 104.491 103.51 103.414 103.389 103.469 103.62 103.559 103.512 103.492 103.449 103.497 103.049 102.174 101.604 101.559 101.517 101.509 102.252
108.22 108.233 108.66 109.108 109.144 108.914 108.512 108.268 107.723 107.827 107.226 106.842 100.909 100.762 100.852 100.621 100.587 100.587 100.603 100.724 100.701 100.701 100.669 100.634 100.551 100.53 100.563 100.503 100.466 100.407 100.33 100.208 100.13 100.076 100.003 99.952 99.979 99.908 99.929 99.837 99.829 99.77 99.759 99.746 100.781 104.252 104.677 104.484 104.459 104.469 104.478 104.506 103.915 103.428 103.401 103.475 103.605 103.53 103.552 103.582 103.429 103.324 103.099 102.999 101.699 101.577 101.532 101.499 101.779 102.382
107.979 108.505 108.903 109.065 109.064 108.589 108.319 107.487 107.857 107.958 107.635 107.352 104.76 101.75 100.71 100.67 100.639 100.568 100.578 100.622 100.733 100.655 100.671 100.665 100.58 100.526 100.518 100.469 100.431 100.358 100.217 100.168 100.099 99.984 99.91 99.826 99.81 99.819 99.782 99.797 99.779 99.764 99.768 99.82 104.346 104.422 104.49 104.451 104.601 104.527 104.484 104.48 103.755 103.395 103.386 103.473 103.604 103.611 103.539 103.437 103.444 103.464 103.044 102.312 101.589 101.544 101.509 101.584 101.697 101.719
108.451 108.807 108.987 108.93 108.768 108.518 108.343 108.517 108.357 108.234 108.233 107.451 104.572 101.405 100.744 100.731 100.705 100.708 100.632 100.695 100.756 100.808 100.642 100.618 100.584 100.549 100.479 100.799 100.774 100.958 100.703 100.578 100.006 99.949 99.843 99.814 99.769 99.731 99.74 99.74 99.753 99.724 99.808 102.086 104.603 104.559 104.582 104.471 104.576 104.639 104.515 103.93 103.404 103.393 103.427 103.588 103.423 103.547 103.582 103.466 103.387 103.109 102.702 101.634 101.569 101.524 101.492 101.654 101.737 101.774
108.68 108.81 108.944 108.868 108.705 108.421 108.259 108.314 108.325 107.662 107.69 107.233 105.576 102.797 101.116 100.813 100.801 100.763 100.687 100.766 100.768 100.735 100.673 100.601 100.543 100.52 100.684 101.164 100.981 100.685 100.89 102.534 100.36 100.181 99.781 99.698 99.684 99.681 99.67 99.699 99.715 99.726 100.011 101.285 102.187 104.399 104.638 104.629 104.643 104.552 104.949 103.586 103.379 103.371 103.473 103.594 103.602 103.527 103.4 103.464 103.288 103.034 101.877 101.579 101.537 101.489 101.584 101.644 101.749 101.827
