dsm/se2736_DSM_2M.asc
ncols 500
nrows 500
xllcorner    427000
yllcorner    436000
cellsize     2
NODATA_value -9999
[rows 32 to 63 of 500, columns 72 to 143 of 500]
103.071 103.376 103.762 105.597 117.081 107.343 107.121 114.329 110.438 104.384 108.795 108.046 106.265 106.2 104.102 102.94 106.367 109.323 103.437 102.305 101.029 100.366 100.035 99.773 99.839 99.954 102.128 104.626 106.065 106.203 105.774 102.577 102.166 100.575 100.68 100.853 99.724 100.567 101.1 100.315 101.504 100.943 99.984 99.407 99.751 100.938 103.3 102.925 101.777 99.311 99.044 99.01 98.898 98.931 100.256 102.136 104.036 100.387 99.352 99.247 97.248 97.036 96.933 96.824 96.53 96.546 96.525 96.315 96.182 96.144 95.952 96.091
103.132 103.452 109.186 113.178 109.704 107.516 108.253 105.748 103.508 102.994 105.983 104.929 105.677 105.182 103.334 102.662 103.933 104.426 103.371 105.295 102.369 102.165 100.604 100.044 99.828 99.865 100.423 102.354 105.288 106.042 106.265 105.66 103.945 102.593 100.213 100.467 99.864 99.946 99.86 99.835 100.295 100.279 100.168 99.488 99.463 100.319 101.333 100.891 99.8 99.048 98.955 98.989 99.008 99.537 101.384 102.038 102.676 103.771 100.563 97.716 97.167 97.035 96.851 96.865 96.75 96.629 96.475 96.437 96.19 96.01 95.904 95.784
102.89 103.071 103.722 103.285 104.62 109.636 103.892 102.823 102.87 102.779 102.647 102.942 103.753 103.798 104.011 103.395 103.025 108.813 116.827 106.24 102.589 103.157 103.095 100.822 99.828 99.856 100 100.011 103.486 105.275 105.14 104.696 101.36 100.129 100.175 101.157 103.643 102.478 99.996 100.349 99.794 100.074 100.081 99.468 99.563 99.682 99.312 99.224 99.164 99.004 98.864 98.964 99.457 100.111 99.773 102.302 103.575 99.295 98.478 97.374 97.212 97.041 96.983 97.017 96.888 96.685 96.602 96.365 96.139 96.057 95.904 95.711
102.984 103.02 103.073 102.932 103.29 103.452 102.782 102.969 102.72 102.652 102.72 102.933 103.06 104.078 109.763 103.322 106.27 108.535 106.286 103.125 103.035 106.254 105.921 104.337 100.827 100.021 99.973 99.96 100.915 101.276 101.344 100.249 99.952 100.218 102.092 104.94 104.997 103.767 102.256 100.834 99.671 99.555 99.9 99.741 99.718 99.736 99.305 99.377 99.116 98.937 98.933 99.071 99.859 99.817 98.918 99.934 99.341 97.815 97.59 97.393 97.261 97.077 97.039 96.912 96.77 96.625 96.564 96.357 96.274 96.174 96.131 95.9
103.3 103.377 103.003 103.14 102.962 102.834 103.389 102.893 102.592 102.842 103.921 104.843 103.714 105.606 106.989 104.655 104.001 105.157 104.775 104.43 103.719 104.437 106.26 104.192 102.005 100.754 100.506 100.164 100.082 100.371 100.195 99.934 100.387 102.909 104.062 105.737 105.821 105.097 102.752 100.683 99.891 99.532 99.845 100.006 99.932 99.458 99.294 99.205 99.126 99.181 99.114 100.128 99.772 99.003 98.212 98.118 98.019 97.744 97.586 97.429 97.282 97.249 97.076 96.945 96.82 96.615 96.618 96.416 96.399 96.334 96.218 96.088
104.59 109.478 104.172 103.96 103.195 103.845 107.774 104.516 102.782 102.887 103.037 103.103 104.666 109.542 105.648 104.398 106.225 112.097 114.129 106.587 105.683 105.784 107.85 104.207 103.194 103.272 101.057 100.582 100.112 99.92 99.814 99.946 100.257 100.859 101.857 104.095 105.74 105.844 104.982 103.888 101.605 99.598 99.443 99.541 100.008 99.658 99.267 99.186 99.52 100.51 100.032 100.456 99.242 98.289 98.086 97.962 97.849 97.803 97.505 97.382 97.317 97.427 97.114 96.997 96.831 96.628 97.094 96.891 96.55 96.455 96.282 96.213
114.284 110.289 106.266 109.64 104.591 107.679 105.562 103.935 102.755 102.778 103.24 102.619 103.182 105.044 106.733 112.212 117.357 119.71 108.835 105.723 112.583 106.601 110.591 111.774 104.236 102.768 102.494 101.079 100.199 99.99 99.763 99.754 99.863 99.972 100.078 101.863 103.889 105.889 105.925 105.12 102.479 100.077 99.485 99.379 99.485 99.956 99.49 99.139 99.504 100.672 99.865 98.935 98.425 98.193 98.142 98.287 97.772 97.727 97.538 97.392 97.319 97.323 97.134 97.031 96.853 97.053 97.965 100.846 97.272 96.612 96.133 96.103
113.571 105.34 104.451 105.151 104.609 103.724 103.888 104.471 104.677 105.425 107.323 103.678 103.037 103.231 105.216 108.809 114.765 117.701 115.973 115.342 105.059 108.419 110.432 108.419 102.364 103.128 102.832 102.306 101.156 100.626 99.989 99.64 99.741 99.733 99.662 100.305 101.323 104.354 105.908 105.865 105.175 103.604 100.897 99.395 99.355 99.525 99.351 99.85 101.172 102.791 100.127 98.35 98.234 98.11 98.883 102.016 98.047 97.695 97.587 97.395 97.317 97.22 97.128 96.999 96.953 97.274 99.18 102.269 102.945 96.82 96.214 96.055
108.982 103.817 103.824 109.3 104.541 102.972 103.788 107.614 106.554 104.539 103.415 103.479 102.925 102.6 110.244 114.846 108.074 111.887 112.439 110.464 105.29 117.615 105.758 102.699 102.716 104.05 102.722 101.949 101.637 101.083 100.651 100.021 99.714 99.926 99.769 99.714 99.735 100.743 104.018 105.637 105.724 103.832 102.154 99.56 99.771 101.802 101.364 100.873 103.741 103.341 102.004 98.731 98.208 98.114 98.299 98.99 97.781 97.712 97.69 97.429 97.291 97.209 97.198 97.256 97.275 98.044 97.816 100.492 102.982 97.548 96.649 96.012
103.699 103.073 103.266 106.323 104.895 103.162 103.215 103.569 102.975 102.914 103.529 103.276 102.766 103.503 108.446 106.381 110.702 116.293 114.969 116.923 110.816 103.231 105.508 105.075 102.307 103.258 102.404 101.791 101.606 102.173 102.306 101.082 100.174 99.829 99.719 99.707 99.675 99.939 101.106 104.28 105.096 103.008 100.005 99.712 101.017 102.128 101.665 100.361 101.97 103.153 101.003 98.613 98.261 98.212 98.05 97.995 97.89 97.74 97.623 97.55 97.294 97.197 97.369 97.337 97.613 99.973 97.576 100.577 98.744 96.766 99.554 96.391
111.364 103.618 104.359 114.112 105.571 103.161 103.24 103.422 107.049 115.712 110.426 104.787 103.83 103.724 108.249 105.939 107.803 107.716 113.429 111.487 103.472 103.256 105.048 105.072 102.06 101.886 101.822 101.695 102.539 104.706 107.097 102.174 100.621 99.774 99.767 99.744 99.664 99.744 100.182 101.422 102.906 102.344 99.885 99.451 100.618 100.901 99.68 99.372 100.032 100.415 98.752 98.583 98.474 98.2 98.043 97.981 97.965 97.778 97.695 97.491 97.42 97.374 97.422 97.453 97.509 98.309 99.71 96.703 96.879 97.823 98.724 96.458
111.722 114.754 107.155 106.544 114.801 108.028 104.457 107.661 111.101 113.58 112.957 109.2 108.997 103.397 110.025 106.023 111.38 110.767 104.271 111.972 108.64 103.674 102.768 102.476 101.932 101.78 102.299 102.158 103.731 109.006 101.875 101.904 101.445 100.869 100.323 100.104 99.851 99.662 99.6 99.687 100.081 99.953 100.07 99.998 100.525 100.629 99.792 99.3 99.107 99.715 99.42 99.189 98.517 98.232 98.158 98.072 97.992 97.872 97.697 97.535 97.505 97.591 97.503 97.415 97.21 97.247 97.1 96.661 96.393 96.604 96.366 96.016
105.839 115.151 115.902 109.878 108.503 112.199 113.265 112.508 106.414 109.83 111.688 106.243 104.19 105.17 114.661 108.72 103.746 104.213 102.487 103.191 109.9 102.997 102.05 101.914 101.773 101.846 103.821 102.979 101.835 105.561 103.194 102.504 105.082 104.255 105.059 101.475 100.484 99.708 99.496 99.556 99.581 99.717 101.262 101.36 101.206 101.95 99.532 98.972 99.042 99.231 99.828 99.85 98.56 98.412 98.119 98.014 97.916 97.823 97.721 97.713 97.648 97.654 97.512 97.392 97.125 97.133 96.927 96.583 96.481 96.272 96.012 95.868
109.668 106.191 116.313 112.799 106.611 113.933 106.107 104.117 103.887 106.773 108.479 102.779 102.799 103.254 104.141 104.506 102.782 102.671 102.464 102.428 102.404 102.292 102.119 101.919 101.752 101.742 101.648 101.344 101.363 101.899 101.53 101.424 102.04 105.359 107.389 106.621 100.737 100.084 99.665 99.716 100.543 101.401 101.044 101.6 102.411 100.707 99.392 99.093 99.044 99.045 98.984 99.251 99.686 99.243 98.667 99.133 97.996 97.853 97.822 97.684 97.656 97.752 97.584 97.199 97.091 97.303 96.997 96.643 96.455 96.164 96.039 96.057
113.788 109.616 111.729 104.45 116.814 108.652 103.771 103.007 102.962 102.905 103.196 102.906 102.822 102.837 102.732 102.718 102.661 102.584 102.642 102.356 102.313 102.267 102.159 101.968 101.844 101.864 102.489 101.668 101.6 102.686 101.27 101.133 100.939 101.441 102.065 101.792 100.953 100.801 100.121 100.05 106.043 103.745 102.522 101.403 99.909 99.237 99.068 99.016 98.904 98.956 98.808 98.928 99.144 100.813 102.175 103.493 101.084 98.258 97.866 97.786 97.706 97.645 97.377 97.121 97.053 97.875 98.824 96.944 96.381 96.173 96.067 95.901
103.677 104.437 104.54 104.409 107.513 104.319 103.323 103.143 103.051 103.013 102.995 102.76 102.869 102.949 103.399 103.388 103.261 102.484 102.537 102.898 102.59 104.532 102.085 102.186 101.81 102.169 106.52 105.821 103.802 105.157 104.053 101.322 101.067 101.222 101.174 100.88 100.725 100.62 100.816 100.917 101.374 104.464 103.576 101.114 99.397 98.954 98.926 98.892 98.903 98.846 98.846 98.839 98.885 102.016 104.263 104.185 103.138 99.582 98.018 97.788 97.729 97.609 97.313 97.122 97.145 97.167 99.936 96.817 96.367 96.173 95.967 95.805
103.144 104.88 111.202 105.836 105.128 104.714 103.407 103.29 104.183 102.904 102.984 103.588 105.079 104.022 104.094 114.302 104.674 103.863 103.379 111.794 106.886 107.747 109.961 102.993 102.819 102.267 103.989 105.181 114.518 115.959 110.425 106.364 102.051 101.559 101.079 101.058 100.671 100.484 101.131 100.837 101.197 107.376 110.082 106.253 105.825 101.464 99.664 99.135 98.843 98.804 98.78 98.767 98.966 101.268 103.097 103.717 101.534 99.233 98.277 97.922 97.735 97.696 97.433 97.1 97.595 98.672 99.151 97.897 96.423 96.314 96.104 95.981
107.097 120.419 111.101 104.15 110.937 109.99 109.069 117.459 110.719 103.018 103.504 118.9 109.599 114.246 120.853 118.161 108.734 117.365 116.836 105.684 110.41 108.648 104.99 107.85 111.47 114.549 111.429 110.383 110.305 109.467 106.789 116.471 113.267 101.866 100.982 101.343 111.073 103.479 101.108 101.427 108.106 114.333 110.938 117.451 108.567 103.179 105.592 100.682 98.736 98.794 98.755 98.76 99.017 99.794 100.679 101.337 100.617 99.439 98.461 97.995 97.7 97.554 97.342 97.201 96.975 96.947 98.327 100.794 96.685 96.293 96.096 95.993
113.264 104.608 108.513 106.687 113.957 111.558 110.836 118.244 108.88 103.558 104.033 108.704 119.292 124.301 123.671 113.645 119.137 116.703 118.102 110.904 105.495 106.756 108.293 112.193 109.356 106.295 112.668 109.968 104.866 105.434 114.516 110.126 102.567 103.152 101.347 100.546 108.825 102.782 106.007 104.155 113.22 107.857 116.064 120.705 115.553 106.632 110.306 111.459 99.92 98.764 98.764 98.717 98.823 98.97 98.717 99.288 99.894 99.403 98.573 98.044 97.761 97.623 97.233 97.143 97.076 96.845 97.298 98.499 97.085 96.3 96.221 96.144
105.236 108.069 119.545 111.552 114.061 115.527 106.608 104.145 118.367 107.581 108.895 109.143 121.774 123.812 124.548 124.406 117.229 103.905 104.271 106.972 108.638 116.375 121.497 112.657 107.906 118.425 110.311 107.919 120.272 116.299 106.339 107.652 103.99 103.931 110.382 105.586 104.001 101.321 114.152 105.646 104.616 115.16 115.051 122.434 116.22 119.352 112.351 109.941 100.209 98.729 98.759 98.76 98.788 98.74 98.812 99.675 98.858 98.705 98.434 98.005 97.746 97.688 97.373 97.045 97.111 97.581 97.549 100.771 98.554 96.65 96.285 96.161
104.672 108.19 117.34 119.119 118.477 113.792 106.789 123.042 109.825 109.289 121 112.339 112.111 120.572 116.203 108.496 104.566 104.887 103.162 105.558 116.098 120.6 116.347 107.459 113.892 111.447 110.166 117.078 115.9 108.956 102.731 105.735 108.972 102.743 106.583 111.137 110.077 120.492 108.234 105.058 105.237 115.859 106.918 119.578 123.455 114.561 111.808 110.662 101.026 98.595 98.665 98.712 98.755 98.703 99.33 99.98 98.676 98.48 98.148 97.966 97.859 99.194 99.114 97.086 97.169 97.119 97.071 99.975 98.855 96.574 96.353 96.086
105.364 111.078 114.286 113.882 117.843 121.347 119.128 118.15 110.839 106.448 117.093 113.989 115.229 117.262 104.414 103.379 107.569 112.13 104.122 113.576 112.708 109.033 117.302 109.005 105.147 103.082 108.166 107.735 106.205 116.043 109.074 112.657 119.354 116.44 113.423 114.723 120.613 111.534 107.031 108.988 107.401 111.655 108.899 119.848 112.296 105.803 115.32 108.852 99.294 98.711 98.621 98.665 98.632 98.759 100.753 100.989 99.325 98.344 98.112 98.079 97.988 99.506 99.249 97.362 96.985 96.819 96.849 97.646 97.997 96.696 96.077 95.953
103.785 109.229 110.753 109.003 114.542 113.905 106.762 109.777 113.499 108.183 115.642 118.965 113.809 105.758 113.87 116.275 106.837 115.455 117.263 109.464 108.425 110.922 112.51 103.444 107.779 103.573 102.271 103.662 107.299 105.781 109.949 118.204 119.428 120.18 121.514 117.661 109.488 117.863 108.53 103.701 107.276 117.133 109.003 107.833 111.121 116.487 108.079 106.265 101.232 98.985 98.629 98.836 99.926 99.57 100.631 100.462 98.634 98.323 98.13 97.961 97.764 97.791 97.872 99.215 97.41 96.766 96.567 96.551 96.478 96.25 96.103 95.973
103.117 104.02 105.241 114.412 111.768 106.512 103.129 102.939 103.399 108.044 111.395 114.574 110.28 108.694 115.368 106.339 104.046 108.142 106.626 109.79 117.396 110.108 102.4 103.075 106.128 102.106 101.913 104.833 109.502 108.6 111.681 113.619 110.432 116.474 119.773 118.375 113.063 118.536 112.859 105.235 111.815 104.479 101.128 102.618 108.617 106.994 104.151 110.405 105.31 102.744 98.962 99.481 100.545 100.238 100.086 99.256 98.595 98.311 98.034 97.844 98.293 101.175 101.169 104.945 98.715 96.709 96.552 96.485 96.241 96.184 96.071 95.924
103.709 107.281 105.891 105.039 104.563 104.137 104.363 103.768 105.605 110.235 105.387 108.777 113.186 108.517 106.731 103.909 102.174 102.311 102.828 103.934 104.509 102.889 101.985 101.833 101.648 101.601 102.057 103.19 109.044 106.083 109.763 111.179 106.623 112.915 115.109 118.83 118.305 110.688 106.231 110.243 102.252 100.398 99.802 99.659 99.601 99.583 100.819 104.136 105.141 101.231 99.822 99.809 100.24 100.078 99.535 99.148 98.942 98.593 98.2 97.963 98.844 101.754 103.413 99.607 97.168 96.752 96.653 96.586 96.332 96.136 96.03 95.904
105.93 110.578 109.7 102.96 103.24 104.515 106.055 105.492 105.332 104.011 103.932 106.023 104.448 102.544 103.75 102.788 102.115 101.989 101.938 101.81 101.773 101.802 101.726 101.87 101.607 101.523 102.548 103.17 108.235 103.457 105.172 113.831 109.498 109.7 114.488 114.143 111.378 107.772 106.148 104.041 101.76 100.045 99.848 100.664 100.734 101.143 101.386 100.776 103.352 100.189 100.578 100.719 101.089 100.493 99.705 99.111 98.958 98.825 98.259 97.962 97.99 98.479 98.213 98.38 98.004 97.946 97.297 96.664 96.34 96.126 95.964 95.736
109.74 104.397 103.15 102.827 103.408 104.045 107.727 106.49 103.839 103.608 105.415 108.04 103.02 106.734 107.03 104.562 102.364 102.209 101.999 101.733 101.798 101.809 101.853 101.879 101.48 101.562 105.045 110.435 109.241 111.675 104.654 110.874 107.13 113.466 112.796 111.608 108.232 106.418 103.804 104.301 103.732 100.023 99.896 103.894 102.462 104.358 106.641 106.475 100.752 99.561 100.042 100.604 103.357 101.865 99.554 100.856 101.886 99.015 98.024 98.288 100.325 99.097 98.388 101.284 97.488 100.786 97.632 96.348 96.187 96.125 95.96 95.761
112.618 106.233 110.251 103.01 102.581 102.812 103.54 103.47 103.052 103.03 103.472 102.903 102.869 104.92 102.853 105.803 103.108 102.97 103.012 102.642 102.724 102.359 101.714 101.608 101.469 101.37 102.166 107.915 104.658 105.828 106.51 104.166 111.522 105.312 103.279 106.911 104.693 103.849 105.024 102.704 100.544 99.776 99.852 100.612 99.896 101.764 104.098 101.397 102.657 101.896 102.403 102.54 103.997 111.213 103.204 113.871 105.946 99.01 98.253 99.61 102.819 99.867 98.041 97.197 96.859 96.972 96.673 96.351 96.258 96.235 95.946 95.882
116.341 110.43 110.039 104.338 102.57 102.724 102.648 102.634 102.511 102.572 103.368 104.163 103.007 102.305 102.495 102.83 102.811 103.12 104.199 103.873 104.063 104.276 102.203 101.415 101.381 101.301 102.353 107.142 104.325 102.166 103.293 105.69 106.64 100.814 100.891 101.709 102.473 100.887 102.682 102.185 100.092 99.955 99.956 99.737 99.755 99.529 99.606 101.795 103.551 104.889 104.069 106.655 114.254 116.551 115.921 111.79 99.523 100.647 99.443 100.688 101.173 99.793 97.194 97.01 96.851 96.685 96.53 96.486 96.473 96.395 96.013 95.833
107.528 106.507 104.616 102.533 102.535 102.419 102.374 102.48 102.751 102.91 109.937 109.609 105.634 102.163 102.227 102.014 102.336 102.678 103.617 103.431 104.007 104.525 103.556 101.831 101.364 102.664 104.024 104.389 102.769 101.715 101.476 101.974 104.545 102.761 102.258 100.947 101.095 100.85 103.783 100.271 100.197 99.98 99.896 99.734 99.641 99.506 100.448 103.29 103.846 104.084 105.935 106.156 115.073 118.2 118.146 116.017 108.355 105.684 107.023 104.579 102.101 97.619 97.291 97.059 96.803 96.66 96.611 96.638 96.267 96.222 96.049 95.905
105.504 112.18 103.82 102.51 103.117 103.916 102.25 102.56 107.716 109.175 108.401 106.835 102.928 102.081 102.186 101.986 101.894 102.439 103.842 104.262 102.844 103.222 103.196 101.897 101.531 104.709 108.108 107.56 107.084 106.458 105.734 103.193 102.819 104.962 106.193 101.349 100.575 101.086 105.844 101.265 100.077 100.107 99.891 99.644 99.579 100.091 101.847 104.328 105.993 106.062 106.426 104.355 114.182 111.664 110.439 114.222 108.335 103.93 105.84 100.732 98.926 97.524 97.199 97.011 96.905 96.716 96.637 96.481 96.203 96.187 96.014 95.902
103.465 104.456 107.056 102.779 102.779 102.824 103.338 107.524 112.501 117.057 109.963 102.957 101.923 101.905 101.891 101.786 102.159 105.402 106.722 103.574 104.358 102.95 103.448 101.595 101.642 105.395 110.169 111.368 111.27 109.551 107.084 104.874 107.104 102.802 102.812 101.321 100.23 99.995 100.388 100.164 102.01 101.205 99.861 101.367 99.952 99.313 99.65 103.2 107.403 108.094 106.111 103.417 112.424 106.593 107.423 102.826 104.271 102.699 100.986 100.948 98.448 97.941 97.628 97.121 96.796 96.617 96.556 96.479 96.256 96.085 95.946 95.789
