dsm/se2730_DSM_2M.asc
ncols 500
nrows 500
xllcorner    427000
yllcorner    430000
cellsize     2
NODATA_value -9999
[rows 288 to 319 of 500, columns 144 to 215 of 500]
67.035 67.511 69.957 66.931 67.203 66.991 66.293 66.201 66.127 66.106 68.459 68.427 68.11 65.957 66.412 66.19 66.036 65.533 67.358 65.309 65.225 65.066 64.977 64.911 65.044 64.792 64.711 66.184 67.532 69.971 66.42 64.496 65.169 65.22 64.266 66.311 68.182 66.829 64.025 63.529 63.269 62.803 62.431 68.171 69.137 68.344 66.715 62.467 62.255 62.184 62.082 62.038 61.925 61.896 61.82 67.311 64.932 62.325 61.747 61.744 61.669 61.648 61.794 61.5 62.175 63.323 62.106 63.611 63.737 63.668 62.42 61.205
67.81 73.747 70.414 72.604 70.677 68.786 66.422 66.244 66.197 66.12 67.902 68.452 68.358 66.964 65.751 66.026 65.916 65.603 65.45 65.308 65.239 65.159 65.005 64.911 67.592 66.257 64.688 68.343 70.153 70.666 70.966 68.74 64.867 64.455 64.229 64.195 65.426 64.844 65.007 63.108 67.326 67.74 62.77 64.212 69.268 68.73 68.061 65.238 62.377 62.293 62.114 62.075 61.982 61.964 61.909 63.866 62.516 61.914 62.041 62.012 61.836 61.638 61.48 65.149 66.533 65.336 62.854 61.866 62.381 61.319 61.244 61.174
73.056 76.673 76.511 75.524 72.452 68.682 67.036 66.332 66.227 66.152 66.252 68.423 68.39 67.499 65.754 65.864 65.74 66.379 66.392 65.484 65.287 65.118 65.081 64.819 67.109 65.672 69.138 70.381 70.897 71.259 70.365 70.691 65.038 64.558 64.244 64.124 64.294 65.508 65.709 63.726 64.036 63.686 62.854 63.3 64.672 69.078 68.557 66.687 62.603 62.252 62.193 62.122 62.001 62.004 61.938 62.034 61.971 62.004 62.095 62.022 61.851 61.635 63.098 67.326 67.934 67.054 63.5 61.534 62.371 61.39 61.269 61.18
70.067 75.8 76.088 75.398 71.526 68.738 68.103 66.395 66.301 66.211 66.248 67.993 68.403 68.345 66.012 65.708 65.749 65.653 65.656 65.514 66.298 65.322 65.313 65.432 65.328 64.492 69.506 71.08 71.542 70.507 70.276 70.836 68.218 65.043 64.327 64.176 63.989 64.435 64.659 65.078 64.23 64.103 64.321 62.865 62.491 67.355 68.954 68.376 67.068 62.408 62.217 62.903 62.19 62.008 65.186 66.869 62.465 61.944 61.955 61.859 62.758 62.76 61.604 66.977 68.434 67.587 66.887 64.54 61.756 61.569 61.256 61.198
70.978 73.882 75.539 75.484 73.976 69.619 68.721 66.465 66.33 66.246 66.238 68.119 66.885 66.568 65.785 65.744 65.776 65.838 65.85 65.506 65.299 65.234 65.005 64.879 64.731 64.611 64.431 66.709 70.236 70.552 71.019 71.525 71.001 66.408 64.383 64.225 64.678 64.973 64.419 64.251 66.648 65.371 63.161 62.829 62.578 63.14 68.744 68.788 68.104 63.987 62.211 62.202 62.119 68.175 68.271 66.67 63.579 62.025 62.631 62.975 62.307 61.805 61.518 61.466 64.456 68.081 67.42 66.551 62.555 61.93 62.175 62.434
70.534 72.491 76.005 76.501 76.949 69.735 68.719 66.59 66.388 66.345 66.499 66.28 66.223 66.031 65.928 65.76 65.836 65.893 65.826 65.611 65.298 65.243 65.149 65.031 64.881 64.803 64.72 65.976 70.601 71.39 71.601 70.053 70.526 69.919 65.953 65.787 64.644 64.148 63.865 64.196 65.297 64.727 63.122 62.903 62.87 62.538 62.881 69.107 68.676 66.787 62.24 62.393 61.996 67.01 68.71 68.077 67.293 62.736 62.007 63.151 63.458 62.208 61.71 61.525 62.894 68.256 67.884 67.251 65.841 61.683 61.664 63.508
67.634 68.096 75.21 77.539 77.785 76.093 70.026 67.429 66.796 68.966 70.163 71.771 70.498 66.653 65.958 65.792 65.754 65.785 65.673 65.505 65.44 65.326 65.253 65.147 65.01 64.834 65.546 64.523 65.926 70.34 70.362 70.703 71.113 71.487 69.254 64.831 64.679 64.35 63.946 64.84 63.614 64.933 64.951 63.044 62.9 62.931 63.51 68.228 64.233 62.313 62.358 62.296 62.196 62.117 68.24 68.327 67.793 63.59 62.4 62.105 63.452 62.68 61.916 61.619 61.581 62.519 68.279 67.712 66.065 62.506 61.476 63.085
67.811 68.454 73.617 75.473 77.289 71.491 66.492 67.402 66.31 71.825 72.271 72.482 72.729 67.237 66.303 66.024 65.809 65.763 65.661 65.583 67.465 65.518 65.347 65.463 65.18 65.016 64.755 64.815 65.03 69.189 70.963 71.387 70.346 70.305 70.726 66.286 65.343 64.22 63.871 63.761 63.934 64.793 66.394 63.638 62.967 62.791 62.567 63.075 62.508 62.655 62.463 62.386 62.301 62.087 62.607 68.586 68.431 67.94 63.732 62.181 62.993 63.857 62.425 62.139 62.21 62.89 67.31 68.211 67.49 66.718 63.217 61.765
68.439 67.52 67.423 70.754 73.683 71.489 66.659 66.688 66.305 72.644 72.971 73.247 72.56 69.401 66.657 66.05 65.856 65.794 65.699 65.756 68.033 72.141 70.85 69.63 65.385 65.224 64.97 64.743 64.596 64.461 70.18 70.347 70.571 71.01 71.48 70.452 64.706 64.026 63.984 63.817 63.655 63.862 66.959 64.534 63.133 63.676 63.183 62.765 63.764 66.471 65.34 62.741 62.39 62.682 62.197 67.434 67.753 68.292 66.357 63.251 62.243 62.507 62.738 62.367 63.209 62.469 61.528 67.099 67.948 67.19 63.666 61.547
70.08 67.511 68.474 66.993 67.339 67.22 66.657 66.494 66.605 72.614 72.309 71.98 72.264 72.407 66.52 66.133 67.076 65.83 65.807 65.783 66.955 72.73 72.787 67.88 65.503 65.382 65.188 64.939 64.69 64.492 66.089 70.685 71.21 71.525 70.049 70.328 68.635 65.056 64.138 63.847 63.708 63.651 64.444 67.145 67.015 65.481 62.957 66.141 66.718 65.316 67.411 65.244 62.679 63.243 62.419 62.119 67.044 68.878 68.008 65.579 62.587 62.238 63.247 63.835 62.554 61.798 61.614 64.543 68.247 67.681 67.003 61.654
70.887 67.751 67.224 67.061 67.179 69.854 67.591 67.315 66.43 66.443 72.441 72.771 73.03 72.136 67.792 66.267 65.942 65.867 65.812 65.824 65.738 65.972 68.965 66.446 65.711 65.556 65.341 65.147 64.751 64.921 64.531 70.544 70.25 69.96 70.507 70.873 71.16 66.305 64.06 63.965 63.848 63.715 63.449 64.533 64.796 63.573 68.125 69.174 68.5 64.966 66.833 63.748 62.896 62.829 62.513 62.342 63.798 67.971 68.657 67.931 65.893 62.419 62.506 63.529 62.094 61.88 61.677 61.604 63.111 68.07 67.349 65.349
73.348 68.299 67.184 67.113 67.174 67.65 66.659 66.652 66.275 66.377 73.213 72.461 72.273 72.125 71.723 66.336 66.029 66.045 65.848 65.855 65.885 65.841 65.947 65.939 65.862 65.718 65.535 65.309 64.962 64.699 64.632 64.724 68.085 70.613 71.202 69.932 69.985 70.364 64.658 64.278 63.913 63.707 63.587 63.955 64.534 64.418 69.763 69.535 68.823 65.561 63.628 63.532 63.036 62.901 62.639 62.392 62.531 66.528 68.849 68.466 66.658 62.527 62.418 62.238 62.227 62.196 61.982 62.169 61.779 67.059 68.175 67.28
74.251 68.684 67.201 68.619 68.271 69.559 66.77 66.524 66.503 67.117 70.816 72.251 72.561 72.913 73.153 67.263 66.38 66.077 65.926 65.844 65.914 65.985 66.017 66.047 66.011 65.907 65.741 65.517 65.213 64.902 64.624 64.258 65.37 70.266 70.065 70.172 70.717 71.086 66.359 64.596 63.944 63.934 63.716 64.432 64.343 63.374 64.262 70.006 69.446 68.64 64.902 63.109 63.164 62.968 62.756 62.563 62.482 62.852 67.453 68.731 68.126 67.375 62.413 62.263 63.233 63.095 62.496 62.095 61.784 62.754 67.278 63.006
73.466 73.032 68.149 67.956 68.182 67.57 67.931 66.636 66.504 66.292 70.007 73.052 73.137 73.384 71.888 69.041 66.249 66.107 66.098 65.861 65.932 65.988 66.076 66.082 66.023 65.985 65.869 65.621 65.425 65.046 64.775 64.412 64.145 68.753 70.51 70.856 70.262 70.3 70.209 67.743 64.93 63.937 64.13 64.208 63.72 63.595 63.307 68.61 69.744 69.151 67.96 63.735 63.242 63.191 62.904 62.829 62.671 62.489 64.119 69.179 68.613 67.936 63.944 62.29 64.572 64.737 62.316 62.095 61.976 62.838 62.369 61.67
73.636 73.903 68.523 67.773 70.216 70.078 68.676 66.912 66.59 66.493 67.863 71.09 71.995 72.266 72.561 69.683 67.031 66.191 66.211 65.935 65.942 66.02 66.096 66.082 66.055 66.038 65.956 65.761 65.501 65.228 64.991 64.694 64.38 64.668 69.677 70.465 69.994 70.55 70.716 65.47 64.295 64.017 64.874 64.091 64.193 63.667 63.377 63.27 65.916 69.502 68.967 67.324 63.231 63.693 63.62 63.042 62.786 62.606 62.421 63.663 69.007 68.491 68.059 63.591 62.959 64.661 62.87 62.173 63.129 62.229 61.804 61.64
73.379 73.167 70.183 67.214 69.491 68.511 70.154 67.745 67.149 67.174 66.526 70.645 72.737 72.947 73.317 70.798 68.737 66.129 66.001 66.019 65.917 66.014 66.114 66.125 66.082 66.072 66.02 65.863 65.676 65.425 65.131 64.81 64.677 64.306 66.702 70.181 70.674 70.948 67.46 64.295 67.876 64.125 64.005 64.109 63.792 63.517 63.335 63.245 65.019 69.977 69.386 68.759 65.014 63.238 63.323 63.216 63.084 62.765 62.543 62.329 66.241 69.046 68.414 66.746 62.682 62.431 62.746 62.733 62.414 61.913 61.853 62.175
73.037 73.412 73.701 68.533 68.009 70.747 71.462 70.359 66.722 66.44 67.572 67.476 72.696 72.285 72.062 72.375 69.075 66.216 66.164 66.328 65.983 66.063 66.116 66.088 66.066 66.062 66.042 65.94 65.735 65.576 65.294 65.03 64.808 64.57 64.244 65.643 67.486 64.166 64.563 70.421 69.828 65.223 64.108 64.345 64.532 63.717 63.539 63.371 63.588 64.748 69.783 69.144 67.492 64.662 63.202 63.462 63.19 62.967 62.776 62.685 63.864 68.082 69.062 68.396 66.725 62.596 62.793 62.152 62.047 61.977 61.936 63.099
73.853 73.936 73.295 68.712 67.1 67.729 68.216 70.522 69.112 67.153 67.725 66.502 70.489 72.461 72.784 73.09 71.783 67.376 66.259 66.27 65.927 66.068 66.092 66.067 66.006 65.974 65.962 65.853 65.755 65.627 65.485 65.209 65.042 64.777 64.534 64.366 65.112 64.702 64.499 70.884 70.28 69.605 66.594 64.093 64.057 64.344 64.124 63.846 63.602 63.89 69.763 69.642 68.858 67.738 63.489 63.552 63.402 63.256 62.994 62.877 62.602 67.667 69.428 68.726 65.017 62.485 62.281 62.203 62.106 62.051 61.945 62.298
73.276 73.065 73.197 71.871 67.574 67.115 66.981 69.678 67.585 66.543 66.447 66.29 67.587 73.211 72.489 72.028 72.01 71.29 66.326 66.21 65.987 66.024 66.084 66.047 66.032 65.961 65.889 65.773 65.739 70.668 70.957 65.543 65.125 64.893 64.731 64.968 65.088 64.28 64.126 69.899 70.657 69.997 67.869 64.227 64.174 64.911 64.084 64.091 64.355 64.189 66.52 70.051 69.487 69.203 65.188 63.626 63.664 63.408 63.282 62.977 62.951 62.798 65.425 64.297 62.97 62.444 62.358 62.298 63.064 62.662 62.318 62.3
73.469 73.568 73.909 74.032 67.556 67.12 66.953 66.858 66.832 67.08 67.768 68.525 66.619 71.11 72.171 72.614 72.839 69.373 66.479 66.129 66.025 66.005 66.097 66.066 65.972 65.892 65.937 66.174 69.066 71.876 72.178 68.162 65.364 65.123 66.206 65.022 64.61 64.397 64.21 64.229 71.014 70.604 69.956 67.053 64.142 64.566 64.171 64.441 64.503 63.879 64.29 68.523 70.301 69.784 69.004 63.87 63.797 63.538 63.421 63.309 63.146 63.058 63.229 62.727 62.591 62.441 63.213 63.29 62.948 62.49 62.462 62.43
74.047 74.297 72.965 73.046 72.21 67.172 67.002 66.91 67.436 66.928 67.108 66.381 66.277 70.83 73.147 73.272 72.485 72.267 68.055 66.208 66.12 66.053 66.032 65.976 66.175 69.227 66.942 65.942 66.43 71.828 72.398 70.094 68.793 65.432 65.372 65.094 65.906 64.691 64.501 64.161 69.243 70.752 70.331 69.573 64.486 64.114 64.342 64.164 64.387 64.318 64.069 64.864 70.717 70.349 69.562 67.53 63.921 63.883 63.564 63.397 63.279 62.986 62.809 62.722 62.649 62.568 62.725 62.658 62.723 62.751 62.621 62.666
72.375 72.971 73.322 73.605 72.93 67.894 67.167 66.952 67.026 67.217 66.605 66.51 67.07 67.031 72.211 72.005 72.316 72.572 68.249 66.175 66.108 66.071 66.071 66.039 66.547 67.026 67.571 65.965 65.989 66.911 66.914 71.47 70.948 67.1 65.273 65.726 65.131 65.262 65.314 64.797 64.35 65.572 70.661 70.141 68.539 64.638 64.207 64.513 64.217 64.342 64.069 64.644 64.605 70.501 70.116 69.252 64.665 63.616 63.553 63.35 63.042 62.966 62.858 62.807 62.758 62.695 62.678 62.957 63.12 63.159 63.377 64.444
68.713 73.874 74.089 73.453 73.081 69.891 67.158 67.145 66.92 67.731 67.874 67.267 66.906 66.397 71.234 72.802 73.22 73.082 68.202 66.229 66.106 66.109 66.133 67.958 66.552 65.925 65.934 66.294 66.397 67.554 67.096 71.883 71.414 70.088 66.507 65.309 65.497 65.63 65.122 64.572 64.341 64.351 69.66 70.587 70.023 66.141 64.258 64.426 65.337 64.569 64.075 64.421 64.432 66.576 70.437 69.668 65.342 63.572 63.323 63.26 63.141 63.032 63.142 68.167 68.366 63.146 62.835 63.373 63.445 63.308 65.232 65.717
68.363 73.032 72.892 73.135 73.474 70.622 67.298 67.105 66.945 67.326 66.765 66.514 66.46 66.509 66.696 68.17 68.126 66.15 66.214 66.511 66.798 66.274 66.101 66.523 66.149 66.011 66.778 67.573 67.806 65.895 65.5 70.569 71.735 71.135 69.106 65.39 65.251 65.215 65.068 64.715 64.502 64.237 65.482 71.012 70.575 69.629 65.609 64.371 64.909 64.392 64.238 63.98 63.995 63.904 66.321 63.999 65.079 63.462 63.392 63.293 63.306 64.817 68.61 70.274 67.165 63.905 63.082 63.217 63.48 63.234 64.959 65.14
67.492 71.34 72.505 73.989 74.35 73.303 67.544 67.108 66.987 66.828 66.959 67.637 67.836 68.33 66.444 66.226 66.208 68.364 69.104 71.033 71.778 71.578 67.338 66.11 66.413 67.289 68.317 67.73 66.055 65.537 65.627 65.433 71.585 71.686 70.929 66.89 65.439 65.557 65.294 65.024 64.674 64.433 64.363 70.141 71.073 70.628 68.885 66.087 64.492 65.774 64.464 64.16 64.747 65.63 64.888 64.486 63.644 63.554 63.457 63.377 64.222 63.987 69.373 71.669 70.915 63.454 63.83 63.342 63.367 63.31 63.699 63.816
67.224 68.36 74.233 73.354 73.027 73.298 70.348 67.542 66.976 66.867 67.17 66.672 66.492 66.521 66.686 70.234 71 71.846 72.08 72.37 72.72 73.085 67.448 66.18 67.449 68.384 66.767 65.966 65.804 65.628 65.515 65.462 71.176 71.924 71.458 70.637 65.795 65.526 65.429 65.242 64.943 65.178 65.044 64.786 70.695 70.829 70.249 67.915 64.439 64.692 64.381 65.372 66.054 65.817 64.035 63.773 63.699 63.605 63.539 63.539 63.96 63.69 64.246 67.71 70.836 64.24 63.407 63.519 63.564 63.485 63.406 63.816
67.607 67.223 72.032 73.349 73.749 73.84 70.179 67.141 66.945 66.912 66.752 68.354 68.39 70.408 72.03 72.423 72.47 72.75 72.833 73.055 73.296 68.305 67.321 66.23 67.815 68.18 68.011 66.13 65.928 65.793 65.956 66.016 65.294 70.281 72.107 71.471 68.036 65.577 65.584 65.397 65.594 65.106 64.744 64.707 65.941 71.16 70.668 69.903 65.399 64.444 65.786 65.956 64.638 63.996 63.944 63.826 63.765 65.055 64.002 63.781 63.866 63.719 63.605 63.603 63.907 63.601 63.595 63.681 63.708 63.703 63.608 63.611
67.338 67.162 72.265 74.045 70.431 67.609 67.855 67.142 67.275 68.094 70.997 72.044 72.417 72.513 72.976 73.153 73.322 73.074 68.346 67.167 67.067 66.276 66.652 66.366 66.662 68.655 68.255 68.096 66.549 65.919 65.766 65.642 66.734 66.077 71.066 71.876 71.346 69.552 65.558 66.197 65.706 65.189 64.961 64.829 64.46 67.342 70.815 65.286 64.605 64.804 64.317 64.542 64.138 64.043 63.919 64.615 64.305 64.021 63.965 63.917 63.847 63.725 63.737 63.709 63.681 63.746 63.759 63.83 64.759 66.113 66.654 64.964
67.566 67.389 69.381 67.164 67.157 67.439 67.298 70.841 72.581 72.937 73.037 72.972 72.99 73.451 73.46 69.217 68.333 66.39 66.29 66.445 66.488 66.344 66.731 66.69 67.414 68.387 68.344 66.982 66.431 66.538 66.034 65.895 65.793 66.12 66.964 71.833 71.765 69.472 66.657 65.574 66.532 65.46 65.125 64.983 64.818 64.736 65.892 64.702 64.91 64.501 64.427 64.307 64.163 64.116 64.062 64.205 64.279 64.141 64.064 63.995 63.908 63.857 63.862 63.822 63.855 63.858 63.878 63.952 66.66 67.699 67.74 67.569
67.672 67.495 67.481 70.37 70.426 72.615 72.914 73.177 73.471 73.715 73.961 73.498 68.576 67.951 66.575 66.537 66.883 67.881 66.487 66.437 66.518 66.45 66.497 67.746 66.427 68.155 67.551 66.656 66.795 66.741 66.389 65.9 65.799 65.815 65.597 71.205 72.233 71.64 69.804 65.661 65.795 65.768 65.304 65.104 64.858 65.934 64.771 64.705 64.6 64.555 64.409 65.052 65.024 64.314 64.425 64.313 64.226 64.182 64.105 64.032 64.014 63.976 63.93 63.943 63.911 63.954 64.127 68.193 68.855 68.669 67.73 67.738
68.122 72.237 71.86 73.398 73.265 73.497 73.681 73.793 73.888 69.183 68.376 67.865 66.582 66.676 66.888 66.972 66.871 67.983 67.112 66.456 66.557 66.526 66.551 69.398 67.272 67.168 66.615 68.592 71.17 66.465 66.192 66.042 65.925 65.805 65.95 68.117 72.37 71.986 71.219 68.54 66.04 66.512 67.637 66.411 65.269 65.24 64.838 64.743 64.665 65.386 64.762 64.927 64.753 64.686 64.424 64.368 64.253 64.223 64.152 64.123 64.13 64.066 64.046 64.031 64.03 66.584 68.387 68.914 68.902 68.91 68.086 67.703
73.434 73.609 74.145 74.168 74.009 74.198 70.499 69.421 67.181 67.311 67.156 68.863 66.699 66.789 66.778 67.042 66.799 66.87 68.62 66.68 67.171 67.245 66.504 67.003 66.368 66.378 66.529 72.284 73.573 69.635 67.305 66.142 66.042 65.934 66.136 66.106 66.819 72.543 71.751 68.207 66.232 65.878 66.693 65.771 65.072 64.973 64.921 64.787 65.299 65.287 64.96 64.676 64.612 64.549 64.469 64.374 64.293 64.29 64.236 64.229 64.206 64.15 64.145 66.526 67.552 68.896 68.912 68.911 69.084 68.922 68.943 71.72
