dsm/se2731_DSM_2M.asc
ncols 500
nrows 500
xllcorner    427000
yllcorner    431000
cellsize     2
NODATA_value -9999
[rows 256 to 287 of 500, columns 72 to 143 of 500]
41.693 41.423 41.712 46.668 47.612 48.539 48.597 48.262 47.546 46.632 40.734 40.77 40.847 43.187 44.19 44.23 45.333 44.964 42.614 42.001 43.091 45.989 52.448 53.892 50.655 53.7 55.257 56.578 53.277 55.425 57.729 59.67 60.061 59.505 60.22 60.297 53.287 52.9 55.994 58.218 53.479 53.494 52.87 52.889 52.85 52.798 52.482 53.097 55.369 53.632 52.673 51.798 52.335 53.931 55.534 55.335 49.072 52.598 46.554 44.12 44.424 48.713 48.803 43.431 40.485 41.123 40.525 40.241 40.092 40.092 45.936 44.301
41.297 41.49 43.6 46.94 48.005 48.91 49.323 48.384 47.508 43.449 40.765 44.747 45.163 43.429 44.435 45.682 46.23 45.654 43.92 42.09 43.009 44.196 48.654 50.948 50.408 51.981 53.39 54.651 56.227 56.403 58.966 59.365 61.033 59.6 58.246 53.524 52.707 56.452 57.736 58.084 53.151 52.956 52.899 52.96 52.877 52.676 52.508 52.518 52.665 52.465 52.044 51.693 51.429 51.221 49.918 50.035 48.353 46.694 45.451 43.519 42.325 44.16 42.288 41.073 40.546 40.75 40.318 40.174 40.103 40.873 46.203 46.297
40.573 40.624 44.931 47.248 48.458 49.21 48.963 48.107 47.04 41.752 41.166 46.791 49.642 48.602 46.039 46.256 46.314 45.251 44.221 43.375 44.535 44.555 46.422 48.445 49.05 50.837 51.859 52.489 56.472 57.379 59.85 59.714 60.616 58.046 55.168 52.64 54.48 57.507 57.689 55.744 52.756 52.865 53.011 52.921 52.886 52.71 53.395 52.694 52.62 52.432 52.048 51.565 50.674 50.002 52.288 50.01 47.216 44.828 43.88 42.656 41.541 40.545 40.005 40.665 40.66 40.894 40.225 40.106 40.07 45.237 46.282 46.291
40.541 40.727 46.516 47.604 48.496 49.58 48.873 47.785 43.682 40.634 45.435 49.379 50.272 49.763 46.994 45.822 46.048 45.955 45.004 43.194 43.28 44.637 45.927 47.178 49.474 51.754 51.278 52.383 54.975 57.894 58.609 58.515 58.589 58.968 55.462 53.335 57.856 58.68 57.499 53.568 52.944 52.96 53.052 52.987 52.916 52.929 56.212 53.276 52.669 52.279 51.591 51.366 53.695 54.959 54.718 53.774 50.549 44.677 43.291 41.975 40.779 40.108 39.88 40.494 40.441 40.318 40.199 40.076 40.175 46.389 46.603 46.698
40.556 43.545 46.839 47.904 48.727 49.231 48.418 47.5 46.394 40.758 43.344 48.558 49.359 48.753 45.781 45.42 45.236 44.805 43.651 42.694 43.712 44.981 46.401 47.819 48.817 50.388 51.926 52.65 53.829 53.743 57.475 58.31 54.109 53.851 53.59 54.641 58.777 59.312 55.118 52.886 52.974 53.021 52.955 52.9 55.047 57.248 57.1 53.642 52.668 51.966 51.549 52.806 52.25 55.162 55.675 55.321 51.94 47.264 44.874 41.462 40.6 40.029 39.822 40.187 40.511 40.188 40.117 40.037 44.407 46.527 46.734 46.908
40.585 41.756 47.165 47.811 48.388 48.628 47.993 46.998 41.412 40.739 40.875 42.23 46.513 44.205 45.125 45.973 45.408 45.204 43.392 43.564 44.445 45.745 46.82 49.854 49.471 52.766 55.87 55.606 55.135 54.068 56.565 57.205 53.394 52.697 52.685 56.432 57.605 57.334 57.295 53.043 52.959 52.99 53.037 53.064 56.365 57.125 57.219 53.776 52.51 51.934 51.482 52.378 53.965 54.061 55.027 53.501 51.162 45.791 44.132 41.921 40.429 40.019 40.073 40.261 40.353 40.201 40.112 40.066 44.674 46.669 46.8 46.968
40.598 44.755 46.611 46.92 47.314 47.6 47.767 46.825 41.426 40.81 40.939 40.994 42.667 44.92 45.688 47.845 47.684 46.506 43.872 43.986 45.089 47.134 47.326 49.697 50.124 56.748 57.635 57.797 57.276 55.917 53.063 52.878 52.795 52.715 52.803 55.173 57.246 54.521 52.771 53.075 52.974 53.061 53.006 52.634 54.89 56.684 55.379 53.022 52.269 51.706 50.951 50.571 50.906 51.71 52.231 51.327 47.624 45.675 44.731 41.708 40.173 40.144 40.173 40.081 40.123 40.173 40.113 40.392 46.442 46.733 46.91 47.129
40.651 41.146 42.056 42.558 46.178 46.629 46.832 46.446 40.808 40.833 40.965 41.077 43.994 45.514 45.929 47.685 48.214 46.657 44.246 44.647 45.958 47.303 49.771 52.729 51.074 57.107 57.533 57.254 57.082 55.376 53.816 54.354 53.217 52.86 56.681 56.828 57.974 52.802 52.891 53.007 52.985 53.015 52.859 55.078 57.008 57.018 53.982 52.737 52.327 51.832 50.835 49.523 48.339 49.63 49.135 45.924 45.021 42.863 45.174 44.435 40.467 40.552 40.182 40.019 40.207 40.104 40.086 44.634 46.585 46.848 46.995 47.159
44.8 46.364 45.21 42.747 41.018 41.828 42.249 42.225 40.687 44.822 41.025 42.399 44.574 45.491 46.117 46.322 45.279 46.071 45.864 45.56 47.855 47.652 49.999 51.633 54.95 54.676 55.555 55.88 56.881 56.498 56.301 53.547 53.226 55.953 55.837 58.425 55.609 52.857 53.072 53.01 53.096 53.086 52.701 55.42 57.45 56.718 53.463 52.711 51.958 51.404 50.444 48.574 47.369 46.615 47.247 43.372 43.146 41.258 41.125 41.726 40.511 40.594 40.073 40.102 40.236 40.096 43.344 46.518 46.695 46.862 47.012 47.259
46.079 47.328 47.45 47.35 45.841 46.558 42.241 40.622 44.719 46.806 45.903 44.348 45.151 45.716 46.314 45.977 45.425 45.48 44.962 45.783 48.478 48.304 50.266 50.81 55.515 55.477 55.613 56.8 58.478 57.474 55.532 52.826 55.169 56.149 58.679 58.299 57.828 53.064 53.12 53.107 53.037 53.026 52.699 55.655 56.546 56.152 52.65 52.317 51.786 50.869 49.614 48.116 46.805 45.197 43.954 42.676 41.734 40.765 40.349 40.709 40.422 40.214 40.044 40.211 40.178 40.071 44.011 46.568 46.77 46.982 47.162 47.293
46.835 47.907 48.465 48.152 47.876 47.342 46.636 40.738 40.988 48.022 50.477 46.952 45.055 45.465 45.879 45.559 45.281 44.993 45.557 46.35 49.079 49.625 50.058 54.865 55.715 54.215 54.549 56.935 59.137 58.507 55.223 52.898 55.426 57.735 59.173 59.762 53.534 53.228 53.097 53.152 53.07 52.845 52.691 54.854 55.221 54.886 52.832 52.31 51.689 50.415 49.201 47.904 46.453 44.967 43.618 42.563 41.456 40.457 40.638 40.444 40.168 40.121 40.214 40.248 40.134 40.174 45.795 46.606 46.823 47.035 47.207 47.432
47.083 48.024 49.1 48.969 48.344 47.248 42.408 40.625 46.349 45.203 44.647 46.248 45.152 44.034 44.775 43.301 45.495 45.415 47.228 47.27 48.784 49.496 50.646 53.122 53.859 54.447 55.27 58.742 58.835 58.89 53.942 52.847 57.05 57.656 58.496 55.793 53.144 53.178 53.102 53.107 53.19 52.761 53.332 54.798 54.916 55.419 56.429 52.702 51.32 50.092 48.443 47.269 46.159 44.713 43.109 42.611 40.914 40.347 40.271 41.151 40.245 40.227 40.321 40.211 40.069 44.625 46.542 46.734 46.919 47.14 47.254 47.437
47.346 48.526 49.255 49.112 47.823 46.939 41.293 40.669 42.237 43.695 44.655 44.805 44.874 44.842 45.021 43.566 44.373 47.055 48.111 49.336 50.409 50.336 51.163 52.337 52.884 55.847 56.029 55.361 55.492 54.286 53.133 52.937 56.53 57.937 58.49 54.349 53.18 53.148 53.18 53.122 53.062 53.103 56.135 57.198 57.85 58.359 58.151 59.544 55.303 49.508 48.195 46.598 45.78 43.958 43.123 42.08 40.629 39.924 40.203 40.082 40.174 40.225 40.186 40.093 40.165 46.313 46.647 46.827 46.994 47.164 47.411 47.509
47.736 48.78 49.45 48.569 47.576 43.772 40.643 40.762 40.894 43.771 45.34 44.836 45.067 44.778 43.406 43.847 45.585 47.858 48.916 49.312 50.632 50.893 51.942 55.316 58.242 56.819 54.163 53.119 53.331 52.99 52.917 53.01 57.769 57.978 57.873 53.17 53.223 53.187 53.194 53.218 52.823 52.911 55.427 57.33 58.286 58.677 57.593 58.787 57.994 49.327 47.735 46.31 45.559 44.052 42.716 41.858 40.723 39.79 39.819 39.979 40.006 40.21 40.151 40.049 43.318 46.269 46.695 46.921 47.09 47.261 47.44 47.606
48.162 49.123 49.375 48.31 47.427 43.451 40.691 40.773 42.335 45.118 45.508 44.533 44.454 44.194 45.165 45.315 48.293 49.182 49.311 48.992 50.168 51.347 53.097 56.78 60.697 56.641 53.93 53.097 52.974 52.891 52.962 54.095 55.98 57.238 54.288 53.136 53.268 53.12 53.191 53.154 52.795 52.914 55.717 55.417 54.787 53.831 57.964 57.159 52.353 48.589 47.165 46.064 45.042 43.807 42.785 41.646 40.06 39.888 40.029 39.932 40.173 40.194 40.099 40.017 44.521 46.585 46.813 46.969 47.15 47.277 47.481 47.698
48.271 48.923 48.975 48.111 46.986 42.199 40.686 40.81 44.181 44.774 44.521 43.954 43.63 43.44 43.746 47.099 48.543 49.838 49.262 49.421 51.375 51.831 55.619 58.476 58.768 57.541 54.545 53.565 52.982 53.008 53.095 55.069 55.841 55.858 53.23 53.193 53.13 53.229 53.181 52.906 53.36 55.97 56.686 57.103 58.868 58.774 58.045 53.908 49.849 48.18 47.031 45.765 44.648 43.956 42.83 41.201 40.204 39.814 39.947 40.064 40.26 40.17 40.082 40.195 46.395 46.658 46.863 47.062 47.259 47.411 47.582 47.755
47.546 47.946 48.165 47.694 43.709 40.617 40.719 43.03 44.763 45.242 44.7 44.115 42.362 43.755 45.232 46.322 48.352 49.396 49.278 52.406 51.747 52.481 56.08 56.805 57.155 57.814 55.336 53.528 53.028 56.494 57.8 57.022 56.259 53.453 53.178 53.234 53.137 53.242 53.279 52.875 52.855 54.81 57.055 57.963 58.466 57.644 57.011 51.148 49.335 47.727 46.705 45.089 44.279 43.521 42.602 41.336 40.954 39.931 39.927 40.193 40.234 40.105 40.012 41.411 46.482 46.775 46.91 47.135 47.282 47.49 47.646 47.839
46.172 46.981 47.173 47.228 46.561 40.727 40.756 43.268 44.184 45.962 46.938 45.47 43.481 44.322 45.444 47.883 49.132 48.983 49.641 51.002 52.108 52.746 55.061 56.644 56.438 55.263 55.943 53.674 54.874 54.492 57.283 57.731 57.029 53.215 53.257 53.244 53.301 53.224 53.078 52.8 52.88 53.124 53.781 56.226 56.688 55.783 52.223 49.849 48.712 47.244 45.898 44.733 43.712 42.765 42.237 41.105 40.153 40.121 39.95 40.256 40.169 40.09 40.115 46.391 46.66 46.874 47.01 47.197 47.374 47.592 47.761 47.92
41.951 42.174 42.3 45.312 41.307 40.699 42.581 44.466 44.549 47.181 47.42 46.159 44.043 44.669 45.817 48.168 49.016 50.892 50.882 51.649 52.664 52.866 53.226 53.643 53.681 53.752 53.059 53.151 56.766 56.501 57.434 56.669 55.738 53.28 53.272 53.23 53.336 53.324 52.944 52.869 53.085 53.264 52.99 53.353 52.188 52.422 51.12 49.516 48.008 46.733 45.425 44.356 43.295 42.612 41.818 41.32 40.237 39.98 40.153 40.265 40.14 40.047 42.066 46.472 46.691 46.867 47.119 47.316 47.457 47.615 47.831 47.817
41.078 40.765 40.651 40.774 43.062 43.486 44.402 45.311 45.02 45.12 46.439 46.65 45.924 45.426 46.485 47.368 48.775 52.131 52.793 52.279 52.8 53.048 53.195 53.338 53.257 53.175 53.094 55.049 55.312 56.461 56.432 57.505 53.703 53.306 53.346 53.279 53.31 53.186 52.89 52.984 53.218 53.403 53.035 52.576 51.926 51.238 50.14 48.847 47.47 46.285 44.842 43.792 42.851 42.38 41.483 40.688 40.041 39.965 40.26 40.196 40.11 40.041 44.663 46.604 46.82 46.934 47.158 47.336 47.534 47.732 47.865 47.712
41.171 41.208 40.814 42.183 44.542 44.931 45.449 44.506 43.425 43.208 45.87 47.149 46.667 45.978 46.965 50.624 51.191 51.913 52.061 52.43 54.521 53.387 53.314 53.33 53.225 53.106 53.148 56.294 56.571 57.21 56.648 57.043 53.624 53.37 53.296 53.33 53.354 53.112 53.001 52.995 53.331 53.379 53.25 52.509 51.929 50.884 49.905 48.293 46.967 45.901 44.463 43.384 42.603 42.057 41.508 40.656 40.093 40.15 40.307 40.178 40.072 42.095 46.444 46.701 46.86 47.075 47.232 47.429 47.615 47.803 47.805 47.705
42.124 41.896 41.848 41.963 43.97 44.346 44.311 42.851 42.47 42.687 43.765 44.537 46.496 48.122 48.004 49.454 51.211 52.778 52.14 54.436 55.754 55.075 55.273 53.369 53.199 53.109 55.341 56.888 57.095 56.06 54.492 53.54 53.284 53.388 53.272 53.397 53.345 53.108 53.109 53.117 53.468 53.3 52.717 52.334 51.629 50.521 49.195 48.047 46.751 45.517 44.239 43.573 42.354 42.009 41.016 40.314 40.087 40.273 40.231 40.126 40.045 44.496 46.546 46.782 46.933 47.16 47.332 47.516 47.659 47.858 47.736 47.602
42.51 42.673 42.461 41.625 41.88 41.724 41.734 42.123 42.623 43.232 44.544 46.498 45.949 47.247 50.23 49.851 50.498 51.891 52.678 53.449 54.808 55.289 56.538 53.831 53.164 55.588 57.239 57.206 57.453 57.312 54.2 53.283 53.247 53.331 53.305 53.357 53.311 53.049 53.069 53.158 53.392 53.094 52.743 52.268 51.189 50.009 48.735 47.436 46.161 45.198 45.005 44.588 42.528 41.931 40.855 40.156 40.407 40.341 40.199 40.118 40.078 45.718 46.669 46.835 47.023 47.215 47.396 47.585 47.771 47.849 47.727 47.518
43.113 42.956 42.237 41.381 41.375 42.387 42.55 42.793 43.007 45.149 46.715 48.904 47.821 48.53 48.794 49.941 52.764 53.279 52.922 53.207 53.333 54.022 54.254 53.171 53.14 53.251 55.831 56.38 57.686 56.707 53.8 53.238 53.342 53.366 53.442 53.381 53.211 53.13 53.124 53.347 53.63 55.127 52.816 52.012 50.891 49.266 47.867 46.705 45.73 44.403 44.397 46.618 42.76 41.507 40.625 40.408 40.402 40.295 40.152 40.037 43.413 46.527 46.737 46.938 47.16 47.296 47.484 47.641 47.858 47.854 47.624 47.478
43.456 42.967 42.211 41.626 42.456 43.009 43.106 43.125 43.187 46.006 46.337 46.193 48.052 48.325 51.198 52.96 54.072 53.619 53.024 53.296 53.396 53.418 53.293 53.152 53.188 53.28 53.314 54.934 57.971 55.146 53.197 53.333 53.362 53.326 53.442 53.339 53.168 53.171 53.182 53.29 53.637 53.981 52.676 51.473 50.1 48.495 47.892 46.214 45.267 44.569 43.093 42.677 41.792 41.014 40.513 40.179 40.376 40.232 40.12 40.096 44.968 46.642 46.839 47.022 47.155 47.362 47.539 47.731 47.896 47.764 47.528 47.382
43.672 43.472 42.779 42.796 43.594 43.667 43.822 43.828 43.971 46.348 45.805 47.183 47.328 52.208 53.91 52.27 54.028 53.645 53.234 53.33 53.508 53.38 53.231 53.187 53.251 53.352 53.356 53.701 53.939 53.561 53.252 53.316 53.456 53.481 53.438 53.244 53.21 53.171 53.7 53.375 53.135 53.004 52.109 51.198 49.529 48.207 46.877 45.551 44.486 43.54 42.79 41.951 41.297 40.527 40.397 40.331 40.306 40.17 40.072 43.353 46.534 46.718 46.881 47.087 47.229 47.432 47.647 47.778 47.833 47.643 47.455 47.301
43.83 43.763 43.616 43.876 43.876 44.261 44.153 44.559 45.958 47.747 46.719 46.668 48.197 52.493 54.512 52.324 54.662 53.19 53.333 53.436 53.562 53.388 53.271 53.259 53.358 53.401 53.437 53.508 53.455 53.262 53.231 53.452 53.447 53.506 53.536 53.198 53.242 53.239 54.093 53.586 53.204 52.904 51.824 50.204 49.105 47.845 46.47 45.238 44.059 42.732 42.025 41.458 40.856 40.382 40.231 40.385 40.277 40.144 40.098 43.551 46.583 46.837 47.004 47.178 47.333 47.524 47.71 47.871 47.775 47.559 47.431 47.211
44.117 44.14 44.359 44.197 44.399 44.574 45.163 45.18 44.924 46.912 46.705 47.086 48.14 52.86 53.413 53.784 53.346 53.016 53.339 53.438 53.558 53.301 55.593 55.903 54.014 53.448 53.462 53.663 53.595 53.338 53.36 53.429 53.408 53.528 53.421 53.179 53.305 53.848 53.738 53.491 53.183 52.516 51.587 50.078 48.599 46.945 45.715 44.54 45.548 42.902 41.257 41.189 40.799 40.431 40.634 40.399 40.218 40.15 40.183 46.359 46.695 46.834 47.057 47.208 47.397 47.591 47.776 47.835 47.694 47.436 47.338 47.122
44.706 45.232 45.152 45.179 44.884 45.336 45.6 45.798 45.033 45.01 46.875 47.339 48.22 49.79 51.524 53.835 52.831 53.157 53.43 53.559 53.462 53.351 56.41 56.567 54.524 53.49 53.599 53.714 53.56 53.323 53.59 53.561 53.591 53.495 53.395 53.318 55.63 56.492 53.727 53.287 53.061 52.71 53.04 51.836 49.554 46.335 45.089 45.41 45.043 42.868 40.892 40.76 40.287 40.457 40.394 40.338 40.199 40.1 40.286 46.515 46.813 46.928 47.115 47.275 47.465 47.664 47.882 47.772 47.605 47.455 47.228 47.056
44.718 44.902 44.922 45.079 44.876 45.2 45.579 47.729 45.047 45.213 47.196 48.402 50.72 51.943 51.489 52.485 53.026 53.595 53.57 53.64 53.495 55.621 57.848 58.255 54.817 53.469 53.505 53.476 53.401 53.412 53.566 53.486 53.509 53.521 53.36 53.449 53.708 53.985 53.237 53.924 54.086 53.806 52.793 51.663 50.443 46.452 44.394 43.869 42.633 41.76 40.374 40.81 40.557 40.443 40.451 40.292 40.155 40.198 45.702 46.611 46.848 47.024 47.19 47.426 47.533 47.748 47.876 47.678 47.522 47.356 47.168 47.032
45.215 45.311 45.822 45.747 44.972 45.485 45.309 45.624 45.001 47.139 46.478 48.835 49.6 51.428 52.281 52.602 53.319 53.465 53.642 53.548 53.47 57.654 58.858 56.287 53.426 53.457 53.352 53.261 53.243 53.53 53.486 53.647 53.586 53.447 53.386 53.518 53.483 54.15 54.892 55.112 54.562 53.71 52.218 51.15 49.319 47.747 44.38 42.902 41.562 40.602 40.456 40.556 40.9 40.547 40.547 40.381 40.174 40.314 45.852 46.738 46.927 47.096 47.279 47.495 47.641 47.816 47.829 47.617 47.474 47.273 47.128 46.906
46.007 45.028 45.078 45.006 44.391 43.911 44.086 44.503 45.051 45.477 46.456 47.786 49.116 50.742 51.907 52.77 53.261 53.51 53.793 53.691 53.558 55.544 57.224 56.209 53.515 53.457 53.415 53.3 53.354 53.655 53.577 53.627 53.563 53.429 53.381 54.067 54.147 55.199 55.258 55.09 54.426 53.7 52.544 50.29 49.128 47.36 45.971 44.691 43.119 40.754 40.808 40.792 43.035 42.045 40.783 40.422 40.242 40.211 40.976 46.659 47.046 47.182 47.38 47.537 47.722 47.881 47.749 47.544 47.378 47.189 46.973 46.855
