dsm/se2732_DSM_2M.asc
ncols 500
nrows 500
xllcorner    427000
yllcorner    432000
cellsize     2
NODATA_value -9999
[rows 448 to 479 of 500, columns 360 to 431 of 500]
55.46 55.482 51.612 48.195 48.165 48.107 48.475 47.628 47.573 47.562 47.572 47.532 47.741 49.287 50.013 50.136 50.072 49.939 49.931 49.755 48.06 52.934 59.582 61.301 59.077 59.165 57.938 56.078 56.224 52.819 52.372 52.342 52.379 52.311 52.293 52.253 52.22 52.223 52.261 51.585 51.428 51.409 54.171 55.989 57.025 57.9 58.675 57.874 56.829 55.851 52.358 52.175 53 52.095 51.48 51.487 51.494 51.491 51.533 51.506 51.524 51.496 51.531 51.518 51.478 51.481 51.458 53.168 53.64 53.653 53.601 53.59
55.048 55.005 52.662 50.455 48.067 47.976 47.639 47.603 47.582 47.567 47.568 48.201 50.25 50.066 50.086 50.116 50.124 49.467 50.109 47.906 47.642 48.409 56.593 60.199 54.155 57.581 56.553 53.221 52.427 52.353 52.388 52.378 52.399 52.345 52.249 52.186 52.391 52.748 51.612 51.453 51.386 51.4 51.352 52.579 56.049 57.026 58.076 58.665 57.713 56.759 55.782 52.472 51.556 52.879 51.631 51.431 51.459 51.466 51.506 51.487 51.483 51.483 51.73 53.093 52.812 51.53 52.384 52.94 53.606 53.578 53.762 53.607
51.184 49.937 54.649 53.097 52.009 47.853 47.644 47.611 47.583 47.641 48.943 50.294 50.283 50.308 50.175 48.826 50.119 48.235 47.676 47.717 51.296 50.992 58.051 61.033 56.279 55.351 53.812 52.441 52.399 52.407 52.422 52.382 52.366 52.276 52.268 52.387 51.907 51.524 51.462 51.408 51.377 51.335 51.372 51.441 55.122 56.346 57.301 58.035 58.43 57.554 56.739 55.774 51.695 52.756 51.522 51.429 51.431 51.44 51.487 51.459 51.455 51.434 53.028 54.209 52.451 51.793 51.597 51.976 53.432 53.685 53.537 50.514
50.544 50.536 51.379 51.884 50.413 48.935 47.784 47.6 47.68 49.796 50.145 50.085 50.33 48.805 47.954 47.717 48.327 51.429 48.338 55.196 52.687 53.942 55.47 57.123 57.939 53.145 52.439 52.412 52.42 52.481 52.435 52.381 52.312 52.354 52.45 52.515 51.571 51.522 51.444 51.398 51.353 51.381 51.402 51.382 51.439 55.48 56.514 57.222 58.157 58.053 57.363 56.491 53.485 51.405 51.348 51.403 51.42 51.463 51.476 51.401 51.376 51.281 51.311 53.891 54.341 51.512 52.304 51.733 52.698 53.463 52.444 51.239
48.358 50.083 50.56 48.308 54.484 48.521 48.411 47.718 49.422 50.148 50.126 50.078 48.942 48.203 47.756 47.935 52.223 49.974 51.926 55.358 54.802 54.299 56.419 56.775 53.663 53.749 52.386 52.442 52.476 52.444 52.36 52.316 52.397 52.433 52.197 51.688 51.544 51.515 51.428 51.442 51.416 51.391 51.382 51.355 51.352 53.807 55.674 56.578 57.428 58.501 58.16 57.204 56.325 52.863 51.379 51.38 51.405 51.48 51.405 51.315 51.223 51.2 51.219 51.425 52.271 51.635 52.243 52.094 51.486 52.346 52.149 52.915
47.747 48.565 50.492 47.677 50.978 52.816 52.188 48.475 50.198 50.227 50.255 48.846 48.183 47.793 52.546 54.983 57.428 56.073 57.203 59.187 56.974 54.721 53.63 52.913 52.507 52.482 52.479 52.491 52.48 52.381 52.363 52.438 52.524 52.113 51.655 51.63 51.524 51.468 51.471 51.402 51.399 51.38 51.336 51.441 57.065 57.749 55.073 55.886 56.826 57.626 58.294 57.923 56.883 56.095 54.271 51.544 51.41 51.429 51.321 51.198 51.145 51.18 51.076 50.943 51.39 51.439 52.269 51.207 50.578 52.831 52.934 51.334
47.826 47.745 47.99 47.743 47.703 47.841 53.04 49.675 48.452 50.2 48.729 47.814 47.836 47.954 50.639 55.761 55.688 57.935 57.913 56.223 55.361 53.035 52.562 52.446 52.533 52.495 52.493 52.481 52.446 52.398 52.532 52.498 52.026 51.766 51.616 51.553 51.479 51.466 51.392 51.379 51.377 51.333 51.569 57.024 57.765 57.77 57.747 54.987 56.013 57.078 57.791 58.475 57.87 56.89 55.829 52.636 51.447 51.397 51.417 51.613 51.148 50.98 50.811 50.708 50.682 51.18 52.731 52.357 52.616 52.551 50.611 50.04
50.54 48.311 47.736 47.752 47.743 47.843 48.232 52.587 48.774 48.283 48.217 47.879 47.889 50.025 53.229 56.78 57.589 57.273 57.44 56.202 55.846 52.569 52.484 52.535 52.538 52.518 52.477 52.433 52.419 52.54 52.39 52.078 51.897 51.685 51.589 51.542 51.464 51.402 51.4 51.356 51.317 54.809 57.754 57.744 57.751 57.748 57.641 54.632 55.166 56.068 56.91 57.93 58.272 57.623 56.801 55.71 52.221 51.434 51.421 51.36 51.022 50.822 50.724 50.663 50.556 50.497 52.887 51.563 50.234 50.208 50.076 50.013
50.364 48.04 47.775 47.699 47.704 47.769 47.848 49.229 53.005 48.541 48.514 50.264 50.416 52.17 53.749 54.947 56.547 57.708 57.543 52.718 53.227 52.557 52.552 52.548 52.581 52.499 52.416 52.411 52.401 52.489 52.198 52.02 51.839 51.723 51.609 51.537 51.439 51.411 51.355 51.438 57.029 57.714 57.703 57.726 57.734 57.562 55.278 54.285 54.278 55.288 56.243 57.292 58.185 58.388 57.415 56.486 55.539 51.518 51.365 51.356 51.343 50.745 50.607 50.502 50.476 50.331 51.037 50.246 50.213 50.145 50.126 52.516
48.105 47.741 47.787 47.693 47.858 50.103 48.617 50.204 52.293 51.067 50.047 52.447 52.852 53.133 55.059 55.391 56.086 56.738 52.74 52.677 52.631 52.557 52.563 52.582 52.549 52.448 52.508 52.425 52.402 52.36 52.209 51.963 51.822 51.727 51.586 51.488 51.42 51.393 51.456 57.126 57.631 57.639 57.669 57.689 56.868 53.152 54.284 54.41 54.35 54.316 55.451 56.498 57.398 58.121 58.218 57.522 56.591 53.461 52.671 52.968 51.677 51.172 50.455 50.396 50.337 50.253 50.196 50.212 50.173 50.159 52.6 54.4
47.743 47.718 47.767 49.584 50.44 50.356 50.319 50.584 49.151 53.388 53.172 53.705 54.354 55.84 55.922 56.201 53.56 52.691 52.616 52.6 52.59 52.596 52.59 52.566 52.467 52.587 52.67 53.2 52.407 52.292 52.098 51.962 51.796 51.673 51.562 51.448 51.387 51.353 57.63 59.657 57.641 57.66 57.668 56.569 52.647 51.35 52.83 54.156 54.36 54.409 54.54 55.65 56.503 57.577 58.33 58.068 57.2 56.446 54.737 52.034 52.103 51.173 50.673 50.335 50.247 50.211 50.184 50.158 50.161 52.625 54.817 54.992
47.748 47.787 47.888 50.451 48.711 50.335 50.602 50.006 52.326 52.469 53.781 53.112 55.988 55.916 55.738 55.52 52.796 53.241 52.57 52.612 52.668 52.601 52.572 52.491 52.645 52.597 52.544 52.532 52.403 52.232 52.087 51.879 51.807 51.606 51.509 51.42 51.455 55.479 56.675 57.051 57.57 57.605 57.616 53.66 51.385 51.115 51.356 53.501 54.601 54.416 54.309 54.588 55.831 56.562 57.681 58.511 57.858 56.979 56.107 55.949 53.94 52.186 50.93 50.27 50.241 50.204 50.187 50.168 53.288 54.846 55.017 55.136
47.768 47.779 49.871 50.679 50.693 50.679 48.975 53.396 54.174 53.62 54.486 53.944 53.467 54.432 53.192 52.946 52.679 52.656 52.67 52.601 52.609 52.536 52.62 52.725 52.644 52.619 52.581 52.603 52.926 56.48 52.055 51.802 51.626 51.556 51.432 51.43 56.045 56.664 56.621 56.689 57.377 57.594 57.604 57.025 55.669 51.195 51.249 51.444 53.282 54.32 54.298 54.453 54.616 55.945 56.817 57.917 58.37 57.635 57.159 57.194 52.848 53.344 53.042 50.346 50.264 50.178 50.183 51.091 54.797 55.029 55.167 55.282
47.878 49.384 50.375 50.718 50.797 49.97 53.533 53.368 53.943 54.909 54.997 55.828 55.087 52.835 52.782 52.734 52.643 52.698 52.638 52.597 52.557 52.532 52.721 52.713 52.659 52.682 52.576 54.076 60.787 61.753 54.583 51.929 51.54 51.388 51.518 56.022 56.611 56.647 56.67 56.889 56.764 57.379 57.607 57.589 57.652 54.1 51.511 51.116 51.421 53.882 54.515 54.307 54.255 55.142 56.102 57.066 57.931 57.612 57.318 57.285 57.2 53.664 51.335 50.32 50.246 50.19 50.2 50.201 50.336 54.959 55.312 55.499
49.399 50.629 50.659 50.715 54.924 56.785 56.834 54.874 54.267 56.794 56.411 54.413 54.297 52.787 52.715 52.681 52.708 52.72 52.619 52.557 52.601 52.764 53.374 52.892 52.769 52.79 58.987 61.166 61.758 62.451 61.564 53.161 51.389 52.434 56.503 56.625 56.631 56.601 56.656 56.636 56.853 56.771 57.546 57.584 57.609 56.924 53.194 51.397 51.564 51.344 53.881 54.336 54.268 54.416 55.787 56.48 57.378 57.287 57.24 57.24 53.571 50.389 50.581 50.299 50.273 50.242 50.227 50.195 50.155 53.849 55.492 55.512
54.561 50.892 49.065 52.138 56.795 57.124 56.13 53.642 54.23 56.523 54.124 52.784 53.019 52.726 52.7 52.724 52.666 52.615 52.578 52.637 54.282 55.241 55.475 53.21 52.797 55.018 61.124 61.918 62.733 63.412 63.258 61.559 51.86 52.585 56.495 56.634 56.597 56.61 56.663 56.641 56.674 56.703 56.911 57.538 57.585 57.625 57.536 52.491 51.445 51.186 51.505 52.961 54.245 55.895 57.305 57.296 57.275 57.26 57.265 53.561 50.399 50.368 50.327 50.267 50.26 50.215 50.182 50.157 50.14 50.188 51.768 55.27
59.435 57.709 55.392 53.336 56.264 56.33 55.715 54.059 53.662 53.836 52.801 52.783 52.77 52.755 52.729 52.679 52.636 52.589 52.668 52.81 55.467 55.52 55.512 53.521 53.202 55.604 60.705 62.977 63.514 62.843 62.234 61.388 56.104 52.896 52.755 56.398 56.609 56.616 56.643 56.648 56.679 56.743 56.741 57.018 57.573 57.587 57.619 57.597 54.253 53.431 51.422 52.125 57.165 57.322 57.302 57.301 57.26 57.268 53.59 50.42 50.397 50.376 50.335 50.294 50.221 50.208 50.168 50.194 50.169 50.127 50.292 52.06
61.688 60.408 59.145 56.504 56.291 56.6 56.027 56.014 52.967 52.893 52.726 52.745 52.735 52.738 52.68 52.61 52.613 52.642 52.751 52.767 54.998 55.45 55.362 53.353 53.431 55.347 53.1 59.941 62.686 61.936 61.647 60.104 51.128 51.259 51.177 54.853 56.493 56.616 56.596 56.638 56.681 56.67 56.672 56.828 57.157 57.611 57.63 57.621 57.082 52.775 54.874 57.128 57.725 57.387 57.283 57.264 57.13 51.284 50.499 50.434 50.373 50.354 50.31 50.248 50.273 50.197 50.168 50.141 50.113 50.124 50.372 50.222
60.205 60.517 60.424 58.801 57.191 57.859 56.018 53.517 52.782 52.727 52.77 52.777 52.778 52.695 52.648 52.61 52.682 53.096 52.784 52.801 52.81 53.18 53.718 55.88 62.542 57.223 57.858 52.301 54.911 60.956 54.69 51.014 51.453 51.309 51.158 51.13 54.897 56.613 56.636 56.58 56.607 56.634 56.677 56.83 56.868 57.398 57.595 57.617 57.657 56.963 57.698 57.705 57.714 57.739 57.267 57.11 51.299 50.499 50.496 50.41 50.364 50.345 50.293 50.255 50.235 50.209 50.15 50.124 50.069 50.109 50.085 50.094
60.745 60.467 59.639 58.284 57.937 55.023 53.214 52.714 52.726 52.735 52.8 52.713 52.694 52.644 52.672 52.713 52.781 53.242 53.459 52.845 53.037 52.697 59.624 59.045 64.181 58.303 56.975 58.633 52.238 52.032 51.855 51.563 51.405 51.339 51.205 51.125 51.999 54.572 56.546 56.625 56.622 56.663 56.667 56.754 56.741 56.708 57.487 57.596 57.613 57.611 57.651 57.656 57.694 57.703 57.565 52.503 50.54 50.438 50.409 50.373 50.307 50.295 50.28 50.238 50.226 50.241 50.214 50.128 50.077 50.078 50.085 50.082
56.859 58.468 60.701 59.398 57.127 53.346 52.695 52.751 52.774 52.787 52.769 52.684 52.628 53.414 53.108 52.88 54.819 53.53 52.784 52.778 52.892 53.087 58.613 63.457 67.888 68.029 61.105 53.838 52.88 51.677 51.634 51.526 51.387 51.284 51.179 51.112 51.133 53.346 56.511 56.659 56.638 56.63 56.621 56.752 56.713 56.857 57.14 57.568 57.555 57.608 57.607 57.651 57.681 53.877 50.754 50.573 50.463 50.388 50.349 50.329 50.285 50.279 50.291 50.28 50.282 50.301 50.22 50.19 50.062 50.031 49.992 49.994
56.866 59.75 60.053 57.351 54.247 52.759 52.754 52.778 52.787 52.731 52.663 52.644 52.691 53.515 52.895 52.893 52.78 53.352 52.914 57.217 54.699 54.358 53.102 59.642 62.489 63.605 58.392 57.486 51.812 51.703 51.573 51.515 51.379 51.279 51.151 51.094 51.106 53.898 54.591 56.515 56.614 56.614 56.627 56.833 56.79 57.015 57.035 57.164 57.563 57.555 57.62 57.631 57.434 50.798 50.513 50.45 50.412 50.354 50.314 50.291 50.256 50.262 50.251 50.254 50.263 50.281 50.245 50.154 50.066 49.935 49.908 49.916
57.137 57.97 55.545 54.036 53.046 52.81 52.822 52.816 52.759 52.66 52.635 52.667 52.781 52.901 52.835 52.858 52.701 52.843 56.998 59.408 58.923 57.552 55.726 52.556 57.339 57.041 55.144 54.473 51.894 51.72 51.556 51.444 51.356 51.218 51.133 51.077 51.03 51.565 54.056 55.773 56.538 56.63 56.821 56.942 57.018 57.05 57.036 57.037 57.511 57.604 57.473 52.547 50.514 50.5 50.467 50.388 50.349 50.281 50.318 50.339 50.289 50.262 50.265 50.252 50.239 51.306 50.593 50.183 50.108 49.875 49.872 49.86
55.869 53.739 52.822 52.795 52.812 52.848 52.796 52.798 52.721 52.687 52.702 52.837 52.913 53.008 52.838 52.768 53.025 56.959 59.375 60.584 59.857 58.95 54.79 53.435 52.349 52.31 52.872 51.985 52.459 51.926 51.559 51.453 51.318 51.232 51.151 51.107 50.988 50.96 52.656 54.141 56.327 56.588 56.922 57.012 57.002 56.998 57.024 57.228 57.52 57.598 53.85 50.528 50.48 50.481 50.412 50.343 50.282 50.231 50.289 50.292 50.272 50.277 50.248 50.228 50.242 50.341 50.413 50.209 49.844 49.819 49.81 49.801
52.944 52.842 52.802 52.827 52.849 52.815 52.799 52.706 52.721 52.819 53.211 53.001 52.979 52.928 52.769 52.92 57.623 59.603 60.513 60.715 59.826 58.783 55.763 52.774 52.408 52.255 52.357 52.274 51.958 51.821 52.165 51.448 51.252 51.195 51.149 51.099 51.037 50.968 50.923 54.811 56.538 56.635 57.086 57.074 57.063 56.933 53.053 52.726 52.602 52.477 50.494 50.457 50.423 50.414 50.409 50.312 50.239 50.215 50.23 50.248 50.245 50.268 50.284 50.483 50.393 51.53 50.354 51.74 49.879 49.761 49.743 49.728
52.817 52.831 52.855 52.852 52.803 52.802 52.774 52.754 52.777 52.833 53.812 52.954 52.854 52.871 53.149 58.914 59.952 60.439 60.474 59.72 58.664 56.651 55.852 54.86 52.393 52.205 52.306 54.225 54.091 52.257 52.126 52.38 51.299 51.148 51.143 51.038 51.04 50.954 50.889 50.81 54.768 56.566 56.934 57.049 57.001 53.407 50.866 50.497 50.493 50.476 50.446 50.416 50.376 50.357 50.368 50.317 50.255 50.195 50.228 50.216 50.064 50.105 50.298 49.838 50.062 51.989 51.688 52.736 50.673 49.648 49.624 49.654
52.821 52.833 52.842 52.826 52.788 52.778 52.762 52.803 52.824 52.826 52.812 52.972 52.797 53.97 58.962 59.859 60.609 60.35 59.441 58.436 56.788 55.35 55.498 52.784 52.295 53.418 54.501 54.449 54.412 53.581 52.57 52.31 51.501 51.995 51.611 52.092 52.718 50.986 50.887 50.771 50.806 53.978 56.603 56.67 51.213 51.09 50.488 50.491 50.469 50.442 50.397 50.387 50.299 50.277 50.266 50.23 50.235 50.317 49.936 50.516 49.763 49.843 50.001 49.685 49.722 50.16 51.047 51.841 52.719 49.623 49.573 49.58
52.83 52.846 52.821 52.806 52.777 52.901 53.232 52.814 52.767 52.801 53.253 54.013 53.01 58.315 59.438 60.689 60.116 59.089 55.661 54.214 55.529 52.734 52.446 52.258 52.249 52.603 53.943 54.382 54.35 54.254 52.942 53.11 51.576 51.392 51.284 51.478 51.125 50.931 50.83 50.792 50.65 50.633 52.186 50.554 50.415 50.496 50.473 50.457 50.412 50.392 50.313 50.315 50.28 50.239 50.365 50.147 50.825 51.402 49.804 50.045 50.034 49.706 51.136 49.679 49.644 49.616 49.909 50.367 50.424 49.539 49.499 49.486
52.834 52.827 52.766 52.769 52.932 53.587 53.272 52.881 52.707 52.68 52.74 52.767 53.032 55.725 58.736 59.462 59.132 58.267 53.343 52.893 53.444 52.514 52.254 53.334 52.654 52.706 52.528 53.895 54.237 52.427 53.214 52.212 52.235 51.836 51.638 52.383 51.466 50.87 50.793 50.77 50.669 50.631 50.517 50.509 50.476 50.468 50.429 50.434 50.402 50.286 50.269 50.295 51.152 49.942 49.792 50.493 49.979 51.796 50.522 50.055 49.921 49.586 50.176 49.632 49.587 49.586 49.619 49.718 49.561 49.489 49.466 49.451
52.844 52.797 52.787 52.841 53.187 53.211 52.709 52.83 53.363 52.692 52.687 54.517 55.537 55.613 56.788 57.647 53.816 53.443 52.633 53.076 52.366 52.403 52.189 52.146 52.418 51.974 51.971 51.977 52.027 51.699 51.661 51.537 51.425 53.949 55.58 54.386 51.245 50.876 50.853 50.721 50.663 50.563 50.553 50.485 50.444 50.421 50.401 50.459 50.513 50.781 51.503 50.097 50.416 49.781 49.7 50.066 50.427 50.492 50.571 49.644 49.915 49.574 49.768 49.579 49.548 49.547 49.556 49.474 49.506 49.422 49.403 49.379
52.788 52.792 52.822 52.939 52.802 52.693 52.725 52.659 52.854 52.66 52.644 53.238 55.982 55.954 55.908 53.519 52.758 52.537 52.377 52.219 52.194 52.223 52.526 52.46 52.262 52.217 51.897 51.889 51.691 51.675 51.515 51.348 51.254 51.279 52.038 52.274 51.407 51.112 52.533 50.712 50.598 50.563 50.488 50.432 50.393 50.173 51.403 52.206 52.812 52.102 50.909 49.74 51.391 50.271 49.651 49.713 51.253 50.345 50.703 49.552 49.545 49.558 49.489 49.515 49.502 49.514 49.5 49.454 49.414 49.393 49.373 49.371
52.963 52.88 52.969 53.954 52.793 52.554 52.554 53.654 57.546 52.635 52.579 52.59 53.4 55.51 54.181 52.746 52.463 52.254 52.351 52.673 52.15 52.148 52.331 52.377 51.997 52.252 52.225 51.771 51.734 51.716 51.303 51.219 51.168 51.189 51.19 51.176 51.342 51.147 51.066 51.032 52.346 51.782 52.015 50.766 50.17 50.163 52.308 52.772 50.644 49.729 49.725 49.689 49.684 50.526 49.594 49.521 49.911 49.528 49.519 49.486 49.519 49.499 49.466 49.463 49.467 49.455 49.445 49.426 49.42 49.388 49.402 49.344
