dsm/se2732_DSM_2M.asc
ncols 500
nrows 500
xllcorner    427000
yllcorner    432000
cellsize     2
NODATA_value -9999
[rows 192 to 223 of 500, columns 288 to 359 of 500]
60.089 60.092 60.206 62.18 62.254 62.498 67.76 68.873 69.647 68.647 67.105 60.838 60.506 60 60.833 59.916 59.896 60.919 59.89 66.722 67.886 69.098 68.507 67.526 63.274 60.22 59.525 59.415 60.578 59.892 67.408 68.081 63.262 68.777 69.342 69.324 69.301 68.98 69.68 69.651 69.93 69.566 62.168 59.366 59.21 59.207 61.323 61.661 63.898 66.154 66.292 66.246 66.148 66.324 66.541 66.624 66.532 66.794 63.851 59.792 58.769 58.331 58.345 58.105 63.575 65.377 65.805 65.548 59.851 58.252 58.074 57.914
60.119 60.154 60.089 60.646 60.461 60.34 67.229 68.594 69.602 69.119 64.624 61.609 60.092 60.091 59.929 59.882 59.922 61.084 60.074 66.116 67.894 69.709 70.814 67.679 61.784 59.351 59.498 59.4 60.611 59.639 66.001 68.122 67.621 68.339 69.749 69.653 69.317 69.073 68.961 69.104 68.666 68.647 66.017 63.508 64.66 64.767 64.962 65.181 64.713 65.614 66.659 66.456 66.263 66.075 65.873 65.656 65.718 66.469 65.304 59.59 58.72 58.383 58.256 58.124 62.935 64.936 64.571 64.468 61.549 58.183 58.817 57.947
60.089 60.211 60.122 60.158 60.206 60.343 66.775 68.477 69.613 69.175 67.787 61.039 60.159 60.028 59.949 59.887 59.884 59.794 59.738 62.981 67.564 68.838 68.536 67.663 65.959 59.5 59.39 59.428 59.395 59.786 61.074 65.128 61.711 65.922 69.073 68.503 67.946 64.689 66.42 63.613 63.58 68.072 60.303 65.196 66.472 66.214 66.429 66.069 65.127 65.46 66.496 65.169 64.904 64.902 64.391 63.712 60.793 61.237 62.814 59.705 58.791 58.387 58.236 58.111 61.751 59.708 59.461 59.599 58.546 58.892 58.639 58.089
60.186 60.167 60.119 60.156 60.137 60.167 65.685 68.247 69.51 69.442 68.032 63.449 59.96 59.961 59.894 59.876 59.854 59.8 59.715 60.917 61.797 61.205 59.578 59.566 59.539 59.482 59.432 59.475 59.417 59.413 59.449 59.598 59.573 62.101 68.253 68.005 61.761 59.52 59.525 59.466 59.379 59.365 59.382 62.767 65.165 64.912 64.749 64.606 61.804 62.993 61.771 59.801 59.59 59.289 59.25 59.183 59.066 59.128 59.236 59.366 59.101 58.451 58.314 58.243 58.146 58.06 58.055 58.105 58.435 58.237 58.312 58.213
60.157 60.152 60.159 60.123 60.157 60.119 65.077 68.17 69.175 69.645 68.147 60.893 59.929 59.895 59.853 59.861 59.844 59.799 59.769 59.741 59.71 59.677 59.637 59.672 59.663 59.599 59.565 59.541 59.516 59.446 59.555 59.582 59.555 61.143 59.829 59.574 59.571 59.876 60.002 59.587 59.486 59.388 59.378 62.523 61.803 60.16 61.653 60.095 59.103 59.144 59.175 59.1 59.05 59.065 59.08 59.067 59.21 59.196 59.129 60.957 58.809 58.528 58.768 60.386 59.649 58.382 58.434 58.482 58.424 58.288 58.243 58.1
60.222 60.207 60.146 60.094 60.102 60.071 60.122 60.508 60.059 60.51 60.004 60.037 60.006 60.047 59.991 59.93 59.935 59.872 59.832 59.901 59.894 59.805 59.8 59.829 59.796 59.658 59.619 59.596 59.591 59.521 59.588 59.634 59.593 59.938 59.762 59.804 59.841 59.736 59.742 60.239 59.793 59.533 59.79 59.325 59.694 59.504 59.676 59.64 59.298 59.294 59.463 59.389 59.334 59.363 59.096 59.211 59.011 59.211 59.226 58.804 59.051 58.912 58.693 58.625 58.538 58.546 58.412 58.329 58.301 58.213 58.183 58.186
60.242 60.225 60.191 60.145 60.145 60.107 60.212 60.157 60.185 60.165 60.162 60.121 60.163 60.125 60.006 60.002 59.962 59.932 59.865 59.898 59.894 59.852 59.814 59.804 59.745 59.703 59.689 59.629 59.651 59.606 59.569 61.316 59.519 59.486 59.504 59.471 59.398 59.407 59.364 59.334 59.256 59.279 59.22 59.167 59.17 59.123 59.084 59.077 59.013 59.01 58.965 58.912 58.946 58.89 58.834 58.803 58.776 58.707 58.705 58.665 58.61 58.587 58.517 58.548 58.457 58.455 58.401 58.381 58.338 58.278 58.253 58.168
60.305 60.334 60.291 60.219 60.262 60.281 60.231 60.182 60.155 60.147 60.162 60.125 60.097 60.122 60.048 60.065 59.994 60.006 59.962 59.934 59.919 59.842 59.81 59.822 59.777 59.798 59.73 59.717 59.683 59.634 59.592 59.594 59.549 59.499 59.593 59.486 59.44 59.402 59.322 59.303 59.286 59.263 59.217 59.196 59.17 59.132 59.103 59.106 59.033 59.017 58.938 58.949 58.944 58.919 58.856 58.833 58.831 58.781 58.756 58.701 58.652 58.648 58.578 58.522 58.488 58.532 58.422 58.376 58.364 58.353 58.234 58.164
60.371 60.334 60.354 60.342 60.312 60.318 60.295 60.275 60.213 60.228 60.232 60.164 60.182 60.145 60.112 60.059 60.006 60.034 59.96 59.944 59.897 59.901 59.858 59.83 59.815 59.756 59.718 59.744 59.698 59.639 59.597 59.601 59.538 59.498 59.471 59.439 59.434 59.546 59.317 59.341 59.298 59.282 59.213 59.193 59.172 59.141 59.116 59.048 59.032 59.035 58.973 58.955 59.053 58.893 58.869 58.843 58.789 58.762 58.72 58.661 58.626 58.605 58.548 58.502 58.485 58.386 58.365 58.353 58.297 58.282 58.248 58.238
60.408 60.373 60.389 60.413 60.402 60.372 60.322 60.312 60.281 60.27 60.213 60.18 60.136 60.122 60.096 60.09 60.004 60.036 60.023 59.889 59.879 59.854 59.812 59.83 59.845 59.729 59.738 59.821 59.79 59.681 59.747 59.583 59.537 59.597 59.578 59.71 64.771 65.183 60.974 59.496 59.269 59.308 59.244 59.286 59.249 59.265 59.085 59.11 59.184 66.096 66.899 65.296 60.145 58.923 58.845 58.888 58.726 58.867 58.749 58.767 58.62 58.631 58.532 58.491 58.416 58.362 58.332 58.393 58.316 58.395 58.537 58.254
60.462 60.45 60.412 60.397 60.386 60.34 60.277 60.553 61.511 60.346 60.172 60.162 60.115 60.11 60.061 60.18 63.204 63.964 63.719 61.817 60.649 60.196 60.171 60.134 61.122 62.273 66.319 63.546 60.264 60.091 60.062 60.076 59.946 59.919 59.888 64.462 63.819 68.465 66.554 60.005 59.73 59.706 59.654 59.545 59.601 59.591 59.569 59.355 62.647 68.642 70.803 68.634 62.965 59.115 59.039 59.001 61.044 65.167 61.163 62.219 61.264 59.005 58.574 58.547 58.457 58.374 58.399 58.455 58.604 64.682 65.275 61.485
60.503 60.445 60.412 60.386 60.341 60.35 60.376 66.622 67.38 65.134 60.429 60.413 60.337 60.368 62.657 65.387 68.53 69.053 68.754 65.33 60.789 60.405 60.425 60.585 66.837 67.861 65.177 69.829 61.338 60.622 60.489 60.599 60.573 60.443 60.529 65.6 65.934 67.136 64.179 61.913 60.204 60.172 60.059 60.03 60.048 60.03 59.912 60.559 63.097 69.089 70.713 61.372 61.686 59.753 59.696 59.553 61.27 64.869 68.716 68.389 66.296 61.699 58.725 58.636 58.607 58.573 58.604 58.63 60.118 66.194 68.033 63.057
60.555 60.563 60.655 60.654 60.695 63.261 66.264 67.368 67.767 63.959 61.716 60.616 60.632 60.806 60.855 64.208 67.724 68.817 68.511 63.618 60.742 60.751 60.816 62.251 62.776 69.208 69.824 67.235 61.903 61.027 61.039 61.051 61.04 60.972 60.998 65.03 62.574 67.499 66.351 61.404 60.739 60.729 60.622 60.571 60.435 60.314 60.218 60.518 62.351 63.992 60.31 60.737 60.337 60.561 60.67 60.45 62.842 66.724 69.678 68.764 66.669 60.035 59.086 58.917 58.843 58.809 58.82 58.929 59.804 68.684 68.487 67.243
60.914 61.037 60.994 60.968 60.985 61.079 65.687 67.101 66.954 66.512 61.162 60.996 61.013 61.104 61.088 61.218 67.296 67.004 64.837 61.719 60.932 61.079 61.178 61.213 62.5 61.959 64.277 67.751 67.385 61.981 61.168 61.22 61.148 61.13 61.212 62.737 63.828 62.424 61.384 60.954 60.98 60.852 60.791 60.811 60.675 60.733 60.77 60.695 61.415 61.496 61.509 60.815 60.889 60.83 60.957 60.874 62.361 63.193 68.346 66.874 63.225 60.873 59.637 59.25 59.182 59.123 59.102 59.139 59.16 66.008 67.929 66.96
61.271 61.164 61.232 61.369 62.53 61.314 61.296 62.755 62.202 62.976 61.662 62.828 63.081 61.234 61.494 61.123 61.846 62.919 61.576 61.052 61.076 61.075 61.266 61.285 63.397 66.243 70.087 70.393 70.777 65.616 61.503 61.498 61.408 61.38 61.482 61.407 61.215 61.256 61.289 61.167 61.113 61.059 61.094 61.161 60.955 61.066 61.144 61.074 60.996 61.841 60.982 60.929 60.987 60.962 64.265 65.034 64.243 64.018 64.164 61.485 62.285 60.377 60.055 59.566 59.465 59.363 59.337 59.401 59.304 64.777 68.217 67.793
61.507 61.481 61.559 61.636 62.943 61.685 61.694 61.669 61.61 61.547 61.573 63.799 63.15 61.827 62.409 61.412 61.586 61.426 61.374 61.23 61.268 61.277 61.407 61.471 63.202 64.07 68.928 70.166 68.465 63.191 61.652 61.706 61.715 61.726 61.724 61.67 61.444 61.393 61.573 61.453 61.261 61.265 61.239 61.409 61.357 61.429 61.411 61.419 61.322 61.745 61.459 61.272 61.219 61.357 67.007 68.377 69.007 68.284 67.058 61.633 60.838 60.723 60.344 59.93 59.636 59.614 59.599 59.658 59.877 59.892 60.639 62.997
61.847 61.754 61.828 61.985 62.593 62.154 61.98 62.175 62.139 67.564 65.239 68.115 68.589 62.508 63.149 62.132 61.949 61.877 61.805 61.539 61.502 61.559 61.769 65.098 65.578 62.774 61.836 65.093 63.626 63.284 61.941 62.122 62.551 64.788 62.109 61.859 61.682 62.632 63.827 64.571 64.88 62.759 62.748 62.651 66.647 65.525 65.692 62.822 61.707 61.928 61.515 61.451 62.976 63.723 66.838 68.134 69.043 68.339 67.179 62.632 61.006 60.937 60.553 60.088 59.938 59.91 59.894 59.86 60.014 60.059 60.189 60.357
62.471 62.154 62.089 62.239 62.591 62.511 62.295 62.425 62.262 67.942 68.866 68.082 64.869 62.124 63.851 66.62 64.68 65.222 64.007 61.754 61.908 61.679 62.288 65.602 66.119 65.242 67.005 67.157 67.956 67.836 67.552 68.05 68.081 68.136 67.973 64.654 61.859 62.475 66.076 68.029 67.961 67.951 68.04 68.081 68.104 68.272 68.018 68.077 61.757 62.494 61.685 61.493 61.666 61.854 66.683 68.009 68.958 68.536 67.336 62.693 61.134 61.018 60.687 60.347 60.221 60.13 60.049 60.065 60.281 60.402 60.353 60.422
62.764 62.4 62.389 62.471 63.111 66.572 66.172 63.027 63.658 65.73 63.558 62.462 62.502 66.11 68.543 69.369 69.689 68.606 66.462 62.165 62.342 62.285 63.622 65.935 65.511 64.988 67.708 69.303 69.072 69.098 69.18 69.273 69.041 69.173 69.277 67.716 61.941 61.685 66.601 68.985 69.066 69.364 69.21 69.354 69.146 69.262 69.245 66.464 61.677 61.899 61.577 61.597 61.332 61.21 64.917 67.774 68.995 68.616 67.568 63.759 61.261 61.198 60.978 60.607 60.346 60.296 60.314 60.215 60.421 60.43 60.64 60.64
65.669 63.901 66.865 67.789 67.717 68.989 69.268 64.757 63.133 62.804 62.52 62.406 62.525 63.338 68.184 69.558 69.8 68.557 64.178 62.421 62.463 62.077 64.081 65.258 64.879 64.519 69.482 70.23 70.196 70.123 70.095 70.269 70.151 70.135 70.041 66.387 62.046 61.845 67.251 69.658 69.459 69.673 69.704 69.473 69.438 69.396 69.418 69.211 62.799 61.697 61.725 61.656 61.516 61.276 65.688 63.406 64.531 63.28 61.977 61.376 61.439 61.32 61.101 60.843 60.623 60.578 60.51 60.428 60.622 60.603 60.722 60.735
68.727 68.996 69.353 69.483 69.97 70.347 70.273 69.158 62.967 63.788 63.012 63.35 62.927 63.426 68.09 69.342 69.926 68.74 66.932 62.391 62.381 62.293 64.001 64.474 62.898 62.106 68.226 69.285 69.522 69.337 69.237 69.232 69.215 69.159 69.275 67.873 62.091 61.843 66.495 68.554 68.597 68.392 68.398 68.249 68.298 68.312 68.345 66.723 61.998 61.877 62.02 61.936 61.88 61.644 61.533 61.569 61.412 61.426 61.585 61.633 61.561 61.402 61.157 60.952 60.838 60.743 60.739 60.646 60.737 60.739 60.861 60.884
69.892 70.243 70.503 70.552 70.561 70.249 70.072 66.61 63.333 64.391 62.798 62.659 62.544 62.457 68.069 69.093 69.967 68.923 66.449 63.329 62.553 62.563 65.393 65.471 63.398 62.091 67.122 68.124 68.245 68.255 67.906 67.96 68.156 67.909 67.984 64.97 62.272 62.497 65.729 66.243 63.658 64.63 67.23 67.278 67.171 66.549 64.422 66.875 61.837 63.917 64.594 64.585 64.548 64.555 63.429 62.032 61.808 61.769 61.842 61.765 61.67 61.415 61.21 61.082 61.026 60.97 60.826 60.842 60.997 60.857 60.952 60.963
70.527 70.376 70.016 69.751 69.628 69.13 68.847 68.737 64.866 64.627 64.32 64.523 63.546 63.048 67.841 69.087 69.959 69.177 68.004 63.187 62.656 62.673 64.855 63.975 63.097 62.67 62.133 62.6 62.958 63.752 62.071 63.036 62.755 62.92 63.823 62.482 62.044 62.059 62.048 61.804 62.227 62.339 66.752 62.271 62.02 61.912 61.987 62.008 62.067 63.492 64.737 64.729 64.703 63.371 63.45 62.295 62.081 62.067 61.975 61.79 61.617 61.461 61.326 61.248 61.163 61.086 60.964 61.086 61.053 61.056 61.086 61.229
69.464 69.258 68.845 68.9 68.491 67.86 64.748 63.442 65.25 63.881 63.201 63.187 62.913 62.573 66.791 68.862 70.335 69.58 68.939 64.8 63.869 63.953 62.976 63.013 63.001 63.02 64.855 65.756 65.488 64.254 62.924 63.009 63.585 66.323 62.931 66.171 66.75 65.846 62.878 64.466 65.349 64.656 71.1 68.159 62.763 62.6 62.694 62.681 62.538 63.039 63.276 63.635 63.887 63.574 63.17 62.481 62.295 62.179 62.05 62.73 61.776 61.518 61.367 61.318 61.23 61.205 61.304 61.366 61.854 62.312 61.836 62.434
68.013 68.015 65.093 63.361 63.553 63.248 65.486 63.749 64.757 64.458 64.014 63.759 64.121 63.448 67.532 70.416 71.361 70.699 69.536 64.249 63.413 63.179 63.172 63.19 63.49 63.507 63.593 65.1 67.124 66.009 64.002 63.529 64.061 68.866 67.408 67.864 68.516 67.41 66.898 67.555 67.739 70.741 69.992 70.837 70.873 63.381 63.152 63.186 62.953 62.745 62.733 62.689 62.681 62.64 63.509 62.691 62.257 62.129 63.549 62.735 61.919 61.663 61.54 61.433 61.367 61.324 61.446 61.673 62.937 63.4 63.234 63.268
62.972 63.661 63.506 63.251 63.752 63.6 65.367 64.507 65.155 64.95 64.464 64.033 63.992 63.742 67.691 70.205 71.307 70.94 69.755 65.388 63.573 64.011 66.252 67.852 65.168 63.615 63.809 67.872 68.063 68.971 64.398 63.63 64.636 67.176 65.599 67.527 68.431 65.58 67.082 67.107 65.895 67.965 71.876 72.043 67.768 64.106 63.274 63.199 63.068 62.918 62.851 62.776 62.732 62.63 62.528 62.409 62.295 62.14 62.259 61.974 61.853 61.742 61.651 61.989 61.476 61.434 61.848 62.805 63.444 63.482 63.5 63.463
64.573 64.024 64.401 64.067 64.276 64.344 65.595 65.609 66.323 64.577 65.628 65.191 64.616 64.105 67.604 70.105 71.119 71.029 70.089 68.157 65.29 64.366 68.84 69.921 71.267 66.393 66.899 66.276 64.825 66.11 63.754 64.63 65.335 63.602 63.668 64.172 64.628 64.008 63.714 65.284 66.099 66.207 65.697 67.968 65.502 63.522 63.698 63.134 63.061 62.953 62.879 62.768 62.751 62.67 62.535 62.456 62.394 62.233 62.124 62.025 61.912 61.877 63.244 62.827 61.739 61.676 61.944 62.952 63.508 63.538 63.539 63.592
69.909 64.443 64.484 64.696 64.555 64.507 64.582 64.978 66.312 66.23 66.951 66.484 65.072 64.865 66.441 69.958 70.985 71.279 70.116 65.54 64.452 66.265 68.869 64.821 69.461 66.227 64.242 63.545 63.538 64.283 63.75 63.954 64.245 63.46 64.196 64.284 63.828 64.103 64.348 64.419 64.242 63.438 63.534 63.204 63.23 63.321 63.65 63.06 63.065 63.058 62.911 62.888 62.85 62.743 62.749 62.609 62.408 62.329 62.215 62.062 61.992 61.946 62.181 61.901 61.931 61.937 62.02 63.068 63.43 63.751 66.72 64.55
69.927 66.168 65.035 65.097 65.305 66.85 65.924 66.455 67.445 66.913 67.306 66.229 65.103 64.518 63.905 69.645 70.893 71.148 70.199 68.535 63.924 64.543 67.638 67.461 70.539 68.205 63.898 63.735 63.674 63.74 63.682 63.693 63.625 63.639 63.663 63.625 63.57 63.595 63.539 63.588 63.47 63.447 63.404 63.348 63.279 63.227 63.215 63.166 63.198 63.17 63.163 63.053 62.935 62.99 62.761 62.627 62.453 62.496 62.925 62.273 62.398 62.545 62.71 62.407 62.226 62.24 62.397 63.726 67.636 68.87 67.893 64.59
66.432 66.629 65.46 65.397 65.42 67.403 66.833 65.782 67.464 65.907 67.245 65.575 64.937 64.01 66.389 69.694 70.833 70.737 70.21 65.508 64.285 64.518 68.944 71.828 71.876 69.013 65.251 63.941 63.91 63.929 63.846 63.866 63.855 63.827 63.794 63.82 63.697 63.744 63.681 63.662 63.644 63.621 63.527 63.478 63.416 63.387 63.349 63.394 63.4 63.392 63.331 63.326 68.433 64.877 64.326 63.022 67.662 69.18 65.89 65.326 63.126 63.561 65.912 63.591 62.827 62.519 62.699 63.709 67.521 68.858 68.371 65.956
65.808 67.364 66.073 65.387 65.335 67.058 66.319 65.33 65.546 65.518 65.273 65.137 65.914 64.911 64.589 64.843 65.773 64.913 64.873 64.844 64.515 64.44 65.343 69.718 70.714 66.813 64.186 64.181 64.127 64.093 63.966 63.917 63.929 63.87 63.899 63.836 63.839 63.794 63.791 63.771 63.765 63.673 63.615 63.62 63.584 63.528 63.53 63.573 63.625 63.586 63.695 69.59 72.361 72.648 70.318 70.044 73.026 74.175 74.333 72.69 66.256 66.503 65.578 64.76 64.065 63.037 63.023 63.304 67.445 68.567 68.732 67.642
65.993 65.927 67.176 65.386 65.336 65.714 65.355 65.42 65.418 65.446 65.351 65.292 65.109 64.918 64.828 64.711 64.69 64.664 64.699 64.652 64.636 64.609 64.67 65.334 64.492 64.426 64.384 64.367 64.296 64.209 64.191 64.192 64.119 64.205 64.908 64.36 64.415 64.17 64.055 64.842 63.889 64.155 64.21 64.055 64.22 67.858 63.846 63.797 63.814 63.851 66.636 72.827 73.858 68.88 72.938 74.527 75.486 76.097 76.116 70.499 66.932 67.994 67.083 65.37 64.802 63.559 65.795 66.105 68.428 68.956 68.811 67.993
