dsm/se2732_DSM_2M.asc
ncols 500
nrows 500
xllcorner    427000
yllcorner    432000
cellsize     2
NODATA_value -9999
[rows 0 to 31 of 500, columns 72 to 143 of 500]
-9999 -9999 -9999 -9999 -9999 -9999 -9999 -9999 -9999 -9999 -9999 -9999 -9999 -9999 -9999 -9999 -9999 -9999 -9999 -9999 -9999 -9999 -9999 -9999 -9999 -9999 -9999 80.972 82.597 82.975 81.179 77.978 78.658 78.943 78.003 73.752 72.443 72.294 72.232 72.386 72.536 72.437 72.452 72.527 72.365 72.268 72.349 72.204 72.648 73.726 74.359 76.103 75.342 74.575 74.733 74.92 74.223 75.059 74.879 74.681 74.08 73.886 73.722 73.613 73.775 73.546 73.629 73.569 73.662 73.483 73.502 73.54
-9999 -9999 -9999 -9999 -9999 -9999 -9999 -9999 -9999 -9999 -9999 -9999 -9999 -9999 -9999 -9999 -9999 -9999 -9999 -9999 -9999 -9999 -9999 -9999 -9999 -9999 -9999 80.035 80.315 81.289 79.584 79.317 83.688 84.447 83.616 80.33 72.834 72.52 72.255 72.133 72.175 72.454 72.466 72.373 72.384 72.356 72.304 72.147 72.196 73.144 73.401 73.745 75.282 75.582 76.182 74.523 74.413 74.254 75.468 74.39 74.053 73.901 73.788 73.646 73.604 73.508 73.507 73.511 73.497 73.723 73.394 73.412
-9999 -9999 -9999 -9999 -9999 -9999 -9999 -9999 -9999 -9999 -9999 -9999 -9999 -9999 -9999 -9999 -9999 -9999 -9999 -9999 -9999 -9999 -9999 -9999 -9999 -9999 78.982 79.965 80.163 79.554 78.691 82.242 84.7 84.839 84.639 82.845 78.946 77.627 73.045 72.455 72.303 72.091 72.1 72.242 72.306 72.255 72.263 72.32 72.113 72.089 72.08 71.984 72.612 73.301 74.564 75.467 75.749 74.532 76.483 76.486 74.056 73.918 73.697 73.62 73.56 73.517 73.54 73.453 73.443 73.477 74.429 73.583
-9999 -9999 -9999 -9999 -9999 -9999 -9999 -9999 -9999 -9999 -9999 -9999 -9999 -9999 -9999 -9999 -9999 -9999 -9999 -9999 -9999 -9999 -9999 -9999 -9999 -9999 77.861 78.326 78.814 78.538 78.619 81.701 84.618 85.261 84.436 83.024 81.747 81.488 79.559 81.838 78.239 73.769 72.07 71.991 72.022 72.243 72.235 72.146 72.209 72.266 72.098 72.047 71.925 71.99 72.625 73.043 73.966 74.991 76.442 75.109 73.864 73.772 73.669 73.552 73.433 73.465 73.454 74.075 75.517 74.794 73.791 73.554
-9999 -9999 -9999 -9999 -9999 -9999 -9999 -9999 -9999 -9999 -9999 -9999 -9999 -9999 -9999 -9999 -9999 -9999 -9999 -9999 -9999 -9999 -9999 -9999 -9999 76.961 76.239 77.454 77.893 78.038 77.268 80.846 81.753 84.297 83.852 82.493 81.868 81.576 80.76 82.919 82.946 80.444 72.753 72.341 71.998 71.927 72.116 72.14 72.131 72.076 72.108 72.095 72.013 71.895 71.856 71.73 73.039 73.67 73.937 73.971 73.879 73.713 73.625 73.611 73.436 73.485 73.54 73.349 77.945 77.525 75.072 73.413
-9999 -9999 -9999 -9999 -9999 -9999 -9999 -9999 -9999 -9999 -9999 -9999 -9999 -9999 -9999 -9999 -9999 -9999 -9999 -9999 -9999 -9999 -9999 -9999 82.028 80.66 77.655 75.893 76.166 76.704 76.988 75.958 77.202 80.583 80.744 76.442 77.323 81.313 81.179 84.297 84.66 82.917 80.704 73.922 72.204 75.656 76.993 72.001 71.853 72.001 72.08 71.99 72.033 72.005 71.952 71.831 71.829 71.937 72.82 72.879 73.257 73.91 73.533 73.514 73.589 73.685 73.568 73.548 77.407 79.628 74.834 72.539
-9999 -9999 -9999 -9999 -9999 -9999 -9999 -9999 -9999 -9999 -9999 -9999 -9999 -9999 -9999 -9999 -9999 -9999 -9999 -9999 -9999 -9999 -9999 -9999 81.114 83.558 82.011 76.096 75.826 77.328 76.863 77.271 76.831 79.893 79.757 80.11 82.159 79.367 78.09 83.609 84.144 84.383 78.073 74.002 76.763 75.372 78.376 74.907 73.843 71.776 71.716 72.006 71.941 71.97 71.95 71.883 71.77 71.712 71.693 71.809 71.973 72.513 72.942 73.826 73.941 73.959 76.452 79.414 79.806 78.553 73.336 72.285
-9999 -9999 -9999 -9999 -9999 -9999 -9999 -9999 -9999 -9999 -9999 -9999 -9999 -9999 -9999 -9999 -9999 -9999 -9999 -9999 -9999 -9999 -9999 76.196 76.666 80.104 79.648 80.143 81.471 78.44 78.377 77.466 77.063 78.068 78.218 80.519 82.713 82.962 81.856 82.357 83.167 81.106 76.341 73.547 75.36 80.15 80.592 78.272 76.343 72.894 71.659 71.597 71.775 71.927 71.895 71.83 71.844 71.872 71.608 71.629 71.584 71.491 71.968 72.299 72.925 75.28 80.119 80.146 78.591 74.955 72.983 72.051
-9999 -9999 -9999 -9999 -9999 -9999 -9999 -9999 -9999 -9999 -9999 -9999 -9999 -9999 -9999 -9999 -9999 -9999 -9999 -9999 -9999 -9999 75.509 75.473 76.467 75.946 76.175 81.299 81.52 80.132 81.013 88.799 79.024 77.654 78.061 79.566 82.523 81.797 82.01 81.519 81.903 79.645 76.9 78.226 78.123 82.214 82.036 81.179 78.483 77.213 74.531 77.881 75.694 71.684 71.651 71.79 71.802 71.673 71.707 71.66 71.618 71.569 71.504 71.562 71.781 73.319 75.834 78.781 77.01 73.458 72.186 72.328
-9999 -9999 -9999 -9999 -9999 -9999 -9999 -9999 -9999 -9999 -9999 -9999 -9999 -9999 -9999 -9999 -9999 -9999 -9999 -9999 -9999 -9999 76.208 75.709 77.355 76.417 75.43 77.142 80.406 80.531 86.758 89.676 78.634 75.708 76.452 76.664 78.284 78.666 80.214 80.299 81.672 80.275 79.823 81.491 79.479 81.248 82.276 81.433 79.691 79.041 78.262 77.498 76.055 73.483 71.533 71.685 71.62 71.774 71.685 71.639 71.645 71.593 71.466 71.509 71.388 71.327 71.827 72.19 72.675 72.51 71.845 76.368
-9999 -9999 -9999 -9999 -9999 -9999 -9999 -9999 -9999 -9999 -9999 -9999 -9999 -9999 -9999 -9999 -9999 -9999 -9999 -9999 -9999 76.357 77.321 77.279 75.857 75.82 75.156 75.881 76.487 79.667 86.411 91.544 91.937 78.751 76.682 76.37 77.644 78.372 77.98 79.459 81.874 85.119 85.48 84.158 83.458 81.172 80.3 78.793 80.039 79.128 75.329 76.445 77.729 78.461 75.501 73.757 75.934 71.454 71.438 71.637 71.521 71.492 71.518 71.465 71.395 71.432 71.218 71.136 71.48 71.997 71.849 71.502
-9999 -9999 -9999 -9999 -9999 -9999 -9999 -9999 -9999 -9999 -9999 -9999 -9999 -9999 -9999 -9999 -9999 -9999 -9999 -9999 -9999 75.933 76.414 77.267 76.336 75.17 75.106 75.486 77.236 77.826 78.047 84.049 84.644 76.934 77.608 77.945 77.329 77.658 78.953 80.247 83.904 86.635 86.266 84.81 83.321 81.253 80.173 78.88 77.119 77.275 77.124 76.876 75.089 74.394 77.341 79.565 78.997 76.553 71.687 71.274 71.328 71.569 71.439 71.494 71.476 71.423 71.326 71.223 71.108 71.157 71.162 71.404
-9999 -9999 -9999 -9999 -9999 -9999 -9999 -9999 -9999 -9999 -9999 -9999 -9999 -9999 -9999 -9999 -9999 -9999 -9999 -9999 80.549 79.872 77.041 75.415 75.138 75.105 75.082 75.222 75.192 75.44 76.238 79.963 80.655 79.681 78.05 81.225 79.174 79.248 80.476 79.238 81.641 85.335 85.454 84.507 82.327 81.489 79.848 78.434 78.25 78.719 77.681 77.034 76.456 77.784 79.489 80.396 80.151 78.335 76.707 72.124 71.201 71.125 71.325 71.436 71.339 71.383 71.394 71.279 71.186 71.1 70.952 70.843
-9999 -9999 -9999 -9999 -9999 -9999 -9999 -9999 -9999 -9999 -9999 -9999 -9999 -9999 -9999 -9999 -9999 -9999 -9999 80.654 81.418 78.042 76.254 75.708 75.117 75.09 75.131 75.197 75.301 75.031 76.9 77.986 75.578 77.757 77.743 81.774 80.877 79.894 79.876 80.413 78.672 81.246 82.496 78.296 81.796 81.353 78.951 77.614 77.689 78.873 79.91 77.678 76.948 78.242 79.804 79.869 79.662 78.151 75.207 75.8 74.462 71.241 71.079 71.005 71.192 71.335 71.268 71.248 71.305 71.168 71.152 71.092
-9999 -9999 -9999 -9999 -9999 -9999 -9999 -9999 -9999 -9999 -9999 -9999 -9999 -9999 -9999 -9999 -9999 -9999 -9999 79.709 78.275 75.858 78.699 81.01 76.803 75.317 75.342 74.904 74.901 76.28 75.471 75.082 76.049 75.091 78.915 78.513 78.188 79.779 80.184 80.662 79.127 80.56 80.461 77.302 77.914 77.192 76.192 75.866 76.901 79.98 83.002 78.85 77.252 77.358 79.015 79.509 79.214 78.395 76.38 76.311 76.423 75.505 74.689 71.833 71.047 70.909 71.081 71.211 71.163 71.19 71.198 71.1
-9999 -9999 -9999 -9999 -9999 -9999 -9999 -9999 -9999 -9999 -9999 -9999 -9999 -9999 -9999 -9999 -9999 -9999 77.237 77.148 75.633 75.506 80.55 82.119 81.491 79.612 75.241 74.793 74.804 75.3 74.933 75.61 75.143 75.9 77.937 78.892 79.285 78.535 80.804 80.804 78.95 80.706 80.285 78.011 75.774 76.547 76.342 76.856 78.233 78.536 79.112 75.348 72.312 71.642 74.788 77.885 73.405 74.205 75.847 76.006 77.011 76.012 75.611 74.611 73.7 72.802 70.981 70.912 71.145 71.162 71.085 71.104
-9999 -9999 -9999 -9999 -9999 -9999 -9999 -9999 -9999 -9999 -9999 -9999 -9999 -9999 -9999 -9999 -9999 76.168 76.382 76.984 75.436 79.715 81.576 82.455 82.455 82.143 80.705 76.86 75.255 74.69 74.984 74.993 74.727 75.069 76.988 76.051 78.043 77.889 80.313 80.086 78.919 79.527 78.681 75.725 75.876 75.539 75.525 77.889 78.687 78.372 75.672 70.88 71.233 72.876 70.953 70.802 71.756 71.272 70.591 73.508 74.456 74.447 75.908 75.388 75.824 76.001 74.244 71.223 70.774 70.812 71.025 71.099
-9999 -9999 -9999 -9999 -9999 -9999 -9999 -9999 -9999 -9999 -9999 -9999 -9999 -9999 -9999 -9999 -9999 75.765 76.064 76.039 75.254 75.17 80.4 81.358 82.184 82.787 81.991 80.976 78.713 75.409 75.3 74.655 74.632 74.941 74.546 74.915 74.86 75.539 78.217 79.946 76.762 76.607 75.993 75.334 75.911 75.53 75.46 78.192 78.983 77.967 75.616 71.137 71.347 72.959 70.48 70.478 71.541 71.72 70.608 70.576 71.477 74.583 76.135 76.388 77.658 77.949 77.205 75.085 73.544 71.828 70.916 70.773
-9999 -9999 -9999 -9999 -9999 -9999 -9999 -9999 -9999 -9999 -9999 -9999 -9999 -9999 -9999 -9999 75.717 75.667 75.626 75.752 75.471 75.097 75.703 77.521 80.812 82.043 82.564 82.28 80.905 79.546 74.84 74.594 75.076 74.58 74.496 74.569 75.924 75.795 74.89 77.217 77.551 76.912 75.242 75.826 75.595 75.766 77.588 78.769 76.786 77.73 74.403 72.493 70.876 72.496 70.309 70.215 70.946 71.632 70.585 70.301 70.067 70.625 71.28 73.121 77.36 76.935 77.031 73.83 74.903 74.798 73.993 74.085
-9999 -9999 -9999 -9999 -9999 -9999 -9999 -9999 -9999 -9999 -9999 -9999 -9999 -9999 -9999 -9999 76.184 75.645 75.923 76.843 75.734 75.544 75.7 75.123 76.274 79.885 81.398 81.992 82.068 81.193 80.355 77.379 74.992 74.499 74.372 75.466 74.831 74.924 75.948 75.121 75.338 77.991 78.118 76.006 75.366 76.283 78.609 78.686 75.415 72.121 72.023 71.494 70.784 71.705 70.24 70.066 70.03 70.053 70.014 70.127 70.007 70.594 69.816 71.844 75.55 76.697 76.395 77.191 74.54 77.048 76.064 75.307
-9999 -9999 -9999 -9999 -9999 -9999 -9999 -9999 -9999 -9999 -9999 -9999 -9999 -9999 -9999 75.977 76.281 76.2 75.557 76.058 75.468 75.341 75.335 75.285 75.457 77.049 79.694 80.751 81.855 82.158 81.46 80.763 76.043 75.697 75.268 75.133 74.286 74.309 74.666 74.353 75.444 76.418 77.568 77.858 77.025 77.622 78.872 76.406 73.179 73.377 70.879 70.62 70.414 70.385 70.191 70.021 69.96 69.906 69.876 69.928 70.261 69.867 69.784 69.746 70.785 69.545 70.07 75.688 76.818 73.254 77.237 76.696
-9999 -9999 -9999 -9999 -9999 -9999 -9999 -9999 -9999 -9999 -9999 -9999 -9999 -9999 76.051 75.909 76.879 75.562 75.493 75.548 75.357 75.563 75.654 75.155 76.243 76.576 76.095 76.536 80.561 81.329 82.628 81.861 81.229 79.833 75.982 75.233 74.977 74.648 74.57 75.713 75.994 74.73 75.892 76.412 77.188 76.785 79.949 77.348 73.485 72.376 71.308 71.157 70.918 70.299 70.126 69.963 69.9 69.834 69.795 69.752 69.766 69.755 69.898 69.571 69.488 69.483 70.426 70.861 71.313 75.583 76.911 74.672
-9999 -9999 -9999 -9999 -9999 -9999 -9999 -9999 -9999 -9999 -9999 -9999 -9999 -9999 77.531 76.905 76.454 75.859 75.518 76.049 75.484 75.248 75.413 75.113 75.303 75.988 74.865 74.74 76.323 79.969 81.199 82 82.07 80.974 79.995 75.359 76.003 74.682 74.365 76.064 76.421 75.301 74.42 75.883 77.562 79.092 79.713 78.826 76.391 73.43 72.084 70.798 71.072 70.818 70.122 69.924 69.905 69.78 69.718 69.601 69.574 69.541 69.51 69.455 69.446 69.491 70.113 70.186 69.681 70.361 70.866 73.91
-9999 -9999 -9999 -9999 -9999 -9999 -9999 -9999 -9999 -9999 -9999 -9999 -9999 81.709 81.726 77.601 75.834 75.837 75.558 75.461 75.437 75.982 75.117 75.028 75.807 75.555 75.436 74.931 74.722 75.309 79.317 80.808 81.562 81.712 81.368 80.677 79.018 75.541 74.399 74.672 75.027 75.448 73.981 76.47 77.504 77.438 78.321 78.102 77.408 76.825 72.279 70.677 70.603 70.412 70.126 70.056 70.194 69.852 69.712 69.605 69.475 69.445 69.341 69.341 69.293 69.42 69.485 69.399 69.328 69.238 69.175 69.22
-9999 -9999 -9999 -9999 -9999 -9999 -9999 -9999 -9999 -9999 -9999 -9999 -9999 80.824 78.867 76.629 78.63 75.815 75.607 75.577 75.35 75.382 75.14 74.986 74.902 74.853 75.132 74.902 74.996 74.729 74.84 75.81 79.837 80.934 81.733 81.574 80.562 78.737 74.761 74.417 77.608 80.63 81.018 80.408 76.562 76.264 74.328 74.61 75.012 74.22 73.744 72.888 70.775 70.29 70.163 70.248 72.205 71.089 70.904 69.742 69.56 69.455 69.358 69.295 69.253 69.18 69.129 69.1 69.133 69.134 69.145 69.205
-9999 -9999 -9999 -9999 -9999 -9999 -9999 -9999 -9999 -9999 -9999 -9999 78.65 81.121 76.059 77.056 81.598 80.291 76.776 76.088 75.303 75.228 75.052 76.016 75.63 74.802 74.86 75.686 74.599 74.913 74.645 74.441 76.341 79.189 80.933 81.571 80.953 79.74 74.667 73.961 78.064 81.497 81.502 80.202 76.124 74.213 73.222 73.231 73.308 73.764 74.194 74.101 73.088 73.244 72.424 70.6 70.689 70.715 70.993 70.039 70.05 69.838 69.437 69.266 69.205 69.12 69.069 69.06 69.106 69.007 69.005 69.123
-9999 -9999 -9999 -9999 -9999 -9999 -9999 -9999 -9999 -9999 -9999 76.791 76.361 76.588 76.013 81.097 82.509 82.713 81.634 79.955 75.975 75.202 75.207 75.357 74.973 74.722 74.686 74.617 74.51 74.437 74.471 75.061 74.491 74.641 78.417 80.332 79.914 75.093 75.611 75.136 77.58 80.295 80.835 79.693 75.442 74.492 73.222 73.427 73.308 73.332 73.199 72.875 73.189 72.985 73.253 73.01 72.488 72.33 70.181 70.127 70.5 70.335 69.491 69.321 69.18 69.163 69.087 69.054 69.034 68.968 68.938 68.869
-9999 -9999 -9999 -9999 -9999 -9999 -9999 -9999 -9999 -9999 -9999 77.959 77.883 76.765 79.596 81.635 82.581 83.362 83.06 81.924 80.408 76.404 75.065 75.206 75.936 74.885 75.473 74.705 74.497 74.398 74.312 74.431 74.426 74.282 74.633 78.042 75.665 75.98 76.149 74.675 73.865 74.714 76.588 75.789 73.988 74.093 73.29 73.048 73.047 72.776 72.648 72.63 72.739 72.866 73.249 73.1 72.36 72.405 72.306 72.388 70.854 69.85 69.802 69.333 69.232 69.167 69.11 69.058 69.014 69.008 68.975 68.933
-9999 -9999 -9999 -9999 -9999 -9999 -9999 -9999 -9999 -9999 77.485 77.2 76.53 76.512 76.121 77.978 79.842 82.826 83.052 82.946 82.225 80.976 76.422 75.462 75.218 75.354 74.788 74.467 75.004 74.403 74.333 74.586 74.694 74.046 74.066 74.732 74.518 76.144 76.867 73.935 73.955 75.444 73.963 73.323 73.639 73.883 73.448 72.858 72.914 73.038 72.591 72.558 72.453 72.357 72.558 72.574 72.237 72.16 72.13 72.001 72.691 73.43 73.822 77.092 71.57 69.501 69.181 69.098 69.039 68.957 68.94 68.901
-9999 -9999 -9999 -9999 -9999 -9999 -9999 -9999 -9999 76.364 76.345 76.194 77.357 76.508 76.013 75.864 76.801 80.958 81.932 82.655 82.943 81.955 81.355 79.636 75.018 74.883 74.863 75.025 75.3 75.031 74.294 74.211 74.112 74.015 73.864 74.019 76.346 76.117 76.392 74.036 74.594 73.491 73.212 73.142 73.327 73.715 73.774 72.786 72.63 72.606 72.607 72.6 72.349 72.366 72.61 72.238 72.263 72.486 72.349 72.439 72.491 76.677 79.492 78.914 78.112 77.287 72.344 70.21 69.759 68.989 68.883 68.898
-9999 -9999 -9999 -9999 -9999 -9999 -9999 -9999 -9999 76.396 76.336 76.241 77.311 76.367 75.949 76.218 75.755 75.67 79.559 81.353 82.073 82.787 83.219 81.779 80.041 75.271 75.112 74.897 74.529 74.768 74.367 74.155 74.092 73.913 73.91 78.011 79.477 78.231 73.888 73.893 73.477 73.205 73.135 73.104 73.073 73.487 73.749 72.933 72.586 72.449 72.454 72.744 72.563 72.615 72.437 72.776 72.398 72.23 71.934 71.896 72.213 73.983 77.624 77.387 78.073 76.436 80.538 78.239 77.989 69.854 68.95 68.929
-9999 -9999 -9999 -9999 -9999 -9999 -9999 -9999 76.501 76.427 76.299 76.967 76.488 75.963 76.424 77.585 75.841 75.729 75.733 76.733 80.992 81.588 82.646 82.737 81.812 80.582 75.766 74.852 74.935 74.3 75.137 74.076 74.008 73.885 76.331 78.876 79.332 75.534 73.51 73.135 73.27 73.124 73.093 73.063 73.06 73.44 74.023 73.229 72.757 72.387 72.346 72.342 72.808 72.322 72.37 72.592 72.308 72.047 71.835 71.726 71.729 71.803 71.838 72.148 74.628 79.573 76.944 79.94 81.029 76.149 69.557 69.073
