dsm/se2737_DSM_2M.asc
ncols 500
nrows 500
xllcorner    427000
yllcorner    437000
cellsize     2
NODATA_value -9999
[rows 93 to 123 of 500, columns 0 to 69 of 500]
-9999 -9999 -9999 -9999 -9999 -9999 -9999 -9999 116.427 116.375 116.34 116.265 116.217 116.162 116.115 116.097 116.032 115.985 115.947 115.917 115.902 115.842 115.785 115.747 115.7 115.642 115.602 115.54 115.51 115.475 115.44 115.412 115.38 115.322 115.305 115.277 115.245 115.222 115.21 115.185 116.292 115.167 115.12 115.1 115.07 115.032 115.012 114.91 114.962 114.972 114.944 114.919 114.932 114.952 114.962 114.974 115.029 115.074 115.129 115.127 115.117 115.097 115.087 115.099 115.219 115.184 115.237 115.372 116.667 115.457
-9999 -9999 -9999 -9999 -9999 -9999 -9999 -9999 -9999 116.317 116.275 116.225 116.162 116.115 116.085 116.032 116.007 115.967 115.927 115.907 115.877 115.822 115.775 115.742 115.682 115.645 115.595 115.545 115.505 115.47 115.43 115.39 115.372 115.332 115.295 115.265 115.232 115.215 115.192 115.18 115.157 119.727 115.102 115.08 115.03 114.99 114.952 114.935 114.91 114.962 114.959 114.924 114.929 114.949 114.939 114.967 115.044 115.019 114.967 115.039 115.047 115.059 115.132 115.242 115.937 115.512 115.482 116.674 118.124 115.457
-9999 -9999 -9999 -9999 -9999 -9999 -9999 -9999 -9999 -9999 116.157 116.115 116.08 116.04 116.005 115.972 115.935 115.895 115.872 115.847 115.807 115.767 115.735 115.697 115.667 115.632 115.58 115.55 115.527 115.497 115.46 115.42 115.38 115.352 115.3 115.255 115.212 115.162 115.132 115.1 117.085 119.347 115.135 115.055 115.03 114.985 114.947 114.925 114.87 114.902 114.909 114.859 114.894 114.879 115.022 114.927 115.067 114.992 114.912 114.862 114.979 115.417 116.057 115.957 116.842 117.172 114.984 117.357 116.572 115.289
-9999 -9999 -9999 -9999 -9999 -9999 -9999 -9999 -9999 -9999 116.042 116.002 115.98 115.945 115.917 115.882 115.847 115.812 115.79 115.76 115.73 115.677 115.65 115.622 115.602 115.57 115.537 115.512 115.495 115.465 115.432 115.387 115.35 115.3 115.272 115.235 115.19 115.152 115.11 115.085 116.525 115.077 117.215 116.385 115.012 114.987 114.96 114.925 114.877 114.862 114.837 114.827 114.819 114.814 114.849 115.214 115.247 115.042 114.889 114.834 114.782 114.767 114.782 114.797 114.909 115.802 116.529 117.782 117.722 116.029
-9999 -9999 -9999 -9999 -9999 -9999 -9999 -9999 -9999 -9999 -9999 115.9 115.887 115.88 115.83 115.802 115.767 115.735 115.695 115.662 115.632 115.62 115.595 115.567 115.55 115.525 115.462 115.45 115.425 115.4 115.365 115.337 115.31 115.27 115.245 115.212 115.17 115.14 115.115 115.087 115.065 115.04 115.017 115.007 114.987 114.967 114.965 114.93 114.89 114.81 114.809 114.794 114.739 114.649 114.569 116.397 114.777 114.804 114.827 114.707 114.729 114.699 114.672 114.692 114.699 114.694 115.357 117.274 114.807 114.842
-9999 -9999 -9999 -9999 -9999 -9999 -9999 -9999 -9999 -9999 -9999 -9999 115.832 115.782 115.747 115.705 115.69 115.665 115.637 115.597 115.572 115.55 115.512 115.492 115.47 115.44 115.42 115.387 115.36 115.337 115.327 115.307 115.29 115.25 115.215 115.177 115.137 115.117 115.112 115.072 115.06 115.032 115.022 115.015 114.99 114.942 114.875 114.82 114.802 114.777 114.787 114.787 114.724 114.582 114.454 114.912 114.639 114.542 114.709 114.584 114.624 114.639 114.659 114.649 114.632 114.607 114.647 114.684 114.697 114.727
-9999 -9999 -9999 -9999 -9999 -9999 -9999 -9999 -9999 -9999 -9999 -9999 115.772 115.737 115.715 115.687 115.652 115.617 115.592 115.56 115.537 115.507 115.475 115.452 115.43 115.402 115.365 115.342 115.315 115.292 115.287 115.277 115.262 115.235 115.192 115.147 115.107 115.087 115.067 115.035 115.035 115 114.972 114.915 114.86 114.832 114.795 114.745 114.742 114.747 114.769 114.762 114.734 114.549 114.399 114.274 114.809 114.484 114.584 114.697 115.179 114.544 114.529 114.609 114.642 114.639 114.647 114.654 114.629 114.624
-9999 -9999 -9999 -9999 -9999 -9999 -9999 -9999 -9999 -9999 -9999 -9999 -9999 115.72 115.68 115.647 115.607 115.575 115.545 115.515 115.485 115.457 115.44 115.405 115.377 115.362 115.337 115.29 115.285 115.265 115.247 115.252 115.24 115.205 115.157 115.112 115.09 115.062 115.032 114.985 114.907 114.875 114.835 114.775 114.787 114.782 114.772 114.745 114.722 114.737 114.762 114.737 114.707 114.524 114.294 114.164 114.614 114.462 114.532 115.457 114.344 114.739 115.337 114.464 114.564 114.587 114.632 114.627 114.634 114.644
-9999 -9999 -9999 -9999 -9999 -9999 -9999 -9999 -9999 -9999 -9999 -9999 -9999 -9999 115.657 115.617 115.577 115.542 115.505 115.472 115.455 115.432 115.405 115.375 115.357 115.322 115.302 115.287 115.247 115.227 115.227 115.225 115.202 115.172 115.127 115.097 115.045 114.96 114.915 114.86 114.807 114.782 114.79 114.78 114.76 114.75 114.73 114.725 114.732 114.73 114.729 114.689 114.669 114.544 114.282 114.067 113.959 114.509 116.827 115.182 115.272 114.172 118.292 117.792 114.389 114.492 114.567 114.614 114.647 114.649
-9999 -9999 -9999 -9999 -9999 -9999 -9999 -9999 -9999 -9999 -9999 -9999 -9999 -9999 115.601 115.575 115.537 115.505 115.47 115.44 115.41 115.375 115.345 115.322 115.3 115.287 115.26 115.24 115.22 115.2 115.2 115.185 115.15 115.075 115.012 114.965 114.925 114.877 114.847 114.815 114.79 114.777 114.752 114.727 114.707 114.702 114.7 114.707 114.7 114.705 114.707 114.647 114.649 114.592 114.327 114.019 113.937 116.247 116.607 114.359 114.254 117.057 115.159 114.314 114.232 114.377 114.497 114.602 114.634 114.654
-9999 -9999 -9999 -9999 -9999 -9999 -9999 -9999 -9999 -9999 -9999 -9999 -9999 -9999 -9999 115.54 115.515 115.475 115.435 115.392 115.35 115.33 115.31 115.285 115.265 115.247 115.225 115.207 115.192 115.18 115.117 115.042 114.987 114.937 114.912 114.895 114.867 114.842 114.807 114.782 114.76 114.755 114.765 114.737 114.715 114.702 114.68 114.7 114.7 114.692 114.672 114.639 114.607 114.587 114.379 114.037 113.827 116.072 115.057 114.519 114.319 114.004 113.944 114.064 114.132 114.292 114.447 114.559 114.602 114.642
-9999 -9999 -9999 -9999 -9999 -9999 -9999 -9999 -9999 -9999 -9999 -9999 -9999 -9999 -9999 -9999 115.452 115.422 115.387 115.34 115.305 115.287 115.265 115.232 115.225 115.187 115.16 115.107 115.057 115.007 114.967 114.942 114.91 114.905 114.875 114.855 114.835 114.802 114.785 114.775 114.76 114.752 114.747 114.735 114.697 114.667 114.655 114.64 114.637 114.645 114.634 114.639 114.589 114.577 114.437 114.107 113.767 113.944 114.717 114.339 114.084 115.652 113.854 114.007 114.079 114.217 114.379 114.499 114.574 114.637
-9999 -9999 -9999 -9999 -9999 -9999 -9999 -9999 -9999 -9999 -9999 -9999 -9999 -9999 -9999 -9999 115.405 115.36 115.342 115.295 115.265 115.25 115.24 115.207 115.15 115.092 115.037 114.987 114.955 114.915 114.925 114.915 114.89 114.892 114.855 114.825 114.812 114.795 114.792 114.787 114.76 114.747 114.76 114.72 114.685 114.67 114.652 114.642 114.622 114.625 114.607 114.612 114.574 114.552 114.467 114.222 113.837 113.574 113.512 114.207 113.984 120.207 113.784 113.807 113.987 114.142 114.299 114.442 114.522 114.579
-9999 -9999 -9999 -9999 -9999 -9999 -9999 -9999 -9999 -9999 -9999 -9999 -9999 -9999 -9999 -9999 -9999 115.33 115.305 115.285 115.245 115.18 115.095 115.052 115.007 114.982 114.945 114.947 114.922 114.905 114.897 114.902 114.877 114.852 114.84 114.817 114.815 114.782 114.762 114.762 114.745 114.742 114.735 114.722 114.692 114.682 114.65 114.625 114.607 114.615 114.587 114.574 114.564 114.527 114.482 114.332 113.957 113.512 113.389 114.009 113.982 113.769 113.749 113.657 113.854 114.054 114.229 114.342 114.442 114.474
-9999 -9999 -9999 -9999 -9999 -9999 -9999 -9999 -9999 -9999 -9999 -9999 -9999 -9999 -9999 -9999 -9999 -9999 115.232 115.145 115.065 115.037 114.99 114.965 114.962 114.95 114.942 114.917 114.915 114.897 114.872 114.875 114.84 114.837 114.822 114.812 114.8 114.767 114.757 114.747 114.737 114.72 114.727 114.717 114.68 114.675 114.657 114.637 114.615 114.612 114.602 114.577 114.574 114.529 114.504 114.379 114.087 113.614 113.297 113.254 114.002 114.214 113.937 113.614 113.679 113.879 114.074 114.217 114.309 114.327
-9999 -9999 -9999 -9999 -9999 -9999 -9999 -9999 -9999 -9999 -9999 -9999 -9999 -9999 -9999 -9999 -9999 -9999 115.038 114.997 114.972 114.957 114.972 114.96 114.945 114.927 114.927 114.925 114.912 114.87 114.867 114.867 114.845 114.825 114.822 114.8 114.777 114.75 114.735 114.727 114.725 114.72 114.712 114.692 114.677 114.657 114.65 114.627 114.61 114.595 114.589 114.567 114.569 114.532 114.507 114.429 114.204 113.749 113.294 113.572 113.802 113.702 113.589 113.507 114.139 113.744 113.869 114.059 114.189 114.127
-9999 -9999 -9999 -9999 -9999 -9999 -9999 -9999 -9999 -9999 -9999 -9999 -9999 -9999 -9999 -9999 -9999 -9999 -9999 115.007 114.97 114.982 114.972 114.947 114.947 114.945 114.922 114.91 114.887 114.882 114.86 114.852 114.842 114.83 114.802 114.777 114.742 114.727 114.722 114.725 114.72 114.717 114.707 114.68 114.67 114.65 114.642 114.617 114.585 114.567 114.572 114.562 114.522 114.524 114.489 114.447 114.284 113.942 113.412 113.104 113.224 113.899 113.599 114.289 113.622 114.302 113.682 113.889 114.007 113.952
-9999 -9999 -9999 -9999 -9999 -9999 -9999 -9999 -9999 -9999 -9999 -9999 -9999 -9999 -9999 -9999 -9999 -9999 -9999 -9999 114.985 114.99 114.967 114.952 114.957 114.942 114.91 114.9 114.877 114.892 114.872 114.845 114.83 114.812 114.782 114.745 114.727 114.727 114.725 114.712 114.697 114.697 114.687 114.687 114.662 114.65 114.63 114.607 114.577 114.565 114.547 114.554 114.512 114.509 114.487 114.422 114.342 114.082 113.607 113.114 113.064 113.499 113.754 116.249 114.734 113.369 113.464 113.657 113.759 113.689
-9999 -9999 -9999 -9999 -9999 -9999 -9999 -9999 -9999 -9999 -9999 -9999 -9999 -9999 -9999 -9999 -9999 -9999 -9999 -9999 114.975 114.962 114.947 114.935 114.92 114.925 114.907 114.89 114.882 114.87 114.847 114.842 114.82 114.812 114.77 114.75 114.745 114.702 114.7 114.665 114.67 114.682 114.665 114.662 114.652 114.632 114.632 114.597 114.562 114.55 114.537 114.539 114.512 114.497 114.482 114.434 114.369 114.184 113.764 113.254 113.002 113.257 113.672 114.004 117.597 113.494 113.237 113.367 113.449 113.349
-9999 -9999 -9999 -9999 -9999 -9999 -9999 -9999 -9999 -9999 -9999 -9999 -9999 -9999 -9999 -9999 -9999 -9999 -9999 -9999 -9999 114.937 114.945 114.932 114.92 114.9 114.88 114.865 114.847 114.842 114.825 114.81 114.807 114.792 114.767 114.742 114.72 114.695 114.665 114.645 114.667 114.66 114.645 114.642 114.62 114.607 114.605 114.602 114.577 114.535 114.524 114.519 114.514 114.502 114.487 114.429 114.367 114.242 113.887 113.409 112.949 112.814 113.557 113.384 113.339 114.159 114.187 113.762 113.184 113.169
-9999 -9999 -9999 -9999 -9999 -9999 -9999 -9999 -9999 -9999 -9999 -9999 -9999 -9999 -9999 -9999 -9999 -9999 -9999 -9999 -9999 -9999 114.947 114.922 114.895 114.877 114.855 114.845 114.845 114.835 114.812 114.785 114.762 114.77 114.752 114.732 114.69 114.665 114.64 114.647 114.66 114.635 114.615 114.615 114.617 114.59 114.587 114.575 114.575 114.547 114.512 114.484 114.492 114.489 114.474 114.417 114.364 114.282 114.007 113.612 113.097 112.779 112.702 113.459 113.217 113.244 113.059 114.257 113.164 113.104
-9999 -9999 -9999 -9999 -9999 -9999 -9999 -9999 -9999 -9999 -9999 -9999 -9999 -9999 -9999 -9999 -9999 -9999 -9999 -9999 -9999 -9999 -9999 114.89 114.87 114.865 114.842 114.84 114.825 114.802 114.785 114.742 114.747 114.745 114.715 114.675 114.662 114.652 114.64 114.637 114.637 114.622 114.59 114.595 114.59 114.582 114.557 114.532 114.532 114.525 114.477 114.487 114.472 114.474 114.454 114.429 114.339 114.287 114.107 113.752 113.289 112.794 112.632 112.984 113.214 113.274 113.029 112.989 112.929 112.992
-9999 -9999 -9999 -9999 -9999 -9999 -9999 -9999 -9999 -9999 -9999 -9999 -9999 -9999 -9999 -9999 -9999 -9999 -9999 -9999 -9999 -9999 -9999 114.86 114.85 114.855 114.847 114.82 114.812 114.78 114.755 114.732 114.727 114.697 114.675 114.645 114.645 114.637 114.635 114.64 114.627 114.612 114.582 114.557 114.56 114.552 114.54 114.517 114.52 114.507 114.492 114.454 114.454 114.457 114.409 114.414 114.332 114.302 114.169 113.904 113.499 112.967 112.604 112.502 113.744 113.184 113.032 112.967 112.947 112.904
-9999 -9999 -9999 -9999 -9999 -9999 -9999 -9999 -9999 -9999 -9999 -9999 -9999 -9999 -9999 -9999 -9999 -9999 -9999 -9999 -9999 -9999 -9999 -9999 114.832 114.842 114.83 114.805 114.772 114.745 114.727 114.725 114.717 114.687 114.66 114.637 114.62 114.63 114.637 114.617 114.6 114.587 114.575 114.547 114.53 114.532 114.507 114.497 114.487 114.482 114.477 114.429 114.429 114.437 114.397 114.392 114.349 114.274 114.192 114.009 113.684 113.162 112.682 112.402 112.959 113.019 112.934 112.919 112.872 113.837
-9999 -9999 -9999 -9999 -9999 -9999 -9999 -9999 -9999 -9999 -9999 -9999 -9999 -9999 -9999 -9999 -9999 -9999 -9999 -9999 -9999 -9999 -9999 -9999 114.8 114.812 114.795 114.765 114.742 114.725 114.72 114.717 114.7 114.675 114.642 114.615 114.597 114.61 114.612 114.605 114.585 114.575 114.575 114.535 114.51 114.505 114.497 114.485 114.467 114.467 114.449 114.434 114.414 114.412 114.397 114.377 114.357 114.279 114.219 114.087 113.857 113.392 112.814 112.459 112.274 113.259 112.912 113.539 113.967 113.542
-9999 -9999 -9999 -9999 -9999 -9999 -9999 -9999 -9999 -9999 -9999 -9999 -9999 -9999 -9999 -9999 -9999 -9999 -9999 -9999 -9999 -9999 -9999 -9999 -9999 114.757 114.762 114.745 114.72 114.715 114.702 114.692 114.672 114.655 114.627 114.61 114.602 114.62 114.61 114.59 114.58 114.575 114.567 114.532 114.505 114.482 114.465 114.477 114.48 114.457 114.427 114.417 114.397 114.384 114.407 114.359 114.349 114.289 114.214 114.129 113.972 113.622 113.039 112.552 112.332 112.682 112.929 113.137 112.754 114.312
-9999 -9999 -9999 -9999 -9999 -9999 -9999 -9999 -9999 -9999 -9999 -9999 -9999 -9999 -9999 -9999 -9999 -9999 -9999 -9999 -9999 -9999 -9999 -9999 -9999 -9999 114.722 114.725 114.71 114.687 114.677 114.665 114.652 114.637 114.63 114.612 114.592 114.585 114.572 114.577 114.572 114.567 114.56 114.522 114.495 114.482 114.462 114.467 114.465 114.45 114.417 114.402 114.374 114.387 114.377 114.359 114.334 114.302 114.217 114.154 114.022 113.747 113.289 112.767 112.354 112.177 115.474 115.157 112.769 112.879
-9999 -9999 -9999 -9999 -9999 -9999 -9999 -9999 -9999 -9999 -9999 -9999 -9999 -9999 -9999 -9999 -9999 -9999 -9999 -9999 -9999 -9999 -9999 -9999 -9999 -9999 114.685 114.697 114.69 114.677 114.665 114.662 114.65 114.627 114.612 114.587 114.562 114.552 114.572 114.572 114.552 114.522 114.535 114.517 114.5 114.482 114.462 114.44 114.447 114.43 114.407 114.387 114.369 114.359 114.357 114.334 114.309 114.262 114.207 114.152 114.052 113.869 113.472 112.964 112.457 112.252 112.447 116.592 113.477 112.709
-9999 -9999 -9999 -9999 -9999 -9999 -9999 -9999 -9999 -9999 -9999 -9999 -9999 -9999 -9999 -9999 -9999 -9999 -9999 -9999 -9999 -9999 -9999 -9999 -9999 -9999 -9999 114.677 114.667 114.66 114.662 114.652 114.642 114.617 114.585 114.562 114.56 114.547 114.545 114.547 114.527 114.527 114.53 114.515 114.49 114.46 114.447 114.432 114.42 114.415 114.392 114.367 114.347 114.334 114.327 114.322 114.282 114.247 114.209 114.137 114.064 113.909 113.632 113.184 112.699 112.362 112.162 113.429 112.702 112.839
-9999 -9999 -9999 -9999 -9999 -9999 -9999 -9999 -9999 -9999 -9999 -9999 -9999 -9999 -9999 -9999 -9999 -9999 -9999 -9999 -9999 -9999 -9999 -9999 -9999 -9999 -9999 -9999 114.652 114.65 114.625 114.62 114.617 114.597 114.58 114.57 114.57 114.542 114.53 114.522 114.53 114.505 114.502 114.49 114.467 114.452 114.43 114.402 114.395 114.39 114.374 114.352 114.339 114.319 114.314 114.294 114.264 114.237 114.192 114.122 114.049 113.924 113.757 113.359 112.864 112.424 112.124 112.012 112.447 114.767
-9999 -9999 -9999 -9999 -9999 -9999 -9999 -9999 -9999 -9999 -9999 -9999 -9999 -9999 -9999 -9999 -9999 -9999 -9999 -9999 -9999 -9999 -9999 -9999 -9999 -9999 -9999 -9999 -9999 114.627 114.612 114.59 114.592 114.582 114.582 114.582 114.565 114.537 114.512 114.51 114.507 114.497 114.487 114.487 114.467 114.432 114.415 114.392 114.382 114.372 114.367 114.339 114.322 114.317 114.287 114.259 114.239 114.219 114.197 114.132 114.039 113.947 113.839 113.507 113.024 112.732 112.284 112.009 112.794 112.462
