dsm/se2736_DSM_2M.asc
ncols 500
nrows 500
xllcorner    427000
yllcorner    436000
cellsize     2
NODATA_value -9999
[rows 384 to 415 of 500, columns 288 to 359 of 500]
91.846 -9999 91.229 91.122 91.074 91.393 92.458 96.196 98.291 95.832 91.675 90.236 90.241 90.302 90.127 -9999 89.872 89.859 89.939 90.153 91.324 93.784 94.951 93.815 91.078 88.651 88.251 88.365 88.336 88.289 88.276 88.122 88.047 88.188 88.447 89.119 89.801 -9999 90.646 90.654 90.448 88.399 87.623 87.649 87.614 -9999 -9999 92.017 93.663 93.829 90.779 87.504 86.152 85.89 86.843 88.251 89.685 89.808 87.561 86.835 86.449 86.724 88.944 91.558 92.308 92.697 89.593 86.967 86.108 86.252 85.599 85.447
91.659 91.705 91.453 91.188 91.072 91.141 91.971 96.193 99.019 96.569 93.223 90.645 90.216 90.071 90.072 89.91 89.834 89.822 89.904 90.455 92.758 97.656 97.243 95.204 94.779 91.887 89.223 88.78 88.327 88.245 88.23 88.18 88.167 88.359 88.327 88.595 89.074 -9999 -9999 90.052 88.134 88.202 88.113 87.836 87.83 88.169 -9999 92.629 94.778 94.999 91.982 87.857 86.563 86.693 87.052 87.65 89.021 89.098 87.389 87.196 87.326 88.071 90.594 93.048 92.245 90.118 87.806 86.695 86.406 86.816 85.908 85.584
91.491 91.67 91.66 91.379 91.085 90.97 91.22 94.508 97.528 98.414 95.072 90.973 90.076 89.925 89.957 89.874 89.812 89.806 89.848 90.105 92.017 96.076 96.733 95.88 96.685 93.311 89.396 88.718 88.46 88.335 88.319 88.221 88.181 88.476 88.332 88.362 -9999 -9999 91.711 91.257 89.118 89.025 88.965 88.144 88.055 -9999 -9999 -9999 94.13 93.927 92.69 89.851 87.354 87.169 86.912 87.195 88.548 89.128 88.113 87.531 87.272 87.962 91.027 93.489 91.886 89.476 87.221 86.153 85.961 86.424 86.091 85.627
91.575 91.684 91.777 91.485 91.039 91.074 92.168 95.179 97.406 97.544 93.976 90.552 90.216 90.02 89.983 89.953 89.89 89.637 89.883 90.254 90.971 92.955 -9999 94.916 93.59 90.775 89.419 88.5 88.192 88.298 88.437 88.569 88.586 88.43 88.22 88.291 -9999 91.547 92.726 94.902 91.528 90.233 88.843 88.1 88.142 -9999 -9999 -9999 -9999 93.625 93.807 91.755 88.242 86.871 86.494 86.685 87.683 88.612 88.272 87.884 87.069 86.469 87.867 90.331 -9999 90.838 88.868 87.207 86.098 86.829 86.303 85.462
91.9 91.791 91.578 91.281 91.047 92 95.545 97.133 98.065 96.684 93.192 90.973 90.29 90.017 90.058 90.072 90.179 90.088 90.079 89.987 90.198 -9999 -9999 93.988 94.062 93.728 89.306 88.441 88.209 88.323 88.494 88.832 88.897 88.321 88.151 88.186 -9999 -9999 92.197 93.135 90.592 89.565 88.65 88.207 88.157 88.063 -9999 -9999 -9999 94.007 94.534 93.489 88.567 86.134 86.219 86.264 86.618 87.789 88.063 87.769 87.373 86.348 86.835 -9999 -9999 92.355 92.53 89.741 86.643 87.216 86.588 85.933
92.221 91.937 91.36 91.119 91.086 92.77 97.285 98.918 98.744 97.859 93.692 91.326 90.435 90.223 90.132 90.187 90.347 90.462 90.247 89.91 89.943 -9999 -9999 92.69 92.929 92.1 89.268 88.565 88.295 -9999 88.417 88.413 88.214 88.237 88.201 88.18 -9999 -9999 -9999 90.229 88.387 88.349 88.378 88.216 88.158 87.982 89.161 -9999 -9999 93.46 94.153 94.096 88.369 86.43 86.256 86.29 86.315 87.194 87.649 87.654 86.44 86.033 85.913 86.466 -9999 92.953 94.448 94.164 90.948 87.817 89.339 88.776
92.131 -9999 91.21 91.076 91.156 91.343 94.447 98.187 99.558 99.711 94.237 90.98 90.517 90.36 -9999 -9999 90.12 90.212 90.346 90.041 89.916 -9999 -9999 -9999 90.715 89.521 88.554 88.644 88.352 88.323 88.259 88.203 88.132 88.145 88.121 88.151 -9999 -9999 -9999 90.554 88.594 88.221 88.199 88.178 88.074 88.132 88.571 90.287 92.381 93.395 92.143 88.896 86.006 86.263 86.381 86.68 86.736 86.832 87.108 87.073 86.528 85.924 85.686 85.734 87.48 92.562 93.753 93.855 90.032 87.103 88.87 90.394
-9999 91.459 91.175 91.055 91.11 91.493 94.573 98.263 99.119 98.485 93.112 90.343 90.065 90.02 89.965 89.814 89.774 89.538 89.744 89.83 -9999 -9999 -9999 -9999 89.548 89.032 88.878 88.823 88.264 88.394 88.233 88.177 88.134 88.13 88.196 88.43 -9999 94.299 93.643 92.182 88.805 87.926 88.018 88.055 87.909 87.997 87.471 89.111 92.608 93.865 92.274 87.661 85.823 86.558 86.587 87.034 87.091 86.796 86.254 86.118 86.364 86.738 86.099 85.831 86.563 91.727 93.707 94.119 89.744 86.994 87.099 86.438
-9999 -9999 91.292 91.255 91.306 92.431 96.226 98.847 98.499 98.169 93.762 90.526 89.9 89.762 89.872 89.732 89.773 89.616 89.752 89.741 90.381 -9999 -9999 -9999 89.595 88.828 88.934 88.824 88.549 -9999 88.381 88.387 88.35 88.29 88.3 89.403 92.951 95.282 95.83 95.357 90.027 88.176 87.922 -9999 -9999 88.462 88.406 90.506 93.948 94.898 92.657 87.194 85.793 86.324 86.057 86.563 86.631 86.073 86.011 85.789 85.978 86.311 85.892 85.724 86.08 -9999 90.94 90.544 88.492 86.651 85.997 85.794
-9999 91.752 91.609 91.618 91.795 92.637 94.816 97.186 97.323 95.759 91.983 90.477 89.917 89.94 90.139 90.094 89.872 89.716 89.89 89.789 91.27 92.891 94.671 93.033 90.603 89.11 88.822 88.417 88.404 88.442 88.497 88.597 88.531 88.502 88.69 -9999 95.144 97.371 97.837 93.934 89.516 88.026 87.89 87.881 -9999 89.168 90.038 92.455 94.859 94.275 91.902 88.055 86.761 86.398 86.302 86.82 86.646 86.206 86.562 86.401 86.011 86 85.89 85.842 85.823 86.681 86.992 87.106 87.099 86.083 85.812 85.653
91.551 91.899 91.912 91.694 91.885 92.451 -9999 -9999 95.464 92.87 91.087 90.212 90.057 90.161 90.666 90.651 90.336 90.542 90.445 91.113 94.034 94.985 95.558 96.148 93.072 89.744 88.893 88.489 88.395 -9999 88.488 88.65 88.649 88.819 90.119 92.413 95.189 96.545 95.549 90.604 88.202 88.126 87.854 87.907 88.207 88.833 89.45 91.188 93.42 93.354 92.288 88.904 86.779 86.377 86.339 86.803 86.486 86.252 87.084 87.586 87.233 86.175 86.027 86.064 85.89 85.813 85.815 85.839 86.156 -9999 85.9 85.762
91.595 92.184 92.022 91.757 92.014 92.667 93.325 96.082 96.222 93.484 91.114 90.261 90.367 91.417 91.43 91.154 90.808 91.036 91.375 92.055 94.587 95.642 95.682 97.274 94.147 89.867 88.817 88.52 88.457 88.22 88.339 88.315 88.463 88.883 92.029 95.223 94.998 -9999 91.758 89.151 88.191 88.025 87.76 87.889 88.325 88.607 88.827 89.586 91.008 92.277 94.594 91.418 87.257 88.116 86.912 86.595 86.609 87.096 89.926 89.033 87.69 86.737 86.224 86.039 85.96 85.815 85.733 85.691 85.8 85.952 86.09 86.309
91.525 91.962 91.808 91.702 92.319 93.632 94.084 96.895 99.207 95.541 91.013 90.393 90.33 91.661 91.399 91.184 90.689 90.936 90.907 90.766 91.873 93.608 94.274 93.242 90.639 89.398 89.219 88.471 88.471 88.477 88.25 88.145 88.337 89.135 92.96 96.803 95.495 -9999 90.144 88.599 88.211 88.033 87.947 88.027 88.32 88.586 88.692 88.243 88.778 89.146 90.664 90.246 88.332 87.803 87.274 86.829 86.689 87.203 88.595 88.181 87.642 86.688 86.012 85.96 86.006 85.97 85.895 85.799 85.827 86.025 86.119 86.778
-9999 91.639 91.563 91.295 91.824 93.676 94.412 96.873 98.008 95.19 90.878 90.369 90.398 91.708 90.913 90.807 90.596 89.833 89.926 90.251 90.805 -9999 -9999 90.87 89.141 89.01 89.819 88.825 88.752 88.68 88.379 88.233 88.367 89.069 90.532 93.515 -9999 93.619 91.832 89.908 88.181 88.098 87.888 -9999 -9999 88.251 88.017 87.407 87.547 87.504 87.245 88.076 86.884 87.112 87.104 87.029 86.639 86.95 87.121 87.149 86.987 86.372 86.156 86.148 86.174 86.117 86.058 85.904 86.097 86.029 86.517 86.471
91.597 91.714 91.516 91.341 91.622 92.864 95.31 97.495 98.101 95.402 90.615 90.015 89.98 90.649 90.799 90.494 90.067 89.8 89.982 90.331 90.268 -9999 90.879 90.902 90.248 88.934 88.705 89.226 89.551 89.029 88.556 88.404 88.404 88.785 89.917 -9999 96.024 95.112 94.101 91.362 88.431 87.942 87.863 88.027 -9999 87.773 87.581 87.434 87.924 87.331 87.022 87.526 87.032 86.814 86.692 86.712 87.055 86.731 86.443 86.261 86.451 86.584 86.464 86.537 86.206 86.278 86.1 85.88 86.517 87.384 87.625 86.312
91.887 91.963 91.735 91.663 91.417 93.233 95.849 97.069 97.235 94.078 90.362 90.1 90.143 90.334 90.419 90.435 89.92 89.901 90.279 90.458 90.268 -9999 90.607 91.171 90.847 89.253 88.672 89.002 89.364 89.041 88.681 88.566 88.594 88.84 89.798 92.883 95.72 96.485 96.255 92.429 88.389 88.21 88.125 -9999 -9999 87.413 87.346 87.303 87.396 86.838 86.685 87.03 86.855 86.683 86.513 86.558 86.515 86.217 86.182 86.108 86.77 88.427 89.372 88.537 86.305 86.372 85.963 85.775 86.916 91.055 92.592 87.655
92.062 92.08 91.952 91.519 91.107 94.311 98.192 97.499 96.302 93.655 90.57 90.222 90.097 90.149 90.362 90.559 90.271 90.204 90.158 90.449 90.543 -9999 -9999 90.077 89.467 88.931 88.653 88.807 -9999 -9999 88.73 88.715 88.782 89.062 90.212 95.12 96.172 96.029 95.256 91.47 89.591 88.994 88.352 -9999 -9999 87.54 87.368 87.302 87.27 86.945 86.706 86.782 86.789 86.625 86.598 86.494 86.356 86.174 86.195 86.067 87.173 90.547 91.918 91.377 89.109 86.342 85.622 85.735 87.232 90.709 92.088 88.685
92.184 92.009 91.981 91.505 91.484 94.75 97.634 97.544 96.562 95.674 91.509 91.055 90.536 90.358 90.448 90.585 90.617 90.653 90.31 90.284 91.401 -9999 -9999 89.602 88.958 88.888 88.971 89.073 -9999 -9999 88.812 88.787 88.79 89.482 91.327 96.496 96.368 95.304 93.884 89.401 89.319 88.555 88.259 88.29 -9999 87.834 87.577 87.309 87.218 87.044 86.999 87.036 86.972 86.755 86.628 86.505 86.347 86.305 86.415 87.045 87.225 90.547 93.293 93.16 89.655 86.265 85.558 85.557 86.477 -9999 -9999 -9999
92.175 91.949 91.54 91.386 91.791 95.65 99.351 98.151 95.708 92.33 90.868 90.951 90.532 90.489 -9999 90.602 90.784 90.793 90.319 91.076 93.66 95.525 94.979 91.58 89.03 89.061 89.739 89.354 89.308 -9999 88.815 88.808 88.827 89.357 91.409 94.657 94.82 93.762 91.85 88.944 87.889 88.041 88.163 88.318 88.246 88.102 87.933 87.398 87.301 87.313 87.124 87.445 87.307 86.883 86.693 86.539 86.355 86.319 86.266 86.693 86.458 88.016 90.702 90.249 88.635 86.574 85.704 85.663 85.709 -9999 -9999 -9999
92.003 91.598 91.401 91.286 91.812 93.911 98.148 98.132 95.136 91.956 91.075 90.669 90.504 90.526 -9999 90.455 90.475 90.423 90.165 91.936 97.158 97.47 96.002 94.647 90.522 88.535 88.96 89.205 -9999 88.648 88.706 88.773 88.936 89.722 92.454 94.497 -9999 91.526 89 88.218 87.882 88.052 88.113 88.324 88.512 88.527 88.233 87.897 87.46 87.384 87.239 87.373 87.241 87.085 86.839 -9999 86.399 86.338 86.397 86.619 86.444 87.22 88.839 88.52 86.998 86.076 85.766 85.823 85.786 85.979 -9999 -9999
91.83 91.416 91.23 91.205 91.83 94.097 97.651 98.603 97.646 91.847 90.02 90.084 90.29 90.305 -9999 90.095 90.167 90.289 90.679 93.027 96.757 97.648 96.381 96.793 91.704 88.822 88.651 88.803 -9999 88.603 88.598 88.622 88.98 90.392 94.952 96.002 -9999 89.962 88.37 87.898 87.896 87.936 -9999 88.36 88.664 88.769 88.289 87.898 87.52 87.312 87.547 87.679 87.355 87.634 -9999 -9999 -9999 86.913 87.233 87.561 88.171 88.436 87.956 86.89 86.038 86.01 86 85.888 85.814 85.937 -9999 -9999
91.62 91.494 91.236 91.44 93.849 96.999 98.986 99.242 97.171 91.945 90.064 89.84 90.012 90.085 90.033 89.925 89.926 90.319 91.487 93.343 96.799 97.591 94.95 92.447 89.228 88.69 88.621 -9999 -9999 88.543 88.53 88.535 88.722 90.964 96.821 96.566 -9999 -9999 88.244 87.903 87.882 87.874 -9999 -9999 88.501 88.468 -9999 -9999 -9999 -9999 -9999 -9999 89.259 -9999 91.229 -9999 -9999 -9999 88.331 90.155 93.554 91.974 88.416 86.567 86.127 86.308 86.186 86.205 86.065 86.048 -9999 -9999
91.789 91.592 91.282 91.697 94.615 98.004 98.968 98.92 96.043 90.889 89.906 89.767 89.901 89.922 90.178 90.073 89.813 90.14 93.592 97.432 97.956 97.756 93.855 89.955 88.693 88.622 88.728 88.811 -9999 88.521 88.509 88.533 88.556 89.667 93.826 95.484 94.194 89.844 87.955 87.899 87.836 87.938 -9999 -9999 -9999 -9999 -9999 -9999 -9999 90.411 91.193 92.09 91.659 91.782 92.608 91.835 -9999 -9999 -9999 90.568 92.734 91.464 88.145 86.293 86.367 86.692 86.998 86.576 86.223 86.152 -9999 -9999
91.535 91.538 91.401 91.481 93.363 97.704 98.886 98.437 96.74 91.917 90.13 89.773 89.831 89.979 90.347 90.426 90.396 90.428 91.83 96.409 98.373 98.064 93.89 90.173 89.005 89.031 89.149 89.099 88.963 88.574 88.505 88.496 88.471 89.052 94.089 97.201 94.403 89.842 88.054 87.99 88.019 88.088 -9999 -9999 -9999 87.938 87.835 87.757 88.237 89.852 92.701 94.748 91.491 91.5 94.773 93.166 90.173 -9999 -9999 88.881 89.579 89.026 87.885 86.937 86.799 87.291 87.797 86.397 86.379 86.289 -9999 -9999
91.14 91.667 91.852 92.032 93.707 98.002 98.854 98.51 96.925 92.03 90.26 89.805 89.827 90.115 90.391 90.702 90.355 90.12 90.835 95.31 99.372 98.158 93.772 92.632 90.062 89.654 89.726 89.063 89.251 88.704 88.564 88.531 88.332 88.469 91.962 95.453 93.694 90.499 88.484 88.388 88.454 88.313 88.309 -9999 88.089 87.833 87.705 87.773 87.891 88.33 89.404 90.894 88.5 88.737 90.668 90.477 88.634 87.649 87.067 87.023 87.163 87.111 86.761 -9999 86.915 87.03 87.253 86.718 86.423 86.273 86.033 86.007
91.164 91.641 91.758 91.918 95.998 98.902 99.063 96.903 95.741 91.292 90.234 90.187 90.312 90.175 90.266 90.26 89.986 89.918 90.001 92.442 96.445 95.732 92.758 92.445 90.629 89.827 90.363 89.725 -9999 88.546 88.605 88.762 88.54 88.59 90.197 -9999 93.771 91.692 89.328 88.761 88.408 88.445 88.404 -9999 88.246 87.85 87.674 87.893 87.868 87.555 87.296 87.575 86.523 87.012 87.303 87.701 87.402 86.839 86.397 86.269 86.264 86.337 86.345 86.315 -9999 86.76 86.243 86.522 86.224 86.359 85.998 85.817
90.765 91.263 91.699 91.949 96.553 99.083 98.69 95.562 91.676 91.383 90.222 90.165 90.265 90.027 89.994 89.822 89.649 89.945 90.125 91.232 -9999 -9999 91.103 90.923 89.415 89.254 89.687 -9999 88.785 88.462 88.484 88.542 88.541 88.446 -9999 95.302 95.61 94.13 92.908 88.524 88.253 88.48 88.468 -9999 88.706 88.524 88.208 88.09 88.032 87.519 87.132 86.805 86.603 86.667 86.737 86.875 86.976 86.599 86.416 86.246 86.165 86.323 86.487 86.228 86.03 86.346 86.462 87.146 86.699 86.33 85.831 85.639
90.994 91.225 91.657 92.349 96.38 99.02 99.226 97.257 92.578 90.461 90.197 90.099 90.057 89.879 89.979 90.011 89.946 90.607 90.576 92.102 94.196 92.852 90.03 89.641 89.221 88.93 88.837 89.018 88.606 88.393 88.368 88.42 88.497 88.806 92.707 96.327 97.152 95.246 92.037 88.746 88.196 88.45 88.448 88.936 89.273 89.636 89.129 88.156 87.526 87.219 87.054 87.118 86.82 86.714 86.729 86.762 86.9 87.024 86.691 86.367 86.193 86.242 86.114 86.044 86.013 86.172 86.238 87.373 86.82 86.679 86.261 85.755
91.518 91.302 91.005 91.921 96.621 99.478 99.534 98.454 93.336 90.148 90.242 90.133 90.078 90.015 90.003 90.274 90.751 90.686 90.592 94.101 97.781 94.574 89.823 88.93 89.007 88.729 88.651 88.669 -9999 88.409 88.345 88.57 88.585 89.218 93.777 98.174 97.115 93.519 90.006 88.417 88.263 88.256 -9999 89.022 89.311 89.967 89.5 88.072 87.269 87.247 87.738 87.912 87.276 86.869 86.891 86.939 87.876 88.586 87.637 86.522 87.094 86.621 86.229 85.955 85.999 86.286 87.238 89.237 87.18 87.061 -9999 -9999
91.579 91.297 91.388 92.196 96.078 99.5 99.48 98.622 95.232 90.754 90.783 90.177 90.278 90.164 -9999 90.106 90.258 90.239 91.132 95.523 97.582 95.555 90.392 88.955 88.845 88.916 88.782 88.783 -9999 88.511 88.554 88.666 88.947 89.073 93.458 98.129 96.493 92.369 89.924 88.485 88.316 88.311 88.568 88.81 89.072 89.183 88.967 88.095 87.461 88.081 88.799 88.525 88.169 87.7 87.31 88.854 90.735 90.447 89.497 89.24 90.162 89.22 87.001 86.208 85.992 86.198 87.838 90.835 90.304 88.012 86.922 86.281
90.974 91.35 91.182 92.154 96.47 99.49 99.592 99.49 95.997 90.907 90.368 90.322 90.304 90.178 90.011 89.868 89.671 90.105 92.827 97.703 98.517 96.743 91.633 88.998 88.982 89.146 89.057 -9999 -9999 88.697 88.611 88.812 88.94 88.886 93.729 97.9 97.182 93.591 90.086 88.927 88.653 88.534 88.505 88.425 88.488 88.528 88.471 88.568 89.137 91.209 92.452 90.952 -9999 90.004 90.551 92.43 92.7 93.926 93.286 94.078 93 91.188 87.728 86.774 86.089 86.208 86.423 87.885 88.286 86.941 85.855 86.014
91.514 91.899 92.033 93.974 97.982 99.628 99.528 98.331 93.712 91.836 90.421 90.006 90.253 90.157 89.89 89.804 89.669 89.833 90.926 96.424 98.192 97.235 93.206 88.992 89.095 89.673 89.253 -9999 -9999 88.892 88.958 89.056 88.981 89.246 93.29 98.027 99.062 94.904 89.274 88.446 88.499 88.537 88.352 88.256 88.253 87.881 88.2 88.922 90.546 93.311 94.828 93.258 92.736 93.866 93.707 95.042 95.978 94.515 94.396 93.947 92.901 91.029 87.653 87.282 86.364 85.87 85.766 85.893 86.059 86.08 85.863 85.896
