dsm/se2738_DSM_2M.asc
ncols 500
nrows 500
xllcorner    427000
yllcorner    438000
cellsize     2
NODATA_value -9999
[rows 341 to 371 of 500, columns 284 to 354 of 500]
116.127 115.979 115.882 115.834 115.814 115.974 116.212 117.634 116.164 116.174 116.159 116.209 116.229 116.257 116.274 117.937 116.672 116.212 116.209 116.417 116.659 118.382 125.704 121.134 116.839 116.714 115.827 115.782 115.782 115.779 115.774 115.764 115.762 115.754 115.727 115.699 115.704 115.704 115.717 115.707 115.689 115.674 115.652 115.649 115.649 115.652 115.649 115.674 115.727 115.807 116.264 115.957 115.784 115.734 115.772 115.612 114.949 114.787 114.722 114.682 114.634 114.622 114.617 114.622 114.602 114.602 114.594 114.614 114.697 114.604 114.387
116.114 115.944 115.842 115.789 115.772 115.944 118.394 117.237 116.239 116.184 116.182 116.202 116.224 116.704 120.952 120.237 116.137 116.137 118.104 116.889 116.669 119.752 116.842 119.749 116.882 115.752 115.769 115.777 115.784 115.764 115.747 115.747 115.737 115.729 115.694 115.682 115.679 115.672 115.664 115.647 115.629 115.609 115.604 115.602 115.594 115.599 115.612 115.724 115.782 116.777 118.244 115.762 115.724 116.017 116.629 114.809 114.694 114.667 114.634 114.619 114.607 114.617 114.622 114.612 114.602 114.587 114.577 114.577 114.624 114.687 114.497
117.102 115.889 115.802 115.772 115.749 115.862 116.997 118.569 118.454 116.187 116.152 116.172 116.342 120.829 122.934 116.819 116.069 116.127 116.699 116.387 116.702 116.672 116.582 116.024 115.754 115.762 115.772 115.777 115.764 115.739 115.722 115.714 115.704 115.697 115.667 115.647 115.637 115.627 115.609 115.597 115.572 115.562 115.549 115.537 115.574 115.669 115.744 115.777 115.812 116.362 117.437 115.814 116.267 116.684 115.532 114.692 114.649 114.629 114.597 114.597 114.609 114.617 114.609 114.607 114.592 114.577 114.567 114.559 114.564 114.614 114.677
116.122 115.814 115.717 115.749 115.724 115.787 115.857 115.912 118.527 118.782 118.027 117.782 121.964 118.074 116.109 115.997 116.052 116.654 117.199 116.337 116.537 116.417 115.832 115.744 115.769 115.767 115.749 115.992 115.719 115.699 115.679 115.669 115.662 115.639 115.632 115.604 115.584 115.564 115.544 115.542 115.512 115.632 115.494 115.512 115.617 115.699 115.739 115.777 115.839 115.947 116.074 115.787 117.119 116.414 114.737 114.654 114.624 114.619 114.609 114.614 114.612 114.607 114.607 114.597 114.592 114.572 114.569 114.562 114.552 114.562 114.629
115.782 115.732 115.674 115.699 115.704 115.694 115.807 115.864 115.897 117.539 119.727 118.009 122.224 116.422 115.934 119.022 117.139 116.289 116.334 116.474 116.597 115.694 115.739 115.774 115.789 115.752 115.809 116.899 115.679 115.654 115.647 115.639 115.627 115.602 115.584 115.554 115.524 115.507 115.484 115.472 115.457 115.437 115.534 116.787 123.744 115.607 115.689 115.842 116.027 115.824 115.847 115.879 116.257 115.257 114.662 114.624 114.612 114.597 114.592 114.599 114.619 114.612 114.604 114.594 114.599 114.594 114.567 114.569 114.549 114.549 114.557
115.707 115.627 115.614 115.629 115.629 115.667 115.697 115.799 115.844 115.879 117.587 123.182 117.924 115.877 119.612 116.124 124.514 117.989 116.757 116.374 115.697 115.734 115.752 115.749 115.729 115.702 115.799 115.654 115.634 116.939 115.604 115.592 115.574 115.559 115.522 115.472 115.452 115.427 115.424 115.419 115.462 115.527 115.559 115.602 115.529 115.624 115.812 115.777 115.824 115.839 116.017 116.787 114.992 114.672 114.637 114.604 114.582 114.569 114.569 114.569 114.597 114.594 114.579 114.589 114.577 114.579 114.584 114.574 114.569 114.544 114.547
115.562 115.579 115.582 115.589 115.602 115.627 115.644 115.649 115.739 115.819 115.837 116.179 115.777 115.799 116.102 116.084 116.172 116.029 116.097 115.684 115.729 115.739 115.727 115.707 115.684 115.669 115.832 115.689 116.159 116.197 115.554 115.529 115.514 115.484 115.447 115.414 115.397 115.392 115.397 115.464 116.394 115.889 115.549 115.684 115.592 115.539 115.827 115.742 115.879 115.799 116.724 115.569 115.032 114.629 114.612 114.579 114.564 114.557 114.557 114.572 114.579 114.579 114.569 114.547 114.564 114.559 114.564 114.572 114.559 114.552 114.537
115.597 115.607 115.627 115.629 115.644 115.664 115.679 115.687 115.692 115.694 115.687 115.704 115.934 115.762 116.069 119.394 116.219 115.737 115.697 115.724 115.722 115.704 115.684 115.662 115.647 115.647 117.019 115.582 115.562 115.534 115.502 115.467 115.444 115.412 115.369 115.357 115.344 115.352 115.419 115.567 115.497 115.494 115.529 115.619 115.599 115.609 115.957 115.724 115.764 115.879 116.419 115.359 114.689 114.609 114.594 114.582 114.559 114.552 114.557 114.564 114.554 114.562 114.557 114.534 114.522 114.522 114.554 114.554 114.539 114.532 114.532
115.584 115.574 115.609 115.584 115.592 115.619 115.632 115.647 115.682 115.697 115.709 115.797 116.074 115.702 115.762 115.824 115.697 115.702 115.724 115.709 115.752 116.109 115.652 115.634 115.609 115.597 115.579 115.537 115.522 115.492 115.437 115.419 115.387 115.349 115.322 115.292 115.307 116.369 115.587 115.444 115.537 115.452 115.449 115.507 115.759 115.764 115.817 115.714 115.769 115.969 116.284 115.224 114.599 114.584 114.592 114.577 114.547 114.534 114.547 114.552 114.542 114.539 114.524 114.512 114.507 114.502 114.524 114.524 114.519 114.512 114.519
115.604 115.629 115.649 115.657 115.664 115.697 115.677 115.609 115.577 115.634 115.677 115.692 115.804 115.807 115.722 115.704 115.709 115.684 115.677 116.219 116.117 115.632 115.602 115.597 115.574 115.559 115.524 115.487 115.447 116.762 115.422 115.379 115.377 115.347 115.312 115.329 115.359 115.392 117.739 115.422 115.474 118.664 115.394 115.432 115.499 117.054 115.822 115.814 115.797 115.702 117.504 115.669 114.579 114.559 114.552 114.537 114.527 114.519 114.527 114.537 114.529 114.502 114.509 114.489 114.482 114.484 114.479 114.477 114.492 114.497 114.502
115.787 115.807 115.837 115.839 115.889 115.872 115.852 115.772 115.742 115.754 115.769 115.717 115.669 115.692 115.704 115.699 115.677 115.639 115.629 115.982 117.444 115.599 115.572 115.554 115.529 115.517 115.482 115.444 115.394 115.524 115.377 116.174 115.397 115.349 115.347 115.369 115.387 115.412 115.439 115.442 115.442 115.784 124.517 115.677 115.329 116.524 116.659 116.127 115.499 116.982 116.427 114.569 114.549 114.534 114.512 114.509 114.492 114.487 114.482 114.482 114.479 114.454 114.439 114.439 114.434 114.432 114.437 114.437 114.459 114.469 114.484
116.317 115.747 115.714 115.777 115.729 115.729 115.767 115.849 115.829 116.049 115.959 115.872 115.774 115.697 115.637 115.647 115.637 115.619 115.582 115.732 117.027 116.702 115.592 117.479 118.497 115.462 115.437 115.392 115.364 115.374 115.482 115.987 116.724 115.414 115.494 120.567 115.464 115.424 115.454 115.447 115.454 115.454 115.659 115.289 115.134 115.147 115.487 116.889 116.537 114.707 114.589 114.557 114.542 114.522 114.509 114.474 114.467 114.447 114.432 114.432 114.432 114.404 114.374 114.377 114.389 114.394 114.389 114.407 114.434 114.464 114.462
115.657 115.582 115.622 115.647 115.657 115.669 115.712 115.737 115.757 115.789 115.852 116.169 115.927 115.852 115.732 115.607 115.579 115.577 115.552 115.562 115.594 116.994 116.824 115.622 115.554 115.424 115.409 115.377 115.337 115.399 115.442 115.459 115.447 115.437 116.219 115.507 115.919 121.587 115.437 115.447 115.447 115.469 115.619 115.352 115.037 114.874 114.812 115.342 114.812 114.672 114.594 114.542 114.517 114.499 114.479 114.459 114.439 114.417 114.389 114.382 114.394 114.384 114.362 114.352 114.364 114.372 114.367 114.382 114.407 114.419 114.429
115.499 115.464 115.439 115.472 115.514 115.532 115.619 116.109 115.689 115.709 115.749 115.772 115.764 116.064 115.804 115.664 115.552 115.522 115.519 115.504 115.519 115.542 117.039 117.267 115.737 115.402 115.379 115.414 115.874 115.432 115.482 115.492 115.497 115.779 116.114 116.704 115.444 123.934 115.437 115.469 115.482 115.474 116.279 117.732 116.714 115.299 114.757 114.712 114.669 114.574 114.559 114.517 114.484 114.459 114.439 114.434 114.399 114.384 114.369 114.364 114.357 114.369 114.367 114.379 114.352 114.357 114.349 114.369 114.382 114.379 114.379
115.432 115.477 115.509 115.514 115.494 115.482 115.557 116.409 115.617 115.639 115.669 115.699 115.717 115.994 120.362 118.377 115.614 115.489 115.457 115.472 115.439 115.509 115.504 116.417 117.399 116.419 115.487 118.117 115.904 115.462 115.509 115.532 115.534 115.529 116.084 115.609 117.027 115.442 115.457 115.489 115.507 115.949 117.679 118.582 117.092 118.142 119.802 114.682 114.632 114.569 114.537 114.512 114.467 114.424 114.397 114.392 114.362 114.364 114.352 114.347 114.337 114.339 114.349 114.352 114.337 114.334 114.344 114.347 114.352 114.364 114.367
115.419 121.377 121.539 121.519 121.454 119.632 117.957 116.217 115.974 115.544 115.537 115.624 115.617 115.814 117.464 117.354 115.644 115.547 115.394 115.414 115.409 115.474 115.524 115.464 116.344 116.492 116.467 115.929 115.459 115.467 115.499 115.542 115.552 115.549 115.527 116.122 115.489 115.509 115.514 115.512 115.679 118.062 117.042 114.984 114.814 114.922 117.667 114.914 114.599 114.559 114.512 114.482 114.432 114.397 114.377 114.359 114.344 114.317 114.324 114.334 114.319 114.314 114.309 114.312 114.312 114.307 114.302 114.309 114.324 114.337 114.327
115.419 121.547 122.827 122.752 122.534 122.059 121.409 121.462 120.592 115.497 115.492 115.522 115.489 115.437 115.419 115.482 116.089 115.554 115.457 115.349 115.369 115.349 115.449 115.497 115.384 115.814 116.529 115.904 116.062 115.469 115.464 116.189 115.559 115.569 115.554 115.539 115.517 115.529 115.542 115.832 117.232 117.374 115.117 114.602 114.634 114.442 117.352 117.219 114.594 114.509 114.494 114.459 114.404 114.367 114.357 114.334 114.327 114.297 114.292 114.292 114.299 114.287 114.272 114.277 114.274 114.272 114.267 114.272 114.287 114.274 114.294
115.942 121.739 123.042 123.417 123.307 121.932 121.382 121.549 120.342 115.489 115.474 115.584 115.489 115.619 115.799 115.367 116.122 115.504 115.474 115.309 115.317 115.337 115.347 115.379 115.427 115.367 115.412 116.037 116.392 115.562 117.127 115.587 115.557 115.592 115.594 115.584 115.554 115.554 115.509 116.277 117.552 116.849 115.989 116.092 116.899 127.589 127.637 120.542 117.209 114.499 114.434 114.424 114.387 114.347 114.314 114.312 114.302 114.269 114.252 114.247 114.247 114.249 114.232 114.232 114.222 114.214 114.204 114.214 114.229 114.232 114.247
117.102 121.639 121.839 122.014 122.187 121.752 116.987 117.404 117.587 115.467 115.464 117.044 115.529 115.319 115.252 115.239 115.404 116.669 115.404 115.369 115.264 115.289 115.289 115.367 115.262 115.322 115.297 115.382 116.799 117.317 116.242 115.529 115.549 115.584 115.667 115.592 115.579 115.557 115.622 117.237 117.229 114.499 114.809 114.262 115.012 127.467 127.707 127.254 119.542 117.157 114.414 114.374 114.352 114.329 114.294 114.264 114.254 114.244 114.217 114.204 114.194 114.187 114.179 114.174 114.167 114.169 114.172 114.172 114.184 114.187 114.189
115.392 115.549 115.694 116.069 116.647 120.269 115.457 115.469 115.459 115.372 115.639 115.792 115.739 116.177 116.399 115.102 115.117 115.814 115.382 115.247 115.192 115.239 115.252 115.307 115.262 115.204 115.187 115.207 115.197 116.954 117.257 116.557 115.544 116.569 115.882 115.602 115.594 115.517 116.612 117.172 114.492 114.477 114.257 114.774 114.227 114.774 118.999 122.077 114.497 115.677 117.087 114.344 114.299 114.302 114.277 114.234 114.214 114.184 114.167 114.147 114.124 114.119 114.107 114.109 114.114 114.114 114.119 114.137 114.152 114.144 114.129
115.327 115.352 115.349 115.344 115.342 115.322 115.369 115.389 115.422 115.304 115.409 116.232 116.474 118.277 118.569 117.354 115.049 115.174 115.282 115.247 115.169 115.194 115.204 115.204 115.229 115.194 115.157 115.074 115.144 115.117 116.452 116.782 117.229 116.069 116.587 115.614 115.519 116.589 117.067 115.437 114.337 115.389 116.109 114.142 114.094 114.057 114.974 117.187 114.057 115.199 115.679 116.772 114.704 114.259 114.257 114.239 114.194 114.157 114.132 114.117 114.102 114.094 114.072 114.067 114.047 114.062 114.059 114.097 114.104 114.082 114.069
115.337 115.242 115.232 115.217 115.169 115.154 115.202 115.682 115.359 120.509 121.649 121.604 120.782 120.682 119.164 118.027 115.022 115.134 115.252 115.252 115.184 115.152 115.142 115.109 115.194 115.182 115.257 115.079 114.997 115.074 115.054 116.189 117.042 117.247 115.582 115.539 115.409 116.919 115.662 114.334 114.239 114.174 114.557 114.067 114.034 114.002 114.004 114.009 114.082 114.022 114.764 115.537 117.169 115.904 114.209 114.214 114.172 114.142 114.102 114.077 114.064 114.062 114.057 114.042 114.039 114.022 114.034 114.054 114.032 114.012 114.019
115.077 115.139 115.104 115.119 115.127 115.114 115.717 115.272 115.537 119.849 121.502 121.792 120.892 120.689 119.889 118.192 114.967 115.939 115.172 115.314 115.252 115.062 115.082 115.047 115.114 115.097 116.289 115.064 114.999 114.937 114.969 115.332 116.042 117.072 117.007 115.647 116.522 116.827 114.429 114.287 114.174 114.079 115.272 114.869 114.009 113.949 113.909 113.942 113.959 113.964 113.947 113.944 115.602 115.269 116.692 115.034 114.124 114.097 114.072 114.052 114.012 113.997 114.002 114.007 114.014 114.012 114.002 113.989 113.967 113.972 113.974
114.994 115.067 115.067 115.069 115.359 115.794 115.257 115.252 115.409 118.422 121.372 121.962 121.057 120.139 119.242 118.342 115.239 114.912 114.999 115.317 115.149 114.997 114.999 114.964 115.047 115.044 115.014 114.982 114.937 114.897 114.812 114.837 114.829 116.509 116.884 116.639 116.629 115.799 114.357 114.227 114.127 114.027 114.717 114.887 113.949 113.907 113.917 113.909 113.914 113.897 113.904 113.847 113.817 115.599 115.612 116.057 116.829 114.094 114.022 114.002 113.982 113.974 113.972 113.939 113.944 113.957 113.952 113.927 113.934 113.954 113.952
114.982 115.027 115.062 115.547 115.732 115.164 115.184 115.172 118.022 118.769 121.204 122.022 121.202 116.499 114.914 114.859 114.934 115.232 114.899 115.162 115.067 114.942 114.912 114.894 114.942 114.972 114.952 114.917 114.892 114.862 114.767 114.669 114.684 114.697 115.672 114.967 116.284 114.477 114.349 114.212 114.104 113.987 113.889 113.817 113.997 113.989 114.037 113.842 114.022 114.022 113.862 113.714 113.697 113.532 113.582 116.164 113.542 116.112 116.157 114.447 113.932 113.904 113.892 113.879 113.887 113.899 113.907 113.927 113.937 113.939 113.934
114.994 115.039 116.094 115.239 115.122 115.152 115.089 115.079 117.447 117.282 121.059 121.992 121.399 117.427 114.852 114.847 114.827 114.797 114.832 116.224 114.954 114.869 114.817 114.822 114.847 114.899 114.879 114.857 114.792 114.824 115.889 114.624 114.537 114.597 115.979 115.987 114.537 114.464 114.332 114.247 114.252 113.932 113.829 113.702 113.579 113.517 113.559 113.467 113.407 116.242 116.237 116.184 116.179 113.409 113.462 113.432 113.834 114.204 113.362 117.564 116.369 115.344 113.889 113.852 113.817 113.822 113.834 113.869 113.914 113.897 113.874
114.984 116.552 115.697 115.479 116.174 116.302 115.072 115.037 114.989 114.972 119.354 121.867 121.529 120.587 114.864 114.837 114.832 114.784 114.814 116.374 114.854 114.787 114.739 114.727 114.772 114.827 114.829 114.769 114.689 114.652 114.569 114.547 114.479 114.467 114.947 115.002 114.462 114.579 115.324 115.847 114.232 113.882 113.857 113.794 113.554 113.334 113.272 113.229 113.197 117.464 117.429 117.409 117.294 113.372 113.432 113.394 113.342 113.699 114.024 113.349 113.192 113.454 114.984 116.159 115.044 113.777 113.774 113.784 113.792 113.804 113.772
115.994 116.209 115.042 116.364 114.949 115.349 115.949 115.947 116.227 114.952 117.304 116.552 114.852 114.857 114.857 114.844 114.784 114.737 114.802 114.857 114.774 114.699 114.637 114.634 114.707 114.747 114.707 114.674 114.662 114.569 114.492 114.427 114.382 114.467 114.384 114.422 114.392 114.649 115.639 115.377 113.942 113.869 113.809 113.779 113.724 113.584 114.372 113.462 113.624 118.697 118.632 118.617 116.937 113.374 113.374 113.347 113.324 113.307 113.272 113.239 113.207 113.119 113.087 113.087 113.402 115.182 114.009 113.862 113.724 113.712 113.694
116.509 116.634 116.877 115.019 114.934 114.879 114.832 114.697 114.659 114.652 116.117 116.559 114.969 114.737 114.972 114.742 114.734 114.692 114.729 114.819 114.707 114.582 114.559 114.527 114.664 114.652 114.689 114.637 114.612 114.599 114.447 114.337 114.314 114.324 114.342 114.307 114.307 114.544 114.314 115.217 113.934 113.849 113.787 113.772 113.714 115.054 119.202 119.182 119.144 119.682 119.664 119.689 118.134 113.309 113.319 113.282 113.289 113.307 113.634 113.422 113.167 113.122 113.109 113.047 113.117 112.947 112.892 112.977 113.237 113.344 113.559
117.719 115.657 115.054 114.862 114.832 114.804 114.739 114.632 114.749 116.267 120.299 114.509 114.779 115.887 116.887 115.297 114.907 114.897 114.664 114.702 114.654 114.457 114.477 114.449 114.577 114.584 114.589 114.617 114.572 114.504 114.372 114.329 114.257 114.234 114.229 114.274 114.204 114.182 114.219 114.139 115.204 113.834 113.762 113.749 113.669 115.369 118.602 118.642 118.637 118.677 118.707 118.694 117.479 113.209 113.254 113.259 113.377 113.264 114.237 114.612 113.214 113.087 113.044 113.039 113.039 113.032 113.194 114.214 114.137 112.937 112.872
116.572 117.624 114.754 114.747 114.709 114.669 114.614 114.617 115.682 120.232 120.909 120.952 114.462 114.829 114.424 114.479 114.914 115.592 118.489 115.087 114.582 114.359 114.389 114.357 114.489 114.484 114.537 114.557 114.482 114.414 114.309 114.242 114.297 114.182 114.187 118.002 114.139 114.087 114.159 114.024 114.092 114.207 114.084 119.887 120.119 115.484 114.972 115.567 115.977 115.519 117.542 117.604 117.624 113.949 113.289 113.182 113.219 113.159 113.204 114.514 113.234 113.017 112.997 112.984 112.979 112.972 114.857 115.437 114.984 112.957 112.839
