dsm/se2738_DSM_2M.asc
ncols 500
nrows 500
xllcorner    427000
yllcorner    438000
cellsize     2
NODATA_value -9999
[rows 0 to 30 of 500, columns 71 to 141 of 500]
-9999 -9999 -9999 -9999 -9999 -9999 -9999 -9999 -9999 -9999 -9999 -9999 -9999 -9999 -9999 -9999 -9999 -9999 -9999 -9999 -9999 -9999 -9999 -9999 -9999 -9999 131.496 131.482 131.464 131.436 128.914 127.41 127.336 127.461 132.547 133.518 133.199 131.078 128.082 127.199 126.244 126.226 126.205 126.162 128.103 129.6 126.573 125.607 125.786 125.528 125.705 127.875 129.424 128.372 125.63 125.855 124.569 124.376 124.264 124.276 124.253 124.123 124.138 127.026 131.677 133.99 135.388 135.111 134.827 134.33 131.637
-9999 -9999 -9999 -9999 -9999 -9999 -9999 -9999 -9999 -9999 -9999 -9999 -9999 -9999 -9999 -9999 -9999 -9999 -9999 -9999 -9999 -9999 -9999 -9999 -9999 131.5 131.473 131.488 131.466 131.312 127.705 127.384 127.366 127.329 127.811 129.455 131.819 130.968 126.549 127.161 126.243 126.216 126.17 126.444 126.158 125.831 125.84 125.557 126.421 128.057 125.952 129.526 129.619 129.408 127.308 127.284 126.634 124.428 124.298 124.329 124.231 124.146 124.077 130.072 132.362 135.16 137.222 134.003 131.98 133.403 130.879
-9999 -9999 -9999 -9999 -9999 -9999 -9999 -9999 -9999 -9999 -9999 -9999 -9999 -9999 -9999 -9999 -9999 -9999 -9999 -9999 -9999 -9999 -9999 -9999 131.465 131.499 131.478 131.49 131.443 130.562 127.511 127.369 127.354 127.341 127.25 127.756 131.668 130.677 126.817 126.469 126.748 126.214 126.16 126.11 126.232 125.818 125.727 125.62 127.831 129.022 126.962 126.406 128.604 127.327 127.277 127.397 127.738 124.686 124.31 124.316 124.174 124.386 124.379 130.569 133.142 135.859 137.973 137.941 134.41 132.171 129.175
-9999 -9999 -9999 -9999 -9999 -9999 -9999 -9999 -9999 -9999 -9999 -9999 -9999 -9999 -9999 -9999 -9999 -9999 -9999 -9999 -9999 -9999 -9999 131.446 131.447 131.489 131.516 131.463 131.453 128.04 127.431 127.39 127.348 127.269 127.231 127.248 131.2 131.935 129.832 126.342 126.343 126.177 126.189 126.128 126.075 126.25 125.897 126.198 128.933 127.697 125.111 124.875 127.242 127.29 128.799 129.825 131.041 130.169 124.395 124.306 124.237 124.15 124.257 126.412 131.425 134.513 136.395 136.54 133.105 132.043 125.49
-9999 -9999 -9999 -9999 -9999 -9999 -9999 -9999 -9999 -9999 -9999 -9999 -9999 -9999 -9999 -9999 -9999 -9999 -9999 -9999 -9999 -9999 131.442 131.464 131.492 131.505 131.498 131.481 131.323 127.53 127.395 127.399 127.355 127.263 127.264 127.173 128.486 129.47 130.139 126.534 126.218 126.319 127.679 126.119 128.521 130.233 129.082 126.908 127.749 125.945 125.602 126.632 127.306 129.684 130.825 131.496 131.019 130.089 124.532 124.364 124.31 124.197 124.01 124.14 128.267 131.378 134.132 133.331 128.995 124.941 122.597
-9999 -9999 -9999 -9999 -9999 -9999 -9999 -9999 -9999 -9999 -9999 -9999 -9999 -9999 -9999 -9999 -9999 -9999 -9999 -9999 -9999 129.731 131.369 131.476 131.494 131.514 131.496 131.476 128.403 127.42 127.392 127.383 127.333 127.26 127.237 127.158 127.132 127.289 130.361 127.026 126.317 126.444 129.789 130.005 131.72 132.852 130.408 126.302 125.582 125.551 125.551 125.641 125.837 128.773 130.867 132.114 131.535 130.183 126.244 124.478 124.33 124.528 124.276 125.157 124.331 129.497 129.039 129.61 123.061 122.752 122.547
-9999 -9999 -9999 -9999 -9999 -9999 -9999 -9999 -9999 -9999 -9999 -9999 -9999 -9999 -9999 -9999 -9999 -9999 -9999 -9999 128.075 128.29 131.319 131.462 131.499 131.495 131.472 131.458 128.195 127.411 127.382 127.346 127.302 127.22 127.197 127.134 127.148 127.146 127.7 128.487 132.477 136.152 135.256 134.231 129.651 129.888 126.846 125.899 125.591 125.548 125.365 125.345 125.59 124.981 129.145 131.224 132.164 131.029 128.515 125.088 124.538 125.826 125.479 123.767 123.681 126.137 128.469 127.931 125.141 122.865 122.652
-9999 -9999 -9999 -9999 -9999 -9999 -9999 -9999 -9999 -9999 -9999 -9999 -9999 -9999 -9999 -9999 -9999 -9999 -9999 129.304 128.12 129.005 131.432 131.492 131.497 131.478 131.479 130.639 127.459 127.412 127.369 127.316 127.202 127.197 127.116 127.04 127.047 127.029 129.822 133.62 136.113 134.618 137.905 135.176 129.041 125.907 125.649 125.542 125.468 125.364 125.287 125.241 125.06 124.866 124.825 130.069 131.907 131.888 130.174 126.02 125.41 125.242 123.958 123.78 124.092 129.405 130.122 129.805 127.304 122.973 122.688
-9999 -9999 -9999 -9999 -9999 -9999 -9999 -9999 -9999 -9999 -9999 -9999 -9999 -9999 -9999 -9999 -9999 -9999 129.972 130.865 130.229 131.428 131.461 131.51 131.476 131.453 131.486 128.552 127.425 127.38 127.324 127.274 127.318 127.882 127.669 127.059 126.993 126.969 129.111 135.303 136.801 138.683 138.186 137.425 130.665 126.027 125.811 125.488 125.441 125.328 125.248 125.216 125.102 125.14 125.084 128.328 130.916 131.444 126.254 125.798 125.847 124.182 124.049 123.879 123.739 126.703 129.162 129.316 127.568 123.865 122.854
-9999 -9999 -9999 -9999 -9999 -9999 -9999 -9999 -9999 -9999 -9999 -9999 -9999 -9999 -9999 -9999 -9999 128.918 129.034 131.462 131.498 131.451 131.512 131.532 131.492 131.463 130.966 128.109 127.451 127.379 127.333 127.316 129.525 129.774 127.338 126.998 126.9 126.874 126.834 132.074 136.481 130.897 134.881 135.449 132.027 125.687 125.851 125.775 125.452 125.318 125.236 125.186 125.139 125.018 126.32 128.028 126.935 126.015 127.752 130.502 128.72 125.88 124.506 123.968 123.765 123.621 126.47 127.43 127.939 127.304 125.387
-9999 -9999 -9999 -9999 -9999 -9999 -9999 -9999 -9999 -9999 -9999 -9999 -9999 -9999 -9999 128.808 128.818 128.837 130.841 131.443 131.567 131.512 131.5 131.499 131.49 131.505 130.6 127.518 127.465 127.373 127.336 127.516 130.353 130.48 130.476 129.818 129.639 127.001 126.838 127.241 134.378 135.786 134.902 131.472 126.983 125.669 126.661 129.095 129.08 128.114 125.333 125.147 126.46 127.414 128.027 127.473 126.856 130.059 130.862 131.423 130.582 128.202 125.415 124.407 124.152 123.683 127.243 127.505 124.952 124.285 123.983
-9999 -9999 -9999 -9999 -9999 -9999 -9999 -9999 -9999 -9999 -9999 -9999 -9999 -9999 129.521 128.812 128.846 128.932 130.886 131.496 131.481 131.458 131.519 131.49 131.48 131.475 128.32 127.464 127.384 127.379 127.299 128.595 130.427 130.498 130.521 130.494 130.437 130.372 127.203 126.709 129.907 132.561 128.134 126.463 125.974 125.754 128.375 130.202 129.866 129.401 126.241 125.427 126.987 128.016 126.28 124.984 128.284 130.247 131.931 132.382 131.157 129.907 127.812 124.018 123.804 124.076 126.35 126.543 127.071 127.167 124.166
-9999 -9999 -9999 -9999 -9999 -9999 -9999 -9999 -9999 -9999 -9999 -9999 -9999 132.245 131.648 128.941 128.995 129.013 128.96 130.865 131.496 131.545 131.543 131.5 131.449 131.241 127.727 127.457 127.42 127.366 127.348 129.727 130.473 130.503 130.491 130.458 130.416 129.823 126.797 126.665 127.74 130.714 128.107 125.983 126.221 125.724 128.571 129.801 129.482 125.695 129.242 127.669 126.479 125.185 124.895 124.49 127.446 130.542 131.659 131.801 131.291 130.378 127.431 124.023 123.932 125.143 126.771 127.703 126.766 126.659 123.876
-9999 -9999 -9999 -9999 -9999 -9999 -9999 -9999 -9999 -9999 -9999 -9999 132.275 132.249 130.466 129.018 128.934 128.828 128.428 131.016 131.509 131.513 131.486 131.493 131.509 128.945 127.522 127.43 127.397 127.346 127.282 130.119 130.478 130.515 130.506 130.478 130.082 127.62 127.259 126.566 126.68 130.947 132.335 128.382 129.274 126.777 125.774 128.888 130.98 130.682 129.248 127.634 125.06 125.117 125.359 124.566 124.557 129.229 130.964 130.807 129.122 127.196 124.285 124.019 124.947 127.429 127.67 126.719 123.69 125.032 129.071
-9999 -9999 -9999 -9999 -9999 -9999 -9999 -9999 -9999 -9999 -9999 132.275 132.28 131.147 128.971 128.896 128.876 128.686 128.392 130.978 131.479 131.526 131.494 131.474 131.438 128.372 127.446 127.438 127.412 127.355 129.695 130.473 130.484 130.507 130.487 130.465 129.647 126.91 126.701 126.578 126.484 129.736 132.038 132.759 133.603 131.436 127.562 128.997 130.656 130.997 127.878 125.056 125.346 125.042 125.134 124.959 126.906 127.827 128.921 125.443 126.316 127.182 126.773 124.353 123.951 125.26 124.671 124.33 125.063 123.748 130.528
-9999 -9999 -9999 -9999 -9999 -9999 -9999 -9999 -9999 -9999 132.282 132.278 132.286 129.629 128.915 128.87 128.955 128.634 131.018 131.471 131.51 131.5 131.51 131.421 131.241 127.654 127.453 127.445 127.401 127.432 130.349 130.473 130.479 130.484 130.47 130.446 128.165 126.821 126.644 126.507 126.409 129.741 133.896 135.15 134.872 133.475 130.61 127.104 125.896 125.228 125.141 125.096 125.045 125.453 125.416 124.652 125.779 126.241 125.43 126.05 127.234 126.76 126.428 126.425 124.928 123.795 124.38 124.598 124.643 124.233 126.731
-9999 -9999 -9999 -9999 -9999 -9999 -9999 -9999 -9999 132.49 132.267 132.273 132.276 130.164 129 128.86 128.808 128.429 131.361 131.487 131.512 131.495 131.461 131.458 128.637 127.491 127.45 127.408 127.379 128.74 130.434 130.509 130.499 130.503 130.461 130.36 127.039 126.779 126.647 126.521 126.389 128.405 135.423 136.667 137.093 134.247 132.814 125.862 125.375 125.269 125.142 125.107 125.161 126.017 124.845 124.892 124.998 125.635 125.72 124.993 126.522 126.447 126.476 126.489 125.38 123.649 124.282 123.631 122.962 122.929 130.341
-9999 -9999 -9999 -9999 -9999 -9999 -9999 136.877 134.06 132.431 132.765 132.312 129.756 128.929 129.008 128.822 128.718 129.001 131.424 131.503 131.511 131.5 131.592 131.247 128.011 127.487 127.445 127.402 127.295 129.69 130.407 130.44 130.445 130.431 130.469 129.839 126.965 126.762 126.603 126.488 126.375 127.461 134.974 135.865 136.242 134.063 127.36 125.501 125.358 125.271 125.202 125.114 125.055 124.938 124.726 125.37 126.055 126.67 125.289 126.489 126.714 126.529 126.583 128.437 128.619 124.078 123.56 123.86 123.018 123.158 128.871
-9999 -9999 -9999 -9999 -9999 -9999 -9999 136.915 137.396 133.912 132.317 132.263 130.161 128.908 128.971 129.036 128.602 130.531 131.458 131.497 131.531 131.641 131.593 130.749 127.62 127.461 127.434 127.415 127.454 130.316 130.401 130.438 130.457 130.412 130.402 127.565 126.819 126.709 126.48 126.474 126.29 126.23 131.299 133.819 132.94 131.061 127.322 125.433 125.38 125.332 125.203 125.208 127.281 127.314 127.447 128.207 127.769 128.413 127.335 126.717 126.74 128.652 130.465 131 129.859 126.977 123.512 124.842 123.42 129.028 129.559
-9999 -9999 -9999 -9999 -9999 -9999 132.305 132.465 137.134 132.56 130.057 129.961 129.565 128.985 128.84 128.844 129.943 131.419 131.459 131.524 131.522 131.465 131.325 128.412 127.522 127.465 127.439 127.391 128.529 130.357 130.424 130.416 130.434 130.393 130.332 127.373 126.803 126.566 128.715 128.792 126.973 126.204 126.087 126.054 127.051 129.637 128.873 126.131 125.373 125.355 125.172 126.823 129.133 129.477 129.145 129.06 128.652 126.367 126.833 126.629 125.575 128.513 130.65 131.578 130.505 129.348 124.996 123.469 124.278 126.358 131.228
-9999 -9999 -9999 -9999 -9999 132.266 132.293 132.303 132.327 132.244 131.106 129.117 129.443 128.857 128.811 128.604 130.34 131.47 131.457 131.474 131.485 131.457 131.166 127.668 127.483 127.46 127.395 127.523 129.384 130.402 130.427 130.462 130.438 130.404 129.484 126.942 126.79 126.485 129.317 129.394 129.593 129.38 128.542 126.628 125.999 127.841 128.566 129.061 126.827 127.245 126.237 128.426 129.547 129.624 129.276 128.671 127.227 125.126 124.995 125.188 124.053 125.436 129.999 131.07 131.272 129.84 126.909 124.365 124.179 124.176 130.897
-9999 -9999 -9999 -9999 132.155 132.248 132.291 132.333 132.301 132.285 132.041 129.545 129.061 128.836 128.845 129.187 131.345 131.434 131.463 131.475 131.456 131.433 130.369 127.553 127.527 127.436 127.394 128.837 130.369 130.405 130.441 130.425 130.431 130.397 128.512 126.904 126.69 126.578 129.322 129.356 129.394 129.409 129.392 129.237 125.965 126.256 128.59 129.636 127.947 128.239 129.004 128.594 128.553 128.75 128.584 128.7 125.042 124.374 124.568 124.42 123.978 124.156 128.471 130.508 131.351 130.518 128.833 125.591 122.975 125.056 128.254
-9999 -9999 -9999 130.135 131.741 132.25 132.302 132.274 132.26 132.248 131.793 130.832 129.271 128.935 128.856 128.817 131.924 131.677 131.502 131.462 131.462 131.4 128.27 128.617 128.65 127.461 127.334 129.141 130.408 130.406 130.413 130.438 130.408 130.334 127.069 126.816 126.422 128.417 129.38 129.4 129.387 129.443 129.445 127.472 126.005 125.806 127.08 128.073 129.807 129.471 129.304 127.654 127.569 126.408 125.61 125.486 124.452 124.357 124.867 125.168 124.148 124.11 125.08 129.912 130.986 131.203 129.534 124.886 125.983 126.1 126.353
-9999 -9999 129.059 128.883 132.029 132.258 132.266 132.288 132.261 132.178 131.394 131.441 131.406 130.929 129.04 131.526 133.8 133.8 133.121 131.622 131.446 131.289 127.741 127.502 127.47 127.409 127.183 129.369 130.398 130.427 130.406 130.416 130.371 128.125 126.9 126.724 126.418 129.287 129.389 129.416 129.458 129.447 129.466 129.404 129.235 126.349 125.77 128.14 129.099 129.345 126.699 126.074 125.228 124.716 124.643 124.555 124.456 124.327 124.233 124.312 124.436 123.993 123.997 128.48 129.676 125.394 126.095 127.348 127.013 126.453 123.379
-9999 129.468 129.169 131.047 132.245 132.26 132.297 132.266 132.251 131.847 129.652 130.808 131.236 131.435 131.37 131.648 133.306 133.805 133.765 131.98 131.442 128.553 127.551 127.485 127.461 127.404 127.464 130.373 130.429 130.449 130.433 130.418 130.363 127.414 126.846 126.45 128.052 129.386 129.397 129.433 129.56 129.468 129.442 129.419 129.062 125.769 125.731 127.174 129.361 127.272 126.916 125.387 124.841 124.73 124.629 124.532 124.418 124.37 124.277 124.497 124.201 123.981 123.97 125.459 123.681 126.143 128.124 128.086 127.95 123.534 122.741
129.609 129.558 129.801 131.552 132.259 132.28 132.288 132.275 132.216 131.054 128.736 128.601 128.56 129.412 131.385 131.484 131.488 132.023 131.99 131.79 131.401 128.191 129.211 127.886 127.574 127.461 129.659 130.428 130.434 130.43 130.415 130.403 130.243 126.991 126.814 126.371 129.258 129.438 129.539 129.398 129.461 129.459 129.419 129.39 127.422 125.568 125.598 126.408 130.257 129.791 127.155 126.259 124.838 124.69 124.601 124.502 124.471 126.48 126.514 125.989 127.277 125.591 124.792 123.778 124.071 126.292 127.855 125.494 123.83 122.818 122.822
129.631 129.353 129.596 132.175 132.26 132.273 132.274 132.235 132.212 129.53 128.672 128.582 128.395 128.246 130.731 131.43 131.511 131.527 131.528 131.476 131.248 130.508 130.233 130.269 129.895 127.467 130.075 130.429 130.451 130.441 130.426 130.387 128.569 126.912 126.682 126.282 129.33 129.387 129.405 129.424 129.45 129.453 129.408 129.369 126.57 125.595 125.57 125.645 130.446 130.18 126.722 126.827 124.796 124.721 124.572 124.521 126.359 127.326 127.855 127.836 127.675 128.529 126.147 124.773 126.148 127.241 128.62 123.855 123.765 124.066 123.421
129.647 129.232 131.579 132.237 132.271 132.3 132.284 132.256 132.021 128.821 128.652 128.506 128.331 128.279 130.768 131.481 131.488 131.483 131.447 131.444 130.523 130.51 130.478 130.431 128.629 129.377 130.401 130.442 130.439 130.429 130.442 130.384 127.684 126.893 126.443 128.61 129.36 129.394 129.41 129.454 129.438 129.451 129.398 129.055 125.681 125.56 125.504 125.448 128.642 129.002 129.017 128.607 125.526 124.685 124.613 124.507 126.553 127.695 127.396 127.519 128.943 125.972 124.433 123.409 129.116 130.001 129.3 127.061 127.47 128.911 126.134
129.562 129.262 132.135 132.25 132.257 132.294 132.252 132.247 129.508 128.773 128.562 128.423 128.258 129.927 131.398 131.481 131.475 131.493 131.439 131.278 127.636 128.097 129.979 130.437 130.405 130.412 130.426 130.42 130.454 130.435 130.373 130.117 127.023 126.788 126.707 129.316 129.387 129.404 129.401 129.438 129.435 129.422 129.4 126.586 125.627 125.542 125.454 125.471 126.652 129.869 129.256 129.074 128.491 125.154 124.747 126.652 126.985 130.476 130.062 128.755 129.844 129.42 124.352 123.445 125.045 129.821 129.91 129.206 129.893 129.86 128.602
129.246 129.554 132.174 132.231 132.286 132.277 132.264 131.875 128.865 128.653 128.499 128.351 128.656 131.346 131.491 131.481 131.503 131.483 131.429 129.694 127.338 127.299 127.178 127.256 128.679 130.441 130.419 130.434 130.445 130.413 130.406 127.659 126.874 126.532 126.448 129.315 129.402 129.39 129.414 129.445 129.451 129.4 129.242 126.024 125.599 125.497 125.388 125.486 127.759 128.876 128.421 128.527 128.186 126.524 129.579 129.16 128.247 129.84 129.859 128.335 127.67 126.412 124.042 123.314 126.932 129.447 130.254 130.464 130.548 130.298 128.974
129.62 131.884 132.246 132.279 132.248 132.267 132.214 131.5 128.75 128.613 128.498 128.39 128.182 130.952 131.462 131.507 131.493 131.49 131.431 128.954 127.33 127.288 127.19 127.172 128.916 130.39 130.433 130.396 130.427 130.417 130.311 129.029 128.825 126.646 128.725 129.372 129.391 129.405 129.415 129.426 129.421 129.424 129.382 125.652 125.53 125.488 125.396 126.518 128.356 128.399 128.833 129.058 128.43 128.728 129.243 130.471 129.671 130.474 131.033 128.027 125.205 123.506 123.351 123.249 123.588 128.119 129.912 130.222 129.754 128.93 127.373
