dsm/se2736_DSM_2M.asc
ncols 500
nrows 500
xllcorner    427000
yllcorner    436000
cellsize     2
NODATA_value -9999
[rows 448 to 479 of 500, columns 288 to 359 of 500]
88.703 88.67 88.671 90.792 94.881 93.808 94.959 93.863 90.543 89.533 90.628 89.907 88.047 87.441 87.447 87.382 89.034 93.617 94.819 93.582 92.081 89.61 87.148 87.243 87.673 87.474 87.173 87.062 87.74 88.873 91.904 95.392 94.942 93.843 90.546 86.992 86.362 86.193 85.904 85.833 -9999 -9999 -9999 -9999 -9999 85.378 85.383 85.406 85.533 85.629 85.504 87.393 89.908 90.123 90.037 89.28 -9999 -9999 -9999 91.598 91.682 91.738 91.992 90.114 85.373 86.072 -9999 85.475 84.892 84.664 85.094 86.868
88.588 88.433 88.447 88.924 89.173 89.1 91.954 89.503 88.551 89.577 89.863 89.164 88.095 87.493 87.097 87.2 88.061 92.085 93.851 93.456 92.532 89.88 87.138 87.079 87.345 -9999 86.666 86.567 86.969 88.97 91.729 94.983 95.366 91.333 88.335 86.606 86.277 86.081 85.691 85.768 -9999 -9999 -9999 -9999 -9999 85.365 85.46 85.475 85.807 86.261 85.938 87.416 89.132 89.515 89.828 -9999 -9999 -9999 -9999 91.053 91.258 91.834 91.471 87.717 84.703 84.654 85.3 -9999 85.1 84.823 -9999 -9999
88.44 88.29 88.233 88.521 88.63 90.128 92.257 90.813 88.529 89.304 89.162 88.596 87.854 87.272 87.189 87.214 88.12 91.998 92.661 90.151 87.89 87.723 86.799 86.884 87.081 87.123 86.578 86.315 86.233 86.819 89.993 93.22 93.342 87.6 87.751 86.385 86.207 86.216 85.792 85.739 85.566 85.415 85.336 85.269 -9999 85.348 85.455 85.474 85.984 86.811 87.161 87.559 88.317 88.865 -9999 -9999 -9999 -9999 -9999 -9999 89.373 89.52 89.663 84.815 85.098 84.709 -9999 -9999 -9999 -9999 -9999 -9999
88.343 88.217 88.389 89.193 92.253 94.01 93.851 93.5 90.248 88.187 87.891 88.61 87.967 87.369 87.268 86.871 87.535 90.961 92.586 90.76 87.387 87.084 86.737 86.868 87.109 87.215 86.876 86.386 86.193 85.984 87.844 89.386 86.866 86.261 86.577 86.605 86.255 86.077 85.833 85.43 85.491 85.329 85.227 85.271 -9999 85.372 85.516 85.582 85.756 86.847 87.324 87.301 87.889 -9999 91.814 92.79 -9999 -9999 -9999 87.279 87.157 85.58 87.433 86.057 85.46 -9999 -9999 -9999 -9999 -9999 -9999 -9999
88.195 88.363 88.519 89.114 91.347 94.626 94.864 91.986 88.445 87.633 87.368 88.721 88.948 87.537 86.999 87.044 87.735 91.594 93.339 92.406 89.544 87.439 87.099 86.875 87.072 87.322 87.16 86.986 86.545 87.227 87.453 92.165 89.291 87.668 87.59 87.769 86.761 86.095 86.027 85.553 85.548 85.386 85.273 85.349 85.418 85.418 85.471 85.495 85.627 86.151 85.868 86.687 -9999 91.922 94.147 95.16 93.643 -9999 88.485 87.895 85.992 85.882 86.445 -9999 -9999 -9999 -9999 84.371 -9999 -9999 84.34 84.283
88.108 88.302 89.284 88.851 92.956 94.645 95.042 93.567 90.242 87.483 87.408 87.31 88.103 87.165 86.864 86.889 87.853 91.247 93.265 93.574 92.189 89.943 87.618 86.813 86.444 86.805 87.203 87.299 87.114 88.713 91.605 92.466 91.748 89.685 90.581 89.388 87.681 86.346 85.916 85.665 85.632 85.478 -9999 85.476 85.494 85.479 85.46 85.783 86.638 87.001 86.322 87.46 -9999 92.843 95.303 95.889 93.107 91.303 88.67 88.286 88.109 85.757 -9999 -9999 -9999 -9999 84.35 84.316 84.375 84.443 84.292 84.167
88.175 88.162 88.888 89.539 92.87 94.736 95.588 94.752 90.89 87.221 87.186 87.13 87.387 86.999 86.9 86.789 86.797 89.292 93.685 95.152 93.744 89.964 86.663 86.471 86.4 86.432 86.677 86.715 86.677 88.746 92.072 92.515 -9999 90.677 89.376 89.047 88.42 87.65 86.305 85.862 85.755 85.651 -9999 85.584 85.565 85.579 85.987 86.305 87.341 87.416 88.181 89.538 92.61 94.279 94.54 94.409 91.813 90.757 91.19 87.247 86.832 85.33 85.296 -9999 -9999 84.487 84.385 84.241 84.343 84.635 84.458 84.137
87.958 87.61 88.224 88.692 92.003 94.249 95.631 94.331 90.669 87.824 87.037 86.941 87.049 87.065 86.867 86.847 87.033 89.946 93.166 95.174 94.34 91.255 87.905 86.247 86.009 86.381 86.385 86.433 86.277 87.07 89.454 91.415 92.306 90.495 88.879 88.686 88.412 88.697 87.685 86.016 85.605 85.579 85.599 -9999 86.069 86.175 86.414 87.184 88.791 89.222 89.705 91.451 94.482 95.729 93.81 -9999 90.196 89.938 90.573 89.289 86.319 84.563 84.902 -9999 85.042 84.763 84.397 84.353 84.459 84.963 85.294 84.574
87.729 87.645 87.599 87.586 88.462 91.026 93.643 94.284 92.298 88.127 86.909 86.823 87.048 87.008 86.816 86.812 87.735 90.316 92.69 93.97 94.224 92.488 89.19 86.41 86.223 86.234 -9999 86.321 86.215 86.4 88.533 89.604 92.222 90.575 87.378 86.621 86.807 88.052 86.895 85.976 85.737 85.732 85.839 86.517 86.557 86.327 86.591 86.846 89.577 91.115 90.517 91.567 93.841 94.504 91.747 87.843 87.566 89.895 84.755 86.449 85.93 84.836 84.63 -9999 -9999 85.529 84.843 84.793 84.609 84.644 84.471 84.654
87.447 87.502 87.522 87.383 87.382 87.477 89.15 92.356 89.778 87.123 87.125 86.95 86.643 87.097 86.686 86.504 86.864 90.549 92.456 91.97 92.884 88.938 86.559 86.229 86.321 86.304 86.388 86.397 86.318 85.967 87.26 88.559 91.959 90.044 86.523 85.743 86.904 89.213 87.965 86.583 86.251 85.821 85.917 87.215 87.369 86.551 86.772 88.136 90.268 90.99 89.641 90.281 -9999 -9999 89.083 87.751 86.979 84.865 85.262 85.181 85.545 84.597 84.742 -9999 86.791 86.774 86.389 -9999 -9999 84.445 84.367 84.369
-9999 87.415 87.386 87.31 87.27 86.96 87.91 88.658 87.868 87.45 88.445 88.11 86.798 86.652 86.396 86.34 86.169 88.102 90.553 88.504 89.046 87.227 86.174 86.05 86.151 86.345 86.336 86.529 86.74 86.056 86.019 86.06 86.438 87.771 86.432 86.549 88.265 89.118 88.527 87.666 88.236 87.117 86.996 88.093 88.398 87.737 87.289 89.335 89.083 89.422 88.1 88.151 88.458 88.315 87.482 85.965 88.01 84.575 85.259 -9999 84.057 84.28 85.076 -9999 87.243 87.496 87.527 86.588 84.87 84.336 84.214 84.204
-9999 87.411 87.325 87.16 87.196 87.006 87.924 88.47 87.958 88.723 90.216 90.58 88.481 88.028 86.857 86.15 85.659 86.159 86.668 87.444 87.415 88.07 86.936 86.983 86.655 86.088 85.886 86.679 87.132 88.671 85.994 85.883 86.95 88.367 87.962 87.924 88.703 88.874 88.903 88.331 88.329 87.951 -9999 88.671 89.178 88.205 86.787 86.19 86.491 86.5 86.503 88.574 87.65 87.066 90.129 85.717 85.356 85.069 -9999 -9999 -9999 -9999 85.133 86.316 87.447 87.799 87.842 86.404 84.462 84.135 84.099 84.085
-9999 87.468 87.554 87.617 87.02 86.488 87.39 88.869 90.544 91.258 92.188 90.677 88.746 88.066 87.24 86.187 85.866 86.16 87.625 88.272 91.643 91.615 90.815 89.084 86.276 85.352 85.402 85.939 86.88 86.839 85.531 85.747 87.2 88.804 89.5 89.078 89.004 89.026 -9999 -9999 88.567 -9999 89.731 89.415 89.326 88.405 86.686 85.001 85.122 85.086 84.74 85.094 85.149 84.365 85.697 84.693 85.047 -9999 -9999 -9999 -9999 83.962 84.412 84.941 86.919 88.248 87.213 85.73 84.215 84.105 83.872 84.09
-9999 87.399 87.457 87.072 86.279 86.613 87.589 89.682 91.899 92.025 92.717 92.284 87.906 87.668 87.729 86.435 85.909 85.993 89.004 91.292 92.978 93.19 91.893 90.345 86.28 85.305 85.521 85.769 85.854 85.625 85.296 86.076 87.959 89.552 90.602 89.601 89.191 -9999 -9999 -9999 89.818 89.505 89.434 90.026 89.605 88.698 88.264 86.696 84.895 84.295 84.137 84.007 83.76 83.808 84.498 84.846 85.02 -9999 -9999 -9999 83.756 83.819 84.093 84.285 87.127 86.888 86.329 85.413 85.885 85.128 84.235 84.122
-9999 87.374 87.445 87.189 86.317 86.592 87.986 88.093 88.367 89.138 91.034 92.368 88.989 87.644 88.093 86.786 85.77 85.553 87.01 91.909 93.309 93.079 91.881 89.716 86.087 85.546 85.878 85.716 85.475 85.205 85.392 86.101 88.169 88.642 89.52 89.293 88.915 88.983 89.431 90.196 89.901 89.606 89.164 89.048 89.14 88.886 88.872 88.23 84.956 84.245 83.948 83.704 83.621 83.72 83.718 83.724 84.034 -9999 -9999 83.679 83.73 83.9 83.69 84.793 86.42 86.678 86.804 87.313 88.115 86.308 84.666 83.942
-9999 87.189 87.254 87.047 86.596 86.532 86.466 86.417 86.538 86.262 87.068 88.087 87.704 86.293 86.662 86.192 85.689 85.69 86.394 91.015 93.167 93.105 92.143 89.673 85.812 85.305 85.77 85.842 85.541 85.135 85.058 85.138 86.501 88.389 88.989 89.009 88.627 88.76 89.587 90.264 90.098 90.021 90.149 88.847 88.859 88.855 88.477 87.245 84.651 84.082 83.765 83.605 83.601 83.58 83.566 83.566 83.546 83.603 83.682 83.671 83.603 83.804 84.046 84.956 85.814 87.027 87.701 88.811 88.203 84.928 83.773 83.688
-9999 -9999 -9999 86.644 86.426 86.515 86.628 86.98 86.756 86.002 86.041 85.836 85.71 85.933 85.838 85.759 85.542 85.65 85.545 89.59 93.187 93.527 92.001 87.9 85.499 85.316 85.885 85.944 85.59 85.061 85.025 85.377 87.025 88.756 88.965 89.405 89.405 89.573 90.087 90.69 90.092 89.282 89.085 88.884 88.851 88.272 86.173 84.153 84.368 83.837 83.708 83.64 83.545 83.448 83.462 83.502 83.514 83.634 83.756 83.741 83.717 84.357 86.071 87.015 87.383 87.354 87.821 89.264 87.17 83.851 84.164 84.079
-9999 -9999 86.361 86.269 85.909 86.229 86.57 86.856 86.523 86.105 85.963 85.834 85.618 85.654 85.486 85.448 85.337 85.243 86.199 89.298 91.245 92.246 91.245 89.167 85.404 85.298 86.11 85.893 85.546 85.073 85.024 85.277 88.431 89.514 89.746 89.859 90.045 89.84 90.005 90.072 88.632 88.566 88.848 88.875 88.499 86.676 85.6 83.837 84.163 85.148 83.966 83.673 83.461 83.44 83.451 83.78 83.96 84.093 83.889 83.823 84.226 86.147 89.739 88.728 87.215 86.659 85.872 85.502 86.094 87.17 85.486 85.239
-9999 -9999 -9999 86.02 85.813 85.995 -9999 86.669 -9999 -9999 -9999 -9999 85.598 85.568 85.525 85.362 85.221 85.31 86.672 88.304 89.112 89.278 88.808 87.198 85.117 84.998 85.449 85.535 85.487 85.109 85.049 85.525 87.114 89.528 89.919 89.907 89.373 89.099 89.068 88.867 88.311 88.584 88.795 88.162 87.998 87.263 84.78 83.312 83.857 84.427 83.567 83.443 83.462 83.456 -9999 -9999 -9999 85.199 84.985 84.674 85.438 87.603 88.759 87.442 86.833 85.919 85.112 84.439 84.517 85.379 85.818 86.151
-9999 86.444 -9999 85.951 85.662 85.665 85.899 -9999 -9999 -9999 -9999 -9999 -9999 85.508 85.484 85.392 85.429 85.535 85.832 85.906 86.608 86.12 86.618 86.777 85.511 85.071 85.567 85.438 -9999 85.073 84.983 85.107 85.29 86.766 88.301 89.077 89.841 89.005 87.672 87.398 87.702 88.251 88.438 88.559 85.114 83.91 83.469 83.123 83.31 83.511 83.506 83.618 -9999 -9999 -9999 -9999 86.83 86.426 86.592 87.009 88.521 89.07 87.764 86.807 86.532 85.565 84.648 84.505 83.967 84.202 86.845 86.785
87.278 86.802 86.491 85.927 85.492 85.613 85.889 86.662 87.022 86.776 -9999 -9999 -9999 85.58 85.542 85.902 86.781 86.246 86.239 86.521 85.965 88.438 88.432 87.171 85.166 85.557 85.092 85.426 -9999 -9999 84.945 84.972 85.132 86.177 86.779 87.489 88.162 86.291 84.97 85.091 86.964 87.564 87.949 86.045 83.637 83.181 83.128 83.013 83.174 83.267 83.396 -9999 -9999 -9999 -9999 86.517 86.863 87.027 87.02 87.993 89.617 90.311 88.583 86.881 86.649 86.499 85.14 83.814 83.281 84.128 85.147 85.345
87.136 86.886 86.701 86.022 85.467 85.658 85.714 86.934 87.619 86.519 86.309 -9999 -9999 85.711 85.696 85.444 86.206 85.969 84.89 84.944 85.66 90.305 89.462 87.066 85.261 84.916 85.383 85.513 -9999 -9999 84.903 84.773 85.161 86.145 85.45 85.056 84.685 84.503 84.71 86.142 87.747 86.971 85.795 83.782 83.111 83.012 82.894 82.958 83.037 83.11 -9999 -9999 -9999 -9999 85.423 86.455 87.097 87.016 86.993 88.661 89.871 89.968 88.558 86.918 86.71 86.348 84.27 83.099 83.125 83.316 83.522 83.773
86.202 86.288 86.518 86.132 85.759 85.775 85.542 86.313 87.225 85.919 86.015 -9999 -9999 -9999 85.668 85.462 86.034 85.785 84.823 84.687 86.269 89.681 89.242 87.157 85.95 85.131 85.519 85.58 85.461 -9999 85.054 85.06 85.241 85.007 85.013 84.842 84.879 84.938 86.611 89.043 89.416 87.892 85.63 84.567 83.361 82.745 82.716 82.844 82.977 -9999 -9999 -9999 -9999 84.029 84.297 85.741 87.368 87.048 87.677 89.335 90.093 89.475 87.79 86.341 85.378 84.015 83.235 83.104 83.174 83.342 83.38 83.216
86.139 86.071 85.858 86.162 86.175 87.76 86.401 85.65 85.513 85.549 85.694 85.99 -9999 -9999 -9999 85.462 85.471 85.769 84.916 84.589 85.385 89.74 90.645 87.738 86.179 86.288 85.773 85.62 -9999 -9999 85.16 85.205 85.45 85.391 85.386 85.258 85.165 87.33 89.622 89.984 89.099 87.886 84.867 84.355 83.402 82.913 82.804 82.834 -9999 -9999 -9999 -9999 82.927 83.28 83.355 83.872 86.082 86.723 -9999 89.034 88.984 87.594 85.037 84.2 83.85 83.28 83.803 83.616 83.46 83.321 83.353 83.139
89.215 87.604 87.232 89.74 89.83 88.92 87.191 85.736 85.336 85.587 85.602 86.162 85.789 -9999 -9999 85.119 84.693 85.126 85.021 84.701 84.683 87.166 88.307 86.484 85.371 85.945 85.826 -9999 -9999 -9999 -9999 85.302 85.753 86.145 87.498 86.94 86.78 88.708 89.802 88.998 88.339 87.474 85.649 84.474 83.156 83.532 -9999 -9999 -9999 -9999 83.048 82.975 82.896 82.926 83.063 83.73 -9999 -9999 -9999 -9999 85.726 83.682 83.501 83.102 84.07 84.317 85.371 85.548 84.698 84.474 83.692 83.587
89.383 87.766 88.049 93.106 92.241 91.06 89.454 85.871 85.155 85.486 87.249 85.906 85.474 85.42 -9999 84.977 84.939 85.071 85.535 85.236 84.714 85.28 85.326 86.021 85.482 85.701 -9999 -9999 -9999 -9999 84.556 84.908 86.049 86.708 87.974 87.765 87.764 88.155 87.727 87.121 87.9 87.327 86.244 86.038 84.369 84.082 -9999 -9999 -9999 83.126 83.114 83.005 82.787 82.928 83.023 83.362 -9999 -9999 -9999 84.36 84.126 83.554 83.444 83.32 84.449 85.741 85.931 86.191 86.318 85.145 83.761 83.708
90.821 90.526 91.41 90.98 90.185 89.905 90.242 85.67 84.913 84.883 85.263 85.137 85.138 85.164 -9999 -9999 84.843 84.896 85.237 86.425 85.411 85.286 85.236 85.363 -9999 -9999 -9999 -9999 84.616 84.386 84.316 84.136 84.957 85.883 87.127 87.659 88.789 87.978 86.742 86.836 86.864 86.568 86.025 85.679 84.731 84.038 83.387 83.041 83.111 83.139 83.279 83.224 83.199 83.499 -9999 -9999 -9999 -9999 84.721 84.702 84.603 84.204 83.156 85.283 87.271 86.579 86.999 87.806 87.182 85.29 83.989 83.986
91.1 91.16 91.244 86.346 86.175 85.724 85.126 85.065 84.776 84.472 84.856 86.199 85.734 84.813 84.859 -9999 84.712 84.515 84.95 85.103 84.177 84.367 84.887 -9999 -9999 -9999 -9999 85.114 84.767 84.541 84.409 84.06 83.944 84.138 85.197 87.167 89.554 89.326 87.616 86.5 86.247 85.175 83.517 83.018 83.222 83.35 83.136 83.029 83.045 83.06 83.381 84.167 85.139 85.758 85.294 -9999 -9999 85.091 84.933 84.87 84.981 84.748 84.461 85.671 86.936 87.298 88.169 88.621 86.447 84.16 84.071 83.408
86.923 87.402 87.23 86.802 85.695 85.737 84.897 84.748 84.641 84.629 86.08 88.427 86.334 84.888 85.176 -9999 84.801 84.84 84.869 84.792 84.626 84.548 -9999 -9999 -9999 -9999 85.265 85.696 85.046 84.132 84.178 83.964 83.957 83.869 84.087 85.517 90.203 89.476 87.694 86.255 85.241 83.362 82.324 82.483 82.514 82.6 82.987 82.991 82.968 82.868 83.595 85.212 86.834 86.82 86.598 -9999 85.768 85.437 84.914 84.497 84.729 84.962 84.96 84.738 84.632 85.493 87.33 86.587 83.86 83.933 84.132 83.856
85.117 86.327 87.048 86.46 85.97 84.822 84.754 84.562 84.583 85.79 90.283 92.373 87.305 86.065 85.146 -9999 -9999 -9999 -9999 -9999 -9999 84.303 84.259 83.949 -9999 84.172 85.057 86.913 85.835 84.164 84.084 84.036 84.049 83.871 83.971 86.09 88.049 86.941 87.086 86.058 83.889 82.615 82.405 82.366 -9999 -9999 -9999 82.908 83 83.111 83.251 84.318 87.537 86.882 86.82 86.384 85.839 85.956 85.2 84.127 83.844 84.152 84.861 83.861 83.057 84.158 84.864 83.713 82.648 83.241 83.528 83.946
86.657 86.798 86.702 86.026 86.899 87.248 85.449 84.898 84.786 86.254 88.493 93.059 89.154 84.51 84.155 83.892 -9999 -9999 -9999 -9999 -9999 84.361 84.286 84.015 83.671 83.758 83.904 85.18 84.967 84.183 83.759 84.471 84.578 84.426 84.748 86.495 87.834 87.944 87.533 86.488 84.053 82.815 82.474 -9999 -9999 -9999 -9999 82.719 82.728 82.662 82.867 83.783 85.754 86.683 86.869 85.973 85.633 85.52 85.093 83.38 82.673 82.903 83.088 82.753 83.316 85.839 86.658 83.608 82.911 82.941 83.409 83.945
86.962 86.935 85.956 85.142 87.716 88.828 85.362 84.864 84.404 85.809 90.307 87.504 85.77 84.07 83.801 83.706 -9999 -9999 -9999 84.661 84.69 84.38 84.155 84.037 83.798 83.999 83.365 83.502 83.648 84.364 84.507 84.641 85.304 85.803 86.838 88.04 88.115 88.218 88.088 87.494 86.35 84.509 -9999 -9999 -9999 -9999 82.382 82.511 82.669 82.472 82.492 83.567 -9999 86.084 85.794 85.129 84.904 84.971 85.16 84.516 82.823 82.618 82.578 82.556 84.228 88.564 90.52 85.645 83.85 83.943 84.751 84.145
