dsm/se2739_DSM_2M.asc
ncols 500
nrows 500
xllcorner    427000
yllcorner    439000
cellsize     2
NODATA_value -9999
[rows 279 to 309 of 500, columns 207 to 275 of 500]
136.982 137.007 137.057 138.992 137.071 136.912 136.962 137.037 137.087 137.121 137.133 137.115 137.133 137.168 137.376 137.228 137.386 139.067 140.188 143.125 142.653 141.979 141.202 140.267 138.268 140.01 142.007 140.824 141.366 138.7 137.689 137.742 137.773 140.174 142.7 140.827 138.043 138.056 139.492 143.594 144.663 145.27 144.754 143.773 139.771 138.055 137.997 137.956 137.996 137.979 137.949 138.127 141.205 143.554 145.685 142.156 138.439 139.684 138.705 138.658 138.787 139.752 141.961 145.918 145.918 143.148 139.394 139.872 139.393
136.97 136.99 137.067 139.153 138.713 136.973 137.032 137.016 137.095 137.135 137.084 137.109 137.138 137.179 137.202 137.209 137.643 138.866 141.933 143.378 144.349 144.252 143.884 142.632 137.458 137.632 137.669 140.715 141.383 138.439 137.679 137.675 137.744 140.591 138.406 138.516 137.969 138.066 138.781 144.373 144.911 145.013 145.086 143.478 140.756 140.769 138.568 137.98 137.946 137.993 138.009 138.071 140.483 141.557 141.99 138.953 138.827 138.254 139.813 140.765 140.274 139.047 138.863 139.63 141.178 140.466 140.403 139.997 139.445
136.901 136.934 137.145 139.479 138.594 138.804 137.361 137.61 137.192 137.118 137.124 137.236 138.059 137.217 137.225 137.265 137.182 139.286 140.623 143.496 144.052 144.382 143.61 142.155 137.498 137.594 137.667 139.941 141.052 137.637 137.673 137.662 140.211 141.083 140.622 139.581 138.517 139.918 138.086 139.254 142.818 142.74 142.95 143.373 141.23 141.108 138.352 138.11 137.919 137.951 137.975 137.967 141.266 143.145 139.03 138.2 138.166 138.266 140.248 141.17 141.314 143.693 142.29 142.39 138.812 139.471 139.768 139.347 139.254
136.892 136.926 137.093 138.076 137.852 138.233 137.055 137.164 138.25 138.888 139.248 140.856 141.631 141.134 137.359 137.258 137.424 138.808 141.748 142.646 142.818 142.96 143.245 138.943 137.616 137.646 139.414 141.105 139.544 137.572 137.644 137.629 137.704 138.898 140.792 137.772 138.168 141.044 140.636 140.013 139.692 138.343 138.327 140.586 141.087 140.69 138.765 140.387 138.872 138.096 138.686 138.181 143.252 142.777 143.574 139.257 138.171 138.265 138.406 141.868 143.989 145.195 145.698 144.185 139.333 140.372 140.353 139.075 139.199
136.843 136.931 137.592 139.114 137.323 138.501 137.475 137.981 138.032 138.514 141.487 141.202 141.977 141.479 139.254 138.314 137.47 137.497 139.283 141.926 142.489 142.602 142.471 137.55 137.826 137.876 137.741 140.604 138.463 137.594 137.592 137.631 138.143 137.833 137.825 138.068 137.716 140.412 142.309 141.924 140.888 140.333 138.147 138.364 138.281 140.473 141.804 141.71 141.82 141.437 140.988 144.371 146.624 146.92 142.765 138.009 138.145 138.284 138.4 142.363 144.62 145.279 145.784 144.188 139.544 139.237 138.788 138.966 139.102
136.859 136.944 138.946 139.386 137.023 136.892 136.935 137.366 137.829 137.56 140.36 140.652 138.624 141.532 137.873 138.014 138.529 138.671 138.686 138.529 137.975 138.828 138.078 137.646 138.866 138.054 138.536 137.96 137.697 137.561 137.563 137.605 138.131 138.019 138.205 138.059 137.81 141.563 142.761 142.687 142.026 141.661 138.053 137.95 138.581 139.075 139.334 140.562 140.527 140.126 142.446 146.045 146.599 148.936 147.044 140.422 138.145 138.31 138.425 139.766 144.174 145.538 145.521 143.998 139.258 138.884 141.393 142.098 139.096
136.801 136.902 139.72 137.975 136.847 136.863 136.924 137.059 136.984 137.647 137.545 137.034 137.775 137.307 136.997 137.078 141.209 141.383 137.961 137.524 138.612 138.425 138.727 138.57 137.67 137.666 137.722 137.92 137.539 137.516 137.521 137.599 138.028 137.728 137.682 137.679 137.908 143.234 144.119 143.907 143.609 142.322 138.058 138.103 138.298 138.29 139.232 139.707 137.952 139.066 138.837 146.119 148.576 147.544 143.691 142.974 138.236 138.412 138.909 138.671 144.286 145.593 144.963 143.946 140.336 139.173 142.535 142.278 139.146
136.807 137.113 139.726 137.678 136.832 136.86 136.876 136.9 136.884 137.069 136.976 136.907 136.945 136.914 136.966 140.702 143.764 143.865 143.426 143.416 143.297 139.344 138.563 138.512 138.743 139.16 140.114 140.125 137.496 137.458 137.513 137.589 137.835 137.62 137.618 137.646 141.183 144.326 145.249 145.203 144.579 140.532 137.597 137.649 137.705 137.818 138.941 138.08 138.07 139.172 142.295 144.957 147.023 148.698 148.568 145.513 139.745 138.634 138.699 138.685 144.793 145.74 144.236 139.234 138.85 138.834 139.322 138.939 139.016
136.754 138.164 139.725 137.251 136.818 136.783 136.837 136.873 136.838 136.865 136.847 136.88 136.934 136.92 137.666 138.291 138.388 143.058 143.359 143.669 144.88 144.324 142.541 140.001 137.596 137.496 140.288 140.905 138.043 137.442 137.395 138.236 138.069 137.579 137.606 137.695 139.39 143.455 143.809 144.07 144.193 140.34 137.61 137.643 137.646 137.797 139.577 138.516 137.872 139.659 143.386 146.075 148.018 149.439 149.065 148.195 140.28 138.212 138.685 138.714 143.643 144.951 143.764 138.603 138.547 138.926 138.912 138.919 138.983
136.681 138.547 139.532 139.441 138.574 136.81 136.793 136.829 136.855 138.454 138.068 136.882 136.872 136.907 137.429 138.003 137.869 143.155 143.741 143.669 144.914 143.758 142.04 139.797 137.383 137.43 139.212 139.632 137.407 137.421 137.408 137.829 139.097 139.038 138.618 138.679 138.427 138.651 139.126 138.764 139.204 138.167 137.881 137.612 137.598 137.635 138.335 137.948 139.845 143.162 141.32 145.87 147.887 149.34 148.885 141.598 138.183 138.125 140.469 141.095 142.526 138.927 140.564 139.374 138.663 140.432 139.443 138.838 138.921
137.619 139.191 146.506 142.113 141.178 138.762 138.234 138.457 138.714 140.405 140.644 137.528 137.082 136.906 136.933 137.27 137.281 142.367 143.136 143.839 144.728 143.76 137.697 137.565 137.412 137.461 140.17 138.308 137.371 137.379 137.45 138.034 137.57 137.58 138.145 141.266 138.89 137.814 138.6 138.691 138.929 139.021 139.145 138.982 137.67 137.67 137.729 137.674 139.629 140.8 139.835 146.8 147.78 145.459 147.59 142.705 138.076 138.221 140.906 141.96 144.618 145.567 144.469 141.47 138.949 139.463 139.715 138.806 138.866
150.373 147.861 143.311 146.483 149.34 146.12 138.741 138.389 140.013 140.734 140.574 139.068 138.509 137.249 137.377 137.39 138.583 139.77 139.805 140.7 137.799 138.437 137.278 137.298 137.718 137.527 138.472 137.543 137.306 137.345 137.469 139.268 137.503 137.542 142.597 144.094 143.898 143.727 143.404 141.845 137.999 138.273 138.045 138.29 139.292 139.363 139.418 140.046 140.608 143.497 145.133 148.802 149.686 149.064 145.604 138.015 138.04 138.336 140.855 141.95 144.982 145.456 144.242 139.691 138.748 139.696 138.885 138.817 138.875
151.162 145.458 148.432 152.218 152.796 145.874 138.149 136.81 137.767 139.626 137.815 138.459 138.804 138.784 138.785 139.182 139.185 139.732 139.774 139.795 137.778 137.658 138.443 138.563 137.982 138.276 137.586 137.293 137.285 137.278 137.429 138.113 137.534 137.421 138.511 143.693 144.892 145.034 143.716 139.027 137.435 137.485 137.481 137.502 137.991 137.552 137.826 140.135 139.693 144.052 147.242 150.006 150.741 150.886 149.042 138.336 138.093 138.393 138.802 143.772 145.142 145.337 143.803 139.509 139.431 138.995 138.804 138.807 143.068
151.689 145.354 153.546 153.724 152.794 148.264 136.882 136.755 136.711 136.722 136.72 136.773 136.976 137.18 136.938 137.561 138.6 137.833 139.267 139.165 138.897 138.641 138.631 137.634 137.57 138.061 137.666 137.223 137.282 137.253 137.332 137.377 138.288 137.678 137.682 143.411 143.679 144.289 143.502 138.559 137.417 137.763 137.489 137.452 137.462 137.42 137.462 137.479 137.758 146.582 148.585 149.989 150.86 150.74 149.317 138.381 138.052 138.443 138.721 143.682 145.487 144.744 144.039 139.344 141.476 139.235 140.558 138.892 140.953
152.366 153.664 153.9 153.56 152.377 151.903 147.435 138.629 136.739 136.734 136.75 136.763 136.767 136.817 136.8 136.994 141.824 142.219 142.82 142.541 138.902 140.114 139.472 139.124 139.66 142.062 137.657 137.264 137.262 137.263 137.906 138.153 137.59 137.318 140.11 142.218 142.416 142.558 142.665 138.468 137.421 137.511 137.456 137.416 137.436 137.463 137.532 137.636 139.617 147.256 148.064 148.131 149.054 149.609 146.382 138.179 138.199 138.355 138.615 144.038 145.651 145.225 145.009 144.774 139.325 142.071 142.628 139.575 138.8
152.705 153.582 154.038 154.248 152.883 152.118 145.988 136.851 136.698 136.738 136.716 136.75 136.766 136.815 136.783 137.091 143.049 143.431 144.296 144.413 142.862 139.417 137.879 137.177 137.661 141.829 140.463 137.593 137.214 137.244 137.562 137.785 137.717 137.528 139.443 140.717 141.134 140.269 140.809 137.436 137.396 137.39 137.398 137.422 137.426 137.494 137.724 139.929 144.661 147.596 146.892 139.612 143.137 140.518 139.513 137.787 138.425 137.999 139.277 142.222 144.601 144.492 144.604 145.004 138.847 142.148 142.024 139.318 138.803
152.269 144.84 152.811 153.385 152.876 151.439 146.994 136.797 136.689 136.684 136.719 136.719 136.723 136.758 136.796 136.939 137.564 141.925 144.43 144.269 142.516 138.643 137.204 137.178 137.239 139.536 137.795 137.122 137.156 137.22 137.361 137.35 137.323 137.555 140.088 140.157 139.465 138.581 138.05 139.275 137.534 137.921 137.529 137.322 137.299 137.487 138.251 140.8 145.25 146.562 147.075 147.149 141.863 137.796 137.824 137.809 138.126 141.277 142.227 139.452 139.614 139.229 139.229 138.912 138.425 138.7 140.744 139.111 138.736
144.852 149.541 152.997 153.131 152.254 150.341 146.813 138.681 136.72 136.673 136.682 136.702 136.723 136.743 137.2 137.334 139.842 143.278 144.5 143.725 141.578 137.177 138.813 137.185 137.225 138.294 137.411 137.146 137.153 137.22 137.463 137.349 137.506 138.903 140.233 140.242 140.195 140.204 140.215 138.73 138.168 138.896 138.241 138.301 138.495 137.417 137.496 141.537 144.251 145.568 146.689 146.178 142.121 137.826 137.831 137.94 137.951 142.152 144.377 143.183 142.841 140.35 139.055 138.159 138.253 139.81 139.729 138.85 138.727
150.802 150.866 151.116 151.719 148.313 149.849 149.746 145.987 143.109 144.005 138.593 137.166 136.7 136.926 137.552 138.188 137.098 140.375 141.21 141.619 138.664 137.601 139.59 137.198 137.226 137.314 137.074 137.099 137.083 137.481 139.707 137.548 138.576 138.079 142.773 143.926 140.39 140.331 140.421 137.425 137.263 137.338 139.287 138.755 137.721 138.201 138.445 142.4 147.917 148.7 146.201 138.444 137.774 137.824 137.803 137.978 138.085 143.837 144.904 144.435 143.076 141.294 139.257 138.065 138.773 139.173 138.927 138.915 138.71
147.896 142.328 148.464 148.766 149.163 149.585 149.822 147.38 145.963 147.713 146.388 141.544 138.419 141.49 140.646 139.289 137.761 139.095 139.626 139.49 137.009 137.043 137.46 137.124 137.186 137.261 137.031 137.06 137.136 140.768 138.702 137.308 137.612 138.07 143.847 145.085 143.753 142.741 142.016 138.604 137.334 137.248 137.851 137.843 137.257 137.286 140.981 145.021 149.192 149.426 146.865 142.896 137.802 137.753 137.97 138.015 138.897 139.811 143.727 144.511 144.594 144.179 140.816 137.966 138.085 138.281 138.541 138.688 138.785
139.72 140.128 139.833 139.638 144.976 148.446 147.264 144.011 143.835 145.777 144.877 142.046 141.719 142.454 142.606 141.691 140.592 138.698 139.166 139.354 137.073 137.075 137.159 139.262 137.208 137.031 136.981 137.14 140.878 141.378 139.895 137.333 139.741 142.445 143.987 144.972 143.305 142.693 139.044 139.723 137.993 137.17 137.211 137.373 137.431 137.755 143.518 148.461 148.601 148.263 146.245 142.588 138.376 138.912 138.222 138.02 138.073 138.225 143.308 145.024 145.209 143.94 141.28 138.033 138.124 138.847 138.672 141.356 140.91
137.906 137.052 136.77 137.078 136.958 137.938 136.646 137.406 136.865 140.748 139.105 136.69 138.237 141.537 139.932 141.543 140.922 139.099 138.11 138.815 138.795 139.74 140.684 143.873 143.364 137.168 136.978 137.029 139.199 140.459 138.279 137.287 140.167 142.584 144.411 144.829 143.957 143.489 139.113 137.562 137.561 137.203 137.132 137.216 137.515 138.027 145.197 148.27 148.559 147.351 141.235 137.609 137.607 137.9 138.368 137.864 138.705 138.483 143.449 143.905 144.539 143.758 141.129 138.558 138.33 138.376 138.511 140.588 139.848
142.235 146.283 145.279 142.045 136.835 136.637 136.632 136.597 139.404 140.938 140.815 137.724 136.654 137.077 136.698 140.922 143.242 143.042 141.813 141.436 138.143 139.813 138.923 142.35 143.373 138.808 136.977 136.957 137.028 137.708 138.825 138.583 138.449 138.847 139.352 139.371 142.004 142.77 137.284 139.819 137.207 137.121 137.128 137.137 137.307 138.179 143.817 146.13 148.318 147.061 138.669 137.579 137.613 137.705 137.94 139.795 141.568 140.936 138.757 138.061 139.887 142.169 139.985 138.681 138.238 138.345 138.826 139.498 140.498
148.331 149.462 148.967 147.539 139.036 136.653 136.601 136.566 136.677 139.844 140.421 137.462 136.678 136.711 136.722 140.939 143.983 144.265 144.048 143.601 137.921 136.942 137.021 139.913 140.443 137.028 136.964 136.872 137.013 137.039 137.461 138.219 138.684 137.743 137.387 138.617 138.77 138.426 142.168 141.538 137.291 137.191 137.198 137.146 137.365 140.686 142.994 144.983 144.056 139.25 137.988 137.539 137.549 137.58 137.732 142.656 143.504 141.937 140.523 137.679 138.135 139.512 138.443 138.136 138.181 138.31 138.454 139.814 141.607
148.571 143.027 149.144 146.453 141.905 139.338 138.551 139.23 137.467 139.477 138.267 136.651 136.683 136.72 136.896 141.619 143.181 143.325 143.496 142.391 137.54 137.012 137.362 140.569 140.518 137.274 136.938 136.912 137.799 138.021 137.917 138.064 139.219 139.891 139.345 139.05 138.85 140.912 143.452 143.692 142.29 139.59 139.192 139.439 138.985 142.821 146.682 146.25 144.877 139.065 137.528 137.512 137.531 140.031 141.237 143.437 144.75 144.402 142.275 137.676 137.723 137.862 139.92 138.435 138.18 138.478 146.624 141.806 139.074
150.626 149.784 148.925 141.407 140.044 140.366 140.368 144.15 142.631 142.327 142.629 140.1 137.761 136.776 136.941 140.02 140.402 141.681 141.872 142.21 136.876 137.075 136.96 140.476 138.82 136.866 136.891 136.927 138.363 139.122 137.305 137.402 142.099 142.451 141.903 141.423 140.06 137.696 142.576 143.228 141.142 140.657 138.777 140.482 143.291 142.781 146.51 147.527 145.967 139.156 137.6 137.54 137.503 142.819 143.889 144.088 144.693 143.998 140.101 137.681 137.868 138.482 137.899 138.57 138.916 148.953 151.77 150.813 142.853
152.824 152.59 149.735 145.782 136.813 137.143 139.191 144.83 142.861 143.014 144.287 144.019 142.083 141.182 141.733 137.394 137.825 139.152 139.291 137.63 136.803 136.928 137.777 139.502 140.611 136.856 136.831 136.917 137.359 137.107 137.13 137.184 143.321 144.15 144.025 143.496 142.609 137.212 137.866 139.192 137.796 137.532 137.092 140.278 140.526 143.01 144.974 142.75 140.727 138.685 138.762 138.72 138.152 143.764 144.358 144.81 144.635 143.361 139.007 137.596 137.694 138.025 138 138.054 144.719 150.037 150.959 145.493 149.117
153.954 153.123 150.934 146.377 136.856 136.549 141.033 142.885 140.541 142.691 144.743 143.962 141.979 141.412 139.954 137.966 137.73 139.512 138.469 138.099 136.936 138.071 138.26 140.826 136.896 136.796 136.801 136.945 137.318 137.08 137.102 140.747 143.799 144.415 144.682 143.324 139.523 137.136 137.066 137.122 137.443 137.433 137.052 137.059 138.055 142.773 144.764 144.052 138.067 137.896 138.075 137.927 138.7 142.604 143.573 144.819 144.16 142.389 137.924 137.641 137.768 137.906 138.067 138.339 140.285 143.775 148.574 153.239 145.459
154.332 153.875 152.441 146.196 137.749 136.454 138.938 137.067 136.557 139.672 141.109 138.81 137.251 139.065 141.223 140.917 141.448 137.803 139.043 138.754 138.837 141.033 141.405 141.059 137.586 136.764 136.758 137.137 138.553 137.274 137.099 137.124 139.763 143.915 142.874 143.376 138.086 137.348 137.05 137.163 138.572 137.474 137.115 137.077 139.463 140.881 142.615 141.95 137.488 137.449 137.729 141.319 142.84 139.369 139.171 140.5 143.643 138.979 137.634 138.188 138.028 139.405 138.067 146.454 151.513 146.072 143.537 148.371 142.213
153.785 154.274 153.124 141.865 136.496 136.46 136.464 136.497 136.482 136.561 137.676 136.647 138.555 139.904 142.583 143.341 143.182 142.971 142.377 138.183 138.088 138.234 141.291 138.473 137.224 136.736 136.723 137.679 138.845 137.77 137.912 137.08 138.202 138.453 137.474 140.181 138.873 137.322 137.209 137.091 137.12 138.404 138.446 137.101 139.75 141.447 137.413 137.427 137.503 137.51 139.162 143.059 144.444 143.328 142.519 141.883 137.795 139.632 139.618 138.281 143.223 145.99 146.172 149.478 151.471 151.266 146.214 138.317 138.412
154.267 153.872 151.006 141.71 136.501 136.442 136.45 136.456 136.51 136.553 136.574 136.656 137.112 137.312 142.687 144.013 144.244 143.449 143.401 136.859 136.821 136.833 137.136 137.015 136.716 136.685 136.679 136.833 137.158 136.997 137.556 140.286 137.047 137.684 137.08 139.87 140.515 139.312 138.324 140.982 139.234 142.705 140.778 139.39 140.146 139.381 137.437 137.468 137.492 137.466 139.536 143.601 144.696 143.899 143.812 140.361 137.522 137.632 137.828 139.554 137.977 139.548 146.312 149.087 151.476 151.08 146.154 138.333 138.352
