dsm/se2736_DSM_2M.asc
ncols 500
nrows 500
xllcorner    427000
yllcorner    436000
cellsize     2
NODATA_value -9999
[rows 192 to 223 of 500, columns 144 to 215 of 500]
95.28 95.979 93.755 91.755 94.682 97.864 98.979 98.887 96.348 93.319 91.375 90.639 90.609 90.339 90.262 90.294 90.235 90.922 92.502 91.699 90.259 88.931 88.683 88.461 88.828 88.489 88.022 88.538 89.356 89.506 89.284 88.134 87.317 87.155 87.19 87.34 86.943 87.188 87.444 86.901 86.532 86.303 86.413 -9999 -9999 -9999 86.871 86.917 87.458 88.047 86.657 86.521 88.755 91.459 91.437 90.279 87.406 86.85 86.983 86.607 85.602 85.066 85.694 86.351 85.272 84.608 84.772 85.54 85.623 85.131 85.343 85.781
91.925 92.947 91.699 92.324 95.923 98.766 99.1 98.276 96.019 91.637 90.971 90.632 90.402 90.159 90.022 89.663 89.591 89.792 91.677 91.721 90.214 89.493 88.871 88.307 88.102 87.871 88.447 88.562 88.664 89.176 89.646 89.219 88.456 87.954 87.869 87.872 87.181 87.023 87.267 86.991 86.602 86.342 86.42 -9999 -9999 -9999 -9999 86.855 87.033 86.891 86.483 86.26 87.17 89.031 88.221 86.501 85.866 85.365 85.321 85.332 84.852 84.955 85.426 87.815 86.231 84.561 84.679 84.819 84.84 84.866 85.358 85.79
91.429 91.296 91.35 93.522 97.637 99.286 99.207 97.949 94.548 91.792 91.096 90.888 90.518 90.465 90.602 90.642 89.462 89.368 91.055 92.275 91.203 89.754 88.689 88.426 88.03 87.973 88.164 88.056 88.012 88.405 89.152 90.69 92.064 92.096 92.089 91.718 89.33 87 86.952 86.989 86.845 -9999 -9999 -9999 -9999 -9999 86.569 86.48 86.433 86.496 86.412 86.257 86.431 86.444 86.078 85.897 85.683 85.305 85.168 85.073 84.903 85.016 85.621 86.595 85.448 84.451 84.553 84.585 84.528 84.483 84.806 85.448
91.251 91.331 92.173 95.189 97.783 99.124 99.104 97.548 92.873 91.329 91.594 91.428 90.942 92.229 96.547 93.436 89.722 89.354 89.75 91.092 90.505 89.351 89.091 88.64 88.093 87.975 87.943 87.879 87.779 87.635 88.184 90.485 93.249 94.408 94.429 93.597 91.161 87.656 86.937 87.026 86.92 86.744 -9999 -9999 -9999 -9999 86.513 86.306 86.23 86.238 86.394 86.178 85.859 85.99 86.027 87.644 88.248 85.681 85.267 85.217 84.972 84.981 85.763 85.355 84.63 84.564 84.805 84.814 84.432 84.379 84.334 84.338
91.468 91.822 93.391 95.221 96.953 95.843 95.793 96.357 93.934 91.919 92.399 91.31 90.853 91.41 93.908 92.438 89.709 89.279 89.389 89.438 90.806 91.18 89.805 88.98 88.189 88.086 87.978 87.863 87.785 87.639 87.79 88.494 92.846 94.79 94.984 93.96 92.269 87.573 86.686 86.764 86.735 86.695 -9999 -9999 -9999 -9999 -9999 86.355 86.415 86.639 86.983 86.014 85.815 86.008 88.704 90.796 91.566 88.667 87.281 85.835 85.647 85.554 86.11 85.416 84.735 84.78 85.194 85.914 85.561 84.741 84.701 84.624
91.5 91.895 93.323 93.283 93.223 92.27 91.661 91.84 92.18 91.152 91.014 90.856 90.344 90.146 90.43 89.891 89.999 89.752 89.301 90.418 93.012 94.343 92.313 89.143 88.693 88.681 88.172 87.96 87.778 87.649 87.534 88.382 92.491 94.447 95.163 94.418 92.513 88.859 86.853 86.488 86.413 86.721 86.636 -9999 -9999 -9999 -9999 -9999 86.391 86.504 86.48 85.939 85.761 86.595 89.964 91.816 92.705 92.082 91.255 89.55 88.102 86.758 85.358 85.149 84.941 84.854 85.553 87.708 89.586 88.774 87.095 85.651
91.457 91.736 93.072 93.935 92.314 91.543 91.264 91.211 91.294 91.267 91.171 91.109 90.438 89.974 89.755 89.664 90.595 89.62 89.522 91.027 93.505 95.831 94.507 90.187 89.202 89.279 88.519 88.274 87.835 87.641 87.52 87.637 90.263 94.059 95.454 94.899 93.334 89.071 87.094 86.565 86.574 86.806 86.574 86.492 86.473 -9999 -9999 -9999 86.412 86.299 86.027 85.876 85.999 86.748 89.463 92.011 93.187 93.016 92.823 91.938 90.385 89.435 85.852 85.036 86.806 86.99 88.828 91.044 91.324 91.328 89.685 86.902
91.651 93.51 95.673 97.778 95.883 92.636 91.094 91.159 91.267 91.449 91.881 91.894 90.515 90.206 90.008 89.549 89.545 89.33 89.16 89.473 89.896 93.572 94.724 90.113 89.049 89.126 89.769 88.768 87.964 87.691 87.698 88.127 89.454 93.506 94.243 94.38 93.366 90.104 87.367 86.615 86.512 86.481 86.465 86.453 86.415 86.482 86.458 86.487 86.424 86.215 86.608 86.246 85.812 88.576 89.157 91.289 93.241 93.197 93.105 92.175 90.925 86.984 85.511 85.097 87.707 89.668 91.623 92.173 92.363 92.201 90.696 87.909
92.271 95.303 98.393 98.126 96.957 93.217 91.267 91.19 91.248 91.329 92.432 93.294 91.227 90.458 90.453 89.809 89.346 89.146 89.114 89.192 89.782 91.896 92.971 90.259 88.988 90.807 90.417 88.494 87.873 87.643 87.645 88.261 89.453 91.068 92.092 92.659 91.403 88.208 87.161 86.516 86.42 86.344 86.389 86.415 86.416 86.588 86.528 -9999 86.452 86.505 87.512 86.691 85.879 86.122 86.614 90.083 91.296 91.789 92.468 91.689 90.546 87.805 85.925 87.055 90.3 91.626 92.228 92.43 92.715 91.936 90.546 88.111
92.098 94.232 97.429 98.209 98.42 93.328 91.208 91.199 91.101 90.889 91.508 92.531 91.085 90.503 90.513 90.014 89.493 89.313 89.24 89.125 90.13 91.288 91.342 89.775 88.908 90.181 90.733 88.645 87.959 87.594 87.493 87.524 87.258 88.005 88.366 89.745 89.589 87.735 87.27 86.54 86.499 86.477 86.446 86.457 86.451 86.528 86.596 86.552 86.425 86.377 86.373 86.177 85.594 85.475 85.664 86.689 87.407 90.163 90.61 90.432 90.59 88.397 85.578 87.976 91.171 91.579 91.521 91.212 90.771 89.801 89.362 89.113
93.438 93.444 94.887 96.868 97.018 94.084 91.447 91.141 90.987 90.89 90.898 90.784 90.675 90.313 90.122 90.004 89.875 89.782 89.529 89.553 90.308 89.699 89.504 88.957 88.778 89.278 89.628 88.684 88.035 87.767 87.628 87.355 87.311 87.246 87.647 87.788 88.788 88.421 87.747 87.113 86.681 86.651 86.503 86.476 86.399 86.477 86.714 86.672 86.26 86.135 86.065 86.016 85.811 85.601 85.395 85.39 85.798 86.428 87.313 88.158 88.731 86.995 85.52 89.212 90.215 91.025 90.343 88.444 88.777 87.436 85.69 87.416
92.948 92.259 92.732 93.552 95.092 94.141 91.635 91.139 90.94 90.834 90.716 90.684 90.641 90.141 90.068 90.689 92.401 94.115 92.942 92.73 91.936 90.369 89.403 89.022 88.695 88.803 88.962 88.845 89.149 88.033 87.763 87.499 87.765 87.791 89.237 89.466 89.206 89.064 88.103 87.222 86.778 86.601 86.509 86.469 86.399 86.482 87.043 86.92 86.25 86.125 86.067 86.123 85.867 85.613 85.419 85.318 85.243 85.385 85.633 85.736 86.251 85.751 85.607 87.33 88.466 87.736 86.696 85.24 85.96 85.959 85.357 84.683
94.577 94.073 92.608 92.684 94.394 93.227 91.702 91.042 90.93 90.833 90.668 90.624 90.579 90.375 92.152 97.854 103.181 105.643 104.071 102.864 100.544 93.832 90.029 89.734 88.975 88.579 88.509 88.719 88.669 88.011 87.971 88.542 90.02 90.604 91.074 90.24 89.421 88.699 88.145 88.31 88.667 87.16 86.488 86.375 86.299 86.507 86.818 86.945 86.574 86.24 86.087 86.038 85.863 85.66 85.514 85.439 85.272 85.255 85.308 85.589 85.437 85.211 85.359 85.864 86.264 85.414 84.802 84.898 85.51 85.578 84.433 84.371
98.175 98.365 95.765 92.575 91.795 91.81 91.656 91.406 91.143 90.752 90.581 90.531 90.464 92.532 100.015 107.224 108.784 109.301 109.288 108.156 106.994 101.318 97.099 91.47 88.949 88.438 88.37 88.316 88.213 88.164 88.788 90.298 91.775 91.327 88.269 88.578 88.739 87.658 87.979 91.058 92.37 90.323 87.593 86.735 86.268 86.395 86.506 86.696 86.441 86.228 86.184 -9999 85.978 85.953 85.7 85.444 85.391 85.274 85.253 85.663 85.518 85.232 85.249 85.817 85.87 85.021 84.728 84.884 85.074 85.549 84.725 84.459
98.758 99.439 99.283 95.768 92.576 91.747 93.479 92.869 92.188 90.948 90.991 90.553 91.627 93.197 105.151 108.978 109.939 110.524 109.435 106.866 101.869 99.178 100.783 95.172 89.468 88.692 88.43 88.227 88.146 88.084 88.763 90.841 92.598 93.197 88.113 87.143 87.256 87.175 87.249 91.162 93.087 93.507 92.257 89.549 86.925 86.27 86.231 86.442 86.27 86.064 86.153 86.101 86.2 86.243 86.066 86.023 85.766 85.451 85.496 85.778 85.485 85.316 85.826 87.209 86.842 85.512 85.291 85.151 85.074 85.088 84.674 84.479
99.581 99.659 98.981 97.084 93.814 92.13 93.724 92.79 91.65 92.224 93.516 93.77 97.902 101.005 108.905 109.903 108.997 109.346 108.544 104.121 100.582 98.632 99.928 98.146 91.565 89.798 88.71 88.29 88.099 88.183 88.624 91.523 92.788 91.031 87.623 87.255 87.116 87.2 88.189 91.898 93.926 94.461 94.013 92.233 87.166 86.277 86.227 86.28 86.248 86.296 86.226 86.043 86.27 86.474 86.432 86.648 86.119 85.839 86.686 87.377 85.673 85.357 85.789 87.196 86.568 85.765 85.271 85.135 84.927 84.832 84.55 84.347
100.119 99.568 98.167 94.645 92.951 91.86 92.362 91.83 91.249 91.887 93.984 100.543 106.135 106.713 106.496 106.866 101.882 97.427 108.005 103.7 102.319 98.669 96.619 93.536 90.457 89.15 88.732 88.367 88.194 88.206 88.825 92.481 91.829 89.024 87.548 87.327 87.182 87.267 89.649 92.769 94.218 95.271 94.712 91.617 87.387 86.271 86.307 86.274 86.32 86.496 86.495 86.238 86.307 87.377 88.347 86.477 86.265 85.981 86.431 86.384 85.666 85.468 85.615 86.162 85.557 85.593 85.065 84.994 84.9 84.788 84.666 84.772
99.74 99.056 97.375 94.105 91.837 91.459 91.513 91.247 91.051 91.017 92.003 101.345 108.345 106.452 101.022 110.298 105.117 102.218 108.897 103.661 102.383 96.643 90.855 89.877 88.981 88.76 89.153 88.757 88.326 88.397 88.558 89.159 90.029 88.872 87.622 87.451 87.233 87.102 89.688 92.845 94.422 95.037 94.941 90.361 86.779 86.561 86.485 86.621 86.856 87.471 88.132 88.221 87.997 87.886 87.754 86.763 86.583 87.018 86.552 85.963 85.444 85.427 85.54 85.67 85.546 85.553 85.209 85.066 84.845 84.728 84.8 85.388
99.597 98.263 95.433 92.298 92.133 91.673 91.43 91.196 91.111 91.459 94.663 103.351 109.186 106.686 106.038 112.379 111.749 109.978 104.287 95.535 91.181 90.19 89.213 88.837 88.806 88.95 89.726 89.077 88.677 88.474 88.394 88.604 89.335 89.403 88.624 88.002 87.336 87.455 90.284 93.066 94.031 93.878 93.261 90.296 87.245 86.793 86.732 87.156 89.858 90.423 90.917 90.246 89.714 87.843 86.601 86.227 86.198 86.382 85.827 85.709 85.441 85.399 -9999 -9999 -9999 85.686 85.489 85.148 84.921 84.794 84.663 85.88
98.21 97.018 94.097 91.873 91.557 91.62 91.933 91.635 91.407 91.347 97.754 105.809 110.435 110.008 110.652 112.326 112.608 109.739 104.305 90.787 89.724 89.17 88.935 88.909 88.859 88.906 88.963 89.17 88.895 88.564 88.365 88.354 88.658 88.871 89.13 89.615 88.566 87.617 89.201 91.52 91.875 90.847 91.008 89.26 87.112 86.543 86.575 87.239 90.746 91.347 91.579 91.051 90.16 87.87 86.224 86.077 85.922 85.808 85.653 85.608 85.527 -9999 85.535 85.531 85.713 85.858 85.692 85.649 85.227 85.083 85.161 86.425
95.071 93.28 92.681 91.819 91.473 91.363 91.7 91.695 91.521 91.501 95.901 106.14 109.784 112.366 112.155 112.42 111.11 107.677 104.781 94.513 90.249 89.305 88.995 88.921 88.893 88.945 89.179 90.328 89.546 88.703 88.372 88.161 88.134 88.13 88.627 89.182 89.443 88.268 88.147 87.942 88.821 87.74 87.373 87.134 86.564 86.631 86.642 86.946 89.343 90.858 91.109 91.026 90.162 87.267 86.16 85.694 85.672 85.608 85.563 85.625 85.618 85.653 85.65 85.649 85.586 86.081 85.77 85.796 85.396 85.334 85.23 86.497
92.083 91.966 91.956 92.069 91.961 91.514 91.522 91.453 91.374 91.433 92.459 98.559 102.633 111.032 111.417 111.168 110.035 101.449 95.051 94.42 92.006 89.672 89.235 88.99 88.963 88.954 89.028 89.624 89.261 89.548 88.442 88.049 88.258 89.114 89.071 88.295 88.722 88.451 88.071 88.492 89.001 88.417 87.606 87.044 86.996 87.06 86.748 86.621 88.023 88.704 90.404 90.501 -9999 -9999 85.888 85.679 85.629 85.603 85.602 85.654 85.74 85.726 85.767 85.822 85.921 86.947 87.389 86.183 85.445 85.389 85.51 85.674
92.042 92.059 92.127 93.344 93.138 92.016 91.967 91.497 91.306 91.221 91.084 91.961 93.516 103.525 107.722 107.462 101.738 91.958 90.48 91.555 91.316 90.401 89.833 89.333 89.026 88.929 88.878 88.899 89.132 89.182 88.604 89.477 90.738 93.1 92.698 89.728 89.652 89.943 88.471 88.551 88.926 87.945 87.934 88.238 89.366 88.698 87.218 88.112 89.581 88.876 89.657 89.418 87.757 86.59 86.153 85.974 85.826 85.732 85.682 85.788 85.841 85.76 85.691 85.784 85.915 87.125 87.993 85.947 85.57 85.612 85.571 86.171
92.433 92.603 92.833 93.269 93.659 92.976 92.696 91.624 91.277 91.251 91.392 92.042 92.073 94.817 99.308 99.967 93.713 90.395 89.605 89.708 89.863 89.972 89.983 90.269 89.56 89.078 88.925 88.89 88.873 88.863 89.754 91.3 93.936 94.637 94.917 93.276 91.77 90.343 88.583 88.326 88.358 88.087 87.829 88.322 89.895 91.229 90.594 91.141 92.32 90.488 -9999 87.851 86.76 86.534 86.402 86.295 85.957 85.77 86.037 86.268 86.198 85.826 85.439 85.686 85.964 86.163 86.368 86.084 85.688 85.865 87.015 87.068
92.245 92.194 92.492 92.79 93.39 92.722 91.929 91.784 91.42 91.671 93.059 93.319 91.202 91.966 92.446 92.562 91.714 90.472 89.956 89.585 89.628 89.671 89.971 90.178 89.622 88.999 88.897 88.876 88.883 89.203 89.772 91.016 93.357 94.91 95.401 93.584 92.632 89.238 88.283 88.074 88.236 88.555 88.864 88.328 89.423 92.847 92.771 92.248 91.492 -9999 -9999 86.955 86.526 86.547 86.496 86.463 86.359 86.239 86.999 87.437 86.572 86.054 85.718 85.892 85.951 86.197 87.159 88.069 88.505 89.864 90.188 88.388
92.225 92.194 92.163 92.082 92.249 92.425 92.763 92.473 92.012 92.688 93.464 92.373 91.992 90.899 91.645 91.403 90.876 93.053 92.543 90.722 89.833 89.724 89.832 90.034 89.715 89.167 88.941 88.883 88.828 88.98 89.758 89.611 91.307 92.752 93.929 91.817 89.64 88.864 88.332 88.143 88.247 88.427 88.667 88.49 89.457 92.069 91.955 91.796 90.781 89.092 87.475 86.856 86.77 86.755 86.669 86.574 86.717 86.617 87.379 87.892 86.833 86.306 85.881 86.052 87.16 87.265 90.372 92.032 92.506 92.182 91.944 90.019
92.289 92.248 92.2 92.123 92.164 92.329 93.336 94.143 93.161 92.596 92.26 92.859 93.119 90.842 90.923 90.841 92.461 93.486 93.752 90.923 89.998 89.702 89.68 89.885 89.812 89.454 89.19 89.303 89.549 89.801 89.773 89.759 90.22 89.375 89.726 89.544 88.877 88.666 88.539 88.436 88.41 88.334 88.223 88.154 88.238 90.483 91.393 90.782 89.278 87.475 86.893 86.975 86.958 86.876 86.81 86.57 86.576 86.391 86.757 87.119 86.819 86.507 86.244 87.843 90.965 91.547 92.285 93.382 93.525 93.524 92.859 90.798
92.265 92.257 92.306 92.799 92.722 92.543 93.085 95.34 94.661 92.806 92.454 91.886 91.06 90.75 90.566 91.191 92.245 93.853 92.295 90.679 90.014 90.161 90.156 90.097 89.736 89.685 89.425 90.211 91.142 91.655 -9999 89.537 89.513 89.665 89.302 88.991 88.757 89.066 89.555 89.127 88.593 88.184 88.139 88.164 88.515 -9999 -9999 89.122 87.779 87.339 87.048 87.141 87.149 87.001 86.915 86.889 86.564 86.47 86.817 -9999 87.323 86.748 86.326 88.12 91.111 92.791 93.433 94.046 94.084 93.055 92.781 91.104
92.196 92.198 92.665 94.797 96.513 93.527 92.503 93.656 93.727 91.937 91.132 91.031 90.77 90.7 90.547 90.649 91.082 92.059 90.798 90.175 89.953 90.332 91.753 91.588 90.43 90.399 90.752 90.634 92.397 93.755 91.472 89.793 89.421 90.529 89.995 89.222 89.039 89.574 92.111 90.438 88.652 88.296 88.204 88.16 88.163 88.321 88.496 88.176 87.615 87.373 87.178 87.244 87.209 86.974 87.104 87.398 87.304 86.897 88.112 89.363 88.883 87.931 87.738 88.222 89.189 92.211 93.375 93.577 92.665 90.782 91.191 90.175
92.46 92.677 94.201 96.157 97.552 95.249 92.75 93.552 93.164 91.631 91.114 91.072 91.734 91.629 90.884 90.734 90.834 91.224 91.632 90.633 89.985 90.468 92.637 94.129 92.553 91.73 90.587 89.79 91.949 94.446 90.789 89.141 89.033 89.694 90.045 89.875 89.773 89.513 89.906 89.129 88.329 88.563 88.545 88.427 88.319 88.209 88.138 88.281 87.944 87.629 87.28 87.236 87.068 87.01 87.349 87.904 88.264 89.087 90.616 91.448 91.096 88.279 88.302 88.892 89.066 91.662 92.499 92.211 89.562 87.058 88.508 88.31
92.94 93.994 95.139 98.6 98.407 96.848 94.596 95.355 95.436 92.622 91.482 91.599 92.675 92.582 91.774 90.991 90.809 91.249 91.882 91.593 90.783 92.001 94.614 95.489 94.359 93.175 91.523 90.316 90.012 90.521 89.546 88.797 89.135 89.291 89.482 91.454 90.684 89.301 88.952 88.957 88.94 89.248 89.302 88.224 88.379 88.341 88.553 88.825 88.253 87.871 87.798 87.776 87.246 88.102 89.239 89.667 91.016 92.453 93.569 92.719 90.07 87.687 88.504 89.229 88.148 89.159 90.621 89.38 87.561 86.077 86.493 86.547
93.62 93.523 93.571 95.748 97.001 98.188 96.78 97.372 97.913 94.361 93.248 92.203 92.099 92.018 92.107 91.225 91.055 91.448 92.948 92.5 90.622 92.758 95.339 96.647 96.605 94.845 92.823 91.572 90.043 89.544 89.492 89.434 89.472 89.846 89.393 89.822 89.708 88.651 88.766 89.052 89.353 90.075 91.123 89.675 88.791 88.657 88.672 88.645 88.434 88.555 88.131 88.402 88.667 90.529 92.691 92.365 93.796 94.502 94.444 93.69 91.86 89.246 87.95 87.527 86.734 86.266 86.627 86.94 86.214 86.534 86.434 86.352
