dsm/se2739_DSM_2M.asc
ncols 500
nrows 500
xllcorner    427000
yllcorner    439000
cellsize     2
NODATA_value -9999
[rows 248 to 278 of 500, columns 0 to 68 of 500]
144.893 141.82 141.416 141.4 141.39 141.35 144.116 144.833 145.056 144.198 142.264 142.299 142.69 142.219 145.133 142.208 142.413 143.484 145.121 142.227 144.832 144.601 141.066 142.359 141.061 141.326 141.057 141.745 144.373 147.058 146.039 140.718 140.148 140.093 140.097 140.011 139.937 139.909 141.027 144.189 144.902 141.878 139.898 139.846 139.702 139.726 139.654 139.836 139.747 139.808 140.666 140.811 140.672 140.359 140.134 141.134 143.92 139.773 141.795 143.777 143.696 139.884 143.193 143.598 141.793 138.617 138.318 138.262 138.196
142.068 141.412 141.409 141.392 141.368 141.384 144.339 144.871 145.05 145.54 144.352 143.57 143.588 144.48 146.05 145.273 143.996 143.722 141.857 141.553 140.76 141.441 140.977 141.034 141.52 140.499 140.674 140.813 140.903 143.657 143.092 140.855 140.053 139.98 139.984 139.897 139.851 139.844 141.222 143.068 144.344 142.917 144.326 143.118 142.382 141.468 140.862 141.235 140.75 139.771 141.481 139.512 139.47 139.032 138.737 138.678 138.686 138.651 140.988 141.732 140.235 138.999 140.843 144.347 143.058 138.469 138.245 138.188 138.135
141.988 141.466 141.455 141.459 141.417 141.397 144.561 144.901 143.299 143.232 142.645 141.455 141.366 141.391 143.23 144.352 143.976 143.602 140.785 140.734 144.032 140.788 144.147 141.186 141.174 140.426 140.391 140.591 141.025 140.864 144.176 141.612 140.096 140.066 140.006 139.881 139.834 139.827 139.763 140.582 140.151 140.533 141.079 143.52 144.613 141.785 141.599 144.133 143.489 144.898 143.118 139.853 139.145 139.09 138.712 138.658 138.649 138.634 138.688 139.628 138.982 138.422 138.504 143.23 143.118 139.769 138.189 138.115 138.045
143.015 141.549 141.466 141.412 141.409 144.294 144.749 143.424 143.075 141.196 141.192 141.111 141.068 141.038 140.995 142.327 142.333 141.367 142.41 146.882 146.527 146.763 147.189 146.95 142.328 140.31 140.274 140.253 140.106 141.955 145.593 141.338 140.081 140.087 140.015 139.956 139.815 139.768 139.715 139.935 139.644 139.552 140.529 141.442 143.834 141.334 142.118 144.403 146.106 146.25 143.346 140.242 139.566 138.859 138.702 138.671 138.596 138.57 138.53 138.487 138.93 138.714 140.586 142.893 143.509 140.188 138.14 138.066 137.999
143.653 141.432 141.424 141.391 142.014 145.872 146.855 142.836 141.453 141.087 141.036 141.045 140.972 140.991 140.92 140.841 140.683 140.815 144.084 147.014 147.95 148.738 148.58 147.505 142.269 140.313 140.278 140.187 140.598 144.908 143.915 140.053 141.754 140.046 140.236 139.924 139.774 139.74 139.616 139.618 139.839 139.744 141.676 141.459 144.967 144.37 142.329 144.092 145.748 147.371 143.682 140.785 138.936 138.765 138.686 138.658 138.465 138.426 138.495 138.422 138.35 138.815 139.735 141.685 143.551 141.259 138.153 138.019 137.935
142.476 141.421 141.354 141.278 141.286 146.197 148.158 146.403 142.809 141.047 141.071 141.019 140.996 140.946 140.889 141.623 140.705 140.846 141.412 146.784 147.763 149.207 148.708 147.057 141.81 140.268 140.252 140.193 140.62 143.901 144.352 144.099 144.303 145.668 143.73 140.374 139.753 139.684 139.597 139.759 142.072 142.217 144.122 145.33 142.138 140.83 144.536 145.949 146.334 147.399 144.725 139.959 139.031 138.7 138.666 138.645 138.542 138.516 138.604 138.605 138.42 138.837 140.692 141.747 141.085 139.071 138.014 137.905 137.868
142.029 141.411 141.342 141.337 142.383 148.7 148.812 148.046 143.858 141.609 141.189 141.372 141.11 140.952 141.17 142 140.855 142.069 142.035 146.359 148.069 149.511 148.734 147.604 141.536 140.322 140.214 140.166 140.456 141.177 141.787 142.549 144.303 147.545 146.984 141.096 139.761 139.613 139.607 139.837 142.403 142.497 142.744 143.075 144.719 142.671 141.74 145.685 145.493 146.605 145.231 139.649 139.193 138.689 138.671 138.581 138.575 138.432 138.437 140.821 142.041 141.791 141.293 141.624 141.852 139.971 138.297 137.885 137.814
142.614 141.382 141.322 141.496 143.594 141.499 145.542 143.703 141.714 142.27 141.356 142.171 141.386 140.888 141.114 141.214 141.396 140.623 140.6 146.522 147.924 149.343 148.829 147.486 142.742 140.213 140.108 140.304 140.051 140.339 142.406 145.734 146.79 145.079 146.728 141.714 139.762 139.605 139.643 139.541 142.493 143.698 143.662 142.76 141.397 139.292 141.193 144.214 144.841 146.484 145.676 139.285 139.09 138.788 138.74 138.747 139 138.466 138.629 142.979 144.835 143.445 142.646 140.59 141.053 139.581 138.611 137.891 137.821
141.578 141.335 141.239 141.285 145.168 142.741 149.006 145.564 142.901 140.916 141.116 140.78 140.763 140.641 140.791 140.526 140.474 140.54 140.473 146.686 147.98 149.215 148.724 147.286 144.322 140.051 140.089 140.055 139.815 142.506 147.38 147.456 147.283 147.385 144.277 139.856 139.742 139.516 139.577 139.447 142.015 143.321 142.693 142.673 141.365 139.238 139.18 141.048 144.67 146.628 145.459 140.681 139.026 141.349 143.962 141.195 138.602 139.783 141.637 145.092 147.826 145.135 143.965 141.821 139.924 139.456 138.364 137.794 137.746
141.359 141.295 141.259 141.262 142.608 147.276 150.874 144.17 146.038 142.394 140.836 140.742 140.694 140.637 140.687 140.527 140.543 140.578 142.778 147.445 148.084 147.9 147.935 147.337 142.214 140.154 140.143 140.042 140.023 146.858 147.538 148.663 144.726 145.099 142.033 139.902 139.978 139.516 139.546 140.198 144.516 144.947 146.103 143.018 144.632 139.38 139.154 139.361 142.483 139.517 140.994 139.565 139.529 141.65 145.629 141.241 140.734 140.272 140.19 142.738 145.053 143.083 138.591 138.266 139.872 138.816 137.99 137.721 137.713
141.345 141.297 141.29 142.762 151.293 150.631 151.644 147.605 143.754 141.567 140.826 140.827 140.782 140.67 140.794 140.81 142.299 142.227 144.066 146.521 146.529 146.432 146.293 145.307 142.074 140.135 140.059 139.936 139.88 145.96 149.02 148.105 146.034 146.361 140.436 139.622 139.519 139.499 139.469 140.051 148.891 149.663 150.519 148.226 148.203 141.416 140.383 140.759 140.758 140.854 141.625 139.893 140.357 141.144 141.495 139.735 138.247 138.184 138.083 138.058 141.391 138.06 137.894 137.879 139.456 138.531 137.728 137.677 137.658
141.414 141.259 141.182 144.951 153.126 151.18 150.607 149.726 143.694 142.245 141.278 140.939 140.752 140.832 140.729 143.657 143.443 143.104 141.395 140.696 140.458 140.648 140.247 140.46 142.052 140.156 142.061 140.039 139.881 139.933 143.553 146.349 141.267 139.784 139.796 143.595 140.703 140.255 139.465 141.686 150.736 151.565 151.901 147.439 146.101 145.183 144.792 140.047 140.099 142.934 146.46 145.435 142.797 141.632 142.19 139.401 138.186 138.166 138.108 138.191 138.06 138.015 139.362 137.927 138.078 139.962 137.698 137.636 137.611
143.336 141.613 143.892 151.021 152.409 149.8 149.57 143.995 141.907 141.128 142.183 141.118 141.692 141.941 140.874 140.46 142.76 142.86 140.926 141.003 142.173 141.091 142.693 140.805 140.279 140.304 142.333 141.509 140.003 140.903 141.593 143.666 140.249 144.144 146.785 146.935 145.487 141.67 139.353 141.531 149.065 151.467 149.619 143.399 146.008 145.079 140.194 139.114 145 145.169 146.05 146.396 144.53 141.97 141.487 139.613 138.196 138.126 138.184 138.043 138.027 138.067 141.355 137.929 138.173 140.054 137.648 137.53 137.518
144.738 143.67 145.536 150.122 150.316 142.94 144.277 143.856 143.655 141.037 141.284 141.418 141.428 140.534 140.588 140.911 143.522 143.394 143.824 143.644 144.847 144.156 146.066 141.911 143.578 144.219 140.676 140.12 139.841 140.08 143.197 142.876 141.624 147.055 149.432 149.176 148.028 140.518 139.581 141.003 145.784 148.312 149.429 149.495 140.474 139.375 139.351 138.768 143.982 144.449 145.621 146.666 145.079 141.553 139.065 138.255 138.121 138.184 138.386 138.064 137.98 137.941 137.898 137.938 137.952 139.785 137.743 137.51 137.432
145.483 142.475 142.723 142.083 140.945 142.246 144.245 144.405 144.543 141.363 140.665 140.651 140.776 140.592 140.31 140.969 143.343 143.578 143.369 143.483 146.518 147.026 147.486 147.99 146.756 142.218 141 140.208 139.77 139.701 141.055 143.522 145.769 148.867 149.775 148.309 145.288 142.877 140.253 139.283 139.358 140.457 139.342 139.655 138.922 138.874 138.792 138.74 138.794 141.58 145.494 146.949 145.231 142.449 138.911 138.367 138.127 138.094 138.061 137.993 137.96 137.885 137.911 137.976 138.257 140.057 137.993 137.492 137.44
145.642 145.604 141.287 140.999 140.956 140.868 140.896 141.427 142.645 140.653 140.642 140.6 140.534 140.503 140.412 140.266 140.293 140.845 141.133 142.287 144.423 146.301 147.266 147.936 146.994 146.051 141.809 140.175 139.654 139.694 146.203 143.846 148.763 152.964 152.614 150.252 150.636 147.533 139.389 139.234 139.113 140.102 145.183 141.021 138.908 138.862 138.824 138.763 138.667 140.913 145.368 146.995 145.681 141.833 138.53 138.502 138.276 138.093 138.041 137.994 137.986 137.99 137.87 137.881 137.903 139.78 138.155 137.447 137.442
148.336 145.064 142.289 141.048 140.951 140.871 140.817 140.774 140.757 144.385 140.761 145.583 140.802 140.545 141.613 140.791 140.474 140.388 140.227 140.317 143.071 146.177 147.381 148.313 147.702 147.179 146.631 140.412 141.571 140.774 143.293 147.757 152.237 153.977 154.27 153.21 150.422 145.318 139.471 139.238 139.143 139.932 142.094 138.93 138.862 138.834 139.834 138.771 138.653 140.831 144.543 146.818 146.182 143.461 138.678 138.404 138.068 138.066 138.042 138.271 138.054 138.122 139.723 139.638 139.518 140.257 139.798 137.461 137.392
147.84 147.559 141.382 141.037 141.054 140.897 140.846 144.287 144.111 145.783 148.433 146.808 145.431 141.642 142.546 142.352 141.229 140.612 140.341 141.559 142.173 145.88 148.128 148.346 147.867 146.353 144.696 141.473 141.242 141.698 148.504 150.231 152.348 154.009 153.771 152.316 142.648 143.294 139.346 139.172 139.12 139.875 140.064 138.907 138.786 141.455 144.342 139.89 138.725 138.733 142.474 138.899 139.012 140.729 138.963 139.935 140.088 139.242 140.088 140.371 139.621 140.23 139.549 139.566 139.558 139.046 139.927 137.423 137.373
146.221 145.217 142.484 142.318 141.869 141.239 141.806 142.406 141.333 148.994 149.489 144.683 141.418 141.443 141.293 140.434 140.554 140.29 140.563 140.507 142.231 147.466 148.17 148.253 147.771 147.407 144.729 140.117 141.317 141.252 144.746 149.233 150.391 151.428 151.592 147.98 143.791 140.327 139.256 139.16 139.086 140.442 142.916 139.404 139.225 143.522 145.345 145.077 139.434 140.098 140.303 139.453 141.09 141.358 140.853 140.585 139.24 139.53 138.858 139.862 138.583 137.9 137.864 139.08 138.905 137.981 140.152 137.551 137.34
144.477 143.442 141.172 140.865 141.412 141.304 140.801 140.847 140.972 142.911 147.465 140.932 141.137 140.558 140.27 140.18 140.21 140.224 140.207 140.149 142.232 145.438 148.327 148.388 147.17 146.306 141.97 139.943 139.538 139.385 139.211 140.147 141.763 142.962 144.831 145.937 142.175 139.349 139.106 139.113 140.74 146.614 144.938 146.195 141.994 144.521 146.679 147.873 142.01 139.926 139.77 140.678 140.799 140.83 139.904 138.432 138.317 137.872 138.047 137.859 137.82 137.767 137.755 137.735 137.667 138.048 140.197 137.996 137.341
143.898 142.133 141.453 141.229 141.169 140.915 140.724 140.675 140.592 141.276 142.06 140.627 140.623 140.319 140.165 140.161 140.231 140.28 140.268 140.216 145.969 147.022 147.108 148.069 146.934 145.265 140.295 139.769 139.638 139.458 139.411 140.39 141.349 141.628 143.879 143.718 139.314 139.258 139.139 139.329 145.624 148.355 149.076 148.096 144.675 145.647 146.428 144.964 143.26 138.556 139.469 141.176 141.261 141.652 140.674 140.246 138.358 138 137.852 137.84 137.819 137.81 137.754 137.72 137.643 137.656 139.756 138.142 137.312
143.353 142.303 141.174 140.882 141.271 141.018 141.839 141.705 140.743 140.776 140.705 140.609 140.962 140.373 140.156 141.198 141.897 141.228 141.767 142.119 145.159 145.914 146.783 148.155 146.794 143.979 140.438 139.888 139.61 139.696 139.437 139.719 140.164 140.712 144.246 141.283 139.133 139.104 139.069 141.048 146.394 148.009 145.822 149.134 147.464 144.223 141.816 143.818 141.132 138.985 139.134 141.361 141.277 141.282 141.715 140.162 138.448 138.313 137.854 137.849 137.836 137.831 137.772 137.716 137.647 137.654 139.521 138.187 137.311
144.501 142.906 141.035 140.847 141.101 140.753 141.697 140.94 141.06 140.744 140.606 141.097 140.426 140.595 141.243 147.066 150.884 144.068 142.769 141.121 141.061 140.303 140.766 140.378 139.942 139.997 139.707 139.745 139.725 139.875 139.469 139.36 139.491 139.549 140.146 139.152 139.138 139.066 139.041 139.642 145.331 147.5 148.01 148.65 145.396 139.637 139.171 139.377 139.278 138.433 139.839 144.107 145.089 144.697 144.646 139.915 138.328 138.192 137.858 137.858 137.848 137.839 137.796 137.728 137.634 137.645 142.232 139.941 138.86
148.946 141.993 142.724 142.932 141.832 143.631 141.239 142.389 143.091 141.777 142.91 142.704 142.577 142.975 148.829 151.234 152.981 144.399 142.442 142.642 140.482 140 139.924 139.974 139.761 139.864 139.66 140.057 140.475 139.454 139.699 140.066 140.33 140.304 141.372 139.121 139.076 139.041 139.007 138.934 140.286 145.341 149.109 148.888 148.201 144.284 144.393 138.803 138.678 141.427 145.239 145.604 145.868 146.521 144.692 139.425 138.266 138.179 137.86 137.835 137.804 137.829 137.796 137.719 137.643 137.547 144.199 144.695 144.367
149.864 147.381 145.155 141.915 142.058 144.816 142.005 142.011 140.565 142.353 140.727 141.836 143.229 146.45 149.155 151.463 152.514 144.815 143.092 142.691 140.698 141.604 144.683 140.117 144.601 140.378 143.919 141.122 141.292 140.076 139.996 143.06 141.648 146.725 142.583 144.588 139.339 139.054 139.021 138.871 139.71 144.801 149.648 151.035 150.764 149.304 144.946 140.341 139.547 140.622 144.662 144.729 145.288 146.783 145.288 141.912 138.595 138.43 138.078 137.868 137.832 137.821 137.772 137.723 137.793 138.341 147.115 147.356 145.925
147.612 146.449 142.2 140.952 144.652 144.21 141.375 140.44 140.408 140.366 140.317 140.472 143.859 145.925 143.92 142.955 143.764 141.615 140.816 141.503 142.22 144.858 147.048 146.975 147.131 146.992 146.548 147.172 141.707 139.715 139.635 141.334 142.238 144.498 141.614 142.581 138.989 138.98 138.954 138.899 141.183 147.439 149.714 150.565 150.355 150.9 149.541 143.125 138.688 138.54 138.342 142.268 145.254 146.788 145.712 144.695 143.676 139.554 138.399 139.885 138.462 137.742 137.84 137.822 139.133 140.499 145.342 142.234 139.611
146.723 144.911 141.526 140.642 140.732 140.888 140.53 140.472 140.387 140.354 140.33 140.287 142.232 141.209 140.759 140.197 139.909 139.899 139.926 139.884 141.084 144.852 146.314 147.321 147.079 145.92 146.202 144.824 140.169 139.853 139.185 139.509 140.259 140.048 144.415 141.646 138.962 138.966 138.919 138.877 139.56 149.798 150.023 151.851 151.492 150.006 148.972 140.058 138.391 138.394 139.149 142.37 145.042 146.565 146.027 145.633 143.235 139.927 140.267 142.021 140.301 141.664 142.805 139.683 139.814 139.753 142.75 138.462 140.41
146.374 144.863 141.883 140.777 140.552 140.651 147.376 142.039 140.43 140.351 140.361 143.105 141.939 141.687 141.654 141.615 143.503 141.959 143.593 140.02 140.722 142.948 145.743 147.085 146.91 144.908 140.023 139.9 139.652 140.556 139.812 139.707 144.324 141.216 143.003 142.371 139.21 139.086 138.966 138.864 139.347 147.435 146.041 150.383 150.414 149.684 143.149 139.938 138.38 138.345 138.347 139.58 144.79 146.434 144.276 141.508 140.727 142.952 143.787 144.424 145.226 144.484 143.586 139.815 142.548 143.176 138.53 139.048 138.337
147.628 146.7 146.379 141.56 142.358 149.186 147.95 151.21 142.168 141.118 141.707 143.957 143.929 142.571 145.958 145.864 144.993 145.949 146.287 144.745 142.309 143.985 145.837 147.489 147.007 145.109 141.019 140.782 140.907 141 141.192 141.087 142.192 144.241 142.259 141.189 140.855 139.259 139.073 138.816 138.749 141.863 148.063 148.975 148.606 148.188 146.38 138.673 140.094 140.69 139.481 140.742 140.177 139.802 139.519 139.179 139.978 141.127 142.573 143.728 145.051 143.596 139.63 140.886 141.004 140.782 137.699 139.005 138.353
149.283 147.802 144.487 144.012 145.53 149.899 149.957 144.014 144.366 141.675 140.594 142.581 140.735 140.705 141.97 142.514 143.477 144.553 144.08 144.117 141.781 144.205 145.646 146.887 146.815 145.572 140.748 139.676 140.988 139.59 140.71 140.023 139.997 139.313 139.888 142.284 141.744 138.782 138.751 138.787 138.682 138.788 142.416 143.411 143.722 143.5 143.919 143.349 142.271 142.181 141.589 140.319 139.536 138.666 138.274 139.216 140.662 139.66 138.011 138.847 138.031 139.591 139.65 137.459 138.724 139.478 137.361 137.731 138.617
148.217 144.08 144.328 142.55 141.225 143.127 147.058 140.991 140.338 140.271 140.282 140.206 140.211 140.393 140.873 140.663 141.189 139.699 139.466 139.708 139.824 143.816 145.699 146.87 146.9 145.711 144.631 142.972 141.042 140.696 141.086 138.8 138.73 138.977 139.071 139.208 140.613 138.701 138.735 138.733 138.608 138.613 139.53 143.298 143.55 143.722 144.043 143.086 142.152 141.578 141.07 139.821 140.877 140.572 140.659 141.336 140.804 140.762 138.454 138.269 137.677 137.348 137.38 137.502 139.092 138.062 137.524 137.518 138.486
