dsm/se2737_DSM_2M.asc
ncols 500
nrows 500
xllcorner    427000
yllcorner    437000
cellsize     2
NODATA_value -9999
[rows 124 to 154 of 500, columns 210 to 279 of 500]
111.027 110.899 112.669 110.967 111.324 110.819 114.134 111.324 111.199 111.077 111.104 110.997 115.204 117.729 115.924 115.612 112.494 110.254 112.209 116.034 110.557 110.204 110.729 110.017 115.392 116.657 117.899 117.657 116.404 113.914 109.082 109.044 111.764 115.044 115.692 115.252 109.032 112.467 113.817 112.719 109.892 114.999 116.104 115.589 114.952 111.794 109.042 109.037 109.069 109.067 109.332 109.522 109.777 109.384 109.334 108.754 108.109 107.952 108.134 104.059 103.579 103.679 103.734 103.767 107.307 112.332 105.227 105.347 105.482 105.577
110.969 110.999 110.872 111.022 111.022 115.039 111.214 111.934 111.024 111.059 111.124 111.009 110.969 112.849 115.859 121.887 119.849 110.194 114.434 114.159 112.442 110.002 110.574 110.672 113.717 116.014 117.279 118.192 117.009 111.129 109.024 112.369 115.684 116.314 116.879 115.919 111.932 111.102 112.882 112.349 110.642 111.027 114.954 111.699 109.064 109.059 109.047 111.567 110.872 109.084 109.269 109.362 109.294 108.779 108.757 108.317 108.069 107.844 107.629 103.759 103.442 103.529 103.584 103.647 105.349 104.907 111.219 111.164 108.047 105.374
111.139 110.982 113.172 111.104 111.944 112.162 111.279 116.482 111.594 110.994 111.089 110.922 110.922 111.267 112.177 116.592 115.819 111.914 110.769 110.134 110.017 109.889 109.879 110.422 110.152 115.397 116.659 117.909 117.619 112.312 109.119 113.789 116.952 117.537 117.747 116.489 115.232 109.229 110.689 108.987 108.972 109.014 109.044 109.057 109.062 109.067 109.069 113.177 112.064 109.724 109.029 109.029 108.752 108.819 108.469 108.057 107.947 107.807 108.182 103.599 103.314 103.379 103.432 103.489 105.309 106.949 114.974 118.757 107.752 105.144
110.847 110.667 115.214 113.244 114.014 110.804 110.734 114.692 111.047 110.787 110.794 110.967 110.907 110.917 111.047 110.769 110.239 111.294 110.709 110.522 109.834 109.822 109.747 110.292 110.444 111.857 116.057 117.297 118.199 116.837 116.117 117.554 118.157 118.002 117.374 116.737 115.809 112.162 108.984 109.074 109.129 109.129 109.087 109.054 109.067 109.084 109.062 112.409 114.007 111.867 109.787 108.692 108.527 108.359 107.942 108.142 109.787 107.814 109.789 103.407 103.159 103.229 103.264 103.984 107.027 111.319 113.822 107.497 105.122 105.109
111.044 115.047 113.547 115.692 116.272 111.134 110.309 110.447 110.737 111.117 110.644 110.702 110.802 110.747 111.217 110.559 110.307 110.319 118.269 117.582 115.929 110.462 110.057 109.632 110.222 110.404 115.424 116.684 117.939 117.787 118.182 117.972 117.384 116.739 116.112 115.499 114.882 109.934 109.072 109.112 109.154 109.127 109.087 109.087 109.089 109.057 108.839 109.649 109.574 108.437 108.539 108.322 108.252 107.812 107.577 107.432 108.202 107.387 106.112 103.182 103.022 103.079 103.124 104.944 106.327 109.084 107.827 104.599 106.804 114.689
110.187 112.979 112.559 110.122 110.107 110.107 110.119 111.947 110.707 110.087 110.899 110.899 110.677 110.647 110.639 110.684 110.527 111.329 116.454 115.344 112.632 111.452 111.552 109.512 109.574 109.942 112.587 110.859 117.297 118.004 117.374 116.739 116.102 115.482 114.857 110.559 109.062 109.042 109.077 109.099 109.114 109.112 109.099 109.107 108.942 108.572 108.412 108.162 108.079 108.054 107.944 107.862 107.709 107.489 107.322 107.284 107.244 106.817 104.897 103.007 102.877 102.934 102.962 103.107 103.929 104.079 104.237 104.317 109.452 121.567
110.084 110.047 109.987 109.932 109.944 109.982 110.032 112.657 120.192 114.879 109.902 110.977 110.709 110.627 110.572 110.469 110.477 110.489 110.179 110.364 110.384 110.994 114.087 114.982 110.937 110.037 110.519 110.209 116.504 116.734 116.124 115.434 114.869 110.644 109.064 109.044 109.027 109.049 109.072 109.084 109.079 109.059 109.017 108.824 108.402 108.132 108.067 107.909 107.732 107.687 107.589 107.952 107.287 107.212 107.179 107.092 107.569 105.499 103.832 102.829 102.732 102.792 102.809 103.427 103.932 103.902 103.952 105.187 113.169 120.574
109.864 109.867 109.849 109.824 109.844 109.852 109.839 113.539 119.289 109.779 109.964 110.589 110.799 110.572 110.444 110.469 110.422 110.469 110.449 109.922 110.522 112.089 119.552 119.957 112.104 109.372 110.059 110.292 111.537 110.952 110.199 109.202 109.054 109.039 109.079 109.054 109.034 109.039 109.032 109.029 109.002 108.934 108.767 108.384 108.257 108.044 107.707 107.562 107.487 107.329 107.239 112.334 107.094 107.057 107.014 107.924 107.217 107.274 104.254 102.597 102.604 102.637 102.657 103.892 105.084 104.294 104.324 105.612 109.722 115.107
109.772 109.739 109.717 109.762 109.752 109.767 109.757 109.689 109.614 109.647 110.687 124.287 113.827 110.614 110.237 110.362 110.284 110.179 110.189 110.054 109.742 112.779 117.444 118.584 116.744 109.329 109.327 109.332 109.452 109.942 109.519 109.232 109.072 109.074 109.059 109.022 109.007 108.987 108.957 108.914 109.087 108.594 108.199 108.199 107.717 107.632 107.522 107.362 107.219 107.052 106.942 109.444 106.922 106.884 107.004 108.819 107.957 105.772 103.087 102.427 102.454 102.497 102.539 103.799 103.324 102.172 102.589 104.087 106.899 108.669
109.677 109.662 109.644 109.602 109.569 109.609 109.654 109.604 109.499 109.434 110.217 124.057 112.232 111.799 110.472 110.247 110.159 110.109 110.064 109.944 110.079 110.087 115.917 117.669 116.009 109.252 109.279 109.289 109.272 109.252 109.184 109.134 109.089 109.052 109.004 108.977 108.952 108.917 108.877 108.829 108.487 108.102 108.369 108.327 107.557 107.382 107.319 107.232 107.054 106.879 106.687 106.544 106.882 108.929 106.809 108.057 107.194 104.847 102.677 102.309 102.329 102.342 102.434 103.029 102.124 102.164 102.107 102.212 104.949 103.149
109.602 109.554 109.492 109.412 109.362 109.419 109.532 109.529 109.419 109.307 109.684 109.299 109.272 109.722 109.564 110.329 110.019 109.907 109.844 109.764 110.149 109.827 115.204 118.099 113.834 109.094 109.107 109.192 109.204 109.189 109.147 109.089 109.052 108.994 108.957 108.859 108.804 108.847 108.842 108.747 108.247 107.737 107.492 107.344 107.137 107.222 107.089 106.937 106.857 106.692 106.794 106.767 106.914 106.584 106.702 108.062 106.369 103.314 102.367 103.039 102.184 102.199 102.334 102.542 102.152 102.127 102.422 104.312 102.302 102.499
109.452 109.389 109.334 109.272 109.272 109.337 109.424 109.452 109.344 109.232 109.054 109.049 111.432 110.104 109.764 109.192 110.159 109.749 110.054 110.212 109.912 110.122 109.904 109.512 108.914 108.962 109.537 110.067 108.962 109.002 109.022 109.029 108.974 108.914 108.782 110.269 111.812 108.782 109.317 108.647 108.084 107.432 107.157 107.049 106.959 106.929 106.759 106.622 106.564 106.679 106.399 106.287 107.324 106.894 106.342 108.089 105.069 109.459 106.237 102.059 102.074 102.072 102.582 102.207 102.124 104.687 107.322 108.642 108.059 101.917
109.309 109.354 109.364 109.384 111.649 115.359 113.097 109.359 109.297 109.859 109.082 109.197 111.587 111.719 113.539 110.477 109.859 109.852 109.604 109.792 109.894 109.697 109.424 109.049 109.037 108.872 110.714 111.797 108.807 108.727 108.832 108.877 108.817 108.674 109.109 113.937 115.382 109.687 109.489 108.477 107.989 107.639 106.934 106.814 106.754 106.729 106.464 106.422 106.327 106.177 106.244 106.004 106.169 107.334 107.199 110.367 105.404 102.504 103.714 101.922 101.952 101.982 103.497 102.212 107.277 109.292 108.999 109.082 108.229 102.974
112.874 109.367 112.307 115.782 116.164 116.919 115.324 110.117 109.467 109.257 108.922 108.639 110.492 110.409 116.432 116.219 111.529 108.622 109.734 109.372 110.392 109.812 109.174 109.627 108.537 108.484 108.459 108.244 108.297 108.489 108.592 108.647 108.569 110.249 110.432 110.347 111.217 110.649 109.824 108.264 107.687 107.179 106.734 106.432 106.497 106.277 106.209 106.919 106.117 108.504 109.322 106.304 107.987 106.564 110.412 112.912 111.179 102.249 101.759 101.812 101.837 101.917 103.994 109.204 108.274 108.197 109.079 107.969 102.102 102.009
115.449 114.787 116.109 116.979 117.927 117.989 116.312 116.122 109.137 108.929 108.719 108.509 108.489 108.857 115.314 116.729 109.074 108.627 108.512 109.242 109.384 114.604 108.862 108.774 108.554 108.489 108.239 108.082 108.107 108.194 108.347 108.329 108.422 109.094 109.827 109.479 110.517 110.859 111.434 110.632 107.282 106.572 106.317 106.069 106.049 105.907 105.882 105.789 105.704 106.669 105.862 108.887 108.189 108.284 107.114 108.119 102.774 101.574 101.637 101.709 101.704 101.847 103.817 108.877 108.939 109.957 108.989 108.304 101.839 101.852
116.359 116.987 117.877 118.784 119.627 118.832 117.127 115.384 109.387 110.429 108.544 108.374 108.334 108.232 108.509 109.174 111.002 111.814 108.979 108.239 109.029 109.109 108.734 108.589 108.392 108.187 108.114 109.119 108.769 108.092 107.899 107.979 107.832 107.979 108.379 109.319 111.599 111.404 112.174 111.412 108.569 106.577 108.772 108.809 108.004 108.627 107.029 105.527 106.099 107.639 105.492 106.819 107.449 118.179 108.477 103.297 101.847 101.444 101.542 101.572 101.604 103.899 108.614 109.222 109.172 108.489 104.579 101.754 101.819 101.867
117.872 118.719 119.657 119.194 118.287 117.324 116.427 115.559 112.012 110.092 109.314 108.189 108.054 107.974 107.932 109.244 111.634 112.762 110.949 111.662 108.262 108.702 108.639 109.409 109.652 108.034 107.724 107.479 107.389 107.572 107.442 107.359 107.252 108.512 108.522 109.717 111.802 113.447 111.712 111.327 110.067 108.614 108.304 108.904 109.354 111.527 107.544 106.217 107.107 106.754 105.107 109.539 111.892 112.054 105.039 104.054 101.314 101.357 101.437 101.459 101.552 104.792 108.824 108.447 107.994 101.994 101.657 101.777 101.839 102.269
119.642 119.274 118.302 117.469 116.592 115.604 114.257 109.557 109.119 109.639 108.242 108.004 107.849 107.684 107.659 108.589 111.287 112.317 115.044 109.499 108.654 108.014 108.267 108.267 109.572 107.872 107.539 107.407 107.334 107.252 107.087 107.777 107.984 108.069 110.437 110.167 110.927 112.972 114.622 113.199 111.267 109.632 110.019 109.519 108.824 110.269 108.507 107.259 106.659 109.539 109.282 115.864 119.334 112.337 108.144 101.687 101.152 101.269 101.434 101.342 101.522 101.849 105.477 103.592 101.507 101.612 101.717 101.809 102.127 102.309
119.054 117.559 116.572 115.659 114.514 109.779 107.917 108.112 108.987 107.737 107.727 107.727 107.629 107.492 107.357 107.352 109.182 110.032 116.629 112.379 107.514 107.514 107.657 109.134 111.184 107.657 107.364 107.362 107.099 106.927 106.734 109.417 108.117 109.627 109.722 108.902 110.809 111.557 111.814 110.874 111.527 113.249 111.977 112.239 111.357 106.417 107.612 107.259 111.394 112.917 106.582 108.162 109.762 106.104 107.912 112.937 101.089 108.189 101.227 101.242 101.347 102.022 101.502 101.442 101.567 101.677 101.762 101.832 102.554 102.434
120.002 118.224 116.504 114.299 108.074 106.459 106.444 107.532 107.079 107.379 107.667 107.889 107.717 107.204 107.114 106.984 107.057 107.124 110.077 110.894 107.042 107.104 107.819 107.362 107.122 110.642 107.212 107.127 107.134 106.697 106.359 106.437 107.157 107.797 109.147 109.844 110.812 110.174 107.394 111.459 113.092 111.982 111.492 113.392 112.564 108.262 105.557 108.087 109.289 108.804 108.269 108.194 109.139 105.759 102.344 109.519 104.949 101.084 101.149 101.177 101.242 101.527 101.407 101.499 101.609 101.689 101.794 103.027 102.339 102.564
120.514 119.139 117.564 118.362 110.157 106.284 106.262 106.949 107.969 108.144 106.957 107.049 106.829 107.324 106.834 106.717 106.624 106.819 107.022 107.089 106.604 111.334 113.379 110.739 108.509 106.299 106.994 106.887 108.547 106.267 106.084 105.859 105.539 105.252 105.289 106.639 107.037 105.489 111.344 113.869 113.559 111.972 111.534 112.544 112.482 109.387 107.824 109.844 110.282 107.784 107.227 107.357 111.987 105.212 101.662 100.812 100.919 100.979 101.029 101.114 101.232 101.347 101.479 101.572 101.632 101.712 101.804 103.312 102.542 102.812
118.854 117.939 117.144 119.502 116.757 106.282 106.057 106.032 106.047 106.442 106.159 106.062 106.079 106.794 106.494 106.417 106.332 106.264 106.759 106.457 106.382 107.642 116.209 115.119 112.359 106.859 105.619 106.532 109.689 107.414 105.912 105.494 105.204 104.972 104.702 104.519 104.352 105.259 110.969 117.284 111.139 111.327 111.669 111.687 110.744 109.784 107.527 110.384 108.089 107.512 107.184 104.734 108.657 103.582 100.612 100.722 100.789 100.827 100.894 101.382 101.917 101.364 101.494 101.594 101.677 101.742 101.834 102.407 102.282 102.697
117.104 116.189 115.184 117.182 110.419 106.652 105.852 105.842 105.842 105.799 106.362 106.834 105.884 107.039 108.319 106.044 105.962 105.797 105.837 106.347 106.097 106.504 113.467 116.914 111.234 105.484 106.284 112.464 105.987 105.674 105.417 105.092 108.587 106.277 106.227 104.257 104.252 103.877 103.617 109.069 111.627 111.149 111.419 108.079 107.864 105.419 106.297 107.449 105.214 108.797 106.797 109.337 111.859 100.432 100.522 100.592 100.634 100.832 101.999 106.442 108.084 103.074 102.049 101.599 101.684 101.794 101.899 102.017 102.109 102.364
116.084 114.524 107.777 106.057 105.417 105.527 105.644 105.669 105.662 105.594 105.559 105.504 106.017 106.447 108.007 105.664 105.644 105.494 105.459 105.477 105.842 106.154 106.794 109.087 106.399 105.207 106.987 104.777 105.537 104.477 105.344 104.982 105.522 104.244 104.012 104.077 103.789 103.767 103.567 110.029 110.152 109.829 110.639 108.777 107.672 105.724 104.737 104.622 106.934 109.499 103.584 100.384 100.794 100.694 100.407 103.019 107.227 101.464 106.622 106.814 108.522 104.952 101.787 101.787 101.884 101.839 101.932 102.044 102.149 102.279
108.054 106.689 106.204 105.727 105.414 105.397 105.474 105.484 105.467 105.387 105.314 105.264 105.644 105.927 105.302 105.219 105.239 105.197 105.134 105.059 105.407 104.977 105.767 104.924 106.714 108.197 108.952 104.032 105.809 104.719 103.184 110.984 109.684 104.009 103.924 103.532 103.357 103.534 103.129 105.894 109.939 106.864 105.492 105.712 105.584 102.327 103.352 104.092 104.772 103.892 100.049 100.119 100.402 100.867 100.249 107.184 107.042 104.677 106.137 106.939 105.712 103.997 106.769 101.954 102.262 102.792 102.509 102.279 102.169 102.262
107.094 106.164 105.612 105.327 105.307 105.314 105.339 105.352 105.577 106.547 105.824 105.867 107.164 104.989 105.304 104.874 104.809 104.754 104.702 104.642 104.697 104.579 104.444 104.442 105.034 107.419 105.287 106.297 107.142 103.419 110.972 112.479 113.414 103.834 103.104 102.679 102.739 102.842 102.547 101.659 101.794 101.287 104.102 103.797 103.699 104.279 104.189 101.064 100.384 100.619 99.962 99.999 100.034 100.529 103.689 107.492 108.899 108.764 111.212 109.892 103.192 106.264 103.049 111.292 108.229 102.332 102.344 102.477 102.559 102.632
106.432 105.732 105.312 105.267 105.234 105.262 105.247 105.994 105.077 104.982 105.369 106.954 105.064 105.227 113.494 104.939 104.444 104.659 104.597 104.334 104.229 104.154 104.104 104.519 106.737 105.384 104.134 104.257 104.644 103.207 106.182 114.694 110.617 107.084 102.194 103.894 101.872 101.764 101.877 101.467 103.034 103.019 103.914 105.459 104.984 104.122 103.162 99.912 99.777 99.809 99.814 99.834 100.042 104.174 103.254 105.349 107.567 115.407 109.377 109.549 104.224 102.282 107.517 112.614 114.259 103.447 102.382 102.549 102.709 110.087
105.934 105.482 105.257 105.209 105.842 105.957 106.037 105.784 105.317 104.829 104.779 104.167 107.904 115.237 112.689 104.389 105.462 106.152 104.632 104.267 104.357 104.122 103.672 104.172 104.292 105.624 104.344 104.399 104.227 107.472 109.339 109.632 102.002 101.824 102.004 100.797 101.507 101.397 101.302 100.582 102.614 104.414 103.424 102.237 103.574 101.137 99.789 99.609 99.647 99.647 99.654 99.697 101.389 104.692 104.217 103.074 105.829 113.184 104.649 104.934 103.354 107.699 110.487 113.977 110.179 106.352 102.509 102.479 102.664 110.327
105.802 105.737 105.197 105.119 106.034 106.022 105.912 105.682 104.667 104.427 104.249 104.082 115.794 115.297 114.814 103.847 106.929 109.017 105.769 103.847 104.954 105.234 103.367 104.292 106.202 105.239 106.679 103.287 102.707 109.227 108.864 106.447 101.467 101.167 100.854 100.029 100.952 100.094 101.177 100.934 100.447 100.267 100.252 100.239 99.997 99.674 99.444 99.472 99.464 99.449 99.477 99.769 99.667 100.229 101.524 103.889 102.447 105.319 102.232 102.702 102.209 113.769 112.657 104.742 104.342 111.874 103.149 102.639 102.634 113.377
105.732 105.519 105.117 105.014 105.869 105.929 104.924 104.672 104.867 105.457 110.039 105.009 113.427 114.189 107.474 103.244 103.159 103.574 103.994 102.894 103.722 103.324 104.379 105.399 104.904 103.584 101.739 101.324 101.089 107.049 107.742 104.002 103.254 101.184 100.737 100.114 104.432 101.229 101.437 99.492 100.692 100.047 100.092 100.254 99.497 99.317 99.297 99.294 99.249 99.212 102.592 101.694 100.404 99.957 103.209 103.312 102.904 103.014 103.829 101.324 101.789 110.892 112.139 111.794 110.104 111.817 107.374 103.984 102.887 102.989
106.364 105.584 105.052 104.909 104.882 104.847 104.654 104.382 104.657 105.447 107.937 103.732 104.347 103.804 103.249 103.117 102.992 103.299 110.532 108.764 106.899 108.392 104.007 101.902 101.719 101.542 101.359 101.154 100.992 101.182 102.922 100.407 100.277 100.829 99.967 102.674 107.779 106.574 104.447 102.404 100.822 99.314 100.369 99.982 99.254 99.122 99.127 99.082 99.012 99.542 103.872 103.894 104.574 101.782 102.224 100.244 101.972 105.402 103.124 107.242 112.267 103.037 102.847 103.907 109.009 108.817 107.089 103.439 102.909 102.994
