dsm/se2732_DSM_2M.asc
ncols 500
nrows 500
xllcorner    427000
yllcorner    432000
cellsize     2
NODATA_value -9999
[rows 384 to 415 of 500, columns 144 to 215 of 500]
80.19 80.984 80.148 80.534 87.997 88.588 83.67 84.138 82.207 81.18 81.273 80.43 80.118 80.059 79.985 79.952 79.911 79.801 79.734 79.699 79.551 79.508 79.563 79.56 79.497 79.433 79.345 79.286 79.249 79.195 79.174 79.123 79.039 78.851 78.727 78.619 78.595 78.51 78.417 78.299 78.218 78.166 78.171 78.086 77.952 77.91 77.896 77.876 77.738 77.555 77.428 77.302 77.264 77.233 77.136 77.117 77.082 77.054 77.114 80.78 89.054 86.861 79.261 76.286 76.074 76.03 75.932 75.906 75.782 75.692 75.582 76.469
80.065 80.202 81.181 81.032 86.922 86.8 83.715 84.213 83.361 80.973 81.274 80.843 80.173 79.976 79.852 79.87 79.834 79.734 79.634 79.578 79.541 79.46 79.415 79.403 79.438 79.387 79.316 79.245 79.143 79.126 79.084 79.113 78.984 78.81 78.732 78.479 78.351 78.419 78.327 78.208 78.169 78.107 78.047 78.068 77.97 77.883 77.799 77.752 77.738 77.525 77.418 77.292 77.137 77.043 76.962 76.987 76.9 76.895 76.804 77.358 86.17 80.057 83.316 78.105 76.041 75.922 75.849 75.71 75.678 75.598 75.538 75.452
81.326 80.047 79.934 80.283 87.239 89.362 82.64 83.515 80.977 82.598 84.037 81.418 82.909 80.215 79.872 79.812 79.815 79.671 79.555 79.478 79.428 79.352 79.366 79.342 79.37 79.337 79.251 79.174 79.063 79.051 79.001 79.021 78.994 78.781 78.606 78.407 78.289 78.302 78.268 78.105 78.125 78.004 77.95 77.933 77.844 77.808 77.725 77.694 77.617 77.45 77.318 77.203 77.011 76.89 76.82 76.806 76.757 76.814 76.746 77.197 77.127 81.95 84.472 78.559 75.869 75.802 75.627 75.629 75.548 75.464 75.383 77.352
86.046 84.476 80.395 79.922 84.871 87.668 88.591 80.685 80.782 82.961 81.055 85.678 84.73 82.356 79.829 79.741 79.728 79.661 79.532 79.404 79.36 79.286 79.242 79.225 79.249 79.219 79.146 79.073 78.967 78.984 78.856 78.941 78.967 78.825 78.557 78.417 78.178 78.104 78.141 78.116 77.974 77.915 77.85 77.872 77.764 77.811 77.724 77.592 77.472 77.37 77.237 77.071 76.866 76.757 76.691 76.657 76.689 76.57 76.509 76.486 76.394 78.153 83.904 80.979 75.818 75.702 75.606 75.507 75.442 75.257 75.158 83.494
86.795 86.004 82.147 79.912 79.798 81.382 80.902 81.285 80.854 80.851 81.429 84.674 85.324 81.871 79.87 79.746 79.65 79.612 79.408 79.291 79.212 79.201 79.143 79.113 79.116 79.109 79.077 79.002 78.956 78.92 78.841 78.818 78.846 78.712 78.598 78.354 78.117 78.053 78.027 78.081 77.888 77.859 77.836 77.834 77.782 77.727 77.646 77.605 77.417 77.251 77.056 76.949 76.835 76.708 76.617 76.451 76.511 76.331 76.291 76.187 76.056 77.144 76.718 75.861 75.678 75.655 75.469 75.385 75.305 75.232 77.064 79.885
87.201 86.369 82.548 79.841 79.904 79.907 79.985 81.001 80.914 80.751 81.382 84.169 81.436 80.506 79.974 79.543 79.504 79.411 79.365 79.245 79.125 79.085 79.043 79.026 79.072 79.074 79.022 78.889 78.834 78.758 78.767 78.634 78.709 78.654 78.532 78.286 78.138 77.889 77.9 77.9 77.825 77.747 77.7 77.69 77.604 77.587 77.494 77.459 77.337 77.192 76.978 76.847 76.728 76.554 76.412 76.388 76.307 76.134 76.068 75.937 75.954 76.112 76.251 76.963 75.63 75.519 75.375 75.265 75.148 77.235 77.161 79.544
87.05 86.571 82.565 79.78 79.8 79.869 79.919 81.014 80.662 80.607 80.436 83.303 84.425 82.013 79.664 79.565 79.371 79.324 79.254 79.116 79.068 78.954 78.91 78.97 78.924 78.99 78.94 78.844 78.773 78.698 78.62 78.466 78.502 78.479 78.379 78.167 78.024 77.864 77.79 77.854 77.741 77.667 77.578 77.569 77.509 77.437 77.378 77.256 77.275 77.179 76.96 76.763 76.562 76.471 76.301 76.165 76.045 76.009 75.853 75.795 75.682 75.696 76.984 78.828 77.111 75.421 75.346 75.194 75.15 79.246 80.494 81.208
86.703 86.81 85.73 80.791 79.777 79.828 79.856 80.152 80.664 80.422 80.535 83.637 85.304 83.849 79.742 79.528 79.319 79.264 79.181 79.047 78.956 78.867 78.836 78.795 78.792 78.857 78.867 78.839 78.775 78.575 78.464 78.402 78.315 78.328 78.247 78.135 77.957 77.806 77.635 77.661 77.711 77.6 77.501 77.457 77.36 77.379 77.266 77.166 77.108 77.047 76.925 76.736 76.517 76.324 76.177 76.013 75.909 75.848 75.74 75.587 75.596 77.002 78.937 79.71 77.704 75.617 75.197 75.134 75.082 79.057 80.341 79.564
86.524 87.098 85.946 80.969 79.729 79.714 79.805 79.836 80.799 80.713 80.966 83.819 85.665 85.249 80.221 79.507 79.252 79.236 79.175 79.103 78.899 78.843 78.733 78.646 78.677 78.743 78.799 78.78 78.677 78.449 78.377 78.32 78.187 78.154 78.125 78.02 77.856 77.734 77.532 77.489 77.468 77.434 77.412 77.342 77.245 77.207 77.101 77.032 76.95 76.889 76.799 76.685 76.533 76.34 76.05 75.907 75.791 75.717 75.677 75.511 75.363 75.33 75.842 79.096 76.386 75.13 75.06 75.086 74.995 74.911 75.817 74.747
86.414 87.075 86.289 82.645 79.653 79.601 79.696 79.77 80.679 80.49 80.45 81.213 82.495 85.197 82.952 79.837 79.147 79.128 79.146 79.131 78.916 78.787 78.718 78.609 78.601 78.683 78.674 78.622 78.524 78.423 78.307 78.261 78.038 78.059 77.987 77.891 77.786 77.653 77.484 77.36 77.312 77.304 77.319 77.189 77.124 77.038 76.998 76.914 76.75 76.66 76.693 76.61 76.475 76.277 76.02 75.786 75.752 75.624 75.519 75.407 75.298 75.207 75.062 76.355 75.212 75.054 74.94 74.963 74.894 74.866 74.809 74.742
86.123 87.02 86.542 84.303 79.57 79.444 79.579 79.711 79.968 80.318 80.245 80.523 80.94 81.24 80.443 80.085 79.134 79.074 79.183 79.101 78.97 78.793 78.685 78.585 78.557 78.535 78.513 78.516 78.455 78.31 78.241 78.094 77.986 77.908 77.922 77.856 77.73 77.581 77.393 77.286 77.2 77.178 77.164 77.076 77.008 76.906 76.829 76.731 76.692 76.657 76.553 76.425 76.363 76.217 76.033 75.787 75.601 75.486 75.474 75.337 75.207 75.029 74.965 76.053 75.212 74.893 74.859 74.814 74.814 74.752 74.632 74.627
85.864 86.861 86.571 84.808 84.042 79.365 79.46 79.624 79.835 80.021 79.848 80.122 80.487 80.204 80.056 79.585 79.172 79.088 79.107 79.05 78.897 78.757 78.703 78.579 78.505 78.428 78.431 78.415 78.356 78.303 78.129 78.007 77.932 77.833 77.777 77.766 77.597 77.474 77.279 77.139 77.1 77.079 77 76.942 76.822 76.755 76.708 76.583 76.545 76.482 76.369 76.346 76.242 76.09 75.919 75.78 75.64 75.465 75.338 75.224 75.131 74.928 74.907 74.819 74.825 76.941 75.187 75.443 75.241 74.609 74.539 74.415
81.389 84.851 86.07 86.106 84.938 79.815 79.403 79.502 79.569 79.864 79.963 80.1 80.167 79.866 79.851 79.305 79.068 78.962 79.047 79.056 78.924 78.825 78.751 78.581 78.482 78.402 78.349 78.379 78.302 78.235 78.133 77.973 77.893 77.77 77.679 77.649 77.49 77.35 77.236 77.026 76.969 76.944 76.868 76.816 76.717 76.597 76.46 76.434 76.395 76.346 76.241 76.182 76.136 76.019 75.914 75.758 75.579 75.448 75.244 75.153 75.005 74.817 74.791 74.795 79.409 77.01 86.583 84.24 74.744 74.388 74.485 75.079
79.432 83.973 85.934 86.188 85.062 79.882 79.177 79.252 79.498 79.643 80.495 79.948 79.79 81.333 82.747 82.046 78.884 78.869 78.849 78.977 78.919 78.81 78.692 78.592 78.5 78.374 78.274 78.256 78.252 78.134 78.073 77.948 77.833 77.68 77.593 77.571 77.411 77.299 77.121 76.965 76.796 76.781 76.653 76.603 76.462 76.364 76.302 76.31 76.241 76.173 76.107 76.077 75.972 75.919 75.837 75.712 75.634 75.461 75.253 75.208 74.971 74.813 74.723 74.963 85.765 84.264 77.892 83.263 87.344 74.476 75.928 76.242
79.389 83.239 85.616 86.303 85.727 81.48 79.033 79.089 79.344 79.529 80.309 79.569 79.459 83.312 84.659 82.424 78.902 78.76 78.752 78.879 78.846 78.785 78.716 78.606 78.472 78.331 78.238 78.182 78.145 78.07 78.013 77.933 77.741 77.612 77.51 77.488 77.335 77.264 77.089 76.921 76.663 76.586 76.502 76.346 76.298 76.249 76.138 76.079 75.997 75.962 75.932 75.865 75.772 75.741 75.698 75.66 75.528 75.42 75.263 75.116 74.935 74.736 74.601 74.721 89.061 91.18 87.964 89.947 75.905 75.63 74.684 76.605
79.961 83.307 85.496 86.274 85.652 83.719 79.981 79.021 79.198 79.224 80.394 79.669 79.29 83.004 84.368 84.396 81.938 78.637 78.617 78.694 78.75 78.71 78.619 78.533 78.387 78.235 78.113 78.037 78.039 78.099 77.963 77.848 77.689 77.562 77.483 77.381 77.314 77.205 77.028 76.899 76.599 76.458 76.363 76.23 76.18 76.011 75.966 75.944 75.853 75.747 75.72 75.708 75.636 75.628 75.507 75.461 75.446 75.293 75.178 75.029 74.888 74.779 74.494 75.447 86.964 89.491 87.456 78.324 80.508 75.072 77.809 82.895
79.253 79.637 85.076 86.307 86.073 84.968 79.979 78.92 79.035 79.081 79.337 79.797 79.246 80.28 83.411 84.545 81.013 78.551 78.492 78.566 78.65 78.628 78.501 78.411 78.323 78.183 78.003 77.924 77.922 77.921 77.877 77.77 77.624 77.531 77.373 77.272 77.177 77.073 76.994 76.853 76.625 76.381 76.226 76.074 75.964 75.83 75.8 75.744 75.68 75.61 75.58 75.497 75.455 75.401 75.367 75.257 75.168 75.042 75.031 74.983 74.908 74.777 74.612 74.583 78.244 77.713 82.556 86.765 75.278 74.798 74.057 76.57
79.33 80.204 84.851 86.138 86.107 85.174 80.038 78.756 78.786 78.927 79.186 80.135 79.296 79.079 82.064 83.662 80.972 79.283 78.353 78.446 78.488 78.495 78.437 78.303 78.3 78.192 77.944 77.831 77.753 77.836 77.751 77.66 77.561 77.396 77.334 77.161 77.12 76.977 76.875 76.788 76.562 76.306 76.098 75.958 75.833 75.721 75.703 75.595 75.571 75.431 75.394 75.337 75.331 75.174 75.12 75.054 74.951 74.889 74.923 74.803 74.712 74.714 74.637 74.553 74.73 74.835 83.907 78.594 75.468 74.408 74.944 75.639
79.205 79.147 83.978 85.802 86.2 85.38 83.356 78.797 78.581 78.766 78.815 79.675 79.592 79.539 82.331 83.465 83.632 81.434 78.316 78.238 78.334 78.282 78.239 78.272 78.221 78.11 77.978 77.783 77.725 77.7 77.684 77.597 77.503 77.347 77.26 77.084 76.995 76.932 76.816 76.665 76.453 76.194 75.95 75.818 75.638 75.566 75.552 75.439 75.316 75.264 75.318 75.206 75.074 75.082 74.97 74.914 74.806 74.748 74.772 74.708 74.592 74.881 74.435 74.328 74.192 74.199 74.314 74.119 74.505 75.732 73.818 74.655
79.055 79.014 82.981 85.592 86.325 85.577 83.361 80.06 78.437 78.556 78.68 79.303 79.724 79.347 80.06 82.769 82.439 81.888 78.363 78.154 78.168 78.23 78.164 78.122 78.062 77.996 77.884 77.702 77.595 77.563 77.588 77.528 77.419 77.31 77.241 77.075 76.958 76.876 76.768 76.573 76.365 75.999 75.766 75.662 75.486 75.471 75.442 75.37 75.239 75.203 75.08 75.115 75.017 74.903 74.854 74.714 74.717 74.663 74.6 74.458 74.26 74.296 74.285 74.304 75.076 75.099 74.82 74.173 74.585 73.68 73.167 73.594
79.084 78.907 79.753 83.097 84.561 85.146 84.66 81.411 78.225 78.363 78.552 80.036 80.249 79.692 79.174 82.118 82.564 81.682 78.638 78.032 78.051 78.059 78.044 77.962 77.884 77.83 77.746 77.611 77.513 77.43 77.464 77.489 77.356 77.236 77.106 76.974 76.814 76.726 76.601 76.395 76.119 75.886 75.674 75.521 75.395 75.29 75.337 75.207 75.133 75.109 74.991 74.883 74.84 74.774 74.699 74.626 74.459 74.49 74.374 75.016 74.47 75.369 76.15 74.567 74.38 73.757 75.004 74.599 73.377 73.227 73.146 73.174
81.298 79.271 78.55 78.459 84.121 85.059 84.802 83.763 79.141 78.28 79.645 80.876 82.112 81.855 79.053 81.093 83.367 82.728 79.642 77.921 77.965 77.899 77.936 77.832 77.736 77.676 77.569 77.502 77.348 77.349 77.348 77.34 77.225 77.134 76.977 76.834 76.722 76.577 76.454 76.205 75.986 75.794 75.58 75.47 75.395 75.469 75.398 75.194 75.177 75.081 75.012 75.029 75.177 74.749 74.52 74.432 76.099 76.621 76.415 76.202 74.98 74.781 74.139 74.462 73.332 72.656 74.177 74.964 73.573 73.393 72.877 73.94
82.403 82.206 78.516 78.419 83.822 84.937 85.062 83.917 78.283 78.27 78.629 80.276 82.041 82.261 82.624 80.545 84.12 84.669 80.527 77.817 77.823 77.814 77.811 77.695 77.609 77.567 77.47 77.36 77.351 77.17 77.215 77.235 77.1 76.987 76.868 76.706 76.588 76.35 76.206 75.993 75.846 75.988 75.563 75.501 75.595 75.493 75.603 75.315 80.49 80.622 76.717 74.734 75.042 76.068 76.984 77.497 77.318 75.031 74.592 74.287 73.737 73.549 73.335 74.888 72.56 72.757 73.324 73.389 73.033 72.635 74.103 77.888
81.544 81.728 78.59 78.665 82.756 84.781 85.165 84.284 82.459 79.541 78.384 78.194 81.945 84.399 83.516 82.23 84.182 83.348 80.38 78.935 77.724 77.69 77.722 77.664 77.548 77.459 77.344 77.251 77.197 77.039 76.987 77.028 76.939 76.807 76.681 76.523 76.446 76.182 76.063 76.021 79.939 79.376 76.407 75.927 75.846 75.869 75.613 83.408 87.188 86.419 86.021 77.535 75.531 77.095 75.894 74.897 73.627 73.507 73.538 73.679 74.195 74.247 73.195 73.243 74.287 74.947 72.386 73.664 73.217 73.1 73.102 78.108
78.533 78.573 78.44 78.196 82.103 84.446 85.292 84.493 82.532 78.26 78.452 78.553 80.958 82.264 82.179 85.381 83.548 80.718 83.026 79.251 77.581 77.6 77.562 77.538 77.482 77.362 77.228 77.102 77.061 76.861 76.833 76.797 76.752 76.685 76.529 76.389 76.25 76.287 80.047 80.373 81.528 81.287 81.746 85.099 82.958 78.373 76.99 83.954 88.356 88.101 86.307 76.381 76.347 74.227 74.643 73.546 73.539 73.159 73.624 74.314 74.498 74.262 72.946 72.684 74.015 75.081 77.864 77.882 72.356 73.021 72.275 76.232
78.385 78.49 78.979 78.332 79.14 84.102 85.024 84.743 82.613 78.382 78.138 78.495 82.827 84.307 82.579 80.14 80.003 82.363 83.239 82.281 77.611 77.473 77.524 77.475 77.388 77.267 77.138 77.049 76.923 76.776 76.648 76.614 76.566 76.491 76.374 76.272 76.263 79.673 82.926 80.21 77.337 76.825 83.868 87.132 82.287 78.792 78.232 83.655 81.368 87.633 86.724 78.986 77.303 76.867 73.531 73.323 73.906 72.969 73.139 74.336 74.411 74.537 73.939 72.593 77.421 78.57 79.126 79.082 75.129 72.978 72.572 71.766
78.37 78.319 78.856 78.301 79.221 83.89 85 84.797 83.934 79.684 78.162 78.367 82.578 85.327 84.925 79.842 78.488 82.244 84.146 83.869 77.968 77.36 77.385 77.376 77.29 77.203 77.046 76.953 76.784 76.656 76.537 76.421 79.211 77.469 76.253 76.314 76.186 78.392 80.1 79.874 78.231 78.579 81.041 85.416 78.486 75.717 74.873 74.695 82.051 86.573 81.728 78.291 76.745 77.052 74.386 73.651 73.618 72.914 72.994 72.9 74.434 74.222 75.254 77.489 78.715 79.495 80.076 79.365 78.719 75.639 71.882 71.619
78.367 78.573 78.687 78.451 78.231 82.818 84.105 83.977 83.374 78.229 78.099 78.179 82.366 86.264 86.187 81.075 77.932 80.788 83.876 83.272 79.854 77.252 77.176 77.185 77.178 77.061 76.951 76.813 76.665 76.62 78.096 81.663 83.741 83.156 76.343 76.132 75.935 76.685 80.04 80.005 79.585 78.936 78.143 76.057 77.671 79.239 75.544 73.756 75.561 74.229 77.936 75.193 75.985 73.815 73.019 72.923 76.22 73.911 73.368 72.848 72.703 73.357 72.139 76.609 78.707 79.792 79.361 78.753 77.852 73.618 71.561 71.273
78.304 78.527 78.404 78.709 78.383 83.247 79.921 79.655 78.226 78.142 78.398 77.846 79.791 85.745 85.225 82.93 78.467 78.233 80.442 79.471 78.007 77.27 77.052 77.04 77.015 76.885 76.798 76.686 76.529 76.533 79.133 82.782 84.676 83.185 78.829 77.374 77.788 78.497 79.356 79.706 78.212 76.008 74.358 74.195 76.16 78.179 75.084 73.364 73.106 73.03 72.886 73.404 73.343 74.842 74.618 73.368 73.241 74.583 75.363 76.024 76.815 73.277 72.087 72.413 77.883 78.947 78.153 74.992 73.081 72.157 71.404 70.933
78.251 78.189 79.229 78.958 78.595 78.289 78.202 78.19 78.183 78.625 78.698 77.894 78.164 79.934 80.846 84.461 78.989 77.85 77.844 77.923 77.738 77.195 76.998 76.942 76.902 76.811 76.713 76.661 76.61 77.165 79.14 86.144 86.415 88.069 79.829 79.165 77.316 75.923 77.114 77.211 76.742 76.309 75.433 74.061 73.91 73.777 73.73 73.262 73.039 72.888 72.746 72.717 73.797 75.072 75.187 73.094 72.456 74.183 77.199 78.653 78.795 76.588 72.741 72.145 76.013 77.609 72.387 72.213 71.594 71.423 72.228 70.805
78.23 78.182 79.685 79.796 80.049 78.373 78.551 78.458 78.555 77.983 78.137 79.673 79.014 84.743 85.826 83.57 80.067 78.271 77.309 77.329 77.342 77.127 77.088 76.997 76.983 76.814 76.818 76.504 76.852 76.654 85.885 89.825 89.931 89.037 84.519 77.183 75.531 74.521 74.395 74.378 76.916 76.846 76.202 73.838 73.723 73.408 73.27 73.369 73.766 72.74 72.63 72.928 74.181 74.428 75.327 74.298 75.414 77.963 78.934 79.673 79.639 78.738 74.476 72.604 71.834 71.819 71.638 71.963 72.818 71.453 71.021 70.685
79.069 80.391 81.151 81.099 81.898 79.655 81.093 80.744 77.951 78.66 79.294 83.3 83.496 85.452 85.396 83.463 79.983 77.476 77.404 76.956 77.067 76.839 76.827 76.77 76.68 76.801 76.747 78.607 78.975 79.66 88.452 90.49 90.163 91.267 85.497 81.321 74.989 74.392 74.297 74.265 76.228 77.423 76.958 74.256 73.481 73.193 73.1 72.952 73.379 73.669 72.264 72.137 73.305 74.289 74.605 74.025 76.811 78.776 79.81 81.583 79.455 78.802 77.855 72.28 71.551 71.309 72.011 71.197 71.239 70.842 70.761 70.709
