dsm/se2734_DSM_2M.asc
ncols 500
nrows 500
xllcorner    427000
yllcorner    434000
cellsize     2
NODATA_value -9999
[rows 0 to 31 of 500, columns 288 to 359 of 500]
70.608 70.757 70.263 68.078 63.434 60.793 59.939 59.834 59.863 59.131 58.996 58.795 58.641 59.32 58.435 59.426 59.416 58.392 64.183 66.378 67.277 66.97 65.801 62.534 58.054 60.811 60.884 56.643 55.589 58.335 62.434 63.202 63.512 62.621 57.3 54.675 54.032 53.667 53.603 53.592 53.638 54.09 54.67 58.937 63.247 63.263 63.349 62.209 61.079 52.643 52.237 52.114 52.071 51.957 51.874 52.102 57.384 60.303 61.228 61.162 60.681 56.344 51.199 51.204 51.349 51.257 52.454 51.522 52.006 55.762 59.831 54.663
70.387 70.668 70.8 69.232 67.576 61.702 60.11 59.848 59.717 59.075 58.746 58.578 58.427 58.261 58.322 58.336 58.724 58.445 59.318 64.421 65.798 67.001 63.759 57.796 59.072 60.462 59.808 56.068 55.377 59.11 61.317 61.796 62.496 61.744 55.796 54.383 53.664 54.272 53.532 53.522 53.504 53.553 54.695 60.893 62 62.415 62.303 61.793 54.547 52.962 52.084 52.008 51.958 51.806 52.37 52.565 60.354 60.84 61.331 60.659 59.426 52.815 50.992 51.966 51.093 51.143 51.528 51.611 54.48 58.255 60.118 61.035
70.163 70.657 70.113 69.5 68.653 64.941 61.16 59.739 59.263 58.912 58.606 59.198 58.397 58.05 57.821 57.551 57.882 58.416 59.734 58.511 64.293 64.056 57.467 59.413 61.042 60.37 55.929 55.712 56.026 56.073 60.615 60.77 60.834 61.87 54.903 54.215 53.455 54.18 53.39 53.359 53.678 53.851 59.095 60.951 62.099 62.348 61.957 57.508 53.046 52.07 51.945 51.914 51.773 51.714 52.38 55.369 59.82 61.513 61.11 60.564 57.639 52.157 51.65 51.127 50.965 51.214 51.395 51.798 57.642 60.964 60.543 61.01
64.418 68.785 68.818 69.857 69.288 69.502 66.33 60.04 58.991 59.43 60.139 58.242 58.578 57.704 57.614 57.777 57.995 58.11 62.208 60.627 59.273 56.205 56.562 58.791 60.294 59.045 57.151 55.518 55.484 55.666 58.973 60.745 60.6 55.512 54.526 53.742 53.768 53.302 53.27 53.284 53.999 53.678 60.202 61.839 62.373 62.144 61.074 55.209 52.117 52.656 52.063 51.75 52.348 51.999 51.897 56.542 59.519 60.71 61.683 60.47 56.674 50.91 51.973 50.966 50.906 51.61 51.709 51.757 58.239 60.072 61.023 61.827
60.255 65.985 67.143 69.429 69.33 69.164 68.39 65.403 59.145 58.59 58.836 58.094 57.836 58.669 57.378 57.145 57.75 59.703 61.461 62.265 57.252 57.448 57.314 58.23 59.586 58.817 56.196 55.358 55.321 55.285 55.587 59.521 60.47 54.798 54.431 53.437 54.093 53.27 53.153 53.213 54.188 54.793 60.851 61.966 62.314 61.61 60.418 52.426 51.966 52.827 51.796 51.602 51.703 51.577 52.282 58.582 59.822 60.336 60.335 59.187 52.809 50.709 51.125 50.741 51.181 50.976 51.807 51.478 59.384 60.583 60.902 60.531
59.805 60.253 65.97 70.268 68.591 69.018 68.596 65.773 62.891 58.081 57.78 57.786 60.051 59.89 57.24 56.971 56.834 57.035 58.883 61.541 59.061 59.599 60.065 59.21 59.284 57.104 55.705 55.051 55.007 55.025 55.068 54.884 55.696 54.454 54.094 53.064 53.221 53.021 53.05 53.909 53.219 59.003 60.991 62.444 62.419 61.115 57.221 52.514 51.687 51.7 51.54 51.443 51.413 53.138 56.521 59.093 60.27 59.978 59.09 55.385 50.755 50.52 50.554 50.674 51.126 51.102 51.308 51.667 52.436 54.468 59.102 59.84
59.444 59.593 60.647 66.427 67.848 68.847 68.937 67.522 66.489 59.494 57.704 57.801 60.622 63.43 58.527 56.74 56.574 56.461 59.338 60.78 59.98 61.533 61.992 59.054 56.657 57.531 57.905 55.201 54.929 54.993 54.461 54.642 54.325 54.049 53.335 52.918 52.967 52.861 53.225 54.1 55.168 60.456 61.724 62.366 62.375 61.062 54.596 51.859 51.542 51.493 51.423 51.377 51.822 52.442 57.959 59.46 60.403 59.975 58.627 51.548 50.432 51.247 50.496 50.55 50.693 51.008 53.019 53.622 55.215 52.826 52.212 53.706
61.11 62.585 59.314 61.446 66.282 68.702 68.304 67.954 67.828 64.204 57.813 59.355 63.604 63.359 57.932 56.677 56.444 56.178 55.944 56.379 56.504 60.048 57.745 55.347 60.869 62.587 62.956 60.981 61.503 63.064 56.051 53.93 54.237 53.093 53.152 53.066 52.743 52.743 52.807 52.928 56.898 60.866 61.941 62.266 61.668 61.265 51.768 51.561 51.424 51.392 51.316 51.19 51.391 56.003 59.026 59.907 60.23 59.703 56.687 51.616 50.875 50.632 50.426 51.385 50.915 51.168 56.373 59.467 58.706 59.627 55.351 52.382
60.438 60.441 58.619 59.007 58.781 67.333 67.928 67.681 66.828 66.025 61.648 57.584 62.563 62.788 58.936 56.263 57.085 55.956 55.737 55.571 55.316 55.103 55.211 55.231 56.527 63.125 64.011 63.967 65.139 63.161 60.591 54.332 53.447 53.104 52.744 52.684 52.867 52.671 52.843 53.042 57.752 61.399 62.307 62.133 61.011 56.659 51.501 52.104 51.428 51.226 51.669 51.277 51.442 57.434 59.439 60.436 59.721 59.248 54.901 50.44 50.192 50.206 50.297 51.071 50.553 53.338 57.875 59.867 60.005 60.093 59.959 56.316
58.706 58.208 58.169 59.695 58.262 63.311 67.328 66.975 67.02 67.917 66.435 59.412 57.23 56.581 57.01 56.558 55.822 55.675 55.511 55.353 55.101 54.894 55.073 54.985 54.893 60.571 64.026 65.013 64.795 61.981 53.175 53.256 53.18 52.832 52.882 59.485 59.309 54.752 52.871 53.47 59.147 61.45 62.539 61.555 60.471 53.26 51.396 51.567 51.201 51.1 52.079 52.052 55.152 58.162 59.798 60.398 59.176 58.211 51.004 50.096 50.089 50.132 50.208 50.388 51.932 55.45 58.592 59.794 60.102 60.268 59.743 55.908
58.264 58.012 57.863 58.698 57.502 58.323 64.206 67.177 66.769 67.095 66.823 65.365 57.311 56.997 56.593 56.395 55.933 55.451 55.242 55.177 54.964 54.699 54.692 54.612 54.523 55.082 63.654 64.729 63.541 54.332 53.216 58.466 54.599 58.851 62.583 68.29 68.219 61.571 68.382 54.666 54.851 53.759 61.973 61.037 54.537 51.352 51.185 51.09 51.013 50.902 50.964 52.733 56.113 58.4 60.028 59.927 59.302 56.295 50.957 49.982 50.029 50.043 50.52 50.294 50.734 52.03 57.185 59.467 59.756 58.776 54.627 56.41
58.073 57.845 58.58 57.833 57.624 57.456 61.789 65.271 66.882 66.855 66.124 66.234 62.814 58.481 55.922 56.104 56.307 55.292 54.892 54.924 54.748 54.534 54.572 54.161 54.278 53.971 54.621 56.128 53.141 55.283 58.123 61.755 61.829 63.419 64.295 72.749 67.382 76.158 73.31 64.823 60.149 53.983 53.555 55.596 53.11 51.233 50.993 55.079 52.272 51.842 51.008 54.633 57.781 58.744 59.713 61.036 58.555 54.43 50.367 50.831 50.141 49.955 50.095 50.123 50.64 50.946 51.524 53.026 56.916 56.913 51.849 58.416
58.211 57.654 57.662 57.306 57.417 58.78 58.388 59.645 64.941 65.583 66.51 66.27 65.623 64.173 56.568 55.955 56.015 55.632 54.968 55.838 54.737 54.315 54.191 53.96 53.906 53.743 53.583 53.154 53 54.213 60.067 61.211 61.314 57.449 63.575 70.574 74.214 76.106 75.687 69.334 64.421 55.546 52.014 55.554 51.537 51.16 51.504 59.337 53.86 51.482 50.962 56.361 58.272 59.308 59.226 58.817 56.875 50.979 49.731 49.971 49.794 50.693 50.099 51.164 54.498 54.886 53.967 51.053 51.394 51.551 51.918 60.737
58.544 57.585 57.247 57.167 57.162 56.819 57.062 56.737 58.212 64.732 65.406 66.202 66.006 64.922 59.462 55.395 56.314 56.282 55.154 54.461 54.325 54.156 53.969 53.801 53.566 53.545 53.42 53.166 52.924 58.034 60.748 60.718 62.058 57.265 67.342 76.422 73.296 74.814 67.358 69.922 68.866 60.386 51.538 51.237 55.586 58.179 59.473 60.307 52.534 50.503 51.13 58.039 59.397 59.542 59.071 57.746 54.313 49.697 50.101 49.719 49.761 50.542 49.86 50.127 56.341 58.174 59.244 58.481 55.94 54.88 57.058 61.07
57.794 57.195 56.981 56.883 56.987 56.587 57.586 57.314 57.216 60.422 65.982 65.758 65.418 65.655 63.909 59.32 55.169 54.656 54.551 54.273 54.007 53.876 53.73 53.543 53.481 53.28 53.207 53.093 52.896 57.707 64.2 59.831 67.029 73.851 73.678 70.929 75.087 68.954 70.43 72.673 68.837 60.111 59.157 59.393 61.129 61.467 64.348 61.791 61.293 50.722 56.027 58.736 59.588 59.275 59.459 58.029 51.55 49.467 49.583 49.558 49.626 49.67 50.231 55.459 59.471 59.405 59.086 58.371 57.351 53.12 55.626 58.633
58.883 57.011 56.821 56.681 56.4 57.075 56.922 56.89 55.885 56.224 64.112 64.25 65.162 65.36 64.572 65.086 56.734 54.949 54.782 54.04 53.881 53.61 53.454 53.311 53.251 53.81 52.921 53.014 52.81 53.336 65.115 70.887 68.305 67.701 75.145 75.145 63.856 74.803 75.569 72.683 66.541 64.237 63.866 64.76 65.358 64.304 61.743 64.946 60.102 50.911 55.548 58.923 59.428 59.165 58.284 55.141 49.74 50.171 49.494 49.509 50.633 49.875 49.963 56.088 59.069 59.284 60.615 58.156 56.459 51.601 52.014 54.454
57.582 57.302 56.78 56.836 56.209 56.268 56.155 55.644 55.586 55.516 56.036 62.771 64.611 65.334 65.345 63.881 61.38 56.255 54.479 55.038 54.622 53.54 56.235 53.358 52.994 52.851 52.641 52.539 52.647 52.715 64.67 68.994 68.148 66.678 76.754 74.919 73.278 73.539 75.964 68.413 58.582 65.177 64.63 64.7 63.436 64.062 65.341 63.478 61.278 53.261 49.178 51.7 57.361 58.929 58.841 51.687 49.352 51.496 49.545 49.415 49.566 49.425 49.954 52.126 58.075 57.768 59.14 57.87 52.634 52.781 51.849 52.08
59.298 60.418 60.284 56.837 56.008 55.871 55.627 55.834 55.317 56.41 56.253 56.833 64.893 64.738 64.394 64.183 64.547 58.897 56.236 54.272 53.721 57.175 57.657 53.663 53.271 52.648 52.543 52.375 52.322 52.225 58.041 64.396 75.05 74.826 73.145 71.074 74.864 74.975 63.426 67.825 70.611 73.09 64.48 64.322 64.106 65.386 65.235 63.518 60.584 50.3 48.454 49.124 49.058 51.634 53.497 49.806 50.763 51.399 49.223 49.803 49.506 50.539 51.321 50.881 50.99 53.493 56.685 53.774 51.239 51.49 51.642 51.89
61.514 59.096 60.114 58.078 57.098 55.642 55.437 55.869 55.249 57.366 57.227 55.116 60.957 63.715 64.116 64.607 64.167 64.089 61.232 55.524 55.731 57.326 58.545 57.062 53.682 52.515 52.316 52.245 52.261 52.218 54.005 63.063 70.6 73.624 74.589 74.924 76.353 61.395 57.751 71.939 71.205 63.839 63.969 63.791 61.819 64.115 64.241 61.508 58.454 48.148 48.027 48.055 48.807 48.917 49.038 49.285 49.008 49.797 49.194 50.072 49.237 50.807 56.004 56.652 55.96 51.009 51.162 51.345 51.728 51.467 54.685 52.125
59.092 58.103 60.283 59.651 56.077 55.595 55.262 55.07 54.981 56.618 56.956 54.998 55.186 57.173 62.904 64.27 64.18 63.275 62.576 56.095 57.167 56.022 57.396 56.688 53.928 52.279 52.201 52.281 52.257 52.249 52.262 59.488 63.568 67.498 71.567 73.985 64.619 60.007 70.003 75.8 72.703 66.678 64.483 62.718 60.137 57.97 60.707 59.835 47.986 47.896 47.962 48.156 48.347 48.44 48.793 48.891 48.905 49.902 49.374 49.067 49.552 54.513 56.736 58.101 58.531 57.675 55.193 53.757 53.254 55.082 59.818 55.814
59.179 57.382 58.515 58.257 57.325 55.359 55.466 54.853 54.894 55.743 55.637 54.697 54.607 56.726 61.916 64.172 63.29 63.543 63.347 62.669 54.766 53.892 54.314 55.212 52.757 52.165 52.257 52.288 52.256 52.193 52.246 54.482 58.991 63.283 69.497 60.132 60.108 66.853 71.745 74.092 67.994 62.024 57.964 59.561 52.088 47.683 52.056 48.565 47.628 47.824 47.81 48.044 48.182 48.664 48.797 48.733 48.906 49.46 48.935 48.971 49.513 56.128 57.383 58.692 58.482 57.298 53.646 50.6 51.057 59.965 55.838 60.439
62.152 56.432 57.332 56.495 58.055 56.846 55.147 54.754 54.513 54.265 54.326 53.937 53.724 53.558 54.547 60.556 63.459 63.733 63.527 63.475 61.696 55.239 54.386 52.898 52.152 52.203 52.171 52.257 52.175 52.152 52.742 52.252 55.661 65.651 68.232 61.045 65.868 70.878 68.925 71.564 72.689 58.45 47.666 47.623 47.844 47.511 47.386 47.438 47.557 47.799 47.625 47.731 47.991 48.177 48.412 48.492 48.572 48.671 48.835 48.967 49.547 56.271 57.668 58.576 58.191 56.864 52.607 51.814 54.022 56.724 57.891 59.419
63.428 58.243 55.453 55.224 57.806 57.699 54.749 54.409 54.321 54.083 53.896 53.659 53.513 53.521 53.456 55.582 62.001 63.559 63.147 62.684 62.197 55.514 52.296 52.098 52.161 52.211 52.208 52.363 52.148 52.309 52.227 52.021 61.669 63.452 64.418 65.898 70.1 68.367 62.562 67.852 61.148 54.228 47.818 47.596 47.57 47.322 47.368 47.404 47.483 47.444 47.369 47.424 47.599 47.9 48.02 48.214 48.354 48.498 48.576 49.23 49.787 50.969 55.991 56.943 57.564 56.548 52.291 52.437 52.63 56.152 57.722 58.238
64.368 62.741 55.546 56.475 55.595 54.834 54.676 54.301 54.442 53.884 53.683 53.471 53.274 53.41 54.559 53.59 60.392 62.786 62.193 62.735 55.215 52.122 52.083 52.126 52.153 52.105 59.543 54.015 59.501 51.939 51.707 51.877 53.722 61.654 61.404 66.909 58.977 64.887 65.213 58.991 55.506 53.403 47.668 47.574 47.479 47.315 47.324 47.221 47.162 47.083 47.141 47.228 47.391 47.583 47.8 48.005 48.161 48.313 48.365 48.839 50.799 49.599 49.63 50.206 52.708 51.858 50.753 50.731 51.327 52.465 57.296 56.806
64.815 63.913 60.442 57.602 54.809 54.585 54.671 57.168 54.366 53.951 53.514 53.363 53.685 54.627 55.754 53.584 52.945 54.95 61.957 53.349 52.045 52.057 52.177 52.184 52.5 59.073 62.046 66.535 62.862 55.26 56.656 54.953 54.188 58.496 57.329 55.525 50.477 59.273 64.175 48.997 47.769 47.686 47.467 47.269 47.066 47.03 46.998 47.011 47.045 47.009 47.042 47.143 47.242 47.456 47.613 47.802 47.892 47.948 48.466 53.553 56.956 53.447 51.527 49.89 50.818 50.768 50.794 50.749 50.8 51.648 51.938 52.826
64.991 64.651 63.812 60.174 55.639 54.591 56.683 57.801 54.82 53.905 53.978 53.166 53.174 54.146 53.739 53.681 53.686 55.3 53.016 52.084 52.13 52.148 52.179 57.272 58.749 59.759 63.223 67.002 60.258 56.384 59.387 53.707 59.114 50.196 49.975 48.714 48.604 53.381 47.804 47.659 47.521 47.354 47.25 47.043 46.911 46.923 46.998 46.987 46.993 46.988 46.998 47.072 47.164 47.27 47.45 47.608 47.777 51.418 55.633 58.219 61.83 62.068 52.607 50.04 50.222 51.14 51.344 51.304 51.645 51.968 52.004 52.79
65.24 64.567 63.884 62.974 58.345 55.726 54.96 53.811 53.871 54.425 53.289 53.041 52.746 52.622 52.412 52.299 53.995 52.45 52.048 52.126 52.136 52.073 52.233 60.296 61.009 63.434 60.375 65.845 59.38 55.388 57.597 56.138 51.028 49.249 49.059 48.49 48.057 47.874 47.589 47.43 47.277 47.251 47.073 46.941 46.847 46.877 46.957 46.945 46.926 46.912 46.943 47 47.05 47.165 47.317 47.432 51.887 54.74 56.795 61.751 63.835 65.498 55.4 50.261 50.415 51.157 51.472 54.157 55.283 53.096 52.547 52.849
64.461 64.278 64.535 63.915 61.313 56.666 54.586 54.228 55.444 55.665 53.71 53.632 52.659 52.42 52.272 52.125 52.091 52.103 52.126 52.106 52.039 52.292 51.989 51.593 56.891 58.931 65.136 66.394 53.272 59.5 64.094 55.194 48.784 48.514 48.285 48.064 47.88 47.642 47.432 47.268 47.186 47.082 46.889 46.804 46.766 46.815 46.848 46.916 46.881 46.888 46.918 46.935 46.978 47.065 47.146 47.322 50.389 54.769 56.123 61.989 65.3 66.233 53.489 50.059 50.653 51.239 51.879 55.064 54.6 55.073 56.405 54.211
63.646 63.887 64.117 63.844 62.717 61.219 54.968 53.955 54.962 55.876 53.7 52.584 52.378 52.231 52.181 52.033 52.036 52.143 52.053 52.679 64.352 54.217 53.763 58.873 57.128 50.128 65.313 60.377 59.919 61.526 50.831 48.698 48.564 48.282 48.147 47.828 47.627 47.474 47.289 47.192 47.119 46.98 46.857 46.835 46.805 46.829 46.804 46.842 46.859 46.899 46.944 46.977 46.944 47 47.105 47.234 47.469 51.997 50.824 53.946 57.407 62.118 51.219 50.806 51.175 51.651 52.893 54.452 54.338 62.284 64.254 64.812
56.518 62.344 63.797 63.732 63.559 62.684 58.904 52.928 55.092 54.946 53.413 52.991 52.189 52.052 52.028 52.1 52.1 52.086 55.562 66.938 63.185 56.064 61.497 54.482 56.358 60.484 56.096 54.268 54.357 60.238 55.312 48.473 48.395 48.102 47.873 47.599 47.493 47.332 47.253 47.12 47.031 46.941 46.89 46.835 46.867 46.837 46.792 46.729 46.816 46.864 46.911 46.888 46.939 46.97 47.106 47.151 48.556 50.343 52.754 51.94 51.753 50.786 50.642 51.132 51.362 52.584 54.175 54.34 55.458 63.55 66.576 66.789
56.431 61.095 63.205 63.206 63.863 63.418 61.916 54.965 53.782 53.023 53.318 52.591 52.267 52.012 52.086 52.086 52.352 54.464 62.952 62.941 67.868 67.63 60.881 54.184 59.294 53.85 53.22 51.419 53.162 59.707 54.529 48.341 48.199 47.96 47.675 47.431 47.293 47.186 47.112 47.031 46.942 46.864 46.827 46.814 46.837 46.822 46.77 46.714 46.804 46.813 46.824 46.857 46.881 46.925 46.987 47.165 47.751 49.016 49.632 50.627 50.216 50.501 50.883 52.283 52.212 53.405 54.345 54.278 54.784 64.442 67.286 67.81
56.544 55.114 58.902 63.813 63.105 63.261 62.57 61.655 57.192 53.706 54.181 52.071 52.016 52.05 52.073 52.01 58.984 60.401 65.609 65.853 58.126 61.988 64.172 57.099 62.01 51.357 48.614 48.513 54.701 54.814 48.147 48.123 47.937 47.805 47.502 47.259 47.12 47.037 46.983 46.93 46.83 46.788 46.758 46.766 46.768 46.76 46.737 46.725 46.754 46.793 46.74 46.769 46.826 46.876 46.987 47.507 48.121 48.558 49.198 49.729 50.462 50.722 51.43 52.834 52.932 55.002 54.222 54.305 62.512 66.61 67.628 68.173
