dsm/se2730_DSM_2M.asc
ncols 500
nrows 500
xllcorner    427000
yllcorner    430000
cellsize     2
NODATA_value -9999
[rows 448 to 479 of 500, columns 216 to 287 of 500]
61.326 59.072 58.682 58.668 58.505 58.533 58.704 58.433 58.423 58.517 58.549 58.513 58.591 58.555 58.682 58.763 58.818 58.928 58.974 59.219 62.173 63.391 61.289 59.648 59.695 59.848 60.01 63.578 60.424 59.9 60.36 60.686 64.715 66.83 67.438 67.581 66.649 62.914 62.144 62.112 62.189 63.604 63.4 62.502 62.966 62.961 62.688 67.279 68.755 69.515 69.851 69.438 66.826 64.126 63.442 63.646 63.715 65.498 64.613 64.964 63.968 63.501 63.296 63.549 63.49 63.494 63.434 63.179 63.227 63.332 63.369 63.324
58.422 58.445 58.445 58.406 58.343 58.33 58.345 58.321 58.46 58.612 58.642 58.624 58.491 58.489 58.551 58.641 58.744 58.797 58.836 58.926 59.04 59.627 59.288 59.318 59.631 61.413 60.974 65.359 66.053 65.238 59.908 59.848 61.134 66.844 67.404 66.885 66.045 60.869 61.206 62.071 62.011 61.764 62.386 61.969 61.873 61.705 62.595 68.296 68.995 69.698 69.265 68.424 64.055 63.335 63.203 63.299 63.743 63.366 63.093 63.153 63.173 63.14 63.169 63.251 63.004 63.09 63.151 63.193 63.051 63.178 63.041 63.139
58.36 58.372 58.324 58.289 58.282 58.239 58.26 58.402 58.515 58.604 58.605 58.608 58.421 58.472 58.45 58.531 58.582 58.737 58.814 58.862 58.938 59.621 59.811 59.224 60.532 61.91 64.026 65.698 66.358 66.283 65.512 63.902 59.858 59.791 61.288 63.067 62.174 60.627 60.643 60.897 61.248 62.577 61.926 61.538 61.936 61.4 64.846 67.068 68.368 69.531 68.975 65.402 62.69 62.98 62.898 62.867 63.846 62.813 62.613 62.865 62.947 63.054 62.974 65.806 63.113 63.238 63.034 63.136 63.224 65.848 65.855 63.202
58.447 58.362 58.255 58.238 58.214 58.202 58.184 58.38 58.512 58.571 58.525 59.051 58.66 58.923 58.608 58.537 58.558 58.643 58.721 58.766 58.872 59.135 59.618 59.261 59.469 62.565 64.685 65.561 66.432 66.094 65.131 60.217 59.731 59.901 59.915 59.877 59.873 60.313 60.331 60.452 61.667 62.558 61.263 61.122 61.308 61.244 65.233 67.587 68.176 67.832 68.194 65.82 65.102 62.576 62.459 62.651 62.601 64.942 63.507 66.231 66.677 67.071 67.857 68.376 68.619 68.386 67.749 67.376 68.118 68.539 68.716 67.491
58.415 58.395 58.241 58.204 58.157 58.122 58.147 58.367 58.461 58.5 58.484 58.655 58.397 59.134 59.334 58.543 58.66 58.605 58.607 58.746 59.056 59.205 59.15 58.762 59.229 62.234 64.947 65.78 65.842 65.036 62.356 59.691 59.648 59.728 61.312 61.401 60.025 60.03 59.986 60.083 61.864 60.861 60.552 60.809 61.046 61.264 63.124 66.455 68.084 67.543 66.738 64.434 62.76 61.544 62.256 66.788 68.104 68.112 68.104 68.754 69.055 68.811 68.781 68.809 68.822 68.86 69.026 68.832 68.805 68.844 68.845 68.882
58.423 58.32 58.297 58.203 58.145 58.09 58.11 58.286 58.428 58.426 58.421 58.445 58.409 58.934 58.707 59.755 59.433 58.864 58.612 58.905 59.12 59.612 58.73 58.626 61.402 64.136 65.22 65.96 65.436 64.758 60.517 59.211 60.175 59.908 60.144 60.062 59.74 59.804 60.732 60.324 60.557 61.582 61.624 60.901 60.596 60.818 61.125 61.25 62.011 65.91 66.441 61.633 60.987 61.435 62.055 68.052 68.02 68.189 68.014 68.367 68.273 68.257 68.197 68.017 64.609 68.091 68.56 68.265 68.166 67.932 64.315 67.058
58.578 58.368 58.284 58.18 58.15 58.076 58.042 58.111 58.3 58.393 58.317 58.301 58.442 58.588 58.796 58.653 59.278 59.308 58.985 58.59 58.64 58.636 59.261 60.777 63.064 64.423 65.097 65.546 64.734 64.366 60.103 59.047 59.15 61.385 61.065 60.274 59.772 59.894 59.871 60.05 63.72 62.456 60.629 61.313 61 60.384 60.558 60.733 60.938 60.95 61.258 60.166 60.192 60.652 61.758 65.632 63.738 65.532 63.73 63.689 63.066 63.58 62.549 62.525 62.485 63.243 63.75 62.626 62.566 62.667 62.782 62.961
58.746 58.532 58.335 58.181 58.268 58.045 57.928 58.073 58.157 58.279 58.279 58.252 58.194 58.289 58.357 58.434 58.651 59.022 58.777 58.538 58.576 58.496 59.867 61.012 63.644 64.647 65.31 64.988 64.085 59.401 59.187 58.925 59.023 60.698 60.452 59.324 64.303 63.158 60.095 60.001 64.896 66.078 66.644 61.265 60.471 59.903 59.898 60.11 60.082 60.109 60.221 59.444 60.135 60.115 61.478 61.752 61.782 62.151 62.157 62.004 61.959 62.041 61.918 61.913 62.344 61.976 61.949 61.977 61.625 61.97 62.565 62.892
58.789 58.641 61.147 58.283 58.159 58.078 58.01 57.909 57.879 58.089 58.159 58.181 58.189 58.091 58.144 58.469 58.395 58.564 58.574 60.735 58.813 58.3 57.906 61.082 63.584 64.5 65.041 64.726 63.826 59.149 58.626 58.776 58.826 59.883 59.206 59.272 60.549 59.236 60.343 60.642 65.742 66.427 66.566 65.912 61.587 59.898 59.773 59.633 60.696 60.23 60.131 59.307 59.008 59.227 61.635 61.41 61.712 61.326 60.936 62.175 61.78 61.53 61.586 61.733 61.658 61.674 63.048 61.462 61.301 61.157 61.374 61.539
58.864 58.707 58.56 58.423 58.275 58.074 57.962 57.942 57.824 57.835 57.934 58.08 58.092 57.972 57.991 61.237 62.781 59.665 60.698 63.669 63.011 58.719 57.806 61.813 63.955 64.627 64.351 63.716 61.43 59.782 58.761 58.702 59.859 59.671 58.888 59.949 58.927 58.867 58.747 63.383 64.957 66.494 66.124 65.551 61.073 60.71 59.578 59.519 59.243 59.515 59.493 59.57 58.524 60.902 63.527 63.754 60.718 60.261 59.563 59.903 60.27 60.505 60.184 60.368 60.965 61.461 61.074 60.579 60.765 60.802 61.563 60.944
58.862 58.781 58.637 58.528 58.429 58.105 57.984 57.904 57.88 57.78 57.755 57.871 57.955 57.947 57.897 60.563 63.127 60.343 60.002 63.171 59.282 58.804 60.027 62.967 63.953 64.606 64.06 60.901 58.136 58.62 59.861 59.528 60.04 58.762 58.73 58.731 58.416 58.524 58.722 64.302 65.156 65.271 64.871 64.735 62.413 60.694 59.323 59.337 59.002 58.635 58.191 58.297 58.339 60.406 60.633 63.155 62.391 59.348 59.193 59.307 59.471 59.664 59.893 60.06 60.257 60.335 60.282 60.186 61.072 61.211 62.118 63.325
58.89 58.807 58.73 58.629 58.501 58.287 58.058 57.91 57.861 57.799 57.79 57.65 57.717 57.857 57.846 57.791 57.723 58.285 57.809 57.596 58.356 60.032 62.486 63.333 64.007 64.064 63.301 62.072 58.225 58.157 58.299 58.316 59.041 59.34 58.884 58.746 58.14 58.087 61.927 64.27 65.429 64.97 64.256 61.021 60.559 59.46 59.146 59.072 58.601 58.203 57.988 58.026 58.101 58.237 59.292 62.015 59.611 58.87 59.299 59.799 59.381 59.515 59.715 60.562 64.724 64.354 60.516 60.272 60.313 61.859 62.63 64.79
58.863 58.844 58.816 58.755 58.594 58.464 58.287 58.077 57.83 57.744 57.722 57.638 57.582 57.536 57.747 57.696 57.66 57.659 57.568 57.451 58.936 61.823 63.024 63.656 64.302 63.617 62.778 60.133 59.227 58.843 58.274 60.143 59.843 59.704 58.544 58.71 58.661 58.384 63.309 64.416 64.697 64.156 63.785 58.61 58.55 58.611 58.833 58.731 58.226 58.517 57.923 57.84 57.873 58.077 60.415 61.436 58.789 58.814 59.863 59.717 59.705 59.099 59.286 59.668 64.006 63.916 61.677 62.43 60.275 60.264 60.556 61.693
58.805 58.796 58.778 58.743 58.691 58.561 58.413 58.261 57.942 57.787 57.731 57.663 57.627 57.52 57.505 57.574 57.624 57.501 57.492 57.66 57.189 60.992 63.31 64.007 63.909 63.225 61.937 58.116 59.296 58.146 62.166 64.687 63.731 58.402 57.936 57.774 58.069 62.235 63.886 64.634 64.457 63.618 58.855 58.203 58.318 58.509 58.616 58.219 57.787 57.893 57.639 57.684 57.732 57.878 57.92 58.079 58.217 58.325 58.561 58.84 58.926 60.024 59.489 59.189 59.324 61.769 61.396 63.436 62.17 60.067 59.911 59.76
58.688 58.697 58.665 58.695 58.698 58.635 58.443 58.337 58.156 58.007 57.723 57.661 57.594 57.527 57.471 57.435 57.503 57.494 57.429 57.387 57.476 61.847 63.308 64.191 63.718 62.815 59.456 58.496 59.313 58.759 63.338 64.526 60.982 58.405 58.845 57.615 57.503 62.395 63.669 64.276 64.001 62.416 60.709 58.868 58.227 58.42 58.292 57.867 57.505 57.357 57.366 57.484 57.559 57.695 57.841 57.95 58.095 58.21 58.415 58.469 58.634 58.754 58.894 59.055 59.214 59.899 61.144 62.783 62.966 60.21 60.878 63.085
58.517 58.618 58.6 58.613 58.634 58.6 58.518 58.425 58.307 58.167 58.008 57.813 57.586 57.513 57.458 57.403 57.305 57.332 57.407 57.313 57.29 57.273 57.196 59.177 63.032 60.091 57.252 57.477 58.302 58.777 59.695 62.429 59.536 57.921 57.666 57.845 60.972 63.187 64.08 63.915 63.152 61.215 60.309 59.288 58.146 58.165 57.939 57.56 57.16 57.166 57.277 57.302 57.513 57.605 57.712 57.828 57.907 58.074 58.177 58.35 58.473 58.617 58.824 58.912 59.073 59.147 59.803 59.455 59.615 60.645 62.451 64.863
58.371 58.503 58.491 58.532 58.541 58.572 58.536 58.454 58.334 58.252 58.13 58 57.725 57.671 57.502 57.42 57.368 57.249 57.274 57.318 57.31 57.23 57.346 57.375 58.217 58.417 57.476 57.445 57.499 57.538 57.571 57.884 57.808 57.447 57.292 57.062 61.804 63.141 64.903 63.656 62.8 58.066 58.225 57.748 58.009 58.635 57.561 57.076 56.967 56.975 57.118 57.4 57.622 57.617 57.599 57.689 57.847 57.94 58.102 58.243 58.37 58.429 58.584 58.738 58.916 59.04 59.192 59.271 59.497 59.499 63.083 64.913
58.072 58.278 58.419 58.421 58.421 58.466 58.519 58.451 58.358 58.277 58.21 58.082 57.981 57.798 57.488 57.437 57.334 57.271 57.21 57.175 57.217 57.263 57.236 57.221 58.917 59.142 57.496 57.458 57.448 57.508 57.674 57.986 57.859 57.27 58.417 60.918 62.612 63.388 63.52 62.59 59.525 57.188 57.416 57.645 61.368 61.825 59.421 56.868 56.865 56.887 57.075 57.416 57.541 57.49 57.533 57.648 57.713 57.842 57.97 58.056 58.222 58.349 58.49 58.612 58.724 58.844 59.01 59.226 59.754 58.993 63.501 65.211
57.734 58.038 58.182 58.299 58.349 58.452 58.447 58.424 58.335 58.297 58.244 58.174 58.048 57.907 57.763 57.546 57.335 57.291 57.216 57.144 57.098 57.129 57.177 57.213 57.504 57.124 57.177 59.761 57.595 57.283 58.28 57.689 57.399 58.407 59.658 61.773 62.968 63.546 63.093 62.302 57.478 56.932 57.443 59.363 60.659 61.134 57.263 56.692 56.683 56.691 57.069 57.297 57.386 57.822 58.616 57.581 57.648 57.726 57.836 57.955 58.067 58.259 58.352 58.483 58.635 58.72 58.924 58.998 59.664 58.656 64.551 65.405
57.666 57.919 57.949 58.296 58.338 58.391 58.383 58.347 58.36 58.292 58.217 58.166 58.111 57.996 57.849 57.71 57.59 57.304 57.212 57.159 57.096 57.069 57.005 56.963 57.099 57.124 57.008 62.604 60.977 57.399 58.78 57.766 57.459 59.032 60.794 62.461 63.242 63.593 62.786 60.781 59.265 57.35 57.183 59.581 61.454 59.112 56.581 56.604 56.579 56.659 56.97 57.188 58.61 58.437 57.352 57.414 57.462 57.595 57.804 57.904 58.02 58.089 58.221 58.302 58.479 58.617 58.747 59.738 60.655 62.82 64.548 65.122
57.532 57.704 57.927 58.096 58.165 58.24 58.341 58.393 58.381 58.266 58.218 58.165 58.102 58.016 57.916 57.783 57.671 59.219 58.038 57.252 57.137 57.032 57.034 56.861 56.864 56.956 61.759 60.498 64.163 64.159 57.485 57.601 57.315 57.33 58.169 62.167 63.63 63.176 62.328 60.335 59.043 57.855 57.253 60.055 61.296 58.262 56.471 56.459 56.455 56.553 56.785 56.928 59.12 58.376 57.124 57.274 57.395 57.51 57.633 57.775 57.898 58.01 58.193 58.436 58.328 58.461 58.714 60.205 61.247 63.97 64.677 65.151
56.82 57.059 57.299 57.939 57.818 58.038 58.024 58.121 58.249 58.229 58.146 58.091 57.998 58.023 57.949 57.813 58.268 61.502 62.326 57.699 57.149 57.07 57.006 56.95 56.895 59.67 64.703 66.023 65.436 62.206 58.91 56.848 56.871 57.183 56.965 56.988 58.241 61.561 62.01 57.25 57.066 56.962 57.725 60.453 60.988 58.313 56.363 56.358 56.437 56.438 56.61 56.752 59.665 57.18 57.05 57.164 57.241 57.388 57.576 57.637 57.724 57.844 58.043 58.881 58.289 58.385 58.842 58.976 63.102 64.42 65.094 65.068
56.201 56.604 56.898 57.315 57.61 57.873 57.746 57.964 58.003 57.939 58.055 57.996 57.939 57.93 57.878 57.838 57.678 60.169 61.21 57.538 57.364 57.125 57.007 56.961 56.838 57.787 61.907 62.372 58.663 62.136 56.961 56.909 56.855 56.806 58.299 56.999 57.035 57.095 57.379 56.846 56.903 56.941 58.685 60.661 58.149 57.428 56.275 56.227 56.329 56.355 56.445 56.582 56.668 56.788 56.924 57.031 57.177 57.308 57.863 58.179 57.647 57.808 58.523 58.906 59.605 58.275 57.955 58.974 64.007 64.603 65.146 64.564
55.757 56.251 56.357 57.053 57.548 57.555 57.364 57.432 57.679 57.82 57.917 57.949 57.871 57.861 57.84 57.789 57.678 57.634 57.567 57.491 57.402 57.297 57.179 56.978 56.896 56.841 56.758 56.656 56.552 57.086 56.705 56.765 56.812 59.646 61.458 57.733 56.781 56.837 56.825 56.802 56.781 56.841 57.447 60.033 59.403 56.169 56.107 56.154 56.358 56.331 56.393 56.509 56.592 56.648 56.79 56.909 57.053 57.217 58.192 58.361 58.159 57.83 57.865 58.134 58.07 58.473 58.424 58.777 63.747 64.8 64.932 64.104
55.247 55.557 55.966 56.954 57.117 57.388 57.048 57.082 57.257 57.421 57.771 57.822 57.819 57.77 57.727 57.687 57.64 57.587 57.531 57.449 57.388 57.371 57.283 57.167 56.938 56.833 56.763 56.678 56.618 56.541 56.495 56.539 56.638 59.695 61.482 61.134 58.157 56.77 56.742 56.699 56.661 56.591 56.534 56.277 56.06 55.996 56.085 56.291 59.529 60.359 56.972 56.426 56.489 56.545 56.679 56.803 56.927 57.068 57.393 57.918 58.723 58.297 57.884 57.737 57.85 59.344 60.171 62.713 64.017 64.603 64.156 63.533
54.738 55.019 55.691 56.484 56.786 56.732 56.659 56.622 56.818 57.14 57.321 57.517 57.564 57.664 57.644 57.612 57.54 57.497 57.463 57.41 57.356 57.318 57.265 57.155 57.125 57.025 56.823 56.725 56.647 56.593 56.48 56.386 56.376 56.879 59.907 61.394 58.886 56.615 56.554 56.525 56.56 56.424 56.224 56.046 55.96 55.925 56.078 59.249 61.394 57.815 57.51 56.341 56.427 56.53 56.614 56.662 56.763 56.874 57.015 57.101 57.402 57.973 57.601 57.592 57.771 59.873 61.95 63.501 64.366 64.398 63.713 59.381
54.33 54.689 55.518 55.806 56.196 56.203 56.277 56.239 56.387 56.665 56.873 57.117 57.362 57.515 57.577 57.644 57.524 57.454 57.395 57.35 57.283 57.257 57.197 57.124 57.127 57.774 58.794 57.007 56.66 56.548 56.508 56.419 56.338 56.29 56.253 59.021 57.493 56.49 56.427 56.346 56.353 56.314 56.019 55.912 55.819 55.831 56.028 56.959 56.737 57.643 56.305 56.367 56.366 56.48 56.52 56.61 56.685 56.831 56.958 57.019 57.126 57.286 57.377 57.618 57.882 57.823 62.637 63.944 64.436 64.058 63.321 58.106
53.694 54.258 54.8 55.228 55.585 55.503 55.505 55.779 55.957 56.269 56.362 56.73 56.916 57.08 57.596 57.627 57.516 57.399 57.353 57.336 57.281 57.221 57.169 57.049 61.682 62.285 57.648 58.696 57.005 56.785 56.563 56.47 56.387 56.37 56.27 56.165 56.1 56.176 56.114 56.205 56.05 55.934 55.884 55.8 55.725 55.769 56.034 56.232 56.332 56.226 56.315 56.709 57.019 56.458 56.54 56.594 56.698 56.694 56.832 56.887 56.962 57.115 57.341 57.379 57.699 58.456 63.445 64.12 64.532 63.733 62.448 57.943
53.221 53.486 54.365 54.64 54.977 55.086 55.103 55.344 55.711 55.769 56.04 56.308 56.607 56.954 57.227 57.411 57.47 57.494 57.447 57.297 57.247 57.2 57.125 56.979 57.467 62.793 62.731 64.645 57.345 56.839 56.732 56.592 56.399 56.327 56.254 56.174 56.082 56.028 55.989 55.962 55.897 55.878 55.752 55.767 55.678 55.731 56.018 56.193 56.281 57.767 65.097 64.12 57.284 56.456 56.528 56.573 56.629 56.677 56.751 56.831 56.91 56.955 57.153 57.638 59.917 61.949 63.165 64.119 63.948 63.402 61.423 60.026
53.19 52.996 53.402 53.722 53.996 54.309 54.555 54.88 54.994 55.315 55.651 55.993 56.319 56.663 56.928 57.238 57.434 57.439 57.33 57.303 57.241 57.194 57.088 57.004 60.84 56.862 58.046 58.492 56.756 56.736 56.743 56.709 56.662 56.55 56.328 56.213 56.152 56.044 56.028 55.885 55.88 55.83 55.719 55.649 55.645 55.63 55.94 56.155 56.223 58.171 62.863 61.167 60.893 60.732 56.579 56.654 57.364 56.718 56.776 56.781 56.827 56.917 57.731 59.159 60.189 62.861 63.469 63.824 63.329 62.513 59.952 58.131
52.447 52.949 52.433 53.029 53.107 53.508 54.093 54.318 54.874 54.929 55.242 55.672 56.107 57.686 56.556 56.59 56.904 57.529 57.442 57.449 57.312 57.249 57.109 57.035 56.938 56.859 56.753 56.687 56.676 56.683 56.667 56.668 56.665 56.64 56.547 56.245 56.212 56.099 56.019 55.949 55.885 55.834 55.782 55.689 55.625 55.617 55.679 55.97 56.064 63.323 65.987 64.37 65.348 58.667 60.728 62.731 59.856 56.727 56.772 56.819 56.885 56.916 57.461 59.314 61.801 63 63.883 63.646 62.811 57.796 57.121 57.579
52.502 52.546 52.296 52.182 52.575 53.112 53.808 54.247 54.334 54.607 54.891 55.519 55.813 56.681 56.104 56.16 56.756 56.906 57.228 57.297 57.348 57.31 57.259 57.04 56.928 56.902 56.817 56.747 56.655 56.686 56.658 56.62 56.604 56.609 56.563 56.516 56.384 56.115 56.018 55.921 55.938 55.79 55.769 55.681 55.647 55.574 55.549 55.695 55.825 57.56 60.566 63.433 58.938 61.799 64.019 63.511 58.691 56.644 56.723 56.731 56.834 56.9 57.063 57.5 62.567 63.55 63.962 63.257 60.803 57.465 58.049 56.893
