dsm/se2730_DSM_2M.asc
ncols 500
nrows 500
xllcorner    427000
yllcorner    430000
cellsize     2
NODATA_value -9999
[rows 416 to 447 of 500, columns 144 to 215 of 500]
58.844 58.975 59.338 59.437 59.718 60.006 60.277 60.512 60.778 60.901 61.118 61.515 62.512 62.463 62.629 62.579 62.68 62.524 62.351 62.262 62.333 62.224 60.527 60.55 61.125 61.406 61.999 62.308 62.761 63.243 63.006 63.106 63.093 62.842 62.73 62.71 62.68 62.649 62.595 62.562 62.474 62.331 62.356 62.358 62.961 62.628 62.405 62.427 63.549 68.342 69.103 65.999 62.538 62.633 62.625 62.856 62.592 62.562 62.576 62.853 63.074 69.808 70.194 69.806 69.534 69.709 68.45 64.482 64.456 64.574 64.885 67.678
58.744 58.803 59.047 59.141 59.404 59.779 60.005 60.239 60.47 60.803 60.839 61.132 62.526 63.9 62.542 62.584 62.635 62.592 62.582 62.138 62.653 61.963 61.447 60.287 60.565 61.049 61.609 62.081 62.309 62.719 62.83 62.905 62.982 62.876 62.702 62.603 62.583 62.562 62.513 62.461 62.433 62.351 62.263 62.282 62.186 62.225 62.196 62.295 62.429 63.877 69.367 63.477 62.431 62.376 62.352 62.74 62.379 62.704 62.571 63.044 67.569 68.358 68.563 70.381 70.045 69.559 63.612 63.757 64.276 64.581 64.744 68.745
58.645 58.626 58.913 59.049 59.239 59.467 59.691 59.979 60.64 60.465 60.752 60.818 64.193 65.035 63.571 62.485 62.564 62.662 62.596 62.309 62.205 62.887 63.08 60.707 60.156 60.659 61.179 61.59 61.892 62.354 62.736 62.787 62.825 62.709 62.879 62.539 62.466 62.449 62.427 62.382 62.392 62.276 62.149 62.114 62.136 62.132 62.09 62.072 62.19 65.343 66.809 64.903 62.344 62.396 62.384 62.134 62.183 62.097 61.844 64.994 69.395 69.076 68.704 68.221 69.01 66.12 63.734 63.625 64.826 64.417 65.743 64.964
58.607 58.455 58.582 58.685 59.012 59.24 59.462 59.64 60.215 60.304 60.429 60.599 63.171 63.523 63.447 62.524 62.647 62.674 62.597 62.631 62.269 63.035 63.255 61.842 61.232 60.374 60.748 61.25 61.63 62.135 62.558 62.664 62.65 62.778 62.797 62.688 62.462 62.36 62.309 62.265 62.286 62.247 62.182 62.056 62.049 61.976 61.932 61.906 62.43 63.562 66.201 65.172 62.367 62.195 62.156 62.101 61.921 61.978 62.923 67.068 67.599 69.13 69.408 69.026 68.487 63.921 64.32 64.732 63.753 64.007 65.112 64.79
58.409 58.371 58.324 58.538 58.738 59.024 59.284 59.451 59.582 60.004 60.2 60.482 61.326 61.354 62.774 62.816 62.521 62.731 62.721 62.617 62.513 62.245 62.405 62.718 61.313 60.233 60.344 60.927 61.061 61.595 62.301 62.565 62.808 63.163 63.127 62.967 62.672 62.325 62.241 62.215 62.178 62.122 62.087 62.047 61.858 61.904 61.919 61.935 62.802 62.016 63.442 62.171 62.009 61.945 61.776 62.135 61.796 61.864 66.138 68.186 67.834 67.947 67.886 69.112 64.461 62.566 63.403 65.279 65.889 65.609 64.441 65.54
58.193 58.171 58.097 58.239 58.483 58.69 58.992 59.178 59.424 59.68 60.082 60.252 60.415 60.595 61.353 62.423 62.448 62.624 62.727 62.63 62.65 62.302 62.867 63.566 61.898 60.49 60.247 60.716 60.899 61.347 62 62.582 62.812 63.219 63.306 63.053 62.707 62.427 62.223 62.117 62.126 62.042 61.982 61.951 61.899 61.809 61.789 61.762 61.751 61.927 61.76 65.572 66.001 62.929 61.817 61.803 61.638 61.586 61.645 63.694 67.95 68.282 67.799 65.007 62.323 62.598 64.042 65.145 65.709 66.489 66.569 65.732
57.89 57.818 57.864 57.935 58.016 58.473 58.709 58.954 59.11 59.327 60.135 59.941 60.229 60.328 60.706 61.241 62.463 62.552 62.77 62.713 62.617 62.633 62.185 62.456 61.894 61.202 60.858 60.642 60.487 61.244 61.484 62.259 62.713 62.794 62.938 63.181 63.005 62.543 62.229 62.145 61.999 62.002 61.919 61.839 61.797 61.787 61.688 61.691 61.647 62.194 61.913 64.451 66.186 62.896 62.407 61.704 62.172 62.547 61.606 61.54 61.764 67.41 68.535 62.352 61.661 62.007 64.453 64.875 63.363 63.373 63.755 65.257
57.551 57.381 57.471 57.497 57.758 58.081 58.38 58.496 58.856 59.093 59.928 59.895 59.969 60.186 60.178 60.836 62.005 62.501 62.713 62.65 62.751 62.628 62.462 62.2 62.134 61.922 61.232 60.447 60.247 61.156 61.057 61.486 62.228 62.474 62.845 62.844 62.884 62.559 62.37 62.264 61.998 61.857 61.904 61.806 61.709 61.707 61.588 61.595 61.56 61.515 62.696 62.347 62.457 61.705 61.423 62.229 63.015 63.646 63.582 62.578 61.873 61.942 62.322 61.697 61.752 61.841 62.049 62.466 63.591 63.334 63.414 63.947
56.936 56.967 57.023 57.116 57.347 57.657 57.828 58.21 58.409 58.776 59.115 59.565 59.755 60.062 60.207 60.367 61.163 62.344 62.458 62.778 62.712 62.631 62.633 62.325 62.327 61.892 61.593 61.041 60.347 60.356 60.661 60.703 61.55 61.799 62.604 65.681 65.431 63.108 62.398 62.131 62.044 61.808 61.752 61.712 61.645 61.638 61.642 61.505 61.412 61.431 61.412 61.51 61.461 61.27 61.336 61.605 63.372 63.662 63.636 63.63 63.022 62.458 61.534 61.63 61.739 61.873 62.031 62.758 62.355 62.734 62.898 64.23
56.578 56.476 56.47 56.571 56.752 57.112 57.359 57.679 57.957 58.33 58.75 59.332 59.482 59.669 59.959 59.934 60.35 61.663 62.514 62.634 62.661 62.746 62.654 62.495 62.396 62.549 62.013 61.109 60.591 60.019 60.333 60.436 60.77 61.51 64.507 66.4 66.908 64.812 62.078 62.071 61.885 61.754 61.69 61.67 61.599 61.527 61.575 61.484 61.409 61.345 61.308 61.258 61.252 61.185 61.261 61.635 61.388 62.077 63.609 63.653 63.627 63.634 63.202 61.635 61.604 61.648 62.752 62.165 62.234 62.419 62.539 65.319
56.24 56.098 56.102 56.135 56.374 56.606 56.963 57.185 57.457 57.84 58.438 59.124 59.437 59.471 59.77 59.842 59.96 60.837 62.396 62.6 62.801 62.728 62.719 62.643 62.416 62.352 62.249 61.245 60.415 60.458 59.94 60.031 60.601 60.942 64.021 66.537 66.517 64.078 62.125 61.969 61.923 61.794 61.628 61.573 61.532 61.472 61.494 61.524 61.281 61.247 61.25 61.212 61.137 61.067 61.235 61.186 62.228 61.38 62.14 62.223 63.191 63.654 63.623 63.623 63.25 61.934 63.197 62.201 62.174 62.342 62.512 66.396
55.95 55.712 55.733 55.706 55.811 56.159 56.386 56.763 57.003 59.118 60.035 59.12 59.356 59.188 59.342 59.751 59.817 60.327 61.637 62.599 62.571 62.785 62.788 62.671 62.524 62.308 62.686 61.97 60.284 60.092 60.056 59.61 60.166 60.836 61.911 62.821 65.174 63.443 62.513 62.314 62.048 61.773 61.663 61.507 61.433 61.437 61.459 61.384 61.351 61.166 61.079 61.101 61.07 60.991 60.964 61.222 61.23 61.18 62.052 61.301 61.791 63.181 63.592 63.645 62.135 61.533 62.37 61.568 61.668 62.486 62.847 67.65
55.299 55.39 55.324 55.304 55.37 55.612 55.749 56.154 58.97 60.592 60.893 60.295 60.76 59.518 59.07 59.596 59.637 59.788 60.594 61.859 62.426 62.766 62.683 62.747 62.609 62.552 62.32 62.562 61.173 60.124 60.273 59.312 59.542 60.345 60.848 61.43 61.935 62.297 62.377 62.246 62.202 61.953 61.707 61.519 61.417 61.393 61.355 61.31 61.285 61.213 60.993 61.001 60.936 60.882 60.879 60.813 60.879 60.964 61.096 61.178 61.244 61.309 61.398 62.438 62.075 61.443 61.485 61.517 61.505 61.653 65.5 67.506
54.776 55.084 54.88 54.947 55.139 55.24 55.398 55.595 55.855 57.155 58.848 60.097 61.417 59.791 58.805 59.365 59.609 59.61 60.012 61.223 63.528 62.526 62.768 62.751 62.709 62.675 62.375 62.425 62.364 60.646 60.086 59.169 59.089 59.644 60.384 60.96 61.636 61.823 62.068 62.055 61.78 61.74 61.787 61.54 61.464 61.302 61.285 61.305 61.221 61.169 61.035 60.845 60.814 60.82 60.774 60.676 60.727 60.778 60.891 60.974 61.065 61.157 61.248 61.393 62.242 61.586 61.481 61.488 61.516 61.548 65.482 67.454
54.404 54.602 54.487 54.686 54.751 54.852 55.02 55.381 55.605 55.976 57.168 57.58 58.88 59.142 58.66 59.124 59.552 59.552 59.597 60.542 61.81 62.425 62.726 62.703 62.792 62.647 62.632 62.386 62.355 61.573 60.14 59.718 59.369 59.37 59.898 60.719 61.217 61.722 61.786 61.793 61.699 61.706 62.116 61.599 61.311 61.235 61.245 61.23 61.175 61.072 61.049 60.904 60.778 60.695 60.639 60.575 60.525 60.579 60.684 60.813 60.907 60.984 61.1 61.183 61.295 61.075 61.256 61.259 61.723 64.328 66.987 67.453
54.142 54.388 54.387 54.391 54.557 54.658 54.88 55.195 55.481 55.622 56.357 56.747 57.76 59.883 58.496 58.723 59.435 59.418 59.222 59.797 60.809 62.137 62.545 62.756 62.773 62.809 62.683 62.524 62.498 62.593 61.488 59.933 59.698 59.443 59.682 60.072 62.421 61.674 64.577 61.273 61.274 61.552 61.695 61.603 61.478 61.342 61.194 61.192 61.162 61.113 60.995 60.939 60.669 60.641 60.595 60.484 60.471 60.462 60.548 61.287 61.645 60.984 60.992 61.189 61.059 60.908 60.94 60.948 60.979 62.025 66.173 67.048
53.924 54.057 53.975 54.121 54.257 54.308 54.501 54.895 55.215 55.474 55.889 56.507 57.114 58.303 58.323 58.392 58.626 59.346 59.04 59.254 60.1 61.438 62.467 62.68 62.75 62.797 62.736 62.64 62.444 62.651 62.73 60.907 59.579 59.535 58.733 59.792 62.301 66.945 62.657 66.162 64.371 61.328 61.309 61.534 62.081 61.44 61.13 61.119 61.09 61.042 60.983 60.922 60.787 60.517 60.459 60.427 60.324 60.288 60.449 60.936 60.823 61.832 61.028 60.961 61.239 60.577 60.623 61.274 61.092 60.92 60.938 62.893
53.761 53.769 53.698 53.785 53.973 54.071 54.165 54.739 54.962 55.27 55.55 56.106 56.851 57.528 58.037 58.228 58.716 58.955 58.986 59.081 59.486 60.233 62.594 63.251 62.769 62.775 62.831 62.685 62.565 62.441 62.423 62.209 61.198 59.752 59.122 58.83 62.564 65.715 66.389 67.431 61.594 60.956 61.258 61.878 62.264 61.542 61.093 61.028 60.98 60.948 60.92 60.841 60.732 60.534 60.367 60.393 60.301 60.202 60.23 60.489 60.644 63.888 67.521 66.023 65.485 65.099 64.688 64.531 63.642 60.69 61.254 65.139
53.647 53.572 53.533 53.558 53.576 53.692 53.799 54.177 54.657 55.123 55.256 55.855 56.554 57.222 57.743 58.182 58.134 58.694 58.8 58.967 59.053 59.949 60.919 62.706 62.452 62.866 62.792 62.804 62.642 62.476 62.641 63.035 61.902 60.158 59.485 59.018 59.573 66.678 67.828 64.342 60.674 60.545 61.013 61.376 61.738 61.231 61.057 60.99 60.914 60.855 60.832 60.807 60.757 60.574 60.396 60.26 60.212 60.135 60.079 60.131 60.378 67.514 70.676 65.404 66.631 66.288 66.362 65.48 63.226 61.443 63.29 62.854
53.266 53.387 53.311 53.394 53.307 53.387 53.487 53.73 54.19 54.7 54.936 55.629 56.211 56.806 57.454 58.357 57.988 58.343 58.625 58.612 58.797 59.179 60.331 61.436 62.425 62.666 62.837 62.874 62.774 62.681 62.458 62.597 62.998 60.878 59.945 59.397 58.669 59.144 62.283 59.754 60.281 60.835 60.769 60.982 61.146 61.104 60.977 60.958 60.883 60.863 60.838 60.772 60.704 60.578 60.45 60.167 60.14 60.034 60.034 59.926 60.032 61.907 69.672 70.121 63.437 64.912 66.12 66.393 66.458 66.096 65.511 63.419
53.254 53.158 53.269 53.269 53.162 53.054 53.16 53.283 53.7 54.217 54.841 55.256 55.846 56.585 57.217 57.859 57.844 58.14 58.401 58.461 58.439 58.781 59.815 62.526 62.54 62.467 62.853 62.781 62.835 62.76 62.509 62.541 62.638 61.656 60.487 59.667 59.244 58.53 59.251 59.712 60.875 61.218 60.621 60.624 60.772 61.014 60.993 60.955 60.848 60.809 61.119 60.909 60.662 60.573 60.465 60.268 60.083 60.02 59.951 59.861 59.862 65.618 67.676 68.975 63.101 61.387 61.997 65.664 66.071 66.325 66.471 66.289
53.113 53.003 53.086 53.049 53.083 52.965 52.985 53.149 53.456 53.888 54.392 55.018 55.549 56.048 56.653 57.323 57.698 57.79 58.142 58.376 58.433 58.391 59.014 59.888 61.306 63.728 63.129 62.825 62.915 62.818 62.682 62.511 62.471 63.084 61.199 60.108 59.555 58.627 58.391 59.788 62.545 64.121 60.26 60.606 60.929 60.811 60.847 60.873 60.799 60.709 60.757 60.757 60.677 60.587 60.447 60.372 60.161 59.957 59.899 59.817 59.803 59.748 62.081 66.617 60.484 60.374 60.939 61.147 62.999 62.428 65.946 66.413
53.043 52.988 52.939 52.954 52.909 52.834 52.821 52.906 53.211 53.624 54.117 54.505 55.07 55.679 56.256 56.819 57.773 57.564 57.871 58.239 58.213 58.138 58.66 59.465 61.911 62.079 63.519 62.807 62.84 62.884 62.779 62.508 62.413 62.467 61.992 60.72 58.834 59.104 58.185 63.787 66.788 63.478 61.96 60.576 60.48 60.518 60.644 60.67 60.753 60.837 60.667 60.673 60.608 60.554 60.44 60.34 60.198 59.985 59.788 59.736 59.65 59.641 59.575 59.892 60.008 61.266 60.466 60.265 60.418 62.9 62.898 64.747
52.749 52.917 52.925 52.767 52.787 52.846 52.869 52.921 53.155 53.398 53.901 54.318 54.963 55.3 55.799 56.194 57.242 57.562 57.471 58.084 58.226 58.042 58.021 58.599 59.567 60.792 62.241 62.457 62.915 62.908 62.842 62.772 62.647 62.538 62.233 61.096 59.644 59.284 58.711 59.988 66.788 66.781 64.481 59.563 60.413 60.381 60.413 60.436 60.569 60.655 60.687 60.62 60.539 60.501 60.412 60.352 60.204 60.062 59.85 59.691 59.622 59.561 59.468 59.611 59.846 60.013 60.054 61.411 62.103 61.593 60.293 60.343
51.591 52.2 52.76 52.649 52.659 52.708 52.9 52.941 53.014 53.252 53.557 53.884 54.45 54.85 55.387 56.05 56.848 57.653 57.285 58.039 58.095 58.056 57.871 58.168 58.973 60.102 61.406 62.51 62.65 62.913 62.894 62.809 62.735 62.578 62.513 62.423 61.034 59.74 58.697 59.707 64.927 64.455 59.317 60.141 59.343 59.769 60.561 60.506 60.398 60.538 60.726 60.572 60.435 60.417 60.387 60.318 60.215 60.09 59.96 59.643 59.549 59.509 59.481 59.424 59.527 59.785 60.003 60.877 60.78 60.647 60.373 60.454
51.751 51.643 51.997 52.133 52.286 52.589 52.81 52.967 53.101 53.089 53.346 53.671 54.196 54.413 54.838 55.373 56.301 57.095 57.23 57.642 57.865 57.897 57.749 57.743 58.459 59.562 62.477 62.546 62.473 62.82 62.868 62.847 62.74 62.598 62.536 63.253 61.812 60.533 58.979 58.232 60.895 62.359 59.539 65.873 62.882 59.724 60.332 60.364 60.629 60.516 60.607 60.59 60.44 60.378 60.337 60.273 60.227 60.117 59.959 59.825 59.482 59.493 59.393 59.337 59.313 59.397 60.793 62.765 60.848 60.553 61.497 60.9
52.904 52.038 51.645 51.437 51.598 51.885 52.234 52.776 53.11 53.202 53.322 53.378 53.628 53.936 54.348 55.112 56.067 56.746 57.449 57.152 57.739 57.834 57.688 57.545 57.853 58.656 61.225 61.968 62.525 62.602 62.923 62.926 62.855 62.73 62.443 62.544 62.339 61.696 59.681 58.422 58.767 63.917 65.187 67.262 67.122 65.779 62.217 59.739 60.525 60.451 60.831 60.552 60.491 60.342 60.291 60.284 60.233 60.17 60.063 59.905 59.611 59.43 59.362 59.286 59.252 59.179 61.479 62.916 63.38 62.054 60.315 61.778
53.731 53.187 51.76 51.253 51.222 51.324 51.406 51.898 52.644 52.914 53.25 53.298 53.419 53.605 54.181 54.725 55.539 56.4 58.247 57.055 57.588 57.719 57.492 57.381 57.491 58.232 60.532 61.514 61.646 62.427 62.799 62.894 62.921 62.808 62.747 62.434 62.447 61.714 60.549 59.25 58.012 64.354 66.99 67.563 67.931 66.644 63.445 60.458 60.156 60.46 60.248 60.772 60.546 60.369 60.254 60.235 60.195 60.157 60.083 60.019 59.834 59.595 59.35 59.277 59.19 59.104 59.096 61.524 62.832 63.505 61.509 61.756
54.103 53.909 52.403 51.759 51.509 51.489 51.29 51.288 51.747 52.424 52.745 53.093 53.35 53.517 53.903 54.632 55.503 56.185 56.717 56.884 57.05 57.608 57.487 57.262 57.261 57.681 59.477 60.444 60.852 62.329 64.173 62.974 62.964 62.945 62.815 62.585 62.494 62.115 61.262 60.023 58.704 63.016 66.62 67.251 66.267 65.851 61.797 59.007 59.541 60.023 60.2 60.473 60.311 60.264 60.166 60.151 60.141 60.108 60.098 60.044 59.877 59.728 59.493 59.185 59.184 59.096 59.012 58.944 60.127 63.444 63.925 60.639
54.87 55.254 53.558 52.751 52.548 52.258 51.819 51.319 51.145 51.274 51.714 52.863 52.645 53.341 53.803 54.554 55.137 55.976 56.387 56.715 56.885 57.524 57.275 57.134 57.12 57.341 58.425 61.54 61.064 63.226 64.169 63.235 62.918 62.934 62.883 62.801 62.661 62.54 62.64 61.322 59.828 60.004 64.648 65.511 64.989 63.274 59.39 58.544 59.202 59.538 59.735 60.091 59.846 60.073 60.065 60.137 60.061 60.102 60.076 60.025 60.011 59.794 59.568 59.37 59.123 59.055 58.983 58.991 60.929 62.225 60.867 59.765
56.906 57.325 55.022 53.889 53.44 53.033 52.743 51.977 51.564 51.26 51.195 51.303 52.511 53.328 53.658 54.278 55.062 55.902 56.238 56.498 56.675 57.29 57.141 56.995 56.925 57.07 57.252 59.053 60.482 61.79 61.936 62.545 62.719 62.92 62.994 62.845 62.725 62.513 62.598 62.017 61.689 59.261 58.216 62.255 62.336 60.853 58.831 59.764 59.396 59.156 59.62 59.786 59.76 59.958 60.062 60.123 60.076 60.019 60.073 60.053 59.968 59.853 59.667 59.487 59.173 59.061 58.94 58.879 60.146 60.264 59.107 59.204
55.695 55.599 55.386 54.651 54.239 53.876 53.248 52.798 52.193 51.578 51.756 51.167 53.116 53.275 53.667 54.102 54.671 55.539 56.144 57.617 56.501 56.805 56.967 56.854 56.79 56.847 56.944 58.029 58.576 59.73 61.071 62.303 62.523 63.028 62.977 62.975 62.803 62.75 62.555 63.344 62.107 60.229 58.618 57.769 58.905 62.706 64.691 63.145 62.596 61.46 58.832 59.199 59.37 59.738 59.877 59.999 60.048 60.015 60.027 60.012 59.985 59.929 59.731 59.54 59.339 58.992 58.911 58.846 58.794 58.811 58.732 61.089
