dsm/se2731_DSM_2M.asc
ncols 500
nrows 500
xllcorner    427000
yllcorner    431000
cellsize     2
NODATA_value -9999
[rows 288 to 319 of 500, columns 216 to 287 of 500]
40.314 40.235 40.26 40.871 40.306 40.155 40.328 40.176 39.797 39.692 39.722 39.719 39.689 39.649 39.668 39.613 39.604 39.629 39.645 43.533 44.278 45.393 45.401 45.308 45.349 45.362 45.345 45.381 45.361 45.331 45.366 45.345 45.351 45.37 45.362 45.351 45.357 45.271 45.319 45.381 45.378 45.353 45.387 45.414 44.681 42.987 42.889 42.683 39.772 39.637 39.654 39.566 39.568 39.529 39.475 39.459 39.489 39.504 39.545 39.568 39.987 40.269 40.019 39.547 39.435 39.328 39.39 39.442 39.446 39.425 39.415 39.407
40.359 40.285 40.278 40.352 40.314 40.176 40.536 40.525 40.166 39.795 39.71 39.73 39.71 39.682 39.64 39.64 39.599 39.628 39.619 39.652 40.866 45.113 45.379 45.405 45.355 45.448 45.385 45.347 45.32 45.362 45.381 45.371 45.339 45.289 45.36 45.312 45.375 45.334 45.32 45.353 45.363 45.376 45.364 45.407 44.981 44.813 42.729 39.884 39.657 39.616 39.593 39.571 39.555 39.513 39.493 39.485 39.542 39.56 39.588 39.617 39.962 39.89 39.61 39.456 39.34 39.367 39.401 39.439 39.441 39.395 39.439 39.48
40.405 40.339 40.326 40.234 40.267 40.192 40.486 40.519 40.292 39.82 39.75 39.756 39.73 39.71 39.687 39.648 39.637 39.642 39.625 39.652 39.633 39.83 43.772 45.396 45.403 45.381 45.365 45.374 45.406 45.378 45.396 45.381 45.346 45.33 45.336 45.372 45.368 45.41 45.372 45.338 45.347 45.329 45.46 45.44 45.348 45.365 44.83 43.22 40.131 39.661 39.601 39.568 39.539 39.51 39.498 39.537 39.547 39.583 39.639 39.799 39.835 39.606 39.521 39.283 39.337 39.366 39.445 39.445 39.417 39.426 39.471 39.556
40.367 40.369 40.363 40.274 40.22 40.164 40.284 40.405 40.163 39.988 39.792 39.736 39.745 39.757 39.727 39.705 39.693 39.675 39.657 39.618 39.606 39.639 39.739 44.251 45.338 45.45 45.386 45.65 45.402 45.379 45.427 45.372 45.393 45.415 45.37 45.372 45.357 45.321 45.305 45.305 45.374 45.404 45.406 45.37 45.545 45.388 45.397 45.429 42.254 39.833 39.641 39.567 39.526 39.517 39.572 39.565 39.578 40.219 41.909 39.916 39.635 39.493 39.301 39.35 39.392 39.443 39.448 39.466 39.384 39.403 39.539 39.578
40.376 40.297 40.378 40.338 40.253 40.163 40.199 40.389 40.231 40.197 39.995 39.942 39.777 39.747 39.724 39.712 39.7 39.724 39.64 39.672 39.645 39.616 39.594 39.579 41.337 45.255 45.395 45.381 45.416 45.423 45.414 45.358 45.414 45.401 45.384 45.344 45.399 45.343 45.322 45.397 45.402 45.377 45.346 45.353 45.351 45.39 45.446 45.379 42.399 39.988 39.826 39.629 39.475 39.524 39.57 39.566 39.839 41.608 42.609 39.923 39.469 39.334 39.357 39.425 39.468 39.463 39.419 39.413 39.394 39.52 39.599 39.614
40.33 40.349 40.377 40.373 40.282 40.177 40.5 40.199 40.239 40.232 40.242 40.097 39.883 39.783 39.755 39.728 39.73 39.726 39.718 39.71 39.663 39.64 39.614 39.604 39.631 40.625 44.189 45.396 45.389 45.353 45.375 45.388 45.371 45.38 45.333 45.353 45.364 45.348 45.297 45.344 45.317 45.338 45.374 45.368 45.331 45.357 45.394 42.432 39.879 39.824 39.727 39.643 39.568 39.533 39.562 39.625 39.952 39.691 40.404 39.474 39.371 39.339 39.389 39.436 39.464 39.476 39.482 39.359 39.431 39.561 39.635 39.671
40.174 40.287 40.306 40.375 40.373 40.253 40.144 40.127 40.224 40.239 40.281 40.244 40.052 39.974 39.789 39.769 39.733 39.719 39.751 39.718 39.713 39.682 39.64 39.629 39.614 39.647 39.773 45.051 45.387 45.44 45.369 45.356 45.416 45.347 45.375 45.358 45.368 45.398 45.406 45.305 45.336 45.346 45.372 45.382 45.289 45.407 42.582 39.814 39.771 39.787 39.637 39.629 39.566 39.74 39.652 40.013 40.732 39.957 39.437 39.342 39.355 39.403 39.457 39.515 39.46 39.495 39.419 39.413 39.557 39.621 39.693 39.623
39.909 40.186 40.317 40.26 40.363 40.316 40.232 40.127 40.157 40.21 40.196 40.272 40.212 40.147 39.91 39.805 39.765 39.723 39.754 39.724 39.73 39.711 39.648 39.64 39.61 39.62 39.596 39.646 44.241 45.273 45.408 45.379 45.399 45.37 45.35 45.408 45.352 45.415 45.355 45.322 45.352 45.353 45.351 45.342 45.323 43.144 40.404 39.818 39.772 39.656 39.632 39.607 39.662 40.347 39.901 40.742 41.768 40.109 39.338 39.314 39.401 39.478 39.487 39.516 39.475 39.442 39.403 39.54 39.584 39.742 39.692 39.608
39.872 39.909 40.226 40.326 40.328 40.317 40.26 40.199 40.08 40.114 40.176 40.257 40.237 40.211 40.111 40.005 39.817 39.776 39.727 39.735 39.724 39.74 39.693 39.701 39.654 39.63 39.628 39.612 39.654 40.951 45.248 45.365 45.413 45.394 45.341 45.404 45.402 45.367 45.315 45.344 45.346 45.364 45.353 45.41 45.421 42.427 39.843 39.765 39.699 39.635 39.626 39.646 39.65 41.606 40.112 39.949 39.619 39.351 39.29 39.371 39.48 39.527 39.477 39.499 39.461 39.457 39.521 39.597 39.67 39.719 39.654 39.579
39.947 39.86 40.001 40.267 40.25 40.281 40.268 40.172 40.085 40.029 40.062 40.167 40.211 40.228 40.223 40.092 39.97 39.876 39.765 39.754 39.729 39.75 39.754 39.728 39.705 39.679 39.647 39.625 39.629 41.211 43.476 44.973 45.392 45.425 45.402 45.375 45.322 45.353 45.374 45.427 45.378 45.373 45.326 45.35 42.365 40.621 39.948 39.734 39.657 39.633 39.61 39.661 39.645 40.333 39.635 39.514 39.354 39.307 39.344 39.393 39.541 39.533 39.502 39.488 39.479 39.53 39.63 39.693 39.734 39.641 39.629 39.602
39.972 39.929 39.852 40.028 40.19 40.285 40.302 40.266 40.126 40.033 39.979 40.141 40.166 40.19 40.21 40.187 40.117 39.994 39.901 39.804 39.744 39.767 39.76 39.74 39.726 39.708 39.69 39.666 39.612 40.012 41.556 42.849 44.327 45.366 45.406 45.403 45.387 45.371 45.396 45.45 45.348 45.359 45.357 42.42 39.77 39.743 39.715 39.669 39.613 39.674 39.647 39.666 39.762 39.667 39.48 39.372 39.315 39.331 39.377 39.533 39.49 39.508 39.461 39.511 39.531 39.601 39.714 39.771 39.738 39.704 39.662 39.629
39.974 39.985 39.931 39.86 39.941 40.248 40.292 40.348 40.227 40.111 40.02 39.958 40.123 40.11 40.142 40.24 40.2 40.082 40.025 39.939 39.85 39.763 39.744 39.745 39.724 39.736 39.715 39.66 39.668 39.601 39.628 40.036 39.802 41.766 45.268 45.423 45.366 45.396 45.58 45.376 45.401 45.342 45.3 39.903 39.756 39.736 39.69 39.608 39.606 39.622 39.633 39.779 39.709 39.575 39.393 39.327 39.299 39.372 39.441 39.509 39.531 39.491 39.483 39.543 39.614 39.667 39.765 39.779 39.763 40.299 44.054 39.926
40.028 40.009 39.972 39.916 39.877 39.973 40.277 40.296 40.263 40.255 40.109 39.973 39.985 40.123 40.107 40.181 40.18 40.159 40.135 40.069 39.939 39.867 39.76 39.757 39.754 39.757 39.731 39.74 39.684 39.647 39.627 39.61 39.591 40.335 41.486 44.854 45.387 45.358 45.468 45.557 45.418 45.311 41.918 40.104 39.754 39.623 39.635 39.582 39.605 39.612 39.836 39.785 39.603 39.446 39.367 39.325 39.373 39.39 39.521 39.541 39.519 39.522 39.486 39.586 39.684 39.789 39.82 39.763 40.203 40.831 45.824 44.641
40.112 40.037 39.968 39.947 39.906 39.856 39.976 40.253 40.221 40.326 40.201 40.086 39.995 40.064 40.273 40.13 40.165 40.135 40.162 40.113 40.063 40.035 39.879 39.8 39.776 39.767 39.749 39.742 39.715 39.701 39.717 39.619 39.579 39.629 41.678 43.131 44.711 45.314 45.352 45.533 45.314 43.73 40.118 39.775 39.724 39.636 39.57 39.62 39.626 39.699 39.806 39.603 39.454 39.399 39.356 39.363 39.376 39.532 39.524 39.502 39.472 39.462 39.592 39.661 39.753 39.827 39.808 40.33 40.952 45.996 48.16 48.111
40.154 40.095 40.041 40.007 39.927 39.869 39.873 40.08 40.222 40.283 40.234 40.173 40.069 39.989 40.35 40.103 40.147 40.123 40.144 40.153 40.118 40.091 40.031 39.942 39.826 39.792 39.744 40.142 39.891 39.759 39.719 39.663 39.64 39.638 42.351 42.755 42.799 44.724 45.364 45.379 45.055 41.709 39.806 39.744 39.697 39.639 39.601 39.636 39.694 39.927 39.679 39.527 39.413 39.34 39.333 39.431 39.532 39.557 39.52 39.487 39.511 39.56 39.632 39.743 39.805 39.867 40.304 40.793 46.049 48.115 48.149 48.103
40.129 40.169 40.066 40.043 39.998 39.895 39.894 39.835 40.058 40.253 40.234 40.234 40.086 40.021 39.953 40.145 40.091 40.125 40.14 40.156 40.159 40.138 40.084 40.051 39.926 39.853 39.85 41.459 40.111 39.751 39.727 39.704 39.701 39.633 40.031 40.47 40.983 41.362 42.713 44.545 40.656 39.886 39.763 39.682 39.63 39.601 39.617 39.661 41.212 39.98 39.587 39.458 39.339 39.36 39.428 39.5 39.568 39.532 39.541 39.499 39.454 39.6 39.77 40.016 39.842 39.881 40.702 44.885 47.368 48.118 48.118 48.181
40.026 40.141 40.163 40.043 40.013 39.942 39.904 39.848 39.798 39.983 40.213 40.301 40.221 40.099 40.006 39.921 39.998 40.11 40.11 40.132 40.169 40.167 40.165 40.133 40.067 39.984 40.215 43.538 41.659 39.782 39.759 39.773 39.728 39.714 39.648 39.649 39.669 39.686 39.864 39.858 39.762 39.756 39.695 39.632 39.653 39.632 40.077 39.71 40.348 39.646 39.578 39.352 39.368 39.422 39.498 39.557 39.582 39.556 39.53 39.477 39.61 39.702 39.85 39.847 39.762 40.606 44.643 48.145 48.117 48.118 48.138 48.057
40.016 40.051 40.148 40.144 40.018 39.995 39.934 39.873 39.883 39.813 40.071 40.234 40.236 40.137 40.077 39.961 39.926 39.987 40.101 40.166 40.151 40.165 40.164 40.166 40.148 41.825 40.3 40.416 42.265 39.899 39.747 39.741 39.75 39.744 39.728 39.713 39.66 39.688 39.696 39.68 39.751 39.689 39.657 39.619 39.634 39.687 39.684 39.859 39.68 39.596 39.431 39.364 39.412 39.483 39.548 39.563 39.534 39.55 39.503 39.61 39.696 39.768 39.773 39.883 40.516 39.873 47.29 48.093 48.279 48.148 48.058 48.103
40.002 40.024 40.085 40.156 40.101 40.039 40.018 39.938 39.871 39.816 39.812 40.097 40.139 40.199 40.12 40.031 39.982 39.921 40.039 40.127 40.161 40.166 40.179 40.156 40.194 40.156 40.118 40.067 40.092 39.846 39.78 39.764 39.8 39.77 39.746 39.777 39.713 39.712 39.67 39.671 39.678 39.626 39.588 39.648 39.677 39.666 39.903 39.75 39.601 39.513 39.354 39.368 39.474 39.546 39.582 39.572 39.57 39.532 39.616 39.698 39.757 39.815 39.851 40.43 40.934 46.676 48.107 48.071 48.181 48.805 48.097 48.287
39.905 39.975 39.973 40.101 40.182 40.098 40.015 39.972 39.922 39.833 39.792 39.777 40.02 40.14 40.117 40.112 40.097 40.024 40.022 40.125 40.138 40.185 40.214 40.176 40.198 40.16 40.146 40.149 40.064 39.987 39.854 39.79 39.822 39.78 39.785 39.785 39.726 39.732 39.711 39.683 39.674 39.627 39.596 39.667 39.678 39.845 39.921 39.677 39.576 39.435 39.383 39.419 39.514 39.593 39.579 39.542 39.53 39.593 39.712 39.763 39.776 39.876 40.421 40.802 46.245 48.147 48.093 48.092 48.106 48.232 48.391 48.493
39.81 39.905 39.979 40.042 40.088 40.161 40.111 40.012 39.968 39.904 39.828 39.78 39.783 40.031 40.091 40.116 40.098 40.061 40.005 40.056 40.117 40.176 40.141 40.197 40.147 40.14 40.128 40.136 40.096 40.051 39.936 39.88 39.85 39.753 39.778 39.792 39.767 39.745 39.715 39.677 39.713 39.678 39.62 39.678 39.728 40.117 39.794 39.598 39.447 39.424 39.475 39.547 39.594 39.615 39.573 39.568 39.545 39.661 39.721 39.719 39.833 39.891 40.776 44.843 48.146 48.11 48.081 48.322 48.838 48.117 48.144 48.07
39.906 39.873 39.891 40.007 40.069 40.138 40.151 40.062 39.988 39.911 39.857 39.815 39.775 39.789 40.023 40.07 40.095 40.074 40.035 40.024 40.019 40.104 40.144 40.181 40.191 40.151 40.169 40.141 40.108 40.066 40.012 39.978 39.888 39.853 39.785 39.811 39.75 39.719 39.73 39.702 39.712 39.714 39.732 39.733 40.014 39.886 39.674 39.528 39.441 39.497 39.541 39.569 39.615 39.628 39.578 39.605 39.703 39.727 39.815 40.01 39.844 40.844 40.949 48.078 48.107 48.124 48.063 48.256 48.098 48.085 48.293 48.111
40.156 39.878 39.937 39.917 40.042 40.059 40.116 40.14 40.061 39.96 39.909 39.877 39.781 39.734 39.834 39.989 40.03 40.102 40.074 40.017 39.995 40.025 40.167 40.174 40.121 40.136 40.164 40.128 40.144 40.072 40.036 39.997 39.963 39.924 39.857 39.824 39.792 39.792 39.784 39.769 39.755 39.773 39.779 39.792 39.817 39.628 39.516 39.456 39.527 39.533 39.605 39.639 39.63 39.586 39.609 39.657 39.776 39.772 39.79 39.825 40.523 40.339 45.863 48.107 48.147 48.198 47.965 48.012 48.026 48.061 48.046 48.05
40.209 40.001 39.907 39.884 39.951 39.993 40.049 40.133 40.122 40.038 39.977 39.908 39.857 39.792 39.714 39.875 39.902 40.074 40.067 39.992 40.001 39.991 40.059 40.123 40.107 40.098 40.105 40.078 40.068 40.032 40.027 40.005 39.976 39.95 39.923 39.927 39.915 39.958 39.867 39.87 39.844 39.839 39.743 39.804 39.602 39.504 39.454 39.46 39.487 39.579 39.619 39.61 39.634 39.598 39.633 39.721 39.808 39.832 39.83 39.953 40.489 39.931 42.156 47.829 48.102 48.085 48.049 48.034 48.016 48.029 47.998 48.035
40.287 40.173 39.955 39.89 39.933 39.939 40.025 40.086 40.173 40.06 40.019 39.967 39.912 39.843 39.796 39.727 39.763 39.992 40.022 40.001 40.005 39.97 40.034 40.467 40.177 40.092 40.046 40.032 40.064 39.981 40.028 39.991 39.922 39.834 39.827 39.818 39.783 39.787 39.731 39.683 39.678 39.648 39.601 39.578 39.451 39.406 39.495 39.473 39.582 39.618 39.633 39.621 39.604 39.596 39.726 39.801 39.877 39.914 39.842 40.54 39.929 39.674 39.56 41.304 47.887 48.071 48.078 48.192 48.154 48.059 48.008 48.036
40.38 40.278 40.08 39.878 39.844 39.886 40.074 40.039 40.09 40.178 40.11 40.03 39.951 39.875 39.858 39.722 39.692 39.754 39.918 40.025 40.002 39.973 40.001 39.977 39.951 39.96 39.952 39.912 39.886 39.89 39.879 39.837 39.772 39.706 39.648 39.651 39.655 39.61 39.587 39.609 39.616 39.557 39.533 39.448 39.433 39.447 39.498 39.531 39.603 39.636 39.616 39.583 39.59 39.73 39.891 40.228 39.968 39.882 40.188 40.519 39.936 41.079 39.624 39.617 39.574 46.562 47.767 48.059 48.056 48.124 48.057 47.978
40.515 40.36 40.29 39.988 39.864 39.903 40.738 40.013 40.038 40.118 40.164 40.059 39.998 39.926 39.856 39.814 39.771 39.717 39.79 39.911 39.997 39.96 39.951 39.948 39.941 39.916 39.881 39.888 39.882 39.863 39.837 39.775 39.743 39.688 39.669 39.608 39.599 39.569 39.519 39.545 39.532 39.509 39.476 39.446 39.469 39.49 39.561 39.616 39.633 39.637 39.622 39.62 39.651 39.833 39.921 39.965 39.997 40.36 40.151 39.719 39.677 39.805 39.613 39.615 39.592 39.611 44.091 47.962 48.074 48.187 48.059 48.109
43.058 40.527 40.347 40.23 39.945 39.895 39.893 39.952 39.97 39.995 40.1 40.147 40.033 39.974 39.92 39.879 39.818 39.764 39.714 39.784 39.926 39.974 39.96 39.918 39.926 39.906 39.824 39.859 39.805 39.877 39.801 39.761 39.751 39.705 39.662 39.556 39.567 39.543 39.503 39.507 39.499 39.413 39.439 39.453 39.511 39.562 39.643 39.641 39.639 39.589 39.607 39.606 39.919 39.914 39.919 40.094 40.164 40.383 39.904 39.94 39.877 39.704 39.689 39.624 39.622 39.632 39.673 41.313 47.864 48.119 48.058 48.04
41.779 40.846 40.366 40.297 40.133 39.937 39.88 39.893 39.95 39.962 40.034 40.113 40.14 40.019 39.956 39.906 39.863 39.829 39.767 39.726 39.805 39.972 39.977 39.959 39.906 39.839 39.779 39.738 39.755 39.786 39.816 39.762 39.754 39.768 39.664 39.604 39.575 39.541 39.529 39.502 39.427 39.385 39.431 39.522 39.602 39.597 39.646 39.664 39.658 39.617 39.641 39.719 39.904 39.885 39.922 40.156 39.98 39.729 39.615 39.685 39.696 39.706 39.669 39.65 39.659 39.631 39.661 39.656 39.681 46.531 48.048 48.037
40.602 40.935 41.09 40.383 40.302 40.029 39.934 39.913 39.858 39.946 39.973 40.023 40.108 40.124 40 39.94 39.912 39.874 39.823 39.796 39.746 39.875 39.938 39.891 39.836 39.815 39.778 39.756 39.706 39.696 39.686 39.705 39.709 39.709 39.717 39.613 39.606 39.555 39.518 39.366 39.367 39.439 39.49 39.603 39.628 39.66 39.673 39.658 39.64 39.625 39.734 39.941 39.894 39.803 39.83 39.839 39.626 39.69 39.633 39.615 39.624 39.713 40.65 40.019 39.671 39.667 39.687 39.654 39.652 39.642 42.103 47.798
40.564 40.648 40.726 40.368 40.303 42.422 40.453 39.938 39.869 39.91 39.929 39.986 40.019 40.157 40.105 40.019 39.938 39.937 39.869 39.845 41.93 40.547 39.813 39.913 39.817 39.735 39.73 39.694 39.671 39.629 39.642 39.634 39.678 39.686 39.668 39.617 39.554 39.484 39.445 39.425 39.441 39.521 39.525 39.57 39.685 39.658 39.658 39.657 39.649 39.747 40.177 39.865 39.864 39.872 39.785 39.717 39.617 39.655 39.624 39.648 39.617 39.646 39.691 39.775 39.706 39.705 39.671 39.671 39.66 39.623 39.616 43.204
40.606 40.636 40.669 40.748 40.309 40.845 40.729 39.97 39.895 39.842 39.915 39.965 40.018 40.062 40.15 40.076 40.003 39.973 39.909 39.903 39.844 39.782 39.751 39.814 39.847 39.817 39.745 39.691 39.655 39.622 39.627 39.628 39.642 39.632 39.56 39.502 39.448 39.388 39.385 39.474 39.458 39.548 39.605 39.65 39.705 39.668 39.695 39.678 39.68 39.824 39.847 39.829 39.926 39.896 39.705 39.963 39.608 39.617 39.608 39.643 39.652 39.635 39.619 39.678 39.849 40.062 39.694 39.696 39.676 39.629 39.585 39.803
