dsm/se2735_DSM_2M.asc
ncols 500
nrows 500
xllcorner    427000
yllcorner    435000
cellsize     2
NODATA_value -9999
[rows 448 to 479 of 500, columns 144 to 215 of 500]
73.006 77.846 78.166 77.315 70.115 68.747 68.448 68.255 68.272 68.322 68.255 68.166 69.394 75.442 76.101 71.737 70.1 70.938 70.618 70.074 70.221 75.056 76.576 75.421 74.789 70.61 72.145 74.751 77.07 77.86 77.114 76.999 76.79 76.879 76.382 72.469 73.2 72.238 75.356 74.948 74.816 73.956 72.325 73.773 71.602 71.67 73.244 72.576 72.957 73.645 76.368 77.971 78.062 78.028 77.436 74.671 71.587 71.477 72.382 71.223 71.205 71.239 71.213 71.597 71.646 71.737 77.475 78.515 78.264 77.29 72.377 71.759
73.654 79.345 78.69 77.875 77.029 69.41 68.251 68.227 68.294 68.331 68.298 68.257 68.203 68.27 69.063 69.485 69.777 69.815 69.928 70.01 72.871 76.441 77.722 76.971 75.775 71.699 71.751 74.639 75.833 75.918 75.807 74.727 73.206 71.929 72.406 71.471 73.364 71.321 71.18 72.967 73.203 72.58 71.696 71.827 71.273 71.379 72.519 72.818 73.089 72.447 73.961 77.066 77.846 77.606 74.131 71.487 71.416 73.577 72.522 71.125 71.05 71.949 71.303 71.441 71.519 71.613 76.109 78.42 78.292 77.206 71.841 71.739
78.13 78.894 79.296 78.479 77.698 75.38 69.373 68.245 68.234 68.287 68.312 68.292 68.227 68.195 68.497 69.209 69.7 69.759 69.826 72.594 75.873 76.89 77.836 76.56 74.596 70.544 71.697 72.907 70.568 71.305 73.528 73.64 71.136 70.822 71.235 72.582 74.986 75.509 71.675 71.614 72.27 72.946 71.568 71.205 71.207 71.246 72.197 73.414 71.996 72.377 74.277 73.337 77.032 73.973 71.485 71.43 74.106 73.722 75.218 72.208 70.885 71.518 70.951 71.365 71.514 71.473 75.767 78.099 78.352 76.875 71.929 72.449
77.593 78.52 79.144 78.958 78.28 77.335 70.342 68.421 68.24 68.284 68.297 68.288 68.291 68.233 68.336 69.142 69.286 69.81 69.866 73.005 76.454 77.738 77.275 75.893 71.939 70.509 71.722 72.222 70.402 73.007 73.574 73.698 71.211 70.757 71.205 71.241 73.454 73.997 71.015 75.294 76.732 74.433 75.994 71.236 71.173 71.156 71.277 72.756 75.704 72.861 76.538 76.551 73.403 72.125 72.275 71.92 74.507 75.141 75.523 72.559 70.91 70.801 70.802 71.229 71.641 71.727 75.908 78.241 78.38 77.61 72.822 71.833
77.031 77.758 78.719 79.44 78.947 78.042 77.121 70.161 68.221 68.248 68.318 68.33 68.312 68.28 68.233 68.32 69.217 68.813 69.836 72.073 75.482 76.356 76.371 71.69 70.775 71.107 72.32 72.422 70.871 70.323 71.119 72.687 71.336 70.795 70.807 71.008 73.141 71.358 71.908 79.645 78.16 75.135 76.146 71.543 71.723 71.532 72.708 73.545 74.185 73.972 75.786 76.465 74.241 73.358 73.375 72.994 73.561 74.306 75.709 72.736 70.995 70.679 72.102 72.032 71.322 71.329 75.351 77.897 78.42 77.764 72.665 71.264
75.368 77.116 78.044 78.881 79.272 78.539 77.724 75.723 71.783 68.326 68.268 68.322 68.298 68.332 68.276 68.232 68.33 69.081 69.523 70.846 71.244 74.32 75.436 70.504 70.339 71.853 71.56 72.226 71.396 70.308 70.313 72.656 71.569 70.873 70.686 71.648 72.853 75.776 75.736 81.268 78.761 78.96 79.133 73.609 72.745 71.957 71.784 72.277 71.229 71.542 71.717 70.992 73.553 73.95 76.05 75.933 72.197 71.681 74.291 71.118 70.544 70.542 71.165 71.486 71.14 71.217 75.379 78.848 78.701 77.83 76.039 71.294
72.649 75.874 77.468 78.297 79.118 79.105 78.386 77.58 76.17 68.92 68.253 68.289 68.378 68.354 68.331 68.316 68.234 69.131 69.145 69.689 70.416 69.857 71.416 69.96 69.947 71.694 70.835 70.438 71.555 72.011 71.584 72.543 71.4 71.192 71.75 71.668 72.215 78.204 79.731 81.68 82.886 80.683 76.878 71.053 70.67 71.112 71.37 70.708 70.814 70.769 70.92 70.983 74.765 76.936 77.239 76.553 73.953 70.911 70.761 72.246 70.427 70.394 70.581 71.202 71.164 71.253 72.341 77.539 78.568 78.182 76.149 71.239
72.843 72.853 76.677 77.61 78.589 79.277 78.868 78.026 77.319 70.966 68.584 68.302 68.349 68.36 68.332 68.299 68.241 68.375 68.683 69.318 69.688 69.947 72.338 74.783 73.288 70.243 69.974 70.012 70.067 70.385 72.523 72.807 72.845 73.745 72.586 72.554 72.451 78.76 79.783 80.445 81.503 79.331 73.691 72.879 70.443 70.654 70.633 70.666 70.761 70.905 70.908 70.932 75.508 77.196 77.831 76.849 73.11 71.238 71.646 72.07 70.217 70.261 71.212 71.259 71.138 71.06 72.242 77.419 77.638 77.5 77.194 71.248
72.811 72.875 74.87 77.082 77.869 78.565 79.226 78.586 77.927 77.041 70.08 68.441 68.293 68.34 68.36 68.372 68.343 68.285 68.606 69.749 70.43 71.735 74.682 75.582 72.189 69.913 69.936 69.935 70.058 71.296 70.831 72.491 74.486 73.703 71.385 70.337 70.94 76.342 77.673 78.56 79.294 79.525 74.324 71.58 71.831 70.477 70.561 70.595 73.984 78.083 73.465 71.174 74.645 76.997 78.455 76.991 75.081 71.786 71.233 70.804 70.143 70.121 70.329 70.295 70.797 70.87 71.464 75.628 72.81 72.704 71.123 71.394
73.905 72.81 75.454 76.493 77.281 78.136 78.842 79.258 78.676 77.708 75.412 69.433 68.29 68.302 68.401 68.394 68.389 68.324 68.301 68.409 69.377 71.554 74.207 73.205 71.051 69.794 72.694 70.025 70.579 70.233 70.518 70.932 73.782 71.921 69.976 70.042 70.086 70.08 73.157 76.192 78.429 76.969 77.505 76.438 71.728 75.69 73.943 78.204 81.456 82.512 75.718 71.203 74.384 76.805 77.933 77.099 73.473 70.905 71.019 71.154 70.039 69.975 69.959 70.057 71.176 70.616 70.872 70.779 70.726 70.69 70.889 70.56
77.204 76.208 75.75 76.916 76.553 77.303 78.322 79.23 79.116 78.317 77.434 72.392 68.368 68.304 68.353 68.408 68.396 68.342 68.324 68.38 68.972 70.439 69.497 69.548 69.863 73.873 76.137 74.897 70.943 70.617 70.879 70.312 71.593 70.834 69.88 69.982 69.967 70.046 72.164 74.965 76.924 79.17 73.414 73.299 70.796 71.536 72.811 77.712 78.701 75.127 71.715 70.416 71.809 76.606 77.044 76.899 76.083 70.958 70.726 70.356 69.903 69.835 70.455 70.214 69.881 70.153 70.597 73.412 71.723 75.373 74.99 72.421
77.987 77.257 77.243 77.933 74.662 76.84 77.765 78.602 79.425 78.749 78.089 77.222 74.373 68.366 68.271 68.361 68.413 68.368 68.343 68.303 68.363 68.472 68.743 69.454 72.717 75.334 76.01 76.392 75.446 73.44 71.17 69.936 69.968 69.816 69.869 69.888 69.998 72.589 70.005 71.394 78.458 81.369 73.862 70.453 70.813 70.215 70.156 70.094 70.13 70.244 70.316 70.364 70.472 73.069 75.938 75.774 72.347 70.967 71.456 70.62 69.777 69.69 69.953 70.006 70.808 72.813 70.812 74.715 76.459 76.765 76.718 72.745
78.777 78.06 77.545 77.091 73.618 73.591 77.06 77.949 78.906 79.152 78.68 77.839 75.698 70.339 68.3 68.346 68.347 68.43 68.412 68.34 68.335 68.339 69.209 68.712 69.424 70.509 74.909 75.79 77.004 76.196 73.952 69.764 69.755 69.742 69.908 74.502 74.871 73.323 69.955 70.07 78.226 75.994 72.075 71.246 77.917 70.207 69.973 70.05 70.109 70.249 70.924 70.76 71.244 71.438 71.288 70.446 71.134 70.423 70.454 69.758 69.751 69.55 69.58 69.754 70.915 70.383 70.349 74.071 76.528 77.146 76.448 74.732
78.749 78.89 78.576 77.614 77.017 73.855 76.613 77.418 78.117 79.159 79.271 78.403 77.607 73.099 68.51 68.29 68.362 68.4 68.398 68.402 68.357 68.304 68.445 69.107 69.356 69.414 70.399 74.268 76.873 76.609 75.955 72.712 72.327 69.878 73.393 78.584 78.371 75.471 70.42 69.791 70.195 72.453 81.061 80.648 76.994 70.995 73.968 70.341 71.222 70.722 69.964 70.106 70.256 70.078 73.496 73.011 74.587 73.449 70.035 69.832 71.027 69.537 69.435 70.29 70.798 70.236 70.381 74.083 76.269 77.336 76.62 72.193
77.836 78.521 78.997 78.474 77.871 76.99 75.427 76.807 77.659 78.45 79.153 79.042 78.114 77.211 74.632 68.651 68.296 68.397 68.402 68.391 68.409 68.313 68.331 68.473 69.638 69.433 69.724 70.494 71.425 75.303 76.352 76.465 74.418 72.58 75.021 78.54 77.293 75.31 69.715 69.733 70.305 70.146 78.385 80.086 71.112 74.673 70.381 69.826 69.936 69.944 69.857 69.894 69.992 74.526 76.094 76.109 75.684 71.271 69.973 69.806 69.692 69.308 69.413 69.86 70.408 70.047 70.268 73.85 75.727 77.206 76.683 72.702
77.024 77.598 78.251 79.013 78.525 77.707 77.119 76.473 76.984 77.739 78.674 79.386 78.813 77.86 75.427 70.249 68.336 68.368 68.38 68.393 68.372 68.358 68.31 68.349 68.606 70.428 70.277 69.647 69.72 72.704 75.044 75.958 72.509 71.173 73.893 74.285 73.684 70.216 69.671 70.039 70.756 71.933 75.306 69.769 71.048 75.166 76.685 70.58 69.868 69.938 69.883 69.895 69.935 73.442 75.983 77.045 75.585 70.64 69.948 70.677 70.327 69.163 69.189 69.217 70.182 70.792 71.161 71.884 76.243 77.021 76.698 74.444
76.83 76.803 77.508 78.389 78.943 78.603 78.021 77.26 76.614 77.229 77.957 78.842 79.218 76.978 76.72 77.605 68.954 68.319 68.358 68.362 68.382 68.371 68.364 68.281 68.284 68.397 69.922 69.495 69.462 69.876 70.542 71.343 70.202 69.821 72.972 75.189 74.079 69.701 70.648 70.932 69.598 69.509 71.676 74.242 76.951 70.324 71.021 75.462 72.948 72.473 71.077 70.292 69.889 72.569 76.035 78.105 76.384 73.148 70.295 70.9 70.427 69.017 69.051 69.007 69.88 70.146 70.671 70.347 75.92 76.977 76.897 74.713
77.641 77.109 76.856 77.348 78.114 78.88 78.778 73.86 70.301 75.397 77.576 77.561 76.961 76.725 78.385 79.547 76.373 68.504 68.279 68.357 68.336 68.359 68.356 68.304 68.249 68.216 68.828 69.538 69.313 69.416 69.589 70.565 70.228 72.135 75.054 76.264 75.808 72.794 70.522 69.598 69.495 69.544 69.545 70.445 70.691 70.623 74.054 75.527 75.944 73.616 70.652 69.685 69.663 73.291 75.686 76.802 76.26 74.776 69.834 69.548 70.549 69.023 68.89 68.861 69.247 70.409 69.718 70.079 75.791 77.722 77.036 75.527
78.476 77.858 77.116 76.633 77.332 77.839 76.893 70.366 70.551 73.006 76.678 76.88 76.898 78.789 78.193 78.769 79.262 72.452 68.491 68.303 68.299 68.36 68.334 68.31 68.292 68.188 68.281 68.791 69.242 69.622 70.552 70.72 69.702 73.348 75.267 76.334 77.621 76.059 73.89 70.187 70.808 71.045 70.578 70.158 69.63 70.008 74.134 74.905 75.335 73.129 69.592 69.576 69.565 70.619 75.569 76.084 76.106 74.343 70.116 70.823 71.667 69.692 68.745 68.801 68.774 70.344 69.948 69.866 74.012 76.689 77.161 76.547
79.02 78.659 77.938 77.34 76.837 73.556 70.618 70.507 70.664 68.254 68.554 76.625 78.082 78.813 78.757 78.155 78.886 77.855 76.132 68.499 68.269 68.301 68.321 68.33 68.286 68.212 68.162 68.192 68.525 71.072 73.404 71.211 69.425 71.307 73.762 75.373 76.64 76.97 75.641 71.916 70.223 70.786 69.483 69.49 69.269 69.178 71.021 74.362 73.613 70.26 69.374 69.458 69.46 69.531 74.034 74.902 73.095 72.71 70.595 69.82 70.674 68.685 68.622 68.641 68.609 70.042 69.446 70.418 74.077 76.451 76.396 76.255
78.078 78.761 78.868 78.132 73.527 70.183 70.411 70.555 66.978 68.46 73.664 78.498 78.062 78.143 78.965 78.386 78.268 79.016 79.341 74.09 68.491 68.186 68.293 68.268 68.304 68.214 68.17 68.259 68.39 71.949 73.436 69.711 69.445 69.839 70.645 73.581 75.266 76.106 74.983 71.725 69.933 69.665 69.189 69.391 69.178 69.206 69.387 70.75 72.286 69.448 69.352 71.34 72.298 72.125 70.841 71.35 73.256 71.725 69.808 69.65 69.593 68.563 68.478 68.497 68.438 69.718 69.606 70.062 72.325 72.597 71.794 71.534
77.269 77.89 78.699 78.654 71.118 70.419 70.632 67.243 67.418 67.783 76.937 78.361 79.065 78.273 78.43 79.069 78.281 78.313 79.037 79.1 74.237 68.196 68.208 68.233 68.242 68.209 68.171 68.151 68.655 68.096 69.337 68.925 70.499 71.643 69.423 69.348 73.345 74.727 73.342 70.211 69.542 71.198 70.394 69.275 69.097 69.192 69.295 70.812 70.817 73.737 73.548 71.451 73.028 70.345 69.299 72.738 73.343 73.266 72.358 70.384 73.899 68.542 68.349 68.37 68.294 68.595 69.664 69.862 70.147 69.987 70.159 69.875
75.272 77.087 77.777 71.388 70.377 70.611 68.427 67.234 67.247 75.154 79.133 78.224 78.604 79.228 78.083 78.469 79.253 78.283 78.244 79.012 78.92 70.307 68.194 68.2 68.19 68.212 68.199 68.172 68.093 68.032 68.073 68.516 71.574 71.948 69.751 69.341 69.874 70.732 70.041 72.083 73.737 75.037 73.373 69.479 69.335 69.133 69.153 69.441 69.973 69.363 69.319 69.304 69.195 69.373 73.804 75.059 75.271 74.636 70.626 69.444 69.138 68.662 68.188 68.194 68.614 68.711 70.017 69.556 69.488 69.498 72.018 70.581
72.226 75.633 73.178 70.358 70.649 67.62 67.254 74.109 79.178 78.082 78.593 78.917 78.093 78.628 79.235 78.108 78.402 79.264 78.22 78.336 79.18 78.25 73.778 68.341 68.135 68.138 68.127 68.132 68.089 68.013 67.967 70.255 69.051 69.328 70.571 70.022 69.267 69.966 69.638 73.079 75.296 76.201 75.493 74.115 71.697 69.28 70.045 69.064 70.193 69.674 69.266 69.17 69.132 69.171 73.219 75.269 75.966 75.11 71.056 70.316 70.031 69.035 68.092 68.083 69.13 68.92 68.963 69.103 69.399 73.853 75.191 75.449
72.316 68.191 67.176 70.421 70.637 66.65 73.43 78.14 78.723 79.034 77.849 78.72 79.047 78.048 78.601 78.959 78.047 78.586 79.088 78.479 78.36 77.065 77.63 70.313 68.347 68.08 68.063 68.104 68.087 67.995 67.978 67.914 68.013 69.291 68.885 71.621 71.931 69.521 69.745 73.824 75.11 76.294 76.457 75.505 73.595 70.08 69.918 69.158 69.365 69.406 69.905 69.162 69.177 72.133 73.728 74.997 76.924 75.55 71.705 69.723 69.4 69.058 68.025 67.94 67.99 68.045 68.973 69.148 70.03 74.704 75.67 75.71
68.966 66.099 66.136 67.011 66.687 68.99 79.364 78.884 78.183 78.875 78.578 78.216 78.775 79.127 77.881 78.67 79.095 77.809 78.679 79.038 78.006 78.533 79.342 78.345 74.404 68.157 68.022 68.023 68.071 68.018 67.997 67.894 67.843 67.896 67.956 72.07 73.175 70.037 69.043 69.827 72.942 75.146 76.623 76.358 75.379 74.278 69.734 68.946 68.867 69.029 70.943 70.4 70.952 72.882 73.585 74.949 75.738 75.439 73.496 69.033 68.823 69.065 67.896 67.838 67.803 67.766 69.075 69.26 69.425 74.699 76.461 75.771
66.014 66.11 66.201 66.239 66.291 75.539 78.719 79.558 78.595 78.154 79.07 78.645 78.034 78.841 78.755 78.086 78.639 79.171 78.157 78.694 79.136 78.189 78.484 79.29 77.001 69.469 68.047 67.965 67.999 67.995 67.925 67.883 67.837 67.788 67.82 68.032 68.693 68.816 68.993 68.97 69.119 73.377 75.013 75.738 74.707 70.689 69.07 69.014 68.873 68.933 70.554 69.522 68.962 69.484 68.896 74.514 75.819 75.725 73.664 69.769 69.812 68.973 67.983 67.753 67.666 67.619 68.887 69.365 69.232 73.56 75.351 75.774
66.032 66.14 66.177 66.186 66.241 66.93 78.59 79.793 79.772 78.913 78.298 78.903 78.515 78.117 78.985 78.095 78.062 78.658 78.911 78.066 78.775 78.9 78.014 78.56 79.327 78.283 68.604 67.891 67.889 67.919 67.913 67.894 67.825 67.749 67.699 67.746 67.843 68.192 68.809 68.837 68.833 69.803 72.991 74.371 70.365 68.837 68.454 68.68 68.854 68.932 68.903 70.204 68.906 68.885 69.486 73.532 75.878 75.851 74.545 68.9 68.742 68.856 67.758 67.55 67.513 67.612 68.83 68.91 69.295 72.74 75.386 76.822
69.326 66.312 66.224 66.25 66.309 66.357 68.709 77.264 78.855 79.684 78.505 78.245 78.92 78.988 78.225 79.045 79.002 78.181 78.905 79.105 77.962 78.82 78.612 77.989 78.72 79.281 77.635 69.727 67.842 67.871 67.885 67.858 67.799 67.735 67.705 67.662 67.677 67.709 68.498 68.413 68.689 69.24 68.72 69.301 68.615 68.431 68.567 69.631 68.778 68.869 68.875 69.3 72.193 70.123 68.895 74.134 74.959 75.369 74.483 69.351 69.082 68.599 67.992 67.4 67.491 67.307 69.034 71.199 70.052 71.759 75.31 76
70.59 68.896 66.209 66.26 66.301 66.356 66.355 69.131 77.6 78.888 79.498 78.214 78.15 78.919 78.085 78.267 79.037 78.389 77.958 78.943 78.783 78.204 78.796 79.005 77.846 78.417 71.07 67.824 67.847 67.779 67.799 67.795 67.765 67.742 67.683 67.65 67.56 67.61 67.618 67.951 68.306 68.443 68.555 68.867 68.41 71.518 74.05 74.054 70.057 68.77 68.811 76.035 79.259 77.122 68.889 72.495 74.108 72.954 70.17 69.17 68.584 68.392 67.794 67.239 67.242 67.174 68.17 69.883 69.247 69.713 74.937 76.055
72.095 72.972 70.707 66.518 66.294 66.331 66.366 66.392 69.204 77.777 78.886 79.422 78.155 78.407 79.337 78.569 78.132 79.081 78.401 78.153 78.955 78.693 78.048 78.958 79.266 70.623 67.692 67.771 67.756 67.749 67.715 67.732 67.751 67.717 67.674 67.604 67.53 67.463 67.5 67.486 67.584 68.013 68.28 68.241 68.372 73.766 75.121 75.184 71.374 69.526 68.83 77.441 79.402 78.391 70.683 68.493 68.445 68.494 68.548 68.564 68.563 68.357 68.526 67.2 67.133 67.112 67.983 70.027 69.093 69.09 74.967 75.859
72.956 73.643 72.068 68.113 66.959 66.321 66.335 66.365 66.489 74.528 78.083 79.066 79.72 78.067 75.94 78.79 78.091 78.302 78.941 78.637 78.367 78.974 78.5 78.195 70.709 67.565 67.637 67.658 67.715 67.794 67.741 67.646 67.655 67.66 67.69 67.629 67.519 67.416 67.362 67.331 67.391 67.659 67.632 68.044 68.394 71.818 74.018 75.085 74.547 72.918 69.468 74.582 77.861 76.285 70.418 68.59 68.461 68.456 68.471 68.515 68.558 68.339 68.518 67.351 66.954 66.96 67.559 68.357 68.787 71.718 74.789 75.57
