dsm/se2832_DSM_2M.asc
ncols 500
nrows 500
xllcorner    428000
yllcorner    432000
cellsize     2
NODATA_value -9999
[rows 32 to 63 of 500, columns 288 to 359 of 500]
46.594 42.315 38.594 34.505 34.453 34.432 34.345 34.4 34.757 36.165 39.89 41.862 42.315 42.038 42.251 42.447 42.377 42.146 41.916 41.747 41.775 41.669 41.656 41.574 41.502 41.542 41.456 41.489 41.943 33.859 32.854 32.78 36.725 40.123 40.349 40.092 40.044 40.012 40.025 39.902 39.868 39.606 39.178 38.94 38.69 38.642 38.846 38.159 37.349 36.25 35.481 35.337 35.239 34.862 34.165 34.231 34.586 34.216 33.49 34.957 33.379 32.365 38.695 40.254 40.429 40.42 40.546 40.806 41.032 41.178 41.377 41.541
45.38 40.155 36.836 34.58 34.541 34.41 34.33 34.294 34.456 39.784 45.596 43.484 41.863 42.049 42.218 42.244 42.156 41.911 41.743 41.781 41.74 41.744 41.618 41.634 41.613 41.432 41.394 37.342 32.979 32.918 33.124 39.364 40.361 40.231 40.111 40.069 40.027 39.993 39.958 39.642 39.464 39.147 38.921 38.675 38.242 37.694 37.079 36.721 36.085 35.368 34.635 34.326 34.038 33.708 33.584 33.67 34.219 34.306 34.441 34.171 34.491 35.941 39.641 39.948 40.103 40.321 40.545 40.675 40.886 41.064 41.231 41.441
44.45 39.915 34.863 34.678 34.58 34.424 34.406 34.286 34.388 39.816 45.058 44.262 41.748 42.274 42.145 41.933 41.919 41.878 41.815 41.852 41.787 41.638 41.697 41.545 41.425 41.441 36.255 33.487 32.963 36.827 40.711 40.403 40.166 40.133 40.137 40.03 40.046 40.092 39.759 39.335 39.13 38.787 38.653 37.882 37.378 36.742 35.9 35.373 34.71 34.314 34.042 34.425 34.496 33.434 33.527 34.238 34.3 35.022 33.427 33.461 33.305 33.966 38.268 41.176 40.039 40.229 40.389 40.582 40.744 40.923 41.127 41.35
47.006 45.041 35.014 34.832 34.514 34.463 34.403 34.292 34.477 40.804 42.287 42.126 42.144 42.114 41.976 41.989 41.961 42.001 41.96 41.833 41.729 41.713 41.525 42.709 43.2 41.538 36.498 33.427 38.258 41.066 40.407 40.228 40.18 40.145 40.1 40.083 39.827 39.719 39.279 39.089 38.795 38.389 37.75 36.697 36.145 35.957 34.979 34.938 34.762 33.714 33.547 33.807 33.381 33.51 33.493 34.59 34.648 33.334 33.049 33.018 33.048 34.047 38.11 40.553 39.955 40.161 40.318 40.454 40.699 40.863 41.019 41.259
46.421 44.461 36.533 34.879 34.578 34.499 34.345 34.318 34.552 42.152 42.15 42.074 42.093 42.06 42.005 42.044 41.922 41.949 41.933 41.829 41.769 41.563 43.281 44.682 43.73 42.524 39.003 39.979 40.662 40.283 40.252 40.247 40.189 40.143 40.251 41.419 39.773 39.16 39.051 38.574 38.267 37.368 36.466 36.234 35.183 35.251 34.982 35.723 35.091 34.026 33.514 33.366 33.481 33.985 34.657 34.302 33.102 33.069 33.035 33.021 33.012 33.789 36.618 38.319 40.298 39.986 40.195 40.379 40.56 40.784 40.955 41.14
43.767 43.401 42.61 35.679 36.404 34.485 34.418 34.281 34.253 39.444 42.101 42.155 42.205 42.097 42.151 42.063 41.99 41.997 41.942 41.831 41.649 41.587 43.564 45.497 39.295 39.568 41.001 40.65 40.308 40.311 40.265 40.223 40.692 40.334 40.097 39.297 38.81 38.6 38.671 38.295 37.85 37.022 36.255 35.433 35.051 36.212 37.019 38.049 33.752 33.368 33.321 33.381 34.115 33.823 34.577 33.372 33.1 33.057 33.068 33.024 33.016 33.025 33.778 37.136 40.485 40.268 40.103 40.257 40.464 40.669 40.844 41.029
43.049 45.194 46.415 46.453 40.436 34.75 34.355 34.29 34.233 34.386 42.09 42.206 42.1 42.212 42.062 42.07 42.011 41.855 41.726 41.709 41.299 41.023 42.093 43.045 40.916 40.77 40.461 40.372 40.372 40.288 40.3 40.905 40.482 38.684 38.308 38.655 38.628 38.423 38.293 38.315 37.568 36.873 36.858 36.921 38.397 38.308 38.794 38.969 33.673 33.497 33.408 33.533 34.187 34.096 33.233 33.096 33.11 33.087 33.062 33.049 33.008 32.967 33.365 36.959 38.315 40.632 40.031 40.189 40.401 40.572 40.766 40.927
43.036 45.3 46.53 45.88 37.674 34.573 34.418 34.308 38.63 41.526 42.233 42.244 42.168 42.067 42.119 42.064 41.886 41.893 41.533 41.445 40.754 40.462 40.218 41.287 40.741 40.472 40.414 40.392 40.289 40.834 40.562 36.779 36.905 35.873 37.305 38.061 38.056 37.846 37.629 37.097 36.316 36.099 37.62 38.863 39.803 38.89 37.738 38.93 33.474 33.274 33.683 33.668 34.194 33.366 33.124 33.129 33.113 33.059 33.051 33.042 33 33.01 32.987 33.237 38.114 38.751 39.962 40.049 40.274 40.441 40.612 40.816
43.113 43.498 44.808 44.313 41.909 35.606 34.537 40.067 42.391 42.364 42.338 42.213 42.243 42.138 42.017 41.942 42.83 41.371 41.271 40.866 40.582 41.551 40.774 40.62 40.501 40.53 40.373 40.365 40.848 40.08 35.304 35.062 36.38 37 36.718 38.684 36.748 36.426 36.289 35.708 37.574 38.746 38.283 39.159 39.41 39.495 40.398 39.452 35.553 33.58 33.549 35.211 34.056 33.169 33.109 33.197 33.16 33.069 33.048 32.989 32.973 33.016 32.975 33.621 34.807 38.16 39.847 39.985 40.188 40.358 40.534 40.771
43.271 43.174 42.899 42.922 42.795 38.977 41.543 42.411 42.431 42.337 42.24 42.299 42.281 42.21 42.436 42.041 43.452 41.118 40.641 46.893 44.042 40.697 40.543 40.539 40.553 40.423 40.896 41.253 40.427 34.054 33.474 35.645 36.42 36.236 36.333 35.573 35.778 35.893 35.394 35.2 37.49 39.866 39.255 39.798 39.837 38.72 40.51 40.462 34.874 33.618 33.942 33.889 33.203 33.17 33.141 33.099 33.119 33.063 33.02 33.02 33.025 33.016 33.014 33.003 34.133 37.211 38.3 40.018 40.049 40.283 40.461 40.64
43.141 43.007 43.384 42.478 42.49 42.448 42.541 42.482 42.358 42.274 42.377 42.331 42.352 42.221 42.604 41.974 40.502 41.629 40.423 44.856 46.713 40.69 40.576 40.511 40.519 40.985 40.981 36.594 33.291 33.302 33.501 35.786 36.136 35.922 35.783 34.417 34.878 34.837 34.753 35.413 35.833 38.637 41.402 41.502 41.134 39.971 41.313 40.207 36.574 33.883 34.713 33.28 33.181 33.174 33.156 33.11 33.086 33.074 33.074 33.06 33.063 33.045 32.982 32.984 33.28 35.014 38.14 40.384 40.004 40.142 40.348 40.548
43.125 42.891 42.649 42.572 42.601 42.572 42.54 42.369 42.338 42.368 42.335 42.36 36.494 38.421 42.637 40.821 40.732 41.669 40.765 40.903 42.855 46.234 40.643 40.563 41.261 40.398 35.447 33.343 33.319 33.387 35.072 36.094 34.586 33.627 36.109 35.767 33.884 34.607 34.814 34.358 37.328 37.257 42.088 40.757 39.038 38.493 39.206 40.089 39.472 35.235 33.293 33.207 33.173 33.187 33.141 33.118 33.062 33.098 33.071 33.128 33.074 32.993 32.993 33.011 32.998 33.68 38.127 38.26 39.539 40.058 40.327 40.397
42.761 42.762 42.612 42.683 42.617 42.509 42.551 42.472 42.402 42.741 40.944 34.841 33.971 35.139 39.336 40.565 41.443 40.859 44.568 40.819 40.748 45.457 45.272 41.208 40.242 33.63 33.398 33.417 33.306 33.521 35.871 35.71 33.731 33.625 35.14 36.262 35.963 33.719 33.565 33.46 33.55 35.227 38.254 37.776 38.833 37.96 39.088 39.709 39.884 36.036 33.217 33.209 33.161 33.122 33.128 33.115 33.101 33.138 33.091 33.078 33.09 33.052 33.015 33.019 32.999 33.031 35.195 38.245 38.549 40.32 40.191 40.324
42.677 42.795 42.716 42.73 42.591 42.638 42.526 42.581 37.999 36.549 33.928 33.919 33.906 33.941 37.96 41.028 40.895 40.752 40.947 41.985 40.597 41.523 42.793 35.793 33.781 33.514 33.475 33.416 33.333 33.634 35.271 34.224 33.652 33.642 33.65 34.396 35.173 33.695 33.564 33.493 33.463 33.46 36.047 36.306 38.912 37.304 37.528 39.222 38.769 35.594 33.192 33.215 33.188 33.227 33.171 33.107 33.127 33.116 33.088 33.092 33.07 33.071 33.06 33.026 33.045 33.007 33.737 35.816 38.843 40.504 40.061 40.281
42.893 42.735 42.646 42.662 42.558 42.594 42.556 42.529 40.07 34.746 33.976 33.824 33.843 38.079 41.39 40.929 40.821 40.778 40.723 40.592 41.204 40.856 34.843 33.872 33.731 33.538 33.552 33.376 33.453 34.796 36.026 35.168 33.693 33.663 33.568 33.605 33.553 33.537 33.535 33.51 33.472 33.434 33.446 33.378 36.635 35.385 34.044 33.964 35.485 33.255 33.276 33.175 33.164 33.176 33.176 33.147 33.139 33.104 33.084 33.067 33.08 33.172 33.067 33.058 33.04 33.015 33.032 34.289 38.2 40.243 39.974 40.106
42.821 42.726 43.136 42.683 42.613 42.411 42.688 42.633 42.456 37.446 34.457 33.95 39.342 41.469 40.885 40.886 40.76 40.724 41.017 41.491 42.029 38.563 34.066 33.881 33.73 33.603 33.591 33.534 33.609 34.472 35.596 34.164 33.668 33.661 33.595 33.559 33.631 33.528 33.517 33.497 33.452 33.402 33.408 33.421 33.326 33.398 33.327 33.285 33.287 33.246 33.236 33.213 33.206 33.222 33.176 33.17 33.147 33.122 33.11 33.1 33.111 33.075 33.166 33.069 33.049 33.036 32.992 33.391 37.538 38.95 40.208 40.023
42.797 42.725 44.226 42.566 42.473 42.46 42.8 41.829 41.936 41.298 38.496 40.992 41.235 40.919 40.875 40.756 40.826 41.145 40.678 39.092 38.359 36.859 34.1 33.918 33.765 33.617 33.579 33.503 33.766 35.123 35.997 34.144 33.668 33.647 33.626 33.65 33.561 33.557 33.542 33.522 33.453 33.465 33.395 33.358 33.333 33.327 33.324 33.286 33.244 33.243 33.267 33.23 33.213 33.205 33.167 33.165 33.136 33.177 33.126 33.09 33.089 33.096 33.108 33.095 33.059 33.063 33.011 33.023 34.919 38.173 38.762 39.89
42.833 42.796 43.463 44.583 44.947 44.62 41.513 40.887 42.135 41.486 41.39 41.083 40.988 40.911 40.879 40.941 37.557 39.769 38.848 38.248 37.829 35.009 34.089 33.917 33.746 33.67 33.608 33.595 33.751 35.358 36.129 35.963 33.707 33.656 33.621 33.582 33.597 33.568 33.533 33.554 33.467 33.47 33.444 33.409 33.551 33.324 33.308 33.309 33.311 33.331 33.265 33.269 33.22 33.239 33.206 33.184 33.145 33.133 33.157 33.104 33.126 33.116 33.056 33.063 33.101 33.103 33.08 33.037 33.393 33.834 38.169 40.577
42.821 43.156 44.822 46.554 46.903 45.682 40.975 41.984 41.969 41.64 40.985 40.93 40.947 40.91 40.914 40.737 35.834 34.075 38.136 38.162 35.858 34.143 34.006 33.945 33.72 33.742 33.697 33.53 33.798 35.052 34.611 34.161 33.705 33.661 33.696 34.554 35.015 34.019 33.548 33.522 33.516 33.545 33.45 33.406 34.115 33.508 33.343 33.344 33.318 33.269 33.271 33.33 33.21 33.223 33.217 33.184 33.181 33.15 33.126 33.107 33.087 33.1 33.104 33.069 33.063 33.026 33.052 33.017 33.329 33.398 37.192 38.977
43.683 46.575 46.145 46.642 46.205 41.743 41.004 41.062 41.122 40.993 41.106 41.028 40.964 41.43 40.774 34.554 33.802 33.968 34.185 34.655 34.232 34.165 34.15 34.003 33.841 33.776 33.721 33.708 33.845 34.925 34.038 33.783 33.703 33.668 33.662 33.668 33.841 33.585 33.593 33.536 33.509 33.487 33.451 33.452 33.369 33.295 33.356 33.355 33.288 33.272 33.293 33.305 33.278 33.256 33.215 33.22 33.187 33.179 33.127 33.105 33.085 33.099 33.082 33.074 33.095 33.086 33.066 33.043 33.026 33.028 33.848 38.085
44.791 46.477 47.085 46.996 45.997 42.005 41.207 41.054 41.104 41.06 41.012 40.952 41.121 37.078 33.656 33.659 33.818 33.878 34.229 34.804 34.243 34.281 34.11 33.958 33.809 33.753 33.662 33.771 34.025 35.787 35.195 33.731 33.722 33.73 33.694 33.732 33.625 33.597 33.581 33.528 33.454 33.458 33.468 33.454 33.395 33.42 33.36 33.284 33.39 34.23 34.003 33.267 33.252 33.235 33.236 33.197 33.209 33.189 33.135 33.155 33.136 33.114 33.096 33.082 33.071 33.045 33.054 33.065 33.023 33.001 33.122 36.619
45.88 46.862 46.882 46.819 43.12 41.291 41.087 41.105 41.084 41.036 41.492 39.978 38.331 34.451 33.591 33.665 33.784 33.87 34.033 34.318 34.313 34.291 34.173 33.988 33.829 33.821 33.709 33.874 36.418 36.224 35.711 34.145 33.738 33.728 33.704 33.74 33.642 33.572 33.549 33.54 33.545 33.492 33.429 33.437 33.4 33.362 33.366 33.341 33.366 34.839 33.812 33.288 33.3 33.234 33.22 33.206 33.199 33.221 33.19 33.153 33.133 33.125 33.122 33.1 33.104 33.053 33.058 33.048 33.008 33.14 33.301 33.175
46.096 46.49 45.357 43.966 41.602 41.193 41.179 41.1 41.027 41.053 41.755 39.439 35.74 34.405 33.765 33.582 33.634 33.826 33.932 34.346 34.407 34.265 34.238 33.999 33.92 33.83 33.707 33.87 35.478 36.114 35.623 33.975 33.813 33.716 33.734 33.729 33.683 33.591 33.57 33.489 33.489 33.527 33.505 33.446 33.416 33.407 33.381 33.358 33.5 33.405 33.375 33.286 33.251 33.251 33.245 33.188 33.2 33.2 33.164 33.167 33.189 33.113 33.09 33.114 33.069 33.084 33.014 33.049 33.019 33.192 33.415 32.948
46.187 46.198 43.131 41.234 41.235 41.193 41.115 41.066 41.638 40.713 39.874 38.768 36.279 35.141 34.378 33.601 33.726 33.81 33.916 34.335 34.348 34.366 34.26 34.019 33.935 33.878 33.795 34.036 36.335 35.871 34.296 33.768 33.752 33.724 33.676 33.652 33.665 33.593 33.572 33.591 33.504 33.474 33.445 33.43 33.41 33.422 33.434 34.776 33.759 33.402 33.387 33.266 33.247 33.225 33.232 33.204 33.232 33.222 33.202 33.181 33.17 33.162 33.135 33.127 33.13 33.052 33.174 33.08 33.139 32.994 32.953 32.944
44.138 42.334 41.407 41.303 41.236 41.217 41.054 40.971 40.465 39.218 38.366 37.985 35.391 35.808 35.525 33.723 33.656 33.797 33.889 34.193 34.393 34.356 34.278 34.026 34.04 33.865 33.893 33.98 35.322 35.292 33.838 33.757 33.821 34.231 33.749 33.663 33.611 33.619 33.553 33.565 33.507 33.487 33.428 33.439 33.417 33.395 33.416 33.517 33.493 33.656 33.308 33.28 33.341 33.244 33.262 33.224 33.206 33.242 33.2 33.179 33.202 33.162 33.16 33.157 33.096 33.194 34.295 33.37 32.98 32.982 33.001 33.024
41.373 41.348 41.296 41.269 41.171 41.022 40.773 40.171 39.233 38.467 37.595 36.453 35.163 35.817 35.259 33.837 33.638 33.803 33.895 34.06 34.322 34.531 34.16 34.018 34.018 33.898 33.941 33.937 34.781 35.577 33.821 33.769 33.837 33.911 33.706 33.655 33.642 33.599 33.583 33.563 34.517 33.802 33.454 33.384 33.406 33.401 33.413 33.512 34.072 33.56 33.354 33.244 33.262 33.572 33.266 33.226 33.239 33.22 33.24 33.219 33.205 33.148 33.115 33.228 34.914 33.275 33.288 33.104 33.042 33.03 33.02 32.983
41.4 41.327 41.312 41.328 41.074 40.869 39.864 39.286 38.387 38.137 37.018 35.807 34.665 35.678 35.756 34.201 33.679 33.756 33.862 34.005 34.596 35.65 34.135 34.058 33.994 33.932 33.947 33.863 34.795 35.423 34.198 33.75 33.775 33.776 33.694 33.706 33.658 33.604 33.654 34.197 33.984 33.461 33.439 33.417 33.451 33.618 33.377 33.394 33.391 33.451 33.718 33.888 34.534 33.426 33.297 33.223 33.223 33.248 33.236 33.188 33.205 33.21 34.28 34.131 33.05 33.036 33.053 33.081 33.047 33.003 32.972 32.935
41.413 41.305 41.364 41.007 40.738 39.837 38.874 38.332 37.786 37.734 37.995 35.546 34.897 35.8 35.61 34.777 33.604 33.733 33.905 34.002 34.339 34.342 34.171 34.105 34.006 34.007 34.002 33.861 33.887 35.119 35.489 33.935 33.729 33.784 33.731 33.685 33.652 33.633 33.646 33.544 33.503 33.516 33.518 33.662 34.575 33.7 33.377 33.39 33.482 34.475 33.707 33.43 33.327 33.255 33.205 33.247 33.251 33.242 33.183 33.206 34.205 33.216 34.763 33.06 33.012 33.051 33.044 33.069 33.054 32.995 32.934 33.616
41.351 41.248 40.976 40.199 39.797 38.668 38.12 38.024 37.456 38.485 35.965 35.253 36.877 36.092 35.809 34.2 33.615 33.744 33.863 33.973 34.41 34.318 34.205 34.09 34.003 33.976 34.081 33.845 33.842 34.831 35.761 34.27 33.785 33.768 33.818 33.668 34.043 33.658 33.643 33.583 33.533 34.054 34.919 33.625 33.456 33.406 33.401 33.403 33.373 33.412 33.393 33.418 33.351 33.314 33.26 33.271 33.268 33.288 34.268 33.085 33.376 35.871 34.918 34.163 33.064 33.03 33 33.003 33.061 32.989 32.955 33.26
41.227 40.79 40.439 39.254 38.512 37.757 37.633 37.473 36.719 35.611 35.257 34.615 34.807 35.3 34.854 33.891 33.692 33.819 33.874 33.983 34.45 34.307 34.219 34.14 34.016 34.06 34.135 33.897 33.82 34.186 36.034 35.92 33.843 33.735 33.785 34.368 34.241 33.735 33.599 33.559 33.569 33.669 33.471 33.533 34.017 34.427 33.427 33.436 33.408 33.42 33.396 33.403 33.346 33.396 33.302 33.299 33.675 33.181 33.219 35.866 36.992 37.013 34.787 33.034 32.985 32.997 33.427 32.968 33.953 33.933 33.065 35.673
41.054 40.194 39.154 38.641 38.099 37.595 38.126 36.214 35.284 36.23 36.707 34.695 34.937 35.015 34.297 33.93 33.706 33.756 33.904 34.077 34.276 34.292 34.216 34.116 34.135 34.112 34.171 33.892 33.853 33.851 34.915 35.406 33.97 33.693 33.778 33.678 33.643 33.603 33.588 33.602 33.521 33.547 33.518 33.469 33.651 33.469 33.453 33.46 33.409 33.435 34.159 33.381 33.355 33.407 34.295 33.237 33.343 33.063 35.774 36.52 36.748 34.126 32.976 32.917 33.003 32.942 33.171 33.539 33.597 34.391 43.49 47.451
39.993 39.006 39.312 38.21 37.491 37.065 35.68 36.252 35.506 36.188 36.067 34.683 35.247 34.685 34.196 33.922 33.789 33.842 33.987 34.107 34.349 34.325 34.212 34.166 34.172 34.219 34.284 33.913 33.848 33.771 33.786 34.175 34.035 33.713 33.675 33.751 33.64 33.594 33.543 33.604 33.524 33.493 33.469 33.491 33.433 33.422 33.426 33.435 34.198 33.74 34.773 33.401 34.334 34.956 33.364 33.03 33.081 32.993 32.988 33.015 32.974 32.999 32.913 32.946 33.787 33.018 33.3 34.145 40.876 47.293 47.171 47.115
