dsm/se2831_DSM_2M.asc
ncols 500
nrows 500
xllcorner    428000
yllcorner    431000
cellsize     2
NODATA_value -9999
[rows 224 to 255 of 500, columns 216 to 287 of 500]
37.456 37.445 37.431 37.423 37.391 37.441 37.408 37.41 37.383 37.384 37.389 37.374 37.377 37.376 37.355 37.339 37.36 37.331 37.35 37.371 37.318 37.301 37.298 37.317 37.318 37.329 37.349 38.047 37.928 37.588 37.52 37.438 37.428 37.387 37.398 37.391 37.378 37.383 37.388 37.371 37.283 37.296 37.363 37.491 38.905 37.658 37.669 37.738 37.823 37.842 37.905 37.969 37.929 37.998 37.977 38.003 37.994 38.054 38.029 38.08 38.029 37.939 37.843 37.791 37.713 37.628 37.487 37.377 37.174 37.061 36.944 36.814
37.363 37.374 37.391 37.348 37.353 37.352 37.346 37.357 37.369 37.336 37.335 37.317 37.286 37.319 37.301 37.299 37.294 37.294 37.262 37.274 37.261 37.237 37.253 37.254 37.248 37.27 37.269 37.282 37.293 37.328 37.615 37.756 37.322 37.295 37.308 37.348 37.357 37.371 37.389 37.315 37.293 37.341 37.22 37.328 37.42 37.674 37.465 37.588 37.604 37.67 37.74 37.728 37.801 37.8 37.715 37.773 37.778 37.804 37.746 37.806 37.691 37.684 37.581 37.547 37.466 37.37 37.288 37.099 36.963 36.884 36.718 36.632
37.28 37.268 37.265 37.291 37.269 37.278 37.263 37.302 37.287 37.255 37.275 37.251 37.247 37.262 37.246 37.223 37.242 37.229 37.248 37.205 37.224 37.202 37.196 37.209 37.206 37.196 37.227 37.241 37.207 37.237 37.23 38.257 37.26 37.225 37.286 37.329 37.34 37.359 37.343 37.412 37.347 37.338 37.335 37.273 37.233 37.303 37.344 37.411 37.497 37.537 37.571 37.586 37.626 37.638 37.548 37.586 37.542 37.568 37.54 37.591 37.508 37.479 37.38 37.249 37.184 37.138 37.048 36.966 36.781 36.671 36.544 36.508
37.275 37.236 37.179 37.211 37.19 37.214 37.237 37.216 37.223 37.219 37.204 37.201 37.232 37.217 37.182 37.171 37.193 37.19 37.195 37.161 37.145 37.161 37.122 37.144 37.17 37.144 37.153 37.179 37.178 37.167 37.192 37.249 37.585 37.205 37.233 37.359 37.344 37.36 37.336 37.334 37.366 37.347 37.366 37.312 37.266 37.235 37.204 37.318 37.376 37.388 37.389 37.409 37.376 37.41 37.384 37.368 37.352 37.336 37.325 37.357 37.314 37.267 37.186 37.081 37.009 36.931 36.854 36.741 36.58 36.547 36.46 36.474
37.249 37.18 37.21 37.146 37.163 37.123 37.159 37.149 37.172 37.164 37.136 37.134 37.131 37.136 37.134 37.139 37.136 37.147 37.125 37.097 37.13 37.124 37.067 37.116 37.109 37.103 37.121 37.168 37.148 37.096 37.126 37.118 37.93 37.732 37.361 38.209 37.464 37.398 37.369 37.339 37.388 37.31 37.31 37.348 37.337 37.3 37.271 37.217 37.155 37.181 37.292 37.269 37.281 37.241 37.178 37.154 37.214 37.204 37.162 37.127 37.039 37.003 36.933 36.892 36.817 36.762 36.662 36.653 36.525 36.552 36.547 36.521
37.26 37.225 37.195 37.159 37.179 37.141 37.097 37.064 37.08 37.066 37.103 37.064 37.072 37.081 37.084 37.081 37.091 37.098 37.085 37.059 37.05 37.032 37.006 37.048 37.054 37.082 37.074 37.07 37.049 37.092 37.097 37.114 37.143 37.121 37.131 37.178 37.395 37.766 37.49 37.437 37.364 37.334 37.327 37.383 37.333 37.327 37.301 37.26 37.231 37.16 37.162 37.15 37.128 37.153 37.174 37.16 37.114 37.081 37.027 37.001 36.988 36.876 36.841 36.767 36.671 37.01 36.664 37 36.6 36.614 36.599 36.599
37.284 37.214 37.199 37.166 37.104 37.109 37.07 37.024 37.025 37.048 37.046 37.032 37.019 37.008 37.036 37.034 37.044 36.997 37.028 37.013 37.027 37.008 37.011 36.987 37.005 37.014 37.037 37.046 37.036 37.03 37.032 37.084 37.084 37.049 37.064 37.096 37.114 37.167 37.438 37.62 37.485 37.371 37.351 37.332 37.336 37.368 37.32 37.27 37.255 37.242 37.2 37.184 37.129 37.071 37.03 37.012 36.99 36.937 36.917 36.855 36.826 36.813 36.741 36.743 36.71 36.684 36.681 36.616 36.593 36.695 36.634 36.612
37.334 37.27 37.228 37.204 37.152 37.097 37.04 37.031 37.054 36.988 36.99 36.988 36.958 36.982 36.997 36.966 36.982 36.981 36.972 36.946 36.958 36.933 36.942 36.957 36.966 36.974 36.968 36.97 36.978 37.011 36.992 37.009 37.024 37.041 37.014 37.037 37.062 37.06 37.094 37.353 37.614 37.811 37.424 37.323 37.339 37.389 37.384 37.337 37.315 37.307 37.273 37.242 37.138 37.113 37.069 37.08 37.026 37.028 36.973 36.936 36.88 36.892 36.811 36.839 36.761 36.735 36.727 36.768 36.708 36.72 36.691 36.683
37.491 37.76 37.299 37.205 37.159 37.129 37.078 37.055 37.017 36.991 37.004 36.954 36.934 36.945 36.919 36.938 36.928 36.915 36.902 36.891 36.909 36.927 36.87 36.9 36.911 36.918 36.892 36.921 36.94 36.953 36.945 36.971 36.959 36.967 36.988 37.005 36.979 37.037 37.045 37.075 37.233 37.616 37.56 37.416 37.276 37.329 37.284 37.368 37.364 37.336 37.314 37.258 37.196 37.169 37.177 37.116 37.063 37.048 37.027 36.977 36.977 36.934 36.9 36.851 36.87 36.839 36.807 36.796 36.787 36.848 36.791 36.696
37.484 37.483 37.56 37.363 37.234 37.164 37.111 37.073 37.034 36.965 36.965 36.937 36.951 36.902 36.884 36.864 36.872 36.865 36.861 36.855 36.873 36.865 36.841 36.87 36.871 36.848 36.848 36.878 36.859 36.929 36.911 36.906 36.918 36.945 36.959 36.923 36.952 36.961 36.974 37.005 37.028 37.149 38.376 37.614 37.483 37.437 37.307 37.3 37.316 37.331 37.341 37.344 37.362 37.248 37.206 37.184 37.128 37.081 37.104 37.045 37.034 36.989 36.979 36.98 36.928 36.93 37.029 36.969 36.926 36.933 36.79 36.665
37.446 37.458 37.45 37.432 37.427 37.684 37.18 37.118 37.055 37.037 36.983 36.957 36.921 36.896 36.925 36.866 36.831 36.843 36.807 36.817 36.821 36.829 36.827 36.802 36.797 36.814 36.82 36.841 36.854 36.837 36.842 36.848 36.864 36.87 36.89 36.881 36.87 36.902 36.943 36.966 36.954 36.989 37.16 37.606 40.982 40.549 37.614 37.214 37.233 37.275 37.314 37.347 37.723 37.485 37.441 37.409 37.299 37.304 37.152 37.192 37.184 37.229 37.15 37.188 37.137 37.139 37.087 37.05 36.977 36.867 36.727 36.686
37.267 37.377 37.495 37.406 37.408 37.345 37.432 37.368 37.108 37.069 37.018 36.989 36.944 36.888 36.859 36.851 36.829 36.763 36.752 36.774 36.765 36.79 36.791 36.766 36.757 36.768 36.792 36.765 36.798 36.774 36.807 36.809 36.806 36.819 36.855 36.829 36.823 36.842 36.87 36.896 36.905 36.915 36.944 39.808 41.356 41.804 39.499 37.276 37.197 37.216 37.249 37.288 37.474 37.53 37.518 37.539 37.538 37.522 37.48 37.4 37.415 37.384 37.354 37.309 37.243 37.178 37.188 37.088 37.004 36.804 36.763 36.711
37.249 37.246 37.379 37.349 37.386 37.371 37.363 37.328 37.25 37.18 37.109 37.045 37.004 36.928 36.907 36.878 36.833 36.781 36.785 36.811 36.726 36.704 36.722 36.707 36.722 36.709 36.719 36.712 36.76 36.717 36.739 36.747 36.758 36.763 36.755 36.772 36.796 36.805 36.794 36.781 36.806 36.849 36.902 38.38 39.87 41.732 40.695 37.743 37.196 37.188 37.244 37.229 37.325 37.527 37.589 37.598 37.599 37.612 37.602 37.594 37.524 37.51 37.424 37.423 37.372 37.31 37.237 37.12 36.982 36.828 36.785 36.69
37.136 37.149 37.176 37.184 37.18 37.276 37.342 37.333 37.307 37.282 37.658 37.217 37.032 37.011 36.931 36.9 36.865 36.84 36.789 36.774 36.768 36.757 36.682 36.686 36.681 36.68 36.681 36.686 36.662 36.677 36.674 36.69 36.684 36.698 36.7 36.689 36.71 36.693 36.751 36.726 36.744 36.782 36.872 36.869 39.688 41.186 40.928 38.829 37.277 37.175 37.191 37.2 37.22 37.345 37.565 37.604 37.607 37.689 37.718 37.731 37.686 37.68 37.614 37.577 37.535 37.433 37.356 37.133 36.914 36.812 36.816 36.775
37.088 37.109 37.119 37.109 37.129 37.126 37.125 37.258 37.29 37.292 37.254 37.251 37.544 37.129 36.988 36.95 36.907 36.861 36.807 36.808 36.761 36.728 36.684 36.671 36.636 36.654 36.638 36.607 36.635 36.632 36.621 36.634 36.634 36.637 36.631 36.645 36.658 36.655 36.682 36.708 36.717 36.729 36.778 36.841 36.931 40.664 41.389 40.369 37.418 37.231 37.113 37.162 37.239 37.245 37.466 37.627 37.733 37.81 37.811 37.906 37.862 37.845 37.911 37.897 37.7 37.476 37.391 37.205 37.005 36.875 36.819 36.757
37.459 37.1 37.078 37.085 37.074 37.1 37.073 37.095 37.149 37.298 37.241 37.227 37.213 37.228 37.189 37.103 37.016 36.896 36.857 36.808 36.763 36.76 36.733 36.689 36.674 36.626 36.646 36.594 36.581 36.581 36.561 36.547 36.524 36.582 36.572 36.594 36.581 36.635 36.623 36.651 36.663 36.7 36.754 36.793 36.845 37.706 41.033 40.801 38.366 37.33 37.169 37.098 37.183 37.253 37.291 37.541 37.724 37.882 37.959 38.073 38.039 38.125 38.18 38.165 37.975 37.557 37.424 37.247 36.991 36.908 36.827 36.847
37.26 37.412 37.117 37.001 37.016 37.022 37.049 37.07 37.041 37.069 37.021 37.173 37.225 37.241 37.21 37.187 37.143 37.051 36.905 36.844 36.829 36.798 36.739 36.746 36.669 36.632 36.602 36.609 36.651 36.659 36.557 36.505 36.522 36.606 36.596 36.644 36.689 36.672 36.691 36.669 36.641 36.664 36.699 36.79 36.821 36.904 39.78 40.66 39.694 37.429 37.265 37.089 37.139 37.238 37.268 37.381 37.682 37.808 37.983 38.115 38.205 38.316 38.418 38.291 37.992 37.642 37.462 37.212 37.049 36.953 36.868 36.918
37.302 37.239 37.214 37.382 37.231 37.003 36.981 36.99 36.996 36.988 36.942 37.033 36.983 37.081 37.197 37.205 37.157 37.159 37.119 37.057 36.993 36.87 36.81 36.761 36.733 36.697 36.662 36.624 36.589 36.563 36.586 36.602 36.582 36.633 36.614 36.665 36.71 36.742 36.68 36.649 36.641 36.658 36.716 36.77 36.817 36.852 39.976 40.815 38.89 37.333 37.307 37.17 37.12 37.231 37.274 37.367 37.587 37.762 37.997 38.17 38.299 38.361 38.441 38.333 37.982 37.698 37.465 37.219 37.024 36.978 36.97 37.004
37.365 37.295 37.26 37.363 37.183 37.098 37.078 36.983 36.943 36.972 36.952 36.961 36.963 36.963 36.999 37.031 37.15 37.144 37.132 37.209 37.112 37.105 36.957 36.846 36.742 36.723 36.692 36.702 36.65 36.601 36.57 36.545 36.523 36.585 36.597 36.669 36.684 36.698 36.711 36.672 36.627 36.626 36.696 36.771 36.821 39.125 40.83 41.993 41.593 37.629 37.358 37.256 37.132 37.136 37.206 37.274 37.424 37.704 37.895 38.161 38.262 38.399 38.436 38.371 38.051 37.733 37.488 37.188 37.086 37.043 36.986 37.04
37.746 37.992 37.324 37.311 37.239 37.2 37.139 37.122 36.984 36.913 36.882 36.912 36.927 36.927 36.92 36.929 36.925 36.988 37.101 37.172 37.123 37.065 37.054 36.961 36.905 36.88 36.763 36.675 36.652 36.591 36.623 36.613 36.576 36.558 36.54 36.506 36.655 36.632 36.671 36.618 36.6 36.647 36.69 36.75 36.785 37.087 41.727 42.628 42.721 39.601 37.985 37.282 37.198 37.133 37.208 37.252 37.364 37.633 37.809 38.08 38.268 38.385 38.445 38.368 38.012 37.766 37.511 37.217 37.155 37.087 37.056 37.18
38.234 37.673 37.788 37.906 37.306 37.26 37.188 37.149 37.119 37.054 37.114 36.811 36.833 36.849 36.883 36.869 36.897 36.884 36.905 37.005 37.13 37.118 37.139 37.05 36.954 36.946 36.922 36.85 36.826 36.708 36.642 36.621 36.612 36.593 36.591 36.619 36.619 36.548 36.594 36.62 36.651 36.712 36.744 36.785 36.798 39.795 41.017 41.862 42.708 43.047 37.583 37.337 37.223 37.149 37.171 37.287 37.368 37.621 37.774 37.983 38.191 38.339 38.446 38.311 38.006 37.753 37.561 37.259 37.212 37.144 37.104 37.274
39.911 37.834 37.649 37.644 37.839 37.926 37.25 37.243 37.142 37.098 37.058 37.179 37.121 36.854 36.894 36.83 36.874 36.906 36.854 36.914 36.93 36.96 37.007 37.096 37.115 37.044 37.011 36.943 36.904 36.807 36.774 36.796 36.684 36.682 36.651 36.619 36.652 36.685 36.693 36.692 36.704 36.792 36.814 36.839 36.842 38.799 41.494 41.234 42.64 41.853 38.121 38.162 37.306 37.187 37.174 37.267 37.356 37.574 37.703 37.891 38.097 38.352 38.402 38.338 38.007 37.744 37.499 37.299 37.273 37.229 37.156 37.339
38.258 38.477 37.697 37.713 37.68 37.663 37.744 37.379 37.579 37.175 37.1 37.139 37.05 37.038 37.297 36.891 36.807 36.827 36.854 36.89 36.902 36.892 36.94 36.94 36.976 37.062 37.063 37.053 36.995 36.951 36.887 36.893 36.786 36.805 36.751 36.727 36.725 36.744 36.741 36.755 36.784 36.852 36.864 36.883 36.884 37.602 41.286 42.909 42.562 40.969 42.813 41.679 38.282 37.221 37.191 37.265 37.345 37.418 37.669 37.786 37.967 38.188 38.408 38.327 38.08 37.767 37.644 37.404 37.239 37.304 37.286 37.416
37.731 37.756 37.743 37.73 37.701 37.685 37.676 37.682 37.982 37.623 37.323 37.098 37.108 37.077 37.074 36.949 36.926 36.899 36.834 36.832 36.841 36.898 36.914 36.912 36.905 36.932 36.906 36.915 36.995 36.939 36.918 36.881 36.9 36.847 36.894 36.934 36.886 36.847 36.793 36.859 36.864 36.901 36.92 36.908 36.981 37.631 40.758 42.334 43.996 43.745 44.44 43.957 41.754 37.398 37.183 37.295 37.386 37.454 37.55 37.753 37.898 38.173 38.336 38.286 38.047 37.863 37.624 37.395 37.321 37.305 37.267 37.459
37.781 37.781 37.759 37.8 37.704 37.69 37.705 37.658 37.648 37.639 37.625 37.484 37.472 37.12 37.111 37.019 36.994 36.966 36.914 36.903 36.893 36.866 36.875 36.873 36.884 36.91 36.878 36.887 36.872 36.864 36.862 36.93 36.89 36.895 36.901 36.925 36.918 36.946 36.882 36.899 36.907 36.95 36.929 36.922 36.991 38.389 40.981 43.427 41.028 44.055 44.372 44.308 42.203 37.619 37.219 37.28 37.354 37.48 37.559 37.699 37.844 38.091 38.26 38.297 38.06 37.879 37.552 37.426 37.386 37.372 37.309 37.511
37.794 37.824 37.766 37.802 37.756 37.762 37.702 37.682 37.655 37.654 37.677 37.656 37.602 37.72 37.505 37.528 37.13 37.015 37.031 37.01 36.996 36.993 36.948 36.857 36.847 36.887 36.883 36.899 36.889 36.892 36.849 36.792 36.826 36.86 36.88 36.884 36.882 36.876 36.908 36.935 36.958 36.986 36.938 36.919 37.064 37.539 40.925 41.921 42.881 43.209 43.486 42.76 38.809 37.327 37.167 37.295 37.381 37.53 37.573 37.603 37.79 37.929 38.196 38.233 38.108 37.879 37.659 37.432 37.459 37.432 37.392 37.552
37.81 37.774 37.795 37.793 37.78 37.757 37.757 37.707 37.687 37.685 37.664 37.623 37.633 37.627 37.595 37.565 37.541 37.503 37.584 37.077 37.056 36.967 37.031 36.996 36.983 36.947 36.898 36.903 36.955 36.939 36.907 36.88 36.928 36.89 36.876 36.904 36.888 36.961 36.996 37.017 37.021 37.006 36.947 36.91 37.016 37.202 41.04 41.721 42.454 44.008 43.135 39.571 37.667 37.268 37.231 37.321 37.434 37.493 37.549 37.603 37.748 37.884 38.037 38.207 38.065 37.904 37.67 37.535 37.516 37.534 37.441 37.587
37.81 37.834 37.799 37.812 37.778 37.714 37.675 37.711 37.744 37.702 37.662 37.671 37.665 37.643 37.639 37.638 37.649 37.608 37.581 37.641 37.758 39.087 39.287 39.863 40.091 37.142 37.041 37.054 36.955 36.946 36.969 36.909 36.932 36.943 36.986 36.951 36.974 36.993 37.029 37.067 37.077 37.06 37.016 36.916 37.013 38.417 40.502 41.323 43.32 45.276 43.757 38.788 37.373 37.244 37.226 37.304 37.418 37.479 37.613 37.712 37.621 37.803 37.941 38.069 38.021 37.951 37.75 37.545 37.566 37.54 37.49 37.639
37.856 37.807 37.805 37.795 37.744 37.719 37.697 37.717 37.652 37.679 37.682 37.708 37.688 37.652 37.63 37.63 37.644 37.669 37.655 37.691 37.698 39.829 41.418 44.076 43.353 41.122 40.529 38.63 37.158 37.107 37.074 37.046 36.962 37.015 37.002 36.981 37.04 37.01 37.093 37.097 37.101 37.085 37.053 37 37.026 37.116 40.665 41.927 42.485 42.68 41.519 38.265 37.307 37.175 37.246 37.378 37.474 37.523 37.6 37.692 37.718 37.666 37.826 37.987 37.919 37.892 37.707 37.611 37.645 37.588 37.57 37.575
37.831 37.857 37.806 37.77 37.743 37.744 37.706 37.702 37.684 37.703 37.722 37.655 37.651 37.676 37.691 37.672 37.677 37.652 37.866 39.867 40.11 39.835 40.909 41.759 41.765 41.051 40.76 38.851 38.398 38.372 38.967 40.865 37.232 37.111 37.114 37.051 37.03 37.061 37.08 37.097 37.093 37.097 37.102 37.04 36.984 37.032 40.064 41.524 41.364 39.573 38.386 37.272 37.125 37.181 37.258 37.388 37.484 37.555 37.638 37.85 37.775 37.738 37.726 37.866 37.945 37.951 37.806 37.653 37.686 37.659 37.646 37.616
37.836 37.768 37.823 37.766 37.743 37.73 37.745 37.686 37.687 37.705 37.692 37.659 37.675 37.702 37.68 37.666 37.661 37.758 41.912 43.598 41.712 39.205 39.234 40.719 41.253 42.308 40.464 40.567 40.153 39.84 42.332 42.027 41.151 38.948 37.477 37.253 37.197 37.08 37.083 37.109 37.114 37.13 37.067 37.102 37.075 37.044 38.157 40.189 40.239 37.396 37.187 37.169 37.174 37.207 37.303 37.47 37.528 37.627 37.71 37.794 37.905 37.831 37.799 37.758 37.902 37.914 37.778 37.643 37.745 37.727 37.728 37.663
37.848 37.773 37.817 37.701 37.756 37.715 37.702 37.667 37.707 37.693 37.688 37.715 37.694 37.687 37.716 37.713 38.253 40.054 41.414 42.063 41.232 37.604 37.327 37.7 40.635 41.175 41.669 40.422 40.891 40.407 40.698 43.089 40.958 40.303 39.294 38.984 38.54 38.198 37.299 37.238 37.182 37.13 37.103 37.125 37.115 37.093 37.053 37.115 37.333 37.099 37.145 37.168 37.205 37.328 37.393 37.516 37.543 37.642 37.765 37.85 38.055 38.013 37.831 37.815 37.784 37.899 37.835 37.722 37.78 37.821 37.8 37.781
