dsm/se2838_DSM_2M.asc
ncols 500
nrows 500
xllcorner    428000
yllcorner    438000
cellsize     2
NODATA_value -9999
[rows 217 to 247 of 500, columns 345 to 413 of 500]
106.554 107.293 107.142 100.601 104.504 99.913 98.519 98.881 97.845 97.98 99.349 97.632 97.643 97.663 97.691 97.745 97.818 97.902 97.951 97.972 98.02 98.147 98.206 98.225 98.357 98.374 98.445 98.676 98.83 98.825 98.847 98.945 99.03 99.131 99.056 99.247 99.291 99.177 99.227 99.293 99.378 99.412 99.498 99.572 99.587 99.63 99.673 99.759 99.807 99.856 99.956 100.018 100.072 100.224 100.399 100.548 100.719 100.816 100.943 101.015 101.161 101.26 101.379 101.496 101.593 101.755 101.811 101.945 102.204
107.902 107.822 107.621 107.974 105.381 102.005 98.676 99.075 98.074 97.847 98.502 98.01 97.941 97.813 97.773 97.82 97.823 97.873 97.921 97.974 98.022 98.126 98.17 98.227 98.339 98.288 98.41 98.407 98.544 98.644 98.778 98.994 99.061 99.07 99.152 99.312 99.369 99.373 99.547 99.574 99.407 99.47 99.519 99.59 99.643 99.701 99.793 99.817 99.87 99.922 99.969 100.019 100.072 100.11 100.203 100.3 100.516 100.634 100.728 100.844 100.964 101.047 101.195 101.278 101.333 101.43 101.567 101.66 101.769
107.744 108.291 108.073 106.272 106.126 100.759 101.224 98.338 98.272 99.139 98.846 98.372 98.05 98.077 98.062 98.065 97.913 97.948 97.965 98.067 98.055 98.105 98.152 98.375 98.288 98.343 98.431 98.491 98.543 98.601 98.658 98.676 98.908 98.903 99.111 99.239 99.346 99.416 99.507 99.598 99.666 99.78 99.713 99.728 99.765 99.749 99.792 99.897 99.946 99.955 100.041 100.103 100.156 100.183 100.28 100.291 100.337 100.419 100.54 100.713 100.828 100.958 101.02 101.084 101.146 101.245 101.349 101.454 101.541
107.083 106.392 107.819 106.813 106.912 102.761 101.563 98.721 98.668 99.687 99.607 98.635 98.363 98.219 98.041 98.025 97.951 98.078 98.091 98.007 98.078 101.466 103.494 104.785 98.816 98.587 98.457 98.509 98.557 98.638 98.7 98.729 98.8 98.793 98.908 98.948 99.084 99.294 99.428 99.583 99.646 99.703 99.772 99.867 99.971 100.004 100.008 99.958 99.972 100.005 100.103 100.184 100.198 100.253 100.286 100.373 100.404 100.457 100.479 100.56 100.643 100.697 100.878 100.972 101.043 101.143 101.246 101.302 101.367
104.344 107.483 108.031 109.883 109.613 103.457 102.834 99.107 99.619 100.274 100.253 99.782 99.333 99.175 98.318 98.154 98.034 97.941 97.926 98.626 104.572 105.84 106.849 107.631 108.319 107.839 98.62 98.59 98.571 98.66 98.729 98.816 98.83 98.906 98.964 98.934 98.99 99.061 99.171 99.287 99.514 99.6 99.73 99.819 99.964 100.054 100.128 100.201 100.263 100.309 100.317 100.212 100.257 100.304 100.35 100.453 100.497 100.54 100.65 100.666 100.693 100.739 100.792 100.867 100.962 100.986 101.122 101.201 101.295
104.179 108.056 109.399 110.735 111.28 106.07 102.412 99.917 99.281 100.088 101.793 100.456 100.478 100.253 99.707 98.674 98.252 98.105 97.984 98.05 105.93 106.607 108.104 108.644 109.191 108.243 101.488 98.606 98.774 98.787 98.801 98.809 98.857 98.895 99.007 99.033 99.134 99.127 99.183 99.228 99.288 99.368 99.395 99.559 99.782 99.922 100.099 100.129 100.266 100.332 100.452 100.505 100.579 100.552 100.648 100.598 100.597 100.619 100.639 100.724 100.793 100.828 100.867 100.918 100.997 101.029 101.049 101.141 101.18
105.172 107.143 109.728 109.544 109.807 105.116 102.7 101.193 99.352 104.298 103.75 103.174 100.881 100.934 100.554 99.665 98.572 98.317 98.125 98.207 105.919 108.063 108.959 109.186 109.123 108.781 105.065 101.573 99.429 98.713 98.743 99.008 99.028 99.113 99.078 99.062 99.093 99.165 99.23 99.315 99.322 99.408 99.411 99.505 99.529 99.577 99.809 99.955 100.101 100.258 100.342 100.482 100.585 100.66 100.658 100.761 100.809 100.87 100.899 100.811 100.889 100.865 100.97 101.028 101.094 101.157 101.172 101.22 101.281
103.419 104.206 106.236 106.977 106.55 104.929 101.05 100.825 101.968 110.076 110.61 100.48 99.445 99.643 100.055 99.798 98.91 98.576 98.35 98.225 104.03 107.627 109.734 110.029 109.57 109.504 108.39 100.859 105.824 104.564 99.015 101.086 103.841 103.245 100.106 100.025 99.336 99.397 99.312 99.345 99.396 99.487 99.484 99.532 99.617 99.622 99.695 99.756 99.839 99.963 99.993 100.311 100.458 100.572 100.611 100.683 100.821 100.847 101.045 101.023 101.121 101.197 101.187 101.07 101.135 101.186 101.258 101.305 101.349
107.132 106.991 106.061 106.549 102.41 104.002 100.444 101.025 105.872 108.405 112.414 104.823 100.593 100.54 100.309 99.758 99.248 98.756 98.639 99.29 99.633 107.137 109.399 110.098 109.18 108.917 100.848 110.438 110.211 106.949 98.408 102.015 104.363 104.789 104.086 106.463 108.455 105.009 99.604 99.387 99.422 99.54 99.591 99.645 99.679 99.759 99.76 99.847 99.797 99.89 99.908 99.978 100.031 100.198 100.406 100.584 100.704 100.799 100.885 100.946 101.038 101.186 101.182 101.297 101.606 101.502 101.42 101.586 101.469
111.543 106.119 111.934 111.241 109.468 101.697 101.672 100.952 107.458 111.832 112.38 103.039 100.895 101.477 101.047 99.968 99.396 99.099 98.949 99.545 98.555 106.575 107.573 106.837 106.833 108.565 108.493 110.645 110.549 109.357 98.76 100.058 103.761 102.517 104.888 108.989 110.023 109.14 102.859 99.499 99.475 99.554 99.649 99.716 99.783 99.797 99.854 99.836 99.974 99.953 100.045 100.074 100.116 100.161 100.185 100.224 100.381 100.582 100.804 100.888 100.978 101.09 101.115 101.241 101.3 101.303 101.432 101.63 101.669
113.623 113.908 112.4 108.949 111.112 108.559 103.424 104.201 100.583 107.488 102.835 101.644 101.143 101.48 101.085 100.175 99.71 99.477 99.248 99.427 101.67 105.428 104.19 105.264 107.889 108.804 108.179 108.792 108.943 106.163 99.629 101.057 100.612 100.26 104.676 108.225 109.67 108.516 102.965 100.007 99.54 101.182 99.656 99.697 99.799 99.856 99.907 99.982 100.033 100.023 100.085 100.176 100.244 100.277 100.26 100.399 100.389 100.513 100.499 100.595 100.719 100.846 101.085 101.143 101.261 101.313 101.443 101.55 101.666
114.409 114.594 110.338 103.999 105.396 106.95 105.497 106.489 101.386 102.341 101.029 100.647 100.652 100.787 100.878 100.308 100.018 99.82 99.7 99.419 100.504 103.292 104.649 105.154 107.316 107.906 107.596 106.115 103.472 101.733 98.96 98.536 98.598 98.612 102.813 105.906 106.38 104.297 100.47 108.523 99.876 99.637 99.708 99.764 99.776 99.888 99.929 100.012 100.081 100.158 100.202 100.258 100.295 100.351 100.394 100.452 100.55 100.543 100.656 100.61 100.639 100.711 100.766 100.857 100.941 101.243 101.312 101.402 101.536
107.3 114.294 112.956 113.796 112.247 109.459 108.532 109.23 106.308 101.095 100.615 100.674 100.726 100.633 100.538 100.667 100.284 100.105 99.888 99.718 99.521 99.952 100.533 104.242 105.279 105.144 105.161 102.116 99.147 98.849 98.924 98.985 98.966 98.978 99.161 100.231 99.22 100.236 108.402 111.475 109.037 99.865 106.214 105.737 100.139 99.978 102.867 100.688 100.106 100.17 100.226 100.324 100.394 100.453 100.489 100.512 100.565 100.62 100.704 100.694 100.77 100.88 100.84 100.936 100.962 100.969 101.044 101.175 101.306
113.953 112.538 113.429 112.909 108.211 108.041 109.537 110.048 108.625 102.943 100.824 100.817 100.803 100.765 100.856 100.874 100.67 100.388 100.167 100.006 99.813 99.582 99.447 99.335 101.611 101.927 100.467 99.076 99.067 99.235 99.27 99.304 99.322 99.49 99.609 99.631 100.281 107.5 113.29 113.792 114.178 110.612 109.238 108.843 108.723 106.516 105.452 104.211 100.772 100.397 100.222 100.389 100.472 100.569 100.616 100.745 100.732 100.87 100.774 100.816 100.841 100.94 100.974 100.978 101.052 101.105 101.125 101.189 101.274
111.937 113.456 112.428 110.951 108.169 107.209 108.338 108.988 107.715 104.198 101.156 100.898 100.918 100.964 100.819 100.828 100.831 100.519 100.369 100.27 100.164 99.864 99.733 99.597 99.453 99.355 99.371 99.235 99.185 99.625 99.655 99.503 99.543 99.686 99.919 99.874 104.553 112.048 112.148 113.963 114.938 115.039 114.196 108.45 108.668 106.883 108.033 105.307 101.481 103.502 100.634 100.635 100.409 100.463 100.486 100.618 100.763 100.815 100.778 101.139 101.223 101.189 101.206 102.251 104.836 102.226 101.195 101.321 101.341
112.538 113.703 113.416 111.809 107.857 103.512 102.897 108.631 108.306 110.214 104.908 101.286 101.133 101.081 100.951 100.932 101.057 100.839 100.642 100.585 100.537 100.281 99.951 99.92 100.268 107.548 106.782 106.974 107.036 108.429 107.03 101.61 99.798 99.963 100.119 100.261 101.032 107.928 108.835 109.252 111.408 113.496 103.615 103.376 106.353 102.794 105.205 102.498 100.747 102.152 100.898 102.009 101.329 101.573 101.63 100.642 102.729 103.857 108.856 111.819 107.202 107.125 107.862 111.858 113.095 113.097 108.685 101.572 101.451
112.14 113.277 113.403 109.046 107.916 101.825 101.44 107.062 109.41 111.146 107.328 104.354 101.444 101.299 101.202 101.198 101.094 101.102 100.87 100.823 100.879 100.595 100.338 100.403 109.108 110.364 111.026 111.145 110.007 109.412 107.789 109.631 102.618 101.112 100.233 100.33 100.277 104.782 102.481 107.808 109.66 106.007 100.819 100.728 100.764 101.366 101.402 101.342 101.089 101.146 101.398 103.094 102.589 102.507 102.807 101.081 108.43 111.105 111.465 114.519 114.266 114.219 112.386 112.922 114.339 115.158 113.628 104.231 101.636
111.39 111.69 112.394 108.59 105.402 102.347 103.802 105.227 109.842 106.476 109.582 102.295 101.535 101.501 101.341 101.369 101.245 101.311 101.187 101.025 100.997 101.003 100.83 100.603 106.76 103.852 110.895 111.694 112.365 110.537 102.389 110.885 108.589 104.535 100.665 100.638 107.776 110.792 107.984 101.543 104.139 102.187 100.902 100.829 100.894 101.326 101.204 101.258 101.305 101.356 101.814 103.204 102.863 102.53 103.969 104.56 111.523 111.519 113.491 116.101 116.162 115.437 114.255 111.986 114.515 115.648 114.339 105.977 101.412
106.023 107.318 106.878 102.98 102.467 108.852 109.2 109.591 102.006 107.59 109.655 108.211 103.251 101.705 101.594 101.724 101.608 101.498 101.568 101.336 101.305 101.272 101.113 103.195 106.604 108.885 104.159 111.459 112.373 105.658 109.696 111.326 112.407 111.018 102.184 100.78 102.878 105.707 103.291 111.532 106.684 101.791 101.071 101.314 107.945 102.317 101.463 101.491 101.548 101.499 102.661 102.209 101.914 102.704 105.073 109.713 112.078 113.461 114.494 116.182 116.553 116.226 114.506 113.458 113.985 115.633 115.368 105.949 101.431
102.382 102.573 103.282 102.648 102.647 109.413 111.948 111.539 103.619 102.082 105.593 105.015 102.323 101.888 101.868 101.86 101.904 101.877 101.799 101.606 101.548 101.485 101.532 106.684 112.538 107.587 105.705 111.121 112.739 110.346 111.751 112.12 112.364 111.149 107.813 101.72 101.05 103.606 101.974 111.7 110.371 105.557 101.315 107.632 112.434 112.618 109.525 103.113 102.045 102.047 102.252 102.231 102.022 103.329 109.094 112.269 114.867 116.294 115.195 115.442 115.684 115.731 113.763 110.68 114.579 113.867 112.377 106.184 103.892
102.588 102.59 103.019 103.071 102.733 105.719 110.278 105.324 108.422 104.358 105.674 102.275 102.279 102.318 102.19 102.099 102.092 102.112 101.992 101.761 101.853 101.839 101.751 102.304 111.477 112.828 110.358 112.097 112.921 111.745 112.088 107.057 110.29 109.791 104.122 101.378 101.267 101.377 102.571 112.311 104.59 103.638 103.539 105.26 111.335 112.567 105.867 110.739 109.542 105.602 109.991 102.208 101.942 104.634 110.113 114.214 116.584 116.82 116.321 115.785 117.617 117.116 116.542 116.256 116.421 113.326 114.275 111.597 102.852
102.85 102.88 104.407 107.088 107.203 103.331 102.978 104.098 109.752 102.772 102.45 102.261 108.485 108.618 103.051 102.393 102.366 102.376 102.228 102.146 102.104 102.164 102.255 107.975 110.12 109.783 105.558 111.017 106.957 113.635 115.801 113.133 112.979 104.291 106.483 102.1 101.588 101.65 101.953 107.45 107.74 102.749 103.696 110.487 113.601 113.425 111.097 103.852 102.273 107.065 113.071 105.216 102.46 105.78 106.501 111.11 116.755 116.905 114.684 114.241 117.809 117.773 118.93 119.831 120.727 117.926 112.832 113.09 108.511
103.462 114.454 115.344 113.89 108.732 104.35 108.687 111.788 113.638 113.039 105.402 110.174 111.996 113.661 107.833 103.99 104.616 102.671 102.574 102.509 102.404 102.382 102.388 103.449 106.836 106.644 111.133 111.852 115.381 115.807 115.948 115.014 116.503 114.343 113.275 104.298 101.937 102.109 102.147 102.17 102.254 104.679 110.137 115.198 115.116 112.952 115.301 113.214 105.837 109.002 109.672 103.335 103.984 103.386 103.244 105.742 116.667 116.45 116.07 116.308 116.892 118.776 120.542 122.036 122.089 119.739 118.5 116.982 117.509
114.79 116.721 115.936 114.43 114.381 107.045 108.387 115.28 116.095 116.237 112.582 108.715 115.524 114.23 111.55 113.562 110.746 104.856 102.915 102.747 102.725 102.836 106.604 107.621 106.01 108.588 114.034 114.952 108.078 116.968 116.439 116.725 111.576 114.763 112.811 104.645 102.395 102.501 102.64 102.713 102.804 102.933 111.684 112.267 113.016 113.764 110.842 106.084 103.755 109.501 103.88 107.333 112.021 108.904 105.706 104.499 114.189 112 116.003 117.569 118.35 119.858 120.743 122.389 122.535 120.733 118.873 118.698 119.29
114.173 117.501 117.844 118.698 118.57 105.645 113.663 115.456 115.801 116.108 108.798 111.493 116.002 115.858 114.19 110.163 112.141 111.499 103.796 103.108 106.266 111.163 111.67 106.667 112.151 114.401 114.17 112.873 118.174 119.084 118.636 118.688 116.538 113.644 109.406 103.876 102.745 102.933 102.945 102.962 103.077 106.252 104.324 107.115 115.305 115.221 111.52 103.48 103.404 103.705 109.475 112.603 114.731 115.394 114.452 112.478 118.097 112.62 118.735 116.595 120.65 121.307 118.169 117.602 111.945 119.552 118.171 118.955 120.161
117.29 118.682 119.27 119.611 118.998 104.221 105.095 114.836 109.362 115.099 107.11 114.852 115.21 116.024 118.515 118.183 115.753 109.765 106.77 103.503 105.695 114.485 117.963 118.078 113.038 116.645 115.916 116.146 117.556 119.187 116.443 118.934 117.857 114.821 108.369 103.129 103.305 103.249 103.263 103.377 104.065 107.504 109.341 110.97 116.21 116.425 115.176 103.988 103.773 108.235 112.04 114.066 116.993 116.648 116.576 112.878 116.149 117.128 119.463 118.151 118.088 121.099 119.6 117.193 120.722 113.696 115.296 109.321 119.644
116.717 117.855 118.9 115.673 108.737 106.414 104.072 103.798 111.749 111.636 112.679 112.105 114.399 118.114 111.555 119.812 118.6 117.113 113.78 111.351 105.426 115.103 118.922 119.86 117.799 116.802 117.392 116.321 117.172 110.732 112.002 114.378 115.93 114.657 103.638 103.587 103.647 103.608 103.661 103.805 110.581 115.211 112.873 115.18 117.701 117.268 117.311 107.744 104.822 107.291 111.487 116.126 117.833 115.602 109.712 114.578 114.771 116.67 120.099 119.402 120.301 118.6 119.297 121.561 121.106 116.298 118.704 117.618 114.965
107.993 116.588 118.598 118.83 119.024 115.489 111.813 104.765 105.153 106.595 110.685 113.423 115.569 116.986 119.465 115.024 118.231 116.01 114.448 106.506 104.601 114.676 116.338 119.973 120.425 119.868 119.771 120.717 120.582 121.353 115.592 120.176 118.019 105.015 103.861 104.262 104.048 103.978 103.982 104.064 107.454 110.666 113.458 115.445 117.179 117.981 117.404 114.273 104.502 105.819 114.589 116.869 117.609 117.853 117.973 116.783 117.435 119.058 116.595 111.477 120.167 120.416 118.883 119.98 120.163 118.87 120.984 119.763 111.278
113.373 118.293 119.486 118.234 118.129 111.565 107.146 116.346 118.892 119.17 116.471 109.162 117.687 117.726 105.638 120.623 117.911 117.149 115.328 108.995 105.191 111.966 115.796 119.209 114.548 113.092 117.068 120.506 121.825 122.054 122.127 120.72 118.991 112.401 117.192 115.123 110.146 106.224 104.261 104.318 104.379 105.092 110.837 112.651 115.08 116.585 115.417 114.199 106.636 105.71 110.425 115.973 117.025 117.435 117.841 115.21 116.662 117.874 120.399 109.661 119.593 118.647 113.836 117.675 112.141 119.928 120.565 120.385 118.254
116.665 118.97 119.949 112.68 109.604 107.037 108.299 117.732 119.164 119.251 118.92 114.529 115.917 122.108 123.372 123.694 122.774 117.635 114.873 109.568 105.581 108.546 114.185 118.038 111.628 119.576 121.98 122.519 113.268 120.737 121.011 120.189 116.411 115.114 118.971 120.369 118.301 112.37 104.596 104.558 104.533 104.511 105.218 108.197 112.449 113.673 114.806 109.41 104.713 104.79 108.328 113.682 115.132 115.811 115.327 114.995 112.564 116.985 118.908 119.634 119.5 118.095 111.245 117.405 119.353 119.844 118.033 120.835 114.554
115.776 118.19 120.052 120.576 119.22 109.442 106.109 109.892 119.097 119.36 116.892 119.006 121.066 123.459 123.908 124.517 123.541 122.513 109.141 105.05 105.079 105.11 107.576 109.041 117.161 120.107 112.491 109.56 112.294 113.949 111.875 116.293 109.014 115.328 119.717 119.953 116.042 106.085 104.716 104.781 104.866 104.726 104.73 104.755 105.802 114.371 115.795 115.66 106.066 105.272 106.034 106.712 113.275 113.62 112.883 110.723 107.515 107.308 113.585 117.143 119.366 119.261 118.774 109.564 118.565 117.731 117.971 114.733 111.542
