dsm/se2836_DSM_2M.asc
ncols 500
nrows 500
xllcorner    428000
yllcorner    436000
cellsize     2
NODATA_value -9999
[rows 224 to 255 of 500, columns 213 to 283 of 500]
55.246 55.281 54.904 54.809 54.739 55.874 56.026 54.461 54.386 54.316 54.264 54.286 54.264 54.685 55.064 56.117 56.521 55.771 53.803 53.635 53.392 53.199 53.019 52.829 52.715 52.841 53.016 52.873 51.039 50.736 52.013 54.825 55.742 55.258 54.83 54.382 53.976 53.143 52.822 52.81 52.953 52.976 53.08 53.211 55.974 59.486 62.896 64.044 63.756 62.579 56.751 53.621 54.061 54.431 54.704 55.076 55.039 54.969 55.299 55.769 56.129 55.944 56.514 56.879 57.481 57.456 57.436 59.796 58.116 57.864 57.976
56.899 55.254 55.036 54.909 54.979 55.246 55.021 54.394 54.316 54.251 54.281 54.474 54.109 54.22 54.764 55.359 55.446 55.669 54.349 53.693 53.452 53.196 59.185 54.564 52.75 52.732 52.79 53.248 51.878 51.51 51.824 53.978 55.779 55.687 55.07 53.585 52.979 52.935 52.802 52.822 52.84 52.91 53.055 53.171 53.266 55.844 62.801 63.939 63.814 62.664 56.236 53.591 53.991 54.379 54.479 54.556 54.659 54.791 55.186 55.691 55.834 55.726 55.896 56.306 56.479 56.751 57.294 57.879 57.734 57.799 57.996
57.314 56.474 54.964 54.949 55.426 54.946 56.566 54.669 55.076 55.051 54.306 57.061 54.151 54.249 54.389 55.044 56.019 56.275 55.647 54.03 53.493 53.291 56.171 57.285 52.845 52.752 52.826 53.115 52.693 51.859 52.216 53.298 54.999 56.541 54.861 53.343 53.091 52.918 52.826 52.837 52.833 52.915 53.088 53.199 53.249 55.381 62.736 63.871 63.891 62.734 58.856 53.626 53.984 54.364 54.454 54.519 54.624 54.734 54.881 55.044 55.219 55.304 55.461 55.636 55.776 55.991 56.429 56.801 57.251 57.849 59.196
57.269 56.016 54.999 54.974 55.321 55.014 56.084 56.409 55.029 54.669 54.379 55.829 54.231 54.066 54.101 55.09 55.853 56.334 55.261 53.806 53.567 53.357 53.171 53.021 52.931 52.785 52.865 52.872 52.724 52.36 53.203 52.156 53.324 54.193 53.95 53.658 53.965 52.94 52.858 52.834 53.591 52.918 53.075 53.289 53.996 61.826 62.639 63.809 63.984 62.971 60.531 60.674 60.749 59.061 54.414 54.484 54.586 54.706 54.846 54.994 55.116 55.209 55.336 55.469 55.631 55.881 56.591 56.794 57.084 57.084 60.364
57.089 58.029 55.009 55.001 55.849 55.519 54.969 55.974 54.939 54.811 55.159 54.426 54.239 54.076 54.06 55.198 56.017 55.865 56.159 54.12 53.628 53.428 53.235 53.066 52.972 52.811 52.837 52.978 52.876 52.219 52.25 52.335 51.751 53.897 54.205 53.182 53.308 53.031 52.891 52.853 53.369 53.126 53.093 53.239 53.304 53.436 62.594 63.714 64.134 64.091 61.694 61.809 61.919 60.654 54.374 54.451 54.554 54.664 54.814 54.951 55.061 55.176 55.281 55.406 55.564 55.904 56.339 56.394 56.899 57.021 57.114
57.589 56.341 55.059 55.031 57.296 55.444 55.151 54.971 54.934 55.799 56.681 54.489 54.484 54.576 54.071 54.997 56.714 56.794 55.299 54.268 56.955 55.826 53.32 53.067 53.004 52.948 52.775 52.908 52.778 52.196 53.448 53.216 52.364 52.667 53.984 53.314 53.299 52.973 52.909 52.866 52.894 52.914 53.099 53.224 53.354 53.329 62.511 64.029 63.774 63.714 61.954 61.839 61.766 61.021 54.354 54.411 54.501 54.609 54.766 54.894 55.006 55.121 55.244 55.356 55.506 55.911 56.199 56.141 57.181 56.986 56.969
62.104 58.751 57.244 55.201 57.701 55.489 55.754 55.826 55.046 54.786 54.974 54.934 54.511 54.264 57.934 54.333 55.269 55.538 56.28 55.106 55.145 55.374 54.258 55.337 56.143 56.061 52.842 52.863 52.876 52.621 53.631 54.537 53.347 52.184 53.419 53.41 53.579 53.429 53.013 52.878 52.939 52.89 53.046 53.209 53.346 55.199 63.776 63.096 62.644 62.539 60.819 60.684 60.591 60.189 54.321 54.941 54.421 54.526 54.674 54.814 54.946 55.061 55.171 55.304 55.441 55.599 55.786 56.499 57.021 56.851 57.271
65.054 64.144 63.366 55.406 55.954 62.494 57.521 56.614 54.841 54.676 54.809 54.699 54.559 54.584 54.241 54.216 54.638 55.251 56.199 57.453 58.241 58.552 60.427 59.681 61.727 58.551 58.296 52.842 52.969 52.963 52.893 53.497 57.4 51.519 52.156 52.94 53.818 54.173 53.072 52.889 52.943 52.934 53.019 53.206 53.331 53.356 62.054 58.569 57.731 56.009 55.176 54.184 54.246 53.981 55.071 54.931 54.474 54.444 54.591 54.726 54.851 54.941 55.074 55.184 55.319 55.501 55.874 56.284 56.594 56.879 57.204
65.264 64.229 61.841 55.811 55.951 63.446 64.064 63.801 63.579 57.426 54.804 54.921 55.264 54.569 54.421 54.214 54.146 54.948 55.826 56.588 57.245 57.086 58.598 58.881 59.614 59.177 53.802 52.822 52.845 53.328 53.421 52.627 58.093 57.945 51.619 52.781 53.093 53.017 53.083 53.013 52.942 52.976 52.962 53.142 53.287 53.391 53.4 53.409 53.434 53.509 53.686 53.804 53.869 53.971 55.244 54.299 54.254 54.391 54.526 54.641 54.721 54.816 54.919 55.026 55.131 55.264 55.629 56.189 56.506 56.951 57.366
65.134 64.066 57.801 56.076 56.329 63.674 64.766 64.799 63.714 54.769 54.824 54.626 57.544 55.281 54.561 54.311 54.061 54.19 54.982 55.652 54.931 55.052 56.599 57.066 61.142 55.331 54.111 52.873 52.775 53.124 53.161 53.638 54.97 55.976 56.699 52.228 52.839 53.012 53.061 53.076 52.959 52.984 53.01 53.034 53.213 53.34 53.434 53.503 53.582 53.654 53.764 53.856 53.906 53.984 54.086 54.134 54.586 54.929 55.044 54.566 54.614 54.689 54.749 54.809 54.894 54.999 55.504 56.154 56.729 57.056 57.764
65.066 65.121 64.854 64.591 61.971 64.131 65.029 64.619 63.521 56.134 55.704 55.159 54.861 56.764 54.584 54.454 54.124 54.091 54.141 54.789 55.094 54.688 55.892 58.113 56.53 56.578 53.345 52.993 52.806 52.875 52.631 53.514 53.298 54.936 57.833 51.631 52.69 52.976 53.014 53.137 53.093 52.972 53.029 53.062 53.096 53.258 53.344 53.456 53.563 53.634 53.754 53.819 53.904 53.954 54.039 54.794 55.049 54.744 54.821 54.576 54.674 55.349 55.829 54.599 54.654 54.924 55.719 56.339 56.779 56.906 57.014
66.764 66.456 65.946 66.046 65.516 65.396 65.304 64.876 64.564 64.301 55.819 55.501 54.789 54.771 55.196 54.509 54.356 54.154 54.039 54.139 54.69 56.32 59.283 55.294 55.672 54.579 53.835 53.047 52.854 52.9 52.671 52.913 52.873 53.408 56.337 52.397 52.21 52.732 52.984 53.051 53.157 53.121 53.019 53.094 53.133 53.154 53.246 53.396 53.478 53.56 53.793 53.8 53.819 53.909 54.019 54.621 55.704 53.996 62.739 63.901 64.936 63.944 62.824 54.196 54.424 55.271 56.151 56.461 56.664 56.876 56.921
66.971 67.181 67.364 67.256 66.976 66.736 66.451 66.529 65.719 65.494 62.336 55.526 54.899 54.586 54.964 54.564 54.774 54.211 54.111 53.931 55.266 54.642 54.49 54.621 54.886 54.909 53.384 53.055 52.839 52.958 52.776 52.733 52.654 52.136 52.302 52.161 52.516 52.373 52.751 52.989 53.145 53.184 53.18 53.107 53.172 53.225 53.26 53.296 53.356 53.454 53.735 53.799 53.776 54.026 54.391 54.349 55.724 53.981 62.346 63.801 64.916 64.044 62.901 54.156 54.366 55.209 56.096 56.401 56.551 56.921 57.021
65.381 65.921 67.004 66.446 66.684 66.981 67.214 66.399 65.364 64.671 59.464 55.589 55.086 54.524 54.991 55.359 54.529 54.931 54.216 54.041 53.871 53.734 53.634 53.547 53.916 53.877 53.37 53.087 52.863 52.942 52.97 52.663 53.381 52.916 52.739 52.454 51.652 51.869 52.638 52.886 53 53.188 53.282 53.282 53.205 53.22 53.285 53.338 53.411 53.461 53.521 53.58 53.824 54.321 54.384 54.451 54.684 54.794 62.574 63.729 64.861 64.121 62.954 54.241 54.309 55.081 55.969 56.346 56.509 56.789 56.809
63.316 63.354 64.894 64.914 65.376 65.641 65.899 65.999 64.726 59.454 57.869 55.446 55.304 54.519 54.599 54.624 55.159 54.569 54.289 54.079 53.919 53.769 53.631 53.539 53.444 53.341 53.256 53.129 52.929 52.918 53.005 52.847 53.042 52.891 52.438 51.403 50.98 51.308 52.25 52.707 52.936 53.153 53.287 53.32 53.399 53.617 53.409 53.427 53.429 53.508 53.585 53.602 53.631 53.879 53.856 54.009 54.076 54.556 62.434 63.631 64.804 64.194 63.034 55.799 54.231 54.961 55.874 56.284 56.391 56.621 56.911
56.624 56.676 57.136 58.189 62.926 62.819 64.581 66.191 64.474 56.931 56.186 55.301 55.351 54.566 54.524 54.521 54.839 54.826 54.644 54.131 54.009 53.801 55.166 53.574 53.436 53.406 53.316 53.182 52.973 52.955 53.118 52.907 53.231 53.438 53.142 51.918 50.977 50.907 51.466 52.439 52.802 53.105 53.223 53.339 54.749 55.96 56.223 54.487 53.608 53.569 53.592 53.728 53.69 53.715 53.89 53.984 53.929 53.851 59.784 63.579 64.721 64.284 63.144 55.676 54.166 54.734 55.649 56.191 56.331 56.541 56.646
57.696 57.669 57.334 56.514 56.096 56.909 60.451 61.694 61.069 57.131 55.756 55.351 55.281 54.544 54.516 55.046 57.956 55.061 54.401 54.149 54.021 55.271 55.309 53.676 53.544 53.454 53.396 53.391 53.075 52.971 53.165 52.925 53.473 53.151 53.603 52.92 51.752 50.744 50.982 52.039 52.612 52.995 53.179 53.339 55.565 56.506 56.417 55.125 53.781 53.727 53.687 53.879 54.595 53.789 53.831 53.989 54.004 53.966 59.196 63.516 64.654 64.351 63.206 58.061 54.064 54.421 55.301 56.079 56.259 56.439 56.621
56.589 57.281 57.526 56.224 56.334 56.459 56.314 55.949 56.039 55.801 55.469 55.349 55.319 54.569 54.559 56.626 54.599 55.429 54.421 54.229 54.009 54.009 53.936 53.784 53.614 53.489 53.605 53.566 53.15 52.997 53.206 52.917 52.843 52.988 53.308 53.235 52.413 51.719 51.371 51.407 52.43 52.77 53.18 53.434 56.205 56.269 55.028 54.007 53.801 53.813 53.831 53.807 54.067 53.84 53.863 53.965 54.094 54.024 55.426 59.469 63.379 64.176 64.836 63.676 62.161 54.254 54.841 55.779 56.204 56.414 56.511
56.571 56.619 56.346 56.219 56.451 56.076 55.824 55.711 55.651 55.441 55.364 55.324 55.296 54.579 54.574 54.514 54.616 54.766 54.439 54.296 54.096 53.869 54.331 53.839 53.674 53.504 53.756 53.593 53.254 53.043 53.078 52.979 52.914 52.895 52.915 53.5 53.11 54.399 52.682 51.037 52.435 52.748 53.041 53.442 55.091 56.388 54.776 53.793 53.848 53.846 53.889 53.909 53.861 53.863 53.928 53.927 54.119 54.094 54.051 53.891 62.931 64.106 64.914 63.759 62.601 54.209 54.529 55.234 56.036 56.311 56.416
56.564 57.161 56.366 56.236 56.251 55.874 55.791 55.706 55.459 55.414 55.361 55.344 55.316 54.574 54.674 54.564 54.539 54.609 55.084 54.341 54.146 56.484 53.754 53.884 53.686 53.586 53.905 53.611 53.354 53.105 53.268 52.994 52.953 52.846 52.776 53.272 53.721 53.734 54.504 52.164 51.536 52.687 53.038 53.308 53.579 53.763 53.745 53.822 53.868 53.895 53.917 54.699 53.979 53.906 53.965 53.989 54.096 54.164 54.079 54.044 62.876 63.999 64.901 63.816 62.674 54.236 54.494 54.886 55.701 56.219 56.446
56.556 57.571 56.354 56.241 56.939 55.846 55.821 55.646 55.449 55.396 55.369 55.361 55.286 54.656 54.766 54.584 54.651 54.541 55.234 54.344 54.209 53.959 53.851 53.739 53.666 53.619 54.031 53.716 53.428 53.183 53.195 53.012 52.967 52.892 52.984 53.176 53.394 55.005 56.63 54.805 53.372 54.85 53.38 53.056 53.413 53.818 53.789 53.844 53.92 53.946 54.567 54.051 54.181 54.074 54.01 54.046 54.076 54.171 54.424 57.166 62.859 63.951 64.931 63.889 61.401 61.064 61.141 61.221 55.389 56.046 57.811
56.591 56.661 56.354 56.411 56.536 55.856 55.826 55.581 55.426 55.391 55.344 56.226 55.204 54.644 54.849 54.621 54.679 54.566 54.851 54.346 54.279 54.019 53.824 53.724 53.671 53.664 53.598 53.609 53.489 53.248 53.22 53.056 52.986 53.032 52.844 52.793 53.035 55.269 53.634 56.58 53.665 51.07 52.848 52.988 54.569 55.815 55.61 55.447 54.385 54.03 54.203 54.34 54.4 54.208 54.06 54.106 54.096 54.231 54.116 53.979 62.711 63.851 64.916 64.494 62.781 62.236 62.299 62.389 55.271 55.796 56.364
56.766 56.721 56.804 60.129 57.571 55.874 55.821 55.521 55.424 55.366 55.311 55.356 58.231 54.796 54.659 54.656 54.626 55.411 54.641 54.684 54.274 53.974 53.809 53.766 53.754 53.696 53.727 53.671 53.547 53.306 53.329 53.148 55.237 56.613 53.051 54.173 53.311 53.441 54.781 56.477 54.713 51.719 51.768 52.724 56.096 56.876 56.816 56.404 55.95 54.08 54.663 54.747 54.578 54.305 54.091 54.139 54.134 54.266 54.164 54.069 62.046 63.846 64.574 64.459 63.684 62.631 62.534 62.449 55.079 55.846 56.144
57.446 56.521 56.441 60.206 56.681 58.069 60.324 55.474 55.456 55.391 55.339 55.996 55.041 54.709 54.899 54.724 54.644 54.619 54.694 56.534 54.251 54.001 53.831 53.794 53.809 53.746 54.611 54.979 54.154 53.458 53.363 53.215 55.491 55.224 59.942 58.942 56.428 53.572 53.67 53.195 53.103 51.482 50.932 52.789 55.245 56.639 56.826 56.707 55.766 54.296 54.488 54.699 54.791 54.528 54.151 54.174 54.171 54.286 54.274 54.109 63.269 64.644 63.414 63.304 62.619 61.444 61.391 61.269 55.079 55.241 55.841
57.039 56.566 56.476 58.169 56.094 56.024 55.944 55.494 55.469 55.396 55.329 55.324 54.991 54.689 54.974 55.221 55.166 55.099 55.254 57.924 54.366 54.104 53.901 54.679 53.834 53.806 54.473 55.382 54.25 54.805 56.145 53.408 54.06 58.148 60.514 61.982 55.686 53.341 53.433 53.258 51.881 52.052 53.333 52.014 53.227 56.46 56.953 56.695 56.246 54.344 54.339 54.474 54.748 54.511 54.176 54.209 54.221 54.329 54.351 54.151 62.556 62.224 61.101 60.309 57.961 57.071 58.054 55.786 54.914 54.994 55.051
56.644 56.619 56.534 56.794 56.099 56.179 55.871 55.504 55.481 55.444 55.366 55.291 54.996 56.004 55.004 56.481 58.399 59.446 58.556 55.579 54.334 54.209 54.034 53.946 53.911 53.829 54.433 55.188 56.374 53.911 54.187 53.492 53.978 55.541 60.513 61.243 56.695 53.321 53.405 54.623 54.756 57.89 61.256 58.111 55.154 54.667 56.442 55.193 55.52 54.364 54.364 54.399 54.475 54.648 54.277 54.269 54.284 54.376 54.439 54.251 54.104 54.116 54.204 54.396 54.569 54.754 54.851 54.956 54.996 55.049 55.069
60.821 56.661 56.671 56.519 56.101 56.066 55.789 55.629 55.499 55.471 55.404 64.949 55.556 68.524 55.041 57.446 58.539 59.401 58.596 56.556 54.441 54.351 54.189 54.034 53.924 53.876 54.097 53.866 54.046 55.973 56.6 53.697 53.567 53.806 57.845 54.88 54.139 55.211 60.171 58.589 61.07 63.946 64.737 61.303 58.48 56.444 55.996 54.427 54.394 54.44 54.474 54.517 54.538 54.618 54.369 54.342 54.341 54.419 54.554 54.574 54.554 54.636 54.786 54.949 55.009 55.076 55.114 55.144 55.154 55.156 55.154
63.639 57.049 57.144 56.616 56.186 56.736 56.031 56.541 55.556 55.471 59.991 67.341 72.904 76.234 62.654 57.496 58.521 59.421 58.609 57.426 55.494 54.476 54.396 54.176 54.111 53.959 54.109 54.092 53.829 54.758 54.973 54.603 54.975 55.432 55.249 53.963 54.017 54.047 62.601 63.843 63.119 65.202 63.778 62.492 60.877 60.136 60.483 58.294 54.597 54.495 54.583 54.667 54.652 54.596 54.44 54.41 54.419 54.466 54.651 54.866 54.934 55.004 55.061 55.086 55.134 55.129 55.124 55.146 55.151 55.186 55.194
57.601 57.104 56.971 56.981 56.236 56.054 55.924 57.631 56.599 55.746 61.501 67.519 67.399 70.409 65.169 55.929 55.676 55.776 55.666 56.374 57.824 54.621 54.684 54.609 54.326 54.239 55.369 54.545 54.459 56.178 57.173 58.161 59.727 59.701 59.01 54.461 54.474 59.778 60.829 62.981 61.981 61.654 63.045 62.182 60.866 60.599 60.588 58.625 55.732 54.774 55.212 55.847 54.802 54.631 54.457 54.491 54.511 54.536 54.694 54.934 54.979 55.044 55.074 55.081 55.094 55.089 55.099 55.116 55.121 55.121 55.144
57.621 57.141 57.099 56.524 56.936 56.321 56.699 55.804 55.679 55.591 64.736 69.706 73.906 74.776 58.519 55.524 55.421 55.269 55.281 55.959 57.899 54.739 54.851 54.676 54.699 54.829 54.611 54.736 55.264 56.541 57.067 60.891 59.515 59.613 56.943 54.807 55.23 60.566 57.552 62.163 62.666 62.666 62.325 60.777 60.444 59.714 60.056 59.103 56.795 56.728 56.708 55.419 55.245 54.682 54.62 54.544 54.586 56.001 54.631 54.896 54.991 55.021 55.056 57.076 55.094 55.129 55.139 55.161 55.174 55.201 55.244
57.001 56.936 56.884 56.839 57.614 57.409 56.844 58.109 55.934 56.146 56.349 65.189 55.926 56.441 55.251 55.254 55.681 55.319 55.354 57.534 55.311 54.884 54.839 54.991 55.024 55.004 54.946 54.996 55.668 55.748 56.976 58.23 59.016 58.986 57.495 54.945 54.924 58.116 60.344 60.65 61.713 61.383 61.287 60.311 59.647 58.405 58.431 57.793 56.662 56.33 57.026 57.213 55.813 54.885 54.554 54.604 54.649 54.816 54.694 54.754 55.004 55.036 55.044 55.434 55.094 55.119 55.149 55.189 55.221 55.241 55.269
57.006 56.909 56.846 56.734 56.664 56.604 56.911 56.549 56.264 56.176 56.344 56.491 56.636 56.641 56.491 56.124 56.054 55.341 55.384 55.241 55.059 54.996 54.951 54.964 54.999 54.974 54.966 54.929 54.894 55.233 56.205 57.203 57.748 57.978 55.333 54.838 54.887 58.116 60.013 61.63 61.412 58.859 60.043 58.026 57.586 55.636 54.753 55.404 54.958 55.826 56.515 58.189 55.205 54.616 54.619 54.656 54.691 54.709 54.736 54.791 54.824 54.859 54.906 54.919 54.946 54.976 55.044 55.081 55.126 55.161 55.204
