dsm/se2830_DSM_2M.asc
ncols 500
nrows 500
xllcorner    428000
yllcorner    430000
cellsize     2
NODATA_value -9999
[rows 0 to 31 of 500, columns 365 to 437 of 500]
78.03 77.815 77.915 78.238 80.047 78.596 78.673 79.375 78.623 78.574 78.824 78.903 78.913 78.906 79.221 79.644 78.955 79.1 79.292 79.347 86.68 90.54 81.756 90.631 86.723 89.737 90.252 89.267 84.992 79.697 78.782 78.83 78.795 78.885 78.858 78.815 78.747 78.831 78.748 79.315 81.1 85.139 85.599 78.826 78.879 78.948 83.827 88.728 91.542 92.059 90.89 86.955 86.566 81.735 84.581 90.12 89.519 90.605 83.676 84.104 79.001 78.757 78.727 78.675 78.649 78.723 78.688 78.692 78.677 78.631 78.489 78.4 78.385
77.73 77.767 78.981 79.959 80.374 79.421 78.789 78.579 79.151 79.39 78.79 78.927 79.637 79.107 79.334 78.982 79.044 79.028 79.111 83.282 90.027 91.271 90.814 90.685 85.105 88.09 81.099 80.114 79.466 78.726 78.815 78.816 78.811 78.858 78.807 78.825 78.761 78.715 78.793 78.835 78.815 78.649 78.684 78.664 78.742 78.715 80.23 86.681 86.815 89.753 87.598 85.184 85.067 80.622 89.806 92.439 92.534 92.665 87.795 83.853 81.155 78.916 78.731 78.694 78.621 78.683 78.681 78.656 78.707 78.464 78.388 78.412 78.431
77.699 78.085 79 79.654 79.308 79.348 78.583 79.002 79.584 78.721 78.619 79.553 79.437 79.113 81.206 81.991 80.448 79.123 83.451 87.008 89.086 91.098 92.241 92.931 91.127 83.377 78.813 78.642 78.702 78.787 78.715 78.732 78.8 78.82 78.763 78.781 78.72 78.776 78.737 78.803 78.701 78.706 78.652 78.538 78.569 78.648 78.636 80.06 80.597 80.595 80.787 88.413 91.102 91.822 92.718 92.968 92.629 83.485 90.766 90.942 90.12 86.619 81.544 82.891 79.117 78.701 78.617 78.673 78.529 78.451 78.369 78.473 78.498
77.685 77.955 79.012 80.076 78.952 79.404 79.474 78.573 78.567 78.548 79.284 78.607 79.809 79.125 81.445 82.473 82.133 84.358 89.538 90.431 92.655 90.497 90.637 89.494 85.037 85.302 79.009 78.62 78.718 78.744 78.645 78.716 78.757 78.73 78.797 78.758 78.733 78.727 78.636 78.662 78.822 78.616 78.598 78.6 78.566 78.461 78.401 78.48 78.527 78.538 78.488 79.597 82.952 89.05 91.583 92.516 92.718 92.406 92.528 92.265 91.923 89.448 90.724 86.195 82.462 80.697 78.653 78.531 78.426 78.364 78.398 78.451 78.437
78.648 78.642 78.746 80.028 78.643 78.971 79.389 78.893 78.602 78.522 78.693 79.515 79.054 81.635 81.857 81.668 82.597 90.718 88.094 93.415 91.278 83.265 83.586 90.136 88.452 86.509 80.688 78.684 78.742 78.672 78.951 78.678 78.694 78.713 78.674 78.668 78.667 78.641 78.57 78.559 78.516 78.531 78.538 78.452 78.545 78.443 78.422 78.318 78.338 78.374 78.395 78.348 78.269 87.465 90.82 91.285 91.161 92.08 92.739 92.451 92.682 91.417 92.904 90.661 91.347 85.055 78.733 78.418 78.302 78.33 78.387 78.413 78.47
78.689 78.346 78.344 78.393 78.374 78.549 79.161 79.472 78.716 78.543 78.547 78.764 78.876 81.163 82.034 81.65 85.651 90.391 91.864 93.112 92.48 89.886 90.692 90.273 86.87 82.272 78.659 78.759 78.715 78.656 78.634 78.781 78.678 78.647 78.669 78.637 78.659 78.611 78.55 78.515 78.422 78.454 78.418 78.394 78.368 78.392 78.471 78.451 78.257 78.192 78.259 78.26 78.3 78.262 81.107 88.108 88.115 90.406 92.538 92.648 92.477 93.824 90.822 91.639 91.643 84.53 80.111 78.361 78.311 78.362 78.402 78.428 78.393
78.329 78.346 78.375 78.352 78.445 78.586 79.422 79.245 79.327 78.75 78.557 78.501 79.414 78.853 81.198 82.248 87.692 90.36 91.402 92.344 92.503 90.584 84.773 84.019 82.316 78.619 78.774 78.732 78.685 78.695 78.728 78.632 78.619 78.605 78.611 78.683 78.519 78.61 78.518 78.468 78.378 78.371 78.343 78.336 78.297 78.554 78.316 78.324 78.32 78.331 78.142 78.121 78.138 78.263 78.246 80.348 87.34 89.289 89.993 89.37 82.694 87.767 90.212 92.054 90.662 88.204 78.49 78.245 78.285 78.401 78.357 78.316 78.295
78.359 78.415 78.381 78.399 78.44 78.862 78.553 79.707 79.348 79.203 78.574 78.517 78.507 79.207 79.224 80.377 82.422 83.159 90.566 91.868 91.32 90.528 89.01 81.214 79.669 78.75 78.77 78.706 78.743 78.696 78.684 78.665 78.595 78.598 78.558 78.594 78.511 78.483 78.447 78.395 78.319 78.247 78.258 78.207 78.247 78.212 78.249 78.223 78.28 78.266 78.22 78.179 78.134 78.124 78.135 78.801 78.989 80.965 88.406 79.726 83.222 88.547 85.112 89.241 89.115 82.935 80.441 78.285 78.3 78.327 78.322 78.295 78.299
78.372 78.356 78.402 78.4 78.403 78.422 78.402 78.523 79.662 78.858 78.698 78.84 79.145 78.911 79.296 80.51 85.522 89.503 88.434 93.59 91.394 87.737 84.434 79.573 78.621 78.683 78.658 78.685 78.73 78.721 78.639 78.6 78.581 78.53 78.509 78.456 78.46 78.416 78.373 78.378 78.27 78.302 78.188 78.156 78.187 78.202 78.235 78.246 78.214 78.212 78.193 78.219 78.158 78.239 78.092 78.095 78.2 78.332 78.364 81.212 86.242 89.717 92.564 91.652 83.779 88.137 79.8 78.309 78.336 78.323 78.287 78.169 78.294
78.371 78.361 78.4 78.38 78.368 78.427 78.406 78.447 78.773 79.478 78.81 79.421 78.531 78.861 79.917 83.858 81.041 79.67 80.982 87.88 83.494 79.919 79.085 78.498 78.647 78.636 78.593 78.577 78.625 78.638 78.599 78.576 78.514 78.525 78.445 78.45 78.363 78.324 78.339 78.325 78.267 78.262 78.159 78.201 78.152 78.14 78.147 78.213 78.18 78.169 78.103 78.121 78.201 78.173 78.091 78.084 78.298 78.365 80.091 86.67 88.304 83.648 90.636 89.949 91.99 82.574 81.116 78.258 78.319 78.275 78.219 78.269 78.575
78.354 78.368 78.379 78.378 78.383 78.392 78.394 78.346 78.607 78.454 78.46 79.405 78.469 78.491 79.9 79.409 78.946 78.762 79.417 81.643 81.349 78.658 78.451 78.62 78.579 78.55 78.516 78.509 78.54 78.559 78.577 78.538 78.563 78.458 78.381 78.404 78.336 78.339 78.249 78.186 78.183 78.256 78.183 78.167 78.089 78.162 78.186 78.157 78.134 78.147 78.123 78.166 78.154 78.17 78.044 78.051 78.201 78.213 79.851 86.258 85.362 90.321 88.756 88.383 86.463 84.934 78.315 78.271 78.231 78.179 78.253 78.655 78.52
78.346 78.359 78.411 78.436 78.375 78.407 78.371 78.427 78.388 79.129 78.547 78.651 78.501 78.939 79.291 79.174 78.848 78.802 78.748 78.619 78.62 78.459 78.503 78.56 78.531 78.569 78.519 78.458 78.471 78.481 78.468 78.538 78.456 78.39 78.274 78.261 78.304 78.232 78.188 78.207 78.142 78.158 78.131 78.186 78.124 78.054 78.055 78.069 78.136 78.151 78.105 78.153 78.169 78.071 78.015 78.11 78.221 78.209 78.265 78.235 78.461 81.461 81.444 81.147 79.64 78.36 78.25 78.227 78.272 78.421 78.943 78.944 81.421
78.389 78.374 78.407 78.372 78.346 78.357 78.371 78.361 78.356 78.379 78.453 79.615 79.246 80.045 79.559 78.881 78.816 78.819 78.773 78.591 78.43 78.482 78.57 78.542 78.448 78.458 78.46 78.391 78.399 78.398 78.396 78.392 78.378 78.298 78.324 78.282 78.262 78.204 78.149 78.125 78.097 78.125 78.111 78.104 78.106 78.129 78.062 78.133 78.069 78.138 78.313 78.166 78.058 77.974 78.23 78.158 78.15 78.158 78.233 78.555 78.543 78.63 79.05 78.06 78.187 78.166 78.26 78.195 78.286 78.32 79.263 80.799 86.737
78.905 78.338 78.399 78.386 78.368 78.345 78.376 78.355 78.371 78.397 78.363 79.215 79.373 79.415 79.054 79.025 78.825 78.759 78.681 78.593 78.456 78.479 78.486 78.459 78.444 78.918 78.488 78.267 78.277 78.291 78.256 78.312 78.299 78.237 78.239 78.248 78.176 78.116 78.09 78.139 78.109 78.137 78.082 78.103 78.096 78.032 78.062 78.071 78.096 78.109 78.106 78.122 78.002 78.084 78.203 78.102 78.139 78.206 78.254 78.98 78.245 78.083 78.045 78.108 78.167 78.144 78.109 78.34 78.292 78.815 79.102 83.076 88.323
78.803 78.392 78.379 78.397 78.356 78.369 78.412 78.535 78.539 78.699 79.301 82.221 88.375 79.218 78.815 78.926 78.69 78.986 78.74 78.438 78.512 78.521 78.446 78.381 78.362 78.372 78.3 78.244 78.233 78.162 78.252 78.353 78.178 78.202 78.196 78.138 78.057 78.06 78.093 78.081 78.134 78.062 78.085 78.031 78.052 78.031 78.025 78.006 77.983 78.076 78.037 77.991 78.078 78.085 78.131 78.168 78.275 78.107 78.666 78.194 78.018 77.988 78.045 78.177 78.155 78.043 78.059 78.222 78.193 78.593 78.251 84.135 87.088
79.666 78.39 78.389 78.685 78.457 79.334 78.971 78.781 79.054 83.486 89.068 91.743 91.542 82.617 81.923 79.031 78.674 78.581 78.37 78.498 78.505 78.475 78.357 78.392 78.365 78.262 78.232 78.245 78.236 78.154 78.116 78.155 78.136 78.152 78.14 78.132 78.091 78.042 78.065 78.066 78.062 78.014 78.011 78.063 78.05 78.032 77.976 77.981 78.033 78.071 77.989 77.98 78.363 78.119 84.472 86.616 84.586 78.988 78.217 77.953 77.919 78.019 78.139 78.144 78.049 78.016 77.989 78.243 78.634 78.534 78.278 78.759 85.711
79.931 78.831 79.32 78.81 78.624 78.533 78.596 78.713 78.704 86.827 90.37 91.823 92.15 90.846 85.848 79.917 78.481 78.422 78.495 78.539 78.39 78.433 78.444 78.331 78.272 78.197 78.229 78.186 78.158 78.151 78.156 78.137 78.108 78.034 78.098 78.08 78.063 78.263 78.093 78.027 78.03 78.056 78.029 77.984 77.99 78.002 78.079 78.067 78.066 78.004 77.978 78.044 77.977 78.157 89.413 90.803 90.393 85.328 78.177 77.854 77.946 78.013 78.092 78.105 78.01 77.971 77.945 78.083 78.473 78.186 78.443 78.217 77.938
78.568 78.199 78.026 78.192 78.3 78.463 79.603 78.805 80.12 85.441 89.466 90.466 91.134 89.988 89.07 84.256 78.453 78.359 78.487 78.416 78.402 78.376 78.313 78.272 78.278 78.251 78.169 78.195 78.145 78.201 78.145 78.141 78.148 78.077 78.063 78.082 78.102 78.172 78.063 78.048 78.036 77.997 78.019 77.951 77.988 78.072 78.116 78.11 78.132 77.947 77.997 77.984 78.107 84.128 89.872 91.962 89.86 87.287 78.69 77.921 77.976 78.084 78.04 77.989 77.981 77.955 77.973 78.007 78.031 78.004 78.197 78.095 78.183
77.97 78.257 78.087 78.197 78.309 78.458 78.809 79.892 79.601 81.639 87.336 88.008 88.454 86.096 84.676 80.239 78.322 78.452 78.453 78.395 78.324 78.316 78.343 78.261 78.238 78.229 78.216 78.176 78.129 78.123 78.172 78.16 78.106 78.058 78.091 78.052 78.056 78.095 78.081 77.993 77.967 77.986 77.953 77.988 78.037 78.088 78.122 78.124 78.037 78.024 78.01 78.053 78.041 78.038 85.707 91.019 84.481 83.067 77.792 77.954 78.014 77.998 77.966 77.923 77.859 77.92 77.97 78.034 77.999 78.004 77.928 78.046 78.526
77.918 78.162 78.042 79.828 79.003 78.809 80.423 80.602 78.708 78.554 78.57 80.342 81.757 78.92 78.89 78.243 78.327 78.454 78.417 78.342 78.318 78.247 78.278 78.24 78.257 78.176 78.096 78.17 78.144 78.184 78.128 78.157 78.124 78.085 78.167 78.071 78.123 78.052 78.073 78.009 77.991 78.019 78.015 77.992 78.141 78.389 78.028 77.977 78.072 78.076 78.08 78.216 78.132 78.351 78.658 84.963 80.024 77.825 77.862 77.948 77.929 77.961 77.859 77.862 77.954 78.023 77.993 77.956 77.97 77.965 78.103 77.896 77.994
78.681 78.74 79.255 81.066 81.615 82.577 81.913 79.18 78.812 78.475 78.573 81.27 81.744 78.732 78.133 78.157 78.331 78.291 78.299 78.281 78.271 78.207 78.241 78.182 78.148 78.129 78.147 78.136 78.141 78.066 78.155 78.115 78.142 78.1 78.262 78.089 78.097 78.043 77.958 77.956 77.971 77.973 78.042 78.083 78.088 78.058 77.997 78.022 78.083 78.112 83.488 84.148 81.355 79.414 77.994 77.755 77.671 77.822 77.896 77.934 77.913 77.849 77.789 77.87 78.005 78.049 77.993 78.203 78.79 78.195 78.585 77.898 77.845
78.018 78.056 78.27 79.58 81.855 82.241 80.42 78.484 78.429 78.382 79.326 78.862 80.314 78.223 78.199 78.962 78.22 78.251 78.208 78.188 78.226 78.225 78.165 78.159 78.159 78.126 78.094 78.085 78.074 78.139 78.274 78.094 78.096 78.11 78.077 78.085 78.006 78.024 77.984 77.951 77.964 77.996 78.041 78.085 78.064 77.984 78.036 78.577 78.025 81.012 86.696 88.877 89.128 84.272 77.784 77.712 77.705 77.838 77.931 77.894 77.814 77.729 77.904 77.981 79.965 78.173 78.036 77.983 78.17 77.846 77.936 77.936 77.852
77.827 78.328 78.475 81.04 82.153 80.491 79.172 78.452 80.055 83.754 85.344 80.165 82.122 91.526 78.509 78.139 78.167 78.117 78.192 78.168 78.095 78.105 78.119 78.157 78.126 78.038 78.114 78.08 78.059 78.032 78.061 78.093 78.106 78.106 78.095 78.08 78.098 78.004 78.006 77.902 77.971 77.921 78.056 78.071 77.973 78.068 78.024 78.177 82.1 84.307 86.489 88.191 88.498 82.262 77.61 77.654 77.794 77.845 77.826 77.796 77.716 77.832 77.95 80.096 85.019 81.143 78.851 77.871 78.478 77.916 77.817 77.838 77.83
77.764 77.938 78.285 83.023 82.147 79.618 78.519 78.167 80.12 85.693 86.111 91.343 88.199 85.354 80.144 78.123 78.159 78.184 78.136 78.097 78.086 78.031 78.072 78.041 78.032 78.098 78.06 78.063 78.02 78.082 78.035 78.026 78.082 78.144 78.071 78.083 78.056 78.005 77.946 77.942 77.978 78.019 78.014 77.928 78.056 78.131 78.042 83.084 86.945 88.001 88.34 86.692 85.938 79.004 77.591 77.754 77.788 77.775 77.765 77.65 77.716 77.862 79.844 84.787 86.718 85.701 80.852 78.042 77.964 78.401 77.854 77.746 77.78
78.392 78.513 78.707 82.197 79.427 78.43 78.09 78.096 77.959 78.849 80.087 87.729 84.064 82.154 81.866 78.165 78.145 78.066 78 78.083 78.042 77.99 77.977 77.982 77.996 77.964 77.958 77.973 78.043 78.001 78.014 78.064 78.113 78.059 78.002 78.222 78.032 77.966 77.924 78.002 77.975 77.966 77.962 78.049 78.079 78.031 78.117 83.557 88.623 90.421 90.754 86.382 79.991 77.555 77.644 77.689 77.775 77.728 77.669 77.663 77.805 79.672 83.988 87.629 87.764 86.805 85.943 82.133 78.408 78.837 77.849 77.794 77.711
77.796 78.142 79.361 79.662 78.113 78.134 77.961 77.947 77.971 78.037 77.972 88.485 83.573 79.009 78.861 78 78.058 78.095 78.06 77.996 77.986 77.957 77.904 77.953 77.924 77.923 77.929 77.906 77.902 78.057 78.019 78.1 78.048 78.082 77.997 77.983 77.853 77.947 77.91 77.963 78.123 77.87 78.092 78.011 78.027 78.049 78.024 82.428 87.835 89.534 89.446 87.114 80.334 77.562 77.701 77.721 77.666 77.614 77.582 77.752 77.888 81.767 85.762 86.975 87.916 87.417 86.974 85.232 80.793 81.202 78.378 77.939 77.706
77.738 78.954 80.181 78.361 78.099 77.851 78.619 77.906 77.989 77.936 77.693 78.749 78.354 79.305 77.941 77.968 77.956 77.986 77.959 77.947 77.939 77.88 77.981 78.017 77.911 77.889 77.86 77.891 77.914 77.994 77.962 78.002 78.032 77.953 77.964 77.93 77.939 77.869 77.919 77.925 77.81 77.993 78.341 78.061 78.017 77.939 77.906 77.952 81.029 87.039 86.959 81.494 77.531 77.629 77.632 77.628 77.549 77.544 77.596 77.722 77.856 80.832 84.684 86.016 86.936 87.681 87.637 87.052 86.098 82.261 79.278 78.185 78.002
77.853 79.773 78.768 78.224 77.842 77.957 77.955 77.828 77.934 77.727 77.66 77.801 77.912 77.851 77.871 77.902 77.919 77.954 77.963 78.159 77.915 77.966 77.871 77.825 77.833 77.79 77.812 77.749 77.776 77.885 77.933 77.916 77.938 77.959 77.877 77.821 77.778 77.798 77.876 77.756 77.85 77.907 78.011 78.146 78.096 77.994 78.231 78.124 77.442 78.865 77.418 77.528 77.577 77.609 77.623 77.561 77.52 77.541 77.597 77.633 77.734 77.827 78.924 84.543 86.008 87.643 87.869 87.524 87.04 86.343 83.495 80.01 77.907
79.706 78.863 78.492 77.788 77.93 77.953 77.847 78.757 77.765 77.696 77.717 77.756 77.788 77.951 77.858 77.908 77.92 77.849 77.835 77.849 77.902 77.878 77.828 77.841 77.843 77.727 77.789 77.74 77.783 77.841 77.84 77.883 77.826 77.832 77.802 77.796 77.706 77.714 77.677 77.82 77.895 77.916 81.423 84.76 79.469 79.743 78.065 77.459 77.33 77.374 77.436 77.542 77.543 77.579 77.535 77.474 77.535 77.568 77.551 77.5 77.642 77.712 77.759 79.296 80.888 86.413 87.218 87.628 87.783 86.864 85.819 80.778 78.445
79.632 79.441 77.739 77.809 77.678 77.879 77.768 77.708 77.607 79.119 78.851 80.258 85.291 78.857 77.766 77.864 77.89 77.903 77.845 77.801 77.863 77.83 77.821 77.807 77.883 77.752 77.704 77.772 77.759 77.846 77.762 77.762 77.694 77.777 77.732 77.739 77.708 77.661 77.786 77.934 77.895 83.859 85.816 86.499 86.555 84.798 78.445 77.293 77.335 77.445 77.542 77.558 77.511 77.457 77.452 77.49 77.537 77.557 78.202 77.552 77.501 77.56 77.667 79.223 77.814 81.459 86.9 89.051 87.687 87.553 87.318 85.504 81.444
78.773 78.06 77.656 77.739 78.095 77.904 77.745 81.249 78.084 83.676 88.464 88.566 86.81 80.029 77.738 77.802 77.868 77.88 83.491 84.461 80.4 80.028 77.809 77.826 77.767 77.7 77.698 77.765 77.746 77.678 77.688 77.622 77.694 77.653 77.655 77.649 77.626 77.718 77.759 77.771 81.66 85.375 86.241 87.064 87.09 80.444 79.548 77.354 77.443 77.45 77.513 77.45 77.49 77.404 77.521 77.728 77.593 77.503 77.527 77.543 77.507 77.549 77.531 78.713 78.096 78.624 84.049 86.947 87.228 87.71 87.608 87.121 87.213
78.393 77.377 77.666 77.742 77.76 77.762 77.785 82.5 87.113 89.074 88.849 82.814 88.279 78.719 77.647 77.715 77.778 77.725 84.51 82.798 89.205 79.3 77.831 77.84 77.789 77.709 77.731 77.762 77.696 77.716 77.652 77.611 77.544 77.597 77.602 77.593 77.63 77.674 77.795 78.851 79.507 84.633 86.465 86.898 86.907 85.687 77.371 77.416 77.463 77.434 77.455 77.388 77.383 77.485 78.533 79.07 78.333 77.669 77.483 77.627 77.498 77.542 77.972 77.593 78.525 78.409 78.028 84.114 84.982 86.614 87.388 87.565 87.242
