dsm/se2833_DSM_2M.asc
ncols 500
nrows 500
xllcorner    428000
yllcorner    433000
cellsize     2
NODATA_value -9999
[rows 160 to 191 of 500, columns 72 to 143 of 500]
53.525 53.709 53.854 54.013 54.215 54.328 54.47 54.324 54.175 54.017 53.878 53.685 53.524 53.356 53.241 53.09 52.86 52.811 52.666 47.745 45.967 45.676 49.514 52.996 53.111 53.256 53.36 53.484 53.648 53.733 53.925 54.017 54.142 54.247 54.378 54.547 53.587 46.582 45.683 46.355 46.909 46.222 45.651 45.627 45.647 45.633 45.666 45.64 45.675 45.721 46.315 45.707 45.863 46.634 45.877 45.666 45.678 46.577 45.927 45.753 45.738 44.499 42.754 42.205 41.106 41.082 41.088 41.106 41.088 41.098 41.098 42.447
53.399 53.566 53.73 53.883 54.081 54.198 54.362 54.41 54.265 54.163 53.974 53.813 53.658 53.488 53.333 53.169 53.022 49.004 46.442 45.705 45.82 50.897 53.013 53.181 53.299 53.381 53.525 53.671 53.794 53.901 54.026 54.184 54.282 54.44 54.588 54.7 54.818 53.389 47.606 45.981 45.671 45.658 45.635 45.618 45.64 45.669 45.655 45.634 45.653 45.696 46.241 46.616 46.723 45.813 45.644 45.635 45.671 45.848 45.692 45.685 45.762 46.929 44.027 42.794 41.511 41.146 41.121 41.094 41.128 41.109 41.123 41.083
53.277 53.449 53.62 53.789 53.943 54.109 54.217 54.416 54.402 54.264 54.073 53.96 53.809 53.634 53.486 53.306 53.046 46.47 45.682 45.96 52.156 53.039 53.2 53.333 53.435 53.577 53.699 53.83 53.969 54.096 54.2 54.328 54.474 54.588 54.732 54.889 54.971 54.828 53.088 46.718 45.604 45.636 45.657 45.632 45.659 45.638 45.647 45.671 45.67 45.657 46.59 46.744 45.676 45.644 45.618 45.631 45.623 45.616 45.643 45.68 45.678 45.655 46.936 43.626 42.964 42.8 41.396 41.131 41.117 41.092 41.111 41.092
53.205 53.286 53.478 53.685 53.77 53.921 54.124 54.316 54.446 54.423 54.283 54.12 53.937 53.796 53.619 49.268 46.382 45.649 49.625 52.949 53.091 53.219 53.351 53.467 53.555 53.745 53.877 53.989 54.141 54.226 54.351 54.496 54.63 54.782 54.879 54.904 54.767 54.685 54.53 47.978 45.828 45.647 45.701 45.634 45.675 45.686 45.698 45.718 45.721 45.648 45.91 45.817 45.651 45.652 45.625 45.659 45.614 45.596 45.63 45.677 45.655 45.578 45.644 46.079 44.94 42.754 41.183 41.184 41.123 41.114 41.059 41.068
53.057 53.221 53.354 53.484 53.652 53.806 53.986 54.13 54.292 54.451 54.386 54.247 54.1 53.93 49.455 45.681 45.674 49.626 53.033 53.154 53.235 53.417 53.501 53.627 53.735 53.87 53.999 54.139 54.259 54.353 54.526 54.664 54.783 55.13 54.849 54.78 54.635 54.484 54.389 53.879 46.756 45.665 45.689 45.668 45.703 45.89 48.735 46.418 45.722 45.71 45.679 45.647 45.658 45.648 45.626 45.599 45.558 45.653 46.544 45.59 45.565 46.227 45.62 45.644 45.729 43.905 41.272 41.078 41.072 41.092 41.052 41.026
52.885 53.081 53.214 53.412 53.574 53.668 53.856 54.036 54.18 54.339 54.428 54.365 54.069 48.056 45.688 45.913 50.813 53.022 53.199 53.304 53.437 53.518 53.687 53.824 53.923 54.05 54.176 54.26 54.472 54.598 54.688 54.82 54.886 54.861 54.731 54.629 54.449 54.339 54.203 54.069 53.1 47.37 45.705 45.718 47.567 49.106 48.943 48.437 46.337 45.683 45.684 45.689 45.623 45.627 45.651 45.612 45.867 46.29 46.215 45.75 46.469 46.133 46.415 45.611 45.698 45.655 45.062 41.996 41.133 41.04 41.033 41.035
52.506 52.919 53.043 53.237 53.405 53.555 53.723 53.838 54.038 54.229 54.376 54.155 46.638 45.692 49.511 52.161 53.612 53.207 53.669 53.452 53.615 53.721 53.826 53.967 54.067 54.184 54.355 54.442 54.595 54.714 54.867 54.906 54.867 54.655 54.569 54.453 54.311 54.205 54.055 53.912 53.795 52.274 46.028 48.755 49.116 48.917 48.8 48.596 46.51 45.691 45.654 45.644 45.671 45.662 45.608 45.606 46.549 46.101 45.8 46.248 46.064 46.313 46.05 46.113 45.737 46.35 45.683 46.324 43.752 41.128 41.095 41.03
46.872 51.377 52.975 53.135 53.271 53.434 53.582 53.748 53.932 54.085 49.806 45.681 45.714 49.565 52.951 53.091 53.243 53.533 53.512 53.659 53.716 53.9 53.974 54.111 54.195 54.359 54.496 54.646 54.753 54.85 54.939 54.8 54.615 54.528 54.409 54.264 54.131 54.001 53.873 53.813 53.605 53.502 52.399 49.874 48.895 48.73 47.075 45.973 45.679 45.661 45.643 45.647 45.628 45.681 46.072 45.626 45.791 45.885 45.578 45.529 45.904 46.048 47.291 45.815 46.408 46.19 45.61 45.695 47.371 44.581 41.145 41.038
45.589 47.111 52.768 52.973 53.136 53.327 53.473 53.613 53.859 49.517 46.494 45.669 50.729 53.073 53.158 53.276 53.371 53.482 53.661 53.773 53.917 53.994 54.141 54.265 54.399 54.534 54.613 54.776 54.881 54.857 54.739 54.661 54.504 54.366 54.241 54.072 54.021 53.87 53.744 53.621 53.465 53.346 53.195 52.294 48.785 47.39 45.729 45.706 45.702 45.68 45.657 45.611 46.085 46.811 46.128 45.924 45.645 45.732 45.522 45.545 45.534 45.543 45.992 45.49 45.608 45.713 46.428 45.657 45.629 45.055 42.11 41.191
45.628 47.392 52.214 52.81 53.018 53.173 53.311 53.566 48.387 45.706 45.713 45.806 52.255 53.145 53.32 53.444 53.537 53.675 53.806 53.963 54.094 54.259 54.352 54.502 54.564 54.662 54.799 55.233 54.895 54.725 54.618 54.456 54.313 54.204 54.104 53.985 53.842 53.681 53.619 53.417 53.317 53.206 53.037 52.846 46.172 46.739 45.844 45.72 45.693 45.679 45.7 46.123 46.793 46.728 45.836 45.664 45.589 45.981 45.536 45.537 45.53 45.508 45.504 45.468 45.72 46.211 45.985 45.544 46.051 45.778 45.788 44.076
45.903 48.127 48.152 52.622 52.939 53.022 53.078 46.504 45.677 45.694 49.688 52.366 53.225 53.327 53.445 53.653 53.738 53.846 53.978 55.02 54.326 54.376 54.502 54.633 54.767 54.902 54.951 54.867 54.698 54.566 54.495 54.325 54.199 54.084 53.914 53.778 53.708 53.526 53.415 53.264 53.159 53.053 49.045 46.484 45.831 46.158 45.687 45.669 45.663 45.666 45.645 45.817 46.076 46.019 45.727 45.875 45.574 45.651 45.511 45.514 45.511 45.544 45.94 46.442 46.582 45.796 46.067 46.423 45.982 45.921 45.614 45.752
45.56 47.196 48.846 47.909 51.466 48.999 46.389 45.66 45.847 52.213 53.081 53.231 53.368 53.453 53.635 53.732 53.902 54.063 54.15 54.233 54.4 54.53 54.65 54.744 54.97 54.921 54.834 54.657 54.513 54.358 54.301 54.156 54.034 53.883 53.763 53.672 53.496 53.406 53.248 53.147 52.999 52.608 45.905 45.754 45.732 45.764 45.697 45.669 45.763 46.682 45.918 45.587 45.655 45.601 46.885 45.887 45.513 45.529 45.544 45.488 45.494 45.779 46.569 46.586 45.517 46.069 46.439 46.047 46.058 45.756 45.629 45.623
45.574 45.592 47.973 46.546 47.644 45.67 45.663 49.573 52.345 53.146 53.237 53.404 53.494 53.633 53.777 53.852 54.036 54.197 54.333 54.449 54.538 54.713 54.831 55.001 54.903 54.803 54.64 54.532 54.368 54.249 54.163 54.014 53.888 53.717 53.611 53.487 53.342 53.234 53.08 52.923 49.019 45.834 45.785 45.743 45.711 45.697 45.66 45.65 45.685 46.1 45.943 45.615 46.166 45.526 45.524 45.481 45.509 45.476 45.518 45.497 45.525 46.48 45.859 45.655 46.234 45.826 45.938 45.76 46.335 46.65 45.669 45.657
45.579 49.09 48.769 49.476 46.294 47.253 49.591 52.997 53.176 53.279 53.404 53.537 53.7 53.822 53.898 54.081 54.185 54.319 54.47 54.605 54.724 54.853 55.235 54.891 54.757 54.602 54.491 54.36 54.2 54.109 53.955 53.825 53.689 53.567 53.476 53.292 53.18 53.07 52.651 46.815 45.787 45.768 45.775 45.707 45.727 45.702 45.696 46.557 46.616 45.73 45.653 46.816 46.354 45.562 45.526 45.492 45.512 45.513 45.521 46.286 45.97 45.907 45.888 45.711 45.581 46.282 45.507 45.505 45.573 46.848 46.195 45.633
51.014 52.12 53.281 52.27 47.508 45.744 50.192 53.108 53.344 53.459 53.589 53.679 53.843 53.96 54.096 54.189 54.34 54.491 54.654 54.706 54.919 55.042 55.117 54.693 54.557 54.466 54.281 54.213 54.084 53.95 53.79 53.688 53.572 53.415 53.305 53.158 53.071 51.298 45.835 45.801 45.777 45.777 45.728 45.731 45.697 45.662 45.648 46.212 45.889 46.168 46.696 46.105 45.526 45.529 45.524 45.48 45.491 45.6 45.984 47.292 46.271 46.077 46.186 46.124 45.538 45.519 45.507 45.476 47.169 46.592 45.782 45.684
52.411 52.647 53.292 52.821 46.351 45.481 45.615 52.139 53.472 53.586 53.726 53.831 53.956 54.098 54.234 54.378 54.561 54.642 54.787 54.956 54.936 55.551 54.821 54.608 54.412 54.265 54.18 54.013 53.884 53.798 53.668 53.556 53.389 53.271 53.16 53.045 49.108 45.845 45.785 45.738 45.757 45.709 45.688 45.658 45.645 45.639 45.626 45.652 46.189 46.782 45.863 45.573 45.529 45.5 45.508 45.553 46.213 47.473 46.872 45.973 47.828 46.153 45.875 45.743 45.515 45.484 45.46 45.459 45.782 45.529 45.599 46.046
52.967 48.723 45.543 48.31 45.601 45.585 45.596 46.221 53.406 53.753 53.864 54.009 54.15 54.295 54.436 54.527 54.671 54.788 54.918 54.905 54.771 54.653 54.48 54.411 54.228 54.189 53.99 53.873 53.755 53.618 53.439 53.36 53.242 53.141 52.941 47.884 45.815 45.802 45.749 45.716 45.697 45.706 45.662 46.823 46 45.599 45.571 45.58 46.71 46.03 45.623 45.557 45.506 45.519 45.504 45.709 47.367 46.021 46.447 46.345 46.009 45.553 45.545 45.51 45.483 45.458 45.488 45.451 45.447 46.454 45.83 45.606
52.249 46.746 45.482 45.523 45.527 45.571 45.586 45.665 47.382 53.791 54.037 54.182 54.338 54.424 54.574 54.717 54.864 54.908 54.899 54.711 54.618 54.475 54.386 54.232 54.125 53.963 53.816 53.699 53.577 53.457 53.323 53.181 53.105 52.805 46.661 46.931 46.032 45.765 45.739 45.724 45.692 46.017 45.696 45.617 46.013 45.668 45.55 45.519 45.524 45.523 45.537 45.533 45.52 45.564 47.275 45.978 45.954 46.449 45.746 46.341 45.686 45.537 45.515 45.509 45.504 45.504 45.452 45.494 46.066 46.007 45.778 45.644
48.929 45.476 45.542 45.455 45.526 45.531 45.544 45.579 45.683 48.07 54.138 54.338 54.452 54.59 54.717 54.884 54.929 54.86 54.7 54.576 54.486 54.286 54.204 54.029 53.896 53.803 53.691 53.575 53.423 53.283 53.203 53.036 52.764 46.627 46.419 45.939 45.777 45.733 45.739 45.692 46.315 46.141 46.413 45.621 45.736 45.553 45.54 45.532 45.545 45.523 45.507 45.528 46.81 47.324 45.963 46.771 45.554 46.368 46.592 45.743 45.638 45.515 45.521 45.515 45.503 45.502 46.39 45.719 45.819 45.938 45.592 46.678
46.329 45.518 45.514 45.478 45.535 45.562 45.588 45.566 45.574 45.577 52.632 54.5 54.577 54.757 54.853 54.915 54.758 54.726 54.535 54.434 54.275 54.146 54.023 53.873 53.755 53.623 53.515 53.383 53.253 53.122 53.003 49.095 46.529 45.815 45.814 45.789 45.721 45.72 45.681 46.5 46.205 46.308 45.656 46.173 45.904 45.751 45.546 45.54 45.504 45.489 45.525 47.131 46.63 46.75 46.227 46.163 46.263 45.568 45.609 45.498 45.523 45.47 45.497 45.5 45.508 46.276 46.519 46.05 45.828 45.646 45.667 46.543
45.589 45.537 45.51 45.485 45.517 45.521 45.55 45.565 45.566 45.572 45.578 52.871 54.77 54.92 54.916 54.763 54.627 54.544 54.397 54.306 54.14 54.052 53.89 53.711 53.65 53.516 53.39 53.219 53.108 53.015 49.109 45.83 45.81 45.786 45.744 45.715 45.688 45.682 45.799 46.571 46.306 45.598 45.574 45.922 45.959 45.564 45.551 45.506 45.529 45.527 45.529 46.015 48.055 45.803 46.194 45.686 46.026 45.64 45.503 45.518 45.512 45.49 45.487 45.505 45.604 45.99 46.031 45.617 45.747 45.716 46.59 47.094
45.89 45.546 45.503 45.516 45.518 45.497 45.51 45.518 45.555 45.575 45.557 47.468 54.666 54.861 54.741 54.618 54.472 54.357 54.278 54.077 53.974 53.854 53.713 53.556 53.453 53.315 53.181 53.085 52.736 46.578 45.895 47.192 45.796 45.756 45.736 45.694 45.693 46.747 45.639 45.851 45.592 46.308 45.597 45.556 45.56 45.544 45.537 45.539 45.539 45.528 45.553 45.54 46.178 46.506 45.769 45.745 45.573 45.52 45.499 45.515 45.459 45.488 45.713 45.577 45.85 46.094 45.689 45.713 45.73 46.797 46.515 42.676
45.438 45.692 45.512 45.485 45.504 45.493 45.495 45.506 45.555 45.522 45.505 45.554 47.351 54.424 54.584 54.461 54.317 54.225 54.1 53.917 53.783 53.689 53.544 53.456 53.339 53.179 53.069 52.698 45.844 46.606 48.004 46.717 45.704 45.674 45.716 45.795 46.144 46.078 45.85 46.422 45.787 45.773 45.974 45.568 45.518 45.552 45.542 45.527 45.562 45.526 45.542 45.558 45.554 46.318 46.302 45.556 45.577 45.513 45.515 45.495 45.496 45.632 46.763 45.563 45.88 45.739 45.737 45.78 45.705 45.889 43.664 41.686
45.356 46.289 45.545 45.491 45.514 45.51 45.466 45.457 45.505 45.514 45.539 45.579 45.567 52.019 54.401 54.272 54.126 54.003 53.923 53.796 53.691 53.546 53.394 53.244 53.129 52.921 47.799 45.793 46.102 46.383 45.796 45.637 45.651 45.797 46.39 45.913 45.822 45.809 46.334 45.761 46.127 45.535 45.515 45.521 45.542 45.531 45.55 45.581 46.448 45.564 45.559 45.547 45.56 45.565 45.654 45.568 45.518 45.522 45.538 45.503 45.558 46.516 45.959 45.676 45.617 45.716 45.718 45.749 46.999 45.12 42.104 42.278
45.164 45.248 45.564 45.496 45.5 45.516 45.45 45.438 45.511 45.485 45.53 45.552 46.532 45.673 52.491 54.098 53.956 53.899 53.74 53.609 53.444 53.363 53.258 53.111 52.881 49.086 45.779 45.727 45.668 45.573 45.588 45.59 45.58 46.3 45.993 45.947 46.14 45.775 45.569 46.222 45.54 45.54 45.498 45.554 45.546 45.544 45.528 45.532 45.724 46.125 45.572 45.56 45.527 45.528 45.557 45.518 45.573 45.551 45.695 46.076 46.516 45.809 45.746 45.686 45.726 45.733 45.739 45.776 46.251 42.248 41.863 47.963
45.086 45.149 45.8 45.655 46.172 46.066 45.499 45.49 45.528 45.492 45.521 45.473 45.682 45.536 45.608 52.262 53.831 53.744 53.542 53.468 53.298 53.229 53.075 52.902 48.244 45.753 45.708 45.643 45.624 45.574 45.581 46.255 46.326 45.974 45.952 46.105 46.015 46.72 45.556 45.545 45.488 45.494 45.515 46.678 46.295 45.668 45.564 45.58 45.572 45.844 46.302 45.53 45.524 45.496 45.515 45.557 45.545 45.535 45.556 46.253 45.581 45.572 45.56 45.616 45.666 45.718 45.948 45.859 43.947 42.006 46.742 48.838
45.051 45.024 45.936 45.532 49.334 48.179 45.664 51.205 47.851 45.532 45.461 45.473 45.527 45.538 45.525 45.7 53.476 53.508 53.395 53.295 53.179 53.097 52.797 49.473 46.33 45.658 45.625 45.596 45.6 45.608 46.807 45.919 46.694 45.756 46.152 46.574 46.474 45.827 45.543 45.517 45.532 49.075 45.778 46.931 45.833 46.147 47.015 45.751 45.571 45.546 45.58 45.543 45.488 45.484 45.517 45.561 45.556 45.531 45.528 45.551 45.55 45.578 45.544 45.651 45.665 45.692 45.922 43.77 41.836 45.606 48.828 48.98
45.115 45.018 45.098 46.408 50.287 48.84 45.529 51.339 51.781 47.057 45.454 45.439 45.449 45.509 45.546 45.515 46.148 53.153 53.303 53.137 53.025 50.394 47.623 46.211 45.642 45.612 45.565 45.569 45.625 45.613 46.889 46.471 45.654 45.6 46.349 46.847 46.004 45.495 45.493 45.614 51.298 50.767 48.779 49.668 50.026 47.868 45.919 48.224 45.88 45.684 45.539 45.524 45.484 45.514 45.956 45.749 45.536 45.568 45.574 45.548 45.558 46.105 46.256 45.75 45.644 46.348 45.537 41.99 41.797 48.041 48.96 49.097
45.108 45.055 45.023 45.013 48.181 51.284 49.895 53.081 48.156 51.388 48.532 45.541 45.46 45.476 45.575 45.485 45.535 51.01 53.158 53.048 48.082 46.277 45.906 45.651 45.593 45.589 45.552 45.553 46.657 45.899 46.245 45.868 45.761 45.522 45.77 45.552 45.509 45.533 45.497 45.684 51.396 51.208 48.658 50.492 52.375 51.235 46.954 45.859 45.841 45.812 45.857 45.557 45.533 45.534 45.528 46.526 45.718 45.554 45.565 45.569 45.786 46.256 46.126 45.957 46.782 45.781 42.346 41.978 47.923 48.882 49.033 49.217
45.149 45.065 45.07 45.058 45.129 51.222 54.162 51.991 52.438 51.939 48.402 47.003 45.825 51.399 48.612 47.357 46.793 45.518 49.117 46.296 45.574 45.828 46.517 45.599 45.563 45.505 45.934 46.215 46.246 46.26 46.203 46.371 46.725 45.784 45.517 45.551 45.542 45.514 49.402 53.217 48.809 48.394 46.59 52.282 52.362 52.333 52.362 51.031 47.564 47.098 45.942 45.794 45.956 45.68 45.533 45.515 45.589 45.77 45.829 45.592 46.271 46.498 45.669 45.714 45.804 43.568 41.833 47.126 48.798 49.022 49.16 49.271
45.122 45.08 45.065 45.053 45.013 46.004 50.008 53.759 52.958 53.355 46.996 47.141 48.417 51.044 54.668 55.19 52.008 45.822 45.474 45.534 45.696 45.497 45.49 45.527 45.527 45.496 45.687 46.447 45.827 45.543 46.423 46.635 45.554 45.514 45.475 45.519 45.51 45.723 51.411 53.655 51.408 46.774 50.611 52.424 52.407 52.36 52.404 52.348 52.388 51.229 47.87 47.068 45.971 46.176 45.829 46.122 46.01 46.615 45.874 46.316 46.377 45.733 45.721 45.735 45.237 41.916 42.946 48.09 48.974 49.132 49.261 49.442
45.744 45.094 45.031 45.028 44.997 45.062 45.908 45.498 44.818 48.514 48.917 50.655 49.194 48.36 54.5 57.568 51.096 48.003 51.705 47.513 51.099 45.579 45.467 45.477 45.496 45.482 45.502 45.708 45.842 45.494 45.624 45.567 45.493 45.532 45.526 45.514 45.507 45.523 48.308 49.348 47.173 45.693 48.04 51.089 52.283 52.421 52.396 52.373 52.399 52.359 52.365 50.961 47.561 46.002 45.849 45.921 46.685 45.867 45.637 45.68 45.716 45.697 45.982 45.746 42.096 41.872 47.973 48.926 49.093 49.237 49.367 49.531
