dsm/se2837_DSM_2M.asc
ncols 500
nrows 500
xllcorner    428000
yllcorner    437000
cellsize     2
NODATA_value -9999
[rows 124 to 154 of 500, columns 142 to 212 of 500]
99.346 99.254 99.279 98.921 98.794 98.656 98.521 98.471 98.454 98.742 98.964 99.602 99.489 99.067 99.427 99.319 99.332 98.534 98.357 98.512 98.542 98.362 98.559 98.747 98.732 99.197 98.784 98.614 98.564 98.619 98.614 98.584 98.567 98.617 98.892 100.349 102.692 103.409 103.147 103.124 103.102 103.072 103.202 103.017 105.712 104.102 104.027 106.229 106.174 105.949 106.174 107.272 106.422 104.914 102.989 103.564 102.367 102.364 102.359 102.584 102.767 102.422 102.392 102.742 103.729 102.534 102.119 102.107 102.464 102.057 102.059
99.216 99.289 99.394 98.994 98.729 98.526 98.416 98.316 98.287 98.284 98.379 98.512 99.224 99.109 99.432 99.102 99.022 98.337 98.267 98.414 98.627 98.379 98.264 98.512 98.984 99.159 99.054 98.554 98.399 98.492 98.514 98.462 98.494 98.472 98.717 99.782 102.137 103.114 103.057 104.439 103.779 102.934 102.914 102.892 102.857 102.839 102.829 102.849 102.767 103.469 104.602 106.012 102.719 104.237 104.177 102.647 102.382 102.394 105.592 104.252 102.807 103.059 102.394 103.177 104.434 102.897 102.059 102.049 103.119 102.054 101.992
99.184 99.061 98.899 98.826 98.489 98.399 98.319 98.264 98.272 98.257 98.209 98.207 98.232 98.232 98.249 98.214 98.464 98.187 98.092 98.082 98.179 98.274 98.392 98.509 98.514 98.527 98.504 98.794 98.477 98.437 98.352 98.324 98.314 98.344 98.524 99.462 102.282 103.179 102.894 104.964 105.442 106.327 106.374 106.387 106.374 106.389 106.389 104.702 102.647 102.634 104.364 102.882 102.564 102.512 104.204 102.677 102.642 103.212 109.297 104.324 103.124 102.924 104.092 103.174 104.337 102.044 102.032 102.027 102.242 102.007 101.962
99.169 98.874 98.751 98.594 98.359 98.329 98.304 98.254 98.259 98.294 98.302 98.297 98.212 98.072 98.047 98.074 98.054 97.992 97.892 97.929 97.954 98.087 98.244 98.262 98.172 98.174 98.437 98.569 98.504 98.322 98.269 98.194 98.159 98.269 98.327 98.792 100.589 102.889 103.224 105.089 105.622 106.379 107.499 107.577 107.602 107.604 107.064 104.397 102.627 102.604 102.587 102.744 102.479 102.464 103.287 103.132 102.432 102.412 102.257 101.994 102.597 102.932 103.049 102.969 103.842 102.514 102.219 103.282 102.129 101.977 101.937
99.014 98.734 98.619 98.421 98.284 98.259 98.106 98.054 98.119 98.162 98.174 98.167 98.162 98.102 98.039 97.939 97.962 97.914 97.854 97.829 97.762 97.909 97.974 98.017 98.184 98.302 98.237 98.309 98.332 98.367 98.144 98.037 98.009 98.107 98.214 98.452 99.789 102.244 103.587 105.114 105.479 106.347 107.539 107.964 107.987 107.964 107.077 104.424 102.614 102.639 102.569 102.634 102.204 102.514 102.229 102.324 102.184 102.059 102.077 102.024 104.004 102.534 102.114 102.229 102.862 102.402 102.472 105.894 105.762 105.402 103.369
98.734 98.566 98.524 98.324 98.254 98.121 97.951 98.024 97.949 98.097 98.089 98.112 98.092 98.134 97.959 97.882 98.132 98.629 98.174 97.744 97.777 97.854 97.837 97.847 97.894 97.942 97.969 98.052 98.049 98.104 98.012 97.919 97.904 97.994 98.107 98.449 100.249 101.444 103.034 105.092 105.334 106.317 106.779 106.772 106.754 106.767 106.739 104.312 102.527 102.534 102.792 102.359 102.129 102.349 102.212 102.182 102.159 102.057 102.067 102.044 104.077 103.564 101.732 101.799 101.737 101.704 101.689 105.757 104.122 103.442 105.639
98.614 98.494 98.409 98.271 98.179 98.056 97.946 97.886 97.972 98.362 98.112 98.307 98.292 98.079 97.969 97.882 97.709 98.559 98.699 98.804 98.369 98.499 97.919 97.789 97.817 97.857 97.847 97.909 97.962 97.939 97.887 97.824 97.832 97.872 98.004 98.959 100.577 101.562 102.874 102.772 102.892 105.519 105.499 103.352 105.264 103.574 103.452 102.594 102.442 102.404 102.377 102.437 102.079 102.132 102.169 102.257 102.142 102.059 102.067 102.057 104.169 104.029 101.804 101.684 101.652 101.552 101.509 101.629 102.869 104.362 101.769
98.501 98.439 98.339 98.261 98.119 98.001 97.944 97.964 97.984 97.989 98.062 98.112 98.087 97.982 97.939 97.929 97.659 98.202 98.482 98.694 98.337 98.587 98.607 97.984 97.864 97.839 97.839 97.934 98.047 97.892 97.797 97.709 97.754 97.742 97.932 98.199 99.062 100.034 103.564 102.617 102.574 103.242 103.517 102.789 103.084 103.117 102.684 102.427 102.462 102.337 102.452 102.297 102.109 102.112 102.069 102.072 102.042 102.067 102.067 102.064 102.282 102.012 102.534 102.377 102.229 101.529 101.267 101.299 101.392 101.362 101.344
98.369 98.356 98.321 98.196 98.056 97.969 97.869 97.941 97.929 97.907 98.102 98.162 98.037 98.017 97.974 97.792 97.454 98.182 98.804 98.317 98.517 98.077 99.554 98.217 97.904 97.822 97.777 97.837 97.869 97.842 97.722 97.654 97.634 97.594 97.662 98.177 98.329 99.279 102.614 102.714 102.444 102.387 102.317 102.244 102.284 102.312 102.252 102.304 102.472 102.522 102.747 102.242 102.054 102.044 102.342 103.134 104.297 106.452 107.484 107.814 102.034 101.974 102.184 102.344 101.594 101.799 103.972 101.667 101.227 101.284 101.234
98.289 98.289 98.186 98.131 98.004 97.904 97.836 97.849 97.879 98.132 98.002 98.107 97.849 97.807 97.647 97.372 97.232 97.489 97.574 97.622 97.932 97.714 97.717 97.859 97.834 97.849 97.807 97.804 97.752 97.774 97.682 97.624 97.579 97.567 97.609 98.174 97.974 99.317 101.892 102.712 102.349 102.309 102.247 102.229 102.207 102.189 102.172 102.159 102.129 102.094 102.167 102.417 102.057 102.059 108.002 108.317 108.527 108.479 108.902 108.184 102.437 102.627 101.994 101.827 103.234 104.039 103.954 103.967 101.409 101.189 101.132
98.139 98.111 98.099 98.019 97.966 97.891 97.809 97.826 98.009 97.972 97.904 97.829 97.744 97.609 97.272 96.994 97.112 97.352 97.504 97.537 97.682 97.632 97.842 97.664 97.737 97.914 97.764 97.692 97.647 97.672 97.649 97.632 97.589 97.584 97.554 97.547 98.004 97.874 101.514 102.759 102.354 102.257 102.207 102.119 102.144 102.162 102.177 102.157 102.129 102.057 102.084 102.164 102.012 102.034 107.934 109.142 109.764 109.799 109.592 108.372 102.992 102.702 102.252 103.569 104.074 104.024 104.804 104.114 103.969 101.347 101.144
98.091 98.026 98.074 97.989 97.946 97.881 97.866 97.804 97.779 97.987 97.894 97.737 97.612 97.442 97.154 96.689 97.109 97.259 97.489 97.519 97.512 97.417 97.882 97.727 97.812 97.637 97.702 97.657 97.652 97.587 97.564 97.527 97.539 97.542 97.512 97.499 97.559 97.707 98.222 102.777 102.362 102.244 102.047 101.954 101.939 101.934 101.909 101.912 101.924 102.419 102.052 102.062 102.024 101.994 107.729 108.897 108.882 108.707 108.514 108.294 104.249 101.992 102.102 104.077 104.067 104.192 106.764 106.934 103.929 103.977 101.364
97.939 97.931 97.886 97.961 97.944 97.866 97.881 97.839 97.782 97.824 97.827 97.684 97.492 97.344 100.379 96.397 96.962 97.187 97.269 97.147 97.384 97.317 97.374 97.577 97.472 97.579 97.454 97.462 97.579 97.447 97.494 97.494 97.512 97.464 97.444 97.519 97.582 97.657 98.107 103.224 103.577 102.167 102.009 101.942 101.947 101.922 102.707 102.079 102.322 101.914 101.992 102.004 101.989 101.979 106.434 107.819 107.647 105.554 106.499 102.019 101.987 101.969 102.789 104.059 104.497 106.934 107.732 107.674 106.764 103.809 101.239
97.849 97.759 97.776 97.776 97.774 97.909 97.746 97.754 97.912 97.697 97.719 97.577 97.344 97.114 96.284 95.884 96.629 97.114 96.979 97.052 97.097 97.384 97.204 97.339 97.304 97.354 97.329 97.377 97.362 97.362 97.399 97.454 97.472 97.512 97.454 97.457 97.689 97.704 98.212 101.964 103.389 103.124 102.599 102.722 102.512 102.342 102.174 101.777 101.747 101.709 101.774 102.594 101.947 101.929 101.969 101.994 101.944 101.887 101.839 102.004 101.864 101.892 103.017 104.042 106.662 107.652 108.099 107.314 105.027 101.372 102.357
97.751 97.709 97.629 97.756 97.749 97.784 97.811 97.801 97.834 97.712 97.602 97.432 97.052 96.447 95.764 95.702 96.432 96.684 96.834 96.907 96.992 97.022 97.074 97.129 97.194 97.282 97.197 97.362 97.279 97.259 97.437 97.502 97.437 97.547 97.479 97.579 97.524 97.812 99.504 101.654 102.442 101.934 101.882 101.837 101.782 101.752 101.747 101.742 101.729 101.724 101.727 102.317 101.834 101.799 101.614 101.642 101.549 101.397 101.634 101.644 101.707 101.977 101.149 102.982 103.974 106.899 107.147 103.007 101.447 101.204 100.742
97.696 97.801 97.569 97.736 97.694 97.744 97.766 97.744 97.747 97.679 97.454 96.912 96.224 98.072 95.517 95.642 96.234 96.427 96.752 96.772 96.819 96.879 96.952 96.967 97.049 97.114 97.057 97.337 97.207 97.349 97.377 97.429 97.429 97.324 97.612 97.602 97.852 97.869 98.944 101.342 102.132 101.907 101.877 101.824 101.739 101.704 101.654 101.584 101.682 101.719 101.699 101.704 103.644 101.664 101.562 101.429 101.399 101.382 101.497 101.492 101.534 101.289 101.492 101.144 103.497 104.567 102.084 101.229 100.782 100.712 100.689
97.644 97.799 97.599 97.771 97.604 97.734 97.679 97.744 97.609 97.659 96.979 96.312 97.579 95.497 95.462 95.547 95.982 96.294 96.582 96.632 96.707 96.769 96.804 96.857 96.907 96.972 97.022 97.059 97.087 97.077 97.109 97.122 97.289 97.214 97.232 97.209 97.472 97.967 98.557 101.512 101.967 101.874 101.837 101.769 101.692 104.562 104.794 104.859 101.574 101.594 101.882 101.789 102.032 102.174 101.499 101.337 101.317 101.442 102.329 101.357 101.337 102.317 101.124 101.099 101.107 101.057 100.867 100.744 101.032 102.069 100.617
97.621 97.614 97.536 97.549 97.619 97.706 97.669 97.669 97.474 96.917 96.252 96.039 95.652 95.402 95.444 95.444 95.567 96.059 96.237 96.459 96.559 96.594 96.649 96.759 96.889 96.742 96.849 96.837 96.852 96.922 96.919 96.927 97.052 97.124 97.074 97.089 97.344 97.557 98.212 100.959 101.982 101.894 101.822 101.712 101.677 104.404 105.134 106.929 109.202 108.657 107.379 103.114 102.184 101.434 101.397 101.344 101.912 101.309 101.254 101.189 101.294 101.164 101.119 101.049 100.979 100.749 101.162 103.512 105.247 106.322 106.277
97.531 97.724 97.589 97.536 97.661 97.634 97.569 97.496 96.817 96.269 95.872 95.614 95.382 96.182 95.477 95.487 95.457 95.447 95.774 96.249 96.422 96.404 96.554 96.627 96.724 96.699 96.804 96.749 96.677 96.744 96.762 96.769 96.932 97.064 97.164 96.974 97.272 97.659 99.969 102.449 101.984 102.019 101.744 101.702 101.684 103.599 104.504 109.362 109.399 108.722 107.577 104.357 101.484 102.952 101.312 101.232 101.142 101.177 101.179 101.659 101.564 101.257 101.054 100.872 100.804 100.717 101.942 106.874 107.274 107.494 106.484
97.474 97.564 97.494 97.539 97.591 97.541 97.389 96.756 96.069 96.847 95.509 95.359 95.352 95.434 95.472 95.507 95.459 95.447 95.692 96.047 96.127 96.189 96.367 96.459 96.494 96.567 96.587 96.614 96.662 96.714 96.734 96.832 96.832 96.969 97.232 97.159 97.309 97.147 98.047 102.507 102.117 101.752 101.592 101.612 101.677 102.747 103.972 109.352 109.399 108.537 107.832 102.864 101.417 101.337 101.239 101.087 101.132 101.199 101.177 101.587 101.104 101.107 103.477 100.824 100.742 100.704 101.587 106.672 107.904 107.904 106.712
97.526 97.511 97.486 97.454 97.536 97.429 96.821 95.979 95.634 95.367 95.332 95.334 95.352 95.379 95.439 95.474 95.557 95.529 95.764 95.969 95.967 96.064 96.192 96.269 96.302 96.384 96.542 96.659 96.644 96.617 98.087 96.749 97.539 96.869 97.204 97.127 96.904 97.014 97.387 101.292 102.119 101.839 101.544 101.597 101.632 101.512 101.499 109.004 109.389 109.297 107.997 103.742 102.294 102.524 101.202 101.019 101.122 101.162 101.164 101.149 101.097 101.049 106.284 102.714 100.774 100.707 100.689 106.477 107.707 108.229 106.937
97.384 97.359 97.424 97.421 97.499 97.296 96.121 95.524 95.379 95.349 95.317 95.364 95.342 95.362 95.434 95.732 95.774 95.697 95.814 95.927 95.907 95.962 96.059 96.119 96.194 96.327 96.484 96.619 96.579 96.624 96.782 96.944 97.084 96.829 96.797 97.147 96.992 96.979 97.127 99.037 101.694 101.834 101.479 101.544 101.519 101.497 101.489 106.462 109.377 109.397 108.219 105.092 101.577 105.457 105.779 100.984 101.072 101.102 101.112 101.109 101.037 101.027 106.352 101.899 100.894 100.659 100.639 106.269 107.464 108.277 107.134
97.374 97.359 97.371 97.331 97.291 98.004 95.779 95.311 95.332 95.304 95.372 95.429 95.562 95.639 95.642 96.154 96.097 96.044 95.984 95.919 95.812 95.847 95.884 96.027 96.062 96.197 96.369 96.572 96.534 96.584 96.622 96.794 96.854 96.739 96.859 96.764 96.854 96.892 97.092 98.114 101.239 102.732 103.079 103.202 101.632 101.534 101.489 104.509 108.004 109.267 108.394 107.132 101.407 105.452 105.787 101.137 100.982 101.024 101.054 101.032 100.932 101.004 100.827 100.719 100.657 100.644 100.629 104.307 107.232 107.199 106.992
97.434 97.404 97.349 97.311 96.634 96.041 95.316 95.294 95.302 95.339 95.547 98.174 96.187 96.924 96.067 95.989 96.379 96.387 96.372 96.162 95.839 95.737 95.729 95.879 96.002 96.104 96.569 96.509 96.472 96.544 96.662 96.769 96.979 96.572 96.654 96.752 96.814 96.804 97.009 97.569 100.602 102.554 101.514 101.424 101.454 101.352 101.529 102.759 107.777 108.954 108.574 107.332 101.512 101.304 103.334 103.934 100.892 100.904 100.962 100.932 101.674 107.549 104.397 100.699 100.647 100.617 100.649 102.202 104.874 103.144 100.694
97.484 97.466 97.709 97.386 96.979 95.429 95.291 95.279 97.804 95.982 96.662 97.392 98.554 96.777 96.644 96.982 97.697 96.694 96.647 96.617 96.184 95.777 95.687 97.289 95.839 95.967 96.519 98.069 96.484 96.564 96.629 96.582 96.677 96.572 96.577 96.612 96.702 96.744 96.947 97.057 100.022 102.239 101.507 101.379 101.399 101.527 101.442 101.619 107.552 107.942 107.642 107.439 101.484 101.337 101.902 103.209 101.289 100.792 100.847 100.849 101.099 106.072 104.552 100.682 100.637 100.604 100.614 100.604 100.639 100.634 101.034
97.841 97.979 97.941 97.071 95.891 95.366 95.284 95.366 98.844 98.447 97.054 97.092 97.002 97.017 97.064 96.974 96.914 96.999 98.334 96.969 96.589 95.782 95.657 95.782 95.734 95.819 95.979 101.629 96.447 96.559 96.602 96.512 96.709 96.542 96.454 96.504 96.532 96.627 96.752 96.964 99.442 101.462 101.454 101.324 101.312 101.312 101.439 101.449 103.302 102.759 101.449 101.427 102.082 101.944 101.269 100.987 100.899 100.762 100.772 100.772 100.712 100.769 100.719 100.624 100.439 100.297 100.219 100.217 100.232 100.242 102.587
102.049 99.074 97.736 96.801 95.566 95.316 95.361 95.736 96.549 99.759 97.099 96.914 97.102 97.014 97.029 97.212 97.087 97.674 98.249 97.934 97.162 96.212 95.677 95.774 95.924 96.027 95.987 96.194 96.367 96.539 96.522 96.409 96.474 96.569 96.364 96.347 96.382 96.537 96.624 96.784 97.737 100.254 103.072 103.214 101.287 101.959 101.699 101.414 101.389 101.244 101.084 101.102 100.837 100.827 100.807 101.174 100.827 100.739 100.697 100.709 100.639 100.712 100.559 100.412 100.229 103.212 105.439 105.922 106.119 100.509 100.509
98.436 98.156 97.031 95.934 95.416 95.339 95.876 98.004 97.107 97.114 97.047 97.082 97.207 97.569 97.124 97.224 97.477 98.422 98.547 98.329 98.217 97.104 96.207 95.812 96.079 96.152 96.224 96.267 96.284 96.402 96.784 96.514 96.384 96.417 96.339 96.394 96.374 96.332 96.587 96.719 97.349 103.172 101.849 102.234 103.014 103.714 102.457 101.002 100.899 102.227 104.382 105.354 106.594 100.819 101.627 101.182 100.739 100.724 100.624 100.657 100.584 100.692 101.642 100.412 100.402 104.957 106.814 107.077 106.699 103.269 100.687
98.261 97.831 96.514 95.606 95.359 95.514 96.491 97.839 97.287 97.212 97.049 97.144 97.817 97.177 97.269 97.737 99.057 98.914 99.089 99.379 99.174 98.422 97.884 96.609 95.947 96.214 96.247 96.254 96.214 96.297 96.584 96.514 96.342 96.322 96.322 96.297 96.294 96.317 96.384 96.609 97.347 100.302 102.117 103.894 103.787 103.219 102.509 101.049 100.924 106.302 107.367 107.567 107.219 102.184 100.742 100.719 100.954 101.504 100.562 100.597 100.542 100.622 102.927 100.434 100.352 105.537 106.694 107.832 106.917 105.034 101.244
98.269 97.514 96.834 95.526 95.354 95.841 96.871 97.274 97.372 97.159 97.144 97.162 97.284 97.307 97.552 98.737 99.609 102.012 103.362 104.749 101.222 99.427 98.699 97.494 96.399 95.972 96.187 96.172 96.309 96.252 96.267 96.304 96.334 96.267 96.219 96.159 96.154 96.302 97.742 96.529 97.872 100.414 101.289 101.252 101.254 101.244 101.029 100.789 103.844 106.077 107.527 108.549 107.427 106.007 100.767 101.394 101.727 102.084 100.504 100.547 100.494 100.524 101.507 100.532 100.379 102.244 106.514 107.932 108.019 107.409 101.847
98.206 97.054 95.936 95.481 95.384 95.726 96.989 97.184 97.187 97.272 97.289 97.219 97.372 97.604 100.502 99.552 102.492 100.309 102.927 104.634 101.092 99.467 99.412 98.134 96.869 96.284 96.027 96.134 96.177 96.182 96.242 96.252 96.277 96.254 96.192 96.112 96.112 96.222 96.282 96.489 96.962 102.247 101.279 101.262 101.267 101.254 101.204 100.774 103.689 105.102 107.364 108.739 107.642 105.932 103.589 100.664 100.624 100.654 100.477 100.472 100.427 100.427 100.582 100.424 100.294 102.437 106.272 107.504 108.024 107.997 103.507
