dsm/se2831_DSM_2M.asc
ncols 500
nrows 500
xllcorner    428000
yllcorner    431000
cellsize     2
NODATA_value -9999
[rows 384 to 415 of 500, columns 0 to 71 of 500]
40.266 40.235 40.179 40.217 40.278 40.254 40.212 40.206 40.24 40.262 40.295 40.277 40.238 40.237 40.272 40.284 40.303 40.313 40.311 40.359 40.32 40.336 40.336 40.279 40.311 40.327 40.304 40.337 40.3 40.275 40.312 40.295 40.29 40.24 40.256 40.243 40.256 40.256 40.242 40.307 40.356 40.337 40.339 40.275 40.244 40.215 40.222 40.183 40.197 40.203 40.19 40.303 40.336 40.348 40.984 40.288 40.28 40.281 40.252 40.292 40.328 40.316 40.323 40.304 40.32 40.299 40.339 40.342 40.354 40.383 40.352 40.389
40.297 40.259 40.242 40.156 40.227 40.223 40.19 40.221 40.251 40.285 40.246 40.222 40.222 40.246 40.267 40.278 40.288 40.301 40.323 40.35 40.35 40.342 40.338 40.336 40.286 40.264 40.265 40.285 40.325 40.313 40.322 40.315 40.257 40.236 40.246 40.231 40.212 40.232 40.225 40.269 40.303 40.278 40.306 40.349 40.265 40.232 40.21 40.207 40.225 40.207 40.169 40.232 40.312 40.31 40.493 40.537 40.289 40.273 40.307 40.269 40.27 40.305 40.315 40.353 40.366 40.322 40.314 40.309 40.38 40.367 40.355 40.394
40.31 40.26 40.238 40.239 40.229 40.168 40.184 40.225 40.211 40.196 40.161 40.236 40.238 40.2 40.297 40.289 40.31 40.315 40.295 40.293 40.301 40.314 40.325 40.306 40.279 40.258 40.251 40.273 40.324 40.32 40.332 40.337 40.255 40.264 40.22 40.243 40.225 40.225 40.233 40.311 40.336 40.369 40.356 40.329 40.315 40.224 40.235 40.242 40.204 40.184 40.167 40.202 40.279 40.349 40.447 41.36 40.304 40.324 40.384 40.305 40.307 40.306 40.327 40.352 40.32 40.315 40.339 40.35 40.384 40.342 40.397 40.393
40.327 40.297 40.299 40.249 40.238 40.201 40.173 40.127 40.175 40.233 40.208 40.225 40.297 40.284 40.297 40.315 40.33 40.307 40.284 40.296 40.296 40.279 40.261 40.282 40.271 40.256 40.298 40.298 40.31 40.311 40.33 40.307 40.332 40.247 40.255 40.25 40.238 40.241 40.261 40.292 40.312 40.308 40.327 40.337 40.335 40.255 40.237 40.251 40.176 40.138 40.164 40.227 40.208 40.339 40.292 41.428 40.55 40.359 40.368 40.29 40.33 40.323 40.334 40.304 40.34 40.298 40.351 40.395 40.392 40.386 40.4 40.413
40.357 40.342 40.349 40.267 40.262 40.235 40.228 40.209 40.242 40.273 40.247 40.253 40.251 40.282 40.292 40.299 40.315 40.3 40.305 40.278 40.273 40.276 40.275 40.243 40.254 40.292 40.307 40.308 40.303 40.316 40.29 40.324 40.313 40.275 40.252 40.253 40.228 40.245 40.262 40.3 40.282 40.322 40.355 40.286 40.26 40.283 40.265 40.215 40.206 40.201 40.209 40.234 40.237 40.325 40.335 41.426 41.653 40.429 40.338 40.358 40.319 40.316 40.271 40.321 40.317 40.322 40.374 40.375 40.404 40.355 40.455 40.434
40.415 40.423 40.379 40.335 40.294 40.272 40.238 40.201 40.271 40.271 40.293 40.312 40.315 40.322 40.297 40.292 40.297 40.306 40.298 40.252 40.258 40.247 40.206 40.19 40.254 40.287 40.303 40.325 40.318 40.338 40.306 40.329 40.271 40.331 40.259 40.248 40.204 40.2 40.235 40.247 40.302 40.294 40.334 40.328 40.301 40.305 40.272 40.224 40.248 40.182 40.233 40.224 40.243 40.281 40.37 40.344 41.45 40.744 40.338 40.376 40.339 40.334 40.319 40.355 40.342 40.378 40.371 40.374 40.4 40.412 40.431 40.463
40.481 40.453 40.405 40.36 40.322 40.291 40.268 40.257 40.261 40.34 40.301 40.314 40.334 40.29 40.312 40.306 40.284 40.274 40.243 40.189 40.185 40.196 40.193 40.225 40.241 40.28 40.302 40.326 40.306 40.324 40.315 40.288 40.278 40.317 40.291 40.259 40.219 40.255 40.293 40.296 40.309 40.296 40.305 40.311 40.289 40.303 40.252 40.199 40.173 40.183 40.173 40.201 40.222 40.246 40.286 40.392 41.629 42.027 40.405 40.393 40.355 40.358 40.376 40.335 40.371 40.325 40.349 40.361 40.413 40.401 40.41 40.44
40.523 40.5 40.438 40.429 40.372 40.306 40.334 40.334 40.313 40.324 40.315 40.31 40.32 40.305 40.276 40.258 40.244 40.259 40.209 40.196 40.127 40.152 40.218 40.226 40.271 40.313 40.277 40.285 40.326 40.313 40.3 40.281 40.298 40.314 40.313 40.298 40.296 40.27 40.277 40.273 40.304 40.28 40.306 40.313 40.31 40.299 40.296 40.208 40.207 40.197 40.228 40.237 40.222 40.294 40.402 40.671 40.587 42.258 40.783 40.388 40.364 40.332 40.366 40.341 40.395 40.37 40.404 40.4 40.433 40.416 40.422 40.381
40.609 40.583 40.531 40.482 40.449 40.372 40.348 40.33 40.336 40.3 40.309 40.263 40.263 40.292 40.313 40.258 40.237 40.208 40.193 40.167 40.166 40.183 40.2 40.211 40.245 40.295 40.322 40.296 40.33 40.318 40.312 40.322 40.322 40.283 40.29 40.331 40.281 40.29 40.294 40.285 40.244 40.294 40.256 40.305 40.313 40.336 40.329 40.21 40.231 40.243 40.19 40.188 40.203 40.268 40.372 40.431 40.302 40.79 41.289 40.443 40.383 40.376 40.375 40.394 40.341 40.367 40.404 40.413 40.451 40.411 40.424 40.436
40.694 40.666 40.606 40.578 40.495 40.421 40.434 40.384 40.343 40.311 40.287 40.315 40.328 40.349 40.367 40.29 40.249 40.248 40.219 40.188 40.177 40.164 40.19 40.231 40.265 40.284 40.297 40.333 40.282 40.311 40.306 40.294 40.288 40.298 40.302 40.294 40.323 40.292 40.29 40.266 40.248 40.29 40.309 40.325 40.304 40.31 40.321 40.339 40.266 40.256 40.217 40.226 40.198 40.402 40.328 40.564 40.326 40.232 42.228 40.756 40.395 40.41 40.391 40.395 40.413 40.377 40.432 40.402 40.401 40.408 40.425 40.4
40.822 40.779 40.772 40.628 40.557 40.498 40.457 40.411 40.366 40.303 40.276 40.315 40.353 40.347 40.352 40.317 40.27 40.248 40.217 40.184 40.155 40.166 40.173 40.203 40.244 40.28 40.299 40.321 40.301 40.267 40.306 40.302 40.283 40.29 40.29 40.294 40.315 40.321 40.318 40.293 40.301 40.323 40.334 40.3 40.293 40.318 40.37 40.39 40.314 40.253 40.185 40.195 40.162 40.169 40.199 40.246 40.365 40.347 42.39 41.325 40.45 40.395 40.427 40.412 40.438 40.393 40.401 40.38 40.383 40.401 40.42 40.427
40.899 40.918 40.836 40.716 40.639 40.558 40.504 40.415 40.399 40.334 40.317 40.301 40.318 40.338 40.304 40.318 40.313 40.27 40.238 40.172 40.131 40.135 40.172 40.263 40.274 40.27 40.296 40.332 40.312 40.307 40.282 40.284 40.286 40.327 40.323 40.319 40.312 40.3 40.284 40.332 40.321 40.309 40.337 40.285 40.317 40.308 40.295 40.32 40.341 40.315 40.224 40.211 40.174 40.182 40.164 40.232 40.344 40.43 41.428 42.437 41.493 40.411 40.376 40.389 40.394 40.412 40.395 40.392 40.374 40.415 40.413 40.424
40.966 40.939 40.929 40.859 40.708 40.62 40.561 40.469 40.426 40.364 40.346 40.288 40.29 40.315 40.261 40.327 40.362 40.283 40.241 40.16 40.106 40.051 40.145 40.224 40.299 40.285 40.301 40.287 40.305 40.3 40.292 40.309 40.298 40.308 40.31 40.305 40.303 40.337 40.321 40.358 40.309 40.296 40.327 40.324 40.303 40.311 40.319 40.315 40.328 40.311 40.276 40.18 40.13 40.16 40.158 40.275 40.282 40.349 40.323 41.717 41.585 40.408 40.401 40.4 40.381 40.37 40.378 40.365 40.403 40.384 40.368 40.412
41.02 41.013 40.969 40.895 40.791 40.668 40.568 40.509 40.47 40.398 40.377 40.327 40.31 40.321 40.32 40.357 40.352 40.31 40.239 40.183 40.098 40.092 40.141 40.234 40.302 40.266 40.303 40.29 40.298 40.315 40.307 40.298 40.297 40.302 40.278 40.298 40.31 40.328 40.31 40.34 40.33 40.322 40.311 40.351 40.327 40.304 40.336 40.313 40.306 40.329 40.326 40.225 40.205 40.143 40.155 40.169 40.311 40.278 40.325 40.381 40.801 40.478 40.366 40.392 40.389 40.363 40.367 40.352 40.33 40.369 40.405 40.436
41.118 41.053 41 40.95 40.909 40.761 40.65 40.56 40.48 40.438 40.433 40.35 40.34 40.315 40.348 40.337 40.3 40.267 40.212 40.176 40.207 40.134 40.169 40.266 40.273 40.283 40.268 40.31 40.292 40.321 40.321 40.315 40.3 40.296 40.254 40.28 40.304 40.293 40.328 40.335 40.335 40.315 40.322 40.312 40.332 40.312 40.335 40.346 40.312 40.323 40.336 40.273 40.24 40.13 40.143 40.177 40.239 40.276 41.184 40.381 40.534 40.57 40.428 40.389 40.377 40.363 40.368 40.365 40.401 40.406 40.445 40.448
41.119 41.03 41.019 40.991 40.975 40.912 40.718 40.624 40.553 40.473 40.446 40.395 40.348 40.364 40.288 40.217 40.224 40.196 40.192 40.229 40.268 40.206 40.222 40.269 40.29 40.32 40.313 40.287 40.29 40.295 40.309 40.293 40.275 40.292 40.32 40.305 40.287 40.288 40.345 40.306 40.328 40.315 40.318 40.314 40.329 40.301 40.268 40.293 40.294 40.315 40.321 40.302 40.246 40.182 40.155 40.15 40.237 40.329 44.179 44.4 40.498 40.591 40.497 40.34 40.332 40.378 40.378 40.397 40.405 40.434 40.426 40.434
41.153 41.093 41.034 41.029 41.03 40.951 40.828 40.682 40.617 40.538 40.465 40.425 40.349 40.307 40.225 40.155 40.187 40.206 40.229 40.28 40.293 40.273 40.264 40.263 40.297 40.296 40.28 40.284 40.256 40.303 40.316 40.284 40.289 40.303 40.278 40.303 40.31 40.296 40.341 40.344 40.308 40.333 40.347 40.291 40.298 40.315 40.304 40.293 40.315 40.337 40.334 40.335 40.236 40.214 40.158 40.183 40.136 42.381 43.632 41.723 40.504 41.873 43.184 40.405 40.508 40.365 40.401 40.441 40.435 40.477 40.406 40.441
41.181 41.138 41.079 41.085 41.061 40.994 40.918 40.787 40.688 40.553 40.494 40.446 40.396 40.336 40.185 40.151 40.166 40.202 40.225 40.268 40.309 40.314 40.342 40.269 40.314 40.299 40.285 40.24 40.251 40.281 40.311 40.328 40.32 40.326 40.321 40.305 40.314 40.326 40.328 40.302 40.302 40.327 40.319 40.343 40.332 40.317 40.315 40.326 40.294 40.3 40.318 40.32 40.346 40.199 40.147 40.155 40.127 40.701 43.16 43.184 40.349 40.546 43.082 45.283 45.624 41.841 40.395 40.456 40.431 40.45 40.473 40.486
41.206 41.199 41.163 41.119 41.087 41.039 40.934 40.82 40.738 40.653 40.559 40.444 40.41 40.329 40.329 40.114 40.136 40.193 40.217 40.289 40.294 40.304 40.294 40.304 40.286 40.274 40.272 40.26 40.281 40.262 40.303 40.291 40.315 40.307 40.296 40.306 40.333 40.322 40.319 40.316 40.305 40.325 40.338 40.349 40.326 40.329 40.331 40.323 40.325 40.325 40.348 40.329 40.305 40.252 40.197 40.102 40.142 40.103 42.556 43.115 40.585 45.575 49.879 58.168 58.217 51.041 40.571 40.471 40.5 40.487 40.514 40.518
41.221 41.211 41.184 41.139 41.11 41.089 40.986 40.939 40.771 40.685 40.594 40.495 40.42 40.367 40.352 40.226 40.199 40.212 40.23 40.265 40.283 40.289 40.287 40.306 40.307 40.321 40.321 40.293 40.289 40.317 40.307 40.307 40.315 40.32 40.34 40.338 40.348 40.307 40.31 40.299 40.314 40.33 40.334 40.342 40.354 40.346 40.32 40.306 40.31 40.336 40.335 40.364 40.329 40.273 40.233 40.163 40.135 40.122 40.689 40.201 40.316 48.937 57.799 62.226 61.439 54.527 42.456 40.432 40.492 40.531 40.522 40.563
41.211 41.249 41.193 41.155 41.13 41.106 41.017 40.97 40.842 40.744 40.643 40.571 40.47 40.375 40.309 40.288 40.267 40.271 40.263 40.237 40.304 40.274 40.305 40.298 40.303 40.295 40.286 40.317 40.272 40.295 40.296 40.303 40.324 40.32 40.335 40.315 40.316 40.335 40.3 40.334 40.327 40.311 40.318 40.335 40.287 40.304 40.314 40.327 40.313 40.343 40.329 40.323 40.342 40.337 40.233 40.142 40.133 40.151 40.12 40.275 40.292 41.562 51.605 61.72 61.927 59.419 48.923 40.579 40.502 40.543 40.537 40.579
41.226 41.255 41.255 41.201 41.157 41.098 41.075 41.021 40.872 40.787 40.692 40.584 40.471 40.446 40.37 40.316 40.293 40.291 40.29 40.273 40.292 40.297 40.33 40.338 40.326 40.282 40.343 40.267 40.304 40.291 40.335 40.299 40.315 40.319 40.308 40.311 40.317 40.287 40.304 40.299 40.303 40.324 40.305 40.302 40.328 40.337 40.321 40.308 40.295 40.304 40.36 40.337 40.353 40.365 40.264 40.146 40.164 40.157 40.122 40.168 40.287 40.302 48.284 56.793 61.242 57.706 44.983 40.43 40.485 40.506 40.521 40.568
41.232 41.249 41.249 41.207 41.158 41.128 41.081 41.029 40.91 40.833 40.753 40.606 40.499 40.425 40.364 40.314 40.303 40.282 40.313 40.315 40.315 40.328 40.346 40.363 40.327 40.283 40.305 40.299 40.274 40.298 40.284 40.317 40.31 40.323 40.313 40.304 40.301 40.314 40.301 40.331 40.31 40.314 40.315 40.327 40.321 40.311 40.312 40.335 40.33 40.307 40.309 40.36 40.368 40.359 40.281 40.214 40.172 40.167 40.166 40.152 40.285 40.277 40.34 49.778 50.439 47.587 40.625 40.431 40.484 40.511 40.536 40.573
41.287 41.258 41.253 41.235 41.183 41.15 41.089 41.054 40.976 40.846 40.757 40.632 40.534 40.453 40.368 40.31 40.268 40.307 40.349 40.339 40.299 40.343 40.295 40.353 40.315 40.34 40.291 40.302 40.309 40.294 40.288 40.31 40.338 40.314 40.304 40.311 40.309 40.308 40.329 40.315 40.326 40.319 40.28 40.329 40.332 40.3 40.333 40.272 40.298 40.34 40.329 40.315 40.316 40.317 40.326 40.194 40.156 40.19 40.198 40.158 40.214 40.267 40.298 41.97 49.214 57.656 53.963 43.942 40.498 40.496 40.507 40.516
41.341 41.274 41.249 41.232 41.206 41.161 41.137 41.093 40.999 40.916 40.831 40.688 40.56 40.439 40.375 40.243 40.258 40.309 40.304 40.327 40.349 40.323 40.363 40.329 40.335 40.322 40.311 40.326 40.311 40.316 40.326 40.355 40.317 40.296 40.317 40.305 40.33 40.329 40.304 40.286 40.354 40.332 40.304 40.315 40.307 40.355 40.298 40.329 40.341 40.311 40.285 40.291 40.294 40.312 40.266 40.232 40.21 40.178 40.152 40.156 40.126 40.246 40.326 40.44 43.061 49.404 59.292 51.394 40.721 40.445 40.496 40.493
41.326 41.299 41.268 41.238 41.238 41.173 41.11 41.135 40.995 40.953 40.846 40.705 40.572 40.465 40.341 40.257 40.213 40.284 40.367 40.327 40.347 40.364 40.343 40.348 40.333 40.338 40.352 40.325 40.32 40.309 40.322 40.328 40.325 40.308 40.311 40.322 40.323 40.317 40.295 40.309 40.368 40.314 40.29 40.3 40.309 40.337 40.333 40.295 40.321 40.331 40.324 40.33 40.324 40.294 40.265 40.209 40.186 40.195 40.133 40.157 40.146 40.23 40.391 40.363 45.146 53.327 60.497 54.204 43.093 40.437 40.461 40.466
41.347 41.327 41.267 41.218 41.205 41.186 41.125 41.077 41.041 40.943 40.821 40.719 40.527 40.405 40.324 40.3 40.351 40.364 40.329 40.351 40.326 40.334 40.37 40.371 40.323 40.348 40.36 40.339 40.314 40.307 40.343 40.281 40.278 40.324 40.32 40.348 40.306 40.333 40.313 40.337 40.314 40.332 40.313 40.352 40.387 40.393 40.39 40.312 40.345 40.299 40.314 40.314 40.312 40.274 40.228 40.236 40.2 40.183 40.148 40.152 40.184 40.115 40.367 40.38 40.451 48.82 55.752 44.601 40.419 40.424 40.419 40.392
41.412 41.298 41.254 41.23 41.225 41.132 41.091 41.082 41.031 40.975 40.866 40.711 40.588 40.445 40.37 40.353 40.356 40.323 40.355 40.361 40.355 40.317 40.35 40.353 40.353 40.319 40.312 40.34 40.338 40.294 40.334 40.317 40.313 40.326 40.353 40.291 40.307 40.302 40.319 40.311 40.335 40.323 40.357 40.389 40.344 40.33 40.355 40.34 40.329 40.325 40.393 40.348 40.268 40.259 40.223 40.233 40.158 40.159 40.127 40.112 40.18 40.216 40.239 40.416 40.499 41.491 51.018 50.973 49.977 40.547 40.346 40.355
41.42 41.311 41.281 41.255 41.187 41.162 41.108 41.075 41.024 40.963 40.863 40.715 40.593 40.478 40.372 40.337 40.326 40.35 40.306 40.31 40.297 40.356 40.314 40.319 40.332 40.344 40.35 40.366 40.333 40.291 40.331 40.328 40.325 40.308 40.336 40.302 40.324 40.289 40.319 40.358 40.31 40.314 40.285 40.376 40.382 40.335 40.328 40.296 40.315 40.291 40.32 40.28 40.282 40.206 40.221 40.186 40.139 40.129 40.096 40.175 40.181 40.203 40.198 40.407 40.471 40.52 44.552 54.303 57.013 46.418 40.621 40.319
41.398 41.37 41.277 41.252 41.17 41.141 41.13 41.103 41.025 41.012 40.912 40.757 40.619 40.511 40.398 40.369 40.283 40.298 40.275 40.294 40.336 40.316 40.335 40.35 40.303 40.328 40.306 40.327 40.306 40.294 40.346 40.358 40.355 40.331 40.32 40.327 40.341 40.343 40.345 40.34 40.35 40.325 40.31 40.342 40.333 40.318 40.268 40.289 40.301 40.283 40.249 40.28 40.207 40.17 40.17 40.123 40.199 40.112 40.193 40.152 40.195 40.242 40.221 40.417 40.505 44.116 42.014 52.511 58.598 57.106 47.886 40.198
41.372 41.441 41.321 41.226 41.191 41.154 41.16 41.109 41.094 41.041 40.911 40.791 40.677 40.537 40.424 40.346 40.347 40.262 40.195 40.399 40.337 40.322 40.325 40.345 40.316 40.326 40.309 40.344 40.346 40.286 40.343 40.348 40.337 40.348 40.329 40.344 40.325 40.363 40.357 40.314 40.308 40.337 40.327 40.365 40.334 40.338 40.301 40.28 40.25 40.278 40.289 40.237 40.17 40.125 40.174 40.171 40.165 40.188 40.204 40.225 43.221 41.223 40.255 40.361 46.034 51.496 48.906 50.607 53.138 53.675 43.84 40.179
41.39 41.387 41.315 41.263 41.217 41.196 41.133 41.159 41.085 41.055 41.015 40.874 40.72 40.604 40.457 40.382 40.319 40.273 40.224 40.295 40.304 40.345 40.348 40.371 40.327 40.355 40.338 40.347 40.348 40.319 40.295 40.346 40.353 40.335 40.322 40.353 40.35 40.34 40.363 40.353 40.355 40.352 40.381 40.394 40.382 40.337 40.321 40.348 40.319 40.262 40.222 40.175 40.217 40.204 40.197 40.218 40.24 40.176 40.311 46.553 47.409 45.412 40.6 40.461 41.25 46.766 47.726 44.671 42.841 41.212 40.268 40.29
