dsm/se2836_DSM_2M.asc
ncols 500
nrows 500
xllcorner    428000
yllcorner    436000
cellsize     2
NODATA_value -9999
[rows 32 to 63 of 500, columns 355 to 425 of 500]
80.449 80.516 79.009 78.334 76.894 71.389 71.284 71.251 71.226 71.209 71.254 71.441 72.681 71.364 71.284 71.374 71.416 71.421 71.419 71.769 72.056 73.001 71.936 76.844 78.401 78.914 78.081 75.556 72.079 71.941 72.094 72.234 72.919 72.231 78.456 78.936 77.569 73.816 74.031 72.231 73.574 72.446 72.746 72.386 72.394 72.376 72.296 72.216 72.181 72.196 72.221 72.224 72.199 72.161 72.114 72.154 72.264 72.304 72.366 72.501 72.806 73.114 73.416 73.564 73.561 73.441 73.286 73.214 73.161 73.101 72.949
80.651 80.876 80.064 76.041 71.744 71.354 71.216 71.179 71.144 71.269 72.091 72.126 72.581 71.274 71.241 71.311 71.349 71.321 71.406 71.771 71.716 71.544 74.854 77.441 78.269 78.511 77.664 71.811 71.941 71.909 72.029 72.054 72.544 76.974 79.166 78.979 78.584 78.156 77.731 75.724 72.231 72.329 72.291 72.326 72.349 72.349 72.519 72.324 72.266 72.176 72.129 72.159 72.174 72.179 72.164 72.136 72.084 72.111 72.199 72.221 72.291 72.441 72.726 73.071 73.366 73.561 73.456 73.356 73.234 73.209 73.064
80.841 80.681 79.751 71.199 71.334 71.306 71.149 71.116 71.074 71.106 71.149 71.181 72.214 71.184 71.189 71.246 71.269 71.229 71.384 71.769 71.404 71.456 71.556 75.891 78.694 78.079 77.251 71.751 71.566 71.819 72.314 71.961 72.361 78.411 78.979 79.064 79.339 79.004 78.599 78.189 77.784 73.576 72.846 72.534 72.271 72.299 73.109 72.384 72.384 72.299 72.191 72.131 72.089 72.121 72.136 72.146 72.146 72.084 72.034 72.076 72.164 72.189 72.216 72.354 72.711 73.454 73.334 73.434 73.369 73.296 73.101
79.824 79.141 77.791 71.476 71.241 71.246 71.101 71.051 71.019 71.051 71.101 71.216 71.356 71.061 71.124 71.184 71.171 71.134 71.299 72.026 71.339 71.301 71.249 72.709 71.839 75.401 75.671 71.564 71.529 71.761 72.599 72.486 72.239 76.499 78.276 78.214 78.626 79.021 79.389 79.041 78.646 78.219 77.804 76.284 73.636 72.356 72.914 72.279 72.321 72.549 72.251 72.254 72.169 72.079 72.041 72.079 72.101 72.101 72.076 72.036 71.991 72.004 72.134 72.154 72.154 72.294 72.606 72.929 73.131 72.981 72.704
79.611 74.589 71.016 71.176 71.139 71.061 71.054 71.009 70.954 71.014 71.059 71.941 71.051 70.981 71.071 71.116 71.064 71.051 71.234 71.244 71.236 71.189 71.059 71.481 70.944 71.596 71.974 71.511 71.534 71.691 72.046 72.939 72.176 72.216 72.289 73.754 77.761 78.181 78.601 79.001 79.356 79.064 78.636 78.259 77.824 75.161 73.704 72.226 72.266 72.101 72.154 72.296 73.089 72.189 72.114 72.031 72.009 72.021 72.051 72.064 72.039 71.996 71.941 71.986 72.101 72.119 72.114 72.194 72.371 72.316 72.221
79.416 72.614 71.011 71.314 71.026 71.004 70.991 70.946 70.956 71.029 71.096 72.359 70.971 70.936 71.004 71.024 70.969 71.011 71.559 71.166 71.116 71.061 70.984 70.924 73.756 74.624 72.869 71.279 71.436 71.136 71.414 71.731 72.089 72.169 72.241 72.299 72.419 73.751 77.466 78.179 78.591 79.006 79.356 79.094 78.671 78.261 79.221 76.449 72.254 71.964 72.029 72.969 72.216 72.146 72.206 72.164 72.076 73.006 73.151 71.971 71.999 72.021 71.996 71.951 71.914 71.964 72.054 72.046 72.071 72.106 72.069
77.401 70.886 71.031 71.139 71.004 70.966 70.929 70.899 70.919 70.951 71.011 71.964 70.899 70.894 70.944 70.921 70.904 71.006 71.264 71.414 71.076 71.061 70.954 72.866 74.181 75.021 74.976 74.149 70.979 71.614 70.981 71.126 71.396 71.669 71.986 72.224 72.301 72.226 72.249 74.091 77.186 78.119 78.564 78.969 79.344 79.099 78.794 74.514 74.409 76.734 73.831 72.344 71.996 72.059 72.111 72.139 72.384 72.134 72.174 72.629 71.906 71.944 71.959 71.969 71.949 71.919 71.871 71.854 71.901 71.911 71.891
78.956 70.941 71.064 71.026 70.964 70.929 70.901 70.854 70.911 70.921 71.499 71.349 70.799 70.851 70.889 70.856 70.816 70.971 71.044 70.989 70.959 70.901 70.836 73.366 74.564 75.316 74.581 73.714 71.474 70.806 72.594 70.906 71.624 70.989 71.289 71.714 71.976 72.154 72.236 72.296 72.451 73.929 77.421 78.124 78.531 79.279 77.434 72.149 77.799 78.976 77.676 75.066 73.834 72.719 71.996 72.051 72.149 72.086 72.111 72.071 71.981 71.919 71.866 71.896 71.929 71.926 71.904 71.854 71.804 71.781 71.794
75.486 71.086 71.036 70.956 70.921 70.894 70.859 70.814 70.831 70.856 71.381 70.769 70.696 70.786 70.809 70.774 70.766 71.011 71.004 70.914 70.856 70.834 71.646 74.111 74.951 75.036 74.201 70.896 70.884 70.829 70.931 70.811 71.576 70.916 70.969 71.066 71.199 71.524 71.896 72.169 72.539 73.239 72.236 73.036 78.659 78.839 72.934 73.306 78.494 78.884 78.449 78.034 77.611 76.356 72.924 72.064 72.011 72.031 72.069 72.059 72.379 72.166 71.954 71.871 71.834 71.856 71.866 71.871 71.839 71.804 71.759
71.479 70.999 71.134 70.904 70.886 70.851 70.816 70.771 70.769 70.754 70.726 70.631 70.649 70.719 70.721 70.676 70.734 70.996 71.334 70.891 70.811 70.714 71.129 74.054 74.921 74.644 73.746 70.864 70.821 70.804 70.784 70.804 70.966 70.934 72.256 71.051 70.889 71.019 71.221 71.559 71.916 72.159 72.199 72.251 72.249 73.879 72.166 77.749 78.956 78.601 79.004 78.884 78.456 78.049 77.636 75.124 72.864 72.876 71.974 71.996 72.471 72.036 72.079 72.051 71.934 71.876 71.786 71.806 71.814 71.824 71.799
70.786 70.894 70.979 70.869 70.846 70.799 70.769 70.731 70.706 70.649 70.561 70.509 70.601 70.651 70.644 70.604 70.714 70.956 70.851 70.811 70.769 70.684 73.661 74.439 75.074 74.271 73.016 70.884 71.376 70.769 70.731 70.696 70.741 70.941 70.931 70.861 70.804 70.791 70.764 70.911 71.176 71.621 71.956 72.344 72.204 72.171 71.949 73.504 78.359 77.746 78.174 78.574 78.986 78.894 78.494 78.074 77.666 76.799 74.426 71.979 72.009 73.396 72.006 72.436 71.731 72.014 71.896 71.846 71.744 71.761 71.781
70.709 70.854 70.889 70.824 70.789 70.746 70.716 70.701 70.631 70.529 70.474 70.434 70.551 70.581 70.546 70.531 70.696 71.286 70.774 70.671 70.639 70.861 74.006 74.819 74.714 73.879 70.656 70.691 70.659 71.446 70.781 70.659 70.621 70.631 70.671 70.794 70.691 71.444 70.764 70.771 70.779 70.931 71.329 71.694 71.871 71.994 71.896 71.934 71.959 72.154 77.196 77.724 78.126 78.541 78.979 78.951 78.504 78.101 77.689 76.141 74.691 72.229 71.964 71.796 71.199 71.339 71.424 71.876 71.836 71.776 71.709
70.656 71.021 70.831 70.776 70.749 70.714 70.709 70.799 70.794 70.884 70.414 70.399 70.489 70.511 70.459 70.456 70.666 70.676 70.616 70.936 70.451 71.824 74.194 75.086 74.341 73.309 70.646 70.606 70.626 71.454 70.539 70.509 70.486 70.494 70.649 70.546 70.596 70.696 70.681 71.089 70.759 70.776 70.829 70.876 71.256 71.506 71.671 71.874 71.906 71.924 71.999 72.286 76.671 77.681 78.111 78.531 78.946 78.969 78.551 78.131 78.769 78.099 71.934 71.001 71.004 71.094 71.149 71.179 71.609 71.834 71.776
71.034 70.669 70.861 70.726 70.709 70.676 70.691 70.711 70.734 71.696 70.381 70.349 70.439 70.449 70.384 70.456 71.021 70.601 70.564 70.509 70.521 73.479 74.301 74.776 73.971 70.904 70.791 70.606 70.584 70.531 70.486 70.434 70.359 70.316 70.466 70.416 70.471 70.531 70.631 70.879 70.756 70.941 71.111 70.764 70.721 70.836 70.904 71.426 71.551 71.816 72.044 71.906 71.934 72.304 75.486 77.679 78.086 78.499 78.921 79.011 78.801 75.659 71.924 70.891 70.951 70.981 71.034 71.099 71.061 71.166 71.381
72.194 70.569 70.786 70.731 70.676 70.626 70.649 70.671 70.689 71.679 70.331 70.309 70.396 70.369 70.324 70.444 70.666 70.576 71.251 70.456 71.291 73.851 74.691 74.391 73.571 70.439 71.579 70.629 70.546 70.449 70.424 70.419 70.309 70.496 70.436 71.749 70.329 70.401 70.549 70.656 70.694 70.699 71.441 70.761 70.874 70.921 70.634 70.744 70.841 71.161 71.614 71.869 71.966 71.904 71.926 72.276 75.611 77.639 78.049 78.719 78.119 71.951 70.969 70.869 70.944 70.986 71.006 71.026 71.101 74.751 71.116
70.424 70.614 70.966 70.624 70.591 70.586 70.609 70.694 71.056 70.731 70.231 70.294 70.331 70.321 70.279 70.409 70.481 70.401 70.366 70.356 73.211 74.249 74.831 74.031 71.766 70.421 71.049 70.444 70.439 70.394 70.401 70.336 74.679 75.741 73.374 70.644 70.264 70.274 70.344 70.419 70.541 71.369 70.574 70.574 70.661 70.751 73.759 72.919 70.689 70.766 70.926 71.206 71.594 71.794 71.871 71.909 71.941 72.059 77.311 78.951 75.764 71.651 70.799 70.834 70.906 70.959 70.971 71.044 74.416 77.471 78.509
75.601 70.636 70.716 70.546 70.466 70.441 70.504 70.566 71.524 70.299 70.151 70.239 70.266 70.241 70.236 70.406 71.404 70.349 70.276 70.399 73.351 74.324 74.456 73.634 70.426 70.376 70.384 70.404 70.401 71.684 70.356 70.324 77.031 76.596 76.179 75.451 72.069 70.369 70.274 70.274 70.454 70.529 70.491 70.491 70.981 70.649 72.524 75.971 72.184 71.694 72.299 70.744 70.966 71.166 71.501 71.819 71.906 72.006 71.931 72.276 71.871 71.299 70.934 70.871 70.914 70.939 71.006 71.084 76.936 77.979 78.689
74.979 70.559 70.464 70.446 70.339 70.341 70.424 70.494 71.896 70.144 70.076 70.181 70.191 70.179 70.194 70.476 70.364 70.311 70.594 73.236 73.721 74.584 74.066 73.259 70.396 71.274 70.401 70.356 70.331 70.754 70.316 73.829 76.911 77.284 77.064 76.641 76.221 75.816 71.399 70.291 70.629 71.051 70.354 70.374 71.134 70.484 70.534 70.559 70.581 70.639 71.736 70.889 71.284 70.676 70.889 71.159 71.564 71.839 71.886 71.846 71.784 71.544 70.784 70.854 70.901 70.986 71.044 73.004 77.456 78.506 78.226
70.501 70.421 70.351 70.289 70.226 70.251 70.341 70.419 71.806 70.074 70.076 70.124 70.116 70.109 70.164 71.041 70.306 70.221 70.156 73.286 74.111 74.514 73.676 71.044 70.639 70.971 70.709 70.394 70.269 70.269 70.299 74.589 76.036 76.451 76.871 77.254 77.086 76.659 76.251 70.839 70.381 70.914 70.289 70.301 70.586 70.634 70.436 70.389 70.381 70.439 70.546 70.626 70.901 72.214 71.001 70.651 70.894 71.174 71.499 71.649 70.991 71.439 70.784 70.869 70.956 71.051 71.174 76.929 77.954 78.696 77.704
70.481 70.319 70.214 70.169 70.106 70.171 70.274 70.736 70.814 69.986 70.061 70.096 70.081 70.051 70.146 70.429 70.209 70.136 70.121 73.621 74.504 74.129 73.304 70.206 70.146 70.171 70.201 70.234 70.256 70.229 71.091 70.291 72.819 75.384 76.004 76.436 76.846 77.244 77.119 70.809 70.289 70.259 70.236 70.286 70.331 70.349 70.361 70.316 70.481 71.659 70.316 70.424 70.549 70.601 70.699 70.641 70.646 70.644 70.821 71.104 70.686 70.744 70.834 70.861 70.901 71.086 74.964 77.429 78.484 78.226 77.176
70.351 70.249 70.151 70.044 70.006 70.094 70.221 71.021 70.014 69.921 70.016 70.054 70.006 69.994 70.131 70.161 70.069 70.011 72.481 73.581 74.386 73.759 71.906 70.314 70.146 70.119 70.146 70.266 70.196 70.169 71.464 70.949 70.219 70.244 71.716 75.024 75.984 76.391 72.296 70.331 70.221 70.196 70.204 71.046 70.604 70.326 70.314 70.266 74.301 76.186 77.034 73.451 70.294 70.406 70.524 70.581 71.291 70.694 70.711 70.646 70.679 70.774 70.869 70.941 70.974 71.301 76.906 77.971 78.701 77.741 77.246
70.244 70.181 70.101 70.026 70.076 70.114 70.176 71.489 69.931 70.439 69.971 69.994 69.934 69.976 70.456 70.249 70.024 70.506 73.149 73.956 74.186 73.354 70.754 70.166 70.104 70.081 70.121 70.784 70.299 70.131 70.109 70.496 70.489 70.209 70.231 70.341 71.011 74.631 70.781 70.191 70.144 70.121 70.176 70.226 70.351 70.934 70.274 70.651 75.736 76.589 77.409 76.686 75.849 70.256 70.394 70.529 70.604 70.631 70.631 70.564 70.689 70.799 70.904 70.979 71.014 74.246 77.434 78.471 78.226 77.181 72.814
70.166 70.116 70.069 70.019 70.106 70.314 70.894 71.581 69.869 70.586 69.921 69.886 69.851 69.951 70.214 70.286 70.034 71.696 73.521 74.366 73.809 72.506 69.989 70.954 70.016 70.029 70.144 70.111 70.119 70.059 70.054 70.071 71.081 70.139 70.181 70.209 70.226 70.244 70.381 70.136 70.086 70.076 70.206 70.196 70.244 70.646 70.311 71.581 76.159 76.999 77.134 76.271 73.486 70.236 70.354 70.504 70.569 70.586 70.644 70.674 70.649 70.706 70.874 71.004 71.069 76.921 77.959 78.674 77.709 76.016 71.334
69.626 71.156 70.361 70.451 70.481 71.061 72.186 71.026 69.806 69.816 69.861 69.806 69.811 69.861 70.029 70.126 70.749 70.574 72.376 74.264 73.434 71.069 69.959 69.949 69.991 70.064 70.499 70.061 70.026 69.979 69.946 69.971 70.001 70.051 70.104 70.139 71.166 70.356 70.104 70.069 70.029 70.304 70.166 70.211 70.236 70.229 70.914 75.704 76.559 77.371 76.716 75.844 70.249 70.279 70.386 70.456 70.506 70.521 70.656 70.636 70.646 70.651 70.846 70.961 71.086 77.271 78.464 78.229 77.199 71.514 71.194
70.466 70.034 69.616 69.624 69.726 70.444 72.174 70.001 69.664 69.779 69.784 69.761 69.756 69.801 69.859 69.874 69.974 70.024 70.046 70.101 70.776 69.989 69.951 69.964 69.984 70.199 70.039 70.004 69.971 69.904 69.904 69.914 69.939 69.971 69.999 70.046 70.189 70.071 70.041 70.004 69.979 70.571 70.904 70.184 70.224 70.241 72.814 76.131 76.961 77.156 76.321 73.824 70.406 70.264 70.374 70.434 70.429 70.451 70.569 70.759 70.521 70.564 70.501 70.774 71.024 71.064 73.131 77.726 76.699 71.141 71.064
72.949 75.449 74.051 71.896 69.611 69.631 69.694 69.751 69.644 69.751 69.769 69.749 69.719 69.759 69.784 69.814 69.901 69.901 69.901 69.914 70.301 69.956 70.601 70.974 70.246 70.251 69.976 69.956 69.904 69.844 69.856 69.866 69.886 69.904 69.934 69.954 69.974 69.971 69.974 69.926 70.016 69.984 69.869 70.226 71.346 70.459 75.661 76.526 77.379 76.734 75.704 70.256 70.291 70.534 70.316 70.549 70.384 70.396 70.471 70.834 70.419 70.374 70.369 70.436 70.496 70.936 71.024 71.066 71.486 71.194 70.919
73.159 75.836 76.481 75.806 70.584 69.646 71.184 69.651 69.591 69.726 69.711 69.671 69.674 69.721 69.729 69.756 69.834 69.821 69.819 69.819 69.816 69.806 69.821 69.879 69.919 69.924 69.926 69.879 69.814 69.794 69.816 69.819 69.826 69.834 69.854 69.876 69.884 69.889 69.884 69.866 69.961 69.861 69.719 73.364 70.071 70.561 70.224 75.194 77.196 76.319 73.814 70.216 70.256 70.266 70.341 70.391 70.374 70.316 70.334 70.511 70.429 70.251 70.324 70.294 70.334 72.009 70.674 70.941 71.089 71.064 70.876
73.854 76.134 76.769 75.504 72.501 69.614 71.269 69.594 69.606 69.694 69.651 69.621 69.731 69.834 69.874 69.864 69.821 69.771 69.766 69.754 69.749 69.749 69.749 69.751 69.751 69.746 69.769 69.784 69.754 69.741 69.751 69.764 69.756 69.764 69.791 69.791 69.806 69.799 69.799 69.864 69.814 69.729 70.764 75.821 75.741 74.739 70.339 71.436 71.029 75.096 70.481 70.181 70.256 70.286 70.291 70.599 70.261 70.081 70.194 70.171 70.029 70.056 70.209 70.216 71.541 70.324 70.371 71.771 70.876 70.849 70.684
75.251 76.471 76.716 75.224 70.544 69.599 70.181 69.501 69.586 69.634 69.619 69.589 69.741 69.941 69.996 70.119 69.954 69.944 70.029 69.946 69.724 69.704 69.696 69.681 69.676 69.679 69.694 69.706 69.694 69.691 69.691 69.686 69.696 69.696 69.699 70.266 69.721 69.751 69.814 69.806 69.741 69.666 72.499 75.411 76.211 76.601 75.796 70.486 70.776 72.251 70.461 70.146 70.216 70.211 71.156 70.286 70.106 70.009 69.981 69.956 69.946 70.004 70.014 70.001 69.949 70.039 70.151 70.216 70.314 70.459 70.499
75.541 76.786 76.134 74.936 70.019 70.299 69.576 69.646 69.551 69.589 69.566 69.576 69.726 69.816 69.904 69.929 70.026 70.036 71.961 70.639 69.879 69.814 69.759 69.674 69.641 69.644 69.651 69.646 69.651 69.634 69.631 69.641 69.639 69.641 70.439 69.671 69.851 70.386 70.744 69.706 69.664 69.804 75.101 75.904 76.699 76.086 75.281 69.916 69.661 69.661 70.959 70.196 70.136 70.141 70.609 70.154 69.986 69.959 69.859 69.919 69.896 69.924 69.966 69.911 69.909 69.876 69.809 69.924 70.156 70.259 70.269
75.841 76.946 75.839 73.539 69.616 70.929 69.521 70.509 69.524 69.536 69.706 69.569 70.554 69.801 72.214 70.011 69.934 69.879 69.856 70.006 69.971 69.826 69.804 69.786 69.761 69.716 69.651 69.584 69.601 69.584 69.586 69.591 69.586 69.601 70.139 70.281 69.739 69.974 70.094 69.886 69.624 73.594 75.596 76.411 76.409 75.576 74.104 69.761 69.649 69.651 69.796 69.921 70.119 70.226 70.376 70.134 69.946 69.891 69.819 69.801 69.879 69.859 69.874 69.841 69.836 69.869 69.919 69.909 69.986 70.086 70.149
76.181 76.859 75.546 71.141 69.554 69.506 69.404 69.696 69.479 69.461 70.764 69.544 69.709 69.954 71.234 69.794 69.786 69.769 69.819 69.789 69.791 69.731 69.731 69.751 69.769 69.776 69.746 69.746 69.684 69.614 69.574 69.556 69.541 69.604 69.714 69.686 69.706 69.726 69.709 69.639 75.866 75.366 76.094 76.681 75.889 75.086 73.601 69.646 69.914 69.669 69.781 69.846 70.229 71.759 69.916 69.884 69.814 69.761 69.779 69.779 69.874 69.799 69.809 69.811 69.784 69.791 69.856 69.956 70.064 70.064 69.929
