dsm/se2834_DSM_2M.asc
ncols 500
nrows 500
xllcorner    428000
yllcorner    434000
cellsize     2
NODATA_value -9999
[rows 416 to 447 of 500, columns 0 to 71 of 500]
30.889 31.525 32.196 31.631 31.412 32.567 39.214 38.485 38.138 37.371 36.796 36.56 36.946 37.405 37.893 38.609 39.228 39.846 39.382 37.861 36.588 36.946 37.448 37.914 38.338 38.951 39.665 39.704 38.755 37.097 36.655 37.001 37.443 37.934 38.606 39.03 39.514 39.626 39.337 37.366 36.486 37.143 37.498 38.132 38.594 39.305 39.813 39.379 37.296 36.6 36.732 37.441 37.93 38.336 39.037 39.445 39.973 39.157 37.231 36.515 36.826 37.518 38.053 38.49 39.202 39.746 39.724 37.809 36.916 37.058 36.85 36.79
31.352 30.789 30.588 33.99 30.948 38.546 39.806 39.719 39.312 38.546 38.009 37.424 36.92 36.599 36.746 37.322 38.113 38.536 39.232 39.687 39.371 37.935 36.596 36.865 37.406 37.808 38.528 39.13 39.678 39.362 38.409 36.866 36.361 37.041 37.582 38.003 38.647 39.001 39.6 39.815 39.384 37.082 36.579 37.154 37.777 38.329 38.733 39.419 39.962 38.897 37.385 36.39 37.019 37.52 38.136 38.451 38.925 39.496 39.756 38.767 36.834 36.596 37.099 37.665 38.189 38.602 39.135 39.878 37.766 36.881 36.845 36.824
34.425 32.846 30.605 30.577 31.662 38.478 38.95 39.789 40.5 39.47 39.129 38.358 37.775 37.333 36.677 36.508 38.117 37.579 38.076 39.13 39.486 39.95 38.84 37.858 36.572 36.918 37.394 37.891 38.488 39.112 39.617 39.301 38.186 36.737 36.607 37.104 37.518 38.134 38.758 39.105 39.556 39.673 38.996 36.588 36.531 37.093 37.837 38.461 38.893 39.403 39.857 38.725 37.431 36.648 36.979 37.522 37.969 38.659 39.063 39.47 39.459 38.607 37.166 36.554 36.947 37.603 38.212 37.624 36.867 36.859 36.776 36.791
32.308 33.901 32.343 33.27 36.86 37.494 37.857 38.463 38.975 39.611 39.747 39.574 38.997 38.41 37.79 37.167 36.704 36.555 37.182 37.533 38.249 38.772 39.389 39.749 38.459 37.354 36.637 36.927 37.355 37.967 38.677 39.092 39.668 39.102 38.26 36.634 36.553 37.011 37.639 38.031 38.594 39.145 39.007 38.698 37.548 36.594 36.678 37.354 38.047 38.259 38.984 39.599 39.941 38.493 37.735 36.634 37.036 37.602 37.918 38.578 39.109 39.586 39.87 38.181 36.61 36.743 37.275 37.124 36.87 36.79 36.757 36.6
31.312 31.352 31.37 32.981 34.774 35.524 36.949 37.419 37.99 38.721 39.38 39.713 39.924 39.639 38.974 38.26 37.584 37.071 36.631 36.532 37.086 37.742 38.191 38.73 39.705 39.758 38.098 37.101 36.665 36.974 37.437 38.294 38.634 39.368 39.68 39.135 37.278 36.531 36.832 37.11 37.734 37.977 38.127 39.515 39.994 39.856 37.097 36.419 36.746 37.237 37.706 38.301 38.897 39.614 39.611 38.14 37.123 36.606 37.035 37.583 38.093 38.703 39.307 39.704 39.87 37.783 36.587 36.869 36.863 36.738 36.722 33.105
31.262 31.279 31.334 31.37 31.376 33.497 36.581 36.424 37.076 37.653 38.181 38.66 39.469 39.972 39.75 39.608 38.671 38.196 37.519 37.019 36.63 36.515 37.211 37.84 38.288 38.914 39.642 39.479 37.871 37.073 36.715 37.067 37.628 38.375 38.926 39.391 39.54 39.511 37.017 36.582 36.697 36.613 37.819 38.45 38.922 39.635 39.652 39.457 36.781 36.491 36.879 37.374 37.922 38.519 39.127 39.798 39.413 37.79 36.915 36.528 37.233 37.618 38.244 38.711 39.302 39.8 37.039 36.753 36.764 36.762 36.636 32.911
31.215 31.203 31.226 31.294 31.324 31.343 32.117 33.534 35.143 36.462 37.038 37.672 38.217 38.554 39.332 39.979 39.839 39.498 38.722 38.379 37.564 36.748 36.42 36.909 37.384 37.926 38.404 39.16 39.771 39.682 37.837 37.069 36.619 37.192 38.134 38.334 38.882 39.387 39.819 38.954 36.864 36.441 36.877 37.367 38.061 38.502 39.414 39.515 40.196 37.963 36.723 36.623 36.714 37.283 37.898 38.472 39.039 39.688 39.416 38.119 36.818 36.734 37.413 37.679 38.294 37.635 34.737 36.527 36.764 36.897 34.584 32.434
31.157 31.161 31.193 31.222 31.278 31.323 31.552 31.305 32.478 34.347 36.558 36.712 37.081 37.598 38.29 38.637 39.356 39.887 39.795 39.305 38.641 38.18 37.484 36.773 36.521 36.859 37.461 37.993 38.781 39.241 39.654 39.61 37.745 36.702 36.89 37.343 37.802 38.276 38.936 39.484 37.673 38.432 37.147 36.575 36.986 37.413 37.894 38.481 39.05 39.68 40.255 39.378 36.595 36.453 36.816 37.325 37.999 38.619 39.081 39.74 39.393 37.959 36.565 36.832 37.476 35.806 35.15 34.116 33.16 33.551 31.338 30.779
31.285 31.221 31.202 31.187 31.242 31.31 31.301 31.283 31.338 31.355 32.267 33.073 36.323 36.623 37.049 37.667 38.339 38.942 39.642 39.957 39.976 39.155 38.472 37.916 37.464 36.696 36.511 36.885 37.501 40.248 38.71 39.016 39.609 39.264 37.784 36.752 36.608 37.38 37.854 37.48 39.083 39.556 40.102 39.42 37.004 36.602 37.055 37.44 38.054 38.534 39.232 39.696 38.901 37.864 36.674 36.503 36.877 37.485 38.115 38.808 39.315 39.772 39.249 37.845 36.542 35.313 34.993 34.562 34.199 31.796 30.882 30.762
32.431 31.827 31.366 31.31 31.295 31.579 31.258 31.267 31.28 31.337 31.317 31.281 32.326 32.507 36.283 36.646 37.111 37.862 38.43 38.958 39.903 40.116 39.507 38.962 38.234 37.855 37.145 36.512 36.405 37.56 37.59 38.08 38.855 39.513 39.565 38.527 37.202 36.389 36.646 36.935 37.905 38.484 39.044 39.742 39.664 37.937 36.989 36.816 36.85 37.745 38.135 38.78 39.441 39.922 39.397 37.494 36.52 36.545 36.816 37.489 38.057 38.685 39.392 39.318 35.801 35.205 34.743 35.231 34.035 31.729 30.965 31.036
30.957 30.944 31.201 33.572 31.795 31.434 31.342 31.293 31.237 31.276 31.282 31.277 31.277 31.264 32.295 35.058 36.336 36.718 37.212 38.002 38.48 38.85 39.704 40.06 39.485 39.017 38.416 37.717 37.253 36.917 36.429 37.018 38.393 38.232 38.856 39.303 39.439 38.853 37.008 36.284 36.839 37.554 38.122 38.538 39.252 39.867 39.783 37.724 36.684 36.803 36.972 37.811 38.316 38.721 39.223 39.874 39.726 37.618 36.449 36.583 37.047 37.518 38.089 36.707 35.347 34.91 35.512 34.203 33.744 30.884 30.841 30.752
30.784 30.861 30.919 30.951 31.12 31.563 31.708 31.416 31.358 31.258 31.23 31.277 31.243 31.241 31.28 31.257 32.227 36.297 36.498 36.895 37.605 37.991 38.526 39.023 39.844 40.071 39.354 38.882 38.433 37.699 37.111 36.578 36.613 37.003 37.504 38.325 38.979 39.264 38.571 39.447 37.218 36.671 36.8 37.471 38.246 38.656 39.367 39.919 39.664 38.097 36.497 36.72 37.226 37.761 38.384 38.803 39.321 39.895 39.615 36.829 36.567 36.725 36.872 35.652 35.046 34.662 34.277 33.874 31.264 30.813 30.748 30.732
30.704 30.725 30.813 30.865 30.912 30.928 31.224 31.459 32.026 31.435 31.309 31.241 31.2 31.207 31.227 31.206 31.207 31.356 31.892 33.457 36.335 36.763 37.576 38.091 38.641 39.336 39.941 39.86 39.433 38.935 38.197 37.707 37.106 36.72 36.752 37.108 37.591 37.125 38.825 39.521 39.851 37.87 36.77 36.473 37.033 37.559 38.168 38.806 39.239 40.295 39.524 37.353 36.585 36.806 37.201 37.938 38.48 38.871 39.335 40.08 39.541 36.756 36.525 35.312 34.885 34.566 34.089 32.272 31.124 30.769 30.775 30.734
30.553 30.596 30.668 30.754 30.818 30.835 30.936 30.978 31.322 32.015 31.439 31.371 31.239 31.169 31.18 31.186 31.199 31.219 31.203 31.353 32.794 36.556 36.395 36.964 37.523 38.193 38.892 39.486 40.781 39.855 39.342 38.908 37.999 37.441 36.947 36.619 36.633 37.292 37.827 38.274 39.045 40.353 39.871 39.172 36.693 36.306 36.864 37.639 38.277 38.966 39.498 40.02 39.286 37.36 36.574 36.662 37.587 37.771 38.449 38.908 39.542 40.099 36.587 35.121 34.704 34.365 33.841 31.24 30.815 30.765 30.741 30.706
30.503 30.57 30.569 30.68 30.728 30.787 30.859 30.924 30.969 31.03 31.99 31.693 31.285 31.183 31.166 31.162 31.149 31.176 31.179 31.189 31.191 31.192 35.03 36.466 36.572 36.863 37.647 38.324 38.964 39.345 39.656 39.861 39.306 38.659 37.989 37.582 36.669 36.678 36.922 37.551 38.081 38.798 38.91 39.769 39.796 38.987 36.549 36.606 36.953 37.733 38.168 39.097 39.345 40.057 38.214 36.942 36.488 36.83 37.42 37.88 38.556 38.907 35.302 34.923 34.529 34.071 32.199 30.822 30.812 30.809 30.741 30.661
30.478 30.535 30.552 30.597 30.658 30.73 30.785 30.848 30.895 30.96 30.965 31.222 31.313 31.193 31.124 31.072 31.124 31.137 31.14 31.151 31.151 31.948 35.434 36.144 36.387 36.702 36.736 37.107 37.651 38.447 39.141 39.562 40.674 39.984 39.13 38.519 37.588 37.547 36.872 36.525 36.811 37.355 37.933 38.53 39.141 39.56 40.316 37.684 36.448 36.584 37.236 37.772 38.331 38.831 39.487 40.012 38.166 36.691 36.62 36.903 37.521 36.032 35.02 34.649 34.274 33.826 31.442 30.829 30.832 30.803 30.726 30.637
30.452 30.516 30.554 30.6 30.668 30.678 30.757 30.745 30.856 30.863 30.934 30.929 31.333 31.55 31.109 31.051 31.035 31.085 31.106 31.135 31.13 34.186 35.489 35.624 35.922 36.207 36.292 36.317 36.782 37.107 37.727 38.273 39.109 39.449 39.96 37.453 38.957 38.625 37.908 37.332 36.846 36.691 36.989 37.47 38.22 38.699 39.191 39.963 39.726 37.887 36.377 36.661 37.396 37.93 38.326 38.947 39.53 39.407 38.148 36.73 36.551 35.318 34.938 34.405 34.036 31.751 30.849 30.838 30.84 30.788 30.726 30.694
30.515 30.536 30.571 30.63 30.651 30.682 30.722 30.774 30.82 30.842 30.898 30.907 32.617 33.288 31.439 31.658 31.15 30.864 30.866 30.988 33.071 34.903 35.064 35.277 35.506 35.697 35.967 36.121 36.371 36.476 35.687 37.431 37.89 38.49 37.8 38.75 39.92 39.663 39.209 38.478 37.945 37.226 36.862 36.689 37.079 37.646 38.31 38.88 39.356 39.899 39.587 37.163 36.56 37.106 37.486 38.008 38.327 38.914 39.585 39.319 36.001 35 34.665 34.124 32.311 31.104 30.845 30.859 30.824 30.847 30.813 31.265
30.494 30.595 30.591 30.646 30.643 30.702 30.738 30.783 30.817 30.826 30.918 30.894 31.77 32.961 31.81 32.241 32.199 30.777 30.73 31.656 32.848 33.97 33.942 34.852 35.131 35.382 35.576 35.773 36 36.285 36.512 36.463 36.718 37.409 37.608 38.732 39.183 39.758 40.538 39.671 38.892 38.41 37.728 37.133 36.779 36.684 37.202 37.68 38.458 38.721 39.369 39.72 39.149 37.361 36.481 36.771 37.574 38.072 38.502 39.081 35.197 34.855 34.388 33.953 32.226 30.822 30.87 30.832 30.797 30.774 30.743 30.828
30.532 30.556 30.609 30.677 30.684 30.68 30.743 30.77 30.766 30.802 30.844 30.89 31.279 31.19 31.572 33.921 33.585 31.261 30.7 30.599 31.098 30.896 31.404 34.09 34.635 34.904 35.18 35.353 35.588 35.82 36.008 36.241 36.591 36.453 36.798 37.447 38.231 38.648 39.252 39.735 40.026 39.481 38.999 38.252 37.885 36.98 36.756 36.631 37.257 37.711 38.203 38.78 39.419 40.095 39.341 36.588 36.627 36.899 37.582 35.761 34.96 34.574 34.176 33.827 31.139 30.799 30.793 30.809 30.795 30.768 31.07 30.851
30.549 30.563 30.611 30.641 30.708 30.725 30.75 30.798 30.784 30.841 30.853 31.821 31.161 30.995 32.682 34.44 34.628 33.353 30.781 30.573 30.566 30.55 30.887 30.598 30.761 33.736 34.761 35.014 35.205 35.425 35.567 35.84 36.089 36.288 36.554 36.561 36.967 37.549 38.18 38.842 39.335 39.864 39.899 39.367 38.945 38.117 37.667 37.01 36.69 36.808 37.305 37.726 38.286 38.886 39.52 40.156 39.19 36.695 36.208 35.237 34.74 34.304 34.033 31.697 30.795 30.803 30.797 30.788 30.822 30.846 30.978 33.633
30.55 30.586 30.63 30.685 30.716 30.748 30.758 30.794 30.833 30.879 30.957 31.752 31.086 31.088 32.668 34.323 33.392 31.321 30.792 30.518 30.529 30.525 30.525 30.579 30.617 30.669 31.009 32.633 34.682 34.996 35.234 35.454 35.673 35.91 36.013 36.362 36.475 36.581 37.161 37.592 38.268 38.695 39.483 39.875 39.717 39.263 38.84 38.116 37.644 36.903 36.587 36.913 37.452 37.82 38.491 39.106 39.423 39.911 35.434 34.962 34.568 34.169 32.527 30.876 30.764 30.743 30.759 30.747 30.844 30.954 32.354 34.387
30.585 30.593 30.657 30.684 30.733 30.785 30.775 30.842 30.886 30.902 31.921 31.131 30.912 31.09 33.073 34.38 32.613 32.056 30.609 30.537 30.471 30.5 30.503 30.546 30.546 30.569 30.566 30.911 33.305 34.096 34.805 35.068 35.246 35.457 35.644 35.93 36.071 36.298 36.542 36.48 37.116 37.762 38.34 39.009 39.413 39.941 40.87 39.354 38.516 38.081 37.241 36.746 36.629 36.922 37.414 38.181 38.438 36.354 35.106 34.746 34.298 33.988 32.06 30.73 30.781 30.757 30.74 30.775 31.092 30.916 33.49 34.921
30.581 30.598 30.66 30.665 30.732 30.79 30.789 30.795 30.889 33.143 33.96 31.662 30.733 30.882 32.22 33.302 31.542 31.092 30.651 30.468 30.47 30.458 30.463 30.478 30.492 30.525 30.55 30.524 30.543 31.271 33.435 34.523 34.844 35.092 35.287 35.533 35.687 35.951 36.159 36.331 36.427 36.644 37.065 37.83 38.45 39.082 39.707 39.923 39.742 39.141 38.52 38.04 37.24 36.939 36.674 36.984 37.31 35.613 35.023 34.527 34.042 32.4 30.789 30.785 30.742 30.725 30.737 30.735 31.168 32.945 34.477 35.24
30.565 30.614 30.672 30.696 30.743 30.782 30.82 30.866 30.964 34.035 33.471 32.007 30.831 30.663 30.621 30.649 30.511 30.465 30.473 30.497 30.504 30.462 30.437 30.441 30.468 30.474 30.468 30.541 30.526 30.549 30.636 30.831 31.626 34.578 34.92 35.129 35.252 35.525 35.763 35.969 36.237 36.548 36.507 36.722 37.24 37.864 38.387 39.154 39.632 40.045 39.683 39.057 38.464 37.795 34.948 36.048 35.791 35.093 34.795 34.308 33.923 31.093 30.712 30.769 30.76 30.762 30.765 31.505 31.009 34.209 34.957 35.237
30.611 30.651 30.688 30.702 30.78 30.793 30.804 30.894 33.228 33.383 32.524 30.942 30.622 30.577 30.549 30.555 30.534 30.469 30.45 30.478 30.447 30.442 30.452 30.436 30.436 30.448 30.414 30.494 30.503 30.552 30.565 30.563 30.657 31.075 32.517 34.617 34.934 35.139 35.346 35.532 35.753 35.974 36.234 36.542 36.482 36.89 37.354 38.289 38.604 39.23 39.776 40.107 39.553 38.752 34.591 35.447 35.335 34.854 34.576 34.117 33.783 30.769 30.728 30.722 30.73 30.801 30.773 31.244 34.814 36.021 35.483 34.902
31.84 30.864 30.757 30.742 30.787 30.842 30.85 33.095 33.172 32.383 31.062 30.629 30.65 30.668 30.534 30.536 30.498 30.496 30.46 30.469 30.392 30.431 30.397 31.074 30.59 30.404 30.415 30.402 30.424 30.484 30.484 30.651 30.59 30.701 30.712 32.128 34.153 34.769 35.006 35.148 35.345 35.568 35.722 35.933 36.243 36.598 36.467 36.933 37.466 38.279 38.815 39.275 37.104 34.652 34.455 35.495 35.046 34.75 34.338 33.893 31.109 30.725 30.766 30.738 30.76 30.728 30.9 33.186 35.702 37.151 37.178 35.795
30.601 30.685 30.735 30.753 30.81 30.836 30.862 33.944 33.134 32.493 30.687 30.616 30.556 30.671 30.515 30.542 30.574 30.567 30.527 30.439 30.441 30.461 30.466 31.264 30.515 30.448 30.415 30.357 30.462 30.541 30.465 30.48 30.523 30.545 30.594 31.923 31.362 31.646 33.855 34.722 35.011 35.149 36.091 35.681 35.818 36.021 36.395 36.606 36.558 37.117 38.664 38.718 38.769 37.092 32.869 32.105 33.499 34.427 34.113 32.139 30.753 30.733 30.757 30.69 30.726 30.719 31.1 34.541 36.247 37.931 36.46 35.374
30.628 30.685 30.772 30.812 30.808 30.827 33.433 33.866 32.023 30.901 30.64 30.604 30.805 30.547 30.486 30.56 30.589 30.537 30.508 30.446 30.478 30.495 30.492 30.629 30.441 30.428 30.458 30.403 30.39 30.37 30.466 30.455 30.478 30.53 30.517 30.892 30.589 30.557 31.512 31.851 33.988 34.787 35.935 36.079 35.784 35.682 35.89 36.054 36.356 37.015 38.431 38.535 38.692 38.637 31.455 32.375 32.623 32.502 33.241 30.781 30.69 30.695 30.712 30.69 30.705 30.712 33.187 35.341 37.567 37.012 36.022 33.79
30.679 30.714 30.748 30.822 30.853 30.901 33.253 33.326 31.611 30.737 30.645 30.642 30.698 30.613 30.574 30.618 31.249 31.247 30.857 30.521 30.755 31.595 30.743 30.474 30.48 30.487 30.471 30.435 30.424 30.396 30.422 30.367 30.398 30.493 30.664 30.635 30.646 30.655 30.7 31.664 31.985 32.541 35.789 35.897 35.874 35.688 35.518 35.668 35.89 36.102 36.758 36.763 38.074 34.323 30.495 30.921 31.394 32.984 31.4 30.66 30.656 30.688 30.712 30.708 30.711 31.088 33.964 35.67 34.908 35.566 35.264 33.532
30.679 30.736 30.786 30.817 30.882 30.986 33.642 33.235 31.081 30.812 30.692 30.684 30.625 30.651 30.656 30.711 30.783 31.029 31.343 30.888 30.742 31.112 30.591 30.503 30.537 30.495 30.495 30.496 30.499 30.423 30.437 30.395 30.406 30.41 30.518 30.532 30.472 30.646 30.593 31.593 32.046 35.874 35.827 35.856 35.236 34.836 35.044 35.218 35.521 35.675 35.925 36.168 36.37 32.263 30.514 30.552 30.594 31.159 30.892 30.643 30.675 30.645 30.685 30.74 30.737 31.441 32.925 34.652 34.485 33.413 33.921 33.816
30.701 30.77 30.814 30.845 30.96 34.85 34.001 32.627 30.904 30.8 30.721 30.755 30.693 30.719 30.835 30.671 30.568 30.483 30.839 30.584 30.481 30.488 30.476 30.691 30.668 30.642 30.506 30.484 30.479 30.426 30.435 30.433 30.41 30.373 30.388 30.373 30.457 30.653 30.541 30.585 34.04 35.49 35.805 35.801 34.567 34.539 34.73 34.817 35.112 35.364 35.607 35.712 35.582 35.218 33.867 30.705 30.628 30.594 30.581 30.699 30.671 30.695 30.71 30.722 31.652 31.231 32.618 32.564 33.627 33.579 33.869 33.594
