dsm/se2832_DSM_2M.asc
ncols 500
nrows 500
xllcorner    428000
yllcorner    432000
cellsize     2
NODATA_value -9999
[rows 256 to 287 of 500, columns 288 to 359 of 500]
42.759 42.512 42.387 42.529 42.619 42.827 42.971 43.161 43.269 43.201 42.977 42.858 42.716 42.307 34.784 31.711 31.655 31.652 31.643 31.667 33.711 34.694 35.268 34.153 37.335 32.904 32.185 32.219 32.249 32.284 32.394 32.34 32.381 32.374 32.315 32.36 32.318 32.254 32.23 32.226 32.351 32.155 32.899 31.736 31.721 38.354 40.496 45.742 48.864 48.887 48.834 48.777 48.723 48.68 48.787 48.687 48.749 48.824 48.849 48.926 37.01 31.724 31.554 31.567 31.546 31.575 31.576 31.568 31.587 31.578 31.569 31.577
42.582 42.361 42.391 42.629 42.792 42.931 43.077 43.191 43.186 43.044 42.896 42.72 42.565 36.837 31.703 31.618 31.584 31.619 31.605 31.659 31.847 35.376 35.48 38.084 38.752 35.082 32.214 32.183 32.267 32.308 32.327 32.396 32.443 32.375 32.351 32.381 32.295 32.27 32.226 32.153 32.424 32.142 31.82 31.725 33.901 48.906 48.934 48.894 48.797 48.828 48.777 48.807 48.819 48.808 48.87 48.716 48.788 48.803 48.846 48.888 46.766 34.934 31.699 31.567 31.542 31.563 31.552 31.578 31.57 31.532 31.525 31.519
42.518 42.487 42.615 42.782 42.839 43.003 43.16 43.217 43.044 42.838 42.728 42.623 36.879 32.715 31.68 31.625 31.582 31.61 31.735 31.81 31.879 32.944 36.698 38.391 38.814 35.226 33.218 32.245 32.277 32.305 32.388 32.354 32.438 32.417 32.4 32.36 32.346 32.329 32.239 32.177 32.405 32.185 32.029 31.673 31.786 45.35 48.921 48.915 48.843 48.863 48.819 49.212 48.986 48.723 48.836 48.709 48.779 48.752 48.845 48.841 48.557 39.986 31.905 31.589 31.583 31.586 31.53 31.558 31.474 31.492 31.48 31.48
42.413 42.576 42.671 42.865 43.021 43.231 43.177 43.04 42.846 42.755 42.577 42.452 34.766 31.635 31.64 31.627 31.546 31.707 31.715 31.907 31.927 31.95 34.8 37.365 37.937 34.589 32.747 32.229 32.303 32.252 32.388 32.515 32.62 32.51 32.388 32.384 32.334 32.336 32.23 32.209 33.078 32.283 31.991 31.663 31.618 34.984 48.752 48.881 48.904 48.858 48.805 48.862 49.109 48.784 48.748 48.734 48.716 48.766 48.803 48.871 48.921 45.707 32.783 31.655 31.588 31.577 31.517 31.479 31.472 31.5 31.444 31.409
42.517 42.659 42.873 42.983 43.128 43.208 43.029 42.938 42.738 42.582 42.252 32.86 31.652 31.598 31.592 31.64 31.617 31.714 31.788 31.995 31.998 32.117 37.188 36.537 35.803 33.836 32.108 32.274 32.21 32.354 32.389 32.44 32.717 32.606 32.404 32.457 32.328 32.38 32.29 32.191 32.866 32.897 32.079 31.717 31.623 31.6 45.415 48.932 48.932 48.928 48.879 48.862 48.792 48.79 48.728 48.756 48.739 48.717 48.777 48.794 48.864 48.863 38.352 32.21 31.603 31.498 31.535 31.518 31.514 31.488 31.444 31.52
42.67 42.847 42.942 43.057 43.277 43.104 42.957 42.809 42.622 42.476 42.156 31.753 31.589 31.515 31.607 31.613 31.717 31.794 31.894 31.991 31.954 32.156 35.772 36.395 37.379 34.794 32.232 32.259 32.246 32.324 32.386 32.54 32.696 34.886 32.733 32.462 32.355 32.357 32.288 32.191 33.852 33.693 33.937 33.535 31.733 31.609 35.183 48.59 48.967 48.95 48.902 48.862 48.849 48.803 48.771 48.757 48.747 48.796 48.777 48.808 48.885 48.871 48.661 33.928 31.667 31.513 31.544 31.465 31.503 31.48 31.593 31.58
42.682 42.91 43.062 43.188 43.146 43.009 42.818 42.695 42.535 42.175 32.823 31.632 31.564 31.512 31.586 31.602 31.784 31.873 31.988 32.046 32.079 32.759 37.492 38.026 36.738 35.233 32.281 32.268 32.33 32.308 32.489 32.644 35.765 38.603 34.976 32.437 32.365 32.359 32.344 32.275 33.237 32.974 35.181 35.207 31.806 31.623 31.865 44.735 48.943 48.873 48.928 48.839 48.9 48.844 48.777 48.76 48.719 48.714 48.695 48.823 48.822 48.811 48.919 39.022 31.729 31.543 31.524 31.505 31.494 31.488 31.503 31.541
42.918 43 43.189 43.179 42.998 42.895 42.745 42.615 42.212 34.692 31.599 31.56 31.568 31.485 31.549 31.672 31.859 31.906 32.021 32.136 32.174 36.704 40.307 39.988 38.047 34.661 32.33 32.26 32.29 32.389 32.509 32.777 36.877 40.179 34.583 32.654 32.521 32.385 32.288 32.315 33.06 32.915 32.868 32.807 31.913 31.608 31.665 32.959 45.952 48.873 48.893 48.876 48.909 48.873 48.787 48.782 48.782 48.747 48.717 48.778 48.761 48.799 48.894 48.472 35.239 31.688 31.546 31.54 31.548 31.53 31.636 31.596
42.999 43.085 43.249 43.067 42.917 42.737 42.614 42.504 36.51 31.621 31.577 31.561 31.539 31.561 31.575 31.68 31.875 32.037 32.079 32.168 32.218 33.482 39.268 39.879 37.935 37.55 32.51 32.257 32.281 32.323 32.458 34.014 40.334 40.534 34.142 34.522 33.056 32.39 32.303 32.303 32.239 33.347 33.695 31.805 31.715 31.668 31.65 32.147 36.726 48.692 48.964 48.902 48.883 48.823 48.812 48.757 48.741 48.749 48.637 48.766 48.894 49.678 48.878 48.918 44.176 31.899 31.558 32.047 34.181 31.781 31.865 31.994
43.174 43.248 43.122 42.959 42.76 42.597 42.527 42.131 31.754 31.6 31.537 31.553 31.547 31.625 31.748 31.79 31.913 32.075 32.186 32.245 32.363 32.39 34.176 37.251 38.035 38.997 33.057 32.249 32.26 32.377 32.517 32.788 35.273 38.948 35.916 38.166 32.556 32.439 32.328 32.364 32.274 32.636 33.154 33.712 31.778 32.102 31.735 31.631 33.614 48.829 48.954 48.958 48.866 48.826 48.88 48.801 48.845 48.741 49.208 51.122 52.049 52.13 49.182 48.913 47.637 33.201 39.664 42.814 43.207 31.943 31.768 32.15
43.388 43.15 42.925 42.891 42.664 42.547 41.72 33.063 31.578 31.579 31.556 31.512 31.602 31.695 31.834 31.858 32.052 32.134 32.167 32.279 32.327 34.004 34.672 36.91 38.619 39.132 35.243 32.297 32.317 32.361 32.422 34.507 38.554 37.634 37.858 34.456 32.526 32.408 32.371 32.343 32.291 32.426 34.177 33.545 31.747 31.725 32.589 39.179 45.34 48.27 48.966 48.924 48.82 48.908 48.866 48.943 49.053 48.797 52.058 52.015 52.108 52.073 51.586 48.92 48.949 44.394 45.202 44.922 33.044 31.713 31.835 31.696
43.258 43.034 42.894 42.697 42.568 42.355 34.665 31.574 31.589 31.557 31.523 31.541 31.611 31.789 31.854 31.966 32.074 32.131 32.207 32.285 32.406 33.463 34.846 36.246 38.698 37.305 33.734 32.243 32.332 32.381 32.615 37.859 37.951 37.237 38.924 35.971 32.528 32.376 32.383 32.411 32.309 32.493 32.595 33.773 32.47 31.77 40.282 43.471 39.789 36.525 48.735 48.921 48.979 48.895 48.8 48.885 49.064 48.81 51.475 52.128 52.139 52.176 52.199 49.553 48.877 48.662 34.506 31.652 31.667 31.667 31.717 31.676
43.04 42.913 42.792 42.626 42.149 32.828 31.619 31.565 31.583 31.559 31.581 31.635 31.756 31.853 31.963 32.101 32.126 32.248 32.321 32.36 32.463 32.529 33.299 35.97 36.223 35.138 33.083 32.212 32.3 32.366 35.948 42.126 39.808 43.402 39.856 37.812 33.707 32.416 32.432 32.383 32.35 32.427 32.687 36.488 32.493 31.643 34.874 33.197 31.605 32.142 45.405 48.968 48.913 48.937 48.891 48.917 48.885 48.858 48.79 52.096 52.159 52.1 52.118 51.727 48.953 48.918 40.047 31.863 31.653 31.676 31.732 31.704
42.926 42.809 42.677 42.257 32.802 31.576 31.606 31.536 31.551 31.594 31.647 31.764 31.834 31.844 32.051 32.132 32.234 32.339 32.438 32.437 32.523 32.622 32.88 34.803 36.854 33.915 33.824 32.285 32.318 32.355 32.374 34.35 42.045 41.904 34.56 32.76 35.376 32.486 32.45 32.346 32.354 32.476 32.916 32.953 31.752 31.76 31.722 31.753 31.665 31.637 31.966 48.385 48.916 48.922 48.887 48.87 48.847 48.806 48.798 49.453 52.093 52.076 52.183 50.366 48.945 48.816 48.595 33.196 31.669 31.634 31.719 31.69
42.847 42.664 42.507 36.599 31.637 31.536 31.564 31.521 31.566 31.648 31.772 31.827 31.966 32.004 32.079 32.224 32.246 32.374 32.449 32.578 32.587 33.3 33.404 37.377 37.585 34.403 34.932 32.278 32.313 32.331 32.421 32.635 35.297 38.947 37.31 33.043 33.215 32.457 32.506 32.41 32.372 32.441 32.972 32.579 31.872 31.786 31.703 31.755 31.661 31.628 31.664 43.663 48.987 48.977 48.885 48.88 48.828 48.874 48.757 49.368 51.441 50.302 49.106 48.722 48.845 48.844 48.725 43.632 31.965 31.682 32.015 31.707
42.676 42.516 42.231 31.817 31.629 31.594 31.565 31.511 31.576 31.71 31.824 31.921 32 32.056 32.177 32.291 32.336 32.538 32.498 32.518 32.638 32.76 34.67 37.256 37.438 37.774 37.596 32.531 32.313 32.356 32.418 32.691 33.079 36.966 36.178 34.443 32.742 32.532 32.446 32.481 32.432 32.516 33.164 33.057 32.11 31.829 31.72 31.716 31.679 31.712 31.662 34.957 47.907 48.886 48.938 48.873 48.928 48.854 48.782 48.809 48.718 49.067 48.685 48.767 48.822 48.823 48.917 47.862 36.156 31.714 31.628 31.656
42.647 42.25 32.838 31.617 31.593 31.538 31.578 31.584 31.675 31.764 31.866 31.911 32.071 32.197 32.235 32.416 32.414 32.582 32.565 32.663 32.667 32.787 34.202 36.399 38.885 39.378 39.442 33.923 32.306 32.406 32.486 32.653 33.426 38.881 38.366 34.802 32.824 32.596 32.446 32.513 32.4 32.395 33.233 33.455 34.384 31.791 31.792 31.694 31.833 31.702 31.606 31.645 43.737 48.929 48.968 48.883 48.951 48.908 48.881 48.78 48.738 48.775 48.68 48.767 48.755 48.836 48.902 48.529 44.743 32.153 31.601 31.7
42.518 36.549 31.618 31.557 31.574 31.544 31.601 31.664 31.707 31.826 31.913 31.99 32.127 32.23 32.376 32.434 32.45 32.581 32.653 32.706 32.714 32.832 33.181 36.161 37.699 39.447 39.538 34.819 32.272 32.402 32.433 32.647 34.105 38.729 39.572 33.93 32.858 32.59 32.494 32.504 32.367 32.505 33.301 36.2 35.3 32.089 31.79 31.736 31.79 31.615 31.609 31.65 31.839 48.832 48.997 48.895 48.914 48.86 48.861 48.801 48.812 48.767 49.094 48.762 48.788 48.798 48.807 46.861 44.175 33.692 31.638 31.672
42.036 31.775 31.604 31.567 31.523 31.499 31.636 31.752 31.841 31.959 32.082 33.46 33.929 33.605 33.65 32.469 32.5 32.554 32.635 32.752 32.88 32.93 33.023 36.022 37.269 37.685 37.179 32.987 32.262 32.328 32.489 32.628 38.451 39.858 39.023 38.116 33.097 32.618 32.508 32.523 32.401 32.501 33.399 34.649 34.792 32.053 31.825 31.746 31.723 31.714 31.905 31.635 31.655 44.884 48.964 48.999 48.91 48.845 48.83 48.81 49.107 48.755 49.03 48.691 48.784 48.774 48.762 45.863 40.175 35.981 32.003 31.635
32.881 31.593 31.551 31.538 31.527 31.636 31.757 31.808 31.919 31.985 33.476 34.049 33.891 34.03 33.167 32.436 32.54 32.721 32.815 33.723 34.193 32.982 34.286 36.302 38.771 37.654 37.473 32.573 32.338 32.372 32.416 35.575 39.824 41.377 37.24 39.901 34.026 32.657 32.585 32.536 32.438 32.506 33.832 33.448 34.842 31.922 32.786 33.846 33.587 31.715 31.711 31.659 31.635 32.84 48.729 48.936 48.854 48.907 48.848 48.832 49.197 48.968 48.751 48.684 48.694 48.735 48.84 48.828 48.55 48.283 33.7 31.674
31.688 32.298 31.546 31.519 31.577 31.775 34.037 32.038 34.071 32.163 33.417 33.864 33.19 32.788 33 32.63 32.644 32.892 33.196 33.929 33.062 34.825 38.81 40.297 40.66 39.8 34.543 32.895 32.311 32.331 32.439 32.605 39.12 39.296 40.673 38.383 33.753 32.742 32.599 32.551 32.531 32.529 32.818 34.554 36.032 31.988 34.569 35.676 34.097 31.882 32.488 31.711 31.636 31.666 45.457 48.966 48.902 48.954 48.84 48.88 48.941 48.876 48.765 48.714 48.677 48.747 48.828 48.688 35.548 31.744 31.723 31.749
34.048 34.679 35.188 36.747 35.83 33.567 35.373 35.107 35.627 34.555 33.267 33.661 33.908 34.861 34.803 32.973 33.441 34.362 33.924 33.27 33.353 33.813 39.082 40.989 41.537 41.604 37.152 33.274 32.468 32.419 32.471 32.558 34.13 38.993 39.133 35.5 33.052 32.726 32.593 32.544 32.502 32.465 33.056 35.827 36.94 32.503 32.802 35.049 34.038 31.896 31.678 31.908 31.667 31.647 32.85 48.797 48.931 48.906 48.879 48.892 48.833 48.823 48.846 48.788 48.758 48.478 41.646 34.122 35.194 31.841 31.7 31.739
35.671 36.465 38.195 38.525 38.3 34.299 34.558 34.142 34.163 33.163 33.495 33.286 33.189 33.953 35.152 33.617 33.912 33.996 33.949 33.841 33.91 34.633 38.673 36.847 40.708 41.173 41.28 38.095 33.248 32.422 32.454 32.539 35.217 37.698 39.859 35.666 33.257 33.002 32.561 32.538 32.583 32.502 33.993 34.253 33.366 31.848 31.869 32.163 31.905 31.826 31.771 32.114 31.633 31.63 31.672 45.436 48.968 48.877 48.847 48.87 48.815 48.835 48.84 48.366 42.78 32.008 36.072 37.774 36.148 32.546 31.611 31.712
35.692 35.595 37.451 36.998 35.799 34.103 34.154 34.207 33.927 33.947 33.89 33.897 34.888 33.936 33.976 33.946 34.014 34.157 34.186 34.007 34.138 34.15 37.206 40.647 41.447 42.667 43.491 40.375 35.159 32.414 32.462 32.514 32.847 37.942 42.314 44.341 41.136 33.564 32.552 32.613 32.558 32.534 34.093 34.536 32.638 31.859 32.319 32.817 32.166 31.836 31.832 31.732 31.679 31.594 31.639 38.926 49.004 48.878 48.948 48.962 48.846 48.452 36.636 33.418 31.823 35.919 37.089 37.452 37.343 35.827 31.691 31.68
35.843 34.841 35.285 35.507 35.273 34.285 34.376 34.899 34.33 36.383 36.475 35.092 34.234 34.324 38.322 40.088 38.856 36.789 36.734 37.891 38.95 43.193 36.51 42.062 44.342 39.112 43.969 41.914 34.256 32.421 32.492 32.53 32.824 35.48 41.786 44.056 37.936 32.858 32.584 32.623 32.557 32.531 32.699 34.633 32.448 31.928 31.847 31.886 31.977 31.812 31.842 31.671 31.695 31.729 31.657 31.662 45.404 48.941 48.939 48.301 36.589 33.35 31.734 31.728 32.285 33.418 35.96 36.998 36.828 33.603 31.682 31.705
38.789 39.109 39.35 37.866 37.632 36.547 38.341 39.109 38.072 39.01 40.747 42.416 41.958 39.061 41.162 38.732 42.427 40.483 41.053 40.188 42.59 43.885 41.994 42.091 43.489 41.492 42.523 41.065 34.912 32.471 32.448 32.538 32.826 36.893 39.005 42.612 34.182 32.913 32.693 32.594 32.6 32.57 32.623 34.818 34.036 35.022 32.436 31.86 31.882 31.808 31.806 31.73 31.722 32.461 31.677 31.622 37.263 48.63 39.615 31.77 31.708 31.745 31.772 31.683 31.73 31.664 34.519 35.826 36.134 32.793 31.836 34.206
42.716 41.663 42.122 42.651 42.013 40.414 43.629 41.185 40.275 42.222 41.85 39.341 43.302 40.168 36.598 36.67 40.586 37.718 36.423 40.589 42.856 43.687 41.245 41.084 38.146 41.214 36.604 35.888 32.482 32.442 32.479 32.558 32.813 34.955 35.466 34.243 33.186 33.025 32.731 32.588 32.594 32.559 32.628 34.805 32.865 34.271 33.015 31.945 31.85 31.835 31.842 31.732 31.771 31.739 31.731 31.626 31.629 31.69 31.711 31.755 31.74 31.735 31.676 31.721 33.89 31.839 31.687 32.503 32.071 31.81 35.155 36.496
43.034 41.349 41.362 41.442 42.491 42.081 42.033 37.38 41.201 41.175 41.469 41.653 42.646 41.66 40.316 39.768 38.602 38.046 37.355 41.456 42.243 42.978 41.806 41.552 41.849 42.84 39.453 33.668 32.498 32.467 32.536 32.524 32.826 33.572 38.18 36.122 33.71 33.058 32.746 32.605 32.558 32.557 32.693 35.245 34.616 32.397 32.212 32.297 32.089 31.984 31.776 31.872 31.739 31.653 31.736 31.684 31.752 31.698 31.754 31.72 31.557 31.699 31.652 34.357 36.308 35.348 34.092 32.265 31.751 32.366 35.527 36.501
38.901 37.372 42.59 42.71 43.168 40.133 41.961 39.815 41.863 40.525 40.706 41.389 41.972 41.584 41.705 41.48 40.619 40.113 40.544 41.833 41.665 41.734 41.7 38.703 41.733 38.7 40.205 34.514 32.549 32.48 32.512 32.569 32.791 32.949 35.602 36.807 35.804 35.109 32.761 32.588 32.582 32.588 32.601 34.809 33.751 32.164 32.833 33.844 34.276 33.964 31.942 31.86 31.914 33.265 32.056 31.759 32.739 32.418 32.007 36.044 33.232 32.741 33.478 35.099 36.189 34.617 36.046 36.324 36.375 34.874 36.635 36.505
41.517 38.688 40.281 42.452 41.479 44.106 40.421 42.457 43.233 39.998 40.404 40.603 40.921 42.786 40.95 41.282 41.419 39.388 40.218 41.933 43.043 42.1 41.809 39.472 38.118 39.215 39.692 33.477 32.586 32.473 32.535 32.552 32.757 32.929 34.996 36.122 38.304 35.126 32.814 32.676 32.547 32.54 32.614 34.948 34.102 32.21 32.636 35.321 34.583 35.871 34.814 32.826 35.08 36.963 35.915 36.657 35.774 37.442 37.164 37.761 37.752 35.002 36.123 37.423 37.375 36.629 37.21 36.931 36.859 36.781 36.666 36.539
37.659 37.194 37.748 38.346 38.726 38.832 37.556 37.677 38.821 38.21 38.745 38.295 39.128 40.568 39.377 40.948 41.268 39.506 41.713 42.174 39.966 39.504 40.862 41.503 39.41 41.215 34.931 33.091 32.81 32.575 32.57 32.621 32.87 33.019 34.169 35.813 38.14 34.554 32.89 32.802 32.787 32.839 32.702 35.718 35.452 37.562 35.918 38.017 36.146 38.19 36.507 38.233 38.047 38.258 38.867 38.066 38.432 38.199 38.024 37.881 37.744 37.19 37.633 37.365 37.371 37.179 37.017 37.049 36.899 36.858 36.749 36.705
37.118 37.179 37.282 37.452 37.509 37.596 37.683 37.767 37.839 37.954 38.073 38.126 38.184 38.202 38.334 38.886 38.77 38.571 38.677 39.366 38.823 38.881 39.229 39.37 39.611 39.779 38.942 38.19 38.276 38.192 38.956 38.929 38.997 38.352 39.567 38.519 39.521 38.846 38.877 38.294 39.642 39.463 39.49 39.357 39.357 39.284 39.197 39.096 39.089 38.962 38.924 38.76 38.633 38.526 38.389 38.363 38.243 38.122 37.937 37.919 37.814 37.72 37.591 37.477 37.383 37.233 37.234 37.165 36.999 37.002 36.856 36.793
