dsm/se2835_DSM_2M.asc
ncols 500
nrows 500
xllcorner    428000
yllcorner    435000
cellsize     2
NODATA_value -9999
[rows 256 to 287 of 500, columns 360 to 431 of 500]
75.739 75.806 75.866 75.921 75.959 76.019 76.064 76.104 76.169 76.219 76.269 76.314 76.371 76.429 76.469 76.516 76.566 76.634 76.676 76.726 76.781 76.849 76.904 76.951 77.004 77.056 77.201 77.204 77.331 77.311 77.369 77.429 77.479 77.544 77.611 77.671 77.989 77.931 78.686 78.134 78.011 78.066 79.404 79.216 78.266 78.609 78.446 78.516 78.636 78.724 78.816 78.901 78.999 79.096 79.164 79.244 79.326 79.419 80.254 81.671 83.694 84.446 86.319 86.374 86.854 86.914 87.109 88.694 88.759 89.241 88.169 88.759
75.796 75.856 75.904 75.954 75.999 76.056 76.104 76.146 76.191 76.236 76.294 76.334 76.366 76.409 76.449 76.501 76.546 76.589 76.636 76.676 76.749 76.794 76.851 76.906 76.954 77.011 77.166 77.139 77.264 77.234 77.566 78.866 79.016 77.444 77.516 77.974 77.796 77.776 77.846 77.931 77.999 78.086 78.149 78.229 78.289 79.014 80.481 81.771 80.796 80.026 79.429 81.994 82.924 84.179 85.689 86.164 86.284 86.456 86.656 86.751 86.919 87.614 87.639 87.789 87.884 87.994 88.129 89.804 89.901 90.014 90.091 90.201
75.834 75.864 75.909 75.949 76.574 77.001 76.069 76.121 76.169 76.201 76.246 76.269 76.309 76.326 76.384 76.424 76.456 76.496 76.534 76.594 76.634 76.691 76.706 76.754 76.841 76.916 76.974 76.984 77.124 77.211 77.296 77.366 77.419 77.491 77.576 77.741 77.714 80.804 84.309 84.064 85.309 86.959 87.074 87.181 87.344 87.454 87.536 87.714 86.191 86.254 86.374 86.486 86.586 86.706 87.234 87.329 87.464 87.591 87.796 87.894 87.996 88.619 88.641 88.669 88.614 88.491 88.346 89.954 90.304 90.256 90.104 90.006
75.791 75.821 75.854 75.879 75.901 75.946 75.994 76.329 76.479 76.099 77.121 76.844 76.816 77.436 76.241 76.289 76.344 76.416 76.489 76.554 76.616 76.676 76.744 76.729 76.831 77.321 77.014 77.071 77.396 80.036 78.756 82.156 81.504 83.056 84.354 85.066 84.989 86.924 87.636 87.306 87.466 88.231 88.089 87.649 88.184 88.709 88.781 88.896 89.159 87.299 87.434 87.561 87.671 87.754 87.834 88.251 88.176 88.011 87.944 87.781 87.581 88.181 87.884 87.786 87.654 87.426 87.279 88.781 88.851 89.134 89.016 88.866
75.684 75.699 75.726 75.741 75.774 76.434 76.406 76.151 76.394 76.046 76.156 76.171 76.219 76.269 76.349 76.386 76.446 76.499 76.561 76.606 76.669 80.644 82.236 82.451 84.294 84.449 83.921 85.311 86.251 86.806 86.051 85.606 85.696 85.816 87.114 85.994 86.089 87.364 88.406 88.529 88.706 90.159 89.484 89.521 89.514 89.489 89.341 89.194 89.416 87.494 87.414 87.284 87.201 87.066 86.949 87.206 87.011 86.911 86.831 86.681 86.496 86.899 86.846 86.684 86.551 85.816 85.109 84.836 88.179 88.054 87.246 85.764
75.671 76.644 75.664 75.709 76.139 75.934 76.104 76.611 76.414 76.264 76.411 76.289 76.949 76.996 76.994 76.484 76.656 76.736 76.609 76.616 78.869 86.164 87.154 86.561 85.869 85.954 86.049 86.299 87.284 87.404 87.546 86.549 86.656 86.759 86.864 86.886 86.914 87.224 88.504 88.384 88.259 89.231 88.701 88.561 88.444 88.259 88.386 88.199 87.969 86.306 86.186 86.109 85.999 85.896 85.774 85.974 85.579 84.771 83.016 82.056 80.581 80.701 79.496 79.336 79.511 79.569 80.879 80.506 79.384 79.289 80.454 80.809
75.819 80.936 75.606 75.779 76.104 76.119 76.094 76.104 76.129 76.169 76.329 76.359 76.324 76.479 76.324 76.549 77.694 77.874 79.011 81.149 84.516 87.704 87.761 87.766 86.919 86.856 86.891 86.921 86.881 86.806 86.746 86.604 85.829 86.414 86.344 86.171 86.064 86.536 87.296 87.144 87.019 87.301 88.019 87.629 87.174 87.039 86.939 86.749 84.576 82.916 81.506 80.646 79.439 78.961 78.709 79.374 78.959 78.969 79.104 79.544 79.014 80.766 79.879 79.191 79.811 79.536 79.581 79.889 79.569 79.584 81.191 79.796
75.824 79.924 75.519 75.816 76.126 76.814 76.104 76.894 78.566 78.001 80.044 80.884 80.008 82.619 84.565 86.631 89.497 90.469 87.547 94.139 97.244 87.017 86.854 86.844 86.429 86.144 86.079 85.999 85.936 85.826 85.854 85.634 85.489 85.396 85.366 85.189 85.064 85.036 85.796 85.246 84.246 83.769 81.934 79.956 79.411 81.121 77.271 77.059 77.956 78.564 78.514 78.531 78.651 78.661 79.324 79.651 78.961 78.976 78.804 78.979 79.014 82.164 82.061 80.204 80.391 80.159 79.591 79.811 79.644 79.606 79.919 79.786
78.854 75.369 75.436 77.136 83.396 83.751 83.856 83.986 84.139 83.879 84.332 84.468 84.488 84.169 86.374 87.493 89.302 91.816 88.356 88.838 86.405 85.745 85.601 85.495 85.447 85.181 85.089 85.019 84.876 84.796 83.704 83.214 82.241 80.304 79.659 77.949 77.581 77.109 76.769 76.734 76.731 77.041 77.011 76.961 77.214 77.211 77.239 77.304 80.429 78.621 78.499 78.559 78.654 79.259 81.841 79.119 79.221 79.156 79.149 79.141 80.534 81.139 81.291 82.914 83.086 83.516 83.136 82.604 80.554 79.606 81.576 79.839
77.264 75.286 75.321 83.761 84.881 85.004 85.136 85.219 85.744 85.435 85.443 85.578 85.715 85.94 85.987 86.792 89.144 92.066 89.174 85.349 84.936 84.887 83.967 83.04 79.947 78.024 77.151 77.766 76.261 76.376 76.254 77.536 76.369 76.971 76.771 76.359 76.226 76.569 76.926 76.974 76.979 77.014 77.051 77.081 77.269 79.481 78.029 78.329 80.476 79.329 78.929 78.791 80.119 81.961 80.909 79.899 80.576 79.461 81.124 79.014 78.866 79.244 80.549 80.356 79.416 81.089 79.619 81.084 80.034 79.621 79.884 79.744
76.076 75.186 75.226 85.904 86.119 86.251 86.381 86.428 86.234 86.012 86.421 85.8 85.792 85.827 85.605 86.546 88.895 92.219 89.611 86.439 84.226 77.58 75.458 75.278 75.658 75.797 75.646 77.062 76.104 76.101 76.166 77.376 76.276 76.301 76.861 76.544 76.201 76.639 77.189 77.216 77.324 77.486 77.781 77.954 79.314 79.686 78.431 78.344 79.596 78.586 78.289 78.286 81.461 78.489 78.686 78.416 78.126 78.364 80.756 78.434 78.614 79.196 78.564 79.766 80.036 80.386 81.931 79.554 81.146 80.466 81.266 81.361
75.381 75.086 75.091 86.039 85.894 85.799 85.621 85.273 85.117 84.387 85.251 83.69 83.707 84.31 85.407 86.217 88.398 92.204 89.936 86.526 83.26 75.513 75.228 75.204 76.214 75.868 75.712 76.844 76.113 76.051 76.094 77.521 76.394 76.324 76.866 76.561 76.589 77.321 77.689 77.496 77.556 77.939 77.879 77.511 77.499 77.369 77.389 77.461 78.879 78.244 78.124 78.059 81.324 79.071 78.569 78.539 78.621 81.296 81.581 78.901 78.216 78.266 78.384 79.826 78.941 79.451 79.851 80.016 81.534 81.646 82.601 83.361
75.274 74.981 76.671 84.741 84.436 85.936 83.943 83.159 83.819 82.274 81.785 81.247 80.93 78.815 85.265 86.152 87.945 92.131 90.271 83.833 82.543 76.455 75.223 75.231 76.496 76.157 75.77 76.795 76.23 76.046 76.104 77.559 76.766 78.411 78.806 76.919 77.344 77.731 77.656 77.414 77.439 78.676 77.151 77.189 77.284 77.309 77.396 77.539 78.219 77.954 77.996 79.279 79.421 78.619 78.711 79.336 79.429 80.871 81.369 78.436 78.281 78.309 78.346 79.326 78.751 78.711 78.751 79.491 79.841 84.299 89.124 89.306
74.911 74.886 77.111 83.459 83.226 82.199 80.062 78.382 77.811 76.548 76.186 74.606 74.57 75.216 83.986 86.017 87.619 89.807 88.857 85.253 83.71 77.891 75.331 75.347 77.901 78.848 80.591 76.52 76.637 77.207 77.371 80.041 76.711 76.716 79.956 78.496 76.669 77.259 77.174 77.074 77.854 79.701 77.074 77.149 77.214 77.279 77.374 80.611 78.194 77.991 78.059 80.851 80.419 80.229 78.526 78.949 78.336 78.621 79.924 78.521 78.344 78.339 78.369 78.761 78.664 78.776 78.776 78.809 78.846 81.139 90.406 90.156
74.721 74.794 75.091 74.296 73.638 73.557 73.501 73.446 73.473 73.438 73.445 73.509 73.652 74.08 81.444 84.52 87.54 90.644 90.146 86.547 85.3 78.758 75.753 75.298 81.56 82.697 83.413 79.372 78.264 77.981 78.461 77.349 76.974 76.524 76.386 76.396 76.499 76.989 76.979 76.979 77.581 79.699 77.546 77.129 77.149 77.834 77.591 77.521 77.626 78.059 77.931 77.939 79.791 80.989 78.311 78.356 78.374 78.474 79.436 80.789 78.386 78.349 78.374 78.991 78.644 78.986 78.819 78.906 78.844 81.129 88.676 88.239
74.621 74.674 75.139 73.304 73.242 73.126 73.07 73.16 73.214 73.229 73.267 73.291 73.38 73.823 80.177 84.771 87.397 91.362 90.999 88.509 86.778 86.35 82.177 78.987 81.414 82.214 80.642 80.033 77.918 77.556 77.312 76.726 77.289 77.191 76.311 76.431 76.661 76.786 76.896 77.014 77.046 77.026 77.166 77.146 77.104 77.201 77.341 77.509 77.664 78.821 77.949 77.961 79.649 80.981 78.321 78.369 78.409 78.434 78.576 78.641 78.411 78.411 78.429 78.421 78.791 78.789 78.804 78.859 79.159 81.399 83.986 87.034
74.529 74.561 74.331 73.186 73.072 72.997 72.979 73.089 73.105 73.095 73.159 73.091 73.522 79.887 85.502 87.31 88.512 90.266 90.553 89.979 89.878 90.161 87.931 78.34 79.376 79.725 78.14 79.312 77.769 77.288 76.609 76.645 76.959 76.989 76.464 76.331 76.679 77.261 77.064 76.996 77.029 77.026 77.054 79.419 77.211 77.206 77.336 77.501 77.796 78.859 78.021 78.041 78.594 81.146 78.439 78.474 78.421 78.434 78.449 80.044 78.429 78.421 78.466 78.466 78.769 78.736 78.819 79.321 79.279 80.736 83.041 86.579
74.431 74.446 73.624 74.104 73.001 72.905 72.935 72.968 72.972 72.998 73.056 73.094 74.272 86.924 90.229 90.227 89.511 90.574 90.267 89.678 88.19 88.053 84.886 76.272 78.633 79.306 76.575 76.768 78.02 76.602 76.525 76.531 76.901 77.531 76.196 76.209 76.851 76.799 77.576 77.041 77.061 77.081 77.104 78.044 78.111 77.249 77.376 77.514 77.766 77.896 78.239 78.724 78.444 81.211 78.361 78.419 78.416 78.429 79.271 80.656 79.209 78.444 78.464 78.496 78.839 78.741 78.804 79.581 79.014 80.639 83.226 86.056
74.351 74.361 73.454 73.629 73.005 72.901 72.794 72.878 72.932 72.915 73.064 73.43 74.516 80.108 86.837 87.763 87.511 88.641 88.584 86.309 84.382 83.557 78.854 74.431 79.287 79.134 76.619 76.131 76.553 76.626 76.425 76.471 76.874 76.316 76.234 76.226 77.004 76.896 77.086 77.016 77.039 77.109 77.146 77.276 77.254 77.294 77.409 77.531 77.731 77.784 81.434 81.921 78.166 81.104 79.729 78.391 78.419 78.444 79.276 81.871 79.194 78.421 78.459 78.486 78.959 79.456 78.726 78.779 78.799 78.831 83.101 85.579
74.244 74.311 74.609 73.127 73.116 72.854 72.797 72.949 72.987 73.008 73.193 74.286 74.455 80.103 83.617 84.405 83.655 84.109 89.726 81.149 81.286 79.772 77.735 74.459 77.214 78.222 75.886 75.785 76.471 76.706 76.43 76.498 76.556 76.376 76.251 76.266 76.431 76.596 76.924 77.069 77.076 77.121 77.201 77.716 77.354 77.381 77.491 77.614 77.869 78.131 81.061 82.059 79.951 78.679 79.686 78.509 78.421 78.446 78.976 81.199 78.704 78.431 78.424 78.424 78.429 81.309 78.206 78.399 78.791 78.829 83.514 85.179
74.156 74.249 76.614 76.511 75.794 73.034 72.809 73.075 73.096 73.091 73.209 74.384 74.833 78.095 83.063 80.913 77.761 77.044 76.397 76.912 76.913 77.014 76.943 76.31 79.45 78.236 75.492 75.543 76.465 78.346 76.517 76.61 76.556 77.041 76.291 76.296 76.334 76.504 76.754 77.109 77.094 77.171 77.276 77.349 77.529 77.504 77.596 78.816 78.874 81.616 80.924 82.004 81.594 79.096 81.239 78.491 78.354 78.384 78.394 78.811 78.434 78.476 78.644 78.334 79.074 82.936 84.179 88.261 88.604 88.859 89.106 84.549
74.044 74.424 77.096 77.007 75.279 73.552 73.189 73.253 73.264 73.261 73.389 73.827 74.215 76.254 77.769 75.521 74.39 73.819 74.354 74.488 74.073 74.005 75.275 79.807 81.924 78.558 75.658 75.517 77.799 79.021 76.59 76.624 76.621 77.584 76.449 76.364 76.384 76.511 76.686 77.186 77.159 77.249 77.361 77.401 77.519 77.611 78.171 80.734 78.924 81.481 80.961 87.239 86.861 78.296 79.449 78.241 78.426 78.336 78.289 78.206 80.574 84.146 87.081 88.639 88.886 89.189 89.404 89.611 89.204 90.184 90.036 83.651
73.951 74.191 75.516 76.429 74.475 73.938 73.902 73.728 73.599 73.49 73.674 74.146 73.969 73.96 73.911 74.06 74.67 74.096 73.825 73.949 74.497 76.121 76.297 81.886 81.105 77.667 75.624 75.86 76.459 76.958 76.531 76.608 76.649 77.724 76.776 76.434 76.729 76.584 76.856 77.311 77.244 77.309 77.414 77.489 77.711 77.739 77.844 78.009 78.009 81.201 81.121 86.964 87.186 78.321 78.846 80.649 85.641 86.996 88.619 88.916 89.166 89.434 89.684 89.934 89.734 90.596 90.784 91.004 91.319 91.466 91.429 83.939
73.826 73.911 73.876 73.907 73.957 74.002 74.13 74.007 73.916 73.969 74.203 74.142 74.192 74.619 74.626 75.549 76.37 74.578 73.91 74.2 78.064 80.987 79.996 78.332 75.69 75.425 75.824 75.693 75.871 76.994 76.577 76.581 76.649 77.349 77.146 79.286 76.584 76.709 77.074 77.229 77.246 77.361 77.456 77.554 78.324 78.116 78.561 78.006 78.016 78.569 78.354 87.641 88.291 88.349 88.814 89.099 89.404 89.639 89.944 90.019 91.371 90.131 91.039 91.286 91.474 91.511 91.346 90.984 90.751 89.734 90.229 87.781
73.716 73.826 73.856 73.871 73.916 73.966 73.995 74.023 74.006 74.079 74.098 74.248 74.677 75.098 75.325 75.725 76.615 75.943 74.693 74.957 77.861 82.782 78.606 75.054 74.835 75.027 75.782 76.039 75.753 76.396 76.832 76.736 76.836 76.831 77.121 79.429 79.149 76.804 77.016 78.026 77.234 77.396 77.486 77.596 77.686 77.841 77.869 79.786 78.329 78.206 78.226 87.416 89.449 89.736 92.069 90.431 90.709 90.991 91.269 91.481 91.546 91.304 91.039 90.766 90.544 88.964 91.894 89.491 89.449 89.046 88.886 88.034
73.631 73.744 73.771 73.811 73.858 74.101 74.112 74.231 74.256 74.262 74.28 74.474 74.731 75.186 75.682 75.938 76.947 76.814 76.139 74.516 75.562 79.702 77.068 74.761 74.669 74.934 76.017 75.871 75.987 76.381 78.304 76.672 76.426 76.616 77.171 78.296 78.839 77.736 77.181 77.411 77.224 79.024 81.899 81.216 77.716 79.301 82.049 86.366 87.271 87.454 79.399 83.849 90.851 91.124 91.421 91.506 91.364 91.081 90.816 90.554 91.036 89.514 89.746 89.541 89.294 89.046 88.841 88.524 87.299 85.516 83.384 80.761
73.546 75.259 75.406 74.24 74.278 75.009 76.166 74.556 74.852 74.916 74.776 74.585 74.675 75.071 75.553 75.675 76.923 76.855 75.58 74.589 74.492 75.396 75.267 74.848 74.761 74.948 75.987 75.79 75.768 76.082 76.973 76.005 75.986 76.146 78.289 77.056 77.114 77.076 77.136 77.149 77.201 85.069 86.959 86.086 87.416 87.651 87.829 88.021 88.256 88.466 82.796 81.126 91.211 90.939 90.741 90.606 90.126 89.874 89.606 89.334 89.109 88.864 88.661 88.374 85.869 83.016 80.229 80.196 78.224 79.301 81.379 81.261
73.621 73.899 76.989 74.319 73.968 74.77 75.74 74.3 74.403 74.678 74.839 74.583 74.515 74.763 75.185 75.378 76.31 76.801 75.91 74.504 74.501 74.961 75.38 74.776 74.791 74.964 76.306 75.724 75.636 75.879 76.312 75.986 75.991 76.346 76.931 77.041 78.401 82.104 86.811 87.356 87.576 87.771 87.971 88.191 88.406 88.801 88.834 88.991 89.101 89.049 85.816 78.439 90.021 89.739 89.436 89.166 88.914 88.646 88.124 86.611 84.534 81.904 78.426 79.739 80.099 78.554 78.436 80.609 79.419 79.119 80.736 80.186
73.651 73.596 74.366 73.856 73.764 73.843 73.787 73.995 74.111 74.254 74.655 74.592 75.077 74.58 74.71 74.817 75.148 76.76 76.275 74.664 74.608 75.023 75.004 74.809 74.782 75.682 76.632 75.557 75.591 75.697 78.322 83.804 86.856 87.361 76.296 77.126 82.621 87.764 88.114 88.306 88.699 88.771 88.974 89.086 89.026 88.881 88.646 88.469 88.274 88.061 88.031 78.516 86.766 88.476 87.321 86.181 80.754 79.734 80.239 79.661 79.854 81.111 78.479 79.934 79.959 80.326 79.911 80.359 79.264 80.724 80.441 80.134
73.384 73.299 73.346 73.424 73.504 73.59 73.639 73.956 73.946 74.335 74.573 74.543 75.094 74.538 74.602 74.707 74.846 76.333 77.26 75.428 74.993 75.362 76.328 74.76 74.626 74.848 75.158 83.775 81.334 86.759 88.261 88.084 88.324 88.609 77.014 77.389 81.174 88.879 89.014 88.991 88.864 88.661 88.471 88.266 88.074 88.241 87.701 87.486 87.274 86.846 86.076 78.561 80.369 79.999 78.779 79.216 79.574 79.564 79.751 79.651 79.736 80.151 81.504 80.356 79.954 79.876 80.264 81.141 81.531 81.041 80.426 80.359
73.221 73.194 73.264 73.316 73.346 73.501 74.015 73.596 73.632 74.653 74.588 74.561 74.843 74.617 75.227 77.03 74.8 79.664 81.746 75.931 74.878 74.668 74.723 77.805 80.249 83.196 84.001 87.447 88.258 89.214 89.486 89.404 89.661 89.846 79.774 77.336 78.106 88.684 88.311 88.114 88.264 87.681 87.484 87.301 87.074 85.971 83.481 82.676 79.441 79.329 79.986 78.854 78.601 79.599 79.094 79.404 79.634 79.571 79.431 79.584 79.716 80.814 82.164 80.974 79.941 79.986 81.716 80.231 80.434 80.904 81.426 80.736
73.199 73.131 73.149 73.139 73.159 73.081 76.179 73.535 73.681 74.61 74.205 76.824 80.408 74.991 79.942 80.45 75.302 79.944 81.997 82.207 82.912 83.516 84.003 84.82 84.969 85.32 85.674 89.196 89.771 89.584 89.346 89.566 89.289 89.014 86.261 77.214 77.169 87.299 87.344 87.174 85.936 84.546 82.604 80.071 79.511 78.864 79.509 79.279 79.236 79.301 79.224 79.779 78.646 79.179 79.244 79.234 79.539 79.509 79.461 79.476 80.881 80.369 80.236 80.561 79.976 80.074 80.194 80.291 80.244 80.309 80.376 80.466
