dsm/se2830_DSM_2M.asc
ncols 500
nrows 500
xllcorner    428000
yllcorner    430000
cellsize     2
NODATA_value -9999
[rows 32 to 63 of 500, columns 365 to 437 of 500]
77.454 77.464 77.556 77.679 77.799 77.621 77.901 84.986 86.721 82.051 84.631 83.396 81.99 78.059 77.541 77.574 77.707 77.624 78.162 87.305 78.149 80.22 81.812 77.785 77.84 77.793 77.729 77.726 77.728 77.64 77.573 77.503 77.53 77.603 77.518 77.558 77.742 81.89 85.586 85.24 87.139 85.487 85.111 85.712 86.856 78.558 77.395 77.405 77.417 77.407 77.379 77.312 77.47 78.655 77.87 77.848 78.074 78.744 77.566 77.464 77.516 77.46 77.687 78.68 77.734 77.948 77.711 77.902 80.666 85.677 87.075 87.515 87.477
77.346 77.799 77.891 77.599 77.697 77.502 77.629 79.838 79.236 77.867 82.235 83.037 81.048 77.806 77.641 77.574 77.551 90.194 90.23 92.286 90.023 91.548 82.041 80.012 77.718 77.693 77.747 77.64 77.632 77.532 77.511 77.529 77.471 77.506 77.614 77.56 78.432 84.295 88.912 91.167 92.086 90.927 84.576 83.117 80.089 77.286 77.337 77.37 77.409 77.291 77.318 77.405 78.886 80.108 83.456 82.75 77.889 78.121 78.059 77.569 77.439 77.596 77.452 77.645 77.554 77.489 77.772 78.527 78.244 83.064 85.812 87.38 87.479
77.426 77.623 77.603 77.969 77.389 77.549 77.724 77.71 77.739 77.805 77.896 77.869 78.008 77.881 77.69 83.978 85.853 91.961 94.368 95.094 85.664 95.335 86.543 77.961 77.685 77.636 77.656 77.602 77.601 77.548 77.559 77.487 77.494 77.578 77.562 80.185 81.698 83.348 89.216 92.86 92.426 88.54 81.692 77.132 77.257 77.331 77.382 77.321 77.278 77.255 77.373 77.467 78.055 84.03 86.917 86.127 83.301 77.745 80.206 80.557 79.189 78.319 77.626 77.44 77.554 78.381 77.965 77.901 77.887 79.098 84.263 85.811 86.683
78.011 77.601 77.434 77.327 77.381 77.659 77.674 77.751 77.791 77.791 77.827 77.847 77.829 77.758 77.739 78.204 86.853 95.314 82.376 96.009 96.236 95.116 87.371 81.846 77.645 77.577 77.677 77.651 77.575 77.516 77.528 77.466 77.516 77.53 77.524 77.565 83.654 87.756 89.635 87.325 90.729 89.606 83.435 77.366 77.333 77.305 77.314 77.315 77.255 77.331 77.366 79.976 85.655 87.414 87.557 87.04 86.814 81.007 78.489 78.489 79.486 78.162 77.547 77.409 77.41 77.406 77.432 77.356 77.982 77.682 79.82 82.952 85.551
77.525 77.482 77.301 77.231 77.475 77.564 77.703 77.757 77.729 77.8 77.738 77.741 77.773 77.815 77.713 77.617 87.273 92.154 94.264 95.732 90.586 94.791 84.246 85.937 77.805 77.641 77.708 77.64 77.587 77.482 77.492 77.52 77.526 77.8 78.685 79.267 85.625 83.625 89.383 88.134 87.097 87.352 78.164 77.271 77.289 77.263 77.231 77.156 77.211 77.344 77.465 80.536 85.545 86.698 87.494 87.751 88.213 86.165 81.569 79.647 80.127 80.63 77.458 77.348 77.411 77.407 77.397 77.871 77.558 77.543 77.776 77.777 78.774
77.462 77.32 77.164 77.419 77.501 77.531 77.669 77.65 77.725 77.742 77.701 77.737 77.703 77.725 77.781 83.506 88.937 89.421 94.222 94.312 95.279 94.67 90.789 79.611 77.659 77.62 77.677 77.584 77.502 77.401 77.516 77.458 82.053 86.605 83.067 85.789 79.998 81.386 88.49 85.055 79.96 77.166 77.212 77.318 77.271 77.246 77.172 77.203 77.251 77.285 77.317 78.314 81.308 85.773 86.483 87.473 88.234 86.873 86.986 84.35 78.614 77.728 77.633 77.409 77.348 77.351 77.355 77.388 77.34 77.492 77.617 77.837 77.823
77.389 77.184 77.284 77.44 77.523 77.624 77.585 77.603 77.697 77.696 77.739 77.723 77.798 77.716 77.609 77.625 85.416 82.721 93.842 92.003 92.751 85.113 80.342 77.603 77.626 77.662 77.612 77.439 77.403 77.628 77.715 77.419 82.191 88.74 89.531 90.998 81.354 84.453 78.166 77.092 77.136 77.203 77.222 77.255 77.144 77.113 77.181 77.18 77.202 77.757 77.309 77.792 77.759 81.289 85.658 86.919 87.35 87.87 87.405 86.704 82.487 79.726 77.735 77.798 77.537 78.203 77.381 77.427 77.506 78.492 77.629 77.393 77.499
77.152 77.031 77.281 77.484 77.541 77.527 77.593 77.653 77.678 77.659 77.791 77.902 79.007 77.58 82.816 77.985 78.001 78.841 80.94 88.933 84.339 81.193 77.524 77.612 77.592 77.593 77.471 77.415 77.45 77.475 80.114 85.725 88.728 91.226 93.177 87.684 88.375 82 77.019 77.152 77.117 77.144 77.145 77.128 77.11 77.054 77.062 77.152 77.207 77.594 78.102 77.339 77.517 77.705 78.257 85.648 87.016 87.69 87.847 87.678 87.122 83.5 77.876 78.288 77.702 77.846 78.059 77.282 77.323 77.318 77.313 77.303 77.308
76.999 77.244 77.386 77.336 77.471 77.546 77.59 77.597 77.719 78.09 82.712 88.542 82.277 82.535 80.971 81.813 77.683 77.712 77.612 77.64 77.59 77.548 77.477 77.462 77.543 77.38 77.443 77.49 77.474 77.484 85.347 90.383 85.213 90.426 90.55 90.029 87.906 78.182 77.117 77.102 77.127 77.165 77.131 77.087 77.112 77.212 77.127 77.122 77.094 77.105 77.245 77.213 77.357 77.709 77.616 79.339 85.789 86.805 87.502 87.716 87.217 86.084 83.289 78.119 77.779 78.13 77.355 77.697 77.606 77.338 77.278 77.876 77.426
77.104 77.225 77.347 77.436 77.472 77.509 77.538 77.651 77.898 86.759 89.423 89.862 91.905 89.172 89.251 81.136 77.919 77.675 77.672 77.686 77.602 77.631 77.571 77.41 77.402 77.336 77.663 77.542 77.458 77.609 82.443 88.816 92.178 90.378 89.233 88.345 80.45 77.133 77.133 77.122 77.124 77.04 77.05 77.111 77.184 77.183 77.184 77.104 77.499 77.15 77.123 78.061 77.355 77.314 77.479 77.507 81.458 85.8 87.303 87.359 87.733 86.98 87.271 84.853 79.596 78.593 78.497 77.611 77.566 77.426 77.273 77.187 77.395
77.118 77.239 77.311 77.357 77.409 77.514 77.541 83.509 89.003 91.879 91.82 92.511 92.179 89.353 80.626 87.286 78.727 77.682 77.639 77.603 77.58 77.695 77.548 77.422 77.34 77.445 77.823 77.381 77.363 77.326 80.363 89.998 91.592 91.81 89.064 82.376 77.016 77.094 77.072 77.037 77.619 77.116 77.156 77.326 77.171 77.191 77.152 77.16 78.004 77.765 77.166 77.137 77.207 77.427 77.261 78.289 77.828 79.486 85.852 86.547 87.252 87.821 87.51 86.388 83.468 79.654 77.847 78.759 77.341 78.082 77.857 77.24 77.195
77.173 77.521 77.344 77.381 77.383 77.445 77.491 77.518 89.227 92.517 92.949 91.058 86.019 91.757 82.841 77.757 77.69 77.586 77.565 77.997 77.59 77.531 77.385 77.359 77.297 77.201 77.251 77.569 78.374 77.381 78.119 90.517 88.391 90.468 89.058 77.173 77.062 77.051 77.522 77.058 77.284 77.073 77.19 79.322 80.542 78.483 77.589 78.639 77.172 77.294 77.132 77.067 77.098 77.809 77.403 77.661 77.996 77.421 78.539 85.362 86.534 87.206 87.658 87.548 87.064 84.404 77.881 77.864 79.292 77.563 77.853 77.182 77.214
77.095 77.613 79.768 82.85 77.641 77.441 77.471 78.645 83.821 91.252 91.324 92.797 90.342 86.594 82.391 77.65 77.667 77.562 77.498 77.454 77.534 77.434 77.422 77.534 77.397 77.491 82.571 86.315 83.232 77.839 77.276 79.197 81.372 82.112 77.02 76.999 76.995 77.106 79.72 77.686 77.15 77.173 79.44 85.539 85.109 83.266 79.353 77.54 77.412 77.083 77.061 77.099 77.114 77.082 77.991 77.174 77.321 77.558 77.456 81.074 84.902 86.279 87.602 87.792 87.491 86.634 83.145 77.862 77.53 78.318 77.454 77.618 77.182
78.578 78.672 84.113 86.089 80.164 77.422 77.483 77.519 77.507 81.808 89.581 91.645 89.165 88.468 82.61 77.766 77.582 77.548 77.412 77.428 77.335 77.456 80.068 81.841 81.791 86.583 90.882 88.325 82.008 78.288 76.812 76.744 76.731 76.935 77.001 76.968 77.05 80.041 78.455 77.575 77.976 80.076 85.462 86.602 86.006 85.998 82.493 79.971 77.507 77.411 77.124 77.032 77.981 77.113 77.072 77.213 77.326 77.364 77.459 77.517 78.118 84.745 87.273 87.484 87.847 87.129 85.704 81.986 79.877 77.382 78.375 77.217 78.432
80.95 78.6 83.157 84.918 78.781 77.575 77.555 77.484 82.396 84.857 85.328 88.528 85.082 89.292 81.261 79.5 77.551 77.374 77.368 77.274 77.448 77.652 81.578 87.074 89.449 88.565 89.95 91.383 88.31 77.863 76.784 76.878 76.862 76.93 77.004 76.922 76.892 79.839 77.363 77.846 77.406 82.827 85.43 86.287 86.568 86.274 86.185 82.754 78.109 77.622 77.564 77.235 78.076 77.182 77.078 77.251 77.672 77.032 77.155 77.509 77.569 77.393 82.52 86.458 86.942 87.272 86.741 86.463 83.596 78.771 77.229 79.855 79.826
79.67 78.056 81.253 79.353 77.4 77.436 77.463 77.405 77.38 84.241 81.668 78.366 78.694 80.805 79.067 77.438 77.428 77.318 77.329 77.302 77.401 82.767 87.374 89.547 83.304 91.334 91.918 91.844 78.839 81.297 76.806 76.877 76.929 76.908 76.836 76.803 76.756 77.028 78.918 78.163 77.209 77.783 83.017 85.312 86.354 86.544 86.444 85.393 84.046 77.93 77.238 78.188 77.029 76.948 77.007 77.06 77.004 76.989 77.035 77.093 78.241 77.715 79.651 84.111 85.679 86.694 87.109 87.366 86.702 84.902 77.84 79.53 80.07
77.149 77.193 77.192 77.302 77.347 77.459 77.442 77.48 77.485 77.484 78.392 77.511 77.421 77.349 77.424 77.349 77.279 77.205 77.219 78.398 82.165 85.249 88.319 89.524 89.726 90.108 89.101 91.55 89.76 81.556 76.858 76.893 76.893 76.86 76.828 76.784 76.814 77.316 78.86 77.266 77.196 77.289 79.636 84.558 86.188 86.293 86.537 86.032 85.433 83.772 80.02 77.403 77.343 77.093 76.952 76.956 77.01 77.024 76.942 77.628 77.387 77.845 77.879 78.864 83.74 86.415 87.221 87.11 86.884 86.548 81.03 79.398 77.367
77.118 77.184 77.244 77.278 77.392 77.453 77.436 77.522 77.489 77.408 77.462 77.461 77.432 77.296 77.22 77.282 77.164 77.185 77.763 85.334 86.047 87.525 87.712 88.658 90.354 90.921 89.017 88.866 80.151 76.732 76.823 76.824 76.799 76.754 76.782 76.804 76.829 76.927 77.499 78.315 78.008 78.419 77.458 77.568 84.491 85.159 86.08 86.635 86.111 86.625 82.261 79.033 78.014 77.145 77.053 76.903 77.664 77.045 77.087 77.155 77.163 77.332 77.719 77.255 77.292 84.062 86.368 86.725 87.198 86.785 85.68 83.973 78.221
77.113 77.362 77.285 77.367 77.332 77.473 77.447 77.509 77.43 77.365 77.41 77.345 77.331 77.263 77.204 77.199 77.163 77.222 86.886 88.626 90.737 89.707 89.686 86.389 90.07 80.822 86.723 81.587 76.769 76.728 76.83 76.791 76.719 76.775 76.957 78.264 76.899 76.864 76.937 77.892 77.427 77.368 77.72 77.401 77.59 82.573 85.312 86.046 86.596 86.256 86.126 84.164 78.487 77.337 78.135 76.975 77.646 77.286 76.899 76.888 77.089 76.903 77.011 77.47 77.005 78.284 85.33 86.062 86.59 87.089 86.558 85.703 84.366
77.086 77.169 77.251 77.31 79.965 79.049 82.832 77.913 77.406 77.365 77.301 77.211 77.202 77.181 77.135 82.686 79.193 83.911 87.641 90.571 91.676 92.326 91.261 90.287 85.613 85.395 82.614 78.648 76.774 76.735 76.739 76.685 76.771 76.911 77.341 77.033 77.084 76.934 77.111 76.93 77.24 78.273 77.444 77.205 77.918 77.439 83.057 85.226 86.226 86.692 86.905 85.582 83.755 78.835 77.324 78.922 77.331 77.11 77.347 77.042 76.922 76.864 77.12 77.204 77.254 77.313 78.042 83.486 85.801 86.531 86.825 87.334 86.252
77.062 77.084 77.217 81.926 86.815 88.704 87.223 79.436 78.931 77.281 77.229 77.19 77.121 77.183 85.134 87.141 87.754 88.825 90.933 90.044 90.685 92.188 91.791 91.455 89.051 88.102 80.291 76.714 76.756 76.7 76.663 76.734 76.828 77.035 78.815 77.932 77.06 77.082 77.696 76.915 76.92 76.999 77.961 77.374 77.247 77.25 77.86 83.92 86.175 85.987 86.57 86.082 85.28 83.693 79.033 77.476 77.156 76.948 77.793 77.618 76.89 76.897 77.507 77.661 77.265 77.363 78.336 77.739 80.014 85.719 86.455 87.046 86.768
76.961 76.987 77.061 82.997 88.16 90.197 89.408 81.794 77.143 77.105 77.111 77.131 77.925 82.4 86.982 88.929 89.607 91.377 91.898 90.841 91.111 91.161 91.102 91.051 88.736 77.835 77.863 76.68 76.647 76.674 76.741 76.815 78.041 77.691 81.138 80.536 77.722 77.083 77.39 76.87 76.873 76.93 77.145 77.788 78.472 78.405 77.116 76.992 83.263 85.596 86.285 86.504 86.093 86.048 84.407 79.046 77.831 77.152 77.111 77.373 77.13 76.861 76.834 77.228 76.974 76.949 78.426 77.328 78.614 83.224 86.451 86.835 87.06
76.891 76.928 77.063 81.637 87.124 89.523 89.225 79.15 77.263 77.033 77.016 76.98 77.172 85.696 89.506 89.199 89.427 91.551 93.705 95.106 92.466 91.853 91.054 91.641 80.692 76.66 76.661 76.673 76.623 76.701 76.748 77.322 82.528 84.118 83.135 80.491 77.174 77.14 77.086 77.362 76.847 76.92 76.872 77.296 78.014 77.371 77.099 77.354 77.245 82.984 85.459 86.209 86.626 86.174 85.882 84.52 79.684 77.177 77.227 77.572 76.839 77.637 76.867 76.873 76.798 76.831 76.918 77.256 77.377 76.839 83.159 85.878 86.395
76.9 76.874 78.29 86.305 87.245 89.954 90.125 85.438 78.19 76.949 76.956 76.947 77.187 87.675 90.545 90.357 91.574 93.116 93.821 95.841 93.621 90.296 80.7 81.713 76.669 76.74 76.64 76.623 76.662 76.755 78.328 83.694 85.973 85.257 80.678 80.021 77.956 77.052 77.063 77.024 77.478 76.83 76.82 76.806 76.854 77.342 77.131 77.12 77.188 77.192 84.233 86.123 85.804 86.561 86.095 85.506 82.13 79.986 77.185 77.102 76.952 76.75 76.764 76.82 76.827 77.166 77.727 76.955 77.721 77.116 77.235 80.849 85.546
77.405 76.942 80.448 85.323 88.412 88.866 88.452 81.095 77.726 76.865 76.974 80.077 85.467 89.031 91.086 88.267 90.84 93.481 92.595 89.349 84.253 88.906 76.984 76.703 76.625 76.558 76.557 76.614 76.774 76.915 81.567 84.84 85.512 86.046 85.349 84.617 79.582 78.385 76.942 77.096 77.105 76.989 76.832 76.783 76.86 76.978 77.511 77.209 77.2 77.048 77.342 85.212 86.128 86.208 86.266 85.862 85.93 83.278 78.42 76.983 76.974 76.889 76.785 76.762 76.744 76.839 76.753 76.724 76.855 77.1 78.56 77.28 83.596
77.02 76.867 80.475 84.231 84.264 84.969 79.829 76.878 76.859 80.11 81.3 88.217 90.047 91.328 91.831 88.587 91.152 91.404 91.854 92.458 89.064 78.043 77.758 76.591 76.645 76.54 76.547 76.62 76.74 76.934 80.816 83.179 84.631 85.784 85.921 86.205 84.613 83.329 77.069 77.085 76.984 77.013 77.05 77.087 76.813 76.77 77.04 77.194 76.999 76.983 77.03 76.866 83.453 84.761 85.752 86.367 85.789 85.18 83.836 79.76 77.187 78.174 76.996 76.725 77.476 76.982 76.69 76.689 76.662 77.142 77.32 77.528 77.402
77.819 76.876 78.287 78.488 77.824 76.807 76.786 76.887 83.331 85.144 88.43 89.579 90.97 91.757 92.143 93.54 93.508 91.799 91.225 89.13 81.863 76.598 76.553 76.567 76.54 76.462 76.454 76.511 76.725 76.84 76.915 78.466 83.108 84.829 85.344 85.885 85.513 84.452 80.426 78.484 78.232 77.241 77.043 77.298 76.901 76.725 77.729 77.079 77.262 76.978 77.102 77.2 78.471 82.561 84.709 85.979 86.273 85.772 85.1 82.833 81.474 77.52 76.939 77.08 76.965 77.282 76.681 76.67 76.658 77.43 76.797 77.309 77.161
76.848 76.891 76.847 76.858 76.773 76.696 76.67 77.05 86.734 87.658 88.807 89.579 90.712 91.606 92.539 93.695 93.136 90.835 86.815 84.851 78.032 76.586 76.55 76.463 76.472 76.457 76.531 76.556 76.61 76.718 76.877 77.019 79.858 83.695 84.77 85.54 86.041 85.656 83.066 79.901 76.688 77.86 77.318 76.989 77.973 76.967 76.721 77.064 76.775 77.533 78.387 77.105 76.99 77.334 82.653 84.896 86.224 86.309 85.758 85.977 83.337 79.012 77.358 76.947 76.845 76.626 77.157 76.677 76.65 78.133 77.593 76.728 77.187
76.791 76.808 76.776 76.793 76.619 76.63 76.872 78.171 87.851 89.338 88.807 83.495 89.371 92.057 89.361 91.776 93.117 88.829 84.047 82.032 76.698 76.531 76.455 76.489 76.468 76.541 76.528 76.631 76.57 76.678 76.85 76.906 76.938 78.536 83.215 84.994 85.673 86.025 86.034 84.799 79.944 78.308 77.002 76.922 76.902 76.867 77.075 76.671 76.662 76.98 77.221 76.944 76.998 77.245 76.944 81.077 85.377 85.773 86.206 85.957 85.089 83.897 79.141 77.637 76.952 77.097 76.688 76.994 76.664 76.684 77.233 76.654 76.712
76.818 76.75 76.715 76.621 76.534 76.652 76.741 82.157 86.944 89.582 89.201 90.048 89.554 91.443 90.632 87.818 85.811 80.501 78.086 76.519 76.522 76.475 76.487 76.81 76.602 76.479 76.618 76.667 76.608 76.614 76.668 76.761 77.253 76.936 77.56 83.615 84.662 85.888 86.059 83.853 84.669 81.698 77.695 77.071 77.045 78.059 77.718 76.814 76.652 76.638 76.718 76.907 76.874 76.963 77.258 76.994 82.885 85.557 85.843 86.294 86.287 84.8 84.489 79.835 76.86 76.78 76.715 76.646 76.587 76.667 76.682 76.952 77.572
76.84 76.681 76.498 76.527 76.599 76.626 76.686 76.945 86.411 88.522 89.036 89.232 89.09 90.762 88.668 86.852 80.684 76.458 76.48 76.499 76.425 76.465 76.497 76.901 76.732 76.678 76.482 76.542 76.583 76.633 76.648 76.599 76.971 77.1 76.995 77.372 83.178 84.678 85.489 86.077 85.363 84.683 80.399 78.31 77.666 78.21 77.06 77.999 77.426 76.66 76.678 76.794 78.132 77.224 76.963 76.955 78.638 83.585 84.717 86.303 86.166 86.166 85.702 84.003 78.741 76.88 76.792 77.269 76.735 77.356 76.663 76.636 76.768
76.715 76.512 76.415 76.575 76.52 76.624 76.64 76.627 83.253 87.385 88.419 88.906 89.731 89.064 81.975 86.294 77.598 76.44 76.426 76.443 76.468 76.486 77.194 76.862 76.827 76.911 76.681 76.79 77.048 76.637 76.601 76.623 76.65 76.944 76.991 77.263 78.566 83.638 85.062 85.541 86.027 85.586 84.642 80.479 78.604 77.488 77.326 76.955 77.369 76.831 76.616 76.65 76.908 76.909 78.08 78.922 77.069 77.05 81.832 84.622 85.611 86.37 85.931 85.27 84.057 79.054 77.48 76.787 76.676 76.824 76.646 76.62 76.586
