dsm/se2834_DSM_2M.asc
ncols 500
nrows 500
xllcorner    428000
yllcorner    434000
cellsize     2
NODATA_value -9999
[rows 0 to 31 of 500, columns 360 to 431 of 500]
79.251 79.292 79.381 79.506 79.663 79.877 80.779 80.883 81.014 81.159 81.608 82.243 85.246 83.582 83.198 82.531 82.401 81.966 81.896 82.008 82.138 82.203 82.188 82.207 82.268 82.371 82.408 82.45 82.482 82.551 82.564 82.674 82.715 82.724 82.637 82.707 82.812 82.864 82.865 82.867 82.884 82.801 82.799 83.138 83.092 82.966 82.934 83.096 83.402 83.383 83.436 83.545 83.653 84.037 84.127 84.169 84.204 84.233 84.795 85.654 85.27 84.837 84.847 85.052 85.188 85.285 85.565 85.875 86.104 86.294 86.439 86.498
79.438 79.483 79.572 79.759 79.929 81.042 81.973 81.181 81.123 81.234 81.39 82.521 84.051 83.322 82.443 82.31 82.405 82.107 81.963 82.021 82.198 82.186 82.109 82.161 82.233 82.355 82.386 82.429 82.575 82.594 82.549 82.612 82.656 82.608 82.638 82.726 82.671 82.843 82.789 82.784 82.824 82.796 82.918 83.259 83.099 82.927 82.971 82.998 83.322 83.512 83.476 83.628 83.662 83.94 84.058 84.137 84.179 84.361 84.699 85.017 84.728 84.825 85.069 85.228 85.451 85.554 85.683 85.963 86.212 86.326 86.796 86.86
79.714 79.755 79.815 79.898 80.243 83.571 85.238 82.285 81.219 81.242 81.493 82.569 83.518 82.99 82.236 81.922 81.985 81.962 81.882 81.972 82.081 82.127 82.105 82.17 82.229 82.383 82.493 82.619 82.637 82.626 82.523 82.544 82.585 82.436 82.493 82.622 82.599 82.705 82.679 82.702 82.701 82.739 82.926 82.982 83.041 83.014 83.114 83.593 83.733 84.208 83.686 83.668 83.76 83.924 84.105 84.098 84.184 84.463 84.9 84.956 84.883 84.904 85.117 85.628 86.327 86.317 86.321 86.402 86.942 87.082 87.932 88.509
79.414 79.795 79.877 79.965 80.45 82.715 85.592 82.676 81.388 81.322 81.734 82.638 83.381 82.634 81.923 81.873 81.802 81.74 81.848 81.963 82.034 82.064 82.028 82.142 82.234 82.316 82.504 82.538 82.531 82.549 82.442 82.492 82.533 82.512 82.471 82.51 82.587 82.7 82.774 82.525 82.649 82.821 82.896 82.956 83.009 83.081 83.89 84.766 84.633 84.34 84.003 83.861 83.926 84.118 84.325 84.249 84.252 84.452 84.775 85.066 85.182 85.363 85.658 86.01 88.007 88.213 88.613 89.246 88.491 88.119 87.407 87.73
79.404 79.776 79.971 80.26 80.35 81.054 81.864 81.863 81.624 81.747 81.766 82.574 83.327 82.974 81.942 81.751 81.741 81.876 82.142 82.028 81.999 81.993 81.961 81.944 82.169 82.242 82.46 82.451 82.337 82.609 82.616 82.602 82.611 82.53 82.407 82.512 82.559 82.591 82.737 82.768 82.826 82.901 82.902 82.992 83.314 83.947 84.447 84.731 84.739 84.263 84.063 83.976 84.042 84.299 84.508 84.417 84.449 85.145 85.372 86.297 86.261 86.532 86.651 87.233 87.66 87.948 90.208 92.606 92.005 87.995 87.308 87.014
79.375 79.702 80.112 80.406 80.596 81.02 82.379 84.203 84.504 82.836 82.168 82.544 82.917 82.608 81.755 81.568 81.715 81.992 82.549 82.295 82.106 81.992 82.022 82.111 82.222 82.243 82.647 82.548 82.423 82.656 82.693 82.623 82.664 82.637 82.526 82.558 82.561 82.58 82.668 82.869 82.955 82.951 82.935 83.156 84.32 85.607 84.727 84.777 84.873 84.215 83.986 83.97 84.192 85.253 85.857 84.822 85.301 86.157 86.57 86.814 87.015 87.336 87.175 86.959 87.347 86.899 90.039 93.531 92.919 89.228 87.021 86.96
79.462 79.763 80.399 81.443 81.494 81.767 84.911 87.252 86.415 83.475 83.559 82.312 82.28 82.029 81.651 81.676 81.811 82.021 82.37 82.187 82.242 82.119 82.165 82.175 82.175 82.381 82.802 83.243 82.493 82.662 83.033 83.055 82.894 82.664 82.64 82.626 82.576 82.585 82.732 83.002 83.217 83.047 83.051 83.079 84.153 85.869 85.608 85.066 85.595 84.592 84.105 84.245 84.894 86.431 86.958 86.287 87.507 88.041 87.132 87.002 86.333 87.459 88.009 86.863 86.434 86.515 89.175 91.326 89.402 87.208 86.843 87.125
79.619 80.167 82.097 85.113 84.345 83.474 85.33 88.387 88.028 87.792 86.361 82.768 81.859 81.871 81.89 81.923 81.86 81.987 82.518 82.676 82.423 82.106 82.158 82.28 82.321 82.318 82.461 82.527 82.356 82.446 82.63 83.066 82.928 82.664 82.693 82.703 82.651 82.571 82.817 83.277 83.49 83.315 83.242 83.287 83.966 85.942 85.895 85.752 85.389 84.905 84.306 85.13 85.491 86.087 85.927 86.49 89.729 90.463 87.572 86.408 86.824 88.863 89.602 87.901 86.396 86.448 87.661 88.796 87.612 87.101 87.097 87.252
79.719 80.561 82.677 87.37 86.019 82.926 82.792 87.627 88.911 88.474 85.46 81.997 82.124 82.361 82.122 81.789 81.741 81.749 81.911 82.377 82.165 82.14 82.217 82.343 82.505 82.353 82.246 82.25 82.313 82.367 82.528 82.588 82.519 82.562 82.638 82.741 82.784 82.799 82.941 83.33 83.503 83.599 83.566 83.628 85.177 86.625 86.557 85.6 85.246 84.621 84.542 85.796 85.598 85.172 85.286 87.528 91.452 92.534 90.848 87.684 87.187 88.8 87.587 86.617 86.515 86.499 87.865 88.734 89.539 87.616 87.369 87.542
79.766 80.614 82.483 84.897 84.099 82.5 82.42 84.972 87.048 86.56 84.504 82.747 83.156 83.505 82.365 81.836 81.662 81.508 81.819 82.169 82.123 82.132 82.201 82.301 82.293 82.206 82.209 82.281 82.341 82.354 82.409 82.402 82.411 82.671 82.663 82.808 82.923 83.184 83.235 83.507 83.84 84.239 84.5 84.678 84.753 86.105 88.621 87.594 85.988 85.162 84.347 84.913 85.116 84.887 84.855 86.6 88.448 92.025 89.386 86.501 85.972 86.402 86.259 86.357 86.632 86.705 88.705 91.229 89.625 87.52 87.801 88.593
81.063 83.474 85.162 84.71 82.512 81.379 81.285 81.727 82.861 83.329 83.648 82.771 82.306 82.871 82.687 81.896 81.648 81.547 81.781 82.004 82.076 82.096 82.135 82.238 82.233 82.217 82.221 82.271 82.283 82.316 82.336 82.43 82.57 82.898 82.966 82.964 82.987 83.237 83.443 83.935 84.494 85.699 85.955 85.534 85.022 86.142 89.397 90.025 88.622 85.757 84.619 84.563 84.685 84.907 85.126 87.522 90.21 89.07 86.562 85.932 86.152 86.284 86.411 86.623 86.873 87.007 87.848 89.653 90.673 88.808 89.194 89.428
83.486 87.378 86.68 84.38 81.624 81.269 81.495 81.524 81.583 81.829 82.508 82.103 81.981 82.067 82.12 81.967 81.707 81.673 81.778 81.941 82.047 82.117 82.194 82.271 82.447 82.339 82.321 82.341 82.348 82.32 82.386 82.6 82.621 83.068 83.496 83.441 83.417 83.659 83.874 84.296 84.531 87.336 89.434 86.798 85.041 86.745 90.12 90.931 90.628 86.897 84.687 84.588 84.573 84.987 85.215 86.841 87.934 86.606 86.494 86.197 86.344 86.509 86.912 86.968 87.28 87.94 88.077 88.13 89.53 88.493 88.532 88.589
83.249 89.05 87.471 83.219 81.226 81.198 81.306 81.547 81.523 82.103 82.834 82.315 81.904 81.781 81.905 81.912 81.721 81.737 81.871 81.92 82.024 82.215 82.603 82.832 83.854 82.825 82.631 82.631 82.455 82.604 82.887 82.969 83.298 83.98 84.098 84.373 85.295 84.723 84.516 85.27 83.462 85.672 88.783 87.659 84.474 85.659 89.716 90.598 88.553 85.639 84.504 84.688 84.909 85.036 85.353 86.046 86.533 86.952 87.31 86.743 86.794 87.135 87.286 88.269 88.037 88.742 88.54 88.448 87.95 87.786 87.9 88.015
81.28 83.729 84.506 82.975 81.131 81.118 81.446 81.465 81.521 81.973 82.905 82.147 81.882 81.866 81.874 81.92 81.909 81.871 81.92 82.151 82.291 82.243 82.771 83.064 84.427 83.941 83.065 82.885 82.898 83.369 84.07 83.767 84.245 84.007 84.141 85.26 85.978 85.435 86.107 88.287 85.255 84.222 85.681 84.804 84.299 84.05 86.609 87.212 85.105 84.69 84.635 84.829 85.001 85.197 85.519 85.937 86.421 87.105 87.98 87.073 87.502 88.424 88.293 87.777 87.827 87.556 87.806 87.78 87.714 87.655 87.765 87.787
80.567 81.339 83.524 82.889 81.272 81.233 81.192 81.251 81.456 81.685 81.891 81.911 81.864 81.883 81.917 81.929 82.11 82.22 82.347 82.695 82.55 82.658 83.549 83.607 83.503 83.209 83.365 83.038 83.568 83.699 84.394 85.965 85.935 83.371 83.167 84.643 87.911 84.844 83.945 86.054 84.753 83.369 83.69 83.731 83.697 83.809 84.144 84.31 84.448 84.675 84.817 85.012 85.34 85.664 85.776 86.377 87.109 87.156 87.841 87.01 87.072 87.787 87.7 87.279 87.059 87.366 87.508 87.712 87.729 87.679 87.715 87.771
80.706 81.783 84.824 83.299 82.277 81.155 81.138 81.315 81.493 81.663 81.771 81.735 81.765 81.843 81.892 82.001 82.269 82.911 83.119 83.099 82.964 83.456 86.358 84.642 83.725 83.4 83.278 83.363 84.153 83.563 83.938 87.894 88.884 85.132 82.709 83.866 85.667 84.383 83.204 83.533 83.095 83.361 83.482 83.509 83.627 83.825 84.009 84.331 84.577 84.813 85.096 85.46 85.843 86.962 86.455 86.791 87.625 87.676 86.806 86.678 86.776 86.974 87.043 86.97 87.177 87.472 87.518 87.826 87.914 87.812 87.883 88.008
80.811 82.751 86.585 87.431 82.511 81.092 81.237 81.945 82.854 83.377 82.178 81.73 81.757 81.97 82 82.04 82.607 83.645 83.517 83.287 83.679 84.609 85.375 84.108 83.712 83.516 84.176 86.493 85.998 83.301 83.34 87.393 87.719 86.477 83.392 82.71 83.068 83.325 83.049 82.971 83.109 83.336 83.521 83.646 83.789 83.902 84.203 84.836 84.976 84.993 85.696 86.552 86.236 86.551 86.736 86.345 86.721 86.862 86.549 86.629 86.702 86.908 87.027 87.122 87.305 87.46 87.708 87.959 87.962 87.895 87.996 88.197
80.774 82.175 83.968 83.175 81.519 81.322 81.581 82.071 85.333 83.549 81.705 81.862 81.938 82.233 82.282 82.521 82.852 83.838 83.59 83.332 83.883 84.903 84.254 83.208 82.496 82.957 86.385 89.479 85.877 83.186 84.166 87.332 87.436 84.857 82.733 82.416 82.725 82.835 82.947 83.026 83.145 83.336 83.636 83.933 83.927 84.409 85.207 85.316 85.923 85.093 85.417 86.014 85.891 85.721 85.962 86.228 86.467 86.662 86.639 86.8 86.903 87.091 87.222 87.226 87.461 87.75 87.899 87.997 87.979 87.831 88.003 88.279
80.924 81.138 81.611 82 81.686 81.319 81.633 82.163 82.196 81.706 81.82 82.279 82.279 82.252 82.497 83.226 83.776 84.757 83.972 82.475 84.736 89.637 88.242 84.875 82.529 82.837 86.836 88.218 87.323 83.853 82.901 84.937 84.111 83.056 82.574 82.623 82.715 82.736 82.891 83.067 83.16 83.709 84.012 84.789 84.293 84.825 85.952 86.192 85.188 85.079 85.253 85.505 85.581 85.64 85.98 86.189 86.405 86.643 86.689 86.839 87.012 87.295 87.479 87.46 87.816 88.122 88.071 88.027 88.059 88.119 88.237 88.264
80.96 80.989 81.039 81.06 -9999 82.833 81.914 81.349 81.282 81.466 82.236 82.766 82.396 81.623 81.572 81.841 85.959 87.918 85.055 82.35 83.731 88.462 88.239 84.613 83.075 83.794 86.876 86.453 83.684 82.642 82.286 82.697 82.676 82.457 82.599 82.755 82.902 83.049 83.711 83.505 83.959 84.883 84.897 84.597 84.328 84.324 84.92 85.151 84.983 85.097 85.252 85.426 85.644 85.91 86.068 86.206 86.505 86.712 86.814 86.961 87.072 87.127 87.466 87.574 88.04 88.613 88.188 88.092 88.261 88.455 88.542 88.499
80.999 80.999 81.064 81.689 83.757 85.091 83.148 81.468 81.338 81.649 82.073 82.354 81.771 81.5 81.504 81.634 84.799 86.423 82.637 82.01 82.91 84.595 86.455 85.748 83.272 84.194 85.851 84.145 84.967 82.888 82.37 82.472 82.652 82.703 82.541 82.957 83.838 83.576 84.619 84.366 83.994 84.405 84.591 84.317 84.194 84.301 84.699 85.432 85.103 85.164 85.268 85.553 85.829 85.928 86.083 86.389 86.645 86.852 87.026 87.138 87.192 87.236 87.45 87.773 87.998 88.248 88.304 88.272 88.312 88.486 88.674 88.65
81.002 81.062 81.152 81.626 85.964 88.61 84.347 82.002 81.382 81.568 81.695 81.909 81.482 81.531 81.537 81.991 84.26 86.719 83.316 83.802 85.291 83.644 84.244 82.595 82.439 84.176 86.518 87.376 84.968 82.883 82.452 82.841 83.105 83.664 82.899 83.098 84.342 84.225 83.367 83.648 83.771 83.752 84.066 84.236 84.237 84.391 84.804 85.342 85.069 85.082 85.316 85.651 85.829 85.897 86.036 86.541 86.968 87.027 87.085 87.421 87.439 87.441 87.548 87.798 88.081 88.215 88.25 88.065 88.291 88.513 88.578 88.567
81.042 81.1 81.12 82.282 87.672 90.725 83.982 81.618 82.209 83.095 82.155 82.055 84.536 83.238 82.023 84.467 86.965 86.018 83.728 84.969 87.934 86.745 83.872 82.904 82.099 82.531 84.874 85.938 84.242 82.65 82.781 83.773 82.98 83.206 82.857 82.874 83.188 83.24 83.044 83.228 83.536 83.582 83.668 84.182 84.253 84.426 84.967 85.479 85.286 85.23 85.402 85.568 85.721 86.12 86.171 86.598 87.049 87.179 87.095 87.242 87.431 87.563 87.657 87.984 88.132 88.163 88.144 88.179 88.389 88.572 88.575 88.708
81.09 81.031 80.929 81.65 85.916 86.743 82.657 83.217 86.144 86.529 85.412 84.99 92.063 88.754 84.647 85.537 87.274 85.967 82.583 83.748 85.956 84.493 86.434 82.809 82.121 82.319 83.358 84.031 83.976 82.814 82.53 83.081 82.812 82.529 82.47 82.662 82.819 83.017 83.096 83.338 83.411 83.526 83.741 84.203 84.391 84.49 84.7 85.028 85.418 85.384 85.43 85.519 85.647 86.15 86.235 86.467 86.773 87.422 87.237 87.266 87.242 87.474 87.579 87.92 88.113 88.141 88.185 88.277 88.547 88.702 88.688 88.81
80.977 80.872 80.71 81.391 86.486 90.269 86.95 87.441 90.776 89.981 88 87.063 88.443 86.998 85.276 86.82 88.031 86.531 84.147 84.155 85.326 83.479 83.687 83.052 82.222 82.518 83.354 83.248 82.595 82.443 82.463 82.645 82.63 82.462 82.673 82.858 82.911 83.065 83.283 83.34 83.407 83.546 83.665 84.005 84.486 84.524 84.623 84.913 85.497 85.554 85.652 85.79 85.827 86.129 86.243 86.4 86.627 86.928 87.215 87.257 87.314 87.449 87.676 87.971 88.182 88.204 88.223 88.381 88.545 88.649 88.733 88.718
80.571 80.562 80.615 82.301 87.728 92.863 91.503 90.479 91.906 89.313 86.165 83.856 83.163 84.236 89.735 88.735 85.929 89.054 83.525 83.565 83.239 82.853 83.039 83.361 82.402 82.206 82.474 82.284 82.179 82.292 82.416 82.53 82.513 82.533 82.734 82.961 82.959 83.08 83.304 83.263 83.386 83.766 83.773 83.897 84.305 84.475 84.655 84.885 85.329 86.011 86.301 86.327 86.113 86.306 86.332 86.436 86.56 86.684 87.154 87.386 87.471 87.6 88.09 88.408 88.357 88.437 88.361 88.299 88.573 88.643 88.804 88.786
80.475 80.546 80.604 81.444 84.94 88.494 90.099 87.122 85.387 82.916 83.362 82.497 82.222 85.702 85.432 88.788 86.44 85.708 84.01 82.952 82.243 81.996 82.19 82.102 82.054 82.107 82.125 82.126 82.102 82.281 82.365 82.428 82.469 82.478 82.621 82.745 82.792 83.026 83.32 83.263 83.53 84.329 84.829 84.205 84.348 84.508 84.687 84.896 85.486 86.324 86.489 86.406 86.163 86.243 86.427 86.567 86.611 86.771 87.012 87.407 87.592 87.768 88.171 89.269 88.539 88.722 89.347 88.538 88.765 89.006 89.06 89.242
80.644 80.627 80.637 80.858 81.638 84.59 85.977 82.753 82.272 82.13 81.758 83.33 85.823 88.077 91.948 88.638 84.263 84.631 84.781 83.482 82.078 81.962 82.005 81.808 81.938 82.09 82.103 82.134 82.289 82.325 82.358 82.383 82.447 82.535 82.682 82.724 82.806 83.034 83.405 83.545 83.63 83.886 84.047 84.193 84.536 84.652 84.727 84.894 85.164 85.715 86.132 86.198 86.289 86.256 86.502 86.565 86.625 86.77 87.109 87.532 87.608 87.703 87.99 88.294 88.16 88.555 88.8 88.33 88.572 88.911 89.232 89.441
80.74 80.656 80.599 80.89 81.04 81.884 82.208 81.583 81.15 81.158 82.998 87.945 92.537 89.841 89.582 91.742 89.687 90.055 88.002 85.827 82.675 81.898 81.931 81.922 82.003 82.156 82.118 82.057 82.196 82.355 82.393 82.372 82.476 82.56 82.628 82.766 82.865 82.987 83.314 83.957 83.752 83.607 83.729 83.844 84.123 84.576 84.773 84.821 85.048 85.404 85.869 86.198 86.172 86.179 86.329 86.503 86.545 86.74 87.055 87.406 87.573 87.677 87.854 87.976 88.199 88.379 88.345 88.293 88.374 88.608 89.122 89.191
80.653 80.723 80.859 80.827 80.989 81.262 81.182 81.167 81.103 81.727 84.196 91.934 95.051 88.967 88.873 88.767 88.168 92.136 91.6 86.249 83.411 82.441 82.122 81.999 82.002 82.094 82.145 82.139 82.258 82.469 82.46 82.432 82.567 82.683 82.697 82.862 82.916 82.908 83.234 84.157 83.967 83.753 83.785 83.809 84.129 84.71 84.877 84.906 85.082 85.31 85.667 86.038 86.173 86.276 86.436 86.517 86.601 86.827 87.011 87.293 87.595 87.793 87.861 88.126 88.993 88.614 88.394 88.374 88.339 88.502 88.628 88.638
80.833 80.937 80.741 80.833 81.076 81.254 81.275 81.344 81.179 81.193 82.677 88.833 91.252 89.456 89.355 87.519 82.595 85.64 83.534 82.599 82.198 82.566 82.441 82.287 82.147 82.068 82.126 82.205 82.31 82.557 82.532 82.543 82.566 82.737 82.841 82.833 82.891 82.887 83.023 83.33 83.639 83.688 83.757 83.873 84.001 84.481 84.934 84.947 85.074 85.308 85.733 86.077 86.244 86.486 86.512 86.641 86.811 86.987 87.096 87.246 87.635 87.727 87.837 88.015 88.425 88.343 88.427 88.44 88.477 88.466 88.48 88.535
80.908 80.925 81.003 80.996 81.095 81.117 81.746 82.029 81.561 81.198 81.853 85.499 90.086 90.433 89.202 85.692 82.777 82.094 82.46 82.233 82.319 82.314 83.131 83.264 82.996 82.143 82.116 82.17 82.242 82.429 82.496 82.575 82.573 82.809 82.846 82.864 82.877 82.907 83.108 83.434 83.488 83.616 83.826 83.921 84.035 84.601 85.003 84.929 85.103 85.379 85.666 86.01 86.2 86.351 86.394 86.627 86.907 87.21 87.286 87.18 87.425 87.703 87.821 87.864 87.865 88.072 88.343 88.403 88.442 88.467 88.487 88.502
