dsm/se2830_DSM_2M.asc
ncols 500
nrows 500
xllcorner    428000
yllcorner    430000
cellsize     2
NODATA_value -9999
[rows 128 to 159 of 500, columns 292 to 364 of 500]
75.09 77.87 78.822 80.242 81.53 81.34 77.532 76.116 75.755 76.452 75.605 76.158 80.612 82.52 82.883 83.967 84.148 84.145 83.986 83.693 83.264 78.931 75.862 75.477 75.412 75.271 75.276 75.248 75.203 75.174 75.188 75.112 75.008 75.027 74.982 74.988 75.068 76.176 79.968 80.132 80.148 80.155 80.195 78.545 76.29 75.738 75.24 74.967 74.992 74.96 74.981 74.97 74.983 75.056 75.064 75.087 75.076 75.137 75.165 75.159 75.167 75.185 75.197 75.251 75.265 75.295 75.344 75.356 75.362 75.394 76.349 79.193 81.941
79.787 80.464 79.638 80.319 81.206 81.696 80.669 75.573 75.514 75.8 75.62 76.095 81.179 83.024 83.655 83.908 84.12 84.193 84.086 83.819 83.506 82.829 77.817 75.657 75.428 75.348 75.293 75.23 75.287 75.196 75.146 75.153 75.124 75.088 75.036 74.993 75.016 75.239 79.568 80.106 80.161 80.268 76.644 75.923 75.14 74.993 74.984 74.988 74.99 74.995 74.987 75.016 75.017 75.048 75.101 75.113 75.156 75.148 75.163 75.175 75.19 75.226 75.221 75.283 75.261 75.313 75.3 75.35 75.443 77.285 79.384 79.948 80.781
82.087 80.95 79.541 79.448 80.173 81.387 80.744 78.083 75.68 75.613 75.689 75.812 77.907 82.858 83.329 83.781 84.048 84.159 84.134 83.965 83.672 83.098 81.314 75.874 75.557 75.403 75.372 75.326 75.261 75.272 75.302 75.175 75.131 75.128 75.088 75.09 75.003 75.081 78.926 77.419 75.527 75.077 75.136 75.111 75.128 75.019 74.991 75.032 75.014 75.03 75.046 75.024 75.059 75.095 75.121 75.202 75.192 75.177 75.211 75.218 75.237 75.248 75.256 75.256 75.27 75.302 75.317 77.365 78.104 79.612 81.221 81.243 81.9
81.58 80.11 78.868 77.095 77.143 80.737 81.167 78.327 75.714 75.761 75.758 75.995 79.463 82.614 83.245 83.637 83.952 84.145 84.152 84.013 83.795 83.346 82.788 77.688 75.547 75.482 75.384 75.379 75.295 75.281 75.249 75.197 75.184 75.156 75.159 75.113 75.084 74.998 75.023 75.089 75.091 75.085 75.062 75.106 75.252 75.107 75.048 75.053 75.1 75.785 75.385 75.064 75.075 75.126 75.133 75.19 75.186 75.202 75.201 75.218 75.263 75.253 75.271 75.308 75.293 75.429 78.779 79.959 80.986 82.351 82.725 81.173 79.767
80.7 79.895 76.518 76.106 76.218 79.593 80.484 79.278 77.901 77.704 76.488 77.156 80.125 82.141 82.923 83.458 83.843 84.066 84.19 84.024 83.855 83.62 83.017 80.744 75.778 75.458 75.496 75.413 75.38 75.384 75.316 75.267 75.218 75.216 75.24 75.218 75.104 75.107 75.161 75.093 75.173 75.206 75.165 75.143 75.195 75.502 75.067 75.195 75.557 75.232 75.467 75.098 75.111 75.159 75.16 75.193 75.186 75.231 75.229 75.231 75.234 75.243 75.236 75.269 77.848 78.6 80.413 81.471 82.594 82.899 83.022 82.123 79.593
77.203 76.478 76.227 76.191 76.184 78.008 79.541 79.452 79.414 78.96 76.897 77.065 79.294 80.411 82.594 83.266 83.692 84.018 84.172 84.182 83.949 83.698 83.252 82.644 76.282 75.484 75.491 75.425 75.426 75.429 75.37 75.308 75.283 75.271 75.246 75.244 75.188 75.283 75.184 75.157 75.178 75.228 75.213 75.24 75.225 75.374 75.532 75.263 75.209 75.249 75.301 75.345 75.131 76.827 75.189 75.127 75.206 75.199 75.206 75.347 77.586 78.416 76.224 80.098 81.831 78.275 82.077 82.553 83.221 83.325 81.213 81.722 76.53
76.268 76.246 76.473 76.213 76.212 76.207 78.986 79.764 79.32 77.466 77.59 77.047 78.44 79.682 81.486 83.166 83.568 83.931 84.081 84.192 84.077 83.769 83.397 82.962 77.496 75.575 75.499 75.51 75.537 75.467 75.415 75.372 75.382 75.345 75.287 75.287 75.222 75.221 75.233 75.241 75.244 75.223 75.23 75.224 75.283 75.265 75.262 75.304 75.278 75.288 75.26 76.789 76.702 76.011 75.134 75.196 75.22 75.694 75.219 77.629 81.657 81.356 81.932 82.154 82.677 82.901 81.97 82.396 82.518 82.54 76.152 75.983 75.802
76.34 76.349 76.39 76.235 76.246 76.184 78.362 79.683 78.132 76.92 78.61 77.695 77.06 78.391 80.88 82.804 83.433 83.783 84.023 84.193 84.077 83.932 83.545 83.081 79.014 75.579 75.411 75.505 75.522 75.494 75.552 75.47 75.462 75.421 75.339 75.325 75.25 75.274 75.281 75.292 75.276 75.267 75.248 75.306 75.296 75.281 75.341 75.321 75.354 75.283 75.304 78.706 80.381 75.984 76.577 75.201 75.322 79.808 75.533 80.524 82.735 82.94 83.093 82.863 82.876 82.548 80.207 79.95 77.786 75.727 75.75 75.758 75.768
76.692 76.525 76.451 76.387 76.304 76.767 79.57 80.04 79.291 76.724 77.519 77.126 77.497 77.058 77.565 81.61 83.187 83.6 83.931 84.136 84.193 83.978 83.731 83.427 82.658 75.812 75.49 75.446 75.536 75.56 75.57 75.531 75.474 75.394 75.366 75.376 75.379 75.294 75.343 75.354 75.299 75.304 75.335 75.362 75.336 75.366 75.365 75.387 75.339 75.333 75.327 78.518 82.459 78.559 82.649 79.306 80.737 80.871 77.736 77.689 80.95 83.543 83.099 82.659 79.363 77.439 75.645 75.748 75.739 75.789 75.782 75.781 75.691
76.681 76.442 76.421 76.345 76.309 76.711 83.565 80.824 80.262 78.262 76.938 77.36 77.809 77.358 78.556 82.259 83.002 83.509 83.902 84.057 84.2 84.044 83.888 83.546 83.023 77.814 75.561 75.461 75.572 75.566 75.629 75.601 75.57 75.549 75.43 75.477 75.488 75.494 75.545 75.441 75.417 75.343 75.382 75.402 75.385 75.367 75.42 75.516 75.399 75.38 75.46 80.552 82.812 83.454 79.155 81.154 78.198 80.956 80.912 80.728 83.132 82.7 82.346 78.063 76.4 75.695 75.762 75.789 75.765 75.732 75.682 75.666 75.731
76.659 76.51 76.526 76.449 76.297 78.223 84.858 84.341 80.427 78.08 76.97 77.384 77.761 77.685 81.48 81.504 81.478 83.263 83.766 84.008 84.162 84.147 83.995 83.735 83.27 79.02 75.647 75.512 75.546 75.59 75.594 75.67 75.668 75.584 75.615 75.711 75.56 76.186 76.027 75.602 75.425 75.454 75.381 75.44 75.433 75.435 77.498 76.134 76.272 77.841 79.188 81.294 82.633 83.27 78.777 78.744 81.955 77.589 77.464 78.195 82.404 76.442 75.729 75.746 75.723 75.737 75.721 75.685 75.664 75.662 75.686 75.842 76.801
76.491 76.486 76.39 76.349 76.407 83.93 85.949 86.33 82.583 80.763 78.033 77.53 81.284 77.714 79.455 82.836 82.748 83.17 83.646 83.933 84.106 84.197 84.01 83.786 83.428 82.842 77.074 75.557 75.565 75.629 75.629 75.664 75.65 75.634 75.922 76.728 75.945 75.737 75.515 75.506 75.538 75.473 75.439 75.494 76.644 79.939 80.723 81.037 76.698 81.577 81.207 81.892 82.94 81.445 83.151 82.943 81.261 77.578 75.776 75.777 75.805 75.78 75.786 75.8 75.734 75.676 75.64 75.605 75.707 76.67 77.147 77.155 77.074
76.605 76.409 76.366 76.417 76.289 77.948 83.751 84.926 85.704 86.474 79.077 77.912 77.532 77.15 78.876 84.046 84.246 83.229 83.416 83.806 84.092 84.162 84.062 83.884 83.636 83.063 81.245 75.89 75.554 75.618 75.633 75.685 75.707 75.721 75.745 75.754 75.689 75.606 75.583 75.581 75.54 75.569 75.596 75.651 80.788 81.202 81.408 81.676 82.806 83.45 83.877 80.946 82.995 82.073 82.695 78.961 76.283 75.807 75.825 75.854 75.811 75.802 75.718 75.72 75.67 75.67 75.679 75.777 76.523 76.87 76.087 75.964 75.926
76.457 76.443 76.425 76.502 77.014 78.651 83.271 85.865 86.289 81.068 78.522 77.402 77.132 77.466 82.878 85.01 85.449 83.504 83.274 83.684 83.998 84.151 84.102 83.947 83.686 83.306 81.355 76.462 75.648 75.64 75.65 75.722 75.736 75.773 75.754 75.726 75.726 75.683 75.646 75.576 78.415 75.761 75.573 79.246 82.444 82.525 81.168 83.271 83.898 83.383 82.368 81.801 77.896 77.304 75.887 75.823 75.901 75.878 75.84 75.805 75.751 75.714 75.719 75.738 75.841 75.902 75.82 75.812 76.813 76.19 75.861 75.854 75.983
76.474 76.45 76.391 76.34 76.3 76.274 78.381 84.735 87.342 88.136 85.783 80.211 77.918 78.091 82.381 85.044 85.758 84.455 83.142 83.591 83.884 84.089 84.175 84.084 83.813 83.486 83.004 77.025 75.71 75.618 75.65 75.731 75.726 75.807 75.796 75.77 75.774 75.846 78.646 78.706 81.012 78.753 79.019 80.281 80.707 81.646 83.504 83.707 83.444 83.371 82.771 76.814 75.885 75.943 75.974 75.892 75.911 75.829 75.764 75.757 75.777 75.831 76.069 76.003 75.895 75.888 75.809 75.714 76.001 76.164 75.85 75.891 75.97
76.404 76.423 76.395 76.322 76.258 76.268 76.095 82.828 86.239 87.851 88 84.996 83.294 78.283 77.983 79.936 84.684 82.895 82.767 83.429 83.762 84.02 84.15 84.129 83.919 83.641 83.121 80.628 75.825 75.653 75.684 75.745 75.797 75.821 75.877 75.862 75.836 75.813 80.182 81.595 82.958 83.402 83.07 79.173 80.983 81.326 83.313 82.765 82.707 76.724 76.633 75.986 75.942 76.014 75.915 75.885 75.768 75.954 77.163 77.094 77.277 76.325 76.407 75.957 75.904 75.826 75.797 75.691 75.959 76.206 75.877 75.96 76.028
76.4 76.334 76.332 76.281 76.297 76.26 76.193 77.14 82.825 83.066 86.169 86.494 85.838 85.779 78.948 78.09 80.485 79.6 82.32 83.171 83.645 83.935 84.116 84.18 84.035 83.74 83.372 81.597 75.956 75.636 75.749 75.784 75.864 75.857 75.933 76.069 77.357 79.842 83.176 81.503 82.931 83.693 82.305 79.141 80.707 79.282 76.228 78.698 76.613 75.98 76.033 76.036 75.925 75.926 75.846 75.842 75.915 80.872 82.383 77.38 76.391 76.122 75.88 75.958 75.945 77.122 76.329 75.791 75.728 75.819 76.818 76.457 76.822
76.365 76.333 76.32 76.28 76.26 76.235 76.447 76.665 84.287 83.083 85.731 85.629 86.153 88.167 82.283 78.156 80.018 80.364 82.29 82.954 83.469 83.793 84.031 84.189 84.076 83.863 83.618 83.073 78.39 75.768 75.746 75.8 76.089 78.193 80.128 81.351 82.813 83.858 83.848 82.765 82.65 83.465 83.413 77.312 76.543 76.416 76.015 76.019 76.017 75.988 75.966 75.917 75.846 75.864 75.961 76.393 76.18 80.397 80.651 75.993 75.855 75.825 75.783 76.679 78.679 81.197 81.668 80.003 76.052 75.681 76.523 76.234 77.306
76.342 76.546 76.275 76.257 76.251 76.182 86.913 91.426 82.511 83.575 85.599 85.683 86.91 86.472 83.908 78.157 77.826 79.422 80.902 82.639 83.342 83.735 83.961 84.145 84.128 83.932 83.69 83.228 78.436 75.894 75.763 79.396 82.906 82.073 82.496 80.973 82.785 83.417 83.327 81.963 78.417 77.911 77.92 76.055 76.047 76.007 76.018 76.001 75.911 75.926 75.938 75.961 75.989 76.449 76.124 76.057 75.874 75.866 77.897 76.084 75.809 75.878 75.843 75.756 81.365 82.615 82.704 78.776 76.925 75.695 76.327 76.009 76.021
84.888 78.869 76.255 76.301 76.402 81.187 88.516 85.453 94.378 83.499 85.908 83.79 84.84 81.638 81.521 80.885 78.106 77.14 77.153 80.996 83.045 83.561 83.923 84.105 84.208 84.021 83.733 83.466 82.816 76.491 75.827 82.017 81.853 83.175 81.831 81.308 82.04 81.627 82.668 77.663 76.115 76.078 76.056 76.057 76.024 75.991 75.956 75.925 75.967 76.042 76.602 76.224 76.026 75.955 76.775 76.086 76.153 76.523 76.243 76.222 80.463 80.523 77.538 75.656 80.518 82.423 82.296 79.061 77.356 75.77 76.568 77.178 76.078
88.496 81.712 83.507 79.487 79.269 85.376 92.041 92.891 95.476 95.069 85.732 81.993 81.407 78.759 81.036 79.956 77.085 77.021 76.909 80.848 82.947 83.422 83.714 84 84.173 84.101 83.638 77.963 77.77 76.84 75.947 80.693 82.644 83.034 81.758 77.343 76.111 76.187 76.17 76.141 76.107 76.098 76.023 76 75.956 75.934 76.021 76.177 76.153 76.774 76.736 75.935 75.881 75.833 75.806 77.756 76.046 80.574 80.945 81.776 82.335 82.625 79.534 75.818 76.878 81.126 80.702 79.24 76.302 77.017 77.58 77.011 76.136
92.687 90.252 86.449 80.227 80.568 81.068 84.002 89.052 95.272 90.76 80.624 80.34 79.874 77.39 76.756 76.827 77.058 77.225 77.024 76.978 81.211 83.21 83.727 83.977 83.863 78.245 75.824 76.365 76.687 77.199 76.299 78.126 77.856 76.847 76.218 76.192 76.185 76.115 76.131 76.138 76.011 75.977 76.029 76.021 76.017 76.084 76.079 76.094 76.002 76.118 75.817 75.786 75.808 75.793 75.877 75.78 81.808 82.341 82.744 82.853 82.803 83.557 82.034 76.555 76.066 79.08 78.496 78.401 76.539 76.932 76.249 76.485 76.39
92.878 92.341 88.795 82.377 82.034 80.848 81.889 85.121 89.6 83.987 78.597 77.381 76.847 76.877 76.89 76.929 76.965 77.114 77.069 76.903 80.828 82.919 79.355 77.474 76.619 76.48 76.342 76.365 76.339 76.343 76.271 76.211 76.211 76.26 76.23 76.215 76.177 76.105 76.074 76.066 76.061 76.127 76.262 76.335 76.029 76.211 76.011 76.523 76.083 75.828 75.897 75.808 76.121 76.791 75.94 75.684 81.622 82.571 82.262 82.021 81.675 81.461 80.915 77.249 75.948 77.858 78.623 76.459 75.761 77.808 77.803 77.642 76.99
92.341 92.646 90.823 81.423 80.058 79.876 78.57 81.998 79.092 79.727 76.696 76.836 76.895 76.885 76.877 76.856 76.814 76.804 76.817 76.719 76.547 76.559 76.685 76.349 76.255 76.298 76.217 76.238 76.196 76.216 76.199 76.215 76.255 76.227 76.261 76.2 76.098 76.06 76.127 76.185 76.578 77.077 76.356 76.42 76.047 76.042 75.938 76.822 76.399 79.515 80.033 80.978 81.872 82.052 77.092 75.857 80.394 81.619 81.197 80.566 80.362 78.792 78.504 77.364 75.726 76.93 77.815 76.469 76.067 78.181 78.251 77.641 78.295
91.704 91.721 90.272 80.604 76.881 76.555 76.619 76.664 78.305 76.661 76.726 76.8 76.85 76.81 76.785 76.699 76.632 76.605 76.507 76.454 76.358 76.383 76.234 76.183 76.147 76.139 76.119 76.163 76.177 76.241 76.243 76.207 76.211 76.17 76.178 76.131 76.104 76.207 76.906 76.396 76.464 76.333 76.377 76.651 76.045 76.045 75.941 79.906 81.812 82.073 82.422 82.943 83.057 82.96 77.379 75.761 77.05 79.02 78.7 78.525 78.473 76.723 76.742 76.354 77.019 76.184 75.83 75.861 75.844 77.69 78.186 76.5 76.924
89.701 89.794 89.239 82.731 76.616 76.598 76.619 76.656 76.66 76.596 76.623 76.625 76.582 76.52 76.58 76.478 76.469 76.402 76.261 76.234 76.145 76.12 76.111 76.125 76.109 76.119 76.161 76.144 76.136 76.162 76.148 76.18 76.142 76.182 77.798 77.374 76.427 76.155 76.241 77.118 76.08 76.3 76.417 77.642 78.797 76.58 75.891 77.228 83.003 83.125 82.859 82.667 82.685 81.811 78.09 75.805 75.886 78.03 78.226 78.214 77.392 76.312 75.853 75.894 78.115 77.207 75.816 75.841 75.845 76.207 77.687 76.98 76.459
86.573 87.604 86.587 78.95 76.59 77.575 77.917 76.61 76.583 76.555 76.543 76.522 76.481 76.476 76.284 76.176 76.18 76.108 76.07 76.072 76.092 76.135 76.112 76.142 76.171 76.144 76.136 76.126 76.117 76.223 79.898 77.142 76.938 76.312 78.537 80.571 76.93 77.256 76.343 76.353 79.114 79.146 79.951 81.9 82.167 80.174 75.935 77.251 82.321 82.032 81.691 81.182 78.46 77.282 75.772 75.833 77.78 77.988 78.104 77.928 76.516 76.918 75.874 76.088 77.825 78.14 75.964 75.879 75.874 75.914 76.122 76.005 76.102
79.937 79.064 79.806 76.673 78.89 80.498 81.963 76.649 76.374 76.406 76.346 76.341 76.299 76.366 76.113 76.031 76.048 76.046 76.084 76.086 76.126 76.106 76.094 76.08 76.108 77.755 76.812 76.224 78.122 77.581 82.052 81.654 79.683 76.703 77.171 80.545 79.23 77.128 79.126 81.53 82.003 82.184 82.579 83.018 83.15 79.947 76.045 75.87 80.103 77.362 77.633 77.143 76.003 75.746 75.835 75.872 76.756 78.059 76.137 75.9 77.741 77.589 76.491 75.845 77.276 77.71 76.179 75.867 75.886 75.921 76.156 76.424 77.605
76.4 78.798 79.665 80.596 81.078 82.614 82.693 80.706 76.398 76.174 76.12 76.037 75.957 75.947 76.012 75.999 76.019 75.997 76.032 76.09 76.059 76.082 76.131 76.076 78.354 80.565 81.909 80.764 79.842 77.717 77.449 77.303 76.529 76.565 76.682 80.186 81.243 80.559 78.418 82.707 83.134 83.276 82.973 83 82.619 82.104 77.876 75.876 75.812 75.846 75.931 75.987 75.881 75.821 75.784 78.026 77.84 78.185 76.501 75.894 80.054 81.044 76.837 75.852 75.822 76.154 76.337 75.931 75.933 76.403 76.546 76.799 77.855
80.997 80.03 83.219 82.103 80.768 82.091 82.392 78.328 76.239 75.926 75.945 76.005 75.956 76.03 76.049 76.074 76.081 76.041 76.102 76.086 76.129 76.142 76.429 76.26 76.342 81.315 81.315 77.664 76.027 76.181 75.965 75.968 77.013 76.496 76.653 77.299 81.646 81.837 77.061 81.413 82.651 82.38 82.003 81.495 81.28 78.444 75.943 75.969 76.392 76.368 75.836 75.826 75.992 75.811 75.771 77.456 78.261 78.251 76.58 75.823 78.075 80.798 76.908 75.855 75.86 75.909 76.468 76.237 76.56 77.204 76.63 76.573 76.878
78.043 78.638 83.186 82.542 81.482 80.794 78.366 76.681 75.942 75.915 75.926 76.024 76.028 76.037 76.09 76.081 76.097 76.111 76.172 76.31 76.44 77.384 78.689 78.077 76.156 77.18 77.444 75.954 75.99 75.926 75.853 75.947 76.156 76.353 76.764 76.458 78.62 79.932 78.219 80.97 81.442 80.079 79.887 76.413 79.179 76.125 75.956 76.475 78.46 76.049 76.005 75.794 75.967 75.784 75.763 76.692 78.598 78.004 77.71 75.863 76.504 79.358 79.122 75.9 75.857 75.928 77.231 76.848 76.616 76.598 76.663 76.69 76.493
75.996 76.022 76.01 76.593 75.856 75.823 75.922 75.982 75.955 76.007 75.993 76.053 75.98 76.037 76.23 76.161 77.235 77.543 76.474 77.315 76.021 76.359 77.735 76.342 76.107 76.033 75.964 76.021 75.882 75.859 75.867 75.909 75.938 75.937 76.776 77.018 76.44 76.769 80.691 79.71 78.878 78.791 78.397 81.525 82.496 77.274 75.921 76.411 78.472 76.646 75.882 75.81 75.808 75.759 75.814 76.084 77.679 77.033 77.956 76.074 75.831 78.908 79.901 76.915 76.527 77.094 78.128 76.805 76.667 76.331 76.444 76.707 77.005
