dsm/se2835_DSM_2M.asc
ncols 500
nrows 500
xllcorner    428000
yllcorner    435000
cellsize     2
NODATA_value -9999
[rows 320 to 351 of 500, columns 216 to 287 of 500]
68.622 68.53 68.395 68.466 69.441 73.401 75.241 75.466 74.11 70.155 69.095 68.83 69.054 69.117 69.124 69.857 -9999 74.628 73.629 71.077 69.622 69.121 69.001 68.987 68.978 68.846 69.366 69.976 71.061 72.846 -9999 -9999 69.48 69.23 69.04 68.735 68.678 68.86 70.515 68.333 67 66.731 66.641 66.735 66.731 66.67 66.727 66.816 66.837 66.789 66.729 66.721 66.732 66.857 66.906 66.877 66.882 66.884 66.931 66.933 66.992 66.974 67.036 66.937 66.985 66.865 66.968 66.983 67.03 67.039 67.163 67.642
68.64 68.399 68.204 68.331 69.158 72.929 74.948 75.294 73.637 70.614 69.73 69.069 68.986 69.05 69.136 69.88 -9999 74.439 76.019 72.972 69.555 68.557 68.774 68.975 68.811 68.707 69.041 69.5 73.169 74.158 -9999 -9999 69.44 69.366 68.99 68.685 68.47 68.053 67.502 66.851 66.63 66.585 66.627 66.693 66.741 66.693 66.677 66.689 66.696 66.683 66.627 66.65 66.662 66.709 66.746 66.745 66.746 66.759 66.857 66.914 66.959 66.874 67.002 67.03 66.909 66.927 66.956 67.101 67.074 67.118 67.214 68.759
68.491 68.201 68.089 68.301 70.24 73.208 74.928 74.723 73.589 70.71 69.805 69.028 68.913 68.944 69.244 -9999 -9999 75.311 77.673 74.215 69.912 69.096 69.263 69.218 68.696 68.532 68.339 68.329 74.541 74.862 74.401 73.219 70.538 70.238 69.362 68.545 68.274 67.974 67.247 66.617 66.523 66.581 66.616 66.652 66.743 66.707 66.633 66.625 66.632 66.696 66.635 66.638 66.698 66.687 66.726 66.733 66.712 66.728 66.77 66.819 66.828 66.926 67.013 66.91 66.831 66.966 66.868 67.028 67.072 66.925 67.185 68.058
68.566 68.238 67.907 68.26 69.497 73.541 74.752 74.479 73.035 70.843 69.546 69.162 68.611 68.952 -9999 -9999 -9999 74.866 73.902 71.575 69.823 69.243 69.271 69.156 68.641 68.391 68.078 67.989 70.288 73.927 76.723 74.083 69.749 70.461 69.244 68.115 67.968 67.696 67.12 66.611 66.517 66.603 66.592 66.613 66.731 66.665 66.61 66.59 66.619 66.631 66.568 66.579 66.643 66.632 66.617 66.648 66.656 66.726 66.72 66.729 66.761 66.767 66.736 66.941 66.911 66.899 66.933 66.901 66.868 66.894 67.191 67.561
68.896 68.388 67.767 68.002 69.343 73.484 74.785 74.219 72.704 69.269 68.87 68.802 68.464 69.014 70.565 73.784 75.651 -9999 72.518 69.721 68.701 68.792 69.032 68.792 68.643 68.536 68.229 68.178 69.967 74.06 78.343 74.25 68.537 68.525 68.461 67.948 67.781 67.577 66.907 66.528 66.486 66.524 66.529 66.533 66.561 66.568 66.585 66.56 66.6 66.588 66.576 66.535 66.668 66.614 66.54 66.608 66.615 66.699 66.627 66.638 66.656 66.682 66.767 66.786 66.837 66.92 66.803 66.833 66.74 66.857 67.051 67.412
68.53 68.026 67.45 67.708 70.264 73.814 74.861 73.97 72.691 70.89 69.494 68.363 68.44 68.842 71.34 76.497 76.815 74.895 71.936 69.46 68.863 68.669 -9999 68.474 68.47 68.563 68.333 68.255 69.575 72.521 74.159 71.639 68.762 68.32 67.856 67.749 67.665 67.25 66.809 66.483 66.438 66.465 66.438 66.457 66.509 66.604 66.546 66.494 66.539 66.575 66.596 66.599 66.588 66.566 66.565 66.584 66.544 66.593 66.612 66.573 66.59 66.648 66.718 66.745 66.883 66.786 66.796 66.899 66.817 66.851 67.153 67.561
67.959 67.758 67.485 67.712 70.649 73.633 74.478 73.765 71.935 70.002 69.339 68.066 68.179 68.298 71.155 78.056 77.356 75.663 73.255 69.75 69.007 68.284 68.193 68.143 68.035 67.914 68.218 68.278 68.824 -9999 -9999 70.466 68.963 68.661 67.744 67.542 67.54 67.243 66.583 66.343 66.334 66.374 66.344 66.447 66.468 66.539 66.539 66.496 66.519 66.584 66.61 66.541 66.442 66.505 66.549 66.533 66.505 66.552 66.595 66.565 66.569 66.575 66.676 66.749 66.707 66.777 66.804 66.715 66.819 66.868 67.087 67.993
67.877 67.737 67.316 68.868 72.631 73.867 74.255 72.663 71.162 68.721 68.566 68.101 67.892 68.555 71.211 74.774 75.737 76.21 73.496 69.093 68.357 67.85 67.99 67.943 68.034 68.102 68.122 68.181 -9999 -9999 69.757 68.983 69.018 70.313 68.66 67.526 67.476 67.048 66.418 66.335 66.353 66.392 66.383 66.42 66.378 66.498 66.495 66.452 66.473 66.557 66.593 66.49 66.444 66.524 66.504 66.472 66.459 66.473 66.483 66.521 66.565 66.538 66.572 66.626 66.683 66.742 66.589 66.666 66.755 66.696 66.905 67.438
68.076 68.041 68.018 70.108 73.144 74.093 73.682 70.919 67.994 68.153 68.064 67.673 67.788 68.547 -9999 -9999 74.169 73.703 70.719 68.203 68.154 67.901 67.817 67.889 68.049 68.011 68.02 68.037 -9999 -9999 68.43 68.342 68.45 68.784 67.857 67.376 67.148 66.779 66.288 66.325 66.379 66.437 66.392 66.456 66.478 66.495 66.409 66.403 66.423 66.532 66.486 66.396 66.449 66.486 66.446 66.431 66.411 66.418 66.404 66.434 66.512 66.545 66.552 66.557 66.647 66.649 66.606 66.661 66.705 66.763 67.041 67.309
68.081 68.152 67.822 69.615 73.241 74.468 73.556 69.793 67.447 67.369 67.479 67.63 67.615 67.895 -9999 -9999 -9999 -9999 69.056 68.123 67.743 67.721 67.709 67.727 67.616 67.756 67.917 67.924 -9999 -9999 68.394 68.099 68.02 67.707 67.246 67.194 66.983 66.385 66.258 66.284 66.376 66.361 66.309 66.406 66.489 66.538 66.434 66.39 66.456 66.457 66.384 66.418 66.426 66.47 66.409 66.389 66.386 66.433 66.41 66.377 66.479 66.524 66.54 66.434 66.549 66.68 66.533 66.632 66.763 66.734 66.756 67.124
67.654 68.162 67.233 69.101 72.974 74.209 72.955 68.575 67.486 67.289 67.487 67.749 67.855 67.717 -9999 -9999 -9999 68.525 68.296 67.857 67.659 67.623 67.614 67.556 67.518 67.57 67.714 -9999 -9999 69.508 68.35 67.784 67.772 67.46 67.163 67.032 66.771 66.31 66.132 66.271 66.353 66.326 66.3 66.322 66.348 66.464 66.442 66.309 66.399 66.397 66.31 66.34 66.326 66.283 66.307 66.426 66.524 66.477 66.469 66.484 66.439 66.478 66.499 66.383 66.461 66.566 66.667 66.731 66.576 66.632 66.955 67.005
66.681 67.211 67.531 68.892 72.788 73.787 73.121 68.796 67.53 67.266 67.403 67.651 67.62 67.569 67.573 -9999 -9999 67.942 67.793 67.568 67.561 67.521 -9999 67.462 67.56 67.481 67.876 69.884 -9999 -9999 69.487 68.886 68.319 67.313 67.046 66.875 66.697 66.285 66.111 66.218 66.262 66.279 66.324 66.364 66.351 66.334 66.284 66.333 66.317 66.264 66.242 66.302 66.353 66.317 66.355 66.438 66.371 66.389 66.413 66.342 66.383 66.438 66.416 66.404 66.44 66.594 66.59 66.523 66.554 66.852 67.192 67.053
66.86 67.062 67.764 70.863 72.867 73.888 72.309 69.339 67.136 66.772 67.206 67.577 67.531 67.489 -9999 -9999 -9999 67.632 67.396 67.439 67.403 -9999 67.329 67.346 67.4 67.835 69.094 71.939 74.565 -9999 71.541 70.348 68.809 67.196 66.887 66.813 66.691 66.096 66.039 66.149 66.219 66.275 66.313 66.334 66.24 66.212 66.2 66.2 66.239 66.276 66.23 66.257 66.329 66.277 66.3 66.317 66.301 66.323 66.324 66.328 66.374 66.429 66.414 66.411 66.439 66.501 66.52 66.522 66.586 66.647 67.086 66.912
66.957 67.495 69.225 71.831 73.122 72.941 71.739 67.918 67.096 66.672 66.911 67.303 67.304 67.255 -9999 -9999 -9999 -9999 67.076 67.029 67.068 67.252 67.402 67.398 67.393 68.846 70.414 74.278 76.668 75.218 72.897 69.776 67.791 66.808 66.656 66.671 66.718 66.273 66.086 66.096 66.13 66.215 66.275 66.251 66.18 66.126 66.13 66.161 66.232 66.211 66.178 66.161 66.283 66.279 66.273 66.208 66.271 66.341 66.254 66.293 66.322 66.262 66.324 66.344 66.249 66.323 66.432 66.467 66.67 67.008 67.136 67.055
66.963 67.274 70.202 71.447 73.012 72.334 71.128 67.753 66.656 66.515 66.606 66.805 66.875 66.922 -9999 -9999 -9999 -9999 66.727 66.821 66.872 67.122 67.616 67.851 67.826 68.617 70.455 75.169 77.636 76.299 73.084 69.113 66.976 66.499 66.464 66.447 66.202 65.927 66.039 66.106 66.093 66.188 66.177 66.167 66.163 66.09 66.059 66.035 66.129 66.139 66.196 66.148 66.234 66.256 66.247 66.205 66.24 66.298 66.275 66.265 66.27 66.258 66.292 66.315 66.281 66.286 66.373 66.36 66.499 66.839 67.082 66.99
66.648 66.701 68.748 71.254 73.181 72.7 70.544 67.25 66.847 66.781 66.55 66.767 66.895 67.166 -9999 -9999 -9999 66.139 66.304 66.552 66.776 -9999 67.595 68.061 67.648 67.443 70.354 73.878 75.492 74.696 71.594 66.527 66.529 66.449 66.353 66.229 66.03 65.765 65.939 66.118 66.138 66.127 66.108 66.175 66.117 66.066 66.047 66.043 66.083 66.171 66.215 66.185 66.221 66.216 66.215 66.195 66.181 66.231 66.227 66.206 66.225 66.28 66.287 66.308 66.335 66.309 66.412 66.35 66.455 66.878 67.298 67.006
67.302 67.008 68.394 71.498 73.108 73.08 70.726 67.872 67.178 67.193 66.985 67.079 67.332 67.763 -9999 -9999 66.963 66.049 65.742 66.304 66.604 -9999 67.424 67.636 67.586 67.696 -9999 -9999 -9999 72.636 69.506 66.955 66.344 66.252 66.181 66.118 65.806 65.677 65.875 66.038 66.11 66.141 66.19 66.154 66.092 66.075 66.06 66.075 66.081 66.155 66.275 66.236 66.184 66.156 66.17 66.194 66.138 66.138 66.166 66.154 66.183 66.223 66.268 66.229 66.284 66.247 66.297 66.303 66.388 67.011 68.317 66.861
67.813 67.21 69.467 72.015 72.807 72.398 68.362 67.853 68.628 67.529 67.054 67.456 68.515 70.29 70.748 -9999 67.296 66.074 65.68 66.419 66.623 66.891 67.213 67.242 67.328 67.324 -9999 -9999 -9999 -9999 68.477 68.082 66.892 66.121 65.966 65.877 65.422 65.611 65.897 66.023 66.089 66.224 66.215 66.149 66.109 66.077 66.065 66.064 66.026 66.029 66.155 66.184 66.169 66.077 66.182 66.234 66.12 66.146 66.184 66.173 66.168 66.165 66.243 66.278 66.303 66.229 66.241 66.251 66.372 66.906 67.315 66.82
67.989 67.794 70.773 72.216 72.541 71.909 68.863 66.621 67.034 66.989 66.781 67.41 69.335 74.428 73.558 70.448 67.71 66.964 66.969 66.957 67.146 67.212 67.16 67.186 67.186 67.142 67.616 -9999 71.147 70.173 68.341 68.645 66.794 65.952 65.763 65.588 65.337 65.721 65.983 66.056 66.079 66.075 66.122 66.088 66.022 66.069 66.116 66.039 65.994 65.955 65.999 66.126 66.188 66.109 66.115 66.12 66.104 66.122 66.141 66.225 66.169 66.128 66.195 66.242 66.221 66.171 66.195 66.268 66.377 66.794 67.093 66.619
66.711 67.041 70.96 72.167 72.959 71.972 69.158 66.567 66.716 66.65 66.417 66.413 66.715 71.642 72.273 -9999 68.294 67.363 67.633 67.878 67.691 67.72 66.975 66.982 66.772 66.482 67.416 70.802 72.72 72.504 68.129 66.446 65.943 65.596 65.415 65.229 65.085 66.195 66.563 66.179 66.144 66.093 66.098 65.921 65.983 66.064 66.026 66.012 65.996 65.985 66.019 66.084 66.061 66.061 66.066 66.067 66.1 66.097 66.104 66.121 66.132 66.146 66.176 66.187 66.123 66.137 66.182 66.27 66.465 66.342 66.541 66.58
65.788 67.397 69.952 72.035 72.748 71.605 68.364 67.768 67.344 66.624 66.242 66.258 66.442 67.904 -9999 68.689 68.027 67.232 68.699 70.218 68.854 -9999 66.727 66.497 66.48 66.589 67.714 71.615 73.751 74.007 69.443 66.387 65.574 65.33 65.28 65.264 66.063 68.13 67.527 66.058 66.049 66.039 66.027 65.921 65.93 65.9 65.974 65.981 65.941 65.944 65.944 65.936 65.975 66.016 66.037 66.062 66.062 66.055 66.056 66.085 66.12 66.161 66.161 66.125 66.07 66.112 66.138 66.208 66.285 66.45 66.553 66.524
65.491 66.277 66.944 68.31 71.969 71.36 67.084 67.07 66.971 66.352 65.952 65.873 65.676 66.065 65.267 -9999 67.028 67.142 69.203 70.109 68.35 67.928 66.601 65.925 66.137 66.783 -9999 -9999 73.597 73.301 70.92 67.781 67.23 65.655 65.505 66.715 69.008 71.898 68.65 66.173 65.995 66.083 65.962 65.866 65.796 65.875 65.935 65.963 65.904 65.9 65.892 65.894 65.96 66.025 66.013 66.013 65.984 65.994 66.021 66.053 66.079 66.133 66.077 66.097 66.001 66.033 66.068 66.06 66.387 67.066 67.194 66.745
65.428 66.296 67.538 70.572 74.056 70.88 66.879 65.968 66.193 65.843 65.573 65.52 65.29 65.183 65.131 65.425 66.203 66.549 67.433 67.636 67.604 -9999 66.457 65.709 65.928 66.928 -9999 73.066 73.627 75.16 71.843 68.544 66.139 65.535 65.995 68.354 68.608 69.738 68.4 66.31 65.967 66.038 65.943 65.863 65.797 65.845 65.901 65.929 65.889 65.853 65.822 65.893 65.946 65.987 65.995 65.993 65.974 65.937 65.96 65.992 66.018 65.982 65.963 66.033 65.988 65.992 66.013 66.005 66.197 67.112 67.987 67.807
65.95 67.699 69.697 72.059 72.376 68.653 66.496 65.906 65.84 65.537 65.448 65.348 65.226 65.09 65.068 65.116 65.432 65.92 66.856 66.78 67.026 -9999 66.508 65.871 65.956 66.834 70.553 72.949 73.042 72.667 69.608 68.529 66.204 65.308 65.325 66.648 66.218 66.799 67.919 66.831 65.948 65.944 65.905 65.879 65.908 65.892 65.892 65.855 65.858 65.853 65.825 65.865 65.915 65.967 65.968 65.983 66.001 65.932 65.916 65.919 65.941 65.935 65.938 65.95 65.917 65.959 65.993 66.022 66.234 66.726 68.054 68.299
66.902 71.293 71.776 -9999 69.774 66.971 66.041 65.966 -9999 65.599 65.523 65.415 65.259 65.106 65.066 65.046 65.278 65.526 65.962 66.633 67.019 -9999 -9999 66.319 66.461 67.894 71.571 74.541 73.173 69.048 66.286 66.522 65.291 65.023 65.337 65.826 66.13 66.871 68.785 66.586 66.041 65.883 65.846 65.872 65.93 65.943 65.894 65.836 65.846 65.884 65.874 65.877 65.898 65.972 65.939 65.941 65.971 65.963 65.889 65.909 65.875 65.879 65.867 65.927 65.952 65.879 65.932 66.022 66.437 67.459 68.227 68.324
67.227 73.161 72.909 -9999 68.34 66.943 66.494 66.184 66.072 65.885 65.678 65.564 65.314 65.177 65.199 65.238 65.177 65.251 65.456 -9999 -9999 -9999 -9999 65.432 66.122 66.817 70.259 72.96 71.909 68.975 65.83 65.237 64.91 65.097 65.636 66.19 66.37 66.809 66.558 66.053 65.902 65.84 65.829 65.86 65.919 65.959 65.886 65.822 65.841 65.901 65.893 65.869 65.909 65.954 65.934 65.92 65.946 65.919 65.816 65.841 65.861 65.858 65.878 65.97 65.919 65.791 65.895 66.036 66.534 67.105 67.906 66.87
66.973 69.692 70.405 -9999 67.728 66.601 66.235 66.199 66.206 66.057 65.76 65.61 -9999 66.479 67.133 67.219 66.031 65.638 65.45 -9999 -9999 -9999 -9999 65.375 65.279 65.417 67.02 69.264 70.537 69.864 66.135 65.806 65.02 64.958 65.64 66.16 65.828 65.924 65.756 65.631 65.686 65.732 65.795 65.866 65.88 65.876 65.826 65.804 65.827 65.838 65.833 65.791 65.803 65.852 65.884 65.92 65.89 65.825 65.856 65.873 65.916 65.881 65.896 65.904 65.883 65.849 65.879 65.899 66.062 66.447 66.31 66.344
66.123 -9999 -9999 68.441 67.073 65.82 66.032 66.406 66.572 66.065 65.554 65.676 -9999 68.275 70.485 71.232 66.411 65.558 65.347 65.44 -9999 66.176 66.01 65.523 65.146 64.995 64.842 66.204 67.693 68.065 67.597 66.354 64.941 64.943 64.808 64.681 65.31 65.446 65.509 65.5 65.535 65.644 65.735 65.774 65.788 65.733 65.751 65.761 65.787 65.823 65.819 65.759 65.785 65.827 65.82 65.87 65.867 65.858 65.872 65.85 65.873 65.87 65.912 65.886 65.858 65.859 65.865 65.882 65.982 66.004 66.107 66.249
65.528 -9999 -9999 68.968 67.534 66.503 66.432 66.446 66.355 65.964 65.629 65.641 66.597 68.69 69.94 69.624 66.477 65.626 65.416 -9999 66.165 66.366 66.577 65.876 64.897 64.854 64.769 65.438 66.54 67.399 66.597 65.914 65.421 65.296 66.137 65.368 65.066 65.2 65.384 65.355 65.335 65.529 65.601 65.597 65.622 65.628 65.756 65.875 65.819 65.782 65.747 65.686 65.744 65.796 65.776 65.841 65.876 65.881 65.838 65.799 65.798 65.889 65.941 65.877 65.847 65.85 65.82 65.824 65.98 65.963 65.932 66.115
65.651 -9999 69.352 69.927 68.262 67.204 67.317 66.458 65.933 65.718 65.59 65.579 -9999 -9999 -9999 66.948 65.658 65.367 65.551 65.719 66.252 66.441 66.759 65.689 65.129 65.159 65.367 66.442 67.075 66.901 66.036 65.949 69.675 69.5 70.953 67.899 66.166 65.109 65.656 66.121 65.67 65.673 65.101 65.16 65.358 65.506 65.558 65.696 65.671 65.646 65.66 65.701 65.746 65.742 65.763 65.844 65.84 65.851 65.812 65.799 65.838 65.911 65.887 65.849 65.796 65.776 65.756 65.905 66.205 65.946 65.8 65.762
65.757 68.002 70.222 72.873 69.056 65.87 66.66 66.022 65.658 65.439 65.393 65.532 -9999 -9999 -9999 66.053 65.554 65.492 65.651 65.834 66.315 66.403 66.144 65.697 65.511 66.377 68.317 71.087 67.584 65.95 66.029 69.477 71.592 72.005 71.092 69.903 67.164 65.562 67.002 69.016 70.002 65.542 65.065 65.031 65.111 65.314 65.064 65.233 65.303 65.336 65.509 65.681 65.741 65.709 65.756 65.629 65.701 65.7 65.692 65.762 65.807 65.846 65.805 65.782 65.797 65.783 65.704 65.821 66.35 65.811 65.845 65.74
65.596 -9999 69.332 70.829 68.313 66.096 65.479 65.387 65.301 65.139 65.291 65.787 -9999 -9999 66.492 65.529 65.532 65.531 65.578 65.863 66.097 66.062 66.053 65.509 66.027 67.333 69.421 70.183 66.303 64.785 65.668 69.277 72.02 72.503 67.688 68.843 69.673 65.7 67.748 70.103 73.742 68.482 64.832 66.071 66.295 66.359 65.038 64.824 64.863 64.982 65.244 65.28 65.507 65.642 65.596 65.366 65.405 65.454 65.388 65.459 65.627 65.569 65.624 65.696 65.693 65.742 65.693 65.693 65.727 66.037 66.618 66.359
