dsm/se2834_DSM_2M.asc
ncols 500
nrows 500
xllcorner    428000
yllcorner    434000
cellsize     2
NODATA_value -9999
[rows 288 to 319 of 500, columns 216 to 287 of 500]
38.104 38.131 38.449 38.045 38.091 39.43 40.411 46.323 45.443 39.118 39.014 38.929 38.531 38.61 38.642 38.695 38.743 38.767 38.792 38.907 39.505 39.62 46.249 47.602 47.711 47.968 50.947 51.654 51.052 49.805 48.643 46.265 41.069 40.276 40.36 40.488 40.493 40.527 40.55 40.665 40.759 40.92 41.119 41.345 45.966 51.144 50.131 48.806 44.55 42.099 41.699 41.781 42.092 42.725 42.504 42.276 42.331 42.625 47.683 48.71 47.681 44.821 48.9 49.769 50.51 49.208 43.812 43.738 43.734 43.896 47.94 49.705
38.065 38.001 38 37.935 37.986 38.416 38.782 39.595 38.854 38.178 38.811 38.425 38.444 38.508 38.518 38.575 38.594 38.748 38.814 38.94 39.651 46.123 47.634 47.815 46.832 46.783 47.302 49.903 49.746 48.887 47.84 44.648 40.951 40.171 40.291 40.388 40.488 40.529 40.573 40.601 40.716 40.89 41.015 41.17 49.846 52.154 51.823 46.019 41.682 41.6 41.689 42.024 42.834 41.979 42.139 42.891 42.286 42.872 48.988 50.269 48.881 44.809 43.816 49.11 49.974 50.595 49.36 43.816 43.698 43.747 50.53 46.37
38.301 37.833 37.789 37.856 37.811 37.81 38.169 37.857 37.908 38.039 38.177 38.246 38.35 38.366 38.46 38.7 38.543 38.746 38.977 43.924 46.39 47.722 47.866 46.885 46.237 45.912 46.451 47.616 48.742 48.306 45.563 43.486 41.288 40.161 40.256 40.367 40.426 40.513 40.587 40.616 40.693 40.809 40.904 45.679 50.806 51.345 52.031 49.586 47.519 41.751 41.561 41.664 41.718 41.811 42.034 42.76 42.172 43.392 48.985 49.878 49.433 45.596 43.724 47.425 49.629 50.02 49.503 46.914 45.544 43.68 45.004 43.965
42.709 38.237 37.691 37.737 37.646 37.64 37.667 37.719 37.881 38.008 38.172 38.216 38.236 38.233 38.297 38.522 38.763 38.915 41.46 46.137 47.756 47.539 47.007 45.652 41.152 44.97 45.838 46.441 47.129 43.979 43.632 43.29 40.088 40.113 40.231 40.302 40.408 40.453 40.55 40.613 40.625 40.749 40.816 40.971 43.072 43.936 45.173 47.431 48.074 47.242 41.726 41.981 42.024 41.746 41.861 45.573 42.272 42.257 47.074 48.408 48.525 46.212 44.152 43.724 47.817 49.562 50.212 50.602 43.903 43.725 43.901 44.622
45.626 43.998 37.585 37.501 37.441 37.506 37.576 37.68 37.857 37.959 38.021 38.054 38.129 38.412 38.225 38.479 38.816 38.999 45.325 46.765 47.45 47.266 44.144 43.246 39.506 42.062 45.116 45.802 43.799 42.891 43.326 40.289 39.941 40.112 40.252 40.337 40.38 40.38 40.513 40.548 40.574 40.736 40.848 40.909 41.151 41.232 41.51 46.974 47.765 48.323 45.548 42.247 42.475 43.811 41.839 41.951 42.126 42.22 42.932 42.272 42.765 43.742 43.249 43.445 44.788 48.385 49.804 50.124 44.756 43.722 44.625 44.558
46.68 41.366 37.231 37.252 37.316 37.403 37.535 37.647 37.806 37.831 37.919 37.99 38.354 38.141 38.147 38.811 42.531 45.911 46.844 47.475 47.431 46.894 45.561 43.139 42.794 42.318 42.627 43.726 42.695 42.605 39.787 39.789 43.158 39.972 40.131 40.332 40.376 40.373 40.48 40.56 40.625 40.688 40.774 40.884 41.033 41.175 41.348 42.591 46.978 47.739 48.421 44.445 41.761 41.678 41.678 41.954 42.135 42.22 42.244 42.272 42.36 43.644 43.204 43.904 43.738 44.727 48.892 43.664 43.503 43.625 43.799 44.874
40.315 37.412 37.142 37.919 37.276 37.383 37.563 37.568 37.752 37.752 37.85 38.704 38.002 38.766 38.249 42.173 46.044 46.646 47.209 47.509 46.867 46.044 45.154 44.167 42.463 42.126 41.985 41.917 40.869 39.906 39.643 41.967 48.125 45.413 40.043 40.065 40.315 40.382 40.43 40.483 40.542 40.605 40.67 40.793 40.969 41.05 41.28 41.471 45.212 47.194 47.892 48.643 43.367 41.616 43.894 41.925 42.015 42.136 42.168 42.272 42.387 42.49 43.101 43.655 43.463 43.745 43.855 44.022 43.477 43.595 43.737 43.935
36.755 36.848 37.171 37.159 37.25 37.387 37.458 37.524 37.578 37.608 38.57 38.465 37.959 38.578 38.765 45.341 46.677 47.794 47.288 46.718 46.04 45.392 43.609 43.456 42.649 42.031 41.87 41.728 39.744 39.675 46.311 49.869 49.179 47.529 42.634 47.265 48.952 41.801 40.399 40.453 40.553 40.601 40.636 40.718 40.858 40.999 41.141 41.319 41.492 45.818 47.493 48.119 47.87 43.837 41.8 41.841 41.982 42.063 42.114 45.243 42.603 42.893 42.604 42.976 42.913 42.99 43.414 43.385 43.444 43.554 43.716 43.838
37.474 36.937 36.991 37.097 37.14 37.233 37.363 37.45 37.468 37.682 37.642 37.919 38.244 43.188 46.808 47.091 47.482 47.333 46.743 46.007 45.309 42.643 42.274 42.21 42.173 42.105 41.805 39.358 39.357 43.155 48.383 49.24 49.701 49.93 49.998 47.508 42.66 40.253 40.35 40.408 40.473 40.589 40.65 40.667 40.709 40.915 41.063 41.137 41.324 41.574 46.825 47.495 48.136 48.267 42.018 41.88 42.047 42.242 45.917 48.001 47.076 43.383 42.481 42.706 42.743 42.889 43.106 43.278 43.382 43.523 43.663 44.554
36.688 36.865 36.929 37.048 37.13 37.193 37.262 37.332 37.81 37.651 38.349 38.858 44.37 47.117 47.151 47.257 47.414 46.699 46.049 45.305 42.627 42.343 42.201 42.158 42.106 42.009 39.49 39.253 39.74 39.678 46.035 48.67 50.323 50.34 49.447 44.3 41.307 39.996 40.267 40.415 40.416 40.507 40.597 40.639 41.409 40.944 40.996 41.081 41.204 41.346 41.458 45.904 47.663 48.532 43.479 42.027 41.952 45.194 48.114 48.585 49.205 45.336 42.463 42.604 42.777 42.903 43.029 43.166 43.303 43.484 44.622 43.767
36.659 36.982 36.869 36.979 36.999 37.113 37.173 37.223 37.455 37.927 42.04 46.451 46.742 47.057 47.227 47.234 47.645 46.362 45.404 43.57 42.293 42.222 42.129 42.128 41.899 39.9 39.129 39.314 40.127 39.494 39.531 48.364 50.08 49.266 48.491 43.591 39.606 39.828 40.106 40.295 40.431 40.487 40.495 40.63 40.91 41.606 40.959 41.031 41.121 41.198 41.365 42.554 47.114 47.95 48.543 43.906 47.35 48.22 48.75 49.167 46.742 42.548 42.346 42.523 42.682 42.814 42.971 43.074 43.44 44.246 43.916 44.028
36.595 36.641 36.739 36.885 36.895 36.97 37.068 37.316 37.665 40.232 46.767 47.104 47.162 47.395 46.714 46.909 46.737 44.038 42.596 42.273 42.17 42.115 42.101 42.051 39.251 39.007 39.55 39.492 39.279 39.383 39.352 41.535 48.778 48.463 47.713 46.876 40.096 41.237 39.823 40.158 40.38 40.44 40.527 40.557 40.672 40.852 40.817 40.866 41.062 41.148 41.291 41.429 45.791 47.464 44.446 46.794 48.264 48.977 49.003 43.273 42.043 42.153 42.333 42.494 42.645 42.881 43.048 43.072 44.049 43.571 43.762 43.727
36.5 36.56 36.656 36.705 36.829 36.973 37.147 37.379 37.849 45.288 46.188 46.897 47.213 46.64 45.64 44.998 39.014 38.661 42.095 42.161 42.091 42.027 40.337 39.112 38.875 39.212 39.779 39.929 39.237 39.24 39.243 39.356 45.477 47.482 45.505 46.845 46.423 45.37 40.143 39.938 40.294 40.398 40.43 40.545 40.629 40.665 40.734 40.787 40.92 41.069 41.203 41.363 41.551 43.069 41.606 41.93 43.089 43.786 41.807 41.846 42.04 42.157 42.305 42.444 42.8 42.849 43.018 43.143 43.202 43.455 43.656 48.273
36.35 36.45 36.551 36.625 36.738 36.931 39.714 44.422 46.425 46.067 46.609 46.494 47.815 46.773 44.037 44.184 40.703 37.718 39.586 42.085 42.06 41.929 39.018 38.677 39.472 40.02 40.005 39.332 39.142 39.152 39.209 39.253 39.408 39.614 44.818 46.505 47 46.36 45.065 39.884 40.098 40.327 40.444 40.486 40.794 40.643 40.682 40.754 40.88 40.942 41.139 41.259 41.434 41.572 41.561 41.554 41.542 41.551 41.66 41.774 41.97 42.08 42.235 42.449 43.433 43.039 42.928 43 43.122 43.938 44.182 48.617
36.225 36.366 36.495 36.527 36.62 36.676 42.309 46.488 46.46 46.721 46.189 46.074 45.843 39.447 39.129 39.659 37.528 38.665 41.065 42.176 41.926 39.063 38.623 38.891 39.084 40.129 39.321 39.154 39.132 39.149 39.148 39.2 39.391 39.469 44.061 46.02 46.915 46.78 46.015 44.038 39.833 40.199 40.411 40.514 40.521 40.578 40.722 40.7 40.77 42.171 41.082 41.208 41.276 41.362 41.457 41.392 41.368 41.469 41.615 41.776 41.91 42.027 42.215 42.909 42.526 42.763 42.706 42.835 43.676 43.769 43.953 45.06
36.907 36.755 36.566 36.502 36.522 36.608 36.694 43.315 46.585 46.46 46.34 44.914 39.836 37.453 37.49 38.635 38.235 41.211 43.438 42.845 39.273 38.617 38.777 39.174 39.032 39.075 39.074 39.076 39.107 39.145 39.158 39.262 39.334 39.397 40.558 45.16 46.379 47.024 46.702 45.785 41.356 39.995 41.273 40.436 40.521 40.514 40.626 40.693 40.686 40.779 40.853 40.925 41.098 41.142 41.253 41.162 41.298 41.391 41.547 41.699 41.86 42.017 43.105 43.009 42.604 42.568 42.626 42.642 42.966 43.322 43.607 44.225
36.782 36.567 36.575 37.285 36.57 36.565 36.57 36.626 44.647 46.371 44.6 43.757 40.03 37.752 37.448 39.121 38.43 40.465 43.714 43.497 42.297 40.568 40.334 40.206 39.02 39.029 39.015 39.053 39.091 39.11 39.162 39.126 40.137 39.666 39.438 40.428 44.459 46.393 47.044 42.021 40.241 45.594 42.376 41.489 40.507 40.499 40.56 40.66 40.683 40.788 40.768 40.836 40.934 40.974 41.149 46.621 46.731 47.949 42.657 41.673 42.235 42.934 42.18 42.591 42.481 42.612 42.545 42.567 43.006 43.43 43.481 43.72
43.334 38.816 37.199 36.809 36.575 36.524 36.582 36.582 38.082 39.581 39.459 37.713 37.593 38.233 37.84 37.338 38.559 38.312 41.327 43.641 43.303 42.083 41.165 40.841 39.462 38.981 39.003 39.026 39.028 39.065 39.862 39.184 39.584 39.319 39.343 39.491 43.353 45.747 45.143 40.309 39.346 43.144 44.538 42.318 40.568 40.434 40.519 40.584 40.699 40.737 40.784 40.819 40.826 40.906 41.024 48.997 53.338 53.056 52.825 43.388 42.501 42.23 42.099 42.294 42.457 44.001 44.145 42.571 42.568 43.935 43.74 43.975
45.326 45.742 40.006 40.444 36.84 36.987 37.035 36.557 36.591 36.632 36.891 36.96 37.151 37.94 38.282 37.409 39.486 37.374 39.103 42.775 43.826 42.976 41.792 40.661 39.093 38.942 38.939 39.431 39.215 39.814 39.092 39.471 39.317 39.261 39.314 39.419 39.502 45.955 45.403 40.517 40.441 41.557 40.884 40.652 40.203 40.392 40.497 40.515 40.626 40.715 40.779 40.783 40.781 41.091 50.709 53.815 52.834 50.115 50.62 42.564 41.744 41.928 42.097 42.413 47.541 46.196 43.242 42.758 42.5 42.561 43.198 43.826
46.375 46.192 46.149 44.451 39.443 38.074 36.594 36.61 36.569 36.587 36.641 36.7 36.882 37.107 37.161 39.17 38.728 37.047 37.968 41.319 43.567 43.482 41.903 41.307 39.446 38.927 38.928 38.942 39.983 40.164 39.793 40.305 39.341 40.114 39.382 39.362 43.073 45.456 46.058 45.638 41.511 39.368 39.517 39.744 40.017 40.336 40.513 40.582 40.61 40.663 40.703 40.786 40.806 40.782 50.266 53.963 52.891 46.173 41.354 41.596 41.764 42.028 45.776 48.626 48.849 48.083 43.666 42.592 42.537 42.522 43.024 45.162
47.094 46.775 46.299 46.668 45.788 44.033 39.857 37.155 37.695 36.717 36.884 36.659 36.693 36.784 37.564 38.703 37.925 36.866 36.958 38.06 42.556 43.767 43.239 42.24 41.113 39.334 38.899 38.937 38.915 38.91 39.008 40.303 39.611 39.263 39.349 39.465 43.574 45.212 46.116 46.332 45.455 40.487 42.944 42.469 39.924 40.135 40.438 40.561 40.595 40.559 40.69 40.783 40.797 40.824 47.411 51.398 44.841 41.924 41.657 41.611 41.988 45.503 48.413 49.066 49.329 48.577 47.261 42.931 44.739 42.541 42.584 42.896
46.297 46.813 47.245 46.644 46.592 46.865 44.831 42.656 37.672 36.715 37.235 36.701 36.691 36.673 36.708 36.973 36.873 36.875 36.919 36.965 38.057 42.577 43.886 43.064 41.807 39.388 38.95 38.872 38.922 38.872 38.934 39.214 39.234 39.277 39.515 42.563 45.278 46.044 46.124 45.492 44.893 45.713 46.384 45.808 43.528 39.95 40.271 40.537 40.568 40.551 40.637 40.717 40.781 40.817 40.892 41.86 41.932 41.435 41.353 42.421 43.197 42.59 46.758 48.453 49.187 49.148 48.552 47.615 45.8 43.231 42.665 42.648
45.958 46.032 46.663 46.927 47.007 46.192 46.019 44.891 43.491 37.708 36.741 37.775 37.093 36.74 36.715 36.781 36.843 36.848 36.886 36.937 37.016 40.811 43.364 43.876 42.606 41.445 39.657 38.875 38.852 38.926 39.025 39.175 39.29 39.361 47.915 46.111 46.162 46.02 45.364 43.383 39.977 45.218 46.08 46.389 45.44 40.822 40.032 40.315 40.544 40.589 40.567 40.67 40.697 40.82 40.841 40.953 41.04 41.114 41.498 41.508 41.782 42.41 42.624 47.761 48.54 49.317 49 48.317 44.626 42.644 43.796 42.539
45.662 45.917 46.515 46.187 46.579 47.2 46.768 46.067 44.053 44.797 42.081 37.473 37.037 36.678 36.652 36.759 36.809 36.849 36.856 36.882 37.002 39.31 41.948 44.065 42.631 41.767 39.642 38.956 38.849 42.409 39.183 39.324 40.754 47.539 48.641 47.75 45.81 45.04 42.888 39.616 39.338 41.978 45.248 46.228 46.354 44.72 40.835 40.068 41.375 40.556 40.609 40.604 40.695 40.827 40.823 40.885 41.182 41.117 41.723 41.718 41.8 41.799 42.256 43.463 47.855 48.687 49.197 48.838 48.237 46.234 43.431 42.482
36.069 38.931 45.835 45.603 45.915 46.458 47.207 46.95 46.46 45.657 44.747 44.045 37.896 36.579 36.663 36.682 36.735 36.769 36.841 36.915 36.927 37.538 41.393 42.411 43.066 42.612 43.189 41.159 43.767 43.197 45.75 39.509 39.534 47.557 48.666 48.514 47.167 42.458 39.765 39.314 39.497 39.993 42.441 45.616 46.264 45.931 44.343 40.618 41.043 40.45 40.586 40.598 40.647 40.77 40.83 41.622 42 41.057 41.712 41.538 41.822 41.859 42.033 42.326 43.464 48.07 48.698 49.256 48.712 47.923 43.226 44.597
35.813 35.924 35.943 42.59 44.429 45.133 46.006 46.679 47.257 46.76 46.132 42.823 36.608 36.375 36.467 36.508 36.654 36.721 36.82 36.875 36.903 36.942 37.967 41.99 42.872 43.004 42.74 43.774 46.622 47.97 46.066 42.947 39.334 45.009 47.863 48.856 48.654 42.365 39.445 39.749 40.856 39.599 40.439 44.364 45.7 46.584 45.833 40.882 39.971 40.262 40.563 40.491 40.564 40.68 40.779 40.82 41.588 41.089 41.094 41.878 41.47 41.758 43.883 42.632 42.292 46.661 48.274 48.985 49.005 48.531 47.807 45.783
35.779 35.844 35.865 36.198 38.378 44.045 44.888 45.482 46.21 46.774 46.951 37.888 36.29 36.314 36.354 36.441 36.534 36.612 36.735 36.791 36.821 36.851 36.958 40.517 42.239 43.145 42.73 44.054 44.434 43.864 41.068 39.07 39.734 40.115 45.061 49.364 50.268 49.704 42.13 39.499 39.919 39.491 39.49 41.883 44.885 45.976 46.28 45.779 40.894 40.515 40.41 40.35 40.486 40.641 40.72 40.772 40.862 40.929 41.233 41.271 41.471 41.64 43.568 42.548 42.115 42.656 46.856 48.603 49.168 49.058 48.474 46.864
34.999 35.673 35.89 36.048 37.269 37.602 42.385 44.509 45.167 45.743 39.703 36.421 37.801 36.359 36.237 36.384 36.481 36.569 36.609 36.682 36.775 36.868 36.943 37.081 41.526 42.192 43.25 42.896 44.355 42.935 39.24 38.838 40.021 40.065 46.851 50.29 49.466 48.903 47.232 41.136 39.434 39.592 41.54 43.828 45.724 46.357 46.104 45.562 41.998 40.353 40.197 40.289 40.406 40.505 40.645 40.743 40.803 40.869 41.63 41.159 41.207 41.735 47.59 44.157 42.009 42.27 42.654 47.955 48.696 49.098 48.888 48.145
34.91 34.944 36.137 35.742 36.235 35.967 36.624 37.924 42.455 44.904 38.655 36.045 36.233 36.238 36.191 36.285 36.371 36.422 36.447 36.643 36.714 36.865 36.967 37.013 37.526 41.055 37.095 36.057 38.234 43.611 43.419 39.092 39.263 39.917 46.68 49.146 48.579 48.163 43.262 43.184 42.677 42.421 44.984 45.918 46.298 46.108 45.357 42.382 41.653 40.037 40.143 40.248 40.386 40.456 40.57 40.719 40.793 40.863 41.064 40.952 41.11 44.786 50.057 52.473 50.785 43.613 42.304 45.285 48.111 48.758 49.249 48.847
34.925 35.002 35.393 35.027 35.748 35.936 36.168 35.906 35.997 36.845 35.988 35.97 35.973 35.999 36.112 36.223 36.322 36.83 36.45 36.546 36.692 36.813 36.959 37.026 38.573 37.186 36.876 36.035 40.168 43.664 42.577 39.224 38.731 38.998 41.14 48.374 47.621 40.218 42.509 45.732 45.707 45.494 46.067 46.4 45.987 42.24 40.709 40.2 39.892 39.94 40.103 40.2 40.269 40.4 40.522 40.607 40.743 40.826 40.893 40.967 41.032 43.821 49.902 50.632 51.096 48.806 42.931 43.364 46.647 48.199 49.102 49.171
34.951 34.956 34.985 35.021 35.01 35.177 35.519 35.53 36.104 36.625 36.122 35.871 35.877 35.927 36.018 36.095 37.931 40.44 40.007 37.697 36.615 36.881 40.727 38.759 37.883 36.613 36.045 36.173 43.269 45.143 44.179 39.099 38.711 38.829 39.028 41.434 40.093 43.689 45.781 46.283 46.152 45.303 46.348 45.655 42.036 39.561 39.806 39.689 39.699 39.846 40.008 40.212 40.15 40.35 41.154 42.459 40.716 40.783 40.875 40.937 40.993 41.192 48.928 48.371 49.157 42.9 42.284 42.238 42.99 46.501 48.408 49.095
34.918 35.027 34.975 35.054 35.075 35.133 36.62 35.736 36.016 36.178 36.056 35.819 35.778 35.822 35.908 37.866 39.58 41.186 43.721 41.639 36.904 40.747 42.832 37.774 37.021 36.071 36.005 40.376 44.888 46.034 44.886 38.863 38.675 38.679 38.871 39.022 39.849 40.109 44.301 45.919 45.106 41.544 43.951 42.154 40.375 39.498 39.485 39.513 39.659 39.809 39.879 40.009 40.116 43.661 45.363 45.305 42.584 40.79 40.842 40.904 40.952 41.964 41.174 42.726 43.245 41.996 41.692 42.122 43.84 42.495 46.792 48.694
