dsm/se2833_DSM_2M.asc
ncols 500
nrows 500
xllcorner    428000
yllcorner    433000
cellsize     2
NODATA_value -9999
[rows 32 to 63 of 500, columns 0 to 71 of 500]
55.867 54.828 55.564 55.401 55.613 55.78 55.963 56.015 55.942 55.755 54.736 55.498 55.455 55.652 55.785 55.925 56.011 55.881 54.893 55.528 55.296 55.546 55.69 56.088 55.993 55.982 54.115 55.654 55.54 55.402 55.593 55.694 55.91 56.008 55.929 53.84 53.459 53.449 53.498 53.528 51.297 45.804 45.674 47.375 52.318 51.817 49.567 45.62 50.489 53.946 49.947 45.469 45.489 45.486 46.081 46.489 48.352 47.17 46.854 45.313 45.276 46.886 46.043 45.273 44.397 45.861 43.379 41.223 40.602 40.274 37.866 37.149
55.404 55.652 55.367 55.54 53.085 55.803 55.948 55.997 55.82 55.721 55.545 55.325 55.552 53.133 55.863 56.037 55.931 55.677 54.675 55.367 55.394 55.747 55.853 55.961 56.016 55.924 55.787 55.362 55.361 55.494 55.62 54.057 55.965 56.01 55.922 55.756 55.162 53.855 53.477 53.506 53.56 53.549 51.564 53.663 53.313 52.819 49.936 47.491 47.703 56.5 47.074 45.737 45.49 45.448 45.492 45.495 47.448 48.081 47.587 48.346 46.336 44.747 44.441 45.02 44.837 45.71 46.476 44.456 43.811 41.165 38.588 38.374
55.671 55.48 55.486 55.655 55.804 55.937 56.05 55.902 53.987 55.57 55.369 55.512 55.758 55.912 55.955 56.002 55.855 55.712 55.033 55.42 55.571 55.696 55.984 56.021 55.985 55.907 55.148 55.538 55.482 55.627 55.818 55.927 56.023 55.941 55.692 55.584 55.501 55.511 55.041 53.59 53.495 53.493 53.558 53.577 53.533 51.482 49.66 49.378 49.76 52.629 47.161 46.754 45.88 45.457 45.472 45.482 45.512 45.52 46.201 48.884 48.962 47.877 46.697 45.255 46.803 47.967 49.24 46.856 44.203 42.123 40.512 41.641
55.59 55.37 55.584 55.796 55.972 55.992 55.925 55.909 55.725 55.541 55.421 55.659 55.809 55.951 55.988 55.877 55.768 55.661 55.501 55.525 55.735 55.89 55.965 55.981 55.957 55.657 55.567 55.43 55.567 55.623 55.938 56.01 55.936 55.875 55.496 55.523 55.454 55.527 52.197 55.737 54.792 53.491 53.501 53.508 53.63 51.774 50.887 49.869 49.592 49.827 46.904 45.859 46.564 46.619 45.465 45.447 45.488 45.516 45.543 46.285 49.343 51.611 49.948 47.321 45.968 46.548 48.02 44.986 44.631 44.265 43.599 42.674
55.379 55.498 55.666 55.819 55.955 56.002 56.065 55.749 55.586 55.429 55.579 55.749 55.891 55.999 55.983 55.97 55.16 55.508 55.39 55.624 54.888 55.895 56.039 55.923 55.699 54.796 55.469 55.544 54.599 55.388 56.013 56.014 56.04 53.201 55.466 55.388 55.565 55.687 55.912 55.991 55.955 55.094 53.573 53.465 53.524 53.553 53.028 51.355 50.178 49.647 49.288 48.506 46.731 46.892 46.497 45.435 45.442 45.453 45.492 45.548 45.582 48.831 48.473 47.937 47.415 46.945 45.462 45.454 44.921 44.823 44.305 43.156
49.954 51.835 55.604 55.898 56.02 55.913 55.282 55.663 55.32 55.481 53.821 55.799 55.966 56.004 56.021 55.733 55.575 55.392 55.58 55.712 54.692 56.001 55.881 54.257 55.696 55.517 55.419 55.646 55.673 55.968 56.053 55.928 55.812 55.615 55.325 55.476 55.439 55.131 55.976 55.968 55.859 55.707 55.339 53.922 53.57 53.508 53.531 53.593 50.834 49.636 49.133 45.957 46.749 47.4 45.696 45.435 45.414 45.449 45.5 45.511 45.544 45.504 45.923 47.7 48.857 48.201 46.215 45.939 46.043 45.657 44.877 43.912
49.419 49.849 50.355 55.021 55.965 55.837 55.672 55.573 55.45 55.624 55.706 55.929 56.039 55.953 55.812 55.686 55.497 55.565 55.72 55.867 55.963 55.996 55.984 55.725 55.558 55.346 55.578 55.605 55.425 55.993 55.987 55.855 55.785 55.53 55.411 55.487 54.952 55.881 55.999 55.933 55.629 55.618 55.405 55.426 55.16 53.932 53.529 51.222 49.874 49.288 47.206 46.49 46.812 46.344 45.5 45.503 45.442 45.438 45.468 45.509 45.56 45.554 45.571 45.523 48.786 48.841 49.668 49.467 46.837 46.267 45.876 45.19
48.849 49.341 49.532 50.092 52.041 55.662 55.584 55.418 55.583 55.597 55.517 56.056 55.971 54.224 54.815 55.57 55.473 55.618 55.762 55.954 56.055 55.941 55.833 55.308 55.364 55.503 55.567 55.563 55.943 56.042 55.973 55.857 55.577 55.298 55.566 55.721 55.917 55.995 55.947 55.797 54.281 55.532 55.455 55.579 55.809 55.489 54.144 50.221 49.512 48.787 46.404 46.654 46.596 46.765 45.818 45.541 45.513 45.496 45.469 45.466 45.499 45.517 45.551 45.529 45.545 46.232 46.942 49.66 48.875 48.273 48.458 46.35
46.156 48.125 48.948 49.473 49.694 50.196 54.452 55.405 55.633 55.759 55.921 56.026 55.917 55.728 55.603 55.477 55.55 53.074 55.934 56.004 55.979 55.856 55.704 55.505 55.29 55.672 55.762 55.909 56.015 55.939 55.782 55.663 55.508 55.467 55.483 54.928 55.941 55.944 55.897 55.805 55.625 55.305 55.541 55.674 55.771 55.854 50.864 49.858 48.774 46.51 45.769 46.476 46.649 46.747 45.879 45.657 45.559 45.542 45.516 45.517 45.486 45.479 45.488 45.508 45.536 45.516 45.533 45.573 46.37 50.216 49.558 47.106
45.603 45.669 46.508 48.538 49.178 49.624 49.876 51.215 55.639 55.873 56.032 55.938 54.162 55.631 55.414 55.51 55.765 55.852 55.938 56.018 55.922 55.859 55.617 55.494 55.545 55.712 55.856 55.987 55.989 55.912 55.693 55.542 55.473 55.572 55.805 55.866 55.996 55.963 55.841 55.616 55.513 55.499 55.628 55.784 55.951 53.01 50.346 50.318 50.234 48.924 45.722 45.719 46.564 45.962 45.572 45.609 45.685 45.584 45.58 45.51 45.489 45.483 45.468 45.508 45.504 45.499 45.548 45.534 45.614 49.443 48.554 47.904
46.346 45.617 45.598 45.668 47.8 48.965 49.315 49.745 49.994 54.933 55.939 55.867 55.678 55.558 55.402 55.597 55.67 55.918 56.022 55.951 55.822 55.681 55.493 55.562 55.717 56.041 55.953 55.974 55.926 55.355 55.601 55.346 55.507 55.562 55.218 55.973 55.943 55.965 55.776 55.563 55.403 55.589 55.881 55.892 55.933 50.653 50.463 50.408 50.244 50.24 49.674 47.893 45.635 45.589 45.565 45.598 45.604 45.631 45.666 45.558 45.539 45.549 46.141 46.325 45.659 45.453 45.486 45.516 45.542 45.538 46.061 49.569
49.201 46.052 51.992 48.051 46.869 46.507 48.714 49.04 49.589 49.836 51.215 55.617 55.628 55.323 55.541 55.64 55.323 55.98 55.986 55.948 54.841 55.552 55.454 55.591 55.515 55.898 56.012 55.943 55.73 53.935 55.475 55.438 55.638 55.959 55.954 56.025 55.889 55.945 55.62 55.375 55.521 55.769 55.819 55.857 52.378 50.815 48.113 50.573 50.438 50.352 50.23 49.492 47.294 45.595 45.614 45.564 45.584 45.585 45.622 45.631 45.619 46.533 46.595 46.343 45.547 45.426 45.45 45.488 45.505 45.527 45.533 46.753
51.675 53.594 56.313 50.533 47.327 45.596 45.612 47.323 48.87 49.246 49.702 53.162 54.12 55.484 55.641 55.8 55.937 56.04 55.878 55.198 55.598 55.501 55.534 55.73 54.642 55.985 56.004 55.883 55.768 55.544 55.459 55.625 55.222 55.837 55.998 55.931 55.819 55.631 55.48 55.412 55.653 55.828 55.989 53.372 50.994 50.909 49.883 50.661 50.73 50.518 50.363 50.321 50.21 48.895 46.111 46.576 45.63 45.563 45.552 45.583 45.59 45.842 45.677 45.565 45.513 45.482 45.451 45.478 45.533 45.493 45.517 45.534
53.079 52.677 54.44 53.117 50.746 45.648 45.595 45.592 46.208 48.531 50.923 52.458 53.304 48.305 52.611 55.837 56.009 55.955 55.796 55.691 55.499 55.435 55.695 55.96 55.926 56.014 55.927 55.77 55.599 55.476 55.534 55.662 55.396 55.971 55.968 55.822 52.512 55.325 55.368 55.563 55.879 55.862 55.907 51.322 51.184 51.135 51.023 50.877 49.382 50.631 50.774 50.472 50.354 50.25 50.108 49.745 46.562 45.561 45.577 45.548 45.552 45.609 45.623 45.626 45.57 45.529 45.506 45.522 45.505 45.482 45.506 45.496
52.756 53.358 52.658 51.817 52.021 46.678 45.597 45.562 45.584 45.584 49.842 51.445 46.382 45.538 45.563 48.095 55.695 55.836 55.716 55.576 55.363 55.607 55.752 55.906 55.988 55.921 55.852 54.885 55.415 55.429 55.514 52.307 55.86 56.006 56.032 54.499 55.571 55.334 55.49 55.689 55.819 55.987 55.267 51.461 51.386 51.397 51.121 48.24 50.849 50.736 50.716 50.776 50.572 50.439 50.316 50.203 50.265 46.804 45.674 45.537 45.556 45.583 45.588 45.583 45.625 46.284 45.6 45.518 45.497 45.489 45.509 45.486
53.014 52.353 48.905 50.674 52.54 46.654 45.706 46.374 45.514 45.534 45.899 46.609 45.545 45.501 45.506 45.556 48.964 53.822 55.451 55.449 55.484 55.623 55.85 55.94 56.025 55.882 55.879 55.572 55.358 55.568 55.74 55.897 55.966 55.932 55.815 55.71 55.542 55.411 55.597 55.844 55.904 55.825 52.209 51.571 51.56 51.358 51.287 50.672 51.109 51.027 50.84 50.683 48.117 48.089 50.382 50.41 50.28 50.22 49.902 47.201 45.629 45.559 45.558 45.56 46.732 47.391 46.955 46.315 45.574 45.537 45.539 45.493
49.117 52.771 46.307 47.331 46.34 45.725 45.828 45.476 45.488 45.469 45.486 45.51 45.488 45.486 45.468 45.518 45.516 45.554 47.546 54.455 55.634 55.778 55.915 56.03 55.935 55.793 55.613 55.479 55.502 55.673 55.956 56.002 56.01 55.866 55.832 55.581 55.466 55.539 55.437 55.85 55.996 53.843 51.813 51.75 51.708 51.567 51.481 51.31 50.446 51.15 51.119 50.869 50.797 50.707 50.698 50.591 50.445 50.356 50.259 50.153 47.058 46.294 45.598 46.995 47.076 46.912 47.359 46.634 45.938 45.61 45.52 45.956
48.329 45.957 45.552 45.638 45.624 48.261 45.587 45.485 45.433 45.405 45.416 45.521 45.522 45.482 45.433 45.438 45.507 45.508 49.654 50.695 54.675 55.784 56.012 55.97 55.83 55.739 55.559 55.345 55.648 55.996 55.897 55.991 55.895 55.973 55.566 55.471 55.457 55.641 54.981 55.982 56.02 52.046 51.953 51.875 51.785 51.855 51.602 51.47 51.395 51.304 50.212 51.13 51.008 50.83 49.885 50.708 49.937 50.561 50.389 50.307 50.19 49.737 47.399 45.616 45.961 46.667 46.967 46.802 46.768 46.632 46.741 46.845
46.441 45.612 45.648 46.531 45.761 46.307 45.472 46.288 45.431 45.386 45.429 45.475 45.564 45.622 45.507 45.508 45.557 46.041 50.472 50.563 50.571 51.734 54.944 55.911 55.737 55.543 55.441 55.543 55.832 55.794 55.958 55.983 55.849 55.628 55.037 55.466 55.618 55.89 55.938 55.981 51.891 51.887 51.93 52.018 51.901 51.882 51.676 50.584 51.471 51.466 51.38 51.27 51.182 50.952 50.897 50.832 50.261 50.675 50.621 50.467 50.393 50.298 50.316 47.418 48.356 45.735 46.679 46.869 47.111 46.087 45.835 46.008
47.427 47.793 45.664 49.411 47.418 47.231 45.49 45.437 45.411 45.446 45.435 45.444 45.778 45.823 45.71 45.577 45.666 50.047 50.553 50.465 50.494 50.57 51.143 52.147 55.508 55.474 55.481 55.623 53.113 55.334 55.99 55.912 55.754 55.572 55.424 55.491 55.551 54.896 55.976 53.025 51.666 51.757 51.818 51.929 51.961 51.999 51.849 51.753 51.472 50.45 51.57 51.419 51.306 50.685 51.025 50.859 50.88 50.787 50.675 50.664 50.527 50.415 50.295 50.224 49.708 47.046 45.708 45.809 46.172 45.565 45.584 45.595
45.576 45.931 48.534 49.557 50.258 49.021 45.484 45.415 45.433 46.635 45.769 45.686 45.896 45.988 45.942 45.842 45.698 50.44 50.588 50.563 50.535 50.5 50.523 50.567 50.58 54.478 55.603 55.731 55.859 56.031 55.933 55.829 55.61 55.484 55.414 55.634 55.178 55.936 53.566 51.365 51.52 51.61 51.711 51.677 51.848 51.966 51.997 51.906 51.194 51.739 51.585 51.57 51.437 51.221 49.728 50.622 51.086 50.911 50.811 50.807 48.068 49.66 50.478 50.402 50.263 50.204 49.262 45.743 45.563 45.528 45.554 45.582
45.509 45.522 45.606 46.822 49.244 45.506 45.449 45.382 45.424 45.48 45.913 45.829 45.988 46.049 46.06 45.971 45.883 46.722 50.491 51.255 50.605 50.559 50.537 50.482 50.556 50.576 54.069 55.762 55.986 55.988 55.848 55.236 55.524 55.43 55.555 55.601 55.035 55.891 51.811 51.26 51.366 51.412 51.544 50.893 51.704 51.68 51.88 51.972 51.936 51.85 51.198 50.681 51.598 51.504 51.417 48.334 50.227 50.923 50.045 50.87 50.79 50.601 49.887 50.539 50.43 50.324 50.248 50.2 47.793 45.68 45.554 45.581
45.487 45.554 45.779 47.024 46.266 45.479 45.442 45.384 45.433 45.513 45.758 45.936 46.024 46.102 46.175 46.139 46.026 45.924 45.964 50.423 50.704 50.808 50.643 50.524 50.532 50.527 50.766 51.015 55.019 55.906 55.723 55.584 55.414 55.538 55.734 55.719 55.966 51.977 50.957 51.077 51.302 51.284 51.35 51.518 51.378 50.648 51.738 51.817 51.924 51.97 51.901 51.827 51.634 50.616 51.551 48.53 51.423 51.199 51.137 51.107 50.953 50.839 50.263 50.6 49.247 50.493 50.399 50.292 50.218 49.396 48.202 45.737
45.478 45.628 45.786 47.075 45.452 45.451 45.402 45.4 45.472 45.653 45.893 46 46.082 46.131 46.214 46.23 46.211 46.139 46.041 45.947 46.805 50.408 51.015 50.581 50.535 50.542 50.501 50.532 47.909 47.776 54.645 55.529 55.486 55.62 55.668 55.411 55.856 50.846 50.858 50.922 51.066 51.079 50.264 51.324 50.824 51.433 50.561 51.711 51.732 51.846 51.962 51.978 51.858 51.805 48.635 51.562 51.591 51.409 51.301 51.251 51.11 51.012 50.893 49.926 50.707 50.77 50.599 50.493 50.43 50.271 49.518 49.077
45.462 45.504 45.488 45.865 45.441 45.422 45.444 45.446 45.556 45.794 46.005 46.082 46.132 46.135 46.211 46.237 46.229 46.229 46.193 46.121 45.978 45.765 46.895 50.587 50.559 50.538 50.523 50.439 46.121 45.566 46.308 53.93 55.501 55.705 55.872 55.953 50.57 50.58 50.722 50.817 50.888 50.975 51.1 51.125 51.257 51.344 51.445 51.557 51.046 51.771 51.786 51.903 51.949 51.933 51.871 51.754 51.236 51.558 51.48 51.366 51.219 51.206 51.127 50.995 50.902 50.774 50.703 49.819 50.479 50.383 50.344 50.216
45.441 45.471 45.455 45.433 45.414 45.397 46.723 45.748 45.718 45.906 46.071 46.136 46.144 46.19 46.188 46.246 46.255 46.252 46.253 46.215 46.137 46.031 45.879 45.672 47.118 50.519 50.568 46.966 45.6 45.569 45.755 52.838 52.866 53.743 55.985 51.878 50.373 50.487 50.647 50.671 50.726 50.842 50.938 50.515 51.244 51.228 51.307 51.366 51.489 48.309 51.563 51.767 51.82 51.915 51.952 51.92 51.801 51.893 51.595 51.515 51.431 51.258 51.232 51.102 51.016 50.941 50.864 50.628 49.815 50.563 50.5 50.406
45.433 45.427 45.433 45.422 45.415 45.407 45.6 45.869 45.804 45.966 46.097 46.144 46.178 46.159 46.176 46.237 46.282 46.244 46.246 46.23 46.22 46.186 46.115 45.981 45.865 48.211 49.645 45.742 45.691 45.648 50.334 52.071 46.574 46.056 48.602 49.855 50.235 50.307 50.422 50.499 50.611 50.715 50.727 50.838 50.954 50.976 47.471 51.176 51.317 51.737 51.328 51.003 51.048 51.775 51.867 51.96 51.937 51.87 51.757 48.954 51.516 51.504 51.409 50.346 50.612 51.216 51.01 50.887 50.809 50.594 49.807 50.529
45.423 45.439 45.418 45.392 45.388 45.478 45.559 45.758 45.938 46.056 46.102 46.157 46.16 46.184 46.208 46.234 46.257 46.254 46.254 46.241 46.205 46.242 46.185 46.137 46.019 45.949 45.847 45.787 45.755 45.659 50.173 47.816 45.76 45.771 45.676 45.63 49.569 50.314 50.261 50.401 50.443 47.293 50.072 50.599 50.806 50.863 51.007 51.176 51.155 51.299 51.359 51.492 50 51.658 51.58 51.834 51.945 51.977 51.91 51.834 51.752 51.616 51.611 51.383 51.211 49.431 51.087 51.101 50.95 50.86 50.666 46.436
45.44 45.465 45.427 45.431 45.759 45.811 45.699 45.845 45.97 46.085 46.131 46.181 46.182 46.216 46.2 46.23 46.253 46.266 46.27 46.256 46.243 46.249 46.235 46.226 46.134 46.061 46.028 45.952 45.867 45.775 45.785 45.761 45.829 45.827 45.765 45.694 45.634 47.354 50.358 50.178 50.296 50.407 50.353 49.133 50.751 50.793 50.836 50.927 50.531 50.099 51.224 51.322 51.39 51.489 51.001 51.738 51.834 51.844 51.973 51.959 51.86 51.785 50.679 51.604 51.415 51.354 48.407 51.16 48.363 50.945 50.903 50.813
45.433 45.396 45.392 45.413 45.47 45.819 45.768 45.934 46.04 46.123 46.152 46.2 46.21 46.212 46.233 46.227 46.25 46.286 46.283 46.282 46.26 46.255 46.232 46.24 46.211 46.236 46.147 46.125 46.089 46.008 45.989 45.959 45.969 45.953 45.875 45.685 45.522 45.545 45.64 49.545 50.101 50.228 50.315 49.932 50.469 50.603 50.695 50.791 50.876 50.43 50.998 49.266 51.26 51.378 51.493 50.476 51.633 51.775 51.804 51.891 51.993 51.93 51.821 51.675 46.983 51.492 51.247 51.345 51.284 51.176 48.445 50.877
45.443 45.388 45.412 45.467 45.482 45.736 45.891 46.011 46.091 46.106 46.15 46.187 46.212 46.253 46.25 46.277 46.249 46.307 46.342 46.33 46.302 46.292 46.264 46.258 46.286 46.264 46.25 46.205 46.203 46.189 46.135 46.129 46.106 46.065 45.988 45.827 45.664 45.534 45.522 45.562 47.028 49.153 50.088 50.27 50.383 50.449 50.622 50.639 50.742 50.832 50.914 51.03 48.494 51.151 51.234 51.731 51.611 51.608 51.692 51.779 51.827 51.903 51.957 51.925 51.751 50.683 51.047 51.378 51.416 51.297 51.28 48.39
45.703 45.414 45.426 45.455 45.634 45.813 45.953 46.055 46.122 46.13 46.167 46.177 46.203 46.206 46.211 46.228 46.219 46.255 46.298 46.32 46.317 46.288 46.276 46.287 46.291 46.262 46.246 46.259 46.265 46.251 46.205 46.204 46.163 46.132 46.059 45.977 45.811 45.685 45.593 45.591 45.542 45.568 46.432 49.603 50.152 50.29 50.425 47.455 50.533 50.7 50.755 50.859 50.962 51.075 50.754 51.208 51.255 51.413 50.496 51.604 51.813 51.799 51.89 51.961 51.939 51.859 51.606 51.161 51.389 50.346 51.376 51.229
