dsm/se2834_DSM_2M.asc
ncols 500
nrows 500
xllcorner    428000
yllcorner    434000
cellsize     2
NODATA_value -9999
[rows 160 to 191 of 500, columns 288 to 359 of 500]
57.178 57.1 57.239 59.859 61.957 64.123 63.623 57.125 56.429 56.296 56.203 56.079 56.045 55.967 55.936 55.76 55.642 55.456 55.135 55.827 59.688 60.623 59.906 56.225 55.586 55.751 55.875 55.974 56.078 56.162 56.807 56.729 63.654 61.263 68.044 60.787 60.529 62.239 63.067 63.241 62.643 58.05 60.051 68.097 71.179 68.183 69.616 70.143 68.825 68.778 68.616 61.518 60.423 59.661 60.001 60.263 60.399 60.4 60.223 60.261 60.487 60.876 61.2 61.393 63.976 65.07 67.595 68.218 67.895 67.253 62.35 62.755
57.049 57.022 56.883 59.744 63.46 63.824 59.261 56.325 56.23 56.182 55.961 55.775 55.628 55.639 55.424 55.198 55.049 55.016 54.888 55.498 57.11 59.306 59.631 55.692 55.558 55.585 55.663 55.744 55.842 56.055 56.208 56.033 58.245 62.54 63.789 56.551 57.348 61.767 62.931 63.383 62.623 60.826 57.65 65.378 66.244 70.89 71.299 69.167 69.59 71.207 70.936 69.152 60.294 60.044 60.8 60.362 61.332 62.201 60.263 60.233 60.461 60.869 61.171 61.463 62.222 64.622 67.201 68.081 68.094 67.223 65.166 63.48
59.552 57.478 56.792 56.654 56.77 58.014 56.973 56.17 55.992 55.902 55.738 55.711 55.367 55.295 55.084 55.039 54.988 54.932 55.02 54.95 55.07 55.449 55.974 55.292 55.312 55.413 55.485 55.539 55.619 55.802 55.995 55.947 55.921 56.1 56.42 56.827 59.263 61.42 62.807 63.296 62.721 61.177 57.161 60.299 60.046 60.877 66.262 67.201 68.05 70.898 71.283 68.338 62.711 65.956 66.989 65.926 64.089 61.289 60.228 60.26 60.377 60.879 61.137 61.328 61.764 66.018 66.299 67.983 68.249 67.315 65.701 62.037
59.844 57.349 56.42 57.691 58.772 56.303 56.204 56.139 55.968 55.834 55.708 55.513 55.439 55.33 56.048 55.165 55.075 55.063 55.034 54.917 55.006 55.02 55.075 55.154 55.151 55.234 55.211 55.377 55.446 55.622 56.167 55.886 55.945 56.033 56.402 56.582 59.27 61.265 62.645 63.378 63.045 62.085 57.564 57.921 57.99 62.408 67.619 68.99 68.985 69.833 69.452 66.666 66.287 67.017 67.098 66.393 65.281 61.432 60.23 60.254 60.482 60.831 61.108 61.348 63.176 64.705 66.517 67.866 68.27 67.739 66.698 62.095
63.228 62.478 57.962 63.289 65.468 64.995 59.448 56.059 56.035 55.867 55.802 55.667 55.532 55.348 55.212 55.063 55.079 54.976 54.94 54.793 54.892 54.854 54.853 54.843 54.893 54.99 55.788 59.747 57.785 60.65 61.367 61.104 55.984 56.071 56.247 56.567 58.318 59.88 62.281 63.335 63.015 62.36 59.227 58.612 63.66 67.076 69.342 69.634 67.409 62.811 60.854 60.334 65.823 66.694 67.062 66.521 65.481 62.903 60.508 60.244 60.455 60.661 60.975 61.302 61.652 64.175 63.874 67.326 68.304 67.823 66.834 62.08
64.95 64.786 64.855 64.848 65.876 64.46 56.572 56.027 55.917 55.866 55.749 55.591 55.393 55.227 55.128 55.048 55.002 54.884 54.791 54.751 54.842 55 54.92 58.911 59.016 60.261 61.391 61.572 61.78 61.889 62.011 61.592 56.288 56.135 56.286 56.469 58.392 60.214 62.18 62.998 63.218 62.503 59.731 56.956 58.492 61.356 68.63 70.037 69.281 61.187 59.777 61.201 64.661 66.726 67.146 66.679 65.976 62.889 60.616 60.163 60.272 60.494 60.849 61.163 61.42 61.88 65.754 67.298 68.269 67.99 67.132 64.246
65.75 65.526 65.215 65.311 65.422 62.614 56.213 56.035 55.755 55.673 55.52 55.357 55.194 55.087 54.97 54.908 54.84 54.789 54.718 55.285 59.553 60.19 60.536 60.462 60.739 60.833 61.674 61.882 61.429 61.194 61.174 60.169 55.864 56.045 56.347 56.44 57.101 58.485 60.972 62.785 63.413 62.644 61.314 58.357 59.887 66.938 68.959 70.603 70.323 61.588 59.672 59.943 63.188 66.465 67.137 66.773 66.04 63.31 61.016 60.18 60.266 60.389 60.741 61.146 61.665 63.934 65.215 67.013 67.928 68.023 67.217 64.675
65.126 65.376 65.859 65.808 65.482 64.901 56.47 55.875 55.635 55.448 55.2 55.071 54.955 54.861 54.824 54.733 54.66 54.642 54.599 54.559 57.656 60.691 60.519 60.352 59.739 60.239 57.669 57.056 56.428 58.277 56.399 56.008 55.784 55.943 56.321 56.463 57.847 58.313 61.743 62.543 63.407 62.932 62.076 57.426 60.219 67.091 69.303 70.247 70.066 61.437 59.547 59.909 62.213 66.268 67.048 67.128 66.261 64.07 62.597 60.189 61.296 60.568 62.326 61.124 61.377 63.526 64.712 66.967 67.659 68.123 67.443 66.48
63.878 64.791 65.075 65.467 65.71 58.098 55.825 55.666 55.484 55.226 55.04 54.807 54.731 54.653 54.619 54.548 54.53 54.509 54.473 54.459 55.118 56.255 57.315 55.231 54.986 55.52 54.934 55.047 55.453 55.66 55.609 55.531 55.637 55.9 56.182 56.418 57.747 58.963 61.039 62.467 63.401 63.046 62.268 58.779 57.788 63.457 65.414 68.513 66.702 59.795 59.484 59.821 61.357 65.856 66.866 67.108 66.379 65.233 60.373 61.884 68.995 69.991 64.915 61.004 61.138 65.249 64.621 65.79 67.553 68.224 67.694 67.003
63.985 64.702 64.265 64.259 64.654 57.321 55.594 55.423 55.227 55.058 54.794 54.593 54.561 54.464 54.464 54.451 54.435 54.43 54.403 54.398 54.539 54.662 54.7 54.843 54.931 55.13 55.146 55.426 56.097 56.681 55.467 55.396 55.536 55.824 56.129 56.366 56.485 56.595 59.903 62.175 63.179 63.252 62.414 59.283 57.139 60.497 63.208 64.439 60.598 59.073 59.7 59.83 60.412 64.971 66.69 67.187 66.484 65.884 63.35 64.061 69.39 69.851 67.692 63.227 62.889 62.148 64.362 65.369 67.553 68.142 67.858 67.167
64.391 64.68 63.752 62.901 55.902 55.249 55.278 55.282 55.002 54.841 54.606 54.512 54.413 54.362 54.37 54.385 54.349 54.353 54.302 54.292 54.496 55.492 56.917 56.285 58.628 58.981 60.725 61.972 61.338 56.511 55.9 55.3 55.484 55.852 56.105 56.404 56.506 58.487 59.668 62.023 62.926 63.344 62.712 61.694 57.392 59.052 63.831 59.439 64.25 59.003 59.737 59.954 60.137 64.604 66.683 67.33 66.733 65.857 61.556 63.043 68.205 69.966 70.096 63.728 66.476 63.831 67.016 65.254 67.346 67.96 67.865 67.392
64.853 64.378 63.393 62.196 54.906 55.047 55.013 54.984 54.817 54.653 54.471 54.341 54.297 54.251 54.255 54.265 54.295 54.266 54.261 54.243 58.3 60.221 61.198 58.613 59.721 61.269 62.059 62.21 61.346 60.53 58.184 56.088 55.415 55.748 56.085 56.369 56.48 57.169 56.697 61.105 62.779 63.399 62.874 62.005 57.351 58.666 63.341 65.924 66.078 60.104 58.992 59.659 59.908 64.286 66.284 67.227 67.069 66.209 64.791 63.791 62.295 69.651 64.512 60.645 64.947 68.389 61.984 63.997 64.97 63.377 67.226 67.458
64.823 63.876 63.033 56.94 54.465 54.661 54.763 54.69 54.641 54.494 54.423 54.238 54.21 54.175 54.163 54.203 54.23 54.193 54.132 54 57.364 61.159 61.351 60.273 59.087 60.98 61.992 62.403 61.705 60.699 55.861 55.554 55.394 55.68 55.991 56.241 56.498 56.85 59.261 61.168 62.667 63.311 63.011 62.242 59.28 58.59 62.645 64.168 64.999 62.173 59.015 59.498 59.927 64.554 66.236 67.029 67.1 66.404 65.41 62.752 65.21 68.65 65.789 60.861 61.091 62.322 61.622 62.435 61.498 62.583 65.551 67.493
57.375 62.736 62.345 54.505 54.116 54.304 54.375 54.427 54.397 54.294 54.251 54.099 54.098 54.111 54.161 54.029 53.964 53.841 53.824 54.272 55.3 60.068 60.562 57.968 56.455 60.204 61.79 62.404 61.847 61.05 57.536 57.227 55.357 55.595 55.83 56.207 56.487 56.571 57.578 60.062 62.599 63.134 63.093 62.401 57.836 57.169 57.77 58.694 59.303 59.515 59.023 59.924 59.83 60.729 65.792 66.745 67.208 66.448 65.721 61.855 63.128 66.364 63.729 60.323 60.446 60.846 61.587 62.267 61.673 63.779 66.202 67.696
54.545 53.881 54.008 54.036 54.032 53.97 54.012 54.08 54.069 54.072 54.035 54.003 53.858 53.906 53.742 53.74 53.726 53.777 53.822 54.213 54.06 54.209 56.384 55.181 55.237 59.143 61.544 62.4 62.017 61.235 59.176 55.7 55.328 55.504 55.802 56.055 56.397 56.457 56.549 56.75 62.258 63.033 63.286 62.645 59.012 58.034 58.497 59.009 58.458 58.981 58.818 59.2 59.658 60.014 65.189 66.448 66.884 65.798 60.614 60.19 60.462 62.147 62.487 60.705 62.681 61.542 60.347 63.315 64.237 64.923 67.034 67.525
54.725 56.355 54.301 54.041 54.026 53.911 55.676 55.212 54.055 53.968 53.985 53.953 53.798 53.74 53.735 53.747 53.734 53.78 53.807 53.824 53.885 54.046 54.941 55.019 55.159 59.101 61.43 62.32 62.191 61.155 58.778 55.864 55.722 55.412 55.654 55.971 56.236 56.44 57.731 59.989 61.874 62.734 63.315 61.755 57.46 57.865 58.319 57.503 57.805 57.922 59.085 59.423 58.787 59.016 61.805 60.488 61.682 60.115 59.442 59.662 62.94 62.417 64.78 61.253 64.559 65.078 65.25 66.852 67.508 67.445 67.763 67.595
59.306 60.426 58.324 56.382 54.038 56.752 57.603 57.074 56.197 55.817 54.054 53.913 53.854 53.767 53.734 53.742 53.728 53.741 53.796 53.85 53.856 53.923 55.231 55.505 55.353 56.619 61.173 62.003 62.366 61.55 60.886 58.031 55.899 55.395 55.631 55.933 56.229 56.428 56.928 57.547 57.743 61.32 62.504 60.846 57.166 56.984 57.068 57.488 57.491 57.801 57.994 58.354 58.406 58.711 58.74 58.944 59.125 59.283 60.807 62.532 61.067 59.848 65.014 66.083 66.166 66.421 66.671 67.517 67.323 67.244 66.913 66.97
60.507 61.922 56.696 53.807 54.023 58.221 58.587 57.919 57.558 56.99 55.826 54.497 53.882 54.028 53.911 53.93 53.981 53.757 53.783 53.806 53.864 54 54.473 55.062 55.076 56.339 60.913 61.798 62.468 61.786 60.62 55.492 55.449 55.322 55.555 55.772 55.999 56.28 56.412 56.483 56.542 57.077 58.343 57.634 56.732 56.749 56.784 57.733 57.771 57.424 58.81 58.627 58.132 58.143 58.217 58.284 58.78 59.133 59.816 61.309 59.698 59.604 63.994 67.045 66.965 67.354 67.235 67.124 64.992 61.846 62.299 61.474
60.546 56.526 54.672 53.935 55.042 59.867 59.637 59.208 58.653 58.189 57.656 56.764 54.06 54.578 54.72 55.998 56.009 53.789 53.768 53.814 53.846 53.916 54.193 56.358 56.297 55.786 59.494 61.725 62.396 62.012 60.983 58.382 57.373 55.355 55.459 55.621 55.84 56.006 56.246 56.227 56.181 56.252 56.155 56.226 57.725 58.133 57.686 58.448 59.529 57.88 59.883 57.929 57.93 58.355 58.18 58.216 58.699 59.374 59.9 63.362 63.233 63.708 65.285 67.034 67.097 66.843 66.669 66.051 61.412 61.224 61.286 61.277
54.858 56.296 57.395 54.677 57.938 59.121 59.597 59.9 59.732 59.037 58.624 55.739 53.905 54.129 56.358 55.733 54.921 54.18 53.76 53.786 53.853 53.9 54.116 54.48 55.361 55.221 58.259 61.52 62.219 62.168 61.311 59.631 57.535 55.39 55.481 55.576 55.633 55.681 55.724 55.747 55.742 55.672 55.687 55.489 55.946 59.764 61.487 62.008 61.959 62.277 61.498 57.928 59.579 60.464 58.576 58.73 63.167 62.023 64.697 64.765 65.163 65.021 65.686 66.563 66.284 65.816 65.907 64.598 62.02 61.06 61.045 61.148
54.332 53.726 53.797 53.977 57.609 58.091 58.66 59.107 59.627 59.782 58.934 54.145 53.914 53.982 54.078 53.745 53.72 53.672 53.712 53.771 53.837 53.866 54.09 55.337 55.084 56.04 57.366 61.436 62.032 62.073 61.456 60.296 55.914 55.431 55.306 55.489 55.495 55.397 55.711 55.473 55.866 55.964 55.671 57.709 56.108 60.309 62.726 62.853 62.923 63.279 63.374 61.753 60.132 63.251 63.524 63.598 64.039 65.216 65.166 65.173 64.888 64.946 64.417 65.045 64.838 61.149 62.166 60.238 60.869 60.728 60.882 60.978
54.124 53.501 53.813 54.16 55.476 56.848 57.631 58.112 58.664 59.09 56.467 53.928 53.936 53.895 54.738 54.201 53.718 53.668 53.723 53.773 53.821 53.878 53.934 54.84 55.204 55.449 56.771 61.101 61.924 62.319 61.733 60.692 58.404 56.017 55.411 55.461 55.439 55.447 57.794 55.838 57.542 57.563 55.732 60.065 58.669 60.876 63.356 63.527 63.626 63.503 63.642 63.826 63.773 63.96 63.952 63.705 63.647 64.596 61.324 61.758 62.316 60.604 60.831 60.379 61.419 60.345 60.013 60.103 60.587 60.47 60.632 60.948
52.929 57.683 61.791 53.825 53.775 55.789 56.684 57.094 57.522 57.674 53.868 53.917 53.939 53.962 55.353 54.479 53.706 53.677 53.682 53.766 53.812 53.877 53.944 54.637 58.54 55.527 55.499 59.902 61.807 62.414 61.71 61.075 56.878 55.441 55.342 55.435 55.425 55.786 59.42 58.133 60.691 59.768 60.556 61.172 61.422 61.754 63.357 63.194 63.174 62.931 62.789 63.682 63.66 62.856 63.066 59.245 59.336 60.799 59.396 59.397 59.208 59.072 59.71 61.973 59.852 59.923 59.838 60.86 60.692 60.267 60.371 60.468
59.547 61.265 62.24 58.341 53.612 53.818 53.844 54.292 56.459 55.484 53.891 53.889 53.932 53.923 53.772 53.718 53.725 53.698 53.671 53.754 53.772 53.829 53.904 54.137 56.119 56.527 55.798 59.456 61.683 62.294 61.876 61.144 58.956 57.488 55.343 55.378 55.7 55.177 60.344 61.164 61.545 61.663 61.96 61.929 62.298 62.303 62.565 62.586 62.161 61.744 59.484 59.947 59.002 57.992 57.939 57.912 57.925 59.506 59.121 58.871 58.977 59.567 61.75 62.439 60.23 59.582 59.652 60.112 59.935 60.017 60.161 60.313
58.158 62.147 61.595 60.114 54.788 54.889 55.188 54.685 53.781 54.024 53.803 53.865 53.892 53.957 53.78 53.732 53.752 53.692 53.676 53.746 53.773 53.839 53.881 54.066 55.316 54.944 55.062 59.029 61.361 62.176 62.059 61.258 58.54 54.545 55.173 54.585 54.696 54.904 58.555 62.094 62.321 62.44 62.287 62.37 62.176 62.036 58.843 59.174 58.002 57.582 56.787 58.131 57.823 57.792 57.843 57.903 57.946 59.815 60.809 59.28 60.783 59.858 59.422 60.731 59.343 59.535 59.604 59.915 60.965 60.172 60.356 60.442
57.191 58.433 58.598 53.397 53.499 54.455 55.37 55.409 53.731 53.565 53.68 53.757 53.855 53.934 53.788 53.728 53.742 53.699 53.705 53.723 53.795 53.852 54.82 54.435 54.271 54.538 54.93 56.412 59.986 56.187 59.964 60.358 59.407 54.53 54.438 54.709 54.712 54.568 55.976 61.866 62.157 61.829 61.826 61.47 61.514 61.165 60.255 56.672 56.775 57.078 59.354 62.684 60.09 57.623 57.81 57.903 59.057 62.957 59.041 58.677 59.209 58.803 59.735 59.217 59.401 60.552 59.669 59.724 59.755 59.913 60.054 60.236
57.395 57.514 57.211 56.953 56.598 53.542 54.224 53.121 52.989 53.027 53.438 53.642 53.766 53.898 53.901 53.727 53.74 53.705 53.706 53.714 53.764 53.801 53.929 54.029 54.12 54.472 54.317 54.224 54.108 56.488 56.762 60.104 59.608 54.352 54.28 56.148 56.375 54.426 56.013 61.147 61.381 61.008 61.056 60.15 59.69 56.294 56.253 56.554 56.76 58.056 57.55 64.617 62.653 58.826 58.129 57.825 58.282 57.987 58.402 59.222 58.658 59.067 59.704 58.946 59.114 59.257 59.403 59.581 59.736 59.879 60.031 60.158
55.532 56.016 57.785 57.524 57.324 56.872 55.721 53.51 53.681 52.384 53.031 53.385 53.675 53.752 53.914 53.834 53.792 53.713 53.698 53.684 53.7 53.811 54.665 53.99 53.991 54.066 54.106 54.416 54.185 55.72 58.464 60.185 59.616 56.926 58.082 59.126 59.53 59.736 60.171 58.131 57.499 56.51 56.091 55.653 56.35 55.823 56.027 56.559 56.623 57.938 57.066 57.608 58.221 57.592 57.494 57.952 58.473 57.922 58.445 58.362 58.381 58.55 58.72 58.913 59.058 59.159 59.332 59.468 59.639 59.785 59.996 60.217
54.38 54.684 54.999 56.013 59.679 59.478 57.442 56.921 56.647 54.189 52.415 53.226 53.564 53.699 53.829 53.847 53.843 53.747 53.651 53.648 53.684 53.753 53.842 53.96 53.982 54.211 54.127 54.258 54.385 57.687 58.938 60.073 60.072 59.888 60.229 60.221 60.262 60.332 60.139 58.016 55.47 55.556 55.693 55.687 55.819 55.881 56.289 57.038 56.901 56.866 56.865 56.99 57.052 57.222 57.376 57.556 57.71 57.874 58.012 58.186 58.366 58.509 58.666 58.809 58.919 59.235 59.221 59.436 60.557 59.931 60.488 60.895
51.978 54.164 54.475 54.844 59.7 60.475 60.746 58.891 56.398 55.59 55.261 54.206 53.034 53.592 53.662 55.133 53.848 53.625 53.583 53.557 53.601 53.741 53.816 53.93 53.997 54.018 54.138 59.088 59.782 59.943 60.246 60.316 60.325 60.154 60.052 59.88 59.698 59.457 56.786 55.73 55.428 55.547 55.939 55.712 55.916 56.33 56.429 56.512 56.463 56.629 57.735 57.03 57.062 57.219 57.344 57.487 57.666 57.847 57.961 58.112 58.236 58.372 58.509 58.704 58.853 59.457 59.894 59.296 59.62 59.84 59.962 60.098
51.396 51.405 53.773 57.235 59.543 59.856 60.229 60.454 60.73 59.879 56.436 55.559 54.762 54.453 54.667 56.074 56.086 53.555 53.532 53.502 53.494 53.591 53.727 53.805 53.884 53.896 53.889 58.395 60.275 60.149 59.985 59.553 59.608 58.913 55.288 55.214 55.941 54.617 54.418 54.613 55.788 56.73 57.098 56.523 56.229 55.924 56.066 57.13 57.122 56.489 56.729 56.862 57.012 57.152 57.312 57.419 57.597 57.69 57.817 57.949 58.76 58.362 58.43 58.564 58.751 58.909 59.195 59.292 60.645 60.944 60.143 60.807
51.228 51.589 54.986 58.16 58.866 59.11 59.491 59.773 60.171 60.577 60.78 58.728 54.934 55.866 54.693 54.957 54.034 53.469 53.499 53.456 53.359 53.382 53.549 53.693 53.67 53.731 53.741 55.658 59.43 55.961 55.186 54.737 54.277 54.309 54.288 54.399 54.431 54.433 54.774 54.984 55.278 55.84 56.434 55.826 55.685 55.797 55.971 56.249 56.329 56.504 56.636 56.758 56.928 57.033 57.129 57.372 57.406 57.518 57.698 58.038 58.613 58.288 58.412 58.972 58.79 59.181 60.463 59.399 60.192 59.973 60.078 61.4
