dsm/se2837_DSM_2M.asc
ncols 500
nrows 500
xllcorner    428000
yllcorner    437000
cellsize     2
NODATA_value -9999
[rows 279 to 309 of 500, columns 71 to 141 of 500]
67.696 69.911 68.906 67.844 67.866 68.189 68.584 68.886 68.991 68.894 68.944 69.006 68.999 68.981 68.984 69.009 69.079 69.156 69.221 69.281 69.344 69.401 69.456 69.474 69.466 69.519 69.564 69.569 69.656 69.704 69.879 69.926 69.916 69.966 70.031 70.136 70.246 70.321 70.454 70.591 70.694 70.784 70.899 70.969 71.004 70.966 70.906 70.884 70.874 70.816 70.811 70.896 70.964 71.069 71.219 71.361 71.589 71.799 71.974 72.191 72.376 72.546 72.766 72.911 73.101 73.299 73.486 73.656 73.871 74.014 74.124
67.634 67.766 67.826 67.819 67.874 68.131 68.526 68.761 68.876 68.796 68.874 68.914 68.911 68.886 68.904 68.934 68.996 69.069 69.119 69.174 69.204 69.266 69.316 69.296 69.316 69.356 69.429 69.476 69.581 69.641 69.716 69.836 69.841 69.896 69.976 70.059 70.174 70.269 70.394 70.509 70.584 70.654 70.724 70.776 70.764 70.701 70.634 70.576 70.564 70.601 70.606 70.704 70.774 70.881 71.054 71.211 71.436 71.641 71.834 72.021 72.224 72.379 72.584 72.736 72.919 73.101 73.311 73.464 73.649 73.784 73.904
67.596 67.646 67.749 67.824 67.859 68.061 68.406 68.676 68.774 68.711 68.791 68.826 68.834 68.796 68.796 68.829 68.894 68.974 68.976 69.011 69.044 69.106 69.166 69.161 69.201 69.224 69.281 69.349 69.441 69.526 69.631 69.766 69.796 69.829 69.921 70.014 70.116 70.194 70.306 70.414 70.449 70.479 70.474 70.511 70.484 70.404 70.331 70.289 70.346 70.384 70.396 70.509 70.604 70.701 70.886 71.059 71.279 71.486 71.679 71.876 72.041 72.219 72.431 72.576 72.756 72.934 73.126 73.269 73.459 73.581 73.709
67.694 67.666 67.696 67.796 67.894 68.064 68.354 68.546 68.661 68.616 68.699 68.724 68.744 68.709 68.669 68.709 68.751 68.826 68.851 68.886 68.919 68.954 68.986 69.016 69.089 69.131 69.179 69.284 69.344 69.461 69.584 69.706 69.744 69.786 69.871 69.956 70.034 70.086 70.186 70.266 70.251 70.244 70.226 70.221 70.196 70.136 70.066 70.076 70.121 70.156 70.214 70.331 70.431 70.556 70.759 70.919 71.136 71.356 71.534 71.734 71.904 72.084 72.281 72.426 72.604 72.771 72.956 73.079 73.271 73.401 73.496
68.026 67.911 67.889 67.931 67.946 68.104 68.274 68.464 68.544 68.569 68.606 68.719 68.569 68.516 68.531 68.526 68.624 68.714 68.749 68.806 68.839 68.881 68.911 68.959 68.999 69.036 69.069 69.134 69.224 69.366 69.481 69.624 69.666 69.691 69.801 69.864 69.911 69.949 70.004 70.046 70.036 70.009 69.956 69.951 69.904 69.869 69.814 69.836 69.894 69.954 70.051 70.174 70.299 70.426 70.626 70.801 71.021 71.211 71.409 71.606 71.771 71.931 72.139 72.261 72.449 72.611 72.774 72.906 73.094 73.201 73.296
68.479 68.379 68.294 68.281 68.291 68.216 68.309 68.439 68.501 68.499 68.486 68.461 68.371 68.374 68.441 68.486 68.564 68.649 68.676 68.721 68.779 68.786 68.861 68.889 68.926 68.976 69.014 69.084 69.129 69.254 69.396 69.529 69.591 69.619 69.691 69.739 69.766 69.761 69.811 69.834 69.786 69.736 69.684 69.644 69.639 69.601 69.589 69.641 69.709 69.779 69.889 70.044 70.169 70.324 70.511 70.671 70.906 71.099 71.264 71.461 71.626 71.751 71.964 72.104 72.251 72.399 72.581 72.714 72.884 72.994 73.099
68.571 68.529 68.514 68.449 68.386 68.384 68.341 68.356 68.374 68.394 68.341 68.314 68.244 68.286 68.349 68.366 68.424 68.516 68.574 68.621 68.684 68.714 68.714 68.776 68.849 68.899 68.941 69.009 69.089 69.166 69.334 69.466 69.501 69.519 69.549 69.581 69.601 69.574 69.589 69.586 69.516 69.459 69.419 69.401 69.394 69.381 69.389 69.444 69.546 69.636 69.759 69.916 70.056 70.199 70.394 70.559 70.774 70.964 71.124 71.294 71.466 71.601 71.796 71.901 72.061 72.221 72.386 72.496 72.694 72.784 72.881
68.541 68.574 68.489 68.371 68.301 68.199 68.196 68.214 68.261 68.281 68.251 68.201 68.161 68.196 68.241 68.231 68.311 68.396 68.459 68.516 68.541 68.561 68.621 68.686 68.751 68.779 68.806 68.869 69.011 69.084 69.286 69.376 69.421 69.404 69.401 69.429 69.416 69.369 69.386 69.349 69.281 69.231 69.161 69.174 69.189 69.184 69.216 69.279 69.379 69.476 69.614 69.776 69.911 70.079 70.266 70.409 70.624 70.811 70.956 71.129 71.284 71.416 71.614 71.731 71.871 72.019 72.184 72.284 72.464 72.586 72.659
68.514 68.319 67.974 68.249 67.936 67.909 67.991 68.141 68.169 68.161 68.169 68.156 68.104 68.104 68.119 68.131 68.231 68.314 68.354 68.411 68.421 68.439 68.494 68.529 68.589 68.626 68.661 68.789 68.896 68.984 69.206 69.284 69.279 69.296 69.251 69.256 69.234 69.171 69.154 69.104 69.059 68.996 68.946 68.956 68.964 68.974 69.029 69.094 69.226 69.326 69.471 69.636 69.786 69.951 70.141 70.279 70.476 70.661 70.821 70.981 71.134 71.279 71.441 71.544 71.681 71.824 71.999 72.079 72.256 72.371 72.454
67.701 67.579 67.474 67.466 67.476 67.606 67.811 68.101 68.099 68.071 68.099 68.084 68.019 68.059 68.036 68.071 68.174 68.214 68.234 68.314 68.346 68.339 68.379 68.431 68.476 68.541 68.594 68.671 68.779 68.866 69.071 69.174 69.174 69.146 69.114 69.094 69.034 68.961 68.899 68.871 68.816 68.789 68.729 68.739 68.761 68.771 68.861 68.929 69.064 69.209 69.334 69.514 69.674 69.829 70.001 70.141 70.344 70.511 70.656 70.829 70.966 71.101 71.271 71.374 71.516 71.649 71.806 71.896 72.069 72.174 72.256
66.946 66.896 66.931 67.011 67.224 67.424 67.869 68.054 68.019 67.994 68.001 70.684 67.961 68.009 68.009 68.044 68.054 68.101 68.169 68.231 68.279 68.259 68.296 68.326 68.426 68.481 68.501 68.556 68.599 68.899 69.469 69.034 69.001 68.986 68.914 68.874 68.821 68.741 68.686 68.641 68.589 68.576 68.561 68.566 68.601 68.621 68.696 68.791 68.944 69.064 69.234 69.409 69.571 69.701 69.871 70.024 70.199 70.366 70.496 70.674 70.816 70.946 71.106 71.214 71.351 71.476 71.624 71.721 71.884 71.986 72.059
66.299 66.356 66.516 66.834 67.084 67.536 67.869 67.936 67.914 67.919 67.891 67.849 67.864 67.904 67.986 67.969 67.976 68.049 68.134 68.171 68.174 68.186 68.236 68.229 68.296 68.359 68.394 68.426 68.646 68.516 68.716 68.826 68.799 68.779 68.709 68.629 68.594 68.544 68.459 68.404 68.376 68.356 68.389 68.416 68.451 68.489 68.571 68.674 68.834 68.969 69.131 69.281 69.431 69.571 69.759 69.929 70.119 70.256 70.389 70.554 70.704 70.821 70.991 71.091 71.224 71.314 71.454 71.546 71.726 71.826 71.894
66.179 66.234 66.354 66.696 67.189 67.481 67.716 67.834 67.806 67.836 67.821 67.786 67.799 67.841 67.896 67.896 67.951 68.014 68.109 68.101 68.104 68.109 68.114 68.159 68.219 68.229 68.269 68.314 68.321 68.361 68.501 68.589 68.586 68.556 68.491 68.424 68.386 68.316 68.259 68.189 68.174 68.149 68.204 68.266 68.329 68.386 68.466 68.581 68.736 68.869 69.004 69.199 69.344 69.479 69.696 69.844 69.999 70.154 70.259 70.399 70.544 70.686 70.816 70.929 71.056 71.196 71.266 71.376 71.551 71.651 71.716
66.131 66.181 66.409 66.879 67.214 67.441 67.634 67.721 67.684 67.734 67.744 67.834 67.761 67.799 67.804 67.819 67.876 67.914 67.941 67.929 67.939 67.949 67.986 68.034 68.076 68.094 68.101 68.134 68.164 68.179 68.341 68.379 68.344 68.306 68.286 68.191 68.161 68.084 68.054 68.029 68.029 68.009 68.064 68.131 68.206 68.291 68.374 68.486 68.631 68.786 70.664 69.959 69.474 72.039 71.854 69.921 71.384 72.724 70.129 70.244 70.394 70.521 70.691 70.766 70.894 71.019 71.104 71.204 71.369 71.459 71.521
66.111 66.224 66.431 66.816 67.099 67.329 67.591 67.631 67.576 67.609 67.616 67.616 67.649 67.706 67.714 67.734 67.786 67.834 67.851 67.831 67.854 67.859 67.881 67.921 67.946 67.946 67.954 67.959 67.941 67.986 68.136 68.139 68.126 68.106 68.071 67.999 67.946 67.889 67.879 67.896 67.936 67.899 67.941 68.034 68.124 68.229 68.291 68.404 69.256 76.571 74.214 73.631 71.069 77.284 75.904 71.694 77.091 78.086 77.454 74.809 72.464 71.686 75.939 77.001 72.721 70.834 70.949 71.046 71.204 71.271 71.359
66.046 66.231 66.506 69.019 66.974 67.256 67.526 67.554 67.469 67.491 67.529 67.541 67.586 67.581 67.584 67.619 67.659 67.701 67.726 67.721 67.759 67.769 67.796 67.814 67.844 67.831 67.819 67.806 67.781 67.804 67.919 67.926 67.934 67.896 67.856 67.806 67.759 67.764 67.751 67.781 67.814 67.801 67.871 67.959 68.026 68.126 68.236 68.344 70.044 76.449 74.414 70.469 69.931 75.076 73.556 72.429 77.609 77.234 77.501 79.131 76.389 75.536 79.604 79.401 78.239 75.066 73.504 73.029 73.619 74.356 71.266
66.001 66.174 66.394 66.626 67.159 68.044 70.559 67.864 67.366 67.389 67.426 67.431 67.494 67.451 67.476 67.506 67.546 67.624 67.634 67.624 67.661 67.686 67.709 67.739 67.764 67.751 67.711 67.679 67.646 67.676 67.766 67.744 67.746 67.691 67.654 67.614 67.594 67.619 67.631 67.669 67.706 67.729 67.794 67.911 67.984 68.036 68.156 68.281 68.379 75.469 69.319 70.181 70.249 69.721 71.491 70.836 70.431 70.211 77.381 78.299 77.826 71.631 78.369 78.179 76.291 78.419 78.904 77.281 79.346 79.386 72.856
65.936 66.074 66.149 66.444 66.754 67.051 68.491 67.409 67.256 67.261 67.354 67.364 67.389 67.351 67.389 67.406 67.431 67.526 67.554 67.559 67.589 67.614 67.614 67.669 67.661 67.659 67.604 67.576 67.526 67.554 67.619 67.551 67.554 67.499 67.459 67.444 67.459 67.486 67.534 67.581 67.619 67.666 67.749 67.819 67.894 67.981 68.046 68.184 68.341 69.869 68.309 68.449 68.659 69.259 69.839 70.426 70.476 69.966 72.026 72.311 70.996 70.191 73.766 73.824 70.794 78.879 79.181 77.689 79.939 80.326 77.389
65.886 65.966 65.974 66.321 66.666 68.131 67.516 68.306 67.176 67.189 67.256 67.274 67.284 67.239 67.274 67.314 67.356 67.424 67.469 67.459 67.491 67.514 67.511 67.541 67.561 67.554 67.511 67.479 67.419 67.424 67.441 67.364 67.374 67.326 67.311 67.319 67.321 67.369 67.436 67.501 67.569 67.606 67.674 67.751 67.841 67.931 67.976 68.074 68.449 69.716 68.281 68.294 68.319 68.346 68.401 68.406 68.399 68.459 68.591 69.386 70.246 70.394 70.904 70.849 71.141 71.154 71.381 72.179 76.351 76.049 74.491
65.869 65.921 66.021 66.366 66.611 66.879 67.106 67.879 67.091 67.081 67.131 67.171 67.181 67.176 67.226 67.271 67.331 67.386 67.404 67.374 67.414 67.439 67.439 67.449 67.454 67.436 67.409 67.379 67.326 67.294 67.304 67.201 67.211 67.161 67.179 67.184 67.224 67.259 67.329 67.406 67.464 67.499 67.601 67.686 67.816 67.891 70.254 68.074 69.759 69.709 68.261 68.276 68.299 68.311 68.324 68.349 68.371 68.384 68.401 68.444 68.466 68.494 68.501 68.569 68.714 69.259 70.106 70.686 71.071 73.594 74.294
66.821 66.676 66.156 66.299 66.524 66.759 66.981 67.019 66.994 66.996 67.039 67.066 67.029 67.084 68.639 70.934 73.966 68.886 67.334 67.351 67.369 67.374 67.379 67.366 67.346 67.344 67.314 67.286 67.241 67.141 67.171 67.119 67.081 67.059 67.076 67.071 67.124 67.164 67.231 67.304 67.376 67.461 67.559 67.621 67.971 68.566 74.431 70.274 68.134 68.134 68.239 68.251 68.269 68.291 68.314 68.341 68.359 68.376 68.391 68.416 68.421 68.431 68.456 68.476 68.491 68.516 68.554 68.579 68.601 69.926 70.174
66.559 66.549 66.089 66.216 66.436 66.706 66.914 66.916 66.929 66.919 66.939 66.954 66.934 66.901 71.414 74.641 73.106 71.344 70.471 68.436 71.921 67.216 67.289 67.269 67.296 67.301 67.284 67.236 68.054 67.139 67.116 67.069 67.004 66.996 66.994 66.981 67.009 67.066 67.131 67.216 67.294 67.396 67.494 67.529 69.044 68.101 73.179 67.869 67.956 68.086 68.199 68.226 68.256 68.276 68.304 68.316 68.349 68.359 68.386 68.404 68.409 68.416 68.429 68.449 68.469 68.481 68.509 68.524 68.544 68.576 68.586
65.711 65.719 65.774 66.109 67.034 67.079 69.324 66.794 66.824 66.774 66.876 66.856 66.854 66.836 67.581 71.441 74.969 74.139 69.184 67.239 72.034 69.626 67.061 67.059 68.616 67.619 67.036 68.296 68.231 71.404 69.341 66.986 66.949 66.941 66.926 67.194 66.916 66.944 67.034 67.116 67.219 67.306 67.379 67.461 67.809 67.611 67.684 67.789 68.111 68.106 68.191 68.209 68.244 68.259 68.284 68.289 68.319 68.344 68.351 68.374 68.379 68.399 68.411 68.434 68.454 68.474 68.494 68.509 68.536 68.566 68.551
65.481 65.476 65.586 65.864 66.289 66.634 69.849 66.694 66.709 66.604 66.489 66.381 66.274 66.171 66.206 68.311 74.694 73.144 66.739 66.856 67.076 66.919 66.939 66.899 68.594 67.604 68.721 66.911 66.904 69.311 68.346 68.789 66.874 66.849 69.019 74.284 73.929 66.889 66.971 67.064 67.151 67.239 67.276 67.321 67.396 67.514 67.644 69.194 69.186 68.131 68.166 68.189 68.206 68.234 68.246 68.266 68.296 68.316 68.331 68.344 68.356 68.379 68.396 68.409 68.434 68.444 68.466 68.481 68.509 68.524 68.531
65.269 65.344 65.369 65.614 66.179 67.669 66.884 66.604 66.629 66.649 66.571 66.456 66.324 66.171 66.059 66.064 66.044 66.041 66.054 66.054 66.051 66.051 66.046 66.059 66.056 66.064 66.561 66.311 67.544 66.514 66.894 67.241 66.689 66.749 67.434 74.504 72.774 66.834 66.906 67.021 67.116 67.154 67.111 67.214 67.356 67.451 67.576 68.264 69.231 68.306 68.131 68.176 68.189 68.199 68.214 68.236 68.271 68.286 68.309 68.321 68.336 68.346 68.366 68.389 68.414 68.434 68.446 68.464 68.489 68.491 68.514
65.241 65.724 65.301 65.424 66.014 66.454 66.524 66.481 66.519 66.599 66.564 66.481 66.289 66.096 66.064 66.056 66.054 66.044 66.051 66.054 66.044 66.046 66.044 66.034 66.036 66.036 66.031 66.014 66.026 66.041 66.031 66.031 66.064 66.066 66.066 67.264 66.329 66.774 66.866 66.951 67.061 67.051 66.971 67.051 67.161 67.421 67.554 67.639 68.964 68.071 68.116 68.156 68.174 68.184 68.204 68.234 68.256 68.274 68.291 68.301 68.309 68.324 68.341 68.364 68.386 68.409 68.429 68.444 68.459 68.479 68.501
65.054 65.254 65.239 65.334 65.854 66.336 66.409 66.384 66.446 66.506 66.484 66.404 66.259 66.076 66.056 66.056 66.074 66.064 66.069 66.074 66.059 66.054 66.046 66.054 66.051 66.061 66.061 66.066 66.059 66.044 66.051 66.049 66.046 66.041 66.044 66.039 66.379 66.746 66.839 66.906 67.054 67.011 70.701 70.191 67.249 67.061 67.264 67.706 67.939 68.079 68.099 68.121 68.146 68.176 68.201 68.236 68.244 68.256 68.286 68.286 68.286 68.304 68.314 68.334 68.359 68.394 68.409 68.441 68.449 68.464 68.476
64.871 65.146 65.159 65.239 65.779 66.234 66.281 66.284 66.346 66.499 66.419 66.364 66.254 66.069 66.039 66.056 66.066 66.071 66.079 66.086 66.081 66.064 66.059 66.061 66.076 66.079 66.079 66.081 66.071 66.066 66.051 66.046 66.041 66.029 66.041 66.041 67.939 68.169 66.791 66.891 67.009 69.259 70.979 71.164 70.736 68.639 67.279 67.796 67.931 68.081 68.064 68.086 68.121 68.146 68.174 68.204 68.224 68.244 68.269 68.274 68.269 68.281 68.294 68.306 68.326 68.354 68.381 68.406 68.421 68.431 68.446
64.786 65.036 65.064 65.239 65.736 66.149 66.174 66.199 66.279 66.354 66.364 66.336 68.276 66.291 66.029 66.031 66.046 66.066 66.081 66.094 66.094 66.076 66.059 66.081 66.071 66.101 66.104 66.086 66.084 66.069 66.064 66.051 66.041 66.029 66.031 66.014 69.901 68.636 66.779 66.831 66.951 67.019 68.556 70.426 70.936 67.066 67.466 68.631 68.614 68.049 68.039 68.059 68.101 68.114 68.144 68.171 68.201 68.224 68.239 68.239 68.249 68.251 68.264 68.271 68.294 68.321 68.359 68.374 68.389 68.396 68.431
64.791 64.831 65.019 65.319 65.719 66.024 66.074 66.094 66.186 66.269 66.289 66.244 69.131 66.019 66.016 66.026 66.034 66.059 66.089 66.081 66.084 66.091 66.084 66.086 66.081 66.096 66.084 66.084 66.084 66.066 66.061 66.051 66.039 66.029 66.024 66.016 66.471 66.689 66.759 66.831 66.894 66.916 67.011 67.056 68.371 67.154 67.574 68.459 68.216 68.021 68.016 68.036 68.059 68.086 68.119 68.134 68.174 68.191 68.209 68.224 68.229 68.231 68.249 68.259 68.281 68.311 68.334 68.356 68.361 68.389 68.409
64.804 64.801 64.959 66.169 66.506 65.921 65.966 65.994 66.089 66.161 67.044 66.119 66.044 66.009 66.021 66.029 66.044 66.066 66.089 66.094 66.091 66.101 66.094 66.096 66.086 66.086 66.086 66.079 66.076 66.066 66.069 66.059 66.034 66.021 66.016 66.009 66.404 66.629 66.729 66.821 66.809 66.846 66.891 66.949 67.001 67.356 67.604 68.824 68.051 67.976 67.994 68.016 68.029 68.059 68.081 68.104 68.131 68.156 68.184 68.194 68.199 68.204 68.229 68.251 68.269 68.294 68.316 68.341 68.364 68.374 68.396
