dsm/se2832_DSM_2M.asc
ncols 500
nrows 500
xllcorner    428000
yllcorner    432000
cellsize     2
NODATA_value -9999
[rows 96 to 127 of 500, columns 360 to 431 of 500]
32.817 32.735 32.738 32.723 32.666 32.627 32.646 32.635 32.619 32.612 32.892 33.127 33.219 32.629 32.572 32.597 33.282 32.541 32.52 32.534 32.527 32.509 32.428 32.471 32.46 32.421 32.353 32.44 32.46 33.579 32.297 32.502 38.615 38.596 38.341 35.095 32.986 32.373 32.279 32.261 33.102 32.273 32.287 32.111 32.157 32.15 32.11 32.15 37.378 38.395 38.533 38.637 34.778 32.774 32.071 32.017 32.037 31.972 32.089 31.95 30.954 30.414 30.437 30.444 30.443 30.361 30.583 30.776 36.523 37.538 37.848 37.859
32.81 32.718 32.719 32.772 32.683 32.657 32.662 32.619 32.681 32.608 32.622 33.622 33.749 33.254 32.547 32.561 32.584 32.574 32.579 32.551 32.487 33.306 32.534 32.447 32.451 32.399 32.355 32.357 32.464 34.042 32.677 32.404 33.643 35.017 33.955 32.408 32.472 32.277 32.261 32.181 32.399 32.108 32.128 32.075 32.115 32.134 32.118 36.316 38.274 38.489 38.585 38.751 38.754 35.9 32.371 35.377 32.097 31.983 32.034 31.178 30.443 30.422 30.427 30.457 30.416 30.464 30.577 34.198 37.467 37.721 38.01 38.205
32.836 32.73 32.653 32.648 32.641 32.637 32.646 32.602 32.584 32.585 32.593 32.83 32.804 32.652 32.568 32.605 32.601 32.593 32.567 32.7 32.709 32.835 32.468 32.443 32.5 32.371 32.287 32.277 32.368 32.596 32.669 32.816 32.397 32.499 32.258 32.566 33.573 32.184 32.149 32.14 32.165 32.085 32.091 32.088 32.117 32.153 36.083 38.2 38.436 38.571 38.742 38.82 38.78 38.781 38.613 33.538 35.345 32.177 32.099 30.624 30.444 30.45 30.445 30.435 30.536 30.617 31.414 37.3 37.669 37.887 38.229 38.554
32.957 32.713 32.629 32.702 32.612 32.661 32.664 33.786 32.664 32.583 32.627 32.566 32.639 32.645 32.579 32.606 32.589 32.69 36.51 39.434 35.285 32.671 32.466 32.403 32.394 32.356 32.359 32.216 32.285 32.431 33.862 32.637 33.254 32.643 32.147 32.128 32.686 32.291 32.126 32.083 32.105 32.089 32.089 32.071 32.106 32.468 37.438 38.313 38.546 38.653 38.734 38.873 38.759 38.687 38.56 38.394 36.951 32.057 30.684 30.412 30.433 30.48 30.477 30.451 30.61 31.478 36.633 37.551 37.847 38.102 38.389 38.695
34.321 32.885 32.702 32.614 32.614 32.578 32.546 33.364 32.794 32.578 32.533 32.567 32.636 32.59 32.654 32.827 33.402 39.345 39.8 39.598 38.97 36.581 32.934 33.498 32.678 32.306 32.324 32.189 32.134 32.159 32.405 32.212 32.284 32.855 32.134 32.075 32.09 32.093 32.097 32.073 32.059 32.112 32.571 32.288 32.29 37.799 38.242 38.505 38.62 38.705 38.778 38.82 38.734 38.594 38.435 38.164 34.175 31.427 30.498 30.444 30.456 30.529 30.794 32.761 33.729 34.156 37.444 37.785 38.051 38.364 38.591 38.914
32.841 32.767 32.74 32.579 32.497 32.54 32.557 32.763 32.59 32.61 32.691 32.618 32.621 32.668 37.038 38.962 40.5 40.227 39.976 39.751 39.453 36.118 35.106 33.34 32.588 32.311 32.293 32.183 32.16 32.086 32.051 32.117 32.106 32.144 32.042 32.071 32.055 32.088 32.064 32.053 32.038 32.53 33.199 32.291 35.306 38.18 38.39 38.595 38.751 38.81 38.75 38.735 38.596 38.478 38.307 37.967 32.498 30.559 30.48 30.47 30.492 30.766 40.21 39.587 37.732 36.743 37.652 37.941 38.198 38.538 38.798 39.018
32.627 33.79 32.804 32.591 32.629 32.644 32.691 32.544 32.587 32.604 32.634 32.91 38.355 39.156 40.697 40.548 40.462 40.33 40.197 39.821 39.591 39.142 38.125 32.743 32.432 32.342 32.27 32.236 32.131 32.106 32.085 32.106 32.043 32.019 32.045 32.055 32.016 32.037 32.089 32.017 32.075 32.386 32.258 35.321 38.061 38.358 38.516 38.656 38.781 38.807 38.766 38.631 38.526 38.4 37.875 33.258 30.751 30.462 30.486 30.512 30.719 36.846 40.084 40.076 41.09 37.801 37.408 37.821 38.14 38.538 38.831 38.977
32.545 32.959 32.626 32.568 32.583 32.584 32.603 32.603 32.643 32.677 33.025 39.55 40.521 40.552 40.642 40.6 40.486 40.403 40.218 40.011 39.76 39.457 37.807 33.156 32.4 32.343 32.321 32.269 32.131 32.105 32.064 32.08 32.068 32.084 32.08 32.082 32.068 32.048 32.047 32.04 32.033 32.166 32.832 37.304 38.245 38.485 38.669 38.716 38.803 38.793 38.686 38.565 38.478 38.243 33.836 31.141 30.444 30.474 30.49 30.484 30.511 32.4 39.775 40.178 38.6 31.425 31.755 37.222 37.742 37.99 38.327 38.565
32.43 32.54 32.664 32.823 32.654 32.699 32.632 32.637 32.763 36.607 40.121 40.291 40.448 40.559 40.645 40.65 40.612 40.489 40.385 40.107 39.995 39.61 39.191 33.904 32.483 33.279 32.583 32.281 32.183 32.145 32.105 32.086 32.073 32.107 32.1 32.11 32.038 32.913 32.146 32.023 32.098 32.053 36.194 38.227 38.435 38.621 38.737 38.85 38.822 38.772 38.604 38.456 38.105 34.13 32.751 30.469 30.407 30.46 30.485 30.503 30.614 30.862 36.286 37.879 36.991 30.606 30.456 32.099 36.492 37.622 37.934 38.233
32.379 32.448 32.553 32.681 32.705 32.642 32.62 37.136 38.75 39.624 39.935 40.208 40.371 40.496 40.61 40.662 40.598 40.533 40.399 40.21 40.093 39.775 39.565 36.12 36.818 33.864 32.448 32.276 32.209 32.164 32.092 32.103 32.118 32.093 32.061 32.01 32.024 32.31 32.273 32.645 32.394 32.334 38.08 38.389 38.53 38.69 38.775 38.832 38.751 38.671 38.553 38.33 37.903 33.933 31.042 30.451 30.418 30.508 30.483 30.565 30.647 31.019 36.654 37.602 36.217 34.653 30.672 30.64 31.643 35.745 37.292 37.739
32.428 32.323 32.386 32.683 32.848 33.144 33.84 37.517 39.184 39.582 39.82 40.087 40.282 40.429 40.584 40.624 40.668 40.537 40.459 40.335 40.231 39.964 39.595 39.391 37.187 32.707 32.408 32.32 32.244 32.217 32.116 32.312 32.41 32.077 32.021 32.015 32.025 32.042 32.047 32.077 32.62 37.373 38.261 38.528 38.673 38.797 38.83 38.823 38.762 38.596 38.456 38.172 33.348 30.883 30.426 30.402 30.498 30.46 30.461 30.782 30.86 35.377 37.52 37.759 37.911 37.67 32.785 30.662 30.535 30.41 30.787 36.266
32.443 32.369 32.259 32.407 32.583 32.737 33.386 35.48 37.872 39.277 39.594 39.92 40.209 40.363 40.504 40.6 40.683 40.616 40.537 40.463 40.244 40.095 39.919 39.461 37.915 33.338 32.47 32.392 32.301 32.225 32.193 32.581 33.525 32.218 32.357 32.617 32.636 33.099 32.125 32.116 36.377 38.167 38.452 38.624 38.748 38.759 38.838 38.764 38.606 38.452 38.322 34.875 32.326 30.709 30.42 30.472 30.499 30.44 30.582 30.766 34.133 37.431 37.683 37.905 38.25 38.191 37.79 37.24 34.808 30.981 30.584 30.609
32.476 32.352 32.282 32.229 32.348 32.603 34.339 32.924 36.615 39.218 39.504 39.842 40.021 40.3 40.395 40.556 40.635 40.665 40.57 40.522 40.441 40.203 39.899 39.611 39.235 33.652 33.653 32.437 32.377 32.233 32.174 32.564 32.261 32.138 32.261 32.633 33.14 32.061 32.117 35.165 38.119 38.408 38.519 38.665 38.76 38.774 38.81 38.701 38.585 38.465 38.039 32.243 30.614 30.418 30.456 30.498 30.472 30.477 30.643 34.048 36.676 37.597 37.885 38.144 38.454 38.531 38.29 38.013 37.67 36.553 31.458 30.65
32.469 32.339 32.302 32.138 32.174 32.451 32.692 32.704 32.919 38.735 39.363 39.682 39.936 40.174 40.374 40.505 40.603 40.689 40.646 40.529 40.439 40.299 40.091 39.769 39.516 34.827 33.699 32.375 32.348 32.249 32.235 32.2 32.139 32.072 32.563 32.169 32.096 32.032 32.209 36.389 38.347 38.471 38.618 38.755 38.806 38.812 38.772 38.618 38.455 38.219 33.8 31.428 30.479 30.47 30.536 30.476 30.437 30.591 30.832 35.349 37.495 37.785 37.987 38.303 38.615 38.902 38.817 38.385 38.134 37.805 37.376 32.658
32.444 32.341 32.286 32.187 32.067 32.085 32.385 33.036 32.817 33.889 37.946 39.514 39.836 40.033 40.255 40.446 40.564 40.642 40.7 40.566 40.508 40.377 40.152 39.954 39.626 39.279 32.733 32.407 32.611 32.317 32.26 32.193 32.143 32.102 32.047 32.035 32.019 32.047 36.068 38.197 38.42 38.586 38.699 38.789 38.777 38.76 38.708 38.52 38.277 37.832 32.126 30.533 30.473 30.514 30.501 30.472 30.56 30.597 34.042 37.445 37.613 37.937 38.18 38.564 38.773 39.06 38.774 38.508 38.233 37.891 37.678 37.362
32.38 32.322 32.302 32.182 32.121 32.083 32.38 32.467 32.699 32.989 37.642 39.408 39.628 39.906 40.156 40.342 40.517 40.604 40.657 40.604 40.554 40.385 40.262 40.104 39.828 39.545 35.285 33.565 32.592 32.376 32.601 32.618 32.19 32.121 32.081 32.052 32.074 32.277 37.502 38.342 38.53 38.698 38.787 38.798 38.771 38.714 38.506 38.392 34.992 32.761 30.752 30.534 30.584 30.547 30.485 30.575 30.694 31.224 36.601 37.52 37.851 38.15 38.433 38.754 38.964 38.885 38.56 38.268 38.014 37.735 37.525 33.652
32.284 32.244 32.23 32.165 32.116 32.06 32.026 32.046 32.588 32.723 34.006 38.98 39.508 39.795 40.08 40.267 40.446 40.555 40.642 40.685 40.612 40.511 40.39 40.254 40.069 39.639 39.175 33.647 32.569 32.397 32.301 32.356 32.767 32.122 32.109 32.119 32.14 36.796 38.308 38.423 38.628 38.739 38.759 38.771 38.754 38.579 38.389 38.143 33.764 31.195 30.524 30.57 30.555 30.534 30.502 30.629 30.717 36.513 37.511 37.755 38.057 38.384 38.633 38.948 38.933 38.685 38.385 38.133 37.783 37.576 35.965 30.62
32.17 32.21 32.192 32.161 32.102 32.075 31.871 31.923 32.021 32.654 32.725 37.043 39.272 39.626 39.897 40.159 40.364 40.475 40.573 40.636 40.709 40.556 40.423 40.299 40.098 39.802 34.845 32.496 32.466 33.063 32.952 32.294 33.022 32.635 32.13 32.089 32.034 32.223 34.047 38.392 38.716 38.78 38.782 38.737 38.685 38.487 38.296 33.398 31.209 30.557 30.523 30.523 30.51 30.486 30.621 30.645 32.247 37.437 37.764 37.943 38.238 38.508 38.817 38.964 38.721 38.477 38.17 37.944 37.626 37.259 31.39 30.518
32.066 32.105 32.152 32.118 32.064 32.074 31.964 31.875 31.868 31.951 32.844 33.957 39.007 39.496 39.713 39.996 40.244 40.395 40.554 40.624 40.667 40.704 40.505 40.367 36.089 33.398 32.451 32.415 32.36 32.309 32.957 32.279 32.759 32.485 32.274 32.094 32.065 32.051 32.099 33.474 38.587 38.808 38.788 38.655 38.593 38.37 37.926 32.19 30.95 30.496 30.531 30.558 30.522 30.501 30.6 34.056 37.32 37.691 37.963 38.225 38.454 38.759 39.072 38.876 38.615 38.281 37.883 37.737 37.289 32.511 30.527 30.479
32.1 31.972 32.044 32.069 32.017 32.022 31.915 31.931 31.763 32.878 32.136 32.676 37.685 39.375 39.668 39.867 40.137 40.369 40.486 40.579 40.666 36.727 36.177 33.318 32.534 32.437 32.408 32.354 32.341 32.306 32.425 32.984 32.306 33.056 32.391 32.07 32.052 32.036 32.016 32.022 32.111 37.463 38.676 38.59 38.452 38.116 32.989 30.823 30.555 30.55 30.545 30.564 30.548 30.64 30.674 34.318 37.545 37.82 38.058 38.397 38.69 38.912 38.966 38.67 38.396 38.048 37.804 37.541 37.004 30.628 30.479 30.44
32.264 31.934 31.916 32.002 32.017 31.986 31.938 31.898 31.745 32.107 32.366 32.36 33.151 38.969 39.444 39.733 40.001 40.23 40.408 40.53 35.457 33.407 32.568 32.478 32.446 32.398 32.317 32.316 32.297 32.307 32.237 32.52 33.411 32.166 32.053 32.032 32.063 31.969 31.976 31.975 32.061 32.099 33.368 37.727 38.113 34.142 32.288 30.633 30.58 30.572 30.556 30.494 30.586 30.65 35.316 37.509 37.736 37.985 38.295 38.578 38.821 39.065 38.746 38.511 38.157 37.896 37.633 33.876 30.551 30.493 30.468 30.394
33.291 32.132 31.853 31.886 31.902 31.917 31.917 31.862 31.747 31.636 33.293 32.105 32.598 37.004 39.278 39.593 39.889 40.115 36.195 34.781 32.634 32.532 32.475 32.473 32.337 32.329 32.329 32.245 32.301 32.244 32.211 32.205 32.839 33.094 32.043 31.972 32.031 31.965 31.925 31.931 31.968 31.942 31.95 32.096 32.948 31.311 30.666 30.552 30.576 30.581 30.547 30.547 34.401 31.312 32.292 37.065 37.575 37.811 38.151 38.56 38.844 38.901 38.573 38.267 37.962 37.754 37.445 33.623 30.514 30.425 30.435 30.393
32.704 32.594 32.078 31.826 31.812 31.835 31.812 31.86 31.768 31.699 31.591 31.564 31.723 32.301 38.943 39.409 39.631 34.748 32.557 32.5 32.524 32.41 32.376 32.329 32.382 32.31 32.211 32.19 32.214 32.106 32.139 32.124 32.058 32.54 32.212 31.969 31.918 31.892 31.9 31.906 31.874 31.887 31.915 31.838 31.462 30.764 30.592 30.568 30.598 30.535 30.465 34.526 37.472 37.587 35.916 30.885 35.87 37.253 37.726 38.06 38.397 38.635 38.386 38.123 37.789 37.54 33.814 30.516 30.494 30.507 30.402 30.43
32.672 32.728 32.773 31.976 31.774 31.675 31.732 31.779 31.749 31.696 31.552 31.468 31.473 31.776 36.316 34.537 33.275 33.065 32.497 32.38 32.394 32.303 32.242 33.063 32.834 32.223 32.156 32.133 32.126 32.03 32.038 32.023 32 32.114 32.287 32.246 31.827 31.851 31.84 31.807 31.877 31.845 31.826 31.525 30.936 30.6 30.579 30.638 30.607 30.568 30.786 36.719 37.361 37.48 36.305 36.783 31.045 31.816 35.989 37.356 37.845 38.194 38.223 37.913 37.63 37.283 31.442 30.542 30.441 30.407 30.417 30.379
32.686 32.677 32.697 32.544 31.696 31.664 31.607 31.65 31.624 31.624 31.591 31.483 31.433 31.422 31.747 32.301 32.587 33.187 33.548 32.517 32.278 32.205 32.241 32.232 33.184 32.626 32.208 31.982 32.011 31.989 31.987 31.933 31.906 31.903 31.957 32.81 32.193 31.741 31.733 31.902 31.893 31.736 31.549 31.017 31.949 30.588 30.579 30.597 30.536 30.554 35.752 38.358 37.552 37.443 37.278 32.91 30.625 31.944 31.466 35.192 37.466 37.777 37.976 37.673 37.456 33.621 30.583 30.477 30.474 30.481 30.427 30.374
32.611 32.672 32.701 32.726 32.434 31.853 31.548 31.504 31.529 31.565 31.513 31.469 31.404 31.323 31.393 31.678 32.417 32.525 33.802 32.991 32.627 32.178 32.066 32.01 32.319 33.322 32.561 32.004 31.921 31.897 31.912 31.848 31.915 31.782 31.793 31.71 32.315 31.683 31.696 32.73 32.087 31.495 31.138 30.75 30.56 30.574 30.579 30.591 30.528 34.584 37.653 40.071 41.705 39.041 33.971 31.358 30.612 30.663 30.87 30.585 31.986 36.853 37.579 37.459 34.132 31.314 30.55 30.468 30.434 30.453 30.424 30.368
32.595 32.735 32.716 32.767 32.667 32.81 31.569 31.459 31.453 31.488 31.441 31.456 31.399 31.297 31.316 31.327 31.432 32.465 32.463 32.354 33.444 32.924 32.177 32.085 31.986 32.503 33.096 32.06 31.81 31.862 31.834 31.764 31.738 31.711 31.717 32.406 32.854 31.842 31.961 32.224 31.857 31.243 30.918 30.76 30.577 30.566 30.598 30.505 30.735 38.157 39.503 41.281 40.627 39.14 33.825 30.714 30.654 30.649 30.633 30.599 30.573 30.692 35.751 36.68 31.354 30.561 30.501 30.481 30.471 30.459 30.395 30.354
32.608 32.646 32.643 32.763 32.73 32.617 32.295 31.449 31.388 31.422 31.405 31.473 31.374 31.39 31.316 31.216 31.296 31.551 32.315 32.39 33.204 32.89 33.117 32.291 32.013 31.962 32.13 31.882 31.76 31.705 31.7 31.709 31.733 31.837 32.597 31.948 32.159 31.814 31.736 31.496 31.517 30.98 30.746 30.622 30.584 30.582 30.563 30.433 30.743 38.692 39.872 41.788 40.494 38.021 30.83 30.682 30.708 30.724 30.671 30.662 30.584 30.604 30.535 31.779 30.554 30.537 30.521 30.533 30.475 30.484 30.437 30.387
32.559 32.619 32.648 32.671 32.717 32.704 32.647 32.355 31.425 31.301 31.356 31.422 31.396 31.364 31.322 31.186 31.211 31.238 31.338 31.997 32.556 32.308 32.973 33.239 32.37 32.022 31.935 31.874 31.828 31.718 31.635 31.776 32.745 32.729 32.916 32.006 31.812 31.721 31.443 30.996 30.834 30.877 30.697 30.594 30.561 30.505 30.507 30.515 30.46 36.89 38.822 39.399 38.569 32.862 30.724 31.602 31.673 31.652 31.51 30.886 31.298 30.693 30.628 30.651 30.623 30.563 30.548 32.536 33.542 32.798 30.576 30.439
32.528 32.561 32.646 32.688 32.675 32.727 32.675 32.833 31.452 31.263 31.269 31.338 31.316 31.357 31.289 31.244 31.15 31.144 31.211 31.316 31.788 32.102 32.448 32.536 32.451 32.061 31.95 31.918 31.858 31.911 32.601 32.714 32.486 32.195 31.834 31.691 31.449 31.089 30.933 30.874 30.78 30.603 30.621 30.571 30.534 30.523 30.52 30.476 30.452 30.478 32.02 31.82 32.594 32.54 31.187 32.687 33.206 32.512 32.278 32.4 32.621 31.242 30.615 30.679 32.027 30.695 30.629 33.341 35.356 34.32 32.619 32.605
32.628 32.503 32.626 32.715 32.69 32.738 32.772 32.624 32.432 31.28 31.168 31.247 31.3 31.278 31.282 31.222 31.187 31.155 31.088 31.198 31.271 31.625 32.011 32.151 32.18 34.04 32.408 31.99 33.427 33.627 33.809 32.443 31.971 31.741 31.442 31.122 30.982 30.888 30.801 30.714 30.707 30.642 30.596 30.55 30.566 30.831 30.463 30.508 30.451 30.36 30.393 30.382 30.312 30.375 30.332 30.734 30.63 30.675 30.422 30.384 30.426 30.644 30.486 30.435 31.03 30.569 30.458 31.289 32.962 32.692 32.909 32.869
32.694 32.513 32.585 32.64 32.671 32.675 32.774 32.641 32.552 31.361 31.132 31.219 31.207 31.241 31.268 31.227 31.231 31.13 31.059 30.986 31.029 31.113 31.303 31.512 31.829 32.288 32.209 32.276 32.664 31.942 31.883 31.636 31.176 31.11 30.883 30.874 30.831 30.795 30.79 30.722 30.723 30.674 30.558 30.513 30.477 30.485 30.483 30.458 30.435 30.406 30.422 30.411 30.372 30.362 30.292 30.328 30.29 30.337 30.343 30.324 30.328 30.325 30.297 30.303 30.317 30.38 30.324 30.347 30.336 30.377 30.585 30.707
