dsm/se2838_DSM_2M.asc
ncols 500
nrows 500
xllcorner    428000
yllcorner    438000
cellsize     2
NODATA_value -9999
[rows 186 to 216 of 500, columns 69 to 137 of 500]
83.189 83.139 83.024 82.909 82.812 82.689 82.607 82.527 82.429 82.367 82.237 82.242 82.169 82.089 82.067 82.037 81.987 81.909 81.839 81.774 81.682 81.592 81.519 81.474 81.419 81.364 81.307 81.249 81.172 81.104 81.102 81.079 81.064 81.042 81.017 80.997 80.999 81.009 80.997 81.019 81.062 81.074 81.067 81.437 81.567 80.884 81.284 82.017 80.569 80.602 81.802 80.729 81.094 80.414 80.412 80.427 80.367 80.392 80.364 80.387 80.334 80.292 80.357 80.409 80.342 80.179 80.309 80.217 80.274
82.942 82.847 82.752 82.639 82.552 82.454 82.347 82.277 82.187 82.127 82.012 81.982 81.957 81.872 81.844 81.842 81.792 81.737 81.669 81.599 81.519 81.432 81.357 81.289 81.234 81.202 81.114 81.082 81.027 80.964 80.944 80.922 80.919 80.939 80.939 80.899 80.909 80.939 80.962 80.979 80.947 80.739 80.604 80.579 80.622 81.447 82.169 80.492 80.482 80.464 80.477 80.542 86.177 80.297 80.259 80.244 80.229 80.217 89.799 80.302 80.317 80.217 80.207 80.202 80.099 80.047 80.042 80.109 80.159
82.687 82.589 82.509 82.404 82.317 82.212 82.099 82.034 81.939 81.874 81.787 81.747 81.764 81.667 81.619 81.669 81.617 81.579 81.517 81.459 81.367 81.292 81.204 81.142 81.089 81.052 80.997 80.952 80.904 80.862 80.864 80.864 80.859 80.864 80.847 80.919 80.942 80.882 86.847 80.747 80.499 80.372 80.324 81.869 80.094 80.017 80.172 80.219 80.279 80.269 80.272 80.307 88.234 81.172 80.202 80.197 80.237 80.167 81.164 80.189 80.112 80.084 80.017 80.012 80.012 80.092 80.034 80.087 80.154
82.462 82.364 82.282 82.169 82.092 81.977 81.867 81.787 81.727 81.637 81.599 81.547 81.557 81.497 81.437 81.462 81.479 81.434 81.374 81.329 81.249 81.182 81.099 81.037 80.987 80.989 80.949 80.909 80.902 80.869 80.852 80.832 80.852 80.854 80.874 80.832 82.954 80.617 81.732 80.299 80.149 80.092 80.569 80.317 79.929 79.907 79.974 80.054 80.109 80.144 80.147 80.199 80.197 80.142 80.649 80.274 80.134 80.222 80.102 80.099 80.022 80.314 80.162 79.942 79.832 79.797 83.802 79.827 79.934
82.252 82.139 82.047 81.954 81.852 81.747 81.647 81.539 81.487 81.414 81.389 81.372 81.379 81.334 81.284 81.284 81.314 81.307 81.247 81.204 81.177 81.132 81.077 81.024 81.002 80.974 80.932 80.897 80.862 80.854 80.814 80.752 80.734 80.597 80.584 82.242 81.989 80.154 80.084 80.059 80.017 79.979 79.917 79.854 79.839 79.854 79.959 80.097 80.099 80.007 79.959 79.972 79.917 79.977 80.344 80.222 80.044 80.052 79.947 79.819 79.982 80.949 81.022 80.279 79.889 79.784 79.732 79.754 79.777
82.044 81.932 81.799 81.742 81.607 81.514 81.434 81.339 81.252 81.212 81.182 81.197 81.247 81.204 81.167 81.159 81.159 81.187 81.199 81.187 81.159 81.112 81.032 80.969 80.962 80.907 80.847 80.697 80.569 80.552 80.392 80.257 80.197 80.049 81.052 80.069 79.982 79.949 79.907 79.867 79.844 79.912 79.857 79.797 79.797 79.942 80.169 79.982 79.992 79.867 79.822 83.042 84.129 80.207 79.844 79.857 79.917 79.702 79.617 79.792 80.209 81.174 80.962 80.489 79.952 79.852 79.759 79.712 79.659
81.824 81.719 81.584 81.502 81.404 81.314 81.217 81.109 81.059 81.037 81.014 81.049 81.097 81.102 81.022 81.047 81.094 81.129 81.127 81.079 81.047 80.912 81.462 81.692 80.457 80.264 80.222 80.112 80.057 79.982 79.984 79.954 80.007 79.869 79.917 79.914 79.802 79.767 79.774 79.727 79.709 79.747 79.789 79.852 79.757 80.367 79.742 79.667 79.729 79.759 80.152 86.812 85.254 82.044 79.789 79.789 79.827 79.714 79.744 79.804 79.912 80.624 80.849 80.139 79.849 79.777 79.674 79.664 79.622
81.607 81.487 81.367 81.259 81.179 81.072 80.992 80.912 80.879 80.874 80.859 80.929 80.927 80.962 80.887 80.924 80.944 80.967 80.919 80.842 80.412 80.379 80.084 80.069 80.307 80.147 79.812 79.792 79.789 79.842 80.037 80.099 79.727 79.694 79.659 79.647 79.662 79.684 79.677 79.639 79.627 79.662 79.702 79.732 79.632 80.152 79.572 79.649 79.614 79.702 79.657 79.749 85.639 80.032 79.657 79.797 80.259 79.644 79.652 79.734 79.782 79.797 79.789 79.642 79.617 79.632 79.669 79.652 79.592
81.387 81.257 81.142 81.007 80.942 80.862 80.782 80.737 80.724 80.727 80.779 80.774 80.769 80.724 80.637 80.622 80.537 80.757 80.697 80.662 79.962 80.732 79.734 79.699 79.627 79.579 79.569 79.594 81.304 79.699 79.702 79.624 79.584 79.547 79.677 79.599 79.519 79.612 82.939 79.584 79.567 80.917 79.547 79.602 79.619 79.722 79.552 81.074 79.537 79.557 79.532 81.517 81.839 79.559 79.549 80.094 79.689 79.502 79.534 79.564 79.689 79.617 79.549 79.617 79.619 79.664 79.637 79.557 79.369
81.169 81.019 80.902 80.807 80.729 80.644 80.577 80.554 80.604 80.629 80.664 80.609 80.559 80.299 79.989 79.884 79.852 79.962 79.959 80.222 80.397 82.604 79.534 79.664 79.424 79.437 79.857 79.397 79.427 79.454 79.474 79.452 79.457 79.464 79.457 79.414 79.404 79.437 79.444 79.474 79.444 79.404 79.424 79.487 79.469 79.439 79.427 85.467 79.449 79.477 80.492 81.142 79.504 79.522 79.482 79.507 79.444 79.407 79.447 79.469 79.529 79.527 79.537 79.587 79.604 80.144 79.439 79.402 79.462
80.949 80.824 80.709 80.624 80.539 80.469 80.392 80.454 80.487 80.504 80.499 80.404 80.107 79.742 79.654 79.744 79.679 79.682 79.912 79.494 79.472 79.307 79.314 79.287 79.289 79.309 79.299 79.309 79.317 79.357 79.412 79.397 79.429 79.402 79.357 79.302 79.312 79.312 79.357 79.384 79.244 79.334 79.294 79.424 79.354 79.367 79.409 79.322 79.432 79.384 82.402 82.052 79.354 79.359 79.362 79.364 79.314 79.397 79.499 79.502 79.487 79.479 79.454 79.459 79.389 79.477 79.614 79.787 80.044
80.752 80.614 80.502 80.399 80.364 80.339 80.189 80.332 80.362 80.274 80.049 79.837 79.647 79.502 79.397 79.354 79.434 79.829 79.407 79.242 79.172 79.134 79.182 79.237 79.234 79.259 79.219 79.232 79.224 79.317 79.284 79.244 79.264 79.212 79.257 79.257 79.254 79.544 82.864 82.352 79.134 79.229 79.254 79.222 79.307 79.267 79.512 79.262 79.254 79.384 79.289 79.242 79.234 79.219 79.229 79.304 79.344 79.432 79.479 79.512 79.464 79.354 79.344 79.507 79.697 79.992 80.217 80.509 80.809
80.557 80.447 80.377 80.394 80.294 80.262 80.237 80.087 79.937 79.824 79.752 79.639 79.357 79.452 79.257 79.367 79.717 79.142 79.154 79.107 79.112 79.124 79.107 79.097 79.124 79.179 79.157 79.147 79.134 79.169 79.152 79.132 79.179 79.092 79.129 79.149 79.117 79.097 80.804 81.854 79.252 79.662 79.222 79.234 79.157 79.112 79.194 79.109 79.709 79.204 79.064 79.127 79.212 79.219 79.239 79.294 79.384 79.434 81.362 79.339 79.524 79.709 79.954 80.154 80.382 80.604 81.049 81.064 81.237
80.419 80.334 80.257 80.254 80.162 80.062 79.797 79.627 79.574 79.552 79.434 79.312 79.179 79.134 79.209 79.509 79.199 79.054 79.144 79.244 79.114 79.099 79.019 78.977 78.987 79.027 79.062 79.034 78.984 79.014 78.989 78.952 78.997 78.979 79.072 87.684 78.979 78.912 80.734 81.189 78.939 79.024 79.094 79.172 79.122 79.017 79.009 78.972 78.987 79.002 79.059 79.112 79.167 79.159 79.247 79.299 79.357 79.449 79.674 79.979 80.134 80.449 80.634 80.724 80.837 81.007 81.119 81.069 81.089
80.239 80.137 80.064 80.037 79.804 79.727 79.532 79.407 79.404 79.302 78.959 78.957 79.014 78.959 79.167 79.272 78.952 79.017 78.912 78.992 78.899 78.952 78.944 78.959 78.864 78.874 79.047 78.974 78.942 78.887 78.872 78.814 78.829 78.844 78.877 79.327 78.752 78.809 78.899 79.224 78.847 78.854 78.947 78.694 78.724 78.782 78.827 78.837 78.872 78.959 79.034 79.094 79.059 79.094 79.399 79.794 79.874 80.087 80.282 80.414 80.524 80.634 80.694 80.697 80.742 80.814 80.912 81.054 81.144
80.082 79.982 79.859 80.064 79.842 79.504 79.409 79.222 79.867 78.939 78.884 80.287 78.837 78.844 78.877 78.929 78.894 78.764 78.832 78.737 78.764 78.849 78.827 79.034 78.749 78.722 78.727 78.829 78.827 78.927 78.752 78.609 78.599 78.642 78.654 78.584 78.632 78.779 78.844 78.857 78.727 78.649 78.637 78.719 78.752 78.767 78.792 78.867 78.929 78.942 79.014 79.184 79.444 79.704 79.909 80.079 80.249 80.254 80.314 80.317 80.359 80.432 80.584 80.694 80.834 80.807 80.699 80.677 80.752
79.867 79.832 79.729 79.797 79.642 79.387 79.189 79.032 79.027 78.984 78.877 78.854 78.752 78.754 78.557 78.612 78.697 78.727 78.757 78.592 78.652 78.752 78.664 78.514 78.589 78.589 78.589 78.609 78.639 78.664 78.549 78.457 78.439 78.524 78.479 78.502 78.557 78.574 78.574 78.532 78.619 78.627 78.657 78.709 78.774 78.802 78.899 78.942 79.079 79.367 79.597 79.764 79.889 79.927 79.959 80.009 80.019 80.079 80.192 80.307 80.412 80.447 80.344 80.317 80.382 80.459 80.532 80.599 80.672
79.794 79.672 79.644 79.577 79.564 79.212 78.967 78.874 78.942 78.864 78.789 78.692 78.652 78.614 78.449 78.522 78.489 78.474 78.487 78.384 78.612 79.162 78.497 78.372 78.454 78.467 78.422 78.422 78.469 78.637 78.449 78.369 78.349 78.422 78.404 78.429 78.464 78.542 78.549 78.559 78.582 78.614 78.644 78.677 78.774 79.004 79.199 79.389 79.519 79.604 79.682 79.687 79.707 79.764 79.844 79.979 80.062 80.112 80.032 79.994 80.027 80.094 80.162 80.249 80.307 80.377 80.442 80.522 81.187
79.654 79.562 79.517 79.419 79.417 79.162 79.037 79.039 78.914 79.082 78.982 78.487 78.354 78.337 78.332 78.362 78.424 78.319 78.164 78.142 84.937 81.917 78.844 78.334 78.422 78.359 78.417 78.277 78.227 78.322 78.379 78.317 78.262 78.289 78.379 78.392 78.459 78.489 78.532 78.724 78.529 78.659 78.837 79.084 79.239 79.332 79.392 79.422 79.429 79.452 79.517 79.614 79.724 79.787 79.729 79.639 79.674 79.752 79.819 79.877 79.944 80.014 80.079 80.142 80.227 80.284 80.357 80.419 80.509
79.542 79.444 79.359 79.294 80.424 79.099 78.867 78.754 79.104 79.372 79.082 78.282 78.242 78.194 78.197 78.219 78.192 78.344 78.204 78.159 78.142 82.412 80.167 81.292 78.369 78.344 78.299 78.307 78.119 78.107 78.109 78.227 78.217 78.254 78.329 78.602 78.339 78.379 78.529 78.689 78.992 79.074 79.109 79.154 79.174 79.184 79.222 79.324 79.402 79.484 79.432 79.354 79.342 79.459 80.677 80.364 79.602 79.679 79.737 79.802 79.872 79.924 79.994 80.064 80.139 80.332 80.559 80.664 80.729
79.357 79.314 79.192 79.192 79.834 79.074 78.754 78.612 78.689 79.437 79.099 78.244 78.167 78.087 78.139 78.154 78.132 78.159 78.179 78.609 78.204 78.119 78.114 78.134 78.324 78.102 78.049 77.992 78.042 78.092 78.139 78.192 78.222 78.252 78.289 78.372 78.562 78.749 78.834 78.884 78.927 78.927 78.947 79.004 79.094 79.177 79.207 79.124 79.042 79.072 79.137 79.212 79.284 79.347 79.409 79.477 79.539 79.604 79.657 79.722 79.829 79.984 80.159 80.257 80.334 80.429 80.534 80.572 80.639
79.204 79.164 79.069 79.044 78.979 78.862 78.819 78.534 78.342 78.759 78.599 78.287 78.124 78.044 78.167 78.034 78.049 78.059 78.069 78.052 82.954 78.047 78.034 78.002 77.989 77.992 77.972 77.987 78.002 78.027 78.129 78.162 78.209 78.432 78.597 78.609 78.677 78.702 78.697 78.722 78.789 78.884 78.949 78.887 78.742 78.774 78.844 78.904 78.969 79.029 79.087 79.164 79.222 79.277 79.337 79.389 79.462 79.642 79.857 79.954 80.004 80.059 80.089 80.177 80.262 80.357 80.419 80.372 80.377
79.027 79.009 78.954 78.894 78.802 78.694 78.539 78.339 78.214 78.127 77.997 78.064 77.949 77.904 77.939 78.054 77.967 77.927 77.924 77.857 78.064 77.899 77.929 77.937 77.924 77.952 77.969 77.999 78.059 78.164 78.352 78.484 78.464 78.492 78.484 78.482 78.519 78.592 78.637 78.687 78.567 78.502 78.537 78.594 78.669 78.732 78.794 78.847 78.924 78.974 79.024 79.092 79.147 79.289 79.512 79.639 79.682 79.749 79.797 79.859 79.949 80.034 80.019 80.007 80.024 80.087 80.162 80.222 80.297
78.864 78.837 78.772 78.694 78.632 78.494 78.414 78.354 78.114 78.119 78.619 78.452 77.944 77.862 77.969 77.944 77.829 77.754 77.747 77.772 78.119 77.812 77.804 77.787 77.809 77.824 77.894 78.194 78.254 78.419 78.329 78.287 78.284 78.324 78.394 78.452 78.434 78.287 78.264 78.319 78.389 78.449 78.502 78.567 78.629 78.704 78.754 78.807 78.842 78.932 79.179 79.332 79.372 79.414 79.477 79.529 79.609 79.722 79.727 79.662 79.689 79.739 79.797 79.854 79.922 79.992 80.059 80.129 80.194
78.669 78.639 78.579 78.494 78.437 78.317 78.239 78.142 78.377 78.719 78.589 82.877 77.767 77.699 77.704 77.714 77.704 77.667 77.702 77.689 77.667 77.657 77.597 77.779 77.872 78.072 78.152 78.107 78.072 78.064 78.127 78.194 78.249 78.184 78.067 78.074 78.132 78.184 78.242 78.309 78.362 78.419 79.677 79.524 78.584 78.654 78.824 79.007 79.134 79.184 79.222 79.222 79.282 79.394 79.429 79.362 79.364 79.419 79.479 79.534 79.579 79.637 79.697 79.757 79.819 79.889 79.964 80.034 80.089
78.437 78.429 78.397 78.322 78.199 78.092 78.137 78.554 78.497 78.209 77.752 77.649 77.637 77.649 77.657 77.674 77.639 77.667 78.574 77.582 77.657 77.774 77.862 77.869 77.867 77.862 77.887 77.979 78.042 78.047 77.942 77.847 77.872 77.934 77.994 78.062 78.109 78.174 78.232 78.292 78.344 78.379 78.707 78.694 78.849 78.889 78.954 79.029 79.094 79.164 79.174 79.087 79.052 79.092 79.144 79.212 79.284 79.334 79.387 79.437 79.484 79.544 79.592 79.657 79.722 79.827 80.022 80.204 80.367
78.224 78.177 78.132 78.039 77.964 77.894 77.764 77.709 77.679 77.714 77.667 77.627 77.607 77.679 77.699 77.729 77.612 77.697 77.794 77.732 77.739 77.714 77.682 77.707 77.782 77.837 77.827 77.687 77.662 77.697 77.757 77.817 77.869 77.929 77.992 78.049 78.107 78.164 78.202 78.324 78.569 78.689 78.762 78.789 78.817 78.892 78.927 78.879 78.789 78.799 78.862 78.917 78.969 79.019 79.072 79.127 79.197 79.239 79.292 79.344 79.389 79.484 79.669 79.872 80.009 80.099 80.117 80.209 80.379
77.997 77.929 77.869 77.754 77.727 77.712 77.684 77.619 77.647 77.842 77.922 78.252 77.757 78.282 77.734 77.764 77.722 77.639 77.584 77.554 77.577 77.629 77.672 77.639 77.507 77.484 77.539 77.589 77.649 77.697 77.762 77.822 77.864 77.922 77.974 78.039 78.227 78.464 78.564 78.577 78.607 78.654 78.729 78.712 78.604 78.542 78.584 78.637 78.692 78.737 78.802 78.854 78.894 78.932 78.987 79.029 79.097 79.204 79.357 79.527 79.644 79.704 79.742 79.854 79.984 80.179 80.404 80.682 80.752
77.814 77.702 77.657 77.619 77.634 77.642 77.692 77.662 78.154 78.982 78.017 77.709 77.789 77.759 77.642 77.447 77.407 77.459 77.504 77.549 77.467 77.342 77.334 77.387 77.452 77.492 77.537 77.599 77.649 77.697 77.747 77.792 77.867 78.059 78.297 78.344 78.402 78.474 78.529 78.534 78.467 78.349 78.334 78.382 78.434 78.484 78.529 78.584 78.627 78.672 78.727 78.777 78.817 78.884 79.047 79.222 79.339 79.389 79.382 79.439 79.587 79.734 79.869 79.997 80.037 80.229 80.197 80.817 79.734
77.629 77.652 77.702 78.412 78.534 77.479 77.484 77.564 77.547 77.722 77.459 77.394 77.319 77.314 77.364 77.374 77.409 77.264 77.209 77.249 77.279 77.319 77.357 77.389 77.442 77.499 77.544 77.592 77.639 77.754 77.992 78.104 78.152 78.247 78.282 78.304 78.334 78.214 78.117 78.142 78.194 78.242 78.289 78.339 78.382 78.424 78.477 78.519 78.559 78.607 78.717 78.902 79.027 79.077 79.067 79.094 79.202 79.354 79.514 79.669 79.732 80.234 79.837 79.744 80.342 80.649 80.654 81.024 82.734
77.909 79.767 78.292 77.307 77.264 77.312 77.279 77.304 77.247 77.197 77.217 77.247 77.284 77.249 77.129 77.067 77.099 77.167 77.207 77.242 77.282 77.327 77.362 77.549 77.444 77.509 77.694 77.884 77.959 78.032 78.089 78.112 78.134 78.094 77.987 77.927 77.982 78.024 78.062 78.117 78.159 78.207 78.249 78.299 78.339 78.372 78.444 78.599 78.774 78.862 78.892 78.872 78.962 79.069 79.119 79.282 79.777 79.404 79.449 80.547 81.244 85.279 82.334 79.697 79.829 80.847 80.519 79.204 79.562
