dsm/se2836_DSM_2M.asc
ncols 500
nrows 500
xllcorner    428000
yllcorner    436000
cellsize     2
NODATA_value -9999
[rows 192 to 223 of 500, columns 213 to 283 of 500]
55.064 54.716 54.586 54.609 55.026 54.429 54.764 54.691 53.941 53.839 53.851 53.904 54.951 62.954 58.269 54.011 52.064 51.896 51.901 51.931 52.311 52.761 52.623 52.575 51.429 51.141 51.472 52.085 52.726 52.606 52.809 53.355 53.837 54.156 54.379 54.496 54.509 54.491 54.484 54.561 54.526 54.536 54.869 55.106 55.134 55.179 55.286 55.496 55.579 55.656 58.554 60.919 61.186 60.951 58.711 58.404 62.239 62.804 62.189 61.559 59.586 60.021 61.004 62.919 63.341 63.821 64.194 64.404 63.179 59.796 59.956
56.664 56.676 55.856 58.839 54.781 56.959 56.229 54.914 53.989 53.844 53.861 53.806 53.746 55.016 54.384 52.679 52.349 52.659 52.401 52.624 52.459 52.756 52.634 52.491 51.141 50.754 51.404 51.561 52.539 52.586 52.861 53.314 53.666 53.969 54.249 54.366 54.429 54.434 54.459 54.431 54.454 54.491 54.771 55.209 55.104 55.199 55.251 55.269 55.754 56.651 59.389 57.104 56.481 56.679 60.134 61.729 62.879 63.851 62.896 61.754 58.809 59.361 59.244 59.241 61.034 62.551 62.956 63.394 62.204 59.639 59.646
58.294 58.214 54.574 54.634 54.444 55.906 61.794 58.486 54.019 53.869 53.836 53.869 53.789 53.361 53.376 52.784 52.546 52.574 52.506 52.444 52.546 52.721 52.644 52.406 51.046 55.221 50.904 51.546 52.456 52.586 52.874 53.216 53.454 53.831 54.049 54.244 54.321 54.244 54.296 54.396 54.401 54.429 54.406 54.721 55.009 55.101 55.149 55.319 55.729 57.786 58.944 56.351 56.474 56.656 59.684 62.359 63.506 63.451 62.321 61.101 58.911 58.661 59.139 58.976 59.161 59.289 59.519 60.044 60.144 59.474 59.321
54.684 54.616 54.554 54.501 54.524 57.099 60.371 62.871 60.064 53.861 53.844 53.799 53.764 53.311 53.444 52.864 52.596 52.589 52.474 52.476 58.619 52.709 52.639 53.084 51.161 54.071 51.106 51.599 52.431 52.629 52.861 53.066 53.244 53.466 53.759 53.921 53.961 54.016 54.226 54.241 54.316 54.391 54.379 54.344 54.536 54.969 55.071 55.254 55.516 59.724 56.234 56.289 56.461 56.989 61.836 62.956 63.841 62.846 61.701 59.159 58.956 58.836 59.586 58.824 58.919 59.071 59.084 59.181 59.346 59.224 62.416
54.691 54.604 54.544 54.444 54.414 54.421 56.574 58.626 58.264 53.909 53.849 53.821 58.684 53.366 53.519 53.021 52.664 52.674 52.611 52.974 52.609 52.711 52.674 52.459 51.694 58.454 50.851 51.564 52.461 52.671 52.831 52.929 52.996 53.131 53.294 53.379 53.446 53.614 54.021 54.211 54.361 54.256 54.281 54.299 54.404 54.546 55.024 55.376 57.634 58.471 56.121 56.244 57.234 58.799 61.789 62.414 62.996 62.229 60.901 59.606 60.154 58.574 58.699 58.574 58.864 59.019 58.976 58.834 58.919 62.416 63.321
54.659 54.584 54.509 54.454 54.384 54.356 55.741 57.901 54.104 53.896 53.869 62.799 64.571 61.421 53.589 53.169 52.831 52.604 52.654 52.641 52.624 52.749 52.709 52.424 52.729 53.886 52.871 51.591 52.506 52.714 52.804 52.821 52.851 52.861 52.971 53.024 53.014 53.106 53.616 54.114 54.276 54.249 54.251 54.309 54.371 54.461 54.749 55.644 59.191 56.364 56.066 56.201 57.961 58.046 58.296 60.381 61.896 61.471 58.606 59.889 59.339 60.064 58.741 58.309 58.241 58.226 58.296 58.746 58.946 59.239 62.679
54.664 54.581 54.536 54.454 54.369 54.351 54.386 55.911 54.519 53.909 53.886 53.951 61.041 53.504 53.634 53.379 53.186 53.041 52.929 52.854 52.776 52.841 52.779 52.516 51.211 50.709 50.726 51.549 52.516 52.819 52.851 52.904 56.676 62.324 63.491 63.356 62.199 56.054 53.399 53.986 54.291 54.291 54.256 54.359 54.424 54.526 54.734 55.074 56.701 56.489 56.116 59.614 58.421 58.094 58.396 58.431 58.459 59.421 58.411 58.386 59.001 58.576 58.236 58.189 58.226 58.206 58.159 58.709 59.019 58.964 61.114
54.659 54.581 54.526 54.456 55.186 56.719 55.316 55.579 54.351 53.924 53.844 53.841 53.729 53.544 53.656 53.501 53.469 53.449 53.369 53.174 52.981 52.914 52.824 52.524 51.306 50.686 50.711 51.526 52.531 52.906 52.896 52.954 55.551 62.279 63.399 63.419 62.286 57.504 53.349 53.954 54.196 54.261 54.241 54.331 54.426 54.494 54.716 55.066 55.169 55.274 55.531 56.269 60.214 60.114 59.176 58.596 58.254 58.329 58.336 58.351 58.319 58.306 58.171 58.234 58.274 58.259 58.206 59.626 58.799 58.909 59.054
54.696 54.606 54.536 54.509 55.691 55.631 55.541 56.329 54.209 53.894 53.691 53.764 53.734 53.604 55.579 53.601 53.739 53.814 53.674 53.436 53.126 52.954 52.874 52.519 51.281 50.671 50.681 51.464 52.539 52.921 52.929 52.934 54.776 62.199 63.351 63.501 62.351 58.866 53.266 53.941 54.199 54.214 54.264 54.349 54.309 54.306 54.601 54.984 55.129 55.136 55.446 56.044 60.394 60.429 59.041 58.036 58.036 58.709 58.036 58.136 58.254 58.271 58.171 58.239 58.274 58.281 58.634 58.401 58.979 59.124 58.881
54.719 54.626 54.561 54.509 54.649 55.954 54.796 54.576 54.254 53.809 53.739 53.796 55.834 55.201 54.484 53.726 54.044 54.229 54.069 53.669 53.256 53.004 52.921 52.581 51.314 50.656 50.656 51.474 52.536 52.926 52.936 53.924 61.546 62.176 63.279 63.561 62.409 60.246 53.246 53.914 54.144 54.239 54.259 54.259 54.269 54.279 54.354 54.879 55.046 55.211 56.119 56.124 59.346 60.146 58.139 58.024 59.844 61.611 60.529 58.076 58.186 58.311 58.129 58.184 58.239 58.264 58.241 58.201 61.819 58.784 58.834
54.721 54.634 54.524 54.476 54.444 54.331 54.336 58.274 54.899 53.944 53.761 53.819 53.954 55.221 54.174 53.791 54.224 54.504 54.284 53.816 53.374 53.049 52.912 52.622 51.498 50.795 50.903 51.665 52.516 52.927 52.958 52.985 53.705 62.044 63.196 63.629 62.484 60.679 53.229 53.826 54.119 54.196 54.226 54.244 54.241 54.271 54.351 54.831 55.101 55.306 55.609 56.011 56.276 56.704 57.954 60.291 61.806 62.576 61.781 60.694 58.139 58.224 58.181 58.151 58.171 58.229 58.251 58.216 58.584 61.991 58.856
54.699 54.619 54.554 54.449 54.396 54.339 54.249 55.086 54.581 54.011 53.889 53.836 53.831 53.744 53.579 53.884 54.331 54.501 54.329 53.907 53.444 53.063 52.93 52.708 51.527 50.772 51.308 52.299 52.622 52.921 52.957 53.048 52.968 61.941 63.129 63.741 62.559 60.914 53.214 53.791 54.091 54.154 54.911 54.649 54.194 54.241 54.324 54.506 55.201 55.384 55.579 55.729 56.156 56.549 57.939 61.526 62.574 63.414 62.629 61.629 60.414 58.124 58.389 58.176 58.144 58.179 58.209 58.219 58.209 60.884 60.381
54.741 54.666 54.589 54.559 54.599 54.764 54.431 54.669 58.696 54.031 53.896 53.859 53.814 53.821 53.534 53.854 54.309 54.414 54.295 53.965 53.521 53.058 52.964 52.821 51.816 50.79 54.682 53.116 53.638 53.351 52.971 53.054 53.008 61.865 63.026 63.771 62.674 61.521 53.179 53.711 54.039 54.114 54.166 54.124 54.141 54.186 54.231 54.359 56.491 56.754 55.839 57.746 56.839 56.404 56.469 59.511 61.686 62.706 63.411 62.434 61.684 58.464 58.104 58.214 58.284 58.304 58.176 58.214 58.234 58.196 58.456
57.144 54.729 54.619 54.639 54.631 54.761 54.629 54.611 55.004 54.059 53.894 53.916 53.866 53.789 53.569 53.876 54.27 54.399 54.338 54.059 53.622 53.107 52.952 52.869 51.981 51.037 55.292 53.844 54.077 53.502 52.943 53.019 52.996 61.734 62.955 63.826 62.742 61.586 53.064 53.551 53.899 54.056 54.041 54.064 54.096 54.144 54.204 54.296 54.539 54.541 54.714 55.066 55.679 56.371 56.449 56.544 59.871 61.834 62.851 62.849 61.959 61.024 58.029 58.186 58.274 58.356 58.281 58.214 58.246 59.169 58.204
68.996 58.729 55.866 54.604 54.721 54.701 54.699 54.649 54.611 54.064 53.921 53.839 53.744 53.819 53.601 53.869 54.215 54.452 54.417 54.085 53.638 53.162 52.964 52.885 53.121 50.987 52.732 53.979 54.309 53.117 52.952 52.975 52.947 61.15 62.821 63.831 62.83 61.647 52.898 53.311 53.664 53.979 53.976 54.006 54.039 54.109 54.151 54.201 54.251 54.319 54.491 55.021 55.796 56.441 56.426 56.624 57.909 60.861 61.994 61.819 60.701 57.944 58.086 58.169 58.254 58.289 58.389 58.264 58.236 58.254 58.419
68.669 62.091 57.131 55.196 54.786 54.804 54.891 54.771 58.614 54.084 53.944 53.876 53.794 53.834 54.139 54.36 54.081 54.309 54.356 54.103 53.6 53.173 52.951 52.86 52.176 50.78 51.824 53.59 54.402 53.269 52.932 53.098 55.877 61.646 62.766 63.814 62.883 61.438 56.769 58.591 59.594 53.941 53.921 53.949 53.984 54.046 54.099 54.144 54.186 54.239 54.359 54.744 55.651 56.784 56.599 57.414 57.564 57.626 61.111 59.964 57.866 58.061 60.726 60.901 58.241 58.324 58.341 59.726 58.281 58.246 58.271
56.351 56.944 59.999 58.661 55.146 54.831 55.021 55.111 54.819 54.076 53.944 53.846 53.854 55.881 54.05 54.306 53.995 54.115 54.18 54 53.592 53.148 52.963 52.91 52.23 50.986 56.491 54.972 55.092 53.462 52.92 53.012 53.738 61.517 62.658 63.805 63.095 61.47 60.881 60.983 61.059 53.969 54.204 54.124 53.929 53.989 54.036 54.084 54.131 54.191 54.304 54.584 55.541 57.139 56.639 56.691 57.419 57.704 57.501 57.694 57.879 61.204 62.044 62.041 60.991 58.701 60.079 58.414 59.184 58.286 58.286
55.146 55.009 54.836 55.869 55.536 54.509 54.434 54.364 54.226 54.081 53.991 53.816 53.869 54.153 54.523 54.86 53.789 53.864 53.916 53.79 53.485 53.151 52.935 52.99 52.257 51.032 53.697 55.403 55.633 54.391 53.086 52.961 52.911 60.576 62.519 63.774 63.75 63.114 61.901 61.936 61.904 53.886 53.809 53.846 53.891 53.939 53.979 54.011 54.079 54.196 54.326 54.466 55.221 57.109 56.511 57.251 59.639 58.919 57.494 57.666 61.346 62.186 63.046 62.649 61.886 60.866 58.426 58.309 58.306 58.351 58.246
55.199 55.064 54.936 54.804 54.671 54.541 57.091 57.181 56.826 54.069 54.016 53.861 53.871 54.279 54.402 54.029 53.729 53.659 53.641 53.586 53.355 53.096 52.951 53.01 53.966 52.769 52.052 53.486 54.875 54.272 52.95 52.955 52.903 60.719 63.362 62.769 62.682 61.889 60.92 60.851 60.758 54.019 54.184 54.616 53.869 53.894 53.926 53.966 54.014 54.169 54.311 54.574 55.131 57.124 56.444 59.399 59.461 58.021 59.106 57.594 58.621 61.741 62.749 63.571 62.689 61.676 60.166 58.336 58.246 58.509 58.344
55.169 55.054 54.944 54.826 54.709 54.576 54.441 54.316 54.169 54.079 54.974 54.084 56.683 56.591 54.147 53.871 53.687 53.596 53.475 53.404 53.209 53.071 52.979 52.993 54.55 52.313 51.169 54.456 54.701 53.208 52.933 52.982 53.023 62.273 62.601 61.65 61.486 60.042 59.656 58.878 58.526 53.691 53.954 54.186 53.859 53.859 53.889 53.924 53.969 54.076 54.191 54.516 56.424 56.914 58.041 57.096 57.906 57.556 57.574 57.571 57.654 59.871 61.909 62.899 63.466 62.494 61.484 58.874 58.256 58.284 58.334
55.219 55.051 54.904 54.761 54.641 54.519 54.416 54.319 54.199 54.076 54.029 53.984 54.286 55.008 54.532 54.106 53.666 53.546 53.406 53.302 53.162 53.085 52.959 52.973 52.75 51.893 51.459 53.694 55.291 53.113 52.943 52.959 52.972 53.743 55.333 52.969 53.497 53.16 53.3 53.582 54.957 54.213 55.091 54.141 53.749 53.801 53.846 53.881 53.921 53.971 54.029 54.149 55.094 56.831 56.729 56.966 56.676 57.036 57.081 57.579 57.966 57.809 60.999 62.061 62.706 61.844 60.996 58.199 58.141 58.206 58.294
55.466 55.424 55.109 54.874 54.751 54.604 54.384 54.266 54.174 54.096 54.021 54.004 54.277 54.107 53.921 55.448 54.384 53.567 53.415 53.293 53.173 53.097 52.945 52.959 52.88 54.001 52.846 52.305 55.19 53.619 52.893 52.953 53.31 53.216 53.294 53.309 53.322 52.911 52.885 52.876 53.097 54.153 54.956 53.631 53.654 53.754 53.789 53.829 53.879 53.929 53.974 54.071 54.999 56.361 56.456 56.494 56.644 56.814 56.939 56.996 58.236 57.551 57.694 61.191 61.721 60.624 58.069 58.091 59.306 58.139 58.229
62.664 60.606 56.549 56.786 54.999 55.056 54.591 54.609 54.214 54.146 54.266 53.966 54.724 55.471 56.677 56.697 55.369 53.669 53.491 53.375 53.237 53.087 55.749 56.292 54.584 52.048 51.056 52.425 53.91 55.381 52.85 52.901 53.337 53.268 53.141 54.07 53.994 52.686 52.613 52.613 52.656 52.826 53.126 53.379 53.601 53.669 53.716 53.774 53.826 53.874 53.921 54.019 54.924 56.026 56.484 56.486 56.609 56.721 56.816 57.639 57.054 57.164 57.569 57.816 60.061 58.124 57.984 61.121 61.629 59.526 58.169
64.079 63.784 63.586 63.316 63.039 56.894 55.786 54.479 54.829 54.179 54.119 53.934 54.77 57.294 56.875 57.322 57.829 55.431 53.629 53.425 53.239 54.235 62.749 65.665 58.68 52.532 51.058 52.27 55.329 52.672 52.735 52.802 52.716 52.748 54.07 54.671 55.213 52.836 52.57 52.603 52.6 52.796 53.171 53.971 53.896 53.594 53.646 53.696 53.771 53.821 53.874 53.969 54.779 55.774 56.926 56.486 56.526 56.584 57.504 57.446 56.994 57.061 57.326 58.401 58.469 58.321 61.289 62.129 62.419 61.456 59.976
64.321 64.601 64.594 64.504 63.709 62.861 62.664 62.371 54.376 54.216 54.026 53.924 55.056 56.776 59.918 56.385 56.789 55.137 53.717 53.551 53.335 54.793 63.686 59.729 57.033 52.793 51.084 51.313 53.201 53.129 52.86 52.753 52.588 52.596 53.332 54.212 53.798 52.621 52.581 52.614 52.615 52.927 54.784 54.864 54.181 53.529 53.584 53.634 53.696 53.776 53.834 53.929 54.511 55.401 58.006 56.481 56.864 56.709 56.696 56.844 56.929 57.376 57.894 57.706 57.839 60.539 61.904 62.881 63.251 62.241 61.271
63.184 63.441 63.671 63.889 63.696 63.729 63.766 63.814 54.384 54.234 55.146 54.144 54.933 56.97 54.75 57.662 58.459 53.936 53.715 53.646 53.472 54.202 59.223 54.929 53.908 53.379 51.385 53.131 53.266 53.249 53.087 52.656 52.478 52.469 52.473 52.714 52.502 52.562 52.6 52.65 52.636 53.02 54.834 53.691 54.431 53.706 56.519 56.046 55.579 53.726 53.921 54.291 54.691 55.596 57.904 56.546 58.684 56.606 56.701 56.781 56.906 57.849 57.326 57.351 57.709 58.166 61.059 62.049 63.086 63.099 62.079
56.016 56.481 58.461 61.271 62.384 62.584 62.831 62.236 54.401 57.256 61.094 53.976 54.892 56.702 56.507 57.484 56.738 54.418 53.648 53.533 53.426 53.322 53.194 53.015 53.108 53.356 52.889 52.969 52.887 53.131 53.435 52.759 52.472 52.345 52.375 52.453 52.534 52.597 52.649 52.68 52.661 52.934 54.639 54.661 62.601 63.739 64.044 62.901 60.099 53.669 54.059 54.496 55.036 56.646 58.016 56.859 59.829 56.636 56.711 57.256 56.914 57.056 57.131 57.229 57.306 58.184 58.174 61.246 62.239 63.174 62.506
56.196 55.249 55.874 55.379 54.519 55.071 58.984 57.284 54.446 54.269 54.424 53.976 54.84 55.857 56.077 56.764 55.6 53.746 53.689 53.582 53.425 53.282 53.133 53.072 53.67 53.476 51.988 52.029 52.083 54.25 54.557 53.261 53.132 52.478 52.525 52.513 52.568 52.628 52.699 52.724 52.688 52.912 54.531 53.801 62.509 63.704 64.129 62.979 60.811 53.556 53.999 54.576 55.409 55.661 60.924 60.216 57.186 57.241 58.591 57.394 56.806 56.944 57.056 57.179 57.281 57.501 58.251 58.546 61.396 62.256 61.476
55.549 55.281 55.631 55.194 54.706 54.594 54.544 59.119 60.714 54.394 54.704 54.116 54.476 55.166 56.463 56.933 55.995 55.707 54.457 53.581 53.419 53.255 52.984 52.952 53.188 53.442 53.196 51.092 50.72 53.575 54.282 53.514 52.7 52.728 52.829 52.622 52.593 52.676 52.731 52.748 52.723 52.886 53.468 56.524 62.466 63.604 64.229 63.059 61.894 53.441 53.899 54.361 54.721 55.106 55.749 57.301 59.851 61.094 58.076 56.704 56.766 56.854 56.984 57.111 57.519 57.866 57.596 58.221 59.156 61.291 59.371
55.209 55.134 55.056 55.071 54.844 54.871 56.306 66.611 63.424 60.819 54.531 54.104 54.403 55.439 55.219 56.566 55.804 55.103 53.801 53.584 53.419 53.227 52.911 52.814 52.813 53.106 52.462 51.04 50.522 51.526 54.333 53.588 52.993 55.037 54.571 53.259 52.829 52.772 52.741 52.766 52.961 52.869 53.43 57.959 62.386 63.531 64.281 63.154 61.996 53.394 53.731 54.176 54.414 54.696 55.161 55.756 56.096 57.711 57.536 56.749 56.726 56.776 56.866 57.174 57.199 57.309 57.356 57.889 58.131 58.169 58.106
55.261 55.124 54.974 54.816 54.744 54.646 57.764 66.426 69.396 61.416 54.864 54.174 54.153 55.734 58.145 56.635 57.528 56.576 54.708 53.61 53.411 53.195 52.975 52.788 52.793 52.915 52.749 51.893 50.852 50.918 54.715 54.511 55.989 55.81 55.34 54.377 53.812 52.908 52.755 52.783 53.046 52.908 53.119 53.239 62.274 63.436 64.336 63.216 62.091 53.311 53.579 53.951 54.296 54.544 54.784 55.076 55.314 55.711 56.294 57.161 57.279 57.281 56.959 57.114 57.184 57.259 57.359 59.916 58.401 58.109 60.004
55.206 55.109 55.036 54.949 54.819 54.694 54.881 61.191 60.741 55.964 54.886 54.194 54.019 54.717 55.461 55.495 56.353 55.604 53.731 53.626 53.444 53.192 52.978 52.779 52.731 52.775 52.922 52.166 51.005 51.152 52.552 55.792 56.507 56.051 55.492 55.014 54.097 52.977 52.785 52.798 53.041 52.918 53.084 53.219 62.204 63.341 64.336 63.314 62.154 53.564 53.431 53.741 54.161 54.521 54.696 55.416 55.476 55.139 55.334 55.831 56.604 56.724 57.294 57.171 57.186 57.234 57.421 59.964 57.801 57.914 57.991
