dsm/se2830_DSM_2M.asc
ncols 500
nrows 500
xllcorner    428000
yllcorner    430000
cellsize     2
NODATA_value -9999
[rows 192 to 223 of 500, columns 73 to 145 of 500]
67.775 67.659 67.7 67.777 67.673 67.81 67.957 68.043 68.235 68.311 68.353 68.578 69.298 70.831 72.428 77.803 78.699 79.276 78.024 72.611 74.076 72.785 73.915 75.374 77.291 78.093 77.946 76.918 76.995 78.543 78.502 76.74 76.798 76.788 76.981 78.115 78.391 83.296 79.736 77.712 77.433 77.04 77.175 77.011 81.019 83.608 83.404 82.852 83.915 82.446 77.809 77.582 77.503 76.676 76.702 76.553 77.237 76.19 75.703 75.581 75.138 75.156 75.162 75.111 75.128 75.135 75.176 75.285 75.316 75.338 75.503 76.511 76.788
67.161 68.297 67.766 67.515 67.68 67.784 67.938 68.048 68.253 68.419 68.486 69.203 69.29 69.49 69.733 71.289 77.528 73.571 72.704 78.624 77.355 72.825 73.369 73.992 77.522 80.888 79.326 77.707 79.069 87.098 84.471 78.759 78.971 78.847 77.566 77.124 77.179 77.955 79.356 77.85 78.014 77.692 77.829 77.284 78.807 77.365 79.025 78.45 78.024 77.089 77.08 76.562 76.079 77.58 78.199 77.625 75.859 75.725 75.507 75.601 75.099 75.127 75.121 75.053 75.033 75.085 75.195 75.33 75.496 75.364 75.419 76.294 75.792
67.162 67.383 67.463 67.557 67.638 67.831 67.994 68.139 68.35 68.428 68.669 68.973 70.205 69.371 69.735 70.142 70.378 78.04 80.112 80.076 78.944 74 72.894 73.86 79.197 81.51 81.047 85.148 87.107 87.864 87.06 83.347 79.649 77.707 77.06 77.062 76.642 77.019 76.941 76.992 76.551 76.494 76.83 77.769 78.017 79.202 78.569 78.892 78.763 77.543 76.55 76.28 75.988 77.335 76.952 77.752 77.053 75.8 75.526 75.576 75.089 75.014 75.007 74.948 74.959 75.207 75.277 75.285 75.258 75.358 76.805 75.963 75.829
67.274 67.346 67.431 67.576 67.621 67.877 68.717 68.541 68.581 68.653 68.803 68.933 69.302 69.31 70.611 70.552 70.818 78.365 79.455 80.593 79.662 78.387 72.968 74.155 76.444 79.629 79.287 84.389 84.898 86.99 85.488 79.362 78.64 78.143 78.431 76.78 76.549 76.521 76.475 76.668 76.496 76.485 77.193 78.382 78.541 78.842 78.906 78.797 78.966 77.33 77.248 76.812 76.882 76.69 78.676 79.173 79.177 76.173 75.627 75.776 75.285 75.001 74.931 74.902 74.874 75.204 75.256 75.124 75.228 75.341 75.974 75.762 75.806
67.196 67.292 67.465 67.566 67.659 71.836 69.833 69.322 68.833 68.925 69.061 69.18 69.275 69.429 70.613 70.856 71.666 75.172 78.655 80.04 80.048 79.05 76.017 75.108 76.91 77.541 77.721 76.396 77.732 77.398 79.96 78.7 78.661 78.683 78.537 77.545 76.554 76.488 76.45 76.804 76.496 76.446 76.422 78.093 78.589 77.083 78.245 76.61 77.71 76.3 76.511 77.55 79.521 80.404 79.661 79.008 78.468 75.78 75.549 75.485 75.431 74.873 74.882 74.895 74.985 75.16 75.153 75.056 75.168 75.3 75.548 75.83 80.579
67.137 67.302 67.401 68.937 75.687 76.156 75.005 72.015 69.217 69.215 69.26 69.369 69.492 69.523 70.277 70.769 72.099 72.716 78.447 79.522 80.289 75.585 76.22 76.976 76.511 76.182 75.771 76.725 76.393 76.565 77.359 78.055 78.041 78.808 78.138 77.153 76.854 76.469 76.494 77.9 76.841 76.451 76.433 76.312 76.529 76.267 76.187 76.466 76.633 76.72 78.656 77.138 78.175 79.98 80.222 79.217 78.379 75.855 75.465 75.413 75.19 74.792 74.86 74.785 74.855 75.085 75.109 75.011 75.067 75.503 75.554 79.287 81.844
67.154 67.261 68.438 74.747 76.391 76.865 75.965 74.914 70.488 69.416 69.963 69.514 69.575 69.651 70.599 71.018 71.865 72.628 74.331 76.31 75.801 76.678 78.274 76.888 75.675 75.697 75.78 77.26 76.742 79.19 79.228 79.207 77.068 76.677 76.554 76.451 78.022 78.844 80.434 79.827 77.527 76.73 76.322 76.465 77.005 78.154 76.215 76.919 79.364 80.56 79.556 76.763 77.6 79.533 81.079 79.621 78.603 76.22 75.653 75.313 75.21 74.726 74.776 74.733 74.759 75.052 75.079 74.973 75.73 75.443 75.514 78.312 81.565
67.05 68.133 69.055 72.988 75.517 76.405 76.781 75.9 73.164 69.662 69.699 69.681 69.704 69.769 69.929 71.058 71.51 73.544 74.831 75.908 77.015 78.219 77.675 76.64 75.603 75.683 75.754 77.643 78.924 79.272 79.541 79.284 79.166 76.693 77.324 76.481 77.887 80.116 81.191 80.535 78.858 77.253 78.206 79.816 80.517 79.163 76.325 76.845 79.383 80.73 80.168 78.945 76.25 78.706 80.168 80.175 79.152 75.489 75.905 75.495 75.388 74.673 74.659 74.679 74.674 74.964 75.047 74.956 74.871 75.42 75.456 76.156 80.985
68.922 68.9 69.001 69.208 74.254 75.388 76.351 74.023 72.027 70.574 69.817 69.738 69.794 69.909 70.006 70.89 73.808 74.798 77.802 78.478 76.62 75.73 75.356 75.381 75.485 75.57 75.664 78.145 79.211 80.054 80.646 79.739 79.202 76.41 76.574 76.502 76.883 78.804 80.615 80.938 79.45 77.769 78.669 80.027 80.94 79.964 77.249 76.236 78.123 79.955 80.643 79.579 77.044 77.735 79 76.611 76.011 75.647 75.19 75.648 75.034 74.621 74.579 74.559 74.566 74.784 74.904 74.906 74.736 74.984 75.348 75.582 79.429
68.925 68.878 69.007 69.095 69.245 73.681 72.37 74.609 75.8 74.374 70.246 69.861 69.906 70.024 70.122 70.208 72.078 77.234 78.586 76.439 74.89 74.918 75.029 75.221 75.326 75.53 75.664 76.469 79.097 80.263 81.003 80.759 80.092 78.908 76.833 76.294 76.34 78.381 79.955 81.117 80.564 77.487 77.06 79.293 80.707 80.77 79.348 77.012 76.197 79.503 80.498 79.977 78.624 76.926 76.297 76.258 75.602 75.305 75.364 75.098 74.753 74.546 74.522 74.509 74.525 74.665 74.83 74.819 74.678 75.799 75.132 75.636 79.755
68.424 68.889 68.98 69.109 69.197 69.285 73.547 77.314 76.999 75.716 71.462 70.562 70.07 70.09 70.207 70.28 71.356 76.431 78.235 75.415 74.665 74.814 74.996 75.135 75.256 75.415 75.511 75.779 76.413 78.576 79.992 80.93 80.915 80.17 77.762 76.268 76.252 77.542 79.377 80.567 77.343 76.286 77.264 78.101 79.849 81.106 79.975 76.974 76.1 78.666 78.081 76.347 75.801 76.577 76.414 75.548 75.559 75.742 74.784 74.537 74.492 74.513 74.465 74.475 74.434 74.428 74.708 74.704 74.649 74.529 74.724 75.285 75.485
69.295 68.948 69.006 69.109 69.829 69.608 75.291 76.644 77.366 76.65 75.537 70.729 70.152 70.15 70.285 70.368 71.03 71.194 77.074 77.682 74.712 74.736 74.874 75.033 75.138 75.27 75.459 75.509 75.828 75.926 79.115 79.88 80.589 77.576 76.206 76.16 76.178 76.842 76.675 76.485 76.272 76.158 76.816 76.842 79.367 78.137 76.531 76.168 75.916 76.313 75.728 75.674 75.589 75.469 75.945 75.171 74.846 74.714 74.586 74.547 74.463 74.395 74.356 74.376 74.374 74.373 74.537 74.685 74.594 74.487 74.576 75.024 75.339
70.314 70.653 68.953 69.45 69.308 69.872 73.365 75.543 76.916 77.373 76.436 71.553 70.138 70.231 70.35 70.414 71.123 74.079 72.405 77.542 77.865 74.798 75.008 76.119 75.275 75.615 75.57 76.151 75.606 75.654 75.778 78.341 79.549 76.649 76.085 76.092 76.064 76.093 76.107 76.059 76.066 76.062 76.542 75.985 76.372 76.077 75.939 75.862 75.687 75.514 75.487 75.511 75.457 75.103 75.025 74.703 74.634 74.612 74.575 74.612 74.458 74.567 74.32 74.253 74.298 74.225 74.317 74.548 74.537 74.412 74.361 74.795 75.082
70.663 70.076 69.084 68.909 69.603 69.716 69.76 74.013 75.884 76.499 70.732 70.033 70.211 70.341 70.4 70.528 73.919 73.532 72.886 74.434 78.659 79.207 79.598 76.763 76.372 76.199 76.629 76.535 76.77 76.449 76.9 77.05 76.229 76.009 76.002 76.006 75.989 75.875 75.914 75.749 75.79 75.892 76.275 75.882 75.815 75.818 75.745 75.658 75.506 75.304 75.16 75.476 74.929 74.752 74.695 74.659 76.397 74.77 74.819 75.061 75.313 75.787 76.414 74.263 74.235 74.185 74.231 74.414 74.498 74.382 74.27 74.414 74.942
73.034 67.454 68.616 68.84 68.847 69.607 69.766 69.798 73.655 70.751 71.517 71.093 70.341 70.461 70.482 70.539 70.625 70.729 71.263 71.261 79.008 82.054 80.382 78.164 77.003 75.403 75.813 77.046 77.908 78.208 78.124 77.632 78.227 77.245 76.461 76.645 76.116 75.736 75.656 75.46 75.434 75.353 76.125 75.697 75.71 75.675 75.654 75.518 75.345 75.085 74.837 74.806 74.703 74.64 74.706 74.704 78.177 77.873 75.654 76.016 77.046 77.102 75.791 74.337 74.1 74.113 74.15 74.247 74.361 74.352 74.169 74.364 74.902
74.023 69.696 68.186 69.736 68.868 69.397 70.495 71.493 70.37 71.824 73.207 73.788 71.089 70.44 70.528 70.562 70.651 70.743 71.011 71.239 71.427 76.37 77.678 77.94 76.196 75.584 75.546 76.927 78.796 79.091 79.348 79.707 79.855 76.29 76.072 76.053 76.273 76.446 75.369 75.318 75.194 75.111 75.571 75.592 75.574 75.512 75.461 75.198 75.143 74.829 74.801 74.75 74.74 74.851 75.422 77.885 78.627 77.046 76.769 77.285 75.716 75.955 75.904 75.065 74.139 74.078 74.053 74.133 74.285 74.244 74.15 74.121 74.596
72.9 69.291 66.844 67.315 69.537 69.218 72.003 73.027 72.498 69.951 73.209 73.881 73.034 70.337 70.509 70.571 70.632 71.092 71.403 72.367 71.788 72.79 77.783 77.73 75.376 74.903 75.322 75.521 79.126 80.375 80.486 80.13 80.074 76.595 75.891 75.852 75.887 75.74 75.319 75.211 75.147 75.056 75.15 75.551 75.442 75.246 75.067 74.899 74.804 74.807 74.783 76.225 77.419 78.071 78.638 77.537 76.788 76.46 75.792 76.32 75.821 75.368 75.711 74.686 74.053 73.997 73.968 73.937 74.144 74.218 74.099 73.984 74.132
69.34 66.899 66.964 67.332 67.899 68.874 72.888 72.401 70.886 69.912 70.105 72.852 71.275 70.308 70.504 70.52 70.621 70.72 71.281 71.719 72.287 72.408 76.558 77.988 77.03 75.952 76.038 76.938 79.436 79.763 79.345 79.049 78.82 76.076 75.411 75.448 75.374 75.332 75.339 75.191 75.1 75.05 74.992 75.012 75.017 74.906 74.91 74.842 74.865 74.881 75.24 78.221 78.199 78.659 77.989 76.93 75.498 75.557 75.549 75.529 74.971 74.811 74.361 74.189 74.925 73.924 73.908 73.827 74.048 74.113 74.08 73.925 73.902
66.833 66.839 66.962 67.567 68.146 69.206 69.487 69.652 69.868 69.956 70.156 70.518 70.296 70.895 70.476 70.454 70.568 70.626 71.392 71.607 75.609 77.118 73.677 77.528 77.985 77.148 76.807 77.474 78.321 78.383 78.129 76.844 76.111 75.615 75.455 75.409 75.373 75.4 75.457 75.449 75.132 75.05 74.99 74.939 74.977 74.945 74.932 74.917 75.413 75.784 76.01 77.57 77.724 77.83 79.806 78.29 75.972 75.296 75.218 75.076 74.854 74.807 74.785 74.972 75.356 74.237 73.81 73.79 73.777 73.988 74.003 73.832 73.809
66.785 66.863 67.013 67.842 68.355 69.541 69.537 69.721 69.906 70.007 70.113 70.25 71.716 70.709 70.835 70.433 70.481 70.529 71.224 75.106 76.911 77.881 74.301 72.595 77.618 79.127 79.195 79.108 75.886 76.054 76.235 75.436 75.454 75.473 77.939 76.037 75.46 75.488 75.446 75.68 75.819 75.075 75.015 74.98 74.936 74.898 75.213 75.652 77.076 76.832 75.707 78.304 78.92 80.188 79.927 78.681 75.771 75.286 75.232 75.068 74.999 74.937 74.895 74.845 74.765 74.315 73.752 73.694 73.71 73.797 73.95 73.852 73.716
66.68 66.948 67.257 68.122 68.483 69.369 69.354 69.877 69.829 70.026 70.386 74.865 76.36 72.697 71.384 70.361 70.42 70.508 73.639 77.009 77.986 78.372 79.037 75.073 74.198 77.822 81.423 81.95 78.44 75.937 75.859 76.556 77.047 78.212 79.291 79.963 75.545 75.545 75.581 75.431 75.364 75.071 74.968 75.009 75.244 75.575 76.864 77.383 75.741 75.469 77.538 78.468 78.912 79.974 80.287 79.181 76.202 75.274 75.158 75.005 74.962 74.947 74.902 74.847 74.788 74.647 73.715 73.68 73.676 73.71 73.868 73.85 73.609
69.144 67.571 67.428 68.768 68.928 68.617 69.24 69.406 70.043 69.858 72.972 76.432 76.936 76.448 74.789 70.469 70.285 70.42 70.518 75.962 78.742 78.99 78.22 76.737 73.079 74.482 76.504 78.826 77.679 78.155 76.473 76.919 78.415 79.269 80.046 79.498 78.115 77.105 75.81 75.528 75.272 75.084 76.044 76.275 76.863 76.201 76.033 75.511 75.532 75.444 77.514 78.363 78.631 79.745 80.441 79.371 78.289 75.288 75.217 74.998 74.976 74.927 74.908 74.773 74.758 74.825 73.735 73.615 73.575 73.574 73.762 73.801 73.645
68.787 67.435 67.337 67.496 68.122 68.592 69.029 69.279 69.315 69.73 75.639 76.503 77.305 76.983 75.937 71.666 70.202 70.322 70.442 70.871 77.434 78.044 77.358 73.602 71.459 72.253 74.984 77.185 78.26 77.905 77.406 78.478 79.477 79.972 79.415 78.441 76.865 77.47 75.503 75.592 75.19 76.193 77.06 76.024 75.719 75.543 75.534 75.497 75.501 75.442 75.506 77.825 78.168 79.267 80.432 79.764 78.595 75.354 75.248 74.992 74.889 74.861 74.852 74.853 74.8 74.729 73.997 73.455 73.556 73.496 73.63 73.723 73.602
66.365 67.348 67.29 67.357 68.226 68.355 68.658 68.824 69.221 74.893 75.025 75.666 76.529 76.249 71.568 70.025 70.058 70.176 70.34 70.506 72.328 75.386 76.382 71.504 71.468 71.833 73.886 74.88 77.365 75.841 74.981 77.838 78.567 79.528 78.888 76.344 77.066 78.506 76.605 75.418 76.179 75.882 75.692 75.396 75.456 75.491 75.482 75.474 75.45 75.434 75.397 77.438 77.777 79.006 78.696 78.519 77.978 75.372 75.239 75.125 74.89 74.928 74.898 74.871 74.814 74.787 74.876 73.474 73.367 73.413 73.394 73.636 73.614
64.38 67.062 67.154 68.055 67.914 67.754 68.244 68.73 74.415 75.957 76.854 75.681 75.544 72.527 69.88 69.895 69.919 70.034 70.232 70.372 70.533 71.73 71.242 71.397 71.466 71.754 71.941 74.083 76.016 75.572 74.916 75.002 75.32 78.296 78.412 75.462 77.867 79.36 79.825 77.012 76.453 75.621 75.411 75.361 75.419 75.486 75.42 75.428 75.398 75.378 75.359 75.78 75.776 77.686 78.419 77.915 77.82 75.584 75.256 75.216 74.916 74.908 74.865 74.851 74.815 74.794 74.786 73.963 73.302 73.389 73.255 73.434 73.542
66.429 68.016 68.331 69.28 69.355 67.898 68.003 73.037 76.034 76.925 76.566 75.46 74.597 70.046 69.707 69.733 69.845 69.995 70.057 70.258 70.422 70.658 70.809 71.217 71.302 73.044 71.908 71.935 74.001 75.328 75.36 74.944 74.967 75.922 75.319 77.339 79.02 79.968 79.397 76.843 75.7 76.042 75.343 75.343 75.376 75.338 75.373 75.333 75.367 75.355 75.361 75.377 75.383 75.831 76.117 75.967 75.307 75.261 75.215 75.21 74.872 74.856 74.859 74.817 74.81 74.804 74.742 73.841 73.138 73.253 73.179 73.166 73.19
66.289 67.561 70.136 68.094 71.177 69.949 69.517 74.132 76.774 76.868 75.743 74.571 69.879 69.364 69.522 69.559 69.665 69.841 69.95 70.131 70.355 70.548 70.783 70.943 71.163 71.927 72.581 72.008 73.783 74.415 75.555 75.104 75.144 74.96 77.283 79.189 79.934 79.404 78.561 76.754 77.624 77.96 75.471 75.301 75.291 75.325 75.337 75.338 75.271 75.312 75.314 75.35 75.321 75.371 76.951 75.805 75.435 75.296 75.117 74.974 74.833 74.795 74.836 74.802 74.791 74.787 74.787 74.546 74 74.599 73.144 73.061 73.057
65.607 65.705 66.471 70.352 67.49 70.488 70.455 70.522 75.318 75.853 74.703 71.991 69.259 69.352 69.401 69.463 69.653 69.724 69.883 70.528 70.283 70.5 70.706 70.937 71.161 71.369 71.614 71.923 72.001 72.625 74.272 76.06 75.069 74.764 79.027 79.852 80.142 78.736 75.983 75.501 77.642 78.041 75.528 75.252 75.267 75.265 75.289 75.27 75.286 75.284 75.27 75.285 75.301 75.295 75.661 75.321 75.277 75.19 75.057 74.993 74.923 74.758 74.79 74.786 74.771 74.771 74.74 74.355 73.126 73 73.084 73.005 73.028
62.97 67.447 64.691 66.727 68.486 71.09 70.982 71.113 69.302 70.827 70.689 69.117 69.119 70.099 69.508 69.435 69.56 69.764 70.491 71.046 70.83 70.814 70.876 72.395 71.26 71.36 71.664 71.819 71.969 72.02 72.424 74.626 74.462 77.678 79.84 80.023 79.021 77.406 75.286 75.152 76.706 78.265 75.34 75.164 75.215 75.213 75.254 75.23 75.234 75.243 75.216 75.231 75.256 75.223 75.278 75.225 75.187 75.228 75.099 74.967 74.899 74.776 74.764 74.743 74.654 75.029 73.521 73.704 73.099 72.951 72.977 72.981 72.928
60.488 64.693 63.819 66.634 68.558 68.711 70.694 71.453 71.249 70.943 69.533 68.836 69.8 69.714 70.359 69.393 69.689 70.854 73.16 76.395 75.878 75.014 71.926 73.385 72.263 73.54 71.852 71.921 72.068 72.144 72.148 72.204 73.933 74.328 75.707 79.718 78.164 74.795 74.984 75.22 75.821 75.32 75.234 75.159 75.154 75.199 75.181 75.155 75.162 75.174 75.181 75.184 75.194 75.207 75.181 75.178 75.214 75.165 75.173 74.992 74.848 74.703 74.083 73.83 73.755 73.442 73.75 73.446 73.426 72.926 72.865 72.936 72.912
61.522 64.278 65.348 65.548 67.396 66.149 65.337 66.847 68.269 71.462 71.749 69.949 69.972 69.804 71.514 69.5 69.698 70.619 74.528 77.262 77.506 77.04 76.313 71.477 71.428 72.105 71.868 72.049 72.052 72.124 72.181 72.133 72.312 74.796 74.377 75.302 74.804 74.666 75.073 75.114 75.312 75.213 75.289 75.093 75.117 75.109 75.115 75.133 75.094 75.113 75.13 75.139 75.141 75.189 75.201 75.222 75.251 77.046 76.577 75.258 74.62 74.132 73.866 77.761 73.931 73.411 73.42 73.389 73.318 73.051 72.82 72.807 72.766
60.521 62.603 63.234 65.33 65.18 65.668 67.426 66.503 67.715 72.373 72.462 69.901 70.639 70.521 72.52 70.216 70.11 70.717 74.692 77.258 77.972 77.588 76.21 71.188 71.635 71.908 71.905 71.907 71.998 72.06 72.12 72.168 72.196 72.501 74.447 74.036 74.511 74.435 74.675 74.808 74.739 74.896 75.168 75.01 75.043 75.089 75.061 75.043 75.062 75.064 75.094 75.104 75.1 75.117 75.132 75.538 76.585 78.16 78.265 78.05 78.484 78.538 79.757 79.599 74.596 73.499 73.408 73.764 73.526 73.728 72.784 72.677 72.731
