dsm/se2832_DSM_2M.asc
ncols 500
nrows 500
xllcorner    428000
yllcorner    432000
cellsize     2
NODATA_value -9999
[rows 416 to 447 of 500, columns 216 to 287 of 500]
34.155 34.158 34.131 34.106 33.964 33.925 33.859 33.811 33.746 33.671 33.64 33.579 33.515 33.433 33.454 33.605 34.791 40.79 41.23 41.488 41.807 42.048 42.281 42.587 42.81 43.112 42.954 42.665 42.456 42.157 41.885 41.602 41.329 41.072 41.059 41.356 41.587 41.874 42.152 42.385 41.078 40.726 35.818 33.932 35.653 34.643 34.806 34.722 35.466 33.765 33.638 33.674 35.447 36.219 39.226 41.851 40.852 40.104 40.384 39.887 39.604 40.577 41.433 36.793 34.24 33.566 33.349 33.225 33.155 33.153 33.1 32.968
34.156 34.136 34.123 34.059 33.97 33.939 33.871 33.784 33.722 33.63 33.587 33.51 33.473 33.456 33.479 37.614 37.437 41.008 41.391 41.616 41.834 42.153 42.378 42.665 42.931 43.083 42.865 42.538 42.296 42 41.766 41.528 41.255 41 41.156 41.461 41.738 41.966 42.243 42.443 42.796 43.177 43.046 41.653 35.54 38.79 34.209 35.175 36.28 35.829 33.774 33.691 35.28 37.085 38.376 39.228 40.018 39.389 39.908 40.241 41.366 41.352 39.871 35.458 33.687 33.377 33.229 33.187 33.124 33.071 33.145 32.956
34.159 34.146 34.081 34.004 33.971 33.894 33.801 33.74 33.701 33.64 33.6 33.508 33.454 33.407 33.594 39.276 40.41 41.205 41.44 41.735 41.963 42.224 42.472 42.736 43.008 42.999 42.712 42.441 42.208 41.948 41.68 41.401 41.154 41 41.264 41.594 41.853 42.095 42.353 42.569 42.842 43.074 42.903 42.617 42.337 40.645 40.573 39.247 34.196 34.158 33.897 34.333 37.128 37.173 38.019 38.072 38.91 39.368 40.511 40.345 41.71 41.551 35.012 33.72 33.431 33.278 33.2 33.14 33.116 33.182 33.056 32.88
34.165 34.198 34.148 33.968 33.941 33.835 33.791 33.705 33.646 33.606 33.51 33.488 33.422 33.43 36.587 39.283 40.947 41.278 41.535 41.814 42.023 42.292 42.586 42.877 43.07 42.93 42.608 42.37 42.081 41.819 41.57 41.309 41.078 41.133 41.413 41.605 41.926 42.15 42.452 42.745 42.975 43.036 42.759 42.509 42.205 41.993 41.724 41.468 40.361 37.646 35.159 38.271 39.562 38.98 38.69 38.159 39.133 39.859 41.064 43.09 43.709 37.033 36.537 33.478 33.318 33.183 33.113 33.049 33.111 33.055 32.94 32.816
34.391 38.288 37.502 34.051 33.917 33.849 33.767 33.724 33.652 33.578 33.496 33.444 33.418 33.46 36.518 39.566 41.116 41.313 41.645 41.897 42.134 42.458 42.644 42.911 43.076 42.827 42.525 42.235 41.999 41.745 41.517 41.227 40.932 41.23 41.48 41.746 41.991 42.294 42.517 42.793 43.064 42.898 42.643 42.381 42.173 41.88 41.616 41.292 41.109 37.111 36.967 39.296 39.739 40.286 40.312 39.341 40.281 41.834 42.056 43.882 40.914 43.099 37.964 33.409 33.246 33.173 33.025 33.061 33.127 32.965 32.811 32.842
36.398 38.339 35.262 33.991 33.91 33.837 33.765 33.693 33.612 33.527 33.48 33.423 33.465 33.666 39.195 40.437 41.213 41.458 41.753 42.015 42.236 42.511 42.752 43.227 43.02 42.739 42.448 42.16 41.904 41.642 41.387 41.109 41.109 41.338 41.603 41.875 42.114 42.366 42.64 42.906 43.06 42.851 42.565 42.294 42.026 41.731 41.513 41.265 40.795 34.418 35.735 41.732 40.259 41.274 40.868 40.573 40.867 40.968 40.742 42.369 42.33 41.608 33.494 33.265 33.202 33.119 32.983 33.067 33.034 32.834 32.765 34.84
36.932 38.305 34.076 33.976 33.914 33.828 33.775 33.689 33.586 33.5 33.445 33.378 33.738 36.58 40.142 41.041 41.315 41.569 41.83 42.075 42.359 42.667 42.941 43.173 42.906 42.616 42.32 42.066 41.842 41.542 41.252 40.956 41.18 41.439 41.689 41.961 42.198 42.491 42.709 42.991 43.023 42.724 42.418 42.217 41.949 41.699 41.38 41.159 36.211 37.28 40.723 42.718 43.132 42.833 41.757 40.612 41.211 40.868 41.358 40.166 37.296 34.18 33.324 33.206 33.129 33.031 33.057 33.085 32.888 32.779 32.665 33.1
37.963 38.276 34.069 33.943 33.866 33.8 33.739 33.658 33.589 33.468 33.419 33.446 33.628 38.75 40.567 41.176 41.381 41.624 41.912 42.19 42.485 42.706 42.953 43.04 42.748 42.51 42.257 41.996 41.717 41.46 41.172 41.034 41.258 41.531 41.796 42.1 42.252 42.543 42.782 43.149 42.883 42.651 42.425 42.102 41.865 41.549 41.346 40.971 34.418 37.779 41.677 42.709 43.464 42.79 42.923 40.891 40.337 37.624 38.114 40.807 38.69 33.378 33.216 33.124 33.005 32.98 33.057 33.024 32.783 32.736 33.444 34.011
37.711 35.299 34.004 33.938 33.832 33.774 33.718 33.623 33.568 33.52 34.329 34.913 38.223 39.351 40.971 41.239 41.494 41.794 42.046 42.275 42.538 42.822 43.162 42.886 42.653 42.431 42.124 41.883 41.632 41.373 41.106 41.047 41.381 41.638 41.896 42.112 42.381 42.686 42.971 43.085 42.783 42.546 42.256 42.038 41.779 41.507 41.268 37.121 33.89 37.669 40.475 42.273 38.717 42.337 42.573 42.555 42.181 42.429 40.478 40.007 35.387 34.016 33.117 33.077 32.952 33.039 33.05 32.841 32.753 32.714 34.335 32.634
38.411 35.021 34.004 33.907 33.826 33.783 33.706 33.637 33.522 33.468 34.731 35.477 38.608 39.232 41.095 41.38 41.544 41.803 42.177 42.41 42.714 42.922 43.133 42.817 42.551 42.23 42.021 41.785 41.524 41.299 41.044 41.202 41.452 41.71 41.956 42.265 42.518 42.759 43 42.976 42.632 42.433 42.172 41.896 41.633 41.4 41.138 37.006 35.114 40.057 40.387 40.771 40.45 41.423 42.122 43.485 43.623 38.403 35.548 36.271 33.22 33.173 33.085 32.992 32.996 33.065 32.87 32.761 32.655 32.603 32.494 32.79
38.364 34.968 33.97 33.918 33.801 33.742 33.677 33.596 33.524 33.451 33.799 34.012 39.029 40.516 41.202 41.48 41.744 42.011 42.254 42.431 42.708 43.002 42.986 42.696 42.472 42.239 41.943 41.653 41.446 41.211 41 41.295 41.578 41.864 42.073 42.3 42.555 42.841 43.021 42.838 42.605 42.356 42.051 41.798 41.567 41.31 40.853 33.694 34.51 38.57 41.272 38.241 40.385 39.924 40.712 42.891 41.701 37.786 34.223 33.388 33.189 33.122 33.028 32.936 33.041 33.029 32.798 32.677 32.585 32.496 32.625 32.856
34.098 34.045 33.961 33.887 33.779 33.703 33.617 33.562 33.564 34.668 33.546 33.742 39.235 40.966 41.266 41.567 41.835 42.007 42.306 42.589 42.87 43.249 42.913 42.636 42.356 42.083 41.832 41.587 41.323 41.059 41.081 41.461 41.635 41.906 42.18 42.444 42.687 42.958 43.057 42.713 42.458 42.207 41.979 41.733 41.462 41.204 36.16 33.847 37.477 42.052 42.234 41.935 40.806 40.985 39.571 41.383 35.98 33.779 33.492 33.253 33.136 33.048 32.919 32.974 33.134 32.838 32.753 32.659 32.555 32.53 32.779 33.526
34.067 33.983 33.932 33.886 33.785 33.691 33.626 33.559 33.493 33.735 35.727 38.663 39.267 41.079 41.376 41.644 41.813 42.175 42.472 42.6 42.979 43.078 42.811 42.531 42.239 41.986 41.753 41.471 41.185 40.942 41.272 41.45 41.742 42.033 42.259 42.495 42.786 43.085 42.928 42.68 42.39 42.139 41.86 41.597 41.344 40.918 38.015 34.919 39.521 39.364 41.361 42.916 41.128 42.61 37.317 35.424 34.098 33.798 33.384 33.196 33.088 32.981 32.941 33.01 32.97 32.775 32.681 32.559 32.458 32.637 33.049 33.864
34.049 33.987 33.892 33.825 33.708 33.694 33.577 33.512 34.118 35.278 34.802 39.315 40.664 41.225 41.469 41.728 42.018 42.238 42.512 42.8 43.201 42.921 42.718 42.479 42.153 41.906 41.617 41.383 41.115 41.071 41.372 41.644 41.889 42.078 42.366 42.653 42.847 43.049 42.866 42.571 42.318 42.002 41.789 41.54 41.268 40.878 34.535 38.679 40.08 38.858 40.736 42.402 42.497 43.115 41.224 40.539 38.815 36.078 33.281 33.105 33.009 32.949 32.934 33.092 32.815 32.693 32.61 32.511 32.476 32.73 33.599 35.421
34.041 33.943 33.89 33.806 33.708 33.649 33.527 33.501 33.401 33.863 37.832 40.016 41.037 41.286 41.579 41.779 42.073 42.339 42.632 42.882 43.129 42.78 42.571 42.319 42.059 41.864 41.534 41.311 41.079 41.174 41.405 41.675 41.982 42.233 42.498 42.755 43.016 43.002 42.689 42.475 42.213 41.962 41.704 41.441 41.203 37.135 36.484 39.569 39.367 40.035 40.707 41.802 41.955 42.682 41.396 38.383 38.892 35.757 33.137 33.04 32.942 32.877 33.004 32.858 32.714 32.65 32.565 32.447 32.498 33.515 36.642 38.442
34.029 33.942 33.867 33.755 33.711 33.598 33.529 33.453 33.437 33.532 37.717 39.522 41.085 41.387 41.679 41.899 42.162 42.446 42.71 42.967 43.014 42.726 42.495 42.215 41.981 41.725 41.431 41.208 40.98 41.256 41.568 41.813 42.039 42.3 42.533 42.845 43.05 42.869 42.63 42.412 42.074 41.82 41.571 41.367 40.97 36.246 39.705 39.834 39.369 40.738 42.72 43.217 42.669 41.37 37.458 33.708 34.904 33.514 33.075 32.991 32.931 32.932 32.952 32.812 32.696 32.6 32.451 32.474 32.753 33.485 39.34 41.646
34.008 33.936 33.87 33.767 33.664 33.568 33.5 33.445 33.51 34.923 39.269 40.769 41.242 41.536 41.746 41.99 42.253 42.554 42.797 43.191 42.947 42.681 42.407 42.104 41.91 41.611 41.366 41.084 41.068 41.353 41.625 41.853 42.145 42.42 42.678 42.954 43.117 42.809 42.524 42.265 42.027 41.754 41.509 41.248 35.924 34.354 40.055 39.376 40.217 40.52 41.67 42.826 42.946 40.11 33.845 33.48 33.237 33.131 33.059 32.921 32.852 32.922 32.866 32.71 32.621 32.506 32.46 32.498 33.038 36.836 41.664 42.14
33.998 33.882 33.817 33.756 33.653 33.571 33.486 34.011 33.659 38.003 39.993 41.04 41.351 41.626 41.901 42.14 42.419 42.632 42.864 43.279 42.819 42.539 42.299 42.037 41.753 41.483 41.215 40.891 41.158 41.434 41.748 41.987 42.305 42.494 42.716 43.108 42.971 42.667 42.389 42.157 41.918 41.665 41.392 41.153 39.406 36.798 40.901 40.725 40.649 41.493 42.025 42.035 39.853 35.422 33.601 33.313 33.173 33.108 33.029 32.862 32.907 32.94 32.762 32.64 32.557 32.47 32.411 32.507 36.568 40.984 43.366 42.837
33.969 33.915 33.782 33.703 33.63 33.535 33.45 33.448 33.687 38.699 40.739 41.218 41.437 41.749 41.96 42.261 42.472 42.73 43.025 43.001 42.756 42.44 42.189 41.933 41.628 41.408 41.127 41.036 41.315 41.568 41.796 42.047 42.27 42.588 42.882 43.062 42.856 42.628 42.302 42.017 41.805 41.538 41.289 40.91 34.406 38.867 39.567 41.028 40.746 41.683 43.346 42.869 40.604 35.619 33.46 33.212 33.085 33.029 32.899 33.024 34.773 33.069 32.681 32.574 32.485 32.417 32.469 32.643 34.642 43.386 43.165 44.336
33.915 33.859 33.754 33.692 33.634 33.494 33.427 33.499 34.04 39.266 40.822 41.253 41.544 41.765 42.092 42.309 42.556 42.845 43.094 42.856 42.618 42.336 42.067 41.847 41.576 41.333 40.999 41.156 41.402 41.641 41.917 42.2 42.482 42.733 42.953 43.013 42.757 42.476 42.243 41.986 41.757 41.449 41.176 37.133 35.674 39.358 40.617 40.942 40.754 41.479 43.094 42.173 41.307 34.276 33.245 33.136 33.047 32.959 32.886 32.874 32.889 33.738 32.634 32.532 32.43 32.41 32.542 32.641 36.951 43.143 43.893 43.887
33.92 33.835 33.769 33.651 33.593 33.481 33.404 33.537 37.76 40.244 41.085 41.362 41.649 41.849 42.18 42.386 42.671 42.876 43.083 42.786 42.528 42.242 41.976 41.771 41.496 41.252 41.012 41.216 41.502 41.76 42.027 42.231 42.501 42.799 43.093 42.892 42.703 42.348 42.126 41.864 41.608 41.385 41.009 37.772 40.842 41.145 41.067 40.883 40.455 39.907 41.02 40.457 35.08 33.275 33.178 33.083 33.009 32.926 32.817 32.863 32.801 32.659 32.608 32.704 32.399 32.465 32.6 32.76 37.699 40.367 40.826 39.836
33.918 33.814 33.74 33.634 33.578 33.47 33.535 34.272 39.267 40.76 41.222 41.471 41.686 41.974 42.268 42.498 42.82 43.003 42.948 42.677 42.425 42.146 41.916 41.644 41.397 41.126 41.052 41.328 41.6 41.826 42.111 42.384 42.619 42.926 43.073 42.874 42.54 42.28 42.069 41.802 41.528 41.254 40.839 34.85 41.438 43.638 41.608 40.405 40.075 38.324 35.159 33.985 33.491 33.226 33.164 33.081 32.964 32.853 32.821 32.941 32.725 32.64 33.32 32.425 32.396 32.496 32.607 32.919 39.297 36.623 37.036 35.915
33.899 33.823 33.718 33.644 33.538 33.43 33.474 36.88 39.198 41.02 41.288 41.57 41.799 42.105 42.348 42.583 42.856 43.248 42.821 42.602 42.338 42.071 41.792 41.515 41.245 40.994 41.125 41.41 41.693 41.956 42.238 42.487 42.705 42.974 43 42.703 42.494 42.213 41.964 41.689 41.394 41.156 37.016 34.267 42.185 42.573 41.208 37.707 39.333 38.606 33.83 33.469 33.265 33.184 33.048 33.002 32.898 32.86 32.886 32.904 32.686 32.549 32.467 32.386 32.437 32.55 32.707 37.016 36.919 37.131 36.163 35.595
33.856 33.798 33.659 33.565 33.504 33.443 33.613 38.68 40.364 41.151 41.415 41.682 41.929 42.154 42.4 42.654 42.948 43.075 42.76 42.474 42.252 42.003 41.737 41.471 41.145 41.013 41.219 41.495 41.842 42.011 42.324 42.557 42.84 43.069 42.909 42.593 42.365 42.093 41.802 41.547 41.288 40.974 33.877 39.43 41.861 41.239 40.648 39.645 36.427 34.311 33.539 33.336 33.188 33.146 33.037 32.969 32.866 32.792 32.863 32.697 32.565 32.492 32.398 32.389 32.463 32.633 33.587 37.651 37.297 37.037 35.612 35.694
33.831 33.692 33.65 33.558 33.498 33.478 33.834 39.207 40.523 41.188 41.514 41.718 42.021 42.335 42.585 42.803 43.041 42.895 42.673 42.371 42.176 41.831 41.617 41.326 41.078 41.069 41.378 41.623 41.801 42.113 42.398 42.677 42.884 43.084 42.803 42.517 42.25 42.002 41.771 41.495 41.25 35.907 34.679 39.753 42.123 40.382 41.053 40.694 39.959 34.785 33.522 33.259 33.151 33.058 33.006 32.878 32.784 32.874 32.897 32.634 32.547 32.443 32.335 32.418 32.56 37.5 38.49 39.243 37.947 36.027 35.473 36.085
33.821 33.689 33.612 33.508 33.434 33.543 36.604 40.109 41.076 41.335 41.561 41.847 42.168 42.377 42.648 42.956 43.126 42.852 42.583 42.366 42.073 41.743 41.496 41.251 41.012 41.172 41.483 41.719 41.979 42.165 42.501 42.71 43.108 42.955 42.684 42.47 42.194 41.936 41.666 41.391 41.098 37.189 38.086 39.641 40.586 39.947 39.132 40.314 39.643 33.773 33.353 33.215 33.119 33.024 32.985 32.828 32.794 32.86 32.719 32.547 32.477 32.404 32.362 32.407 32.942 40.786 39.959 40.167 40.122 36.126 35.639 36.119
33.827 33.683 33.559 33.484 33.446 33.713 38.718 40.356 41.181 41.448 41.671 41.957 42.249 42.512 42.788 43 42.978 42.754 42.451 42.205 41.978 41.725 41.444 41.154 41.003 41.273 41.495 41.777 42.079 42.321 42.569 42.821 43.04 42.787 42.571 42.306 42.07 41.781 41.57 41.324 40.933 35.37 38.642 38.67 40.237 40.301 39.016 37.228 36.532 33.995 33.303 33.18 33.077 32.978 32.873 32.773 32.799 32.844 32.659 32.53 32.472 32.363 32.385 32.743 38.978 40.102 40.992 40.095 38.754 35.369 35.774 36.556
33.779 33.659 33.541 33.454 33.458 33.661 39.266 40.97 41.283 41.554 41.751 42.018 42.297 42.598 42.883 43.124 42.867 42.654 42.38 42.123 41.835 41.539 41.37 41.076 41.164 41.413 41.651 41.876 42.115 42.406 42.679 42.919 43.036 42.742 42.385 42.203 41.953 41.684 41.451 41.23 37.018 38.686 39.053 39.245 41.448 41.939 37.48 35.159 33.745 33.507 33.274 33.151 33.041 32.963 32.86 32.772 32.838 32.865 32.575 32.505 32.443 32.338 32.472 36.743 38.089 39.66 40.335 40.128 38.07 35.595 35.927 36.35
33.752 33.613 33.523 33.443 33.633 38.608 40.523 41.131 41.341 41.639 41.928 42.162 42.399 42.656 42.934 43.116 42.809 42.531 42.27 42.004 41.739 41.434 41.217 40.904 41.209 41.464 41.794 42 42.305 42.536 42.813 43.076 42.835 42.636 42.409 42.113 41.842 41.582 41.385 40.81 36.653 38.586 38.915 39.403 40.841 40.929 38.381 34.044 33.72 33.595 33.203 33.117 32.989 32.929 32.83 32.76 32.957 32.659 32.514 32.434 32.332 32.316 32.633 34.154 36.909 39.416 40.742 37.869 36.663 35.886 36.082 36.385
33.684 33.568 33.464 33.415 33.695 38.658 40.42 41.233 41.462 41.765 42.044 42.248 42.518 42.791 43.2 42.974 42.68 42.366 42.177 41.88 41.647 41.363 41.13 41.088 41.261 41.514 41.9 42.107 42.371 42.613 42.928 43.07 42.779 42.504 42.237 41.965 41.764 41.504 41.249 39.693 38.683 38.407 39.937 40.754 38.902 39.3 35.364 33.948 34.456 33.802 33.13 32.996 32.964 32.874 32.821 32.841 32.785 32.609 32.488 32.416 32.3 32.41 35.625 39.099 41.2 43.981 43.451 40.651 36.082 36.044 36.249 36.141
33.651 33.541 33.445 33.428 36.443 40.12 40.998 41.35 41.532 41.857 42.068 42.367 42.684 42.864 43.054 42.87 42.588 42.306 42.059 41.789 41.56 41.254 41.01 41.17 41.396 41.682 41.87 42.162 42.483 42.736 43.103 42.977 42.653 42.486 42.202 41.901 41.656 41.388 41.146 37.165 37.317 39.068 39.565 40.236 39.796 38.413 35.275 34.092 35.052 33.368 33.101 33.029 32.882 32.863 32.786 32.829 32.738 32.511 32.448 32.344 32.311 32.752 34.284 34.398 42.394 44.984 44.589 42.043 36.81 36.288 36.261 36.162
36.245 36.274 35.3 33.532 38.58 39.626 41.15 41.38 41.63 41.972 42.127 42.454 42.734 43.022 43.091 42.784 42.466 42.255 41.966 41.684 41.444 41.152 40.957 41.217 41.475 41.792 42.055 42.25 42.494 42.824 43.246 42.916 42.586 42.376 42.063 41.802 41.578 41.322 40.964 34.572 39.446 38.926 39.593 40.847 42.684 41.692 34.367 34.829 34.835 33.251 33.043 32.983 32.878 32.787 32.819 32.86 32.575 32.485 32.389 32.321 32.539 36.663 34.819 33.869 41.002 41.867 44.29 40.847 36.126 36.681 36.464 36.192
