dsm/se2833_DSM_2M.asc
ncols 500
nrows 500
xllcorner    428000
yllcorner    433000
cellsize     2
NODATA_value -9999
[rows 352 to 383 of 500, columns 360 to 431 of 500]
31.994 32.042 31.994 31.987 31.986 31.99 31.957 36.936 32.173 32.062 36.292 44.526 44.276 36.926 33.044 31.844 31.803 31.79 31.772 31.774 31.834 31.882 31.909 32.04 31.967 31.95 31.969 31.922 31.872 31.953 32.048 32.114 32.147 32.29 32.372 32.462 32.558 32.615 32.809 32.975 32.785 32.716 32.771 32.821 32.784 32.785 32.81 32.781 32.831 32.888 32.913 32.923 32.844 32.778 32.673 32.629 32.505 32.347 32.226 32.385 31.958 32.016 31.901 31.831 33.499 33.99 33.618 33.898 34.133 33.864 34.016 33.883
32.067 31.996 32.04 32.013 31.993 31.969 31.95 31.926 31.967 31.973 32.007 31.992 35.202 33.036 31.831 31.816 31.818 31.797 31.789 31.736 31.808 31.865 31.941 31.957 31.952 31.948 31.828 31.863 31.928 31.993 32.097 32.182 32.231 32.291 32.33 32.423 32.503 32.597 32.725 32.654 32.636 32.697 32.722 32.7 32.716 32.713 32.646 32.73 32.811 32.832 32.807 32.719 32.689 32.607 32.442 32.42 32.308 32.222 32.095 31.999 31.886 32.686 32.365 32.02 32.032 33.898 33.188 34.131 34.113 34.626 34.53 33.382
31.949 32.015 32.013 31.974 32.003 32.015 31.999 31.95 31.966 31.959 31.939 31.957 31.879 31.819 31.808 31.844 31.829 31.789 31.821 31.776 31.701 31.778 31.877 31.8 31.83 31.824 31.818 31.889 31.96 32.061 32.088 32.146 32.242 32.307 32.377 32.387 32.537 32.956 32.63 32.592 32.583 32.664 32.588 32.651 32.66 32.613 32.669 32.762 32.777 32.691 32.629 32.606 32.486 32.423 32.374 32.29 32.182 32.13 31.995 31.88 31.916 32.489 35.93 35.041 33.534 32.562 32.362 32.48 32.781 34.112 33.144 32.444
31.99 31.91 31.948 31.995 31.981 31.988 32.044 32.125 31.999 31.974 31.966 31.949 31.879 31.928 31.844 31.822 31.837 31.824 31.78 31.783 31.792 31.758 31.803 31.814 31.8 31.803 31.87 31.917 31.962 32.04 32.135 32.193 32.208 32.242 32.373 32.472 32.675 32.482 32.457 32.525 32.541 32.538 32.529 32.53 32.532 32.641 32.752 32.787 32.761 32.63 32.58 32.444 32.401 32.294 32.264 32.19 32.118 32.014 31.875 31.835 32.356 33.545 37.11 37.236 37.835 35.541 33.104 32.013 31.873 32.035 31.734 32.337
33.755 32.172 31.964 31.931 31.916 31.949 32.074 32.178 32.154 32.009 31.984 31.984 31.992 31.939 31.912 31.885 31.904 31.879 31.841 31.824 31.825 31.838 31.807 31.807 31.872 31.884 31.905 31.93 31.999 32.09 32.099 32.188 32.232 32.304 32.431 32.617 32.433 32.401 32.436 32.409 32.44 32.463 32.446 32.434 32.586 32.745 32.758 32.786 32.705 32.607 32.479 32.409 32.334 32.217 32.093 32.014 31.991 31.889 31.774 31.74 32.489 37.245 37.529 37.668 37.67 37.128 35.726 33.619 31.936 31.799 31.686 31.598
34.397 33.382 32.936 31.945 31.869 31.936 31.915 32.188 31.985 31.981 32.009 31.993 32.01 32.021 31.991 31.932 31.92 31.931 31.89 31.899 31.917 31.901 31.857 31.868 31.871 31.848 31.914 31.965 32.017 32.079 32.111 32.157 32.242 32.346 32.622 32.367 32.307 32.327 32.35 32.332 32.4 32.335 32.323 32.488 32.675 32.913 32.87 33.017 32.67 32.671 32.467 32.361 32.26 32.104 32.016 31.917 31.876 31.782 31.716 31.864 35.188 37.733 37.745 38.957 38.25 37.811 37.603 35.497 34.881 34.346 32.088 31.917
32.839 34.558 34.246 32.574 31.94 31.823 31.868 31.887 31.887 31.905 31.935 31.989 31.99 32.08 32.094 32.105 32.096 32.044 32.01 32.011 31.969 32.045 31.938 31.925 31.887 31.892 31.948 31.983 32.047 32.063 32.125 32.178 32.272 32.463 32.306 32.296 32.315 32.34 32.316 32.254 32.248 32.263 32.503 33.178 34.878 32.893 33.03 40.168 40.902 39.634 39.368 34.262 32.181 32.016 31.968 31.85 31.786 31.73 31.713 32.002 37.227 37.724 38.632 39.906 39.36 38.817 38.335 37.464 37.319 35.887 33.115 32.31
32.534 33.489 33.567 33.957 32.824 31.841 31.779 31.809 31.828 31.846 31.859 31.909 32.078 32.257 32.475 32.474 32.449 32.107 32.1 32.033 31.963 32.024 31.87 31.83 31.874 31.936 31.969 31.962 32.039 32.08 32.135 32.246 32.398 32.223 32.203 32.203 32.25 32.231 32.174 32.245 32.164 32.322 32.681 32.794 33.302 32.861 32.995 41.446 41.502 41.494 41.322 33.721 32.103 32.032 31.898 31.825 31.738 31.758 31.747 35.866 38.553 37.338 38.595 38.936 39.854 40.095 39.325 38.854 38.272 37.45 36.019 34.546
32.312 32.351 32.169 33.03 33.6 31.94 31.739 31.723 31.767 31.776 31.809 31.941 32.346 32.571 32.578 32.572 32.281 32.065 32.041 31.987 31.86 31.85 31.831 31.88 31.903 31.952 31.994 32.047 32.056 32.107 32.188 32.284 32.2 32.167 32.189 32.164 32.125 32.159 32.114 32.124 32.258 32.529 32.686 32.921 32.782 32.744 37.361 41.297 41.241 41.216 41.065 34.967 33.637 32.171 31.911 31.816 31.761 31.747 31.774 36.766 39.059 37.515 37.515 38.065 38.429 39.57 39.929 40.037 39.212 38.847 37.845 37.043
32.062 32.062 31.991 32.1 32.75 31.946 31.708 31.633 31.665 31.698 31.745 32.016 32.452 32.561 32.612 32.45 32.042 32.052 31.972 31.844 31.824 31.792 31.837 31.895 31.925 31.964 32.013 32.012 32.027 32.104 32.198 32.124 32.085 32.081 32.13 32.122 32.066 32.045 32.037 32.209 32.433 32.581 32.861 37.463 39.162 40.752 41.562 41.774 41.828 41.736 41.814 40.207 38.987 38.558 35.87 36.666 31.896 31.756 31.835 31.753 32.909 35.953 36.996 37.317 37.64 38.43 38.683 39.797 39.974 40.021 38.915 38.258
32.082 32.023 32.05 31.901 31.975 32.208 31.754 31.582 31.634 31.607 31.703 32.077 32.446 32.452 32.344 31.997 33.251 34.293 31.82 31.767 31.794 31.814 31.852 31.844 31.929 31.938 31.991 32.051 32.108 32.189 32.054 32.056 32.031 32.097 32.025 32.004 31.969 31.99 32.153 32.414 32.844 38.81 40.013 41.822 42.224 42.313 42.426 42.6 42.664 42.565 42.591 42.42 42.252 42.209 41.927 40.005 35.576 32.002 31.777 31.782 31.791 31.721 32.665 35.899 37.038 37.614 37.795 38.402 38.751 39.283 39.988 39.52
32.061 32.159 32.22 31.918 31.9 32.04 31.755 31.612 31.524 31.555 31.622 32.044 32.311 32.043 31.906 31.915 33.791 31.963 31.692 31.701 31.75 31.789 31.825 31.882 31.921 31.938 31.982 32.123 32.258 32.031 31.988 32.031 31.961 31.975 31.952 31.971 31.964 32.094 32.248 34.523 41.589 41.882 42.294 42.582 42.906 43.153 43.213 43.27 43.281 43.392 43.477 43.285 43.012 42.899 42.623 42.206 41.884 39.886 34.538 31.843 31.826 31.806 31.762 31.744 32.612 35.842 37.179 37.343 37.844 38.372 38.908 39.62
32.035 31.971 31.976 31.863 31.86 31.904 32.118 31.569 31.463 31.505 31.637 31.786 31.813 31.801 31.808 31.779 31.669 31.651 31.664 31.685 31.763 31.804 31.851 31.87 31.938 31.965 32.091 32.056 31.947 31.916 31.947 31.874 31.929 31.92 31.86 31.875 32.003 33.166 37.201 41.692 42.137 42.652 42.966 43.375 43.649 43.995 44.164 44.231 44.221 44.147 44.185 44.02 43.804 43.634 43.343 42.872 42.589 42.146 41.392 36.897 31.917 31.787 31.789 32.033 31.689 31.782 33.24 36.759 37.181 37.711 37.921 38.52
32.035 31.98 32.354 31.844 31.803 31.877 32.047 31.531 31.41 31.414 31.532 31.607 31.713 31.734 31.714 31.648 31.614 31.606 31.671 31.673 31.741 31.817 31.862 31.82 31.926 32.032 32.278 31.923 31.875 31.883 31.907 31.858 31.876 31.821 31.793 31.8 32.165 40.379 41.786 42.235 42.792 43.349 43.791 44.108 44.17 44.121 44.001 43.968 43.727 43.832 43.847 43.989 44.246 44.097 44.162 43.456 43.221 42.722 42.221 40.255 33.874 31.951 32.63 32.457 32.068 31.679 31.663 32.595 35.209 36.791 37.413 37.703
32.055 32.027 32.392 31.977 31.841 31.852 32.027 31.501 31.316 31.388 31.423 31.535 31.613 31.623 31.586 31.554 31.563 31.61 31.646 31.689 31.728 31.806 31.801 31.873 31.948 31.998 31.894 31.851 31.82 31.853 31.818 31.83 31.788 31.737 31.747 31.82 32.183 41.452 42.418 42.905 43.415 43.886 44.328 44.025 43.628 43.32 43.167 43.105 42.941 43.049 43.019 43.124 43.4 43.762 44.059 44.177 43.924 43.351 42.705 42.193 41.532 33.185 32.117 33 31.759 31.897 31.561 31.537 31.602 32.646 36.66 37.099
32.056 31.994 32.926 32.857 31.87 31.9 31.723 31.445 31.262 31.3 31.358 31.482 31.595 31.463 31.505 31.502 31.555 31.6 31.59 31.691 31.763 31.801 31.839 31.951 32.002 31.859 31.808 31.808 31.741 31.745 31.767 31.748 31.697 31.693 31.724 31.804 31.962 32.085 39.556 42.545 43.559 44.091 43.766 43.272 42.945 42.55 42.393 42.222 42.035 42.138 42.205 42.479 42.681 42.889 43.26 43.677 44.13 43.765 43.443 42.693 42.249 39.922 33.433 31.932 32.007 31.579 31.506 31.513 31.539 31.566 31.62 33.211
32.102 32.003 32.042 32.428 31.86 31.962 31.737 31.413 31.235 31.245 31.303 31.432 31.415 31.413 31.446 31.513 31.54 31.616 31.647 31.702 31.767 31.84 31.894 31.924 31.79 31.753 31.776 31.712 31.723 31.676 31.665 31.693 31.693 31.703 31.708 31.729 31.962 31.992 33.821 41.382 42.612 43.459 43.065 42.634 42.213 41.924 41.708 41.249 41.278 41.242 41.245 41.698 41.932 42.141 42.69 43.23 43.534 44.22 43.952 43.195 42.596 41.878 36.891 31.719 31.568 31.492 31.483 31.477 31.502 31.518 31.517 31.562
32.098 32.043 32.171 32.953 31.89 32.031 31.805 31.631 31.209 31.248 31.27 31.354 31.376 31.407 31.411 31.502 31.585 31.61 31.648 31.677 31.748 31.903 31.904 31.741 31.697 31.729 31.691 31.708 31.626 31.633 31.632 31.69 31.648 31.632 31.639 31.695 31.898 31.943 31.947 33.377 41.26 42.395 42.626 41.978 41.525 36.181 34.272 31.546 31.534 31.505 31.868 34.293 41.044 41.555 41.981 42.66 43.088 43.812 44.207 43.694 43.199 42.415 41.697 32.279 31.597 31.5 31.47 31.471 31.452 31.479 31.489 31.481
32.089 32.06 32.143 35.13 32.032 32.416 31.949 31.605 31.212 31.201 31.238 31.348 31.354 31.352 31.428 31.458 31.553 31.59 31.651 31.688 32.101 32.376 31.712 31.667 31.684 31.635 31.641 31.6 31.529 31.587 31.749 32.31 31.717 31.604 31.628 31.702 31.793 31.884 31.907 32.424 33.874 39.478 41.959 41.587 36.076 31.544 31.483 31.429 31.429 31.419 31.858 31.689 31.563 35.709 41.439 41.938 42.467 43.276 43.974 44.033 43.537 42.754 42.1 36.311 31.581 31.472 31.461 31.431 31.422 31.43 31.447 31.466
32.15 32.092 32.121 32.105 32.366 32.044 32.051 31.446 31.124 31.184 31.243 31.262 31.335 31.383 31.428 31.479 31.571 31.583 31.679 31.799 31.841 31.636 31.643 31.65 31.603 31.6 31.57 31.545 31.56 31.55 31.594 31.631 31.671 31.595 31.629 31.615 31.647 32.164 32.085 32.598 34.075 34.992 40.867 33.327 32.179 31.679 31.445 31.439 31.443 31.452 32.648 31.915 31.436 31.455 37.555 41.424 42.18 42.685 43.478 44.196 43.828 43.112 42.407 41.318 31.896 31.52 31.506 31.48 31.409 31.411 31.424 31.42
32.388 32.215 32.562 32.445 32.147 32.261 32.134 31.257 31.139 31.167 31.189 31.266 31.326 31.373 31.442 31.472 31.578 31.631 31.802 31.726 31.665 31.603 31.636 31.554 31.524 31.544 31.509 31.487 31.527 31.527 31.549 31.576 31.572 31.595 31.616 31.591 31.594 31.662 31.752 31.931 34.991 33.047 31.915 31.973 31.767 31.68 31.461 31.445 31.417 31.425 31.866 31.42 31.423 31.424 31.539 34.497 41.631 42.335 43.126 43.848 43.962 43.344 42.661 41.866 35.845 31.582 31.478 31.488 31.439 31.406 31.384 31.41
32.367 32.849 32.521 32.473 32.4 32.73 31.597 31.158 31.123 31.174 31.229 31.306 31.325 31.399 31.43 31.518 31.595 31.721 31.701 31.585 31.549 31.566 31.562 31.531 31.482 31.471 31.478 31.448 31.451 31.474 31.53 31.532 31.592 31.528 31.593 31.601 31.622 31.598 31.59 31.563 31.571 31.676 31.719 31.929 32.421 32.201 31.643 31.447 31.453 31.392 31.363 31.411 31.402 31.423 31.455 31.74 41.106 42.078 42.75 43.622 44.098 43.666 42.795 42.021 35.542 31.596 31.496 31.462 31.507 31.464 31.399 31.434
32.93 32.675 32.666 32.531 32.927 32.824 31.31 31.089 31.133 31.164 31.224 31.321 31.362 31.419 31.478 31.536 31.619 31.606 31.573 31.565 31.578 31.536 31.489 31.477 31.427 31.446 31.488 31.541 31.57 31.614 31.601 31.558 31.552 31.579 31.585 31.559 31.599 31.605 31.588 31.552 31.515 31.496 31.507 31.608 31.925 31.71 31.523 31.456 31.467 31.416 31.388 31.371 31.397 31.444 31.433 31.547 38.78 41.673 42.571 43.414 44.192 43.715 42.952 42.23 35.942 31.612 31.508 31.497 31.469 31.479 31.473 31.41
33.029 32.933 32.75 33.322 32.824 31.482 31.082 31.059 31.119 31.177 31.214 31.285 31.361 31.405 31.495 31.543 31.569 31.527 31.529 31.519 31.514 31.472 31.423 31.407 31.358 31.451 31.52 31.57 31.664 31.647 31.681 31.694 31.629 31.679 31.59 31.543 31.61 31.578 31.564 31.553 31.546 31.513 31.503 31.49 31.469 31.583 31.748 32.331 31.464 31.401 31.415 31.42 31.406 31.438 31.456 31.475 38.356 41.692 42.533 43.312 44.049 43.793 43.037 42.262 37.108 31.631 32.742 32.369 31.545 31.466 31.462 31.439
33.254 33.228 33.561 33.216 31.677 31.255 31.08 31.086 31.156 31.197 31.238 31.307 31.406 31.428 31.477 31.55 31.484 31.446 31.461 31.453 31.408 31.381 31.353 31.376 31.416 31.479 31.54 32.851 32.331 31.652 31.659 31.691 31.698 31.737 31.722 31.71 31.613 31.608 31.56 31.491 31.499 31.539 31.513 31.518 31.483 31.423 31.366 31.747 32.212 31.459 31.446 31.418 31.47 31.44 31.456 31.464 33.465 41.562 42.425 43.239 43.963 43.819 43.118 42.338 41.286 31.856 32.759 33.082 32.049 31.482 31.474 31.483
33.441 33.773 33.485 32.89 31.529 31.106 31.053 31.091 31.156 31.208 31.273 31.335 31.394 31.474 31.452 31.467 31.468 31.446 31.426 31.376 31.393 31.338 31.357 31.382 31.43 31.893 33.501 32.997 32.904 31.917 31.861 32.917 34.787 33.045 35.792 34.905 32.877 31.818 31.614 31.615 31.529 31.426 31.462 31.46 31.509 31.444 31.421 31.423 31.444 31.463 31.491 31.448 31.443 31.451 31.447 31.458 33.5 41.481 42.544 43.32 44.117 43.81 42.982 42.176 41.354 31.758 33.221 33.22 33.165 32.866 32.107 31.544
35.183 34.007 32.493 31.488 31.23 31.032 31.07 31.135 31.191 31.206 31.305 31.356 31.414 31.474 31.415 31.424 31.406 31.399 31.383 31.345 31.301 31.312 31.376 31.443 31.479 31.539 31.934 34.734 36.895 36.677 37.75 37.955 38.088 38.069 37.974 37.997 37.839 37.604 36.489 34.695 31.823 31.702 31.469 31.433 31.433 31.472 31.45 31.44 31.44 31.444 31.591 31.514 31.662 31.459 31.425 31.471 38.335 41.924 42.738 43.551 44.292 43.652 42.828 42.168 39.797 31.665 31.94 32.031 32.313 32.938 33.027 32.479
35.655 32.951 31.672 31.307 31.079 31.063 31.075 31.121 31.187 31.243 31.319 31.38 31.459 31.427 31.363 31.395 31.339 31.376 31.322 31.304 31.295 31.315 31.376 31.466 31.504 31.562 36.451 37.798 38.051 38.442 38.574 37.968 38.846 38.224 35.555 38.743 38.778 38.57 38.296 37.965 37.618 36.447 32.658 31.467 31.416 31.423 31.388 31.411 31.418 31.409 31.434 31.607 32.357 31.937 31.511 31.796 40.369 42.179 42.829 43.591 44.207 43.65 42.775 41.778 37.56 32.761 32.812 32.342 31.799 31.472 31.499 31.964
33.505 32.003 31.366 31.095 30.996 31.032 31.102 31.16 31.214 31.283 31.33 31.358 31.363 31.321 31.374 31.335 31.281 31.284 31.288 31.273 31.305 31.4 31.465 31.502 34.476 37.17 38.4 38.62 38.833 38.511 38.714 39.079 39.999 40.121 40.197 40.074 39.87 39.375 39.289 38.951 38.514 38.024 36.936 34.666 31.669 31.432 31.397 31.424 31.419 31.38 31.373 31.47 31.739 32.374 31.761 36.68 41.796 42.303 43.258 43.854 44.085 43.425 42.575 41.875 39.268 31.615 31.463 31.794 31.451 31.423 31.446 31.463
32.957 31.551 31.205 31 31.007 31.073 31.128 31.205 31.227 31.298 31.403 31.415 31.56 31.332 31.297 31.32 31.269 31.238 31.232 31.295 31.35 31.415 34.405 34.873 37.287 38.57 39.011 35.744 38.959 40.295 40.721 41.419 41.169 41.741 41.516 41.32 40.718 40.622 40.178 39.562 39.235 38.823 38.37 36.766 33.4 31.587 31.385 31.372 31.393 31.407 31.436 31.375 31.37 31.638 31.662 33.363 39.553 42.306 43.567 44.277 43.849 43.227 42.485 41.463 31.709 31.484 31.447 31.405 31.429 31.396 31.408 31.44
31.657 31.251 31.074 30.991 31.04 31.102 31.171 31.216 31.28 31.355 31.35 31.963 31.456 31.304 31.26 31.233 31.203 31.232 31.282 31.301 31.367 31.461 35.9 38.002 38.674 39.237 40.008 40.51 41.423 41.955 42.293 42.296 42.243 41.698 42.335 42.158 42.474 42.518 41.785 40.515 40.386 39.443 39.104 38.339 37.939 36.467 31.571 31.387 31.349 31.346 31.374 31.381 31.344 31.359 31.531 31.693 31.639 39.128 40.408 43.415 43.628 42.83 42.119 36.568 31.51 31.432 31.416 31.405 31.402 31.399 31.406 31.438
31.418 31.136 31.029 31.017 31.024 31.049 31.121 31.18 31.287 31.325 31.329 31.85 31.318 31.271 31.204 31.177 31.197 31.247 31.27 31.346 31.452 35.807 38.086 38.59 39.446 40.086 40.652 41.995 42.38 41.535 41.073 40.614 40.427 40.19 40.325 40.442 40.828 41.182 42.114 42.417 40.836 40.337 39.776 39.079 38.437 37.839 32.858 31.507 31.454 31.394 31.381 31.383 31.405 31.362 31.374 31.532 31.699 31.585 39.028 42.26 43.055 42.514 41.718 34.451 31.522 31.403 31.403 31.39 31.408 31.417 31.473 31.468
