dsm/se2838_DSM_2M.asc
ncols 500
nrows 500
xllcorner    428000
yllcorner    438000
cellsize     2
NODATA_value -9999
[rows 310 to 340 of 500, columns 276 to 344 of 500]
118.349 118.582 119.012 119.207 119.782 121.181 122.885 121.973 122.036 122.395 127.598 130.136 127.574 131.607 132.271 137.275 140.5 137.971 142.163 134.479 145.492 142.249 148.507 147.894 147.237 148.376 147.251 146.079 136.91 144.936 141.609 139.781 147.108 146.649 144.674 140.973 128.677 128.8 131.985 145.172 147.905 147.552 144.063 147.485 147.572 145.256 144.273 137.399 129.298 129.482 131.705 130.013 130.228 130.35 130.21 129.463 129.12 129.26 129.056 128.899 128.894 128.876 128.869 128.909 128.936 128.992 129.816 130.867 131.983
119.014 119.564 124.459 125.419 120.712 121.513 123.073 124.478 127.062 128.919 130.684 132.137 132.825 132.052 133.441 138.051 140.249 141.427 142.501 144.799 146.869 133.373 148.566 148.079 147.063 148.272 146.97 146.822 146.16 139.448 139.523 145.821 146.511 143.917 137.824 130.345 129.059 129.205 128.995 143.054 145.004 147.049 147.073 146.795 147.031 144.822 137.126 132.851 131.396 129.839 129.637 129.896 129.595 129.432 129.213 128.872 128.885 128.873 128.842 128.867 128.885 128.86 128.925 128.929 130.226 130.553 130.725 130.847 130.543
119.942 120.349 125.559 124.442 121.962 122.452 124.105 126.349 128.216 130.055 131.809 133.066 133.595 133.87 135.579 137.581 137.39 137.548 141.86 143.818 142.633 145.89 138.868 148.317 146.707 146.682 146.088 143.791 146.043 144.804 145.97 146.188 145.793 146.221 137.143 133.755 129.573 133.453 135.756 140.743 143.807 144.64 143.843 145.577 144.116 140.218 131.622 132.074 130.352 129.628 129.066 128.937 128.917 128.923 129.093 128.843 128.834 128.8 128.848 128.895 129.05 130.539 130.582 131.217 131.38 130.619 130.153 129.799 129.623
120.922 121.349 123.844 125.952 123.049 123.687 130.259 126.797 128.52 130.493 137.135 134.172 133.495 134.882 136.263 137.587 138.464 140.11 141.099 129.828 130.843 133.897 146.169 146.537 142.539 137.248 133.75 145.176 145.739 141.32 143.493 145.084 144.245 143.521 140.251 135.327 132.482 133.611 139.231 139.449 142.739 136.137 140.988 131.913 134.936 130.346 130.265 131.067 129.677 128.965 128.914 128.99 128.935 128.897 128.853 128.804 128.861 129.611 129.989 130.337 131.476 130.712 130.462 130.577 130.075 129.615 129.408 129.295 129.278
121.689 122.024 122.617 123.219 123.932 124.762 125.609 127.196 128.857 130.561 132.132 133.419 133.785 134.803 135.796 136.839 138.397 140.586 142.122 140.224 127.933 127.86 129.733 130.01 129.887 133.12 130.295 139.203 141.367 142.992 138.066 141.318 142.052 139.368 138.425 136.419 132.21 133.043 131.918 132.601 132.807 132.885 131.161 131.126 130.785 129.938 129.418 129.313 128.978 128.976 128.928 128.922 128.897 128.903 129.159 130.082 130.809 131.648 130.658 129.189 129.659 129.059 130.785 130.405 130.028 129.599 129.312 129.278 134.39
122.637 123.214 123.549 124.074 124.749 125.849 126.774 127.447 129.116 134.955 131.961 133.129 133.527 134.394 133.977 131.321 137.879 140.252 141.378 140.455 135.881 129.01 129.733 129.259 128.943 128.903 129.343 129.282 131.869 129.226 130.886 135.415 134.146 135.975 137.029 136.238 134.979 132.263 132.214 131.037 130.882 130.899 130.407 130.299 129.614 129.085 129.047 128.984 128.966 128.945 128.912 128.921 129.859 130.833 130.796 130.199 129.593 129.266 129.026 129.077 129.102 129.079 129.468 129.714 129.222 130.128 129.46 129.277 129.233
123.987 123.989 124.619 129.852 125.629 126.659 127.919 128.347 128.701 130.207 131.371 131.701 132.741 133.527 134.797 136.676 136.188 139.609 141.172 140.426 130.011 131.772 130.902 131.025 129.6 129.375 129.268 129.24 129.52 129.449 131.037 130.906 132.472 133.475 133.138 134.081 132.619 131.294 131.246 131.1 130.699 130.423 129.557 129.386 129.064 129.028 128.982 128.934 129.304 129.031 130.133 130.643 130.366 129.537 129.032 129.076 129.068 129.05 129.07 129.095 129.1 129.037 129.39 129.08 129.151 129.212 129.215 129.224 135.705
124.729 125.024 125.284 126.117 126.269 127.189 128.057 128.604 128.362 129.333 132.342 132.622 132.306 132.845 134.111 137.3 139.165 139.099 140.22 141.881 143.757 142.934 134.014 130.772 132.286 129.86 129.386 133.948 139.179 143.482 138.687 134.783 132.882 132.726 132.815 132.865 131.846 131.869 131.312 130.739 129.732 129.387 129.196 129.12 129.016 128.962 128.964 129.049 130.42 129.612 133.62 132.379 130.69 129.093 129.101 129.094 129.039 129.053 129.103 129.106 129.194 129.038 129.028 129.101 129.129 129.181 129.126 135.924 142.777
125.509 125.997 126.104 126.452 126.612 127.287 128.059 128.459 128.389 128.646 129.84 134.441 132.264 133.131 133.888 135.259 136.904 137.996 139.599 141.227 142.763 142.423 145.016 140.693 137.531 132.172 130.656 131.467 141.999 141.562 138.202 132.097 132.35 132.316 132.549 132.656 132.384 131.825 130.694 129.694 129.211 129.162 129.116 129.056 129.042 129.108 129.991 130.364 130.001 129.12 132.414 135.776 131.387 129.047 129.069 129.064 129.065 129.218 134.704 133.612 135.944 129.114 129.018 129.045 129.099 129.109 135.988 135.5 140.838
126.292 126.814 126.977 127.027 127.172 127.472 128.082 128.457 128.262 128.234 129.081 130.613 131.587 132.718 133.862 135.337 136.356 136.852 139.519 140.757 141.86 143.376 145.292 145.552 134.442 138.808 140.232 137.026 136.979 138.23 137.412 133.279 131.86 131.761 131.588 132.83 133.259 132.965 129.571 129.282 129.181 129.128 129.068 129.092 130.262 131.19 129.771 129.031 129.032 129.039 129.307 131.68 129.025 129.004 129.046 129.138 132.585 136.491 137.88 138.47 137.787 130.725 129.029 129.051 129.118 129.283 141.959 141.649 143.768
127.012 127.299 127.709 127.554 127.674 127.787 127.977 128.924 128.052 128.164 128.589 129.644 130.738 131.811 132.679 134.394 135.12 130.932 136.727 138.824 141.75 143.297 143.986 142.654 145.108 142.348 139.028 138.592 134.474 132.426 132.443 131.377 131.166 131.18 130.728 131.29 132.606 129.557 129.188 129.17 129.167 129.819 130.83 130.986 130.021 129.674 129.1 129.102 129.06 129.023 129.032 129.034 129.009 129.345 135.045 136.01 136.903 137.372 137.989 139.005 138.302 134.681 129.113 129.027 129.085 132.022 136.877 141.899 135.013
127.369 127.492 127.762 127.809 127.832 127.829 127.909 131.857 128.004 128.134 128.309 128.958 131.332 130.508 129.408 130.106 129.304 129.099 137.847 139.326 140.952 141.71 143.146 144.31 143.209 143.868 143.266 133.016 132.093 131.685 131.198 130.718 130.286 130.163 129.783 129.271 129.446 129.118 129.144 129.342 132.108 132.078 132.036 130.956 129.113 129.168 129.07 129.06 129.015 129.017 129.015 129.014 134.662 137.618 138.259 138.189 137.902 137.887 138.141 138.864 138.522 137.432 129.892 128.994 129.01 130.388 131.776 131.673 130.302
127.367 127.577 127.727 127.844 127.812 127.754 127.812 127.987 133.032 128.109 128.147 128.324 129.011 128.451 128.912 128.557 128.781 128.751 134.215 138.523 139.286 141.935 142.583 142.45 143.348 143.124 137.325 130.795 130.978 130.567 130.224 130.235 130.211 129.145 129.05 129.03 129.023 129.263 130.488 131.878 132.199 131.278 129.391 129.135 129.168 129.094 129.056 129.048 129.031 129.003 128.99 128.974 129.042 136.242 138.462 138.858 138.241 137.66 137.535 137.963 137.783 137.044 129.231 128.988 128.995 131.35 139.039 138.399 132.628
127.494 127.719 127.769 127.867 127.867 132.352 127.824 129.192 130.419 129.547 128.667 128.212 131.123 128.906 128.809 128.692 128.677 128.828 129.111 134.823 138.372 138.841 139.618 140.317 141.265 140.561 131.666 130.733 130.411 130.051 129.87 129.128 128.989 129.002 129.353 129.741 130.3 131.032 131.993 131.389 129.117 129.096 129.151 129.128 129.106 129.065 129.06 129.021 129.006 128.957 133.123 130.915 128.985 130.63 137.965 138.823 138.174 137.337 136.266 136.666 130.393 129.124 129.031 129.013 129.107 129.117 131.044 136.992 142.038
128.304 127.799 127.879 127.844 128.842 127.862 127.834 127.807 130.564 127.944 130.859 130.357 131.012 129.319 128.823 129.896 132.541 132.78 133.529 129.937 130.809 135.097 133.692 138.482 137.465 133.388 130.678 130.34 130.231 129.304 129.024 128.859 128.874 131.302 132.195 131.849 132.051 131.907 129.57 128.9 129.264 129.018 129.036 129.08 129.087 129.028 129.002 129.037 133.139 135.211 137.027 133.259 129.038 130.419 136.297 137.709 134.887 136.092 129.238 129.273 131.073 130.438 129.515 129.227 129.055 130.978 137.392 129.739 139.405
127.757 127.864 127.899 127.769 127.929 127.857 127.847 127.837 127.757 131.067 136.109 133.987 132.319 130.396 129.95 134.517 137.1 136.371 136.648 131.043 129.739 130.434 130.122 129.994 130.032 129.951 130.162 130.015 129.491 128.782 128.736 128.764 128.898 129.309 135.094 133.923 133.971 129.182 128.692 128.771 128.891 128.934 129.032 129.027 129.017 129.126 132.769 136.467 137.027 138.086 138.705 137.573 129.511 129.212 131.41 130.449 129.933 129.078 129.148 129.127 129.027 131.192 129.094 133.258 140.855 138.419 139.585 129.347 132.25
127.604 127.627 128.599 127.714 128.189 130.554 128.257 128.892 132.872 135.689 136.239 135.919 132.639 130.917 130.126 131.171 135.359 136.092 135.17 131.028 130.708 130.716 130.535 130.305 129.846 129.859 129.799 129.146 128.666 128.646 128.684 128.868 130.648 131.463 133.6 133.552 132.124 128.994 128.593 128.644 128.838 128.973 128.983 129.109 133.516 137.484 136.395 137.376 138.094 139.057 139.037 138.215 132.605 129.22 128.989 128.974 128.952 128.995 129.003 129.037 129.045 128.955 129.182 142.713 141.882 137.352 136.384 135.199 141.458
128.192 132.404 131.827 128.107 127.824 128.492 130.892 130.822 132.762 134.867 133.787 131.314 131.619 130.744 129.349 130.955 130.643 132.477 131.231 130.44 130.418 130.11 130.319 129.932 129.807 129.332 128.788 128.548 128.532 128.671 130.34 131.462 131.961 132.056 129.593 129.031 128.585 129.371 133.233 130.785 128.804 129.823 134.809 137.757 137.992 138.305 138.016 138.096 137.916 138.317 138.131 137.323 136.106 131.484 128.962 128.873 128.861 128.961 128.929 128.961 128.909 128.938 130.534 135.643 135.156 144.283 141.092 145.824 140.696
126.992 132.362 129.752 127.462 127.609 129.427 130.024 129.917 131.199 133.679 131.917 130.534 130.662 131.449 130.622 130.573 130.136 130.206 130.198 130.534 129.966 130.225 130.049 130.261 129.168 128.432 128.405 128.408 128.54 130.065 130.381 131.39 129.974 128.598 128.605 128.755 134.659 136.728 137.73 136.636 128.929 129.139 137.254 138.344 139.086 138.59 137.745 137.393 137.219 137.237 135.928 129.855 129.186 130.22 130.843 129.955 128.8 128.817 128.858 128.884 128.888 128.877 128.887 132.555 131.934 140.822 141.744 144.707 136.181
128.124 128.209 128.037 127.417 127.504 128.464 129.667 129.267 129.637 129.104 129.569 129.209 129.339 130.414 130.499 129.528 129.649 130.511 130.145 129.901 129.999 130.356 129.923 129.209 128.106 127.993 128.132 129.165 129.755 130.501 129.01 128.596 128.82 132.971 134.67 135.688 136.892 137.78 138.448 137.51 130.825 128.783 133.185 138.058 138.284 138.171 137.793 136.987 130.408 130.02 128.914 128.814 128.772 129.493 130.053 129.742 128.655 128.78 129.635 129.402 129.425 129.013 128.763 129.628 129.074 129.396 144.353 142.229 142.43
127.899 128.402 128.659 127.394 127.374 128.264 128.957 129.267 128.864 128.689 128.789 129.002 129.329 129.717 129.332 129.539 129.379 129.231 129.973 129.876 129.723 128.725 128.182 127.727 127.751 127.86 128.326 129.248 129.921 128.785 128.475 132.331 136.993 137.368 137.622 137.049 137.533 137.75 138.543 137.974 135.951 128.787 129.057 137.163 137.704 136.605 131.242 129.783 129.031 128.891 128.767 128.647 128.664 129.139 128.996 129.05 130.643 130.816 130.056 129.402 129.328 129.419 128.863 128.915 129.058 129.114 131.737 133.096 132.479
127.987 128.659 128.072 127.277 127.332 127.492 128.934 129.014 128.702 128.327 128.062 127.914 128.439 128.442 128.037 127.872 127.764 127.594 127.725 127.519 127.52 127.521 127.563 127.651 127.819 128.208 128.38 128.579 128.551 128.19 128.35 129.317 137.114 138.099 138.115 137.616 137.579 137.288 137.889 137.593 137.064 130.29 128.83 130.286 129.735 129.206 128.845 128.877 128.839 128.753 128.677 129.418 128.918 129.807 129.734 129.137 130.852 130.315 129.173 129.313 129.739 128.928 128.883 128.917 129.005 129.043 129.09 129.067 129.131
127.307 127.324 127.344 127.292 127.324 127.317 127.324 127.359 127.389 127.397 127.379 127.367 127.349 127.364 127.379 127.444 127.402 127.399 127.4 127.448 127.474 127.518 127.811 128.162 128.275 128.198 128.024 127.893 127.956 128.187 128.269 128.461 135.283 137.886 138.351 137.595 136.745 136.862 136.855 131.487 130.859 128.719 128.83 128.928 128.846 128.843 128.786 130.409 129.646 129.11 128.69 128.589 128.574 128.61 128.761 128.823 129.398 129.445 128.817 128.715 128.642 128.645 128.745 128.785 128.897 128.865 128.894 128.953 128.993
127.209 127.239 127.259 127.297 127.304 127.289 127.282 127.304 127.314 127.332 127.344 127.352 127.344 127.319 127.359 127.414 127.447 127.439 127.432 127.494 127.646 127.818 127.881 128.266 127.808 127.827 127.85 127.904 128.259 128.77 128.243 128.421 132.632 137.183 137.807 137.353 133.834 130.659 130.895 128.695 128.701 128.728 128.784 128.817 128.792 128.814 128.737 129.442 128.745 129.353 129.275 128.398 128.407 128.469 128.488 128.6 128.879 128.641 128.41 128.464 128.477 128.505 129.408 129.377 128.837 128.675 128.756 128.743 128.817
127.187 127.222 127.247 127.274 127.309 127.322 127.317 127.349 127.392 127.412 127.379 127.432 127.414 127.427 127.469 127.412 127.417 127.429 127.484 127.529 127.713 127.763 127.736 127.738 127.792 127.932 128.431 127.95 128.335 128.826 128.843 128.592 128.991 135.688 136.027 131.072 128.64 128.831 129.127 128.791 128.666 128.69 128.697 134.67 128.91 128.931 128.849 129.019 128.822 128.957 128.752 128.318 128.377 128.404 128.472 128.481 128.495 128.458 128.37 128.427 128.408 128.464 128.473 128.53 128.563 128.602 128.647 128.66 128.742
127.284 127.302 127.317 127.324 127.364 127.404 127.367 127.434 127.454 127.444 127.432 127.432 127.452 127.442 127.684 127.487 127.479 127.574 128.614 127.614 127.663 127.686 127.699 127.724 127.853 128.886 128.734 128.044 128.085 128.129 128.161 128.924 128.55 128.569 128.496 128.534 128.61 128.618 128.923 129.477 128.611 128.671 129.044 141.511 139.353 135.294 129.336 128.682 129.105 129.338 129.439 128.296 128.358 128.398 128.409 128.459 128.499 128.464 128.41 128.37 128.377 128.378 128.488 128.502 128.523 128.587 128.607 128.721 128.694
127.307 127.357 127.412 127.517 127.414 127.467 127.494 127.489 127.497 127.459 127.659 127.519 127.499 127.464 127.492 127.512 127.577 135.919 135.002 129.064 127.691 127.727 127.761 127.783 128.056 127.991 127.885 127.954 128.027 128.094 128.154 128.871 128.703 128.635 129.679 129.016 128.539 128.547 129.998 129.228 128.841 143.106 144.649 145.692 145.818 135.844 133.22 134.673 128.78 128.817 128.582 128.303 128.302 128.368 128.402 128.398 128.477 128.5 128.471 128.368 128.36 128.409 128.438 128.438 128.511 128.642 128.677 128.705 128.976
127.449 127.589 127.697 127.649 127.517 127.504 127.557 127.547 127.577 127.564 127.549 127.524 127.532 127.532 127.552 128.342 137.962 137.312 136.442 134.024 128.149 127.736 127.796 127.821 127.778 127.847 127.893 127.954 128.015 128.082 128.171 128.53 128.95 128.931 130.846 131.687 128.447 128.952 135.493 136.71 142.89 145.454 147.395 147.756 146.067 142.856 140.058 132.856 132.417 130.459 128.352 128.247 128.257 128.269 128.34 128.334 128.365 128.472 128.46 128.489 128.329 128.344 128.365 128.362 128.618 128.711 132.669 133.64 132.466
129.032 128.022 127.624 127.589 127.604 127.634 127.604 127.617 127.622 127.617 127.612 127.602 127.557 127.554 127.599 136.339 137.284 137.987 137.194 136.354 133.332 127.827 127.772 127.814 127.828 127.844 127.902 127.968 128.037 128.08 128.175 128.248 128.286 127.861 129.176 128.902 128.439 135.08 140.551 138.749 145.569 147.303 147.387 148.409 147.891 147.82 136.978 142.14 137.504 136.48 128.551 128.238 128.213 128.227 128.258 128.299 128.262 128.319 128.334 128.402 128.293 128.268 128.304 128.367 128.545 128.594 134.399 137.593 137.721
127.742 127.772 127.679 127.672 127.644 127.649 127.634 127.649 127.642 127.634 127.634 127.577 127.554 127.914 133.437 134.674 136.529 137.374 137.249 136.474 135.612 130.117 127.715 127.784 127.857 127.848 127.906 127.958 128.015 128.083 128.144 128.183 128.195 128.711 128.683 128.413 132.496 139.097 143.524 145.658 145.608 148.431 147.349 149.432 147.449 148.635 146.143 143.638 140.481 146.547 130.896 129.492 128.206 128.171 128.205 128.23 128.265 129.422 129.114 128.357 128.215 128.202 128.243 128.269 128.519 128.473 134.555 137.75 138.819
127.787 127.809 127.707 127.674 127.632 127.622 127.597 127.609 127.624 127.617 127.584 127.567 128.397 133.534 134.297 135.057 135.582 136.634 136.464 136.669 135.844 135.959 132.487 127.705 127.835 127.93 127.909 127.959 128 128.045 128.087 128.126 128.164 128.589 128.943 128.322 132.852 137.809 138.361 141.683 140.826 147.563 142.533 147.218 148.215 149.919 147.633 148.264 147.488 143.334 135.985 128.307 128.141 128.158 128.162 128.171 128.257 128.279 128.32 128.31 128.156 128.146 128.096 128.214 128.385 128.688 137.324 137.941 138.802
