dsm/se2835_DSM_2M.asc
ncols 500
nrows 500
xllcorner    428000
yllcorner    435000
cellsize     2
NODATA_value -9999
[rows 256 to 287 of 500, columns 288 to 359 of 500]
75.835 75.852 75.845 75.779 75.863 75.772 76.712 79.219 76.692 77.063 77.922 76.447 75.301 75.877 76.341 76.407 76.376 76.331 76.394 76.271 76.399 76.638 76.585 76.646 76.711 76.635 76.65 77.059 77.682 80.171 82.472 80.996 86.819 86.151 85.426 83.691 80.967 78.685 79.764 76.78 76.422 76.389 76.412 76.309 76.979 79.603 76.452 76.176 77.826 76.964 76.361 76.716 76.936 76.501 79.711 77.659 75.989 79.364 75.611 75.384 75.294 75.324 75.389 75.441 75.446 75.474 75.491 75.496 75.954 76.526 76.029 75.674
75.745 75.942 76.361 75.982 75.823 75.84 78.087 82.924 80.141 83.155 81.728 76.761 75.274 75.368 75.584 75.9 75.987 75.693 75.823 75.843 75.992 76.204 76.325 76.335 76.548 76.442 77.449 80.684 78.24 77.902 76.827 77.646 83.335 88.099 84.533 83.842 77.515 77.206 77.094 76.628 76.353 76.212 76.418 76.387 76.99 77.556 79.106 75.445 75.229 75.044 75.081 75.091 75.086 75.076 75.104 77.456 75.491 75.559 75.199 76.204 76.536 75.346 75.371 75.396 75.424 75.474 75.514 75.549 75.594 75.656 75.706 75.751
75.8 78.115 82.27 77.161 75.899 75.929 78.095 82.371 80.92 77.653 84.568 80.339 74.976 75.172 75.433 75.534 75.467 75.401 75.296 75.237 75.241 75.419 75.594 75.777 76.006 76.024 77.353 85.602 81.285 76.324 76.537 79.651 85.243 82.936 80.673 79.473 77.41 76.843 77.759 78.154 77.327 75.355 75.154 75.041 75.557 77.352 75.735 74.917 74.887 74.919 74.951 75.811 76.329 75.256 75.099 75.134 75.676 75.506 75.284 75.344 75.366 75.391 75.431 75.464 75.479 75.514 75.559 75.599 75.639 75.684 75.744 75.791
77.745 81.588 83.45 81.407 77.546 75.757 76.296 77.668 76.28 75.939 77.606 75.784 74.654 75.033 75.272 75.253 75.149 75.13 75.101 75.909 76.186 75.787 75.105 75.308 75.136 75.39 76.516 78.789 75.935 74.775 75.643 75.738 77.791 79.312 77.985 76.286 75.301 77.608 78.147 79.995 78.911 76.615 75.245 75.599 75.3 75.551 75.465 75.08 74.965 75.004 75.056 75.076 75.116 75.126 75.164 75.204 75.231 75.291 75.316 75.356 75.386 75.411 75.441 75.456 75.496 75.526 75.561 75.601 75.634 75.679 75.724 75.761
79.937 81.074 80.395 79.375 81.183 76.96 75.626 75.52 75.263 74.322 74.609 74.849 74.464 74.869 74.987 74.664 74.549 74.896 75.536 78.869 78.27 77.902 74.966 74.405 74.424 74.747 75.045 76.332 75.695 75.23 75.299 75.417 76.09 76.278 75.868 76.367 75.87 74.701 78.045 79.378 77.949 76.2 75.29 74.956 74.932 75.282 74.921 74.956 75.001 75.029 75.066 75.101 75.129 75.151 75.176 75.189 75.226 75.251 75.286 75.309 75.324 75.356 75.381 75.424 75.446 75.481 75.521 75.551 75.596 76.671 78.396 76.606
78.245 82.691 77.249 81.435 81.754 77.915 75.547 74.949 74.275 74.082 74.22 74.394 -9999 -9999 74.374 74.09 74.164 74.282 76.618 80.661 84.003 80.832 74.936 74.267 74.197 74.153 74.332 74.475 74.998 -9999 74.855 75.133 75.57 75.179 74.514 75.395 74.701 74.729 74.749 74.779 76.498 75.326 74.927 74.854 74.876 74.919 74.934 74.959 74.976 74.972 75.01 75.046 75.079 75.099 75.121 75.144 75.169 75.191 75.236 75.286 75.311 75.336 75.359 75.356 75.429 76.494 76.536 76.139 76.359 75.569 75.979 78.279
80.701 84.701 85.406 84.409 82.571 79.052 75.468 73.96 73.927 73.962 74.03 74.121 -9999 -9999 74.033 73.765 73.97 74.155 76.061 77.197 79.185 79.107 76.617 74.791 74.148 74.157 74.262 74.347 74.327 74.48 74.515 74.333 74.43 74.487 74.358 74.447 74.701 74.729 74.744 74.766 75.774 74.895 74.673 74.731 74.854 74.727 74.808 74.82 74.924 74.908 74.941 74.988 76.029 75.974 75.059 75.371 76.021 75.181 75.226 75.224 75.244 75.279 75.289 75.401 75.464 75.526 75.579 75.624 75.646 75.706 76.244 77.806
80.444 83.432 83.856 82.422 80.029 77.136 74.19 73.894 73.8 73.904 73.995 74.037 -9999 -9999 74.248 74.225 74.079 74.291 75.639 74.921 76.051 -9999 -9999 -9999 74.24 74.413 74.476 74.279 74.319 -9999 74.395 74.295 74.284 74.271 74.238 74.208 74.649 74.724 74.691 74.976 74.887 74.606 74.646 75.022 75.298 74.746 74.701 74.75 74.796 74.877 74.876 74.984 75.039 75.106 75.149 75.186 75.234 75.249 75.316 75.226 75.271 75.276 75.344 75.319 75.914 75.664 75.691 75.931 75.764 75.939 75.814 78.151
79.076 78.352 79.119 77.777 75.313 75.507 74.066 73.928 73.846 -9999 -9999 -9999 -9999 -9999 -9999 75.029 74.845 75.43 76.199 76.175 76.064 75.975 -9999 74.077 74.217 74.331 74.387 74.29 74.393 -9999 -9999 74.055 74.082 74.164 74.207 74.711 75.021 75.006 75.251 75.225 74.497 74.541 74.556 74.772 74.822 74.836 74.758 74.841 74.767 74.853 74.927 75.079 75.33 75.336 75.569 75.476 74.991 74.961 75.129 75.081 75.181 75.201 75.236 75.211 75.246 79.086 81.056 82.666 82.311 81.621 79.359 78.864
76.549 74.228 75.362 75.484 74.599 74.882 74.102 73.883 73.858 -9999 -9999 -9999 -9999 -9999 -9999 -9999 77.074 78.765 78.335 -9999 74.966 73.779 73.72 73.798 74.038 74.181 74.218 -9999 -9999 -9999 75.53 74.432 74.055 74.292 74.115 74.091 74.621 74.644 79.796 76.104 74.966 75.174 75.178 75.738 75.424 75.874 76.26 74.723 74.676 74.805 74.995 74.676 77.627 82.839 82.986 83.066 79.841 74.726 74.971 75.926 75.084 75.104 75.126 75.119 74.314 84.694 84.866 85.216 84.844 84.616 78.981 78.866
74.807 74.555 74.434 74.207 74.021 -9999 -9999 -9999 -9999 -9999 -9999 73.448 73.425 73.415 -9999 76.05 78.167 82.575 80.977 76.675 74.576 73.781 73.633 73.623 73.858 73.989 73.939 -9999 -9999 77.716 76.6 75.059 73.936 73.851 73.688 73.988 76.853 79.76 84.466 80.004 77.217 76.009 74.666 75.078 75.02 76.001 76.471 75.096 74.597 74.678 76.361 78.236 81.665 83.519 85.246 84.399 83.169 75.966 74.871 76.569 74.886 74.931 75.419 75.011 75.926 84.834 84.884 85.276 84.831 84.796 78.899 78.819
73.72 73.776 73.851 73.8 73.701 73.692 -9999 -9999 -9999 -9999 73.388 73.415 73.573 73.476 73.598 74.741 76.117 77.066 79.046 75.83 74.203 73.824 73.442 73.191 73.62 73.822 73.878 73.895 -9999 78.047 78.348 77.561 74.373 73.717 73.513 73.825 78.187 81.908 83.414 83.218 80.195 76.005 73.646 73.987 74.096 74.556 74.954 74.99 74.546 74.539 77.165 76.733 82.286 84.911 85.174 84.986 83.024 74.039 74.759 75.741 74.784 74.816 75.824 74.939 76.014 84.849 84.904 85.176 84.836 82.674 78.806 78.236
73.845 73.762 73.745 73.665 73.66 73.598 73.487 73.48 73.498 73.501 73.374 73.272 73.549 73.382 72.988 73.927 75.467 77.142 79.638 77.327 74.26 73.641 73.257 72.815 73.212 73.808 73.8 73.743 -9999 77.787 78.412 78.997 75.828 73.768 74.315 73.518 79.382 83.433 84.208 84.547 83.387 77.819 74.075 74.239 74.817 74.739 74.939 74.363 74.334 74.35 77.434 78.466 83.118 84.093 84.764 84.201 81.581 73.706 74.616 74.601 74.679 74.711 75.011 74.861 76.721 84.581 84.776 85.056 84.384 80.669 78.851 76.729
73.848 73.643 73.538 73.57 73.557 73.519 73.412 73.372 73.502 73.741 73.488 73.188 72.961 72.865 72.624 73.113 76.883 81.099 83.099 79.882 76.293 73.434 73.081 73.178 73.039 73.319 73.575 -9999 -9999 76.532 75.97 75.745 73.85 73.705 74.075 74.182 78.145 82.821 84.348 84.193 83.209 77.584 74.169 74.055 74.921 75.185 74.992 74.545 74.07 74.179 75.319 77.246 82.328 83.953 84.597 84.199 80.116 74.229 74.521 75.041 74.569 74.954 74.989 74.776 79.274 84.764 84.894 84.931 84.766 78.986 78.921 76.404
73.738 73.488 73.376 73.299 73.475 73.445 73.387 73.28 73.426 73.905 73.617 73.022 72.859 72.624 72.714 75.163 81.266 82.695 83.126 82.542 77.949 74.005 72.786 73.88 73.51 73.141 73.25 73.419 73.865 74.111 73.653 74.118 73.516 73.955 73.996 74.2 76.308 80.86 83.591 82.099 79.149 76.569 74.916 73.816 73.915 74.72 75.519 74.621 73.964 74.051 74.209 77.149 81.537 83.887 84.457 84.082 76.991 74.566 74.426 74.836 74.469 75.106 74.639 73.919 80.104 84.769 85.046 84.854 84.761 78.944 78.896 74.836
74.209 73.735 73.447 73.383 73.395 73.278 73.144 73.127 73.12 73.294 73.21 72.896 72.541 72.331 71.908 75.097 81.427 83.143 83.212 81.606 78.431 74.241 72.692 73.326 73.057 72.933 73.33 73.357 73.641 73.937 73.864 73.598 73.077 73.329 73.235 74.614 76.742 79.355 80.04 77.871 75.587 75.417 77.44 75.82 74.02 73.813 74.028 73.92 73.852 74.151 74.153 78.441 81.98 84.171 84.349 84.181 75.238 74.339 74.236 74.294 74.386 74.401 74.439 74.394 81.641 83.474 84.831 84.154 83.239 78.456 78.909 74.799
-9999 -9999 -9999 -9999 -9999 72.703 72.576 72.762 72.888 72.94 73.028 72.905 72.178 71.799 73.247 78.164 82.274 83.635 82.921 81.514 79.877 78.128 73.638 72.711 72.858 73.31 73.654 73.365 73.702 74.145 74.045 73.643 73.052 72.91 73.327 75.698 79.92 80.374 79.09 74.585 72.692 73.698 74.294 75.379 74.043 73.655 73.912 73.763 73.746 74.081 74.439 78.656 82.047 84.24 84.374 84.226 74.744 74.176 75.229 74.221 74.284 74.296 74.344 74.541 82.406 84.109 84.876 84.144 80.761 74.679 74.659 75.271
-9999 -9999 -9999 -9999 72.294 72.259 72.034 72.172 72.552 72.726 72.607 71.908 71.711 72.055 77.197 81.524 82.381 83.207 82.502 82.015 80.596 76.747 73.725 72.878 72.813 73.416 73.821 73.669 73.735 73.774 73.546 73.354 73.26 72.846 72.95 75.388 79.825 80.583 80.031 76.682 73.428 72.925 73.569 73.312 73.713 73.555 73.712 73.675 73.778 74.218 74.12 78.735 81.648 83.658 83.215 81.698 73.922 74.072 74.811 74.124 74.176 74.171 74.251 74.731 82.474 83.859 84.841 83.599 81.561 74.649 74.609 74.606
71.665 71.454 71.385 -9999 -9999 71.773 71.854 71.916 72.066 72.353 72.18 71.663 71.579 72.423 78.688 82.035 82.128 82.405 81.997 80.964 75.606 73.826 74.681 74.436 73.205 73.296 73.549 73.611 73.381 73.372 72.965 72.981 72.891 72.613 73.156 75.495 79.916 81.965 82.018 80.663 73.959 72.982 74.69 74.971 75.267 74.533 73.916 73.706 73.683 73.993 74.254 79.707 82.261 83.136 82.29 80.345 73.067 73.931 74.295 74.024 74.054 74.544 74.374 74.706 82.674 84.036 84.706 83.391 77.804 75.086 74.626 74.701
71.42 71.372 71.312 71.495 -9999 71.613 71.722 71.776 71.823 72.148 72.796 72.506 72.21 72.636 77.384 80.029 81.528 81.828 81.47 80.448 74.024 72.115 73.072 74.859 73.418 73.45 73.431 73.241 72.883 72.655 72.726 72.699 72.596 72.991 75.652 79.292 80.579 81.848 80.552 77.458 72.281 72.936 73.761 73.397 74.116 74.62 73.661 73.517 73.574 73.796 74.328 79.121 81.594 82.797 81.225 76.715 73.914 73.795 75.099 73.923 73.946 74.339 74.091 77.361 82.886 84.224 84.526 83.176 76.289 74.686 74.631 74.294
71.366 71.434 71.658 71.666 71.318 71.417 71.519 71.674 71.989 72.274 72.581 73.439 73.009 73.866 75.805 78.919 81.299 81.996 81.673 79.174 75.394 72.3 72.427 72.605 72.828 73.208 73.559 73.101 72.575 72.467 72.653 72.617 72.613 73.6 75.793 80.036 81.948 81.462 79.747 77.094 74.556 72.873 73.663 73.129 73.3 74.005 73.248 73.395 73.454 73.792 74.658 79.729 82.72 82.829 80.877 76.738 73.918 73.687 73.879 73.806 73.823 73.849 74.094 77.626 84.581 84.356 84.669 82.999 74.841 74.709 74.976 74.121
72.371 73.609 72.569 71.458 71.131 71.233 71.402 71.573 72.344 71.896 71.67 72.101 72.021 75.023 75.214 78.68 81.535 82.077 80.874 76.579 73.098 72.233 72.423 72.383 72.479 72.854 73.382 73.128 72.89 72.785 72.853 72.558 72.528 72.914 74.532 80.714 82.364 82.361 80.331 77.593 75.356 73.88 74.23 74.477 74.56 73.712 73.318 73.301 73.253 74.008 75.109 79.194 82.219 82.604 80.994 75.729 73.692 73.589 73.611 73.701 73.743 73.73 73.936 79.861 82.051 83.994 83.429 82.144 74.551 74.646 75.191 73.991
76.022 76.267 74.542 72.075 71.2 71.158 71.292 71.793 73.19 72.969 72.496 72.393 71.251 71.054 72.855 79.764 81.188 81.503 81.338 76.325 72.639 71.979 72.78 73.787 72.699 73.154 73.577 73.565 73.387 73.372 72.955 72.441 72.138 72.681 77.893 82.355 82.525 82.537 81.726 80.005 74.844 72.951 74.11 74.585 74.218 73.233 73.078 73.074 73.273 73.203 75.162 77.961 81.211 82.631 80.765 73.655 73.452 74.305 73.58 73.58 73.63 73.624 73.799 80.661 82.896 84.144 83.264 81.946 74.819 75.619 74.361 73.891
76.628 76.574 75.953 73.384 71.237 70.795 71.09 71.519 72.515 73.714 74.334 72.314 70.942 70.766 73.894 79.472 81.669 80.82 78.254 74.203 71.747 71.912 73.023 76.335 74.979 74.724 74.26 73.869 73.708 73.648 72.854 72.249 72.154 74.56 81.179 82.5 82.539 82.478 82.026 77.881 72.848 72.766 73.788 73.729 73.204 72.617 72.646 72.744 73.03 73.02 75.371 77.814 80.513 80.965 80.163 73.576 73.265 73.285 73.395 73.482 73.471 73.537 73.869 81.761 83.071 84.216 83.114 81.139 77.136 76.381 75.416 73.796
76.672 76.693 76.1 75.068 72.113 70.987 71.026 71.106 71.787 74.098 73.025 70.926 70.753 71.085 74.744 78.821 80.778 78.972 73.14 71.143 71.795 71.822 72.383 73.898 74.915 75.207 74.463 74.213 74.341 74.758 72.995 72.543 72.218 73.529 79.385 81.86 82.522 82.08 78.758 72.796 71.984 72.427 72.525 73.66 72.882 72.432 72.384 72.593 72.912 72.99 75.541 82.214 80.545 80.215 80.628 73.622 73.264 73.156 73.252 73.345 73.328 73.462 73.715 81.789 83.256 84.139 82.871 80.144 77.019 77.066 74.691 73.696
76.828 76.562 76.413 75.177 71.928 70.814 70.697 70.596 70.897 71.428 71.095 70.879 71.682 72.87 75.45 -9999 -9999 74.365 71.159 70.926 71.418 71.58 71.907 72.541 72.474 73.277 -9999 74.298 74.266 74.609 72.072 71.805 71.647 73.166 78.466 81.227 82.134 81.283 76.455 72.037 72.885 72.894 72.876 72.658 72.349 72.491 72.327 72.574 72.835 72.893 75.124 82.451 83.414 79.609 77.562 73.706 73.088 73.021 73.137 73.255 73.774 73.675 74.986 81.908 83.411 83.946 81.954 77.519 75.024 75.949 74.154 73.614
76.546 76.519 76.39 74.598 70.831 70.635 70.503 70.614 70.681 70.785 70.832 70.948 72.801 76.31 75.893 78.393 76.733 72.33 71.308 70.951 71.248 71.606 72.091 72.428 72.345 72.736 72.815 73.211 73.398 72.929 72.088 71.751 71.678 72.482 76.811 81.064 81.277 81.469 77.601 72.31 71.958 72.503 73.344 73.662 73.524 72.691 72.285 72.619 73.167 73.033 75.341 82.656 81.344 79.967 77.199 72.704 72.869 72.957 73.079 73.145 73.171 73.257 76.053 81.046 82.968 83.221 82.379 76.281 74.479 75.094 75.496 73.531
76.406 76.395 75.92 73.376 70.756 70.474 70.466 71.189 71.259 71.035 71.171 70.93 71.064 74.255 77.576 78.344 78.088 74.935 71.877 71.423 71.38 71.541 72.133 72.554 72.351 72.327 72.539 72.646 73.005 73.214 72.82 72.963 72.427 72.309 73.842 78.203 80.699 80.905 77.776 72.445 71.938 71.716 72.005 73.111 72.983 72.436 72.437 73.48 73.611 73.473 77.342 80.013 81.809 82.275 77.124 72.909 72.95 73.174 73.132 73.082 73.066 73.216 78.153 80.691 82.837 82.986 81.674 73.426 73.546 73.474 73.424 73.444
76.237 76.144 75.128 72.694 70.936 70.547 71.115 74.024 73.931 73.164 72.043 71.011 70.864 73.711 78.765 79.377 79.972 77.25 72.737 71.322 71.452 71.638 72.521 73.156 72.333 72.415 72.783 72.521 73.036 72.706 71.94 72.561 72.643 72.483 73.602 -9999 79.222 78.781 76.938 74.113 71.901 71.569 71.938 72.628 73.973 72.902 72.684 73.162 72.756 74.639 78.964 80.826 82.172 80.521 74.967 72.654 73.105 73.338 73.128 73.069 73.124 73.282 78.316 82.144 83.401 82.561 81.461 73.479 73.436 73.536 73.294 73.344
75.36 76.081 75.856 72.05 70.925 70.528 70.397 71.763 72.958 72.961 71.398 71.011 70.497 71.277 76.994 79.841 80.277 77.574 72.762 70.796 72.046 72.345 72.302 72.147 72.26 72.992 74.092 74.47 73.693 73.904 72.708 72.517 72.308 72.345 -9999 -9999 79.589 78.262 75.924 74.392 71.757 71.516 71.66 72.742 74.039 73.174 72.527 72.282 72.449 73.787 79.3 80.55 81.302 78.242 74.594 72.754 72.556 73.051 73.013 72.882 72.841 72.816 78.989 80.465 83.589 82.049 80.053 73.649 73.431 73.311 73.196 73.234
75.091 75.669 75.267 72.505 70.599 70.36 70.264 70.288 70.514 70.667 70.422 70.62 71.494 75.418 80.321 80.953 81.167 79.782 76.653 72.505 74.027 75.309 72.849 73.768 73.494 74.063 74.975 76.825 76.298 73.3 73.401 72.772 72.034 72.316 -9999 80.013 79.695 78.264 76.262 73.797 71.779 71.489 71.523 71.752 72.337 72.009 71.947 71.995 72.106 74.058 79.187 81.208 79.953 76.888 73.518 72.659 72.5 72.683 72.796 72.726 72.74 73.093 78.857 80.346 83.559 81.512 79.674 73.611 73.409 73.501 73.099 73.141
74.149 74.403 73.885 71.591 70.516 70.238 70.081 70.093 70.254 70.227 70.141 70.583 73.39 78.693 81.165 81.347 81.322 80.378 75.15 72.812 73.781 76.256 76.224 74.502 73.69 74.79 75.172 76.235 77.231 76.929 73.487 72.012 72.157 72.475 -9999 80.221 80.863 80.831 76.155 72.768 72.004 71.936 72.101 73.054 71.888 72.134 72.052 71.948 72.559 77.434 81.609 81.924 80.859 77.72 73.943 72.445 72.536 72.509 72.549 72.577 72.554 72.99 78.518 82.349 83.411 81.155 77.562 73.341 73.279 73.296 73.011 73.089
