dsm/se2833_DSM_2M.asc
ncols 500
nrows 500
xllcorner    428000
yllcorner    433000
cellsize     2
NODATA_value -9999
[rows 96 to 127 of 500, columns 0 to 71 of 500]
46.433 44.252 44.207 46.333 50.24 51.942 52.229 48.884 45.976 45.868 45.907 45.841 45.918 46.263 47.172 46.962 46.052 46.135 46.201 46.202 46.214 46.278 46.269 46.279 46.262 46.245 46.251 46.222 46.209 46.233 46.254 46.254 46.292 46.289 46.251 46.269 46.249 46.221 46.238 46.231 46.202 46.139 46.041 45.984 45.941 45.993 45.871 45.75 45.756 45.717 45.703 45.712 45.728 45.691 45.792 48.408 53.147 52.808 46.345 46.4 52.314 47.462 46.142 46.166 46.711 46.346 46.149 45.709 45.783 47.424 45.753 45.69
43.549 43.762 44.165 46.125 49.84 52.009 52.831 49.949 46.03 45.934 45.888 45.865 45.843 45.931 47.376 47.557 46.114 46.072 46.131 46.185 46.2 46.212 46.235 46.289 46.268 46.251 46.276 46.246 46.241 46.247 46.252 46.23 46.268 46.265 46.244 46.279 46.223 46.217 46.244 46.228 46.156 46.002 45.964 45.963 45.899 45.808 45.704 45.733 45.74 45.701 45.741 45.718 46.256 46.172 49.616 51.046 51.666 49.676 48.292 51.368 50.615 50.064 45.862 45.78 46.084 46.289 46.544 45.827 48.167 48.822 45.803 45.682
43.692 44.811 48.889 48.737 51.509 49.625 50.846 50.124 49.919 46.014 45.89 45.915 45.865 45.885 45.959 46.838 45.896 46.672 46.029 46.09 46.128 46.185 46.24 46.268 46.246 46.24 46.257 46.255 46.21 46.191 46.227 46.233 46.262 46.248 46.263 46.265 46.23 46.226 46.213 46.117 46.032 45.964 45.947 45.868 45.738 45.692 45.687 45.727 45.732 45.696 45.683 47.486 48.526 46.169 49.314 52.944 51.773 51.421 48.025 46.516 46.806 46.233 45.519 45.617 47.108 46.189 46.314 46.272 46.459 48.507 46.744 45.728
44.286 46.448 48.135 46.18 44.722 48.24 50.949 51.881 50.545 50.356 45.996 45.926 45.917 45.877 45.875 45.89 45.863 47.039 46.949 47.346 46.373 46.068 46.124 46.165 46.166 46.209 46.197 46.197 46.201 46.189 46.205 46.225 46.25 46.261 46.301 46.277 46.242 46.217 46.157 46.048 45.971 45.949 45.846 45.711 45.733 45.76 45.708 45.698 45.676 45.683 45.76 47.564 49.23 45.85 46.884 51.076 50.56 51.131 50.348 46.692 47.733 45.491 45.518 45.527 46.212 47.452 49.693 50.331 46.244 48.154 49.219 46.809
42.293 48.027 48.385 44.467 44.288 44.366 47.539 50.019 49.703 51.79 46.172 45.913 45.921 45.904 45.921 45.906 45.916 46.279 47.626 49.767 47.474 50.951 46.112 46.042 46.081 46.162 46.153 46.185 46.155 46.175 46.176 46.167 46.209 46.237 46.253 46.232 46.229 46.132 46.045 45.952 45.928 45.91 45.722 45.666 45.731 45.705 45.758 45.716 45.735 45.698 45.841 49.213 47.517 45.903 46.252 47.947 49.507 49.834 46.095 45.5 45.531 45.479 45.477 45.533 45.572 47.946 47.605 48.714 46.538 46.219 46.788 48.203
45.913 46.025 43.736 44.148 45.61 44.351 44.992 48.824 48.888 49.621 47.257 45.969 45.955 45.945 45.931 45.877 45.899 45.959 46.707 48.721 46.723 49.76 45.959 45.987 46.004 45.943 46.052 46.08 46.115 46.094 46.089 46.152 46.129 46.14 46.164 46.099 46.066 46.025 45.976 46.056 45.877 45.78 45.728 45.758 45.736 45.698 45.683 45.7 45.711 45.737 47.44 49.36 49.02 49.145 50.05 48.914 45.962 45.638 45.581 45.561 45.513 45.509 45.498 45.493 45.518 45.539 45.717 46.734 46.151 46.12 47.302 45.661
42.546 42.357 43.856 45.58 45.342 45.031 44.348 47.121 49.257 51.829 50.343 46.097 45.952 45.948 45.93 45.898 45.932 45.942 46.176 46.555 45.93 46.669 45.909 47.721 48.702 49.915 48.034 45.979 45.949 45.995 46.046 46.021 46.01 46.014 46.003 46.007 45.995 45.984 46.142 45.853 45.743 45.743 45.747 45.709 45.709 45.679 45.633 45.692 45.725 45.76 45.949 51.453 51.859 50.8 51.835 52.946 47.871 45.869 45.629 45.557 45.539 45.538 45.531 45.514 45.495 45.502 46.715 45.843 45.954 47.459 47.515 46.004
41.402 41.653 47.205 45.701 50.426 48.416 47.558 46.91 47.628 49.34 51.177 48.833 45.943 45.926 45.932 45.938 45.925 45.894 46.02 46.844 46.323 45.947 45.904 48.761 51.566 51.91 48.811 47.748 46.036 45.928 45.995 45.93 45.949 45.985 47.228 46.016 46.183 46.336 45.891 45.77 45.761 45.723 45.752 45.667 45.723 45.716 45.761 45.737 45.838 45.853 46.035 52.584 53.648 52.653 53.23 53.038 52.858 47.668 45.663 45.598 45.561 45.55 45.521 45.485 45.458 45.468 46.63 46.69 45.979 46.598 46.933 46.139
41.374 41.683 42.279 42.553 44.742 44.656 43.887 47.455 46.836 48.783 49.858 49.218 46.483 45.963 45.986 45.977 45.945 45.94 45.92 47.097 47.795 46.519 47.538 51.428 52.96 53.355 52.277 50.358 47.499 49.163 49.209 46.718 45.956 47.635 47.862 46.069 45.977 45.878 45.792 45.799 45.757 45.718 45.702 45.669 45.73 45.696 45.719 45.828 46.089 47.192 49.097 50.493 49.37 52.607 53.321 53.128 52.962 52.836 50.56 45.689 45.59 45.564 45.544 45.498 45.502 45.507 45.515 45.896 45.55 45.554 45.657 45.701
43.564 42.946 42.119 42.535 43.12 44.045 44.17 44.794 44.8 48.022 50.89 49.99 50.97 46.08 45.977 45.999 45.974 45.95 45.925 46.092 47.933 51.853 53.419 53.122 52.94 52.625 51.527 52.56 50.818 52.932 54.212 47.554 46.337 47.255 47.079 46.004 45.917 45.823 45.785 45.773 45.75 45.714 45.752 45.733 45.747 45.756 45.813 46.447 47.146 47.732 46.988 50.536 53.75 53.62 53.461 53.285 53.141 52.93 51.619 45.91 45.609 45.596 45.547 45.518 45.534 45.507 45.509 45.516 45.542 45.552 45.567 45.56
44.31 44.189 41.788 42.343 43.368 44.034 44.395 44.41 47.447 46.221 49.544 51.565 51.632 47.644 45.971 46.013 46.013 45.989 45.934 45.94 49.292 53.171 53.534 53.779 49.757 52.474 47.955 49.705 53.202 55.347 53.454 50.493 46.975 46.096 46.01 45.918 45.863 45.853 45.812 45.783 45.744 45.718 45.74 45.74 45.74 45.851 45.875 46.065 46.445 46.64 52.481 53.509 53.684 53.737 53.554 53.443 53.252 53.119 52.953 50.632 45.885 45.639 46.012 45.546 45.505 45.509 45.533 45.531 45.521 45.538 45.544 45.551
43.42 44.674 43.757 42.693 42.993 44.582 44.494 49.47 49.757 46.835 50.113 50.257 50.32 48.415 46.093 46.011 46.006 46.02 45.961 45.98 45.983 49.187 48.48 53.459 52.251 53.894 50.544 48.566 51.793 55.066 50.589 48.002 46.041 46.027 45.93 45.894 45.898 45.832 45.782 45.745 45.765 45.765 45.737 45.81 45.843 45.819 45.796 45.83 46.887 52.293 53.201 53.36 53.544 53.686 53.747 53.549 53.365 53.256 53.043 52.908 51.459 47.116 47.163 45.615 45.534 45.542 45.522 45.502 45.476 45.515 45.53 45.501
41.865 42.86 43.877 43.959 42.809 42.813 43.856 47.12 47.857 45.36 48.331 49.796 50.702 52.09 47.054 46.012 46.039 46.006 46.005 45.951 45.989 46.226 49.371 52.902 53.202 51.624 49.739 49.469 49.409 48.556 47.519 46.294 46.01 45.955 45.938 45.894 45.859 45.83 45.802 45.766 45.776 45.751 45.798 45.976 46.265 45.946 46.009 46.089 52.535 52.874 53.089 53.231 53.421 53.553 53.754 53.7 53.514 53.331 53.18 53.045 52.872 47.362 47.265 46.771 45.609 45.54 45.523 45.494 45.514 45.501 45.496 45.531
42.463 41.396 44.292 44.412 43.486 46.068 47.066 44.268 44.624 45.22 48.906 50.101 50.531 49.73 49.547 46.104 46.023 47.093 46.166 46.414 45.976 46.084 49.869 53.481 51.894 49.819 49.503 49.752 48.235 47.989 47.035 46.036 45.981 45.974 45.929 45.923 45.847 45.827 45.801 45.851 45.85 45.879 45.921 47.808 47.92 46.112 49.859 52.965 52.786 52.809 52.945 53.097 53.279 53.475 53.655 53.777 53.653 53.535 53.283 53.152 52.931 52.191 47.8 46.843 45.809 45.546 45.516 45.484 45.5 45.49 45.484 45.52
44.132 43.481 43.814 44.3 42.48 45.729 45.493 44.083 44.9 48.691 49.409 50.848 48.151 49.198 49.03 46.507 46.022 46.451 48.533 48.95 46.121 45.992 48.271 49.616 50.532 47.258 47.073 49.078 49.046 47.125 46.131 45.979 46.033 45.985 45.94 45.848 45.915 45.988 45.943 45.946 45.888 47.195 48.091 48.394 48.672 52.794 53.262 53.06 52.904 52.77 52.813 52.996 53.181 53.291 53.469 53.664 53.736 53.593 53.457 53.316 53.156 52.993 52.62 46.188 45.68 45.598 45.547 45.5 45.512 45.514 45.526 45.521
45.705 44.256 43.163 42.19 41.77 42.982 45.608 43.791 46.65 49.239 49.717 50.074 50.89 50.747 50.872 47.047 46.636 47.414 49.171 49.612 46.98 45.962 46.551 46.626 47.614 46.965 46.793 47.388 47.445 46.211 46.057 46.038 46.022 45.981 46.291 47.116 50.475 47.281 47.179 46.054 47.097 48.336 48.431 51.376 53.198 53.507 53.326 53.181 53.039 52.931 52.58 52.87 53.048 53.214 53.348 53.46 53.667 53.714 53.593 53.435 53.296 53.083 52.938 48.077 46.933 45.605 45.594 45.572 45.54 45.531 45.517 45.531
43.801 43.905 42.366 42.446 42.467 44.349 46.592 47.69 47.344 48.378 48.551 49.034 47.173 50.162 49.601 47.791 46.181 46.029 46.591 49.353 49.159 47.617 46.351 46.129 46.695 47.144 46.824 47.078 46.301 46.072 46.097 46.019 46.005 45.948 50.944 50.561 54.18 53.259 53.178 49.004 48.375 48.495 52.524 53.944 53.805 53.635 53.494 53.306 53.162 53.015 52.862 52.777 52.886 53.07 53.217 53.368 53.499 53.729 53.716 53.567 53.379 53.217 53.09 52.913 50.906 45.955 45.636 45.589 45.548 45.532 45.534 45.503
41.159 43.487 41.563 42.26 42.294 42.493 45.61 47.997 47.041 46.064 49.918 48.178 50.219 45.908 50.672 49.855 46.307 46.095 46.035 48.46 46.668 47.024 46.163 46.042 46.132 46.267 46.198 46.198 46.154 46.088 46.032 46.046 45.982 50.988 55.939 54.93 55.878 55.396 54.653 51.648 49.914 53.864 54.276 54.096 53.924 53.739 53.569 53.46 53.315 53.143 53.01 52.79 52.68 52.904 53.039 53.257 53.398 53.577 53.752 53.678 53.514 53.331 53.211 52.993 52.834 48.392 45.714 45.62 45.569 45.56 45.525 45.488
41.041 41.128 41.103 42.025 42.275 43.597 43.346 42.606 46.558 47.858 46.065 48.931 51.127 51.074 50.413 49.528 46.612 46.229 46.049 46.055 46.161 46.13 46.07 46.046 46.027 46.077 46.12 46.105 46.092 46.077 46.042 46.015 46.195 55.026 56.857 57.3 55.934 54.98 56.177 52.722 54.341 54.473 54.434 54.237 54.069 53.92 53.789 53.597 53.427 53.266 53.099 52.935 52.838 52.825 52.972 53.093 53.282 53.404 53.626 53.762 53.634 53.51 53.326 53.148 52.974 52.743 46.52 45.662 45.595 45.585 45.548 45.495
41.028 41.165 41.098 41.111 41.386 42.138 47.288 48.072 47.927 46.231 46.662 47.444 49.257 48.933 50.725 49.19 47.634 46.236 46.123 46.07 46.112 46.104 46.075 46.037 46.062 46.025 46.086 46.099 46.16 46.051 46.046 45.966 46.085 50.97 54.711 56.883 57.412 56.443 52.33 53.972 54.209 54.361 54.479 54.357 54.198 54.066 53.871 53.718 53.571 53.402 53.19 53.071 52.925 52.587 52.796 53.003 53.125 53.329 53.482 53.605 53.766 53.598 53.439 53.327 53.105 52.956 51.551 46.85 45.629 45.591 45.549 45.524
41.11 41.124 41.062 41.129 42.863 41.387 46.026 48.823 49.216 46.75 48.052 46.389 48.21 49.155 48.17 52.122 49.17 47.662 46.265 46.105 46.143 46.107 46.152 46.081 46.051 46.067 46.116 46.154 46.132 46.045 46.003 45.999 46.418 50.972 53.276 56.041 57.423 48.703 53.793 53.907 54.064 54.214 54.389 54.482 54.313 54.166 53.984 53.828 53.642 53.508 53.358 53.193 53.04 52.898 52.774 52.849 53.017 53.178 53.351 53.529 53.671 53.69 53.574 53.421 53.235 53.108 52.915 51.598 46.017 45.577 45.568 45.565
41.064 41.079 41.076 42.235 44.213 41.57 43.411 42.998 48.199 44.945 47.825 48.98 46.32 47.465 44.732 51.908 50.669 48.935 49.569 46.341 46.118 46.143 47.187 46.337 46.103 46.07 46.143 46.182 46.079 46.071 46.027 46.126 48.567 51.966 52.41 54.784 56.133 53.774 53.578 53.721 53.911 54.086 54.226 54.417 54.473 54.293 54.101 53.937 53.799 53.648 53.483 53.306 53.177 53.042 52.826 52.668 52.908 53.011 53.216 53.344 53.57 53.732 53.726 53.562 53.407 53.256 53.104 52.899 49.084 45.702 45.576 45.572
41.054 41.095 41.096 42.776 44.295 41.378 41.451 43.756 47.526 45.375 46.875 50.822 50.658 46.432 46.671 49.333 46.987 49.555 51.733 48.437 46.128 46.165 46.466 46.338 46.152 46.102 46.163 46.172 46.123 46.076 46.043 46.186 48.088 48.257 48.437 52.214 53.138 53.329 53.46 53.654 53.784 53.943 54.125 54.287 54.466 54.454 54.28 54.106 53.954 53.737 53.615 53.466 53.315 53.142 52.964 52.83 52.776 52.903 53.048 53.258 53.436 53.593 53.715 53.669 53.551 53.365 53.212 53.022 52.739 50.717 45.747 45.59
40.958 41 41.081 41.061 42.294 43.789 43.218 42.512 43.253 46.823 48.29 45.075 44.643 44.496 46.406 48.954 46.443 49.081 51.348 49.549 46.369 46.15 46.155 46.354 46.538 46.135 46.161 46.147 46.159 46.063 46.148 46.471 46.039 45.801 51.254 52.814 53.022 53.19 53.327 53.485 53.628 53.813 53.975 54.146 54.29 54.441 54.391 54.22 54.067 53.929 53.747 53.552 53.401 53.238 53.137 52.946 52.82 52.807 52.935 53.119 53.274 53.417 53.622 53.741 53.635 53.484 53.311 53.149 52.974 52.773 48.544 45.707
40.927 40.938 40.994 41.032 43.194 44.678 41.724 43.607 43.393 45.268 46.466 47.213 44.246 44.333 50.918 50.913 47.637 47.977 51.519 51.992 49.391 46.16 46.15 46.32 46.562 46.179 46.191 46.159 46.128 46.052 46.187 46.125 45.837 45.642 46.501 52.558 52.908 53.052 53.211 53.361 53.485 53.696 53.849 54.025 54.178 54.345 54.5 54.361 54.182 54.023 53.861 53.732 53.619 53.417 53.264 53.075 52.934 52.711 52.817 52.98 53.161 53.316 53.459 53.584 53.717 53.626 53.448 53.285 53.147 52.96 51.592 48.49
40.871 40.933 40.941 40.976 41.052 42.546 44.288 43.932 43.287 42.431 43.522 46.295 47.755 51.187 50.38 50.201 45.263 45.023 51.557 52.582 48.536 50.637 46.301 46.148 46.174 46.262 46.237 46.179 46.115 46.059 46.25 45.881 45.619 45.616 45.613 46.982 52.528 52.945 53.078 53.261 53.429 53.615 53.739 53.862 54.045 54.2 54.372 54.46 54.353 54.166 54.06 53.865 53.666 53.515 53.396 53.207 53.032 52.882 52.736 52.866 52.962 53.115 53.327 53.498 53.645 53.772 53.601 53.421 53.285 53.053 52.948 52.283
40.866 40.871 40.895 40.933 40.943 41.289 44.187 44.002 44.668 44.004 42.814 44.649 45.638 45.734 46.688 45.788 48.361 47.384 50.147 52.397 52.777 52.717 46.801 46.157 46.132 46.262 46.264 46.184 46.105 46.064 46.462 45.645 45.619 45.57 45.596 45.605 47.041 52.599 52.977 53.137 53.269 53.417 53.591 53.766 53.932 54.123 54.247 54.461 54.426 54.336 54.147 53.986 53.843 53.67 53.483 53.33 53.143 53.011 52.868 52.748 52.856 53.064 53.174 53.361 53.551 53.709 53.692 53.561 53.351 53.228 53.057 52.896
40.877 40.873 40.891 40.925 40.939 40.996 41.493 43.419 42.826 43.764 43.917 43.393 48.068 48.192 45.388 46.845 47.336 44.548 51.495 52.175 53.149 54.751 47.994 46.241 46.17 46.308 46.256 46.223 46.134 46.104 46.585 45.631 45.582 45.558 45.55 45.576 45.573 50.58 52.839 52.986 53.14 53.343 53.497 53.658 53.858 53.932 54.099 54.335 54.458 54.49 54.322 54.115 53.972 53.77 53.617 53.435 53.255 53.126 52.958 52.745 52.595 52.915 53.048 53.244 53.399 53.62 53.751 53.68 53.513 53.365 53.215 53.008
40.883 40.85 40.847 40.908 40.936 40.982 41.054 43.022 43.149 43.067 44.006 43.769 47.271 49.756 50.705 49.473 47.036 48.19 50.46 51.985 52.037 54.308 50.93 50.813 46.273 46.25 46.242 46.163 46.121 46.17 45.803 45.584 45.555 45.55 45.552 45.543 45.585 45.571 51.268 52.889 53.06 53.187 53.352 53.449 53.679 53.838 54 54.167 54.383 54.521 54.425 54.238 54.073 53.896 53.714 53.601 53.413 53.246 53.082 52.938 52.841 52.84 52.939 53.131 53.302 53.464 53.604 53.727 53.684 53.48 53.293 53.185
40.991 40.865 40.901 40.882 40.841 40.992 40.989 41.142 41.994 43.408 44.702 42.393 45.132 46.854 50.042 45.19 45.688 45.723 44.064 47.833 50.14 52.582 55.796 49.712 46.183 46.244 46.243 46.15 46.099 46.196 45.876 45.553 45.494 45.513 45.521 45.537 45.585 45.604 45.616 51.313 52.894 53.088 53.23 53.401 53.58 53.746 53.894 54.083 54.234 54.363 54.491 54.378 54.228 54.007 53.843 53.68 53.55 53.42 53.233 53.049 52.919 52.771 52.795 52.974 53.144 53.301 53.502 53.627 53.722 53.64 53.411 53.277
41.139 40.826 40.846 40.842 40.851 40.943 40.952 40.958 42.432 44.074 43.341 43.966 43.66 44.849 46.639 48.529 47.723 44.748 43.028 43.67 46.879 49.489 52.127 51.155 47.615 46.225 46.151 46.103 46.089 46.163 45.81 45.543 45.474 45.517 45.53 45.534 45.575 45.609 45.596 47.427 52.588 52.914 53.108 53.267 53.433 53.587 53.789 53.955 54.051 54.205 54.447 54.489 54.286 54.152 53.975 53.833 53.696 53.524 53.349 53.175 53.065 52.884 52.781 52.886 53.047 53.16 53.347 53.461 53.666 53.744 53.604 53.415
41.11 40.902 40.862 40.83 40.906 40.871 40.937 40.891 41.554 43.443 44.364 44.184 43.539 46.228 44.474 45.826 47.815 46.554 45.235 42.833 45.128 48.658 50.171 51.617 50.229 46.242 46.203 46.133 46.1 46.075 46.046 45.652 45.605 45.897 45.507 45.55 45.572 45.583 45.585 45.624 45.822 52.581 53.001 53.142 53.329 53.49 53.622 53.787 53.92 54.081 54.248 54.42 54.461 54.337 54.117 53.955 53.787 53.674 53.502 53.291 53.156 52.987 52.828 52.606 52.87 53.07 53.206 53.354 53.496 53.663 53.755 53.534
