dsm/se2837_DSM_2M.asc
ncols 500
nrows 500
xllcorner    428000
yllcorner    437000
cellsize     2
NODATA_value -9999
[rows 372 to 402 of 500, columns 213 to 283 of 500]
65.014 65.016 64.979 65.236 65.316 72.381 73.624 74.366 73.194 71.734 65.231 65.291 64.666 64.919 65.214 65.226 65.196 64.631 64.206 70.249 71.329 71.481 70.389 64.181 64.304 64.596 64.481 64.434 64.344 64.349 64.439 64.619 64.726 64.799 64.866 65.099 65.076 65.064 65.094 67.879 66.306 65.279 65.866 65.876 65.726 65.809 65.904 66.016 67.066 66.496 66.389 66.121 66.104 67.599 66.226 66.309 68.589 68.521 66.444 66.951 66.309 66.261 66.329 66.971 68.379 66.909 67.989 67.124 67.496 67.549 67.564
64.884 64.886 64.846 65.009 65.136 72.274 73.401 74.401 73.329 72.124 65.201 64.969 64.469 64.461 64.234 63.936 63.889 63.876 63.851 70.149 71.236 71.589 70.484 64.576 64.246 64.524 64.394 64.311 64.324 64.349 64.409 64.359 64.589 64.664 64.711 65.011 64.939 64.979 65.011 66.981 65.069 65.129 64.999 64.959 66.244 65.789 65.899 66.014 65.911 65.874 67.546 66.174 65.984 66.069 66.144 66.296 68.546 68.524 66.379 66.381 67.729 71.701 72.091 72.316 72.496 71.261 66.514 68.249 68.599 67.401 67.479
64.741 64.756 64.706 64.809 64.971 72.256 73.969 73.829 72.814 71.544 65.976 64.654 64.274 64.316 65.506 65.691 65.944 66.409 66.376 69.234 71.164 71.839 70.591 65.329 64.264 64.551 65.246 64.254 64.319 64.266 64.396 64.401 64.454 64.536 64.631 64.924 64.844 64.899 64.926 66.141 64.966 65.021 64.956 64.866 64.844 66.089 66.924 66.961 65.821 65.854 67.004 67.061 65.891 65.914 66.176 66.286 68.504 67.611 67.244 66.191 69.121 73.189 73.446 73.861 73.871 73.194 71.844 69.326 69.724 68.889 67.414
64.601 64.631 64.584 64.691 64.776 73.296 73.361 73.671 71.951 71.649 64.759 65.096 64.129 64.146 65.784 64.516 63.904 63.874 63.834 69.074 71.064 71.759 70.666 65.039 64.209 64.381 64.781 64.294 64.264 64.319 64.291 64.326 64.421 64.426 64.571 64.819 64.784 64.824 66.114 65.594 64.949 64.961 64.911 64.871 64.826 64.814 65.201 66.264 67.984 66.229 66.019 66.679 65.774 65.894 65.914 65.986 65.991 67.641 67.204 66.184 68.999 73.066 74.286 74.229 73.976 73.364 72.056 69.814 69.269 69.669 69.241
64.479 64.499 64.459 64.584 64.731 70.174 72.781 73.596 73.029 71.769 66.149 64.394 63.996 63.969 63.946 63.984 64.051 64.121 64.004 69.729 70.999 71.806 70.754 66.259 64.196 64.194 64.231 64.694 64.174 64.164 64.201 64.264 64.329 64.414 64.716 64.706 64.714 64.744 64.724 64.786 64.859 65.026 64.874 64.856 66.504 70.836 68.196 64.994 65.199 66.261 66.061 66.476 65.739 65.876 65.894 66.171 65.961 66.304 67.646 66.111 67.444 72.816 73.014 72.846 72.586 72.389 72.121 69.859 69.331 67.144 69.569
64.406 64.389 64.349 64.444 65.499 68.189 72.269 73.486 73.126 71.896 65.119 65.124 63.869 63.834 64.244 64.031 64.044 63.949 63.929 67.449 70.909 71.824 70.879 67.881 64.069 64.146 64.141 64.574 64.031 64.059 64.129 64.194 64.251 64.369 64.689 65.941 64.639 64.661 64.654 64.774 64.734 65.069 64.839 64.821 65.816 71.106 71.886 72.721 72.531 64.941 66.036 68.729 66.576 65.736 65.954 66.044 65.919 66.219 67.814 66.086 66.159 71.851 71.206 70.424 69.984 69.511 69.421 69.311 69.231 66.579 66.576
64.659 64.269 64.239 64.321 65.294 67.929 72.349 73.071 72.844 71.741 65.074 64.091 63.816 63.749 64.794 64.421 63.981 63.984 63.934 67.096 70.801 71.829 70.989 68.604 64.109 64.184 64.019 63.936 63.986 63.964 64.066 64.154 64.231 64.314 64.604 65.194 64.571 64.581 64.556 64.724 64.669 64.981 65.121 65.321 68.776 71.424 72.534 72.694 72.664 65.109 65.159 65.939 65.819 65.766 65.769 65.791 65.784 67.126 68.389 65.814 66.176 67.909 66.976 66.571 67.514 66.716 66.484 66.814 66.544 66.521 67.354
64.224 64.159 64.469 64.201 64.541 66.256 72.936 72.986 72.861 71.804 66.881 64.081 63.646 63.609 64.759 64.401 65.816 64.771 64.426 66.211 70.704 71.779 71.076 69.409 63.911 63.876 63.936 63.876 63.984 63.986 64.064 64.104 64.159 64.339 64.499 64.464 64.506 64.496 64.464 64.591 65.964 64.869 64.911 64.896 70.566 71.716 72.661 71.931 69.084 65.039 65.154 65.161 65.181 66.406 65.804 65.819 65.811 67.474 68.279 65.764 65.986 66.421 66.444 66.241 66.349 66.301 66.266 66.306 66.359 66.426 67.104
63.964 64.044 64.474 64.059 64.521 64.541 71.729 72.824 72.956 71.789 67.231 63.846 64.049 63.504 63.699 63.989 63.871 63.911 64.251 66.369 70.601 71.691 71.154 70.056 63.899 63.831 63.849 63.816 63.864 63.884 63.991 64.021 64.064 64.399 64.366 64.421 64.409 64.391 64.411 64.506 66.199 64.806 66.384 66.729 70.866 71.991 72.689 71.196 66.431 65.189 66.656 65.296 66.256 67.129 65.646 65.851 65.771 67.926 68.234 65.729 65.734 65.776 65.789 65.811 66.294 66.281 66.289 66.286 66.471 66.339 67.266
63.844 63.939 63.966 64.009 64.231 64.421 72.179 72.916 73.021 72.239 66.379 63.981 63.504 63.346 63.866 64.204 64.734 66.249 64.221 63.951 68.969 66.014 65.874 64.309 63.924 64.874 63.919 63.779 63.744 63.786 63.911 63.976 64.006 64.351 64.244 64.691 64.316 64.284 64.301 64.399 65.586 64.741 65.206 64.914 67.659 70.841 72.039 70.884 64.871 66.374 67.016 64.881 64.891 65.061 65.111 65.421 66.059 66.894 66.779 65.729 65.729 65.754 65.791 65.771 66.461 66.271 66.304 66.311 68.656 68.224 66.896
63.734 63.829 63.829 63.791 64.219 64.396 69.871 65.499 63.721 65.996 63.899 63.616 63.729 63.264 63.694 63.434 63.346 63.354 63.356 63.536 63.984 64.499 64.001 66.291 65.311 63.744 63.664 63.709 63.654 63.709 63.846 63.956 64.054 64.241 64.399 64.234 64.229 64.191 64.151 64.196 65.889 65.001 65.214 64.766 65.764 65.361 67.789 67.751 66.079 66.896 65.809 64.784 64.761 65.074 64.899 65.594 65.206 65.434 65.974 66.056 65.751 65.754 65.786 65.796 66.176 66.346 66.326 66.336 66.734 66.811 66.831
64.844 63.704 63.711 63.661 63.739 63.769 64.001 65.509 68.989 71.061 70.034 63.534 63.714 63.174 63.764 63.379 63.311 63.319 63.321 63.324 63.369 63.366 63.404 63.521 64.831 64.571 63.709 63.674 63.714 63.759 63.789 63.934 64.056 64.106 64.076 64.131 64.129 64.116 64.101 64.101 64.214 64.554 64.819 64.921 65.194 64.779 67.541 66.659 66.976 66.759 64.754 64.644 64.729 65.956 64.886 65.044 66.034 66.224 65.109 66.249 66.156 65.709 65.734 65.774 66.101 66.279 66.306 66.299 66.869 66.721 66.786
64.691 63.586 63.609 63.546 63.666 63.804 71.049 71.934 72.864 71.964 70.829 63.639 63.739 63.106 63.376 63.339 63.321 63.316 63.324 63.379 63.331 63.334 63.386 63.411 63.464 63.511 63.559 64.231 63.826 63.861 63.809 63.876 63.931 63.941 64.006 64.056 64.039 64.034 64.059 64.104 64.134 64.164 64.206 64.306 64.421 64.479 65.254 64.914 64.711 64.856 64.654 64.616 64.686 64.774 64.939 65.046 65.084 67.501 71.554 71.431 65.354 66.131 67.296 65.859 66.154 66.294 66.321 67.591 66.656 66.664 66.754
63.434 63.476 63.501 63.444 63.586 63.849 70.934 71.866 72.911 72.009 70.964 63.649 63.676 62.991 63.196 63.354 63.339 63.334 63.404 66.289 63.654 63.449 63.456 63.479 63.454 63.494 63.516 63.509 63.511 63.571 63.616 64.269 63.861 63.879 63.929 63.964 63.946 63.944 63.981 64.044 64.134 64.206 64.246 64.261 64.294 64.336 64.404 64.469 64.504 64.514 64.561 64.626 64.651 64.884 65.909 65.024 66.431 71.054 72.101 72.981 72.034 69.636 66.191 68.001 66.301 66.756 66.909 67.846 66.529 66.626 66.666
63.256 63.361 63.396 63.341 63.446 63.936 70.501 71.509 72.491 71.604 70.591 63.421 63.324 62.886 63.104 63.366 63.356 63.374 63.411 68.956 68.889 68.889 69.001 68.999 67.804 65.699 63.586 63.541 63.501 63.511 63.544 63.666 63.766 63.806 63.849 63.864 63.849 63.871 63.929 64.074 64.166 64.189 64.224 64.269 64.311 64.366 64.404 64.421 64.456 64.531 64.599 64.609 64.689 64.916 64.961 64.986 67.524 71.629 72.664 72.501 71.456 67.869 65.496 65.629 67.404 67.719 67.064 67.876 66.481 66.556 66.606
63.139 63.236 63.274 63.229 63.341 63.451 70.409 71.501 72.486 71.746 70.661 63.346 63.651 62.824 62.984 63.336 63.346 64.554 63.401 68.901 68.876 68.876 69.936 69.931 69.659 67.784 69.219 68.971 66.659 64.394 63.786 63.664 63.674 63.719 63.756 63.779 63.786 63.931 64.076 64.244 64.284 64.371 64.316 64.311 64.326 64.341 64.354 64.419 64.469 64.544 64.589 64.574 64.711 64.779 64.891 67.264 71.119 72.176 72.929 71.959 70.631 65.384 65.514 65.616 66.386 67.014 66.779 66.644 66.424 66.449 66.619
63.034 63.106 63.166 63.891 63.234 63.406 69.899 71.351 72.431 71.814 70.756 63.226 63.041 62.794 62.864 63.341 63.319 64.056 63.431 68.899 68.884 68.869 70.194 70.444 70.561 70.391 70.136 69.921 69.649 69.436 69.184 67.024 63.581 63.646 63.671 63.684 63.794 63.916 64.179 64.434 64.176 64.196 64.264 65.436 64.494 64.444 64.356 64.339 64.429 64.494 64.529 64.584 64.754 64.756 64.901 65.091 68.914 72.716 72.434 71.396 66.589 65.704 65.579 65.586 65.786 67.921 66.351 66.316 66.359 66.446 66.579
62.936 63.004 63.054 64.484 63.121 63.489 67.971 71.279 72.336 71.911 70.859 63.734 63.149 62.739 62.789 63.479 63.431 63.451 63.434 63.486 63.459 66.114 69.266 69.501 69.774 70.031 70.291 70.539 70.539 70.324 70.071 64.589 64.576 63.576 63.604 63.604 63.859 63.856 63.954 64.014 64.029 64.066 64.146 64.284 64.264 64.481 64.401 64.269 64.339 64.409 64.434 64.624 64.846 64.744 66.424 70.669 67.564 67.166 71.426 69.366 65.196 65.306 66.541 66.461 66.161 69.939 66.211 66.276 66.274 66.426 66.539
62.836 62.886 62.949 63.276 63.054 64.351 66.734 71.069 71.931 70.914 69.794 66.109 65.286 62.734 62.776 63.254 63.401 63.476 63.461 63.471 63.419 63.366 63.366 64.269 68.201 69.151 69.374 69.641 69.909 70.106 70.374 63.521 64.536 63.529 63.529 63.524 63.801 63.811 63.861 63.921 65.756 64.216 64.189 64.304 64.346 64.399 64.341 64.229 64.291 64.331 64.469 65.084 64.651 64.764 69.591 71.196 72.186 71.834 68.689 65.286 65.604 65.314 67.364 67.639 67.024 66.759 66.184 66.199 66.294 66.406 66.559
62.749 62.776 62.849 63.161 63.026 62.936 66.276 70.946 71.951 70.971 69.789 66.821 65.864 62.821 62.671 63.291 63.234 63.069 65.001 63.114 63.251 63.336 63.279 63.294 63.311 63.351 63.439 65.489 67.996 69.281 68.856 63.394 63.449 63.451 63.459 63.534 63.686 63.899 63.799 64.819 65.884 63.874 64.316 64.281 64.331 64.294 64.359 64.319 64.264 64.279 64.481 64.581 64.599 64.624 70.746 71.714 72.284 71.306 69.116 65.129 65.336 65.304 68.661 68.554 66.244 66.064 66.119 66.151 66.256 66.476 66.699
62.604 62.674 62.754 63.116 62.914 62.844 66.726 70.881 71.941 71.051 68.031 65.886 65.866 63.149 62.631 62.981 63.766 63.061 64.506 63.071 63.071 63.626 63.151 63.374 63.419 63.336 63.361 63.311 63.304 63.296 63.429 63.266 63.349 63.376 63.396 63.554 63.544 63.774 63.761 65.734 66.181 65.761 63.941 64.194 64.044 64.104 64.269 64.344 64.324 64.346 64.399 64.676 64.874 69.686 71.249 72.229 71.746 70.761 64.949 64.956 65.094 65.529 66.374 66.664 65.956 66.016 66.034 66.174 66.361 66.674 68.109
62.561 62.576 62.624 62.649 62.699 62.769 66.611 70.776 71.901 71.136 68.489 65.876 65.856 63.689 62.584 63.006 63.819 62.994 63.124 63.051 63.331 63.421 63.086 63.111 63.129 65.011 63.284 63.409 63.424 63.274 63.244 63.216 63.286 63.309 63.334 63.531 63.454 63.619 63.724 65.056 70.449 69.926 68.946 65.141 63.861 63.926 64.044 64.139 64.239 64.404 64.281 64.224 64.509 70.799 71.774 72.211 71.206 68.614 65.701 64.974 65.086 65.216 65.854 65.811 65.904 65.954 66.006 66.136 66.404 67.914 72.516
62.564 62.524 62.499 62.554 62.591 62.686 65.791 70.679 71.791 71.194 70.124 65.874 65.851 63.764 62.551 62.814 63.886 62.906 62.956 63.001 63.024 63.046 63.074 63.094 63.119 64.744 63.126 63.486 63.586 63.601 63.186 63.164 63.209 63.256 63.261 63.444 63.486 63.581 63.721 66.376 71.379 70.884 70.426 69.889 69.029 64.181 63.954 64.034 64.099 64.249 64.184 64.251 69.584 64.196 66.086 71.674 70.676 64.686 64.736 65.021 65.131 65.404 65.716 65.779 65.844 65.874 65.991 66.271 66.579 71.826 73.074
62.509 62.519 62.484 62.489 62.526 62.614 65.219 70.604 71.721 71.301 70.211 65.859 65.854 64.244 62.556 62.879 64.586 64.731 63.481 62.939 62.949 63.009 63.034 63.049 63.079 63.091 63.099 63.429 63.599 63.519 63.119 63.124 63.489 63.191 63.269 63.316 64.041 63.581 63.709 70.266 70.741 71.214 71.356 70.849 70.334 63.831 63.834 63.939 64.004 64.171 64.111 65.904 70.296 71.324 69.779 64.311 66.369 64.621 64.781 64.901 65.271 65.629 65.686 65.756 65.789 65.859 65.991 66.366 68.526 72.794 73.616
62.386 62.444 62.474 62.454 62.451 62.541 64.149 70.519 71.649 71.391 70.296 65.821 65.836 64.936 64.404 62.781 68.456 62.919 63.134 62.919 62.964 62.991 62.994 63.014 63.046 63.061 63.066 63.056 63.051 63.129 63.014 63.176 64.134 63.139 63.294 63.216 63.489 63.516 63.541 67.584 69.804 70.326 70.816 71.329 65.239 63.716 63.801 63.924 63.906 64.061 65.346 69.879 70.844 71.789 71.059 70.116 64.281 64.911 65.041 65.289 65.469 65.584 65.669 65.716 65.731 65.809 66.039 66.689 70.109 72.044 74.184
62.369 62.324 62.416 62.451 62.436 62.449 62.491 70.441 71.549 71.519 70.371 66.296 65.814 64.636 63.241 62.539 63.466 62.871 63.186 64.116 64.544 68.749 67.541 63.486 63.509 64.701 63.034 63.031 62.994 62.989 62.986 63.131 63.246 63.086 63.114 63.126 63.779 63.391 63.461 63.521 63.746 68.399 69.879 69.761 63.831 65.236 63.766 63.841 63.834 64.011 66.409 70.366 71.386 71.529 70.561 68.549 64.441 64.624 65.154 66.769 65.491 65.546 65.634 65.686 65.664 65.674 65.909 66.269 68.724 72.131 74.759
62.456 62.381 62.301 62.361 62.414 62.821 62.394 65.064 70.884 71.154 70.479 64.216 62.864 62.416 62.374 62.526 62.696 62.846 62.901 62.901 66.201 69.666 70.759 71.651 70.661 69.559 66.021 63.036 62.979 62.951 62.949 63.006 63.024 63.031 63.034 63.061 63.184 63.359 63.436 63.504 64.314 63.624 63.659 64.024 68.449 70.111 69.604 68.116 63.821 63.956 69.949 70.934 71.826 71.024 69.769 64.474 64.491 64.586 64.799 65.549 65.479 65.509 65.564 65.581 65.594 65.656 65.679 65.664 66.594 67.214 74.729
62.319 62.404 62.304 62.241 62.319 62.861 63.081 62.361 64.564 68.491 68.449 65.529 62.489 62.331 62.336 62.469 62.654 62.831 62.884 62.881 68.809 69.916 71.046 71.494 70.349 69.236 63.016 62.974 62.939 63.251 62.926 62.961 62.961 62.984 62.976 62.976 63.156 63.211 63.369 63.424 63.619 63.631 64.509 63.781 71.424 71.199 70.586 70.054 69.106 65.834 63.994 70.231 71.466 70.499 66.474 64.309 64.641 64.599 65.664 65.224 65.361 65.444 65.466 65.519 65.596 65.644 65.636 65.651 65.661 66.051 66.741
62.141 62.269 62.381 62.344 62.239 62.276 62.334 62.369 62.344 62.399 64.056 63.369 62.341 62.341 62.291 62.439 62.634 62.821 62.881 62.989 69.121 70.199 71.326 71.184 70.086 68.964 63.034 63.021 63.451 63.944 62.879 62.909 62.921 62.946 62.924 62.916 62.921 63.176 63.216 63.706 63.504 63.689 64.009 69.114 70.499 71.029 71.436 71.014 70.514 63.794 63.661 63.811 64.294 69.451 64.136 64.259 64.406 64.514 65.091 65.201 65.264 65.339 65.461 65.601 65.661 70.204 66.266 65.634 65.649 65.651 65.654
61.929 62.106 62.271 62.326 62.324 62.231 62.256 62.321 62.336 62.321 62.341 62.354 62.354 62.334 62.279 62.374 62.614 62.831 62.906 64.861 69.369 70.486 71.594 70.889 69.784 67.536 63.021 62.964 62.899 63.176 62.831 62.859 62.864 63.236 67.389 66.376 62.916 62.946 63.071 65.546 65.509 63.831 63.519 64.116 69.566 70.071 70.586 71.049 69.936 63.594 63.636 63.679 63.746 63.939 64.121 64.209 64.429 65.251 65.036 65.094 65.171 65.206 65.399 65.531 69.259 71.621 72.459 69.631 65.674 65.644 65.641
61.576 62.734 62.196 62.539 62.321 62.314 62.324 63.436 62.289 62.309 62.296 62.301 62.299 62.314 62.246 62.326 62.624 62.819 62.891 66.849 69.681 70.821 71.654 70.604 69.499 64.871 63.001 63.381 62.801 62.749 62.786 62.799 62.799 73.434 79.706 79.544 65.674 62.994 62.976 62.959 64.716 63.694 63.401 63.466 63.541 65.086 69.591 70.089 63.726 63.544 63.604 63.654 63.714 64.699 65.356 65.711 65.084 64.821 64.959 65.006 65.054 65.206 65.381 65.444 71.334 72.169 73.026 73.839 66.781 65.704 65.616
