dsm/se2838_DSM_2M.asc
ncols 500
nrows 500
xllcorner    428000
yllcorner    438000
cellsize     2
NODATA_value -9999
[rows 248 to 278 of 500, columns 138 to 206 of 500]
76.989 77.497 77.427 77.449 77.837 78.479 79.009 80.097 79.137 79.337 80.529 83.592 80.199 80.507 80.209 80.042 80.019 80.224 80.387 80.852 81.157 81.647 81.894 82.132 82.327 82.639 82.882 83.224 83.217 83.062 83.072 83.127 83.182 83.259 83.327 83.399 83.477 83.637 83.859 83.929 84.059 84.647 85.749 86.322 86.634 87.014 87.532 87.617 87.872 88.232 88.594 88.832 89.049 89.324 89.337 89.484 89.632 89.732 89.764 89.847 89.892 90.044 90.234 90.367 90.547 90.732 90.927 91.179 91.444
77.449 77.739 78.002 78.327 78.599 79.059 79.562 80.514 79.494 79.587 79.932 80.124 80.437 83.257 80.459 80.439 81.642 80.814 80.987 81.294 81.909 82.157 82.432 82.457 84.484 82.834 82.997 83.154 83.027 83.014 83.047 83.127 83.212 83.419 83.364 83.482 83.712 83.777 83.907 84.222 85.647 85.774 86.349 86.719 87.142 87.494 87.609 87.794 88.519 88.534 88.809 89.109 89.327 89.634 89.754 89.827 89.889 89.994 90.084 90.142 90.162 90.304 90.444 90.609 90.787 90.979 91.169 91.404 91.682
77.709 78.024 78.192 78.652 79.117 79.664 80.032 80.084 80.027 80.037 80.322 86.714 80.842 81.299 81.092 85.177 86.442 81.502 81.634 81.852 82.089 82.379 83.782 82.817 83.237 84.367 82.924 82.952 82.927 83.009 83.079 83.382 84.452 84.354 83.767 83.662 83.792 84.047 84.712 85.462 85.899 86.349 86.847 87.184 87.342 87.524 88.099 88.689 88.859 88.882 89.182 89.577 89.679 90.129 90.034 90.144 90.207 90.322 90.499 90.474 90.467 90.567 90.667 90.817 90.999 91.174 91.407 91.642 91.899
84.219 78.462 78.557 78.769 79.217 83.387 88.629 86.769 81.319 80.869 82.037 81.622 81.577 81.784 81.677 82.507 83.277 81.884 82.092 82.189 82.407 82.949 84.949 82.942 82.799 82.772 82.814 82.887 82.962 83.054 85.167 85.879 84.707 83.917 83.957 84.094 84.442 85.099 85.652 86.109 86.464 86.819 87.064 87.249 87.579 87.917 88.707 90.242 89.712 89.724 89.754 90.142 90.732 90.562 90.894 90.739 90.694 90.822 90.929 90.889 90.814 90.802 90.932 91.039 91.237 91.454 91.637 91.867 92.162
79.189 78.897 78.997 79.184 79.434 80.162 81.099 81.287 81.324 82.752 82.339 81.812 81.714 81.854 81.979 81.904 82.019 82.099 82.202 82.409 82.637 82.719 82.717 82.677 82.709 82.774 82.864 82.934 83.014 83.084 85.419 83.684 83.582 83.767 84.379 84.914 85.419 85.894 86.319 86.472 86.747 87.082 87.317 87.594 87.902 88.132 89.129 90.137 90.944 89.594 89.974 90.419 91.109 91.332 91.789 91.804 91.252 91.434 91.304 91.217 91.174 91.179 91.207 91.339 91.492 91.704 91.919 92.179 92.477
79.052 79.164 79.264 79.489 79.739 80.162 80.984 81.377 81.984 82.242 82.419 82.157 81.774 81.989 82.107 82.167 82.262 82.212 87.109 82.634 82.609 82.582 82.612 82.682 82.759 82.829 84.452 82.999 83.144 83.462 83.544 83.594 83.879 84.507 85.027 85.327 85.612 86.184 86.979 86.862 87.094 87.354 87.627 87.992 88.249 88.874 89.922 90.059 89.612 89.987 90.367 90.749 91.269 91.969 92.452 92.429 92.357 91.804 91.657 91.522 91.442 91.459 91.527 91.672 91.859 92.024 92.327 92.609 92.897
79.319 79.352 79.454 79.714 80.129 80.359 80.932 81.462 81.984 82.209 82.187 81.867 82.107 82.199 82.269 82.242 82.394 82.517 82.487 82.487 82.522 82.582 82.662 82.727 83.039 84.029 83.862 83.267 83.479 83.567 83.759 84.034 84.549 85.034 85.329 85.562 85.849 86.322 86.719 86.999 87.412 87.734 88.067 88.419 88.704 88.939 89.179 89.569 90.342 90.419 90.849 91.259 91.679 92.332 92.462 92.499 92.359 92.197 92.189 92.547 92.144 92.077 91.904 92.059 92.244 92.427 96.482 93.037 93.327
79.694 79.579 79.697 80.124 80.484 80.722 81.152 81.379 81.682 81.747 81.864 82.097 82.282 82.282 82.349 82.417 82.389 82.382 82.439 82.492 82.564 82.634 82.832 83.092 82.979 83.159 83.384 83.487 83.727 83.909 84.154 84.632 84.957 85.324 85.552 85.852 86.202 86.582 86.904 87.457 87.802 88.262 88.659 88.894 89.094 89.327 89.602 89.959 90.444 91.039 91.414 91.802 92.189 92.572 92.754 92.799 92.769 92.767 92.749 92.992 93.029 93.102 93.017 92.814 100.732 92.914 93.174 93.459 93.809
80.102 80.107 80.294 80.607 80.962 81.132 81.474 81.684 81.827 81.912 82.522 84.214 82.379 82.377 82.297 82.284 82.339 82.397 82.479 82.542 82.917 85.237 85.542 84.004 83.224 83.352 83.519 83.714 83.987 84.244 84.517 84.884 85.287 85.574 85.894 86.212 86.559 86.867 87.264 87.697 88.089 88.607 89.002 89.252 89.532 89.779 90.089 90.534 91.172 91.699 92.089 92.397 92.629 93.029 93.197 93.212 93.302 93.272 93.449 93.942 93.207 93.197 93.252 95.052 93.964 94.282 94.544 97.162 94.454
80.569 80.717 80.954 81.099 81.299 81.507 81.789 81.969 82.084 82.144 82.232 82.229 82.187 82.202 82.247 82.302 82.369 82.442 82.914 83.794 83.097 84.794 83.507 83.169 83.374 83.649 83.907 84.202 84.417 84.727 84.917 85.197 85.627 85.909 86.217 86.512 86.852 87.172 87.489 87.937 88.489 89.029 89.344 89.592 89.852 90.167 90.784 91.369 91.972 92.402 92.612 92.909 93.174 93.522 93.589 93.684 93.887 93.759 93.617 93.664 93.392 93.422 93.429 93.814 94.149 95.024 95.314 94.789 95.407
81.029 81.122 81.292 81.404 81.564 81.672 81.859 82.057 82.127 82.102 82.089 82.117 82.172 82.217 82.267 82.329 82.389 82.469 82.652 82.819 83.087 83.044 83.074 83.392 83.822 84.074 84.349 84.612 84.837 85.007 85.234 85.532 85.909 86.207 86.464 86.709 87.019 87.297 87.749 88.422 88.969 89.334 89.727 89.979 90.232 90.759 91.312 92.207 92.682 93.032 93.242 93.564 93.874 94.084 94.109 94.162 94.297 94.189 94.034 93.829 93.689 93.697 93.727 95.879 94.384 94.387 94.672 95.137 95.777
81.342 81.352 81.634 81.717 81.887 81.967 81.982 81.942 81.977 82.027 82.082 82.124 82.177 82.232 82.299 82.407 82.549 82.679 82.942 83.114 83.149 83.259 83.944 85.014 84.409 84.554 84.712 84.844 85.072 85.347 85.514 85.837 86.194 86.502 86.719 86.964 87.314 87.754 88.344 88.824 89.529 89.889 90.094 90.444 90.827 91.399 92.154 92.552 92.919 93.182 93.509 93.854 94.159 94.374 94.487 94.572 94.627 94.607 94.452 94.324 94.032 93.942 93.982 94.467 94.599 94.904 95.407 95.844 96.407
81.829 81.839 81.787 81.797 81.784 81.837 81.882 81.934 81.987 82.029 83.029 84.757 84.344 82.312 82.479 82.687 83.014 83.094 83.182 83.347 83.464 83.834 84.264 84.547 84.712 84.814 84.899 85.199 85.387 85.687 86.232 86.457 86.669 86.817 86.957 87.434 87.889 88.402 88.939 89.392 89.964 90.264 90.739 91.022 91.542 92.034 92.517 92.867 93.144 93.559 93.884 94.144 94.404 94.659 94.832 94.924 94.927 94.957 94.897 94.659 94.467 94.344 94.324 94.974 95.619 95.762 96.074 96.674 97.094
81.667 81.654 81.682 81.722 81.782 81.829 81.879 81.932 81.974 82.034 84.139 82.604 82.402 82.612 82.879 83.004 83.169 83.267 83.462 83.727 84.119 84.382 84.649 84.819 84.972 85.212 85.439 85.614 85.727 86.159 86.639 86.932 87.052 87.124 87.652 87.959 88.509 88.967 89.437 89.847 90.462 90.907 91.389 91.692 91.997 92.357 92.919 93.264 96.634 93.992 94.319 94.529 94.777 95.012 95.134 95.197 95.204 95.259 95.207 95.017 94.932 94.889 94.964 95.534 95.359 95.897 96.609 97.137 98.217
81.587 81.632 81.682 81.727 81.772 81.824 81.864 81.939 82.077 82.234 82.339 82.577 82.722 82.922 83.007 83.272 83.502 83.697 83.909 84.134 84.402 84.612 84.834 85.164 85.402 85.529 85.747 85.927 86.157 86.459 86.712 86.987 87.149 87.444 88.064 88.334 88.987 89.352 89.709 92.754 92.097 91.522 91.722 91.947 92.219 92.772 93.352 94.909 97.714 94.404 94.637 94.904 95.084 95.284 95.399 95.484 95.469 95.537 95.547 95.344 95.259 95.247 95.287 95.827 95.834 96.277 97.042 97.234 97.259
81.579 81.624 81.672 81.727 81.797 81.919 82.069 82.309 82.549 82.654 82.707 85.089 83.049 83.304 83.532 83.974 84.122 84.127 84.202 84.334 84.539 85.669 85.094 85.359 85.564 85.799 86.094 86.264 86.397 86.637 86.924 87.247 87.579 88.042 88.357 88.744 89.254 89.564 89.879 91.794 91.619 91.744 92.017 92.464 92.922 93.367 93.767 94.087 94.407 94.617 94.927 95.177 95.357 95.514 95.639 95.692 95.767 95.847 95.862 95.704 95.659 95.617 95.689 96.197 96.599 96.684 97.199 97.292 97.324
81.609 81.669 81.772 81.884 82.204 82.537 82.639 82.749 82.797 82.857 83.024 83.452 83.674 83.729 84.014 84.302 84.437 84.417 84.412 84.577 84.767 85.009 85.349 85.649 85.862 86.152 86.454 86.552 86.657 86.942 87.327 87.672 88.002 88.412 88.697 89.109 89.554 89.837 90.172 90.972 91.692 92.142 92.579 92.984 93.327 93.692 94.077 94.397 94.659 94.887 95.119 95.374 95.574 95.727 95.859 96.002 96.049 96.114 96.129 96.077 96.069 96.939 96.197 99.772 97.402 97.054 97.364 97.402 97.544
81.839 81.922 82.149 82.352 82.562 82.702 82.767 82.914 83.032 83.239 83.477 83.697 83.859 84.012 86.202 84.607 84.734 84.709 84.664 84.774 84.992 85.302 85.639 85.957 86.269 86.569 86.734 86.807 87.022 87.289 87.714 88.154 88.467 88.802 88.977 89.442 89.699 90.132 90.797 91.442 92.167 92.527 92.884 93.259 93.584 93.924 94.304 94.617 94.867 95.137 95.317 95.537 95.782 95.939 96.052 96.194 96.324 96.402 96.417 96.387 96.442 96.447 96.549 96.729 97.102 97.294 97.514 97.589 98.129
81.932 82.142 82.392 82.624 82.829 82.944 83.139 83.304 83.452 83.619 83.817 83.939 84.107 84.462 84.824 84.872 84.934 84.867 84.852 84.962 85.244 85.537 85.794 86.057 86.339 86.597 86.859 87.007 87.342 87.729 88.219 88.589 88.842 89.004 89.274 89.657 89.957 90.684 91.252 91.667 92.419 92.774 93.099 93.487 93.832 94.184 94.504 94.844 95.097 95.352 95.569 95.754 95.972 96.127 96.277 96.382 96.552 96.724 96.754 96.804 96.769 96.794 96.882 96.954 97.442 97.509 97.717 97.767 97.782
82.659 82.809 83.219 83.199 83.289 85.519 87.072 83.602 83.794 83.979 84.317 84.489 84.714 84.964 85.082 85.124 85.144 85.012 84.962 85.159 85.439 85.757 86.002 86.197 86.657 86.969 87.132 87.377 87.759 88.077 88.397 88.699 88.912 89.167 89.472 89.869 90.439 91.102 91.579 91.919 92.509 92.952 93.319 93.689 94.074 94.409 94.714 95.049 95.332 95.592 95.814 96.004 96.157 96.354 96.464 96.562 96.727 96.852 96.969 97.102 97.082 97.042 97.077 97.162 97.969 97.669 97.804 97.854 98.022
83.024 83.149 83.352 83.444 83.597 84.027 84.027 84.077 84.287 84.532 84.787 84.974 85.254 85.464 85.472 85.434 85.424 85.374 85.277 85.447 85.734 86.094 86.524 86.679 86.984 87.399 87.642 87.809 88.087 88.349 88.562 88.859 89.267 89.597 89.799 92.737 91.162 91.492 91.864 92.317 92.649 93.109 93.552 93.889 94.264 94.627 94.944 95.237 95.532 95.784 96.017 96.227 96.349 96.547 96.687 96.797 96.914 97.049 97.112 97.229 97.314 97.292 97.307 97.349 97.542 97.717 97.912 98.044 98.074
85.289 83.532 83.602 84.789 84.039 84.162 84.322 84.522 84.739 84.982 85.169 85.379 85.544 85.659 85.747 85.849 85.807 85.739 85.632 85.784 86.152 86.542 86.959 87.184 87.469 87.702 87.904 88.092 88.327 88.597 88.884 89.247 89.702 89.902 94.499 96.234 91.462 91.734 92.307 92.557 92.822 93.144 93.772 94.117 94.447 94.809 95.162 95.414 95.687 95.927 96.162 96.372 96.569 96.709 96.872 97.004 97.097 97.217 97.297 97.397 97.457 97.502 97.462 97.514 97.742 97.977 98.212 98.302 98.402
83.817 83.974 84.172 84.254 84.354 84.549 84.867 85.047 85.217 85.412 85.542 85.769 86.012 86.167 86.237 86.194 86.194 86.107 85.954 86.194 86.682 87.017 87.389 87.627 87.839 88.034 88.229 88.489 88.697 88.914 89.182 89.517 89.979 90.187 90.572 91.024 91.554 92.132 92.487 92.699 92.899 93.229 93.962 94.344 94.652 94.992 95.322 95.597 95.827 96.074 96.324 96.547 96.734 96.844 97.024 97.164 97.272 97.379 97.487 97.569 97.617 97.717 97.767 97.792 98.012 98.689 98.604 98.524 98.564
84.207 84.314 84.447 84.697 84.897 85.122 85.439 85.549 85.709 85.892 86.019 86.209 86.392 86.727 86.837 86.784 86.627 86.534 86.414 86.749 87.099 87.484 87.782 87.989 88.232 88.427 88.532 88.764 88.932 89.122 89.412 89.779 90.169 90.607 91.017 91.502 91.942 92.397 92.642 92.779 92.987 93.439 94.167 94.527 94.829 95.147 95.469 95.764 95.984 96.257 96.474 96.689 96.857 96.997 97.157 97.307 97.474 97.527 97.617 97.692 97.764 97.917 97.982 98.052 98.449 99.339 98.714 98.709 98.759
84.534 84.824 84.997 85.149 85.299 85.539 85.812 85.889 86.032 86.237 86.452 86.654 86.959 87.287 87.319 87.297 87.177 86.997 87.019 87.234 87.549 87.814 88.147 88.427 88.634 88.817 88.929 89.054 89.199 89.367 89.644 90.007 90.422 91.007 91.302 91.749 92.159 92.472 92.689 92.882 93.232 93.877 94.354 94.672 94.994 95.282 95.589 95.902 96.174 96.382 96.612 96.847 97.029 97.232 97.329 97.464 97.582 97.632 97.702 97.807 97.957 98.259 98.072 98.259 98.469 99.329 101.029 98.922 98.927
85.012 85.279 85.349 85.437 85.647 85.859 86.099 86.264 86.442 86.654 86.892 87.132 87.359 87.634 87.809 87.777 87.704 87.587 87.734 87.939 88.112 88.257 88.494 88.734 88.894 89.164 89.332 89.364 89.502 89.699 89.949 90.227 90.719 91.217 91.569 91.934 92.277 92.557 92.867 93.154 93.517 94.079 94.462 94.812 95.117 95.424 95.707 95.969 96.264 96.489 96.729 96.979 97.182 97.327 97.449 97.574 97.712 97.802 97.894 97.969 98.159 98.214 98.354 98.417 98.689 100.399 101.772 99.034 99.042
85.317 85.537 85.717 85.889 86.057 86.197 86.404 86.609 86.779 87.039 87.187 87.394 87.687 87.924 88.124 88.149 88.104 88.052 88.297 88.577 88.729 88.902 88.954 89.094 89.214 89.392 89.542 89.597 89.779 90.027 90.269 90.667 90.994 91.372 91.887 92.254 92.559 92.847 93.124 93.399 93.762 94.232 94.522 94.894 95.169 95.499 95.757 96.009 96.294 96.577 96.799 97.004 97.227 97.364 97.517 97.762 97.927 98.154 98.267 98.267 98.339 98.429 100.444 98.659 98.759 99.314 99.199 99.149 99.164
85.742 85.957 86.082 86.247 86.417 86.574 86.764 86.972 87.112 87.257 87.399 87.679 87.912 88.052 88.239 88.324 88.339 88.379 88.512 88.797 88.959 89.152 89.322 89.389 89.552 89.674 89.817 89.934 90.142 90.447 90.762 91.104 91.447 91.622 92.042 92.429 92.692 92.994 93.264 93.557 93.929 94.279 94.602 94.902 95.227 95.489 95.767 96.034 96.287 96.592 96.792 96.982 97.179 97.407 97.597 97.852 98.067 98.482 98.707 98.437 98.534 98.717 98.722 98.719 98.787 99.339 99.369 99.292 99.342
86.282 86.409 86.517 86.614 86.719 86.882 87.049 87.252 87.424 87.614 87.757 87.874 88.057 88.207 88.339 88.459 88.509 88.574 88.657 88.927 89.087 89.289 89.547 89.714 89.887 90.017 90.134 90.324 90.624 90.799 91.089 91.402 91.739 91.979 92.167 92.562 92.847 93.084 93.382 93.677 93.994 94.287 94.634 94.897 95.244 95.484 95.777 96.019 96.282 96.527 96.757 96.959 97.192 97.427 97.639 97.892 98.094 98.452 98.629 98.662 98.597 99.142 98.947 98.872 98.994 99.419 99.512 99.474 99.477
86.574 86.702 86.794 86.877 86.984 87.142 87.314 87.512 87.707 87.857 87.994 88.112 88.199 88.329 88.467 88.619 88.682 88.754 88.914 89.009 89.237 89.427 89.647 89.882 90.094 90.324 90.457 90.624 90.819 90.989 91.302 91.644 91.942 92.247 92.377 92.634 92.942 93.204 93.489 93.749 94.029 94.292 94.592 94.907 95.174 95.472 95.727 95.989 96.217 96.439 96.732 96.944 97.189 97.439 97.679 97.902 98.222 98.757 98.972 98.784 98.819 99.507 99.189 99.154 99.202 99.387 99.759 99.634 99.697
87.034 87.124 87.192 87.259 87.317 87.412 87.529 87.637 87.842 88.047 88.239 88.374 88.492 88.549 88.632 88.739 88.872 88.987 89.114 89.542 89.439 89.629 89.837 90.087 90.287 90.507 90.677 90.889 91.099 91.289 91.597 91.927 92.214 92.447 92.707 92.817 93.124 93.354 93.589 93.852 94.072 94.349 94.604 94.902 95.122 95.419 95.649 95.909 96.142 96.399 96.649 96.929 97.192 97.447 97.704 97.929 98.179 98.667 98.709 98.872 99.022 99.162 99.277 99.387 99.434 99.582 100.009 99.867 99.887
