dsm/se2835_DSM_2M.asc
ncols 500
nrows 500
xllcorner    428000
yllcorner    435000
cellsize     2
NODATA_value -9999
[rows 0 to 31 of 500, columns 72 to 143 of 500]
91.443 91.247 91.205 91.341 91.453 91.606 91.881 91.98 93.049 96.349 98.02 99.069 101.202 100.77 99.601 94.831 93.989 94.054 94.131 94.171 94.271 94.324 94.345 94.44 94.498 95.318 96.821 97.249 94.865 94.54 94.445 94.705 94.776 94.844 95.017 95.764 95.952 96.223 97.295 99.061 98.404 97.767 97.718 98.37 98.993 99.076 99.2 99.219 99.243 99.086 99.132 99.242 99.276 99.168 99.138 99.207 101.069 102.212 101.597 100.805 100.665 100.438 100.325 100.768 104.218 103.09 101.126 102.394 105.405 102.574 100.416 100.301
90.982 91.15 91.367 91.393 91.518 91.733 92.024 92.033 93.451 96.245 96.824 98.032 100.2 101.123 99.913 95.598 93.812 93.964 94.048 94.126 94.299 94.301 94.315 94.406 94.52 94.671 94.899 95.188 94.761 94.496 94.587 94.63 94.635 94.993 95.17 95.386 97.6 98.197 98.588 98.614 98.301 97.908 97.834 98.358 98.852 99.06 99.348 99.386 99.327 99.317 99.244 99.399 99.344 99.228 99.154 99.303 100.685 100.338 100.618 100.61 100.532 100.514 100.492 100.863 102.947 105.422 104.167 105.127 106.212 103.949 100.768 100.36
91.168 91.22 91.288 91.354 91.724 93.353 92.899 92.198 93.446 95.833 96.542 97.522 99.357 101.128 100.468 96.585 94.243 93.937 94.01 94.067 94.204 94.277 94.295 94.436 94.53 94.583 94.584 94.617 94.775 94.644 94.684 94.834 94.995 95.206 95.085 96.106 100.215 101.058 102.039 98.847 97.398 98.161 98.333 98.435 98.649 99.115 100.075 100.865 101.363 99.98 100.153 101.358 101.474 99.475 99.175 99.405 101.206 102.24 100.557 100.834 101.251 100.583 100.374 100.5 102.247 104.471 106 106.974 106.535 104.888 102.11 100.424
91.462 91.186 91.183 91.387 92.012 94.838 93.419 92.485 93.406 94.829 95.021 95.762 98.956 101.582 100.408 97.429 94.303 93.932 94.006 94.062 94.177 94.283 94.325 94.45 94.541 94.541 94.528 94.561 94.717 94.593 94.509 94.803 95 95.152 95.335 97.358 101.631 100.467 103.885 103.193 103.38 98.948 99.855 99.632 100.384 104.649 105.265 104.936 103.622 102.53 102.815 102.734 101.958 99.697 99.307 99.245 100.28 102.416 101.459 101.997 102.415 100.762 100.675 100.546 100.712 101.83 106.053 107.283 106.642 105.181 102.411 100.365
91.544 91.124 91.256 91.499 91.868 92.504 92.367 92.634 92.824 93.64 94.314 94.752 99.43 101.51 99.866 97.786 95.298 93.985 93.963 94.044 94.111 94.202 94.268 94.418 94.522 94.529 94.515 94.593 94.697 94.8 94.719 94.89 94.969 95.271 95.664 97.267 100.854 103.89 106.399 108.247 102.024 99.643 101.315 104.99 107.458 109.508 109.413 108.166 107.105 103.809 103.406 102.981 101.364 99.771 99.425 99.202 99.79 101.654 101.376 102.656 100.891 100.742 100.52 100.409 100.302 101.343 105.694 107.306 106.995 104.326 100.873 100.261
91.164 91.065 91.307 91.627 91.865 92.145 92.298 92.276 92.323 92.763 93.36 98.224 102.836 97.401 98.518 97.192 94.851 94.098 93.92 94.028 94.108 94.19 94.284 94.407 94.56 94.515 94.555 94.66 94.625 94.811 94.919 94.999 95.04 95.26 95.653 96.975 99.207 102.917 105.599 105.401 102.001 99.646 102.205 105.804 108.637 109.534 109.77 109.866 109.349 109.234 105.594 103.126 102.336 101.026 99.585 99.226 99.832 100.697 100.845 102.797 101.526 100.731 100.445 100.363 100.134 100.734 105.487 107.201 107.027 103.344 100.634 100.233
91.187 91.292 91.378 91.618 91.847 92.061 92.158 92.09 92.277 92.414 94.445 99.097 101.472 98.914 100.142 98.656 95.847 94.294 94.027 94.103 94.135 94.171 94.238 94.17 94.3 94.254 94.436 94.641 94.694 94.865 95.044 95.062 95.179 95.315 95.63 96.921 99.074 101.993 101.392 98.732 102.007 100.242 101.888 105.476 108.154 109.109 109.74 109.958 109.952 108.285 104.624 102.917 102.776 101.877 99.717 99.16 99.576 102.998 103.823 104.707 104.224 103.362 100.886 100.506 100.493 100.678 104.103 107.35 106.981 105.379 102.241 100.341
91.445 91.502 91.696 91.809 91.892 92.026 92.109 92.022 92.288 92.646 94.069 95.935 97.296 99.127 99.855 99.573 96.77 94.628 94.156 94.146 94.125 94.216 94.36 94.641 94.258 94.266 94.532 94.709 94.816 95.026 95.178 95.188 95.305 95.487 95.979 97.154 103.598 104.957 104.323 99.508 98.481 99.888 101.206 103.186 106.806 108.986 109.852 109.791 109.55 107.592 104.049 103.173 102.685 101.266 100.358 99.237 101.375 106.209 105.409 106.482 104.387 103.315 100.905 100.618 100.637 100.454 103.259 107.099 106.976 105.92 102.349 100.387
92.415 91.613 91.725 91.802 91.871 92.444 92.761 92.565 92.458 92.695 93.598 93.583 95.537 99.533 98.953 96.804 96.295 96.181 96.264 95.71 95.8 96.016 96.274 97.068 94.94 94.888 94.758 94.896 94.979 95.32 95.289 95.392 95.498 95.8 96.435 98.049 103.819 105.204 103.638 101.945 101.111 102.389 102.375 103.218 107.003 109.149 109.504 109.353 108.169 107.514 104.053 102.615 102.642 100.924 99.907 99.91 103.923 106.124 107.056 106.922 103.374 101.31 100.595 100.641 100.519 100.408 103.45 106.98 107.376 106.14 103.674 101.707
93.682 91.668 91.699 91.729 -9999 94.711 94.208 93.039 92.677 92.923 93.099 94.396 94.722 96.103 97.101 94.996 97.14 97.993 99.079 99.787 99.558 98.684 97.929 96.746 95.224 95.518 95.012 95.095 96.095 96.799 96.638 95.784 95.883 96.066 96.869 101.755 103.308 100.544 101.741 102.344 102.625 102.912 102.989 103.529 104.085 107.476 109.244 109.404 108.69 106.153 100.733 100.48 100.215 100.353 100.19 101.425 102.937 102.488 105.51 106.945 103.755 101.106 100.388 100.552 100.647 100.478 103.45 107.029 107.384 106.856 105.153 103.231
-9999 91.935 91.736 91.806 93.053 97.204 99.828 100.25 95.879 95.843 -9999 95.422 96.982 97.763 97.555 97.33 99.113 96.722 99.228 101.027 100.474 99.577 98.243 96.662 95.969 96.061 95.145 96.373 98.104 106.274 102.762 97.878 96.846 96.497 97.017 100.684 103.033 102.312 102.35 101.72 102.527 102.882 102.959 103.057 103.494 106.353 109.352 109.527 108.256 101.706 99.463 99.283 99.677 100.134 -9999 102.642 102.835 103.794 104.112 104.192 103.228 101.276 100.588 100.494 100.493 100.615 102.534 106.739 107.385 106.667 104.744 101.939
92.895 92.58 91.827 91.854 93.259 95.991 102.925 106.644 101.389 99.86 97.929 97.471 98.417 99.479 99.173 99.429 99.793 98.251 98.598 100.512 100.756 100.603 98.304 95.395 95.612 95.592 95.34 99.254 105.371 109.061 109.447 104.276 99.015 97.092 98.256 101.69 104.846 102.4 100.043 100.689 101.442 102.643 102.866 103.016 104.617 107.446 109.081 109.335 108.281 104.097 100.879 99.321 99.415 -9999 100.42 101.547 103.1 103.957 103.6 103.719 103.164 103.849 100.908 100.538 100.545 101.2 102.804 106.241 107.257 106.824 103.759 103.038
93.275 93.143 92.737 91.987 92.052 93.506 97.614 101.222 101.783 103.271 97.759 97.045 97.464 98.476 99.558 100.961 100.373 98.712 95.484 101.121 107.919 102.868 97.675 95.571 94.962 95.237 95.294 98.528 105.612 107.983 109.151 104.489 98.541 97.89 98.511 102.561 103.423 101.245 99.1 99.544 101.241 102.598 102.854 103.355 105.367 107.598 108.672 109.503 108.953 107.864 103.387 101.663 -9999 99.303 100.128 99.644 101.667 103.548 103.453 102.902 103.576 101.975 100.693 100.514 100.516 102.279 105.303 106.577 106.95 106.776 103.12 100.778
93.513 93.186 93.428 92.46 92.003 92.244 92.889 95.732 98.723 104.833 96.282 94.225 96.191 95.04 96.473 99.634 99.265 96.582 95.504 99.317 105.081 102.101 96.863 94.76 94.63 95.09 95.315 95.985 98.674 104.693 109.749 106.466 104.56 99.716 98.181 100.333 100.466 99.057 98.806 99.238 101.906 102.589 102.908 102.917 104.617 106.423 108.174 109.338 109.275 107.119 101.227 101.68 100.891 99.548 99.641 99.585 101.165 102.611 102.804 102.854 103.471 101.472 101.723 100.448 100.4 101.857 105.259 106.209 107.045 107.022 105.703 101.933
93.153 92.027 92.328 92.518 92.156 92.051 92.068 92.47 93.946 94.209 94.883 93.1 93.557 93.659 93.837 95.527 97.225 95.334 94.702 95.999 97.729 96.553 95.025 94.692 94.854 95.178 95.422 95.833 98.454 107.388 106.127 101.229 106.377 104.034 99.131 98.81 98.492 98.609 98.743 99.21 100.62 102.246 102.801 102.896 103.381 104.627 107.748 108.905 109.259 107.948 105.078 102.325 100.357 99.734 99.674 99.599 100.391 101.284 101.364 104.624 104.371 102.333 100.784 100.707 100.758 100.589 103.967 105.919 107.368 107.137 105.361 102.904
92.847 92.442 92.606 92.897 92.237 92.087 92.102 92.168 92.395 92.79 92.984 92.758 93.043 93.313 93.725 94.036 94.454 94.678 94.225 94.261 94.436 94.633 94.721 94.797 95.196 95.539 95.728 96.04 98.166 105.794 103.511 99.206 107.505 108.127 103.485 101.195 98.779 98.629 98.895 99.168 99.576 101.122 102.545 102.688 102.932 103.985 106.308 108.604 109.396 108.667 107.311 101.633 99.706 99.817 99.795 99.653 100.244 102.42 103.787 106.465 105.929 102.229 100.623 100.495 100.517 100.491 103.628 106.297 107.125 107.142 106.013 103.984
92.452 94.253 93.739 93.535 92.495 92.192 92.15 92.124 92.152 92.34 92.553 92.702 92.954 93.346 93.614 93.838 94.062 94.217 94.297 94.376 94.43 94.568 95.197 96.169 96.39 96.309 95.92 96.055 96.849 99.839 98.88 101.345 106.864 109.037 107.081 101.977 99.22 98.759 98.974 99.153 99.417 100.476 102.335 102.769 102.857 103.504 104.664 108.116 109.456 109.135 107.089 102.277 99.392 99.701 100.376 99.781 100.382 102.723 115 111.982 107.101 102.013 100.624 100.544 100.511 100.47 103.642 105.868 106.801 107.333 106.716 103.746
92.445 93.602 94.517 93.669 92.5 92.13 92.103 92.052 92.127 92.381 92.466 92.668 92.983 93.286 93.521 93.787 94.01 94.209 94.361 94.454 94.485 94.739 95.377 97.847 97.09 95.941 95.871 96.071 96.337 96.924 97.326 99.009 100.926 108.403 108.612 100.921 99.301 99.006 99.033 99.112 99.25 99.86 101.151 102.303 102.904 103.744 104.359 107.72 109.129 109.261 108.225 103.798 99.567 99.355 99.82 99.89 99.781 101.481 103.197 105.152 104.871 102.475 100.886 100.431 100.829 100.487 101.763 105.679 106.588 106.959 106.387 102.809
94.284 92.402 94.3 94.242 92.03 92.092 92.164 92.292 92.305 92.473 92.611 92.699 92.953 93.216 93.49 93.754 94.021 94.234 94.403 94.528 94.615 94.795 95.209 96.439 95.823 95.591 95.711 96.041 96.304 96.608 97.222 97.841 98.639 103.693 106.697 101.622 99.663 99.17 99.107 99.042 99.139 99.349 99.738 101.096 102.721 104.494 105.261 107.813 109.202 109.703 109.113 105.708 101.64 99.92 101.088 99.928 99.499 99.89 100.194 100.594 100.854 101.501 101.164 100.42 100.555 100.443 101.067 104.752 105.531 103.869 104.859 102.75
103.642 94.315 97.345 99.793 93.933 92.857 92.766 92.513 92.394 92.511 92.662 92.739 92.942 93.207 93.398 93.67 94.021 94.365 94.496 94.505 94.645 94.815 94.904 95.129 95.176 95.411 95.708 95.966 96.12 96.412 97.75 101.507 100.298 101.272 105.856 100.626 99.598 99.38 99.519 100.268 100.19 99.788 99.721 101.789 -9999 107.017 108.217 108.653 109.333 109.295 109.767 108.813 106.987 102.245 101.35 99.87 99.607 100.062 100.34 100.659 101.502 101.579 101.276 100.567 100.672 101.024 100.751 102.269 102.425 100.476 101.093 101.712
99.756 94.629 103.324 108.915 102.93 97.795 95.01 92.7 92.586 92.514 92.634 92.753 92.84 93.036 93.362 93.632 93.992 94.422 94.589 94.531 94.644 94.79 94.92 95.034 95.242 95.535 95.764 95.954 96.24 96.43 97.214 98.781 98.768 98.511 99.829 99.693 99.458 100.526 103.93 105.01 105.105 104.005 103.849 105.726 107.921 109.012 109.217 109.262 109.428 109.531 109.848 109.139 107.478 103.805 102.022 100.451 99.941 100.006 100.191 101.353 104.02 103.846 101.471 100.453 100.501 100.721 100.484 100.611 100.574 100.397 100.541 100.637
101.378 100.993 106.815 110.583 108.557 106.678 95.823 93.335 92.731 92.634 92.679 92.831 92.923 93.088 93.287 93.495 94.034 94.444 94.597 94.597 94.704 94.926 95.533 95.354 95.439 95.613 95.808 95.999 96.32 96.533 96.792 97.35 97.535 97.89 98.369 98.937 99.271 100.446 106.203 108.212 108.959 108.818 108.663 109.112 109.67 109.637 109.74 109.207 109.166 108.991 108.404 107.14 106.338 105.53 102.342 100.653 99.745 100.008 100.424 101.488 103.658 103.388 101.005 100.482 100.499 100.47 100.544 101.411 103.947 101.365 100.575 100.743
104.434 109.204 110.684 112.25 109.235 100.85 94.46 93.46 92.677 92.642 92.712 92.804 92.919 93.162 93.354 93.635 94.048 94.419 94.563 94.626 94.731 95.894 99.347 98.215 96.106 95.844 95.903 96.117 96.377 96.63 96.807 97.014 97.408 97.812 98.373 98.774 99.084 99.982 104.743 108.844 109.573 109.961 109.705 109.562 109.609 109.043 108.749 108.142 107.558 105.07 105.545 102.296 102.998 101.329 100.739 100.026 99.738 100.192 100.867 103.086 102.462 100.98 100.62 100.562 100.538 100.465 100.533 102.801 105.599 104.417 101.707 100.747
106.009 109.163 110.877 111.713 108.737 107.419 96.146 96.014 92.912 92.593 92.689 92.749 92.808 93.082 93.427 93.629 93.966 94.346 94.58 94.846 95.196 96.636 102.494 102.816 99.438 97.094 96.013 96.129 96.316 96.559 96.744 96.942 97.309 97.766 98.292 98.718 99.113 99.506 101.691 108.961 109.627 109.065 109.044 108.443 107.577 106.036 106.513 103.387 101.435 100.208 100.245 101.297 101.063 100.975 100.462 99.954 100.162 101.368 103.42 104.043 103.264 100.926 100.567 100.53 100.485 100.645 101.638 104.264 106.05 105.354 102.052 100.549
105.419 107.37 109.931 109.94 110.98 105.384 100.962 101.198 93.16 92.572 92.679 92.753 92.89 93.128 93.348 93.559 93.9 94.201 94.548 95.68 96.493 98.654 99.687 98.526 98.117 96.411 95.997 96.085 96.315 96.506 96.695 96.975 97.26 97.697 98.078 98.628 99.022 99.573 103.007 108.069 107.099 106.184 107.196 103.592 104.587 101.396 100.986 100.015 99.717 99.585 99.701 99.828 99.638 100.046 100.415 101.147 102.075 103.994 103.984 103.928 103.828 101.205 100.636 100.523 100.552 101.549 105.21 104.223 102.35 101.284 100.485 100.374
107.341 105.679 102.002 106.33 109.791 104.097 96.842 96.795 93.251 92.575 92.702 92.8 92.921 93.047 93.283 93.473 93.816 94.097 94.543 97.05 100.087 99.796 99.039 96.171 95.806 95.806 95.958 96.165 96.364 96.541 96.818 97.066 97.359 97.639 97.917 98.409 98.813 99.515 101.235 102.512 104.479 100.588 101.502 101.131 100.06 99.919 99.367 99.523 99.468 99.51 99.523 99.583 99.667 99.738 99.992 102.083 103.841 104.517 103.472 102.396 101.631 100.91 100.623 100.575 100.55 101.928 103.267 101.569 100.456 100.457 100.336 100.163
98.254 96.474 102.137 104.932 108.391 104.829 97.659 93.363 92.713 92.651 92.76 92.826 92.891 93.043 93.214 93.402 93.794 94.134 94.673 95.876 98.197 99.531 98.878 96.171 95.708 95.813 96.01 96.115 96.312 96.568 96.809 97.048 97.341 97.594 97.983 98.396 98.655 99.059 99.6 100.001 100.573 99.723 99.611 99.332 99.37 99.462 99.993 101.095 100.217 99.483 99.558 99.644 99.778 100.103 100.244 102.142 104.359 104.874 102.867 101.616 101.175 100.964 100.887 100.714 100.782 101.453 100.902 100.385 100.419 100.471 100.157 100.07
92.544 95.436 100.832 105.179 98.734 102.783 95.708 93.995 92.906 92.798 92.833 92.856 92.895 93.022 93.148 93.397 93.811 94.16 94.465 95.117 96.074 98.398 96.65 95.764 95.652 95.826 95.988 96.133 96.326 96.578 96.813 97.096 97.399 97.675 98.04 98.473 98.786 99.057 99.238 99.411 99.5 99.378 99.446 99.416 99.582 101.086 106.114 107.584 101.477 99.876 99.725 99.753 100.112 100.676 101.34 102.777 104.114 103.724 102.342 101.308 103.033 102.074 101.537 100.962 100.938 100.727 100.429 100.358 100.497 100.319 100.122 100.093
93.568 97.954 99.182 98.951 95.09 94.549 94.009 93.576 92.946 92.834 92.854 92.884 92.928 93.006 93.148 93.417 93.648 94.084 94.478 94.771 95.791 96.785 95.64 95.501 96.087 96.268 96.007 96.166 96.371 96.629 96.922 97.255 97.507 97.76 98.038 98.466 98.785 99.097 99.277 99.414 99.483 99.459 99.451 99.44 100.764 106.116 110.815 111.688 104.263 100.166 99.808 99.997 100.563 101.882 102.469 102.045 102.952 101.611 101.082 101.023 101.429 101.663 101.629 100.965 101.481 101.475 100.901 100.41 100.268 100.14 100.184 100.118
95.106 97.335 98.327 97.941 96.115 93.474 92.334 92.653 92.695 92.802 92.871 92.888 92.979 93.123 93.181 93.392 93.732 94.135 94.428 94.711 95.068 95.61 96.192 96.234 98.31 99.696 97.642 96.427 96.438 96.588 97.151 97.383 97.631 97.928 98.207 98.42 98.648 99.054 99.246 99.268 99.378 99.413 99.461 99.467 100.245 106.319 111.587 113.267 111.23 102.39 100.117 100.667 101.96 103.239 102.041 100.668 100.558 100.76 100.579 100.56 100.67 100.736 100.686 101.229 101.844 101.9 101.456 100.451 100.13 100.04 99.959 100.237
93.667 94.027 94.578 96.548 97.411 93.561 92.466 92.479 92.604 92.834 92.925 92.939 93.085 93.239 93.302 93.497 93.894 94.116 94.61 95.221 95.188 95.536 95.865 96.638 102.948 104.795 102.137 96.82 96.671 96.956 97.277 97.576 97.852 98.095 98.264 98.421 98.641 98.947 99.134 99.311 99.368 99.499 99.945 100.133 100.288 104.388 111.903 111.879 109.948 101.309 100.341 101.601 103.204 103.489 101.894 100.434 100.935 103.221 103.136 101.671 100.517 100.614 100.947 101.943 102.22 101.992 101.813 100.247 100.071 100.115 100.176 100.344
92.314 92.382 92.315 92.935 93.616 92.445 92.337 92.548 92.762 92.898 93.02 93.098 93.202 93.293 93.437 93.579 93.801 94.155 95.232 97.082 96.505 95.543 95.446 98.284 104.562 106.872 106.935 98.536 97.054 97.237 97.377 97.648 97.898 98.098 98.258 98.416 98.496 98.822 99.13 99.321 99.315 100.038 101.427 105.407 102.917 101.739 103.806 108.019 109.478 103.188 100.637 102.054 103.785 102.331 101.13 100.224 101.614 106.24 110.689 103.696 100.821 100.597 101.27 102.39 101.03 100.676 100.441 100.01 100.182 100.577 100.538 100.469
