dsm/se2831_DSM_2M.asc
ncols 500
nrows 500
xllcorner    428000
yllcorner    431000
cellsize     2
NODATA_value -9999
[rows 320 to 351 of 500, columns 0 to 71 of 500]
40.105 40.13 40.151 40.186 40.156 40.216 40.184 40.248 40.189 40.144 40.162 40.13 40.115 40.108 40.07 40.011 40.015 40.085 40.049 40.057 40.008 39.952 40.336 40.063 39.648 39.634 39.674 39.631 41.357 46.737 47.058 47.209 47.354 47.518 47.68 47.799 47.938 48.052 48.027 47.851 44.981 42.392 42.596 42.492 39.922 39.643 39.628 39.612 39.612 39.618 39.575 39.589 39.668 39.731 39.761 39.728 39.731 39.681 39.705 39.782 39.758 39.768 39.757 39.756 39.718 39.757 39.72 39.75 39.73 39.764 39.729 39.714
40.171 40.157 40.185 40.192 40.215 40.239 40.222 40.224 40.187 40.154 40.165 40.14 40.175 40.093 40.066 40.038 40.061 40.036 40.095 40.037 39.96 39.925 39.848 40.337 39.761 39.651 39.649 39.636 39.66 44.674 47.053 47.14 47.264 47.446 47.59 47.674 47.851 47.981 46.844 43.153 42.624 42.601 41.002 39.927 39.651 39.628 39.527 39.573 39.607 39.632 39.641 39.769 39.799 39.75 39.74 39.731 39.751 39.836 39.761 39.786 39.737 39.728 39.724 39.699 39.724 39.721 39.744 39.801 39.767 39.772 39.721 39.738
40.179 40.219 40.234 40.314 40.262 40.279 40.221 40.255 40.218 40.227 40.224 40.166 40.16 40.151 40.114 40.056 40.041 40.04 40.008 40.046 40.057 39.912 40.047 40.588 40.084 39.635 39.636 39.694 39.639 39.81 46.723 47.087 47.223 47.354 47.461 47.61 47.449 41.675 42.137 42.62 42.506 40.452 39.668 39.7 39.661 39.61 39.567 39.601 39.65 39.838 39.848 39.733 39.719 39.711 39.762 39.795 39.806 39.778 39.769 39.741 39.708 39.76 39.695 39.74 39.768 39.748 39.814 39.759 39.762 39.78 39.814 39.744
40.204 40.29 40.296 40.32 40.329 40.311 40.321 40.263 40.239 40.218 40.248 40.196 40.174 40.162 40.115 40.068 40.062 40.017 40.036 40.072 40.045 40.012 39.926 40.557 40.466 39.677 39.657 39.668 39.662 39.667 44.708 46.997 47.11 47.261 47.137 42.589 41.956 42.678 40.675 40.503 39.941 39.681 39.686 39.719 39.671 39.604 39.726 39.713 39.844 39.823 39.638 39.669 39.719 39.775 39.801 39.766 39.765 39.728 39.753 39.777 39.741 39.722 39.757 39.755 39.768 39.745 39.763 39.795 39.781 39.814 39.813 39.773
40.275 40.306 40.347 40.341 40.318 40.312 40.33 40.282 40.274 40.265 40.222 40.243 40.216 40.203 40.139 40.045 40.086 40.061 40.041 40.049 40.11 40.032 39.989 39.91 40.394 39.97 39.676 39.662 39.665 39.681 39.942 45.545 47.03 46.117 43.463 42.701 42.706 42.637 40.586 39.69 39.676 39.66 39.652 39.652 39.712 39.618 39.958 39.774 39.688 39.595 39.668 39.877 39.766 39.724 39.748 39.756 39.8 39.783 39.795 39.764 39.758 39.769 39.783 39.798 39.787 39.778 39.814 39.815 39.773 39.788 39.827 39.792
40.328 40.318 40.325 40.362 40.332 40.299 40.332 40.261 40.291 40.298 40.316 40.243 40.23 40.208 40.201 40.133 40.088 40.099 40.076 40.048 40.073 40.032 39.992 39.955 40.009 39.948 39.691 39.649 39.67 39.696 39.682 40.994 41.56 42.394 42.709 42.691 42.549 40.05 39.757 39.721 39.662 39.715 39.653 40.472 39.793 39.8 39.63 39.605 39.736 39.722 39.716 39.705 39.71 39.722 39.729 39.75 39.753 39.771 39.759 39.764 39.792 39.791 39.786 39.796 39.772 39.806 39.799 39.819 39.815 39.827 39.842 39.82
40.313 40.296 40.3 40.346 40.345 40.38 40.318 40.341 40.342 40.346 40.277 40.239 40.244 40.274 40.236 40.165 40.167 40.132 40.077 40.014 40.06 40.075 40.031 39.948 39.933 40.491 40.31 39.723 39.705 39.701 39.646 39.742 42.315 42.69 42.642 40.556 39.744 39.751 39.756 39.724 39.729 39.755 39.721 39.641 39.6 39.652 39.764 39.768 39.712 39.696 39.697 39.736 39.755 39.713 39.758 39.782 39.749 39.797 39.791 39.768 39.792 39.781 39.788 39.782 39.779 39.797 39.815 39.816 39.863 39.847 39.854 39.844
40.283 40.335 40.374 40.413 40.342 40.347 40.328 40.372 40.289 40.334 40.293 40.266 40.282 40.25 40.256 40.256 40.151 40.154 40.116 40.062 40.052 40.04 40.042 40.018 39.981 40.07 41.724 40.303 39.709 39.662 39.628 39.702 40.006 41.017 39.989 39.739 39.73 39.772 39.732 39.728 40.058 39.829 39.735 39.651 39.711 39.817 39.744 39.764 39.727 39.728 39.725 39.754 39.765 39.76 39.77 39.761 39.789 39.797 39.792 39.775 39.803 39.808 39.77 39.779 39.796 39.736 39.806 39.823 39.836 39.815 39.857 39.847
40.349 40.368 40.362 40.42 40.405 40.336 40.382 40.372 40.332 40.342 40.312 40.285 40.308 40.268 40.33 40.316 40.186 40.202 40.106 40.071 40.042 40.03 40.043 40.036 39.95 40.053 41.136 40.026 39.782 39.689 39.692 39.721 39.73 39.73 39.746 39.745 39.771 39.797 39.811 39.712 39.781 39.766 39.823 39.814 39.762 39.746 39.797 39.799 39.759 39.774 39.779 39.772 39.789 39.78 39.817 39.803 39.751 39.8 39.832 39.813 39.774 39.8 39.776 39.802 39.749 39.782 39.824 39.857 39.847 39.795 39.844 39.805
40.38 40.379 40.404 40.416 40.395 40.384 40.446 40.39 40.394 40.396 40.357 40.323 40.321 40.363 40.337 40.342 40.236 40.188 40.16 40.096 40.052 40.016 40.013 40.044 39.971 39.958 39.954 40.3 40.049 39.778 39.736 39.738 39.734 39.753 39.804 39.809 39.831 39.801 39.767 39.738 39.912 39.932 39.823 39.784 39.773 39.768 39.789 39.743 39.776 39.778 39.768 39.818 39.817 39.784 39.796 39.772 39.796 39.799 39.792 39.772 39.781 39.757 39.774 39.771 39.841 39.863 39.854 39.843 39.79 39.815 39.9 39.846
40.402 40.423 40.438 40.398 40.416 40.44 40.48 40.416 40.426 40.441 40.409 40.426 40.377 40.412 40.376 40.319 40.276 40.252 40.17 40.122 40.088 40.024 39.975 40.042 40.001 39.899 39.968 40.593 40.326 39.887 39.753 39.723 39.726 39.81 39.805 39.904 39.74 39.687 39.85 39.876 39.81 39.766 39.775 39.775 39.763 39.759 39.749 39.745 39.768 39.802 39.806 39.776 39.747 39.786 39.814 39.78 39.793 39.788 39.827 39.81 39.789 39.752 39.784 39.805 39.827 39.839 39.788 39.859 39.83 39.84 39.879 39.882
40.363 40.438 40.439 40.468 40.477 40.467 40.491 40.491 40.503 40.488 40.511 40.47 40.436 40.417 40.381 40.332 40.303 40.264 40.22 40.188 40.083 40.061 39.98 39.943 39.976 39.92 39.869 40.025 40.707 40.037 39.794 39.792 40.903 39.733 39.699 39.773 39.84 39.913 39.851 39.775 39.775 39.77 39.833 39.761 39.757 39.752 39.773 39.77 39.769 39.793 39.792 39.788 39.837 39.819 39.814 39.806 39.816 39.791 39.798 39.826 39.811 39.777 39.821 39.852 39.835 39.875 39.824 39.866 39.822 39.833 39.862 39.868
40.382 40.448 40.481 40.519 40.532 40.5 40.545 40.51 40.602 40.53 40.545 40.494 40.448 40.428 40.42 40.351 40.321 40.277 40.267 40.202 40.124 40.031 40.003 39.907 39.929 39.859 39.855 39.857 40.249 40.217 39.849 39.907 39.732 39.663 39.789 39.822 39.811 39.785 39.785 39.832 39.824 39.786 39.784 39.808 39.786 39.786 39.792 39.778 39.797 39.809 39.793 39.857 39.808 39.817 39.838 39.802 39.815 39.792 39.81 39.83 39.817 39.836 39.865 39.86 39.829 39.826 39.852 39.842 39.873 39.835 39.816 39.826
40.377 40.452 40.496 40.544 40.608 40.634 40.582 40.605 40.565 40.545 40.572 40.5 40.484 40.439 40.451 40.393 40.329 40.308 40.25 40.216 40.071 40.002 39.968 39.875 39.818 39.74 39.764 39.746 39.828 39.783 39.749 39.661 39.774 39.772 39.782 39.769 39.799 39.806 39.76 39.791 39.806 39.772 39.778 39.765 39.82 39.855 39.824 39.803 39.781 39.802 39.836 39.826 39.83 39.838 39.809 39.817 39.812 39.84 39.829 39.801 39.783 39.862 39.853 39.844 39.825 39.843 39.857 39.905 39.838 39.837 39.819 39.837
40.381 40.475 40.49 40.575 40.633 40.676 40.649 40.618 40.622 40.58 40.596 40.576 40.519 40.472 40.473 40.408 40.391 40.309 40.225 40.173 40.098 40.023 39.929 39.825 39.684 39.65 39.638 39.569 39.501 39.592 39.696 39.88 39.806 39.789 39.73 39.777 39.745 39.781 39.832 39.76 39.824 39.788 39.79 39.827 39.827 39.828 39.84 39.808 39.853 39.862 39.835 39.816 39.82 39.836 39.838 39.84 39.812 39.823 39.86 39.841 39.835 39.879 39.823 39.856 39.854 39.849 39.841 39.85 39.871 39.815 39.849 39.891
40.433 40.458 40.517 40.583 40.645 40.666 40.659 40.623 40.607 40.661 40.635 40.669 40.544 40.528 40.479 40.374 40.336 40.256 40.134 40.04 40.072 39.929 39.782 39.759 39.675 39.613 39.609 39.565 39.511 39.817 40.26 39.717 40.113 39.735 39.739 39.754 39.749 39.767 39.796 39.792 39.803 39.825 39.818 39.825 39.833 39.809 39.826 39.823 39.841 39.866 39.837 39.852 39.835 39.829 39.904 39.842 39.861 39.842 39.849 39.83 39.871 39.872 39.865 39.889 39.875 39.867 39.86 39.857 39.863 39.865 39.826 39.897
40.428 40.489 40.559 40.62 40.653 40.702 40.68 40.645 40.684 40.668 40.689 40.728 40.646 40.587 40.381 40.286 40.158 40.086 40.042 39.971 39.871 39.833 39.724 39.689 39.64 39.704 39.662 39.619 39.604 39.548 40.078 39.784 40.139 39.783 39.752 39.819 39.805 39.782 39.775 39.783 39.799 39.8 39.849 39.832 39.811 39.829 39.815 39.831 39.846 39.817 39.847 39.842 39.884 39.852 39.868 39.881 39.875 39.87 39.848 39.863 39.857 39.877 39.873 39.878 39.885 39.898 39.853 39.871 39.848 39.88 39.862 39.884
40.504 40.557 40.546 40.586 40.632 40.667 40.704 40.71 40.749 40.727 40.699 40.707 40.679 40.513 40.351 40.207 40.084 40.021 39.884 39.843 39.833 39.778 39.75 39.74 39.728 39.727 39.695 39.689 39.624 39.578 39.78 40.092 39.979 39.769 39.771 39.778 39.8 39.771 39.758 39.805 39.825 39.823 39.812 39.802 39.805 39.811 39.853 39.832 39.859 39.859 39.877 39.885 39.915 39.904 39.879 39.883 39.911 39.896 39.864 39.88 39.867 39.857 39.92 39.864 39.896 39.912 39.899 39.929 39.889 39.908 39.935 39.893
40.547 40.572 40.548 40.584 40.659 40.653 40.672 40.753 40.784 40.702 40.756 40.751 40.661 40.473 40.314 40.124 40.001 39.909 39.827 39.822 39.821 39.782 39.798 39.802 39.783 39.793 39.724 39.681 39.639 39.65 39.626 40.274 39.69 39.743 39.801 39.797 39.759 39.755 39.799 39.801 39.8 39.821 39.806 39.801 39.815 39.85 39.875 39.892 39.866 39.899 39.89 39.872 39.87 39.884 39.878 39.882 39.896 39.876 39.886 39.85 39.93 39.901 39.903 39.887 39.905 39.914 39.907 39.917 39.923 39.921 39.923 39.94
40.541 40.601 40.547 40.635 40.649 40.701 40.735 40.718 40.739 40.739 40.751 40.697 40.626 40.473 40.304 40.12 39.986 39.867 39.8 39.779 39.734 39.836 39.796 39.842 39.828 39.79 39.774 39.745 39.734 39.691 39.684 39.838 39.84 39.748 39.803 39.822 39.797 39.811 39.775 39.781 39.825 39.83 39.82 39.826 39.84 39.863 39.867 39.884 39.874 39.863 39.842 39.882 39.892 39.901 39.911 39.904 39.906 39.893 39.907 39.935 39.914 39.921 39.938 39.924 39.926 39.939 39.963 39.937 39.934 39.948 39.926 39.934
40.55 40.603 40.612 40.605 40.684 40.693 40.714 40.732 40.752 40.725 40.744 40.713 40.647 40.516 40.352 40.192 39.994 39.89 39.806 39.802 39.798 39.788 39.794 39.883 39.827 39.83 39.77 39.734 39.725 39.698 39.669 39.693 39.996 39.786 39.81 39.775 39.774 39.784 39.798 39.796 39.814 39.843 39.833 39.855 39.885 39.849 39.886 39.88 39.85 39.881 39.872 39.894 39.874 39.874 39.891 39.875 39.876 39.922 39.9 39.949 39.966 39.985 39.954 39.919 39.945 39.934 39.943 39.964 39.994 39.895 39.956 39.956
40.562 40.59 40.652 40.66 40.687 40.699 40.734 40.732 40.778 40.744 40.724 40.708 40.662 40.574 40.457 40.241 40.021 39.922 39.853 39.799 39.814 39.803 39.775 39.88 39.862 39.85 39.831 39.794 39.781 39.733 39.727 39.68 40.042 39.819 39.792 39.792 39.791 39.844 39.792 39.815 39.849 39.862 39.853 39.878 39.844 39.87 39.858 39.881 39.889 39.931 39.88 39.905 39.884 39.909 39.913 39.92 39.938 39.938 39.946 39.925 39.966 39.926 39.956 39.983 39.964 39.966 39.971 39.96 39.989 39.942 39.965 39.974
40.575 40.607 40.608 40.681 40.668 40.704 40.716 40.725 40.768 40.72 40.723 40.705 40.677 40.645 40.492 40.337 40.208 40.003 39.86 39.795 39.808 39.783 39.851 39.871 39.886 39.87 39.818 39.847 39.795 39.779 39.72 39.71 39.691 39.891 39.813 39.794 39.785 39.81 39.818 39.809 39.804 39.864 39.83 39.853 39.85 39.879 39.904 39.916 39.902 39.909 39.912 39.946 39.924 39.91 39.896 39.93 39.949 39.942 39.96 39.989 39.95 39.961 39.987 39.976 39.971 39.982 39.971 40.001 40.017 40.005 40.042 40.036
40.556 40.584 40.633 40.663 40.656 40.66 40.68 40.703 40.73 40.72 40.715 40.72 40.703 40.669 40.569 40.439 40.313 40.092 39.922 39.813 39.802 39.757 39.792 39.846 39.892 39.869 39.883 39.833 39.811 39.753 39.738 39.773 39.727 39.875 40.4 39.848 39.819 39.798 39.793 39.813 39.805 39.793 39.846 39.834 39.884 39.902 39.894 39.866 39.897 39.914 39.938 39.941 39.944 39.92 39.926 39.939 39.916 39.953 39.971 39.938 39.954 39.978 39.982 39.997 39.989 39.984 39.979 40.023 39.984 40.017 39.978 40.005
40.565 40.597 40.631 40.656 40.638 40.678 40.679 40.634 40.72 40.628 40.688 40.693 40.705 40.651 40.642 40.486 40.343 40.182 40.005 39.871 39.804 39.815 39.849 39.858 39.894 39.868 39.862 39.848 39.761 39.795 39.816 39.782 39.734 42.06 43.142 41.308 39.873 39.807 39.787 39.805 39.796 39.834 39.818 39.876 39.875 39.887 39.892 39.905 39.937 39.928 39.963 39.945 39.924 39.89 39.908 39.998 39.976 39.982 39.939 40.018 39.995 39.982 40.024 39.982 39.982 40.015 40.006 40.019 40.041 40.046 40.004 40.009
40.562 40.59 40.592 40.632 40.646 40.662 40.672 40.636 40.617 40.651 40.649 40.666 40.689 40.651 40.635 40.544 40.426 40.21 40.077 39.98 39.848 39.81 39.751 39.846 39.86 39.917 39.879 39.892 39.882 39.787 39.824 39.858 39.753 39.749 41.309 39.976 39.83 39.835 39.796 39.802 39.812 39.845 39.836 39.836 39.897 39.89 39.883 39.914 39.893 39.954 39.98 39.953 39.953 39.909 39.964 39.963 39.958 39.972 39.973 39.957 40.011 40.012 39.977 40.016 39.998 40.032 40.022 40.021 40.014 40 40.023 40.019
40.539 40.567 40.614 40.595 40.613 40.644 40.568 40.582 40.552 40.558 40.604 40.629 40.672 40.636 40.57 40.501 40.428 40.295 40.176 40.002 39.851 39.772 39.787 39.806 39.859 39.934 39.95 39.941 39.888 39.891 39.873 39.78 39.811 39.832 39.846 39.975 39.833 39.834 39.856 39.835 39.797 39.817 39.863 39.891 39.895 39.886 39.936 39.922 39.959 39.95 39.934 39.942 39.979 39.994 39.947 39.978 39.972 39.991 39.999 39.991 40.012 39.982 40.005 39.986 40.007 40.025 40.024 40.076 40.005 40.035 40.029 40.001
40.507 40.578 40.584 40.563 40.549 40.568 40.578 40.573 40.525 40.574 40.586 40.609 40.627 40.61 40.569 40.548 40.399 40.287 40.189 40.027 39.93 39.822 39.799 39.869 39.836 39.938 39.926 39.958 39.883 39.855 39.834 39.825 39.814 39.848 39.809 40.008 39.92 39.875 39.843 39.85 39.859 39.867 39.858 39.912 39.882 39.886 39.915 39.943 39.956 39.95 39.942 39.96 39.965 39.946 39.949 39.984 39.982 40.036 40.021 39.995 40.004 40.032 40.05 40.021 40.018 40.02 40.022 40.053 40.042 40.021 40.038 40.028
40.513 40.533 40.541 40.52 40.533 40.547 40.55 40.516 40.515 40.52 40.505 40.592 40.574 40.508 40.516 40.494 40.413 40.297 40.197 40.042 39.906 39.812 39.789 39.81 39.915 39.928 39.926 39.99 39.961 39.901 39.9 39.881 39.874 39.858 39.832 39.838 40.011 39.856 39.872 39.892 39.86 39.852 39.891 39.937 39.875 39.884 39.907 39.925 39.956 39.978 39.969 39.965 39.99 39.96 39.974 39.951 40.02 40.002 40.036 40.012 40.01 40.038 40.068 40.019 40.037 40.066 40.02 40.057 40.052 40.029 40.041 40.099
40.481 40.501 40.489 40.49 40.505 40.48 40.461 40.485 40.498 40.48 40.525 40.545 40.554 40.508 40.482 40.459 40.425 40.362 40.233 40.122 40.016 39.914 39.841 39.827 39.84 39.89 39.963 40.004 39.935 39.89 39.874 39.887 39.877 39.881 39.841 39.845 39.928 39.934 39.922 39.89 39.893 39.887 39.877 39.841 39.883 39.884 39.92 39.925 39.961 39.956 39.922 39.962 39.967 39.97 39.996 40.011 40.015 40.007 40.038 40.005 40.015 40.033 40.044 40.019 40.052 40.113 40.061 40.104 40.07 40.053 40.094 40.129
40.444 40.457 40.448 40.468 40.473 40.454 40.437 40.447 40.423 40.461 40.451 40.49 40.457 40.469 40.455 40.411 40.403 40.351 40.29 40.148 40.062 39.93 39.851 39.819 39.839 39.874 39.931 39.939 39.985 39.93 39.898 39.916 39.879 39.911 39.848 39.854 39.874 40.094 39.937 39.922 39.863 39.872 39.891 39.9 39.922 39.929 39.943 39.95 39.929 39.943 39.925 39.975 39.956 39.999 39.996 40.012 39.988 40.01 40.06 40.007 39.984 40.019 40.045 40.04 40.056 40.071 40.073 40.096 40.066 40.123 40.159 40.102
40.462 40.4 40.412 40.411 40.438 40.408 40.381 40.408 40.439 40.477 40.401 40.408 40.393 40.431 40.392 40.396 40.347 40.281 40.279 40.186 40.137 39.979 39.871 39.837 39.808 39.9 39.954 39.956 39.975 39.991 39.898 39.932 39.864 39.896 39.878 39.921 39.844 39.976 40.088 39.901 39.92 39.936 39.871 39.867 39.909 39.922 39.954 39.977 39.933 39.945 39.932 40.004 39.986 40.009 40.034 40.042 40.03 40.048 40.044 40.024 40.057 40.019 40.064 40.054 40.095 40.077 40.077 40.085 40.099 40.096 40.135 40.158
