dsm/se2836_DSM_2M.asc
ncols 500
nrows 500
xllcorner    428000
yllcorner    436000
cellsize     2
NODATA_value -9999
[rows 288 to 319 of 500, columns 426 to 496 of 500]
54.294 54.296 54.341 54.806 57.271 57.269 57.279 58.816 57.176 54.341 54.409 54.421 54.414 54.374 54.304 54.326 54.281 54.164 54.239 54.134 54.074 54.031 54.071 54.089 54.064 54.004 54.771 53.966 53.966 53.951 53.946 54.796 57.646 60.321 60.506 61.479 60.616 56.551 54.009 54.009 54.024 55.856 53.931 53.769 53.756 53.751 53.726 53.681 53.609 53.609 53.669 53.504 53.094 52.849 53.099 53.229 53.391 53.469 53.506 53.529 53.501 53.481 53.469 53.416 53.374 53.324 53.371 53.459 53.551 53.661 53.774
54.269 54.326 54.331 55.774 57.271 57.241 57.251 57.271 54.851 54.344 54.386 54.406 54.379 54.251 54.256 54.291 54.104 54.034 53.991 54.001 53.984 53.914 53.904 53.876 53.891 54.614 54.486 53.824 54.031 53.891 53.956 56.326 56.789 58.149 60.559 60.501 55.146 53.971 53.991 53.981 54.009 54.044 56.461 53.866 53.691 53.676 53.669 53.634 53.574 53.519 53.554 53.779 53.294 52.839 52.421 53.076 53.231 53.294 53.374 53.451 53.461 53.434 53.369 53.301 53.254 53.241 53.299 53.389 53.474 53.609 53.729
54.236 54.304 54.316 56.361 57.239 57.231 57.229 57.241 54.374 54.336 54.379 54.411 54.339 54.224 54.204 55.061 53.949 53.839 53.839 53.846 53.809 53.734 53.751 53.734 53.766 53.761 53.784 53.766 53.794 53.881 54.289 56.896 55.601 59.621 59.929 54.636 53.906 54.299 59.149 53.981 53.909 53.919 53.894 54.171 53.749 53.609 53.601 53.584 53.541 53.489 53.414 53.466 53.974 53.096 52.824 52.821 53.089 53.169 53.256 53.339 53.349 53.319 53.279 53.219 53.156 53.159 53.224 53.304 53.396 53.524 53.651
54.209 54.261 54.529 55.196 54.456 54.286 54.434 54.714 54.314 54.361 54.361 54.356 54.281 54.224 54.174 54.021 53.854 53.721 53.684 53.679 53.609 53.559 53.591 53.576 53.819 53.619 53.631 53.649 53.656 53.946 53.814 53.874 55.066 55.516 53.714 53.774 57.839 61.351 60.384 58.646 53.916 53.959 53.926 53.814 53.749 53.581 53.526 53.519 53.504 53.451 53.384 53.344 53.411 53.934 52.996 52.461 52.981 53.039 53.099 53.169 53.209 53.211 53.164 53.079 53.069 53.089 53.191 53.244 53.339 53.474 53.589
54.189 54.214 54.456 56.971 56.934 56.919 56.816 54.356 54.381 54.371 54.354 54.249 54.179 54.179 53.904 53.861 53.786 53.664 53.554 53.544 53.534 53.506 53.496 53.536 53.469 53.484 53.454 53.459 53.436 53.426 54.074 55.766 55.969 54.164 53.636 55.051 59.634 60.841 61.129 60.139 57.106 54.019 54.029 53.896 53.716 53.616 53.456 53.449 53.431 53.424 53.366 53.284 53.311 53.466 53.231 52.799 52.284 52.876 52.989 53.014 53.051 53.096 53.074 53.021 52.984 53.054 53.141 53.209 53.261 53.379 53.509
54.174 54.224 54.354 56.996 56.931 56.926 55.654 54.364 54.361 54.371 54.271 54.194 54.324 53.856 53.839 53.824 53.711 53.609 53.476 53.429 53.451 53.464 53.466 53.454 53.304 53.281 53.384 53.314 53.219 53.189 53.559 56.009 54.799 55.704 53.466 53.469 55.934 60.129 61.139 61.024 59.931 54.581 53.976 54.016 54.364 53.711 53.511 53.384 53.369 53.356 53.336 53.269 53.181 53.251 53.446 53.064 52.539 52.269 52.881 52.954 52.951 52.954 52.984 52.934 52.909 53.006 53.089 53.149 53.181 53.291 53.419
54.154 54.239 54.796 56.966 56.929 56.939 55.046 54.356 54.369 54.324 56.319 54.311 55.181 53.791 53.759 53.716 53.666 53.526 53.496 53.379 53.409 53.451 53.889 53.349 53.211 53.214 53.131 53.186 53.131 53.044 54.786 54.476 55.694 53.969 53.334 53.409 53.394 58.284 60.426 61.299 60.634 59.191 53.986 53.821 53.739 53.831 53.419 53.306 53.306 53.286 53.294 53.251 53.164 53.099 53.179 53.316 52.979 52.011 52.736 52.866 52.969 52.924 52.891 52.866 52.874 52.974 53.041 53.081 53.086 53.209 53.341
54.146 54.186 54.946 56.954 56.934 54.316 54.321 54.321 54.529 60.586 62.284 60.521 58.539 53.711 53.684 53.681 53.539 53.426 53.301 53.311 53.239 55.069 55.261 54.326 55.269 53.091 53.156 53.129 53.069 53.001 53.646 55.119 53.844 53.201 53.219 53.316 53.331 53.404 59.586 60.701 61.119 53.669 53.471 53.421 53.464 54.444 53.246 53.241 53.239 53.231 53.204 53.209 53.136 53.069 53.051 53.156 53.594 52.711 52.131 52.811 52.906 52.901 52.849 52.796 52.876 52.959 53.016 53.026 53.059 53.091 53.229
54.141 54.181 55.376 56.961 56.766 54.346 54.281 54.284 58.136 62.526 63.901 63.216 56.209 54.506 54.269 53.479 53.386 53.271 53.116 53.184 52.979 53.081 55.271 55.276 55.244 54.554 53.076 53.026 53.004 53.026 53.006 54.726 53.319 53.151 53.801 55.374 53.311 53.341 55.581 57.466 53.471 53.599 53.361 54.091 54.884 53.211 53.184 53.206 53.179 53.166 53.139 53.126 53.114 53.044 52.976 53.001 53.086 52.841 51.724 52.846 52.871 52.849 52.786 52.746 52.899 52.964 52.969 52.974 52.989 53.019 53.106
54.131 54.196 55.539 56.526 56.001 54.249 54.244 54.506 60.631 63.911 64.049 61.996 53.646 54.341 54.154 53.334 53.179 53.081 52.934 52.836 52.916 52.864 54.809 53.919 53.686 54.094 52.951 52.981 53.121 53.686 54.036 53.059 52.974 53.031 55.189 55.669 54.554 53.349 53.299 53.366 53.286 53.301 53.586 54.519 53.594 53.094 53.146 53.136 53.119 53.094 53.091 53.059 53.036 53.021 52.959 52.884 52.931 53.184 51.444 52.764 52.791 52.784 52.711 52.784 52.991 52.959 52.909 52.911 52.941 52.961 52.996
54.136 54.184 54.199 54.216 54.184 54.176 54.171 56.831 63.041 64.061 63.164 55.316 53.316 53.824 53.626 52.921 52.959 52.879 52.806 52.749 52.794 52.821 52.811 52.919 52.839 52.909 52.911 52.944 52.931 53.531 54.289 58.581 58.651 52.921 52.939 55.511 55.419 53.234 53.129 53.694 53.206 53.429 53.931 53.036 53.024 53.074 53.074 53.066 53.056 53.076 53.021 52.994 52.979 52.951 52.921 52.861 52.809 52.876 52.856 52.744 52.756 52.746 52.694 52.776 52.929 57.396 53.184 52.866 52.876 52.891 52.926
54.111 54.176 54.191 54.174 54.141 54.134 54.134 60.901 63.819 64.184 61.704 52.954 52.876 53.746 54.719 54.841 54.476 52.809 52.966 52.741 52.904 53.189 52.729 52.711 52.869 52.871 52.911 52.919 52.934 55.404 58.714 59.574 59.346 56.391 52.921 53.406 53.144 53.094 53.039 53.106 53.669 53.176 52.926 52.974 53.004 53.004 53.046 53.369 54.724 54.894 53.136 52.961 52.909 52.886 52.876 52.836 52.774 52.756 52.799 53.161 52.729 52.681 52.679 52.764 52.921 55.401 53.224 52.824 52.796 52.811 52.854
54.104 54.169 54.159 54.131 54.134 54.121 56.469 62.944 64.026 63.099 53.541 52.716 52.651 53.669 52.821 54.151 54.611 52.761 52.736 52.736 52.746 53.024 52.681 52.691 52.789 52.864 52.831 52.834 57.669 59.054 59.831 60.174 59.426 58.719 53.309 52.896 53.049 52.974 52.949 53.204 52.889 52.851 52.911 52.911 52.916 52.999 55.226 55.421 54.026 53.824 55.531 53.016 52.836 52.829 52.816 52.794 54.196 52.676 52.686 52.774 52.731 52.636 52.704 52.756 52.759 52.764 52.769 52.749 52.729 52.744 52.781
54.071 54.126 54.134 54.116 54.081 54.084 57.924 62.741 63.844 61.819 53.511 52.626 53.841 55.091 54.686 52.541 54.534 53.071 52.736 52.696 53.751 52.901 54.084 53.946 55.339 53.981 52.746 53.011 58.759 59.751 59.916 59.219 58.239 53.531 52.826 52.841 52.834 52.884 52.826 52.794 52.819 52.861 52.874 52.866 53.459 55.461 53.301 53.141 53.166 53.154 53.459 53.001 52.916 52.756 52.754 52.739 52.754 52.646 52.576 52.629 52.741 52.624 52.706 52.716 52.746 52.716 52.716 52.669 52.664 52.694 52.736
54.054 54.099 54.124 54.124 54.074 54.096 56.396 62.584 62.901 55.991 53.006 52.761 52.566 54.804 55.044 54.356 53.769 54.649 52.821 52.686 53.056 54.836 54.394 55.579 57.724 58.379 53.319 52.734 54.154 58.994 58.931 57.404 52.944 52.801 52.866 52.814 52.789 52.754 52.699 52.759 52.814 52.809 52.839 54.534 55.086 53.061 53.096 53.131 53.151 53.356 53.151 53.211 53.151 52.806 52.681 52.664 52.651 52.614 52.539 52.484 52.564 52.829 52.774 52.696 52.661 52.651 52.636 52.584 52.594 52.621 52.684
54.071 54.109 54.131 54.106 54.054 54.111 57.316 61.651 60.394 53.789 52.906 52.601 53.089 52.694 54.789 53.914 52.399 52.944 52.456 52.424 53.041 58.679 58.909 59.131 60.001 59.991 55.354 52.701 52.744 55.701 55.459 52.786 53.169 52.736 52.804 52.811 52.671 52.641 52.699 52.739 52.734 52.829 53.259 53.176 52.954 52.974 52.984 55.001 56.839 53.241 53.151 53.109 53.196 52.816 52.639 52.599 52.596 52.574 52.511 52.436 52.429 52.456 54.871 52.716 52.619 52.581 52.536 52.546 52.559 52.556 52.641
54.109 54.121 54.139 54.121 54.094 54.539 60.676 60.996 57.596 55.786 53.294 52.484 52.476 52.544 53.011 52.474 52.314 52.349 53.756 52.354 52.539 59.861 59.949 60.114 59.724 59.501 57.666 52.704 52.739 52.846 52.721 52.709 52.699 52.764 52.821 53.699 52.839 52.651 52.661 52.666 52.819 52.901 52.856 52.841 52.841 52.896 56.006 59.044 59.009 55.111 53.124 53.199 53.076 54.554 52.721 52.529 52.524 52.521 52.474 52.414 52.331 52.356 52.509 52.739 52.594 52.476 52.461 52.511 52.499 52.481 52.579
54.126 54.146 54.146 54.129 54.466 56.921 61.501 58.324 53.164 52.879 52.536 52.374 52.344 52.301 52.346 52.711 52.291 52.291 52.304 52.304 52.324 59.111 58.914 58.716 58.511 58.291 56.579 52.721 52.714 52.751 52.684 52.671 52.756 53.354 52.616 53.004 52.584 52.571 52.636 52.786 52.906 52.841 53.284 52.691 52.979 55.379 59.184 60.011 59.774 58.789 53.454 53.056 53.059 52.956 53.864 52.536 52.456 52.449 52.436 52.389 52.316 52.264 52.321 52.679 52.811 52.366 52.409 52.406 52.394 52.471 52.516
54.154 54.164 54.156 54.171 54.716 58.631 61.484 57.444 53.669 52.704 52.436 52.294 52.206 52.066 52.024 52.129 52.041 52.221 52.264 52.226 52.221 55.676 54.321 53.266 52.586 52.546 52.576 52.529 52.614 52.604 52.734 52.961 52.446 52.406 52.494 52.519 52.514 52.596 52.956 52.804 53.014 52.811 52.711 54.801 53.384 52.674 57.294 59.526 60.374 59.531 58.239 53.146 52.966 52.956 52.594 52.544 52.466 52.381 52.366 52.339 52.286 52.236 52.194 52.236 52.796 52.414 52.284 52.284 52.314 52.356 52.421
54.164 54.184 54.151 54.186 58.084 61.311 58.909 55.281 53.449 52.621 52.346 52.216 52.134 52.026 52.021 52.264 54.169 57.566 55.206 52.204 52.144 52.136 52.369 52.359 52.419 52.444 52.451 52.431 52.416 52.499 52.709 52.336 52.364 52.431 52.444 52.771 52.594 52.611 52.621 52.651 52.716 52.881 52.814 54.734 55.076 52.631 52.751 59.076 59.766 60.169 59.259 56.664 52.856 52.626 52.661 52.776 52.586 52.359 52.299 52.284 52.261 52.206 52.149 52.126 52.149 52.634 52.266 52.196 52.224 52.291 52.349
54.199 54.191 54.189 54.174 54.394 54.221 52.366 51.956 51.941 52.076 52.036 52.124 52.889 52.079 52.184 52.504 54.189 58.094 58.429 58.084 55.336 52.106 52.104 52.144 52.944 52.924 52.279 52.304 52.311 52.299 52.234 52.304 52.359 52.361 53.349 53.089 52.849 52.639 52.601 52.584 52.621 52.629 52.831 54.819 55.089 53.171 55.751 55.881 59.041 59.306 58.444 52.554 52.571 52.611 52.569 52.561 52.666 52.446 52.229 52.209 52.209 52.179 52.124 52.049 52.061 52.171 52.289 52.129 52.111 52.194 52.264
54.169 54.201 54.201 54.199 54.224 53.506 51.984 51.984 52.001 51.984 51.939 51.939 51.946 51.956 52.161 53.801 56.351 58.441 59.131 57.994 52.984 52.034 52.086 52.086 53.166 54.451 53.314 52.124 52.139 52.124 52.211 52.264 52.256 52.346 52.534 52.514 52.564 52.604 52.529 54.201 58.296 52.486 52.776 55.136 52.896 52.576 53.796 55.756 56.939 53.806 52.469 52.474 55.776 52.531 52.474 52.506 52.526 52.686 52.334 52.134 52.129 52.121 52.096 52.036 51.966 51.986 52.301 52.111 52.034 52.056 52.144
54.199 54.229 54.201 54.209 53.836 51.894 51.936 51.954 51.986 51.981 51.974 51.979 51.946 51.981 53.411 52.736 57.396 58.589 59.519 57.671 52.106 52.049 52.071 52.324 51.994 51.961 51.991 52.026 52.079 52.114 52.131 52.149 52.276 52.424 52.451 52.491 52.491 52.831 57.389 58.464 59.216 58.709 52.626 52.644 52.609 52.564 52.501 54.496 52.936 52.391 53.054 59.806 58.936 57.649 52.559 52.589 52.489 52.429 52.629 52.196 52.064 52.059 52.044 52.011 51.951 51.879 51.904 52.396 51.976 51.964 52.014
54.224 54.249 54.234 54.411 53.924 51.931 51.929 51.954 51.961 51.951 51.951 51.986 51.969 51.966 54.506 54.666 57.891 58.981 58.436 56.571 51.854 52.044 52.699 52.121 51.924 51.966 51.999 52.031 52.066 52.024 52.061 52.156 52.151 52.206 52.349 52.359 52.369 57.551 58.674 59.421 59.649 58.906 54.506 52.526 55.061 52.929 53.926 52.719 52.321 53.041 58.236 59.186 59.669 58.674 56.436 52.449 52.416 52.401 52.346 52.496 52.011 51.996 51.981 51.954 51.909 51.849 51.796 51.829 52.409 52.009 51.891
54.246 54.276 54.304 54.654 53.641 51.944 51.951 51.989 53.046 54.276 54.494 51.924 51.946 51.949 53.601 55.629 57.676 58.011 58.119 54.039 51.819 51.954 52.186 52.101 51.916 51.964 51.986 52.011 52.004 51.936 52.144 52.101 52.081 52.084 52.066 52.214 58.131 58.819 59.581 59.329 58.591 57.034 52.396 54.719 55.139 54.509 54.481 54.446 52.719 52.694 52.299 58.466 59.459 59.976 58.439 53.979 52.396 52.356 52.239 52.079 52.009 51.929 51.916 51.886 51.856 51.801 51.751 51.724 51.809 52.024 51.836
54.286 54.326 54.374 54.484 54.296 54.611 54.661 54.711 54.701 54.721 54.771 52.149 51.941 51.931 51.924 51.899 51.874 52.341 53.866 51.906 51.886 51.914 51.961 51.914 51.876 51.934 51.961 51.956 51.944 51.919 52.076 51.994 51.946 51.989 52.011 51.991 53.701 59.636 58.994 58.306 54.689 52.276 52.329 52.314 55.111 54.944 54.569 54.066 52.201 52.151 52.134 54.394 58.744 59.719 59.149 58.209 52.329 52.106 52.106 52.049 52.056 52.009 51.841 51.831 51.784 51.746 51.701 51.616 51.689 51.776 52.089
54.326 54.356 54.396 54.339 54.831 54.896 54.939 54.999 54.916 54.506 54.731 53.251 51.904 51.906 52.019 52.036 51.816 51.831 51.844 51.869 51.894 51.899 51.909 51.916 51.954 51.834 51.869 51.869 51.866 51.944 51.951 51.929 51.846 52.469 53.351 51.994 51.931 55.006 58.004 52.884 55.186 52.601 52.269 52.306 53.351 52.604 52.644 52.184 52.144 52.106 52.074 52.069 57.794 59.004 59.814 54.144 52.066 52.099 51.986 52.011 51.989 52.054 51.896 51.766 51.744 51.716 51.684 51.636 51.589 51.621 51.941
54.366 54.409 54.474 55.736 55.156 55.179 55.229 55.301 55.169 54.076 53.726 53.124 52.549 52.141 51.821 51.826 51.839 51.849 55.411 51.826 51.739 51.829 51.874 51.806 51.849 51.784 51.781 51.821 51.874 51.869 51.921 51.871 51.971 57.464 57.609 55.429 51.914 51.874 51.921 51.966 53.721 52.121 52.656 52.239 52.211 52.196 52.241 52.491 52.084 52.026 52.041 52.001 53.086 56.751 51.969 51.986 52.721 55.274 51.894 51.921 51.949 52.024 51.899 51.761 51.681 51.671 51.671 51.634 51.579 51.526 51.541
54.369 54.539 54.601 54.874 55.651 53.416 53.174 52.324 52.379 52.216 54.279 52.361 53.689 53.334 51.844 51.854 55.171 58.914 57.896 54.746 51.714 51.786 51.836 51.804 51.836 51.946 51.906 51.836 51.816 51.821 51.941 51.824 54.281 58.041 58.771 58.204 55.221 51.819 51.851 51.924 52.029 52.064 52.121 52.379 52.181 52.246 52.161 52.181 52.049 51.959 51.976 51.984 51.911 51.894 51.929 56.254 58.106 57.999 53.751 51.899 51.951 51.934 51.914 51.774 51.629 51.604 51.614 51.609 51.566 51.506 51.449
54.376 54.611 54.521 54.051 53.479 52.919 52.669 51.906 51.884 51.959 54.309 51.946 51.856 51.854 51.854 54.131 57.871 58.891 58.636 57.611 52.491 51.741 51.769 51.796 51.829 51.779 51.789 51.739 51.819 51.856 51.856 51.841 56.854 58.756 59.039 57.889 51.864 51.829 52.281 51.889 51.899 51.991 52.034 52.054 52.199 52.209 52.231 52.289 53.759 53.596 53.346 54.154 52.244 51.871 54.784 58.249 59.036 58.741 57.771 52.674 51.904 51.881 51.899 51.744 51.621 51.514 51.551 51.549 51.536 51.496 51.424
54.446 54.676 54.599 53.864 53.319 52.799 52.204 51.879 51.859 51.834 51.819 51.831 51.829 51.844 51.851 53.894 55.281 58.161 59.139 58.381 57.304 51.759 51.744 51.774 51.701 51.699 51.741 51.741 51.764 51.854 51.834 53.321 57.994 59.129 58.611 56.959 52.594 52.651 53.034 52.296 51.904 51.916 52.611 51.921 51.969 52.616 52.446 52.001 51.989 53.724 54.039 54.289 54.331 52.254 51.754 57.279 58.579 59.566 58.476 56.689 51.921 51.919 51.766 51.694 51.606 51.549 51.479 51.774 51.689 51.471 51.409
54.621 54.756 54.384 53.744 53.239 52.699 52.154 51.764 51.784 51.796 51.801 51.819 51.814 51.794 51.754 51.771 51.776 57.461 58.439 59.041 58.086 54.234 51.739 51.764 52.904 52.841 52.751 52.679 52.719 51.841 51.879 56.344 58.426 58.944 58.134 55.416 52.724 52.431 52.096 53.314 53.996 53.919 54.496 53.619 51.916 51.974 51.951 51.934 51.866 51.939 53.771 54.316 52.279 51.569 51.609 51.656 57.909 58.796 59.121 58.201 55.474 51.754 51.744 51.614 51.596 51.554 51.476 51.424 52.514 51.611 51.391
