dsm/se2837_DSM_2M.asc
ncols 500
nrows 500
xllcorner    428000
yllcorner    437000
cellsize     2
NODATA_value -9999
[rows 372 to 402 of 500, columns 71 to 141 of 500]
58.781 58.769 58.766 58.856 58.854 58.966 59.091 59.114 59.161 59.169 59.561 62.331 62.504 60.839 59.461 59.381 59.429 59.441 59.346 59.269 59.246 59.229 59.196 59.196 59.194 59.236 59.354 59.796 59.554 59.569 59.609 59.824 61.424 61.276 61.131 59.751 59.664 60.286 59.801 59.589 59.689 60.346 60.206 60.046 59.981 60.839 60.054 60.059 62.341 61.411 62.459 61.784 60.091 60.091 60.191 60.254 62.749 62.739 61.486 60.319 60.361 60.951 60.816 60.904 60.921 60.919 61.006 64.004 64.051 64.701 63.531
58.726 58.721 58.736 58.729 58.801 58.849 58.901 59.011 59.039 60.064 59.009 63.354 63.194 62.394 59.306 59.171 60.016 59.166 59.194 59.179 59.159 59.099 59.981 58.969 58.891 58.964 59.064 59.186 59.284 59.246 59.339 60.039 60.601 60.869 59.774 61.091 61.009 62.514 59.691 59.449 59.534 60.439 60.106 59.769 59.779 60.979 59.979 59.941 62.349 60.741 62.226 61.186 60.056 59.956 60.049 60.226 62.651 62.649 60.629 60.209 60.279 60.766 60.791 60.749 60.754 60.816 60.954 61.054 64.141 65.999 66.109
58.686 58.704 58.721 58.739 58.736 58.811 58.849 58.896 58.921 58.964 59.581 63.159 64.681 64.459 59.999 58.989 61.726 58.939 58.929 59.321 59.349 58.899 58.889 60.311 61.586 58.724 58.804 58.966 59.061 59.611 59.386 60.769 60.031 61.386 59.216 59.014 59.259 59.026 59.184 59.279 59.374 60.156 59.561 59.666 59.709 60.006 59.896 59.859 60.794 60.274 60.006 59.824 59.854 60.116 59.946 59.961 60.019 60.306 60.064 60.101 60.379 60.741 60.679 60.681 60.661 60.701 60.831 60.981 67.094 67.249 66.881
58.654 58.669 58.681 58.714 58.736 58.784 58.779 58.784 58.809 58.819 59.531 61.571 64.011 64.886 60.684 58.829 58.849 58.786 58.746 58.754 58.739 58.661 58.656 58.879 58.819 58.564 58.576 58.744 58.834 59.089 59.216 59.681 59.471 61.264 59.649 58.936 58.881 58.941 59.129 59.146 60.411 59.689 59.449 59.514 59.501 60.969 59.821 59.719 60.524 60.221 59.869 59.794 60.144 60.086 59.844 59.884 59.901 59.979 60.019 60.014 60.564 60.609 60.566 60.574 60.561 60.594 60.824 61.684 65.806 66.529 66.834
59.189 58.661 58.666 58.726 58.696 58.679 58.686 58.699 58.699 58.736 58.716 58.729 62.756 62.251 60.259 58.731 58.684 58.666 58.649 58.646 58.626 58.629 58.644 58.604 58.506 58.444 58.414 58.481 60.521 58.654 58.786 59.366 59.166 59.146 59.416 58.869 58.891 58.904 59.086 60.246 73.096 71.621 59.529 59.411 59.401 60.809 59.684 60.066 59.704 59.796 59.761 59.759 60.674 61.691 59.834 59.861 59.901 60.031 59.934 59.979 60.521 60.476 60.481 60.476 60.474 60.516 60.811 62.659 64.519 65.054 66.096
58.624 58.681 58.694 58.701 58.711 58.649 58.656 58.706 58.614 58.631 58.614 58.601 59.296 58.859 59.789 58.661 58.506 58.579 58.579 58.631 58.599 58.519 58.501 58.476 58.394 58.339 58.336 58.641 58.451 58.521 59.219 59.919 58.789 58.979 59.531 58.771 58.831 58.779 58.939 58.886 69.141 63.479 59.304 59.291 59.314 59.611 59.654 59.719 61.861 60.896 59.696 59.686 59.656 60.641 59.759 59.836 59.881 59.901 59.871 60.281 60.386 60.389 60.406 60.376 60.374 60.386 60.491 60.631 60.801 61.099 63.564
58.606 58.666 58.664 58.689 58.689 58.624 58.591 58.664 61.889 58.504 58.506 58.526 58.519 58.659 58.716 58.671 58.341 58.501 58.436 58.454 58.429 58.384 58.409 58.374 58.314 61.161 58.316 59.556 60.174 58.389 58.609 58.779 58.604 60.484 58.921 58.839 58.654 58.651 58.814 58.734 59.744 60.934 61.939 59.219 59.756 60.784 59.544 59.699 61.339 60.389 61.871 59.861 59.774 62.199 60.771 59.639 59.784 60.059 60.084 60.591 60.291 60.329 60.326 60.271 60.314 60.306 60.326 60.429 60.511 60.624 60.711
58.599 58.611 58.626 58.674 58.661 58.644 58.581 62.139 60.849 59.854 61.041 58.456 58.429 58.526 59.234 58.869 58.369 58.354 58.431 58.334 58.256 58.281 58.619 58.236 59.549 61.699 69.776 65.886 61.004 60.324 58.479 58.946 58.601 60.321 59.126 59.669 58.589 58.559 58.721 58.676 58.779 60.551 60.196 59.734 62.291 61.751 59.786 59.451 59.359 69.159 70.714 61.154 60.084 62.414 63.271 62.489 59.826 59.916 60.086 61.806 60.244 60.296 60.284 60.209 60.219 60.254 60.269 60.386 60.471 60.566 60.611
58.606 58.614 58.616 58.644 58.654 58.659 58.636 58.699 58.526 58.776 60.641 58.466 58.371 58.431 58.829 59.266 58.479 58.176 58.306 58.226 60.489 58.176 58.181 58.189 58.179 58.206 61.619 59.199 63.424 61.901 59.536 59.046 58.531 58.629 62.279 73.441 59.131 59.414 60.114 60.216 59.321 58.826 61.651 59.564 58.919 58.961 58.991 59.014 59.376 68.429 67.974 62.191 59.429 59.504 60.969 59.359 59.659 60.676 61.449 61.689 60.726 60.226 60.204 60.161 60.139 60.166 60.254 60.361 60.444 60.511 60.529
58.594 58.624 58.636 58.649 58.641 58.649 61.589 58.576 59.294 58.671 58.789 61.006 58.354 58.356 58.429 59.296 58.644 58.161 58.064 58.064 58.049 58.104 58.096 58.139 58.126 58.129 59.074 58.319 58.231 58.259 58.569 58.411 58.361 58.844 58.276 66.154 58.366 58.291 58.239 58.284 59.204 58.396 58.479 58.499 58.574 58.619 58.644 58.691 58.741 58.846 58.836 58.829 58.826 58.941 60.994 59.114 59.164 60.831 63.026 60.014 61.336 62.886 62.151 60.134 60.089 60.124 60.226 60.286 60.376 60.446 60.416
58.611 58.646 58.646 58.651 58.641 58.641 60.369 58.564 64.864 61.154 58.366 58.341 58.359 58.321 58.346 58.549 58.726 58.274 58.111 58.096 58.066 58.064 58.021 58.066 58.081 58.064 58.119 58.166 58.184 58.609 58.216 58.674 58.474 58.341 58.504 58.206 58.224 58.471 58.131 58.161 58.196 58.259 58.294 58.264 58.259 58.316 58.364 58.416 58.471 58.489 58.556 58.576 58.626 58.699 58.809 58.916 59.041 61.559 59.196 60.184 59.689 59.871 60.049 62.819 62.699 60.141 60.141 60.241 60.324 60.381 60.399
58.671 60.536 58.656 58.679 58.636 58.629 58.624 67.124 63.139 59.571 58.329 58.281 58.359 58.279 58.286 58.761 59.739 58.351 58.096 58.049 58.051 58.021 57.996 57.969 58.001 58.034 58.101 60.451 58.096 58.309 58.346 58.284 58.199 58.229 58.306 58.216 58.106 58.106 58.044 57.981 58.104 58.206 58.194 58.139 58.076 58.071 58.101 58.116 58.174 58.216 58.284 58.344 58.396 58.446 58.589 58.714 58.811 59.961 59.141 59.241 59.364 59.744 59.841 60.004 62.906 62.784 62.196 60.196 62.139 60.514 60.381
64.266 63.106 58.719 58.666 58.661 58.624 59.676 58.436 58.359 58.339 70.584 63.334 58.264 58.286 58.274 58.304 60.241 58.501 58.171 58.146 58.751 58.776 58.414 58.454 59.201 61.251 59.186 57.961 58.734 58.269 58.191 58.194 58.191 58.206 58.171 58.119 58.111 58.024 58.026 57.961 57.964 58.054 58.056 57.996 57.911 57.921 57.939 57.954 57.964 57.966 58.056 58.139 58.219 58.266 58.349 58.461 58.579 58.731 58.891 59.376 59.214 59.311 59.519 59.744 59.831 61.226 62.806 60.391 62.396 63.104 63.126
72.736 62.379 66.276 61.381 58.581 58.566 58.491 60.289 58.679 58.339 59.001 63.464 58.286 58.299 58.314 58.339 58.959 58.564 58.274 58.324 58.659 58.971 58.971 58.891 59.311 63.641 58.296 58.566 58.209 58.161 58.174 58.139 58.166 58.146 58.109 58.006 57.976 58.034 57.976 57.974 58.024 57.984 57.924 57.869 57.841 57.831 57.839 57.854 57.856 57.869 57.894 57.996 58.056 58.121 58.191 58.274 58.356 58.491 59.544 58.839 59.074 59.184 59.271 59.429 59.579 59.956 60.096 60.831 60.529 60.311 60.714
60.601 59.536 58.544 58.484 58.444 58.436 58.471 58.446 58.396 60.216 58.461 58.459 58.359 58.234 58.236 58.319 60.446 58.641 58.454 58.439 58.536 58.764 58.621 58.919 59.126 60.984 57.706 57.996 57.974 57.984 58.041 58.076 58.104 58.056 58.039 57.941 57.941 57.979 58.184 58.014 57.974 57.959 57.886 57.839 57.829 57.824 57.824 57.786 57.779 57.811 57.829 57.881 57.946 57.999 58.049 58.119 58.199 58.294 58.546 58.619 58.804 59.086 59.231 59.266 59.356 59.544 64.209 65.721 65.204 60.236 60.229
61.404 58.521 58.486 58.369 58.351 58.396 58.466 58.456 58.486 58.501 58.626 58.744 58.781 58.526 58.204 58.286 59.381 59.039 58.334 58.069 57.791 57.756 57.761 59.329 67.029 67.941 62.579 62.124 58.544 57.819 62.051 59.241 59.526 58.661 57.849 57.916 57.906 57.934 57.964 58.184 58.044 57.961 58.119 57.869 57.819 57.804 57.796 57.756 57.779 58.391 57.769 57.834 57.861 57.899 57.924 57.969 58.026 58.379 58.259 58.434 58.629 58.869 59.161 59.229 59.291 59.369 59.909 64.204 63.956 62.111 60.409
58.611 58.501 58.471 58.396 58.394 58.409 58.449 58.469 59.976 62.034 59.631 63.759 61.991 59.279 58.261 58.134 57.944 58.084 58.519 58.764 57.919 58.024 62.229 59.791 65.176 71.189 62.796 62.581 61.016 60.644 60.736 55.874 60.129 65.656 57.621 57.614 57.586 57.916 57.909 57.901 58.004 58.026 57.934 57.896 57.851 57.789 57.756 57.721 57.689 57.709 57.711 57.719 57.764 57.784 57.794 57.814 57.876 58.484 58.101 58.261 58.459 58.661 59.029 59.154 59.249 59.254 59.346 59.546 59.689 59.849 60.434
58.561 58.484 58.436 58.409 58.471 58.499 58.894 58.546 64.824 67.601 64.074 64.756 62.261 58.726 61.446 61.694 60.331 61.086 58.124 59.056 56.219 58.654 56.724 57.079 57.011 56.844 57.679 57.374 56.794 56.039 56.164 56.961 55.896 70.564 61.841 59.386 59.046 57.921 57.901 57.976 57.981 59.686 57.936 57.859 57.866 57.801 57.754 57.689 57.654 57.634 57.636 57.639 57.656 57.679 57.671 57.721 58.016 57.836 57.961 58.119 58.286 58.491 58.864 59.021 59.106 59.151 59.191 59.376 59.534 59.689 59.739
58.376 58.389 59.146 65.719 66.426 64.189 65.524 66.184 65.376 66.714 66.359 64.761 61.924 61.684 63.106 59.906 58.219 56.764 57.376 57.794 57.869 57.979 58.066 58.099 58.269 57.931 60.026 57.974 57.594 57.326 57.274 57.511 56.779 56.621 59.006 60.964 60.379 57.884 57.886 57.901 57.916 57.904 57.936 57.909 57.811 57.949 57.749 57.686 57.631 57.584 57.576 57.566 57.559 57.564 57.584 57.601 57.641 57.701 57.806 57.974 58.111 58.311 58.586 58.859 58.971 59.029 59.114 59.314 59.421 59.501 59.524
59.659 58.044 59.389 66.331 68.134 65.156 67.476 68.056 61.851 61.559 64.434 61.631 59.239 59.904 59.169 58.204 58.136 58.131 58.176 58.034 57.981 57.949 57.916 57.899 57.941 57.901 57.869 63.526 57.979 58.104 58.161 58.044 57.801 57.849 56.621 60.411 59.704 61.679 57.906 57.874 57.864 57.931 57.936 57.894 57.814 57.776 57.791 57.701 57.631 57.561 57.534 57.516 57.491 57.491 57.519 57.591 57.634 57.576 57.704 57.809 57.941 58.126 58.431 58.619 58.781 58.851 58.996 59.126 59.219 59.351 59.606
61.751 56.561 60.274 60.799 65.341 61.601 66.204 63.619 59.124 58.626 59.041 58.359 58.271 58.261 58.241 58.176 58.121 58.031 58.001 58.009 57.979 57.946 57.911 57.891 57.886 57.864 61.561 60.261 58.136 57.916 58.179 58.889 58.534 58.011 57.886 63.336 68.991 57.714 60.246 57.824 57.886 58.034 57.839 57.826 57.741 57.871 57.719 58.184 57.756 57.559 57.519 57.504 57.471 57.449 57.484 57.484 57.456 57.781 57.824 57.731 57.904 58.064 58.286 58.514 58.626 58.749 58.881 59.006 59.111 59.269 60.446
60.594 59.364 57.116 58.831 58.966 58.574 58.566 58.516 58.494 58.431 58.326 58.274 58.201 58.176 58.131 58.129 58.109 58.109 58.099 57.984 57.976 57.904 57.884 57.856 57.811 57.789 57.799 57.789 57.884 58.229 57.981 58.136 58.341 58.479 57.966 60.866 59.906 57.866 59.146 58.101 57.809 57.844 57.849 57.916 57.796 57.759 60.794 57.684 57.704 57.564 57.494 57.449 57.434 57.426 57.374 57.916 57.376 57.401 57.536 57.636 57.844 58.116 58.269 58.391 58.594 58.651 58.794 58.956 59.054 59.199 59.439
58.439 58.529 58.529 58.539 58.551 58.571 58.359 58.294 58.274 58.276 58.241 58.184 58.174 58.164 58.136 58.061 58.014 58.004 57.941 57.911 57.909 57.876 57.871 57.799 57.744 57.731 57.759 57.781 57.884 57.929 57.979 57.946 57.976 57.926 58.006 61.256 59.214 62.289 60.681 60.079 57.854 57.806 57.991 57.581 57.821 57.779 58.619 57.729 57.621 57.646 57.494 57.409 57.351 57.356 57.301 57.324 57.824 57.346 57.519 57.639 57.884 58.161 58.661 58.359 58.829 58.791 59.244 58.874 58.949 59.224 59.459
58.399 58.324 58.501 58.649 58.429 58.486 58.236 58.206 58.199 58.191 58.184 58.144 58.131 58.126 58.076 58.016 57.984 57.941 57.864 57.794 57.824 57.879 57.871 57.796 57.759 57.774 57.809 57.851 57.914 57.929 57.921 57.901 57.921 59.441 57.876 57.936 59.091 60.311 58.874 59.266 57.874 57.799 57.861 57.606 57.841 57.721 57.686 57.744 57.826 57.574 57.606 57.414 57.314 57.259 57.221 57.211 57.274 57.706 57.464 57.549 57.844 58.069 60.254 60.704 58.784 58.939 60.814 61.046 61.151 60.876 60.274
58.294 58.331 58.424 58.551 58.466 58.496 58.204 58.166 58.191 58.189 58.176 58.134 58.121 58.081 58.046 58.034 57.964 57.916 57.836 57.771 57.809 57.821 57.851 57.811 57.826 57.829 57.854 57.916 57.911 57.954 57.949 57.914 57.844 57.861 57.851 57.834 58.406 63.076 62.284 66.829 57.449 57.761 58.066 60.234 58.131 57.741 57.784 57.571 57.641 57.684 57.544 57.534 57.354 57.289 57.254 57.231 57.229 57.286 57.671 57.551 57.766 58.024 58.254 58.326 58.466 59.754 60.866 61.071 61.121 61.036 59.814
58.289 58.259 58.374 58.746 58.789 58.274 58.151 58.176 58.171 58.156 58.186 58.181 58.139 58.116 58.054 58.024 57.979 57.916 57.826 57.836 57.821 57.854 57.874 57.839 57.901 57.949 57.961 57.936 57.961 57.976 57.979 57.931 57.866 57.784 57.771 57.786 58.054 62.371 71.216 63.991 62.924 59.139 59.616 59.141 57.694 57.754 57.741 57.586 57.586 57.576 57.611 57.524 57.621 57.526 57.379 57.329 57.314 57.271 57.316 58.564 58.069 58.049 58.154 58.254 58.281 58.464 58.559 58.811 61.396 61.116 60.186
58.224 58.186 58.204 58.219 58.196 58.194 58.214 58.189 58.201 58.216 58.204 58.159 58.199 58.146 58.054 58.026 57.976 57.909 57.851 57.864 57.929 57.956 57.906 57.909 57.916 57.936 57.919 57.901 57.926 57.891 57.859 57.826 57.779 57.779 57.756 57.751 57.696 66.699 61.381 67.819 69.259 63.981 56.689 58.801 57.916 57.724 57.656 57.656 58.504 57.571 57.604 57.604 57.479 57.546 58.141 60.409 57.421 57.366 57.296 57.506 57.729 58.636 60.211 58.209 58.241 58.351 58.481 59.966 61.431 60.076 60.634
58.204 58.146 58.149 58.124 58.089 58.196 58.244 58.236 58.236 58.246 58.179 58.159 58.164 58.091 58.081 58.009 58.006 57.981 57.966 57.939 57.976 58.004 57.969 57.924 57.901 57.939 57.909 57.811 57.869 57.859 57.829 57.794 57.799 57.759 57.764 57.756 57.704 57.626 60.599 66.599 69.819 68.276 60.184 57.896 56.961 57.561 57.644 57.671 57.694 57.659 57.586 57.554 57.629 57.546 57.796 57.546 57.471 57.404 57.324 57.294 57.386 57.949 58.334 58.481 58.179 58.291 58.426 61.109 61.339 59.331 59.179
58.196 58.144 58.134 58.101 58.136 58.134 58.209 58.244 58.259 58.211 58.201 58.149 58.099 58.116 58.129 58.109 58.066 58.066 58.056 58.051 57.989 57.949 57.894 57.866 57.844 57.894 57.921 57.876 57.849 57.804 57.786 57.809 57.801 57.779 57.731 57.681 57.671 57.606 58.484 62.736 70.086 68.884 64.506 58.276 56.984 57.546 57.734 57.734 57.701 57.549 57.541 57.676 57.909 58.999 57.569 57.494 57.579 57.479 57.369 57.564 57.376 57.576 58.036 58.024 58.306 58.194 58.384 61.246 61.206 60.031 59.009
58.166 58.099 58.114 58.094 58.084 58.104 58.131 58.186 58.214 58.261 58.256 58.229 58.199 58.144 58.124 58.119 58.074 58.061 58.044 58.046 58.021 57.964 57.871 57.849 57.859 57.904 57.946 57.879 57.856 57.754 57.799 57.791 57.779 57.791 57.726 57.656 57.614 57.579 57.591 59.959 63.889 68.856 66.691 63.684 57.994 57.479 57.779 57.734 57.649 58.031 58.649 57.756 57.586 58.464 57.921 57.474 57.501 57.471 57.481 57.324 57.349 57.556 57.869 57.854 58.134 58.049 59.749 61.121 61.071 58.766 59.069
58.176 58.164 58.136 58.109 58.119 58.121 58.151 58.176 58.191 58.224 58.251 58.244 58.231 58.174 58.104 58.004 57.976 57.986 58.009 58.016 58.021 57.969 57.939 57.914 57.861 57.904 57.924 57.914 57.834 57.744 57.759 57.784 57.786 57.719 57.666 57.646 57.561 57.551 57.509 59.499 63.181 70.746 59.971 55.971 58.281 57.486 57.624 57.666 57.631 58.184 59.366 57.546 57.504 57.569 57.594 57.789 57.861 59.124 57.486 57.351 57.996 59.534 57.736 57.744 58.089 57.929 60.579 60.656 59.494 58.609 58.894
