dsm/se2831_DSM_2M.asc
ncols 500
nrows 500
xllcorner    428000
yllcorner    431000
cellsize     2
NODATA_value -9999
[rows 320 to 351 of 500, columns 360 to 431 of 500]
44.694 44.872 44.319 44.099 44.426 44.796 45.235 45.597 45.834 48.265 50.876 53.382 52.629 50.918 50.336 47.576 54.439 49.789 49.851 58.804 56.698 61.255 57.374 57.348 56.999 57.49 57.705 55.043 60.155 57.119 58.45 64.374 63.341 58.479 58.034 56.749 60.076 66.755 63.261 61.33 67.224 70.247 67.024 69.439 63.79 66.976 68.231 64.142 67.239 66.92 65.498 68.033 66.204 68.631 63.913 65.075 62.835 62.048 65.657 68.175 62.152 62.076 63.883 65.855 64.831 62.76 63.142 62.917 62.582 62.748 62.711 62.885
45.242 44.843 44.687 44.789 45.061 45.568 45.74 46.05 46.282 48.155 47.861 53.217 54.626 55.094 51.728 51.042 53.76 55.361 55.1 60.252 53.489 56.847 54.318 58.664 58.741 60.107 59.574 62.582 64.835 65.53 60.398 63.738 64.186 68.435 57.638 57.152 59.741 68.484 61.392 65.681 68.431 68.302 70.815 69.742 69.328 68.641 68.411 67.01 64.264 67.53 64.474 64.697 63.417 63.22 62.614 62.135 61.979 61.897 61.902 62.01 62.105 62.131 62.194 62.173 62.272 62.368 62.428 62.53 62.614 62.726 62.856 62.999
45.79 45.422 45.149 45.374 45.78 45.986 46.171 46.42 46.924 49.467 50.857 52.699 53.821 51.061 53.077 50.097 57.324 56.37 52.433 55.063 51.772 57.179 54.909 58.593 55.412 62.792 61.957 60.611 65.19 63.983 60.223 66.537 65.218 65.287 59.258 59.656 66.942 65.88 63.587 69.982 69.688 67.899 69.313 68.942 68.539 66.822 64.346 67.932 67.547 63.149 62.133 62.477 62.919 62.271 62.024 61.955 61.955 61.883 61.907 61.962 62.022 62.123 62.17 62.2 62.242 62.363 62.485 62.623 62.721 62.885 62.978 63.124
46.006 46.007 45.851 45.978 46.156 46.527 46.701 46.883 47.027 52.029 54.54 51.504 51.271 53.827 54.633 55.433 56.766 57.317 55.45 54.96 54.927 55.963 62.322 64.619 57.693 57.294 60.443 66.085 57.533 62.824 60.693 61.63 65.778 59.776 64.313 65.671 64.081 69.055 69.855 65.368 64.021 67.475 67.548 68.388 67.241 64.769 62.252 64.717 65.655 62.394 61.914 61.939 61.867 61.845 61.811 61.856 61.855 61.901 61.999 62.038 62.081 62.141 62.21 62.258 62.377 62.547 62.661 62.722 62.864 63.005 63.141 63.292
46.488 46.32 46.353 46.337 46.735 46.849 49.439 49.474 51.26 55.249 55.734 54.991 52.679 52.1 51.962 55.41 54.601 57.123 53.631 54.093 60.727 56.341 60.204 59.6 56.625 60.178 63.001 65.333 59.322 60.126 61.057 64.055 59.837 63.315 65.013 68.342 69.603 68.911 68.17 68.817 66.076 63.31 66.33 62.52 65.69 64.751 62.31 63.342 62.279 61.939 61.853 61.824 61.841 61.877 61.818 61.872 61.911 62.002 62.099 62.113 62.178 62.244 62.364 62.441 62.552 62.676 62.775 62.872 62.993 63.169 63.343 63.46
46.657 46.525 46.61 46.837 47.489 53.223 54.79 54.446 54.012 55.466 54.39 54.621 54.721 54.255 56.482 51.422 53.998 57.454 61.08 54.07 60.466 56.482 59.19 65.786 56.79 60.824 64.744 65.987 67.671 64.107 64.41 66.713 66.252 62.827 61.931 68.779 65.071 66.471 66.426 64.798 65.042 62.41 62.476 61.88 61.907 62.078 61.904 61.826 61.909 61.908 61.931 61.945 61.911 61.93 61.984 61.985 62.047 62.077 62.162 62.28 62.318 62.438 62.512 62.575 62.678 62.801 62.918 62.996 63.104 63.27 63.418 63.625
46.914 46.923 46.972 46.952 49.382 54.026 54.884 55.275 55.642 51.89 56.774 56.135 52.617 55.564 54.437 53.39 55.158 58.072 55.095 62.206 63.117 61.44 66.201 59.467 62.295 63.399 66.212 66.982 65.156 65.762 66.139 63.813 67.285 64.627 61.155 68.184 67.033 66.389 65.255 62.778 63.621 62.087 62.079 61.996 61.934 61.867 61.986 61.964 62.036 61.993 62.016 62.048 62.072 62.078 62.087 62.087 62.109 62.149 62.191 62.329 62.399 62.505 62.629 62.722 62.819 62.888 62.975 63.042 63.219 63.396 63.511 63.661
47.186 47.218 47.074 47.247 47.196 52.579 54.27 55.4 51.492 53.719 52.953 54.464 54.055 55.156 56.203 58.076 61.294 58.442 61.261 62.29 61.807 64.836 64.53 64.739 65.606 62.388 67.452 68.221 64.634 64.353 68.608 68.854 63.389 64.134 67.431 66.764 63.004 68.07 64.933 62.252 62.162 62.04 62.01 61.956 61.985 62.028 62.105 62.099 62.102 62.118 62.122 62.103 62.124 62.173 62.139 62.181 62.206 62.21 62.246 62.316 62.489 62.602 62.766 62.821 62.908 62.999 63.072 63.139 63.316 63.484 63.645 63.85
47.392 47.274 47.252 47.374 49.718 50.724 53.649 53.022 51.975 51.041 56.196 53.984 53.219 54.131 55.65 60.252 61.279 62.421 57.783 62.421 66.559 60.805 59.78 63.495 61.658 65.517 65.555 64.118 66.114 63.015 63.878 63.062 61.619 65.058 65.301 66.41 65.827 66.385 63.251 62.187 62.127 62.079 62.071 62.122 62.109 62.131 62.123 62.148 62.182 62.216 62.171 62.193 62.178 62.196 62.234 62.215 62.333 62.349 62.349 62.399 62.524 62.644 62.759 62.904 62.985 63.08 63.124 63.196 63.355 63.559 63.822 63.937
47.671 51.159 49.202 49.819 53.05 54.515 54.724 54.632 54.321 57.726 53.789 55.226 56.005 57.456 61.723 59.981 58.583 57.832 59.231 60.875 62.461 65.111 60.32 61.465 60.372 65.403 62.543 61.286 68.941 65.505 61.62 63.387 63.244 65.017 64.381 62.374 62.254 62.61 62.269 62.232 62.223 62.198 62.163 62.189 62.184 62.218 62.234 62.239 62.216 62.223 62.257 62.268 62.255 62.256 62.324 62.398 62.418 62.399 62.411 62.486 62.575 62.68 62.85 62.968 63.045 63.134 63.186 63.25 63.439 63.674 63.887 64.058
53.965 54.533 54.675 55.234 53.643 50.74 53.532 55.245 53.307 58.044 53.804 57.463 55.147 56.935 57.331 59.92 59.312 60.608 61.856 62.1 62.561 65.939 63.895 63.943 63.253 62.891 59.941 62.255 62.603 68.686 66.674 65.143 67.607 65.292 64.021 62.206 62.198 62.265 62.277 62.332 62.292 62.307 62.23 62.278 62.267 62.257 62.25 62.263 62.344 62.3 62.292 62.35 62.36 62.384 62.402 62.476 62.481 62.493 62.513 62.587 62.659 62.77 62.871 63.012 63.116 63.164 63.241 63.257 63.495 63.726 63.981 64.202
53.522 54.742 57.621 57.898 55.716 54.028 50.204 51.207 51.851 58.472 57.674 58.039 56.719 57.544 58.715 57.113 60.253 62.662 59.878 63.85 61.32 62.806 64.841 62.729 61.068 60.276 60.594 62.399 64.404 67.306 66.806 64.992 62.672 62.287 62.221 62.686 62.318 62.33 62.337 62.363 62.378 62.322 62.305 62.329 62.304 62.286 62.31 62.301 62.341 62.294 62.35 62.368 62.408 62.439 62.49 62.545 62.55 62.617 62.658 62.681 62.746 62.818 63.002 63.07 63.181 63.243 63.247 63.379 63.56 63.849 64.036 64.286
53.752 54.714 57.437 58.554 56.329 56.99 57.119 55.295 54.866 59.006 58.862 60.438 59.909 60.765 57.288 61.934 61.496 63.646 60.791 61.695 65.405 65.222 66.989 64.658 60.262 61.314 63.69 65.23 65.738 64.626 63.761 62.436 62.319 62.282 62.347 62.973 62.755 62.338 62.327 62.346 62.382 62.378 62.35 62.378 62.308 62.333 62.307 62.303 62.352 62.372 62.383 62.401 62.437 62.538 62.598 62.626 62.642 62.71 62.744 62.89 62.873 62.897 63.003 63.088 63.204 63.273 63.339 63.53 63.639 63.965 64.192 64.436
54.991 54.786 56.258 57.733 58.38 58.12 58.605 52.86 57.629 56.517 57.862 55.052 56.308 57.216 60.132 62.973 62.58 63.279 65.696 65.546 60.633 62.343 67.06 67.289 63.742 61.391 62.93 67.515 64.447 62.4 62.303 62.358 62.33 62.354 62.338 62.535 63.828 62.604 62.43 62.351 62.388 62.399 62.414 62.379 62.369 62.364 62.342 62.353 62.379 62.401 62.421 62.5 62.526 62.595 62.58 62.704 62.725 62.841 62.896 62.944 63.026 63.03 63.105 63.168 63.222 63.265 63.374 63.576 63.86 64.052 64.341 64.598
52.54 55.649 52.903 53.042 51.961 54.153 54.527 57.004 57.155 56.136 54.46 54.113 55.161 60.251 61.78 59.785 63.408 65.363 63.274 67.206 67.127 60.971 68.953 67.937 64.612 67.534 66.705 66.774 64.718 62.323 62.354 62.348 62.365 62.376 62.416 62.42 62.598 63.954 62.649 62.396 62.404 62.434 62.471 62.42 62.375 62.404 62.385 62.396 62.412 62.474 62.498 62.567 62.615 62.693 62.729 62.803 62.883 62.895 62.996 63.077 63.12 63.176 63.204 63.199 63.28 63.374 63.526 63.746 63.874 64.173 64.493 64.749
55.672 58.678 51.961 52.986 51.584 52.954 56.153 55.841 56.925 55.46 59.475 61.933 61.872 63.92 62.085 61.842 64.896 64.602 64.179 65.555 67.308 66.656 69.709 68.653 63.641 64.815 65.456 63.042 62.325 62.325 62.303 62.412 62.428 62.47 62.458 62.438 62.495 63.358 63.815 62.488 62.394 62.438 62.451 62.471 62.425 62.42 62.415 62.456 62.53 62.533 62.597 62.676 62.765 62.775 62.869 62.88 62.975 63.008 63.097 63.137 63.155 63.224 63.264 63.327 63.371 63.45 63.612 63.795 64.025 64.322 64.671 64.912
53.408 55.014 56.096 51.466 52.127 52.958 56.183 55.543 55.896 61.189 61.462 63.016 63.322 64.405 64.132 63.67 61.578 65.63 65.731 65.503 63.219 64.121 65.654 66.111 62.682 62.273 62.261 62.282 62.314 62.355 62.398 62.462 62.512 62.5 62.489 62.498 62.491 62.588 63.266 64.289 62.538 62.469 62.456 62.477 62.477 62.436 62.492 62.503 62.604 62.639 62.681 62.762 62.843 62.874 62.953 63.022 63.094 63.162 63.179 63.176 63.207 63.26 63.297 63.357 63.441 63.551 63.726 63.936 64.1 64.4 64.815 65.192
61.084 61.287 56.311 58.666 53.065 53.352 59.625 56.162 55.261 59.398 62.269 62.14 63.969 62.572 63.465 63.838 61.509 62.323 66.383 67.694 62.914 66.376 62.874 64.813 63.52 62.422 62.31 62.374 62.404 62.475 62.525 62.515 62.559 62.582 62.548 62.572 62.482 62.468 62.601 63.933 62.942 62.489 62.503 62.485 62.483 62.448 62.462 62.589 62.689 62.686 62.691 62.825 62.848 62.94 63.016 63.071 63.157 63.225 63.243 63.278 63.23 63.271 63.314 63.43 63.559 63.678 63.86 64.045 64.326 64.668 65.042 65.54
58.851 58.826 55.366 54.201 54.703 60.509 65.751 61.39 60.063 62.376 59.944 59.913 61.315 66.466 66.653 62.529 61.226 63.966 67.909 67.048 66.146 62.798 62.336 62.223 62.447 62.414 62.44 62.444 62.51 62.527 62.576 62.607 62.614 62.61 62.589 62.549 62.543 62.505 62.488 62.867 64.385 63.175 62.531 62.502 62.52 62.571 62.559 62.64 62.659 62.757 62.779 62.826 62.896 62.95 63.037 63.12 63.217 63.274 63.297 63.31 63.319 63.37 63.427 63.535 63.592 63.753 63.983 64.249 64.549 64.944 65.259 65.612
65.963 65.815 55.216 54.6 55.06 57.642 59.543 62.832 60.275 66.342 64.652 58.73 63.575 66.595 67.025 64.558 69.179 68.276 67.07 65.852 62.832 62.614 62.414 62.382 62.556 62.508 62.526 62.545 62.565 62.63 62.657 62.655 62.611 62.615 62.596 62.576 62.555 62.514 62.538 62.614 64.653 63.832 62.584 62.502 62.543 62.606 62.616 62.667 62.723 62.771 62.823 62.861 62.959 63.006 63.095 63.145 63.203 63.296 63.373 63.405 63.402 63.459 63.5 63.595 63.718 63.876 64.124 64.351 64.782 65.163 65.515 65.937
58.887 62.236 62.256 60.358 55.878 61.978 59.999 61.286 64.3 64.397 63.649 63.118 62.838 70.244 70.457 64.32 70.706 69.467 65.785 65.219 63.019 62.395 62.436 62.463 62.547 62.522 62.561 62.611 62.657 62.66 62.678 62.67 62.692 62.664 62.591 62.593 62.605 62.571 62.597 62.555 62.94 63.513 63.085 62.588 62.616 62.648 62.645 62.683 62.732 62.815 62.852 62.939 62.996 63.015 63.087 63.161 63.223 63.275 63.351 63.386 63.452 63.505 63.579 63.66 63.851 64.008 64.28 64.581 65.003 65.237 65.717 66.105
59.016 63.062 63.817 64.096 60.43 61.457 60.48 64.451 65.45 63.08 62.653 66.795 68.343 68.839 71.178 71.497 65.048 63.867 62.909 62.54 62.554 62.481 62.542 62.527 62.59 62.592 62.625 62.652 62.678 62.69 62.701 62.703 62.682 62.675 62.636 62.64 62.571 62.587 62.613 62.563 62.562 62.6 63.673 62.968 62.783 62.698 62.726 62.73 62.784 62.894 62.94 62.934 62.965 63.056 63.114 63.144 63.236 63.25 63.307 63.367 63.425 63.568 63.617 63.777 63.947 64.205 64.475 64.906 65.108 65.541 65.999 66.43
63.88 62.056 63.239 65.889 67.311 64.016 62.93 62.303 66.466 66.905 64.796 64.66 67.438 65.909 70.224 71.075 67.446 63.236 62.521 62.581 62.518 62.603 62.613 62.629 62.653 62.674 62.678 62.717 62.722 62.742 62.73 62.718 62.688 62.668 62.653 62.647 62.648 62.613 62.607 62.588 62.546 62.583 63.292 65.079 64.492 62.766 62.779 62.801 62.829 62.929 62.941 62.953 63.02 63.104 63.13 63.18 63.259 63.315 63.323 63.364 63.491 63.59 63.729 63.869 64.12 64.383 64.69 64.981 65.428 65.854 66.204 66.663
62.783 59.556 64.935 64.826 67.418 64.309 62.221 62.653 66.679 66.416 64.969 64.941 65.596 69.637 68.926 69.038 66.085 62.444 62.618 62.587 62.626 62.647 62.709 62.71 62.752 62.781 62.769 62.762 62.766 62.77 62.736 62.724 62.694 62.672 62.693 62.677 62.657 62.653 62.6 62.593 62.562 62.586 62.639 63.592 64.496 62.821 62.764 62.793 62.884 62.905 62.899 63.035 63.026 63.091 63.126 63.212 63.267 63.3 63.322 63.398 63.537 63.662 63.855 63.943 64.26 64.604 64.969 65.355 65.698 66.158 66.485 67.036
64.623 60.266 63.366 68.046 68.465 67.263 65.142 60.941 65.505 64.949 63.487 64.306 63.749 64.811 65.646 66.062 63.188 62.713 62.734 62.699 62.699 62.748 62.797 62.838 62.836 62.826 62.805 62.799 62.798 62.805 62.757 62.755 62.726 62.714 62.708 62.718 62.689 62.649 62.672 62.672 62.653 62.622 62.637 62.701 63.438 63.607 62.851 62.9 62.923 62.951 62.926 63.033 63.07 63.142 63.173 63.233 63.244 63.261 63.339 63.478 63.646 63.732 63.965 64.163 64.442 64.854 65.156 65.625 65.978 66.385 66.872 67.241
62.995 63.225 66.591 65.45 62.395 66.864 64.959 66.465 66.839 64.495 63.33 63.416 63.054 64.492 62.585 63.091 62.766 62.74 62.737 62.751 62.783 62.813 62.856 62.89 62.892 62.899 62.917 62.899 62.848 62.817 62.793 62.799 62.774 62.737 62.739 62.724 62.744 62.718 62.744 62.742 62.737 62.725 62.679 62.691 62.753 63.695 63.398 62.921 62.983 62.985 63.051 63.129 63.105 63.126 63.184 63.183 63.215 63.27 63.353 63.445 63.662 63.878 64.074 64.396 64.633 65.031 65.465 65.835 66.213 66.681 67.025 67.714
68.902 61.625 66.64 66.82 67.09 67.084 65.347 63.231 62.907 62.777 62.349 62.476 62.494 62.511 62.664 62.8 62.817 62.737 62.787 62.822 62.847 62.873 62.931 62.955 62.942 62.932 62.915 62.909 62.882 62.848 62.838 62.814 62.791 62.779 62.783 62.776 62.783 62.8 62.799 62.793 62.79 62.779 62.779 62.722 62.79 63.202 64.619 64.526 63.088 62.957 63.036 63.12 63.183 63.164 63.193 63.194 63.244 63.248 63.31 63.517 63.745 63.917 64.213 64.523 64.887 65.261 65.574 66.065 66.429 66.912 67.411 67.795
63.686 68.362 67.033 66.148 65.197 62.99 62.366 62.29 62.289 62.339 62.43 62.458 62.522 62.875 62.802 62.835 62.829 62.862 62.875 62.854 62.907 62.94 62.995 62.978 62.956 62.966 62.985 62.94 62.889 62.875 62.855 62.848 62.826 62.814 62.828 62.797 62.812 62.822 62.809 62.819 62.817 62.83 62.832 62.779 62.763 62.795 64.528 66.284 63.795 63.023 63.044 63.154 63.203 63.208 63.212 63.247 63.273 63.295 63.386 63.545 63.792 64.041 64.341 64.689 64.96 65.476 65.865 66.312 66.805 67.149 67.584 68.126
65.773 66.562 63.483 62.65 62.974 62.289 62.266 62.29 62.373 62.428 62.49 62.595 62.742 62.735 62.769 62.802 62.882 62.897 62.944 62.952 63.004 63 63.018 63.003 63.02 63.042 62.991 62.951 62.913 62.908 62.894 62.874 62.843 62.871 62.862 62.856 62.85 62.832 62.82 62.858 62.857 62.827 62.853 62.84 62.801 62.87 62.9 65.12 64.554 63.093 63.121 63.17 63.168 63.218 63.284 63.259 63.28 63.332 63.483 63.617 63.901 64.223 64.421 64.895 65.345 65.741 66.226 66.633 67.062 67.433 68.309 69.165
63.597 63.677 62.677 62.457 62.259 62.322 62.364 62.406 62.443 62.483 62.737 62.783 62.78 62.793 62.839 62.906 62.93 63.002 63.014 63.011 63.033 63.039 63.051 63.03 63.037 63.019 63.003 62.961 62.942 62.932 62.888 62.912 62.896 62.896 62.9 62.864 62.852 62.858 62.862 62.83 62.817 62.864 62.88 62.852 62.842 62.874 62.916 63.244 63.603 64.936 63.278 63.159 63.2 63.261 63.284 63.292 63.327 63.385 63.508 63.8 64.059 64.323 64.71 65.111 65.681 66.051 66.552 66.974 67.367 67.914 68.636 69.028
62.337 62.368 62.311 62.319 62.353 62.416 62.437 62.481 62.546 62.761 62.906 62.845 62.819 62.854 62.968 63.005 63.04 63.042 63.078 63.1 63.111 63.111 63.093 63.088 63.072 63.027 63.022 62.992 62.973 62.975 62.962 62.932 62.91 62.924 62.887 62.898 62.873 62.888 62.887 62.879 62.862 62.887 62.909 62.908 62.934 62.987 62.976 62.999 64.497 65.037 64.8 63.274 63.21 63.221 63.284 63.341 63.38 63.474 63.652 63.954 64.264 64.589 64.905 65.448 65.878 66.395 66.843 67.283 67.7 67.991 68.765 69.669
62.25 62.322 62.388 62.411 62.477 62.429 62.492 62.603 62.848 62.949 62.81 62.841 62.925 62.981 62.994 63.045 63.09 63.09 63.117 63.163 63.148 63.151 63.126 63.115 63.079 63.038 63.015 63.017 63.021 63.035 62.995 62.961 62.921 62.936 62.928 62.927 62.904 62.912 62.901 62.863 62.897 62.89 62.885 62.924 62.942 63.014 63.036 63.053 63.071 63.422 64.511 63.684 63.258 63.3 63.309 63.364 63.447 63.564 63.867 64.123 64.456 64.894 65.257 65.746 66.277 66.679 67.138 67.54 68.021 68.45 69.735 70.45
