dsm/se2933_DSM_2M.asc
ncols 500
nrows 500
xllcorner    429000
yllcorner    433000
cellsize     2
NODATA_value -9999
[rows 128 to 159 of 500, columns 72 to 143 of 500]
34.784 34.939 35.037 35.317 37.383 35.518 35.609 36.212 35.824 35.909 35.966 36.012 36.096 36.106 36.493 38.379 38.471 38.389 38.402 38.725 39.369 40.589 38.702 37.54 37.162 36.591 36.545 36.586 36.424 36.375 36.299 36.259 36.229 36.198 36.108 36.134 36.094 36.048 36 36.191 37.151 36.588 35.785 35.8 35.748 35.713 35.689 35.848 35.907 35.943 36.055 35.96 36.009 35.886 35.918 34.728 34.195 34.088 34.045 34.043 34.022 34.093 34.542 36.109 36.206 36.217 36.256 36.258 36.308 36.152 36.119 35.834
34.654 34.732 34.861 36.3 38.838 35.904 37.398 35.523 35.567 35.732 35.718 35.813 35.884 35.874 36.286 39.193 39.005 37.926 37.953 38.164 38.676 39.997 41.407 40.056 39.579 37.516 37.456 37.117 36.456 36.486 36.477 36.417 36.294 36.237 36.123 36.111 36.073 36.021 35.995 35.936 35.898 35.829 35.798 37.191 36.365 35.577 35.528 35.58 35.572 35.598 35.737 35.753 35.69 35.643 35.541 34.648 34.436 34.25 34.199 34.146 34.102 34.045 34.118 34.217 35.67 35.957 35.981 35.965 35.978 35.901 35.859 35.664
34.382 34.722 36.046 34.84 36.714 39.496 39.652 36.472 35.592 35.077 35.118 35.237 35.359 37.094 38.708 38.959 37.804 36.047 36.249 36.37 38.361 39.613 40.54 39.968 39.507 39.488 38.33 37.613 36.87 39.652 40.27 36.477 36.468 36.394 36.203 36.09 36.061 36.053 35.958 35.92 35.875 35.85 35.766 35.753 35.8 35.597 35.523 35.434 35.393 35.367 35.294 35.386 35.381 35.411 35.212 34.852 34.675 34.582 34.353 34.225 34.206 34.179 34.169 34.141 34.172 34.576 35.761 35.817 35.756 35.719 35.589 35.506
34.22 34.343 34.648 34.137 34.374 34.225 36.321 36.015 35.939 34.862 34.399 34.685 34.612 36.988 40.416 37.356 36.824 48.657 44.193 44.035 44.475 36.757 37.464 38.273 39.002 40.393 39.145 38.248 40.598 41.975 42.474 38.75 42.019 40.863 36.098 36.074 36.329 39.26 37.276 36.859 35.842 35.797 35.777 35.764 35.666 35.592 35.537 35.45 35.424 35.327 35.24 35.174 35.745 35.175 35.049 35.072 35.009 34.851 34.788 34.594 34.348 34.265 34.21 34.189 34.184 34.259 34.749 35.347 35.472 35.45 34.857 34.747
33.997 34.178 34.407 34.093 34.021 33.97 34.153 34.359 35.691 35.531 35.095 35.055 35.111 37.646 37.166 37.049 54.035 54.286 54.355 54.804 43.486 47.617 36.839 35.783 35.729 39.119 38.983 39.095 41.575 41.113 41.186 41.392 43.499 43.11 37.054 36.402 39.49 41.878 42.877 37.848 37.259 36.789 35.792 35.707 35.621 35.554 35.507 35.483 35.434 35.338 35.275 35.226 36.088 35.821 35.117 34.959 35.171 34.913 34.857 34.812 34.694 34.529 34.302 34.241 34.206 34.223 34.227 34.252 34.534 34.496 34.412 34.37
33.926 33.949 33.956 33.96 33.859 33.954 33.686 33.571 33.537 33.852 35.271 35.766 35.497 35.81 36.209 42.5 55.418 55.175 55.052 56.127 57.073 53.463 44.266 36.19 35.779 35.746 36.315 39.059 39.772 38.401 38.533 37.86 40.358 37.385 36.064 40.103 40.571 38.414 39.749 38.629 41.081 40.445 38.143 35.96 35.682 37.285 35.576 35.435 35.339 35.311 35.27 35.205 35.159 35.057 34.996 35.045 37.397 37.812 36.901 34.707 34.691 34.602 34.413 34.29 34.234 34.209 34.204 34.197 34.209 34.24 34.235 34.191
33.767 33.758 33.801 33.801 33.678 33.66 33.609 33.488 33.382 33.346 33.255 33.81 35.463 35.461 34.677 54.545 56.718 56.108 55.764 56.64 56.793 55.799 54.801 51.351 39.049 36.12 36.138 36.71 37.096 37.381 38.549 37.969 35.833 35.718 36.887 40.723 41.438 43.549 41.044 40.897 40.663 39.5 39.032 36.494 39.615 42.913 40.48 35.723 35.495 35.397 35.248 35.143 35.097 35.053 35.024 34.901 34.896 35.681 35.573 34.662 34.621 34.577 34.407 34.288 34.209 34.222 34.23 34.21 34.19 34.201 34.173 34.204
33.682 33.703 33.692 33.658 33.578 33.535 33.485 33.426 33.319 33.229 33.149 33.088 34.314 34.779 44.744 55.941 56.707 56.983 56.725 57.152 56.374 55.508 54.641 53.858 48.412 38.025 35.862 36.354 36.005 38.786 38.494 37.065 36.295 36.578 35.957 38.326 42.534 45.823 44.602 44.987 41.222 36.616 36.775 36.417 35.781 40.018 39.149 36.321 41.189 39.075 35.651 35.385 35.179 35.087 34.935 34.913 34.816 34.799 34.769 34.708 34.618 34.519 34.457 34.334 34.282 34.245 34.223 34.202 34.205 34.21 34.188 34.232
33.611 33.572 33.734 33.71 33.429 33.361 33.341 33.256 33.168 33.092 33.046 33.134 34.339 35.629 52.103 55.03 55.796 56.352 56.925 57.013 56.477 56.004 55.446 54.622 51.075 53.593 48.515 38.393 38.876 38.219 37.898 36.073 36.591 36.606 36.368 36.397 42.788 45.021 43.115 42.946 37.89 36.152 36.232 36.235 35.796 35.937 39.586 40.409 42.049 40.379 41.243 37.947 35.639 35.241 35.059 35.066 34.892 34.791 34.694 34.661 34.599 34.535 34.518 34.406 34.353 34.313 34.275 34.298 34.254 34.253 34.199 34.196
33.53 33.494 34.561 33.502 33.331 33.249 33.248 33.117 33.065 32.993 32.925 32.931 33.055 33.339 53.004 54.48 55.235 56.379 57.013 56.497 56.877 56.886 56.487 55.971 55.464 52.555 41.63 52.802 46.918 38.972 36.334 36.062 36.747 40.03 39.261 36.032 37.815 44.022 43.782 38.46 36.118 36.113 36.033 35.899 35.857 35.882 40.134 36.296 36.759 39.414 41.719 40.099 36.646 36.201 38.793 40.151 35.735 34.926 34.75 34.619 34.539 34.49 34.447 34.428 34.399 34.365 34.323 34.267 34.303 34.265 34.231 34.19
33.568 37.499 34.919 33.304 33.22 33.678 33.355 33.015 32.957 32.867 32.869 32.74 32.67 37.1 53.611 54.807 55.835 56.668 56.714 55.922 55.987 56.546 57.006 56.9 56.35 55.931 55.275 52.877 54.14 37.958 36.252 36.661 36.766 40.875 40.811 36.426 35.908 35.71 37.259 36.101 36.139 36.122 36.099 35.963 36.002 35.885 35.863 35.837 36.978 35.856 36.962 36.26 35.771 35.962 39.977 40.021 39.739 36.926 35.412 35.023 36.599 34.666 34.437 34.397 34.363 34.319 34.313 34.272 34.254 34.234 34.195 34.206
33.621 36.567 34.486 33.713 33.133 33.857 33.144 32.941 32.847 32.801 32.765 32.662 33.119 52.876 54.278 55.292 56.502 57.016 56.177 55.19 54.747 55.427 55.964 56.483 57.135 56.836 56.366 54.944 42.446 37.678 36.502 36.916 36.429 37.176 36.974 35.84 35.914 35.951 36.029 36.086 36.177 36.155 36.156 36.082 36.069 35.948 35.903 35.893 35.875 35.848 35.834 35.844 35.797 35.805 36.243 37.681 39.766 37.022 36.165 37.208 38.402 36.251 35.234 34.508 34.418 34.386 34.298 34.187 34.205 34.262 34.229 34.238
33.265 33.316 33.448 34.195 33.105 32.971 32.904 32.857 32.791 32.772 33.403 32.726 37.126 52.498 54.932 55.92 56.936 56.657 55.458 54.669 54.021 54.521 54.948 55.507 56.088 56.669 57.015 55.137 40.704 37.737 37.138 36.871 36.626 36.226 35.838 35.836 35.885 35.956 35.967 36.093 36.201 36.206 36.17 36.118 36.048 36.015 35.953 36.088 35.934 35.887 35.814 35.822 35.803 35.807 35.776 35.777 36.087 35.575 36.208 37.086 36.375 37.472 36.961 36.187 35.811 35.187 34.409 34.324 34.261 34.216 34.308 34.276
33.17 33.133 33.017 33.058 32.941 32.856 32.79 32.769 32.714 32.721 32.88 33.23 53.067 54.541 55.482 56.536 56.986 56.069 55.151 54.001 53.291 53.466 53.879 54.571 55.075 55.805 56.171 44.558 47.357 38.126 37.617 36.569 36.615 36.147 35.792 35.807 35.856 35.904 35.983 36.07 36.174 36.184 36.125 36.101 36.036 36.013 35.981 35.938 35.935 35.886 35.857 35.809 35.9 36.242 36.1 35.804 35.785 35.716 35.653 36.887 37.016 38.659 39.24 38.309 36.058 34.88 37.252 35.586 34.987 34.25 35.54 36.306
33.089 33.028 32.968 32.899 32.84 32.759 32.744 32.726 32.805 32.923 32.79 47.35 54.164 54.854 56.084 56.991 56.597 55.495 54.606 53.582 38.626 38.897 49.128 53.334 53.776 54.525 54.68 52.856 50.136 36.923 37.13 39.617 38.837 35.838 35.796 35.818 35.85 35.89 35.984 36.064 36.054 36.122 36.095 36.073 35.966 35.955 35.914 35.888 35.886 35.885 35.859 35.845 35.806 35.803 35.805 35.814 35.86 35.808 35.714 38.297 39.065 39.294 39.281 37.979 34.791 37.892 39.514 38.656 34.468 33.995 36.181 36.707
33.016 32.957 32.913 32.837 32.806 32.72 32.7 32.671 32.826 32.814 43.368 53.62 54.592 55.432 56.644 57.065 55.924 54.999 53.517 40.614 32.832 32.775 32.802 38.793 50.744 53.399 54.511 54.235 38.924 36.979 36.693 39.598 39.532 36.402 35.753 35.808 35.85 35.914 35.947 36.015 36.028 36.053 36.086 36.053 35.951 35.943 35.917 35.949 35.874 35.858 35.819 35.814 35.818 35.82 35.898 35.855 35.959 35.972 36.176 36.453 39.141 37.197 35.581 35.082 34.858 38.277 39.955 38.137 34.091 33.84 35.506 35.886
32.911 32.875 32.814 32.803 32.707 32.675 32.586 32.635 32.737 33.268 50.897 54.052 55.034 56.054 57.04 56.443 55.296 54.461 53.358 38.441 32.758 32.987 33.358 33.494 33.839 39.508 50.643 44.212 36.902 36.456 38.927 40.468 36.073 35.7 35.69 35.753 35.79 35.867 35.941 36.002 35.992 36.028 36.055 35.991 35.918 35.908 35.935 35.984 35.881 35.853 35.836 35.791 35.826 35.985 40.551 40.112 40.082 36.922 36.433 36.138 35.638 35.275 35.216 35.131 37.24 37.52 36.699 34.198 36.068 36.798 33.985 38.398
32.79 32.799 32.735 32.709 32.66 32.63 32.552 32.649 32.686 43.283 53.691 54.624 55.541 56.744 56.798 55.871 54.924 53.384 39.465 32.74 33.514 33.327 33.865 34.095 35.04 36.067 36.346 35.549 36.829 36.477 36.008 37.068 35.56 35.638 35.648 35.736 35.766 35.812 35.85 35.946 35.979 35.993 35.98 35.986 35.95 35.899 35.921 35.947 35.909 35.845 35.814 35.832 35.718 35.779 40.19 40.661 39.684 36.42 35.785 35.754 35.53 35.486 35.388 37.636 39.25 37.125 37.641 37.212 37.77 38.396 35.976 35.975
32.841 32.698 32.692 32.681 32.634 32.647 32.641 32.613 33.184 51.086 54.223 55.113 56.221 57.126 56.38 55.201 54.435 52.935 32.972 32.738 32.902 34.284 34.546 35.115 35.286 36.653 37.261 36.051 35.479 35.35 35.344 35.388 35.49 35.546 35.604 35.651 35.71 35.817 35.864 35.953 35.944 35.933 35.932 35.924 35.926 35.849 35.92 35.821 35.818 35.793 35.776 35.788 36.305 35.774 35.852 36.077 36.147 35.869 35.907 36.077 36.253 36.792 37.143 36.952 37.755 37.567 36.372 35.815 36.508 37.227 36.01 33.386
39.714 42.53 32.893 32.614 32.605 32.688 32.723 32.73 43.568 53.765 54.871 55.666 56.856 56.782 55.711 54.747 47.294 34.8 32.804 33.112 34.394 36.117 37.116 36.67 37.027 37.116 37.652 38.543 36.563 35.267 35.306 35.333 35.433 35.469 35.522 35.61 35.643 35.76 35.79 35.838 35.778 35.792 35.842 35.838 35.748 35.748 35.842 35.735 35.697 35.674 35.642 35.922 36.697 38.831 38.68 35.699 35.727 35.932 36.144 36.354 36.775 36.284 36.158 36.289 35.487 35.217 34.848 37.634 37.744 37.977 37.908 33.601
53.787 50.73 51.181 44.17 36.506 33.098 32.745 33.146 53.049 54.323 55.186 56.362 56.976 56.246 55.14 54.252 49.656 33.227 33.078 34.382 35.654 36.817 37.494 37.695 37.694 37.696 36.147 38.426 38.477 35.202 35.224 35.298 35.344 35.394 35.456 35.496 35.563 35.592 35.61 35.561 35.616 35.624 35.556 35.594 35.531 35.574 35.539 35.566 35.499 35.504 36.123 37.509 37.387 36.884 36.873 35.355 38.301 37.156 36.547 36.218 39.22 36.477 35.55 35.201 35.184 37.156 37.246 37.332 35.53 37.253 35.714 33.551
54.081 39.514 54.351 42.427 47.538 45.819 36.57 47.467 54.028 54.953 55.96 57.127 56.522 55.601 54.573 45.451 34.757 33.531 33.465 34.032 36.104 36.452 37.421 37.556 37.751 37.42 35.046 39.132 36.261 35.059 35.084 35.116 35.135 35.215 35.281 35.329 35.368 35.349 35.343 35.28 35.314 35.291 35.34 35.236 35.281 35.237 35.24 35.257 36.08 37.64 38.56 35.912 35.766 34.768 35.155 35.536 40.71 37.911 36.218 35.739 34.515 34.339 34.15 33.914 33.662 36.048 39.026 33.579 33.341 33.03 32.974 32.815
53.681 56.081 51.562 43.729 54.392 53.919 51.638 53.28 54.41 55.528 56.415 56.968 56.174 55.066 54.146 38.967 33.541 33.915 34.796 34.813 35.514 35.239 35.593 35.148 36.1 35.756 34.803 38.504 36.197 34.927 34.903 34.949 34.909 34.986 35.016 35.095 35.067 35.085 35.06 34.953 34.991 34.997 34.993 34.948 34.982 35.658 35.019 37.039 37.277 37.78 36.793 34.48 34.529 34.86 35.148 35.442 36.051 35.324 34.306 34.044 34.034 33.651 33.606 33.528 32.907 32.877 32.859 32.927 32.685 32.664 32.726 32.597
56.187 57.04 56.662 55.924 55.595 54.943 54.346 54.059 55.063 56.038 57.04 56.447 55.457 54.46 53.098 34.994 33.884 34.68 36.063 37.327 36.69 39.613 35.834 34.369 34.463 34.825 34.716 34.782 34.835 34.709 34.744 34.706 34.666 34.709 34.734 34.791 34.813 34.772 34.776 34.732 34.74 34.632 34.985 35.188 36.905 38.192 37.33 37.267 37.088 34.64 33.94 34.287 34.667 35.046 34.228 34.342 34.164 33.775 33.617 32.898 33.162 32.734 32.618 32.643 32.601 32.612 32.563 32.644 32.597 32.538 32.519 32.54
55.806 56.212 56.816 57.021 56.41 55.983 55.451 54.846 55.64 56.498 56.951 56.149 55.013 53.92 49.242 33.864 33.743 33.423 36.207 42.217 43.574 38.629 38.712 34.494 34.463 37.108 38.807 36.372 34.53 34.513 34.473 34.44 34.356 34.357 34.379 34.38 34.676 36.163 34.571 34.586 36.239 35.182 35.444 35.274 37.032 36.999 38.045 33.856 33.041 33.555 33.986 33.995 34.059 33.779 33.17 33.072 32.957 32.659 32.611 32.555 32.547 32.486 32.51 32.424 32.431 32.419 32.429 32.478 32.494 32.567 32.593 32.599
54.883 55.368 55.96 56.347 57.049 56.927 56.424 55.894 56.199 56.985 56.527 55.528 54.408 52.991 34.927 32.653 32.769 33.257 37.333 44.319 42.592 43.702 41.773 35.102 37.492 35.373 42.316 35.389 34.226 34.171 34.13 34.414 36.519 35.3 38.597 38.156 38.767 36.83 35.232 35.227 35.247 35.182 36.122 34.096 37.631 38.244 33.955 32.649 32.862 33.213 33.162 32.915 32.61 32.53 32.539 32.52 32.472 32.41 32.426 32.408 32.422 32.407 32.387 32.36 32.359 32.436 32.486 32.497 32.57 32.595 32.737 32.717
53.781 54.218 54.785 55.45 56.016 56.595 57.11 56.807 56.692 57.043 56.027 55.006 54.067 49.891 36.723 32.797 33.048 33.207 40.079 45.433 45.714 44.105 40.649 40.309 41.074 40.349 41.359 38.131 40.708 33.946 33.768 33.888 38.674 40.2 40.801 39.795 40.934 37.884 37.995 36.63 33.908 36.513 38.922 38.588 38.092 38.056 34.15 32.527 32.515 32.51 32.449 32.408 32.391 32.4 32.393 32.36 32.378 32.387 32.413 32.352 32.377 32.398 32.406 32.46 32.5 32.515 32.655 32.745 32.793 32.803 32.814 32.791
51.834 52.871 53.937 54.338 54.955 55.621 56.043 56.764 57.154 56.681 56.122 55.688 54.775 36.745 33.567 35.183 34.044 33.804 38.377 43.565 43.432 43.731 39.081 41.092 34.877 38.401 43.343 36.702 34.508 34.689 34 33.381 38.683 41.082 39.159 38.422 34.834 33.818 39.709 36.593 33.264 34.34 38.692 37.683 36.978 32.874 32.379 32.346 32.326 32.295 32.336 32.353 32.343 32.321 32.312 32.299 32.327 32.337 32.399 32.403 32.43 32.445 32.556 32.603 32.687 32.82 33.266 32.738 32.732 32.766 32.759 32.784
35.551 38.318 42.232 52.897 54.08 54.786 55.902 56.652 56.714 56.885 56.952 56.605 54.105 36.383 34.093 35.367 34.984 35.018 35.187 36.952 38.984 35.354 40.208 40.394 43.543 39.341 44.058 39.986 35.215 35.229 34.206 34.333 35.698 39.873 36.235 32.941 33.042 33.198 34.039 33.258 32.694 32.374 32.263 32.242 32.2 32.221 32.241 32.231 32.262 32.25 32.259 32.257 32.268 32.34 32.37 32.346 32.374 32.426 32.463 32.571 32.604 32.683 32.703 32.717 32.77 32.801 32.72 32.739 32.719 32.771 32.792 32.824
36.068 36.157 34.138 45.599 53.653 55.34 56.183 57.115 56.071 55.741 56.146 56.45 33.527 33.534 34.617 34.661 34.788 35.283 35.048 35.246 36.014 36.695 39.314 41.422 39.905 42.073 41.559 37.156 39.648 35.933 32.625 33.198 32.932 32.84 32.964 32.867 32.788 32.47 32.532 32.268 32.142 32.087 32.118 32.118 32.158 32.159 32.18 32.214 32.172 32.272 32.288 32.268 32.305 32.366 32.382 32.435 32.571 32.665 32.763 32.753 32.764 32.76 32.803 32.71 32.703 32.7 32.732 32.767 32.791 33.101 33.292 33.533
35.955 35.18 33.719 33.61 36.689 45.673 56.716 56.38 55.777 54.737 55.34 54.834 36.118 32.421 33.318 35.155 33.778 33.559 35.602 34.192 35.173 33.263 33.856 33.111 32.644 32.521 33.319 32.744 36.037 36.077 32.546 32.312 32.261 32.177 32.032 32.019 32.032 32.01 32.035 32.013 32.04 32.068 32.103 32.094 32.119 32.158 32.173 32.278 32.244 32.298 32.299 32.448 32.49 32.703 32.736 32.839 32.856 32.862 32.85 32.948 32.854 32.802 32.716 32.736 32.696 32.732 32.766 32.899 33.356 33.292 33.283 32.482
32.669 33.756 33.639 33.184 35.173 37.445 44.322 50.304 55.071 54.112 53.827 33.954 32.065 32.583 35.219 34.702 36.047 32.723 37.08 34.828 32.022 32.141 32.304 32.292 32.386 31.935 31.967 31.908 31.886 31.83 31.864 31.895 31.796 31.794 31.868 31.888 31.85 31.934 31.951 31.949 32.024 32.061 32.077 32.18 32.178 32.21 32.26 32.58 32.903 33.25 32.954 32.93 32.974 32.911 32.966 32.909 32.918 32.915 32.826 32.794 32.773 32.772 32.747 32.775 32.764 33.19 32.948 33.026 32.616 32.187 32.275 31.923
