dsm/se2938_DSM_2M.asc
ncols 500
nrows 500
xllcorner    429000
yllcorner    438000
cellsize     2
NODATA_value -9999
[rows 306 to 339 of 500, columns 75 to 149 of 500]
125.543 125.58 125.591 125.535 125.556 125.57 125.55 125.599 125.595 125.572 125.561 125.64 125.651 125.952 126.541 124.618 124.052 123.986 124.079 131.363 136.311 136.879 137.438 137.066 134.145 131.347 130.687 128.02 127.607 128.311 131.552 129.879 127.744 127.565 128.455 129.892 129.553 129.219 128.155 128.416 128.887 130.658 128.753 128.966 129.543 129.852 129.101 129.231 129.502 -9999 -9999 -9999 -9999 -9999 -9999 -9999 -9999 -9999 -9999 -9999 -9999 -9999 -9999 -9999 -9999 -9999 -9999 -9999 -9999 -9999 -9999 -9999 -9999 -9999 -9999
125.65 125.664 125.69 125.686 125.676 125.682 125.696 125.748 125.704 125.683 125.646 125.632 128.62 128.788 129.669 124.456 124.052 124.128 124.803 130.468 136.807 137.523 137.767 137.769 131.998 129.686 129.202 128.578 127.853 130.312 130 128.764 127.748 127.802 129.746 132.116 129.806 130.163 130.913 128.426 129.207 128.845 128.649 128.924 128.874 130.203 129.836 129.621 129.717 129.708 -9999 -9999 -9999 -9999 -9999 -9999 -9999 -9999 -9999 -9999 -9999 -9999 -9999 -9999 -9999 -9999 -9999 -9999 -9999 -9999 -9999 -9999 -9999 -9999 -9999
125.847 125.838 125.832 125.762 125.795 125.84 125.824 125.831 125.864 125.802 125.82 125.939 128.428 129.545 128.62 124.379 124.264 124.485 127.829 130.677 134.995 137.374 137.957 136.451 131.784 130.326 128.872 129.568 129.664 130.388 130.721 128.745 128.872 128.203 130.137 130.304 129.602 128.273 128.634 128.401 128.396 129.219 128.746 128.919 128.952 129.139 130.194 129.575 129.623 130.467 130.49 130.163 -9999 -9999 -9999 -9999 -9999 -9999 -9999 -9999 -9999 -9999 -9999 -9999 -9999 -9999 -9999 -9999 -9999 -9999 -9999 -9999 -9999 -9999 -9999
125.808 125.834 125.885 125.839 125.946 125.95 125.957 125.931 125.939 125.877 125.878 126.073 129.187 129.322 125.885 124.263 124.314 124.388 128.109 130.841 133.719 135.673 135.337 131.963 128.397 127.967 127.752 128.239 130.43 129.503 128.445 129.464 129.729 127.746 128.074 128.751 129.513 129.126 128.33 128.355 128.506 128.604 128.712 129.034 129.206 129.04 129.311 129.635 130.979 130.608 130.919 130.004 130.602 -9999 -9999 -9999 -9999 -9999 -9999 -9999 -9999 -9999 -9999 -9999 -9999 -9999 -9999 -9999 -9999 -9999 -9999 -9999 -9999 -9999 -9999
125.9 125.932 125.973 126.014 126.021 125.985 126.041 125.978 126.082 126.102 126.077 126.299 127.17 126.81 124.459 124.401 124.406 124.681 127.204 129.588 131.169 130.488 129.246 129.001 127.697 127.913 127.828 128.16 128.106 127.705 127.955 128.024 127.843 128.003 128.133 128.024 128.628 130.655 128.415 128.587 128.492 128.573 128.741 128.89 128.965 129.177 129.363 129.809 129.648 131.029 130.474 131.134 131.816 131.075 -9999 -9999 -9999 -9999 -9999 -9999 -9999 -9999 -9999 -9999 -9999 -9999 -9999 -9999 -9999 -9999 -9999 -9999 -9999 -9999 -9999
126.034 126.051 126.09 126.082 126.113 126.098 126.092 126.102 126.195 126.286 126.404 126.493 126.573 125.013 124.462 124.501 124.58 124.618 124.799 127.505 129.185 129.503 129.328 128.042 128.107 129.233 129.522 128.545 128.533 127.661 130.076 129.94 127.674 127.669 128.022 128.856 132.258 131.26 128.985 129.171 130.023 129.36 128.886 129.682 129.39 129.287 129.385 129.434 129.551 129.725 129.923 130.503 133.332 130.58 131.753 130.98 -9999 -9999 -9999 -9999 -9999 -9999 -9999 -9999 -9999 -9999 -9999 -9999 -9999 -9999 -9999 -9999 -9999 -9999 -9999
126.125 126.168 126.176 126.227 126.222 126.189 126.225 126.307 126.254 126.316 126.63 126.671 125.547 124.656 124.5 124.568 124.649 124.768 125.026 125.765 127.545 128.814 129.143 128.565 129.903 130.628 130.936 130.21 128.844 128.318 128.628 128.412 127.651 127.689 127.76 129.079 132.148 130.298 128.78 128.824 129.617 130.19 128.885 130.087 129.167 129.282 129.386 129.39 129.578 129.72 129.791 130.661 131.563 130.336 130.668 130.981 131.303 -9999 -9999 -9999 -9999 -9999 -9999 -9999 -9999 -9999 -9999 -9999 -9999 -9999 -9999 -9999 -9999 -9999 -9999
126.19 126.251 126.292 126.288 126.271 126.311 126.33 126.433 126.356 126.565 126.72 126.273 125.372 124.622 124.646 124.76 124.757 125.219 125.306 125.655 126.522 126.666 128.116 127.713 130.651 131.494 131.882 131.365 130.618 130.764 130.676 127.801 127.654 127.77 128.644 131.225 129.769 128.47 128.252 128.35 129.838 128.894 128.851 128.94 129.098 129.131 129.448 129.384 130.914 131.488 133.017 133.822 131.667 131.524 131.807 132.135 131.017 131.904 -9999 -9999 -9999 -9999 -9999 -9999 -9999 -9999 -9999 -9999 -9999 -9999 -9999 -9999 -9999 -9999 -9999
126.302 126.363 126.371 126.391 126.384 126.461 126.515 126.525 126.975 126.899 126.684 125.457 124.71 124.714 124.78 124.817 125.305 128.863 130.862 129.64 129.444 127.811 126.417 128.059 129.944 131.287 131.748 131.695 130.787 132.012 129.094 129.095 127.775 127.952 128.053 130.754 130.473 130.132 128.258 128.367 128.959 128.839 128.729 128.953 129.048 129.257 129.609 129.533 130.779 131.28 130.296 132.007 132.643 132.679 134.195 132.961 131.1 131.796 131.644 132.337 -9999 -9999 -9999 -9999 -9999 -9999 -9999 -9999 -9999 -9999 -9999 -9999 -9999 -9999 -9999
126.391 126.389 126.42 126.436 126.48 126.51 126.522 127.173 127.913 127.172 125.921 124.931 124.768 124.804 124.857 125.105 130.827 131.898 132.35 131.491 131.206 128.945 128.774 129.851 129.72 130.088 130.115 130.567 130.631 128.899 128.595 127.822 127.901 128.243 129.96 130.74 130.548 129.74 129.839 129.143 128.529 128.786 129.442 131.198 129.171 129.676 129.952 129.91 130.404 130.236 130.452 131.017 134.097 134.288 132.077 131.172 132.186 130.993 133.479 132.784 134.291 133.836 -9999 -9999 -9999 -9999 -9999 -9999 -9999 -9999 -9999 -9999 -9999 -9999 -9999
126.464 126.481 126.492 126.504 126.552 126.627 128.595 129.978 131.267 128.649 126.767 124.833 124.877 124.953 125.088 129.695 132.286 133.985 133.241 132.597 131.911 132.655 132.608 132.832 132.201 131.996 131.555 131.667 129.885 127.812 127.797 127.661 127.755 127.898 128.059 128.242 130.951 129.604 130.79 131.302 131.471 130.023 130.655 130.682 128.986 129.54 130.021 129.851 131.918 133.152 133.088 133.368 134.146 134.611 132.876 130.972 130.849 131.534 132.799 132.625 133.567 132.219 132.331 132.89 -9999 -9999 -9999 -9999 -9999 -9999 -9999 -9999 -9999 -9999 -9999
126.524 126.545 126.561 126.578 126.645 126.773 128.8 131.048 131.357 129.107 125.388 124.917 124.992 125.029 125.242 131.35 134.037 134.138 134.462 133.196 131.203 130.753 131.927 131.401 132.132 132.521 132.219 132.228 131.174 128.394 128.098 128 127.794 127.987 127.958 128.153 128.813 128.259 128.616 129.527 131.414 131.167 130.746 131.243 129.201 130.2 131.038 131.029 131.34 131.624 133.004 133.91 135.356 134.902 133.984 132.696 132.039 131.624 133.767 134.137 134.03 133.758 132.623 132.921 133.846 -9999 -9999 -9999 -9999 -9999 -9999 -9999 -9999 -9999 -9999
126.52 126.556 126.622 126.635 126.715 126.808 129.181 131.202 127.012 125.906 125.02 125.071 125.105 125.137 125.561 130.954 133.327 134.391 134.395 132.615 128.393 129.431 132.087 131.926 131.45 131.333 131.628 131.96 131.589 129.804 128.168 128.191 128.037 128.186 128.345 128.459 128.421 128.336 128.258 128.333 128.568 128.725 129.273 129.431 129.2 131.349 130.395 131.98 133.392 132.819 132.967 134.044 131.395 133.929 134.396 133.371 132.761 132.65 134.481 133.742 133.196 132.887 132.39 134.117 134.697 133.189 133.177 -9999 -9999 -9999 -9999 -9999 -9999 -9999 -9999
126.48 126.506 126.605 126.672 126.89 127.102 129.934 130.384 126.523 125.075 125.063 125.134 125.214 125.375 126.327 128.073 132.099 130.043 129.513 129.269 127.387 129.171 131.786 130.457 130.243 129.83 130.751 132.154 131.573 128.642 128.42 128.241 128.204 128.269 128.54 128.587 128.872 128.6 128.486 128.871 128.98 128.607 128.782 128.886 129.059 129.135 129.251 129.874 131.724 131.087 133.089 133.388 133.685 135.553 134.474 131.647 133.205 133.095 131.965 131.771 132.99 133.935 133.214 134.261 132.903 132.989 134.276 -9999 -9999 -9999 -9999 -9999 -9999 -9999 -9999
126.546 126.557 126.69 126.935 127.224 126.628 126.97 126.749 125.14 125.125 125.195 125.263 126.214 126.762 128.305 128.15 128.137 127.741 127.582 127.917 127.04 129.883 131.33 130.142 128.7 128.292 131.54 132.074 131.735 129.47 128.583 128.447 128.755 128.479 128.751 128.855 128.892 128.741 128.731 129.07 132.365 128.846 128.922 129.121 129.025 129.046 129.158 129.354 129.629 130.047 130.287 132.064 130.862 131.223 132.376 131.295 133.749 132.496 132.357 131.288 131.653 133.367 134.641 134.371 133.456 132.84 138.975 139.815 -9999 -9999 -9999 -9999 -9999 -9999 -9999
126.558 126.606 126.954 127.004 126.758 125.962 125.207 125.167 125.193 125.288 125.287 125.348 129.984 129.544 129.622 129.843 128.565 127.194 129.968 131.09 129.626 128.796 132.297 129.599 128.184 130.001 131.435 132.23 131.325 129.069 128.844 128.779 128.598 128.603 128.581 128.674 128.989 128.647 128.587 128.735 129.631 129.792 128.744 128.989 129.189 129.231 129.283 129.794 129.945 129.836 129.769 129.802 129.886 130.342 130.913 131.258 131.472 131.556 131.546 131.708 131.91 132.731 135.146 136.643 134.674 134.807 137.73 141.06 135.812 133.724 -9999 133.903 -9999 -9999 -9999
126.656 126.819 126.845 126.406 126.087 125.292 125.221 125.236 125.337 125.356 125.395 129.263 130.9 131.148 131.149 130.095 127.644 130.195 133.726 133.297 132.634 129.643 130.41 128.932 128.153 129.97 132.101 132.168 129.378 129.072 128.919 128.611 128.389 128.398 128.428 128.573 128.617 128.493 128.502 128.253 128.33 128.284 128.138 128.277 128.672 129.046 129.12 129.304 129.707 130.36 130.336 130.047 129.959 130.074 130.444 130.733 130.961 131.149 131.325 131.592 131.92 132.049 132.341 136.113 136.809 138.657 141.944 142.068 136.898 135.177 134.271 133.561 -9999 -9999 -9999
126.753 126.767 126.322 125.665 125.343 125.328 125.319 125.338 125.418 125.512 128.011 129.784 129.119 131.366 131.299 128.312 128.133 133.039 133.585 133.758 132.968 132.034 129.404 128.115 128.091 130.542 131.649 131.84 129.563 129.056 128.816 128.6 128.309 128.4 128.46 128.385 128.316 128.231 127.888 127.769 127.428 127.405 127.157 127.284 127.831 128.339 128.693 129.101 129.737 130.321 130.271 130.346 130.41 130.682 131.174 131.008 131.157 131.247 130.929 131.09 131.629 132.114 131.944 134.296 137.819 137.383 137.032 142.939 140.912 139.464 136.658 138.729 141.086 -9999 -9999
126.633 126.041 125.769 125.325 125.368 125.435 125.452 125.535 125.612 126.359 131.313 131.009 128.846 128.405 128.568 127.168 127.26 131.448 133.026 133.784 134.273 132.968 129.711 127.285 127.656 130.991 131.628 130.622 129.339 129.181 128.828 128.519 128.286 128.329 128.059 127.775 127.604 127.631 127.348 127.262 127.453 127.156 127.111 126.977 127.381 128.223 128.434 128.823 129.862 130.034 130.281 130.311 130.191 130.083 131.223 131.789 131.69 131.778 132.322 131.724 131.749 131.457 131.49 131.902 138.267 141.717 141.079 141.088 139.498 141.013 139.993 142.703 140.897 140.954 137.67
125.873 125.662 125.428 125.437 125.471 125.513 125.513 125.863 125.741 126.685 131.724 130.919 128.378 127.287 127.17 127.134 127.039 128.538 131.476 133.258 133.948 133.432 132.682 128.543 127.601 131.278 131.133 129.292 129.048 128.988 128.738 128.398 127.869 127.666 127.504 127.345 127.149 127.297 127.232 127.936 127.132 126.979 126.914 126.905 127.075 127.888 128.323 128.494 129.104 129.393 129.95 131.011 129.993 130.101 130.463 130.452 131.138 131.607 132.168 132.253 132.592 132.595 131.679 133.264 139.188 140.679 138.976 139.902 139.402 140.536 142.417 141.882 143.23 143.873 142.225
125.484 125.488 125.513 125.528 125.578 125.637 125.808 126.383 126.145 127.406 129.731 128.735 127.245 127.192 127.145 127.094 127.057 127.012 127.95 132.547 133.552 133.935 133.18 129.907 127.269 130.343 130.646 128.798 128.453 128.493 128.299 127.764 127.625 127.759 127.145 127.129 127.182 127.135 127.041 126.96 126.907 126.87 126.839 126.851 126.845 126.91 127.187 127.751 128.723 128.837 129.386 130.97 130.204 131.255 130.745 131.52 132.189 131.025 131.444 131.57 131.924 132.146 132.621 136.344 139.711 139.926 140.356 140.128 138.476 142.629 143.106 139.616 141.417 140.136 138.425
125.545 125.604 125.599 125.65 125.663 125.742 126.6 126.873 127.242 126.419 126.636 126.816 127.022 127.119 127.151 127.032 126.999 126.912 126.854 130.637 132.394 130.385 129.458 127.781 127.012 129.019 130.938 128.075 127.809 127.779 127.85 127.092 127.171 127.441 127.029 127.014 126.989 126.946 126.946 126.879 126.864 126.854 126.862 126.85 126.849 126.832 126.842 126.941 127.294 127.76 128.519 129.382 130.404 129.859 130.802 130.847 131.908 130.79 130.644 130.788 131.261 131.578 131.861 135.824 139.061 137.685 136.362 141.111 135.204 139.887 137.433 140.322 136.751 143.956 143.476
125.633 125.703 125.686 125.757 125.749 125.766 125.932 127.634 127.28 126.434 126.524 126.681 126.871 126.844 126.84 127.002 127.358 127.17 127.022 127.082 129.903 129.565 127.89 127.134 127.165 127.003 127.059 127.457 127.138 127.105 127.345 126.952 126.909 126.913 126.891 126.918 126.852 126.856 126.873 126.851 126.869 126.867 126.903 126.857 126.838 126.8 126.797 126.916 127.519 127.665 127.369 127.679 128.49 129.345 129.49 129.909 130.262 130.076 130.284 130.509 131.059 131.738 131.127 134.242 138.313 136.037 135.324 138.846 141.703 136.346 136.843 135.367 140.145 140.952 136.93
125.71 125.763 125.796 125.799 125.791 125.77 125.852 126.183 126.744 126.317 126.419 126.487 126.72 126.787 126.902 126.982 127.043 127.044 127.067 126.992 128.633 130.291 129.578 126.921 126.838 126.797 126.734 126.755 126.778 126.848 126.915 126.893 126.875 126.861 126.847 126.84 126.829 126.831 126.838 126.814 126.847 126.868 126.868 126.889 126.845 126.811 126.819 126.87 126.873 126.845 126.83 126.918 127.298 127.853 128.572 129.013 129.57 129.633 129.922 130.372 130.51 130.711 130.878 131.077 132.931 139.074 138.495 138.079 141.924 141.477 141.574 140.482 135.694 137.392 139.561
125.79 125.845 125.922 125.892 125.797 125.765 126.057 126.794 126.002 126.183 126.36 126.515 126.729 126.823 126.913 126.956 127.005 126.942 126.881 126.792 127.132 129.348 128.008 126.63 126.655 126.643 126.668 126.68 126.733 126.827 126.827 126.866 126.84 126.821 126.825 126.823 126.831 126.772 126.777 126.775 126.772 126.816 126.825 126.846 126.843 126.8 126.8 126.795 126.777 126.746 126.726 126.766 126.782 126.962 127.571 128.16 128.544 129.05 129.32 129.777 130.196 131.052 130.506 130.647 133.524 135.623 139.086 140.254 139.629 139.396 141.809 136.518 139.932 142.723 141.058
126.284 126.238 126.129 126.073 126.243 125.758 126.197 125.825 125.931 126.128 126.296 126.379 126.521 126.729 126.723 126.754 126.74 126.495 126.415 126.374 126.379 127.124 126.499 126.522 126.554 126.684 127.612 126.687 126.763 126.775 126.808 126.832 126.837 126.81 126.824 126.835 126.81 126.777 126.771 126.808 126.773 126.76 126.799 126.789 126.747 126.771 126.778 126.777 126.76 126.677 126.665 126.672 126.682 126.706 126.765 127.117 127.564 128.796 130.132 129.313 130.259 130.768 130.691 130.297 130.595 132.322 138.67 141.09 142.359 142.419 140.347 140.65 140.964 141.794 137.259
130.641 130.273 127.126 126.064 125.833 125.719 125.737 125.751 125.763 126.025 126.168 126.218 126.37 126.471 126.36 126.217 126.142 126.141 126.21 126.248 126.304 126.38 126.457 126.499 126.508 126.43 126.397 126.412 126.569 126.664 126.738 126.773 126.812 126.794 126.806 126.795 126.78 126.79 126.769 126.786 126.789 126.771 126.741 126.699 126.714 126.743 126.723 126.733 126.706 126.632 126.641 126.611 126.639 126.582 126.583 126.685 126.899 129.152 130.166 129.401 129.563 129.759 130.514 130.175 130.376 134.343 135.95 140.612 141.957 141.908 140.485 139.442 141.863 140.993 139.732
131.07 127.119 127.152 126.291 125.998 125.728 125.727 125.703 125.749 125.877 125.967 126.068 126.01 126.014 125.976 126.036 126.045 126.085 126.136 126.204 126.393 126.56 126.364 126.335 126.251 126.202 126.162 126.285 126.419 126.531 126.588 126.66 126.729 126.712 126.756 126.75 126.748 126.742 126.747 126.782 126.778 126.754 126.709 126.69 126.668 126.617 126.621 126.601 126.616 126.596 126.563 126.529 126.548 126.575 126.552 126.575 126.553 127.592 127.988 128.516 128.62 129.048 129.384 129.507 129.624 130.132 132.796 137.325 140.75 137.744 142.502 141.867 140.445 140.818 137.603
130.215 127.248 125.984 126.617 126.958 125.837 125.672 125.66 125.715 125.772 125.777 125.791 125.83 125.864 125.918 125.967 126.31 126.163 126.445 126.213 126.23 126.179 126.11 126.055 126.099 126.028 126.075 126.162 126.307 126.443 126.5 126.553 126.613 126.622 126.669 126.707 126.708 126.722 126.715 126.709 126.704 126.686 126.693 126.634 126.62 126.591 126.568 126.553 126.523 126.489 126.503 126.502 126.473 126.477 126.528 126.522 126.466 126.565 127.131 127.892 128.185 128.559 129.103 129.048 129.151 129.314 130.121 132.315 138.906 140.094 139.604 139.64 140.115 139.808 139.69
127.219 126.081 125.988 125.97 125.985 125.814 125.685 125.615 125.65 125.696 125.721 125.749 125.761 125.825 126.659 126.027 126.414 126.04 126.041 125.993 126.008 126 125.99 126.009 126.007 125.979 125.992 126.047 126.136 126.26 126.449 126.49 126.533 126.546 126.568 126.593 126.637 126.67 126.699 126.693 126.701 126.652 126.688 126.658 126.613 126.556 126.515 126.463 126.491 126.453 126.434 126.416 126.435 126.483 126.496 126.488 126.455 126.433 126.71 127.465 127.91 128.134 128.841 128.779 128.762 128.826 129.027 135.006 138.283 140.774 140.588 134.48 141.518 142.275 140.673
126.398 126.112 126.091 125.998 126.333 125.805 125.611 125.575 125.589 125.662 125.663 125.847 125.863 125.939 125.922 125.948 125.942 125.929 125.911 125.91 125.905 125.965 125.98 125.966 125.996 125.981 125.995 125.991 126.03 126.149 126.307 126.432 126.482 126.472 126.51 126.55 126.545 126.572 126.631 126.64 126.66 126.656 126.647 126.617 126.579 126.56 126.5 126.42 126.439 126.432 126.364 126.395 126.4 126.444 126.49 126.464 126.467 126.429 126.444 127.274 127.831 128.116 128.336 128.982 129.131 128.498 128.597 131.359 137.007 134.725 139.488 140.453 137.685 142.072 135.093
126.011 126.541 125.994 125.937 125.87 125.846 125.61 125.748 126.114 125.742 125.753 125.752 125.788 125.835 125.86 125.854 125.798 125.886 125.871 125.889 125.937 125.946 125.968 125.975 125.982 125.996 125.975 125.968 125.955 126.046 126.216 126.379 126.414 126.431 126.463 126.479 126.475 126.535 126.556 126.578 126.589 126.583 126.563 126.58 126.566 126.555 126.507 126.485 126.45 126.43 126.396 126.38 126.403 126.418 126.457 126.464 126.442 126.402 126.439 126.671 127.357 127.68 128.721 129.221 129.321 128.857 129.221 128.889 131.488 136.927 137.974 137.318 142.109 143.317 142.256
125.957 126.04 126.081 125.871 125.794 125.818 125.676 125.691 125.7 125.701 125.697 125.698 125.71 125.746 125.791 125.801 125.818 125.829 125.851 125.872 125.939 125.912 125.938 125.95 125.966 125.953 125.942 125.929 125.902 125.967 126.157 126.277 126.344 126.371 126.413 126.421 126.478 126.475 126.478 126.484 126.495 126.507 126.493 126.497 126.526 126.518 126.517 126.511 126.456 126.427 126.395 126.397 126.388 126.395 126.434 126.437 126.413 126.415 126.422 126.526 126.799 128.383 128.816 129.256 128.994 128.281 129.367 128.749 128.304 129.142 133.199 139.979 143.562 137.657 133.813
125.782 125.879 125.862 125.864 125.742 125.709 125.672 125.693 125.679 125.697 125.728 125.703 125.725 125.754 125.787 125.793 125.85 125.832 125.847 125.871 125.881 125.912 125.911 125.926 125.94 125.946 125.929 125.886 125.879 125.93 126.099 126.247 126.321 126.326 126.337 126.359 126.397 126.427 126.424 126.439 126.434 126.431 126.407 126.433 126.447 126.463 126.451 126.473 126.422 126.44 126.419 126.416 126.406 126.4 126.423 126.423 126.464 126.447 126.447 126.498 126.735 127.412 128.42 128.172 128.38 128.33 127.946 127.697 127.751 129.34 134.39 138.587 142.197 142.473 138.391
