dsm/se2932_DSM_2M.asc
ncols 500
nrows 500
xllcorner    429000
yllcorner    432000
cellsize     2
NODATA_value -9999
[rows 416 to 447 of 500, columns 216 to 287 of 500]
35.801 39.337 40.961 36.766 38.329 37.232 33.877 33.482 33.446 33.441 33.495 36.482 37.419 37.932 38.377 38.468 38.074 39.536 43.28 45.387 46.144 42.708 33.797 35.193 33.822 33.709 33.74 35.808 36.657 34.258 34.021 34.236 35.24 34.715 34.234 34.074 34.111 34.071 34.022 34.035 34.155 36.69 37.735 38.337 39.032 38.794 34.107 33.857 35.036 35.373 34.255 33.84 34.162 35.47 35.534 35.445 34.841 33.707 33.614 33.62 33.651 33.635 33.662 33.643 33.626 33.662 33.625 33.83 34.503 34.724 34.951 34.783
35.732 37.457 41.095 40.735 36.769 40.354 36.248 33.472 33.446 35.575 37.04 37.579 38.011 38.467 40.248 38.172 37.822 38.889 40.973 45.915 46.148 43.647 34.158 34.343 33.865 33.782 33.71 34.257 36.627 34.216 35.637 37.519 37.336 34.904 34.115 34.079 34.114 34.054 34.041 35.494 37.059 37.77 38.388 39.135 39.36 38.435 36.943 34.507 35.537 36.087 35.393 33.835 33.794 33.935 34.862 34.709 33.989 33.68 33.672 33.632 33.638 33.646 33.612 33.604 33.65 33.668 33.722 34.333 34.468 34.528 34.637 34.288
35.785 38.01 39.603 41.79 40.747 40.768 34.597 33.353 33.337 36.984 37.651 38.227 38.403 38.251 39.411 38.48 40.203 39.884 39.771 42.125 41.409 35.809 33.865 33.756 33.782 33.739 33.717 33.613 34.422 36.262 38.707 40.413 38.587 37.025 34.613 34.154 34.207 34.093 34.124 34.641 37.98 38.807 39.343 39.017 38.341 37.899 37.397 35.806 35.777 35.963 36.072 34.279 33.868 34.298 34.629 34.131 33.93 33.738 33.712 33.769 33.605 33.63 33.617 33.649 33.637 33.645 33.898 34.707 34.527 34.634 35.612 35.307
35.278 35.752 36.59 39.77 39.17 36.25 33.926 33.617 33.441 34.145 38.185 40.608 38.432 41.865 41.299 41.658 41.963 40.868 41.157 40.467 40.988 37.723 35.141 33.724 33.73 33.82 33.74 33.663 33.765 35.221 41.669 41.491 41.022 35.539 35.223 34.232 34.093 34.168 34.13 34.09 34.941 39.268 38.655 37.809 37.332 37.252 37.827 35.387 35.875 35.845 35.971 35.088 34.731 33.913 34.053 34.581 34.632 33.858 33.73 33.708 33.66 33.605 33.66 33.642 34.073 34.043 33.913 35.325 35.177 35.635 36.376 36.63
33.501 35.785 35.702 36.791 37.564 35.806 33.359 33.47 33.443 33.167 34.537 42.093 44.591 44.23 42.181 40.437 35.576 41.026 40.416 41.126 40.508 41.131 36.009 34.688 33.765 33.759 33.776 33.743 37.984 41.502 42.548 42.236 41.273 35.93 34.176 35.045 34.266 37.184 36.798 34.129 34.036 37.074 37.17 37.115 34.982 36.171 34.962 34.173 33.885 35.548 35.512 34.088 33.574 33.876 35.122 35.696 34.714 34.784 33.794 33.678 33.692 33.667 33.729 33.703 33.81 33.959 36.184 36.024 35.285 35.422 36.021 35.916
33.322 34.001 35.774 35.714 36.174 38.577 39.408 34.647 33.484 33.15 38.857 46.07 46.275 46.363 42.239 40.092 38.75 40.7 41.203 40.671 41.124 40.701 40.907 37.525 33.79 33.825 33.763 33.804 33.939 42.28 42.205 41.336 38.949 36.613 34.303 34.241 39.018 40.256 40.825 39.613 34.296 35.126 36.14 34.243 33.928 34.005 35.695 34.003 35.938 35.122 35.921 33.58 33.533 33.845 36.073 36.694 35.407 34.731 34.375 33.79 33.717 33.692 33.705 33.725 33.705 33.891 38.129 38.56 37.028 34.82 33.457 33.284
33.399 33.444 34.672 35.743 35.84 40.512 44.194 46.527 34.417 33.933 43.311 46.865 47.548 46.776 42.67 43.307 38.167 38.877 40.473 41.112 40.586 40.825 40.478 40.988 34.033 33.801 33.814 33.79 33.866 40.807 41.544 41.049 38.267 35.605 34.132 37.552 40.43 40.938 41.852 40.365 35.02 34.246 34.788 34.839 34.026 33.979 35.571 37.724 37.413 34.486 33.632 33.499 33.629 33.694 33.805 33.421 33.665 34.941 35.104 34.331 33.781 33.779 33.729 33.735 34.021 34.787 37.648 37.331 37.74 34.288 33.28 33.414
33.378 33.393 33.457 35.361 37.175 43.471 47.247 47.863 44.212 44.101 43.834 43.529 46.967 48.111 44.561 39.601 38.152 37.838 38.729 40.634 41.114 40.432 41.068 40.682 36.868 33.873 33.785 33.875 33.782 33.731 35.326 36.438 38.887 37.035 34.956 40.578 41.371 41.852 41.384 40.85 39.554 34.06 35.872 36.872 35.171 33.988 34.565 36.859 34.702 33.769 33.778 33.943 33.845 33.449 33.452 33.352 33.359 33.374 36.459 35.791 34.381 33.876 33.865 33.955 34.674 35.446 34.941 34.549 33.457 33.307 33.482 33.366
33.475 33.455 33.408 33.881 36.572 41.573 46.75 46.671 44.145 45.121 45.957 44.547 43.576 42.88 42.257 38.421 37.979 38.145 37.661 38.8 40.264 41.193 40.53 41.193 40.421 34.781 33.791 33.783 33.822 33.781 33.715 36.573 40.357 37.67 36.481 38.947 41.89 41.301 40.464 39.91 35.838 34.074 35.476 37.016 36.889 34.035 34.878 34.531 33.684 35.877 34.105 33.636 33.549 37.437 36.196 33.383 33.296 33.318 35.7 34.759 33.91 34.504 34.492 34.76 34.955 34.909 33.608 33.268 33.265 33.268 33.852 33.623
33.633 33.474 33.425 33.512 33.678 38.833 44.599 44.066 43.791 45.464 45.945 45.233 42.847 40.063 38.496 38.177 37.865 37.816 38.187 37.993 38.197 40.527 41.163 40.57 40.128 35.884 34.491 33.809 33.897 33.885 33.817 37.717 41.065 40.404 37.193 34.207 40.842 40.394 39.68 35.27 34.078 34.029 35.967 35.998 36.203 35.543 33.942 33.838 36.013 37.158 34.727 35.555 37.394 38.611 38.354 36.582 37.005 34.168 33.383 33.416 33.928 33.747 35.957 34.964 34.178 33.47 33.336 33.291 33.391 33.484 33.24 38.428
33.651 33.624 33.5 33.478 33.527 35.154 37.202 40.336 42.741 44.826 45.533 44.292 39.483 37.486 38.216 37.735 37.889 37.894 37.944 38.123 37.689 38.736 41.217 40.771 39.451 39.769 34.179 33.781 33.853 33.893 33.865 33.826 37.322 39.623 40.041 34.572 35.44 36.727 34.671 35.313 34.845 34.396 34.712 35.731 34.831 33.696 33.699 33.96 34.511 35.995 33.562 37.471 38.675 39.207 39.125 38.415 38.979 37.188 33.636 33.351 33.457 34 35.313 34.149 33.617 33.291 33.258 33.33 33.839 33.162 38.247 39.256
33.652 33.615 33.593 33.592 33.593 33.919 35.366 35.758 38.977 42.668 43.476 39.123 37.841 38.296 37.649 38.099 37.796 37.975 37.789 37.883 38.051 38.582 40.127 39.553 39.871 39.473 35.715 33.841 33.891 33.88 33.837 33.921 34.797 37.272 40.533 36.01 34.152 34.186 34.17 34.165 34.304 34.49 34.693 34.709 33.948 33.85 36.149 34.918 33.676 33.535 37.549 38.291 38.286 38.73 39.552 39.311 38.785 37.922 33.855 33.351 33.353 33.418 34.315 33.45 33.341 33.328 33.223 33.701 33.431 38.452 39.511 39.353
33.631 33.688 33.655 33.623 33.539 33.64 34.563 35.784 35.273 34.18 34.578 37.509 38.499 37.811 38.098 37.649 38.105 37.818 37.744 38.27 37.842 39.436 39.46 40.118 39.387 40.203 35.905 33.958 33.875 33.896 33.928 33.949 33.851 33.834 37.418 42.057 36.682 34.266 34.062 34.138 34.112 36.281 35.744 34.145 33.923 34.195 34.541 33.791 33.49 33.481 37.814 38.676 38.327 38.496 38.967 39.572 39.157 37.083 35.485 33.463 33.4 34.388 33.381 33.313 33.376 33.387 34.12 33.357 38.455 39.222 39.404 39.549
33.862 33.773 33.782 33.812 33.789 33.665 33.675 34.044 33.643 33.76 33.902 34.447 37.381 38.256 37.956 38.151 37.722 38.164 38.211 37.999 38.618 39.37 40.193 39.503 40.455 38.149 37.097 34.71 34.027 33.946 33.919 33.937 33.916 33.834 33.813 36.371 39.844 36.401 36.907 34.1 35.457 37.854 35.91 34.338 34.161 34.116 33.574 33.463 33.432 33.412 37.04 38.809 38.85 39.555 38.969 38.843 38.123 36.872 36.81 33.61 33.407 33.344 33.372 36.43 34.559 33.814 36.224 36.347 39.246 39.406 39.536 39.673
33.872 33.807 33.843 33.813 33.782 33.754 33.748 33.801 33.682 33.739 33.859 33.851 34.766 37.898 38.285 38.026 38.092 37.806 37.86 37.918 38.123 38.658 39.605 40.31 37.974 37.201 34.419 34.044 34.063 34.061 33.972 33.845 33.982 33.911 33.842 33.906 38.902 39.735 37.933 35.204 35.198 35.108 34.01 34.277 34.192 33.591 33.498 33.407 33.364 35.952 38.743 39.49 39.879 40.017 39.442 37.726 37.473 36.911 36.871 34.961 33.396 33.38 33.49 39.36 39.975 33.327 37.258 39.244 39.349 39.526 39.678 39.853
34.033 33.912 33.884 33.825 33.917 33.835 33.771 33.767 33.769 33.695 33.847 33.917 33.755 34.565 37.708 38.148 37.696 38.231 37.752 38.068 38.357 38.063 39.67 37.922 35.596 34.225 34.038 34.008 33.938 33.982 33.954 33.783 33.856 33.883 33.917 33.899 35.593 38.115 38.995 34.804 34.338 34.491 34.6 34.166 33.557 33.46 33.408 33.36 36.084 38.7 39.829 40.278 40.785 39.558 37.962 37.706 38.553 37.009 36.735 33.745 33.455 34.244 33.878 39.274 41.827 35.829 34.214 39.24 39.574 39.681 39.867 39.971
34.081 33.921 33.907 33.856 33.919 33.87 33.899 33.835 33.796 33.752 33.826 33.953 33.836 33.754 33.849 37.549 38.504 38.201 38.116 38.249 38.16 38.382 37.822 36.859 34.27 34.077 34.017 34.002 33.94 33.982 33.909 33.895 33.75 33.837 33.917 33.872 33.829 34.519 35.04 34.408 34.669 34.745 34.594 33.587 33.678 33.662 33.446 37.691 38.703 39.556 40.592 40.892 39.964 38.731 38.033 38.231 37.783 36.833 33.506 33.497 34.267 33.626 33.699 33.926 39.365 35.539 33.222 34.873 39.666 39.845 39.899 39.869
34.148 34.068 33.905 33.937 33.961 33.913 33.872 33.887 33.895 33.832 33.89 33.964 33.967 33.783 33.836 34.354 37.679 38.342 37.743 38.107 39.969 38.226 36.928 34.715 34.011 33.991 33.939 33.945 33.93 33.917 33.857 33.858 33.843 33.756 33.798 33.911 33.861 33.789 33.77 33.88 36.471 36.469 33.692 33.684 34.93 33.482 34.241 39.005 39.62 40.578 40.623 39.97 39.264 38.454 37.581 38.227 35.416 33.524 33.443 33.922 33.733 33.673 34.026 36.666 39.091 37.6 33.224 38.418 40.613 40.117 39.843 39.648
34.218 34.084 34.701 34.296 34.025 33.971 33.997 33.924 33.869 33.879 35.237 35.362 34.635 33.886 33.915 33.808 34.222 37.807 38.383 37.874 40.447 37.095 34.112 33.966 34.014 33.953 33.982 33.941 33.906 33.895 33.897 33.865 33.872 33.92 33.853 33.868 33.845 33.794 33.827 33.763 34.004 33.713 36.084 39.082 38.97 38.08 39.889 40.209 40.436 40.668 40.099 39.098 38.405 37.348 37.188 35.511 33.552 33.456 33.628 33.711 33.69 33.809 38.415 39.108 39.223 39.352 39.991 40.965 40.982 40.98 40.126 39.578
35.204 34.095 34.089 34.671 33.954 33.986 33.914 33.945 34.097 34.006 35.318 36.689 34.442 33.997 34.011 33.924 33.865 34.048 37.175 33.843 34.662 33.638 33.978 34.02 33.982 33.985 33.951 33.933 33.896 33.926 33.935 33.925 33.957 33.967 34.011 33.78 33.795 33.858 33.846 33.764 33.737 35.257 37.325 39.694 41.012 41.78 40.7 40.872 40.61 40.218 39.168 38.273 37.282 37.259 36.974 33.661 33.559 34.017 33.668 33.779 33.978 37.469 39.034 39.221 39.411 39.506 40.238 40.748 39.442 40.772 39.752 39.307
38.252 34.196 34.087 34.087 34.038 33.954 33.981 34.084 34.131 34.116 34.046 34.263 33.961 34.007 33.978 33.987 33.866 33.81 33.775 33.6 33.633 35.754 37.12 34.013 33.981 33.935 33.934 33.932 33.945 33.921 33.937 33.93 33.973 34.081 34.776 34.063 33.844 33.834 33.843 33.768 33.724 33.722 34.899 40.416 42.149 42.494 41.835 40.626 40.823 39.803 37.886 37.33 37.194 35.34 33.613 33.578 33.74 33.773 33.754 33.867 38.411 39.346 39.274 39.392 39.473 39.612 39.678 39.955 38.79 35.133 33.057 34.443
46.337 34.754 34.1 34.042 34.025 34.169 34.152 34.656 34.167 34.407 34.089 34.083 34.084 34.037 33.912 33.896 33.842 36.333 33.95 39.961 34.086 37.419 38.647 34.898 35.865 34.003 33.952 33.959 33.944 33.955 33.975 33.985 35.478 37.797 38.739 34.524 33.919 33.719 33.756 33.747 33.796 33.691 33.669 35.308 41.756 42.547 42.461 41.701 41.13 40.841 37.273 37.248 35.196 33.623 34.672 34.114 33.867 33.858 33.874 36.609 39.126 39.255 39.393 39.491 39.63 39.641 39.479 39.462 39.515 36.605 33.866 33.14
60.591 39.681 34.134 34.176 34.177 36.439 37.276 57.463 36.258 34.254 34.299 34.201 34.19 34.146 34.244 34.231 36.739 39.75 35.682 34.703 34.9 34.893 35.289 40.181 39.716 34.996 33.954 33.926 33.982 33.953 33.994 34.002 34.119 37.053 39.058 35.748 34.034 33.766 33.758 33.836 33.763 33.811 33.741 33.702 36.146 41.618 42.55 42.348 41.18 37.968 37.266 35.308 33.642 33.607 33.837 33.825 33.892 34.013 38.482 39.167 39.256 39.378 39.509 39.622 39.704 39.565 39.456 39.334 39.223 38.977 33.635 36.435
61.065 41.84 34.234 36.175 55.248 56.299 61.083 60.872 40.313 34.287 34.254 34.282 34.103 34.198 36.197 36.919 34.381 35.491 35.074 34.315 34.358 34.312 34.311 38.605 39.432 36.719 33.992 33.984 33.964 33.982 34.031 34.05 39.505 35.931 34.871 34.308 34.006 33.924 33.828 33.69 33.765 33.817 33.795 33.739 33.962 39.622 42.069 40.975 39.529 38.812 35.105 33.632 33.691 34.519 33.849 33.906 34.102 38.443 39.143 39.317 39.42 39.541 39.703 39.711 39.603 39.42 39.284 39.243 39.019 37.304 36.648 39.848
61.285 52.815 49.591 61.045 61.125 61.165 61.13 61.161 50.757 35.18 34.54 34.354 34.125 37.126 39.303 40.061 34.897 34.319 34.332 34.334 34.346 34.33 34.167 34.972 35.082 34.444 34.034 33.98 33.979 34.105 37.594 38.04 37.737 35.286 33.955 33.936 33.914 33.934 33.977 33.929 33.83 33.861 33.777 33.82 33.728 33.723 38.262 39.305 39.254 35.187 34.088 33.71 34.162 33.829 33.89 34.022 38.312 39.144 39.345 39.42 39.503 39.662 39.695 39.583 39.424 39.314 39.197 38.97 37.728 36.635 36.623 38.364
61.166 61.33 61.267 61.119 61.085 61.086 61.122 61.091 60.606 37.807 34.334 34.314 34.24 34.979 39.092 38.582 34.785 34.327 34.411 34.299 34.229 34.156 34.132 34.151 34.072 34.375 34.531 34.034 34.066 34.111 35.725 38.898 35.542 33.999 33.973 33.958 33.936 33.928 34.053 34.113 33.972 33.776 33.773 33.854 33.782 33.69 33.722 37.53 35.165 33.718 34.759 34.027 33.793 33.884 33.963 33.933 35.013 39.139 39.399 39.552 39.744 39.665 39.545 39.451 39.359 39.209 38.965 37.338 36.634 36.625 36.391 34.257
64.535 64.451 61.808 61.116 61.084 61.118 61.164 61.119 61.039 44.408 34.315 34.509 34.273 34.155 34.779 35.617 34.276 34.308 34.293 34.317 34.288 34.128 34.106 34.087 34.078 34.035 34.02 34.125 34.151 34.941 34.011 34.016 33.995 34.02 33.984 34.009 33.978 33.948 34.024 34.081 33.993 33.892 33.757 33.745 33.845 33.713 33.724 33.715 33.691 33.699 34.146 33.794 33.799 33.926 33.894 33.947 33.971 36.576 39.487 39.684 39.722 39.555 39.479 39.343 39.217 39.064 37.669 36.832 36.663 36.464 33.991 34.001
64.454 64.721 62.066 61.088 61.091 61.121 61.052 47.405 37.818 38.001 34.405 34.176 34.356 34.214 34.143 39.364 38.415 35.109 34.262 34.231 34.259 35.509 34.215 34.064 34.054 33.994 34.033 34.086 34.054 34.075 34.072 34.06 34.031 34.03 34.026 34.039 34.017 36.562 36.819 36.429 34.779 34.052 33.903 33.794 33.813 33.768 33.836 33.744 33.665 33.691 33.805 33.848 33.903 33.888 33.916 33.92 35.593 36.706 37.156 39.636 39.611 39.475 39.307 39.206 39.048 38.049 36.646 36.633 36.771 34.792 33.948 34.167
62.142 61.447 61.433 60.957 57.939 39.601 37.209 35.742 35.732 35.391 34.47 34.166 34.271 34.236 34.228 37.825 39.995 36.22 34.321 35.681 37.013 37.085 34.498 34.101 34.096 34.011 34.017 34.064 34.079 34.073 34.141 34.182 34.108 34.083 34.13 34.749 37.554 40.708 40.339 37.517 35.687 34.358 34.1 33.901 33.787 33.771 33.797 33.765 33.691 33.676 33.774 33.768 33.839 33.934 33.909 34.003 36.194 36.628 36.649 38.971 39.429 39.303 39.153 38.953 35.333 34.21 36.631 36.26 34.269 33.884 33.797 33.755
61.06 60.822 54.146 37.251 34.372 35.186 35.111 35.533 34.667 34.341 34.199 34.135 34.199 34.239 34.16 34.194 35.708 35.184 37.221 37.891 38.39 37.88 35.069 34.112 34.085 34.111 34.073 34.215 35.573 36.276 37.258 34.87 34.076 36.237 38.228 39.398 41.429 41.278 40.1 35.555 34.896 34.739 34.542 34.033 33.902 33.75 33.741 33.787 33.794 33.68 33.777 33.797 33.868 33.881 33.926 33.986 35.575 36.146 36.643 36.649 37.415 39.171 38.938 34.867 33.969 34.154 34.058 35.659 33.874 33.827 33.716 33.708
40.107 37.072 34.326 34.331 34.253 35.009 35.074 34.311 34.183 34.088 34.086 34.036 34.026 34.246 34.245 34.17 34.841 36.495 34.971 38.222 39.068 38.477 37.155 34.273 34.157 34.308 36.041 37.135 37.727 38.226 38.482 36.838 34.769 36.829 40.589 40.678 41.57 39.5 37.865 35.165 35.289 35.193 34.823 34.365 34.105 33.85 33.796 33.756 33.84 33.825 33.761 33.786 33.857 33.951 33.979 33.966 34.31 34.675 36.481 36.647 36.634 38.463 34.618 33.972 34.042 34.679 33.876 33.871 33.777 33.758 33.723 33.723
34.294 34.243 34.246 34.285 34.25 34.674 34.805 34.239 34.109 34.084 34.093 33.982 34.085 34.169 34.345 34.27 34.265 34.287 35.185 37.616 38.984 38.998 38.016 35.184 36.678 37.512 37.942 38.53 38.835 39.66 39.112 37.884 34.833 34.202 40.401 41.1 36.53 34.523 35.052 35.312 35.45 35.445 35.256 34.822 34.371 34.013 33.848 33.741 33.794 33.851 33.822 33.824 33.858 34.598 34.073 34.026 34.206 34.73 34.429 36.638 36.626 34.25 34.045 34.314 33.97 33.803 33.728 33.728 33.736 33.768 33.743 33.761
