dsm/se2931_DSM_2M.asc
ncols 500
nrows 500
xllcorner    429000
yllcorner    431000
cellsize     2
NODATA_value -9999
[rows 352 to 383 of 500, columns 72 to 143 of 500]
82.264 82.26 82.239 82.22 82.236 82.372 82.101 82.212 82.269 88.484 90.378 92.3 93.226 93.03 86.229 81.234 81.013 80.981 80.938 80.867 80.828 80.785 80.747 80.652 80.63 80.528 80.46 80.397 80.33 80.21 80.178 80.07 79.995 79.891 79.836 79.715 86.024 90.101 89.628 89.981 81.197 80.053 79.572 79.728 79.618 80.421 82.977 86.551 90.471 82.153 78.888 78.673 81.108 85.69 90.981 91.274 91.847 92.622 92.59 90.351 89.54 86.583 79.061 83.524 81.663 78.576 78.461 85.407 89.629 88.337 87.91 87.952
82.223 82.16 82.368 82.261 84.429 89.553 87.722 83.271 82.13 86.024 90.061 91.819 91.561 91.913 84.737 81.746 81.067 81.086 80.999 80.948 80.902 80.831 80.736 80.654 80.592 80.524 80.467 80.386 80.306 80.207 80.126 79.989 80.383 80.202 80.978 79.832 85.07 89.883 90.147 88.51 84.483 79.727 79.642 79.568 81.133 83.167 89.985 89.211 94.09 86.503 79.054 80.056 90.724 92.093 91.427 90.776 93.133 93.552 93.351 91.983 89.338 85.763 79.261 82.22 84.081 83.408 78.864 79.218 87.279 86.963 86.787 87.644
82.26 82.247 82.229 82.289 90.661 92.138 91.764 83.456 81.86 81.693 86.684 87.816 87.841 83.171 81.219 81.227 81.179 81.127 81.062 80.946 80.91 80.831 80.743 80.654 80.567 80.479 80.436 80.361 80.406 80.255 80.203 80.251 84.378 88.01 87.963 80.971 86.95 90.758 90.877 91.278 90.263 85.92 80.798 79.452 80.31 89.587 92.492 96.635 97.106 85.992 80.65 82.609 94.616 94.575 95.264 92.899 89.866 93.989 93.598 92.612 90.901 89.112 78.81 78.816 84.362 83.744 81.254 80.774 85.444 85.96 85.679 87.758
82.264 82.415 82.248 83.851 90.851 92.98 92.064 82.987 81.524 81.472 81.449 81.418 81.405 81.398 81.375 81.201 81.211 81.124 81.049 80.974 80.914 80.817 80.713 80.703 80.636 80.574 80.561 80.505 80.546 80.793 80.783 80.527 84.67 88.515 87.588 82.14 87.269 91.224 92.467 92.676 92.829 90.399 82.814 80.618 93.582 95.86 94.925 97.807 94.945 94.454 93.481 92.18 95.834 96.522 96.016 95.427 94.315 93.011 93.095 92.358 90.85 83.553 78.628 78.683 81.991 83.605 83.61 81.723 79.353 80.016 84.852 86.278
82.298 82.215 83.407 83.049 90.748 91.42 91.188 82.942 81.57 81.562 81.547 81.513 81.474 81.369 81.328 81.258 81.176 81.101 81.035 80.948 80.885 80.93 80.871 80.808 82.199 81.187 80.943 80.868 80.707 80.636 80.515 80.412 81.402 85.55 82.631 85.188 90.314 92.768 93.777 93.897 92.518 84.995 85.583 88.447 93.356 91.554 97.866 98.392 93.028 96.644 87.457 95.101 96.705 92.61 96.811 96.604 93.984 93.32 92.053 85.213 89.537 79.769 78.527 78.623 79.068 83.57 83.934 81.124 78.241 78.217 82.806 85.855
82.203 82.696 82.05 82.046 82.266 82.648 83.741 81.709 81.676 81.684 81.577 81.512 81.43 81.364 81.298 81.252 81.149 81.077 81.08 81.061 81.559 81.644 85.245 82.472 93.683 83.902 81.186 81.069 80.665 80.517 82.058 80.611 80.224 83.247 88.256 93.31 92.995 94.772 94.213 93.932 92.319 92.042 90.877 93.486 94.767 97.27 94.026 98.068 95.013 96.971 87.48 92.412 96.796 94.205 97.076 96.004 95.335 90.318 86.167 81.777 79.462 78.329 78.405 78.469 78.547 81.721 84.449 82.055 79.087 78.125 79.385 85.175
82.173 81.986 81.887 81.859 81.844 81.837 81.785 81.753 81.708 81.672 81.588 81.471 81.38 81.268 81.174 81.234 81.17 81.164 81.115 81.164 81.496 81.649 95.655 94.734 93.947 96.303 84.308 95.656 81.221 83.712 92.792 95.456 91.475 80.624 92.573 94.453 95.47 95.799 95.019 94.497 88.342 94.408 94.027 94.755 97.247 95.433 95 91.907 98.017 97.305 85.107 92.433 92.839 97.352 93.937 97.038 93.901 88.585 78.272 78.148 78.221 78.254 78.291 78.383 78.803 78.503 83.562 84.71 83.101 79.148 78.755 82.599
81.986 81.898 81.95 81.922 81.894 81.885 81.85 81.801 81.707 81.632 81.522 81.415 81.34 81.407 81.436 81.406 81.306 81.235 81.227 83.116 81.378 83.825 95.391 95.586 99.106 99.203 99.135 93.637 92.43 96.732 96.049 96.703 96.865 95.827 94.888 95.825 95.584 96.519 96.879 95.436 92.6 94.891 94.955 94.22 94.883 96.17 84.564 96.407 92.751 90.438 82.09 87.613 96.348 97.393 96.738 96.871 95.478 93.493 88.263 84.365 79.309 78.139 78.21 78.202 78.34 78.386 82.809 85.08 85.334 79.266 77.857 79.966
82.009 81.995 81.987 81.985 81.939 81.898 82.007 83.681 82.263 81.925 81.464 81.456 81.553 81.827 81.72 81.665 81.589 83.467 81.369 81.315 81.358 81.539 92.955 97.052 99.916 97.389 96.256 90.028 97.224 96.443 98.552 85.98 97.14 98.015 98.148 96.933 95.161 96.151 96.936 95.852 92.462 91.378 92.024 91.841 89.777 93.275 92.277 92.227 92.786 90.415 80.311 85.323 86.297 95.734 93.588 92.514 92.441 93.968 88.875 88.444 80.03 79.832 78.179 78.163 78.18 78.285 79.179 84.615 84.894 82.268 78.041 78.097
82.117 82.108 82.081 81.993 81.923 81.821 90.748 95.504 94.406 94.129 91.953 82.018 81.775 81.673 81.699 81.701 83.305 81.713 81.43 81.317 81.308 85.002 96.042 97.918 98.979 90.498 99.435 97.39 100.588 99.064 97.805 97.251 99.002 99.157 99.118 99.281 93.587 95.797 96.42 94.593 85.584 86.14 90.134 89.938 89.548 86.575 82.017 80.624 86.542 95.268 89.808 90.969 93.434 93.326 93.438 92.697 93.364 93.85 93.71 90.079 87.205 84.358 78.15 78.119 78.12 78.186 78.192 79.307 83.589 83.101 80.443 78.216
82.207 82.131 82.062 83.099 82.2 90.894 94.92 96.855 95.906 92.856 89.426 85.762 82.073 81.846 81.664 81.721 85.347 87.784 84.327 82.037 82.363 91.844 94.111 88.823 96.654 97.455 93.499 94.675 102.062 100.828 94.921 97.896 98.206 97.198 95.45 100.673 100.734 100.355 97.446 92.541 82.746 79.021 80.672 79.773 78.796 79.104 93.487 94.384 96.115 95.805 93.598 95.916 96.583 97.233 97.843 95.349 93.099 93.983 94.07 91.661 90.165 79.717 77.938 77.981 78.136 81.434 78.601 78.327 81.982 83.131 80.025 77.481
82.181 82.079 88.394 93.113 87.063 90.612 93.769 97.241 93.205 97.692 99.003 95.62 94.197 93.897 84.283 81.901 86.996 88.635 88.096 82.209 81.396 86.186 96.787 96.331 92.766 101.055 99.755 99.422 99.214 101.033 98.712 99.395 99.943 95.561 101.975 100.159 102.172 101.625 99.303 92.71 80.706 78.985 78.903 78.894 79.136 93.485 95.971 96.08 96.155 97.217 96.573 96.12 97.713 98.896 99.03 97.212 91.281 93.613 93.728 92.649 89.405 83.159 77.904 77.934 77.986 77.999 77.965 78.087 79.19 83.366 82.484 78.256
82.084 82.245 92.398 95.674 96.238 92.632 86.822 89.732 98.535 93.049 94.038 98.715 97.357 95.47 89.707 81.92 87.525 91.976 87.864 82.417 81.123 81.679 94.427 93.483 100.123 100.889 98.164 100.826 99.616 88.701 99.007 98.725 98.183 100.644 97.679 93.485 100.298 100.719 96.453 93.619 83.554 78.924 78.892 78.87 78.815 91.352 95.825 96.594 96.36 96.95 98.095 96.874 98.544 99.407 98.361 93.921 93.301 90.807 89.656 90.772 79.019 77.957 77.911 77.842 77.884 77.912 77.911 77.955 78.15 81.449 82.404 78.346
82.075 82.765 91.07 93.573 89.202 94.606 94.593 81.994 81.508 86.631 98.457 98.265 97.992 98.083 96.517 85.711 88.818 92.76 87.245 81.165 81.969 92.843 93.944 97.308 98.374 100.391 100.745 97.807 97.971 96.798 98.236 98.641 99.455 98.709 98.865 100.542 101.434 99.525 96.832 90.379 80.41 78.99 78.923 78.899 78.882 82.718 96.505 96.723 97.066 88.658 97.79 97.277 95.502 98.536 97.682 95.412 87.638 80.332 87.222 80.764 78.053 77.979 77.872 77.846 77.829 77.866 77.857 77.885 78.038 78.165 78.305 79.54
88.789 93.782 87.69 93.018 89.307 90.371 81.994 87.716 88.985 95.873 98.749 89.908 98.732 98.602 97.149 85.288 81.652 83.684 82.365 81.299 86.292 92.859 89.578 96.238 93.914 97.748 98.657 90.068 93.551 94.594 95.451 97.543 98.375 92.855 87.574 98.848 94.948 94.895 94.18 89.075 79.589 80.841 91.401 90.867 86.152 84.09 87.951 85.632 97.09 96.532 96.596 93.804 98.649 98.421 96.15 84.202 79.125 78.279 78.402 78.536 78.053 78.001 77.864 77.802 77.806 77.78 77.795 77.938 78.518 78.637 79.131 79.872
83.951 94.266 100.252 93.854 90.929 88.147 89.353 81.555 81.845 89.578 99.706 97.205 98.423 98.37 97.605 93.127 90.597 84.09 89.087 90.183 85.896 82.843 94.116 94.208 93.911 93.759 89.974 88.195 82.363 91.233 92.008 92.678 86.742 84.048 93.82 87.4 89.619 93.531 92.348 89.778 94.401 92.374 93.465 94.655 85.927 79.144 83.133 94.752 95.131 96.951 98.751 91.442 98.831 98.93 94.601 88.505 81.287 78.148 78.079 78.05 78.031 77.996 77.911 77.778 77.765 77.746 77.759 85.526 90.155 90.75 90.509 84.23
86.368 82.184 95.415 99.379 92.896 87.76 81.574 81.509 82.915 97.521 97.783 98 96.986 98.045 93.989 96.701 97.249 95.512 98.479 96.411 94.619 88.804 81.322 88.687 95.621 93.986 89.533 81.226 80.211 81.468 83.051 83.972 82.618 79.651 80.358 84.094 82.617 89.572 90.849 90.162 88.541 95.126 95.476 88.846 87.435 79.855 78.626 89.608 94.969 97.62 100.394 100.034 97.454 98.992 95.005 92.281 87.43 78.167 78.001 77.982 78.005 77.94 77.899 77.771 77.75 77.726 78.31 86.749 92.924 93.536 92.682 91.221
88.576 81.761 92.685 97.04 96.987 97.75 92.073 81.82 88.018 86.796 96.048 95.843 94.587 96.623 97.141 97.185 97.241 96.509 98.131 98.333 96.714 90.339 81.373 80.707 83.322 91.495 85.531 80.33 80.162 80.401 79.908 86.22 80.033 80.13 79.641 82.975 83.355 89.367 84.451 91.944 94.921 96.04 92.568 94.18 92.792 92.547 79.498 93.385 98.068 97.489 100.061 100.249 98.538 98.502 90.651 86.742 80.42 77.95 77.907 77.928 77.922 77.883 77.902 77.821 77.732 77.714 79.355 91.179 92.741 92.811 92.692 90.705
89.809 81.95 92.824 97.619 97.766 97.883 93.133 84.805 81.252 83.316 83.801 82.722 88.267 96.526 97.379 97.441 96.593 99.907 98.753 98.167 97.585 92.738 80.821 80.623 80.519 80.523 80.413 80.267 80.495 90.645 90.887 88.723 89.783 89.17 80.062 82.799 83.691 94.057 91.819 96.928 97.445 98.508 98.531 96.129 87.664 89.843 93.655 97.889 98.627 98.45 90.66 92.003 94.078 95.93 97.451 90.202 78.935 77.899 77.874 77.868 77.819 77.814 77.814 77.795 77.719 77.696 77.831 89.56 91.385 91.468 91.492 90.776
81.683 81.593 85.424 97.974 97.818 95.663 86.936 81.675 81.28 81.252 81.216 81.264 87.005 92.399 96.146 96.948 97.696 98.558 98.708 97.747 94.96 84.672 80.609 80.56 80.505 80.403 80.39 80.265 89.843 94.057 86.672 92.962 92.73 83.651 82.495 88.32 91.844 95.985 95.777 95.388 98.169 95.737 98.093 81.061 79.478 97.305 98.558 96.335 98.584 99.363 99.288 99.676 98.28 97.94 98.248 79.558 77.925 77.876 77.818 77.793 77.758 77.717 77.744 77.783 77.724 77.653 79.453 87.974 90.921 91.088 90.437 89.617
87.383 88.917 95.557 95.94 96.801 92.938 84.361 81.331 81.215 81.171 81.227 81.164 81.156 89.823 94.563 96.289 97.932 97.918 98.081 96.257 92.655 84.611 80.496 80.95 84.26 82.718 80.346 80.792 85.401 93.265 94.031 95.553 95.2 92.196 89.582 94.1 95.866 96.452 96.974 97.912 95.154 96.99 93.216 95.797 98.418 98.721 95.481 96.765 93.813 97.663 98.663 96.994 98.777 98.268 98.561 82.598 77.956 77.862 77.777 77.763 77.746 77.716 77.698 77.725 77.707 77.615 79.058 87.277 88.885 89.696 90.343 89.409
83.467 84.876 96.193 97.573 97.539 92.87 85.328 81.779 84.36 82.144 82.226 81.116 81.05 81.07 81.908 91.543 94.265 95.743 96.377 93.172 89.783 82.592 86.287 93.066 92.652 82.641 80.444 82.821 92.199 93.075 87.39 93.676 95.146 93.164 92.294 92.747 95.48 91.327 96.075 84.982 93.691 94.967 86.943 92.161 93.123 95.58 95.021 98.532 95.604 96.633 97.573 91.741 98 95.22 95.729 81.579 78.596 77.851 77.768 77.735 77.742 77.706 77.673 77.615 77.651 77.62 77.554 84.295 87.862 89.169 88.796 87.635
81.428 89.977 95.564 96.903 96.952 92.999 82.378 88.323 92.579 93.527 87.559 81.604 80.974 80.939 81.059 91.022 94.103 94.713 93.015 88.457 81.998 81.561 91.134 93.508 93.569 88.735 91.894 84.979 89.011 91.595 93.971 93.969 92.733 90.21 87.016 94.636 94.838 94.42 95.844 96.376 97.987 97.825 96.33 98.567 99.576 99.086 92.997 94.876 90.206 88.13 94.411 97.202 95.621 94.743 92.739 90.885 79.792 77.88 77.771 77.699 77.696 77.65 77.636 77.599 77.586 77.535 77.526 77.527 79.907 81.951 86.138 80.53
81.388 81.656 88.808 94.389 91.826 84.992 81.328 91.052 94.706 90.724 85.492 85.082 80.907 80.823 80.795 81.728 89.419 96.609 89.477 85.236 95.036 88.971 92.184 96.028 97.164 93.786 95.987 94.728 85.678 88.585 89.352 90.883 89.244 84.234 89.438 92.8 93.423 92.01 92.692 89.528 96.998 97.189 86.656 96.525 97.081 98.812 92.143 88.303 97.29 93.519 92.318 96.492 84.105 95.46 93.579 79.605 78.012 77.909 77.791 77.733 77.671 77.637 77.61 77.492 77.479 77.481 77.482 77.482 77.467 77.501 77.495 77.496
81.377 81.315 81.362 82.057 81.091 81.585 87.159 92 89.361 93.644 89.546 81.407 80.74 80.724 80.715 93.919 97.352 90.165 93.843 95.851 97.117 97.893 98.124 98.43 99.606 96.137 97.094 93.243 89.51 80.45 83.808 81.565 82.07 83.98 86.914 87.692 90.152 89.583 90.633 91.924 87.295 92.765 92.963 97.912 97.236 92.143 94.237 94.689 94.116 87.7 96.162 96.223 95.344 90.97 78.606 78.08 77.96 77.925 77.867 77.736 77.65 77.625 77.596 77.513 77.462 77.43 77.441 77.437 77.462 77.46 77.462 77.472
81.33 81.234 81.203 81.148 81.082 86.31 88.947 90.691 92.076 82.26 80.828 80.757 80.717 80.686 80.969 83.753 96.388 90.716 100.152 98.985 99.562 100.019 99 98.546 100.044 96.849 97.555 94.231 94.295 81.504 79.813 79.685 79.623 79.521 79.43 82.591 85.269 82.031 79.417 82.236 89.363 92.379 91.912 86.555 95.571 95.863 94.728 97.239 96.983 98.004 97.262 92.1 92.833 95.057 87.009 78.45 78.021 77.966 77.906 77.778 77.698 77.64 77.585 77.523 77.484 77.429 77.402 77.429 77.449 77.416 77.449 77.428
81.299 81.232 81.179 81.133 81.332 86.904 88.972 86.031 80.917 80.793 80.789 83.495 88.67 90.252 82.172 91.23 99.092 98.389 97.072 100.117 99.856 99.35 96.497 100.059 99.715 97.171 97.713 90.58 86.71 79.875 79.848 79.686 79.578 79.494 79.4 79.344 81.904 80.632 79.004 78.975 87.557 89.534 91.172 92.035 94.756 85.973 93.433 97.899 98.299 98.145 88.06 97.953 99.687 99.378 96.666 92.532 79.401 77.916 77.897 77.826 77.764 77.658 77.574 77.512 77.502 77.442 77.397 77.385 77.406 77.391 77.415 77.428
81.226 81.199 81.164 81.116 81.045 81.541 87.154 88.345 81.403 80.98 90.236 92.892 94.976 95.808 86.785 92.345 95.209 99.489 100.646 95.445 99.865 94.862 97.535 99.556 98.506 93.943 94.193 92.317 87.717 79.856 79.785 79.69 79.558 79.445 79.371 79.367 79.442 79.07 78.974 78.915 78.867 81.083 87.26 84.43 87.396 89.64 88.951 97.349 97.982 97.811 98.121 100.004 100.443 99.938 99.288 96.199 88.502 77.98 77.864 77.79 77.697 77.589 77.549 77.57 77.432 77.363 77.31 77.278 77.387 77.392 77.392 77.427
81.239 81.146 81.134 81.058 80.97 81.817 86.5 91.064 92.302 89.032 93.316 95.272 96.42 97.281 93.606 94.21 97.557 99.247 98.384 96.363 99.391 98.212 94.535 93.531 96.085 95.322 93.806 86.509 86.613 79.789 79.704 79.692 79.596 79.423 79.329 79.248 79.183 79.036 78.942 78.877 78.826 78.725 78.653 78.647 81.963 87.384 86.305 91.776 96.977 94.38 96.802 99.93 99.309 100.071 99.083 97.409 92.186 78.275 78.044 77.992 77.932 77.901 77.804 77.733 77.608 77.537 77.438 77.329 77.272 77.347 77.34 77.405
81.18 81.144 81.028 80.981 81.039 91.528 84.646 90.049 93.133 90.907 92.657 96.03 96.883 97.5 96.973 94.398 94.091 95.04 95.575 99.325 98.008 84.212 85.262 81.198 88.794 87.184 84.417 79.761 79.716 79.666 79.626 79.591 79.552 79.366 79.278 79.207 79.104 79.019 78.939 78.832 78.792 78.73 78.635 78.619 78.483 87.715 87.327 92.838 83.168 90.271 98.319 99.511 98.847 98.38 97.253 96.34 83.219 78.216 78.152 78.093 78.03 77.96 77.859 77.784 77.755 77.653 77.574 77.514 77.389 77.294 77.346 77.404
81.119 81.11 81.003 80.952 86.764 93.101 89.068 91.492 88.718 91.471 92.958 95.597 96.203 96.758 96.905 95.251 95.183 93.159 91.003 93.497 86.214 80.235 80.156 80.021 79.896 81.273 79.737 79.698 79.672 79.608 79.548 79.519 79.486 79.394 79.258 79.2 79.102 79.019 78.906 78.855 78.724 78.642 78.673 78.629 78.766 87.851 93.322 93.901 91.324 93.891 91.529 98.206 97.031 95.203 95.278 95.484 79.579 78.433 78.197 78.124 78.027 77.932 77.859 77.849 77.831 77.758 77.719 77.62 77.464 77.329 77.31 77.223
81.085 81.087 81.022 80.896 87.572 97.203 99.613 101.069 97.257 92.332 88.305 93.562 94.486 94.804 94.826 94.327 94.183 93.764 90.636 88.508 80.318 80.17 80.06 79.981 79.865 79.763 79.702 79.633 79.607 79.554 79.51 79.452 79.44 79.42 79.27 79.163 79.07 79.027 78.941 78.838 78.73 78.647 78.656 78.628 78.547 87.263 86.923 95.564 96.421 97.755 98.892 93.789 84.415 84.955 92.099 95.911 94.393 84.458 78.393 78.124 78.046 77.995 77.894 77.853 77.82 77.763 77.698 77.619 77.55 77.558 77.459 85.152
