dsm/se2937_DSM_2M.asc
ncols 500
nrows 500
xllcorner    429000
yllcorner    437000
cellsize     2
NODATA_value -9999
[rows 248 to 278 of 500, columns 350 to 419 of 500]
101.646 106.26 105.925 106.1 104.843 101.913 99.554 98.699 98.739 98.736 100.98 102.256 114.941 111.239 110.992 107.601 102.665 99.108 99.099 99.147 99.325 99.885 99.689 100.26 101.033 100.723 100.494 100.555 100.501 100.541 100.474 101.22 101.176 101.226 101.257 105.587 102.552 103.015 102.927 102.782 102.397 102.511 101.935 102.613 104.488 106.623 107.92 104.976 103.944 104.035 104.198 104.522 104.676 104.845 104.979 106.383 105.509 106.981 105.127 105.134 105.12 105.151 105.888 106.234 105.446 105.276 105.475 105.058 104.809 104.848
101.339 103.73 105.301 105.769 105.13 103.797 99.603 98.902 98.872 98.677 103.33 104.096 110.505 110.674 109.412 103.641 99.117 98.999 99.038 99.055 99.185 99.191 99.335 99.441 100.443 100.699 100.402 100.382 100.404 100.396 100.401 100.604 100.95 100.939 102.136 101.813 102.202 102.454 102.875 106.949 103.733 101.694 101.764 102.261 103.38 104.02 106.474 103.395 103.57 103.87 103.916 104.272 104.621 106.332 105.132 106.263 105.401 105.229 105.33 105.064 105.16 106.225 105.304 104.8 104.806 104.806 104.776 104.722 105.133 106.44
100.928 101.138 104.539 104.521 104.021 100.614 99.236 99.204 98.883 99.057 101.787 101.965 99.967 102.579 102.74 104.15 101.409 99.699 99.053 99.026 99.053 99.065 99.187 99.555 100.044 100.364 100.577 100.275 100.292 100.318 100.296 100.298 100.463 100.661 100.866 101.05 104.542 106.87 107.214 107.811 105.977 101.83 102.916 103.382 102.906 102.839 102.97 103.425 103.354 103.573 103.754 104.243 104.986 104.813 105.592 106.589 106.32 105.046 105.05 105.687 105.194 106.042 104.809 104.821 104.716 104.678 104.761 105.589 105.818 105.407
97.768 97.64 100.196 99.367 100.623 99.688 98.61 99.508 99.309 99.81 100.653 98.838 101.478 100.541 100.989 103.378 104.868 104.517 102.555 100.462 98.871 98.97 99.107 99.481 99.841 100.85 101.267 100.316 100.212 100.25 100.211 100.127 100.189 100.673 101.894 100.92 101.338 106.345 107.857 108.471 108.374 105.528 102.315 101.913 102.602 102.784 102.889 103.952 103.314 103.776 104.507 104.811 105.792 104.717 104.599 105.2 105.176 106.997 105.954 106.51 104.719 104.714 104.89 104.702 104.698 105.732 105.55 105.942 104.75 104.468
98.659 97.696 98.14 99.684 100.742 99.074 102.956 104.287 104.697 104.065 104.473 104.143 103.607 98.953 99.876 104.14 105.399 105.453 104.945 104.621 102.492 99.685 99.016 99.263 100.338 100.507 101.397 100.486 100.158 100.144 100.146 100.03 100.056 100.211 100.573 100.828 100.958 103.736 107.234 108.594 108.291 106.131 102.699 101.814 102.033 102.686 103.552 104.739 103.662 103.65 103.551 103.636 103.824 104.372 104.498 107.527 107.862 108.622 107.803 106.272 108.958 107.715 104.818 104.657 105.64 104.901 104.543 104.421 104.43 105.252
99.491 98.22 98.21 100.599 100.021 99.437 101.026 105.215 105.817 105.915 105.61 105.231 103.26 99.208 99.728 104.696 105.722 106.123 106.193 105.55 105.048 102.232 99.777 100.157 99.517 102.081 100.603 100.153 100.088 100.023 100.035 99.986 99.962 100.209 100.958 100.792 101.621 103.128 106.157 108.077 108.5 107.632 105.74 101.881 103.452 103.956 103.923 103.99 102.86 103.213 103.368 103.5 103.677 105.425 104.524 109.231 108.645 110.916 110.826 113.06 114.136 114.177 110.633 104.977 104.902 104.344 104.4 107.734 108.604 106.16
96.389 98.377 98.735 99.544 98.337 98.631 101.669 105.386 105.985 106.874 106.304 105.361 104.207 99.47 99.48 103.012 104.622 105.249 106.001 105.614 104.611 102.004 100.442 99.381 99.102 99.201 99.569 99.87 99.946 99.974 99.939 99.881 99.897 99.861 101.595 102.044 100.999 101.006 103.701 107.381 107.852 107.034 102.276 101.736 103.466 103.894 104.252 104.454 103.353 102.83 103.293 103.453 103.623 104.913 108.166 106.697 107.978 112.881 114.137 115.798 116.877 116.195 114.748 109.967 105.78 104.372 106.86 111.354 110.646 106.693
97.712 97.433 97.984 97.475 97.968 98.497 102.619 104.879 104.762 105.075 104.933 104.961 101.297 99.934 98.597 101.241 101.738 103.639 104.495 105.083 102.684 101.165 100.152 100.894 100.643 99.109 99.143 99.155 99.854 99.881 99.85 99.785 99.836 99.786 99.857 100.885 100.837 100.928 101.053 106.104 103.906 101.962 101.572 101.598 102.561 104.176 104.037 102.031 101.438 103.071 103.309 105.243 106.468 109.696 106.863 106.086 110.875 114.149 115.385 116.563 116.183 115.119 111.366 112.002 106.146 105.709 111.216 113.234 112.17 105.647
96.623 97.961 99.225 96.568 97.226 97.99 98.426 99.343 99.34 99.874 99.852 100.091 100.374 99.375 98.616 99.245 99.593 98.804 99.389 100.18 99.801 100.39 101.167 102.736 103.655 100.102 99.039 99.097 102.157 100.855 99.747 99.753 99.734 99.76 99.662 99.938 100.655 100.838 100.717 100.875 101.11 101.177 101.322 104.39 102.508 101.982 101.324 101.321 101.353 102.13 104.569 105.542 106.825 104.063 109.593 104.954 108.96 114.146 115.86 116.989 117.502 117.012 114.916 113.518 105.11 107.164 108.471 109.942 110.021 103.634
97.291 98.999 96.293 96.157 96.39 97.007 97.202 97.351 97.772 97.826 99.041 100.399 98.43 98.398 98.633 98.795 97.949 98.121 98.934 100.314 100.174 102.546 103.962 104.789 104.914 102.384 100.408 101.873 101.832 101.866 99.654 99.689 99.679 99.636 99.594 99.603 100.623 100.003 100.336 100.588 100.793 101.274 104.861 107.019 106.037 104.361 102.063 101.359 102.759 102.093 103.473 103.469 104.544 104.216 105.068 104.076 109.952 109.964 114.73 116.166 116.662 115.249 114.067 108.327 106.208 107.786 109.594 109.051 105.569 104.273
98.706 96.678 95.895 95.914 95.988 96.2 96.42 96.494 96.556 96.547 100.504 99.557 97.187 97.559 97.605 97.382 97.422 97.704 99.035 102.283 102.061 102.379 104.676 105.808 105.751 104.546 100.864 100.587 98.963 99.96 99.617 99.526 99.493 99.54 99.464 99.444 99.544 99.81 100.078 100.357 102.236 106.374 107.293 107.658 107.078 105.046 103.639 103.101 101.567 101.373 101.84 103.305 105.418 103.811 104.858 110.168 113.736 108.262 112.339 110.222 112.636 113.338 112.711 107.736 107.265 107.683 108.643 109.05 108.181 104.831
98.175 99.987 95.982 95.901 95.911 96.189 97.198 96.377 97.402 98.454 97.862 96.794 97.612 97.584 97.052 97.224 97.281 98.078 99.059 99.373 98.958 98.425 104.269 105.454 106.243 105.708 103.763 98.834 98.707 99.321 100.547 99.425 99.397 99.388 99.347 99.305 99.319 99.616 99.741 100.193 100.695 105.647 107.275 108.172 107.527 105.858 101.395 101.631 101.28 101.346 101.517 103.506 105.368 105.877 107.2 104.933 106.168 103.881 105.343 105.735 110.074 108.487 114.116 112.068 107.578 107.275 107.976 107.624 109.722 106.324
103.953 101.242 96.994 96.66 95.804 96.094 96.249 96.287 96.821 96.605 96.514 96.823 96.808 96.841 96.838 97.208 98.67 99.268 97.818 97.757 97.652 99.25 100.518 104.729 106.009 105.841 104.787 101.394 98.703 100.884 100.082 99.342 99.301 99.291 99.303 99.226 99.221 99.362 99.572 100.137 100.479 100.796 107.09 109.253 108.082 107.202 102.818 101.529 103.825 103.116 103.362 104.271 104.96 107.026 108.45 104.544 103.331 103.171 103.236 103.406 107.473 106.485 109.033 106.722 104.996 106.383 106.444 105.674 103.78 103.361
104.331 102.967 102.592 96.312 95.688 95.75 95.936 96.974 96.437 96.198 96.994 96.65 96.429 96.507 96.664 97.795 100.08 97.748 97.215 97.42 99.182 100.65 101.221 104.196 105.246 105.114 104.609 103.679 99.708 99.096 98.953 99.267 99.265 99.358 99.195 99.167 99.118 99.252 100.148 100.268 100.435 101.42 104.536 107.16 107.968 107.346 106.505 102.021 103.516 103.489 103.349 102.459 102.711 104.253 103.841 102.692 102.899 103.045 103.124 103.988 103.187 103.928 106.478 109.677 108.469 106.473 104.034 103.25 103.14 103.17
104.272 103.683 102.464 96.185 95.535 95.542 96.134 96.349 96.074 96.434 96.351 96.204 96.217 96.622 96.671 97.089 99.332 100.11 97.614 98.879 98.4 98.144 101.255 101.739 104.358 101.526 99.951 98.99 98.643 98.612 98.809 98.957 99.745 100.072 99.154 99.092 99.079 100.255 99.482 101.158 100.526 100.298 100.605 106.37 107.226 106.369 102.447 101.868 102.954 103.369 103.2 101.989 102.017 102.151 102.348 102.989 104.169 104.619 103.161 102.815 102.891 102.87 105.514 109.306 106.054 103.596 103.037 103.08 103.129 103.094
102.535 102.516 98.555 95.523 95.437 95.723 97.323 96.645 95.906 96.072 95.958 96.027 96.09 99.62 99.834 98.433 100.12 99.757 98.993 103.406 98.14 98.001 100.028 98.956 99.915 99.116 98.721 98.22 101.301 99.452 98.472 99.039 99.655 99.486 99.259 98.998 98.906 99.074 100.275 101.502 100.191 100.216 100.368 104.189 102.302 100.881 101.244 101.157 101.484 102.746 101.714 101.747 101.877 102.893 104.608 106.843 103.593 102.733 102.562 102.613 102.707 102.811 104.478 108.025 106.753 103.625 103.409 105.726 106.332 103.369
99.029 98.391 97.245 96.052 96.138 96.936 98.632 96.292 96.138 95.795 95.816 95.834 95.866 98.812 99.986 102.434 104.763 101.913 97.194 96.728 97.565 98.906 98.177 99.477 98.958 98.562 98.467 104.548 104.48 102.938 98.534 98.595 100.176 99.638 99.378 98.924 98.801 98.804 98.872 100.444 100.229 99.457 99.672 100.25 100.544 101.62 103.49 105.507 102.776 101.262 101.56 101.687 104.405 105.303 105.855 106.513 104.007 102.293 102.452 102.512 102.5 105.536 110.602 110.585 106.305 104.455 106.127 106.283 105.947 103.958
95.211 96.908 96.435 96.277 96.754 95.705 96.068 96.139 96.076 95.731 95.706 95.73 95.83 97.314 98.363 100.869 105.687 97.426 96.379 96.534 101.772 103.762 101.205 99.924 98.599 101.572 105.846 105.954 104.967 103.687 99.697 99.006 98.556 98.999 99.057 99.601 98.725 98.733 98.643 98.86 98.832 99.09 99.58 100.013 100.778 104.586 106.356 106.841 106.117 101.367 102.095 102.554 103.666 102.327 101.772 102.69 102.032 102.086 102.195 102.268 102.779 102.653 109.236 109.43 104.374 103.523 105.788 104.401 103.373 104.069
96.304 96.489 97.083 98.535 97.49 96.667 97.333 96.174 96.209 95.458 95.562 95.663 96.906 97.823 96.859 96.749 98.937 97.483 96.327 96.852 102.613 105.404 102.535 99.942 97.67 99.033 105.539 105.954 106.331 104.565 101.517 98.618 98.526 98.603 99.47 98.861 98.619 98.611 98.537 98.556 98.685 99.112 99.228 103.323 104.522 104.725 106.829 107.58 106.899 103.748 102.27 101.984 101.363 101.535 102.465 102.658 101.805 103.473 102.451 102.084 102.015 102.395 104.023 104.171 104.009 104.189 103.103 103.653 102.73 102.573
96.968 97.002 99.069 100.006 97.261 95.764 95.534 95.443 95.294 95.393 95.527 97.063 96.66 95.741 96.89 97.107 98.622 97.923 96.866 97.163 97.545 99.776 97.814 96.8 96.986 98.671 102.374 105.135 105.99 105.433 103.723 98.902 98.222 98.364 98.712 98.573 98.51 98.504 98.497 99.006 98.83 98.657 99.508 99.915 100.181 102.822 106.182 107.606 109.057 106.37 103.786 102.396 101.348 102.132 103.368 103.247 102.849 103.05 103.67 101.944 102.213 105.409 105.545 103.299 106.216 108.011 105.962 102.737 102.353 102.353
95.617 94.425 96.893 99.195 99.327 95.808 95.777 95.224 95.267 96.146 97.005 96.145 95.288 95.446 95.568 97.86 99.225 97.576 96.526 96.103 96.214 96.822 96.623 96.826 98.009 99.729 98.777 103.368 104.98 105.107 104.34 102.054 98.474 99.495 98.624 98.516 98.497 98.42 98.423 98.442 99.145 98.76 99.412 99.855 100.077 100.499 104.515 106.834 107.694 106.93 104.996 103.14 101.782 101.389 102.809 103.436 103.405 102 101.792 101.63 103.367 106.357 108.749 106.605 106.351 107.176 105.821 103.921 104.01 103.495
95.096 93.963 94.967 99.062 100.476 96.606 95.331 100.064 97.367 96.475 95.337 95.261 95.253 95.368 95.552 96.501 96.748 96.111 95.791 95.946 96.173 96.692 96.826 98.351 98.483 98.148 98.17 102.508 104.236 103.952 99.791 98.661 98.204 98.244 98.175 98.386 98.626 98.397 98.289 98.29 98.295 99.473 98.575 99.508 99.83 99.952 102.217 106.159 106.861 106.356 105.71 100.996 100.733 100.952 101.924 102.184 101.71 101.525 101.515 101.664 104.049 103.959 107.779 106.224 103.041 103.102 104.559 104.991 104.762 103.819
94.222 93.823 95.79 99.265 99.64 99.576 97.76 98.976 98.165 95.138 95.225 96.385 95.661 95.857 98.023 98.193 96.543 95.556 95.682 95.82 96.247 97.442 97.148 96.24 96.531 97.047 98.191 99.821 103.302 99.117 99.147 98.236 98.645 98.348 98.021 98.15 99.043 98.36 98.214 98.209 98.165 98.826 98.36 99.061 99.562 99.802 99.887 105.331 102.826 101.6 100.139 102.703 100.705 101.138 100.462 101.149 102.742 104.94 104.596 103.245 101.523 102.18 101.551 101.583 101.481 107.107 107.6 105.88 104.675 102.937
94.203 93.714 93.813 97.113 100.089 100.3 96.572 97.923 98.899 97.784 95.928 97.098 95.542 97.57 99.823 100.319 99.202 95.498 96.32 97.322 96.213 96.114 96.157 96.16 96.195 99.175 100.525 100.705 100.677 97.946 97.779 100.286 102.607 99.265 97.815 97.874 98.566 98.448 98.114 98.088 98.041 97.985 98.008 98.331 100.417 99.727 99.299 99.975 99.648 99.868 103.496 105.533 102.254 102.055 100.783 101.683 102.24 107.591 106.671 105.979 101.209 101.286 101.371 101.589 101.567 102.872 103.823 105.591 105.355 105.925
93.687 93.623 93.735 93.911 99.102 100.106 97.694 95.336 95.185 96.773 95.357 95.079 95.07 95.029 99.932 99.689 99.607 97.14 98.649 96.842 95.589 95.769 96.131 99.103 99.428 100.936 100.444 99.477 97.672 97.627 101.769 103.587 103.867 102.524 97.772 98.106 98.617 98.584 98.105 97.917 97.92 97.905 97.86 98.382 100.521 98.595 98.644 99.067 101.45 104.977 106.217 106.358 105.576 102.974 101.738 100.969 101.624 104.817 102.127 101.206 104.924 102.111 101.78 102.204 103.181 102.512 102.402 101.56 104.812 106.381
93.512 93.577 93.814 96.06 96.923 99.011 96.218 94.9 94.858 96.323 95.064 96.252 97.439 95.639 97.288 96.884 99.368 96.795 97.278 96.307 95.574 95.593 98.989 100.397 100.807 101.53 100.364 99.508 97.854 101.276 103.571 104.556 104.732 103.758 100.493 98.093 97.818 97.887 98.049 97.891 97.819 97.847 97.763 97.774 97.839 98.036 98.418 98.908 99.644 104.605 106.099 106.973 106.163 104.455 100.538 100.206 100.244 100.416 100.659 101.927 106.144 105.567 104.039 102.133 103.431 104.487 101.786 101.491 101.471 107.049
94.879 96.412 99.26 98.01 101.273 97.524 95.437 95.148 94.717 94.836 94.862 94.825 94.901 94.96 96.123 94.875 96.287 95.366 95.709 95.771 95.357 95.498 95.983 100.964 101.253 99.34 99.123 96.983 97.372 99.008 102.485 104.039 106.268 104.368 103.263 98.19 97.739 97.761 97.826 97.839 97.737 97.709 97.704 97.63 97.665 97.947 98.59 99.195 99.714 101.799 105.556 106.983 106.994 105.781 102.231 100.531 100.013 101.186 102.292 102.287 102.281 103 104.409 102.399 101.424 101.873 101.545 101.483 101.448 104.443
94.567 94.209 98.088 95.173 94.606 94.128 97.033 95.847 94.796 94.793 94.818 94.831 94.789 94.825 94.816 97.729 100.194 98.673 96.662 96.045 95.354 96.148 95.756 96.787 97.115 97.276 96.207 96.37 96.726 98.965 101.954 103.553 105.059 104.977 103.78 99.863 97.587 98.469 98.581 97.758 97.617 97.628 97.622 97.562 97.488 97.795 98.759 100.353 101.119 100.945 104.134 106.523 107.089 106.068 104.624 102.065 100.687 101.774 101.957 102.036 102.345 101.584 100.651 100.74 100.835 102.811 101.159 102.746 102.91 102.861
92.908 93.002 93.239 93.175 93.267 93.378 93.562 94.795 94.703 94.524 95.812 96.796 95.031 94.787 94.906 99.306 100.974 100.106 97.469 97.066 95.811 95.423 95.326 95.56 96.168 95.949 96.452 97.762 98.21 96.98 97.439 101.585 104.013 103.942 103.328 100.012 97.575 98.32 97.826 97.563 97.637 97.539 97.533 97.456 97.83 97.858 98.214 99.714 99.833 99.242 101.624 104.877 106.142 105.417 101.297 100.374 100.155 100.814 102.333 102.347 101.922 100.418 100.519 100.56 101.945 104.023 103.304 102.906 101.529 100.565
92.916 92.928 92.981 93.093 93.178 93.294 93.371 94.992 95.089 95.949 96.67 96.662 94.89 94.617 95.26 98.128 97.252 99.586 95.956 95.161 95.1 95.137 95.333 95.376 96.806 97.293 99.221 100.819 100.655 96.417 97.216 100.815 102.996 102.899 97.974 97.353 97.077 97.257 97.191 97.314 98.05 97.56 97.411 97.404 97.36 98.65 97.519 98.383 98.682 99.07 99.158 103.696 102.074 99.482 99.592 99.307 99.239 100.345 101.75 100.605 100.04 101.893 102.802 100.546 100.748 101.649 102.299 102.545 100.821 100.475
92.857 92.884 92.972 93.082 93.161 93.263 93.388 93.427 95.04 95.212 96.4 94.858 94.632 95.893 97.218 96.369 94.805 94.938 95.102 94.915 94.999 95.117 95.242 95.319 97.54 98.741 97.037 99.796 97.194 96.164 97.171 98.324 98.452 97.868 97.46 97.284 97.866 98.321 97.241 97.154 98.082 97.925 97.385 97.272 97.241 97.172 97.193 97.898 98.425 98.813 98.514 98.846 98.867 99.057 98.983 102.483 102.118 99.425 99.374 99.439 100.215 101.328 100.877 100.608 100.288 100.169 101.062 101.242 100.185 100.351
