dsm/se2933_DSM_2M.asc
ncols 500
nrows 500
xllcorner    429000
yllcorner    433000
cellsize     2
NODATA_value -9999
[rows 352 to 383 of 500, columns 216 to 287 of 500]
35.619 37.982 39.815 38.395 33.134 31.177 29.56 29.632 29.632 29.68 29.615 29.607 29.554 29.986 29.588 29.717 30.412 30.275 29.859 29.763 30.324 29.779 29.771 29.732 29.782 29.784 29.807 29.855 30.062 34.978 35.669 35.574 31.213 30.365 30.076 29.796 29.77 29.755 29.774 30.04 31.054 31.968 30.045 32.043 32.164 32.462 32.855 32.863 29.189 29.154 29.17 29.171 29.168 29.227 29.253 29.266 29.647 41.061 54.251 54.935 55.232 55.584 55.542 55.205 54.974 54.495 49.175 31.011 30.034 29.987 30.185 29.876
37.389 35.366 31.741 31.159 29.61 29.644 29.634 29.684 29.694 29.684 29.608 29.586 29.627 30.492 31.132 30.494 30.337 30.104 29.756 29.763 29.804 29.816 29.775 29.742 29.823 29.861 30.188 33.68 35.585 35.6 35.641 35.559 33.877 30.505 29.796 29.772 29.779 29.756 29.773 30.001 30.265 30.462 30.928 31.139 32.17 32.455 33.058 33.059 30.207 29.122 29.151 29.149 29.201 29.212 29.238 29.259 29.442 47.144 54.457 54.788 56.085 55.474 55.6 55.36 55.007 54.679 40.047 39.541 30.359 30.164 30.167 29.685
32.743 30.194 29.619 29.612 29.625 29.708 29.601 29.613 29.632 29.569 29.627 29.738 30.118 30.549 30.312 30.26 30.253 29.956 29.731 29.792 29.84 29.88 29.867 29.908 33.516 35.073 35.64 35.67 35.623 35.613 35.645 35.647 35.002 30.608 29.819 29.78 29.773 29.762 29.814 29.859 30.114 30.52 32.724 29.305 32.104 32.21 33.012 33.073 32.848 29.117 29.113 29.178 29.169 29.193 29.253 29.24 29.623 30.396 49.833 41.805 54.489 55.28 55.395 55.326 54.927 55.857 56.12 51.178 32.405 29.687 29.542 29.995
29.557 29.6 29.629 29.632 29.635 29.586 29.523 29.602 29.762 29.74 30.627 30.333 30.345 29.828 29.9 29.737 29.764 29.765 29.818 29.819 29.859 29.883 30 34.91 35.607 35.585 35.602 35.641 35.649 35.601 35.597 35.564 35.567 32.943 29.885 29.839 29.804 29.745 29.771 29.768 30.03 30.976 31.234 30.355 32.139 32.257 32.695 30.76 30.064 29.057 29.133 29.149 29.158 29.193 29.216 29.266 29.264 29.185 49.045 54.557 54.817 55.285 55.082 55.607 51.445 55.904 55.791 55.609 40.614 29.566 30.154 30.388
29.638 29.579 29.604 29.597 29.548 29.488 29.634 30.463 30.31 30.465 29.982 31.084 30.26 29.78 29.782 29.735 29.772 29.801 29.812 29.898 29.949 29.957 29.884 34.395 35.5 35.583 35.634 35.63 35.608 35.601 35.576 35.468 31.54 30.505 29.969 29.887 29.806 29.704 29.708 29.813 29.927 30.082 30.219 30.261 30.852 32.223 32.247 31.481 29.19 29.594 29.099 29.146 29.185 29.194 29.209 29.229 29.242 30.643 36.366 54.27 54.681 54.883 54.84 54.889 55.658 55.618 55.385 55.23 50.598 34.255 30.362 29.857
29.579 29.591 29.514 29.59 29.703 29.811 29.903 29.957 30.018 31.098 30.205 29.883 29.815 29.771 29.803 29.828 29.844 29.858 32.714 30.143 30.042 30.889 32.4 31.505 35.429 35.558 35.577 35.62 35.617 35.498 32.529 30.449 29.96 30.242 29.91 29.877 29.822 29.77 29.789 29.834 29.883 30.033 30.203 31.269 30.78 32.076 32.23 32.17 31.608 29.818 29.065 29.122 29.149 29.158 29.195 29.214 29.246 30.944 30.541 53.142 52.232 54.652 54.557 54.55 54.945 55.219 55.136 38.644 31.976 29.304 29.259 29.304
29.513 29.613 29.691 30.17 29.988 29.846 29.82 29.897 30.266 29.86 29.85 29.813 29.818 29.865 29.847 29.835 30.032 33.77 34.876 30.624 29.945 30.414 32.718 31.372 34.099 35.545 35.574 35.356 31.711 30.143 29.911 29.815 29.909 29.871 29.811 29.838 29.838 29.77 29.865 29.911 29.971 30.02 30.179 31.032 30.549 31.924 32.249 32.197 32.094 29.293 29.02 29.104 29.16 29.188 29.177 29.157 29.247 29.218 30.084 40.892 54.548 54.49 54.569 34.312 32.411 40.986 32.118 29.333 29.268 29.22 29.244 29.274
29.606 29.929 30.116 29.816 29.827 31.508 30.08 31.121 30.431 29.842 29.834 29.825 29.836 29.93 29.856 31.671 32.699 33.255 35.337 34.04 31.238 29.916 30.448 31.105 33.558 35.471 33.222 30.052 30.189 30.198 31.056 29.798 29.794 29.847 29.759 29.779 29.847 29.876 29.896 29.964 30.12 30.016 30.146 30.489 30.262 30.606 32.194 32.216 32.191 29.948 28.993 29.082 29.142 29.138 29.138 29.16 29.205 29.214 31.034 31.396 40.765 35.727 29.488 29.513 29.071 29.208 29.236 29.228 29.234 29.239 29.287 29.283
29.896 29.758 29.814 29.807 29.806 29.819 29.825 29.998 30.676 29.86 29.842 29.827 29.846 30.383 29.95 32.609 32.714 32.824 35.27 34.906 30.485 29.817 29.855 29.869 29.906 30.762 29.94 29.934 29.864 30.859 35.173 29.769 29.8 29.858 29.808 29.774 29.817 29.939 29.969 29.962 29.951 29.925 30.105 30.359 30.369 30.057 31.501 31.855 31.472 29.23 28.898 29.033 29.087 29.135 29.147 29.162 29.146 29.207 29.203 29.944 29.373 29.241 29.189 29.486 29.176 29.186 29.218 29.243 29.214 30.192 30.326 30.208
29.799 30.216 29.98 29.836 29.837 29.82 29.841 29.853 29.835 29.854 29.893 29.934 30.769 34.638 32.185 32.34 32.783 32.996 33.186 35.335 31.601 29.812 29.799 29.872 30.24 29.952 30.011 29.82 30.816 71.83 30.323 29.683 29.771 29.813 29.904 30.193 30.119 29.953 29.871 29.878 29.913 29.887 30.09 30.341 29.957 31.92 29.985 29.025 29.241 28.767 28.923 28.899 29.046 29.128 29.124 29.139 29.137 29.163 29.197 30.744 29.54 29.148 29.138 29.183 29.177 29.201 29.232 29.358 35.016 78.108 62.8 33.604
29.845 29.747 29.803 29.827 29.834 29.845 29.844 29.913 30.066 31.477 31.637 32.305 30.83 33.72 34.142 30.112 32.679 31.601 30.591 34.119 31.475 30.135 29.873 29.853 29.822 29.735 29.772 29.765 29.742 29.733 29.683 30.334 30.35 29.782 31.385 31.692 30.026 29.823 29.794 29.798 29.932 29.761 29.964 31.514 29.475 29.384 31.656 30.349 31.201 28.994 28.924 29.269 29.011 29.097 29.139 29.092 29.109 29.149 29.16 29.58 29.589 29.154 29.171 29.188 29.174 29.211 29.272 30.957 63.144 78.262 76.656 41.688
29.668 29.715 29.786 29.868 29.853 29.919 31.78 31.088 31.715 30.293 30.414 32.085 32.109 30.916 31.167 29.947 30.705 30.337 30.113 30.237 29.951 30.108 29.792 29.801 29.715 29.71 29.735 29.737 29.726 29.781 30.315 30.582 30.663 29.763 30.162 33.99 30.243 29.722 29.751 30.167 50.087 30.205 29.763 30.193 30.139 29.715 32.111 28.939 29.547 28.967 32.892 30.172 28.937 29.053 29.096 29.081 29.075 29.107 29.164 29.153 29.42 29.183 29.168 29.174 29.207 29.222 52.869 69.15 73.602 66.379 51.224 70.525
29.733 29.759 29.814 29.888 29.864 29.906 31.802 30.09 31.496 30.903 30.998 31.975 31.647 30.774 29.989 30.097 29.92 30.242 30.405 29.852 29.791 29.749 29.727 29.74 29.739 29.701 29.754 30.269 30.61 30.077 30.904 29.874 31.575 36.503 63.9 48.268 31.403 30.368 30.53 57.259 49.362 37.16 29.666 29.952 30.669 30.679 31.014 29.768 28.785 32.534 33.789 28.985 28.871 28.971 29.082 29.079 29.06 29.088 29.113 29.13 29.555 29.745 29.531 29.202 29.195 29.294 60.764 72.764 70.722 68.862 70.05 68.439
29.737 29.768 29.805 29.896 30.985 31.532 31.509 30.323 29.887 31.854 32.02 30.628 31.822 32.811 29.948 30.049 29.864 30.352 29.777 29.753 29.747 29.704 29.734 29.987 29.922 29.864 29.721 57.575 30.509 30.196 30.617 54.538 60.614 67.6 67.362 47.778 56.241 40.557 62.954 61.188 47.914 48.016 29.625 29.66 30.186 30.385 30.423 32.828 28.864 28.805 30.773 28.931 28.892 28.92 29.03 29.079 29.072 29.066 29.082 29.112 29.111 30.538 29.292 29.279 29.005 51.691 57.775 69.891 67.681 65.723 66.046 65.158
29.735 29.77 29.846 29.925 30.459 30.125 30.766 31.578 31.063 32.116 31.679 31.67 31.165 29.974 30.055 30.37 29.769 29.722 29.728 29.711 29.679 29.711 29.716 29.719 29.62 57.497 50.042 29.962 30.159 50.468 64.173 68.971 68.857 67.995 68.457 68.3 59.534 67.897 67.183 41.985 62.949 61.213 37.759 29.564 29.707 30.295 30.388 30.925 28.959 28.851 31.812 31.973 28.861 28.903 29.002 29.049 29.076 29.061 29.062 29.044 29.069 29.076 30.046 38.751 59.541 64.811 68.205 66.68 65.193 63.236 61.838 60.876
29.706 29.75 29.832 30.766 30.468 30.129 30.196 31.511 31.572 31.466 31.902 30.703 30.957 29.998 29.769 29.721 29.718 29.689 29.702 29.666 29.727 29.7 29.544 29.288 30.599 65.886 35.581 44.317 65.038 68.492 68.295 68.925 68.921 68.867 66.228 68.246 68.335 65.92 66.408 47.557 62.154 42.002 56.276 30.188 29.604 29.851 30.247 30.464 32.443 30.102 31.021 30.118 28.786 29.028 28.925 29.021 29.062 29.043 29.046 29.057 29.041 29.112 50.778 63.312 68.953 67.572 65.822 64.044 62.591 60.936 59.242 57.485
29.674 29.683 29.728 29.808 30.041 30.17 29.837 31.283 30.288 29.941 30.452 30.331 30.104 29.77 29.692 29.673 29.654 29.685 29.725 29.71 29.719 29.716 29.683 29.236 32.352 65.744 31.971 67.553 68.678 68.94 68.925 68.917 66.373 64.923 64.106 65.81 66.386 66.483 66.689 64.501 51.998 47.946 60.722 37.202 29.679 29.742 29.847 30.306 32.005 29.66 32.995 29.836 28.936 29.374 28.941 28.994 29.042 29.028 29.014 29.008 28.967 29.005 29.775 66.735 66.275 64.735 63.563 61.528 60.166 59.315 57.737 55.12
29.677 29.651 29.671 29.732 29.765 30.205 30.059 30.322 30.299 29.78 29.833 29.698 29.659 29.648 29.683 29.641 29.692 29.833 30.04 29.727 29.687 29.73 29.71 31.723 39.052 31.11 46.492 67.057 68.208 68.885 68.144 68.074 64.868 63.944 64.611 66.757 66.732 64.2 64.468 66.562 65.462 63.089 61.229 66.51 30.949 29.796 29.895 29.924 30.41 30.864 29.5 30.932 32.082 29.751 29.046 28.98 29.003 29.008 28.992 28.971 28.951 29.002 29.004 59.528 63.649 62.066 60.745 59.323 57.78 56.478 55.314 53.19
29.635 29.617 29.595 29.669 29.713 29.774 29.778 29.712 29.76 29.698 29.674 29.631 29.686 30.804 30.565 30.669 31.213 31.079 30.194 30.013 29.729 29.735 30.788 69.285 50.405 63.072 63.745 63.899 68.233 67.259 67.862 67.889 67.932 64.017 63.927 64.646 64.025 66.019 66.863 66.616 64.894 60.223 61.221 63.429 34.788 29.982 29.931 30.004 30.097 30.257 28.85 28.793 31.477 29.22 29.151 28.905 28.983 28.983 28.978 28.926 28.939 28.981 28.985 36.354 55.007 59.283 57.988 56.895 55.112 53.671 52.466 50.998
29.553 29.558 29.557 29.592 29.688 29.635 29.659 29.647 29.662 29.657 29.664 29.631 29.628 30.029 29.825 30.081 29.846 29.818 29.677 29.966 29.712 29.65 67.57 48.939 57.231 63.961 63.902 63.937 63.896 66.65 67.875 67.863 68.022 65.478 63.96 65.853 66.85 65.273 64.151 66.128 68.038 67.907 48.843 60.075 61.491 37.482 30.081 30.089 30.126 30.282 30.528 29.211 31.112 33.498 29.891 28.972 28.961 28.952 28.941 28.901 28.87 28.889 28.952 28.957 52.824 56.58 55.064 53.971 52.596 50.913 49.497 41.783
29.521 29.535 29.538 29.588 29.591 29.64 29.578 29.607 29.658 29.636 29.679 29.645 29.642 29.708 30.659 29.688 29.699 29.715 29.655 29.594 30.396 59.302 41.468 60.006 64.127 63.924 63.887 64.198 63.882 66.094 67.992 67.886 67.919 67.972 64.345 64.428 64.796 64.858 67.474 67.905 67.879 67.892 67.171 54.657 67.91 59.278 30.721 30.201 30.206 30.27 31.642 28.852 29.626 33.06 29.619 28.984 28.917 28.975 28.902 28.836 28.868 28.824 28.941 28.995 36.053 53.568 51.019 37.442 45.666 35.159 31.323 29.066
29.498 29.509 29.518 29.554 29.557 29.554 29.529 29.602 29.648 29.585 29.597 29.669 29.694 29.769 29.719 29.735 30.127 29.65 47.078 32.478 59.991 63.875 63.919 64.132 64.044 63.875 63.879 64.08 66.117 67.933 67.861 67.873 68.318 67.928 65.986 67.626 68.035 67.945 67.926 67.898 67.838 67.866 67.9 67.899 66.434 52.919 31.776 30.319 30.321 30.365 30.395 29.942 29.03 29.28 28.773 30.09 29.207 28.905 28.863 28.822 28.844 28.872 28.973 29.431 30.429 32.672 29.735 29.907 29.819 29.294 28.779 28.626
29.523 29.511 29.529 29.548 29.561 29.506 29.505 29.481 29.577 29.66 29.671 30.743 30.105 29.767 29.767 29.787 31.343 59.183 57.546 63.851 63.876 64.264 63.937 63.9 64.064 64.079 66.44 68.022 67.937 67.863 67.857 67.865 68.656 67.975 67.985 68.005 68.004 68.126 68.051 67.916 67.886 67.896 67.884 49.312 63.782 67.505 40.056 30.365 30.421 30.33 30.352 32.101 30.67 30.579 29.022 28.895 28.98 28.822 28.847 28.846 28.815 29.49 29.087 29.935 29.779 29.153 29.512 29.237 28.954 28.561 28.462 28.43
29.498 29.48 29.463 29.495 29.489 29.447 29.483 29.566 30.216 29.911 30.064 30.197 30.005 29.843 29.833 29.82 39.679 60.113 64.233 63.952 64.566 66.139 63.872 64.392 64.161 64.035 67.87 67.97 67.969 67.889 67.904 67.864 67.875 67.896 67.947 67.949 67.996 68.544 68.031 67.966 67.915 67.854 67.86 67.883 61.349 49.105 65.039 31.707 30.528 31.894 30.239 31.937 30.215 29.119 28.934 28.851 28.841 28.82 29.552 29.211 29.67 29.571 29.261 29.313 29.348 29.704 28.863 28.667 28.522 28.426 28.196 28.052
29.475 29.501 29.432 29.486 29.475 29.417 29.475 29.507 29.714 30.283 29.643 31.489 30.102 30.955 29.851 29.966 36.252 63.377 64.002 64.067 64.165 63.954 64.174 64.021 63.982 64.019 66.806 68.003 68.024 67.973 68.68 67.881 67.864 67.89 67.905 68.054 68.214 68.366 68.033 67.931 67.931 67.872 67.863 67.918 61.277 61.981 64.781 41.178 58.723 50.93 30.454 30.405 32.016 29.064 28.726 28.826 28.847 29.409 30.109 29.502 29.177 29.076 28.958 28.75 28.671 30.463 29.222 28.454 28.296 28.328 27.72 27.294
29.493 29.454 29.502 29.513 29.473 29.408 29.384 29.464 29.69 29.944 29.868 31.865 32.48 29.778 30.322 30.285 35.87 62.369 63.909 64.522 63.935 63.935 63.836 63.971 64.022 63.998 63.93 67.196 68.029 67.937 68.071 67.905 67.873 67.899 67.885 67.951 68.005 68.042 67.973 67.934 67.908 67.924 67.316 63.444 63.983 60.007 52.384 62.377 61.515 55.857 38.109 30.114 32.341 29.386 29.87 29.075 29.677 29.774 29.642 29.159 28.817 28.738 29.005 28.775 28.584 28.554 28.473 27.782 27.537 27.812 27.23 26.99
29.463 29.489 29.505 29.596 29.399 29.4 29.368 29.421 29.5 30.398 30.177 30.231 30.407 29.755 30.022 29.671 29.275 52.544 63.744 64.766 63.971 63.932 63.859 63.845 63.87 63.883 63.981 64.815 67.993 68.008 67.935 67.913 67.886 67.855 67.853 67.924 67.986 65.942 67.987 67.998 67.576 66.474 62.446 60.228 59.347 54.715 60.461 59.751 56.969 56.834 40.182 29.639 29.749 31.223 29.977 29.698 29.629 29.159 28.986 28.908 28.726 28.625 29.215 28.84 28.173 27.749 27.469 27.248 27.333 27.416 27.209 27.111
29.576 29.488 29.718 29.453 29.363 29.331 29.294 29.37 29.511 29.608 30.236 29.754 29.509 29.936 29.623 29.656 29.343 29.595 62.998 64.367 64.335 63.965 64.213 63.859 63.852 64.204 63.99 64.055 67.882 68.011 67.985 67.914 67.554 66.792 66.089 63.675 61.917 61.584 64.755 65.762 65.213 61.819 59.485 58.275 57.637 58.756 56.617 54.578 53.562 54.184 31.114 29.575 29.726 31.035 30.604 29.949 29.263 28.959 29.318 28.863 28.639 28.485 28.233 27.98 27.744 27.17 26.884 26.909 26.422 -9999 -9999 -9999
29.619 29.574 29.418 29.4 29.353 29.403 29.237 29.265 29.393 29.46 29.504 29.636 29.971 29.628 30.422 31.15 29.407 28.816 38.912 63.3 64.241 63.964 63.892 63.836 63.879 64.148 63.888 63.985 66.866 67.673 66.818 66.176 63.185 62.168 60.1 60.366 59.996 60.023 60.126 62.178 59.407 58.557 57.54 56.264 55.223 54.211 53.121 52.142 51.355 52.22 35.288 29.453 29.65 29.958 30.838 29.533 28.92 28.932 29.837 29.083 28.395 27.799 27.578 27.308 26.927 26.81 26.818 26.836 26.202 26.289 -9999 -9999
29.859 29.358 29.347 29.356 29.61 29.409 29.275 29.232 29.273 29.479 30.249 29.866 29.727 29.904 29.498 30.155 30.647 38.504 29.205 62.441 63.93 64.075 63.971 64.061 64.248 64.03 63.994 63.469 63.093 64.598 62.377 60.466 59.302 58.475 57.824 57.951 57.45 57.668 57.282 57.737 57.446 56.569 55.742 54.408 53.103 52.085 51.147 50.129 49.281 50.23 35.369 29.486 29.618 29.941 31.312 30.345 29.047 28.649 27.991 27.757 27.363 27.19 27.139 26.89 26.892 26.821 26.812 -9999 26.254 -9999 -9999 -9999
29.563 29.506 29.397 29.333 29.335 29.23 29.203 29.188 29.213 29.421 29.557 30.481 29.797 30.492 29.785 29.599 29.781 28.681 28.345 53.059 63.726 63.965 63.914 64.159 64.033 63.303 62.312 61.356 60.27 59.64 58.469 57.803 57.138 56.33 55.629 55.475 52.728 37.586 52.47 50.956 53.39 54.824 53.619 52.547 51.152 50.031 49.145 48.055 47.069 44.596 35.195 29.631 29.613 29.713 30.854 31.83 28.465 27.5 27.362 27.041 26.928 27.005 27.063 26.929 -9999 26.854 -9999 -9999 -9999 -9999 -9999 -9999
30.506 29.49 29.304 29.281 29.24 29.213 29.147 29.115 29.177 29.216 29.428 29.438 31.264 32.034 31.276 29.919 29.595 28.828 28.138 34.613 63.313 63.96 63.922 63.812 62.659 61.304 60.245 59.33 58.208 57.153 56.28 55.642 55.098 54.151 53.722 52.933 36.274 30.342 34.118 30.8 37.355 52.101 51.551 50.833 49.356 48.291 47.277 46.408 46.493 34.678 29.913 29.651 29.452 29.5 29.683 29.067 27.002 26.799 27.013 26.876 26.758 26.856 -9999 -9999 -9999 -9999 -9999 -9999 -9999 -9999 26.261 -9999
