dsm/se2935_DSM_2M.asc
ncols 500
nrows 500
xllcorner    429000
yllcorner    435000
cellsize     2
NODATA_value -9999
[rows 416 to 447 of 500, columns 426 to 496 of 500]
49.247 49.197 49.247 70.479 70.092 69.642 69.524 69.964 70.397 49.242 49.212 49.217 49.237 49.194 49.149 48.569 47.612 47.559 47.774 47.974 47.609 47.617 47.632 47.637 47.635 47.692 50.935 47.212 47.477 47.435 47.495 47.745 46.537 46.742 47.217 47.217 47.105 47.102 47.122 47.127 47.102 47.082 47.212 47.327 47.407 47.385 48.435 47.085 46.937 46.962 47.005 47.082 47.135 47.142 47.007 46.855 46.697 46.552 46.43 46.317 46.215 46.095 46.007 45.925 45.9 45.65 45.567 45.605 45.667 45.897 46.05
49.967 49.294 49.284 70.534 70.512 70.277 69.539 69.977 70.412 49.259 49.234 49.259 49.264 49.239 49.187 48.817 47.659 47.632 47.682 47.784 47.489 47.697 47.739 47.652 47.655 52.02 48.957 50.865 47.242 47.56 47.617 47.712 47.645 47.182 46.667 47.177 47.237 47.127 47.105 47.147 47.172 47.165 47.15 47.282 47.442 47.505 47.457 47.315 47.105 47.062 46.98 47.012 47.002 47.002 46.965 46.845 46.742 46.655 46.57 46.48 46.442 46.382 46.315 46.265 46.277 46.105 45.952 45.882 45.87 46.005 50.735
49.424 49.367 49.362 70.499 70.854 70.647 69.557 69.987 70.442 49.282 49.299 49.289 49.299 49.302 49.239 50.179 47.702 47.672 47.642 47.617 46.787 47.717 47.654 47.664 47.657 48.022 50.135 47.607 55.145 47.475 47.76 47.677 47.52 47.565 47.022 46.732 47.295 47.287 47.535 48.085 47.182 47.225 47.245 47.23 47.38 47.495 47.58 47.505 47.305 47.155 47.06 47.042 46.982 47.007 48.92 46.822 46.795 46.795 46.802 46.765 46.822 46.842 46.82 46.89 46.852 46.762 46.532 46.242 46.617 51.512 52.02
49.469 49.432 49.427 70.487 70.024 69.587 69.584 70.002 70.492 49.294 49.332 49.349 49.357 49.332 49.269 50.212 50.407 47.899 47.657 47.644 47.499 46.932 47.687 47.642 47.8 47.647 48.742 48.28 47.617 49.105 46.877 47.197 47.517 47.382 47.477 46.917 47.06 47.26 47.3 47.422 47.255 47.252 47.3 47.332 47.322 47.455 47.577 47.682 47.625 47.44 47.272 47.175 47.292 47.01 46.99 47.587 47.02 47.502 47.167 47.227 47.415 47.482 47.497 47.427 47.325 47.175 46.987 46.695 46.257 52.107 51.972
49.442 49.394 49.432 70.474 70.009 69.557 69.592 70.029 70.484 49.309 49.367 49.374 49.357 49.352 49.289 49.219 49.617 50.557 47.592 47.592 47.549 47.767 47.664 47.939 47.627 47.78 47.627 49.042 47.765 47.03 46.617 47.392 47.64 47.497 46.835 46.477 46.855 47.23 47.327 47.337 47.26 47.252 47.342 47.395 47.43 47.422 47.565 47.712 47.825 47.775 47.6 47.392 47.247 47.212 47.262 47.27 47.362 47.5 47.605 47.81 47.845 47.725 47.57 47.425 47.257 47.087 46.955 46.825 46.72 46.265 50.537
49.692 49.632 49.404 70.442 69.992 69.532 69.609 70.052 69.747 49.327 49.362 49.364 49.349 49.349 49.299 49.252 49.239 49.609 47.834 47.589 47.607 47.672 47.944 48.877 47.855 47.722 47.635 47.62 47.722 47.142 47.547 47.532 47.432 46.707 46.465 46.635 46.45 46.665 47.292 47.377 47.372 47.305 47.362 47.437 47.505 47.547 47.562 47.702 47.862 47.982 47.975 47.825 47.792 47.79 47.735 47.77 47.857 47.97 48.107 47.992 47.842 47.675 47.53 47.382 47.225 47.055 46.877 46.702 46.542 46.43 46.342
49.554 49.599 49.282 70.424 69.959 69.514 69.624 70.077 68.044 49.254 49.332 49.342 49.389 49.337 49.324 49.309 49.154 48.992 48.937 47.629 47.532 47.654 47.757 47.882 47.862 47.59 47.687 47.81 47.262 47.425 47.572 47.732 47.092 46.66 46.375 46.322 45.987 46.25 47.535 47.415 47.432 47.407 47.38 47.472 47.555 47.64 47.682 47.717 47.845 48.03 48.205 48.96 48.297 48.272 48.815 50.43 49.52 48.242 48.137 47.947 47.85 47.752 47.617 47.437 47.245 47.057 46.875 46.707 46.517 46.357 46.18
50.389 50.147 49.319 70.399 69.942 69.484 69.652 70.099 70.569 54.904 52.649 53.092 52.149 51.259 50.217 50.884 50.244 49.082 49.069 48.599 47.597 47.519 47.497 47.574 47.76 47.64 47.612 47.645 47.79 47.67 47.76 47.6 47.657 46.702 46.13 46.062 45.997 45.982 47.652 47.545 47.48 47.442 47.417 47.51 47.59 47.695 47.792 47.85 47.892 48.017 48.217 48.345 48.362 48.377 48.41 50.375 48.377 48.257 48.11 48.03 47.935 47.777 47.585 47.407 47.232 47.06 46.827 46.602 46.442 46.282 46.135
50.434 50.487 50.494 70.379 69.914 69.427 69.659 70.127 70.302 70.317 70.334 70.374 70.379 70.399 70.407 70.432 70.464 70.492 51.697 49.349 47.709 47.547 47.554 47.569 47.56 47.685 47.562 47.585 47.58 47.732 47.722 47.242 46.897 46.15 46.122 46.115 46.052 47.452 47.872 47.68 47.662 47.545 47.457 47.552 47.65 47.755 47.86 47.95 48.03 48.065 48.177 48.332 48.4 48.435 48.445 50.217 48.36 48.27 48.225 48.11 47.96 47.882 47.785 47.617 47.48 47.22 46.967 46.677 46.437 46.165 46.02
49.799 50.079 51.237 70.362 69.902 69.367 69.687 69.827 69.834 69.867 69.884 69.894 69.922 69.927 69.949 69.959 69.974 70.299 54.442 50.092 49.852 47.617 47.524 47.562 47.572 47.615 47.625 47.867 48.15 47.975 47.742 46.772 46.397 46.43 48.105 46.372 46.955 48.015 47.905 47.782 47.902 47.635 47.522 47.612 47.72 47.825 47.927 48.02 48.127 48.212 48.285 48.342 48.377 48.417 48.41 48.427 48.44 48.395 48.315 48.172 48.19 48.112 48.155 48.177 48.202 48.32 47.182 46.862 46.435 46.202 45.967
49.702 49.714 49.482 54.502 51.077 69.247 69.724 69.184 69.404 69.387 69.422 69.432 69.462 69.474 69.477 69.517 69.729 70.182 64.392 49.842 49.894 48.627 47.652 47.789 47.587 47.61 47.69 48.422 48.41 48.322 48.152 46.742 46.705 46.475 46.795 47.622 48.067 47.94 47.895 47.982 48.09 47.787 47.62 47.642 47.79 47.89 47.992 48.09 48.215 48.335 48.432 48.512 48.567 48.585 48.607 48.62 48.63 48.505 48.432 48.437 48.44 48.405 48.967 54.207 53.885 51.017 50.812 46.845 46.532 46.132 45.955
49.797 49.784 49.719 49.477 49.317 59.757 62.557 62.432 69.742 69.717 69.707 69.672 69.669 70.819 70.284 69.482 69.634 70.079 70.539 49.077 49.034 48.909 47.962 48.042 47.715 47.672 47.775 48.702 48.675 48.415 48.45 48.13 47.635 47.047 47.982 48.087 48.03 48.46 47.93 47.987 47.777 47.695 47.707 47.752 47.832 47.947 48.055 48.157 48.29 48.41 48.542 48.642 48.72 48.782 48.792 48.77 48.735 48.637 48.71 48.605 48.512 49.015 55.135 55.025 54.402 53.452 47.927 48.057 46.567 46.267 45.937
50.949 50.727 50.189 49.609 49.459 52.124 52.212 55.362 70.214 70.172 70.167 70.157 70.114 70.172 70.032 69.554 69.537 69.982 70.434 49.109 49.004 48.944 49.082 47.827 47.805 47.905 47.872 48.15 48.34 48.605 48.965 48.535 48.132 48.06 48.147 47.98 48.12 48.44 48.047 48.117 47.702 47.697 47.772 47.825 47.882 47.992 48.087 48.212 48.352 48.492 48.62 48.765 48.845 48.915 48.955 48.967 48.91 48.957 49.407 48.92 48.947 53.972 54.605 55.275 54.875 53.665 51.05 50.435 48.09 46.172 46.105
55.444 53.342 51.447 50.822 49.842 49.617 49.449 49.469 57.644 54.472 65.997 55.557 60.987 70.564 70.124 69.667 69.434 69.887 70.337 51.824 49.044 49.002 49.127 49.044 48.085 48.107 48.095 48.217 48.35 48.807 49.007 48.56 48.282 48.157 48.802 48.077 48.222 48.065 48.37 47.765 47.75 47.765 47.845 47.867 47.92 48.15 49.435 49.72 48.545 48.657 48.695 48.842 48.96 49.062 49.112 49.152 49.13 49.205 50.56 50.057 48.325 49.177 54.13 54.607 54.725 54.192 53.557 49.825 47.127 46.275 46.09
58.982 58.804 52.732 50.324 51.034 50.582 49.749 50.182 50.292 50.242 49.622 49.419 49.414 58.297 70.212 69.764 69.319 69.789 70.239 55.289 49.159 49.079 49.819 50.514 48.692 48.665 48.39 48.412 48.417 48.482 48.707 48.452 48.285 48.182 48.11 48.152 48.435 48 47.857 47.805 47.805 48.675 48.452 47.972 48.07 48.262 48.43 48.587 48.737 48.85 48.94 48.937 49.067 49.195 49.267 49.305 49.317 49.437 50.78 48.207 48.217 48.247 50.415 53.672 54.287 54.7 53.722 52.857 49.387 49.777 45.777
60.169 58.852 52.924 50.172 50.347 49.932 49.862 49.814 49.744 49.744 49.602 49.437 49.594 52.719 70.299 69.839 69.309 69.702 70.147 64.309 49.169 49.127 49.797 51.417 49.732 48.722 48.742 48.595 48.512 48.49 48.437 48.377 48.25 48.152 48.117 48.12 48.015 47.937 47.902 47.852 48.532 48.535 48.027 48.057 48.125 48.337 48.542 48.687 48.835 48.982 49.125 49.202 49.167 49.295 49.415 49.467 49.477 49.667 50.59 48.137 48.17 48.275 47.832 51.662 53.79 53.832 53.987 53.325 52.707 46.59 46.697
61.634 61.649 53.237 50.657 51.059 49.997 49.922 49.854 49.824 49.814 49.707 49.639 49.562 49.489 70.394 69.937 69.484 69.604 70.047 70.482 49.117 49.199 49.274 49.474 49.312 49.407 49.087 48.772 48.647 48.632 48.465 48.36 48.222 48.125 48.055 48.015 48.02 47.987 47.965 48.692 48.38 48.122 48.157 48.342 48.885 48.492 48.882 49.355 49.305 49.357 49.325 49.367 49.422 49.402 49.525 49.62 49.657 49.802 49.915 48.49 48.192 48.095 47.915 48.345 52.605 53.355 53.952 53.787 52.612 51.85 49.532
61.537 61.677 52.137 50.292 50.124 50.052 49.989 49.942 49.882 49.912 49.849 49.732 49.652 49.574 70.487 70.039 69.594 69.517 69.949 70.399 49.242 49.284 49.364 49.437 49.182 50.26 49.31 49.1 48.985 48.81 48.902 48.427 48.292 48.14 48.067 48.062 48.067 48.072 48.102 48.18 48.232 48.247 48.862 48.297 48.295 48.447 49.007 49.82 50.162 50.285 50.112 49.607 49.592 49.58 49.617 49.727 49.81 49.857 50.06 50.262 49.062 48.36 48.36 47.575 47.345 52.802 53.375 53.482 53.117 52.475 51.13
59.949 58.682 52.454 50.349 50.199 50.132 50.064 50.012 49.967 50.732 50.947 49.939 49.819 49.564 64.917 70.134 64.974 64.637 59.354 50.154 49.287 49.394 49.529 50.832 49.297 49.152 49.26 48.93 49.767 50.145 48.815 49.267 48.43 48.252 48.162 48.145 48.165 48.185 48.227 48.325 48.365 48.46 48.39 48.425 48.472 48.64 49.327 49.837 50.227 50.44 50.605 50.307 49.805 49.775 49.717 49.842 49.957 50.012 50.117 50.267 48.642 48.035 47.902 47.677 47.245 49.187 52.33 52.962 53.537 53 52.357
58.909 58.654 50.519 50.879 51.617 50.714 50.142 50.087 50.057 50.912 51.627 50.472 51.057 50.599 49.424 49.392 49.434 49.397 49.439 49.429 49.382 49.454 49.537 51.144 51.927 49.19 49.125 49.035 49.317 49.76 48.717 48.66 48.545 48.435 48.26 48.277 48.21 48.4 48.462 48.4 48.425 48.467 48.51 48.6 48.687 48.782 49.15 49.567 50.095 50.43 50.647 50.762 50.135 49.947 49.96 49.957 50.085 50.177 50.205 50.38 50.507 48.097 47.955 48.122 48.99 47.092 49.415 52.47 53.092 53.6 52.877
52.529 53.314 50.594 50.474 50.384 50.294 50.204 50.172 50.142 50.292 51.122 50.467 51.234 53.067 53.072 50.112 50.259 50.347 50.364 50.402 50.389 50.399 51.582 49.564 49.367 49.412 49.157 49.097 49.07 48.895 48.805 48.692 48.615 48.557 48.34 48.272 48.302 48.455 49.162 48.57 48.585 48.687 48.685 48.78 48.892 48.915 49.087 49.59 50.085 50.23 50.527 50.632 50.277 50.205 50.145 50.097 50.2 50.33 50.362 50.435 50.597 49.255 47.932 48.687 47.84 47.167 47.27 50.315 52.585 53.222 53.41
50.794 50.692 50.612 50.532 50.437 50.357 50.299 50.259 50.212 50.264 50.617 50.444 51.049 52.829 53.232 51.654 59.222 55.164 69.124 67.942 66.627 65.284 51.109 51.554 51.977 52.872 53.945 49.222 49.65 49.555 48.877 48.785 48.722 48.652 48.467 48.407 48.477 48.59 48.647 48.965 49.08 49.052 48.867 48.96 49.065 49.1 49.242 49.702 50.862 50.237 50.317 50.422 51.167 51.207 51.625 50.347 50.31 50.43 50.522 50.532 50.69 50.8 48.125 47.822 48.002 49.085 49.007 46.822 51.482 52.72 53.345
50.887 50.794 50.704 50.632 50.554 50.479 50.414 50.359 50.307 50.364 50.434 50.539 50.637 50.727 50.829 52.162 73.114 72.387 71.654 70.927 70.214 69.494 51.189 51.147 54.102 54.43 54.1 49.885 49.215 49.125 48.97 48.845 48.785 49.18 48.715 48.762 48.652 48.677 48.772 49.705 49.947 48.957 49.045 49.075 49.16 49.247 49.327 49.627 50.37 50.312 50.577 50.565 51.422 51.607 51.312 50.525 50.49 50.557 50.652 50.7 50.752 50.932 48.675 48.07 47.747 48.2 47.422 46.952 46.73 52.18 52.857
51.272 51.124 50.962 50.797 50.739 50.622 50.582 50.499 50.402 50.444 50.534 50.624 50.717 51.297 51.139 51.889 73.092 72.352 71.624 70.904 70.174 69.469 51.224 51.229 51.935 52.147 52.032 52.315 49.33 49.202 48.997 48.895 48.797 48.792 48.82 48.877 48.762 48.782 48.832 49.107 49.352 49.03 49.082 49.132 49.247 49.305 49.395 49.61 50.432 50.457 50.605 50.792 51.545 51.585 52.365 50.915 50.722 50.68 50.78 50.852 50.855 51.032 51.365 48.13 47.825 47.657 47.615 47.425 47.042 47.06 52.327
55.787 53.034 53.947 52.522 51.989 51.842 52.137 51.889 51.509 50.542 50.617 50.707 50.802 51.022 51.287 54.432 73.052 72.322 71.592 70.867 70.142 69.442 51.262 51.267 51.167 54.672 54.372 52.622 49.377 49.192 49.02 48.997 48.99 48.867 48.867 48.87 48.902 48.912 49.032 49.942 49.805 49.16 49.172 49.23 49.285 49.377 49.467 49.595 50.255 50.972 51.047 50.855 51.435 54.685 55.987 52.127 50.905 50.86 50.927 51.02 51.02 51.12 51.25 48.405 48.027 47.672 47.63 47.477 47.27 46.882 48.5
72.902 72.922 72.957 72.984 72.994 73.039 72.837 51.112 51.554 50.704 50.737 50.824 50.904 51.574 51.554 53.597 73.022 72.287 71.554 70.832 70.114 69.402 51.279 51.287 51.497 50.425 50.39 50.142 49.265 49.077 49.027 49.01 49.112 48.645 48.902 48.912 48.807 48.965 49.007 49.727 49.962 50.205 49.415 49.287 49.387 49.477 50.745 49.69 50.27 51.595 50.862 51.097 51.232 56.437 56.8 55.317 51.262 51.11 51.062 51.16 51.2 51.195 51.382 50.427 48.105 48.09 47.575 47.53 47.417 47.447 46.905
72.172 72.197 72.219 72.259 72.287 72.307 72.382 51.252 50.932 50.784 50.844 50.927 51.014 51.067 51.127 53.867 72.987 72.252 71.522 70.797 70.087 69.369 51.274 51.532 52.367 49.95 49.725 49.415 49.207 49.042 49.045 49.007 50.027 48.82 48.78 48.82 48.825 48.982 49.035 49.06 49.147 49.74 49.147 49.325 49.452 49.532 51.405 49.765 50.257 51.092 50.982 51.457 53.13 56.787 56.845 55.507 52.155 51.305 51.222 51.32 51.38 51.365 51.51 51.587 48.247 48.055 47.785 47.482 47.67 47.617 47.242
71.427 71.454 71.499 71.519 71.562 71.587 65.802 51.259 51.054 50.869 50.954 51.044 51.124 52.569 52.097 56.382 72.977 72.232 71.479 70.762 70.039 69.334 51.307 51.367 52.447 51.177 49.145 49.68 49.257 49.077 51.125 48.995 49.185 48.987 48.905 48.845 48.817 48.807 49.067 49.047 49.042 49.117 49.102 49.285 49.54 49.662 49.85 49.822 50.312 50.987 51.202 51.415 52.86 56.225 55.907 54.977 52.137 51.515 51.467 51.457 51.542 51.54 51.595 51.732 48.64 48.32 48.067 47.707 47.387 47.482 47.352
70.694 70.729 70.762 70.797 70.819 70.847 63.049 52.154 52.304 50.977 51.047 51.139 51.252 51.317 51.344 59.044 72.927 72.194 71.459 70.734 70.024 69.299 51.334 51.387 52.462 51.507 49.825 49.512 49.082 49.752 50.265 48.987 49.14 49.247 48.887 48.8 48.925 48.977 49.115 49.105 49.08 49.13 49.067 49.19 49.525 49.687 49.91 49.955 50.32 51.235 51.435 51.602 51.805 52.072 52.975 53.142 53 52.335 51.687 51.607 51.697 51.735 51.71 51.862 50.715 49.077 48.405 48.087 47.63 47.342 47.397
69.959 70.012 70.037 69.184 70.104 52.252 51.594 52.227 52.002 51.077 51.169 51.244 51.477 52.462 52.297 59.239 72.899 72.167 71.439 70.712 69.984 68.809 51.364 51.422 51.88 52.382 49.715 49.21 49.052 49.032 49.06 48.962 48.87 49.092 48.835 48.872 48.905 48.837 49.125 49.105 49.037 49.092 49.08 49.137 49.472 49.655 49.775 49.93 50.225 51.425 51.627 51.802 51.922 52.107 52.447 52.85 52.827 52.732 51.885 51.782 51.857 51.912 51.885 52.01 51.98 49.842 49.242 48.455 48.045 47.482 47.222
69.779 61.579 66.594 68.969 65.974 51.719 51.674 51.594 51.414 51.244 51.314 51.404 51.544 51.559 51.514 63.902 72.869 72.147 71.412 70.687 69.959 69.232 51.354 51.442 51.515 51.907 49.745 48.922 49.23 50.78 48.975 48.93 48.847 48.902 48.78 48.782 48.83 48.89 49.08 49.072 49 48.987 49.05 49.05 49.402 49.782 49.987 50.12 50.877 51.58 51.802 51.96 52.1 52.267 52.497 53.025 53.837 54.47 52.107 52.027 52.025 52.115 52.082 52.127 52.182 50.74 50.33 49.342 48.45 47.89 47.227
69.607 55.637 51.717 51.757 51.872 52.777 53.042 53.149 52.792 52.787 52.039 52.124 52.439 52.144 51.532 64.989 72.822 72.104 71.387 70.654 69.479 69.204 51.359 51.494 51.515 52.3 51.927 48.852 49.237 48.987 49 48.885 49.162 48.99 48.877 48.907 50.915 51.185 49.002 49.085 49.007 49.012 49.027 49.02 49.302 49.985 49.982 50.262 50.56 51.697 52.12 52.132 52.26 52.415 52.812 53.192 54.525 53.392 52.767 52.277 52.197 52.275 52.28 52.245 52.332 52.387 51.98 50.075 49.112 48.095 47.592
