dsm/se2930_DSM_2M.asc
ncols 500
nrows 500
xllcorner    429000
yllcorner    430000
cellsize     2
NODATA_value -9999
[rows 320 to 351 of 500, columns 288 to 359 of 500]
52.095 58.117 60.521 53.132 49.771 49.817 49.816 49.887 49.751 49.641 49.553 49.473 49.357 49.368 49.395 49.308 49.053 49.092 49.092 49.053 49.031 49.521 49.388 47.876 46.631 46.436 46.233 46.437 46.249 46.755 47.682 47.661 47.216 47.048 45.963 46.488 46.967 47.275 45.235 44.991 45.266 44.8 44.598 44.592 44.529 44.366 44.5 44.332 44.259 44.217 44.093 44.201 44.064 44.008 44.772 44.643 43.986 44.519 43.975 44.25 44.019 44.451 43.894 43.577 43.54 43.483 43.484 43.387 43.323 43.257 43.11 43.222
50.838 49.903 49.82 49.871 49.803 49.841 49.914 49.846 49.711 49.645 49.559 49.474 49.39 49.463 49.422 48.784 49.318 49.051 49.041 48.968 49.012 48.992 49.018 48.774 47.047 46.638 46.649 46.254 46.19 46.172 47.316 49.188 46.754 47.227 45.82 45.522 45.707 45.665 45.101 45.345 44.907 44.714 44.651 44.538 44.624 44.304 44.268 44.253 44.407 44.233 44.11 44.196 44.053 43.978 44.108 44.198 44.055 43.963 43.859 45.335 43.892 43.855 43.577 43.542 43.495 43.436 43.427 43.392 43.289 43.038 43.139 43.036
49.99 49.874 49.879 49.903 49.869 49.867 49.902 49.82 49.701 49.58 49.53 49.473 49.525 49.54 48.799 48.251 48.386 49.173 48.964 48.873 48.847 48.887 48.937 49.094 51.387 47.547 46.495 47.519 48.324 47.159 47.813 47.317 45.918 45.939 46.138 46.142 45.287 45.21 45.14 45.048 44.986 44.907 44.616 44.88 44.594 44.623 44.231 44.268 44.244 44.211 44.163 44.125 44.031 44.036 44.132 44.038 43.941 43.839 44.334 45.534 45.775 44.096 43.541 43.488 43.481 43.372 43.354 43.403 44.037 43.265 43.06 42.977
49.955 49.991 49.977 49.97 50.052 50.05 49.856 49.741 49.718 49.615 49.542 49.549 49.593 49.262 48.112 48.102 48.199 48.372 48.585 48.681 48.715 48.803 48.843 56.391 56.875 53.257 47.02 47.146 46.529 47.889 47.744 46.657 45.963 45.984 46.49 46.862 45.53 45.396 45.405 45.488 45.213 48.671 46.094 44.726 44.985 44.268 44.247 44.268 44.214 44.206 44.191 44.065 44.04 44.096 44.046 43.891 43.818 43.816 43.812 43.721 44.199 43.777 43.59 43.418 43.433 43.418 43.376 43.188 43.153 43.111 43.047 42.92
50.024 49.985 50.026 50.049 50.13 50.028 49.827 49.756 49.667 49.619 49.667 49.634 49.644 48.018 47.801 47.949 48.051 48.22 48.396 48.512 48.601 48.667 59.501 61.178 59.263 57.533 51.856 49.335 49.983 51.324 47.956 50.274 50.977 49.32 47.149 46.681 47.652 51.744 49.045 48.902 52.38 52.883 50.663 44.67 44.35 44.253 44.249 44.288 44.208 44.292 44.134 44.178 44.051 44.04 44.004 43.916 43.912 43.69 43.748 43.706 43.63 43.533 43.569 43.522 43.456 43.47 43.331 43.193 43.109 43.018 42.885 42.943
50.103 50.065 50.114 50.189 50.075 49.99 49.89 49.712 49.655 49.673 49.693 49.626 48.177 47.53 47.65 47.72 47.909 48.02 48.258 48.319 48.521 56.877 61.192 61.256 62.588 61.379 54.047 49.729 50.484 53.348 52.831 50.45 52.557 51.054 47.821 47.215 46.693 49.799 47.991 47.928 52.732 53.134 52.466 49.174 44.496 44.323 44.313 44.666 44.257 44.198 44.08 44.168 44.03 44.003 43.899 43.902 43.788 43.673 43.637 43.644 43.579 43.545 43.577 43.525 43.479 43.317 43.156 43.17 43.02 43.011 44.746 46.26
50.197 50.152 50.192 50.188 50.008 49.964 49.889 49.749 49.671 49.743 49.751 48.48 47.236 47.334 47.493 47.573 47.731 47.927 48.036 48.298 51.162 60.879 61.038 61.617 62.788 62.813 53.342 50.951 52.34 54.138 53.529 53.131 51.948 48.749 47.154 46.753 46.751 46.25 46.8 45.949 49.052 49.438 50.623 50.513 46.011 44.89 44.706 44.883 44.768 44.283 44.208 44.121 44.051 44.076 44.476 43.976 43.764 43.668 43.71 43.645 43.615 43.652 43.571 43.46 43.346 43.262 43.17 43.191 44.31 44.592 43.099 45.905
50.27 50.199 50.174 50.123 49.993 49.947 49.817 49.846 49.842 49.826 48.25 47.153 47.116 47.155 47.306 47.441 47.644 47.777 47.925 49.712 60.892 61.107 61.104 61.201 61.141 59.308 51.471 52.706 51.719 52.448 53.073 53.706 52.103 47.39 46.812 47.048 47.056 47.134 46.609 46.081 45.121 45.806 48.266 48.008 45.204 45.002 45.422 46.996 45.314 44.79 44.133 44.161 44.183 43.931 44.151 43.812 43.708 43.774 43.734 43.78 43.645 43.621 43.543 43.363 43.286 43.458 43.285 44.209 45.127 43.5 43.011 43.523
50.243 50.241 50.185 50.092 50.01 49.93 49.888 49.955 49.904 49.955 46.995 46.819 46.882 47.01 47.12 47.276 47.468 47.598 48.291 59.346 61.141 61.1 61.065 61.093 60.947 52.43 53.118 54.707 53.091 51.921 51.874 53.226 48.437 47.065 48.968 46.954 47.725 47.636 47.082 46.176 45.497 45.207 45.394 45.035 46.076 45.417 50.628 51.993 48.389 44.768 44.233 44.222 44.105 43.959 43.955 43.755 43.753 43.82 43.718 43.758 43.58 43.56 43.422 43.321 43.344 43.303 43.31 44.166 44.552 43.866 43.182 42.98
50.29 50.25 50.147 50.073 50.021 49.945 49.988 49.954 50.92 47.856 46.502 46.587 46.75 46.81 46.976 47.158 47.282 47.465 54.541 58.79 61.043 61.072 61.109 61.154 55.933 52.491 53.663 54.123 54.574 53.596 51.732 47.822 45.75 50.076 51.048 50.437 47.985 47.93 47.04 45.964 45.241 44.985 44.922 44.716 44.672 44.629 51.098 53.365 50.645 45.289 44.903 44.486 44.121 43.862 43.924 43.805 43.741 43.73 43.71 43.926 43.82 43.511 43.378 43.411 43.429 43.253 43.213 43.179 43.628 43.141 43.046 43.071
50.293 50.232 50.161 50.064 49.976 50.047 50.013 50.038 51.324 50.247 46.882 46.462 46.549 46.698 46.859 47 47.142 50.901 58.091 57.991 58.59 61.012 57.819 53.445 52.395 52.682 52.955 53.472 54.11 54.523 54.199 52.449 48.773 50.993 50.005 50.915 48.461 47.582 46.081 45.718 45.11 44.869 44.762 44.67 44.74 50.761 53.451 52.894 51.839 47.614 44.176 44.152 44.168 44.324 43.88 43.846 43.767 43.629 43.711 43.695 44.019 43.405 43.358 43.345 43.248 43.236 43.122 43.117 43.489 44.465 44.029 43.028
50.326 50.221 50.108 50.023 50.016 50.094 50.056 50.145 50.359 51.16 51.133 47.304 46.505 46.582 46.685 46.905 54.677 58.036 58.089 58.177 58.058 56.823 54.115 52.38 52.663 51.797 52.364 52.809 53.507 53.906 54.504 54.432 53.003 50.599 49.713 48.895 47.192 46.889 46.494 45.572 45.459 44.896 44.762 44.669 44.642 44.861 46.78 45.291 46.268 47.002 44.405 44.838 44.145 43.924 43.972 43.939 44.053 43.617 43.714 43.7 43.526 43.377 43.404 43.358 43.243 43.216 43.122 43.081 43.121 43.674 43.967 44.454
50.308 50.213 50.168 50.069 50.172 50.143 50.948 51.609 51.3 51.158 51.345 50.399 50.441 46.467 46.517 48.967 57.813 57.993 57.963 57.936 57.456 52.551 52.817 54.385 52.047 51.317 51.513 52.108 52.655 53.252 53.735 54.415 54.755 53.463 51.07 49.031 45.532 46.58 46.773 46.655 46.402 45.775 45.399 45.031 44.753 44.628 44.776 44.583 44.381 44.381 44.376 44.759 44.199 44.039 43.977 44.135 43.968 45.924 45.584 43.707 43.455 43.44 43.368 43.29 43.209 43.113 43.07 43.019 43.096 43.131 43.147 43.851
50.304 50.205 50.134 50.227 50.234 50.58 51.556 51.462 51.886 51.787 51.14 51.244 51.874 51.109 46.811 56.866 57.99 57.954 57.957 57.51 57.103 52.443 53.747 54.575 54.02 52.191 51.291 51.476 52.062 52.503 53.136 53.638 54.136 54.438 53.53 51.827 45.55 45.471 46.846 47.151 46.485 46.251 45.958 45.479 45.177 44.918 44.895 44.794 44.863 44.58 44.318 44.239 44.094 43.977 44.039 43.929 44.011 46.147 44.326 43.541 43.477 43.386 43.272 43.249 43.137 43.128 43.123 43.401 43.194 43.075 43.015 43.054
50.279 50.192 50.198 50.267 50.9 51.633 51.463 51.438 51.402 51.39 51.696 51.12 53.192 53.578 55.661 57.903 57.942 57.959 57.928 57.084 53.058 53.063 53.376 53.834 54.348 54.217 52.628 51.398 51.315 51.904 52.44 52.934 53.488 54.043 54.654 53.798 52.279 49.974 45.117 46.405 46.27 46.511 46.304 46.046 45.629 45.199 44.985 44.653 45.398 45.083 44.709 44.327 44.151 44.239 44.617 44.096 44.384 44.639 43.922 43.619 43.518 43.413 43.267 43.277 43.269 43.336 43.131 43.216 43.236 43.118 43.027 42.902
50.291 50.281 50.331 50.396 51.581 51.441 51.484 51.441 51.423 51.355 51.706 51.818 54.524 57.833 58.026 57.92 57.953 57.928 54.141 53.93 52.65 52.586 52.566 53.248 53.683 54.218 54.686 53.103 51.549 51.413 51.791 52.207 52.829 53.406 53.986 54.49 54.034 52.442 49.159 44.933 46.015 46.551 46.623 46.803 46.611 45.736 45.067 44.746 45.5 44.92 44.818 44.769 44.113 44.083 44.421 43.953 44.177 44.585 43.706 43.747 43.641 43.396 43.338 43.275 43.235 43.247 43.268 43.161 43.027 43.423 43.007 42.822
50.366 50.399 50.395 48.496 46.603 47.711 51.626 51.407 51.387 51.368 51.653 53.712 55.399 58.115 57.981 57.922 57.929 58.116 54.649 52.494 52.047 51.495 51.964 52.482 52.875 53.628 54.212 54.404 53.568 51.869 51.319 51.626 52.083 52.6 53.371 53.855 54.517 54.645 52.786 50.628 46.144 45.101 50.577 50.668 47.077 45.706 45.241 45.011 45.009 44.497 44.492 44.252 44.026 43.997 44.066 44.12 44.042 43.61 43.772 43.724 43.785 44.457 43.591 43.36 43.243 43.267 43.215 43.124 43.395 43.035 43.28 42.967
50.437 50.457 49.707 47.033 46.775 46.584 47.623 51.221 51.939 51.373 51.861 54.253 58.167 58.011 57.998 57.959 58.097 55.499 52.605 54.653 53.55 51.466 51.293 51.895 52.264 52.979 53.536 54.09 54.572 53.984 52.557 51.253 51.434 51.97 52.614 53.205 53.756 54.251 54.639 52.92 51.376 49.583 52.403 52.546 47.876 45.649 45.263 45.165 45.25 44.695 44.492 44.275 43.999 43.933 43.962 43.997 44.013 43.974 43.869 43.635 43.788 43.771 43.486 43.551 43.379 43.301 43.262 43.134 43.087 42.923 43.005 43.079
50.494 50.595 47.37 47.127 46.903 46.741 46.576 46.863 50.292 51.772 52.605 57.572 58.636 58.277 58.098 58.017 58.002 53.277 53.744 54.223 54.746 53.373 51.932 51.297 51.701 52.258 52.762 53.318 53.934 54.39 54.388 53 51.53 51.407 51.955 52.365 53.069 53.545 54.062 54.503 53.79 52.523 51.529 49.563 47.568 45.605 45.679 45.22 45.256 44.653 44.286 44.148 44.086 43.919 43.909 43.975 43.857 43.89 43.855 43.992 43.623 43.562 43.356 43.363 43.297 43.281 43.212 43.142 43.081 43.015 43.078 42.922
50.574 48.15 47.45 47.238 47.095 46.908 46.76 46.668 46.51 48.034 57.147 58.532 58.455 58.562 58.161 57.989 56.998 52.823 52.964 53.698 53.961 54.412 53.264 52.268 51.215 51.59 52.061 52.714 53.097 53.693 54.177 54.701 53.347 51.969 51.334 51.696 52.314 52.823 53.381 53.949 54.495 53.875 52.911 50.622 45.691 44.437 45.79 45.108 44.666 44.231 44.154 44.103 45.305 45.227 43.887 44.126 43.95 43.891 43.786 43.76 43.901 43.538 43.47 43.307 43.331 43.547 43.261 43.062 43.022 43.012 43.036 43.117
47.977 47.796 47.604 47.437 47.275 47.104 46.982 46.867 47.206 57.339 58.498 58.459 58.433 58.426 58.39 58.677 58.198 53.582 52.235 52.891 53.264 53.921 54.476 53.983 52.488 51.653 51.412 52.015 52.524 52.847 53.507 54.143 54.461 53.793 51.888 51.204 51.682 52.173 52.684 53.225 53.821 54.493 54.686 52.664 49.908 44.455 44.316 44.914 44.593 44.289 45.612 46.182 46.464 44.6 45.091 44.39 43.78 43.695 43.746 43.741 43.715 43.821 45.245 44.795 43.663 43.759 43.368 43.513 43.23 43.067 42.948 42.93
48.186 47.971 47.78 47.634 47.494 47.376 47.191 47.073 55.633 58.56 58.449 58.433 58.419 58.41 58.33 58.265 56.234 52.02 51.685 52.141 52.658 53.232 53.855 54.365 54.811 53.013 51.428 51.362 51.873 52.32 52.967 53.602 54.023 54.611 54.048 52.486 51.198 51.457 51.974 52.674 53.176 53.723 54.287 54.749 53.115 51.928 49.487 44.318 44.981 45.762 45.947 46.738 47.031 45.424 45.626 44.228 43.6 43.588 43.714 43.485 43.674 43.667 44.953 45.1 44.388 43.477 43.123 43.196 43.136 43.173 42.935 42.768
48.311 48.155 47.944 47.829 47.754 47.56 47.418 50.205 58.663 58.469 58.437 58.411 58.367 58.353 58.308 58.216 54.585 53.501 51.957 51.61 51.925 52.561 53.056 53.688 54.256 54.788 53.324 51.812 51.267 51.785 52.261 52.766 53.374 53.863 54.403 54.352 52.812 51.44 51.396 51.899 52.534 53.097 53.598 54.075 54.565 54.027 51.501 47.037 44.147 44.768 44.399 45.231 44.959 45.766 44.157 43.614 43.559 43.531 43.459 43.434 43.458 43.572 43.525 43.45 43.394 43.617 43.191 43.126 43.198 43.171 42.923 42.811
48.526 48.33 48.144 48.017 47.914 47.831 48.294 56.636 58.496 58.443 58.43 58.4 58.367 58.353 58.695 55.134 54.388 54.181 54.348 52.273 51.419 51.896 52.429 52.971 53.603 54.065 54.394 53.564 52.116 51.326 51.474 52.148 52.647 53.293 53.755 54.272 54.425 53.422 51.916 51.478 51.721 52.412 53.025 53.362 53.93 54.426 54.647 52.51 50.264 45.402 46.2 48.406 45.105 44.01 43.517 43.525 43.554 43.412 43.378 43.426 43.52 43.616 43.49 43.501 43.362 43.722 44.565 43.403 43.182 43.046 43.098 42.917
48.703 48.508 48.357 48.272 48.166 51.781 58.638 58.51 58.476 58.423 58.395 58.395 58.334 58.481 56.721 54.709 54.562 55.414 55.603 54.255 52.436 51.367 51.587 52.385 52.912 53.397 53.972 54.514 54.101 52.793 51.403 51.481 52.011 52.468 53.104 53.702 54.211 54.779 53.614 52.058 51.304 51.729 52.1 52.731 53.318 53.727 54.48 54.308 48.369 44.645 50.075 51.923 49.17 44.159 43.542 43.508 43.454 43.283 43.323 43.361 43.676 43.598 43.63 43.811 43.507 43.381 44.578 43.74 43.081 43.802 44.23 43.516
48.897 48.747 48.593 48.482 48.69 58.739 58.512 58.477 58.452 58.758 58.408 58.363 58.411 58.77 55.24 54.946 54.715 54.885 55.642 54.247 54.053 52.678 51.768 51.77 52.107 52.75 53.235 53.852 54.285 54.509 52.649 51.747 51.588 51.768 52.368 52.798 53.57 54.002 54.408 54.061 52.308 51.377 51.546 51.999 52.634 53.127 53.738 48.77 44.021 45.807 45.944 47.379 45.674 44.363 43.548 43.492 44.701 43.713 43.328 43.412 43.661 43.527 43.308 43.301 43.278 43.438 43.272 43.17 43.21 43.662 44.379 44.834
49.045 48.941 48.879 48.753 56.705 58.565 58.482 58.434 58.417 58.406 58.366 58.334 58.684 55.891 55.271 55.116 54.939 54.779 54.618 54.397 54.273 54.151 53.789 52.94 51.569 52.045 52.577 53.174 53.707 54.15 54.603 53.398 52.183 51.258 51.553 52.18 52.815 53.298 53.967 54.392 54.621 52.906 51.534 51.445 51.821 52.494 53.103 48 45.986 44.279 44.261 44.244 44.279 44.709 44.061 44.06 45.944 43.663 45.972 44.5 43.294 43.243 43.271 43.121 43.152 43.642 43.659 43.308 43.524 43.701 44.702 44.944
49.313 49.261 49.175 53.493 58.516 58.487 58.479 58.432 58.394 58.384 58.351 58.885 56.755 55.639 55.462 55.304 55.16 55 54.738 54.658 54.493 54.401 54.163 53.931 51.71 51.275 51.914 52.503 52.961 53.597 54.107 54.414 54.101 51.978 51.3 51.576 52.188 52.707 53.172 53.774 54.342 54.59 53.194 51.499 51.233 51.917 48.572 48.453 45.138 44.336 44.33 44.349 44.313 44.296 44.245 47.315 47.214 45.08 46.804 46.734 43.491 43.317 43.214 43.292 43.425 45.389 47.594 44.578 43.183 43.322 43.872 43.309
49.524 49.524 50.484 58.329 58.478 58.451 58.419 58.389 58.382 58.356 58.663 56.693 55.92 55.81 55.657 55.513 55.345 55.195 55.019 54.807 54.652 54.458 54.348 54.183 54.027 53.057 51.451 51.789 52.417 52.898 53.338 53.904 54.637 54.369 52.637 51.317 51.446 52.039 52.588 52.994 53.553 54.254 54.539 53.741 51.583 47.447 51.218 50.839 44.821 44.339 44.347 44.36 44.377 44.385 44.406 45.673 46.919 45.633 44.043 45.613 44.66 43.255 43.194 43.254 43.34 45.723 47.666 44.893 43.337 43.174 43.329 43.99
49.674 51.952 57.092 58.52 58.459 58.433 58.408 58.38 58.342 58.391 56.76 55.575 55.739 55.865 55.85 55.721 55.524 55.385 55.24 54.989 54.856 54.692 54.535 54.404 54.208 53.968 52.088 51.367 51.651 52.252 52.742 53.173 53.777 54.5 54.468 53.26 51.659 51.394 52.036 52.4 52.88 53.554 53.866 54.304 50.382 46.694 48.817 48.587 44.429 44.355 44.369 44.366 44.403 44.442 44.42 44.394 44.36 44.385 47.01 47.885 44.832 43.259 43.987 43.172 43.159 43.629 44.297 42.985 43.257 43.42 43.32 43.078
49.758 53.668 59.955 59.64 58.902 58.441 58.378 58.352 58.266 58.179 55.182 55.323 55.483 55.63 55.881 55.913 55.765 55.621 55.376 55.259 55.011 54.879 54.736 54.569 54.35 54.257 54.09 53.76 51.232 51.463 52.078 52.633 53.162 53.736 54.26 54.694 53.326 51.99 51.258 51.768 52.286 52.832 53.48 52.048 52.73 51.593 45.753 44.412 44.378 44.358 44.377 44.407 44.438 44.399 44.385 44.369 44.349 44.298 47.575 48.443 44.321 43.299 43.251 44.281 44.092 43.962 43.362 42.991 43.032 43.155 43.29 43.085
50.375 55.743 59.894 59.78 59.378 58.51 58.34 58.277 56.07 55.173 54.95 55.092 55.34 55.519 55.652 55.826 55.934 55.791 55.627 55.475 55.273 55.129 54.91 54.836 54.646 54.478 54.246 52.908 52.454 51.39 51.434 51.867 52.45 53.181 53.671 54.143 54.679 53.789 51.947 51.235 51.662 52.274 52.396 51.732 54.163 53.097 47.908 44.369 44.375 44.373 44.399 44.421 44.448 44.433 44.399 44.38 44.371 44.322 44.204 44.565 44.277 44.73 43.338 43.972 44.313 43.734 43.533 43.058 43.043 43.232 42.923 42.818
