dsm/se2931_DSM_2M.asc
ncols 500
nrows 500
xllcorner    429000
yllcorner    431000
cellsize     2
NODATA_value -9999
[rows 160 to 191 of 500, columns 216 to 287 of 500]
49.684 46.186 47.021 52.396 54.063 53.643 48.217 45.135 46.999 45.605 44.851 44.823 44.785 47.196 49.183 50.488 50.919 50.985 49.905 44.796 44.071 44.237 44.296 44.396 44.094 43.96 43.951 44.264 45.842 46.138 46.36 46.311 46.323 46.343 46.311 46.313 45.734 43.525 43.398 43.233 43.274 43.175 43.255 43.173 43.252 43.15 43.181 43.106 43.051 43.121 43.116 43.294 43.316 43.324 43.298 44.305 43.027 44.378 43.194 45.173 45.459 44.766 45.219 43.605 42.945 42.833 42.805 42.83 43.094 42.602 42.503 42.473
52.112 46.052 48.17 53.33 54.145 53.308 46.023 45.038 45.041 44.957 44.978 44.987 44.826 45.444 49.869 50.93 51.564 51.289 50.282 45.986 44.29 44.277 44.299 44.392 44.09 44.075 44.008 43.939 43.89 43.84 44.399 44.464 45.793 45.447 46.218 46.275 43.873 43.538 43.361 43.411 43.346 43.37 43.424 43.338 43.33 43.195 43.165 43.091 43.161 43.109 43.122 43.364 43.432 43.433 43.352 43.362 45.013 46.846 46.645 46.047 46.445 44.193 43.775 43.122 43.096 43.417 42.981 43.264 43.044 42.73 42.595 42.566
51.601 48.089 51.196 53.693 53.963 53.039 45.653 45.089 45.04 45.011 45.015 45.544 47.125 47.088 49.904 50.992 52.153 50.969 50.074 44.744 44.565 44.628 44.637 44.469 44.22 44.178 44.034 44.098 44.081 43.983 43.969 43.912 43.825 44.194 44.207 44.443 43.704 43.57 43.557 43.61 43.522 43.447 43.397 43.597 43.714 43.455 43.571 43.243 43.276 43.141 43.235 43.354 43.38 43.398 43.378 43.332 46.53 47.245 47.255 46.177 45.978 43.622 43.406 43.321 43.268 43.001 43.606 46.735 43.87 42.751 42.696 42.733
51.764 46.563 51.142 53.715 53.734 52.97 45.358 45.369 45.211 45.244 45.317 46.428 47.166 49.321 51.056 51.72 51.991 50.936 47.471 44.615 44.672 44.623 44.672 44.366 44.202 44.25 44.121 44.205 44.069 44.073 44.013 44.027 43.998 43.916 43.857 43.809 43.764 43.7 43.723 43.708 43.566 43.569 43.602 43.598 44.688 46.066 47.475 45.248 45.231 44.165 43.629 43.293 43.329 43.275 43.413 43.354 43.378 46.119 45.846 45.563 45.546 43.503 43.573 43.642 43.501 43.066 44.614 44.411 43.024 42.831 42.82 42.841
47.501 46.06 46.895 51.884 54.695 48.924 46.557 45.43 47.978 48.874 45.591 45.477 45.328 48.897 51.138 52.073 51.939 51.228 47.737 45.188 45.149 45.285 44.656 44.459 44.388 44.332 44.296 44.25 44.167 44.2 44.092 44.15 44.023 44.067 44.008 43.947 43.872 43.845 43.77 43.766 43.749 43.565 43.781 43.565 43.655 46.75 48.934 49.858 48.899 47.984 44.558 44.176 43.587 43.521 43.514 43.444 43.497 43.951 46.715 46.852 46.602 46.338 43.813 44.013 43.73 43.277 44.958 43.381 43.055 42.936 42.926 42.884
46.601 46.977 46.917 52.942 55.234 55.066 52.579 46.471 51.925 51.624 49.766 45.558 45.302 46.137 50.834 52.031 51.691 51.046 46.786 45.079 45.057 46.322 44.902 44.45 44.374 44.406 44.356 44.261 44.287 44.277 44.198 44.184 44.083 44.116 44.14 44.06 43.947 43.901 43.922 43.851 43.786 43.759 44.591 44.409 44.646 47.697 49.213 50.138 49.604 48.456 43.703 43.815 43.946 44.041 43.966 43.701 43.676 43.557 43.533 44.339 47.914 46.767 44.779 44.007 43.845 43.514 45.592 43.423 43.156 43.029 43.054 42.962
46.63 46.484 48.96 54.56 55.356 54.906 52.667 49.527 52.959 52.762 51.508 46.445 45.325 45.254 46.746 47.943 50.981 51.295 49.75 46.465 45.094 46.522 45.14 44.664 44.589 44.527 44.542 44.418 44.386 44.323 44.357 44.204 44.161 44.174 44.125 44.098 44.004 44.021 43.923 43.996 43.977 43.954 43.943 44.088 46.073 48.587 49.437 50.013 49.464 45.967 43.466 43.882 43.648 43.913 43.795 43.825 44.643 44.731 43.953 44.422 45.971 46.089 44.025 43.96 43.956 45.898 45.036 43.729 43.222 43.116 43.132 43.082
48.764 47.89 52.349 54.81 55.322 54.058 47.209 47.305 51.862 52.109 47.985 46.137 45.751 45.283 45.369 45.285 50.33 51.616 52.191 51.425 50.004 45.352 45.795 45.012 44.577 44.617 44.525 44.586 44.546 44.495 44.493 44.316 44.293 44.197 44.23 44.156 45.022 44.204 44.064 44.113 43.975 44.172 44.516 43.479 43.341 48.889 49.774 49.889 49.143 45.013 43.722 43.813 43.857 44.176 43.875 43.966 44.153 44.279 44.321 43.724 43.806 43.809 43.561 43.843 43.9 46.313 46.619 44.324 43.323 43.244 43.258 43.176
48.013 48.173 48.522 55.03 55.344 54.139 47.134 47.206 47.373 49.606 46.1 45.834 45.629 45.342 47.198 49.453 51.206 51.844 52.02 51.143 47.038 45.185 44.923 44.802 44.83 44.705 44.675 44.631 44.489 44.517 45.522 44.514 44.511 44.408 44.334 44.716 44.747 44.263 44.205 44.939 44.448 44.918 44.241 46.083 48.314 49.57 50.292 49.823 48.842 43.307 43.532 43.804 43.858 44.082 44.049 44.057 45.28 44.412 45.271 45.925 43.865 45.281 44.493 46.467 46.955 46.975 47.889 45.185 43.372 43.326 43.359 43.332
47.519 47.453 54.487 55.311 55.028 54.206 46.502 47.048 47.017 46.393 45.876 45.834 45.633 45.551 45.926 50.05 51.297 52.085 51.735 50.911 45.921 45.149 45.184 44.734 44.887 44.871 44.848 45.02 44.699 46.671 48.886 46.497 46.2 44.983 44.6 44.467 44.512 44.373 44.866 44.857 44.365 44.764 43.992 44.598 49.144 49.975 50.611 50.056 46.646 43.728 43.772 43.879 44.142 44.361 45.708 45.029 45.154 44.352 46.247 46.358 44.739 44.63 43.956 48.476 46.261 48.661 47.649 44.956 43.395 43.402 43.405 43.451
48.926 48.672 54.58 55.408 54.794 47.68 46.437 46.478 46.198 46.121 49.872 46.104 45.938 46.898 47.692 49.383 51.624 52.266 51.602 50.581 46.088 45.108 45.286 45.281 44.764 44.868 44.732 44.787 44.69 48.416 50.601 51.337 50.112 47.454 45.709 44.75 44.753 44.461 44.498 44.357 44.422 44.755 45.101 46.016 49.313 50.183 50.75 49.942 48.976 44.013 43.97 44.032 44.04 44.477 44.368 44.276 44.414 44.385 47.997 45.797 44.66 44.654 45.694 49.06 48.926 48.912 46.144 43.622 43.56 43.522 43.541 43.506
49.39 50.221 54.922 55.305 54.65 48.404 46.341 46.328 46.301 52.613 54.499 52.299 46.312 47.427 49.79 51.559 52.188 52.511 51.434 47.305 45.161 45.099 45.061 44.887 44.861 45.264 45.381 45.03 44.771 48.689 50.771 51.684 51.138 50.364 45.678 45.134 44.664 44.716 44.666 44.593 44.546 44.385 45.68 47.824 49.414 50.438 50.579 49.654 45.021 43.957 44.137 44.938 44.236 44.598 45.205 44.542 44.787 47.193 50.245 51.009 50.547 49.97 48.742 48.631 48.245 47.728 44.31 43.754 43.659 43.684 43.65 43.585
46.921 53.415 55.043 55.31 54.385 46.496 46.365 46.37 46.814 56.515 59.333 59.181 50.435 47.998 49.344 51.682 52.625 52.5 51.761 47.879 45.613 45.335 45.928 46.362 45.136 44.971 44.989 45.201 45.255 51.054 51.706 52.244 51.015 49.891 46.97 45.131 44.775 44.81 44.683 44.714 44.56 44.367 44.073 47.606 49.87 50.566 50.402 49.398 45.931 45.358 45.524 46.159 45.91 46.532 44.852 46.854 46.378 48.314 50.434 51.279 51.124 50.443 48.737 46.058 46.364 44.056 43.92 43.805 43.738 43.708 43.763 43.597
46.598 54.45 55.413 55.062 50.316 46.887 46.374 46.466 46.745 55.226 59.338 60.111 58.236 48.768 48.272 48.589 52.632 52.394 51.477 47.176 45.469 45.346 45.297 44.99 45.354 45.138 45.143 45.193 48.909 51.176 51.956 52.059 51.381 47.919 47.003 45.132 44.966 44.9 44.791 44.851 44.701 45.963 46.683 49.224 50.535 50.734 50.032 49.271 44.754 44.126 44.631 47.202 44.614 44.773 44.45 44.563 44.674 49.894 50.613 51.374 51.084 50.19 47.655 45.166 45.248 44.233 44.019 43.878 43.816 43.745 43.874 43.782
48.96 50.785 51.918 54.762 50.51 46.45 46.529 46.565 47.956 57.087 57.955 58.944 56.986 47.941 45.966 45.98 51.777 52.051 51.153 45.898 45.489 45.155 46.815 46.249 45.121 45.155 45.283 46.261 49.629 51.331 52.367 51.83 51.023 49.318 45.634 45.175 45.175 44.963 44.877 44.97 44.745 44.561 46.329 50.041 50.965 51.286 50.466 48.74 44.43 44.295 44.474 47.539 44.496 44.536 44.558 44.519 47.172 50.083 50.979 51.5 50.81 49.809 46.88 45.523 44.446 44.259 44.114 43.948 43.843 43.919 43.903 43.858
48.908 48.789 48.961 48.412 47.542 46.978 46.681 46.67 46.628 52.295 56.255 52.191 50.719 46.064 47.212 47.786 51.278 51.902 51.139 46.358 45.672 45.326 46.48 45.652 45.792 45.258 45.625 46.085 51.29 52.084 52.833 52.146 51.268 48.265 46.415 45.279 45.195 45.038 45.056 44.895 44.792 45.897 44.696 50.326 51.219 51.124 50.174 45.362 44.615 44.486 49.48 49.55 44.735 44.631 44.55 44.596 47.764 50.311 51.194 51.473 50.573 48.734 45.126 44.433 44.478 44.412 44.192 44.033 43.98 44.02 44.065 44.046
49.475 47.437 47.125 46.994 46.871 47.08 46.858 46.733 46.675 46.679 47.485 47.917 46.663 46.071 45.91 49.457 51.638 51.767 50.986 46.757 45.878 45.642 45.997 45.825 45.683 45.424 46.524 49.237 51.369 52.354 52.782 52.1 49.022 46.157 46.251 45.352 45.322 45.219 45.158 44.948 45.002 46.487 49.115 50.505 51.244 50.875 49.879 45.344 44.56 44.604 45.659 46.797 45.648 45.204 44.754 44.603 48.328 50.523 51.399 51.275 50.375 48.425 46.823 44.52 44.48 44.399 44.251 44.052 44.136 44.171 44.09 44.099
50.047 51.059 47.283 47.143 46.991 48.591 48.677 46.878 46.994 46.742 46.623 46.618 47.548 46.346 45.947 49.809 51.773 51.83 51.865 51.441 51.31 50.419 49.02 45.95 45.91 45.941 45.845 48.591 51.63 51.913 49.34 51.774 50.183 47.686 45.858 45.517 45.475 45.645 45.607 44.985 44.694 45.499 49.91 50.874 51.215 50.654 49.448 45.057 45.403 45.553 46.909 46.165 46.561 48.099 46.574 45.462 49.912 50.812 51.461 50.943 50.174 44.659 44.661 44.645 44.675 44.687 44.389 44.21 44.243 44.211 44.117 45.968
47.473 52.59 52.586 52.237 50.396 51.622 49.466 46.95 46.961 46.981 46.912 46.823 46.624 46.841 47.32 50.83 50.723 51.3 51.652 51.812 51.997 51.85 51.666 51.368 50.68 49.989 46.357 49.676 51.707 51.435 46.495 47.138 47.164 48.1 45.741 45.636 45.475 45.475 45.382 45.186 47.039 48.042 50.549 51.24 51.398 50.343 46.197 44.632 44.712 45.055 48.579 49.982 48.711 46.805 44.55 45.475 50.151 51.041 51.453 50.666 49.714 47.051 44.917 44.534 44.525 44.592 44.462 44.494 44.297 44.198 44.245 44.291
50.822 52.982 53.124 53.035 53.18 52.933 52.548 51.118 50.809 47.115 47.439 49.653 47.806 47.026 46.606 46.416 47.032 46.983 50.018 51.034 51.204 51.548 51.787 51.872 51.985 51.882 51.564 51.613 52.009 50.966 48.824 46.75 47.047 46.061 45.774 45.723 45.57 45.629 45.351 45.265 45.939 46.406 50.935 51.708 51.687 50.212 46.544 45.418 44.933 47.476 48.508 47.056 48.902 46.13 44.642 47.208 50.312 51.212 51.396 50.615 49.385 45.284 44.985 44.734 44.689 44.581 45.233 45.316 44.415 44.31 44.396 44.338
52.104 53.155 52.61 52.396 52.752 52.891 53.041 53.147 52.888 52.845 52.541 51.978 49.448 47.972 47.29 46.629 46.501 46.358 47.961 46.664 46.083 47.227 47.209 50.561 51.387 51.646 51.76 51.779 51.868 50.109 46.443 46.054 45.888 45.949 45.89 45.772 45.749 45.562 45.421 46.394 45.973 49.901 50.995 51.737 51.435 50.728 46.116 44.99 45.131 45.951 45.622 46.053 45.237 45.486 44.829 48.694 51.31 51.565 51.145 50.277 46.038 45.751 44.648 44.647 45.043 44.663 44.682 44.618 44.52 44.436 44.444 44.437
52.667 53.048 52.49 48.19 48.447 51.207 52.339 52.473 52.805 52.986 53.047 53.18 52.857 52.695 52.526 49.145 46.76 46.518 46.416 46.09 46.464 46.066 45.844 47.147 48.68 47.328 50.861 51.013 51.347 46.636 46.174 45.935 46.059 46.024 45.985 45.807 45.819 45.655 45.604 47.285 45.999 45.432 46.425 50.947 50.988 48.111 46.39 45.094 45.543 46.424 45.133 45.306 44.826 44.911 45.319 50.022 51.559 52.036 51.436 50.464 47.724 46.419 45.308 44.576 45.015 44.757 44.541 44.562 44.52 44.6 44.489 44.512
54.223 53.499 50.507 47.866 47.354 47.58 47.504 48.072 47.885 48.71 52.376 52.581 52.94 53.063 49.664 46.937 46.999 46.92 46.63 46.455 46.511 46.363 46.462 46.199 46.528 46.117 46.416 46.145 46.99 46.05 46.115 46.39 46.677 46.046 45.889 45.893 45.804 45.647 46.207 45.444 45.298 47.598 49.746 51.081 51.015 47.223 45.702 46.887 46.888 46.949 45.672 45.153 45.022 45.157 47.199 50.308 51.695 51.952 51.265 49.937 45.153 45.492 45.195 44.979 44.88 44.846 44.595 44.66 44.615 44.637 44.617 44.869
54.217 53.335 51.189 47.801 50.138 48.294 47.804 47.634 48.003 47.045 47.058 48.441 52.81 52.954 48.857 47.072 47.134 47.137 46.794 46.884 46.73 46.579 46.454 46.333 46.331 46.348 46.339 46.223 46.271 46.198 46.317 46.247 46.157 46.099 45.942 45.864 45.848 45.785 45.902 45.399 46.866 48.332 50.373 51.198 50.812 47.393 46.209 45.152 45.059 45.252 45.09 45.267 45.256 45.101 49.47 51.098 51.401 51.635 50.233 49.209 47.099 45.099 44.886 44.925 44.929 44.767 44.861 44.771 44.781 44.711 45.338 44.99
54.155 53.181 48.402 48.079 48.507 49.097 48.018 47.866 47.623 47.83 50.351 51.727 53.117 52.743 49.146 48.252 47.202 47.514 47.084 46.87 46.828 46.773 46.598 46.726 47.448 47.468 48.426 48.092 47.424 46.47 46.26 46.259 46.814 46.176 46.007 46.018 45.843 45.766 45.691 46.758 47.69 48.231 50.678 51.087 51.041 50.879 49.888 48.284 46.65 45.229 45.154 45.172 45.105 46.036 48.926 51.152 50.87 47.476 45.24 47.04 46.194 45.34 45.061 45.051 44.991 44.909 44.811 44.763 44.897 44.751 44.951 44.878
54.322 50.881 48.222 48.277 48.213 48.448 48.385 48.099 47.989 47.846 48.528 52.654 53.578 53.918 48.764 47.697 47.36 47.788 47.317 47.134 46.98 46.921 46.882 48.293 46.881 46.463 46.974 49.453 52.12 50.96 50.222 48.985 49.342 46.35 46.04 46.019 45.959 45.832 45.753 47.394 47.099 46.673 50.24 50.688 50.959 51.081 51.235 51.257 50.959 50.884 49.839 46.742 47.955 46.466 50.267 51.085 50.562 47.61 45.363 45.438 45.356 45.168 45.177 45.23 45.154 44.953 44.928 44.886 44.935 44.883 44.9 44.862
54.261 52.102 48.518 48.521 48.489 48.719 48.625 48.562 48.439 48.021 47.97 53.26 54.132 54.216 53.453 52.478 49.348 47.597 47.451 47.267 47.17 47.107 46.955 46.99 47.143 47.2 49.697 52.146 52.523 52.541 52.394 52.172 52.052 51.699 50.002 49.046 46.189 48.314 46.468 45.759 45.72 45.55 45.494 47.261 48.899 50.284 50.478 50.659 50.851 51.158 51.139 51.134 51.047 50.829 51.02 51.087 47.641 45.6 45.396 45.307 45.416 45.18 45.258 45.266 45.206 45.082 44.95 45.034 44.915 44.99 45.835 44.99
54.324 49.224 49.129 48.769 48.835 48.701 48.656 48.59 48.71 48.855 50.803 54.088 54.269 54.151 53.322 48.722 48.532 47.704 47.655 47.439 47.28 47.104 47.039 48.288 46.991 48.169 50.519 52.205 52.319 51.997 52.017 52.432 52.53 52.466 52.331 51.814 50.464 50.513 46.624 46.017 45.914 45.711 45.635 45.581 46.848 47.748 45.857 47.518 46.781 49.423 50.572 50.827 51.16 51.193 51.179 51.003 46.537 45.13 45.225 45.247 45.429 45.252 45.356 45.439 45.286 45.139 45.116 45.106 45.034 44.979 45.299 44.994
54.34 48.898 49.207 49.296 49.177 48.931 49.168 48.745 48.501 48.354 52.07 54.343 55.148 54.418 50.645 49.068 47.695 47.878 47.797 47.607 47.462 48.756 49.739 49.395 48.039 47.62 50.214 52.549 52.102 49.218 48.119 50.314 50.866 51.854 52.22 52.08 51.818 51.876 51.736 51.677 50.795 46.904 46.019 45.741 45.681 45.617 45.443 45.394 45.319 45.117 47.962 46.946 46.624 50.197 50.793 50.385 45.24 45.168 45.205 45.61 45.404 45.547 46.472 50.13 45.873 45.152 45.2 45.154 45.183 45.159 44.991 45.165
53.042 49.143 49.288 49.257 49.281 49.192 50.558 50.261 48.633 48.402 53.806 54.639 55.103 54.415 53.573 50.783 48.74 48.041 47.927 47.765 47.595 47.222 47.885 49.673 52.698 53.347 53.425 53.201 52.048 47.331 46.541 46.463 46.412 47.305 48.633 50.746 50.89 51.112 51.795 51.918 51.67 47.161 45.775 46.048 46.358 45.706 45.577 45.609 45.546 45.497 45.969 45.304 45.294 45.299 46.454 46.664 46.019 45.515 45.782 45.367 45.392 50.514 52.165 52.798 48.408 45.178 45.279 45.251 45.227 45.219 45.095 45.255
49.629 49.997 50.007 49.868 49.947 49.599 50.03 50.582 50.113 53.067 55.283 55.738 55.777 54.104 50.11 48.541 48.414 48.285 48.151 48.327 48.331 48.263 48.554 51.659 52.995 53.642 53.83 53.081 48.077 46.956 46.785 46.687 46.603 46.589 47.021 47.084 45.992 46.573 51.266 51.767 50.753 46.094 45.891 47.62 46.782 46.667 45.73 45.656 45.591 45.626 45.54 45.504 45.506 45.504 45.521 45.387 45.489 45.423 45.393 45.386 45.259 50.045 52.462 52.78 50.723 47.674 45.437 45.269 45.31 45.301 45.247 45.274
49.962 50.051 49.766 49.858 49.652 49.738 49.842 49.448 49.574 53.263 55.442 56.24 55.975 55.307 51.779 51.701 49.297 48.363 48.248 48.027 48.139 49.537 50.158 52.514 53.683 55.125 53.691 52.785 51.216 47.089 47.044 47.029 46.849 46.987 47.677 46.424 45.982 48.744 51.525 51.763 51.042 47.776 46.019 47.5 46.774 47.43 45.997 45.921 45.852 45.735 46.166 46.193 45.842 45.83 45.844 45.911 45.801 47.371 47.299 45.731 45.708 46.051 48.177 50.58 47.126 45.394 45.447 45.395 45.376 45.291 45.378 45.375
