dsm/se2931_DSM_2M.asc
ncols 500
nrows 500
xllcorner    429000
yllcorner    431000
cellsize     2
NODATA_value -9999
[rows 0 to 31 of 500, columns 216 to 287 of 500]
38.787 38.787 38.712 38.672 38.683 38.602 39.335 40.299 38.544 38.475 38.461 38.44 38.502 38.535 38.578 38.248 38.474 37.252 41.808 41.883 42.379 42.255 40.277 40.305 42.567 41.274 36.661 35.713 35.243 35.276 35.236 35.172 35.161 35.114 35.2 35.288 35.225 35 34.981 35.084 37.314 35.76 45.741 42.183 47.345 44.755 46.268 39.708 42.886 41.56 42.855 43.215 42.781 42.447 37.955 40.267 38.31 38.937 40.15 40.075 41.452 40.655 39.037 35.706 35.155 34.984 34.968 35.187 35.549 36.038 36.37 36.72
38.743 38.75 38.691 38.692 38.581 38.539 39.795 40.766 38.636 38.474 39.086 39.068 38.409 39.7 38.66 39.256 40.142 40.297 42.517 42.895 42.511 41.68 38.006 38.222 39.827 37.863 35.506 35.314 35.281 35.253 35.217 35.266 35.282 35.189 35.282 35.202 35.158 35.017 35.145 37.187 41.178 40.844 45.154 41.785 47.78 44.217 37.988 40.922 42.403 43.672 41.71 42.101 40.547 42.325 41.786 40.42 39.288 38.203 37.56 36.307 37.497 40.636 40.695 39.76 36.321 35.262 35.059 35.019 35.189 35.48 35.972 36.42
38.706 38.72 38.624 38.638 38.596 38.548 38.538 42.841 43.642 40.093 38.482 38.417 41.502 40.036 43.052 42.566 42.492 42.957 41.769 41.002 40.455 37.63 35.447 35.38 35.393 35.35 35.334 35.382 35.317 35.364 35.291 35.282 35.325 35.214 35.199 35.188 37.507 35.864 35.564 35.942 43.326 43.452 42.828 42.642 47.206 45.218 42.498 41.112 44.184 43.451 42.066 41.505 39.541 37.836 39.312 39.306 36.956 36.793 36.281 36.162 36.182 37.026 40.156 40.596 39.622 36.012 35.415 35.156 34.998 35.082 35.476 35.862
38.668 38.575 38.64 38.543 38.574 41.264 42.918 43.549 44.922 42.897 38.061 40.492 43.512 43.904 41.062 43.073 43.539 43.672 38.757 35.99 36.208 35.568 35.426 35.437 35.432 35.399 35.458 35.375 35.411 35.31 35.363 35.364 35.217 35.197 35.2 35.261 35.63 40.134 38.664 39.632 42.275 39.618 44.331 47.72 47.596 47.43 44.353 44.06 44.665 44.76 42.523 38.521 36.88 36.285 36.302 36.235 36.281 36.29 36.248 36.278 36.212 36.235 37.008 39.076 40.292 39.839 39.005 35.461 35.122 34.999 35.037 35.319
38.652 38.547 38.574 38.546 41.283 44.393 46.62 47.204 45.595 45.111 40.602 39.848 42.322 44.294 43.545 42.716 42.48 42.677 36.709 35.525 35.569 35.577 35.565 35.507 35.524 35.501 35.505 35.494 35.454 35.405 35.366 35.335 35.323 35.298 35.315 35.696 38.363 36.849 41.924 36.791 37.631 43.581 46.218 48.278 48.699 48.299 45.989 43.21 42.185 42.772 41.715 37.952 36.332 36.317 36.34 36.261 36.273 36.248 36.276 36.298 36.22 36.23 36.238 36.28 39.458 40.276 41.695 37.351 35.572 35.148 35.034 35.075
38.553 38.788 39.136 38.027 37.357 45.267 46.9 41.357 45.867 40.851 43.565 38.955 42.988 42.808 42.42 42.013 37.327 37.102 35.632 35.622 35.647 35.596 35.619 35.612 35.522 35.616 35.573 35.522 35.42 35.413 35.362 36.753 38.22 36.158 35.708 35.899 36.888 41.806 45.489 39.763 42.407 46.383 47.27 47.642 48.268 48.355 46.302 44.225 42.336 41.833 36.879 36.639 36.355 36.344 36.374 36.315 36.306 36.302 36.294 36.301 36.257 36.292 36.276 36.306 36.24 39.558 41.037 40.489 39.504 35.988 35.274 34.971
38.758 38.336 36.981 36.882 36.744 43.373 46.607 46.739 43.333 40.328 41.465 38.277 37.182 37.331 35.589 35.623 35.664 35.649 35.67 35.555 35.614 35.548 35.555 35.679 35.628 35.677 35.532 35.575 35.457 35.454 35.501 38.971 41.124 40.269 36.954 36.122 36.458 37.866 40.264 44.721 47.284 47.764 47.81 48.834 48.79 47.715 45.527 43.28 42.627 41.906 36.437 36.411 36.439 36.44 36.358 36.332 36.337 36.33 36.361 36.293 36.276 36.246 36.304 36.334 36.265 36.284 38.982 40.314 41.242 40.087 35.99 35.226
41.914 42.232 37.542 36.748 36.623 38.056 45.183 44.025 44.7 46.87 46.528 41.012 45.316 35.755 35.624 35.685 35.704 35.737 35.589 35.642 35.535 35.593 35.596 35.579 35.714 35.651 35.621 35.545 35.378 41.329 43.855 43.215 39.211 40.838 36.821 36.385 36.868 37.808 41.186 46.974 48.829 49.472 49.077 49.386 48.757 47.856 46.097 43.074 43.058 37.542 36.393 36.389 36.391 36.437 36.368 36.388 36.338 36.344 36.326 36.317 36.346 36.287 36.373 36.311 36.325 36.331 36.274 39.216 40.571 40.673 39.433 36.313
39.28 39.651 36.821 36.771 36.757 36.727 36.916 44.598 48.732 51.416 50.946 48.303 46.852 37.904 35.724 35.66 35.718 35.714 35.631 35.647 35.581 35.618 35.564 35.556 35.67 35.67 35.542 35.649 43.372 46.387 47.809 45.55 48.351 47.251 39.745 37.422 37.791 37.285 40.995 47.36 48.39 46.709 48.514 48.537 48.166 47.684 44.819 42.36 41.91 37.264 36.483 36.422 36.473 36.363 36.376 36.411 36.4 36.423 36.374 36.317 36.275 36.322 36.366 36.326 36.376 36.308 36.332 36.335 36.815 37.379 40.249 40.158
37.519 36.798 36.821 36.803 36.82 36.754 37.011 49.545 50.944 50.958 47.474 51.512 50.367 40.007 35.923 35.709 35.791 35.693 35.642 35.657 35.632 35.647 35.586 35.619 35.53 35.527 35.542 38.978 42.96 45.885 50.94 51.295 48.108 45.923 41.417 37.111 40.262 38.056 37.701 45.114 46.396 45.991 45.626 46.646 46.182 44.224 43.143 42.303 37.983 36.465 36.43 36.487 36.413 36.418 36.423 36.385 36.393 36.482 36.389 36.376 36.317 36.345 36.326 36.378 36.428 36.371 36.343 36.314 36.285 36.259 37.124 39.746
36.788 36.841 36.746 36.807 36.846 36.669 42.152 48.842 52.051 52.576 53.193 49.993 49.042 49.012 39.065 35.706 35.771 35.793 35.7 35.662 35.704 35.608 35.634 35.607 35.563 35.598 35.518 35.759 37.778 46.188 50.486 52.413 52.412 42.647 48.82 40.46 37.971 37.333 39.385 43.987 43.434 46.29 46.002 44.446 43.79 42.006 42.278 42.227 36.597 36.505 36.477 36.46 36.421 36.442 36.447 36.4 36.425 36.395 36.475 36.338 36.341 36.327 36.339 36.443 36.371 36.373 36.336 36.305 36.369 36.267 36.186 37.734
36.824 36.846 36.842 36.856 36.854 36.834 42.772 50.24 51.305 53.116 53.249 53.016 51.508 46.695 41.648 35.766 35.746 35.811 35.77 35.725 35.697 35.64 35.654 35.771 35.729 35.651 35.534 35.588 43.75 50.569 53.254 52.335 49.327 48.021 50.499 42.41 45.896 37.565 41.714 44.921 43.895 46.526 41.606 44.686 43.306 43.256 42.952 37.816 36.514 36.431 36.498 36.475 36.475 36.378 36.397 36.395 36.467 36.42 36.409 36.317 36.288 36.34 36.373 36.387 36.364 36.325 36.333 36.38 36.385 36.273 36.267 36.175
36.882 36.827 36.841 36.857 36.855 36.81 38.665 47.811 52.14 52.128 50.423 49.074 51.78 49.259 45.002 35.965 35.802 35.859 35.84 35.859 35.792 35.776 35.795 35.794 35.841 35.73 35.646 35.672 37.879 45.676 49.628 50.613 46.229 48.586 48.256 49.398 46.831 40.999 39.553 43.985 44.814 46.3 45.467 44.393 43.636 43.732 39.729 36.88 36.528 36.48 36.511 36.472 36.495 36.489 36.394 36.394 36.43 36.418 36.447 36.341 36.355 36.362 36.382 36.353 36.379 36.409 36.361 36.41 36.332 36.31 36.222 36.253
36.865 36.879 36.883 36.863 36.89 36.842 37.314 48.622 51.254 52.478 53.001 51.673 51.534 49.011 38.087 35.831 35.817 35.877 35.875 35.881 35.841 35.883 35.893 35.845 35.828 36.313 35.646 35.682 35.641 38.151 38.108 48.331 37.343 43.45 41.54 48.239 45.779 43.528 42.671 37.689 39.238 40.021 42.774 42.953 42.788 43.881 39.324 36.564 36.554 36.52 36.446 36.503 36.49 36.446 36.449 36.45 36.43 36.354 36.355 36.334 36.347 36.343 36.378 36.36 36.337 36.357 36.368 36.424 36.327 36.325 36.266 36.238
36.872 36.869 36.898 36.898 36.856 36.797 36.869 37.948 44.075 50.223 49.904 49.676 47.989 44.967 40.116 35.916 35.875 35.828 35.892 35.845 35.85 35.966 35.966 35.948 35.861 36.5 35.728 35.66 35.609 35.602 36.475 35.983 41.743 39.714 41.674 46.896 41.099 43.339 38.077 37.138 37.759 41.488 42.907 43.491 42.06 42.711 38.836 36.516 36.523 36.546 36.45 36.479 36.51 36.432 36.491 36.433 36.415 36.41 36.403 36.431 36.367 36.369 36.373 36.371 36.396 36.409 36.422 36.339 36.322 36.342 36.271 36.261
36.864 36.946 36.917 36.897 36.894 36.863 36.852 36.773 38.292 46.421 48.051 47.177 44.758 42.935 41.782 39.507 36.05 35.886 35.877 35.839 35.883 35.952 35.956 35.942 35.878 36.268 37.639 44.464 37.893 43.157 39.615 36.088 36.16 36.49 39.075 40.777 44.782 43.897 37.852 37.027 37.812 42.248 43.149 43.062 43.103 39.151 36.577 36.489 36.579 36.484 36.496 36.503 36.438 36.43 36.494 36.437 36.491 36.363 36.367 36.387 36.404 36.449 36.389 36.422 36.378 36.36 36.405 36.339 36.327 36.279 36.271 36.175
36.935 36.96 36.896 36.949 36.907 36.868 36.853 36.824 36.803 36.753 36.671 38.82 39.524 44.136 42.692 40.705 36.549 35.977 35.906 35.897 35.939 35.939 35.984 35.923 36.358 36.372 44.134 43.915 44.137 45.097 47.589 47.252 36.613 36.374 36.699 41.412 42.269 38.812 36.909 36.898 40.742 41.715 42.986 43.719 42.496 38.759 36.601 36.488 36.506 36.524 36.517 36.498 36.461 36.445 36.458 36.459 36.45 36.383 36.391 36.345 36.386 36.377 36.407 36.428 36.406 36.415 36.374 36.341 36.346 36.284 36.307 36.226
36.97 36.96 36.99 36.918 36.921 36.906 36.868 36.815 36.832 36.777 36.741 36.747 39.558 41.615 42.99 42.811 39.549 36.085 35.957 35.897 35.909 35.994 35.956 35.948 36.415 36.597 40.78 45.254 39.697 46.977 49.023 46.532 40.152 36.43 36.62 36.68 36.755 36.765 36.729 38.815 41.038 39.593 39.839 43.096 42.604 37.344 36.571 36.573 36.52 36.524 36.513 36.487 36.531 36.56 36.515 36.5 36.407 36.418 36.378 36.384 36.433 36.384 36.399 36.369 36.37 36.414 36.373 36.411 36.298 36.3 36.292 36.266
36.995 36.971 37.02 36.95 36.952 36.922 36.881 36.876 36.832 36.784 36.793 36.749 38.967 40.989 42.337 43.202 43.324 40.237 36.035 35.938 35.972 35.998 35.957 35.933 36.825 35.945 41.139 39.48 37.404 46.743 46.358 47.364 37.695 36.374 36.445 36.526 36.62 36.577 36.638 39.671 41.07 39.203 42.448 41.782 40.969 36.994 36.572 36.534 36.555 36.527 36.511 36.533 36.534 36.544 36.5 36.454 36.487 36.49 36.368 36.38 36.418 36.438 36.435 36.393 36.422 36.373 36.406 36.388 36.291 36.311 36.222 36.185
36.985 37.003 37.013 36.952 36.995 36.889 36.908 36.882 36.805 36.837 36.763 36.757 36.687 41.408 43.623 44.411 43.357 37.808 35.99 35.972 36.008 36.054 35.987 36.048 36.082 35.975 38.475 42.911 40.99 43.029 47.094 40.295 36.16 36.276 36.341 40.624 40.221 44.182 36.655 43.392 40.898 42.163 42.594 42.766 40.836 36.623 36.573 36.585 36.458 36.56 36.556 36.532 36.57 36.547 36.53 36.474 36.434 36.492 36.467 36.499 36.433 36.536 36.447 36.42 36.441 36.376 36.408 36.31 36.224 36.282 36.237 36.17
36.923 37 36.986 36.949 36.967 36.886 36.907 36.87 36.845 36.829 36.773 36.806 36.751 37.756 41.208 45.437 44.269 38.786 36.862 36.026 36.096 36.057 36.11 36.246 36.209 36.028 35.852 36.021 42.92 38.666 38.694 36.13 36.11 36.169 36.278 39.989 47.138 46.142 47.21 48.017 42.31 41.047 43.213 42.726 38.052 36.542 36.566 36.48 36.475 36.513 36.507 36.53 36.536 36.534 36.515 36.458 36.47 36.456 36.484 36.521 36.473 36.505 36.392 36.376 36.325 36.308 36.337 36.282 36.308 36.226 36.274 36.227
36.909 36.97 36.922 36.957 36.903 36.891 36.898 36.848 36.849 36.8 36.792 37.13 38.68 37.105 45.823 47.336 48.338 43.29 38.366 36.026 36.342 36.127 36.324 36.387 36.044 36.027 35.922 36.156 35.957 36.095 36.111 36.284 36.16 36.153 36.236 47.351 48.699 50.58 50.55 45.919 42.258 37.063 36.823 37.992 36.555 36.576 36.572 36.509 36.557 36.55 36.531 36.602 36.527 36.583 36.459 36.462 36.424 36.478 36.528 36.497 36.519 36.402 36.373 36.357 36.394 36.329 36.336 36.329 36.339 36.318 36.301 36.196
36.928 36.873 36.914 36.914 36.881 36.906 36.853 36.859 36.858 36.761 43.801 40.002 43.691 48.308 48.408 48.8 50.082 48.009 40.751 45.585 41.498 42.472 37.223 36.359 36.074 36.09 35.985 35.99 36.022 36.1 36.17 36.21 36.208 36.228 36.484 45.246 50.805 52.866 48.885 47.794 39.324 36.402 36.458 36.584 36.531 36.551 36.544 36.53 36.534 36.49 36.495 36.587 36.531 36.547 36.494 36.478 36.476 36.487 36.507 36.478 36.482 36.426 36.443 36.409 36.417 36.366 36.4 36.381 36.334 36.305 36.292 36.217
36.873 36.882 36.908 36.862 36.835 36.856 36.863 36.819 36.78 37.222 48.994 49.361 49.212 48.459 43.015 47.423 49.541 40.8 50.616 49.331 50.264 46.751 37.244 36.396 36.129 39.05 40.634 37.619 37.6 36.256 36.221 36.16 36.214 36.199 36.18 37.302 37.627 43.05 42.985 38.999 38.809 36.343 36.531 36.542 36.604 36.586 36.56 36.498 36.5 36.53 36.521 36.494 36.568 36.494 36.495 36.47 36.486 36.52 36.486 36.482 36.531 36.476 36.517 36.473 36.496 36.428 36.439 36.442 36.388 36.343 36.286 36.272
36.847 36.845 36.866 36.821 36.848 36.781 36.828 36.781 36.94 45.841 49.218 50.306 53.317 47.98 42.263 47.331 49.814 49.236 51.712 52.855 52.432 46.034 38.977 36.256 36.306 42.036 45.134 44.547 41.443 37.471 36.251 36.199 36.222 36.148 36.209 36.234 36.233 36.247 36.833 36.289 36.359 36.333 36.503 36.532 36.586 36.518 36.543 36.512 36.471 36.513 36.563 36.52 36.548 36.468 36.532 36.488 36.484 36.485 36.493 36.51 36.451 36.513 36.502 36.484 36.45 36.468 36.445 36.385 36.401 36.33 36.317 36.29
36.852 36.84 36.809 36.805 36.824 36.816 36.805 36.678 38.183 48.15 43.283 50.779 52.896 49.807 49.519 48.236 48.174 48.253 50.241 51.236 51.254 42.551 36.843 36.201 37.272 44.151 44.916 45.746 43.154 40.803 36.439 36.456 36.445 36.39 36.394 36.447 36.272 36.598 36.308 36.242 36.29 36.395 36.545 36.579 36.586 36.56 36.551 36.528 36.506 36.52 36.483 36.478 36.481 36.479 36.471 36.489 36.543 36.48 36.449 36.455 36.496 36.524 36.482 36.495 36.431 36.466 36.383 36.377 36.37 36.323 36.278 36.267
36.801 37.047 36.818 36.792 36.769 36.771 39.526 41.728 43.512 43.625 50.168 49.767 45.095 51.717 51.927 47.1 44.849 40.298 43.672 45.339 48.913 40.15 36.783 36.236 36.421 46.049 45.773 46.768 45.802 41.596 36.807 36.731 36.646 36.669 36.608 45.22 47.15 41.162 38.939 36.552 36.288 36.375 36.517 36.538 36.557 36.621 36.574 36.479 36.548 36.514 36.463 36.529 36.502 36.464 36.425 36.498 36.437 36.415 36.439 36.457 36.495 36.508 36.518 36.536 36.471 36.445 36.42 36.424 36.312 36.359 36.402 36.334
42.44 40.059 36.787 43.651 38.697 41.035 42.028 43.744 43.852 44.476 47.823 51.3 44.141 52.126 48.423 48.356 40.532 37.42 38.51 40.675 37.677 36.533 36.391 36.315 36.453 45.776 45.256 41.373 46.059 39.6 37.383 37.028 37.032 37.581 37.273 46.965 51.582 43.731 46.521 40.731 36.257 36.382 36.37 36.508 36.551 36.613 36.535 36.506 36.551 36.474 36.493 36.431 36.449 36.422 36.395 36.401 36.3 36.322 36.363 36.438 36.482 36.447 36.418 36.468 36.454 36.396 36.364 36.403 36.328 36.341 36.41 36.401
49.134 43.526 47.661 43.925 44.177 44.215 42.575 43.271 41.968 40.408 41.851 47.885 51.103 50.334 48.983 48.951 43.1 37.477 37.291 37.162 36.754 36.732 36.437 36.358 37.681 43.299 45.482 44.488 42.782 37.053 37.151 37.784 40.81 42.477 48.399 46.291 49.476 51.72 42.829 40.777 36.392 36.367 36.323 36.382 36.421 36.521 36.501 36.537 36.463 36.49 36.519 36.512 36.469 36.336 36.433 36.156 36.028 36.028 36.079 36.232 36.32 36.38 36.451 36.444 36.472 36.403 36.437 36.341 36.337 36.364 36.333 36.413
50.054 52.598 51.957 52.412 49.574 45.766 39.529 40.687 39.716 39.476 40.627 37.979 41.358 45.439 46.918 44.792 44.073 38.489 37.333 37.076 36.703 37.059 36.43 36.349 36.369 37.475 40.242 37.282 36.783 37.02 37.185 37.375 42.891 46.315 49.649 48.936 47.456 47.011 49.096 42.39 36.858 36.354 36.358 36.268 36.309 36.363 36.49 36.48 36.476 36.41 36.477 36.436 36.463 36.634 37.205 36.104 35.9 35.947 35.964 35.991 35.996 36.244 36.359 36.364 36.392 36.367 36.503 37.166 37.945 36.32 36.351 36.385
53.095 54.19 53.061 53.243 49.891 45.506 37.471 37.021 39.147 39.509 38.252 37.348 38.65 42.719 40.979 42.82 40.355 37.546 37.427 37.04 36.697 36.483 36.676 38.657 42.966 41.255 39.705 39.179 36.84 37.119 37.305 40.944 40.153 43.099 48.458 42.16 45.471 46.706 44.785 44.897 36.497 36.4 36.356 36.34 36.34 36.31 36.44 36.415 36.477 36.527 36.438 36.446 36.408 37.16 36.198 35.954 35.941 35.941 35.952 35.924 35.946 35.993 36.288 36.412 36.346 36.368 39.574 41.307 40.889 38.893 37.003 36.365
52.727 53.523 50.841 48.508 46.489 38.068 36.931 37.016 37.308 37.784 37.268 37.046 38.764 39.399 40 39.13 38.479 38.019 37.35 37.03 37.038 36.98 43.044 44.499 47.784 40.318 42.616 41.036 38.669 37.202 37.375 37.296 41.695 39.79 39.821 44.885 43.498 42.639 45.37 43.561 37.184 36.385 36.312 36.378 36.321 36.362 36.365 36.475 36.497 36.434 36.433 36.437 36.391 37.06 35.982 35.93 35.974 35.93 35.942 35.912 35.905 35.914 36.102 36.353 36.355 36.368 38.063 42.947 42.051 42.129 37.848 36.427
