dsm/se2934_DSM_2M.asc
ncols 500
nrows 500
xllcorner    429000
yllcorner    434000
cellsize     2
NODATA_value -9999
[rows 128 to 159 of 500, columns 213 to 283 of 500]
91.489 87.916 86.469 83.414 83.236 83.179 83.101 83.226 84.821 95.551 96.359 97.181 97.594 96.736 95.919 95.111 82.704 82.654 82.604 86.594 105.299 108.329 108.759 108.736 108.376 104.634 106.154 82.474 78.346 79.334 78.544 78.201 78.261 78.326 78.364 78.334 78.334 78.319 78.349 78.357 78.354 78.354 78.337 78.327 78.319 78.297 78.277 78.287 78.274 78.257 78.247 78.244 78.292 78.317 78.362 78.404 78.389 101.237 102.899 105.839 105.812 105.819 105.834 105.862 105.832 101.317 99.024 96.862 96.844 96.854 96.857
91.291 83.674 83.866 83.251 83.216 83.154 83.104 83.336 84.479 95.566 96.376 97.201 97.556 96.711 95.891 95.126 82.671 82.639 83.094 88.246 104.774 108.321 108.904 108.751 108.366 105.224 103.986 80.479 78.264 78.386 78.451 78.174 78.259 78.324 78.366 78.329 78.331 78.332 78.327 78.339 78.327 78.322 78.304 78.287 78.282 78.292 78.289 79.152 78.307 78.294 78.267 78.257 78.237 78.289 78.334 78.364 80.584 100.982 104.099 105.852 105.802 105.827 105.839 105.852 105.262 101.309 98.454 96.847 96.822 96.827 96.837
97.654 90.241 83.301 83.246 83.184 83.104 83.079 83.316 88.286 95.589 96.389 97.226 97.536 96.701 95.881 95.111 82.671 82.626 83.306 84.176 105.429 106.419 105.454 105.919 104.811 104.714 103.176 83.766 78.751 81.376 80.904 78.206 78.261 78.339 78.366 78.334 78.341 78.367 78.452 83.022 83.252 86.187 84.429 84.029 78.352 78.339 78.477 79.479 78.317 78.317 78.297 78.269 78.252 78.249 78.307 78.322 80.337 100.692 103.982 105.802 105.804 105.819 105.832 105.839 105.462 101.337 98.452 96.832 96.817 96.814 96.819
96.364 85.981 83.294 83.226 83.131 83.099 83.186 83.366 86.301 95.606 96.424 97.251 97.501 96.681 95.874 95.056 82.649 82.621 82.729 92.406 105.624 106.024 105.234 105.984 104.931 105.429 104.104 82.544 78.514 80.019 78.239 78.216 78.289 78.354 78.381 78.441 84.574 92.844 92.744 92.759 92.767 92.762 92.764 92.754 92.749 93.322 85.892 78.352 78.352 79.662 78.317 78.292 78.252 78.244 78.257 78.312 79.144 101.279 103.944 105.787 105.797 105.824 105.832 105.852 105.697 101.314 98.004 96.842 96.817 96.789 96.814
83.374 83.319 83.274 83.204 83.194 83.171 83.506 83.311 85.111 95.631 96.459 96.741 96.754 96.656 95.836 95.059 82.789 82.631 82.599 82.739 104.851 106.191 104.934 105.149 105.159 105.056 102.831 82.544 78.921 80.621 78.231 78.254 78.321 78.364 82.521 92.156 92.721 92.739 92.739 92.769 92.779 92.764 92.752 92.774 92.752 92.744 92.749 92.902 81.984 78.809 79.104 78.294 78.272 78.249 78.229 78.272 78.332 91.037 91.994 105.802 105.809 105.832 105.824 105.827 105.362 101.317 97.927 96.832 96.807 96.794 96.787
83.376 83.309 83.241 83.224 83.174 83.196 83.524 83.854 89.156 95.661 95.894 95.906 95.939 95.949 95.819 94.954 91.229 91.726 87.196 82.764 105.946 105.166 105.819 105.689 105.236 105.504 105.734 82.471 78.929 80.376 78.261 78.289 78.334 87.489 92.726 92.736 92.754 92.762 92.762 92.782 92.787 92.782 92.787 92.789 92.772 92.749 92.719 92.744 92.732 84.939 78.419 79.209 78.282 78.262 78.222 78.287 78.317 91.034 91.069 105.809 105.794 105.822 105.822 105.839 103.974 101.337 98.259 96.839 96.812 96.797 96.812
83.364 83.301 83.224 83.339 83.236 83.389 83.351 83.464 89.001 95.104 95.089 95.114 95.039 95.034 95.144 94.864 94.706 94.304 94.311 91.229 104.661 104.771 104.776 104.714 95.739 95.186 94.681 78.874 79.801 79.366 78.371 78.314 85.006 92.771 92.756 92.744 92.769 92.742 92.787 92.807 92.817 92.827 92.822 92.817 92.792 92.784 92.764 92.744 92.737 92.764 90.222 78.519 79.227 78.262 78.249 78.277 78.294 91.024 92.362 105.819 105.829 105.842 105.839 105.854 105.137 101.304 97.874 96.889 96.822 96.809 96.832
83.339 83.259 83.531 83.721 83.736 83.926 83.916 83.646 83.526 83.574 86.656 95.054 94.591 94.589 94.576 94.556 94.536 94.529 95.344 95.104 103.356 103.361 103.139 103.891 95.216 95.191 95.229 78.579 79.191 79.464 78.369 82.059 92.764 93.419 92.784 92.776 92.791 92.809 92.817 92.814 92.819 92.829 92.827 92.822 92.819 92.772 92.774 92.757 92.762 92.759 92.759 83.242 79.004 79.457 78.269 78.272 78.302 91.022 91.912 105.804 105.819 105.822 105.829 105.844 104.009 101.294 97.402 97.042 96.987 96.814 96.384
83.309 83.231 83.624 83.889 84.231 84.184 84.119 84.014 83.534 83.879 86.056 95.054 94.589 94.954 94.854 94.564 94.546 94.534 95.449 95.459 95.716 95.641 95.499 95.691 95.236 95.204 95.259 84.646 82.064 81.956 78.836 92.841 93.106 92.899 93.331 92.814 92.821 92.814 92.767 92.839 92.824 92.827 92.827 92.842 92.799 92.814 92.807 92.794 92.777 92.767 92.762 92.729 78.832 78.739 78.577 78.297 78.322 89.744 91.054 105.797 105.807 105.824 105.819 105.839 104.342 101.299 97.482 97.062 97.017 96.852 96.909
83.281 83.421 84.321 87.096 87.264 86.971 86.351 86.709 92.741 95.451 95.406 95.401 95.159 96.554 96.544 95.271 95.264 95.221 95.139 94.876 94.816 94.849 94.826 94.831 95.244 95.239 95.256 95.259 95.231 94.844 93.231 92.754 93.171 93.554 92.804 92.819 92.819 92.822 92.814 92.839 94.867 96.987 94.737 92.839 92.802 92.832 92.812 92.819 92.807 92.784 92.757 92.749 88.932 78.334 78.292 78.307 78.622 90.589 91.744 105.794 105.802 105.807 105.822 105.824 104.119 101.307 97.059 97.049 96.897 96.842 96.917
83.281 83.451 84.514 87.879 88.199 88.184 88.159 88.139 93.969 95.746 96.216 96.186 95.366 96.654 96.641 96.196 96.056 95.794 94.881 93.536 94.136 94.396 94.376 94.296 95.114 95.064 95.136 95.261 95.131 94.314 92.721 92.764 92.814 92.769 92.809 92.814 92.819 92.839 97.549 100.214 100.919 101.164 100.994 100.094 98.214 92.834 92.814 92.829 92.827 92.787 92.772 92.757 92.789 78.687 78.309 78.287 78.334 91.024 91.062 105.802 105.802 106.132 105.827 105.839 103.202 101.307 96.677 95.959 96.672 96.084 95.954
83.264 83.229 84.694 87.894 88.709 89.221 88.974 89.104 93.236 95.764 96.609 98.191 96.624 97.924 97.214 97.479 96.626 95.779 94.996 91.456 91.424 91.386 91.351 91.331 94.524 94.514 94.501 94.486 94.484 93.666 94.319 92.794 92.809 92.816 92.806 92.781 92.829 97.602 100.817 101.967 102.547 102.744 102.537 101.979 100.807 98.187 92.837 92.834 92.824 92.804 92.777 92.752 92.732 80.507 79.039 78.304 78.362 91.912 96.492 105.792 105.809 106.157 105.829 105.884 103.622 101.337 96.004 95.957 95.917 95.904 95.899
83.234 83.166 84.874 87.924 88.739 91.131 91.291 91.279 95.029 95.814 96.616 99.036 99.169 99.164 99.166 99.011 96.571 95.766 94.934 91.649 91.066 91.706 91.446 91.321 94.499 94.939 94.996 94.644 94.516 94.709 94.284 92.874 92.819 92.824 92.819 92.849 94.626 100.449 102.087 103.042 103.847 104.174 103.967 103.022 102.117 100.509 95.854 92.819 92.824 92.797 92.774 92.744 92.734 92.789 91.519 85.324 87.597 97.367 100.034 105.914 105.914 106.237 105.834 105.899 101.319 101.329 96.172 95.954 95.919 95.909 95.912
83.216 83.341 84.219 87.956 88.756 91.126 91.454 91.496 94.926 95.816 96.671 99.056 99.306 99.396 99.286 98.974 96.556 95.746 94.589 90.146 83.791 83.894 89.349 91.501 94.486 96.409 96.374 96.391 94.531 93.214 92.774 92.874 92.811 92.864 92.894 92.839 98.844 101.402 102.824 104.219 104.074 104.217 104.109 104.147 102.832 101.437 99.699 92.814 92.774 92.769 92.754 92.752 92.749 92.744 91.779 87.584 87.579 97.352 97.344 126.667 127.489 126.897 129.044 125.869 97.954 96.542 95.999 95.954 96.037 95.929 95.929
83.211 83.109 85.041 87.966 88.784 91.151 91.439 91.459 95.079 95.844 96.654 99.076 99.314 99.426 99.281 98.959 96.544 95.711 94.601 90.009 83.649 83.691 89.609 92.046 94.499 96.376 97.249 96.366 94.526 92.816 92.884 92.999 92.836 92.844 92.839 94.001 99.646 101.854 103.142 103.859 104.942 106.389 105.129 103.967 103.132 101.804 99.892 92.814 92.799 92.804 92.777 92.749 92.739 92.724 90.559 87.719 88.962 97.369 97.359 126.989 134.464 135.047 134.224 128.847 96.652 96.827 95.967 95.972 96.687 95.982 95.947
83.211 83.214 84.721 87.999 88.789 91.116 91.166 91.159 94.811 95.866 96.691 99.079 99.196 99.189 99.206 98.956 96.511 95.696 94.534 90.651 83.866 84.536 90.436 91.339 94.521 96.361 96.349 96.359 94.514 92.821 93.009 92.986 92.821 92.839 92.834 93.059 99.926 101.754 103.042 103.859 104.582 106.204 104.582 103.889 103.069 101.762 99.909 92.814 92.804 92.809 92.774 92.749 92.742 92.737 89.437 87.522 87.999 97.374 97.369 128.042 134.692 136.264 134.744 126.704 97.079 96.607 95.982 95.984 96.669 95.962 95.972
83.201 83.606 84.651 87.989 88.716 88.764 88.781 88.806 95.131 95.889 96.716 98.034 98.486 98.571 98.261 98.634 96.484 95.686 94.386 91.451 91.419 91.376 91.349 91.524 94.531 94.511 94.511 94.506 94.499 92.699 92.819 92.811 92.819 92.831 92.816 92.821 97.536 101.204 102.682 104.039 104.069 104.199 103.962 103.984 102.677 101.182 98.309 92.804 92.759 92.759 92.784 92.757 92.747 92.744 89.979 87.654 88.094 97.354 97.354 128.389 133.924 134.314 133.909 127.972 97.039 96.609 95.972 96.002 96.674 95.957 95.947
83.149 84.166 85.766 87.866 87.914 87.949 87.961 87.981 95.149 95.906 96.169 96.176 96.229 96.216 96.244 96.274 96.414 95.664 94.399 91.461 91.426 91.386 91.356 91.334 94.534 94.516 94.509 94.481 94.474 92.776 92.779 92.929 92.781 92.806 92.809 92.784 92.829 100.162 101.827 102.784 103.277 103.739 103.252 102.782 101.817 100.119 93.707 92.794 92.779 92.777 92.769 92.734 92.714 92.734 91.912 87.577 88.194 97.337 97.802 123.379 126.882 127.787 128.839 123.994 97.232 96.472 95.979 95.964 96.432 95.939 95.942
83.104 83.754 84.011 85.104 84.801 85.134 84.959 85.621 95.174 95.359 95.384 95.406 95.419 95.436 95.446 95.706 96.386 95.644 94.229 91.454 91.414 91.384 91.349 91.329 89.721 88.669 90.991 91.644 92.084 93.194 92.766 92.759 92.781 92.774 92.824 92.821 92.831 96.739 100.264 101.599 102.184 102.344 102.149 101.554 100.342 97.852 92.812 92.797 92.784 92.769 92.752 92.734 92.734 88.692 80.494 81.587 86.469 97.467 102.469 105.799 105.812 105.812 105.837 104.727 101.322 101.329 95.962 96.004 95.904 95.917 95.927
83.049 82.984 82.986 82.976 82.959 82.961 82.961 82.984 84.489 86.454 86.586 93.621 95.134 95.141 95.099 95.714 96.391 95.611 93.746 91.446 91.416 91.379 91.344 91.319 89.566 87.361 91.279 91.201 91.189 92.686 92.751 92.764 92.779 92.784 92.819 92.824 92.814 92.822 93.742 99.667 100.187 100.422 100.184 99.892 95.989 92.822 92.804 92.807 92.797 92.779 92.767 92.744 92.744 81.902 78.484 78.234 79.704 91.067 97.924 105.814 105.899 106.104 105.832 105.907 101.482 101.342 95.979 95.969 96.082 95.984 96.887
83.034 82.984 82.969 82.961 82.939 82.931 82.924 82.924 82.919 82.919 82.936 92.106 95.016 95.011 95.049 95.744 96.394 95.584 91.729 85.101 86.796 85.741 86.736 87.244 86.719 83.646 88.619 85.851 85.014 80.904 87.181 92.776 92.761 92.779 92.804 92.829 92.819 92.812 92.779 92.819 92.842 92.842 92.829 92.807 92.787 92.812 92.809 92.804 92.784 92.774 92.762 92.759 91.869 78.997 78.279 78.209 78.617 91.019 96.644 105.802 105.819 105.947 105.832 105.854 101.384 101.314 96.349 95.952 96.022 96.047 96.917
82.996 79.654 79.344 79.349 79.341 79.341 79.351 83.034 82.974 79.711 79.779 79.819 79.716 82.361 89.234 95.761 96.391 95.576 91.026 82.991 83.616 84.211 83.729 84.241 83.711 82.934 82.561 78.554 78.254 78.229 78.269 93.171 92.771 92.776 92.799 92.796 92.804 92.797 92.794 92.804 92.807 92.827 92.807 92.802 92.767 92.797 92.792 92.789 92.779 92.764 92.757 92.799 80.832 78.297 78.257 78.259 82.377 91.052 102.622 105.784 105.802 105.817 105.819 105.894 101.297 101.304 96.977 96.799 96.739 96.634 96.829
81.846 80.389 80.439 80.514 80.376 80.496 80.539 84.381 83.776 80.179 80.499 80.466 80.231 82.724 91.496 95.796 96.384 95.559 90.166 82.791 83.221 83.596 83.194 82.699 83.076 86.579 85.074 86.146 80.979 78.261 78.261 79.116 92.761 92.786 92.764 92.769 92.771 92.761 92.794 92.796 92.811 92.816 92.809 92.796 92.791 92.791 92.774 92.771 92.769 92.764 92.801 84.336 78.969 78.539 78.324 78.339 81.556 91.081 102.461 105.809 105.814 105.821 105.826 105.856 101.294 101.286 96.914 96.854 96.869 96.876 93.281
93.356 90.831 91.194 85.476 84.036 81.854 81.574 85.891 89.244 80.936 96.826 97.104 95.339 96.969 96.816 97.131 97.656 96.919 89.024 82.796 82.784 83.561 89.716 94.754 96.099 96.381 91.204 87.316 84.759 78.291 78.279 79.179 81.446 92.734 92.739 92.746 92.754 92.766 92.764 92.779 92.794 92.804 92.809 92.776 92.776 92.744 92.754 92.746 92.754 92.751 86.914 78.469 79.639 78.299 78.324 78.361 84.006 91.026 102.454 105.786 105.809 105.816 105.824 105.851 101.284 101.291 96.909 96.854 96.846 96.851 82.571
96.901 96.421 97.344 95.971 95.456 95.476 94.979 95.039 95.394 99.126 98.989 98.931 98.781 98.689 98.654 98.539 98.516 98.444 98.596 98.889 95.374 95.591 96.771 97.329 98.136 99.039 98.986 86.864 85.151 78.301 78.219 78.704 79.959 79.594 92.791 92.756 92.739 92.749 92.746 92.766 92.784 92.789 92.794 92.776 92.759 92.761 92.756 92.746 92.789 87.306 78.509 80.521 78.274 78.294 78.309 78.339 85.619 91.019 102.466 105.789 105.801 105.826 105.821 105.849 101.501 101.336 96.914 96.859 96.836 96.834 88.151
97.581 97.561 97.586 97.571 97.386 97.319 97.469 97.336 98.956 98.326 98.329 98.439 98.521 98.589 98.696 98.811 98.944 98.984 99.151 98.626 97.934 98.164 99.074 99.406 98.804 98.011 97.501 85.674 85.254 80.894 78.301 78.219 78.404 78.211 78.259 92.329 92.739 92.741 92.749 92.771 92.776 92.771 92.776 92.766 92.761 92.751 92.711 92.081 81.031 78.259 78.314 78.621 78.346 78.286 78.281 78.321 84.346 91.081 103.299 105.794 105.814 105.839 105.826 105.839 101.281 100.961 96.924 96.854 96.839 96.826 85.781
99.444 99.476 99.111 98.706 97.734 100.569 95.834 95.971 98.261 96.779 96.494 96.716 96.631 96.704 96.844 98.271 97.046 97.231 98.709 98.916 98.866 98.739 97.936 97.121 96.646 96.229 97.476 90.314 88.039 85.114 78.381 78.334 78.251 78.224 78.201 78.184 78.504 86.646 92.779 92.741 92.771 92.784 92.781 92.741 92.699 89.566 80.891 78.439 78.261 78.291 78.331 78.354 78.359 78.324 78.271 78.316 85.506 91.719 101.169 105.789 105.809 105.826 105.836 105.844 101.511 101.204 96.891 96.844 96.844 96.811 86.294
101.859 102.306 102.729 102.526 102.454 102.426 102.329 95.334 99.144 96.269 94.686 96.149 94.854 94.964 95.066 90.839 81.956 90.561 98.846 98.306 96.556 97.346 96.844 95.849 95.484 95.694 97.554 96.146 94.826 84.079 78.304 78.246 78.246 78.241 78.209 78.181 78.186 78.184 78.204 78.234 79.751 78.351 80.001 79.631 78.724 79.589 78.404 78.259 78.291 78.326 78.361 78.391 78.401 78.356 78.334 78.389 90.526 101.261 105.564 105.796 105.806 105.816 105.834 105.884 101.641 101.201 96.901 96.849 96.834 96.829 84.819
101.069 102.091 102.669 101.609 100.596 99.976 98.654 92.934 93.346 93.039 93.109 93.139 93.259 94.349 91.614 90.829 79.281 83.069 95.894 97.824 95.491 97.441 97.556 95.349 94.354 101.001 103.254 96.206 94.111 84.506 78.241 78.186 78.176 78.231 78.234 78.216 78.214 78.204 78.201 78.211 78.214 78.206 78.224 78.241 78.256 78.274 78.301 78.306 78.336 78.361 78.374 78.434 78.429 78.426 78.376 78.464 88.939 101.499 105.839 105.796 105.809 105.831 105.829 105.924 101.436 101.009 96.936 96.841 96.841 96.831 82.991
101.156 102.206 102.556 101.509 100.474 99.481 96.551 92.291 91.499 91.644 91.866 91.694 92.761 94.289 91.564 89.841 80.761 80.914 81.594 93.539 95.494 97.449 96.409 94.441 93.814 100.511 102.391 96.134 94.194 84.066 78.156 78.094 78.084 78.111 78.176 82.634 82.249 78.331 78.316 78.326 78.281 78.266 78.294 78.306 78.329 78.336 78.341 78.344 78.359 78.376 78.401 78.429 78.444 78.466 78.429 78.584 97.334 101.399 105.984 105.794 105.814 105.824 105.834 105.914 101.301 101.389 96.871 96.844 96.849 96.854 85.821
101.254 102.306 102.446 101.399 100.366 99.379 94.314 85.041 80.524 81.799 82.714 82.361 85.729 88.669 85.116 81.656 81.639 81.624 81.606 93.666 95.561 97.516 96.281 94.351 93.924 95.831 97.621 96.076 94.129 81.054 78.126 78.014 77.966 77.989 77.991 94.759 94.801 95.189 94.429 78.259 78.229 78.251 78.256 78.269 78.271 78.299 78.291 78.286 78.286 78.299 78.309 78.339 78.409 78.481 78.466 78.639 95.721 98.919 106.011 105.806 105.826 105.836 105.854 106.114 101.269 101.356 96.884 96.864 96.871 96.869 85.009
101.356 102.391 102.329 101.294 100.251 99.294 89.759 84.664 81.474 81.489 81.499 81.596 81.606 81.654 81.841 81.681 81.679 81.671 81.626 93.731 95.691 97.576 96.204 94.219 93.974 95.929 97.659 95.989 93.829 81.879 90.466 90.041 84.266 87.526 89.126 94.911 94.304 94.444 93.911 78.166 78.199 80.419 78.341 79.036 78.241 78.269 78.306 78.354 78.344 78.346 78.249 78.256 78.341 78.429 78.446 78.766 90.249 96.806 105.981 105.824 105.814 105.821 105.889 101.319 101.309 100.796 96.906 96.866 96.874 96.879 84.311
