dsm/se2935_DSM_2M.asc
ncols 500
nrows 500
xllcorner    429000
yllcorner    435000
cellsize     2
NODATA_value -9999
[rows 32 to 63 of 500, columns 355 to 425 of 500]
44.226 44.211 44.194 44.174 44.159 46.431 44.449 44.116 43.466 42.281 41.664 41.656 41.361 40.894 40.351 40.191 40.221 43.124 45.904 43.331 43.486 43.489 43.416 43.381 43.654 43.811 44.066 44.394 46.236 47.434 45.084 45.076 45.081 45.124 48.671 46.124 46.179 46.361 46.449 46.544 46.669 46.711 46.866 46.946 46.951 47.164 47.286 47.369 47.429 47.509 47.519 47.606 47.579 47.646 47.666 47.799 47.946 48.039 48.036 48.081 48.164 48.271 48.426 48.524 48.771 48.811 48.964 49.214 49.506 49.676 49.869
44.386 44.239 44.214 44.189 44.189 44.201 44.789 44.329 43.756 44.481 42.359 41.839 41.671 41.136 40.746 40.281 40.191 40.416 48.144 43.141 43.101 43.214 43.266 43.251 43.239 43.486 43.706 44.164 44.314 44.401 44.834 45.079 45.109 45.119 52.809 48.889 49.056 45.736 46.351 46.394 46.531 46.631 46.786 46.789 46.874 47.076 47.281 47.379 47.501 47.514 47.461 47.501 47.571 47.586 47.614 47.656 47.741 47.866 47.881 47.931 48.006 48.124 48.239 48.359 48.474 48.719 48.789 48.986 49.179 49.421 49.721
44.864 44.791 44.239 44.221 44.216 44.229 44.251 44.559 44.294 43.571 42.811 42.126 41.881 41.486 40.971 40.654 40.191 42.651 42.999 43.759 42.866 42.884 43.036 43.094 43.124 43.176 43.306 43.796 44.024 43.891 44.189 44.526 44.871 45.069 46.201 45.199 47.279 45.419 46.061 46.131 46.366 46.466 46.661 46.749 46.849 46.939 47.154 47.316 47.389 47.344 47.519 47.564 47.621 47.669 47.579 47.549 47.636 47.679 47.729 47.779 47.871 47.961 48.079 48.191 48.301 48.446 48.651 48.909 49.024 49.389 49.524
48.644 44.526 44.379 44.249 44.279 44.254 44.259 44.249 44.924 47.311 43.426 42.884 41.969 41.476 42.346 40.744 40.419 40.186 42.619 43.159 45.416 42.686 42.811 42.849 42.941 43.036 43.121 43.209 43.559 43.561 43.666 43.909 44.139 44.544 44.829 44.991 45.121 45.246 45.409 45.289 45.441 48.399 46.496 46.646 46.856 46.814 46.996 47.119 47.354 47.371 47.454 47.521 47.629 47.656 47.571 47.529 47.521 47.556 47.604 47.626 47.731 47.794 47.939 48.026 48.131 48.264 48.486 48.659 48.934 49.136 49.356
48.936 48.816 44.919 44.814 44.259 44.256 44.251 44.226 44.816 44.894 44.024 43.714 42.786 42.064 41.449 40.881 40.636 40.184 40.181 42.991 45.509 42.529 42.621 42.659 42.721 42.854 42.926 43.016 43.106 43.696 43.594 43.589 43.766 44.009 44.334 44.609 44.726 44.901 45.184 45.221 45.249 45.329 45.584 46.001 46.721 47.109 46.821 46.971 47.186 47.269 47.411 47.516 47.579 47.561 47.639 47.554 47.471 47.474 47.479 47.516 47.584 47.656 47.749 47.826 47.944 48.111 48.414 48.949 48.859 49.009 49.269
48.821 48.696 48.574 47.396 44.379 44.244 44.224 44.209 45.254 45.999 44.336 43.876 43.509 42.431 41.941 41.196 40.679 40.196 40.149 42.571 49.719 42.334 42.459 42.539 42.529 42.621 42.774 42.849 42.939 43.031 43.316 44.536 44.069 43.654 43.899 44.129 44.334 44.581 44.846 45.141 45.266 45.296 45.334 45.446 46.244 46.469 46.526 46.886 47.084 47.159 47.286 47.431 47.511 47.531 47.591 47.594 47.476 47.376 47.421 47.461 47.486 47.529 47.571 47.666 47.849 48.266 48.604 48.771 48.951 48.894 49.149
48.724 48.599 48.461 48.336 47.824 44.189 44.211 44.346 45.166 46.289 44.106 44.849 43.589 43.659 42.689 41.606 40.901 40.364 40.139 40.584 43.889 43.254 42.251 42.391 42.434 42.419 42.564 42.699 42.796 42.861 42.946 43.129 43.326 43.434 43.546 43.826 44.064 44.244 44.439 44.614 44.961 45.286 45.441 45.384 45.401 45.451 45.661 46.076 46.816 47.316 47.246 47.314 47.386 47.426 47.536 47.571 47.431 47.394 47.354 47.449 47.421 47.401 47.569 47.549 47.924 48.334 48.474 48.549 48.684 48.784 49.064
48.636 48.504 48.371 48.259 44.511 44.021 44.066 44.136 46.589 44.329 43.514 43.539 43.534 43.596 43.356 42.349 41.411 40.699 40.131 41.406 40.919 45.801 41.936 42.211 42.294 42.321 42.334 42.451 42.646 42.731 42.816 42.884 43.016 43.166 43.324 43.476 43.744 43.924 44.111 44.159 44.331 44.679 45.216 45.529 45.511 45.444 45.436 45.544 46.274 46.656 46.986 47.176 47.241 47.274 47.359 47.446 47.459 47.356 47.301 47.319 47.326 47.326 47.354 47.464 47.649 47.884 48.021 48.289 48.379 48.629 48.901
48.544 48.424 48.299 45.916 44.019 44.001 45.134 44.309 44.019 43.614 43.304 43.296 43.229 44.299 43.481 42.824 41.849 45.709 40.166 41.034 40.361 41.589 41.784 41.994 42.114 42.206 42.254 42.301 42.406 42.564 42.686 42.756 42.826 42.949 43.086 43.224 43.446 43.606 43.914 43.899 44.011 44.179 44.599 44.966 46.851 45.816 45.604 45.424 45.394 45.561 45.951 47.816 48.126 47.096 47.131 47.179 47.314 47.364 47.301 47.239 47.266 47.269 47.299 47.384 47.611 47.749 47.831 47.991 48.254 48.501 48.711
48.451 48.331 47.896 43.914 43.954 44.164 46.031 44.554 43.851 43.499 43.314 43.204 43.241 43.414 44.134 43.144 45.406 41.326 40.571 41.449 40.049 47.236 43.046 41.771 41.909 42.016 42.131 42.211 42.271 42.319 42.479 42.616 42.706 42.796 42.886 43.029 43.201 43.381 43.521 43.636 43.779 43.934 44.121 44.791 51.629 47.774 45.679 45.821 45.801 45.581 45.386 45.851 46.566 47.064 46.946 47.029 47.059 47.191 47.259 47.204 47.171 47.211 47.261 47.321 47.436 47.636 47.701 47.894 48.131 48.394 48.636
48.379 48.264 45.644 43.899 43.909 43.894 43.854 44.276 43.499 43.586 43.171 43.154 43.171 43.189 43.781 43.984 43.061 41.706 40.776 40.024 40.006 44.759 44.886 41.519 41.681 41.814 41.924 42.029 42.144 42.231 42.264 42.436 42.561 42.666 42.771 42.871 42.974 43.131 43.274 43.439 44.094 43.751 43.904 44.109 44.829 44.739 45.449 45.989 45.686 45.586 45.321 45.246 46.269 46.234 46.639 46.814 46.916 47.011 47.136 47.154 47.161 47.166 47.239 47.291 47.376 47.501 47.664 47.871 48.029 48.274 48.529
48.299 45.754 46.991 43.919 43.844 43.879 43.841 43.691 43.956 43.266 43.171 43.599 43.146 43.146 43.616 44.169 43.219 41.999 41.194 40.144 40.009 40.016 43.086 41.354 41.729 41.551 41.684 41.836 41.986 42.099 42.166 42.246 42.381 42.509 42.646 42.721 42.819 44.239 43.029 43.234 43.356 43.569 43.721 43.839 44.001 44.276 44.559 45.604 45.069 45.311 45.474 45.236 45.251 45.511 46.364 46.569 46.766 46.831 46.904 47.004 47.091 47.156 47.211 47.249 47.341 47.389 47.556 47.709 47.949 48.166 48.409
47.664 46.476 45.221 43.814 43.749 44.666 43.759 43.494 43.344 43.294 46.444 46.506 44.676 43.269 43.186 43.451 44.509 42.481 41.744 40.506 40.006 40.004 42.071 41.254 41.364 41.416 41.461 41.689 41.811 41.961 42.021 42.126 42.221 42.344 42.454 42.589 42.681 42.776 42.829 45.189 43.166 43.334 44.754 43.614 43.771 43.979 44.179 44.459 44.676 44.956 47.786 48.551 45.404 45.194 46.796 46.024 46.506 46.701 46.864 47.606 47.024 47.126 47.186 47.196 47.326 47.329 47.556 47.711 47.846 48.029 48.216
44.031 45.266 43.789 43.764 43.681 43.859 43.526 44.154 43.934 48.256 47.174 46.731 46.601 46.446 43.311 43.189 43.471 42.959 41.626 41.886 40.041 39.976 43.409 44.824 41.381 41.346 41.401 41.504 41.646 41.809 41.926 42.009 42.106 42.219 42.286 42.419 42.519 42.656 42.764 42.861 42.906 43.841 43.439 43.436 43.609 43.799 43.976 44.121 44.376 44.601 44.886 45.361 45.704 45.571 46.016 45.394 45.929 46.441 46.704 46.929 47.849 47.946 47.149 47.179 47.274 47.346 47.439 47.606 47.769 47.864 48.071
43.934 43.811 43.701 43.639 43.676 43.536 44.816 45.029 47.451 48.339 48.451 48.266 46.819 43.474 43.101 43.424 43.611 43.314 41.926 40.804 40.079 39.976 39.989 42.379 41.846 41.289 41.371 41.409 41.481 41.629 41.776 41.934 42.016 42.126 42.214 42.291 42.376 42.519 42.656 42.789 42.899 42.941 43.089 43.254 43.444 43.666 43.826 43.911 44.024 44.284 44.531 44.851 45.296 46.126 45.676 45.151 45.589 45.894 46.404 46.841 46.921 47.291 47.099 47.171 47.221 47.344 47.446 47.541 47.649 47.761 47.891
43.856 43.811 43.664 43.571 43.869 43.401 43.834 45.089 48.314 48.406 48.524 48.641 48.541 44.296 43.156 43.386 43.354 43.904 42.059 42.059 40.391 39.976 39.919 45.336 41.459 41.269 41.264 41.336 41.419 41.454 41.611 41.789 41.954 42.056 42.171 42.249 42.284 42.389 42.531 42.669 42.804 42.916 42.994 43.086 43.306 43.511 43.619 43.711 43.809 43.934 44.179 44.431 44.611 45.224 45.644 45.424 45.154 45.411 45.851 46.461 46.686 47.014 47.026 47.366 47.199 47.299 47.436 47.544 47.594 47.671 47.761
43.831 43.781 43.716 43.739 44.171 43.369 43.504 48.264 48.369 48.509 48.629 48.526 48.434 48.334 44.506 43.084 43.314 43.309 41.959 42.506 41.181 39.964 39.879 42.394 42.254 41.006 41.234 41.981 41.366 41.421 41.449 41.614 41.794 41.969 42.081 42.186 42.246 42.329 42.449 42.596 42.709 42.809 42.899 42.964 43.169 43.296 43.389 43.486 43.586 43.746 43.904 44.096 44.376 44.699 45.114 45.489 45.604 45.226 45.379 46.249 46.631 48.679 47.401 47.819 47.139 47.246 47.401 47.536 47.599 47.594 47.664
43.804 43.746 43.709 45.604 44.089 43.491 47.459 48.341 48.449 48.574 48.574 48.461 48.346 47.421 43.974 43.394 43.139 43.749 43.966 42.489 40.931 40.456 39.839 40.841 40.591 40.581 41.379 41.261 41.341 41.359 41.414 41.491 41.616 41.784 41.966 42.074 42.151 42.234 42.359 42.474 42.581 42.701 42.756 42.849 42.946 43.074 43.179 43.291 43.426 43.586 43.764 43.889 44.124 44.469 44.744 45.189 45.459 45.629 45.439 45.534 46.459 46.861 47.046 47.909 47.111 47.184 47.326 47.451 47.531 47.564 47.599
43.779 43.746 44.461 45.926 43.326 46.364 48.334 48.444 48.539 48.601 48.466 48.389 48.279 44.119 43.319 43.094 43.091 43.429 43.744 44.111 43.514 41.476 41.834 39.764 39.741 40.121 40.489 40.851 41.071 41.246 41.294 41.406 41.484 41.586 41.764 41.944 42.039 42.126 42.234 42.364 42.451 42.516 42.599 42.724 42.829 42.886 42.949 43.079 43.254 43.399 43.566 43.751 43.929 44.184 44.491 44.861 45.309 45.434 45.411 45.399 45.524 47.001 47.421 47.896 46.979 47.071 47.249 47.366 47.471 47.534 47.586
43.756 43.751 45.936 43.466 44.469 48.286 48.389 48.521 48.651 48.519 48.399 48.316 45.039 43.409 43.101 43.986 43.251 43.614 43.304 43.771 44.054 43.309 43.024 40.254 39.706 39.761 39.989 40.506 40.559 40.594 40.994 41.276 41.386 41.451 41.576 41.744 41.929 42.061 42.129 42.239 42.321 42.321 42.426 42.556 42.671 42.764 42.831 42.891 44.884 47.239 43.431 43.584 43.744 43.944 44.224 46.866 45.044 45.399 45.389 45.416 45.319 48.246 46.579 46.854 46.929 47.056 47.109 47.246 47.414 47.494 47.566
43.771 45.879 45.444 43.571 47.889 48.356 48.461 48.601 48.556 48.464 48.361 46.194 43.801 43.161 45.374 44.356 43.734 43.726 43.729 43.971 43.709 43.454 43.356 43.321 40.759 40.124 39.674 39.604 39.644 39.596 40.426 41.131 41.224 41.361 41.461 41.586 41.751 41.941 42.056 42.126 42.184 42.216 42.266 42.321 42.454 42.591 42.724 42.806 42.881 44.681 43.249 43.379 43.554 43.726 43.959 44.266 44.859 45.159 45.324 45.469 46.214 46.459 45.859 46.536 46.824 46.954 47.046 47.116 47.251 47.381 47.526
44.489 45.889 43.556 46.524 48.319 48.441 48.561 48.604 48.459 48.366 48.279 43.254 43.254 44.059 45.379 43.524 43.904 44.331 44.469 44.139 43.511 43.704 43.306 43.279 43.186 43.169 40.499 39.996 39.724 41.029 42.916 42.051 44.224 41.034 41.391 41.459 41.574 41.719 41.894 41.999 42.069 42.116 42.211 42.249 42.316 42.449 42.576 42.704 42.799 42.874 43.039 43.191 43.356 43.536 43.701 43.994 44.441 44.834 45.066 45.279 45.344 45.041 45.296 46.121 46.694 46.876 46.979 47.074 47.099 47.216 47.414
43.354 43.756 45.229 48.279 48.371 48.496 48.626 48.529 48.414 48.311 43.586 43.226 43.259 43.339 43.231 43.381 43.834 44.136 44.676 44.876 44.151 43.799 43.679 43.901 45.644 44.041 43.246 41.991 40.986 40.071 39.684 41.309 43.234 41.074 40.311 41.386 41.441 41.519 41.674 41.826 41.939 42.029 42.134 42.221 42.266 42.306 42.386 42.549 42.711 42.809 42.864 42.994 43.159 43.316 43.531 43.724 44.056 44.419 44.701 45.031 46.486 45.279 45.029 45.416 47.046 46.789 46.971 46.976 47.069 47.084 47.254
43.286 43.809 48.249 48.369 48.486 48.586 48.521 48.421 48.346 45.414 43.314 43.294 43.254 43.576 43.274 43.556 43.821 44.314 44.836 44.931 44.859 44.026 44.151 45.734 44.004 43.081 43.156 42.604 41.884 40.914 40.359 41.091 39.621 39.389 39.896 40.466 41.389 41.439 41.509 41.641 41.781 41.891 42.006 42.131 42.221 42.291 42.339 42.426 42.586 42.689 42.789 42.854 42.961 43.116 43.311 43.494 43.706 43.979 44.304 44.616 45.251 45.536 45.099 45.056 45.761 46.334 46.911 47.001 46.984 47.051 47.086
43.249 47.281 48.326 48.426 48.551 48.574 48.449 48.339 48.161 43.599 43.341 43.314 43.286 43.331 43.649 43.291 44.149 44.744 44.931 44.991 44.624 44.401 42.839 43.206 42.866 42.704 42.636 42.721 42.759 42.086 40.764 40.434 40.156 39.949 39.384 39.374 41.801 41.276 41.441 41.499 41.599 41.734 41.859 41.944 42.081 42.226 42.301 42.384 42.461 42.624 42.761 42.774 42.846 42.946 43.126 43.291 43.479 43.664 43.941 44.254 47.664 45.276 45.446 45.124 45.071 45.674 46.351 46.924 46.971 46.986 47.046
43.321 47.354 48.414 48.504 48.606 48.476 48.379 48.279 43.486 43.414 43.594 43.589 45.074 43.339 43.486 43.324 44.451 44.904 44.984 44.966 44.289 42.936 42.816 42.799 42.711 42.551 42.701 42.716 42.739 42.619 44.711 42.701 40.551 40.271 39.934 39.374 39.356 42.729 41.019 41.351 41.514 41.601 41.704 41.811 41.916 42.034 42.169 42.291 42.424 42.521 42.604 42.686 42.769 42.859 42.951 43.109 43.304 43.491 43.671 43.869 44.206 44.844 45.409 45.361 45.061 45.086 45.599 46.441 46.794 46.936 46.989
43.484 43.394 45.976 48.634 48.519 48.394 48.294 44.936 46.054 43.519 43.474 43.429 45.369 43.341 43.291 44.496 44.599 44.999 45.391 45.134 43.306 42.844 42.799 42.759 42.606 42.571 42.626 42.704 42.621 43.379 47.101 47.559 43.216 41.316 40.526 39.841 39.344 42.511 42.471 40.676 40.971 41.416 41.589 41.724 41.776 41.851 41.969 42.101 42.249 42.389 42.474 42.576 42.654 42.806 42.881 42.954 43.109 43.299 43.486 43.656 43.879 44.259 44.776 45.451 45.356 45.031 45.496 49.511 46.131 46.611 46.844
43.584 43.481 43.394 43.691 48.051 48.336 47.741 45.666 45.454 43.746 43.516 43.506 43.946 43.349 44.119 45.964 45.724 45.216 45.196 44.106 45.539 42.844 42.756 42.651 42.594 42.591 42.609 42.596 42.596 46.939 47.734 48.479 48.089 44.474 40.684 40.421 39.754 39.341 39.396 39.356 39.964 40.591 41.284 41.614 41.669 41.704 41.744 41.809 41.984 42.154 42.304 42.384 42.479 42.594 42.734 42.856 42.949 43.106 43.349 43.529 43.709 44.514 45.891 44.789 45.439 45.379 45.064 45.101 46.111 46.039 46.489
43.714 43.604 43.476 43.376 46.816 48.109 43.626 45.691 43.766 43.731 43.676 43.639 43.509 43.544 46.116 46.044 45.956 44.704 44.896 45.581 43.756 42.854 42.711 42.674 42.939 43.544 42.616 42.616 46.804 47.576 48.359 48.241 47.436 46.756 44.699 40.664 40.494 40.234 39.364 42.216 39.309 39.314 40.346 41.324 41.579 41.591 41.586 41.571 41.639 41.751 41.909 42.081 42.216 42.351 42.444 42.656 42.819 42.934 43.064 43.351 43.549 43.716 43.866 44.191 45.239 45.546 45.491 45.174 45.461 49.361 47.504
43.901 43.691 43.549 44.551 45.499 46.216 45.951 45.796 43.866 43.651 43.671 43.741 43.799 47.816 48.851 46.239 45.824 43.656 45.404 45.144 42.854 42.809 42.959 43.269 46.436 47.351 44.246 46.154 47.421 48.236 48.339 47.569 46.814 47.119 47.879 44.526 40.951 41.631 40.424 40.104 39.441 39.254 39.244 39.701 41.354 41.486 41.454 41.414 41.414 41.456 41.556 41.634 41.814 41.999 42.216 42.374 42.556 42.756 42.924 42.979 43.249 43.524 43.726 43.819 44.074 45.021 45.746 45.856 45.209 45.049 45.101
44.159 43.926 43.671 43.714 43.691 43.839 43.919 44.009 43.821 43.729 43.736 43.766 43.876 44.049 44.901 48.864 43.594 45.176 45.496 42.906 42.861 42.826 43.461 46.016 47.224 46.746 46.454 47.286 48.111 48.476 47.721 46.941 46.981 47.746 48.479 47.361 41.806 44.431 42.466 40.526 40.439 39.696 39.269 39.231 39.531 41.191 41.364 41.329 41.321 41.301 41.306 41.346 41.409 41.614 41.824 42.031 42.194 42.386 42.631 42.821 42.861 43.036 43.266 43.434 43.684 44.079 45.114 45.916 45.619 45.389 44.994
44.411 44.229 44.154 44.221 44.081 44.146 44.381 44.441 43.826 43.806 43.826 43.934 43.994 44.036 44.194 44.274 45.911 45.666 43.196 42.909 42.864 42.839 45.396 47.106 46.881 45.826 47.071 47.226 48.519 47.881 47.079 46.829 47.589 48.371 48.249 47.449 45.716 46.269 45.781 42.539 40.386 40.324 40.224 39.569 39.239 40.034 41.319 41.274 41.276 41.244 41.211 41.164 41.179 41.255 41.386 41.583 41.795 41.987 42.17 42.351 42.576 42.657 42.695 42.93 43.114 43.529 44.066 45.056 45.801 45.306 45.279
