dsm/se2932_DSM_2M.asc
ncols 500
nrows 500
xllcorner    429000
yllcorner    432000
cellsize     2
NODATA_value -9999
[rows 448 to 479 of 500, columns 216 to 287 of 500]
34.232 34.209 34.186 34.247 34.206 34.191 34.128 34.18 34.095 34.157 34.253 34.215 34.297 34.309 39.805 39.841 44.274 44.74 34.563 37.261 38.331 39.313 38.324 37.642 38.211 38.573 39.362 39.842 40.201 40.636 39.695 38.278 36.642 34.705 36.067 37.209 39.255 34.363 34.837 35.396 35.549 35.585 35.436 35.158 34.71 34.329 33.932 33.834 33.771 33.844 33.878 33.832 33.83 33.897 34.024 35.219 35.016 34.383 34.559 33.978 34.81 34.469 33.987 33.931 33.799 33.769 33.783 33.804 33.803 33.791 33.768 33.737
34.087 34.161 34.185 34.141 34.206 34.06 34.113 34.248 34.208 34.273 34.349 34.343 34.415 34.403 46.144 41.678 47.837 50.182 37.522 35.109 37.972 38.902 38.706 38.759 39.461 39.893 40.632 40.862 40.62 40.277 39.787 38.946 37.611 38.338 38.477 38.402 37.162 34.302 36.712 35.224 35.548 35.681 35.631 35.361 35.003 34.656 34.275 33.989 33.851 33.811 33.959 33.912 33.916 33.908 33.932 34.064 34.315 34.387 34.052 34.009 33.949 33.955 33.866 33.915 33.837 33.869 33.769 33.819 33.774 33.739 33.797 35.208
34.055 34.113 34.088 34.111 34.13 34.217 34.293 34.268 34.34 34.402 34.456 34.381 34.315 39.334 45.522 49.414 50.438 53.667 43.867 34.549 37.278 38.753 39.581 40.169 40.823 40.838 40.47 40.091 39.527 39.167 39.201 39.373 38.62 38.234 37.761 35.161 36.392 38.194 39.116 36.018 35.418 35.67 35.69 35.526 35.286 34.813 34.446 34.129 34.022 33.821 33.923 34.019 33.939 33.885 33.923 33.925 33.996 33.993 33.913 33.861 33.871 33.874 33.805 33.866 33.831 33.833 33.776 33.773 34.422 34.41 35.54 38.207
33.977 34.046 34.032 34.103 34.065 34.109 34.198 34.3 34.35 34.336 37.398 34.725 34.264 34.73 44.843 48.25 47.845 45.864 34.432 34.323 36.523 37.962 39.433 40.453 40.439 39.916 39.227 38.701 38.279 37.963 38.488 39.613 38.509 37.326 35.43 34.054 34.672 38.91 39.794 38.573 35.206 35.568 35.582 35.461 35.198 34.877 34.607 34.223 34.002 33.884 33.936 33.948 33.967 33.955 33.912 33.93 33.943 33.89 33.881 33.866 33.822 33.866 33.899 33.835 33.842 33.818 35.86 38.215 39.539 35.928 35.394 38.522
33.995 33.975 33.999 34.057 34.043 34.026 34.197 34.288 41.736 45.476 44.689 44.693 50.749 40.881 46.408 41.903 48.451 45.748 34.546 34.348 34.867 37.387 38.643 39.857 39.108 38.848 38.104 37.526 35.79 36.992 38.237 39.37 38.921 37.895 34.88 34.194 34.114 34.854 38.774 39.783 36.056 35.296 35.423 35.363 35.167 34.849 34.518 34.286 34.062 33.95 33.979 33.995 33.967 33.969 33.971 33.99 33.969 33.957 33.919 33.909 33.858 33.836 33.793 34.038 34.907 34.137 39.258 40.166 39.976 40.36 38.887 40.21
33.97 33.977 33.995 33.963 33.99 34.054 34.172 40.761 48.916 51.337 50.902 47.184 51.678 41.316 47.603 39.429 40.312 36.092 34.246 34.371 34.382 36.666 38.104 39.326 38.864 38.143 37.031 35.089 34.345 34.421 37.477 38.283 37.807 37.33 36.319 34.263 34.114 34.517 39.184 40.249 36.527 34.997 35.156 35.108 34.936 34.77 34.455 34.292 34.091 34.056 34.032 33.978 34.032 34.013 33.997 34.04 34.014 33.929 33.905 33.912 33.859 33.855 34.066 40.379 40.444 37.508 38.715 39.87 41.679 41.94 37.911 36.27
33.888 33.885 33.974 33.942 34.002 33.976 34.003 42.332 50.02 51.296 45.928 50.632 51.054 46.587 44.156 39.973 35.971 34.321 34.234 34.293 34.324 36.249 37.747 38.033 37.734 37.148 35.595 34.395 34.278 34.284 36.619 37.137 36.802 34.543 34.423 35.014 34.24 34.194 35.015 36.008 38.246 35.677 36.478 34.881 34.63 34.52 34.333 34.259 34.066 34.043 34.063 34.031 34.039 34.023 34.102 34.071 33.985 33.959 33.886 33.988 33.992 34.06 34.249 39.994 40.016 38.001 40.333 40.939 40.89 42.298 38.064 36.645
33.861 33.931 33.877 33.866 33.965 33.951 33.979 36.467 47.643 48.279 49.847 52.062 48.497 36.986 34.91 34.243 34.26 34.261 34.393 34.332 34.287 34.47 37.168 35.691 35.443 34.337 34.706 34.403 34.253 34.294 34.334 34.394 34.268 35.047 34.939 35.038 34.815 34.204 34.219 34.356 38.812 39.709 38.67 36.448 34.464 34.354 34.256 34.117 34.096 34.117 34.066 34.124 34.053 34.015 34.041 33.964 33.959 34.071 34.145 34.223 34.287 35.871 39.182 39.87 40.979 42.123 41.588 38.599 38.398 39.935 37.17 37.641
33.766 33.829 33.842 33.895 33.875 33.876 33.971 33.941 36.318 45.558 41.246 35.135 36.966 34.729 34.223 34.281 34.338 34.42 38.655 34.495 34.574 39.345 34.889 34.615 34.357 34.667 34.421 34.455 34.268 34.277 34.323 34.645 34.308 34.774 34.981 34.808 34.57 34.386 34.247 34.237 37.991 36.889 37.347 35.913 34.274 34.258 34.22 34.118 34.086 34.129 34.101 34.081 34.119 34.091 34.039 34.081 34.136 34.246 34.497 34.471 34.465 38.305 40.735 41.478 42.222 44.021 42.808 39.271 37.234 37.428 37.34 37.122
35.238 33.95 33.779 33.809 33.858 33.818 33.853 33.905 34.253 34.031 34.53 35.105 34.207 34.321 34.226 34.226 34.268 37.54 39.378 36.024 37.677 39.623 35.863 34.397 34.331 34.289 34.437 34.772 34.426 34.327 34.568 34.365 34.369 35.044 35.183 39.469 38.432 35.256 34.267 34.271 34.278 34.346 34.282 34.231 34.125 34.069 34.168 34.164 34.131 34.111 34.176 34.114 34.138 34.163 34.317 34.312 34.361 34.494 35.312 34.609 34.652 39.678 40.654 41.732 42.061 43.099 42.438 39.249 37.625 37.24 37.197 37.222
34.408 34.641 34.2 33.703 33.684 33.786 33.823 33.856 33.908 34.116 34.147 34.076 38.771 34.719 34.239 34.242 34.269 34.307 35.6 34.806 35.446 35.459 35.448 35.981 35.173 34.349 34.356 34.351 34.507 34.56 34.404 35.515 34.911 34.869 34.552 40.68 40.653 36.356 34.351 34.241 34.228 34.238 34.18 34.19 34.161 34.107 34.125 34.074 34.084 34.14 34.226 34.247 34.356 34.441 34.43 34.454 35.055 34.895 34.935 35.352 35.36 36.815 40.446 40.566 41.059 41.355 38.487 37.207 37.209 37.27 37.251 37.378
33.79 33.735 33.863 34.821 34.17 33.845 34.741 33.889 33.833 34.029 37.233 40.394 41.999 37.487 35.124 34.326 34.285 34.319 34.375 34.382 34.433 34.343 34.376 35.288 34.677 34.919 34.447 34.377 34.557 38.048 36.055 35.265 34.931 35.354 34.423 35.44 36.917 34.875 34.232 34.209 34.205 34.248 34.171 34.199 34.158 34.169 34.133 34.093 34.239 34.224 34.247 34.466 34.499 34.492 34.799 35.283 35.726 35.517 36.321 36.505 36.475 36.885 37.82 37.8 37.472 37.33 37.233 37.247 37.283 37.239 37.522 37.266
33.77 33.809 33.799 33.769 33.853 34.236 35.764 35.844 34.282 33.833 38.237 40.25 42.361 41.442 35.475 34.25 34.268 34.351 34.395 34.405 34.42 37.883 38.558 34.426 34.398 34.233 34.874 34.837 34.68 40.193 39.247 38.249 34.961 34.375 34.255 34.289 34.268 34.241 34.224 34.265 34.252 34.223 34.229 34.23 34.229 34.169 34.3 34.268 34.357 34.388 34.379 34.712 34.686 35.194 35.603 36.138 35.499 36.007 36.641 37.214 37.347 37.687 37.504 37.324 37.269 37.299 37.369 37.35 37.285 37.324 37.326 37.346
33.742 33.773 33.767 33.821 33.831 33.818 33.82 34.271 34.304 33.698 34.905 38.887 40.069 35.469 34.105 34.208 34.231 34.286 34.349 34.39 34.388 38.698 39.183 43.362 36.622 34.313 34.193 34.34 35.284 39.741 38.688 37.622 34.487 34.188 34.191 34.184 34.2 34.219 34.24 34.232 34.242 34.232 34.188 34.328 34.301 34.338 34.372 34.338 34.356 34.392 34.547 34.904 36.099 36.248 36.391 36.319 42.234 37.068 37.319 37.557 37.576 37.374 37.344 37.388 37.376 37.392 37.396 37.397 37.367 37.367 37.381 37.358
33.723 33.696 33.759 33.745 33.803 33.876 33.83 33.8 33.795 33.754 33.804 33.747 34.507 33.905 33.854 33.935 34.102 34.181 34.261 34.358 34.945 42.902 43.74 40.499 38.488 34.356 34.363 34.153 34.136 35.842 37.853 34.548 34.208 34.191 34.206 34.23 34.315 34.23 34.207 34.181 34.276 34.275 34.306 34.336 34.295 34.358 34.427 34.463 34.477 34.999 35.517 36.371 36.508 36.851 37.204 35.784 37.014 37.561 37.47 37.372 37.378 37.41 37.388 37.516 38.474 37.472 37.421 37.392 37.393 37.372 37.397 37.429
34.122 33.912 33.789 33.728 33.737 33.802 33.811 33.833 33.885 33.836 33.837 33.829 33.834 33.825 33.777 33.794 33.863 33.92 34.029 34.114 36.467 41.694 43.42 43.47 36.115 34.133 34.163 34.102 34.029 34.066 34.085 34.157 34.154 34.206 34.216 34.161 34.179 34.24 34.308 34.332 34.345 34.28 34.361 34.26 34.269 34.393 34.417 34.893 35.423 36.118 36.471 37.007 37.311 37.5 37.649 37.578 37.666 37.477 37.43 37.462 37.444 37.523 40.251 37.99 38.242 37.489 37.467 37.497 37.423 37.449 37.482 37.455
34.174 34.132 34.088 34.002 33.838 33.732 33.742 33.732 33.803 33.853 33.853 33.876 33.789 33.868 33.851 33.818 33.812 33.789 33.861 33.876 33.943 40.249 41.604 38.455 34.863 34.033 34.035 34.017 34.163 34.055 34.158 34.104 34.183 34.139 34.226 34.273 34.272 34.263 34.284 34.276 34.247 34.187 34.206 34.225 34.237 34.329 34.917 35.501 36.576 37.2 37.406 37.599 37.683 37.515 37.414 37.436 37.408 37.481 37.546 37.451 39.602 37.568 39.528 37.942 37.525 37.519 37.505 37.533 37.493 37.504 37.562 37.583
34.274 34.13 34.112 34.05 34.096 33.998 33.951 33.873 33.721 33.803 33.793 33.786 33.934 33.88 33.829 33.912 33.905 33.894 33.823 33.824 33.803 33.826 36.028 33.872 33.943 33.92 33.966 34.044 34.066 34.098 34.154 34.114 34.178 34.282 34.322 34.305 34.295 34.305 34.211 34.298 34.184 34.158 34.177 34.156 34.236 34.522 35.565 36.414 37.617 38.017 38.224 37.634 37.514 37.492 37.507 37.471 37.448 39.569 38.008 40.217 38.669 37.531 37.552 37.538 37.522 37.556 37.611 37.536 37.591 37.697 37.62 37.645
34.28 34.225 34.096 34.155 34.146 34.068 34.135 34.057 34.067 34.027 33.837 33.842 33.871 33.884 33.895 33.881 33.946 33.968 33.902 33.935 33.839 33.863 33.829 33.887 33.957 33.994 34.023 34.039 34.081 34.142 34.152 34.173 34.269 34.247 34.289 34.268 34.226 34.17 34.187 34.15 34.128 34.069 34.055 34.105 34.075 34.848 35.892 37.283 41.35 39.463 37.789 37.601 37.597 37.592 37.546 37.5 37.593 39.956 38.29 37.557 37.583 37.576 37.608 37.557 37.646 37.618 37.616 37.921 37.794 37.769 37.618 37.522
34.348 34.376 34.286 34.276 34.213 34.21 34.228 34.172 34.161 34.082 34.116 34.026 33.811 33.845 33.899 33.935 33.94 33.898 33.888 33.901 33.929 33.968 33.896 33.973 33.977 34.026 34.079 34.192 34.177 34.197 34.198 34.207 34.228 34.204 34.168 34.225 34.211 34.163 34.146 34.131 34.043 34.09 34.014 34.077 33.974 35.237 38.13 37.818 37.647 41.897 38.449 37.61 37.612 37.677 37.669 37.572 37.58 37.631 37.665 37.607 37.598 37.62 37.638 37.651 37.772 37.78 37.788 37.698 37.614 37.576 37.524 37.471
34.38 34.336 34.348 34.408 34.325 34.344 34.335 34.262 34.262 34.175 34.134 34.132 34.071 33.92 33.912 33.938 33.922 33.972 33.995 33.934 34.003 34.054 34.022 34.064 34.103 34.211 34.208 34.267 34.274 34.245 34.199 34.277 34.169 34.179 34.165 34.241 34.122 34.101 34.126 34.073 34.115 34.041 33.959 34.065 38.013 37.944 37.651 37.659 37.692 38.974 41.698 37.674 37.687 37.735 37.675 37.714 37.681 37.666 37.671 37.67 37.744 37.725 37.95 38.017 38.04 37.833 37.724 37.559 37.539 37.526 37.443 37.402
34.451 34.339 34.318 34.366 34.327 34.386 34.19 34.275 34.254 34.154 34.198 34.144 34.075 34.122 34.065 34.014 34.013 34.037 34.104 34.102 34.108 34.12 34.137 34.248 34.284 34.29 34.228 34.274 34.271 34.268 34.274 34.192 34.182 34.259 34.165 34.144 34.108 34.079 34.089 34.026 34.152 34.062 36.041 37.717 37.713 37.767 37.827 37.722 37.703 37.801 43.024 39.17 37.706 37.714 37.756 37.756 37.788 37.744 37.69 37.798 37.81 37.871 37.852 37.767 37.715 37.629 37.554 37.519 37.52 37.45 37.416 37.398
34.54 34.639 34.429 34.363 34.406 34.402 34.337 34.313 34.258 34.218 34.242 34.189 34.154 34.176 34.185 34.162 34.096 34.152 34.18 34.183 34.277 34.189 34.228 34.257 34.267 36.078 34.445 34.445 34.282 34.318 34.287 34.188 34.228 34.156 34.154 34.098 34.155 34.137 34.042 36.255 37.271 37.202 37.812 37.778 37.752 37.766 37.791 37.759 37.786 37.851 38.904 43.001 37.871 37.798 37.839 37.792 37.87 37.815 38.112 37.947 38.172 37.869 37.696 37.625 37.61 37.551 37.544 37.487 37.432 37.414 37.35 37.358
34.572 34.61 34.594 34.612 34.603 34.42 34.484 34.4 34.43 34.359 34.344 34.312 34.359 34.317 34.312 34.295 34.255 34.531 34.621 34.22 34.223 34.391 34.528 34.695 36.794 38.424 37.768 38.19 37.388 35.159 34.877 34.597 34.232 34.146 34.164 34.089 34.11 37.02 37.565 37.866 37.827 37.841 37.816 37.828 37.835 37.825 37.867 37.829 37.845 37.818 37.905 44.16 37.965 37.871 37.875 37.927 38.083 38.032 37.93 37.906 37.747 37.641 37.668 37.66 37.57 37.529 37.486 37.47 37.416 37.349 37.331 37.339
34.668 34.659 34.581 34.542 34.553 34.449 34.449 34.381 34.318 34.34 34.286 34.329 34.415 34.375 34.388 34.291 34.277 34.35 34.327 34.327 34.385 34.729 35.048 35.44 36.425 36.909 37.229 37.812 37.297 36.553 36.82 36.822 35.22 34.719 36.73 36.944 37.597 37.848 37.905 37.837 37.899 37.865 37.84 37.854 37.884 37.894 37.92 37.885 37.86 37.914 38.072 42.847 38.109 38.037 38.095 38.315 38.13 37.933 37.815 37.73 37.779 37.637 37.585 37.544 37.756 37.452 37.445 37.429 37.373 37.315 37.305 37.269
34.711 34.715 34.622 34.638 34.583 34.575 34.59 34.485 34.352 34.388 34.328 34.365 34.36 34.36 34.437 34.435 34.459 34.443 34.617 34.87 34.967 35.32 35.552 36.221 36.907 36.939 40.069 42.682 41.869 39.616 42.211 38.107 38.829 37.071 37.633 37.905 37.938 37.904 37.925 37.894 37.901 37.899 37.935 37.947 37.937 37.953 37.964 37.914 37.962 37.919 37.985 39.252 42.89 38.167 38.032 38.003 37.844 37.734 37.748 37.698 37.689 37.65 38.008 37.968 37.461 37.423 37.389 37.375 37.34 37.32 37.219 37.226
34.71 34.692 34.71 34.719 34.672 34.644 34.7 34.604 34.534 34.591 34.608 34.478 34.415 34.496 34.505 34.61 34.969 35.281 35.266 35.374 35.16 35.535 36.646 40.347 41.071 38.055 42.222 44.693 44.681 42.884 38.086 38.316 38.098 37.943 37.959 37.972 37.942 37.966 37.993 37.992 37.99 37.947 37.983 37.937 38 38.033 37.945 37.973 37.993 38.172 38.291 38.185 38.614 37.937 37.848 37.808 37.799 37.8 37.755 37.668 37.649 37.628 37.642 37.515 37.411 37.369 37.345 37.349 37.274 37.46 37.47 37.73
34.782 34.736 34.81 34.715 34.75 34.769 34.674 34.64 34.639 34.659 34.613 34.572 34.592 34.701 37.3 36.757 35.656 35.307 35.639 36.1 35.899 36.473 37.2 42.524 44.287 39.078 38.94 42.949 44.314 40.162 38.363 37.965 38.009 37.946 37.968 37.934 37.998 38.051 38.001 37.995 37.985 38.014 38.074 38.013 38.004 38.051 38.071 38.349 38.231 38.204 38.083 37.994 37.93 37.916 37.893 37.762 37.746 37.72 37.711 37.659 37.61 37.501 37.519 37.466 37.464 37.359 37.316 39.436 37.701 37.913 38.666 38.556
34.844 34.79 34.845 34.78 34.764 34.748 34.761 34.736 34.722 34.711 34.739 35.609 34.965 36.941 39.753 40.066 37.235 36.231 36.078 36.681 36.73 37.242 37.783 43.24 42.969 38.994 38.213 39.207 39.564 38.394 38.021 38.004 38.075 38.029 38.085 38.075 38.049 38.063 38.045 38.107 38.046 38.061 38.083 38.09 38.15 38.245 38.317 38.43 38.111 38.042 37.999 37.92 37.875 37.827 37.781 37.773 37.746 37.664 37.667 37.606 37.57 37.602 37.463 37.47 37.435 40.808 39.606 38.634 42.699 44.139 42.517 39.847
34.96 34.925 34.892 34.816 34.832 34.824 34.835 34.838 34.786 34.901 38.998 40.844 40.219 39.104 40.287 40.136 38.951 36.494 36.883 37.192 37.4 37.755 38.925 41.357 42.661 41.686 38.155 38.051 38.079 38.112 38.086 38.112 38.055 38.139 38.033 38.148 38.108 38.112 38.102 38.167 38.114 38.175 38.226 38.229 38.35 38.174 38.162 38.032 37.981 37.941 37.902 37.875 37.829 37.839 37.759 37.71 37.706 37.704 37.635 37.55 37.614 37.489 37.506 38.021 39.501 44.067 40.875 38.948 43.903 45.487 44.187 41.218
35.029 35.052 34.923 34.909 34.956 34.867 34.859 34.823 36.988 37.349 41.786 42.774 43.332 42.435 41.099 40.119 39.397 37.684 37.821 38 38.2 38.258 38.3 38.204 38.426 38.153 38.168 38.113 38.111 38.11 38.134 38.194 38.127 38.147 38.123 38.167 38.12 38.143 38.198 38.2 38.363 38.469 38.388 38.291 38.138 38.131 38.05 38.038 37.983 37.925 37.976 37.847 37.797 37.808 37.756 37.745 37.618 37.578 37.552 37.537 37.53 38.125 37.531 37.457 41.397 44.04 44.894 43.654 44.899 46.007 44.654 41.336
35.031 35.028 34.993 34.966 35.005 34.934 36.797 36.625 39.598 41.136 43.081 43.282 39.935 43.077 42.572 40.081 38.983 38.295 38.247 38.465 38.341 38.208 38.153 38.188 38.164 38.152 38.166 38.182 38.186 38.158 38.224 38.179 38.195 38.241 38.221 38.232 38.193 38.301 38.526 38.347 38.482 38.315 38.199 38.092 38.056 38.056 37.97 37.911 37.94 37.889 37.849 37.811 37.74 37.71 37.755 37.662 37.639 37.608 37.621 36.66 38.971 39.726 37.474 36.703 37.05 40.506 44.783 46.01 45.264 45.582 46.634 45.444
