dsm/se2930_DSM_2M.asc
ncols 500
nrows 500
xllcorner    429000
yllcorner    430000
cellsize     2
NODATA_value -9999
[rows 128 to 159 of 500, columns 288 to 359 of 500]
59.039 58.981 58.901 58.815 58.748 58.752 59.34 62.844 66.255 67.18 60.49 58.603 63.73 66.974 66.041 65.709 64.749 58.292 57.416 57.362 57.935 57.328 57.096 56.999 56.853 56.776 56.658 56.628 56.59 56.626 56.65 56.62 57.895 58.5 57.301 64.089 65.281 66.413 65.592 64.274 58.718 57.353 56.651 55.849 55.668 55.614 55.629 55.467 55.47 55.476 55.398 55.342 55.357 55.319 55.327 55.152 55.087 55.024 54.902 54.763 54.845 55.147 56.398 62.21 63.577 64.107 63.456 62.322 55.958 55.109 54.225 54.078
59.02 58.892 58.856 58.853 58.839 63.682 65.54 66.928 67.653 68.098 66.786 58.476 58.674 64.723 64.863 59.709 57.819 57.498 57.349 57.266 57.24 57.139 57.056 56.968 57.161 58.013 57.18 56.624 56.509 56.447 56.452 56.287 56.376 56.997 56.983 59.067 64.382 65.037 65.707 64.637 63.871 57.798 56.206 56.087 55.617 55.549 55.533 55.453 55.423 55.337 55.328 55.276 55.296 55.68 56.597 55.376 55.031 55.658 55.601 54.762 54.642 55.034 54.915 56.981 63.485 63.857 63.954 63.905 60.511 55.297 54.198 54.031
59 58.946 59.08 62.725 65.525 66.893 67.508 68.758 68.536 67.893 67.076 58.253 57.857 57.78 57.856 57.527 57.464 57.444 57.324 57.324 57.185 57.153 57.01 57.014 61.845 57.86 57.136 56.686 56.412 56.339 56.386 56.185 56.18 57.66 57.097 56.252 61.784 64.621 65.695 65.561 64.175 60.683 57.462 56.415 55.676 55.467 55.421 55.389 55.355 55.356 55.258 55.197 55.114 55.22 55.629 60.203 60.337 57.249 55.5 54.991 54.592 54.877 55.474 56.005 60.87 64.135 63.647 63.428 62.243 60.306 54.38 54.01
59.189 62.732 66.252 66.777 67.274 68.021 68.977 68.191 67.259 66.226 65.87 61.182 57.739 58.114 58.114 57.643 57.452 57.448 57.263 57.161 57.084 57.029 57.042 57.779 60.235 57.697 57.619 61.467 57.954 56.213 56.229 56.186 56.161 56.162 57.216 56.609 61.343 64.138 64.956 65.754 64.972 63.963 58.677 55.806 55.461 55.454 55.436 55.346 55.318 55.257 55.132 55.04 55.231 55.286 62.231 64.102 63.743 60.573 55.081 55.616 54.5 54.439 54.647 55.433 57.651 62.407 63.182 63.634 62.536 61.486 54.82 54.278
65.063 67.056 67.594 69.181 68.446 67.908 67.296 66.594 65.558 60.882 58.764 57.693 57.647 57.643 57.643 57.508 57.41 57.261 57.116 57.151 57.178 57.722 57.403 57.36 56.745 61.191 64.623 65.724 64.641 56.289 56.101 56.093 56.062 55.992 56.332 56.629 56.508 58.487 64.568 65.563 57.752 58.121 55.483 55.399 55.442 55.423 55.322 55.254 55.185 55.103 55.003 55.125 56.128 62.103 63.949 64.332 64.403 62.554 55.538 54.739 55.109 54.304 54.685 57.107 54.728 61.212 62.561 63.324 62.922 62.044 57.097 53.828
67.553 68.141 68.836 68.374 67.241 66.705 65.726 61.609 59.822 58.46 58.765 57.887 57.665 57.598 57.502 57.448 57.339 57.318 57.269 57.558 57.513 57.445 57.489 61.062 64.429 65.456 67.325 66.641 65.309 58.253 56.038 55.979 55.964 55.861 55.934 57.783 56.212 58.971 59.554 60.454 55.547 55.471 55.412 55.389 55.312 55.234 55.194 55.111 55.044 55.031 54.869 54.875 55.233 61.089 63.319 64.229 64.001 62.989 62.551 55.047 54.336 54.177 54.127 54.875 54.345 57.33 62.646 63.055 63.25 62.817 61.497 54.532
69.46 68.431 67.531 67.22 66.198 65.01 60.071 58.661 57.939 58.204 57.945 57.687 57.62 57.54 57.354 57.344 57.399 57.52 57.615 57.609 57.062 58.746 64.506 64.641 66.58 66.793 67.064 66.924 66.314 64.424 57.709 55.874 55.851 55.789 55.713 57.177 57.65 57.59 56.114 55.47 55.407 55.382 55.327 55.307 55.217 55.143 55.119 55.468 55.183 54.948 54.835 54.716 56.023 56.91 62.325 63.363 64.177 63.545 63.174 56.796 54.403 54.351 53.952 53.926 54.154 54.296 59.788 61.959 63.137 62.95 61.662 56.305
68.067 67.011 66.182 63.965 60.276 58.056 58.722 58.33 57.932 57.83 57.804 57.639 57.51 57.478 58.023 57.637 57.623 57.618 57.626 60.386 63.67 64.897 66.238 66.461 66.731 66.743 66.692 66.056 65.123 64.207 56.34 55.793 55.78 55.71 55.618 55.598 56.087 55.48 55.412 55.355 55.407 55.296 55.262 55.171 55.147 55.231 55.286 55.072 56.22 54.804 54.685 54.591 54.983 56.029 56.609 64.103 63.759 63.407 63.186 62.999 54.823 54.261 53.907 53.819 54.643 54.075 55.846 61.307 62.512 62.902 63.061 61.36
66.161 65.367 60.675 58.156 58.093 57.987 58.113 57.911 57.882 57.782 57.659 57.596 57.567 57.974 57.809 57.67 57.632 57.834 64.112 65.434 66.858 66.847 67.07 67.253 66.655 65.935 65.294 64.615 62.271 57.036 57.079 56.015 55.63 55.619 55.594 55.489 55.456 55.389 55.349 55.354 55.266 55.161 55.108 55.138 59.323 56.199 55.316 54.96 55.288 54.888 54.658 54.497 54.458 54.989 54.838 61.492 63.227 63.589 63.066 61.975 56.71 54.113 53.82 53.714 53.676 54.029 54.046 60.575 61.903 62.935 62.847 61.311
59.326 58.305 59.151 58.453 58.067 58.022 57.993 57.909 57.739 57.723 57.69 58.109 57.924 57.547 57.917 57.017 62.644 64.922 65.785 66.394 67.14 67.078 66.97 66.492 65.546 64.532 62.758 58.813 56.882 56.15 56.507 55.654 55.546 55.576 55.519 55.424 55.33 55.333 55.27 55.157 55.155 55.176 56.299 62.365 63.493 58.189 55.645 55.134 54.826 55.691 54.555 54.453 55.038 54.596 54.697 60.356 62.492 63.381 63.391 62.523 61.281 53.685 53.842 53.598 53.475 53.854 53.516 57.119 60.934 62.048 62.617 62.847
58.255 58.388 58.147 58.137 58.148 58.036 57.888 57.824 57.796 57.776 58.403 57.994 57.81 59.674 63.201 65.375 66.034 66.253 67.04 67.094 67.153 67.219 66.261 64.822 64.313 56.43 56.416 56.145 56.975 56.66 55.709 55.495 55.416 55.48 55.428 55.367 55.259 55.184 55.133 55.124 55.397 62.951 65.462 65.66 65.599 62.993 55.456 55.013 54.696 54.818 54.412 54.413 55.059 54.559 54.357 54.397 60.288 62.402 63.485 62.684 61.423 55.538 53.815 53.691 53.383 53.349 54.423 53.774 59.267 61.429 62.577 62.241
58.244 58.258 58.2 58.133 58.02 57.925 60.109 57.961 58.205 58.277 57.885 58.285 63.473 64.529 66.74 67.759 67.462 67.387 67.283 66.457 66.232 66.225 64.957 61.15 56.829 56.497 56.774 56.359 56.047 56.136 55.595 55.437 55.428 55.36 55.356 55.254 55.219 55.106 55.138 55.355 57.062 64.565 64.781 65.807 65.38 63.657 57.751 55.057 55.042 54.491 54.281 54.234 54.233 54.191 54.03 54.136 59.11 62.076 62.4 62.768 63.358 60.198 53.526 53.687 53.444 53.184 53.477 53.95 54.069 60.46 61.746 62.444
58.317 58.253 58.153 58.041 58.028 59.516 58.327 59.04 57.966 58.805 64.169 65.344 66.049 66.594 67.062 67.39 67.282 66.653 65.608 65.428 66.001 60.595 57.514 56.732 56.96 57.346 56.09 55.83 55.816 56.081 55.562 55.493 55.425 55.288 55.225 55.169 55.12 55.039 55.037 55.208 55.137 56.793 63.901 64.896 65.527 65.333 62.909 55.373 54.667 55.021 54.274 54.268 54.094 54.14 55.242 54.016 54.329 59.633 61.768 62.879 62.734 61.748 56.226 53.644 53.423 53.062 53.019 53.315 53.129 59.614 61.057 62.419
58.933 58.19 58.179 58.187 58.334 58.237 58.326 58.373 62.718 64.998 65.885 66.959 67.415 67.542 67.444 66.833 67.374 66.178 64.988 57.799 57.622 56.711 57.004 57.353 56.407 56.811 56.099 55.758 55.667 55.6 55.528 55.385 55.37 55.215 55.112 55.137 55.009 55.176 55.299 54.975 55.455 54.813 61.667 64.3 65.688 64.865 64.712 58.717 54.714 54.503 54.211 55.262 53.985 53.956 54.791 53.923 54.052 55.21 61.713 62.397 62.732 62.934 60.686 53.442 53.339 53.123 52.898 52.921 52.986 53.845 59.99 60.297
58.585 58.24 58.381 58.389 58.608 58.894 59.415 63.372 65.84 66.832 67.268 67.745 67.608 67.086 66.235 65.678 65.002 61.835 57.776 56.788 56.801 57.082 56.237 56.084 56.257 56.567 55.89 55.754 55.766 55.598 55.489 55.573 55.418 55.335 55.197 55.066 54.926 54.863 55.431 54.943 56.931 55.096 61.636 63.264 65.088 65.231 65.757 62.408 54.819 55.895 54.555 53.908 53.863 53.773 53.753 54.473 53.664 53.793 59.625 61.916 62.198 62.145 61.245 55.887 53.248 53.281 52.829 52.764 53.226 52.887 55.952 60.572
59.56 60.086 59.733 58.192 60.018 63.429 65.787 66.599 66.899 67.476 67.661 67.281 67.727 66.893 65.451 59.111 57.926 56.641 56.736 56.848 56.483 56.247 56.094 56.022 56.013 55.927 55.791 55.726 56.216 56.477 56.516 61.193 61.124 55.692 55.335 54.853 54.787 54.732 55.014 55.008 56.86 55.976 54.903 59.553 64.578 64.931 64.667 63.279 57.006 54.418 54.135 53.925 54.934 53.692 53.58 54.282 53.636 53.781 54.839 60.711 61.881 62.402 62.002 61.108 53.428 53.323 52.72 52.615 52.795 52.708 53.334 59.503
58.537 58.484 59.009 62.231 65.646 67.661 66.841 67.336 67.841 67.246 67.029 66.127 65.705 63.42 57.953 56.925 56.902 56.747 56.425 56.405 56.347 56.109 56.078 56.009 55.969 55.898 55.73 55.587 56.311 56.585 56.445 61.059 62.055 57.443 61.319 55.496 54.67 54.72 54.606 55.523 54.559 54.801 54.86 55.706 63.029 64.172 65.403 64.377 63.298 54.864 54.091 54.483 53.976 53.653 53.505 53.527 53.289 53.356 53.603 57.188 62.229 62.141 62.161 61.496 55.705 52.957 52.737 52.565 52.445 52.646 52.605 52.82
61.439 63.51 64.41 66.29 66.924 67.49 67.952 67.467 66.805 66.216 65.689 63.031 57.293 58.228 57.311 56.827 56.672 56.52 56.688 57.043 56.185 56.155 56.072 55.975 55.891 55.741 55.709 55.777 56.568 56.539 55.664 55.895 62.988 62.555 63.562 58.713 54.667 54.488 54.488 54.538 54.445 54.471 54.579 54.77 60.769 63.343 64.001 63.997 63.618 58.236 55.704 54.804 54.033 53.403 53.339 53.29 53.154 53.168 53.66 54.64 61.77 62.53 62.141 61.107 60.156 53.686 52.796 52.448 52.331 52.387 52.64 52.908
65.545 66.425 66.982 67.221 67.856 67.703 67.136 66.984 65.757 65.105 58.157 57.062 56.969 57.053 57.183 56.661 56.466 56.388 56.305 56.243 56.213 56.164 55.991 55.868 55.831 55.849 56.249 56.279 56.089 55.985 59.459 60.447 63.851 64.31 64.484 64.78 55.646 54.41 54.386 54.396 54.203 54.204 54.455 56.022 55.996 62.034 63.876 64.189 63.325 61.872 54.388 53.822 53.596 53.386 53.202 53.221 53.129 53.014 53.051 53.203 57.846 60.768 61.436 61.691 61.119 56.699 52.479 53.121 52.275 52.135 52.644 52.22
68.381 67.661 67.83 67.782 67.101 67.098 66.296 65.175 59.034 58.046 57.138 56.956 57.01 56.75 56.656 56.469 56.452 56.352 56.304 56.27 56.125 55.982 55.981 56.067 56.327 56.043 56.407 56.023 60.556 60.988 63.909 64.349 64.298 64.81 64.978 64.969 57.984 54.36 54.252 54.223 54.215 54.027 54.361 55.695 54.548 59.728 62.823 63.943 64.887 63.37 57.412 53.954 53.703 53.433 53.115 53.111 53.064 53.609 53.17 53.054 54.349 59.922 62.056 61.872 61.343 60.245 54.743 52.668 52.348 52.01 52.6 52.284
68.185 67.777 67.331 67.212 66.191 65.4 60.319 57.689 57.226 57.88 57.93 57.13 56.685 56.592 56.547 56.491 56.491 56.424 56.233 56.145 56.104 56.083 56.171 56.191 56.041 55.935 59.547 62.18 64.13 64.478 65.3 64.884 64.946 64.777 63.932 63.397 62.267 55.271 54.181 54.128 54.051 54.716 54.259 54.812 55.366 57.261 60.753 63.098 63.8 63.303 62.417 56.267 56.062 54.86 53.153 52.99 52.868 53.116 53.538 52.808 52.953 59.132 61.042 61.587 61.705 60.762 55.818 53.715 52.966 52.002 51.828 52.553
67.252 67.806 66.995 66.976 62.009 60.654 57.484 57.493 58.143 57.124 56.842 56.743 56.658 56.664 56.57 56.466 56.395 56.27 56.222 56.243 56.695 56.579 56.12 55.976 55.453 60.887 63.393 64.693 64.388 64.894 64.961 64.572 64.006 63.753 64.215 58.812 54.509 55.784 54.481 53.977 54.046 53.942 54.552 54.092 56.361 54.645 58.937 62.636 63.813 63.748 62.673 57.678 53.758 53.266 53.015 52.944 52.833 52.76 53.335 53.658 52.699 52.751 59.802 60.856 61.263 61.082 60.099 57.328 52.731 51.945 51.731 51.884
65.975 65.47 64.913 60.15 60.795 61.319 57.814 57.084 57.029 56.847 56.76 56.804 56.706 56.68 56.516 56.388 56.327 56.297 56.801 56.413 56.361 56.4 56.578 61.879 64.191 63.697 64.001 64.7 65.07 64.536 64.273 64.332 62.576 57.48 58.74 56.213 54.525 55.906 53.966 53.912 53.918 53.812 53.723 53.606 55.374 53.817 54.056 61.615 63.675 63.559 63.047 61.389 54.963 54.2 54.283 52.95 52.776 52.651 52.879 53.296 52.503 52.697 58.459 60.854 60.888 61.258 60.427 57.628 53.119 52.324 51.764 51.563
63.169 61.627 57.34 57.809 57.507 59.676 57.585 57.72 57.356 56.903 56.846 56.75 56.663 56.53 56.395 56.429 56.728 56.893 56.708 56.694 56.708 58.06 65.056 65.038 64.959 65.647 64.961 64.754 64.331 63.862 64.085 58.345 55.497 55.872 56.85 58.625 54.806 54.176 53.827 53.79 53.774 53.733 53.605 53.454 54.78 56.371 56.6 60.4 61.683 63.18 63.316 62.055 57.667 53.772 53.401 53.166 52.588 52.549 52.491 52.455 52.498 52.558 53.842 59.036 58.96 61.168 61.48 59.528 55.334 52.733 51.619 51.444
57.705 57.545 58.129 58.537 57.395 57.857 57.298 57.277 56.957 56.929 56.789 56.74 56.582 56.53 56.548 57.573 58.211 56.492 56.529 55.464 62.857 64.007 65.2 65.258 65.453 65.371 66.509 64.038 63.021 58.643 55.615 55.871 56.286 54.696 56.258 54.487 53.885 53.795 53.827 53.743 53.614 53.573 53.538 53.391 53.316 55.277 55.66 53.275 59.37 62.679 63.39 63.713 61.364 57.299 52.983 52.777 52.543 52.475 52.455 52.35 53.355 52.588 52.786 56.777 59.534 60.987 60.911 59.914 56.889 52.785 51.977 51.575
57.947 57.603 57.365 57.258 57.772 57.497 57.037 57.026 56.86 56.81 56.672 56.626 56.661 56.727 56.6 56.551 56.56 57.106 63.567 63.975 64.766 64.927 65.35 65.438 64.974 64.147 62.918 56.728 55.385 54.677 57.449 54.794 54.614 54.455 53.991 53.894 53.889 53.814 53.681 53.65 53.522 53.497 53.403 53.483 53.807 53.255 53.327 53.46 54.716 61.501 62.634 62.99 61.907 60.205 54.67 53.046 53.022 52.356 52.271 52.231 52.335 52.155 52.46 52.457 57.633 59.835 60.674 60.996 58.76 56.085 52.135 51.528
57.729 57.363 57.307 57.324 57.191 57.161 57.074 56.92 56.821 56.727 56.875 56.911 56.815 56.671 56.417 57.312 63.022 65.175 64.907 65.125 65.469 65.545 64.937 64.779 63.768 57.816 57.805 55.255 54.587 57.717 61.358 56.078 54.777 54.263 53.928 53.839 53.864 53.704 54.474 54.072 53.48 53.476 53.34 53.22 53.447 53.8 53.305 53.494 53.16 60.037 62.463 63.098 62.556 61.607 58.207 52.712 52.54 52.304 52.147 52.165 52.049 51.968 52.235 52.528 55.528 58.853 61.232 61.221 59.833 54.218 52.738 51.308
58.328 57.539 57.334 57.275 57.204 57.151 56.948 56.891 56.973 57.239 57.826 57.883 56.858 56.178 62.418 63.656 64.275 65.211 65.379 65.573 64.928 64.312 63.713 63.103 57.834 55.864 57.301 55.161 54.46 54.218 56.099 54.069 54.313 54.082 53.897 53.832 53.702 53.655 53.835 53.707 58.261 55.869 53.189 53.127 53.035 53.102 52.921 52.886 52.896 55.048 62.265 62.702 62.748 61.812 59.877 54.181 53.037 52.582 52.07 52.013 51.954 51.893 51.822 52.088 53.439 57.083 60.229 60.83 60.369 59.575 56.132 51.453
57.491 57.458 57.317 57.272 57.083 57.021 57.054 56.994 57.176 56.714 56.676 58.15 61.452 63.647 64.849 65.098 65.272 65.262 65.07 64.515 63.567 58.911 57.768 55.043 55.063 55.204 55.837 55.795 54.128 54.05 54.108 54.038 53.992 53.886 53.806 53.749 53.803 54.935 59.38 60.387 60.765 60.157 53.382 53.051 52.985 53.069 53.169 53.299 52.86 53.054 60.772 62.333 62.643 62.301 62.035 59.572 52.706 52.419 52.008 51.903 51.841 51.82 51.678 51.676 52.025 53.156 59.462 60.062 60.305 59.84 58.07 52.721
57.426 57.365 57.229 57.185 57.117 57.543 57.27 57.113 57.094 55.868 61.419 63.878 65.01 64.965 65.214 65.42 65.027 64.488 64.562 62.195 59.227 55.831 55.624 56.853 55.772 55.417 54.352 55.086 54.177 54.097 54.13 53.927 53.817 53.783 53.756 53.712 58.965 60.223 60.788 62.25 62.424 61.042 55.66 52.945 52.868 52.839 53.651 52.739 53.632 53.772 53.958 60.718 62.17 62.827 61.858 59.43 54.574 53.58 53.787 51.867 51.703 51.72 51.651 51.52 51.532 52.223 56.815 59.559 60.385 60.397 59.105 56.941
57.378 57.278 57.321 57.601 57.168 57.185 59.693 57.876 60.919 63.736 64.212 64.81 65.287 65.677 65.066 64.598 64.29 63.224 61.853 56.381 54.99 54.941 56.18 55.663 54.327 54.258 54.469 54.498 54.104 54.06 53.931 53.916 53.828 53.899 57.444 60.088 62.137 63.223 62.37 62.581 62.196 61.952 60.568 52.961 52.844 52.724 52.83 53.319 53.833 53.124 52.97 58.903 61.542 62.713 61.971 61.597 60.376 52.49 52.547 52.038 52.202 51.934 51.566 51.432 51.36 51.495 54.422 58.712 59.809 60.257 59.713 58.157
57.417 57.434 57.542 57.775 57.184 59.256 63.857 63.214 64.517 65.242 65.33 65.527 65.132 64.943 64.139 63.529 62.361 55.973 55.094 55.007 55.097 54.738 54.946 54.335 54.258 54.202 54.205 54.101 54.094 55.07 54.371 53.845 55.473 58.827 61.519 62.218 63.054 62.509 62.537 61.984 61.716 60.837 55.195 52.978 52.664 52.64 52.577 53.581 52.448 53.402 54.612 55.183 60.863 61.935 62.508 61.972 61.806 55.318 52.792 53.038 51.602 51.893 51.451 51.321 51.142 51.375 51.793 57.477 59.625 59.855 59.742 58.456
