dsm/se2933_DSM_2M.asc
ncols 500
nrows 500
xllcorner    429000
yllcorner    433000
cellsize     2
NODATA_value -9999
[rows 192 to 223 of 500, columns 216 to 287 of 500]
32.501 32.612 32.687 32.731 33.863 33.762 44.213 45.264 45.537 45.331 45.202 45.238 43.173 35.434 33.055 32.934 32.939 32.964 32.963 32.916 32.842 32.982 35.678 46.034 46.383 46.38 46.348 46.351 46.348 46.537 46.506 46.5 46.563 46.589 46.592 47.064 49.946 47.511 47.37 47.642 47.321 47.31 46.213 46.379 46.113 46.08 43.878 40.367 40.643 36.675 37.091 34.751 43.871 40.963 33.639 33.63 34.074 33.955 34.008 35.492 33.338 34.217 35.272 35.013 34.569 34.517 34.577 47.471 51.99 52.134 52.085 52.031
32.52 32.59 32.662 32.721 33.995 34.903 45.249 45.243 45.274 45.421 45.414 45.707 45.08 33.426 33.043 32.953 32.947 32.984 32.952 32.946 32.917 33.047 33.111 36.338 38.642 46.308 46.297 46.409 46.368 46.51 46.474 46.511 46.512 46.522 46.499 46.535 46.544 47.494 47.99 47.923 47.892 47.753 47.63 47.066 47.025 46.969 46.545 46.506 46.236 46.046 43.575 44.551 45.323 40.928 31.77 34.692 32.75 33.491 37.329 37.242 38.67 39.93 33.872 33.475 34.841 34.682 35.682 45.065 46.28 49.832 49.884 51.376
32.466 32.599 32.698 33.406 34.188 42.856 45.245 45.23 46.535 47.16 46.06 45.411 38.704 34.28 32.982 32.974 32.981 33.009 32.959 32.956 32.901 33.006 33.069 33.188 33.178 33.195 33.233 36.059 36.917 44.011 46.394 46.467 46.493 46.452 46.502 46.462 46.516 47.032 47.265 47.561 47.516 47.716 47.851 47.912 48.057 47.773 47.739 47.409 47.555 46.939 46.743 46.356 46.231 44.923 44.398 42.304 34.268 38.366 39.73 44.438 46.219 46.081 46.561 45.051 40.133 37.114 33.135 36.035 35.395 35.39 39.049 38.131
32.451 32.59 32.667 33.038 33.609 42.528 45.289 45.228 46.714 48.507 48.596 48.429 45.542 33.187 33.389 32.972 33.013 32.968 32.933 32.965 32.919 32.881 32.899 32.937 32.941 33.143 33.188 33.223 33.278 33.438 33.497 35.075 37.013 43.859 44.14 46.235 46.643 45.982 46.387 46.396 46.865 46.993 47.14 47.441 47.729 47.941 48.302 48.335 48.239 47.786 47.729 47.291 47.165 46.736 46.591 46.665 46.436 46.167 45.163 47.222 46.977 46.729 47.252 47.42 46.334 43.673 44.832 35.555 37.306 35.545 36.653 35.071
32.508 32.502 32.721 33.761 33.554 44.084 45.229 45.366 47.407 48.528 48.58 48.59 38.432 33.04 33.98 33.1 32.942 32.963 32.953 32.966 32.922 32.919 32.913 32.904 32.896 32.941 32.993 33.074 33.184 33.268 33.3 33.291 33.382 33.476 34.821 36.291 40.634 43.085 45.118 45.312 45.776 45.951 46.173 46.473 46.844 46.967 47.205 48.081 47.934 47.964 48.18 48.161 47.979 47.913 47.652 47.526 47.198 46.996 46.94 48.027 47.931 47.605 47.687 47.395 46.929 46.837 41.65 44.335 41.815 36.393 37.374 35.655
32.492 32.593 32.71 33.975 34.728 45.07 45.222 45.212 45.916 46.332 46.519 48.245 35.802 32.966 33.569 33.066 32.92 32.954 32.911 32.85 32.905 32.895 32.937 32.937 32.919 32.962 33.019 33.054 33.104 33.086 33.116 33.185 33.29 33.287 33.384 33.434 33.594 33.565 33.754 35.939 36.531 37.868 45.165 45.921 45.71 46.138 46.461 46.612 46.896 47.028 47.534 47.805 47.762 47.95 48.291 48.34 48.149 47.93 48.189 49.123 48.78 48.491 48.441 48.13 48.002 47.864 49.044 49.548 49.033 47.742 46.699 40.602
32.473 32.596 32.689 33.914 39.724 44.149 45.201 45.205 45.657 45.887 45.263 45.576 35.307 32.913 32.785 32.889 32.934 32.924 32.878 32.838 32.809 32.841 32.843 32.903 32.969 32.961 33.012 33.083 33.071 33.17 33.157 33.212 33.203 33.163 33.215 33.267 33.395 33.428 33.497 33.531 33.63 33.647 33.766 36.209 34.856 43.359 45.947 45.649 46.357 47.177 47.869 47.612 46.922 47.116 47.368 47.695 47.774 48.021 50.305 49.213 49.25 49.346 49.214 49.055 48.875 49.563 47.212 49.563 49 48.976 46.454 45.683
32.507 32.58 33.018 33.437 40.164 45.221 45.221 45.175 45.206 45.312 44.998 34.645 32.907 32.776 32.738 32.801 32.901 32.84 32.866 32.761 32.76 32.77 32.83 32.91 32.929 32.957 32.968 33.063 33.115 33.14 33.255 33.23 33.209 33.245 33.302 33.32 33.306 33.313 33.294 33.391 33.406 33.588 33.593 33.653 33.676 33.505 33.74 36.163 37.619 47.001 47.777 47.306 46.719 46.209 46.499 46.555 46.786 47.011 47.921 48.327 48.356 48.696 48.95 49.14 49.28 50.021 46.755 49.002 49.19 48.91 46.103 45.692
32.906 32.614 33.658 33.223 41.582 45.227 45.22 45.141 45.162 45.245 45.267 38.805 32.87 32.72 32.738 32.778 32.807 32.785 32.763 32.817 33.196 32.903 33.181 32.959 32.927 32.933 32.964 32.982 33.082 33.121 33.164 33.218 33.266 33.267 33.252 33.328 33.336 33.386 33.434 33.411 33.439 33.417 33.45 33.506 33.912 33.658 33.762 33.729 33.782 33.894 33.918 36.542 44.017 46.043 46.119 46.206 45.785 46.105 47.016 47.219 47.599 47.78 48.067 48.176 48.391 46.622 45.793 47.628 49.558 49.726 45.724 45.72
32.802 33.359 33.897 33.366 44.012 45.268 45.218 45.263 45.268 45.333 45.032 32.996 32.817 32.677 32.742 32.752 32.78 32.731 32.685 40.492 39.287 39.178 42.429 35.736 33.1 33.044 33.057 33.092 33.121 33.061 33.104 33.166 33.196 33.259 33.274 33.317 33.325 33.364 33.389 33.405 33.449 33.525 33.513 33.522 33.681 34.084 34.05 33.607 33.657 33.695 33.831 33.858 33.894 34.141 33.923 36.202 35.722 43.851 38.909 46.369 46.64 46.835 47.083 47.415 47.483 46.6 45.682 45.679 45.714 46.204 45.713 45.769
32.449 32.535 32.822 33.302 45.134 45.213 45.208 45.196 45.174 45.22 44.843 33.212 32.788 32.691 32.697 32.736 32.709 32.728 32.588 43.441 48.457 48.8 48.58 46.932 44.693 38.665 39.122 33.73 33.13 33.552 33.208 33.224 33.234 33.255 33.241 33.817 34.297 33.489 33.364 33.408 33.483 33.511 33.478 33.468 33.507 33.615 33.666 33.632 33.659 33.679 33.694 33.754 33.762 33.855 33.878 33.958 34.002 34.089 33.579 34.703 37.624 42.557 46.018 40.448 46.624 45.823 45.715 45.718 45.725 45.715 45.677 45.766
32.405 32.547 32.985 41.959 45.307 45.218 45.179 45.169 45.17 45.231 43.972 34.18 32.613 32.61 32.664 32.736 32.661 32.626 32.964 47.533 48.89 49.813 49.672 49.399 49.244 48.723 51.369 41.356 46.461 35.8 35.433 42.672 33.533 33.46 33.367 33.376 33.348 33.46 33.371 33.358 33.416 33.451 33.439 33.485 33.515 33.624 33.63 33.646 33.74 33.699 33.692 33.767 33.735 33.786 33.814 33.852 33.854 33.885 33.971 34.061 34.121 34.159 33.875 36.191 37.632 37.723 43.913 45.708 45.742 45.721 45.737 46.717
32.422 32.539 32.912 41.588 45.29 45.191 45.205 45.116 45.223 38.931 41.771 32.852 32.526 32.604 32.658 32.629 32.587 32.546 32.894 47.703 49.083 50.084 50.81 50.615 50.149 50.5 58.437 60.105 56.734 53.151 48.799 49.537 43.291 43.362 34.316 36.925 37.325 33.5 33.453 33.497 33.505 33.512 33.47 33.494 33.549 33.559 33.598 33.632 33.67 33.685 33.741 33.745 33.807 33.824 33.849 33.857 33.9 33.896 33.911 33.931 33.973 34.023 34.148 34.219 34.267 34.445 34.615 34.802 38.162 37.99 39.459 45.42
32.423 32.665 33.151 43.918 45.245 45.243 45.187 45.187 45.219 45.258 36.656 32.663 32.537 32.6 32.578 32.573 32.57 32.486 32.921 48.003 49.486 50.442 51.515 51.492 51.247 56.938 60.191 60.197 56.562 54.99 54.734 54.492 53.936 53.308 54.191 53.704 51.486 42.195 43.797 33.485 33.569 34 33.652 33.473 33.619 33.642 33.586 33.678 33.664 33.675 33.759 33.768 33.811 33.838 33.874 33.923 33.961 33.934 33.969 33.994 33.981 34.115 34.935 34.124 34.03 34.123 34.291 34.32 34.364 34.549 35.732 34.9
32.419 32.811 33.25 44.69 46.488 45.908 45.311 45.161 45.463 45.062 34.065 32.56 32.506 32.575 32.555 32.537 32.51 32.413 39.658 48.279 49.62 50.708 51.492 50.994 51.028 52.547 60.401 60.03 56.993 55.892 55.709 55.556 55.252 55.121 55.004 55.992 56.217 55.88 55.648 55.418 48.974 36.938 40.246 33.818 34.701 33.738 32.812 33.723 33.772 33.778 33.741 33.796 33.788 33.837 33.87 33.872 33.916 33.913 34.002 33.983 34.03 34.051 34.08 34.058 34.148 34.117 34.141 34.153 34.197 34.202 34.27 34.452
32.395 33.123 35.88 45.177 46.45 48.485 47.952 46.132 45.66 40.897 32.74 32.493 32.477 32.531 32.542 32.517 32.443 32.805 46.093 48.828 49.703 51.001 51.167 50.289 50.17 59.179 60.431 59.163 55.529 55.781 56.102 56.088 56.027 56.073 55.672 56.264 57.163 56.922 56.783 56.308 55.429 52.078 51.016 49.047 49.542 45.938 36.098 38.499 33.326 33.79 33.871 33.89 33.946 33.931 33.863 33.888 33.866 33.91 33.98 33.99 34.021 34.053 34.108 34.15 34.153 34.218 34.237 34.211 34.239 34.268 34.257 34.265
32.755 33.186 43.788 45.347 47.847 48.5 48.642 48.532 48.569 46.482 32.695 32.42 32.489 32.496 32.5 32.444 32.46 32.819 47.803 49 50.061 51.373 51.13 49.888 52.166 59.611 60.29 59.22 54.701 54.953 54.972 55.22 55.616 55.724 55.919 56.672 57.696 57.989 57.604 56.413 54.443 51.655 51.031 51.006 52.804 51.503 53.187 48.941 49.887 42.839 41.775 34.764 34.401 34.385 33.986 34.3 34.047 34.033 33.924 33.99 33.988 34.039 34.1 34.115 34.125 34.179 34.239 34.28 34.279 34.278 34.337 34.329
32.929 33.077 44.073 45.366 46.54 48.527 48.734 48.599 48.353 37.284 32.486 32.352 32.366 32.446 32.419 32.425 32.351 33.793 47.858 49.498 50.378 51.399 50.639 49.727 52.212 57.044 58.737 55.776 53.028 52.689 53.17 54.182 54.27 54.964 55.759 56.671 57.534 57.798 57.397 55.966 55.167 51.053 50.938 50.979 51.223 51.203 51.511 53.519 53.361 51.462 50.046 49.434 48.823 42.071 41.971 41.786 35.478 34.315 34.09 34.125 34.138 34.056 34.033 34.044 34.155 34.156 34.173 34.225 34.265 34.305 34.316 34.375
32.888 32.678 43.036 45.271 45.205 45.341 45.695 47.034 46.024 33.98 32.392 32.299 32.357 32.408 32.354 32.35 32.312 42.56 45.757 49.629 50.661 51.174 50.474 49.548 55.033 56.48 56.134 49.647 48.302 51.033 51.032 52.127 52.286 54.752 55.617 56.183 56.658 56.877 56.837 55.707 52.325 50.973 50.951 50.952 50.96 51.478 51.464 52.398 53.405 53.129 52.257 51.392 53.488 54.711 52.57 51.473 51.561 47.641 38.058 45.466 34.865 34.099 34.065 34.115 34.192 34.235 34.255 34.279 34.284 34.322 34.304 34.363
32.659 43.392 45.333 45.307 45.354 45.447 45.27 45.262 45.42 32.529 32.296 32.255 32.344 32.378 32.342 32.294 32.284 43.42 48.51 49.319 49.559 49.888 50.015 49.848 55.395 56.56 55.889 44.183 35.276 30.594 31.075 36.15 35.02 49.748 54.222 55.146 55.431 55.317 56.262 55.476 51.939 50.996 50.975 50.949 50.935 50.982 50.96 50.981 52.9 54.546 54.792 54.617 54.357 54.155 53.466 53.203 53.062 52.562 52.506 51.637 51.49 46.593 43.602 36.447 33.615 34.812 34.482 34.36 34.376 34.38 34.346 34.362
32.568 39.476 45.324 45.231 45.184 45.178 45.233 45.298 43.459 32.5 32.192 32.284 32.282 32.333 32.282 32.277 32.277 37.969 48.292 48.195 48.391 48.566 49.21 48.883 49.783 53.969 41.885 33.003 30.596 30.461 30.423 30.444 30.428 30.472 31.667 35 50.042 53.355 56.13 55.468 52.279 51.52 51.064 51.012 50.979 50.977 50.995 51.036 53.28 54.766 54.826 53.89 53.439 53.852 53.871 54.178 54.015 53.812 53.553 54.594 52.957 52.789 53.015 49.13 50.678 44.887 44.693 33.839 37.682 34.546 34.444 34.528
32.638 41.776 45.295 45.222 45.23 45.19 45.213 45.335 38.842 32.261 32.186 32.189 32.236 32.313 32.268 32.221 32.231 32.347 32.312 32.382 36.503 43.434 45.399 47.94 34.728 30.954 30.697 30.533 30.486 30.485 30.462 30.443 30.386 30.417 30.438 30.463 36.682 55.359 55.898 53.559 35.823 36.182 43.853 37.837 40.968 50.744 50.686 50.857 51.164 51.768 51.78 52.174 52.379 52.659 52.918 53.182 53.402 53.631 53.944 54.471 53.908 53.829 54.194 55.613 55.326 55.12 54.715 53.828 52.568 41.411 38.311 43.513
31.867 35.677 46.827 46.252 46.043 45.503 45.294 45.028 33.731 32.222 32.145 32.191 32.206 32.253 32.239 32.157 32.218 32.223 32.268 32.239 32.207 32.202 32.217 32.273 33.75 32.866 31.84 31.052 31.261 30.536 30.489 30.462 30.45 30.441 30.437 30.538 36.828 52.388 54.443 53.986 32.276 32.053 32.008 32.004 32.014 35.048 39.437 47.387 49.244 50.608 51.145 40.513 51.428 52.089 52.441 52.073 52.522 52.724 52.876 53.248 53.476 53.641 55.365 55.508 55.473 55.442 55.482 32.787 54.955 55.226 54.614 51.591
31.643 40.918 46.644 51.074 50.946 50.457 48.421 45.209 32.634 32.207 32.112 32.195 32.217 32.18 32.152 32.19 32.566 33.327 32.392 32.174 32.159 32.182 32.13 32.218 32.234 32.236 32.217 32.276 32.273 32.301 32.506 32.912 31.028 31.343 30.864 30.65 33.925 34.28 33.394 33.816 32.727 32.512 32.077 32.066 32.014 32.049 36.736 38.459 38.405 38.701 41.8 37.25 48.258 52.888 53.528 53.823 52.705 53.241 52.174 52.177 52.473 52.783 55.371 55.503 55.492 55.5 55.472 55.483 55.472 55.495 55.51 55.494
31.739 41.711 48.495 51.193 51.382 51.338 50.435 44.902 32.675 32.068 32.017 32.16 32.145 32.103 32.102 32.201 37.741 44.179 42.093 41.238 37.064 32.671 33.504 32.474 32.299 32.208 32.193 32.18 32.173 32.234 32.336 32.547 32.662 32.42 32.648 32.209 33.343 33.366 33.391 33.217 33.184 33.008 32.831 33.931 33.826 32.379 38.635 38.409 38.403 38.418 37.267 46.719 52.517 52.036 52.096 52.617 52.599 52.678 52.859 52.902 52.554 52.518 55.529 55.532 55.526 55.51 55.512 55.504 55.496 55.467 55.458 55.45
32.111 44.976 48.545 51.292 51.372 51.264 48.343 38.41 33.373 31.987 32.046 32.125 32.152 32.099 32.091 32.211 41.084 45.058 45.166 44.981 44.651 44.491 42.838 41.231 34.865 39.464 33.608 32.985 32.459 32.217 32.249 32.265 32.295 32.28 32.243 32.213 32.199 32.251 32.764 32.45 33.213 32.4 32.431 33.104 32.807 33.221 34.369 38.461 38.153 38.397 37.106 43.818 52.409 52.782 52.901 52.733 52.352 52.129 52.135 52.113 52.585 55.109 55.577 55.537 55.573 55.553 55.584 55.529 55.519 55.491 55.619 55.535
41.765 45.562 50.405 51.584 51.368 51.259 46.556 43.873 32.297 32.589 32.039 32.058 32.037 32.047 32.066 32.367 42.95 45.451 43.581 44.911 45.274 45.331 45.34 45.08 44.668 42.924 43.776 42.528 35.372 33.659 32.466 32.259 32.269 32.254 32.2 32.145 32.165 32.218 32.222 32.267 32.407 32.257 32.34 32.64 33.397 32.552 32.5 32.525 34.289 36.937 36.908 48.35 52.32 52.037 51.988 52.088 52.35 52.601 53.105 52.778 52.636 54.581 55.6 55.609 55.603 55.619 55.567 55.583 55.559 55.559 55.59 55.913
45.36 46.349 50.964 51.367 51.381 50.111 45.72 38.374 32.024 32.59 31.998 32.05 32.92 32.014 32.025 38.56 44.185 45.239 43.327 43.843 44.594 44.769 44.053 43.757 43.956 43.323 45.418 44.968 44.419 38.197 42.237 37.744 37.568 32.502 32.215 32.127 32.117 32.108 32.158 32.189 32.199 32.301 32.301 32.357 32.387 32.377 32.414 32.4 32.907 35.427 38.767 52.267 52.485 52.677 52.698 52.901 52.551 52.236 51.552 51.905 52.549 55.082 55.274 52.22 55.276 55.618 55.607 55.601 55.585 55.597 55.57 55.851
47.502 47.5 48.476 50.584 51.196 49.889 42.318 33.429 31.969 31.876 31.995 31.993 32.473 31.945 32.042 40.749 44.829 43.987 43.266 43.226 43.191 43.444 43.274 43.24 43.271 43.465 43.368 44.973 43.803 45.111 44.924 43.05 42.483 33.015 32.189 32.174 32.133 32.144 32.168 32.164 32.192 32.223 32.25 32.285 32.372 32.409 32.458 32.411 32.412 35.494 44.478 52.894 52.214 52.131 52.189 52.216 52.383 48.594 37.099 39.466 45.612 44.469 36.164 36.204 36.692 55.491 55.64 55.615 55.649 55.624 55.623 54.914
47.558 47.546 47.554 47.591 47.537 47.429 44.112 32.442 31.884 31.879 31.925 31.99 31.996 31.903 32.186 42.04 45.132 43.332 43.258 43.207 43.243 43.267 43.281 43.253 43.269 43.986 43.208 44.087 43.467 44.867 44.34 42.855 40.844 33.02 32.158 32.158 32.17 32.363 32.184 32.206 32.286 32.271 32.26 32.295 32.28 32.33 32.339 32.359 32.502 36.798 40.026 52.093 52.485 52.628 53.163 52.766 52.132 41.865 36.967 36.975 36.59 36.601 36.223 36.201 46.602 55.764 55.667 55.635 55.651 55.629 55.656 54.849
47.559 47.554 47.599 47.581 47.512 45.639 35.598 31.911 31.837 31.856 31.907 31.906 31.865 31.859 37.893 42.992 44.096 43.29 43.231 43.197 43.205 43.226 43.275 43.281 43.255 43.186 43.184 44.422 43.469 45.475 44.127 42.755 36.103 32.151 32.146 32.493 44.925 35.366 35.161 32.914 32.55 32.243 32.324 32.341 32.335 32.311 32.311 32.346 32.413 36.757 48.18 52.628 52.4 52.487 52.024 52.116 50.369 37.451 37.056 36.827 37.32 36.376 36.241 48.042 54.407 58.171 55.807 55.723 55.717 55.8 55.922 54.373
47.505 47.524 47.564 47.598 47.478 45.707 34.501 31.813 31.816 31.87 31.9 31.815 31.85 31.865 37.913 44.523 45.257 44.717 43.35 43.322 43.255 43.246 43.297 43.293 43.25 43.205 43.245 44.614 43.358 45.103 40.174 32.243 32.175 32.1 32.103 32.376 49.284 50.005 50.122 46.571 46.63 42.167 33.785 37.274 32.664 32.361 32.349 32.367 35.331 37.309 50.478 52.325 52.473 52.93 52.524 52.807 42.889 38.345 37.079 37.858 38.002 36.531 36.592 55.897 58.743 58.543 58.961 58.622 57.788 50.35 52.762 53.971
