dsm/se2937_DSM_2M.asc
ncols 500
nrows 500
xllcorner    429000
yllcorner    437000
cellsize     2
NODATA_value -9999
[rows 310 to 340 of 500, columns 280 to 349 of 500]
85.892 89.337 89.687 89.424 89.199 89.102 89.532 86.722 85.712 85.557 89.189 88.929 85.532 85.547 88.892 89.277 86.362 85.839 86.534 89.987 89.454 89.319 89.215 89.701 89.598 86.5 87.124 88.002 91.059 90.327 88.536 87.998 90.613 90.71 87.459 87.472 88.438 90.179 89.257 88.502 88.187 90.51 90.439 88.331 88.201 90.392 91.159 89.595 88.336 88.975 90.615 89.879 88.575 88.617 91.275 93.017 91.846 90.465 91.369 92.948 91.915 89.049 91.717 91.604 89.454 89.417 89.479 89.479 89.505 89.527
85.739 89.094 89.432 86.227 85.759 88.019 89.684 87.719 85.674 85.539 88.652 88.437 85.642 85.519 86.824 87.644 85.749 85.764 86.049 89.892 89.372 86.167 86.212 89.577 89.95 86.465 86.812 87.914 90.795 90.307 87.288 87.322 90.525 91.418 87.847 87.417 87.697 87.492 87.539 87.918 87.763 87.793 87.747 87.74 88.036 88.081 88.079 88.122 88.206 88.537 88.421 88.545 88.496 88.545 91.375 92.449 89.844 89.042 91.24 92.705 91.32 89.023 91.714 90.29 89.414 89.382 89.376 89.413 89.455 89.482
85.724 88.772 89.424 87.264 86.319 87.014 88.177 86.932 85.622 85.552 85.509 85.502 85.502 85.522 85.662 85.719 85.639 85.774 85.939 89.332 89.177 86.317 86.249 88.552 88.645 86.518 86.718 86.982 88.773 87.608 87.27 87.155 88.611 88.458 87.065 87.668 87.561 87.47 87.498 87.571 87.709 87.739 87.757 87.701 87.913 87.971 88.038 88.039 88.078 88.805 88.381 88.401 88.488 88.547 89.15 90.005 89.974 89.014 91.055 91.512 90.165 88.977 91.358 89.449 89.37 89.354 89.328 89.307 89.348 89.392
85.679 86.557 87.062 85.599 86.774 85.674 85.587 85.597 85.599 85.579 85.507 85.537 85.559 85.517 85.592 85.659 85.697 85.797 85.954 86.029 86.147 86.174 87.452 86.402 86.287 86.49 86.613 86.813 87.02 86.946 87.867 87.104 87.097 87.101 87.019 87.286 87.448 87.383 87.406 87.65 87.625 87.664 87.657 87.643 87.843 87.829 87.964 87.981 88.15 88.233 88.265 88.373 88.365 88.45 88.428 88.488 88.51 88.978 88.771 89.096 89.066 89.06 91.547 89.58 89.352 89.321 89.287 89.266 89.275 89.292
85.602 85.597 85.737 85.594 86.469 85.839 85.557 85.587 85.614 85.632 85.524 85.624 85.577 85.567 85.624 85.762 85.772 85.832 86.009 86.032 86.102 86.137 87.684 86.739 86.289 87.472 86.543 86.714 86.71 86.743 87.099 86.917 86.966 87.03 87.019 87.081 87.147 87.305 87.287 91.12 87.617 87.709 87.615 87.594 87.745 87.823 87.931 87.928 88.425 88.389 88.199 88.322 88.391 88.424 88.436 88.48 88.494 88.704 88.765 88.636 88.747 88.819 91.532 89.877 89.343 89.541 89.359 89.229 89.219 91.41
85.542 85.562 85.467 85.457 85.927 85.627 85.527 85.572 85.637 85.667 85.572 85.617 85.607 85.619 85.674 85.804 85.839 85.874 86.004 86.017 86.087 86.187 86.31 86.325 86.307 86.342 86.489 86.622 86.67 87.244 86.785 86.87 86.929 87.204 86.929 87.015 87.118 87.162 89.923 94.265 94.34 93.056 87.653 87.552 87.654 87.779 87.798 87.965 90.127 88.17 88.088 88.232 88.282 88.299 88.347 88.453 88.456 89.088 88.574 88.628 88.672 88.821 91.602 97.415 96.63 95.195 89.914 89.347 89.169 89.266
85.504 85.552 85.444 85.462 85.462 86.049 85.527 85.554 85.669 85.637 85.594 85.637 85.614 86.082 85.712 85.789 85.864 85.937 86.032 86.029 86.102 86.182 86.552 86.462 86.394 86.369 86.457 86.534 86.833 87.194 87.948 87.255 87.14 87.254 86.913 86.973 87.017 91.88 94.586 94.788 92.967 90.482 88.385 87.566 87.549 89.251 88.595 89.435 90.618 88.427 88.423 88.461 88.218 88.285 88.405 88.574 88.648 89.381 89.122 89.026 89.237 88.853 96.404 94.182 95.36 90.352 97.041 89.746 89.133 89.085
85.504 85.537 85.459 85.482 85.877 86.134 85.522 85.557 85.559 85.834 85.582 85.699 85.894 85.962 85.729 86.074 86.154 85.987 86.039 86.094 86.114 86.157 86.227 86.252 86.295 86.332 86.384 86.442 86.544 86.619 86.651 86.729 86.8 86.861 86.892 86.926 87.023 92.252 94.713 96.659 90.782 90.08 92.32 87.845 87.471 87.593 87.725 87.794 88.207 87.91 88.01 88.065 88.114 88.223 88.258 88.338 88.411 88.469 88.527 88.608 88.69 88.651 97.021 101.597 101.623 91.313 90.425 89.028 89.005 94.688
85.467 85.509 85.482 85.724 85.864 86.054 85.524 85.684 85.544 85.549 85.592 85.684 85.604 85.657 85.722 85.824 85.899 85.959 85.992 86.047 86.134 86.249 86.465 86.347 86.367 86.264 86.299 86.372 86.564 86.632 86.705 86.748 86.792 86.82 86.784 86.848 87.02 92.028 91.798 95.17 92.98 88.718 91.184 90.705 87.398 87.525 87.708 87.811 87.932 87.99 88.046 87.989 87.919 88.051 88.241 88.363 88.409 88.484 88.543 88.689 88.634 88.543 90.632 96.913 93.192 95.072 98.049 94.823 89.35 96.138
85.459 85.499 85.954 86.709 88.279 86.484 85.442 86.427 85.472 85.532 85.552 85.637 85.747 85.807 85.877 85.969 85.899 85.859 85.897 85.947 86.077 86.137 86.174 86.192 86.24 86.172 86.194 86.257 86.384 86.45 86.483 86.519 86.596 86.632 86.635 86.686 87.326 92.225 92.478 90.602 90.777 90.671 95.084 90.153 89.189 87.297 87.486 87.599 87.622 87.821 87.697 87.746 87.777 87.872 87.978 88.056 88.162 88.228 88.339 88.41 88.573 88.463 96.355 99.275 94.092 90.827 97.921 89.876 89.018 90.569
85.419 85.429 85.512 85.999 91.062 90.389 85.534 85.524 85.474 85.482 85.514 85.582 85.714 85.714 85.742 85.742 85.729 85.757 85.804 85.854 85.902 85.937 85.999 86.039 86.087 86.137 86.189 86.242 86.287 86.352 86.407 86.468 86.518 86.595 86.645 86.704 86.799 90.793 90.998 92.314 94.779 94.873 90.869 90.049 87.593 87.535 87.397 87.471 87.5 87.575 87.699 87.742 87.782 87.861 88.01 88.062 88.093 88.207 88.305 88.384 88.476 88.498 95.733 99.921 99.258 92.641 93.043 89.024 89.072 89.173
85.344 85.332 85.372 87.907 85.594 88.332 85.452 85.422 85.422 85.432 85.462 85.492 85.517 85.564 85.602 85.642 85.682 85.729 85.787 85.834 85.887 85.942 85.987 86.037 86.16 86.127 86.172 86.234 86.285 86.332 86.379 86.506 86.514 86.572 86.639 86.701 86.76 88.385 91.376 91.686 94.164 90.472 89.784 87.327 87.275 87.344 87.398 87.468 87.522 87.616 87.707 87.75 87.832 87.904 88.001 88.076 88.163 88.247 88.282 88.364 88.48 88.471 88.583 88.674 88.741 88.835 88.939 89.007 89.063 89.147
85.267 85.269 85.267 85.297 87.204 85.299 85.312 86.402 85.382 85.399 85.424 85.452 85.489 85.524 85.572 85.614 85.647 85.687 85.734 85.797 85.825 85.869 85.92 87.035 85.997 86.047 86.092 86.144 86.194 86.244 86.299 86.352 86.546 86.481 86.54 86.618 88.221 90.361 91.373 93.484 95 94.205 91.717 89.161 87.192 87.286 87.334 87.378 87.511 92.355 87.774 87.664 87.752 88.005 87.912 88.001 88.096 88.187 88.241 88.343 88.404 88.445 88.522 88.629 88.672 88.731 88.826 88.886 88.937 89.057
85.217 85.227 85.232 85.502 85.267 85.264 85.289 85.297 85.317 85.339 85.359 85.379 85.409 85.449 85.479 85.522 85.849 85.582 85.632 85.669 86.624 87.41 85.81 90.769 85.927 86.017 85.992 86.057 86.119 86.269 87.817 86.402 86.539 86.539 86.599 86.923 88.736 90.322 92.345 94.135 93.325 92.307 89.898 88.057 87.176 87.254 87.336 87.495 87.525 87.637 87.667 94.865 95.325 91.269 87.909 88.013 88.026 88.109 88.187 88.28 88.328 88.366 88.478 88.592 88.807 88.936 89.019 89.069 89.14 89.364
85.174 85.177 85.184 85.209 85.202 85.207 85.214 85.219 85.229 85.244 85.254 85.264 85.317 85.374 85.469 85.532 85.604 85.562 85.609 85.692 85.762 86.192 85.932 85.95 85.989 86.104 86.104 86.147 86.222 86.569 89.204 86.494 86.537 86.658 86.914 87.106 86.987 90.332 91.498 94.388 90.263 93.679 90.315 88.917 87.275 87.322 87.386 87.577 87.607 87.642 89.424 92.233 89.011 92.929 88.237 88.039 88.081 88.079 88.182 88.304 88.354 88.436 88.548 88.641 88.852 88.94 89.034 89.258 90.713 91.004
85.082 85.094 85.102 85.124 85.122 85.127 85.129 85.149 85.164 85.159 85.229 85.329 85.462 85.532 87.692 87.627 88.714 85.677 85.712 85.762 87.382 86.177 86.012 85.972 85.999 86.069 86.147 86.24 86.307 86.405 86.459 86.492 86.524 86.582 86.672 86.74 86.986 89.471 90.025 92.543 91.738 94.591 90.66 89.313 87.316 87.387 87.462 87.597 87.814 87.596 87.823 91.276 91.818 89.275 89.121 88.086 88.142 88.171 88.228 88.287 88.368 88.521 88.614 88.65 88.778 89.115 89.038 90.353 96.509 90.336
84.992 85.022 85.032 85.052 85.084 85.104 85.139 85.147 85.179 85.224 85.359 85.412 85.452 85.509 85.552 86.482 87.012 85.872 85.749 85.804 85.869 85.999 86.097 86.314 86.082 86.092 86.182 86.229 86.312 86.682 86.649 87.257 87.147 86.557 86.649 86.716 86.771 87.76 89.804 89.103 90.131 91.539 91.38 87.338 87.2 87.463 87.614 88.894 88.696 87.802 88.7 90.018 93.924 88.909 89.327 88.128 88.15 88.179 88.17 88.271 88.536 90.264 89.513 88.643 89.061 89.161 88.838 90.864 93.79 98.759
85.094 85.099 85.114 85.104 85.074 85.112 85.134 85.154 85.192 85.349 85.419 85.424 86.754 86.052 86.317 86.202 85.982 85.672 85.627 85.712 85.719 85.862 85.854 86.007 85.797 85.854 85.877 85.962 86.167 86.145 85.95 86.104 86.767 86.077 86.147 86.525 86.551 86.74 86.98 87.072 87.361 88.933 88.662 87.194 87.732 87.2 87.359 87.104 87.108 87.453 87.317 87.53 87.814 87.398 89.282 88.671 88.192 88.128 88.137 91.023 97.503 96.878 90.661 88.578 88.486 88.551 88.554 88.501 96.621 97.935
85.112 85.197 85.149 85.157 85.144 85.129 85.167 85.174 85.297 85.372 85.479 85.344 85.309 85.014 85.199 85.769 85.422 85.432 85.467 85.539 85.509 85.532 85.45 85.762 85.552 85.569 85.569 86.569 85.952 85.832 85.782 85.787 86.112 86.024 86.052 86.974 86.55 86.641 86.539 86.747 87.528 86.895 86.889 86.726 87.431 87.314 87.229 87.023 87.096 87.445 87.06 87.12 87.128 87.142 87.17 89.2 88.666 88.163 92.062 93.01 99.336 100.148 97.159 94.473 88.531 88.425 88.565 88.803 88.865 96.414
89.352 90.987 85.167 85.182 85.179 85.167 85.172 85.207 85.307 85.852 85.437 85.212 85.139 84.997 85.102 85.979 85.147 85.299 85.367 85.384 85.369 85.34 85.979 86.197 85.632 87.472 85.417 86.479 85.797 87.59 89.867 92.404 91.267 92.287 89.634 88.569 86.349 86.431 89.378 91.378 90.466 89.428 90.56 88.613 86.849 86.976 87.234 89.673 91.359 88.991 91.239 87.757 88.108 87.006 86.884 87.021 88.229 88.119 88.14 92.717 99.288 100.416 95.959 90.651 89.632 93.257 93.192 92.84 94.065 93.597
88.162 86.699 85.094 90.084 85.384 85.169 85.129 85.147 85.274 85.277 85.114 85.082 85.107 85.002 87.552 84.999 89.754 87.232 87.627 85.184 86.134 90.84 91.024 91.219 91.387 91.517 91.692 86.402 85.732 91.322 92.612 92.812 92.667 92.727 92.717 91.164 86.519 86.538 93.233 93.208 93.22 93.166 93.184 93.126 87.417 86.839 91.119 93.141 93.206 93.333 93.328 93.247 91.746 89.419 87.088 86.976 88.82 88.103 88.104 89.717 94.283 98.106 91.648 89.433 94.022 95 95.433 95.286 95.495 95.267
84.989 84.957 85.907 92.089 89.529 86.059 85.069 85.119 85.239 85.274 85.079 85.024 88.159 90.942 91.064 91.244 91.377 91.524 90.139 85.107 85.374 92.752 92.88 93.16 93.192 93.362 93.452 88.649 85.624 92.34 94.314 94.279 94.814 94.342 94.369 92.889 87.867 86.789 94.75 94.888 95.384 94.928 94.76 94.794 88.068 86.757 90.933 93.808 94.515 95.345 94.796 93.723 91.034 89.777 87.312 86.935 88.859 88.388 88.001 90.193 95.04 91.358 88.472 88.356 93.336 95.352 96.38 97.11 96.351 95.683
85.102 84.904 85.754 86.307 88.897 87.129 85.019 85.069 85.184 85.039 85.054 85.002 89.519 92.034 92.569 92.927 92.904 92.119 90.677 85.017 85.109 93.587 93.439 93.307 93.117 92.997 92.895 88.064 85.56 91.922 92.984 92.884 92.937 92.902 92.894 91.867 87.777 86.482 93.424 93.431 93.483 93.517 93.521 93.314 87.465 86.732 91.098 93.392 93.537 93.581 93.52 93.296 92.262 89.243 87.024 86.93 88.996 88.134 88.035 94.809 99.268 95.701 89.575 90.272 91.337 94.885 94.918 94.772 94.888 94.836
90.224 90.079 84.854 84.679 85.277 88.847 84.969 85.054 85.142 85.007 85.039 84.987 87.519 91.842 92.449 92.299 92.129 92.004 90.807 85.217 85.075 91.795 91.64 91.457 91.344 91.064 91.049 86.532 85.634 88.95 88.512 88.787 89.247 90.234 90.035 88.247 86.087 86.532 90.09 88.396 87.386 88.302 89.509 90.6 86.374 86.485 89.257 89.181 89.974 89.965 90.248 91.183 89.692 87.367 87.236 86.911 88.847 88.497 88.18 98.434 99.172 99.481 99.1 90.22 90.45 90.163 89.942 90.491 91.532 91.589
91.874 92.052 85.027 84.632 85.459 87.547 86.327 85.002 85.089 86.459 84.949 84.992 85.754 91.152 90.964 90.749 89.902 88.659 89.012 85.047 85.077 86.554 85.024 85.094 86.452 85.005 85.094 85.172 85.639 85.524 85.59 85.587 85.954 85.817 86.81 86.429 86.332 86.002 86.202 86.117 86.203 86.455 86.977 87.789 86.359 86.398 86.449 86.487 86.436 87.216 87.141 87.83 86.652 86.778 86.904 87.003 88.833 88.34 88.049 91.464 99.288 100.011 96.321 92.121 89.637 88.157 93.123 90.655 90.479 88.495
92.174 92.592 86.174 84.649 84.612 85.509 84.954 84.989 85.039 85.982 84.954 84.962 84.969 85.654 85.157 84.984 84.929 84.887 84.899 84.967 85.067 85.249 84.997 85.174 85.752 84.984 85.022 85.322 87.647 88.054 85.284 85.304 85.642 85.492 85.542 87.304 87.247 86.912 86.177 85.992 86.325 86.442 86.433 86.131 86.141 86.419 86.418 86.519 86.383 87.172 86.743 86.681 86.676 86.855 87.017 87.039 88.949 88.271 88.018 90.14 97.882 95.92 94.207 91.602 88.263 94.203 97.344 96.679 89.134 88.517
91.514 91.187 87.274 84.817 84.634 85.214 84.934 84.952 84.994 85.272 84.902 84.962 84.969 84.959 84.944 84.939 84.964 85.012 84.934 85.449 87.087 86.219 85.052 85.017 86.257 84.965 84.984 85.402 87.197 88.099 85.292 85.297 85.982 85.509 85.535 87.427 87.222 88.047 85.944 85.965 85.957 86.039 86.056 87.018 88.301 88.158 87.958 86.364 86.324 86.823 86.831 86.906 86.977 87.014 87.069 87.147 89.118 88.195 88.056 95.699 93.868 93.441 97.364 94.172 88.464 90.703 98.716 95.822 90.842 88.599
85.852 85.024 84.824 91.329 92.477 92.677 91.354 84.922 84.947 86.482 84.792 84.884 84.954 84.994 84.982 85.179 85.462 84.977 85.112 84.954 86.792 86.484 85.054 84.999 85.685 84.939 85.004 85.312 86.969 88.13 85.304 85.322 86.392 85.537 85.524 87.587 87.487 87.942 85.919 85.927 85.914 86.027 86 86.956 88.323 88.212 87.802 86.329 86.355 87.421 87.09 87.024 88.573 87.204 87.158 87.726 89.516 88.207 88.267 96.875 99.449 98.288 88.371 90.429 97.332 93.589 95.214 93.956 89.022 88.563
83.577 84.704 84.414 91.392 93.679 92.379 91.164 84.887 84.924 86.312 84.732 84.822 84.907 84.937 84.937 87.012 85.619 86.752 85.232 84.957 85.109 85.06 85.022 85.014 85.384 84.95 85.019 87.372 87.417 87.452 85.294 85.319 85.965 85.717 85.682 86.554 86.612 86.442 85.859 85.869 86.78 86.017 86.009 87.12 88.124 87.28 86.948 86.704 86.703 88.559 88.457 87.289 89.051 87.509 89.305 90.297 89.113 88.26 88.167 88.166 88.557 90.759 90.066 94.596 95.274 101.45 98.565 89.044 89.085 89.866
83.524 83.499 83.489 83.782 87.817 93.199 92.097 84.857 84.894 85.839 84.732 84.787 84.857 84.884 84.904 84.919 85.074 85.232 85.104 85.174 85.147 85.005 84.992 85.017 85.167 84.982 85.042 87.194 86.064 85.777 85.294 85.334 86.109 85.682 85.689 85.772 86.429 85.879 85.792 85.822 86.099 86.032 86.03 86.054 86.364 87.075 86.915 86.918 86.933 89.038 90.056 89.164 89 88.071 88.92 89.77 88.925 88.209 88.232 88.387 91.989 98.069 90.92 97.622 101.211 101.731 97.576 92.587 89.5 96.01
83.529 83.514 84.074 83.542 86.719 93.349 92.802 85.847 84.869 85.529 84.767 84.799 84.964 85.634 84.882 84.989 85.377 85.297 85.167 85.174 85.402 85.737 85.409 85.082 86.289 85.489 85.724 87.064 86.157 86.709 86.099 86.035 86.497 87.022 86.895 87.247 88.545 86.454 86.259 86.52 86.297 86.272 86.334 88.429 86.899 89.777 89.763 89.45 89.487 89.677 89.792 89.897 90.101 88.103 88.346 88.125 88.393 88.306 88.413 95.933 98.76 92.532 93.317 92.246 98.302 101.259 98.457 97.585 92.468 92.233
