dsm/se2931_DSM_2M.asc
ncols 500
nrows 500
xllcorner    429000
yllcorner    431000
cellsize     2
NODATA_value -9999
[rows 64 to 95 of 500, columns 360 to 431 of 500]
37.835 41.645 42.135 37.856 36.121 36.231 36.242 36.18 35.868 35.681 35.651 35.915 36.047 36.042 35.968 35.736 35.477 35.567 35.681 35.71 35.889 35.955 35.928 36.005 36.067 36.095 36.065 36.07 36.067 36.062 36.115 38.903 43.997 46.465 44.761 35.781 36.053 36.004 35.021 35.04 35 34.963 36.321 35.612 36.443 37.213 38.153 35.374 35.101 35.089 35.123 35.089 35.074 35.047 39.769 41.071 40.328 40.08 38.982 37.726 34.961 34.955 34.972 35.013 35.027 40.488 45.469 46.05 45.613 42.958 35.61 35.582
36.195 37.112 37.668 36.118 36.229 36.405 36.575 36.483 36.452 36.298 36.302 36.384 36.441 36.566 36.488 36.345 36.027 35.834 35.659 35.648 35.848 35.959 35.999 36.083 36.121 36.173 36.187 36.272 36.168 36.164 36.16 36.189 40.313 39.554 37.013 36.057 35.907 35.542 35.436 35.285 35.462 35.205 35.925 35.339 39.865 40.908 37.857 35.562 34.993 35.005 35.081 35.051 35.074 35.015 39.71 41.026 40.291 39.551 38.556 37.614 34.913 34.93 37.08 37.168 36.941 38.709 39.017 44.129 43.991 39.547 35.694 35.603
36.227 36.294 36.635 36.552 36.608 36.71 36.716 36.702 36.702 36.645 36.622 36.601 36.679 38.884 38.282 36.991 36.359 36.188 36.079 35.989 35.807 35.917 36.001 36.168 36.16 36.258 36.354 36.286 36.249 36.285 36.242 36.172 36.184 36.215 36.161 36.242 36.196 36.088 36.01 35.814 35.603 35.565 35.383 38.324 41.559 40.462 42.275 36.524 35.119 37.022 35.052 35.139 35.836 35.216 38.399 38.494 39.996 39.253 38.358 36.287 35.863 35.835 37.362 37.353 37.33 36.554 36.09 36.777 36.436 35.697 35.568 35.569
37.529 38.153 37.232 36.853 36.755 36.681 36.6 36.651 36.52 36.509 36.482 36.442 36.499 36.719 37.149 36.685 36.528 36.319 36.449 36.143 36.219 36.31 36.263 36.309 36.319 36.329 36.341 36.36 36.313 36.376 36.377 36.312 36.256 36.2 36.259 36.213 36.17 36.258 36.297 36.303 36.196 36.006 35.823 37.532 43.457 39.135 41.16 41.434 38.009 36.218 38.075 36.824 36.391 39.102 37.394 36.394 35.005 35.867 35.554 36.991 36.583 35.999 37.238 37.033 37.345 36.925 35.774 35.756 35.703 35.708 35.721 35.657
37.348 36.942 36.8 36.682 36.63 36.575 36.547 36.477 36.499 36.508 36.46 36.543 36.383 36.436 36.42 36.531 36.432 36.453 36.507 36.42 36.336 36.408 36.437 36.389 36.464 36.362 36.417 36.405 36.366 36.39 36.378 36.351 36.349 36.326 36.3 36.281 36.202 36.193 36.193 36.277 36.322 36.263 36.182 36.175 37.844 41.933 43.455 38.991 36.764 39.717 36.71 37.076 37.557 37.948 36.025 35.417 35.443 35.254 35.159 35.857 36.387 37.223 37.195 36.866 37.316 36.808 35.718 35.768 35.677 35.735 35.691 35.752
36.711 36.721 36.621 36.598 36.596 36.514 36.528 36.452 36.503 36.443 36.439 36.438 36.382 36.423 36.385 36.382 36.404 36.41 36.393 36.36 36.356 36.33 36.311 36.371 36.425 36.399 36.405 36.332 36.398 36.325 36.376 36.302 36.325 36.332 36.308 36.29 36.316 36.332 36.33 36.239 36.252 36.305 36.315 36.306 36.34 38.291 36.676 36.272 36.269 36.378 42.196 42.741 36.984 36.052 35.904 35.868 35.871 35.782 35.594 35.464 35.569 35.518 35.976 35.755 35.914 35.719 35.884 35.789 35.794 35.765 35.719 35.848
36.707 36.722 36.625 36.608 36.519 36.521 36.465 36.469 36.362 36.34 36.407 36.324 36.355 36.375 36.34 36.374 36.332 36.417 36.355 36.416 36.321 36.271 36.276 36.25 36.3 36.266 36.317 36.318 36.313 36.294 36.324 36.339 36.262 36.29 36.279 36.277 36.277 36.23 36.26 36.267 36.319 36.264 36.247 36.243 36.295 36.278 36.31 36.247 36.257 36.267 36.618 40.924 37.146 36.234 36.233 36.234 36.179 36.168 36.135 36.059 36.103 36.017 36.038 35.905 35.893 35.89 35.93 35.86 35.836 35.805 35.72 35.855
36.631 36.655 36.578 36.569 36.503 36.505 36.421 36.557 36.373 36.424 36.347 36.347 36.343 36.298 36.296 36.321 36.325 36.357 36.32 36.301 36.265 36.215 36.27 36.239 36.256 36.229 36.265 36.267 36.25 36.311 36.31 36.241 36.193 36.238 36.242 36.174 36.243 36.275 36.158 36.197 36.14 36.173 36.215 36.163 36.188 36.129 36.131 36.103 36.149 36.104 36.112 36.111 36.138 36.124 36.139 36.113 36.178 36.133 36.167 36.118 36.129 36.147 36.178 36.118 36.089 35.962 35.879 35.889 35.825 35.846 35.788 35.853
36.686 36.6 36.582 36.475 36.465 36.581 36.507 36.459 36.501 36.568 36.445 36.39 36.415 36.442 36.446 36.397 36.612 36.383 36.363 36.304 36.743 36.436 36.165 36.208 36.211 36.194 36.136 36.196 36.171 36.197 36.181 36.172 36.251 36.156 36.09 36.13 36.143 36.134 36.179 36.149 36.126 36.202 36.139 36.142 36.153 36.05 36.164 36.181 36.175 36.097 36.163 36.083 36.106 36.029 36.064 36.04 36.026 35.961 36.025 36.096 36.019 36.057 36.02 36.003 35.982 35.962 35.932 35.949 35.887 35.828 35.854 35.806
36.563 36.612 36.68 36.64 36.671 36.622 36.618 36.545 36.602 38.313 38.114 36.591 36.477 36.546 37.475 37.671 36.547 36.719 36.887 36.343 36.552 36.707 36.486 37.086 36.951 36.303 36.248 36.319 36.274 36.348 36.213 36.217 36.178 36.139 36.154 38.93 36.827 38.757 36.872 39.369 36.167 36.079 36.079 36.03 36.054 36.067 36.015 36.077 36.034 36.047 36.088 36.04 36.061 36.051 36.078 36.011 36.017 36.006 35.997 36.006 35.958 36.077 35.975 35.993 35.93 35.978 35.906 35.946 35.939 35.911 35.866 35.873
36.729 36.754 36.703 36.774 36.695 36.788 36.814 36.691 37.092 37.017 37.172 36.616 36.61 36.657 39.072 36.816 36.571 36.446 36.491 36.505 36.493 36.472 36.586 40.174 39.985 41.102 40.618 36.504 36.672 37.501 36.351 36.294 36.313 36.273 36.301 39.321 43.249 45.794 42.996 42.185 36.214 36.137 36.187 36.041 36.064 36.003 36.051 36.037 36.051 35.992 35.992 36.082 36.016 36.021 36.008 35.993 36.005 36.021 35.99 35.971 35.976 35.942 35.993 35.965 35.927 35.891 35.941 35.96 35.934 35.889 35.859 35.805
36.836 36.779 36.802 36.911 36.769 36.745 36.768 36.724 36.694 36.762 36.773 36.668 36.686 41.343 39.418 39.714 39.488 36.651 36.537 36.575 36.566 36.599 36.493 39.719 43.722 42.433 42.859 39.978 37.226 36.425 36.373 36.394 36.4 36.363 36.506 43.2 45.704 45.464 46.042 44.381 36.992 36.177 36.181 36.168 36.118 36.146 36.113 36.086 36.116 36.118 36.059 36.086 36.061 36.119 35.987 35.99 35.929 35.979 35.965 35.968 35.898 35.911 36.003 35.945 35.847 35.92 35.951 35.9 35.901 35.883 35.888 35.865
36.904 36.887 36.999 37.024 36.856 36.779 36.676 36.704 36.642 36.719 36.676 36.692 37.09 44.077 37.923 37.229 37.943 36.59 37.029 38.333 41.986 39.003 36.464 36.582 43.393 42.818 43.858 41.692 38.254 36.929 36.41 36.359 36.391 36.373 36.593 44.528 47.276 47.854 45.162 39.993 39.696 36.146 36.15 36.107 36.103 36.1 36.178 36.163 36.201 36.225 36.267 36.156 36.131 36.135 36.208 36.12 36.091 36.094 36.054 36.039 36.021 36.007 35.99 35.974 35.904 35.935 35.877 35.928 35.831 35.841 35.828 35.88
37.001 37.179 37.235 37.052 36.755 36.604 36.598 36.598 36.602 36.607 36.603 36.68 37.818 45.034 40.778 41.629 36.848 39.565 40.263 41.816 42.496 42.076 40.433 36.589 40.044 42.749 43.794 43.071 38.598 37.473 40.354 36.859 36.359 36.328 39.898 44.669 43.73 47.252 43.781 41.794 38.422 36.219 36.073 36.124 36.168 36.151 36.365 36.372 36.299 36.266 36.212 36.244 36.215 36.242 36.207 36.102 36.134 36.108 36.118 36.083 36.097 36.164 36.101 36.075 36.086 36.043 36.02 36.077 36.002 35.952 35.935 35.815
38.031 37.919 37.039 36.827 36.626 36.638 36.604 36.5 36.464 36.484 36.587 37.124 37.547 43.738 43.377 41.947 37.049 39.594 41.899 42.612 42.454 42.672 42.27 39.631 37.322 37.998 41.602 38.518 36.967 42.084 42.392 40.345 37.454 36.443 36.423 37.894 39.008 43.237 44.782 46.259 38.118 36.203 36.086 36.097 36.093 36.265 36.65 36.248 36.19 36.165 36.151 36.124 36.148 36.108 36.068 36.113 40.716 39.114 36.255 36.073 36.106 36.182 36.21 36.161 36.118 36.135 36.151 36.064 36.109 36.054 36.061 36.035
40.44 37.054 36.749 36.709 36.653 36.648 36.504 36.426 36.43 38.331 39.518 36.767 36.602 38.548 42.602 43.126 41.714 41.803 42.475 42.468 41.861 42.063 42.513 42.351 39.861 37.222 36.567 39.742 41.768 42.619 42.645 42.537 41.505 36.565 36.431 37.001 41.109 42.88 38.931 37.916 37.471 36.247 36.11 36.103 36.144 36.363 36.366 36.208 36.079 35.988 36.007 36.049 36.01 36.038 35.978 38.744 41.204 41.85 40.644 37.116 36.086 36.04 36.076 36.06 36.085 36.046 36.108 36.127 36.134 36.134 36.05 36.046
37.291 37.619 36.781 36.665 36.621 36.536 36.494 36.496 37.748 41.036 42.229 40.879 36.992 36.523 37.659 37.037 36.439 41.184 42.414 41.88 37.025 37.453 41.928 42.472 42.396 40.884 39.058 41.688 42.37 42.378 42.007 42.437 42.624 40.965 36.565 36.6 37.414 38.63 37.562 36.393 36.695 36.237 36.139 36.166 36.18 36.315 36.223 36.076 36.114 39.196 36.065 35.95 35.953 35.918 36.039 40.862 42.22 42.085 42.145 41.863 40.628 36.577 36.032 36.014 36.027 36.027 36.093 36.074 36.138 36.089 36.056 36.007
38.74 38.226 36.772 36.661 36.603 36.524 36.546 36.425 39.856 42.18 42.677 42.449 39.032 37.578 36.524 36.474 36.423 36.605 40.732 37.054 36.465 36.39 37.513 41.772 42.5 42.384 42.101 42.564 42.509 41.873 37.917 40.849 42.299 42.66 42.095 39.005 36.384 36.806 37.43 37.42 36.689 36.193 36.199 36.169 36.245 36.267 36.134 36.138 40.87 41.901 41.079 38.012 35.998 35.896 38.881 41.85 42.021 41.519 41.628 42.061 42.175 38.832 40.023 36.353 35.967 35.978 36.004 36.034 36.08 36.087 36.065 35.957
38.462 37.158 36.831 36.656 36.581 36.521 36.553 36.629 42.177 42.64 42.286 42.46 42.438 41.233 37.574 36.552 36.61 37.059 36.376 36.407 36.506 36.47 36.459 37.424 41.834 42.394 42.647 42.639 41.818 37.035 36.448 36.402 40.755 42.188 42.49 42.208 39.462 36.463 36.365 37.215 36.72 36.167 36.286 36.196 36.502 39.777 36.293 36.079 41.718 42.159 42.172 40.866 40.38 38.108 41.404 42.285 41.689 38.987 37.376 41.256 41.734 42.216 42.168 41.775 39.149 36.639 35.97 36.086 36.051 36.016 35.994 35.892
37.277 37.313 36.779 36.635 36.522 36.531 37.299 41.591 42.636 42.196 39.046 41.657 42.483 42.451 41.401 38.69 36.58 36.524 36.738 36.44 36.409 36.533 36.457 36.476 36.541 40.826 42.358 41.925 37.017 36.478 36.472 36.422 36.432 38.075 42.096 42.735 42.153 38.216 36.638 37.361 36.276 36.242 36.252 38.141 41.042 41.785 37.721 39.913 42.082 41.879 41.621 41.965 42.085 41.855 41.963 42.077 41.367 36.363 36.025 36.713 37.152 40.341 41.7 42.235 42.126 41.618 37.05 35.99 35.998 36.003 35.988 35.898
37.23 37.221 36.813 36.58 36.526 39.709 41.865 42.523 42.251 39.031 36.438 37.476 41.75 42.402 42.519 41.6 37.433 36.988 36.553 37.021 36.388 36.37 36.398 36.504 36.443 37.393 41.585 37.98 36.449 36.555 36.576 36.477 36.453 36.411 38.022 41.93 42.492 42.119 40.466 37.156 36.265 36.251 36.678 37.233 40.017 41.229 38.057 41.788 42.082 41.371 39.306 40.359 41.688 41.953 42.2 41.7 38.079 35.997 36.02 36.134 36.143 36.078 39.631 41.551 41.911 42.05 36.14 35.997 36.016 36.005 35.991 39.206
37.237 37.012 36.7 36.473 37.892 41.855 42.532 42.33 38.926 36.53 36.48 38.346 36.546 42.421 42.403 42.633 41.301 37.66 38.485 36.916 36.544 36.376 36.327 36.299 36.308 36.287 36.325 36.461 36.503 36.581 36.576 36.525 36.483 36.515 36.703 39.792 42.224 39.616 36.863 36.365 36.255 36.323 36.406 36.441 36.938 36.502 40.817 42.139 41.709 39.268 36.333 36.718 38.162 41.271 41.782 38.975 36.909 36.712 36.129 36.083 36.124 35.996 36.009 37.169 39.257 38.602 36.315 35.981 35.991 35.936 35.942 39.109
37.163 36.956 36.619 36.687 40.498 42.475 42.495 39.095 36.553 36.637 37.132 37.852 41.651 40.928 41.955 42.315 42.66 42.194 40.395 37.231 38.213 36.84 36.444 36.268 36.212 36.979 36.234 36.394 36.553 36.569 36.578 36.657 36.553 42.629 45.877 42.907 38.108 36.446 36.397 36.38 36.439 36.323 36.413 36.618 36.715 37.082 41.738 41.936 38.73 36.353 35.977 35.952 36.047 36.864 39.736 37.858 36.985 36.375 36.209 36.147 36.066 36.058 36 35.98 35.976 37.948 36.542 36.013 36.016 35.936 38.046 41.217
37.138 36.961 37.278 40.351 42.303 42.462 41.845 37.136 36.733 39.581 40.681 42.051 42.388 39.826 40.561 38.278 42.187 42.401 42.171 40.646 36.84 36.946 36.461 36.235 36.143 36.132 36.239 36.417 36.562 36.643 36.748 38.38 45.038 47.844 49.396 49.122 46.938 36.685 36.353 36.346 36.4 36.374 36.837 36.772 36.477 39.367 42.062 41.49 36.59 36.066 36.098 35.996 36.017 35.987 36.165 36.917 36.178 36.159 36.079 36.008 36.201 39.843 37.257 36.063 36.32 38.992 41.119 39.26 36.056 36.077 39.993 42.144
37.202 37.06 36.777 37.822 42.315 41.995 37.114 36.678 36.738 36.726 40.813 42.165 41.854 41.34 36.952 37.007 40.759 42.167 42.481 42.145 41.132 38.664 36.305 36.162 36.169 36.226 36.268 36.431 36.51 36.769 37.074 42.754 47.468 49.658 50.349 50.445 48.787 42.947 36.553 36.509 36.392 36.515 36.821 38.285 36.85 36.383 37.35 40.275 39.313 37.748 36.814 36.058 36.105 36.154 36.179 36.201 36.25 35.957 35.942 36.034 38.868 41.743 42.003 42.194 44.301 44.273 43.457 38.004 36.205 38.739 41.244 42.32
37.297 37.213 37.078 36.842 36.681 37.082 36.703 36.806 36.754 36.91 38.154 41.252 42.72 41.782 38.33 39.359 37.571 40.602 41.97 42.768 42.147 36.94 36.207 36.186 36.282 36.324 36.452 36.507 36.625 36.744 37.124 47.097 49.465 49.517 50.332 49.163 48.548 41.04 36.492 36.393 36.426 36.42 36.441 36.74 36.454 36.344 36.37 36.439 43.435 43.367 46.529 38.487 36.254 36.178 36.27 36.356 36.031 35.926 35.916 37.346 41.558 42.052 41.694 44.204 45.259 45.706 43.632 39.314 38.106 40.158 42.094 43.232
37.373 37.307 37.147 37.044 36.923 36.903 36.869 36.811 36.923 36.867 38.464 39.981 37.514 38.25 41.592 39.539 38.749 36.549 37.584 41.739 39.182 36.343 36.31 36.326 36.367 36.461 36.534 36.523 36.707 36.811 40.138 46.169 48.705 48.986 47.173 46.808 45.418 36.565 36.465 36.513 36.519 36.48 36.506 36.418 36.441 36.293 36.281 36.478 44.846 46.769 45.629 40.886 36.434 36.497 36.399 36.271 38.753 36.1 36.013 40.484 41.955 41.992 37.787 42.184 45.651 45.147 44.693 44.037 40.862 41.539 42.687 43.043
37.415 37.355 37.178 37.166 37.035 36.937 37.13 41.989 40.393 39.842 38.996 37.271 36.924 37.515 40.807 41.628 38.052 36.758 36.622 37.461 36.405 36.342 36.398 36.446 36.411 36.615 36.715 36.694 36.8 36.787 36.844 42.178 45.52 46.246 45.385 40.197 37.406 36.597 36.594 38.487 36.518 36.574 36.588 36.522 36.504 36.381 36.284 36.241 41.543 42.716 42.564 42.26 36.286 36.405 36.292 39.226 41.786 40.678 39.127 41.512 42.09 41.494 38.965 38.07 44.735 44.675 43.865 41.899 40.727 42.411 43.146 42.017
37.475 37.369 37.37 37.253 37.099 38.051 42.597 43.097 42.746 41.81 37.295 37.016 36.947 36.892 37.433 37.558 36.891 36.896 36.829 36.509 36.404 36.457 36.473 36.54 36.615 36.659 36.761 36.843 36.842 36.884 36.912 36.867 38.544 41.059 37.411 36.57 36.541 36.657 38.072 39.251 37.138 36.658 36.587 36.594 36.486 36.438 36.311 36.246 36.141 37.685 37.433 36.27 36.307 36.275 36.516 40.644 42.034 41.975 41.795 42.036 41.96 38.453 36.661 37.697 44.479 43.099 43.703 41.773 37.573 41.791 42.559 41.316
37.597 37.398 37.461 37.237 37.179 37.581 40.684 42.479 42.959 42.826 40.367 37.229 37.508 37.324 36.845 36.852 36.815 37.486 36.642 36.482 36.446 36.512 36.611 36.589 36.751 36.755 36.925 36.88 36.893 36.872 36.821 36.784 36.681 36.682 36.701 36.599 36.748 38.532 39.259 39.163 39.169 37.388 36.675 36.587 36.431 36.383 36.3 36.215 36.179 36.26 36.305 36.3 36.351 36.331 36.207 37.16 41.055 41.619 42.051 42.192 41.521 36.166 36.086 36.152 36.238 38.5 37.223 36.444 36.432 36.373 37.499 39.349
37.583 37.413 37.416 38.81 39.779 37.943 37.127 38.238 41.386 42.998 42.894 42.056 38.485 37.235 40.137 41.754 36.931 36.646 36.526 36.53 36.588 36.611 36.715 36.776 36.842 36.906 36.922 36.986 36.953 36.92 36.823 36.764 36.67 36.783 36.638 36.678 36.772 39.222 39.275 39.151 37.903 36.689 36.677 36.577 36.443 36.415 37.219 36.481 36.208 36.515 36.464 36.448 36.433 36.437 36.365 36.269 36.124 37.106 38.675 41.629 37.597 36.032 36.282 36.273 36.295 36.227 36.397 36.466 36.455 36.394 36.315 36.315
37.641 37.496 37.41 39.428 39.816 37.532 37.154 38.203 38.455 42.205 43.003 42.951 41.6 37.232 38.071 43.414 37.068 36.628 36.564 36.619 36.638 36.73 36.899 36.932 36.997 36.986 36.976 36.916 36.872 36.842 36.792 36.709 36.655 36.68 36.702 36.888 38.98 39.208 39.186 37.896 36.696 36.713 36.627 36.547 36.52 37.498 36.814 36.807 36.641 38.781 36.674 37.942 38.812 36.449 36.447 36.378 36.261 36.219 36.085 37.489 36.706 41.383 37.476 37.818 36.312 36.341 36.802 36.365 36.384 36.348 36.309 36.273
