dsm/se2938_DSM_2M.asc
ncols 500
nrows 500
xllcorner    429000
yllcorner    438000
cellsize     2
NODATA_value -9999
[rows 340 to 373 of 500, columns 0 to 74 of 500]
134.234 130.942 129.309 125.198 124.733 127.224 130.797 131.314 132.984 133.795 135.202 136.936 137.11 136.376 132.888 125.683 127.069 131.145 130.964 130.816 128.631 125.484 125.424 126.059 126.824 125.42 125.89 126.341 125.37 125.281 126.013 125.685 126.963 126.353 128.473 130.592 129.471 126.731 125.362 125.308 125.343 125.428 125.456 125.526 125.548 125.537 125.553 125.518 125.515 125.579 125.621 125.651 125.715 126.524 125.824 126.006 126.39 126.032 126.844 126.746 125.843 126.049 125.941 125.916 125.919 125.841 125.85 125.847 125.785 125.785 125.85 125.886 125.76 125.745 125.763
135.808 128.465 128.096 124.819 126.169 128.423 131.231 132.455 133.021 133.292 135.469 136.067 136.146 135.902 130.532 127.109 125.503 129.742 129.582 127.373 126.373 125.405 125.406 125.336 125.355 125.679 125.75 126.637 125.284 125.223 125.363 125.741 126.327 125.325 125.288 126.243 125.836 125.247 125.307 125.365 125.397 125.394 125.445 125.464 125.458 125.445 125.456 125.52 125.73 127.062 126.893 125.957 125.951 125.764 126.794 126.603 127.011 125.972 125.96 126.26 125.807 125.822 125.859 125.825 125.834 125.796 125.892 125.749 125.696 125.724 125.715 125.698 125.778 125.7 125.681
136.382 128.077 125.961 135.165 131.34 129.076 135.989 134.273 134.203 134.091 134.166 133.222 133.233 132.821 129.088 126.194 125.357 125.427 127.185 125.323 125.342 125.367 125.347 125.275 126.321 127.521 127.352 125.554 125.155 125.094 125.128 125.18 125.168 125.166 125.176 125.233 125.27 125.294 125.333 125.351 125.39 125.418 125.372 125.392 125.413 125.529 126.782 127.629 128.316 127.211 128.43 126.343 125.918 125.672 125.668 125.798 125.783 125.791 125.796 125.83 125.731 125.731 125.836 125.707 125.726 125.687 125.675 125.71 125.64 125.639 125.762 125.637 125.652 125.62 125.642
134.969 127.609 126.257 135.533 135.942 136.185 126.611 135.17 134.678 134.468 133.439 132.017 126.055 129.143 127.121 125.526 125.306 125.331 125.322 125.279 125.335 125.907 126.769 127.063 126.331 125.469 125.425 125.091 125.076 125.03 125.052 125.071 125.111 125.158 125.188 125.223 125.26 125.256 125.241 125.283 125.33 125.362 125.488 125.751 128.028 127.987 127.184 126.34 125.993 125.667 126.863 126.232 125.748 125.687 125.587 125.688 125.715 125.701 125.772 125.755 125.646 125.655 125.631 125.629 125.678 125.579 125.584 125.563 125.57 125.545 125.574 125.577 125.557 125.529 125.564
127.612 124.838 126.767 136.628 137.355 136.601 133.369 135.646 132.985 134.3 133.765 132.798 126.808 124.85 125.186 126.429 126.22 125.39 125.569 126.039 126.602 125.608 125.335 125.111 125.021 125.001 125.028 124.974 124.971 125.043 125.048 125.092 125.186 125.182 125.215 125.199 125.234 125.175 125.243 125.258 125.573 127.861 127.593 128.231 126.253 125.903 125.622 125.62 125.603 125.618 125.895 125.794 125.784 125.771 125.423 125.609 125.65 125.695 125.718 125.703 125.595 125.533 125.523 125.492 125.48 125.468 125.472 125.44 125.463 125.479 125.496 125.505 125.496 125.474 125.496
126.791 130.506 136.566 136.965 136.766 133.241 135.163 133.578 134.21 133.626 133.713 133.596 131.316 124.736 124.921 125.236 125.729 125.935 125.979 125.371 125.035 124.922 124.942 124.893 124.933 124.968 124.9 124.947 125.003 125.048 125.098 125.089 125.128 125.094 125.142 125.136 125.184 125.184 125.245 125.564 128.232 126.751 125.678 125.666 125.722 126.11 125.629 125.782 125.556 125.56 125.595 125.677 125.738 125.622 125.338 125.492 125.547 125.609 125.637 125.536 125.481 125.458 125.399 125.397 125.395 125.395 125.362 125.409 125.406 125.418 125.431 125.433 125.399 125.387 125.407
125.009 130.015 135.195 134.824 129.574 129.584 132.956 132.978 132.984 132.964 133.735 133.659 130.775 124.745 124.596 124.873 124.958 124.984 124.913 124.873 124.833 124.865 124.858 124.907 124.964 124.99 124.959 124.976 125.053 125.014 125.025 125.038 125.074 125.111 125.123 125.14 125.136 125.158 125.217 125.334 127.732 127.602 125.778 125.648 125.626 125.593 125.73 125.555 125.546 125.534 125.539 125.427 125.614 125.56 125.366 125.356 125.451 125.458 125.403 125.406 125.358 125.337 125.277 125.297 125.335 125.36 125.376 125.408 125.391 125.396 125.372 125.38 125.365 125.355 125.336
132.091 132.651 133.483 132.888 132.273 131.271 133.728 132.991 132.851 134.092 132.357 131.923 130.135 124.69 124.577 124.636 124.668 124.714 124.732 124.757 124.766 124.849 124.918 124.942 125.001 124.995 125.004 124.885 124.875 125.018 125.095 125.001 125.038 125.058 125.05 125.053 125.081 125.053 125.231 125.321 125.352 127.887 125.675 125.592 125.557 125.542 125.525 125.501 125.449 125.412 125.416 125.392 125.457 125.454 125.337 125.148 125.29 125.256 125.285 125.278 125.288 125.253 125.292 125.268 125.289 125.327 125.354 125.319 125.315 125.354 125.335 125.322 125.322 125.3 125.282
132.962 133.561 132.595 132.855 133.064 130.79 132.502 132.793 133.217 131.562 130.101 127.129 124.547 124.498 124.51 124.553 124.608 124.648 124.702 124.728 124.764 124.857 124.89 124.923 124.912 124.927 124.949 124.99 125.043 128.914 128.091 125.921 124.916 124.933 125.002 125 124.977 124.954 125.167 125.212 125.52 128.202 125.763 125.525 125.524 125.673 125.457 125.416 125.348 125.386 125.645 126.322 126.577 125.268 125.095 125.003 125.292 125.176 125.183 125.233 125.206 125.171 125.232 125.231 125.277 125.273 125.288 125.252 125.253 125.253 125.284 125.257 125.246 125.253 125.242
133.116 132.655 132.931 133.473 132.401 130.194 131.577 132.686 131.78 126.418 124.617 124.528 124.565 124.482 124.55 124.579 124.596 124.639 124.716 124.745 124.813 124.761 124.819 124.891 126.492 125.745 125.126 125.777 126.761 128.766 127.258 126.53 125.902 124.906 124.876 124.925 124.92 124.91 125.052 125.162 125.114 127.189 126.411 125.508 125.491 125.379 125.293 125.219 126.009 126.539 126.556 125.4 125.397 124.825 124.95 125.063 126.109 125.235 125.192 125.165 125.097 125.122 125.165 125.189 125.204 125.224 125.203 125.201 125.222 125.21 125.208 125.231 125.219 125.208 125.232
135.449 133.616 132.098 131.692 127.97 125.586 124.523 125.877 124.484 124.406 124.391 124.424 124.502 124.571 124.531 124.575 124.609 124.705 124.685 124.673 124.727 127.351 125.513 126.048 129.489 129.268 126.985 125.76 125.85 126.113 126.167 125.525 125.857 125.637 124.798 124.787 124.808 124.836 124.953 125.038 125.037 125.073 128.175 125.533 125.446 125.272 124.944 125.116 125.949 124.93 124.717 124.694 124.985 125.493 125.192 125.688 125.055 125.102 125.127 125.121 125.099 125.099 125.086 125.131 125.13 125.17 125.16 125.142 125.164 125.169 125.128 125.127 125.18 125.174 125.18
136.127 134.007 132.145 126.801 125.043 124.388 124.308 124.339 124.373 124.384 124.416 124.499 124.489 124.52 124.525 124.548 124.582 124.679 124.777 124.769 125.348 129.691 131.767 130.072 128.951 127.072 126.095 125.072 125.192 125.228 125.252 125.203 125.304 125.493 125.002 124.707 124.701 124.743 124.836 124.94 124.951 124.997 126.621 125.563 125.198 124.718 124.733 124.699 124.731 124.739 124.702 124.921 127.351 127.79 125.22 125.131 124.978 125.777 125.093 125.067 125.086 125.066 125.032 125.044 124.934 125.1 125.098 125.094 125.094 125.087 125.083 125.091 125.119 125.135 125.128
136.899 133.628 127.852 124.237 124.251 124.247 124.278 124.332 124.362 124.409 124.441 124.408 124.461 124.422 124.454 124.488 124.653 124.734 124.752 128.289 130.534 130.607 127.949 126.602 125.092 126.783 125.02 125.044 125.067 125.155 125.156 125.114 125.03 125.249 125.385 124.68 124.667 124.699 124.649 124.847 124.7 124.769 124.966 124.743 124.69 124.724 124.684 124.684 124.811 125.378 127.731 128.322 128.348 128.238 125.476 125.064 124.941 124.952 125.044 125.048 125.049 125.032 125.005 124.97 125.005 125.036 125.06 125.002 125.053 125.04 125.039 125.025 125.064 125.082 125.075
135.235 128.373 125.152 124.24 124.295 124.307 124.427 124.389 124.33 124.506 124.344 124.421 124.378 124.422 124.442 124.548 124.682 124.749 124.794 126.026 126.567 126.134 130.941 127.865 129.199 125.931 124.977 124.991 125.014 125.011 124.958 124.828 124.712 124.787 124.781 124.657 124.571 124.58 124.571 124.531 124.57 124.573 124.699 124.674 124.814 124.969 124.866 127.128 128.283 128.249 128.274 128.323 128.348 128.359 126.508 125.021 125.005 124.883 125.236 125.014 124.997 124.97 124.945 124.95 124.913 124.951 124.983 124.982 124.995 124.985 125.017 125.027 125.007 125.049 125.03
126.848 124.176 124.231 124.261 124.278 125.615 129.692 130.039 130.133 129.273 125.328 124.521 124.54 124.492 124.376 124.463 124.607 124.752 124.771 125.617 124.83 125.184 126.576 128.146 127.8 124.855 124.884 124.841 124.782 124.776 124.638 124.607 124.518 124.536 124.67 124.622 124.484 124.459 124.439 124.407 124.414 124.425 124.516 124.598 124.763 128.074 128.338 128.306 128.313 128.183 128.134 128.328 128.312 128.371 128.229 124.951 124.973 124.793 124.886 124.957 124.909 124.895 124.899 124.88 124.862 124.854 124.894 124.918 124.931 124.912 124.964 124.995 124.975 124.99 124.986
124.121 124.173 124.193 124.195 124.322 130.216 132.533 132.916 130.913 130.375 125.347 124.465 124.443 124.598 124.409 124.343 124.435 124.648 125.009 125.683 124.714 124.666 124.713 125.25 125.589 124.684 124.652 124.527 124.519 124.461 124.472 124.465 124.462 124.463 124.493 124.46 124.377 124.344 124.342 124.295 124.335 124.252 124.406 124.493 124.448 127.174 128.374 128.318 128.316 128.268 128.152 128.327 128.35 128.307 128.326 125.707 124.911 124.791 124.701 124.896 124.897 124.885 124.864 124.858 124.832 124.807 124.832 124.872 124.895 124.917 124.898 124.937 124.977 124.964 124.947
124.11 124.131 124.181 124.262 126.02 128.604 132.253 131.784 130.796 130.885 129.107 130.473 127.178 126.87 124.298 124.299 124.37 124.47 124.904 125.902 124.679 124.602 124.623 124.568 124.566 124.475 124.416 124.415 124.407 124.364 124.383 124.37 124.374 124.386 124.382 124.31 124.278 124.273 124.234 124.208 124.169 124.196 124.206 124.372 124.381 126.477 128.317 128.336 128.308 128.316 128.211 128.205 128.306 128.305 128.359 128.14 124.976 124.926 124.626 124.775 124.786 124.812 124.78 124.801 124.773 124.78 124.798 124.818 124.855 124.847 124.876 124.897 124.89 124.931 124.934
124.111 124.224 124.239 125.106 124.888 130.045 131.143 131.202 130.302 130.546 127.448 131.229 131.949 127.699 124.328 124.262 124.247 124.295 124.482 125.498 124.668 124.42 124.337 124.335 124.337 124.35 124.338 124.325 124.3 124.312 124.287 124.254 124.241 124.267 124.226 124.186 124.174 124.154 124.119 124.106 124.05 124.083 124.105 124.218 124.264 124.531 128.167 128.361 128.31 128.286 128.208 128.546 128.291 128.323 128.335 127.449 124.971 124.686 124.596 125.357 124.763 124.746 124.726 124.745 124.751 124.74 124.75 124.755 124.779 124.801 124.822 124.875 124.853 124.859 124.82
124.133 124.12 124.53 124.1 124.059 125.005 128.503 130.064 129.459 125.81 125.27 129.669 131.902 130.056 124.4 124.196 124.155 124.19 124.175 124.79 124.426 124.26 124.273 124.274 124.287 124.245 124.228 124.173 124.208 124.166 124.133 124.13 124.114 124.099 124.08 124.066 124.058 124.047 124.006 123.962 123.976 123.974 124.012 124.007 124.167 124.162 127.075 128.313 128.301 128.302 128.28 128.183 128.309 128.373 128.328 128.329 125.511 124.639 124.554 124.525 124.658 124.691 124.686 124.706 124.685 124.664 124.693 124.697 124.726 124.768 124.792 124.782 124.807 124.808 124.804
124.319 123.958 127.151 124.752 123.882 123.855 123.988 125.232 124.337 124.098 124.278 127.191 125.945 127.84 124.377 124.173 124.155 124.165 124.104 124.62 124.349 124.211 124.195 124.144 124.141 124.115 124.082 124.039 123.991 124.009 124.021 124.031 124.024 124.121 124.173 124.002 123.927 123.941 123.904 123.905 123.845 123.831 123.838 123.89 124.024 124.042 126.012 128.332 128.329 128.306 128.245 127.706 128.086 128.311 128.299 128.357 127.633 124.783 124.68 124.449 124.574 124.606 124.604 124.626 124.65 124.662 124.628 124.653 124.692 124.719 124.718 124.743 124.734 124.747 124.757
126.655 123.636 125.812 124.128 123.823 123.889 123.922 123.923 123.979 124.001 124.123 125.886 126.471 124.249 124.25 124.227 124.061 124.048 123.995 124.075 124.177 124.107 124.074 124.042 123.955 123.933 123.896 123.874 123.852 123.846 123.863 123.883 123.904 123.927 124.078 123.956 123.795 123.745 123.79 123.77 123.76 123.745 123.743 123.8 123.901 123.939 123.95 126.726 127.27 126.067 124.674 126.734 127.682 128.294 128.318 128.333 128.359 125.927 124.614 124.416 124.411 124.555 124.556 124.554 124.615 124.634 124.598 124.606 124.621 124.677 124.709 124.693 124.743 124.699 124.715
124.682 125.565 124.338 123.877 123.828 123.895 123.894 123.899 123.938 123.915 123.919 124.394 125.634 124.22 124.078 124.074 123.987 123.968 123.908 123.922 123.957 123.973 123.913 123.799 123.796 123.755 123.675 123.733 123.753 123.745 123.754 123.803 123.813 123.854 123.954 123.775 123.686 123.68 123.655 123.665 123.624 123.62 123.607 123.661 123.716 123.858 123.859 124.405 124.615 124.895 124.604 125.112 127.262 128.269 128.331 128.316 128.34 125.69 124.577 124.517 124.504 124.716 124.511 124.555 124.582 124.59 124.588 124.608 124.606 124.651 124.68 124.675 124.685 124.672 124.667
123.695 123.661 123.683 123.725 123.769 123.819 123.863 123.893 123.919 123.912 123.895 124.203 125.978 124.36 123.945 123.919 123.905 123.84 123.827 123.805 123.821 123.779 123.674 123.71 123.543 123.594 123.633 123.654 123.682 123.697 123.713 123.776 123.892 123.937 123.762 123.675 123.61 123.566 123.558 123.493 123.481 123.514 123.525 123.552 123.585 123.726 123.801 123.911 125.212 124.73 124.545 124.611 127.153 127.961 128.337 128.353 128.333 127.855 124.643 124.497 124.334 124.332 124.405 124.488 124.55 124.576 124.557 124.562 124.593 124.635 124.626 124.646 124.653 124.676 124.643
123.697 125.897 124.683 123.716 123.774 123.8 123.81 123.857 123.933 123.922 123.897 123.84 125.715 124.114 123.872 123.849 123.786 123.77 123.726 123.749 123.668 123.644 123.67 126.408 123.598 123.513 123.553 123.579 123.588 123.739 123.761 123.852 123.804 123.654 123.652 123.604 123.538 123.52 123.466 123.448 123.405 123.442 123.454 123.588 123.618 123.665 123.747 123.764 125.602 124.971 124.488 124.498 126.637 127.32 128.292 128.309 128.222 128.319 125.802 124.277 124.179 124.25 124.331 124.45 124.502 124.53 124.515 124.518 124.565 124.6 124.616 124.633 124.625 124.629 124.634
123.866 125.359 123.945 123.693 123.754 123.742 123.761 123.82 123.877 123.874 123.885 123.759 124.894 126.413 123.942 123.758 123.735 123.667 123.637 123.598 123.566 123.533 123.508 123.629 123.634 123.488 123.611 123.64 123.633 123.646 123.584 123.581 123.588 123.563 123.505 123.483 123.426 123.408 123.381 123.348 123.416 123.502 123.567 123.658 124.344 124.58 123.726 123.709 124.932 124.467 124.534 124.524 126.4 127.215 128.009 127.732 125.506 125.059 124.293 124.207 124.244 124.356 124.292 124.362 124.447 124.465 124.457 124.451 124.501 124.54 124.588 124.592 124.632 124.608 124.615
123.521 123.474 123.59 123.669 123.689 123.708 123.713 123.751 123.798 123.834 123.832 123.79 124.49 125.345 123.878 123.657 123.63 123.58 123.532 123.52 123.47 123.477 123.427 123.392 123.458 123.476 123.499 123.484 123.481 123.486 123.461 123.432 123.451 123.407 123.406 123.36 123.318 123.329 123.214 123.285 123.433 124.112 123.639 123.657 123.503 123.655 124.286 123.713 123.643 124.807 124.395 124.402 124.454 127.13 127.34 124.588 124.296 124.324 124.177 124.192 124.975 124.316 124.209 124.284 124.376 124.454 124.456 124.445 124.5 124.52 124.538 124.596 124.635 124.618 124.592
125.515 123.424 125.635 124.071 123.564 123.65 123.695 123.705 123.762 123.816 123.826 123.731 123.611 125.435 124.018 123.602 123.544 123.507 123.482 123.408 123.424 123.413 123.417 123.374 123.417 123.381 123.41 123.433 123.426 123.431 123.397 123.35 123.339 123.33 123.339 123.433 123.465 123.427 123.208 123.232 123.404 123.379 123.169 123.135 123.147 123.307 123.452 123.543 123.602 124.992 124.359 124.31 124.402 126.782 126.805 125.013 124.166 124.058 124.141 123.989 124.012 124.08 124.242 124.255 124.358 124.4 124.421 124.45 124.455 124.446 124.516 124.564 124.58 124.566 124.586
124.372 123.317 123.312 124.848 125.084 123.604 123.63 123.674 123.73 123.77 123.784 123.742 123.61 124.779 124.671 123.627 123.445 123.424 123.386 123.395 123.352 123.379 123.337 123.345 123.321 123.339 123.328 123.337 123.33 123.344 123.343 123.284 123.369 123.405 123.497 123.521 123.957 123.249 123.099 123.047 123.045 123.049 123.01 123.01 123.019 123.061 123.104 123.404 123.491 123.536 124.496 124.354 125.158 123.96 124.219 124.144 123.633 123.683 123.787 123.87 123.922 124.059 124.211 124.244 124.294 124.387 124.419 124.405 124.424 124.437 124.454 124.556 124.579 124.563 124.582
123.748 123.244 123.215 125.133 126.213 123.997 123.539 123.627 123.722 123.745 123.737 123.727 123.615 124.394 127.59 124.793 123.405 123.388 123.313 123.213 123.268 123.276 123.323 123.253 123.305 123.277 123.337 123.297 123.314 123.31 123.326 123.393 123.901 124.529 123.903 123.507 123.234 123.032 122.968 122.956 122.949 122.934 122.926 122.903 122.944 122.958 122.998 123.246 123.407 123.45 124.098 124.342 124.095 123.4 123.344 123.459 123.571 123.65 123.738 123.839 123.877 124.03 124.152 124.223 124.268 124.347 124.408 124.365 124.373 124.413 124.472 124.508 124.591 124.562 124.588
123.124 123.133 123.152 123.169 123.285 123.373 123.434 123.532 123.617 123.713 123.744 123.713 123.61 124.259 125.135 124.396 123.434 123.252 123.227 123.204 123.183 123.205 123.197 123.222 123.26 123.294 123.379 123.342 123.352 123.319 123.34 123.52 125.389 123.442 123.197 122.987 122.937 122.919 122.894 122.882 122.867 122.849 122.843 122.839 122.863 122.884 122.983 123.391 123.392 123.403 123.363 123.334 123.355 123.36 123.405 123.477 123.569 123.67 123.725 123.81 123.842 123.95 124.074 124.196 124.247 124.322 124.391 124.401 124.396 124.445 124.476 124.509 124.551 124.568 124.565
123.067 123.105 123.112 123.118 123.158 123.248 123.379 123.463 123.533 123.667 123.708 123.716 123.654 123.535 124.285 125.084 123.384 123.176 123.157 123.142 123.148 123.145 123.202 123.291 123.427 123.465 123.439 123.318 123.329 123.297 123.235 124.709 127.074 126.071 123.081 122.901 122.848 122.83 122.794 122.778 122.764 122.777 122.755 122.778 122.803 122.813 122.851 123.186 123.367 123.417 123.392 123.402 123.406 123.441 123.442 123.48 123.581 123.671 123.726 123.773 123.826 123.896 124.021 124.175 124.256 124.289 124.309 124.36 124.382 124.438 124.452 124.442 124.531 124.529 124.552
122.996 123.025 123.06 123.075 123.075 123.143 123.289 123.387 123.463 123.602 123.675 123.71 123.691 123.584 123.72 123.868 123.382 123.321 123.301 123.258 123.216 123.254 123.419 124.907 125.467 125.18 123.586 123.198 123.138 123.161 123.149 123.261 126.421 123.493 122.887 122.788 122.759 122.743 122.705 122.656 122.71 122.717 122.715 122.713 122.72 122.775 122.82 123.108 123.29 123.377 123.385 123.403 123.439 123.452 123.489 123.546 123.625 123.652 123.716 123.755 123.801 123.848 123.947 124.107 124.216 124.232 124.271 124.317 124.359 124.368 124.404 124.416 124.444 124.442 124.448
122.94 122.989 123.008 123.017 123.039 123.047 123.172 123.28 123.396 123.487 123.609 123.703 123.691 123.628 123.455 123.418 123.377 123.348 123.37 123.355 123.422 125.128 125.377 124.925 123.714 123.767 123.15 123.108 123.057 123.042 123.05 123.358 124.537 125.857 122.869 122.738 122.686 122.62 122.586 122.579 122.565 122.585 122.657 122.654 122.69 122.719 122.757 123.009 123.181 123.302 123.378 123.375 123.432 123.474 123.52 123.58 123.622 123.649 123.691 123.722 123.788 123.84 123.903 123.979 124.067 124.136 124.207 124.27 124.287 124.334 124.365 124.379 124.388 124.352 124.341
122.859 122.941 122.97 122.968 122.973 123.008 123.09 123.191 123.321 123.425 123.521 123.576 123.645 123.658 123.526 123.419 123.427 123.448 124.896 124.964 126.923 124.438 123.313 123.162 123.145 123.108 123.102 123.03 122.956 122.942 122.948 122.924 123.675 126.138 123.038 122.651 122.558 122.554 122.542 122.536 122.532 122.518 122.522 122.568 122.635 122.759 122.854 122.999 123.097 123.226 123.348 123.375 123.424 123.5 123.538 123.542 123.603 123.637 123.66 123.723 123.739 123.815 123.875 123.844 123.909 124.002 124.094 124.187 124.237 124.245 124.296 124.278 124.305 124.296 124.265
