dsm/se2930_DSM_2M.asc
ncols 500
nrows 500
xllcorner    429000
yllcorner    430000
cellsize     2
NODATA_value -9999
[rows 288 to 319 of 500, columns 144 to 215 of 500]
-9999 -9999 -9999 -9999 -9999 -9999 -9999 -9999 -9999 -9999 -9999 -9999 -9999 -9999 66.571 66.11 65.716 64.291 61.795 64.048 64.566 64.134 61.176 61.039 61.06 61.213 61.025 60.701 63.153 63.574 64.865 66.124 66.996 67.338 67.036 65.117 60.202 59.824 59.932 59.748 59.719 60.16 60.483 59.585 59.477 59.38 59.301 59.212 59.32 59.301 61.993 66.469 67.629 68.365 68.333 67.393 65.526 59.01 58.877 58.715 58.322 58.265 58.221 58.273 59.182 57.678 60.467 68.502 67.759 61.796 57.981 57.417
-9999 -9999 -9999 -9999 -9999 -9999 -9999 -9999 -9999 -9999 -9999 -9999 -9999 -9999 63.949 64.02 62.306 61.952 62.337 63.499 64.279 61.738 61.045 60.998 60.991 61.73 60.866 60.643 61.835 63.103 63.287 63.629 66.158 66.841 66.032 61.498 60.438 62.834 60.301 59.767 59.63 59.598 61.127 60.244 59.367 59.332 59.25 59.094 59.23 59.77 59.149 65.855 68.388 67.737 68.484 68.187 66.65 60.124 61.25 58.617 58.291 58.284 58.266 57.874 57.787 57.72 57.956 60.324 61.812 61.852 58.806 58.749
-9999 -9999 -9999 -9999 -9999 -9999 -9999 -9999 -9999 -9999 -9999 -9999 -9999 -9999 -9999 62.339 61.862 62.332 62.505 63.575 63.319 61.407 61.087 61.034 60.832 60.811 60.969 60.539 60.466 60.545 60.916 60.54 61.788 61.715 63.46 60.41 64.267 66.158 61.231 59.806 59.577 59.606 59.458 59.616 59.317 59.316 59.208 59.314 59.618 59.344 59.032 59.15 64.363 66.783 67.927 63.259 59.848 67.272 65.663 59.003 58.449 58.3 58.276 57.812 57.816 58.18 59.779 59.994 59.99 60.434 58.657 59.43
-9999 -9999 -9999 -9999 -9999 -9999 -9999 -9999 -9999 -9999 -9999 -9999 -9999 -9999 -9999 -9999 -9999 62.935 63.628 63.73 63.684 63.421 61.52 61.022 60.815 60.717 60.594 60.738 60.684 60.307 60.156 60.12 60.16 60.226 60.993 65.034 66.545 67.152 66.35 64.197 60.129 59.546 59.52 59.305 59.247 59.216 59.17 59.226 59.589 59.16 58.989 59.521 60.527 63.917 64.261 60.041 68.771 68.591 67.423 64.555 58.534 58.407 58.015 57.861 57.825 59.595 60.077 58.751 59.675 60.678 60.46 59.75
-9999 -9999 -9999 -9999 -9999 -9999 -9999 -9999 -9999 -9999 -9999 -9999 -9999 -9999 -9999 -9999 -9999 -9999 63.731 63.731 63.583 63.151 61.159 60.844 60.777 60.678 60.629 60.887 60.67 60.17 60.126 60.115 62.84 60.373 61.679 66.303 67.567 67.645 66.781 62.674 59.954 59.481 59.504 59.274 59.251 60.211 59.388 59.129 59.054 58.933 59.061 62.538 63.577 59.457 58.922 66.632 68.552 69.117 63.02 58.358 58.522 58.045 57.914 58.091 57.897 59.102 58.93 57.989 57.821 59.668 60.689 60.689
-9999 -9999 -9999 -9999 -9999 -9999 -9999 -9999 -9999 -9999 -9999 -9999 -9999 -9999 -9999 -9999 -9999 -9999 -9999 63.243 61.318 61.111 61.674 62.707 61.554 60.699 60.94 60.825 60.3 60.159 60.109 60.689 62.058 61.794 63.172 65.669 66.632 67.037 65.641 59.854 59.964 59.69 59.139 59.119 59.117 59.335 59.043 59.023 58.928 58.887 59.947 59.317 59.502 58.89 59.421 67.66 67.467 67.737 58.81 59.325 63.287 60.169 58.045 57.883 57.838 58.687 58.019 57.761 57.76 60.209 60.966 60.335
-9999 -9999 -9999 -9999 -9999 -9999 -9999 -9999 -9999 -9999 -9999 -9999 -9999 -9999 -9999 -9999 -9999 -9999 -9999 -9999 61.162 61.435 63.19 63.305 62.441 61.154 62.131 60.359 60.094 60.055 60.071 60.21 59.926 60.409 62.457 63.945 65.69 65.894 60.89 62.854 65.116 64.867 61.608 59.135 59.037 59.083 58.955 58.886 58.907 58.874 59.022 58.96 61.717 59.305 59.129 60.884 66.62 60.92 58.706 63.307 65.004 61.637 60.554 58.346 58.989 58.145 57.81 57.612 59.333 60.617 59.678 59.534
-9999 -9999 -9999 -9999 -9999 -9999 -9999 -9999 -9999 -9999 -9999 -9999 -9999 -9999 -9999 -9999 -9999 -9999 -9999 -9999 -9999 62.707 63.403 63.358 63.218 63.214 63.027 61.065 60.071 60.171 60.092 60.013 60.016 59.931 60.1 60.488 61.593 63.772 60.295 65.297 66.261 66.687 65.345 60.532 59.102 59.223 58.952 58.882 59.208 58.801 58.68 58.928 59.057 58.854 58.74 59.039 59.123 59.928 63.303 65.031 65.34 63.864 61.052 58.563 60.32 58.047 57.801 57.59 59.082 60.383 57.792 58.045
-9999 -9999 -9999 -9999 -9999 -9999 -9999 -9999 -9999 -9999 -9999 -9999 -9999 -9999 -9999 -9999 -9999 -9999 -9999 -9999 -9999 -9999 62.655 61.063 60.626 60.509 60.392 60.737 60.759 60.307 59.958 59.855 59.847 60.001 59.762 60.061 60.06 63.856 64.835 66.126 66.698 66.415 65.488 60.119 58.862 58.858 59.02 58.849 60.034 59.548 58.659 58.651 59.07 58.678 58.491 59.439 58.814 61.468 65.408 65.106 64.141 58.706 58.198 62.176 61.038 58.802 57.81 57.632 58.437 59.293 59.102 57.334
-9999 -9999 -9999 -9999 -9999 -9999 -9999 -9999 -9999 -9999 -9999 -9999 -9999 -9999 -9999 -9999 -9999 -9999 -9999 -9999 -9999 -9999 -9999 60.639 60.503 60.233 60.172 61.537 63.222 60.269 59.839 59.84 59.8 59.686 61.274 60.163 61.002 63.495 66.098 66.921 66.078 65.281 60.264 58.837 59.988 59.351 59.047 58.821 58.753 59.266 58.832 58.616 58.513 58.401 58.356 58.466 58.372 58.619 63.386 63.792 59.091 58.999 64.932 64.717 62.949 60.012 58.039 57.662 58.33 58.641 57.651 57.085
-9999 -9999 -9999 -9999 -9999 -9999 -9999 -9999 -9999 -9999 -9999 -9999 -9999 -9999 -9999 -9999 -9999 -9999 -9999 -9999 -9999 -9999 -9999 -9999 60.391 60.303 61.103 60.532 60.76 59.81 59.863 60.041 59.625 61.583 61.911 61.666 60.405 62.197 66.455 66.121 64.754 62.239 58.965 64.773 67.769 63.058 59.71 58.819 58.904 58.756 59.633 58.815 58.451 58.405 58.401 58.456 58.319 58.297 58.376 58.097 58.963 65.134 66.378 65.765 64.832 62.84 57.863 57.079 56.933 56.873 57.499 58.054
-9999 -9999 -9999 -9999 -9999 -9999 -9999 -9999 -9999 -9999 -9999 -9999 -9999 -9999 -9999 -9999 -9999 -9999 -9999 -9999 -9999 -9999 -9999 -9999 -9999 60.867 61.775 61.776 59.971 59.831 59.817 59.709 59.487 60.756 60.782 59.44 58.882 58.896 60.594 64.215 59.103 58.776 66.784 68.681 68.893 67.84 64.296 59.406 60.888 60.368 59.357 59.256 58.41 58.332 58.291 59.089 58.269 58.267 58.106 58.166 62.389 64.456 65.336 66.264 61.711 59.443 57.268 57.062 57.148 59.112 59.772 58.691
-9999 -9999 -9999 -9999 -9999 -9999 -9999 -9999 -9999 -9999 -9999 -9999 -9999 -9999 -9999 -9999 -9999 -9999 -9999 -9999 -9999 -9999 -9999 -9999 -9999 -9999 60.827 60.303 60.058 59.776 59.811 59.499 59.444 60.607 60.761 58.98 58.865 58.858 58.906 58.975 58.798 61.168 68.538 69.07 69.563 68.857 68.808 62.668 62.31 60.399 58.879 58.34 58.333 58.295 58.23 58.186 58.152 58.005 58.196 57.924 59.263 62.58 64.398 63.74 57.738 57.868 62.261 61.077 59.674 60.95 60.305 59.109
-9999 -9999 -9999 -9999 -9999 -9999 -9999 -9999 -9999 -9999 -9999 -9999 -9999 -9999 -9999 -9999 -9999 -9999 -9999 -9999 -9999 -9999 -9999 -9999 -9999 -9999 -9999 60.203 60.17 60.186 59.665 59.513 59.753 61.275 59.13 58.921 58.905 58.862 58.829 58.789 58.875 61.616 67.426 68.152 69.348 69.758 68.929 67.222 61.977 59.458 59.538 58.477 58.267 58.213 58.196 58.182 58.075 57.939 58.203 57.917 57.879 60.202 62.829 58.382 57.567 58.369 66.838 65.551 62.519 62.19 60.702 59.709
-9999 -9999 -9999 -9999 -9999 -9999 -9999 -9999 -9999 -9999 -9999 -9999 -9999 -9999 -9999 -9999 -9999 -9999 -9999 -9999 -9999 -9999 -9999 -9999 -9999 -9999 -9999 -9999 60.596 61.494 61.237 60.795 59.435 59.2 58.911 58.928 58.837 58.884 58.849 58.807 59.383 62.514 66.328 67.336 68.467 69.694 69.443 68.29 66.708 59.918 59.473 58.476 58.262 58.149 58.101 58.122 58.042 57.902 57.747 58.272 57.777 58.121 58.043 57.477 60.28 67.031 67.694 66.807 65.842 61.838 57.791 59.364
-9999 -9999 -9999 -9999 -9999 -9999 -9999 -9999 -9999 -9999 -9999 -9999 -9999 -9999 -9999 -9999 -9999 -9999 -9999 -9999 -9999 -9999 -9999 -9999 -9999 -9999 -9999 -9999 -9999 -9999 61.316 60.358 58.868 58.874 58.886 58.907 58.818 59.438 59.568 59.664 61.874 62.8 67.714 66.981 67.403 68.221 69.434 68.092 64.372 58.483 58.434 58.411 58.393 58.206 58.283 58.362 58.001 57.926 57.837 60.005 57.899 58.191 57.607 57.398 64.209 66.032 67.559 67.802 67.201 65.15 59.961 57.822
-9999 -9999 -9999 -9999 -9999 -9999 -9999 -9999 -9999 -9999 -9999 -9999 -9999 -9999 -9999 -9999 -9999 -9999 -9999 -9999 -9999 -9999 -9999 -9999 -9999 -9999 -9999 -9999 -9999 -9999 59.882 58.995 58.829 58.886 58.901 58.874 60.921 64.6 60.198 62.105 61.789 61.949 65.78 65.02 66.63 67.723 68.236 60.823 58.539 58.483 61.266 58.696 58.275 58.747 58.186 58.021 57.946 57.859 57.781 57.615 57.602 57.709 57.459 57.952 63.367 65.715 67.823 67.262 67.49 65.913 59.846 56.709
-9999 -9999 -9999 -9999 -9999 -9999 -9999 -9999 -9999 -9999 -9999 -9999 -9999 -9999 -9999 -9999 -9999 -9999 -9999 -9999 -9999 -9999 -9999 -9999 -9999 -9999 -9999 -9999 -9999 -9999 -9999 58.892 58.919 58.927 58.93 58.98 59.276 61.402 62.121 61.014 61.605 61.454 61.991 62.668 60.118 60.697 61.252 58.68 59.78 66.255 66.655 63.081 59.199 59.291 58.538 57.986 58.642 57.869 57.784 57.69 57.486 57.462 57.465 57.395 58.14 64.176 65.525 66.539 67.786 59.862 56.565 56.554
-9999 -9999 -9999 -9999 -9999 -9999 -9999 -9999 -9999 -9999 -9999 -9999 -9999 -9999 -9999 -9999 -9999 -9999 -9999 -9999 -9999 -9999 -9999 -9999 -9999 -9999 -9999 -9999 -9999 -9999 -9999 -9999 58.916 58.9 58.944 58.963 59.202 58.971 59.035 58.982 58.968 60.7 59.668 58.835 58.674 58.623 59.13 58.875 67.799 68.529 67.62 66.847 63.024 60.224 58.177 58.402 57.955 57.802 57.671 57.628 57.573 57.414 57.407 57.381 57.542 60.184 64.32 65.195 61.154 56.663 56.66 56.546
-9999 -9999 -9999 -9999 -9999 -9999 -9999 -9999 -9999 -9999 -9999 -9999 -9999 -9999 -9999 -9999 -9999 -9999 -9999 -9999 -9999 -9999 -9999 -9999 -9999 -9999 -9999 -9999 -9999 -9999 -9999 -9999 -9999 58.934 58.962 58.982 61.93 61.338 60.37 59.489 58.794 59.289 58.713 58.877 60.053 59.818 58.778 64.621 67.294 68.027 68.154 67.991 66.749 60.466 58.358 58.228 57.91 57.658 57.653 57.574 57.548 57.402 58.198 57.605 57.42 57.324 59.472 62.559 56.961 56.647 56.639 56.517
-9999 -9999 -9999 -9999 -9999 -9999 -9999 -9999 -9999 -9999 -9999 -9999 -9999 -9999 -9999 -9999 -9999 -9999 -9999 -9999 -9999 -9999 -9999 -9999 -9999 -9999 -9999 -9999 -9999 -9999 -9999 -9999 -9999 -9999 58.964 59.304 62.829 63.172 59.852 58.795 58.648 58.706 58.698 60.423 59.133 58.334 59.374 65.209 66.59 67.33 68.127 68.221 67.282 66.02 60.771 58.202 57.806 57.687 57.591 57.565 57.47 57.422 58.206 58.589 57.286 58.101 58.421 56.866 56.624 56.603 56.622 56.511
-9999 -9999 -9999 -9999 -9999 -9999 -9999 -9999 -9999 -9999 -9999 -9999 -9999 -9999 -9999 -9999 -9999 -9999 -9999 -9999 -9999 -9999 -9999 -9999 -9999 -9999 -9999 -9999 -9999 -9999 -9999 -9999 -9999 -9999 -9999 -9999 60.819 60.2 61.119 58.75 58.769 59.267 59.118 60.452 58.796 60.719 60.581 63.948 65.854 66.714 67.571 68.222 67.943 66.677 59.389 59.013 57.819 57.678 57.625 57.525 57.393 57.382 57.31 58.343 57.173 57.033 56.897 56.753 56.692 56.631 56.556 56.473
-9999 -9999 -9999 -9999 -9999 -9999 -9999 -9999 -9999 -9999 -9999 -9999 -9999 -9999 -9999 -9999 -9999 -9999 -9999 -9999 -9999 -9999 -9999 -9999 -9999 -9999 -9999 -9999 -9999 -9999 -9999 -9999 -9999 -9999 -9999 -9999 58.526 58.549 58.776 58.673 58.649 60.594 58.801 58.306 59.608 60.514 60.806 61.949 66.839 65.753 66.76 67.536 68.031 62.31 58.007 57.859 58.439 57.9 57.811 57.491 57.395 57.329 57.295 57.238 57.054 56.933 56.825 56.772 56.672 56.619 56.491 57.717
-9999 -9999 -9999 -9999 -9999 -9999 -9999 -9999 -9999 -9999 -9999 -9999 -9999 -9999 -9999 -9999 -9999 -9999 -9999 -9999 -9999 -9999 -9999 -9999 -9999 -9999 -9999 -9999 -9999 -9999 -9999 -9999 -9999 -9999 -9999 -9999 -9999 58.63 58.666 60.231 58.953 58.641 58.314 58.327 58.364 59.565 60.555 60.849 61.41 64.594 66.221 66.702 59.44 58.925 58.319 63.183 63.986 59.789 57.74 57.574 57.408 57.214 57.185 57.153 57.144 56.931 56.846 56.742 56.682 56.627 57.451 60.78
-9999 -9999 -9999 -9999 -9999 -9999 -9999 -9999 -9999 -9999 -9999 -9999 -9999 -9999 -9999 -9999 -9999 -9999 -9999 -9999 -9999 -9999 -9999 -9999 -9999 -9999 -9999 -9999 -9999 -9999 -9999 -9999 -9999 -9999 -9999 -9999 -9999 -9999 59.284 60.076 58.412 58.329 58.353 58.329 58.37 60.46 60.157 60.567 60.945 59.01 59.705 58.831 58.05 58.405 66.263 67.514 66.553 62.748 59.318 57.712 57.381 57.262 57.105 57.089 57.037 56.98 56.86 56.755 56.629 56.643 59.857 57.198
-9999 -9999 -9999 -9999 -9999 -9999 -9999 -9999 -9999 -9999 -9999 -9999 -9999 -9999 -9999 -9999 -9999 -9999 -9999 -9999 -9999 -9999 -9999 -9999 -9999 -9999 -9999 -9999 -9999 -9999 -9999 -9999 -9999 -9999 -9999 -9999 -9999 -9999 59.057 58.457 58.381 58.349 58.365 59.909 59.091 59.454 58.641 59.753 58.25 58.4 58.225 58.311 58.093 63.468 67.637 68.046 67.373 66.791 62.965 57.996 57.857 57.398 57.121 57.083 57.003 56.98 56.888 56.72 56.61 56.923 59.505 58.638
-9999 -9999 -9999 -9999 -9999 -9999 -9999 -9999 -9999 -9999 -9999 -9999 -9999 -9999 -9999 -9999 -9999 -9999 -9999 -9999 -9999 -9999 -9999 -9999 -9999 -9999 -9999 -9999 -9999 -9999 -9999 -9999 -9999 -9999 -9999 -9999 -9999 -9999 -9999 58.419 58.431 58.416 58.533 60.66 58.536 58.5 58.424 58.417 58.338 58.27 58.018 59.172 60.618 66.112 67.042 67.956 67.99 67.176 66.149 60.427 57.736 57.216 56.991 56.982 56.922 56.92 56.853 56.761 56.628 56.624 56.948 56.722
-9999 -9999 -9999 -9999 -9999 -9999 -9999 -9999 -9999 -9999 -9999 -9999 -9999 -9999 -9999 -9999 -9999 -9999 -9999 -9999 -9999 -9999 -9999 -9999 -9999 -9999 -9999 -9999 -9999 -9999 -9999 -9999 -9999 -9999 -9999 -9999 -9999 -9999 -9999 58.462 58.527 60.125 58.815 58.98 58.495 58.453 58.41 58.41 58.458 58.025 57.969 58.235 59.675 65.151 66.083 67.057 67.984 67.675 67.015 64.829 57.796 57.052 56.957 56.946 56.898 56.869 56.836 56.762 56.628 57.501 56.875 57.171
-9999 -9999 -9999 -9999 -9999 -9999 -9999 -9999 -9999 -9999 -9999 -9999 -9999 -9999 -9999 -9999 -9999 -9999 -9999 -9999 -9999 -9999 -9999 -9999 -9999 -9999 -9999 -9999 -9999 -9999 -9999 -9999 -9999 -9999 -9999 -9999 -9999 -9999 -9999 -9999 58.87 58.931 58.52 58.575 58.501 58.862 58.613 58.254 58.25 57.895 58.226 59.73 61.542 63.321 67.63 66.341 67.084 67.899 67.612 58.384 56.996 56.987 56.952 56.838 56.785 56.728 56.744 56.664 56.556 56.803 57.023 56.478
-9999 -9999 -9999 -9999 -9999 -9999 -9999 -9999 -9999 -9999 -9999 -9999 -9999 -9999 -9999 -9999 -9999 -9999 -9999 -9999 -9999 -9999 -9999 -9999 -9999 -9999 -9999 -9999 -9999 -9999 -9999 -9999 -9999 -9999 -9999 -9999 -9999 -9999 -9999 -9999 -9999 58.503 58.492 58.483 60.164 61.035 60.263 58.215 57.944 57.884 59.309 60.486 61.085 61.955 64.724 65.472 66.602 63.207 58.382 57.072 57.066 56.948 56.869 56.764 56.738 56.858 56.705 56.604 56.511 56.508 56.382 56.247
-9999 -9999 -9999 -9999 -9999 -9999 -9999 -9999 -9999 -9999 -9999 -9999 -9999 -9999 -9999 -9999 -9999 -9999 -9999 -9999 -9999 -9999 -9999 -9999 -9999 -9999 -9999 -9999 -9999 -9999 -9999 -9999 -9999 -9999 -9999 -9999 -9999 -9999 -9999 -9999 -9999 58.501 58.502 58.838 60.173 60.329 58.141 58.144 58.18 58.046 58.159 59.332 60.549 61.133 62.639 62.777 62.232 58.77 57.229 57.022 57 56.988 56.85 56.817 57.38 57.671 57.026 56.503 56.465 56.486 56.41 56.308
-9999 -9999 -9999 -9999 -9999 -9999 -9999 -9999 -9999 -9999 -9999 -9999 -9999 -9999 -9999 -9999 -9999 -9999 -9999 -9999 -9999 -9999 -9999 -9999 -9999 -9999 -9999 -9999 -9999 -9999 -9999 -9999 -9999 -9999 -9999 -9999 -9999 -9999 -9999 -9999 -9999 -9999 58.614 58.682 59.745 58.224 58.148 58.172 58.42 58.525 58.981 59.32 60.029 60.396 57.982 57.432 57.195 57.035 57.127 57.07 56.953 56.863 56.842 58.17 58.092 56.872 57.197 56.603 56.53 56.402 56.339 56.295
