dsm/se2938_DSM_2M.asc
ncols 500
nrows 500
xllcorner    429000
yllcorner    438000
cellsize     2
NODATA_value -9999
[rows 374 to 407 of 500, columns 150 to 224 of 500]
123.485 124.68 127.823 128.485 128.088 126.397 121.107 120.917 120.98 120.871 120.624 120.611 120.636 120.884 120.931 120.998 122.467 127.325 127.878 127.589 127.091 125.701 122.088 121.218 121.33 121.621 122.614 123.758 123.755 123.129 121.81 121.761 121.732 122.187 125.67 124.864 128.193 131.848 127.406 125.08 122.773 122.824 122.662 122.69 122.655 122.618 122.543 122.547 126.508 126.455 125.474 123.528 123.396 122.405 122.427 122.479 122.625 124.145 123.337 124.149 124.636 122.943 122.923 123.467 123.384 122.924 122.736 122.661 122.538 122.73 122.093 122.046 121.938 121.979 122.254
121.304 123.395 125.968 127.258 127.43 124.218 120.835 120.875 121.19 121.07 120.499 120.493 120.575 120.815 120.859 120.953 124.854 127.917 128.466 128.254 126.636 124.437 122.016 121.354 121.211 123.023 124.397 126.404 123.624 123.4 121.803 121.693 121.695 121.825 125.142 126.646 122.613 128.299 122.809 122.652 122.617 122.585 122.64 122.493 122.48 122.405 122.445 122.42 123.669 124.811 122.634 122.214 122.295 122.342 122.469 122.975 123.467 123.973 122.67 122.945 123.315 122.699 122.75 122.714 122.66 123.301 124.382 122.989 122.601 122.626 122.042 121.899 121.881 121.745 122.046
121.279 121.063 120.862 122.435 124.334 124.265 120.77 121.425 121.421 121.276 120.42 120.347 120.546 120.778 120.843 121.004 125.758 128.956 129.073 127.822 126.345 124.091 123.658 121.967 121.195 128.269 132.915 132.258 124.029 123.507 122.443 121.708 121.612 121.918 126.171 124.813 124.884 122.148 122.174 122.273 122.258 122.329 122.193 122.268 122.268 125.706 122.218 122.254 122.591 122.309 122.085 122.127 122.238 122.415 122.502 122.835 122.769 123.105 124.24 125.158 127.434 122.858 122.476 122.688 122.897 124.238 124.488 125.809 123.447 122.05 122.442 121.908 121.753 121.698 121.705
120.358 120.474 120.487 120.815 121.58 121.784 120.693 120.686 120.328 120.291 120.294 120.269 120.709 120.691 120.841 121.267 126.046 128.357 128.502 127.467 122.935 122.055 122.18 121.385 121.712 132.013 133.88 133.637 127.859 125.858 122.705 121.703 122.134 122.431 122.608 122.7 122.04 121.671 121.709 121.888 121.876 121.93 122.091 128.906 128.697 134.349 122.166 122.564 122.258 121.978 122.019 122.146 122.246 122.309 122.341 122.296 123.783 124.853 127.629 128.447 128.068 125.346 122.406 123.134 122.221 124.631 127.111 127.932 126.228 122.029 122.122 121.873 121.585 121.567 121.482
122.952 125.729 123.378 122.495 120.526 120.417 120.409 120.739 120.477 120.116 120.209 120.17 120.361 120.614 120.733 124.034 127.029 127.784 128.127 126.941 120.96 120.826 120.837 120.972 121.544 128.826 131.555 131.096 131.909 131.391 126.054 123.789 123.51 121.893 121.897 122.195 126.196 126.421 122.056 121.667 121.65 121.678 121.867 124.807 140.733 133.148 123.407 122.466 121.839 121.836 122.056 122.156 122.159 122.235 123.371 124.943 127.643 128.559 129.003 129.552 128.93 127.463 122.411 122.324 122.325 126.012 128.891 129.198 127.853 123.28 122.231 121.961 121.637 122.201 121.413
124.927 127.019 126.686 126.108 123.547 120.134 120.13 120.086 120.121 120.023 120.031 120.067 120.325 120.885 121.026 120.623 121.718 125.077 125.919 126.253 121.089 120.741 120.685 120.737 124.597 123.017 125.949 128.34 129.945 130.808 125.055 123.985 126.964 125.835 121.586 122.988 126.573 122.857 122.116 121.652 121.612 121.633 121.656 125.009 134.072 134.453 123.236 121.729 121.692 121.979 122.455 121.971 122.057 123.337 126.689 128.311 128.75 129.215 129.522 128.796 128.109 126.829 122.982 122.518 122.041 123.683 128.259 129.265 128.125 126.416 122.173 121.821 121.718 121.872 121.269
125.946 127.494 127.606 126.302 121.149 120.187 120.335 120.662 119.965 119.93 120.164 121.168 120.315 120.659 121.017 120.756 120.753 120.558 120.74 120.693 121.507 122.126 122.26 121.151 120.818 121.532 125.358 127.812 126.645 131.615 128.852 125.294 128.662 128.014 124.766 125.907 125.963 121.873 121.401 121.586 121.563 121.676 122.149 121.798 132.235 138.606 123.737 121.587 121.766 126.811 126.543 124.812 122.231 124.063 123.145 128.17 129.28 128.831 128.365 126.742 126.435 122.639 123.504 122.287 122.047 122.738 127.721 128.7 128.834 127.548 122.232 121.703 121.648 121.418 121.155
126.585 128.713 127.215 125.838 122.07 120.228 120.46 121.084 119.785 119.871 119.84 120.368 120.161 120.028 120.744 124.071 125.111 122.748 120.935 120.429 121.122 122.686 122.615 122.612 123.015 128.157 131.93 131.892 132.003 131.721 125.748 124.044 125.527 125.02 126.528 127.388 126.795 123.608 121.294 121.564 122.002 121.553 121.811 122.613 140.731 141.337 131.681 121.718 123.937 126.743 126.646 126.618 122.092 123.076 123.696 126.473 127.954 126.473 124.617 122.473 122.633 122.168 122.681 122.183 122.07 122.013 124.498 128.21 129.616 128.475 124.939 121.788 121.641 121.325 121.518
127.148 127.889 127.236 125.446 120.682 121.489 122.779 121.916 119.801 119.723 119.892 121.251 119.918 119.912 120.447 125.552 126.259 126.015 126.087 123.443 122.329 122.384 122.401 122.96 127.064 128.348 131.346 132.767 132.262 126.029 124.3 123.143 122.468 122.549 126.46 128.026 127.568 125.631 121.09 121.301 122.437 121.414 121.529 128.905 140.533 140.075 126.949 121.41 125.047 126.998 126.465 123.857 122.129 122.445 123.759 122.66 125.478 122.124 121.937 122.017 122.101 122.12 122.402 122.119 122.237 121.909 121.958 125.306 127.519 127.339 122.279 121.678 121.254 121.722 121.697
126.351 127.085 126.484 123.047 119.965 120.048 120.692 119.668 119.592 119.641 119.769 121.092 120.415 120.496 123.026 126.157 127.466 126.925 126.138 123.648 122.318 121.581 121.53 121.657 126.204 127.268 127.332 128.024 127.925 122.556 121.384 121.068 120.764 120.991 123.155 127.397 128.275 126.938 123.08 121.153 122.298 121.838 121.373 122.051 125.226 132.095 123.872 121.274 121.699 123.126 124.45 122.777 123.341 121.757 121.812 122.378 121.855 121.861 121.949 122.062 122.466 122.095 122.141 121.949 122.056 121.821 121.867 122.768 122.657 122.718 121.691 121.358 121.031 121.402 122.82
120.673 122.551 123.865 121.238 119.923 119.96 120.006 119.451 119.498 119.511 119.838 120.616 119.866 120.006 124.631 126.351 127.54 127.052 125.73 122.719 120.784 121.827 120.365 121.776 124.279 124.357 124.008 122.413 123.223 121.374 120.667 120.916 123.515 126.172 126.859 126.788 128.205 127.364 126.097 121.828 121.139 121.432 121.221 121.241 121.371 121.919 121.234 121.115 121.393 121.476 121.538 121.519 123.433 123.088 121.532 121.459 121.62 121.989 122.215 121.958 122.355 122.224 121.902 121.91 121.791 122.169 123.616 122.464 121.409 122.067 125.568 125.84 122.276 120.982 121.488
119.781 119.805 119.874 119.687 119.692 119.582 119.496 119.379 119.39 119.36 120.241 119.498 119.581 120.108 125.113 126.757 127.91 127.105 124.149 122.617 121.875 121.707 120.664 120.229 120.332 121.684 123.098 123.875 120.838 120.487 122.502 125.459 129.122 128.573 120.595 123.462 127.38 126.749 126.106 121.19 121.505 121.584 121.541 121.052 121.203 121.541 121.089 120.997 121.348 121.285 121.415 126.022 127.096 126.947 125.724 121.612 121.562 121.669 121.803 122.261 121.872 122.421 121.982 121.865 121.834 122.273 123.254 122.056 123.337 126.307 126.768 127.1 125.934 121.078 120.923
120.459 120.535 120.153 119.298 119.362 119.436 119.286 119.244 119.243 119.224 119.673 119.9 119.551 119.973 125.607 126.604 127.234 126.575 124.913 122.819 121.738 121.531 121.745 121.659 121.474 122.593 123.558 122.211 121.908 120.72 122.731 124.324 127.917 126.825 120.91 121.066 124.658 121.588 121.099 121.496 121.058 120.89 121.184 120.998 121.203 121.452 120.962 120.816 121.112 121.365 121.1 126.137 127.603 128.13 126.883 121.858 121.469 121.821 121.607 121.692 121.714 122.471 126.153 121.948 122.395 122.269 123.262 120.957 121.511 125.947 127.716 127.569 126.743 124.252 120.92
125.149 124.939 121.018 119.078 119.136 119.066 119.103 119.084 119.112 119.147 119.467 119.94 119.877 119.548 122.275 125.172 126.118 125.882 123.407 120.986 119.999 120.083 120.122 119.973 121.354 121.638 121.032 121.325 120.499 120.515 120.495 121.865 123.138 123.143 122.479 120.595 120.667 121.264 123.816 125.752 122.11 120.682 121.22 120.893 121.001 120.909 120.975 120.734 120.821 120.982 121.004 122.05 127.065 128.007 127.441 124.908 121.219 121.4 121.434 121.516 121.623 127.949 129.128 125.991 125.237 121.747 121.282 121.184 120.959 123.545 126.856 128.084 127.182 125.913 121.08
126.061 124.433 119.668 119.087 119.232 119.174 118.993 119.028 119.297 121.07 121.041 119.148 119.087 119.161 119.403 119.461 119.872 121.279 120.699 120.506 120.12 121.105 119.708 119.644 119.525 119.58 119.624 120.197 120.879 120.45 120.56 120.167 120.235 121.096 120.826 120.274 123.12 125.647 126.079 126.353 125.125 120.566 120.711 121.558 121.093 121.614 120.74 120.639 120.719 121.494 121.089 121.259 125.308 127.541 127.876 126.84 121.463 121.241 121.296 121.339 122.196 127.876 131.244 130.262 123.564 121.231 121.185 121.027 120.838 123.303 125.722 127.546 128.163 126.786 124.116
125.94 124.654 119.45 119.069 119.132 119.381 118.918 118.942 119.02 121.536 121.293 119.011 118.998 118.957 120.305 119.554 119.088 119.2 119.366 119.534 120.982 121.826 121.81 121.819 121.322 120.922 119.568 119.703 120.36 120.323 120.263 120.247 120.966 120.251 120.184 120.149 120.918 125.88 127.118 127.036 125.584 120.714 120.821 121.285 120.776 121.306 120.583 120.541 120.501 120.794 120.814 121.119 124.144 127.502 127.793 127.105 124.137 120.957 122.725 122.265 122.43 127.92 126.089 127.66 123.704 121.149 121.125 121.067 120.972 121.62 122.183 126.766 127.982 127.355 126.383
125.755 122.208 119.196 119.061 119.028 119.051 118.823 118.757 120.195 123.882 119.302 118.938 118.906 121.823 124.932 124.64 124.776 121.365 119.161 120.355 121.238 121.504 121.649 121.707 121.649 120.988 119.57 119.533 121.81 122.111 121.017 120.38 121.221 120.146 120.103 120.037 120.194 124.224 126.798 127.368 126.402 123.636 120.38 120.634 120.857 120.783 121.265 120.479 120.326 120.367 120.916 120.661 121.498 125.765 126.472 123.594 121.71 120.784 122.876 122.57 121.357 122.803 123.985 123.744 121.786 122.837 122.098 121.713 120.542 120.432 122.01 124.843 127.123 127.186 126.101
125.22 122.837 118.783 118.985 119.852 119.015 118.679 118.824 124.907 124.67 121.028 118.915 119.218 124.514 125.838 126.002 125.486 124.334 121.058 120.785 121.289 121.248 121.727 121.604 121.419 119.602 121.861 121.562 120.756 122.573 120.971 120.104 121.359 120.653 120.018 120.041 120.155 121.005 125.984 127.324 126.826 125.442 120.458 120.418 121.431 120.575 120.614 120.553 120.248 120.168 120.158 120.939 121.87 122.974 121.894 120.59 120.59 120.378 120.698 121.552 121.106 120.932 121.036 122.378 123.411 122.041 121.12 120.699 120.405 120.277 120.336 121.754 125.136 124.567 121.059
124.6 119.209 118.806 118.661 120.204 118.596 118.559 118.783 122.639 124.372 121.008 120.28 120.621 124.756 126.087 126.687 125.411 122.656 119.437 119.251 119.516 121.289 123.612 121.904 123.014 120.389 120.712 121.257 120.115 121.141 125.982 126.591 121.728 120.839 120.102 120.209 120.897 121.619 124.135 126.759 127.265 126.344 123.006 120.284 121.426 120.456 120.301 120.185 120.141 120.052 120.052 120.426 120.827 120.433 121.157 121.666 125.391 124.445 121.047 120.773 121.205 120.916 121.246 122.206 121.414 120.855 120.53 120.425 120.189 120.189 120.527 120.703 120.952 120.173 120.704
120.46 119.298 118.94 118.759 118.764 118.434 118.443 118.7 120.521 118.919 118.791 118.896 121.823 125.392 126.706 126.46 125.002 120.975 120.053 120.311 119.508 119.193 120.131 120.005 122.52 119.753 119.363 119.168 119.325 124.403 127.645 127.686 122.995 120.597 119.892 120.509 120.036 121.012 122.215 126.158 126.614 125.823 122.008 120.369 120.812 120.498 120.266 120.065 120.012 119.942 119.89 120.821 120.384 120.288 123.068 125.606 126.284 126.169 122.619 121.06 120.987 121.398 121.157 120.868 120.69 120.5 120.317 120.206 120.186 119.973 121.915 121.699 119.929 120.195 124.759
118.272 118.632 118.83 118.328 118.329 118.302 118.322 118.396 118.717 118.446 118.631 119.207 123.324 125.878 126.399 126.176 124.609 119.634 120.654 121.465 122.097 121.965 122.071 119.535 118.995 121.214 119.019 119.052 119.174 122.908 125.821 123.02 123.973 119.917 119.753 120.189 120.679 120.893 120.176 125.241 122.674 122.778 120.527 120.631 120.823 120.762 120.42 120.126 119.878 119.802 119.736 120.018 120.283 120.298 123.752 125.332 127.256 126.649 124.974 121.311 121.155 121.08 120.46 120.481 120.482 120.487 120.043 120.442 120.43 120.002 121.54 121.452 119.335 120.793 125.22
118.21 118.222 118.22 118.192 118.167 118.222 118.255 118.324 118.755 118.966 118.52 118.52 121.73 124.737 125.395 125.666 122.003 119.048 118.928 119.237 120.692 122.785 124.071 124.865 125.583 129.905 124.665 119.32 119.066 120.61 122.095 121.418 121.438 119.864 119.713 119.736 120.033 120.044 120.032 121.495 120.546 121.69 124.709 124.067 119.939 120.188 120.141 120.002 119.906 119.707 119.627 119.632 119.757 119.903 120.055 122.224 126.501 127.143 125.982 121.294 120.212 120.645 121.547 120.476 120.472 120.366 120.058 120.265 120.16 120.456 121.74 119.814 119.298 119.582 123.591
118.2 118.115 118.108 118.096 118.035 118.093 118.166 118.297 119.234 119.523 119.332 118.514 118.572 119.912 119.995 121.494 123.55 119.632 118.754 118.606 118.493 118.833 119.666 123.621 125.986 126.718 129.056 125.356 121.77 120.782 121.597 122.041 121.483 119.587 119.733 121.84 121.113 120.372 120.759 119.683 124.622 125.134 125.718 125.367 121.334 119.784 120.001 119.967 119.91 119.594 119.519 119.517 119.528 119.904 119.838 121.744 125.557 127.102 126.643 123.714 120.053 120.047 120.117 120.414 120.492 120.034 120.369 120.845 119.89 119.458 119.33 119.502 119.261 121.386 120.957
118.267 118.325 118.088 118.073 117.96 118.031 118.066 119.006 118.614 118.906 118.947 119.323 118.404 119.118 118.57 119.213 118.65 118.343 118.727 118.397 118.337 118.323 118.386 118.537 121.208 126.406 127.621 124.607 119.748 119.747 121.962 123.747 125.34 120.01 120.132 121.896 121.365 121.507 120.243 119.441 121.634 125.667 126.659 126.083 123.513 119.792 120.04 120.03 119.743 119.571 119.436 119.397 120.024 119.657 119.782 119.812 122.824 126.541 126.036 124.961 120.962 121.482 121.657 120.519 120.84 119.774 119.655 120.883 119.473 119.403 119.669 121.918 121.368 120.581 119.675
118.182 118.861 118.154 117.871 117.869 117.87 118.326 119.398 118.166 118.371 118.677 122.7 123.018 120.266 118.749 118.449 118.61 119.796 120.545 120.079 119.353 118.455 118.425 118.417 118.392 118.412 119.161 119.762 118.531 118.989 121.889 122.216 124.371 122.325 121.227 119.655 119.927 119.958 120.544 119.403 119.664 124.821 126.308 126.398 125.226 119.848 119.854 120.168 119.62 119.397 119.299 119.277 120.131 119.708 119.702 119.719 123.355 124.362 122.392 120.827 119.885 120.09 120.372 120.415 119.49 119.373 119.431 120.553 120.36 121.09 122.008 121.347 119.35 119.033 119.038
118.466 121.324 118.178 117.688 117.76 117.812 119.315 119.056 118.315 118.226 119.752 124.108 124.609 124.015 123.931 121.731 119.987 120.915 120.408 120.655 120.241 118.895 118.411 118.393 118.43 118.41 118.388 118.429 118.463 118.499 118.805 119.295 120.76 122.278 120.146 120.139 119.508 119.354 119.358 119.357 119.25 123.258 126.046 126.535 125.674 123.332 119.54 119.492 119.493 119.41 119.22 119.204 119.178 119.531 119.194 119.546 120.404 119.915 119.794 119.209 123.627 121.197 119.373 119.326 119.322 119.531 119.684 120.2 120.906 121.072 120.858 119.912 119.128 119.192 119.069
117.829 118.816 120.606 117.734 117.664 117.686 117.913 117.693 118.391 118.445 124.102 124.788 125.343 124.759 123.843 121.051 118.359 118.426 118.341 120.219 120.153 118.858 118.387 118.425 118.417 118.388 118.351 118.386 118.396 118.377 118.498 122.54 128.521 126.228 123.344 119.414 119.339 119.421 119.492 119.718 120.633 122.52 125.234 126.657 126.013 124.904 119.9 119.366 119.466 119.393 119.138 119.471 119.018 118.906 119.507 119.304 119.521 119.303 123.65 123.803 124.846 122.899 119.518 119.369 119.296 119.246 118.954 119.907 121.021 120.789 118.747 118.821 118.297 118.558 118.623
117.716 117.688 117.739 117.503 117.557 117.73 119.875 117.678 117.664 122.418 124.335 126.13 125.633 124.439 121.516 120.59 118.721 118.178 118.083 119.412 119.728 121.161 119.268 118.976 119.737 119.109 120.196 120.632 119.634 120.297 119.351 128.185 127.889 123.091 122.118 119.213 119.226 119.927 119.983 119.142 119.495 121.866 123.602 125.764 125.539 124.749 120.917 119.339 119.173 119.403 119.074 119.875 118.939 118.828 118.85 119.143 119.634 119.054 123.731 125.48 125.289 124.117 120.269 120.017 119.44 119.563 119.512 120.728 119.226 119.028 118.34 118.211 118.087 118.099 118.5
117.647 118.476 117.989 117.434 117.443 117.646 117.996 118.379 118.668 122.723 124.554 126.056 125.058 124.323 122.095 120.498 118.467 117.77 117.77 117.865 119.32 122.114 119.343 119.283 119.045 123.27 125.465 127.591 127.72 124.435 129.505 123.581 129.13 128.591 125.353 119.768 119.095 118.96 119.301 118.953 119.006 119.136 119.64 121.938 120.328 119.928 118.68 118.56 118.794 119.038 119.115 118.791 118.85 118.765 118.697 119.491 121.201 118.967 120.455 125.03 125.826 124.952 121.053 119.269 118.841 118.834 118.923 119.139 118.37 118.256 118.192 118.122 119.155 125.584 126.794
117.878 119.787 117.274 117.314 117.552 119.804 119.077 118.349 121.017 122.771 124.244 125.002 124.724 123.627 120.942 118.584 118.586 118.04 117.805 117.742 117.8 118.538 118.129 118.408 118.385 127.025 130.325 130.135 130.091 129.272 125.487 127.973 127.125 126.722 123.975 119.965 119.088 119 118.913 118.896 118.854 119.473 119.684 119.746 119.656 121.756 123.676 120.553 118.633 119.459 119.56 118.974 119.349 118.819 118.552 118.713 119.101 118.786 120.598 123.992 125.98 125.644 123.745 119.597 118.863 118.644 118.553 118.276 118.178 118.103 119.278 125.118 125.854 126.471 127.359
117.306 117.345 117.145 117.214 118.512 121.177 120.03 117.733 117.56 119.604 119.408 122.614 123.929 121.593 118.905 117.764 117.685 117.59 118.692 118.394 118.711 118.219 118.439 118.707 119.599 127.426 129.291 127.507 130.049 126.467 126.456 127.356 124.597 127.024 121.517 121.608 119.01 118.764 118.94 119.731 119.121 119.812 119.762 120.63 123.979 124.707 124.824 123.512 119.755 118.88 119.598 118.79 118.968 119.617 118.468 118.398 118.669 119.197 119.659 122.557 125.242 125.986 124.725 120.328 119.126 119.016 118.183 118.11 118.793 123.216 125.437 126.556 127.16 127.995 128.16
118.415 117.758 117.071 117.106 117.218 118.275 118.19 117.255 117.58 117.269 117.892 118.118 118.879 118.818 118.454 117.579 117.356 117.335 117.531 118.376 121.347 119.019 121.384 118.246 118.686 123.376 123.356 128.877 127.037 126.428 124.202 122.368 121.075 122.463 124.125 121.295 119.22 119.675 119.673 121.125 119.147 118.506 119.419 121.059 123.972 125.191 125.652 124.463 120.762 119.94 119.934 119.041 118.658 118.888 118.399 118.303 118.311 118.829 118.847 119.322 124.786 125.252 123.78 120.407 120.227 118.695 118.4 119.338 125.763 126.115 127.065 127.889 127.986 128.258 127.671
118.918 117.007 116.972 116.962 117.143 118.552 117.37 117.292 117.624 117.401 117.208 118.083 117.863 118.704 119.224 118.756 117.303 117.868 117.287 119.766 119.133 123.49 123.016 118.891 118.102 118.101 121.832 125.513 120.527 124.569 122.583 123.356 121.04 125.475 126.304 127.699 125.212 120.554 120.661 120.699 118.57 118.476 118.734 121.364 122.369 124.548 125.808 125.155 123.352 119.197 118.728 118.817 118.517 118.696 119.194 118.208 118.153 118.799 118.574 119.441 121.026 120.904 120.923 119.767 119.226 118.286 125.001 126.481 126.746 127.907 128.123 128.34 127.903 126.94 125.917
117.511 116.85 116.85 116.861 116.887 117.754 117.535 118.832 121.254 121.57 121.9 119.756 121.58 122.74 121.067 119.273 119.215 119.572 119.784 117.426 119.697 123.187 119.658 121.213 120.487 118.724 119.284 120.022 119.861 121.066 122.439 123.873 124.453 126.188 128.27 128.787 128.075 124.404 120.565 120.256 118.612 118.501 118.547 120.485 121.111 123.794 125.229 125.5 124.369 119.189 118.591 119.117 118.662 118.435 118.322 118.044 117.973 118.006 118.483 118.579 118.627 118.73 119.908 120.039 118.298 118.3 124.322 127.44 128.131 128.262 127.966 127.252 126.457 120.811 119.764
