dsm/se2934_DSM_2M.asc
ncols 500
nrows 500
xllcorner    429000
yllcorner    434000
cellsize     2
NODATA_value -9999
[rows 224 to 255 of 500, columns 284 to 354 of 500]
73.074 72.511 72.476 72.426 72.356 72.314 72.271 72.301 72.311 72.304 72.286 72.279 72.236 72.269 72.296 72.154 72.154 72.114 72.091 72.074 72.041 72.021 72.011 72.001 71.984 71.986 71.976 71.944 71.909 71.886 71.859 71.836 71.799 71.746 71.714 71.674 71.641 71.619 71.604 71.581 71.569 71.569 71.594 71.586 71.604 71.609 71.619 71.641 71.661 71.679 71.686 71.696 71.694 71.686 71.759 73.491 76.826 74.321 74.531 73.479 72.026 71.579 71.516 71.494 71.496 71.464 71.479 71.434 71.444 71.409 71.364
72.711 72.961 72.909 72.584 72.619 72.506 72.344 72.301 72.299 72.294 72.281 72.271 72.226 72.324 72.416 72.269 72.254 72.181 72.204 72.344 72.116 72.086 72.096 72.046 72.084 72.034 72.086 71.991 72.006 71.921 71.959 71.776 71.669 71.604 71.594 71.584 71.574 71.561 71.556 71.546 71.546 71.539 71.514 71.521 71.524 71.516 71.516 71.511 71.521 71.516 71.531 71.531 71.574 71.599 71.619 71.594 71.591 71.581 71.596 71.574 71.529 71.499 71.444 71.431 71.416 71.394 71.357 71.332 71.327 71.314 71.279
72.639 72.619 72.614 72.556 72.671 72.731 72.359 72.349 72.319 72.311 72.311 72.289 72.179 71.936 71.689 71.439 71.201 70.969 70.729 70.619 70.596 70.569 70.569 70.586 70.589 70.591 70.581 70.599 70.609 70.664 70.739 71.369 71.701 71.386 71.384 71.394 71.396 71.389 71.399 71.386 71.404 71.366 71.379 71.374 71.386 71.381 71.409 71.439 71.419 71.406 71.404 71.404 71.419 71.421 71.441 71.514 71.506 71.504 71.486 73.244 73.256 71.819 71.391 71.356 71.346 71.306 71.284 71.242 71.209 71.204 71.197
72.639 72.621 72.631 72.621 72.714 72.794 72.376 72.361 72.354 72.356 72.339 72.311 72.169 71.941 71.654 71.399 71.184 70.946 70.726 70.591 70.574 70.559 70.566 70.574 70.581 70.581 70.589 70.611 70.621 70.619 70.689 70.801 71.156 71.196 71.214 71.211 71.211 71.204 71.206 71.214 71.209 71.199 71.194 71.201 71.319 71.216 71.216 71.239 71.226 71.231 71.226 71.229 71.219 71.244 71.284 71.341 71.436 71.434 71.406 71.396 71.386 71.356 71.336 71.291 71.259 71.231 71.189 71.157 71.122 71.082 71.082
73.951 73.061 72.961 72.801 72.669 73.036 72.386 72.401 72.604 72.571 72.431 72.351 72.296 72.429 70.936 70.736 71.906 75.699 74.879 75.684 75.844 75.216 75.791 75.729 75.894 75.754 75.851 75.224 70.701 70.614 70.664 70.769 70.941 70.976 71.006 71.029 71.014 71.024 71.021 71.006 71.016 71.021 71.019 71.311 71.034 71.014 71.024 71.016 71.006 71.024 71.036 71.059 71.094 71.086 71.109 71.174 71.251 71.344 71.331 71.329 71.306 71.291 71.264 71.224 71.176 71.129 71.099 71.069 71.022 70.974 70.959
84.276 84.164 84.054 83.939 83.841 82.226 82.351 80.009 77.129 76.039 73.904 72.776 72.301 72.424 70.921 70.721 73.466 75.666 75.779 75.781 75.776 75.794 75.794 75.794 75.784 75.876 75.801 75.186 70.706 70.614 70.649 70.716 70.821 70.849 70.856 71.134 70.939 70.879 70.869 71.294 71.781 71.311 71.041 71.264 71.419 71.516 71.129 70.871 70.861 70.876 70.871 70.981 70.954 70.981 70.941 71.011 71.104 71.161 71.286 71.389 71.399 71.391 71.876 71.256 71.099 71.031 70.992 70.962 70.927 70.897 70.852
85.316 85.194 85.061 84.936 84.816 85.299 84.564 84.454 84.371 84.296 84.161 84.064 83.974 83.896 83.549 81.491 73.059 75.554 75.774 75.744 75.761 75.764 75.756 75.749 75.736 75.851 76.034 75.126 71.371 71.754 71.976 72.669 70.926 70.749 70.736 71.969 71.339 70.929 70.726 71.796 71.719 71.541 71.221 71.326 71.674 71.706 71.724 70.779 70.744 70.734 70.756 70.909 70.979 71.544 70.786 70.871 70.964 71.049 71.144 71.146 71.091 71.079 71.066 71.674 71.009 70.889 70.889 70.872 70.839 70.797 70.762
86.311 86.224 86.101 85.966 85.861 85.641 85.586 85.376 85.311 85.219 85.076 84.954 85.726 84.774 84.651 84.591 72.936 75.216 75.649 75.656 75.661 75.634 75.664 75.436 75.014 75.379 75.024 74.089 71.089 72.559 72.241 72.549 70.764 70.726 70.716 71.441 71.036 70.659 70.669 70.694 70.889 70.764 70.789 70.824 70.819 71.026 72.439 71.861 71.274 70.721 72.584 72.876 71.154 71.514 70.929 70.741 70.854 70.946 71.084 71.096 71.116 71.164 71.576 71.304 70.906 70.871 70.837 70.804 70.744 70.694 70.672
85.939 86.059 86.224 86.269 86.386 86.534 86.414 86.336 86.251 86.161 86.054 85.946 85.831 85.656 85.556 85.506 74.089 78.759 78.764 78.536 78.761 78.766 78.761 78.764 78.766 78.286 78.769 78.761 78.764 78.766 78.759 78.761 78.764 78.759 78.761 78.771 78.769 78.756 78.754 78.749 78.759 78.754 70.884 70.774 70.754 77.866 78.146 77.599 78.144 77.906 77.871 78.069 76.576 71.654 70.746 70.604 70.706 70.799 71.041 71.149 71.234 71.179 71.116 70.986 70.951 70.911 71.237 70.967 70.812 70.737 70.672
83.854 82.146 85.261 85.194 86.726 86.891 87.114 87.106 87.146 87.026 86.894 86.819 86.736 86.564 86.451 86.214 75.781 78.714 78.741 78.744 78.736 78.746 78.731 78.714 78.716 78.679 78.729 78.716 78.701 78.699 78.701 78.676 78.669 78.701 78.659 78.681 78.676 78.669 78.619 78.584 78.614 78.614 71.099 70.756 70.739 78.164 78.166 78.254 78.139 78.439 78.371 78.286 76.594 71.506 70.674 70.494 70.594 70.639 71.086 71.211 71.219 71.224 71.134 71.034 70.996 70.969 70.972 70.907 70.832 70.764 71.697
83.849 83.989 84.031 84.161 84.319 86.096 86.214 86.314 86.456 84.061 84.904 85.859 86.871 86.894 87.024 84.296 76.339 78.339 78.241 78.406 78.351 78.461 78.409 78.464 78.424 78.351 78.599 78.584 78.596 78.651 78.641 78.616 78.631 78.614 78.654 78.649 78.676 78.686 78.646 78.501 78.539 78.574 71.569 71.101 70.744 78.161 78.344 78.366 78.144 78.181 78.131 78.154 77.426 71.406 70.574 70.386 70.464 70.521 71.294 71.244 71.239 71.476 71.306 71.436 71.396 71.044 71.012 70.977 70.902 70.819 70.739
83.824 83.464 73.706 78.581 81.269 85.241 85.326 85.421 85.534 85.649 85.769 85.894 86.069 86.014 86.149 82.286 73.506 78.716 78.509 78.756 78.741 78.756 78.766 78.759 78.766 78.514 78.951 78.966 78.956 78.981 78.974 79.004 79.026 79.014 79.004 79.004 79.009 79.009 78.999 78.686 78.684 78.744 70.769 70.764 70.741 78.156 78.149 78.144 78.149 78.151 78.136 78.129 76.581 71.724 71.156 70.271 70.344 70.386 71.196 71.256 71.249 71.126 70.796 71.336 71.586 71.804 71.769 70.997 70.972 70.894 70.812
83.939 82.891 70.346 70.099 71.244 73.349 73.329 75.811 84.589 84.709 84.874 84.936 85.086 85.094 85.211 78.846 74.734 78.734 78.529 78.791 78.789 78.791 78.794 78.799 78.809 78.544 79.016 79.024 79.026 79.021 79.016 79.039 79.039 79.036 79.029 79.026 79.031 79.019 78.994 78.681 78.674 78.741 70.759 70.741 70.731 78.174 78.159 78.164 78.149 78.149 78.149 78.139 77.694 71.604 70.536 70.154 70.216 70.246 71.444 71.156 71.169 79.836 79.429 75.629 73.384 72.909 70.687 70.669 71.219 72.142 70.864
70.894 70.541 70.076 70.051 72.156 73.566 73.289 73.229 82.959 83.839 83.931 84.034 84.119 84.199 84.299 74.834 73.326 78.731 78.561 78.774 78.789 78.786 78.789 78.766 78.771 78.579 78.946 78.981 78.974 78.974 78.994 78.986 79.021 78.989 78.984 78.986 78.966 78.986 78.924 78.644 78.671 78.741 70.754 70.741 70.739 78.176 78.159 78.171 78.159 78.169 78.166 78.154 77.541 71.734 70.479 70.041 70.101 70.106 72.106 70.929 71.036 80.306 80.784 80.594 80.399 80.211 80.034 79.497 76.202 71.374 71.487
70.039 70.046 70.024 69.981 72.651 73.614 73.249 73.201 69.644 69.959 69.676 70.561 72.166 74.726 77.624 72.466 72.724 78.729 78.539 78.739 78.766 78.779 78.756 78.756 78.751 78.564 78.916 78.946 78.936 78.971 78.971 78.999 79.009 78.999 79.001 78.989 78.979 78.976 78.941 78.691 78.669 78.729 70.751 70.749 70.744 78.064 78.149 78.161 78.154 78.156 78.156 78.134 78.144 71.621 70.571 69.926 69.974 69.979 71.611 70.724 74.381 80.419 81.469 81.649 81.511 81.324 81.087 80.219 78.517 77.974 72.159
70.041 70.024 69.954 69.881 72.844 73.566 73.219 73.181 69.526 69.361 69.994 69.346 69.346 69.354 70.259 70.789 72.989 78.726 78.514 78.756 78.756 78.766 78.761 78.774 78.779 78.526 78.949 78.974 78.979 78.986 78.999 78.999 79.016 79.014 79.006 79.019 79.006 79.019 79.006 78.689 78.641 78.734 70.786 70.746 70.756 77.606 78.129 78.141 78.156 78.151 78.136 78.129 77.984 71.459 70.404 69.814 69.829 69.849 70.936 70.541 76.256 80.609 81.604 81.699 81.706 81.701 81.117 80.064 78.517 78.514 78.627
69.946 69.971 69.841 69.799 72.961 73.439 73.196 72.941 69.409 69.391 69.354 69.296 69.301 69.299 69.606 70.774 73.401 78.739 78.486 78.796 78.799 78.806 78.804 78.809 78.794 78.504 78.981 78.951 78.981 78.966 78.979 78.956 78.929 78.956 78.964 78.971 78.986 78.936 78.921 78.671 78.641 78.674 73.374 73.124 72.491 78.169 78.141 78.149 78.134 78.166 78.159 78.156 76.741 71.301 70.596 69.681 69.696 69.811 70.911 70.354 79.831 80.786 81.236 81.489 81.616 81.669 80.919 79.869 78.539 78.537 78.404
69.844 69.884 69.724 69.986 73.116 74.159 75.006 74.544 72.066 71.774 69.536 69.339 69.301 69.279 69.334 70.754 77.911 78.139 78.151 78.179 78.209 78.251 78.274 78.296 78.309 78.254 78.384 78.421 78.444 78.474 78.464 78.469 78.481 78.461 78.466 78.486 78.451 78.509 78.511 78.399 78.436 78.444 75.204 74.374 73.806 78.149 78.154 78.146 78.136 78.176 78.166 78.171 77.736 70.674 70.344 69.526 69.544 69.571 70.304 70.099 79.809 79.989 80.194 80.389 80.581 80.784 80.737 81.004 78.514 78.612 78.269
70.726 77.496 75.414 69.861 73.206 75.401 76.264 76.141 75.941 75.816 75.699 70.806 70.426 69.246 69.294 70.754 74.541 78.721 78.504 78.736 78.751 78.764 78.774 78.746 78.756 78.514 78.929 78.954 78.916 78.979 78.961 79.009 79.011 78.999 78.974 78.966 78.956 78.969 78.949 78.684 78.651 78.739 70.759 70.791 70.861 77.906 78.131 78.116 78.124 78.146 78.144 78.141 76.691 71.256 70.331 69.339 69.361 69.379 70.099 69.874 69.886 69.259 69.761 72.544 75.329 79.674 79.899 79.142 78.509 78.367 79.144
70.551 70.139 73.919 70.926 73.069 75.509 75.761 75.876 75.969 76.101 76.236 69.851 70.511 69.234 69.256 70.751 74.149 78.721 78.526 78.764 78.766 78.786 78.786 78.781 78.789 78.539 79.004 79.014 79.029 79.036 79.024 79.041 79.046 79.041 79.034 79.014 79.031 79.014 79.011 78.734 78.659 78.739 70.764 70.749 70.766 77.581 78.134 78.136 78.116 78.121 78.139 78.144 77.871 71.196 70.066 69.141 69.169 69.206 70.104 69.646 69.686 69.651 69.624 69.586 69.574 69.454 69.247 69.342 72.002 78.267 78.252
69.451 69.436 77.036 71.069 69.429 69.469 70.429 72.604 73.466 74.266 74.959 69.329 69.391 69.189 69.221 71.296 71.874 78.741 78.554 78.801 78.789 78.796 78.799 78.796 78.801 78.589 78.986 79.024 79.019 79.029 79.009 79.014 79.044 79.026 78.989 78.986 78.984 78.946 78.939 78.736 78.674 78.739 70.766 70.766 70.779 78.179 78.154 78.141 78.131 78.156 78.149 78.156 77.709 71.451 69.669 68.949 68.984 69.001 69.921 69.436 69.466 69.569 69.591 69.666 69.704 69.684 69.374 69.342 74.037 78.244 78.239
69.489 69.476 69.764 71.464 69.796 70.366 70.654 69.609 70.084 69.239 69.206 69.199 69.176 69.179 69.199 71.296 70.891 78.731 78.551 78.771 78.771 78.781 78.771 78.769 78.749 78.564 78.926 79.001 78.954 78.979 78.961 78.994 79.016 78.979 78.976 78.954 78.961 78.949 78.911 78.754 78.661 78.739 70.759 70.769 70.766 78.154 78.156 78.144 78.139 78.161 78.154 78.146 77.064 70.709 69.544 68.736 68.771 68.801 69.554 69.221 69.284 69.334 70.244 69.394 69.476 69.561 69.517 69.467 70.282 72.072 78.782
69.474 69.464 69.459 69.426 69.401 69.369 69.344 69.314 69.299 69.286 69.246 69.236 69.211 69.126 69.196 71.299 71.686 78.729 78.524 78.746 78.769 78.771 78.771 78.754 78.764 78.526 78.919 78.959 78.959 78.949 78.991 78.986 79.016 79.001 78.994 78.976 78.961 78.951 78.944 78.779 78.654 78.741 72.019 70.756 70.766 77.531 78.151 78.134 78.146 78.154 78.139 78.141 78.144 70.396 69.246 68.519 68.566 68.596 69.201 68.991 69.076 69.161 69.191 69.281 69.359 69.446 69.404 69.444 69.697 69.689 68.817
69.444 69.411 69.371 69.334 69.324 69.296 69.274 69.261 69.244 69.226 69.211 69.196 69.174 69.099 69.191 71.291 71.811 78.721 78.494 78.769 78.774 78.786 78.791 78.779 78.789 78.516 78.981 78.979 78.974 78.986 79.001 78.996 78.986 78.984 78.979 78.984 78.986 78.981 78.969 78.744 78.624 78.736 70.806 70.796 70.804 77.484 78.369 78.339 78.396 78.264 78.289 78.474 78.304 71.631 69.161 68.326 68.384 68.404 69.066 68.784 68.891 68.979 69.069 69.139 69.216 69.321 69.222 69.362 69.682 69.984 69.782
69.919 70.659 70.344 70.666 69.416 69.466 69.386 69.261 69.216 69.176 69.136 69.131 69.161 69.226 67.926 71.014 75.476 78.079 78.046 78.074 78.084 78.129 78.134 78.149 78.199 78.204 78.256 78.279 78.299 78.324 78.296 78.324 78.331 78.299 78.321 78.289 78.324 78.334 78.354 78.346 78.354 78.386 72.306 70.806 70.826 74.521 74.494 74.471 74.454 74.454 74.811 74.501 74.464 71.416 70.126 68.129 68.191 68.214 68.911 68.549 68.686 68.809 68.896 68.984 69.066 69.189 69.104 69.577 71.572 69.907 69.869
69.431 69.506 69.744 69.439 69.376 69.334 69.349 69.344 69.244 69.266 69.144 69.086 69.054 68.419 67.771 71.064 72.854 78.714 78.714 78.719 78.719 78.719 78.721 78.726 78.714 78.721 78.709 78.716 78.724 78.724 78.714 78.711 78.719 78.721 78.724 78.726 78.729 78.734 78.726 78.734 78.744 78.746 70.871 70.804 70.826 74.499 74.456 74.431 74.441 74.439 74.829 74.466 74.466 70.946 70.146 67.949 67.971 67.979 68.681 68.349 68.484 68.601 68.939 68.864 68.981 69.101 68.907 70.232 75.037 74.909 69.789
69.381 69.381 69.404 69.336 69.256 69.251 69.241 69.254 71.201 70.544 69.079 68.979 68.669 67.669 67.956 70.859 71.011 76.146 74.636 74.461 74.596 74.476 73.469 75.734 76.701 75.129 73.319 74.141 73.526 73.456 72.569 73.016 75.786 74.656 72.336 71.981 72.484 71.804 72.116 71.741 72.119 71.226 70.801 70.824 70.836 74.506 74.456 74.451 74.451 74.449 74.866 74.461 74.471 70.956 70.076 67.739 67.779 67.784 68.784 68.114 68.306 68.479 68.631 68.759 68.926 68.976 68.829 71.554 75.331 74.836 72.966
69.376 69.351 69.326 69.241 69.181 69.161 69.186 69.346 71.529 69.714 68.931 68.664 68.051 67.159 68.196 71.189 70.829 70.814 70.819 70.816 70.811 70.816 70.819 73.376 75.054 71.574 70.811 70.804 70.786 70.801 70.809 70.821 75.071 72.484 70.794 70.794 70.801 70.791 70.786 70.796 70.816 70.809 70.819 70.836 70.844 74.379 74.499 74.464 74.446 74.449 74.871 74.476 74.469 71.111 69.339 67.586 67.606 67.611 67.851 67.869 68.159 68.379 68.521 68.656 68.816 68.841 68.694 73.244 75.521 74.666 73.119
69.311 69.271 69.231 69.149 69.101 69.079 69.144 69.231 70.494 69.101 68.744 68.379 67.656 67.109 67.011 67.021 67.306 70.836 70.831 71.071 70.819 70.836 70.836 70.971 75.044 71.621 69.716 67.989 67.286 69.141 69.606 70.851 75.059 73.114 71.299 67.064 67.691 67.306 69.684 67.049 70.841 70.851 70.836 70.839 71.154 74.536 74.481 74.464 74.469 74.459 74.746 74.464 74.479 68.166 67.289 67.436 67.486 67.514 67.569 67.784 67.874 68.049 68.311 68.561 68.674 68.616 69.549 74.304 75.486 74.441 73.244
69.239 69.201 69.154 69.059 68.994 68.959 68.924 69.171 69.031 69.056 68.459 68.036 67.524 67.099 66.926 66.944 66.956 74.221 74.134 73.361 73.809 73.509 74.029 74.521 76.129 75.054 73.194 71.224 74.091 74.514 73.299 75.374 76.539 76.316 75.721 72.696 71.554 72.899 72.631 72.859 73.794 73.799 73.886 74.211 74.386 74.531 74.576 74.484 74.474 74.471 74.594 74.471 74.476 68.959 67.194 67.306 67.391 67.479 67.584 68.904 68.921 68.024 68.156 68.301 68.464 68.564 68.504 73.541 74.601 73.916 73.364
69.171 69.111 69.046 68.986 68.896 68.826 68.769 68.936 68.869 68.644 68.244 67.819 67.401 67.026 66.849 66.864 69.299 78.129 78.126 78.124 78.119 78.129 78.134 78.104 78.096 78.091 78.096 78.106 78.129 78.121 78.121 78.121 78.119 78.134 78.179 74.451 74.464 74.481 74.469 74.461 74.474 74.456 74.466 74.476 74.486 74.474 74.469 74.451 74.449 74.454 74.639 74.454 74.446 69.584 67.201 67.171 67.291 67.459 67.606 67.761 67.906 68.034 68.164 68.284 68.396 68.371 68.961 68.519 68.386 68.401 68.469
69.066 69.006 70.526 68.951 68.844 68.706 68.674 68.724 68.661 68.339 68.084 67.684 67.279 66.936 66.761 66.774 67.926 78.136 78.131 78.119 78.089 78.104 78.121 78.096 78.076 78.081 78.086 78.106 78.114 78.116 78.101 78.096 78.554 78.159 78.149 74.434 74.454 75.616 75.679 75.491 75.196 74.451 74.469 74.476 75.571 76.321 74.479 74.446 74.446 74.446 74.474 74.456 74.451 69.029 66.944 67.076 67.229 67.439 67.659 67.774 67.886 70.741 68.844 68.244 68.321 68.679 69.614 68.539 68.369 68.381 68.389
