dsm/se2932_DSM_2M.asc
ncols 500
nrows 500
xllcorner    429000
yllcorner    432000
cellsize     2
NODATA_value -9999
[rows 288 to 319 of 500, columns 72 to 143 of 500]
36.501 36.543 36.368 36.2 35.983 35.481 31.876 31.518 31.12 31.054 31.008 31.008 31.063 31.066 31.126 31.377 32.114 34.47 35.157 34.67 34.558 34.08 33.972 32.51 31.648 31.657 31.613 31.948 31.646 32.53 31.73 31.744 31.761 31.8 31.781 31.807 31.857 31.755 31.838 31.822 31.779 31.773 31.72 31.688 31.638 31.653 31.557 31.594 31.52 31.494 31.451 31.481 31.47 31.39 31.354 31.341 31.326 31.301 31.31 31.263 31.292 31.324 31.664 32.053 32.649 32.451 35.012 33.177 32.438 33.121 35.27 35.165
36.252 36.285 36.254 36.064 35.723 32.803 31.851 31.391 31.131 31.068 31.092 31.111 31.109 31.146 31.108 31.146 31.269 31.585 31.498 31.687 31.654 31.48 31.533 31.539 31.623 31.601 31.678 31.763 31.818 31.836 31.795 31.834 31.836 31.863 31.823 31.856 31.855 31.907 31.877 31.791 31.829 31.774 31.734 31.69 31.696 31.681 31.673 31.625 31.573 31.561 31.536 31.507 31.53 31.487 31.414 31.468 31.468 31.372 31.423 31.309 31.289 31.247 31.267 31.238 31.221 31.171 31.177 31.132 31.115 31.098 31.11 31.173
36.123 35.974 35.986 35.888 32.398 31.727 31.649 31.374 31.2 31.185 31.185 31.175 31.232 31.278 31.282 31.326 31.341 31.353 31.415 31.465 31.457 31.468 31.666 31.632 31.731 31.693 31.776 31.731 31.777 31.844 31.839 31.923 31.857 31.957 31.872 31.91 31.849 31.867 31.816 31.884 31.821 31.773 31.765 31.714 31.691 31.733 31.661 31.596 31.673 31.625 31.582 31.568 31.534 31.509 31.517 31.472 31.461 31.391 31.333 31.389 31.426 31.32 31.279 31.291 31.257 31.192 31.271 31.173 31.164 31.153 31.145 31.152
32.967 32.851 33.138 32.682 32.475 32.518 32.259 31.41 31.32 31.25 31.257 31.245 31.339 31.358 31.36 31.358 31.424 31.495 31.499 31.549 31.544 31.525 31.65 31.671 31.742 31.72 31.819 31.813 31.859 31.85 31.903 31.806 31.85 31.853 31.821 31.877 31.831 32.36 33.975 32.713 32.299 31.752 31.747 31.67 31.721 31.646 31.665 31.714 31.606 31.617 31.554 31.534 31.529 31.525 31.53 31.47 31.456 31.41 31.397 31.35 31.343 31.356 31.349 31.307 31.295 31.293 31.249 31.232 31.19 31.222 31.176 31.164
33.083 32.242 32.07 32.252 32.114 31.887 31.523 31.459 31.342 31.378 31.421 31.394 31.441 31.443 31.496 31.481 31.552 31.521 31.542 31.503 31.612 31.661 31.597 31.721 31.618 31.726 31.73 31.734 31.747 31.77 31.764 31.808 31.801 31.844 31.896 31.809 31.866 32.251 31.754 32.301 31.754 31.697 31.721 31.65 31.633 31.621 31.619 31.598 31.586 31.611 31.597 31.509 31.608 31.471 31.457 31.456 31.39 31.384 31.354 31.348 31.331 31.29 31.295 31.313 31.298 31.341 31.259 31.288 31.219 31.199 31.185 31.19
32.598 31.926 31.912 31.798 31.73 31.638 31.599 31.576 31.456 31.51 31.454 31.533 31.424 31.462 31.52 31.513 31.554 31.554 31.571 31.568 31.576 31.601 31.608 31.573 31.587 31.729 31.682 31.712 31.659 31.791 31.757 31.76 31.82 31.843 31.912 31.877 31.906 31.933 31.911 31.915 31.916 31.877 31.887 31.813 31.813 31.768 31.754 31.744 31.7 31.687 31.628 31.553 31.522 31.503 31.475 31.455 31.393 31.361 31.329 31.279 31.219 31.241 31.197 31.23 31.211 31.193 31.2 31.201 31.221 31.191 31.14 31.16
31.979 31.859 31.917 31.762 31.736 31.719 31.708 31.629 31.559 31.521 31.508 31.558 31.529 31.556 31.523 31.55 31.498 31.534 31.475 31.555 31.554 31.574 31.623 31.528 31.702 31.701 31.692 31.723 31.776 31.811 31.952 31.97 32.045 31.963 32.108 32.107 32.079 32.098 32.093 32.038 32.049 32.024 31.97 31.98 31.961 31.916 31.889 31.833 31.81 31.796 31.806 31.758 31.672 31.748 31.614 31.641 31.526 31.515 31.486 31.406 31.383 31.338 31.322 31.267 31.228 31.225 31.197 31.118 31.103 31.102 31.11 31.085
31.956 31.933 31.953 31.903 31.889 31.793 31.807 31.679 31.67 31.586 31.545 31.522 31.503 31.458 31.482 31.545 31.546 31.592 31.57 31.648 31.663 31.765 31.713 31.779 31.754 31.842 31.813 31.983 31.892 32.048 32.115 32.094 32.175 32.185 32.214 32.221 32.23 32.182 32.175 32.184 32.138 32.109 32.053 32.037 32.01 31.981 32.058 32.011 32.03 31.931 31.993 31.966 31.986 31.907 31.865 31.923 31.809 31.852 31.787 31.757 31.707 31.544 31.442 31.518 31.42 31.441 31.305 31.32 31.231 31.231 31.212 31.173
32.066 32.083 31.989 31.901 31.829 31.848 31.768 31.671 31.635 31.617 31.601 31.605 31.625 31.681 31.603 31.614 31.696 31.647 31.69 31.896 31.875 31.879 32.002 32.023 32.038 32.11 32.033 32.106 32.113 32.256 32.242 32.335 32.299 32.367 32.424 32.35 32.403 32.416 32.337 32.352 32.32 32.323 32.259 32.228 32.158 32.178 32.15 32.209 32.179 32.239 32.19 32.187 32.204 32.091 32.156 32.143 32.185 32.196 32.007 31.825 31.715 31.61 31.801 31.791 31.7 31.613 31.574 31.583 31.523 31.529 31.525 31.49
32.059 32.004 31.915 31.911 31.814 31.809 31.699 31.691 31.619 31.785 31.656 31.797 32.29 31.751 31.885 31.971 31.975 31.714 31.704 32.013 32.184 31.928 31.979 32.127 32.185 32.25 32.259 32.395 32.355 32.461 32.504 32.539 32.469 32.533 32.487 32.497 32.559 32.596 32.577 32.526 32.52 32.477 32.4 32.401 32.338 32.375 32.31 32.348 32.327 32.378 32.336 32.409 32.436 32.466 32.479 32.469 32.375 32.208 31.995 31.914 32.066 32.104 32.196 32.033 31.837 31.742 31.814 31.724 31.765 31.761 31.724 31.648
32.031 31.923 31.895 31.837 31.877 31.744 31.672 31.691 31.773 32.268 31.871 31.84 31.907 31.994 32.047 32.228 32.481 35.795 33.732 39.89 39.978 33.444 32.364 32.259 32.314 32.389 32.518 32.582 32.782 32.639 35.781 33.731 37.829 34.959 32.904 32.927 32.895 32.806 32.812 32.761 32.758 32.685 32.652 32.613 32.625 32.563 32.583 32.518 32.516 32.538 32.571 32.687 32.726 32.82 32.679 32.447 32.32 32.162 32.225 32.346 32.511 32.526 32.497 32.246 32.094 32.014 31.925 31.963 31.988 31.996 32.049 31.948
31.94 31.983 31.965 31.959 31.998 31.917 31.783 31.845 32.005 32.02 32.059 32.027 32.156 32.159 32.353 32.738 40.575 41.299 42.768 42.306 43.126 43.364 42.999 37.993 34.987 33.336 32.706 32.857 39.208 32.94 37.192 39.515 37.207 39.009 34.6 33.136 33.141 33.076 33.053 33.014 33.022 32.911 32.935 32.775 32.868 32.854 32.717 32.658 32.791 32.836 33.004 33.031 32.895 32.835 32.598 32.377 32.34 32.38 32.672 32.803 32.883 32.789 32.545 32.437 32.386 32.312 32.261 32.278 32.151 32.179 32.128 32.159
32.062 32.179 32.068 32.156 32.203 32.127 32.04 32.06 32.154 32.197 32.193 32.327 32.371 32.437 32.548 38.113 41.163 41.227 42.893 43.211 44.1 45.2 45.099 40.631 40.516 38.013 38.236 41.657 42.703 35.075 41.48 41.825 38.747 39.137 39.3 34.468 33.357 33.219 33.206 33.211 33.135 33.094 33.058 33.031 32.985 33.019 32.949 32.854 33.004 33.149 33.159 33.061 32.84 32.613 32.524 32.598 32.833 33.062 33.168 33.194 32.986 32.774 32.671 32.635 32.601 32.541 32.518 32.438 32.451 32.434 32.351 32.428
32.363 32.331 32.361 32.369 32.325 32.368 32.268 32.27 32.316 32.405 32.415 32.488 32.527 32.694 32.834 37.57 41.509 42.195 40.356 39.085 44.631 42.823 45.207 44.108 41.916 38.222 39.599 42.074 42.258 35.146 41.096 42.399 42.778 42.637 41.805 38.563 33.894 33.332 33.313 33.254 33.226 33.189 33.185 33.12 33.082 33.007 33.007 33.129 33.221 33.253 33.105 32.816 32.625 32.641 32.804 33.117 33.234 33.378 33.273 33.112 32.979 32.811 32.804 32.793 32.75 32.697 32.672 32.688 32.626 32.528 32.541 32.494
32.524 32.54 32.517 32.492 32.591 32.469 32.467 32.564 32.469 32.54 32.595 32.658 32.822 33.098 34.307 36.241 41.837 41.562 41.379 42.138 43.131 45.146 45.106 44.429 43.94 40.536 38.771 39.21 36.562 40.201 42.203 39.483 37.417 44.365 43.398 40.23 34.759 33.393 33.341 33.283 33.218 33.164 33.193 33.137 33.151 33.068 33.152 33.362 33.289 33.039 32.847 32.697 32.657 33.119 33.257 33.447 33.44 33.318 33.12 33.057 32.946 32.867 32.827 32.796 32.785 32.775 32.747 32.758 32.717 32.625 32.621 32.611
32.765 32.734 32.77 32.734 32.726 32.731 32.713 32.691 32.656 32.765 32.762 32.877 32.97 37.132 41.8 39.167 42.8 43.031 43.61 40.877 44.896 44.481 42.565 43.626 43.43 36.967 33.767 38.133 38.992 41.441 45.491 42.224 43.516 39.219 44.852 38.194 36.608 33.41 33.358 33.318 33.233 33.145 33.099 33.09 33.069 33.148 33.285 33.304 33.082 32.839 32.744 32.937 33.179 33.403 33.51 33.472 33.352 33.243 33.103 33.058 32.942 32.87 32.786 32.774 32.79 32.745 32.741 32.689 32.666 32.562 32.612 32.586
32.882 32.944 32.921 32.97 32.932 32.927 32.928 32.81 32.757 32.761 32.848 32.908 35.908 40.39 39.124 39.569 37.052 36.59 39.151 41.582 38.434 37.5 39.503 40.4 36.537 40.127 33.632 33.103 36.931 39.846 42.424 43.791 43.424 41.58 44.12 42.636 36.845 33.382 33.306 33.296 33.204 33.107 33.114 33.151 33.157 33.348 33.224 33.07 32.888 32.755 32.937 33.152 33.37 33.461 33.283 33.29 33.18 33.116 33.063 33.057 32.953 32.839 32.76 32.721 32.719 32.686 32.667 32.652 32.653 32.568 32.526 32.499
33.07 33.144 33.099 33.136 33.08 33.09 32.999 32.972 32.869 32.913 32.982 33.001 37.262 41.685 36.199 41.993 41.491 42.165 40.161 37.867 41.226 35.873 41.165 40.624 36.464 36.313 33.558 33.343 33.229 33.186 35.437 44.79 45.6 45.558 44.463 37.186 33.473 33.243 33.224 33.236 33.191 33.134 33.14 33.263 33.367 33.294 33.059 32.847 32.778 32.961 33.019 33.126 33.106 33.098 33.068 33.098 33.121 33.069 33.055 32.936 32.867 32.815 32.671 32.702 32.618 32.634 32.604 32.578 32.574 32.57 32.521 32.462
33.27 33.262 33.302 33.326 33.279 33.249 33.137 33.14 33.076 33.032 33.066 33.127 36.188 42.255 40.914 43.31 44.523 43.996 37.508 34.137 33.584 33.606 33.754 35.045 34.939 33.789 33.752 33.637 33.483 33.349 34.455 39.725 44.894 43.945 43.415 38.18 35.369 33.184 33.172 33.153 33.132 33.076 33.241 33.365 33.328 33.017 32.84 32.846 32.855 32.839 32.882 32.854 32.88 32.882 32.957 32.977 32.966 32.989 32.935 32.879 32.909 32.757 32.71 32.63 32.567 32.563 32.586 32.5 32.486 32.498 32.434 32.392
33.486 33.507 33.475 33.405 33.411 33.273 33.287 33.253 33.234 33.161 33.226 33.429 39.812 43.554 37.493 42.943 43.811 42.934 36.605 33.557 33.571 33.748 38.567 37.912 33.927 34.048 36.817 33.83 33.7 33.538 33.505 33.319 35.423 41.171 36.444 34.125 33.135 33.105 33.084 33.11 33.007 33.032 33.22 33.282 33.008 32.858 32.9 32.889 32.86 32.783 32.734 32.759 32.815 32.919 33.595 34.996 33.58 36.418 33.092 32.847 32.752 32.713 32.645 32.547 32.553 32.497 32.494 32.457 32.424 32.381 32.372 32.336
33.718 33.687 33.724 33.626 33.583 33.46 33.497 33.425 33.303 33.289 33.395 34.209 40.82 41.793 42.865 43.705 42.282 41.493 35.928 33.57 33.567 34.033 39.786 38.855 33.909 37.916 37.218 35.409 34.104 33.699 33.63 33.409 33.35 33.168 33.1 33.132 33.063 33.038 33.043 33.042 32.995 33.052 33.167 32.98 32.93 32.863 32.884 32.85 32.851 32.741 32.759 32.781 32.812 34.448 35.882 36.243 38.229 39.296 39.067 33.842 32.667 32.586 32.583 32.53 32.507 32.542 32.431 32.391 32.374 32.314 32.325 32.329
33.925 33.908 33.867 33.797 33.702 33.669 33.558 33.552 33.508 33.445 33.537 38.554 42.65 43.683 41.118 42.914 42.185 40.836 34.371 33.549 33.585 33.543 33.657 34.377 33.739 37.872 39.389 41.224 36.886 36.519 33.587 33.439 33.402 33.267 33.249 33.128 33.124 33.021 32.903 32.858 32.908 32.926 32.89 32.786 32.855 32.925 32.875 32.846 32.804 32.813 32.781 32.811 32.749 32.758 33.305 33.649 37.759 39.68 39.337 35.047 32.55 32.523 32.523 32.508 32.441 32.433 32.474 32.403 32.382 32.304 32.329 32.243
34.16 34.024 34.05 34.031 33.981 33.916 33.779 33.792 33.722 33.677 33.459 38.828 42.021 42.428 37.209 35.698 38.958 33.584 33.983 33.531 33.518 33.524 33.546 36.227 38.024 35.651 43.457 41.896 40.53 34.417 33.544 33.377 33.282 33.212 33.102 33.088 33.1 33.027 32.951 32.867 32.774 32.758 32.729 32.707 32.861 32.772 32.775 32.808 32.831 32.795 32.826 32.748 32.778 32.724 32.761 32.61 36.299 39.349 38.646 33.81 32.556 32.471 32.463 32.422 32.399 32.424 32.45 32.369 32.353 32.3 32.221 32.204
34.256 34.269 34.332 34.201 34.194 34.109 34.015 33.934 33.886 33.805 33.717 33.747 33.744 35.746 33.607 33.612 33.533 33.532 33.484 33.51 33.49 33.634 39.016 40.804 40.392 41.177 41.424 35.969 37.655 34.774 33.452 33.366 33.255 33.194 33.072 33.071 33.077 33.063 32.932 32.817 32.777 32.808 32.7 32.693 32.748 32.692 32.718 32.746 32.721 32.679 32.705 32.662 32.687 32.698 32.687 32.568 33.085 34.15 32.963 32.903 32.575 32.482 32.486 32.433 32.44 32.391 32.344 32.319 34.59 32.262 32.158 31.974
34.464 34.389 34.37 34.393 34.447 34.386 34.353 34.212 34.104 33.976 33.818 33.808 33.766 33.727 33.664 33.603 33.534 33.539 33.465 33.495 33.446 33.52 34.426 37.506 38.022 40.855 41.317 40.279 37.366 33.842 33.4 33.258 33.162 33.147 32.986 32.976 32.88 32.843 32.842 34.095 34.977 35.041 32.883 32.854 32.879 32.855 32.779 32.777 32.714 32.671 32.575 32.677 32.597 32.596 32.624 32.66 32.583 32.592 32.609 32.566 32.528 32.485 32.441 32.425 32.423 32.353 32.306 32.159 32.109 32.932 32.58 32.496
34.586 34.552 34.495 34.439 34.46 34.45 34.426 34.43 34.321 34.215 34.061 33.898 33.848 33.709 33.669 33.53 33.524 33.522 33.56 33.48 33.419 33.485 33.395 33.41 33.341 37.283 40.306 35.343 36.848 33.743 33.309 33.146 33.125 32.928 32.875 32.855 32.944 33.186 34.513 35.161 35.116 35.135 33.571 32.814 32.85 32.826 32.796 32.731 33.354 35.215 36.614 33.846 32.625 32.794 36.747 33.733 33.271 32.463 32.468 32.506 32.495 32.553 32.474 32.424 32.362 32.225 32.582 33.018 32.41 33.196 32.514 32.611
34.687 34.643 34.625 34.566 34.61 34.589 34.504 34.508 34.424 34.305 34.13 34.005 33.828 33.736 33.628 33.614 33.536 33.567 33.578 33.543 33.495 33.427 33.44 33.395 33.358 33.344 33.683 33.184 33.225 33.079 32.984 33.011 32.991 32.898 32.809 32.811 35.031 35.098 35.127 35.123 35.102 35.072 33.18 32.939 32.86 32.893 32.77 35.452 38.68 39.594 39.045 35.36 34.284 37.513 38.608 37.314 33.712 32.441 32.405 32.479 32.375 32.344 32.34 32.32 32.314 32.429 33.585 32.562 32.433 33.244 37.148 36.049
34.78 34.668 34.621 34.611 34.576 34.543 34.492 34.511 34.413 34.369 34.251 34.059 33.833 33.781 33.694 33.688 33.59 33.571 33.508 33.499 33.46 33.442 33.405 33.268 33.23 33.211 33.188 33.188 33.082 33.056 32.914 32.909 32.852 32.802 32.966 33.312 34.416 35.077 35.108 33.876 33.86 32.913 32.882 32.846 33.707 33.632 33.075 33.606 38.225 39.497 39.315 38.463 33.737 36.27 38.642 37.167 33.8 32.558 32.465 32.462 32.359 32.34 32.443 32.409 32.404 32.454 33.585 35.083 35.469 37.494 38.339 38.704
34.73 34.711 34.712 34.611 34.601 34.535 34.512 34.381 34.383 34.275 34.157 33.996 33.874 33.829 33.733 33.695 33.569 33.605 33.562 33.481 33.438 33.354 33.324 33.261 33.279 33.198 33.605 34.04 33.069 33.028 32.875 32.86 32.82 32.886 32.798 33.988 34.606 33.488 33.449 32.82 32.826 32.843 32.864 32.921 33.728 33.032 32.791 32.67 36.303 38.836 39.547 38.758 35.269 33.819 36.337 34.917 33.024 32.866 32.514 32.46 32.453 32.394 32.468 32.567 32.362 35.257 37.584 38.158 38.555 39.079 39.245 39.176
34.65 34.726 34.616 34.561 34.529 34.493 34.409 34.313 34.308 34.237 34.136 33.963 33.901 33.778 33.704 33.625 33.544 33.476 33.444 33.367 33.309 33.276 33.27 33.312 34.998 58.79 65.323 45.641 33.153 33.087 33.019 32.948 32.889 32.862 32.853 32.976 32.843 32.868 32.803 32.829 32.824 32.884 32.874 32.898 33.091 34.066 32.991 32.78 34.359 38.295 39.39 39.273 37.966 33.155 32.737 32.763 32.731 32.777 32.52 32.479 32.478 32.544 32.566 35.708 37.44 38.391 38.811 39.331 39.493 38.996 38.783 38.294
34.572 34.567 34.542 34.502 34.501 34.462 34.321 34.316 34.132 34.125 33.996 33.909 33.847 33.714 33.562 33.497 33.508 33.392 33.437 33.349 34.247 34.205 35.268 66.14 77.991 77.384 77.239 59.074 33.634 33.102 33.052 34.084 33.232 32.928 32.884 32.837 32.799 32.8 32.887 32.921 32.902 32.967 32.892 32.937 33.318 34.139 34.825 33.362 33.12 37.806 39.181 39.533 38.559 34.718 32.764 32.808 32.712 32.598 32.523 32.601 33.447 33.135 33.076 38.351 38.998 39.387 39.16 38.947 38.369 38.078 37.543 35.097
34.536 34.466 34.49 34.401 34.427 34.298 34.255 34.142 34.01 34.021 33.929 33.755 33.612 33.579 33.478 33.513 33.422 33.433 57.574 47.246 73.319 55.51 37.601 74.384 77.621 77.609 77.111 76.106 39.149 33.165 33.231 34.071 33.338 32.962 32.931 32.876 32.859 32.825 32.973 32.902 32.938 33.001 34.968 35.269 35.192 33.157 34.597 33.33 32.788 33.858 38.485 39.624 39.14 38.429 37.904 35.337 32.657 32.637 32.604 34.73 38.499 33.701 32.734 38.114 39.076 38.836 38.141 37.754 34.123 33.665 34.142 34.004
