dsm/se2937_DSM_2M.asc
ncols 500
nrows 500
xllcorner    429000
yllcorner    437000
cellsize     2
NODATA_value -9999
[rows 434 to 464 of 500, columns 140 to 209 of 500]
78.547 78.664 78.837 79.054 79.084 80.344 82.654 79.889 79.499 79.552 79.827 79.844 79.834 79.864 80.057 80.252 80.454 80.654 80.842 81.009 81.167 81.364 81.577 83.712 82.252 82.829 83.002 83.067 83.137 83.504 84.119 84.639 84.882 84.724 84.732 84.784 84.819 84.802 84.832 84.857 84.894 85.107 86.212 86.687 86.752 86.772 86.762 86.769 88.629 89.817 93.467 94.282 94.619 93.577 89.024 89.089 89.292 89.609 91.389 91.102 90.644 90.727 90.932 91.527 92.159 92.629 92.649 97.597 99.804 100.614
78.562 78.652 78.897 79.012 79.217 79.282 79.372 79.529 79.549 80.929 79.612 79.602 79.602 79.792 79.984 80.179 80.397 80.579 80.707 80.894 81.114 81.379 82.362 82.464 82.982 83.042 83.074 88.519 89.332 83.827 83.707 84.734 84.914 84.772 84.829 84.867 84.879 84.889 84.944 85.007 85.074 85.134 85.392 86.242 86.737 86.809 86.777 86.752 87.529 87.639 89.709 93.452 94.504 93.652 89.037 88.779 89.334 90.687 90.077 90.322 91.179 90.819 91.389 91.577 91.989 92.302 93.017 93.724 97.907 99.777
78.594 78.702 78.842 79.002 79.117 79.419 79.359 79.379 81.477 81.132 79.447 79.422 79.562 79.739 79.909 80.107 80.299 80.469 80.647 80.832 81.059 82.937 81.932 82.194 83.652 83.337 88.479 89.307 90.089 89.574 83.872 84.674 84.954 84.837 84.907 84.952 84.932 84.959 85.032 85.114 85.207 85.324 85.432 85.682 86.422 86.804 86.804 87.429 87.627 87.647 87.654 91.489 95.614 94.982 94.162 90.087 91.299 89.832 90.084 90.277 91.214 91.059 91.544 91.619 91.814 92.324 92.869 93.269 93.737 96.389
78.649 78.772 78.882 79.104 79.152 79.319 79.597 79.467 79.399 79.404 82.152 81.744 79.637 79.677 79.837 80.009 80.222 80.394 80.579 80.784 81.242 82.209 82.504 83.269 83.127 88.147 89.277 90.059 89.599 88.759 84.327 84.857 85.022 84.927 84.992 85.014 84.967 84.999 85.074 85.184 85.312 85.467 85.617 85.754 86.007 86.562 87.339 87.582 87.582 87.627 87.794 94.092 94.902 95.632 95.039 95.094 90.579 89.632 89.992 90.882 91.122 91.264 91.567 91.782 91.804 92.349 92.854 92.937 93.467 93.687
78.697 78.837 78.932 78.999 79.162 79.274 79.419 79.742 79.429 81.887 82.224 82.147 81.717 79.684 79.789 79.949 80.127 80.324 80.574 81.104 81.604 81.784 83.444 83.137 87.854 89.234 90.079 89.634 88.787 84.109 83.219 84.982 85.069 84.994 85.052 85.057 85.002 85.052 85.232 85.359 85.489 85.557 85.767 85.952 86.089 86.369 88.157 87.329 87.457 87.867 88.379 89.152 94.049 94.927 96.519 95.924 95.092 91.347 90.244 91.464 91.002 91.262 91.562 91.959 92.372 92.509 92.667 93.109 93.422 93.522
78.729 78.882 78.957 79.049 79.147 79.264 79.347 79.462 79.607 79.479 82.257 82.212 82.147 81.902 79.794 79.902 80.092 80.344 80.862 81.562 81.929 82.027 82.167 88.204 89.227 90.052 89.644 88.829 84.437 83.192 83.384 85.117 85.087 85.052 85.092 85.074 85.067 85.214 85.447 85.687 85.784 85.864 85.894 86.082 86.287 86.947 86.704 87.124 87.852 88.234 88.417 88.457 88.799 94.382 95.767 96.504 95.987 95.262 92.617 90.552 90.772 91.077 91.604 92.109 92.609 92.772 92.809 93.217 93.337 93.529
78.789 78.882 78.989 79.092 79.207 79.282 79.349 79.399 79.539 79.754 79.559 81.889 82.212 82.177 82.097 80.212 80.119 80.677 81.449 81.954 82.177 87.402 83.999 82.157 89.594 89.679 88.839 85.917 83.187 83.297 84.142 85.224 85.112 85.112 85.117 85.059 85.172 85.462 85.722 85.947 86.087 86.144 86.204 86.232 86.439 86.642 88.184 87.077 88.304 88.367 88.024 88.679 89.517 89.542 94.949 95.744 96.632 96.919 96.127 91.722 90.504 91.117 91.712 92.189 92.567 92.822 93.084 93.214 93.272 93.714
78.907 78.907 79.019 79.122 79.209 79.294 79.344 79.457 79.582 79.757 79.887 79.629 81.382 82.189 81.674 79.977 80.544 81.299 81.849 82.172 88.847 88.742 87.932 85.492 82.574 88.719 84.777 83.187 83.224 83.417 84.354 85.282 85.139 85.164 85.162 85.094 85.259 85.644 85.944 86.179 86.337 86.432 86.514 86.557 86.599 86.797 87.004 87.159 87.447 87.759 88.159 91.222 89.504 89.524 89.537 94.892 96.592 97.389 96.954 96.147 91.502 92.042 91.632 92.017 92.414 92.814 93.072 93.252 93.354 93.534
78.834 78.962 79.042 79.139 79.207 79.274 79.417 79.519 79.617 79.724 79.892 79.979 79.719 81.284 79.874 80.374 81.067 81.624 82.084 84.609 88.297 89.087 88.802 88.359 85.924 82.809 83.139 83.299 83.414 83.454 85.017 85.307 85.182 85.222 85.194 85.174 85.404 85.759 86.099 86.377 86.572 86.709 86.827 86.894 86.922 86.957 87.159 87.357 89.132 87.789 88.464 89.977 88.894 89.212 89.952 90.417 95.762 96.589 97.379 97.212 97.087 92.094 91.424 91.827 92.459 92.819 93.014 93.392 93.554 93.637
78.874 78.972 79.079 79.177 79.247 79.347 79.467 79.619 79.662 79.774 79.957 80.084 80.152 79.877 80.107 80.742 81.299 81.704 81.977 82.054 87.014 88.259 89.472 89.439 88.627 85.114 82.987 83.444 83.499 83.797 85.082 85.344 85.242 85.257 85.207 85.259 85.534 85.862 86.247 86.534 86.749 86.919 87.037 87.184 88.944 87.299 87.357 87.517 87.722 88.087 88.159 88.442 88.929 89.124 90.117 90.329 90.394 95.354 96.772 98.284 97.934 97.089 93.399 91.789 92.442 92.787 93.079 93.327 93.669 93.852
78.947 79.062 79.142 79.224 79.297 79.419 79.537 79.677 79.727 79.912 79.974 80.144 80.254 80.474 80.229 80.642 81.179 81.797 82.009 82.007 82.072 87.084 88.872 89.672 89.437 88.759 86.469 83.452 83.732 84.579 85.289 85.344 85.604 85.272 85.224 85.332 85.627 86.014 86.402 86.649 86.829 87.054 88.019 87.909 87.452 89.254 87.737 87.722 87.897 88.072 88.552 88.517 89.357 91.259 89.977 90.099 90.262 90.382 96.159 97.472 98.279 97.934 97.409 94.219 92.309 92.669 92.944 93.499 93.737 93.949
79.004 79.119 79.224 79.319 79.382 79.497 79.647 79.802 79.864 80.002 80.137 80.189 80.309 80.464 80.672 80.564 82.017 81.687 81.982 82.007 82.097 82.879 87.894 88.857 89.662 90.082 89.289 86.732 83.629 84.674 85.362 85.822 85.362 85.299 85.229 85.362 85.724 86.182 86.552 86.744 86.889 87.184 87.699 87.367 87.784 87.989 88.662 88.027 88.082 88.247 88.444 89.297 88.864 89.209 89.597 89.582 90.292 91.084 91.349 95.607 97.459 98.562 98.884 98.064 94.302 92.409 93.247 93.684 93.752 93.947
79.067 79.189 79.292 79.387 79.469 79.607 79.842 79.984 79.927 80.184 80.272 80.284 80.392 80.532 80.704 80.952 80.847 81.329 81.194 82.037 82.417 82.697 82.839 87.749 89.419 90.224 90.087 89.309 84.402 84.199 85.439 85.322 85.337 85.297 85.244 85.427 85.847 86.299 86.657 86.847 87.007 87.117 87.222 87.584 87.754 88.249 88.302 89.097 88.387 88.419 88.607 88.814 88.977 89.212 89.662 90.114 90.467 90.889 91.214 91.277 96.319 98.334 99.137 98.892 98.087 97.757 99.047 93.689 93.584 94.097
79.144 79.274 79.392 79.507 79.534 79.684 80.009 80.189 80.212 80.222 80.379 80.422 80.452 80.597 80.797 81.057 81.244 81.117 81.419 81.959 82.324 82.649 82.739 83.292 86.532 89.414 90.239 85.949 83.869 85.107 85.457 85.329 85.334 85.304 85.287 85.522 85.972 86.419 86.719 87.197 86.897 86.969 87.639 87.787 88.109 88.224 88.337 88.764 89.359 88.729 88.769 88.954 89.154 89.324 89.564 90.399 91.867 90.479 91.009 91.707 92.142 96.464 98.317 99.109 99.184 100.569 99.889 99.089 94.094 94.789
79.202 79.329 79.469 79.619 79.577 79.722 79.927 80.134 80.724 80.722 80.464 80.614 80.584 80.762 80.849 81.079 81.257 81.472 81.469 81.822 82.582 82.467 83.047 83.284 83.347 87.229 86.064 84.004 84.754 85.289 85.449 85.322 85.324 85.272 85.354 85.627 86.147 86.567 89.012 92.649 90.432 86.889 87.409 88.024 88.262 88.222 88.412 89.039 89.457 89.074 89.104 89.159 89.309 89.514 89.694 89.924 90.267 90.639 91.064 91.897 92.087 92.182 94.812 96.869 98.944 99.882 100.567 100.004 100.417 94.904
79.269 79.384 79.567 79.692 79.562 79.552 79.629 79.664 79.862 80.324 80.459 80.664 80.694 80.849 80.954 81.122 81.307 81.534 81.822 81.792 83.897 82.652 82.884 83.287 83.357 83.582 83.574 84.079 84.852 85.449 85.422 85.314 85.317 85.272 85.382 85.747 86.372 88.624 93.587 93.492 92.714 89.564 87.677 87.854 88.449 88.329 88.942 89.029 89.104 89.274 91.644 89.724 89.529 89.654 89.894 90.082 90.279 90.612 93.204 91.239 91.817 92.072 92.159 93.469 94.082 98.612 99.847 101.869 101.262 100.479
79.329 79.427 79.707 79.677 79.532 79.534 79.552 79.542 79.544 79.624 80.362 80.692 80.837 80.962 81.082 81.239 81.434 81.644 81.867 82.094 82.109 82.629 82.597 83.139 83.444 83.607 83.797 84.352 84.997 85.502 85.377 85.317 85.289 85.239 85.394 85.872 86.814 91.432 92.752 93.559 93.557 93.737 90.939 87.792 87.919 88.882 89.062 89.049 89.487 89.452 89.969 90.112 89.882 89.892 90.017 90.259 90.452 91.389 90.962 91.172 91.249 91.387 94.592 93.544 93.444 93.662 100.307 101.087 101.842 101.279
79.374 79.529 79.727 79.614 79.539 79.537 79.539 79.542 79.554 79.572 80.584 80.752 80.964 81.047 81.207 81.419 81.532 81.742 81.929 82.224 82.447 82.449 84.354 83.044 83.429 83.717 84.004 84.549 85.134 85.464 85.327 85.307 85.307 85.237 85.392 85.834 86.644 86.767 89.947 92.732 94.524 94.559 93.757 91.379 88.422 88.849 89.039 89.282 89.374 90.159 89.854 89.974 91.589 90.899 90.259 90.399 90.612 90.927 91.984 91.252 91.299 93.187 94.009 93.459 93.682 94.587 94.749 100.289 101.082 102.969
79.442 79.657 79.672 79.554 79.537 79.542 79.544 79.539 79.562 79.729 80.669 80.814 80.977 81.149 81.322 81.407 81.599 81.767 81.994 82.289 82.562 82.777 82.762 83.084 83.474 83.829 84.219 84.677 85.204 85.419 85.287 85.302 85.292 85.272 85.482 86.272 86.604 87.137 87.157 91.547 93.689 94.459 94.629 94.717 92.752 88.754 89.564 89.939 89.737 89.854 89.912 90.152 90.514 92.837 90.609 90.614 90.742 90.949 91.132 91.244 91.537 93.212 93.382 93.677 96.174 94.569 94.739 94.817 101.224 102.339
79.472 79.647 79.684 79.562 79.537 79.547 79.542 79.537 79.557 80.222 80.769 80.902 81.054 81.224 81.267 81.559 81.804 81.987 82.172 82.344 82.619 82.894 83.127 83.104 83.429 83.842 84.332 84.784 85.274 85.397 85.269 85.299 85.259 85.317 85.607 86.487 87.214 87.654 87.667 87.759 89.932 93.654 95.107 95.639 94.814 92.867 88.887 89.687 89.744 89.904 90.184 90.357 90.704 90.847 92.354 91.469 90.954 91.069 91.249 91.372 91.519 91.759 93.152 93.884 94.979 94.639 94.844 95.887 96.032 101.509
79.484 79.629 79.604 79.549 79.537 79.537 79.537 79.539 79.564 80.612 80.774 80.944 81.127 81.124 81.314 81.612 81.879 82.134 82.319 82.507 82.699 82.949 83.174 83.432 83.419 83.759 84.257 84.797 85.359 85.362 85.264 85.289 85.239 85.342 85.692 86.509 87.422 87.762 87.914 87.947 87.937 91.802 94.614 95.399 95.644 94.844 94.032 89.657 89.859 90.147 90.274 90.677 90.824 90.862 90.987 93.079 91.254 91.282 91.432 91.552 91.612 91.824 92.424 93.122 94.662 94.952 96.587 95.449 95.799 96.017
79.472 79.572 79.579 79.539 79.542 79.537 79.534 79.542 79.587 80.667 80.627 80.687 80.819 80.859 81.204 81.484 81.884 82.187 82.374 82.672 82.724 83.002 84.262 83.529 83.959 83.764 84.097 84.737 85.327 85.304 85.257 85.259 85.204 85.359 85.719 86.484 87.204 87.844 88.012 88.167 88.372 88.719 91.237 94.589 95.369 96.599 95.879 93.677 89.704 90.037 90.524 90.697 90.804 91.147 90.962 91.424 91.447 91.619 91.629 91.724 91.782 91.847 92.037 93.279 93.852 94.907 95.844 95.657 95.869 97.834
79.449 79.492 79.522 79.527 79.542 79.534 79.537 79.552 79.959 80.677 80.619 80.679 80.712 80.769 80.839 81.222 81.767 82.244 82.499 82.782 82.877 83.074 83.299 83.574 84.052 84.429 84.279 84.752 85.327 85.237 85.239 85.249 85.187 85.402 85.759 86.379 87.022 87.619 88.139 88.284 88.407 88.562 88.784 89.137 95.317 96.319 96.687 95.887 94.489 90.604 90.639 90.692 90.919 91.082 91.509 91.397 91.452 92.449 91.924 91.862 91.934 92.744 92.172 92.827 93.604 94.442 95.654 95.737 98.064 98.907
79.307 79.367 79.524 79.662 79.597 79.537 79.542 79.579 80.517 80.584 80.619 80.672 80.719 80.762 80.832 81.232 81.779 82.332 82.597 82.849 83.034 83.134 83.379 83.639 84.542 84.464 85.162 85.227 85.452 85.187 85.229 85.242 85.202 85.429 85.817 86.344 86.914 87.494 87.989 88.427 88.539 88.664 88.844 89.609 91.167 95.489 96.247 96.722 96.917 95.862 90.602 91.092 91.002 91.294 91.277 91.462 91.459 92.127 92.194 92.042 92.119 92.649 92.247 92.642 93.417 94.312 94.997 95.757 96.079 96.067
79.272 80.004 80.082 79.882 79.922 80.114 80.002 79.647 80.617 80.562 80.607 80.659 80.707 80.774 80.887 81.369 81.869 82.419 82.742 82.979 83.164 83.209 83.477 83.774 84.189 84.569 85.654 87.052 85.294 85.152 85.212 85.214 85.234 85.477 85.889 86.309 86.819 87.384 87.867 88.302 88.687 88.812 88.957 89.334 89.657 90.604 95.297 97.127 97.702 96.922 94.909 90.934 92.209 91.237 91.439 91.439 91.437 91.442 92.612 92.242 92.254 92.239 92.332 92.647 93.399 94.287 94.907 95.227 95.892 96.107
79.574 80.542 80.672 80.694 80.599 80.424 80.629 80.517 80.604 80.562 80.607 80.652 80.709 80.769 80.907 81.392 81.994 82.512 82.854 82.984 83.317 83.334 83.592 83.934 84.359 84.704 85.464 87.252 85.264 85.159 85.224 85.187 85.279 85.537 85.917 86.329 86.804 87.302 87.792 88.247 88.682 89.029 89.102 89.209 89.662 89.852 91.942 96.427 97.224 97.724 96.979 90.697 94.174 92.859 91.917 91.377 91.387 91.429 92.834 92.422 92.364 92.367 92.414 92.704 93.389 94.247 94.759 95.097 95.982 96.109
79.929 80.639 80.689 80.722 80.654 80.734 82.234 80.677 80.532 80.554 80.604 80.659 80.712 80.764 81.072 81.529 82.104 82.634 82.907 82.969 83.399 83.469 83.709 84.029 84.427 84.809 85.689 86.809 85.199 85.162 85.207 85.154 85.294 85.592 85.939 86.369 86.832 87.347 87.867 88.314 88.764 89.154 89.419 89.397 89.969 90.799 91.249 90.897 96.387 97.182 91.684 92.892 96.997 97.822 93.812 91.372 91.354 91.402 92.902 92.549 92.462 92.469 92.519 92.757 93.382 94.194 94.672 95.569 97.384 96.827
80.274 80.627 80.632 80.659 80.654 80.739 82.447 80.844 80.522 80.557 80.609 80.662 80.714 80.792 81.262 81.602 82.212 82.669 82.887 82.997 83.434 83.572 83.789 84.689 84.487 84.914 85.519 87.337 85.147 85.172 85.194 85.144 85.274 85.619 85.979 86.434 86.902 87.427 87.962 88.467 88.929 89.342 89.672 89.972 90.119 90.204 90.574 90.667 91.559 91.469 92.319 96.977 97.777 98.337 97.519 92.799 91.362 91.389 92.752 92.624 92.557 92.549 92.609 92.829 93.414 94.129 95.312 95.607 95.664 96.097
80.532 80.579 80.639 80.647 80.644 80.889 82.102 80.772 80.507 80.564 80.619 80.667 80.714 80.937 81.432 81.719 82.289 82.729 82.877 83.049 83.534 83.632 83.889 84.284 84.597 86.587 86.034 87.349 85.142 85.177 85.192 85.147 85.339 85.664 86.077 86.534 87.004 87.512 88.067 88.604 89.104 89.549 89.907 90.082 90.109 90.522 90.414 91.549 91.122 91.057 96.934 97.754 98.344 97.559 96.707 91.409 91.382 91.542 92.864 92.654 92.624 92.612 92.684 92.912 93.592 95.074 97.069 95.464 95.694 96.737
80.582 80.584 80.659 80.624 80.742 82.142 81.742 80.587 80.512 80.562 80.612 80.669 80.704 81.044 81.532 81.877 82.364 82.737 82.904 83.344 83.567 83.654 83.994 84.354 84.759 85.934 85.642 85.364 85.139 85.184 85.184 85.164 85.419 85.759 86.167 86.644 87.139 87.627 88.162 88.724 89.252 89.664 89.937 89.952 90.102 90.422 90.464 90.669 91.509 96.909 97.734 98.352 97.582 96.749 91.384 91.429 91.977 92.709 92.824 92.684 92.692 92.672 92.784 93.107 94.104 97.602 95.482 96.159 95.782 102.239
80.572 80.612 80.677 80.619 80.834 82.152 80.784 80.489 80.512 80.569 80.627 80.667 80.717 81.169 81.717 81.989 82.354 82.827 83.047 83.357 83.577 83.779 84.192 84.564 84.817 85.257 86.649 85.237 85.139 85.179 85.154 85.217 85.482 85.829 86.294 86.787 87.312 87.807 88.312 88.832 89.307 89.644 89.752 90.039 90.389 90.489 90.494 90.977 95.939 97.339 98.287 97.627 96.784 91.322 92.147 92.252 94.327 92.817 92.812 92.739 92.729 92.702 92.857 93.349 95.642 96.139 96.169 96.539 102.227 103.044
