dsm/se2936_DSM_2M.asc
ncols 500
nrows 500
xllcorner    429000
yllcorner    436000
cellsize     2
NODATA_value -9999
[rows 248 to 278 of 500, columns 345 to 413 of 500]
111.859 111.804 111.789 111.809 111.857 111.902 111.942 111.972 112.204 112.647 111.997 112.024 112.089 112.122 112.387 112.302 112.349 112.379 112.562 112.584 112.582 112.804 112.969 112.824 112.777 112.677 112.627 112.779 112.732 113.749 113.082 113.022 113.074 117.992 119.457 120.029 120.372 119.924 118.807 113.409 114.457 119.079 120.177 120.442 120.112 119.097 114.657 113.209 114.817 118.609 117.912 114.904 113.302 112.729 112.727 112.691 112.624 112.947 112.766 115.606 115.387 112.739 112.534 112.442 112.414 112.539 112.628 112.418 112.39
111.934 111.944 112.974 112.139 111.927 111.864 111.869 111.919 111.982 112.029 112.064 112.074 112.092 113.037 112.689 112.159 112.287 112.359 112.397 112.422 112.469 112.582 112.784 118.362 113.242 112.707 112.597 112.587 113.012 112.969 112.927 113.042 113.387 116.114 118.614 119.212 119.252 119.497 118.517 113.282 116.389 119.362 120.064 120.367 119.897 118.792 112.957 113.099 117.567 119.237 119.387 119.079 118.779 117.927 114.497 112.694 112.726 118.313 117.964 117.97 116.168 113.549 113.395 113.897 113 114.07 115.663 113.108 112.397
112.094 112.342 112.187 112.024 111.944 111.879 111.902 111.939 111.969 111.984 112.032 112.069 112.107 112.137 112.169 112.199 113.077 112.892 112.657 112.389 112.427 112.484 112.592 114.289 112.707 112.569 112.599 112.627 112.609 113.137 112.974 112.949 113.487 112.992 113.034 113.092 114.967 117.092 114.547 113.012 117.347 118.134 118.949 119.244 119.524 118.484 112.954 113.492 118.422 119.517 120.487 120.207 119.802 118.769 112.917 112.667 112.814 118.669 119.402 119.157 118.923 118.615 113.747 117.296 118.537 118.294 117.971 116.764 114.602
111.919 111.949 112.007 112.194 112.012 111.914 111.964 111.999 112.019 112.084 112.197 112.209 112.134 112.119 112.152 112.202 112.264 112.297 112.317 112.492 112.342 112.892 112.544 112.429 112.462 112.539 112.599 112.607 112.854 112.694 113.477 112.827 113.187 113.094 113.039 112.942 112.979 113.237 113.399 112.917 112.964 113.029 114.479 116.884 117.209 116.669 112.814 113.157 118.727 119.849 120.739 120.702 119.577 118.454 112.752 112.612 115.532 118.918 120.058 120.303 119.517 118.455 113.26 117.482 119.109 119.413 119.167 118.888 117.871
111.862 111.907 111.927 112.682 111.844 111.812 111.894 111.974 112.064 112.192 112.297 112.329 112.947 113.479 112.384 112.317 112.252 112.247 112.294 112.337 112.374 112.404 112.439 112.469 112.509 112.557 112.599 112.602 112.584 112.847 112.669 112.712 113.067 113.204 114.264 112.799 112.854 113.829 112.902 112.844 112.864 112.934 113.022 113.007 113.642 112.912 112.842 116.317 118.977 119.324 119.629 119.952 119.279 117.809 112.707 112.594 118.019 119.116 119.444 119.682 119.287 118.172 112.836 118.031 119.264 120.254 119.959 118.844 116.463
111.767 111.812 111.847 112.507 111.689 111.709 112.677 111.874 112.209 112.119 112.474 112.414 112.644 112.487 112.507 112.504 112.484 112.477 112.447 112.412 112.344 112.387 112.439 112.477 112.524 112.539 112.572 112.602 112.597 112.557 112.564 112.569 112.659 112.712 112.699 112.702 113.254 112.739 112.802 112.769 112.787 112.832 112.872 112.874 113.914 112.879 113.539 113.602 113.862 117.184 118.504 119.182 118.972 115.209 112.732 112.559 116.984 118.022 118.341 118.569 118.793 117.924 113.778 118.409 118.961 119.159 119.404 118.576 113.843
111.702 111.732 111.867 112.024 111.692 111.647 112.482 112.374 111.889 112.037 112.227 112.299 112.464 112.582 112.904 112.902 112.749 112.594 112.597 112.584 112.564 112.567 112.532 112.422 112.464 112.502 112.534 112.567 112.574 112.559 112.552 112.519 112.492 112.562 112.542 112.597 112.817 112.682 112.702 112.692 113.509 113.447 112.744 112.707 112.847 112.872 113.027 112.767 112.784 112.717 112.727 113.332 116.614 112.829 112.887 112.597 112.582 112.672 113.002 112.947 114.38 114.263 112.589 114.424 117.899 118.473 118.301 118.278 112.798
111.679 111.662 111.754 112.169 111.942 111.772 111.769 111.817 111.852 113.229 112.137 112.487 112.519 112.527 112.482 112.482 112.494 112.529 112.929 112.939 112.757 112.644 112.664 112.632 112.649 112.634 112.574 112.524 112.509 112.522 112.537 112.552 112.542 112.544 112.784 112.464 113.014 112.412 112.657 112.514 112.594 112.619 112.622 112.612 112.637 112.619 112.649 112.664 112.662 112.649 112.739 112.822 112.837 112.777 112.674 112.759 112.549 112.617 112.644 112.617 112.572 112.472 112.427 112.461 112.524 112.733 113.216 114.049 112.502
111.682 115.779 117.862 117.664 117.409 116.657 115.452 112.929 111.772 112.072 112.459 112.617 114.094 114.077 115.222 112.414 112.417 112.449 112.492 112.524 112.562 112.549 112.599 112.719 112.754 112.757 113.544 112.724 112.704 112.649 112.567 112.504 112.509 112.509 112.509 112.502 112.487 112.457 112.782 113.054 112.567 112.609 112.442 112.482 112.524 112.542 112.557 112.557 112.684 112.577 112.709 112.707 112.712 112.627 112.599 113.002 112.529 112.559 112.547 112.489 112.477 112.404 112.409 112.432 112.438 112.478 112.472 112.338 112.185
111.737 118.994 118.784 118.534 118.309 118.047 117.839 115.002 111.862 112.259 112.569 112.572 113.864 112.949 112.379 113.659 112.357 112.387 112.419 112.447 112.467 112.494 112.542 112.567 112.604 114.364 116.754 113.404 112.832 112.807 112.744 112.709 112.634 112.582 112.502 112.462 112.457 112.447 112.442 112.432 112.424 112.389 112.384 112.452 113.069 112.779 112.392 112.482 112.512 112.522 112.522 112.507 112.524 112.509 112.494 112.452 112.462 112.479 112.472 112.422 112.402 112.372 112.379 112.377 112.437 112.427 112.417 112.292 112.239
112.052 118.804 119.042 119.237 119.164 118.984 118.739 113.097 111.917 112.359 112.572 112.504 112.404 113.254 112.309 112.297 112.292 112.334 112.357 112.397 112.402 112.434 112.479 112.524 112.549 112.569 112.582 112.612 113.077 112.912 112.822 112.824 112.774 112.737 112.712 112.644 112.594 112.512 112.414 112.399 112.399 112.387 112.372 112.359 112.357 112.412 112.644 112.232 112.962 112.349 112.414 112.409 112.414 112.414 112.412 112.404 112.659 113.402 112.877 112.377 112.322 112.327 112.324 112.314 112.402 112.389 112.374 112.314 112.254
113.304 117.899 118.152 118.364 118.592 118.807 119.039 111.664 112.014 112.489 112.549 112.709 112.364 112.312 112.294 112.267 112.222 112.269 112.307 112.342 112.359 112.402 112.437 112.497 114.579 112.619 112.544 112.549 112.572 112.589 112.637 112.672 113.212 112.794 112.909 112.774 112.714 112.674 112.617 112.504 112.464 112.397 112.319 112.319 112.334 112.337 112.332 112.322 112.387 112.997 112.272 112.192 112.169 112.249 112.299 112.344 112.337 112.339 112.469 112.307 112.274 112.772 112.457 112.292 112.317 112.352 112.352 112.392 112.284
111.884 113.184 114.934 117.457 117.679 117.932 118.134 111.664 111.952 112.534 112.502 112.839 112.329 112.304 112.282 112.257 112.234 112.239 112.259 112.292 112.324 112.372 112.429 112.457 118.277 118.164 117.549 113.812 112.502 112.517 112.537 112.572 112.599 112.604 112.622 112.917 113.162 113.024 112.769 112.652 112.574 112.524 112.484 112.437 112.402 112.314 112.289 112.287 112.294 112.282 112.274 112.274 112.262 112.399 113.042 112.182 112.227 112.237 112.244 112.242 112.222 112.352 112.267 112.227 112.232 112.279 112.267 112.264 112.229
112.599 111.739 111.764 114.049 114.689 115.197 114.939 111.687 112.142 112.517 112.444 112.722 112.302 112.289 112.274 112.282 112.264 112.249 112.267 112.282 112.294 115.022 114.934 115.069 118.687 119.402 119.034 118.707 118.104 117.534 115.009 113.449 112.522 112.507 112.519 112.542 112.542 112.607 112.612 113.007 112.574 112.754 112.599 112.577 112.544 112.504 112.457 112.384 112.302 112.217 112.217 112.237 112.229 112.212 112.192 112.189 112.574 112.132 112.049 112.049 112.092 112.137 112.137 112.164 112.189 112.277 112.197 112.182 112.172
111.967 111.752 111.752 111.782 111.804 111.807 111.747 111.767 112.249 112.477 112.482 112.457 112.272 112.277 112.279 112.279 112.274 112.262 112.282 112.677 112.337 115.094 115.022 117.704 118.994 120.217 120.274 119.914 119.574 119.209 118.809 117.832 112.442 112.432 112.582 112.412 112.404 112.427 112.439 112.479 112.469 112.834 112.559 112.914 112.782 112.582 112.552 112.519 112.459 112.412 112.364 112.299 112.224 112.169 112.174 112.194 112.167 112.132 112.094 112.077 112.057 112.014 112.087 112.227 112.102 112.089 112.107 112.112 112.119
111.587 111.717 111.702 111.734 111.754 111.844 112.242 111.794 112.282 112.359 112.624 112.254 112.242 112.244 112.257 112.274 112.277 112.289 112.302 112.347 113.729 115.002 115.019 118.124 119.224 119.837 120.202 120.517 120.689 120.027 118.792 115.444 112.362 112.337 112.324 112.294 112.274 112.277 112.327 112.364 112.379 112.529 112.392 112.409 112.424 112.527 113.867 113.407 112.517 112.519 112.467 112.404 112.372 112.339 112.282 112.229 112.162 112.112 112.087 112.082 112.064 112.074 112.047 112.314 112.409 112.674 111.929 111.972 111.989
111.744 111.892 111.844 111.904 111.712 112.019 111.729 111.987 112.197 112.254 112.802 112.204 112.202 112.212 112.224 112.259 112.274 112.272 112.282 112.372 114.962 115.022 115.027 117.914 118.287 118.622 118.984 119.337 119.654 119.657 118.457 115.114 114.904 113.774 112.637 112.217 112.184 112.182 112.237 112.279 112.294 112.304 112.289 112.324 112.332 112.354 117.822 116.677 112.354 112.342 112.372 112.464 112.484 112.452 112.407 112.347 112.299 112.262 112.204 112.072 112.034 112.039 112.054 112.054 112.054 112.022 111.997 112.182 112.299
111.672 111.372 111.327 112.469 111.764 111.782 111.849 111.974 112.337 114.777 112.684 112.152 112.152 112.157 112.184 112.199 112.237 112.242 112.244 112.254 115.739 115.984 115.602 115.022 115.017 115.369 116.919 118.097 118.442 118.754 118.134 115.082 115.192 114.967 112.254 112.202 112.142 112.124 112.172 112.209 112.212 112.204 112.209 112.237 112.274 112.292 113.894 115.074 112.494 112.327 113.267 112.362 112.467 112.517 112.564 112.462 112.397 112.347 112.299 112.242 112.194 112.172 112.154 112.067 112.007 111.994 111.972 111.949 111.919
110.929 111.242 111.257 112.774 111.857 112.722 113.207 113.954 114.844 115.127 112.117 112.099 112.109 112.107 112.129 112.144 112.189 112.187 112.224 112.272 116.062 116.707 115.437 114.059 112.642 112.874 114.519 114.994 115.077 116.217 117.679 116.694 116.172 114.984 112.274 112.237 112.197 112.207 112.197 112.179 112.149 112.084 112.124 112.192 112.794 114.917 115.034 116.972 115.164 113.299 112.519 112.359 112.442 112.489 112.399 112.342 113.232 112.442 112.339 112.297 112.297 112.282 112.254 112.224 112.184 112.142 112.067 111.967 111.874
110.889 111.422 111.267 111.449 113.524 113.632 113.237 112.862 113.442 112.569 112.079 112.069 112.062 112.069 112.082 112.099 112.129 112.167 112.224 113.404 116.399 116.377 115.112 112.894 112.504 112.322 112.302 115.042 115.044 115.004 115.842 115.194 115.417 114.904 113.077 112.264 113.127 113.047 112.419 112.259 112.222 112.152 112.247 112.207 113.932 114.964 114.942 118.227 118.804 118.497 117.207 115.854 112.844 111.832 112.359 112.887 112.272 112.274 112.282 112.289 112.359 112.399 112.324 112.287 112.229 112.187 112.134 112.092 112.022
112.904 113.189 112.294 113.079 111.634 111.609 111.692 114.002 113.012 112.454 112.069 112.054 112.052 112.064 112.084 112.109 112.132 112.182 112.237 115.272 116.724 116.054 115.012 112.379 112.302 112.279 112.407 115.039 115.042 115.012 117.279 117.199 116.882 115.879 115.349 115.184 115.064 114.977 114.697 114.327 113.604 112.232 112.224 112.242 115.002 114.979 115.292 118.572 119.747 119.679 119.332 119.014 118.669 118.132 117.287 112.594 112.659 112.254 112.244 112.262 112.317 114.052 112.447 112.359 112.287 112.214 112.177 112.117 112.042
111.892 111.199 111.089 111.234 111.422 111.559 111.667 112.637 112.504 112.167 112.052 112.059 112.072 112.079 112.097 112.122 112.149 112.199 112.254 115.867 116.802 115.697 114.944 112.314 112.377 112.282 112.294 112.842 115.017 115.659 117.647 118.382 117.289 112.972 112.169 112.192 115.007 114.987 115.072 115.039 114.999 113.329 112.314 112.269 114.987 115.054 116.844 118.899 120.074 120.624 120.552 120.222 119.907 119.199 118.037 112.242 112.312 113.629 112.772 112.192 112.209 112.217 113.159 113.499 112.444 112.192 112.249 112.164 112.362
110.752 110.874 110.999 111.129 111.337 111.994 111.667 114.599 112.752 112.062 112.044 112.049 112.092 112.114 112.132 112.154 112.177 112.214 112.452 116.207 116.592 115.259 113.547 112.339 112.604 112.259 112.884 112.602 114.992 116.804 117.967 118.129 116.944 112.139 112.119 112.137 112.214 113.457 114.524 114.979 115.094 115.357 115.332 115.394 114.989 114.999 118.032 118.769 119.132 119.449 119.802 120.157 120.082 118.882 118.447 113.657 112.202 112.187 112.187 112.162 113.919 112.147 112.567 113.032 112.262 113.029 112.592 112.202 117.079
110.644 110.804 110.947 111.117 111.332 111.634 111.647 112.187 112.322 112.022 112.022 112.064 112.112 114.652 112.492 112.167 112.187 112.222 113.922 116.494 116.239 115.039 112.367 112.357 112.429 112.447 112.274 112.367 115.004 117.122 118.299 117.804 116.034 112.057 112.072 112.104 112.137 112.142 112.162 112.237 112.757 112.209 112.867 114.404 115.354 115.049 115.222 116.042 117.907 118.239 118.612 118.914 119.234 118.532 115.752 114.974 114.967 114.422 112.224 113.792 112.787 112.089 112.077 112.087 112.799 113.389 112.194 114.194 117.374
111.022 111.009 110.952 111.104 111.312 112.734 111.902 112.292 112.052 112.037 112.014 112.034 112.252 117.182 117.057 116.742 115.872 112.244 115.674 116.747 115.922 115.002 112.367 112.352 112.422 112.384 112.387 113.112 115.084 117.477 118.537 117.504 114.649 112.019 112.019 112.037 112.059 112.069 112.087 112.094 112.109 112.144 112.149 115.544 116.647 115.904 114.989 113.999 114.979 114.982 115.627 117.324 118.042 118.144 114.999 114.994 115.052 112.639 112.184 112.172 112.317 112.099 112.047 112.057 113.187 112.562 112.157 116.504 117.714
110.887 110.774 111.039 111.157 111.202 111.462 111.659 112.252 112.037 112.007 111.997 111.982 115.509 117.544 118.227 117.757 116.702 114.997 115.129 115.612 115.549 114.852 113.284 112.384 112.409 112.497 112.702 114.434 116.189 117.774 118.357 117.182 112.607 111.964 111.979 111.992 112.017 112.014 112.022 112.029 112.072 112.092 112.102 115.964 116.752 115.514 114.594 112.284 112.277 112.477 113.087 114.322 114.984 115.174 115.007 114.984 114.974 112.342 113.352 112.817 112.179 112.144 113.122 112.447 113.572 112.382 112.159 116.784 117.879
110.579 110.724 111.049 111.057 111.144 111.394 111.607 112.109 111.992 111.994 111.974 111.959 116.699 117.507 117.827 117.849 117.487 117.182 116.849 116.012 115.022 115.012 114.959 113.737 112.552 112.442 112.339 115.012 116.917 118.064 118.027 116.832 111.929 111.924 111.927 111.929 111.959 111.959 111.979 112.019 112.042 112.057 112.157 116.307 116.434 115.157 113.844 112.299 112.314 112.367 112.434 112.437 114.999 116.864 116.384 115.779 115.219 112.362 112.264 112.257 112.199 112.164 112.342 113.704 113.052 112.162 113.477 117.064 117.737
110.469 110.627 110.927 111.039 111.214 111.342 111.712 112.097 111.967 111.957 111.942 111.922 112.379 114.499 116.679 116.977 117.352 118.177 118.024 117.684 117.372 117.069 116.637 115.434 115.029 115.007 114.734 115.007 117.184 117.587 117.692 115.899 111.887 111.869 111.882 111.879 111.889 111.924 111.959 111.989 112.009 112.032 114.489 116.624 116.097 115.019 112.432 112.234 112.754 112.579 112.367 112.519 114.992 117.199 117.829 117.472 115.374 113.152 112.249 112.219 112.207 112.189 112.229 113.569 112.449 112.204 115.062 114.964 114.669
110.299 110.517 110.699 111.002 111.432 112.154 115.394 112.019 111.942 111.922 111.909 111.892 111.882 111.902 111.882 114.182 117.297 117.719 118.057 118.389 118.489 118.229 117.912 117.597 117.257 116.919 115.979 115.132 115.147 115.417 116.497 113.417 111.854 111.827 111.839 111.834 111.822 111.874 111.904 111.954 111.997 112.012 115.782 116.824 115.782 114.992 112.289 112.492 112.357 112.234 112.472 113.837 115.512 117.524 118.467 117.367 113.847 112.217 112.684 112.219 112.242 112.234 112.749 112.867 112.444 112.359 115.177 114.879 114.559
111.469 110.382 110.702 111.009 111.052 111.309 111.989 114.532 111.937 111.897 111.889 111.844 111.849 111.859 111.879 111.894 112.437 115.257 116.854 117.202 117.877 118.689 118.184 118.454 118.372 118.072 117.772 117.439 117.137 116.662 115.827 115.137 115.092 112.567 112.649 111.892 111.804 111.837 111.874 111.929 111.967 111.979 116.082 116.624 115.324 114.452 112.257 112.247 112.584 113.404 112.267 114.989 116.439 117.879 118.232 117.047 112.257 112.904 112.187 112.219 112.237 112.252 113.269 112.527 112.254 113.932 115.069 114.769 114.459
110.184 110.427 110.957 110.792 110.884 111.574 115.854 115.099 111.917 111.964 111.827 111.747 111.789 111.807 111.812 111.834 111.832 111.829 111.809 111.812 114.107 116.192 117.242 117.334 117.634 117.979 118.294 118.472 118.259 117.954 117.637 117.284 116.982 116.612 116.339 115.757 114.349 112.874 112.504 111.887 111.989 113.194 116.424 116.322 115.027 113.282 113.167 112.259 115.167 115.927 115.012 115.004 117.032 118.192 117.912 116.722 112.659 113.462 112.152 112.159 112.189 112.229 112.262 112.562 112.262 115.314 114.974 114.659 112.992
