dsm/se2934_DSM_2M.asc
ncols 500
nrows 500
xllcorner    429000
yllcorner    434000
cellsize     2
NODATA_value -9999
[rows 32 to 63 of 500, columns 355 to 425 of 500]
76.182 76.182 76.162 77.407 76.074 75.879 77.609 78.794 78.914 78.572 75.594 77.099 81.282 83.709 84.264 85.004 84.902 85.269 85.672 84.582 82.954 84.624 84.464 84.292 84.762 81.189 74.252 74.252 74.114 73.992 73.969 73.944 73.902 73.859 73.817 73.882 74.489 75.074 81.682 85.902 86.302 86.884 86.342 88.184 88.132 87.94 87.61 77.925 74.895 74.325 75.01 74.212 73.985 73.95 73.877 73.837 73.807 73.755 74.202 73.485 73.36 73.247 75.375 80.46 81.262 80.487 72.557 70.32 70.307 70.287 70.307
76.349 76.357 76.329 76.927 76.287 76.197 76.124 75.939 76.509 76.064 75.907 75.767 76.194 76.769 84.557 84.654 83.599 83.942 84.282 79.152 84.262 84.409 84.572 84.737 84.512 80.259 74.334 74.324 74.299 74.092 73.962 73.929 73.899 73.849 73.814 73.767 73.819 74.582 75.074 77.734 84.574 84.557 88.074 88.322 88.264 88.15 87.972 84.895 84.997 84.575 76.805 75.122 75.037 74.652 74.072 73.947 73.817 73.72 73.642 73.482 73.367 73.257 77.285 80.732 81.095 80.2 71.42 70.355 70.34 70.437 70.502
76.557 76.539 76.492 76.467 76.564 76.477 76.342 77.622 79.597 76.224 77.617 76.072 75.949 75.572 75.507 75.499 76.817 76.402 75.902 77.479 83.687 83.844 83.992 84.334 84.092 74.484 74.409 74.399 74.377 74.177 74.019 73.912 73.867 73.839 73.809 73.777 73.717 73.762 73.807 84.897 84.559 87.192 88.227 88.299 88.322 88.277 88.17 88.012 87.79 86.895 84.59 78.747 75.135 75.282 74.235 74.06 73.732 73.662 73.58 73.46 73.365 73.25 80.165 81.03 80.807 75.872 70.947 70.44 70.41 70.425 70.455
76.994 76.719 76.674 78.937 79.022 76.717 76.602 77.652 76.444 76.429 76.617 76.219 75.922 75.734 75.717 75.707 75.622 75.579 75.637 82.857 83.707 83.389 83.437 84.709 83.712 74.512 74.499 74.474 74.399 74.219 74.092 73.964 73.859 73.812 73.794 73.772 73.722 73.674 73.679 73.734 86.454 87.859 88.064 88.214 88.294 88.322 88.29 88.195 88.035 87.827 87.132 84.59 82.18 74.5 74.852 73.777 73.662 73.59 73.522 73.437 73.347 75.732 80.44 81.237 80.51 72.5 70.772 70.505 70.492 70.527 70.537
77.152 76.764 76.774 80.654 80.807 76.914 77.154 80.442 76.604 77.064 76.957 76.492 76.207 75.907 75.979 75.924 75.822 75.717 75.634 84.862 84.867 84.587 84.232 84.859 81.087 74.569 74.569 74.527 74.357 74.267 74.174 74.042 73.922 73.819 73.752 73.732 74.254 73.664 73.617 73.612 73.664 87.129 87.819 88.017 88.184 88.287 88.325 88.302 88.215 88.07 87.872 87.575 84.877 74.515 75.025 73.88 74.307 73.745 73.49 73.42 73.337 79.07 80.72 81.12 80.232 71.667 70.732 70.61 70.577 70.617 71.85
76.792 76.767 76.769 80.467 80.652 81.109 81.629 82.854 79.467 77.872 76.692 76.569 76.517 76.067 76.294 76.134 75.922 75.817 76.804 81.144 84.064 84.429 84.707 84.599 77.687 74.677 74.637 74.514 74.419 74.344 74.244 74.122 74.047 73.924 73.782 73.694 73.892 73.614 73.609 73.574 73.527 73.597 83.337 87.764 87.989 88.177 88.282 88.327 88.307 88.237 88.097 87.905 86.17 78.067 75.195 74.882 73.812 73.515 73.46 73.395 73.325 80.052 81.012 80.837 75.175 71.492 70.737 70.707 70.685 70.695 70.727
76.872 76.867 76.892 76.884 76.859 77.457 80.162 82.084 76.889 77.854 76.674 76.537 76.347 76.284 76.309 76.842 76.359 76.137 76.127 75.279 75.259 78.547 84.637 84.277 75.009 74.757 74.677 74.574 74.517 74.427 74.349 74.292 74.262 74.147 73.999 73.864 73.649 73.599 73.582 73.562 73.514 73.459 73.514 79.994 87.729 87.967 88.137 88.26 88.317 88.317 88.247 88.112 87.945 82.602 77.182 74.665 74.647 73.727 73.44 73.395 73.367 80.01 81.267 80.557 71.96 71.382 70.817 70.787 70.77 70.792 70.82
76.977 76.992 77.019 77.002 76.959 76.914 76.874 76.864 76.847 76.817 76.659 76.479 76.357 76.334 76.397 76.882 77.404 76.232 75.264 75.264 75.254 81.929 84.869 82.572 74.894 74.834 74.737 74.664 74.562 74.564 74.487 74.362 74.249 74.177 74.089 73.967 73.824 73.627 73.539 73.537 73.507 73.454 73.392 73.447 76.802 87.69 87.925 88.127 88.24 88.312 88.315 88.265 88.147 87.975 83.565 84.047 74.067 73.38 73.427 73.392 75.625 78.665 78.272 78.16 71.92 71.347 70.892 70.885 70.867 71.485 71.965
77.077 77.124 77.142 77.117 77.077 77.029 76.997 76.947 76.939 76.852 76.699 76.547 76.437 76.352 76.254 76.177 77.124 76.717 75.267 75.254 75.242 84.154 84.764 78.449 74.967 74.874 74.832 74.737 74.664 74.694 74.627 74.534 74.369 74.157 74.062 74.019 73.919 73.759 73.587 73.474 73.469 73.434 73.384 73.327 73.357 74.92 87.63 87.885 88.08 88.225 88.307 88.325 88.285 88.165 88.025 87.8 83.502 73.397 73.4 73.395 75.967 79.47 79.387 76.977 71.77 71.237 70.997 70.97 70.965 70.99 71
77.882 77.859 77.284 77.244 77.184 77.137 77.102 77.027 77.324 76.904 76.762 76.634 76.492 76.394 76.284 76.184 76.119 82.412 82.597 79.082 76.727 84.474 84.457 75.754 75.034 76.117 74.934 74.827 74.842 74.857 74.827 74.817 74.619 74.339 74.112 73.987 73.909 73.839 73.714 73.557 73.407 73.389 73.377 73.314 73.259 73.25 74.6 86.925 87.85 88.062 88.22 88.297 88.315 88.29 88.197 85.635 84.64 73.407 73.38 73.422 78.03 78.367 78.727 72.572 71.497 71.187 71.107 71.08 71.065 71.345 71.072
78.754 77.884 77.532 77.407 77.332 77.254 77.222 77.294 77.199 76.954 76.827 76.697 76.567 76.442 76.337 76.234 77.517 81.779 81.929 82.102 83.812 85.707 84.762 75.172 75.197 75.099 75.019 74.907 74.984 75.019 75.009 75.027 74.902 74.712 74.427 74.114 73.897 73.814 73.742 73.649 73.514 73.327 73.322 73.292 73.237 73.182 73.145 73.19 84.89 87.825 88.022 88.185 88.28 88.325 86.66 84.592 75.965 73.28 73.335 73.812 73.47 73.545 74.365 71.767 71.407 71.297 71.22 71.187 71.377 72 72.345
78.107 77.894 77.737 77.577 77.484 77.412 77.562 77.457 77.204 76.972 77.794 76.744 77.574 76.489 76.372 76.257 77.647 76.352 78.787 78.499 84.829 85.644 82.179 75.297 75.214 75.179 75.104 75.054 75.157 75.229 75.192 75.152 75.099 75.029 74.709 74.387 74.127 73.934 73.722 73.639 73.599 73.464 73.262 73.227 73.229 73.165 73.107 73.052 73.097 83.05 87.762 87.99 88.157 87.59 86.04 84.967 73.16 73.2 73.29 73.935 73.845 73.795 72.005 71.565 71.412 71.472 71.435 71.375 71.48 71.8 71.72
78.189 78.067 77.867 77.732 77.607 77.649 77.959 78.004 77.319 76.987 76.919 77.139 77.642 76.562 76.432 76.742 76.072 75.977 75.974 76.587 85.197 85.304 77.412 75.319 75.322 75.294 75.172 75.159 75.327 75.382 75.372 75.307 75.269 75.189 75.047 74.767 74.552 74.289 73.944 73.699 73.562 73.494 73.399 73.192 73.139 73.15 73.115 73.042 72.957 73 82.622 87.715 87.657 84.567 84.595 73.17 73.042 73.107 73.235 73.945 73.852 73.185 71.677 71.45 71.497 71.482 71.45 71.42 71.405 71.212 70.59
78.302 78.199 77.982 77.857 77.747 78.857 79.054 77.537 77.362 77.272 77.579 78.094 76.897 76.664 76.537 81.007 85.512 85.134 83.122 83.027 85.569 84.952 75.674 75.404 75.444 75.384 75.274 75.189 75.354 75.434 75.452 75.442 75.384 75.319 75.217 75.082 74.894 74.627 74.304 74.014 73.744 73.499 73.389 73.309 73.147 73.072 73.055 73.022 72.947 72.852 72.89 76.652 84.617 84.572 79.012 72.905 72.95 73.01 73.14 73.202 74.445 71.967 71.637 71.465 72.055 71.925 71.465 71.445 71.45 71.63 71.2
78.917 78.297 78.122 77.999 77.882 77.859 77.837 77.614 77.502 77.374 77.224 77.059 76.914 76.909 77.472 82.824 84.942 85.334 85.659 85.647 85.714 84.477 75.529 75.539 75.542 75.489 75.382 75.349 75.257 75.417 75.497 75.507 75.459 75.419 75.354 75.232 75.109 74.959 74.709 74.412 74.062 73.777 73.462 73.297 73.217 73.1 72.965 72.97 72.937 72.85 72.772 72.785 73.857 83.582 72.762 72.797 72.815 72.867 73.677 73.527 72.22 71.992 71.775 74.475 79.625 80.102 79.94 79.71 79.512 73.69 71.582
78.774 78.402 78.252 78.114 78.034 77.967 77.804 78.622 78.937 77.372 77.242 77.104 76.942 77.329 79.279 77.149 76.587 76.587 79.877 83.814 85.479 78.919 75.599 75.662 75.624 75.549 75.489 75.452 75.412 75.327 75.444 75.494 75.499 75.437 75.402 75.332 75.262 75.182 75.034 74.754 74.404 74.122 73.834 73.499 73.249 73.107 73 72.867 72.86 72.845 72.767 72.69 72.657 72.597 72.642 72.68 72.767 72.835 72.842 73.822 72.19 72.125 71.84 74.685 79.83 81.215 81.295 81.095 80.92 80.29 80.49
78.702 78.484 78.359 79.057 84.122 82.484 78.219 77.749 77.609 77.474 77.314 77.169 76.979 77.477 81.807 83.417 84.737 83.569 78.219 76.302 77.112 76.312 75.732 75.759 75.719 75.634 75.547 75.529 75.497 75.462 75.394 75.424 75.472 75.482 75.432 75.402 75.369 75.317 75.237 75.062 74.812 74.527 74.207 73.889 73.572 73.272 73.03 72.92 72.777 72.77 72.747 72.662 72.582 72.537 72.537 72.547 73.25 73.66 73.032 72.262 72.222 72.187 71.747 74.872 80.052 81.44 82.295 82.335 82.255 82.127 81.892
78.759 78.582 78.449 81.534 83.197 81.394 78.057 77.904 77.699 77.537 77.387 77.174 76.999 76.892 82.469 83.779 85.042 84.029 82.669 77.419 76.307 75.962 75.847 75.862 75.792 75.689 75.587 75.539 75.542 75.532 75.487 75.402 75.392 75.477 75.492 75.447 75.437 75.427 75.374 75.274 75.114 74.879 74.512 74.224 73.922 73.61 73.275 72.985 72.84 72.695 72.637 72.632 72.577 72.495 72.437 72.402 73.072 73.507 73.512 72.46 72.345 72.212 71.877 75.5 80.237 80.775 80.93 81.102 81.317 81.53 81.685
78.767 78.632 78.519 80.869 81.829 80.109 78.147 78.002 77.849 77.664 77.499 77.307 77.129 77.092 83.299 84.664 85.149 83.682 82.284 76.342 76.982 75.972 75.957 75.949 75.874 75.847 76.242 75.634 75.517 75.537 75.524 75.489 75.414 75.372 75.472 75.502 75.489 75.469 75.437 75.379 75.312 75.149 74.862 74.539 74.232 73.934 73.594 73.232 72.937 72.752 72.602 72.557 72.544 72.504 72.429 72.354 72.322 72.874 72.727 72.484 72.349 72.317 72.102 72.457 76.202 77.212 77.787 79.734 79.957 80.137 80.309
78.772 78.674 78.579 78.547 79.584 78.282 78.157 78.027 77.857 77.689 77.522 77.347 78.589 81.722 83.702 85.062 85.039 83.702 81.167 76.634 77.154 76.007 76.057 76.037 75.929 75.992 76.702 76.712 75.609 76.374 75.804 75.507 75.479 75.419 75.329 75.399 75.482 75.504 75.467 75.472 75.442 75.317 75.139 74.829 74.532 74.239 73.912 73.552 73.197 72.884 72.664 72.532 72.452 72.449 72.419 72.349 72.257 72.304 72.327 72.347 72.312 72.252 72.152 71.924 71.697 71.444 71.237 70.922 70.529 71.219 78.834
78.799 78.729 78.644 78.622 78.489 78.324 78.177 78.004 77.829 77.742 77.577 77.357 80.029 82.767 84.104 85.414 84.664 83.309 78.007 76.592 76.274 76.129 76.157 76.109 75.999 76.759 76.264 75.977 76.704 75.567 75.967 75.462 75.484 75.457 75.409 75.309 75.392 75.447 75.482 75.494 75.457 75.402 75.284 75.077 74.814 75.027 74.219 73.849 73.497 73.162 72.874 72.589 72.479 72.367 72.362 72.332 72.257 72.169 72.092 72.174 72.207 72.137 72.134 72.062 71.879 71.594 71.332 70.967 70.572 70.237 78.734
78.839 78.782 78.717 78.679 78.547 78.399 78.222 78.079 77.914 77.829 77.619 77.434 77.382 83.142 84.467 85.524 84.282 82.919 76.919 76.517 76.309 76.264 76.244 76.192 76.122 82.927 79.222 75.897 75.784 75.672 75.559 75.447 75.439 75.444 75.424 75.384 75.292 75.324 75.402 75.479 75.444 75.387 75.347 75.217 75.029 77.642 74.494 74.129 73.777 73.454 73.107 72.822 72.527 72.417 72.277 72.259 72.237 72.177 72.087 72.019 72.062 72.069 72.042 72.014 71.902 71.657 71.332 70.972 70.547 71.402 78.924
78.907 78.837 78.797 78.689 78.654 78.857 78.377 78.169 78.014 77.954 77.794 77.607 78.419 83.537 84.854 85.232 83.859 82.249 76.762 76.502 76.364 76.379 76.349 76.274 76.329 85.612 84.784 83.527 75.744 75.659 75.762 75.554 75.417 75.394 75.399 75.402 75.369 75.287 75.257 75.327 75.434 75.389 75.349 75.267 75.154 75.022 74.739 74.409 74.099 73.719 73.394 73.092 72.744 72.487 72.322 72.179 72.149 72.122 72.074 72.004 71.922 71.904 71.917 71.914 71.829 71.939 73.724 70.994 70.534 73.329 78.669
78.964 78.874 78.847 78.662 78.502 78.339 78.272 78.252 78.032 77.952 77.807 77.849 81.277 84.344 85.707 85.187 83.627 80.454 76.812 76.527 76.449 76.487 76.457 76.357 78.742 86.722 85.722 84.894 83.194 75.627 75.824 75.567 75.464 75.392 75.357 75.369 75.384 75.337 75.269 75.227 75.269 75.347 75.352 75.284 75.192 75.094 74.907 74.667 74.319 73.982 73.654 73.404 73.054 72.727 72.484 72.247 72.099 72.019 72.009 71.974 71.902 71.837 71.752 71.777 71.757 71.737 71.634 71.259 70.874 70.452 70.244
78.964 79.809 78.799 78.672 78.474 78.309 78.199 78.062 78.002 79.682 77.792 80.657 83.377 84.739 85.944 84.889 83.549 77.159 78.664 76.589 76.569 76.592 76.542 76.472 79.214 86.074 86.592 85.832 85.044 84.327 76.619 75.514 75.547 75.549 75.402 75.297 75.334 75.352 75.322 75.249 75.189 75.247 75.299 75.297 75.214 75.147 75.054 74.844 74.587 74.249 73.969 73.634 73.332 73.054 72.797 72.637 73.599 72.032 71.937 71.902 71.864 71.819 71.739 71.664 71.597 71.607 71.574 71.562 71.367 71.032 70.782
78.989 80.199 78.529 78.497 78.414 78.292 78.157 78.047 77.919 77.807 77.764 77.692 77.849 81.874 85.852 84.502 83.167 77.209 78.422 76.657 76.684 76.687 76.624 76.634 83.764 85.212 86.059 86.599 86.639 85.299 85.202 77.804 75.532 75.537 75.589 75.392 75.274 75.297 75.324 75.307 75.257 75.157 75.217 75.269 75.232 75.167 75.087 74.947 74.699 74.432 74.152 73.764 73.527 73.269 72.969 72.782 72.434 72.772 71.994 71.857 71.789 71.759 71.709 71.662 71.584 71.504 71.439 71.439 71.402 71.357 71.227
80.724 79.259 78.364 80.902 80.044 78.352 78.279 78.034 77.912 77.802 77.864 83.749 83.987 81.507 77.377 77.289 78.357 78.479 77.527 76.759 76.797 76.782 76.694 76.764 77.127 84.062 86.089 86.132 87.722 86.134 85.389 84.524 78.587 75.484 75.644 75.637 75.372 75.244 75.262 75.314 75.307 75.259 75.169 75.172 75.227 75.187 75.134 74.989 74.777 74.557 74.267 73.982 73.699 73.529 73.264 73.047 72.769 72.397 72.219 71.919 71.817 71.679 71.647 71.609 71.567 71.502 71.442 71.374 71.279 71.242 71.229
82.784 81.064 84.234 83.849 82.802 80.572 78.224 78.179 78.059 77.792 81.284 82.919 83.147 86.357 86.564 86.822 86.287 82.467 78.434 76.869 76.917 76.862 76.764 76.989 77.082 77.192 83.574 85.437 86.169 86.459 86.329 85.517 85.274 80.534 75.559 75.497 75.497 75.339 75.242 75.237 75.289 75.299 75.257 75.167 75.142 75.184 75.182 75.042 74.912 75.947 75.167 74.244 74.732 73.652 78.102 73.399 73.244 73.219 72.544 72.157 71.982 71.742 71.634 71.537 71.492 71.467 71.419 71.372 71.297 71.207 71.132
85.624 85.984 85.589 85.197 84.809 84.417 83.082 78.159 78.194 78.054 77.962 80.417 82.304 85.929 86.254 86.024 86.244 85.997 77.104 77.007 77.009 76.959 76.857 76.912 77.072 77.249 77.187 82.334 85.972 86.177 86.367 86.434 85.612 84.897 83.309 75.449 75.442 75.734 75.422 75.242 75.229 75.262 75.277 75.229 75.142 75.094 75.144 75.082 75.009 75.784 74.569 74.364 74.187 73.827 73.669 75.482 73.609 73.852 76.147 74.847 72.159 72.044 71.794 71.602 71.489 71.374 71.342 71.307 71.267 71.224 71.149
86.959 86.247 86.562 86.517 86.129 85.747 80.012 78.187 80.702 79.952 77.712 77.969 77.887 78.692 82.804 85.197 85.467 81.907 77.097 77.119 77.107 77.024 76.964 76.889 76.967 77.167 77.102 77.092 77.847 84.867 85.442 86.172 86.669 85.847 85.194 82.392 76.229 75.752 75.357 75.629 75.239 75.194 75.234 75.247 75.199 75.117 75.047 75.089 75.052 74.912 74.739 74.474 74.167 74.044 73.724 73.522 75.209 73.917 79.174 80.057 77.279 72.274 72.117 71.914 71.714 71.452 71.369 71.249 71.199 71.159 71.107
86.594 84.929 85.259 85.692 86.052 86.452 78.452 78.322 79.964 82.039 77.379 77.417 78.037 77.989 78.804 77.284 77.282 77.334 77.177 77.224 77.194 77.099 77.047 77.027 76.967 76.999 77.094 77.092 77.199 77.669 84.587 85.014 86.344 86.589 85.832 85.059 84.247 76.592 75.472 75.464 75.442 75.224 75.129 75.179 75.209 75.169 75.092 74.999 75.037 74.952 74.832 74.497 74.224 73.942 73.734 73.409 73.879 79.052 79.937 80.802 80.312 77.897 72.444 72.292 72.059 71.507 71.427 71.327 71.252 71.142 71.017
83.394 83.307 83.954 84.324 84.732 84.419 78.179 78.594 78.459 85.094 85.549 85.317 82.859 78.037 77.337 77.339 77.337 77.292 77.299 77.312 77.279 77.182 77.132 77.124 77.174 77.077 77.019 77.137 77.227 77.167 77.914 84.272 86.177 86.202 86.612 86.079 85.192 84.359 77.809 75.494 75.412 75.357 75.204 75.187 75.447 75.167 75.137 75.057 74.969 74.982 75.214 74.499 74.172 73.787 73.502 75.404 78.939 79.797 80.697 80.427 79.557 77.822 72.654 72.477 71.972 71.589 71.489 71.419 71.364 71.414 71.099
