dsm/se2933_DSM_2M.asc
ncols 500
nrows 500
xllcorner    429000
yllcorner    433000
cellsize     2
NODATA_value -9999
[rows 320 to 351 of 500, columns 0 to 71 of 500]
28.083 27.563 27.478 27.357 27.383 26.817 -9999 -9999 -9999 -9999 -9999 -9999 -9999 26.261 -9999 -9999 -9999 -9999 -9999 26.154 26.156 -9999 -9999 -9999 -9999 -9999 -9999 26.577 28.02 27.785 27.777 28.454 28.74 28.687 28.813 28.549 28.641 28.691 28.6 28.99 29.277 29.998 29.72 29.892 29.739 29.151 28.782 28.789 28.752 29.386 36.076 40.724 40.797 40.77 40.752 40.816 39.348 31.018 28.79 28.812 31.017 31.516 30.456 30.367 30.397 30.439 30.628 30.5 30.506 30.491 30.497 30.493
28.908 28.468 27.853 27.432 27.428 27.291 27.321 26.822 -9999 -9999 -9999 -9999 -9999 -9999 -9999 -9999 -9999 -9999 -9999 -9999 -9999 -9999 -9999 -9999 -9999 -9999 -9999 26.293 26.301 27.923 27.921 28.296 28.734 29.28 29.572 29.302 28.673 28.613 28.596 29.474 29.808 29.679 29.388 29.462 30.023 29.049 28.797 28.738 29.31 36.388 40.797 40.78 40.772 40.786 40.847 40.615 30.497 29.36 28.759 28.848 31.39 30.687 30.395 30.433 30.562 30.599 30.538 30.566 30.526 30.55 30.518 30.552
30.316 29.42 28.612 28.141 27.713 27.147 27.257 27.361 26.932 26.328 26.174 -9999 -9999 -9999 -9999 -9999 -9999 -9999 -9999 -9999 -9999 -9999 -9999 -9999 -9999 -9999 -9999 26.264 26.284 26.394 28.57 28.616 28.649 30.125 31.541 30.063 28.91 28.698 28.591 28.622 29.309 29.338 29.371 29.475 28.879 28.758 28.768 29.059 29.888 39.228 40.77 40.794 40.787 40.797 40.842 40.84 29.018 28.765 28.81 29.058 32.14 30.555 30.446 30.579 30.423 30.444 30.528 30.682 30.585 30.55 30.517 30.553
31.203 30.548 29.679 28.965 28.364 27.714 27.319 27.397 27.478 26.445 26.327 -9999 -9999 -9999 -9999 -9999 -9999 -9999 -9999 -9999 -9999 -9999 -9999 -9999 -9999 -9999 -9999 26.251 26.273 -9999 29.678 29.753 31.541 31.421 31.408 30.345 29.787 29.598 28.857 28.674 28.807 29.138 29.007 29.175 28.71 28.706 28.972 30.251 38.487 40.588 40.752 40.786 40.802 40.783 40.59 29.079 28.811 28.796 28.799 30.893 31.919 30.453 30.793 30.632 30.455 30.491 30.555 30.589 30.542 30.562 30.529 30.536
32.212 31.454 30.927 30.136 29.18 28.665 27.922 27.487 27.568 27.732 27.074 27.385 26.727 26.443 -9999 -9999 -9999 -9999 -9999 -9999 -9999 -9999 -9999 -9999 -9999 -9999 -9999 -9999 -9999 -9999 -9999 31.018 31.304 31.708 30.818 29.031 29.92 31.357 30.417 28.988 28.827 28.701 28.685 28.609 28.701 29.644 35.086 36.642 40.224 40.691 40.745 40.796 40.799 40.457 32.263 28.841 28.793 28.792 28.774 31.188 31.216 30.404 30.44 30.4 30.451 30.503 30.528 30.542 30.54 30.596 30.597 30.547
33.507 33.535 31.741 31.085 30.382 29.665 28.876 28.177 27.984 27.866 27.763 27.649 27.407 -9999 -9999 -9999 -9999 -9999 -9999 -9999 -9999 -9999 -9999 -9999 -9999 -9999 -9999 -9999 -9999 26.211 26.191 -9999 31.461 31.463 30.259 27.872 29.318 33.172 31.681 30.541 29.729 28.89 28.671 28.62 28.723 31.668 39.124 40.437 40.646 40.753 40.762 40.767 40.766 31.931 28.754 28.711 28.796 28.824 28.905 31.747 30.763 30.4 30.383 30.364 30.402 30.472 30.447 30.494 30.543 30.59 30.566 30.589
32.972 32.805 32.718 32.078 31.438 30.977 30.082 29.463 28.619 28.164 28.056 27.326 27.172 27.021 -9999 -9999 -9999 -9999 -9999 -9999 -9999 -9999 -9999 -9999 -9999 -9999 -9999 -9999 26.176 26.253 26.192 26.199 26.298 31.245 30.058 29.276 28.626 29.055 29.419 29.519 29.665 29.12 28.706 28.731 28.712 29.906 38.024 40.577 40.692 40.702 40.748 40.754 32.461 28.903 28.727 28.747 28.797 29.087 31.266 31.622 30.575 30.448 30.375 30.421 30.398 30.476 30.551 30.484 30.564 30.537 30.591 30.582
33.032 32.939 32.745 32.619 32.411 31.85 31.465 30.455 29.599 29.062 28.52 27.402 27.233 27.437 27.539 -9999 -9999 26.603 26.431 -9999 -9999 -9999 -9999 -9999 -9999 -9999 -9999 -9999 26.157 26.203 26.202 -9999 26.231 32.508 -9999 30.307 28.338 27.453 28.436 28.917 29.458 30.006 29.804 29.089 29.134 29.186 33.163 40.005 40.459 40.045 39.521 30.797 28.937 28.721 28.737 28.751 28.803 28.824 30.421 33.178 30.503 30.474 30.439 30.454 30.463 30.444 30.476 30.53 30.492 30.535 30.609 30.572
33.011 32.995 32.824 32.707 33.135 32.455 32.299 31.533 30.782 30.245 29.273 28.631 28.068 27.567 27.401 27.736 -9999 26.724 26.43 -9999 -9999 -9999 -9999 -9999 -9999 -9999 -9999 -9999 -9999 -9999 -9999 -9999 34.233 34.223 34.483 34.271 31.68 29.2 29.951 30.924 34.28 32.24 31.701 31.681 29.638 29.045 29.668 31.643 32.611 32.083 28.945 28.76 28.704 28.753 28.742 28.748 29.556 30.373 33.743 34.409 30.986 30.455 30.479 30.491 30.482 30.539 30.505 30.458 30.55 30.627 30.591 30.58
36.668 33.259 33.135 32.718 32.754 32.742 32.567 31.954 31.661 31.008 30.293 29.592 28.719 27.878 27.446 27.957 28.114 27.175 -9999 -9999 -9999 -9999 -9999 -9999 -9999 -9999 -9999 26.219 26.221 -9999 -9999 33.604 33.994 35.052 35.957 39.069 36.424 34.167 34.522 33.685 34.575 31.509 31.113 30.859 29.693 28.71 28.59 28.656 28.765 28.613 28.653 28.719 28.755 28.768 28.836 29.451 30.019 31.72 31.982 31.262 30.541 30.566 30.508 30.534 30.508 30.569 30.536 30.577 30.602 30.599 30.62 30.575
34.301 33.159 33.011 32.974 32.775 32.714 32.659 32.487 32.21 31.782 31.16 30.704 29.994 29.541 28.897 28.568 28.293 28.319 28.692 -9999 -9999 -9999 -9999 -9999 -9999 -9999 -9999 -9999 -9999 -9999 -9999 26.262 34.398 35.102 35.188 37.629 36.16 35.338 36.742 31.296 30.622 34.143 29.41 29.368 28.903 28.689 28.548 28.586 28.662 28.65 28.725 28.825 28.992 30.341 30.877 30.749 29.22 31.105 31.414 30.722 30.518 30.541 30.548 30.578 30.56 30.631 30.629 30.643 30.644 30.655 30.566 30.583
33.091 33.163 32.938 32.942 32.911 32.717 32.706 32.682 32.582 32.518 32.3 31.425 30.821 30.336 29.677 28.978 28.304 27.482 28.881 26.723 26.598 -9999 -9999 -9999 -9999 -9999 -9999 -9999 -9999 -9999 -9999 -9999 -9999 34.645 26.229 33.87 31.228 29.957 30.665 28.798 29.035 30.214 29.328 29.113 28.98 28.47 28.54 28.622 28.66 28.768 28.934 29.326 29.251 29.084 29.328 28.827 28.833 30.905 30.663 30.553 30.559 30.536 30.672 30.669 30.634 30.67 30.703 30.685 30.603 30.621 30.596 30.566
33.173 33.023 32.848 32.854 32.849 32.952 32.75 32.701 32.681 32.67 32.594 32.13 31.593 31.286 30.676 29.897 30.097 30.165 30.043 29.553 26.652 26.626 -9999 -9999 -9999 -9999 -9999 -9999 -9999 -9999 -9999 26.217 26.219 26.257 -9999 31.22 28.572 27.594 27.436 28.02 29.854 28.501 29.563 28.532 28.436 28.924 28.537 28.668 28.71 29.014 29.464 29.185 30.466 29.516 28.941 29.302 28.939 31.076 30.674 30.559 30.604 30.677 30.695 30.697 30.722 30.726 30.726 30.718 30.641 30.58 30.587 30.605
33.197 33.08 33.003 32.969 32.946 32.862 33.16 32.757 32.746 32.756 32.691 32.684 32.468 31.918 31.351 30.775 31.365 31.619 31.154 29.893 28.926 27.995 27.832 26.402 -9999 -9999 -9999 -9999 -9999 -9999 -9999 -9999 26.246 26.263 26.311 26.328 28.902 28.136 28.319 34.993 34.789 34.416 33.903 28.888 28.025 28.592 28.83 28.791 29.67 30.303 30.523 29.028 30.457 29.448 29.356 29.005 31.097 31.339 30.562 30.592 30.661 30.661 30.695 30.726 30.732 30.766 30.754 30.665 30.646 30.61 30.657 30.604
33.312 33.217 33.075 33.043 32.94 32.912 32.997 32.939 32.782 32.744 32.673 32.659 33.517 32.765 32.049 31.647 31.726 32.178 32.127 30.868 28.702 27.194 27.683 27.277 26.943 -9999 26.415 26.326 26.287 -9999 -9999 -9999 -9999 -9999 26.324 26.343 -9999 28.46 27.384 32.399 35.35 34.793 32.023 28.002 27.617 28.785 28.762 29.061 28.727 29.074 28.987 28.783 29.27 30.127 30.739 29.405 31.717 30.641 30.496 30.579 30.585 30.646 30.726 30.719 30.75 30.783 30.692 30.705 30.683 30.658 30.669 30.581
33.064 33.083 33.104 33.046 32.962 32.934 33.021 32.93 32.909 32.881 32.712 32.627 32.645 32.668 32.771 33.043 33.957 33.419 33.848 32.522 30.516 28.626 27.887 26.89 26.794 26.961 -9999 26.347 26.202 26.214 -9999 26.204 26.211 -9999 -9999 -9999 -9999 29.077 29.404 31.922 33.365 31.895 27.979 27.74 27.675 27.365 28.59 28.65 28.794 28.842 28.722 28.826 28.835 30.412 29.654 28.962 31.133 30.618 30.557 30.73 30.704 30.724 30.739 30.672 30.761 30.765 30.655 30.626 30.699 30.637 30.629 30.584
33.054 32.95 33.341 32.965 32.896 32.925 32.959 32.814 32.778 32.833 32.703 32.655 32.691 32.74 34.146 34.244 34.004 34.847 34.982 34.088 32.783 31.106 28.773 27.013 26.73 26.907 26.633 -9999 26.311 -9999 -9999 26.211 26.201 -9999 -9999 -9999 -9999 26.269 26.28 26.53 31.063 30.777 29.666 29.74 29.399 28.188 27.606 28.408 28.806 29.548 29.54 29.177 29.137 30.425 29.076 29.545 30.696 30.553 30.594 30.61 30.649 30.633 30.659 30.717 30.824 30.78 30.711 30.721 30.712 30.697 30.692 30.677
32.915 32.829 32.805 32.781 32.82 32.813 32.791 32.753 32.729 32.731 32.796 32.718 32.686 32.791 32.815 33.213 34.769 34.52 34.474 34.714 34.405 33.863 29.821 28.028 27.015 26.973 27.124 26.525 -9999 -9999 26.373 26.249 26.23 -9999 26.133 26.13 -9999 -9999 -9999 -9999 29.9 30.347 30.917 30.602 30.181 28.316 27.124 28.222 28.792 29.855 28.986 29.208 29.172 29 29.102 31.784 30.598 30.517 30.729 30.697 30.697 30.701 30.686 30.756 30.813 30.798 30.721 30.759 30.787 30.727 30.763 30.753
32.969 32.736 32.666 32.578 33.125 32.766 32.685 32.731 32.681 32.675 32.778 32.819 32.658 32.853 32.966 33.364 33.767 33.658 33.361 33.273 33.641 33.493 31.514 28.999 27.863 27.335 27.281 27.258 27.153 27.093 -9999 26.253 26.255 -9999 26.128 26.111 -9999 -9999 -9999 -9999 -9999 29.004 28.443 28.22 28.053 27.303 27.133 27.786 29.438 30.243 30.809 30.546 29.313 28.932 29.03 30.997 30.476 30.445 30.676 30.745 30.712 30.758 30.805 30.828 30.803 30.825 30.769 30.838 30.807 30.797 30.818 30.795
32.907 32.786 32.597 34.182 35.057 33.2 32.686 32.608 32.67 32.668 32.72 32.694 32.654 32.514 33.259 33.538 34.196 34.508 33.624 32.952 32.923 32.805 31.489 30.12 29.098 27.688 27.609 27.52 26.931 26.89 26.346 26.266 26.266 26.255 -9999 -9999 -9999 -9999 -9999 -9999 -9999 27.862 26.939 27.123 26.979 27.063 26.994 27.559 29.645 30.887 31.018 30.861 29.604 29.15 31.126 30.675 30.452 30.484 30.595 30.676 30.757 30.75 30.819 30.869 30.855 30.879 30.884 30.932 30.904 30.914 30.865 30.836
32.91 32.729 35.234 35.461 35.608 33.679 32.511 32.566 32.579 32.585 32.556 32.608 32.673 32.543 32.514 33.289 33.561 33.632 33.436 33.097 32.854 32.735 32.284 31.533 30.372 29.063 28.271 28.001 26.914 26.836 26.922 26.678 26.602 -9999 -9999 -9999 -9999 -9999 -9999 -9999 -9999 27.897 27.539 27.259 27.046 27.117 27.27 27.774 29.156 30.713 31.065 30.421 29.573 29.271 30.557 30.508 30.458 30.596 30.594 30.725 30.809 30.823 30.873 30.858 30.941 30.981 30.959 30.918 30.912 30.941 30.899 30.81
32.786 32.637 35.357 37.08 35.746 33.907 34.112 40.163 36.234 37.848 32.941 32.55 32.593 32.849 32.834 32.944 32.639 32.855 33.194 33.048 32.615 32.59 32.679 32.234 31.418 30.444 29.509 28.671 27.76 27.039 26.853 26.589 26.519 26.565 -9999 -9999 -9999 -9999 -9999 -9999 -9999 -9999 26.322 26.235 27.214 27.087 27.144 27.064 28.532 30.024 31.122 31.104 30.929 29.847 31.204 30.56 30.475 30.568 30.631 30.755 30.793 30.834 30.924 30.946 30.998 31.04 30.949 30.976 30.889 30.97 30.914 30.886
32.843 43.103 38.359 50.184 53.517 46.957 53.305 37.213 52.66 45.756 51.063 45.801 42.946 46.225 34.116 32.827 32.755 32.782 32.733 32.727 32.556 32.619 32.625 32.523 32.237 31.587 30.59 29.674 28.893 27.676 27.02 26.66 26.549 26.755 -9999 26.644 26.467 -9999 -9999 -9999 -9999 -9999 -9999 26.54 -9999 27.59 27.315 27.12 27.755 29.898 30.705 30.866 30.242 31.192 32.728 31.412 30.72 30.646 30.721 30.738 30.779 30.862 30.919 30.977 30.998 31.017 31.024 31.032 30.995 30.998 30.961 30.894
41.095 56.598 59.042 60.306 60.455 60.416 60.639 60.669 60.612 60.644 60.526 60.504 54.743 55.776 45.05 37.569 33.591 33.378 32.76 32.705 32.791 33.61 32.959 32.824 32.441 32.215 31.367 30.607 29.369 28.492 27.151 26.959 26.829 26.837 27.172 26.737 26.449 26.331 -9999 -9999 -9999 26.318 26.349 -9999 -9999 -9999 27.515 27.634 27.878 28.959 28.706 29.665 29.681 32.185 33.17 33.557 31.977 30.848 30.806 30.766 30.739 30.882 30.959 31.012 31.033 31.029 31.062 31.036 31.033 31.037 31.016 30.882
55.803 60.36 60.845 60.987 61.067 61.09 61.14 61.089 61.18 61.215 61.154 61.064 60.931 58.568 61.673 60.813 49.485 55.131 35.677 32.798 32.842 34.817 34.537 32.535 32.743 32.598 32.285 31.612 30.631 29.509 28.28 27.349 27.049 27.112 27.045 26.763 -9999 26.352 26.328 26.298 -9999 -9999 -9999 -9999 -9999 -9999 -9999 28.054 28.247 28.548 28.481 28.972 28.961 30.168 32.408 34.31 33.467 31.762 31.036 30.943 30.72 30.822 30.942 30.954 30.987 31.036 31.06 31.088 31.035 31.069 30.991 30.983
56.429 59.829 61.29 61.371 61.379 61.391 61.409 61.425 61.494 60.832 56.377 61.368 61.32 58.739 60.883 63.539 62.21 59.257 57.871 48.366 48.417 35.133 34.538 32.584 32.527 32.451 32.727 32.153 31.742 30.714 29.687 28.536 27.558 27.114 27.156 27.145 26.891 -9999 -9999 -9999 -9999 -9999 -9999 -9999 -9999 26.265 -9999 27.933 28.296 28.349 28.096 28.257 30.376 32.023 33.718 36.401 34.937 32.41 31.404 30.766 30.747 30.804 30.925 31.001 31.058 31.144 31.106 31.127 31.063 31.107 31.033 30.999
56.541 59.781 61.453 61.541 61.569 61.651 61.434 61.415 61.41 61.602 61.565 61.551 61.385 63.777 63.66 53.166 63.913 60.294 61.051 62.227 43.366 51.641 45.259 32.811 32.574 32.501 32.85 32.298 32.021 31.378 30.704 30.053 28.935 27.966 27.467 27.119 26.597 26.915 -9999 -9999 -9999 -9999 -9999 26.241 26.244 26.149 26.296 26.74 26.68 28.856 28.502 28.183 32.055 35.052 35.454 36.166 34.323 32.959 31.513 30.845 30.752 30.847 30.916 30.975 31.087 31.147 31.104 31.084 31.053 31.107 31.068 30.931
58.694 59.509 60.217 61.549 61.586 61.53 61.567 61.551 61.524 61.58 61.533 61.604 61.489 61.771 48.396 47.376 52.605 44.295 65.159 64.09 59.61 56.624 57.579 33.611 32.609 32.479 32.435 32.344 32.302 31.908 31.112 30.879 29.923 28.923 27.84 27.161 26.538 26.899 26.519 -9999 -9999 -9999 26.234 26.234 26.246 26.329 -9999 -9999 -9999 26.969 30.473 32.246 34.499 33.617 35.395 35.497 32.481 31.946 31.18 30.968 30.832 30.968 31.001 30.968 31.075 31.126 31.132 31.136 31.095 31.084 31.014 30.934
58.652 58.716 58.153 57.158 61.361 61.35 61.323 61.27 61.329 61.285 61.253 61.371 61.327 59.905 63.207 58.29 59.144 67.237 49.669 59.555 63.88 60.582 68.547 59.981 35.696 43.581 32.522 32.342 32.307 32.201 32.047 31.644 31.049 30.411 29.326 28.288 27.646 27.296 26.689 -9999 -9999 -9999 -9999 26.235 -9999 -9999 -9999 -9999 -9999 -9999 31.095 32.288 33.327 31.504 30.818 30.417 30.592 30.505 32.607 32.382 30.976 31.109 31.276 31.097 31.091 31.083 31.036 30.666 30.937 31.046 31.028 30.966
57.845 58.503 58.334 55.856 60.956 60.885 60.925 60.854 60.773 60.767 60.966 60.953 60.904 60.169 64.095 64.232 64.112 67.252 66.463 66.226 42.412 58.183 69.542 69.203 47.105 48.118 33.117 32.325 32.276 32.337 32.308 32.213 32.252 32.385 32.229 30.33 28.176 27.588 27.538 27.497 -9999 -9999 26.3 26.25 -9999 -9999 -9999 26.263 -9999 30.728 30.601 29.932 30.271 29.43 28.372 30.098 30.848 32.727 34.651 34.109 30.876 31.081 31.154 31.08 30.929 30.899 30.64 30.355 30.38 30.848 31.076 30.962
53.545 58.096 57.885 55.855 59.763 60.404 60.029 59.281 59.797 59.891 60.152 60.27 60.065 62.091 63.723 63.973 61.538 67.044 63.155 55.195 66.368 71.309 69.948 50.925 64.143 56.434 42.586 34.795 32.491 32.489 32.42 32.34 33.391 34.358 34.902 33.37 29.594 27.864 27.137 27.439 26.811 -9999 26.379 26.272 -9999 -9999 -9999 26.226 26.276 -9999 30.11 29.882 29.778 29.096 28.683 29.332 30.954 34.903 36.475 34.25 31.318 30.768 30.845 30.966 30.814 30.744 30.468 30.196 29.929 30.413 30.998 30.944
52.932 56.423 56.637 54.815 40.525 38.484 44.598 37.025 38.56 39.396 38.4 49.009 54.12 61.794 62.971 61.937 64.08 66.848 66.935 65.021 70.497 71.708 64.779 38.126 49.749 67.602 65.954 55.098 35.733 32.944 32.435 32.433 34.001 34.983 35.492 34.401 30.722 29.105 28.016 27.613 27.607 27.079 -9999 26.375 26.311 -9999 -9999 26.219 26.209 26.255 26.255 30.091 -9999 -9999 28.783 28.565 31.097 33.937 35.512 33.927 31.297 30.955 31.022 30.988 30.787 30.548 30.423 30.181 30.034 30.019 30.503 30.938
