dsm/se2935_DSM_2M.asc
ncols 500
nrows 500
xllcorner    429000
yllcorner    435000
cellsize     2
NODATA_value -9999
[rows 256 to 287 of 500, columns 355 to 425 of 500]
64.704 70.237 71.149 72.057 70.784 64.804 64.219 64.197 64.097 64.214 63.822 63.607 63.534 63.397 63.254 63.129 63.234 63.532 65.652 69.434 70.339 71.002 70.137 68.852 63.212 62.562 62.439 62.154 61.892 61.732 61.549 61.449 61.469 61.234 61.669 60.952 60.719 61.882 61.457 60.249 67.179 66.252 64.209 60.179 60.044 59.877 59.834 59.792 59.737 59.672 59.637 59.719 60.447 61.052 59.662 59.684 64.122 65.934 66.834 66.119 63.594 62.772 61.859 59.992 58.559 58.347 58.117 57.904 57.707 57.524 57.264
64.642 66.247 70.464 68.217 64.802 64.294 64.132 64.842 64.477 63.924 63.727 63.482 63.347 63.244 63.099 62.917 63.062 63.232 63.437 66.652 69.662 70.597 70.109 69.142 67.997 62.802 62.112 61.934 61.782 63.224 61.397 61.319 61.214 62.034 61.274 60.912 61.077 60.959 61.642 66.854 67.679 66.922 66.024 60.069 59.964 59.864 59.809 59.774 59.712 59.702 59.784 60.154 59.754 59.704 59.604 59.737 60.052 65.269 66.189 61.757 62.702 63.404 62.539 61.617 58.392 58.229 58.009 57.807 57.579 57.429 57.194
64.584 64.432 64.724 64.477 64.394 64.117 69.102 68.882 63.992 63.807 63.669 63.407 63.142 63.067 62.957 62.784 62.804 62.919 63.239 63.737 68.609 69.177 70.074 69.837 68.932 65.889 62.144 61.839 64.117 65.729 61.254 61.172 61.069 61.464 61.297 60.937 60.672 60.267 62.444 66.167 67.119 67.409 60.107 59.982 59.912 59.857 59.794 59.739 59.724 59.779 60.124 59.754 59.617 59.882 59.547 59.609 59.759 60.239 58.909 59.157 61.999 62.954 63.254 62.237 59.907 58.079 57.894 57.667 57.457 57.249 57.359
64.567 64.494 64.647 64.387 64.159 71.349 71.207 70.254 68.989 63.649 63.577 63.389 63.092 62.862 62.797 62.664 62.554 62.589 63.059 62.979 63.427 68.472 69.377 70.012 68.849 67.939 63.867 61.737 61.294 61.204 61.112 61.007 60.914 60.792 60.792 60.532 60.367 60.227 60.179 65.312 61.149 60.119 59.974 59.942 59.887 59.834 59.782 59.782 59.764 59.864 60.297 59.617 59.684 59.224 60.219 59.182 59.204 58.974 58.869 58.884 60.864 62.237 62.942 62.087 61.124 59.719 57.762 57.547 57.309 57.134 57.052
64.492 64.302 64.199 64.197 69.727 70.662 71.554 70.964 69.297 66.024 63.374 63.217 62.979 62.719 62.604 62.517 62.352 62.297 62.432 62.564 62.602 65.109 68.129 68.887 69.514 68.607 62.219 61.264 61.174 61.039 60.954 61.707 60.749 60.642 62.224 60.954 60.312 60.259 60.277 60.199 60.107 59.992 59.954 59.917 59.857 59.832 59.837 59.864 59.939 60.132 59.619 59.332 59.152 59.349 59.029 59.337 58.997 58.889 58.777 58.754 59.234 60.714 61.599 62.482 61.829 60.864 57.532 57.404 57.254 57.167 57.112
65.264 64.164 64.014 64.239 65.734 69.987 70.809 70.832 69.959 69.007 63.459 64.332 62.919 62.669 62.434 62.337 62.222 62.044 62.042 62.119 62.354 64.112 65.852 68.197 69.157 62.722 61.237 64.214 61.129 61.044 60.942 62.027 60.534 60.482 62.217 63.824 60.274 60.262 60.242 60.094 60.007 59.962 59.924 59.879 59.879 59.897 59.987 59.987 59.799 59.507 59.239 58.949 58.712 60.237 58.782 58.719 59.767 58.662 58.527 58.487 58.217 58.094 60.899 61.824 62.454 61.482 57.284 57.267 57.259 57.192 59.829
64.839 64.594 64.007 63.992 63.922 67.604 69.459 70.409 70.634 64.737 63.214 62.757 62.684 62.554 62.387 62.157 62.054 61.932 61.782 61.834 61.834 61.862 61.874 65.077 61.324 61.219 67.594 67.177 63.959 61.047 61.259 60.549 60.394 60.867 61.827 62.882 60.854 60.394 60.819 60.102 59.982 59.932 59.942 59.977 59.964 60.044 60.139 59.802 59.539 59.152 58.819 58.629 62.807 61.994 61.067 58.594 58.674 58.509 58.484 58.337 58.162 57.977 58.764 61.147 58.864 57.134 57.162 57.174 57.107 59.517 60.759
64.062 64.077 63.967 63.899 63.494 63.504 68.807 69.717 63.057 63.022 64.482 63.682 62.562 62.534 62.419 62.087 61.869 61.787 61.644 61.992 61.652 61.544 61.414 61.277 62.549 67.822 68.659 67.854 66.967 61.374 60.444 60.354 60.614 60.622 60.319 60.249 60.237 61.737 61.007 60.194 60.004 60.022 60.067 60.087 60.112 60.472 59.594 59.544 59.362 58.924 59.402 62.139 63.034 62.677 61.744 58.999 57.777 59.202 58.534 58.082 58.024 58.332 58.134 57.004 57.012 57.019 57.024 56.974 56.964 56.924 61.669
63.879 63.937 64.334 63.514 63.482 63.462 63.589 63.247 63.412 64.917 64.987 68.464 65.174 62.482 64.719 63.327 61.767 61.609 61.517 62.229 61.277 61.242 61.189 61.102 64.634 67.162 68.112 68.492 66.907 65.962 60.427 60.324 60.247 60.229 60.177 60.839 60.224 60.179 60.247 60.232 60.112 60.114 60.094 59.764 59.599 61.979 62.064 59.427 59.217 58.854 58.702 61.464 62.372 63.182 62.434 59.709 57.607 57.519 59.144 58.469 57.539 59.784 56.932 56.864 56.897 56.792 56.742 56.754 56.764 56.687 56.982
63.709 63.667 63.564 63.499 63.477 63.377 63.419 62.922 62.619 66.709 70.039 69.132 68.234 64.724 63.922 62.894 61.682 61.424 61.334 61.207 61.042 61.014 60.994 61.007 61.054 66.059 66.852 67.597 67.554 66.614 62.334 60.147 60.129 60.119 60.092 60.077 60.067 60.054 59.972 60.022 61.287 59.922 59.652 59.207 63.294 63.672 62.727 61.592 59.002 58.764 58.712 58.747 61.704 62.644 58.192 57.579 57.462 57.312 58.062 57.062 56.952 56.847 56.732 56.647 56.907 56.529 56.467 56.452 56.434 56.419 56.364
63.892 63.624 63.527 63.494 65.484 64.192 63.794 62.574 67.057 68.782 69.682 69.817 68.667 66.634 61.899 61.767 61.517 61.327 61.137 61.052 60.909 61.134 60.779 60.804 60.847 60.834 65.982 66.919 67.829 61.942 60.099 60.074 60.104 60.039 62.952 59.964 59.929 59.839 60.439 60.634 60.212 59.652 59.414 61.059 62.592 63.529 63.399 62.479 59.902 58.679 58.669 58.649 59.232 57.762 57.607 57.447 57.319 57.197 57.112 56.994 56.869 56.742 56.619 56.509 56.399 56.304 56.257 56.384 56.227 56.074 56.069
63.322 63.227 64.499 63.029 64.349 64.634 62.644 62.732 62.742 68.084 69.047 69.384 68.807 67.899 65.067 61.332 61.312 61.237 61.032 60.869 60.787 61.389 61.187 60.622 60.292 60.319 62.124 64.367 60.099 60.034 60.024 63.012 62.939 63.207 61.804 59.992 59.672 62.504 63.482 62.557 61.054 64.177 60.782 59.332 61.927 62.844 63.737 59.757 59.757 58.672 58.042 58.069 57.702 57.569 57.464 57.364 57.207 57.067 56.962 56.854 56.707 56.604 56.479 56.357 56.249 56.157 56.082 55.992 55.894 55.792 55.759
63.279 63.229 62.972 62.797 62.729 65.474 63.492 63.042 62.729 64.999 67.599 68.497 68.999 68.587 61.207 61.232 62.559 61.117 60.959 60.727 60.654 60.492 60.454 60.329 60.214 60.264 60.422 60.052 59.994 60.534 64.062 64.514 63.597 62.679 60.094 59.714 62.604 63.529 64.109 63.217 65.417 67.629 65.714 59.629 59.177 62.177 59.287 58.129 57.989 57.907 57.804 57.712 57.622 57.472 57.342 57.252 57.134 57.027 56.912 56.789 56.672 56.547 56.427 56.312 56.197 56.102 55.977 55.839 55.734 55.639 55.574
63.264 64.669 62.897 62.602 62.482 65.969 65.324 62.689 63.294 64.679 66.212 67.847 64.992 61.132 62.402 65.159 64.224 62.104 60.974 60.637 60.417 60.332 60.219 60.067 60.092 60.362 59.984 59.927 62.584 62.219 63.374 64.302 64.294 63.347 61.647 60.254 60.602 62.834 63.782 63.907 62.947 64.664 63.497 59.339 59.117 58.257 58.162 58.044 57.954 57.844 57.692 57.569 57.467 57.382 57.274 57.162 57.069 56.944 56.837 56.717 56.594 56.487 56.357 56.247 56.127 56.012 55.904 55.767 55.637 55.524 55.397
62.794 62.779 62.722 62.397 62.292 62.232 65.949 62.459 61.909 64.634 64.677 62.502 61.202 62.572 65.072 65.757 64.914 63.994 60.894 60.584 60.377 60.157 60.077 59.937 59.859 59.872 59.819 61.482 62.677 60.297 62.682 63.612 64.529 63.057 61.949 60.127 59.679 61.572 63.079 61.812 58.684 58.549 58.474 58.344 58.259 58.162 58.052 57.917 57.792 57.697 57.604 57.509 57.427 57.322 57.222 57.114 57.002 56.889 56.774 56.657 56.529 56.409 56.302 56.169 56.057 55.934 55.814 55.677 55.567 55.449 55.327
62.809 64.327 62.309 62.222 62.137 62.029 64.634 66.462 62.677 62.037 61.837 63.809 61.322 61.729 64.387 65.289 65.582 64.669 60.624 60.377 60.267 60.079 59.902 59.822 59.682 59.667 60.697 60.219 60.157 60.074 60.134 62.929 60.437 61.209 59.507 60.344 59.939 59.649 59.387 58.634 58.514 58.434 58.364 58.229 58.102 58.012 57.922 57.832 57.747 57.659 57.557 57.454 57.359 57.252 57.137 57.032 56.914 56.809 56.692 56.557 56.452 56.332 56.212 56.092 55.964 55.847 55.722 55.604 55.469 55.359 55.222
62.224 62.192 62.149 62.092 62.027 61.884 61.729 66.357 66.207 62.857 61.994 61.147 61.159 61.294 63.319 64.614 65.307 60.597 60.404 60.184 60.102 60.014 59.779 59.689 59.589 59.444 59.474 60.059 59.999 60.057 60.414 59.414 60.602 59.697 59.047 58.937 59.392 59.457 58.614 58.547 58.424 58.299 58.217 58.132 58.054 57.967 57.869 57.779 57.674 57.574 57.482 57.394 57.274 57.164 57.059 56.959 56.889 56.792 56.709 56.604 56.499 56.384 56.272 56.147 56.027 55.884 55.769 55.632 55.494 55.314 55.142
62.157 62.077 62.034 61.962 62.439 61.889 61.567 62.582 67.454 64.917 61.009 60.824 60.897 61.159 61.274 61.514 60.522 60.314 60.172 60.059 60.107 59.854 59.762 59.532 59.477 59.367 59.257 59.297 59.584 59.442 59.367 59.277 59.169 59.044 58.937 58.797 58.694 58.622 58.477 58.402 58.317 58.247 58.164 58.074 57.984 57.892 57.799 57.704 57.609 57.527 57.474 57.429 57.364 57.277 57.194 57.094 56.989 56.904 56.819 56.719 56.599 56.439 56.324 56.202 56.074 55.932 55.812 55.687 55.554 55.399 55.222
65.054 63.922 62.012 61.807 61.639 61.532 61.389 61.264 64.674 61.397 61.392 60.517 60.457 61.554 60.332 60.309 60.209 60.072 60.009 63.447 62.654 60.129 59.692 59.497 59.344 59.297 59.177 59.139 59.174 59.204 59.199 59.102 58.987 58.819 58.747 58.664 58.539 58.487 58.414 58.344 58.267 58.172 58.087 58.007 57.919 57.837 57.802 57.782 57.727 57.667 57.614 57.559 57.477 57.372 57.232 57.059 56.894 56.862 56.744 56.632 56.509 56.344 56.179 56.062 55.937 55.822 55.707 55.577 55.422 55.257 55.084
68.477 67.559 62.114 61.532 61.349 61.342 61.297 61.182 60.412 60.379 60.279 60.437 60.417 60.157 60.124 60.074 60.007 60.902 64.169 64.334 63.397 62.264 59.667 59.462 59.242 59.207 59.124 59.027 58.984 59.009 58.987 58.894 58.839 58.714 58.599 58.552 58.489 58.432 58.349 58.259 58.182 58.104 58.057 58.034 58.002 57.964 57.922 57.832 57.777 57.699 57.609 57.524 57.397 57.254 57.084 56.857 56.844 56.734 56.602 56.499 56.369 56.232 56.069 55.937 55.802 55.692 55.557 55.424 55.294 55.177 55.034
69.149 68.244 66.559 61.462 61.284 61.259 60.572 60.472 60.364 60.427 61.142 60.942 60.907 60.679 60.304 60.004 60.304 62.077 63.482 64.394 64.074 63.119 60.659 59.327 59.202 59.079 59.054 58.969 58.909 58.857 58.804 58.759 58.679 58.619 58.557 58.494 58.414 58.342 58.267 58.182 58.187 58.192 58.162 58.132 58.057 57.954 57.847 57.744 57.654 57.579 57.502 57.394 57.257 57.077 56.852 56.802 56.744 56.594 56.454 56.344 56.242 56.127 55.989 55.839 55.684 55.537 55.412 55.269 55.192 55.039 55.002
69.442 68.139 67.214 65.334 61.174 60.487 60.467 60.387 60.317 60.179 60.064 60.609 60.029 60.022 60.007 59.969 60.064 60.157 62.787 63.717 64.567 60.469 59.504 59.284 59.152 58.999 58.972 58.934 58.857 58.822 58.772 58.697 58.629 58.574 58.479 58.409 58.339 58.287 58.314 58.332 58.307 58.189 58.079 57.972 57.859 57.762 57.647 57.532 57.459 57.392 57.319 57.184 57.029 56.857 56.747 56.762 56.657 56.509 56.347 56.197 56.112 56.014 55.877 55.717 55.557 55.424 55.292 55.207 55.119 55.007 55.004
68.107 68.759 67.867 65.707 60.504 60.447 60.384 60.314 60.137 60.659 62.644 63.324 60.384 59.962 59.997 60.012 59.977 60.017 59.957 63.042 59.707 59.574 59.404 59.277 59.102 58.952 58.927 58.877 58.829 58.767 58.707 58.632 58.552 58.524 58.424 58.364 58.402 58.424 58.427 58.282 58.079 57.934 57.814 57.704 57.594 57.477 57.394 57.314 57.277 57.229 57.109 56.967 56.817 56.689 56.719 56.679 56.579 56.439 56.274 56.112 55.992 55.889 55.727 55.597 55.452 55.332 55.209 55.154 54.997 55.002 54.979
67.444 68.379 61.142 60.579 60.447 60.399 60.272 60.174 60.467 62.884 63.567 64.224 63.732 59.899 59.954 59.954 59.924 59.899 59.797 59.677 59.592 59.474 59.347 59.197 59.049 58.934 58.884 58.832 58.769 58.709 58.647 58.552 58.487 58.437 58.492 58.484 58.502 58.379 58.199 57.997 57.787 57.622 57.544 57.442 57.364 57.279 57.202 57.152 57.127 57.057 56.917 56.787 56.654 56.674 56.657 56.574 56.474 56.342 56.182 56.014 55.872 55.737 55.572 55.482 55.404 55.279 55.194 55.167 55.264 54.974 54.977
66.294 60.712 60.557 60.479 60.359 60.462 60.659 64.789 66.047 63.809 64.492 64.192 63.527 61.779 59.939 59.869 59.834 59.682 59.664 59.592 59.479 59.337 59.224 59.079 58.952 58.897 58.829 58.774 58.707 58.629 58.567 58.487 58.549 58.559 58.544 58.377 58.202 58.042 57.867 57.672 57.504 57.364 57.289 57.234 57.189 57.122 57.062 57.024 56.987 56.882 56.742 56.647 56.612 56.639 56.597 56.492 56.374 56.269 56.092 55.892 55.739 55.579 55.469 55.402 55.327 55.214 55.132 56.207 54.979 54.949 56.074
60.789 60.632 60.459 60.347 61.464 63.342 65.584 66.279 66.962 67.237 63.947 63.254 62.387 60.054 60.132 59.964 59.897 59.674 59.612 59.484 59.322 59.207 59.112 58.994 58.887 58.842 58.762 58.697 58.634 58.557 58.572 58.607 58.627 58.449 58.189 57.999 57.842 57.709 57.559 57.409 57.289 57.219 57.157 57.097 57.084 57.007 56.927 56.859 56.809 56.669 56.597 56.592 56.614 56.574 56.497 56.384 56.269 56.147 55.927 55.737 55.587 55.462 55.369 55.317 55.227 55.117 54.999 55.514 54.994 54.934 54.819
60.789 60.424 60.297 62.504 63.802 65.852 66.514 67.197 67.227 66.549 64.632 61.414 60.029 60.024 59.964 62.227 60.452 59.572 59.439 59.317 59.134 59.069 58.969 58.892 58.842 58.764 58.692 58.622 58.567 58.634 58.674 58.534 58.247 57.969 57.819 57.689 57.574 57.454 57.359 57.249 57.172 57.112 57.064 57.029 56.982 56.894 56.782 56.709 56.652 56.579 56.577 56.527 56.494 56.462 56.364 56.254 56.134 55.944 55.724 55.557 55.442 55.509 55.262 55.192 55.124 55.012 54.974 55.007 55.177 55.154 54.892
60.582 60.282 61.094 65.304 66.094 66.797 67.412 66.972 66.312 65.439 60.364 60.069 60.059 60.214 59.872 59.717 59.512 59.357 59.209 59.062 59.034 58.924 58.887 58.839 58.772 58.707 58.614 58.639 58.682 58.682 58.399 58.054 57.772 57.619 57.467 57.459 57.392 57.304 57.222 57.142 57.069 57.012 56.969 56.907 56.829 56.722 56.672 56.632 56.562 56.554 58.474 56.827 56.304 56.272 56.194 56.069 55.912 55.734 55.582 55.447 55.289 55.174 55.142 55.102 54.979 54.959 54.974 54.997 56.124 54.977 55.872
60.514 61.559 65.682 66.357 67.042 67.359 66.739 66.044 64.054 60.347 60.342 60.204 60.007 59.814 59.654 59.469 59.294 59.119 59.044 58.964 58.917 58.892 58.837 58.774 58.709 58.657 58.694 58.724 58.554 58.224 57.849 57.657 57.524 57.452 57.254 57.172 57.237 57.254 57.114 57.064 57.004 56.907 56.854 56.802 56.722 56.692 56.614 56.554 56.567 60.199 62.434 62.502 56.212 56.399 55.989 55.867 55.692 55.562 55.429 55.309 55.177 55.092 55.047 54.944 54.947 54.939 54.922 55.222 54.879 54.902 59.962
60.449 63.424 66.617 67.289 67.134 66.467 65.807 62.859 60.164 60.184 60.157 59.992 59.767 59.557 59.369 59.217 59.067 59.022 58.929 58.917 58.892 58.847 58.972 59.684 58.747 58.777 58.722 58.347 57.947 57.597 57.462 57.434 57.392 57.324 57.214 57.137 57.157 58.202 57.099 56.977 56.947 56.854 56.787 56.739 56.677 56.609 56.557 56.572 60.824 62.577 62.992 62.102 57.112 56.109 55.897 55.652 55.767 55.352 55.244 55.149 55.024 54.989 54.919 54.932 54.914 54.879 54.829 54.792 54.867 55.957 61.047
64.814 60.267 67.412 66.887 66.209 64.842 60.214 60.127 60.052 59.979 59.894 59.727 59.459 59.282 59.122 59.054 58.964 58.942 58.942 58.902 58.877 58.972 59.329 58.824 58.849 58.647 58.092 57.629 57.442 57.332 57.349 57.287 57.252 57.187 57.099 61.962 58.422 57.064 56.974 57.564 56.867 56.777 56.654 56.649 56.597 56.547 56.632 61.949 62.707 62.924 61.547 56.759 56.382 56.047 55.747 55.579 56.154 55.117 55.062 54.952 54.924 54.892 54.909 54.937 54.879 54.804 54.717 54.679 54.777 55.272 61.547
64.079 61.627 60.112 65.959 63.714 60.337 60.244 60.059 59.902 59.737 59.562 59.387 59.222 59.067 59.012 58.937 58.957 58.949 58.939 58.992 60.197 59.209 58.904 58.867 58.399 57.832 57.412 57.254 57.257 57.259 57.272 57.184 57.149 57.314 63.337 63.052 60.992 57.112 57.017 56.849 56.797 56.712 56.647 56.547 56.552 57.492 62.099 62.824 62.789 62.054 58.229 56.619 56.557 55.992 55.552 55.329 55.149 55.004 54.922 54.842 54.852 54.877 54.887 54.872 54.814 54.727 54.624 54.514 54.469 58.882 61.764
