dsm/se2936_DSM_2M.asc
ncols 500
nrows 500
xllcorner    429000
yllcorner    436000
cellsize     2
NODATA_value -9999
[rows 155 to 185 of 500, columns 345 to 413 of 500]
115.319 114.769 114.784 114.872 118.739 121.357 121.139 118.262 114.844 115.079 115.214 115.224 115.197 115.652 116.259 115.667 115.399 115.982 115.424 116.529 116.792 117.637 117.349 118.092 118.379 118.459 118.152 117.952 119.534 120.132 117.249 115.634 115.304 115.697 116.137 115.702 115.124 114.964 114.337 115.182 114.364 114.309 114.494 115.604 116.412 116.532 121.219 122.502 121.597 118.559 115.697 115.767 117.384 117.762 120.982 118.297 118.202 118.725 115.935 116.212 115.71 115.657 115.707 115.807 121.32 122.6 122.317 121.072 115.492
114.712 114.704 115.987 115.752 115.404 120.802 121.704 119.737 116.422 115.117 115.329 116.042 115.729 115.282 115.524 115.612 115.834 115.814 115.182 118.174 118.597 119.117 118.907 118.434 116.457 115.722 115.497 115.722 115.317 115.294 115.232 120.534 120.932 120.752 115.212 115.114 115.102 115.062 114.917 114.287 114.312 114.252 114.872 115.454 115.559 115.684 121.192 122.459 121.719 120.299 117.624 117.904 117.189 120.932 119.454 116 115.68 120.24 116.09 115.525 115.637 115.617 115.687 115.71 121.32 122.352 122.24 121.06 115.467
114.602 114.597 114.614 114.672 115.004 120.019 121.739 120.784 115.744 115.152 115.004 114.982 115.034 115.067 115.112 115.159 115.174 115.299 115.162 117.957 116.752 116.457 115.179 115.907 115.877 115.069 115.102 115.177 115.209 115.259 115.252 119.669 121.752 120.877 115.189 115.084 115.119 115.157 114.854 114.212 114.249 114.314 115.167 115.174 115.249 115.419 121.077 122.357 121.769 120.489 115.502 115.467 115.532 115.547 115.529 115.542 115.6 120.025 119.2 115.637 115.595 116.077 115.642 115.777 121.125 121.165 121.155 121.027 115.482
114.539 114.624 114.599 114.644 114.759 116.677 121.609 121.359 118.322 114.937 114.974 114.984 115.012 115.049 115.117 115.152 115.162 115.197 115.162 115.879 116.054 115.132 115.059 115.142 115.472 115.029 115.092 115.184 115.202 115.244 115.252 119.644 121.684 120.962 115.344 115.152 115.134 115.317 115.534 114.144 114.162 114.734 115.137 115.112 115.262 115.287 120.977 122.247 121.877 120.599 115.422 115.419 115.487 115.492 115.474 115.497 116.14 119.337 116.21 115.672 115.902 115.742 115.68 115.77 115.877 115.902 115.69 115.647 115.62
114.437 114.922 114.584 115.487 114.762 114.877 120.642 121.802 120.127 114.912 114.944 114.957 114.984 115.037 115.079 115.122 115.134 115.469 115.922 117.149 118.329 114.984 114.924 114.899 114.929 114.964 115.039 115.149 115.154 115.132 115.232 119.642 121.584 121.059 116.069 115.622 115.149 115.099 115.869 114.072 114.112 114.152 114.754 115.729 115.912 115.332 120.899 122.167 121.949 120.677 115.712 116.769 116.829 116.892 116.344 116.177 118.025 119 115.61 115.58 115.685 115.425 115.39 115.395 114.967 114.905 114.91 114.945 114.912
114.339 115.714 114.587 114.624 114.657 114.762 120.067 121.537 120.934 116.509 114.922 115.067 114.939 114.999 115.027 115.497 115.854 114.909 116.877 118.827 118.029 115.749 116.729 117.094 117.149 116.727 116.697 116.732 117.034 116.562 116.449 119.847 121.524 121.107 116.254 115.079 115.059 114.877 114.142 114.009 114.049 114.022 115.617 115.299 115.539 115.279 120.822 122.099 122.017 120.744 115.267 115.292 115.304 115.299 115.262 115.28 118.885 118.81 115.542 115.487 115.475 115.34 115.325 114.872 120.357 120.58 120.545 120.215 114.952
114.294 114.572 114.694 114.544 114.612 114.707 115.922 120.927 121.444 118.352 114.907 116.174 115.154 115.542 114.872 114.697 114.704 114.732 114.837 117.152 117.192 115.047 115.147 114.782 114.777 114.724 114.722 114.664 114.729 114.974 115.607 117.629 121.407 121.169 116.677 115.064 115.017 114.927 114.194 113.924 113.987 114.842 115.397 114.914 115.174 115.204 120.627 122.007 122.082 120.812 115.249 115.247 115.239 115.269 115.287 115.495 119.33 119.67 115.575 115.347 115.417 115.277 115.47 114.855 120.37 121.585 121.4 120.192 115.007
114.259 114.219 114.504 114.454 114.547 114.677 115.592 119.497 114.909 115.062 115.637 114.677 114.582 114.629 114.639 114.657 114.679 114.712 114.874 114.882 114.859 114.807 114.757 114.752 114.734 114.687 114.687 114.652 114.619 114.627 114.984 117.077 121.304 121.247 118.374 115.072 115.017 114.872 114.072 113.974 113.909 114.527 114.692 114.732 115.122 115.157 120.324 121.944 122.189 120.904 115.367 115.227 115.222 115.159 117.129 115.315 118.38 119.025 115.75 115.527 115.745 116.047 116.06 115.04 120.415 121.732 121.43 120.172 115.052
114.212 114.132 114.224 114.384 114.542 114.692 115.219 115.447 115.057 114.534 114.449 114.232 114.567 114.584 114.617 114.652 114.664 114.712 114.834 114.919 115.332 115.057 114.722 114.742 114.667 114.644 114.637 114.617 114.599 114.614 115.112 116.062 121.019 120.947 118.067 115.097 114.962 114.817 114.264 115.134 113.849 113.884 113.954 114.967 115.124 115.037 119.299 121.839 122.249 120.979 115.562 115.292 118.827 115.869 115.472 115 116.41 117.83 115.89 115.445 115.222 116.415 115.485 115.299 120.427 121.71 121.397 120.145 115.217
114.147 114.104 114.137 114.712 115.397 115.017 114.134 116.287 119.147 119.769 115.699 114.214 114.317 114.589 114.592 114.604 114.684 114.484 114.529 114.612 114.874 116.617 114.672 114.639 114.609 114.604 114.609 114.599 114.609 114.614 115.104 115.669 116.489 115.772 115.224 115.047 114.894 114.812 114.224 114.312 113.782 113.767 114.004 114.049 114.504 114.767 118.644 121.692 121.949 121.052 115.404 115.142 114.952 114.949 114.962 114.992 115.615 115.392 115.077 115.145 115.125 115.147 115.132 114.807 120.45 121.722 121.36 120.105 114.887
114.047 114.057 114.104 114.122 114.122 114.122 115.069 119.872 120.577 120.454 118.927 114.207 115.367 114.652 114.327 114.312 114.352 114.369 114.442 114.497 114.812 115.847 114.659 115.202 114.742 115.044 115.439 115.257 115.789 115.939 116.427 115.567 115.642 115.102 114.942 114.667 114.502 114.387 113.992 113.649 113.732 113.729 114.032 114.579 115.584 115.472 119.559 120.794 120.737 120.654 115.912 115.169 114.907 114.907 115.009 121.852 116.652 115.73 115.11 115.147 115.075 115.107 115.067 114.83 120.482 121.807 121.362 120.1 115.132
113.949 113.997 113.937 114.364 114.124 114.132 114.112 119.529 120.737 120.849 119.674 114.189 114.254 114.274 114.274 114.347 115.034 114.362 114.382 114.462 115.597 118.884 114.814 114.312 114.402 114.594 114.257 114.232 114.427 114.399 114.739 114.972 116.109 116.234 116.844 114.687 114.127 114.177 113.824 113.584 113.649 113.644 113.622 114.019 114.894 114.952 114.984 115.204 114.857 114.802 115.584 115.542 115.014 114.969 115.534 117.445 115.825 116.337 116.545 116.935 116.507 116.62 116.495 114.81 120.525 121.82 121.327 120.087 114.777
113.912 113.929 113.902 113.944 114.114 114.157 114.797 118.392 120.377 121.262 120.032 115.617 114.144 114.229 114.264 114.269 114.282 114.267 115.109 115.897 117.759 116.099 115.037 114.422 114.282 114.827 114.384 114.259 114.279 114.297 114.244 116.062 120.177 120.252 120.174 116.962 114.209 114.184 115.044 113.527 113.587 113.587 113.574 113.842 114.219 114.414 116.429 116.512 115.292 114.624 115.112 115.804 114.857 116.839 116.777 117.162 115.847 114.81 114.792 114.762 114.835 114.872 114.795 114.792 120.507 121.782 121.27 120.032 114.74
114.024 113.834 113.844 113.857 116.829 113.987 115.037 115.104 119.957 121.157 120.407 118.094 114.072 114.202 114.664 115.149 115.869 114.987 114.247 114.244 114.352 117.172 114.644 114.307 114.254 114.244 114.249 114.239 114.332 114.444 114.342 115.607 120.232 121.352 120.272 116.609 114.314 114.177 114.924 113.487 113.517 113.509 113.522 114.074 114.387 114.477 120.027 120.369 119.729 114.382 114.384 114.682 114.652 116.552 116.102 116.33 115.652 114.75 114.722 114.725 114.782 114.815 114.815 114.795 120.535 121.807 121.242 119.657 114.677
114.232 113.742 113.784 113.732 113.894 114.902 115.469 113.904 119.604 120.802 120.829 119.572 114.052 114.507 114.034 114.064 114.064 114.082 114.022 115.199 114.374 117.444 115.194 114.917 115.032 115.027 115.109 115.147 115.244 115.399 115.379 116.207 120.237 122.014 120.359 117.689 115.312 115.209 114.987 113.427 113.469 113.442 113.454 113.952 114.379 114.407 119.952 120.914 119.742 117.042 115.497 114.377 114.489 114.722 114.612 114.687 114.975 116.987 116.575 116.887 116.252 116.715 116.192 116.097 120.575 122.13 121.245 119.815 115.442
113.962 113.704 113.722 114.167 113.754 114.072 115.224 114.604 118.909 120.449 121.199 119.942 114.719 113.992 114.087 114.059 114.019 114.004 113.987 114.287 114.909 116.457 114.479 115.102 115.902 115.267 113.962 113.912 113.949 114.032 114.082 115.577 120.182 121.397 120.339 116.884 114.119 114.002 113.627 113.367 113.404 113.379 113.377 113.997 114.334 114.342 119.932 120.929 119.794 117.577 115.902 114.444 114.559 114.772 115.084 114.82 116.025 115.537 114.732 114.465 114.53 114.62 114.667 114.657 120.55 121.825 121.187 119.3 114.515
113.892 113.699 113.649 113.834 113.754 113.894 114.162 114.719 116.052 120.029 121.254 120.267 117.694 114.024 114.222 113.997 114.784 115.537 115.762 113.829 115.267 114.384 114.487 114.172 114.024 113.979 113.844 113.887 113.909 114.002 114.104 114.807 120.184 121.404 120.377 116.874 114.127 114.012 113.649 113.287 113.339 113.327 113.309 114.514 114.237 114.449 119.909 121.037 119.879 115.712 115.044 114.642 114.882 114.942 115.004 114.885 115.355 114.72 114.292 114.352 114.442 114.497 114.537 114.68 120.58 120.935 120.932 119.927 114.522
113.767 113.677 113.502 113.594 113.522 114.677 114.032 113.797 113.999 119.654 120.849 120.647 119.462 114.534 116.207 115.177 113.824 113.794 113.747 113.977 114.062 116.049 114.289 114.054 113.974 113.939 113.814 113.832 113.869 113.932 114.067 116.547 120.204 121.422 120.424 118.079 115.002 114.912 114.677 113.227 113.254 113.254 113.247 114.357 115.074 114.312 119.572 120.964 119.884 114.309 114.267 116.282 116.319 116.329 116.452 114.29 115.27 116.357 114.672 114.347 114.45 114.535 114.53 114.75 118.8 118.867 119.082 118.82 114.525
113.739 113.622 113.467 113.517 113.452 113.999 113.637 114.402 114.097 119.289 120.469 121.299 119.819 114.607 113.904 113.872 113.812 113.744 113.727 113.837 117.457 118.999 116.079 113.924 113.792 113.772 113.777 113.779 113.759 113.779 113.992 115.454 120.219 121.439 120.377 118.482 114.119 114.044 113.684 113.387 113.197 113.204 113.202 114.089 115.869 113.984 119.794 120.937 119.924 114.237 114.227 115.292 114.967 115.059 114.314 114.727 114.685 115.61 115.452 116.037 115.727 115.682 115.905 116.092 116.642 115.537 115.292 115.21 115.53
113.747 113.604 113.459 113.427 113.427 113.447 113.562 114.984 115.547 115.927 120.074 121.122 120.154 116.934 113.954 113.852 113.747 113.704 113.692 114.784 115.287 119.109 116.337 113.854 113.784 113.737 113.767 113.747 113.727 113.784 113.922 115.529 120.154 121.367 120.384 118.064 114.147 114.019 113.587 113.082 113.149 113.142 113.117 113.652 115.279 114.129 119.779 120.942 119.939 114.314 114.209 114.319 114.129 114.152 114.159 115.065 114.342 115.137 117.775 120.87 114.147 114.227 114.11 113.997 116.392 116.272 117.817 117.412 114.54
113.734 113.654 113.512 113.317 113.384 113.329 114.154 113.759 113.842 113.934 119.689 120.034 119.674 119.249 114.027 113.827 113.737 113.712 114.037 115.092 118.222 117.899 114.699 113.979 113.719 113.722 113.732 113.727 113.669 113.782 114.137 114.844 120.139 121.379 120.422 117.532 114.182 114.499 114.289 113.024 113.074 113.124 113.704 113.279 113.809 114.202 119.737 119.984 119.882 114.277 114.312 114.224 114.124 114.134 114.174 114.225 114.385 114.487 118.247 119.24 114.022 114.067 114.05 113.937 118.057 120.455 120.547 120.015 114.922
115.034 113.837 113.637 113.267 113.307 113.254 115.427 113.702 113.789 113.954 118.277 116.907 114.894 114.082 113.947 113.807 113.837 113.842 113.557 114.144 115.687 117.007 116.792 114.327 115.489 114.577 114.282 114.057 114.242 114.919 114.669 114.697 120.119 121.507 120.457 118.409 114.542 113.972 113.912 112.969 112.999 112.999 113.837 113.702 114.004 114.177 114.444 114.547 114.277 114.542 114.512 114.712 114.929 114.992 115.212 115.332 115.67 114.907 114.507 116.267 114.145 114.01 113.98 114.34 118.602 120.622 121.635 120.027 114.54
113.872 113.709 113.659 113.249 113.219 113.222 114.234 113.544 113.729 113.884 114.487 114.989 113.994 113.169 113.194 113.379 113.554 113.572 113.654 113.809 114.689 114.504 113.597 113.572 113.534 113.547 115.399 113.674 113.724 113.809 113.889 114.347 120.067 121.232 120.412 118.459 113.819 113.699 114.254 112.904 112.937 112.934 112.919 114.544 114.119 114.399 114.387 114.232 115.337 113.929 114.107 114.139 114.164 114.182 114.812 114.182 114.17 114.237 114.827 116.147 116.115 116.115 116.072 115.402 118.39 120.672 122.332 120.05 115.172
113.589 113.519 113.364 113.217 113.124 113.154 113.154 114.637 115.277 114.829 113.689 113.202 113.079 117.982 113.114 113.252 113.367 113.779 113.914 114.602 115.772 115.017 113.487 113.472 113.452 113.482 113.522 114.299 113.847 113.844 113.919 114.637 119.982 120.012 120.004 117.487 113.859 113.692 114.214 112.827 112.854 112.862 112.839 114.547 113.727 113.812 113.709 114.557 118.864 114.959 113.542 114.042 114.124 114.179 114.022 114.055 114.057 114.007 114.15 114.44 114.972 115.175 113.88 113.88 118.477 120.632 121.665 120.03 114.19
113.582 113.554 113.399 113.214 113.037 113.089 113.037 114.179 113.919 113.669 113.497 113.557 118.249 119.307 118.734 114.899 113.162 113.689 114.362 113.884 114.262 115.454 113.404 113.432 113.429 113.397 113.399 113.604 113.652 113.884 113.927 114.162 115.204 114.002 115.914 114.799 114.042 113.692 113.377 113.699 112.774 112.794 112.772 113.289 113.192 113.282 117.432 119.167 119.749 118.819 113.474 113.734 114.107 115.519 114.777 113.925 113.987 113.862 114.93 116.165 115.245 114.175 113.832 113.875 118.815 120.47 120.57 120.015 115.35
115.074 114.187 113.642 113.657 113.022 113.019 112.994 114.127 113.272 113.077 113.122 116.334 119.169 119.862 119.782 118.544 113.462 113.732 113.569 113.747 113.842 115.124 113.342 113.394 113.397 113.409 113.402 115.022 114.069 114.529 114.514 113.819 113.742 113.714 113.729 113.579 113.679 114.197 114.577 113.842 112.714 112.714 112.709 112.937 113.249 113.329 114.337 118.949 119.242 119.579 118.529 113.239 115.864 113.829 113.827 113.755 113.772 113.72 113.892 113.832 113.85 113.765 113.815 113.862 117.802 118.345 118.57 118.637 114.525
113.557 113.562 113.577 113.532 113.502 112.924 112.934 112.939 113.024 113.119 114.057 113.904 116.182 118.714 119.452 119.784 118.654 114.204 113.142 113.524 113.672 115.157 113.262 113.287 113.322 113.352 113.342 113.304 113.314 113.292 113.327 113.787 113.859 113.264 113.204 113.207 113.232 113.899 113.612 112.644 112.659 112.664 112.657 114.229 113.302 113.379 113.319 116.362 118.304 119.509 119.279 117.197 113.269 113.652 113.724 113.617 113.605 113.577 113.877 113.81 113.727 113.722 113.722 114.402 114.197 113.815 113.6 113.617 113.615
113.344 113.454 113.502 113.484 114.132 112.822 112.872 112.824 113.089 114.169 113.332 113.502 113.672 114.214 117.762 119.542 119.687 118.212 113.514 113.097 113.507 114.194 113.169 113.119 113.529 113.299 113.304 113.074 113.079 113.144 113.227 113.377 114.777 113.809 113.267 113.464 113.352 112.964 112.727 112.592 112.607 112.609 112.732 114.089 113.299 113.494 113.434 113.272 113.789 118.797 119.744 118.934 113.387 113.529 113.682 114.255 113.507 113.517 113.852 113.752 113.377 113.49 113.545 113.572 114.475 115.435 113.357 113.332 113.215
113.419 113.329 113.412 113.422 113.692 112.789 112.799 112.772 113.614 113.247 113.279 113.322 113.267 113.209 113.947 118.024 119.587 119.662 118.509 113.097 113.107 113.742 116.882 116.884 116.847 117.257 117.327 116.877 116.902 117.414 116.342 113.054 113.234 114.532 115.287 113.517 113.134 113.242 113.889 112.527 112.549 112.542 112.517 114.414 113.299 113.369 113.404 114.442 113.364 115.789 119.062 119.654 118.662 113.239 113.502 113.42 113.092 113.112 113.042 113.147 113.255 113.247 113.31 113.292 113.362 116.547 116.585 113.407 113.447
113.424 113.382 113.324 113.359 113.417 112.747 112.719 112.902 112.899 113.227 113.239 113.242 113.247 113.892 113.087 114.724 118.842 119.942 119.394 117.827 113.092 113.257 115.767 119.257 119.409 119.409 119.709 119.402 119.367 119.342 118.732 113.672 113.222 113.174 113.174 115.092 114.734 113.257 113.707 112.467 112.497 112.482 113.967 114.607 113.387 113.322 114.382 112.987 113.022 114.689 118.852 119.619 119.287 118.277 113.224 114.607 118.182 118.545 118.552 118.537 118.535 118.527 118.505 118.202 116.167 113.262 115.377 116.535 113.422
113.814 113.402 113.434 113.337 113.204 112.779 112.619 112.692 112.897 113.364 113.219 113.247 113.437 113.142 113.132 113.134 116.924 119.332 118.274 113.069 113.054 113.172 116.944 119.242 118.784 118.822 118.834 118.642 118.649 119.209 118.732 113.564 113.074 113.109 113.117 113.114 113.849 115.302 113.852 112.392 112.412 112.417 114.432 113.694 113.327 113.942 112.982 112.999 113.134 113.157 117.629 119.134 118.209 113.472 113.174 115.657 119.195 119.645 119.63 119.655 119.637 119.647 119.625 119.272 116.785 113.155 113.34 114.502 116.02
