dsm/se2934_DSM_2M.asc
ncols 500
nrows 500
xllcorner    429000
yllcorner    434000
cellsize     2
NODATA_value -9999
[rows 352 to 383 of 500, columns 426 to 496 of 500]
79.864 81.226 73.216 67.544 64.286 64.211 64.164 64.089 64.019 63.834 63.701 63.676 63.654 63.759 63.556 63.584 63.481 63.286 63.199 63.136 63.096 63.081 63.071 63.096 63.159 63.229 63.284 63.341 63.384 63.439 63.479 63.446 63.354 63.319 63.254 63.176 63.094 63.026 62.981 62.976 62.956 62.956 62.961 63.136 62.929 63.208 63.445 63.099 63.557 64.107 63.497 62.867 62.863 62.873 62.87 62.884 62.887 62.933 63.061 63.047 62.781 62.561 62.384 62.231 62.111 62.046 61.936 61.816 61.621 61.459 61.314
82.314 82.339 82.636 75.731 67.114 64.794 64.129 64.039 63.961 63.859 63.744 63.559 63.549 63.536 63.491 63.424 63.444 63.346 63.189 63.116 63.084 63.049 63.051 63.049 63.066 63.101 63.139 63.179 63.234 63.271 63.286 63.276 63.246 63.201 63.126 63.056 62.986 62.926 62.874 62.869 62.881 62.851 63.004 63.614 63.386 63.369 62.836 62.841 62.828 62.832 62.946 63.292 62.974 62.853 62.861 62.92 63.054 63.095 62.877 62.616 62.419 62.229 62.051 61.914 61.844 61.741 61.594 61.409 61.254 61.099 60.944
82.419 82.446 82.321 82.371 72.356 68.629 65.401 63.974 63.914 63.831 63.834 63.626 63.454 63.446 63.436 63.374 63.291 63.329 63.259 63.131 63.056 63.021 63.009 63.019 63.026 63.064 63.089 63.111 63.154 63.181 63.191 63.179 63.134 63.094 63.024 62.936 62.881 62.821 62.809 62.826 62.806 62.849 62.776 62.766 62.781 62.769 62.781 62.794 62.891 62.806 62.936 62.826 62.856 62.976 62.964 63.026 62.879 62.664 62.431 62.229 62.024 61.849 61.714 61.601 61.466 61.354 61.189 61.014 60.861 60.726 60.526
82.316 82.371 82.399 80.429 70.989 70.994 69.756 69.226 64.046 63.784 63.701 63.621 63.511 63.341 63.324 63.294 63.236 63.164 63.199 63.186 63.131 63.064 63.016 63.034 63.056 63.076 63.116 63.144 63.164 63.179 63.171 63.159 63.044 62.969 63.001 62.836 62.784 62.704 62.701 62.744 62.729 62.706 62.699 62.679 62.686 62.861 62.716 62.731 62.756 62.796 62.916 62.006 61.331 61.926 62.291 62.399 62.316 62.134 61.931 61.749 61.609 61.454 61.334 61.226 61.089 60.924 60.761 60.589 60.411 60.264 60.229
82.349 82.351 81.126 70.981 70.964 70.949 70.941 70.939 69.299 64.679 63.661 63.564 63.479 63.394 63.234 63.214 63.171 63.106 63.039 63.101 63.074 63.056 63.034 63.004 62.996 63.009 63.031 63.059 63.069 63.066 63.039 63.026 62.924 62.849 62.834 62.731 62.679 62.614 62.579 62.606 62.539 62.561 62.566 62.576 62.729 62.624 62.664 62.771 61.211 59.066 59.269 60.009 60.674 60.994 61.324 61.476 61.526 61.474 61.271 61.224 61.109 60.989 60.869 60.774 60.616 60.449 60.266 60.146 60.051 60.016 60.116
82.359 82.449 70.986 70.946 70.929 70.914 70.899 70.886 70.884 70.076 65.321 63.534 63.436 63.366 63.271 63.109 63.086 63.049 62.991 62.929 63.006 62.986 62.956 62.949 62.919 62.886 62.931 62.864 62.889 62.911 62.884 62.846 62.794 62.756 62.696 62.641 62.581 62.511 62.441 62.399 62.431 62.446 62.451 62.459 62.546 62.636 60.911 58.784 58.766 58.729 58.781 59.146 59.639 60.109 60.419 60.679 60.764 60.711 60.684 60.616 60.546 60.456 60.371 60.236 60.061 59.919 59.839 59.816 59.874 59.996 60.129
82.394 76.564 70.959 70.921 70.899 70.859 70.864 70.854 70.839 70.869 70.831 68.001 63.404 63.309 63.234 63.264 62.986 62.964 62.924 62.871 62.816 62.869 62.871 62.871 62.811 62.729 62.726 62.761 62.794 62.819 62.799 62.749 62.701 62.639 62.589 62.526 62.484 62.401 62.326 62.291 62.311 62.334 62.374 62.476 62.519 59.669 58.964 58.826 58.799 58.771 58.729 58.741 58.936 59.194 59.579 59.886 59.984 59.934 59.954 59.934 59.929 59.844 59.729 59.619 59.586 59.601 59.631 59.764 59.894 60.016 60.134
79.941 70.966 70.931 70.904 70.871 70.851 70.826 70.821 70.821 70.826 70.821 70.809 67.429 64.346 63.859 63.116 63.034 62.846 62.821 62.804 63.221 62.689 62.724 62.744 62.679 62.611 62.621 62.674 62.706 63.031 63.071 62.656 62.591 62.551 62.499 62.436 62.361 62.304 62.231 62.189 62.311 62.336 62.396 62.404 60.259 59.319 59.089 58.976 58.841 58.819 58.791 58.764 58.734 58.811 58.926 59.074 59.191 59.231 59.294 59.334 59.329 59.319 59.344 59.351 59.441 59.559 59.676 59.786 59.896 60.014 60.126
70.966 70.946 70.909 70.876 70.839 70.821 70.826 70.811 70.801 70.811 70.806 70.779 70.769 67.919 68.521 63.121 62.971 62.889 62.711 62.711 62.694 62.624 62.564 62.599 62.481 62.519 62.554 62.576 62.696 62.841 62.811 62.716 62.534 62.429 62.386 62.321 62.271 62.209 62.126 62.139 62.221 62.231 62.259 62.306 59.431 59.256 59.276 59.111 59.001 58.844 58.854 58.839 58.821 58.811 58.806 58.836 58.866 58.924 58.976 59.041 59.109 59.196 59.281 59.379 59.486 59.591 59.699 59.804 59.901 60.016 60.176
70.944 70.911 70.889 70.851 70.836 70.816 70.814 70.799 70.804 70.794 70.791 70.766 70.736 70.731 70.744 69.161 63.424 62.871 62.651 62.589 62.589 62.571 62.511 62.429 62.389 62.391 62.434 62.656 63.514 63.681 63.736 63.714 63.344 62.381 62.259 62.214 62.161 62.114 62.031 62.054 62.084 62.089 62.121 61.426 59.344 59.184 59.341 59.374 59.551 59.044 58.959 58.891 58.884 58.889 58.896 58.911 58.949 59.001 59.056 59.111 59.184 59.254 59.341 59.431 59.534 59.631 59.714 59.819 59.974 60.234 60.569
70.931 70.891 70.864 70.851 70.829 70.821 70.799 70.799 70.791 70.796 70.771 70.744 70.726 70.716 70.659 66.471 62.919 62.816 62.661 62.534 62.479 62.476 62.456 62.379 62.301 62.266 62.454 63.164 63.419 63.341 63.699 63.644 63.416 62.566 62.139 62.101 62.056 62.016 61.944 61.866 61.946 61.946 61.979 60.411 59.136 59.094 59.376 59.551 60.386 59.961 59.131 59.076 59.009 58.934 58.959 58.974 59.009 59.061 59.106 59.184 59.249 59.331 59.411 59.484 59.569 59.674 59.836 60.031 60.346 60.689 61.001
70.919 70.889 70.849 70.836 70.811 70.814 70.806 70.794 70.791 70.786 70.754 70.729 70.714 70.714 70.394 62.856 62.789 62.709 62.596 62.486 62.416 62.361 62.349 62.324 62.261 62.171 62.224 62.871 63.221 63.196 63.149 63.324 63.471 62.856 62.024 61.991 61.956 61.916 61.844 61.764 61.806 61.821 61.934 60.441 58.716 58.989 59.299 59.716 59.641 59.781 59.676 59.456 59.154 59.141 59.141 59.076 59.069 59.111 59.161 59.221 59.296 59.381 59.489 59.609 59.766 59.949 60.204 60.499 60.824 60.959 61.441
70.929 70.889 70.844 70.831 70.814 70.801 70.791 70.796 70.784 70.761 70.734 70.724 70.716 70.661 63.919 62.679 62.619 62.594 62.516 62.424 62.369 62.301 62.236 62.211 62.189 62.134 62.066 62.136 62.911 62.999 62.974 62.494 63.009 62.841 61.904 61.869 61.856 61.819 61.756 61.654 61.684 61.726 63.626 61.944 58.541 58.821 59.139 59.406 59.544 59.899 59.889 59.911 60.114 59.779 59.959 60.251 60.034 59.909 60.371 60.831 60.529 59.891 60.174 60.136 60.249 60.474 60.626 60.789 60.949 61.329 60.996
76.474 71.954 70.856 70.831 70.814 70.809 70.799 70.789 70.766 70.731 70.726 70.706 70.664 65.129 63.621 62.794 62.499 62.481 62.399 62.364 62.321 62.256 62.164 62.104 62.099 62.081 62.019 61.946 62.016 62.916 63.004 63.581 62.989 62.634 61.789 61.759 61.756 61.714 61.651 61.564 61.524 61.694 65.364 65.261 58.454 58.539 58.876 59.126 59.449 59.654 59.834 60.001 60.244 60.339 60.491 60.841 60.341 60.289 60.404 60.461 60.549 60.654 60.689 60.826 60.771 60.721 60.789 60.836 61.249 60.906 60.921
86.234 81.251 77.664 71.306 70.829 70.814 70.799 70.779 70.746 70.721 70.711 70.699 68.766 63.916 63.051 62.464 62.459 62.449 62.341 62.311 62.271 62.214 62.136 62.149 61.986 61.976 61.961 61.901 61.829 61.866 62.329 62.856 62.774 62.116 61.659 61.646 61.656 61.614 61.551 61.471 61.381 61.469 64.859 65.439 62.956 58.606 58.764 58.996 59.211 59.426 59.639 59.794 59.956 60.089 60.184 60.266 60.314 60.364 60.394 60.436 60.466 60.486 60.524 60.546 60.794 60.976 60.871 61.244 60.811 60.834 60.814
86.174 86.169 84.596 76.896 71.724 70.814 70.784 70.759 70.724 70.706 70.716 70.681 64.074 63.906 62.461 62.426 62.404 62.404 62.286 62.274 62.241 62.199 62.126 62.116 62.014 61.866 61.859 61.836 61.774 61.704 61.734 61.929 61.771 61.554 61.564 61.549 61.536 61.511 61.444 61.369 61.296 61.354 62.769 64.849 65.866 62.804 58.894 59.071 59.306 59.446 59.624 59.804 59.959 60.074 60.156 60.246 60.311 60.329 60.369 60.416 60.469 60.491 60.481 60.519 60.566 60.609 60.956 60.719 60.739 60.729 60.861
86.164 86.151 86.164 85.584 79.464 75.451 70.751 70.744 70.721 70.709 70.681 63.531 63.296 63.544 62.534 62.364 62.354 62.286 62.254 62.234 62.226 62.186 62.176 62.076 61.959 61.864 61.729 61.726 61.686 61.639 61.589 61.541 61.504 61.479 61.474 61.466 61.466 61.601 61.349 61.271 61.201 61.171 61.231 64.414 66.259 65.331 59.044 59.219 59.381 59.611 59.791 59.941 60.086 60.141 60.301 60.279 60.404 60.646 60.271 60.279 60.346 60.444 60.476 60.521 60.551 60.534 60.596 60.644 60.636 60.769 61.521
86.249 86.151 86.161 86.171 86.016 81.434 77.199 70.976 70.709 70.691 65.419 63.006 62.824 62.504 62.324 62.304 62.269 62.209 62.304 62.221 62.214 62.294 62.176 62.021 61.919 61.829 61.731 61.609 61.584 61.564 61.521 61.464 61.429 61.629 61.394 61.399 61.456 61.436 61.259 61.179 61.101 61.034 61.114 61.216 62.329 65.329 59.211 59.314 59.479 59.714 59.906 60.051 60.159 60.286 60.436 60.781 60.444 60.256 60.869 62.196 60.286 60.381 60.436 60.674 60.604 60.484 60.536 60.551 60.699 60.734 60.969
82.759 84.779 86.174 86.201 82.814 82.376 82.124 78.216 70.699 69.484 63.061 64.819 62.636 62.329 62.256 62.226 62.134 62.224 62.201 62.209 62.274 65.464 62.676 61.966 61.836 61.751 61.679 61.554 61.466 61.456 61.421 61.389 61.346 61.319 61.306 61.304 61.701 61.811 61.251 61.074 61.004 60.929 60.954 60.989 61.351 61.304 60.844 59.484 59.699 59.841 60.001 60.129 60.239 60.324 60.346 60.381 60.321 60.216 62.769 60.241 60.264 60.334 60.564 60.441 60.396 60.446 60.466 60.584 60.651 60.736 60.704
82.971 83.284 83.279 84.286 82.389 82.741 82.394 82.426 74.581 62.999 62.901 62.664 62.311 62.176 62.151 62.064 62.126 62.159 62.279 62.169 62.714 64.331 65.856 62.006 61.716 61.626 61.549 61.459 61.386 61.326 61.329 61.301 61.261 61.221 61.196 61.291 62.226 61.971 61.364 60.979 60.899 60.834 60.764 60.799 61.126 61.496 62.359 59.644 59.766 59.951 60.044 60.166 60.274 60.359 60.419 60.406 60.381 60.231 60.251 60.204 60.221 60.299 60.286 60.316 60.369 60.374 60.451 60.556 60.796 61.481 61.036
82.386 82.366 82.391 82.514 82.391 82.379 82.426 67.766 61.321 61.911 62.576 62.296 62.096 62.086 62.031 62.341 62.111 62.116 62.116 62.541 64.554 64.409 61.934 61.756 61.676 61.596 61.514 61.434 61.339 61.244 61.209 61.199 61.181 61.144 61.091 61.341 61.769 62.066 61.339 60.916 60.811 60.731 60.669 60.646 60.746 61.021 61.071 61.829 59.929 60.051 60.086 60.149 60.286 60.376 60.416 60.406 60.386 60.304 60.234 60.221 60.656 60.211 60.231 60.274 60.299 60.354 60.469 60.486 60.576 60.774 61.066
82.322 82.359 83.001 82.389 82.826 82.916 79.159 61.391 61.529 61.644 61.784 62.084 62.009 62.001 62.181 62.081 62.239 62.156 62.141 62.129 64.486 61.854 61.774 61.694 61.624 61.564 61.624 61.776 61.309 61.219 61.249 61.084 61.086 61.049 61.009 60.956 61.419 61.831 60.931 60.836 60.719 60.639 60.564 60.529 60.599 61.066 60.979 63.026 64.426 60.289 60.181 60.144 60.264 60.351 60.401 60.374 60.349 60.309 60.234 60.481 60.094 60.136 60.194 60.209 60.304 60.924 60.409 60.429 60.476 61.144 60.909
82.312 82.474 82.369 82.381 82.539 82.489 61.341 62.506 61.751 61.856 61.954 61.924 61.929 61.861 61.924 61.989 62.641 62.001 62.079 61.994 61.854 61.784 61.716 61.649 61.579 61.546 61.451 61.414 61.346 61.204 61.066 61.064 60.951 60.951 60.934 60.884 60.831 60.834 60.844 60.789 60.649 60.554 60.486 60.399 60.484 60.606 60.889 63.509 64.449 62.331 60.231 60.191 60.216 60.276 60.291 60.274 60.226 60.234 60.669 60.046 60.051 60.094 60.116 60.199 60.756 60.374 60.356 60.374 60.389 60.469 60.591
82.429 82.489 82.362 82.436 82.431 63.431 61.619 62.771 61.829 61.876 61.849 61.851 61.791 62.466 61.899 62.376 61.959 61.924 61.906 61.839 62.089 61.746 61.699 61.716 61.711 61.654 61.569 61.504 61.456 61.319 61.186 61.064 60.879 60.826 60.829 60.799 60.761 60.701 60.874 60.724 60.649 60.486 60.404 60.329 60.301 60.359 60.651 60.546 63.831 64.986 63.344 60.276 60.241 60.201 60.199 60.171 60.141 60.614 59.989 59.991 60.019 60.011 60.076 60.721 60.404 60.256 60.296 60.311 60.321 60.376 60.534
82.766 82.843 82.521 82.375 79.079 61.404 61.501 61.764 61.846 61.774 61.739 61.694 61.854 62.094 61.844 61.846 61.854 61.839 61.819 61.919 61.739 61.796 61.809 61.789 61.671 61.604 61.481 61.426 61.436 61.599 61.384 61.094 60.966 60.819 60.711 60.701 60.671 60.644 60.609 60.659 60.596 60.421 60.339 60.254 60.166 60.231 60.236 60.329 63.479 64.719 64.541 60.554 60.691 60.196 60.116 60.049 60.391 59.906 59.926 59.974 59.941 59.949 60.066 60.484 60.469 60.186 60.196 60.464 60.281 60.289 60.689
82.32 82.322 82.299 78.781 62.107 61.516 61.666 61.791 61.729 61.654 61.594 62.379 62.049 61.901 61.976 61.779 61.779 61.769 61.761 61.724 61.814 61.836 61.789 61.691 61.536 61.359 61.276 61.244 61.549 61.911 61.881 61.534 61.059 60.844 60.621 60.586 60.591 60.569 60.546 60.514 60.524 60.431 61.349 62.699 60.114 60.049 60.109 60.114 60.176 62.656 64.344 60.421 60.136 60.111 60.014 59.944 59.821 59.821 59.871 60.334 61.111 59.936 59.989 60.049 62.406 64.909 61.394 61.291 61.146 60.231 64.614
82.29 82.125 81.65 64.419 62.334 62.498 61.689 61.641 61.616 61.524 61.604 62.991 61.684 62.229 61.689 61.696 61.771 61.701 61.686 61.821 61.816 61.671 61.596 61.526 61.276 61.071 61.066 61.021 61.271 61.726 61.994 61.946 61.541 60.919 60.646 60.526 60.476 60.489 60.464 60.424 60.396 60.399 60.236 61.549 60.036 59.939 59.994 60.011 60.026 60.036 60.044 60.034 59.999 59.956 59.891 59.784 59.736 59.769 59.819 60.389 64.256 62.934 59.946 59.954 63.064 61.956 62.384 60.154 60.634 63.156 69.261
82.362 81.743 75.074 61.835 63.026 61.923 61.551 61.539 61.719 61.439 61.506 61.586 61.614 61.609 61.609 61.739 61.594 61.631 61.774 61.819 61.666 61.534 61.464 61.376 61.211 60.889 60.866 60.861 60.989 61.324 61.714 61.884 61.811 61.356 60.734 60.576 60.429 60.361 60.381 60.354 60.314 60.291 60.249 60.251 62.979 59.899 59.809 59.899 59.909 59.916 59.924 59.916 59.861 59.806 59.706 59.661 59.686 59.759 59.881 65.629 70.904 68.724 63.331 59.921 62.029 61.779 60.309 61.304 62.904 68.509 70.871
82.176 79.337 65.153 61.324 61.321 61.511 61.436 61.371 61.321 61.386 61.474 61.521 61.539 61.534 61.541 61.539 61.579 61.721 61.681 61.864 61.576 61.486 61.271 61.274 61.236 60.894 60.749 60.716 60.916 61.164 61.264 61.486 61.651 61.606 61.204 60.611 60.469 60.316 60.261 60.264 60.236 60.201 60.141 60.056 62.626 60.421 59.741 59.759 59.781 59.789 59.791 59.776 59.721 59.646 59.569 59.616 59.656 59.681 64.139 70.889 71.494 71.114 69.046 63.096 60.694 61.919 60.579 62.199 68.486 70.849 71.559
81.763 70.103 62.015 61.294 61.204 61.197 61.254 61.246 61.266 61.381 61.429 61.446 61.449 61.466 61.459 61.519 61.656 61.564 61.819 62.814 61.654 61.279 61.164 61.524 61.176 61.051 60.741 60.609 61.631 62.294 60.819 60.969 61.196 61.424 61.486 61.064 60.486 60.349 60.194 60.179 60.166 60.134 60.076 60.011 60.201 61.704 59.716 59.606 59.664 59.649 59.656 59.626 59.521 59.496 59.531 59.596 60.276 64.474 70.864 71.471 72.059 71.691 71.124 69.684 63.401 59.821 62.646 64.164 70.856 71.511 72.204
72.37 62.204 62.69 61.794 61.257 61.123 61.134 61.159 62.336 61.439 61.351 61.364 61.376 61.359 61.429 61.579 61.436 62.486 61.774 61.266 61.189 61.169 61.569 61.186 66.049 61.519 60.761 60.484 60.469 60.476 60.479 60.586 60.784 61.059 61.361 61.409 60.876 60.354 60.241 60.096 60.076 60.054 60.016 59.961 59.894 60.206 59.696 59.589 59.494 59.544 59.554 59.489 59.436 59.469 59.464 59.869 63.971 70.841 71.426 72.031 72.631 72.289 71.736 71.174 69.639 63.209 63.811 70.941 71.589 72.214 72.851
62.508 61.498 62.082 62.205 61.438 61.042 61.033 61.951 61.544 61.241 61.264 61.284 61.269 61.326 61.471 61.314 61.974 61.429 61.744 61.044 61.056 61.026 61.009 62.196 61.906 62.939 60.814 60.459 60.379 60.506 60.334 60.374 60.469 60.744 61.094 61.401 61.351 60.739 60.246 60.126 59.981 59.964 59.939 59.901 59.836 59.781 59.676 59.571 59.461 59.366 59.371 59.404 59.416 59.406 59.389 60.319 70.826 71.401 71.991 72.601 73.174 72.889 72.316 71.759 71.181 70.586 70.914 71.571 72.251 72.906 73.219
