dsm/se2937_DSM_2M.asc
ncols 500
nrows 500
xllcorner    429000
yllcorner    437000
cellsize     2
NODATA_value -9999
[rows 279 to 309 of 500, columns 140 to 209 of 500]
94.779 94.737 94.719 94.677 94.657 94.639 94.622 94.587 94.544 94.504 94.474 94.437 94.412 94.377 94.354 94.319 94.297 94.267 94.224 94.199 94.177 94.162 94.117 94.072 94.037 94.004 93.967 93.924 93.902 93.874 93.844 93.799 93.772 93.744 93.729 93.704 93.662 93.644 93.622 93.592 93.562 93.547 93.519 93.477 93.424 93.382 93.347 93.309 93.272 93.214 93.152 93.007 92.817 92.689 92.524 92.367 92.259 92.117 92.492 92.004 92.324 91.789 91.677 91.524 91.442 91.384 91.304 91.087 90.909 90.754
94.764 94.732 94.714 94.694 94.659 94.624 94.602 94.569 94.519 94.484 94.467 94.427 94.384 94.372 94.349 94.312 94.289 94.257 94.219 94.187 94.147 94.124 94.082 94.054 94.009 93.979 93.947 93.917 93.882 93.862 93.824 93.784 93.754 93.742 93.722 93.704 93.667 93.642 93.599 93.592 93.552 93.527 93.489 93.442 93.402 93.382 93.344 93.289 93.272 93.162 93.007 92.852 92.659 92.542 92.399 92.252 92.179 92.084 92.117 92.492 91.879 91.609 91.509 91.464 91.382 91.199 91.002 90.872 90.712 90.557
94.752 94.722 94.702 94.674 94.642 94.617 94.577 94.549 94.504 94.469 94.434 94.404 94.382 94.347 94.334 94.307 94.279 94.262 94.217 94.184 94.139 94.094 94.067 94.034 93.999 93.967 93.937 93.917 93.884 93.852 93.817 93.779 93.754 93.747 93.722 93.709 93.672 93.644 93.609 93.557 93.537 93.484 93.464 93.439 93.414 93.372 93.344 93.299 93.167 92.982 92.804 92.637 92.487 92.387 92.309 92.252 92.162 91.974 91.909 91.689 91.579 91.524 91.469 91.312 91.087 90.914 90.789 90.677 90.507 90.327
94.734 94.702 94.677 94.649 94.614 94.592 94.552 94.514 94.482 94.452 94.414 94.384 94.362 94.332 94.307 94.299 94.264 94.242 94.207 94.184 94.124 94.082 94.047 94.002 93.974 93.947 93.917 93.899 93.879 93.847 93.822 93.792 93.769 93.742 93.719 93.689 93.667 93.634 93.594 93.544 93.524 93.494 93.479 93.434 93.424 93.389 93.289 93.157 92.994 92.782 92.652 92.512 92.402 92.812 92.279 92.174 91.969 91.877 91.677 91.604 91.532 91.417 91.174 91.004 90.877 90.712 90.579 90.437 90.284 90.117
94.714 94.684 94.652 94.619 94.592 94.567 94.539 94.502 94.479 94.444 94.404 94.374 94.342 94.312 94.294 94.284 94.257 94.217 94.187 94.172 94.119 94.074 94.029 93.984 93.967 93.934 93.909 93.884 93.882 93.852 93.824 93.799 93.757 93.729 93.714 93.674 93.637 93.612 93.582 93.557 93.542 93.507 93.459 93.449 93.392 93.262 93.099 92.957 92.767 92.609 92.497 92.427 92.359 92.277 92.082 91.924 91.759 91.674 91.624 91.524 91.294 91.067 90.924 90.792 90.682 90.512 90.347 90.227 90.082 89.904
94.677 94.657 94.634 94.614 94.592 94.549 94.519 94.492 94.464 94.432 94.387 94.382 94.344 94.309 94.294 94.262 94.244 94.209 94.159 94.144 94.094 94.074 94.032 93.989 93.954 93.927 93.917 93.907 93.877 93.857 93.827 93.787 93.762 93.737 93.689 93.664 93.632 93.614 93.597 93.564 93.539 93.517 93.422 93.344 93.199 93.044 92.887 92.717 92.592 92.499 92.437 92.359 92.214 92.032 91.822 91.752 91.702 91.617 91.449 91.174 90.994 90.869 90.722 90.567 90.449 90.312 90.192 90.042 89.879 89.764
94.674 94.647 94.612 94.592 94.559 94.544 94.509 94.484 94.439 94.412 94.379 94.359 94.337 94.302 94.274 94.264 94.237 94.197 94.159 94.132 94.099 94.057 94.022 93.989 93.969 93.944 93.934 93.909 93.884 93.854 93.819 93.797 93.767 93.737 93.694 93.647 93.619 93.602 93.564 93.564 93.514 93.427 93.287 93.127 92.979 92.817 92.789 92.902 92.609 92.377 92.417 92.132 91.974 91.817 91.762 91.697 91.552 91.294 91.052 90.877 90.737 90.622 90.494 90.369 90.257 90.109 89.982 89.852 89.757 89.637
94.662 94.632 94.594 94.577 94.552 94.522 94.499 94.452 94.432 94.399 94.374 94.342 94.309 94.292 94.272 94.247 94.222 94.192 94.169 94.137 94.094 94.044 94.009 94.002 93.982 93.954 93.937 93.922 93.879 93.852 93.812 93.779 93.737 93.719 93.699 93.647 93.592 93.559 93.532 93.477 93.382 93.244 93.099 92.932 92.777 92.622 92.819 93.027 92.352 92.189 92.062 91.889 91.834 91.769 91.632 91.407 91.194 90.972 90.767 90.567 90.442 90.367 90.302 90.162 90.054 89.932 89.797 89.689 89.622 89.529
94.649 94.614 94.597 94.569 94.537 94.509 94.479 94.447 94.402 94.392 94.357 94.322 94.292 94.264 94.249 94.219 94.209 94.197 94.174 94.129 94.089 94.062 94.014 93.992 93.982 93.964 93.957 93.924 93.874 93.827 93.779 93.747 93.714 93.702 93.654 93.614 93.579 93.477 93.409 93.299 93.172 93.034 92.872 92.709 92.619 92.527 92.417 92.312 92.129 91.967 91.912 91.859 91.759 91.527 91.337 91.139 90.927 90.739 90.477 90.272 90.157 90.094 90.052 89.989 89.892 89.792 89.682 89.572 89.544 89.502
94.654 94.607 94.592 94.542 94.524 94.502 94.464 94.427 94.397 94.362 94.334 94.309 94.267 94.242 94.234 94.212 94.187 94.172 94.152 94.122 94.097 94.052 94.027 94.007 93.989 93.969 93.949 93.899 93.842 93.799 93.752 93.694 93.664 93.619 93.582 93.519 93.439 93.324 93.187 93.074 92.979 92.814 92.704 92.592 92.537 92.322 92.214 92.049 91.982 91.929 91.849 91.642 91.449 91.282 91.077 90.879 90.622 90.402 90.142 90.042 89.967 89.927 89.857 89.812 89.744 89.679 89.607 89.522 89.447 89.382
94.654 94.609 94.572 94.559 94.524 94.489 94.442 94.399 94.369 94.357 94.324 94.292 94.264 94.239 94.209 94.192 94.169 94.154 94.132 94.107 94.094 94.064 94.027 93.992 93.982 93.962 93.912 93.839 93.799 93.737 93.717 93.679 93.642 93.534 93.462 93.357 93.252 93.129 93.024 92.924 92.807 92.677 92.549 92.437 92.322 92.144 92.057 92.007 91.929 91.749 91.544 91.402 91.259 90.997 90.794 90.584 90.309 90.064 89.922 89.859 89.859 89.832 89.747 89.694 89.617 89.557 89.499 89.387 89.272 89.272
94.632 94.607 94.579 94.539 94.509 94.459 94.427 94.397 94.367 94.352 94.314 94.292 94.272 94.227 94.199 94.182 94.154 94.127 94.104 94.087 94.072 94.057 94.027 93.984 93.949 93.919 93.857 93.787 93.732 93.709 93.682 93.587 93.507 93.407 93.304 93.169 93.074 92.979 92.889 92.812 92.694 92.502 92.374 92.202 92.124 92.082 92.017 91.872 91.642 91.462 91.354 91.159 90.967 90.707 90.432 90.227 90.049 89.947 89.844 89.802 89.789 89.779 89.647 89.569 89.494 89.397 89.284 89.284 89.304 89.329
94.642 94.597 94.572 94.529 94.489 94.462 94.422 94.404 94.362 94.339 94.317 94.277 94.249 94.227 94.192 94.164 94.144 94.102 94.094 94.072 94.057 94.039 94.002 93.954 93.907 93.867 93.819 93.774 93.674 93.644 93.557 93.482 93.374 93.237 93.137 93.054 92.934 92.877 92.744 92.619 92.487 92.329 92.199 92.149 92.087 91.957 91.754 91.604 91.392 91.197 91.024 90.817 90.614 90.364 90.184 90.082 89.979 90.564 89.929 90.279 89.714 89.704 89.572 89.449 89.287 89.277 89.294 89.337 91.857 95.617
94.637 94.589 94.547 94.522 94.477 94.444 94.429 94.382 94.354 94.319 94.307 94.279 94.239 94.204 94.172 94.144 94.124 94.099 94.087 94.064 94.029 93.992 93.952 93.909 93.869 93.837 93.782 93.714 93.617 93.544 93.454 93.337 93.214 93.109 92.997 93.339 93.139 92.672 92.599 92.414 92.269 92.219 92.172 92.057 91.842 91.687 91.519 91.299 91.089 90.879 90.694 90.514 90.354 90.222 90.137 90.247 89.837 89.849 90.377 90.087 89.624 89.539 89.434 89.339 89.312 89.329 90.814 95.514 95.622 95.494
94.599 94.567 94.524 94.509 94.469 94.447 94.409 94.374 94.344 94.317 94.284 94.274 94.229 94.202 94.167 94.129 94.104 94.084 94.067 94.039 93.974 93.947 93.892 93.867 93.822 93.754 93.697 93.622 93.537 93.454 93.312 93.182 93.057 92.984 92.867 92.869 93.907 92.529 92.354 92.299 92.257 92.189 91.899 91.689 91.549 91.389 91.197 90.997 90.817 90.617 90.494 90.387 90.259 90.069 90.857 90.042 90.574 89.749 89.679 89.609 89.542 89.477 89.424 89.377 89.397 95.757 95.627 95.497 95.377 95.264
94.569 94.539 94.517 94.499 94.484 94.432 94.399 94.362 94.327 94.312 94.287 94.267 94.229 94.189 94.157 94.124 94.104 94.069 94.047 94.002 93.962 93.894 93.847 93.819 93.727 93.654 93.594 93.527 93.414 93.437 93.152 93.054 92.897 92.849 92.682 92.657 92.449 92.374 92.332 92.267 92.034 91.699 91.467 91.312 91.167 91.047 90.894 90.727 90.604 90.534 90.419 90.222 90.224 90.034 90.052 90.214 89.804 89.732 89.657 89.589 89.519 89.464 89.437 89.569 89.472 92.572 95.387 95.264 95.149 95.027
94.539 94.519 94.507 94.484 94.462 94.444 94.389 94.357 94.332 94.302 94.282 94.252 94.227 94.184 94.157 94.114 94.074 94.042 94.004 93.969 93.949 93.899 93.817 93.704 93.632 93.537 93.467 93.384 93.314 94.199 93.027 92.889 92.739 92.704 92.562 92.447 92.397 92.347 92.167 91.879 91.559 91.264 91.087 90.979 90.889 90.807 90.719 90.647 90.489 90.369 91.427 90.219 90.237 90.014 89.949 89.859 89.799 89.714 89.657 89.574 89.519 89.449 89.484 89.514 89.532 89.382 95.162 95.029 94.909 94.792
94.547 94.507 94.482 94.464 94.442 94.422 94.399 94.352 94.339 94.294 94.264 94.247 94.207 94.177 94.139 94.094 94.044 94.012 94.012 93.989 93.944 93.852 93.754 93.647 93.552 93.402 93.339 93.287 93.179 93.784 93.792 92.947 92.647 92.537 92.487 92.424 92.309 92.029 91.762 91.469 91.232 91.092 90.927 90.929 90.862 90.794 90.579 90.557 91.229 90.344 90.999 90.199 90.099 90.017 89.917 89.839 89.772 89.712 89.644 89.567 89.489 89.417 89.467 89.492 89.477 89.417 92.674 94.799 94.677 94.562
94.584 94.497 94.459 94.439 94.429 94.407 94.382 94.337 94.307 94.282 94.244 94.222 94.179 94.134 94.094 94.077 94.059 94.057 94.039 93.962 93.864 93.752 93.652 93.557 93.434 93.302 93.182 93.094 92.977 92.909 93.019 92.614 92.552 92.487 92.374 92.177 91.932 91.667 91.407 91.277 91.139 91.287 90.847 90.917 90.852 90.799 90.634 90.494 91.742 90.322 90.247 90.172 90.084 89.997 89.909 89.834 89.764 89.702 89.629 89.564 89.482 89.407 89.344 89.447 89.462 90.947 90.344 94.574 94.442 94.322
94.599 94.504 94.449 94.437 94.412 94.394 94.354 94.329 94.289 94.262 94.219 94.177 94.129 94.089 94.079 94.079 94.114 94.029 93.982 93.882 93.734 93.589 93.454 93.367 93.287 93.117 92.957 92.852 92.794 92.687 92.612 92.579 92.454 92.257 92.079 91.849 91.604 91.462 91.342 91.122 91.012 92.397 90.817 90.754 90.849 90.819 90.699 90.479 90.397 90.307 90.242 90.167 90.077 89.979 89.899 89.824 89.749 89.692 89.619 89.544 89.469 89.407 89.314 89.354 89.412 89.584 89.542 90.834 94.199 94.082
94.594 94.517 94.432 94.417 94.402 94.367 94.342 94.314 94.267 94.214 94.169 94.124 94.117 94.104 94.087 94.074 94.049 94.004 93.882 93.739 93.534 93.314 93.137 93.047 93.007 92.927 92.807 92.759 92.684 92.634 92.564 92.364 92.194 92.019 91.824 91.642 91.519 91.514 91.652 91.089 90.979 91.007 90.802 90.717 90.647 90.589 90.517 90.442 90.372 90.302 90.212 90.142 90.054 89.974 89.899 89.819 89.734 89.674 89.599 89.537 89.462 89.387 89.317 89.242 89.309 89.399 89.429 89.389 93.969 93.844
94.537 94.502 94.422 94.377 94.374 94.357 94.324 94.274 94.242 94.199 94.159 94.137 94.152 94.139 94.114 94.039 93.957 93.869 93.719 93.497 93.349 93.119 92.937 92.832 92.847 92.804 92.757 92.702 92.644 92.504 92.329 92.189 91.999 91.847 91.734 91.507 91.632 92.054 92.724 91.059 90.952 90.859 90.769 90.689 90.617 90.564 90.487 90.409 90.339 90.277 90.204 90.127 90.052 89.964 89.879 89.802 89.729 89.654 89.592 89.522 89.452 89.387 89.292 89.234 89.219 89.324 89.412 89.449 90.932 93.617
94.509 94.449 94.394 94.352 94.339 94.334 94.302 94.249 94.229 94.217 94.182 94.167 94.144 94.104 94.039 93.954 93.812 93.762 94.724 93.387 93.254 92.992 92.844 92.862 92.812 92.772 92.712 92.622 92.487 92.332 92.172 92.062 91.954 91.739 91.599 91.474 91.357 92.092 91.144 91.029 90.939 90.827 90.749 90.674 90.597 90.524 90.439 90.394 90.419 90.422 90.202 90.112 90.022 89.947 89.864 89.799 89.722 89.644 89.582 89.519 89.464 89.369 89.277 89.209 89.162 89.242 89.339 89.424 89.399 89.339
94.622 94.459 94.362 94.327 94.304 94.262 94.229 94.212 94.187 94.202 94.219 94.177 94.122 93.994 93.902 93.774 93.779 93.619 93.444 93.677 93.094 92.974 92.899 92.829 92.774 92.729 92.627 92.507 92.634 92.257 92.097 93.034 91.852 91.734 91.564 91.444 91.344 91.227 91.122 91.007 90.899 90.809 90.729 90.657 90.562 90.479 90.409 90.337 90.484 90.372 90.152 90.079 89.992 89.917 89.844 89.769 89.702 89.637 89.569 90.182 90.524 89.342 89.267 89.202 89.217 89.239 89.302 89.344 89.319 89.297
94.624 94.589 94.379 94.292 94.249 94.229 94.177 94.159 94.147 94.147 94.134 94.079 93.974 93.897 93.807 93.732 93.579 93.469 93.349 93.272 93.129 92.989 92.877 92.829 92.779 92.714 92.562 92.339 92.159 91.982 91.877 91.794 92.812 91.702 91.524 91.392 91.289 91.169 91.072 90.977 90.882 90.814 90.844 90.794 90.552 90.464 90.384 90.312 90.242 90.172 90.107 90.029 89.959 89.889 89.817 89.754 89.687 90.082 90.864 90.699 89.529 89.384 89.307 89.322 89.344 89.339 89.339 89.319 89.294 90.714
94.659 94.574 94.517 94.404 94.269 94.192 94.122 94.059 94.019 94.024 94.024 93.987 93.859 93.837 93.917 93.697 93.504 93.452 93.387 93.274 93.142 92.937 92.739 92.627 92.474 92.309 92.142 92.057 91.972 91.877 91.799 91.719 91.632 91.547 91.432 91.312 91.204 91.112 91.024 90.929 90.832 91.909 90.807 90.852 90.712 90.444 90.372 90.307 90.212 90.149 90.069 90.002 89.924 89.859 90.077 89.882 90.822 90.539 89.962 89.492 89.544 89.469 89.434 89.404 89.409 89.592 89.607 89.364 89.329 89.284
94.709 94.657 97.407 94.472 94.404 94.322 94.157 94.007 93.937 93.994 94.059 93.974 93.934 93.887 93.704 93.647 93.572 93.504 93.419 93.234 92.849 92.497 92.314 92.194 92.157 92.117 92.044 91.969 91.879 91.797 91.714 91.622 91.534 91.439 91.349 91.237 91.129 91.047 90.952 90.867 90.777 91.179 90.769 90.822 90.734 90.432 90.334 90.262 90.197 90.109 90.034 89.974 89.902 90.334 90.057 90.792 90.529 89.549 89.639 89.609 89.564 89.517 89.482 89.484 89.477 89.404 89.467 89.347 89.302 89.252
93.989 94.347 100.174 95.334 94.434 94.389 94.279 94.219 94.189 94.147 94.342 95.647 93.932 93.842 93.749 93.657 93.619 93.519 93.259 92.582 92.224 92.164 92.132 92.102 92.069 92.022 91.957 91.879 91.802 91.712 91.614 91.527 91.442 91.349 91.247 91.154 91.054 90.959 90.879 90.802 90.804 90.772 90.614 90.672 90.734 90.389 90.304 90.224 90.139 90.199 89.992 90.904 89.844 89.764 90.127 89.737 89.759 89.742 89.697 89.639 89.582 89.604 89.554 89.499 89.447 89.404 89.357 89.314 89.274 89.247
94.152 95.422 94.367 93.794 93.982 94.204 93.759 93.804 93.954 93.987 94.059 97.597 93.837 93.794 93.719 93.634 93.564 93.397 92.652 92.197 92.152 92.097 92.062 92.019 91.987 91.932 91.864 91.797 91.724 91.619 91.534 91.447 91.349 91.257 91.157 91.064 90.969 90.892 90.882 90.912 90.917 91.659 90.577 90.554 90.454 90.342 90.257 90.169 90.089 90.189 89.954 89.959 90.169 89.867 89.872 89.842 89.807 89.752 89.699 89.639 89.594 89.562 89.532 89.482 89.439 89.387 89.342 89.299 89.272 89.237
93.614 93.834 93.424 93.462 93.462 93.417 93.289 93.269 93.804 93.904 94.377 95.164 96.019 94.199 94.739 94.052 93.497 93.024 92.454 92.147 92.089 92.047 91.984 91.954 91.907 91.857 91.799 91.717 91.639 91.542 91.454 91.359 91.262 91.162 91.062 90.967 90.914 90.979 90.944 90.747 90.654 91.939 90.519 90.442 90.382 90.282 90.207 90.117 90.217 90.237 90.024 90.009 89.979 89.944 89.899 89.849 89.797 89.722 89.667 89.624 89.567 89.527 89.489 89.437 89.409 89.372 89.324 89.297 89.269 89.247
93.577 93.539 93.454 93.332 93.247 93.177 93.109 93.077 93.167 93.102 93.119 93.574 93.452 98.332 96.012 95.697 93.302 92.777 92.422 92.272 92.039 91.972 91.927 91.877 91.849 91.802 91.744 91.722 91.559 91.459 91.354 91.264 91.159 91.064 91.024 91.062 90.984 90.884 90.727 90.657 90.572 90.487 90.437 90.377 90.302 90.227 90.147 90.224 90.224 90.147 90.082 90.042 89.999 89.949 89.907 89.834 89.757 89.689 89.637 89.589 89.534 89.492 89.449 89.404 89.372 89.367 89.332 89.284 89.227 89.189
