dsm/se2930_DSM_2M.asc
ncols 500
nrows 500
xllcorner    429000
yllcorner    430000
cellsize     2
NODATA_value -9999
[rows 160 to 191 of 500, columns 360 to 431 of 500]
58.056 52.477 50.868 50.644 50.098 50.085 50.125 50.645 56.755 57.705 58.446 58.354 57.102 52.26 49.929 49.534 49.309 49.117 49.147 49.06 49.105 49.886 48.801 49.185 49.051 50.787 57.077 58.157 58.266 57.365 57.111 52.904 48.321 48.035 47.437 47.334 47.258 47.168 47.004 47.007 47.057 47.892 52.264 52.927 47.742 46.725 46.23 46.173 46.02 45.926 45.973 45.999 46.07 46.217 46.225 46.083 46.075 46.051 45.934 45.876 45.929 46.008 46.026 46.072 46.047 46.111 46.098 46.136 46.199 46.801 47.831 45.889
58.669 57.417 50.621 50.308 50.171 49.824 50.208 49.937 54.886 56.897 57.777 58.595 57.829 57.078 50.759 49.176 49.057 48.999 49.017 48.928 48.852 48.755 48.652 48.645 49.035 50.851 57.115 57.609 57.821 57.939 57.241 54.358 48.026 48.18 47.386 47.254 47.148 47.049 46.934 46.838 46.87 46.881 46.789 47.629 46.592 46.244 46.165 46.024 45.934 45.973 45.975 46.042 46.13 46.23 46.117 46.064 46.028 45.94 45.849 45.809 45.973 46.116 46.214 46.052 46.016 46.045 46.095 46.15 46.183 46.233 46.45 49.736
59.432 57.547 51.732 50.34 50.515 49.803 49.727 50.305 50.648 56.224 57.274 58.493 58.419 57.394 53.866 49.194 48.935 48.82 48.825 48.858 48.79 48.698 48.535 48.511 48.896 48.765 54.093 57.647 57.628 58.181 57.35 56.154 52.803 47.963 47.946 47.18 47.083 46.905 46.826 46.675 46.745 46.805 46.698 46.456 46.331 46.297 46.056 45.946 45.962 45.944 45.994 46.039 46.166 46.125 46.001 45.983 45.937 45.887 45.785 45.866 46.019 46.205 46.122 46.07 46.068 46.06 46.079 46.166 46.195 46.833 46.622 46.22
59.18 58.295 56.504 50.214 50.031 49.724 49.589 50.092 49.595 54.157 56.109 57.848 58.712 57.652 49.15 48.939 48.864 48.76 48.758 48.718 48.69 48.595 48.398 48.355 48.43 48.578 49.211 56.86 57.581 57.775 58.993 57.372 56.728 49.997 48.03 48.368 46.96 46.823 46.747 46.609 46.51 46.538 46.598 46.386 46.307 46.132 46.044 45.909 45.918 45.976 46.028 46.131 46.147 46.006 45.953 45.95 45.907 45.78 45.82 46.006 46.097 46.111 46.135 46.1 46.086 46.092 46.073 46.045 46.095 46.701 46.345 46.196
59.041 58.762 57.342 51.408 50.31 50.145 49.504 49.473 49.402 49.392 52.095 57.291 57.801 50.087 48.945 48.806 48.789 48.726 48.61 48.611 48.506 48.463 48.385 48.272 48.255 48.171 48.971 48.896 56.638 59.859 58.707 58.342 57.989 54.481 49.007 47.575 46.889 46.777 46.665 46.56 46.404 46.511 46.506 46.378 46.237 45.942 45.842 45.927 45.933 45.974 46.024 46.111 45.992 45.962 45.927 45.853 45.813 45.796 45.937 46.104 46.123 46.127 46.133 46.117 46.103 46.101 46.09 46.06 46.04 46.102 46.09 46.189
58.857 59.347 58.153 55.715 50.296 49.75 49.468 49.325 49.447 49.234 50.426 49.943 49.546 48.988 48.778 48.793 48.751 48.648 48.607 48.476 48.387 48.347 48.325 48.167 47.987 48.077 48.931 48.168 53.798 57.868 58.257 58.568 58.638 54.673 49.718 46.844 47.506 46.62 46.532 46.478 46.272 46.201 46.263 46.361 45.989 45.858 45.866 45.93 45.958 45.989 46.065 46.015 45.956 45.897 45.859 45.766 45.688 45.811 45.969 46.246 47.033 46.146 46.106 46.108 46.114 46.115 46.084 46.077 46.101 46.052 46.064 46.136
58.985 58.741 58.281 57.242 51.902 49.577 49.991 49.274 49.119 49.23 49.137 49.556 49.079 49.622 48.969 48.747 48.675 48.548 48.584 48.485 48.326 48.258 48.212 48.11 47.964 47.916 48.437 47.688 48.039 57.892 58.139 58.581 58.611 57.216 54.882 46.994 47.1 46.538 46.389 46.331 46.25 46.144 46.096 46.008 45.845 45.85 45.883 45.965 46.002 46.043 45.954 45.975 45.911 45.816 45.763 45.68 45.785 45.978 46.222 49.643 51.017 48.186 46.236 46.112 46.15 46.12 46.097 46.095 46.1 46.1 46.093 46.081
56.981 58.165 58.791 58.116 56.598 49.649 49.339 49.342 48.994 49.08 49.136 48.972 49.933 49.592 48.76 48.645 48.525 48.615 49.133 48.687 48.311 48.126 48.128 48.088 47.922 47.825 47.781 47.642 47.992 53.468 56.544 57.968 58.303 57.337 56.208 48.646 47.119 46.977 46.285 46.273 46.247 46.1 45.996 45.897 45.813 45.861 45.905 45.938 45.955 45.971 45.957 45.904 45.866 45.788 45.676 45.702 45.861 46.286 48.718 51.064 51.012 50.999 51.034 47.741 46.146 46.127 46.095 46.106 46.115 46.134 46.074 46.059
55.305 58.488 58.53 58.179 56.912 50.91 49.565 49.938 48.925 48.875 49.047 48.749 48.719 48.749 48.623 48.497 48.55 48.852 48.555 48.33 48.202 48.034 48.021 48.053 47.843 47.691 47.599 47.584 47.671 48.359 56.169 57.848 58.15 57.504 58.938 51.648 46.299 46.473 46.269 46.283 46.09 46.045 45.896 45.791 45.873 45.9 45.906 45.936 45.922 45.999 45.877 45.851 45.748 45.69 45.696 45.855 46.018 46.325 50.514 51.039 51.007 51.056 51.119 50.101 49.658 46.294 46.121 46.103 46.119 46.112 46.113 46.041
51.02 57.021 58.364 58.479 57.875 56.331 49.979 49.095 48.878 48.759 48.766 48.72 48.723 48.651 48.516 48.505 49.042 48.59 48.817 48.444 48.056 47.973 47.89 47.825 47.795 47.605 47.494 47.396 47.322 47.214 51.259 57.7 58.297 57.22 56.77 54.988 48.472 46.369 46.341 46.05 45.991 45.925 45.79 45.817 45.881 45.937 45.927 45.948 45.882 45.875 45.864 45.785 45.658 45.688 45.764 45.84 46.422 49.78 51.075 51.024 51.048 51.09 51.121 51.154 51.105 50.161 46.288 46.116 46.136 46.13 46.115 46.104
49.951 54.31 57.63 57.998 57.766 56.697 50.97 48.799 48.938 48.706 48.708 48.675 48.577 48.99 48.457 49.055 48.626 53.556 56.325 51.085 48.141 47.866 47.761 47.737 47.742 47.538 47.389 47.261 47.299 47.364 49.625 54.938 56.307 56.909 56.613 55.853 53.964 46.265 46.074 45.96 45.917 45.798 45.755 45.866 45.865 45.917 45.92 45.902 45.881 45.827 45.769 45.69 45.623 45.698 45.826 46.228 45.977 45.986 50.105 50.927 51.055 51.076 51.139 51.133 51.042 50.992 50.972 47.193 46.26 46.148 46.117 46.114
49.836 50.72 56.34 57.623 58.179 57.458 56.425 49.249 48.925 48.64 48.709 48.616 48.586 49.196 49.548 50.239 51.266 56.228 57.188 53.325 49.05 47.782 47.683 47.515 47.476 47.438 47.271 47.117 47.108 47.028 46.923 47.618 55.798 56.228 57.119 56.201 55.078 47.765 45.94 45.87 45.83 45.749 45.811 45.84 45.884 45.898 45.858 45.908 45.841 45.785 45.649 45.611 45.591 45.653 45.967 46.339 46.107 45.899 45.986 47.007 50.899 51.117 51.104 51.074 50.966 51.035 51.132 51.113 49.98 46.235 46.126 46.095
49.865 49.536 52.504 57.875 58.034 57.964 56.569 50.886 48.677 48.591 48.645 48.474 48.4 48.514 49.144 51.275 56.836 57.717 58.375 57.785 51.435 47.814 47.575 47.502 47.395 47.345 47.188 47.024 46.993 46.922 46.769 49.378 53.366 55.653 56.682 56.869 55.512 47.61 45.9 45.889 45.767 45.782 45.811 45.864 45.874 45.858 45.862 45.83 45.778 45.716 45.599 45.586 45.637 45.726 45.818 45.867 45.897 45.936 45.949 46.003 47.342 51.09 51.063 51.017 51.011 51.086 51.116 51.033 51.043 49.752 46.36 49.926
49.783 50.349 54.819 56.248 57.59 53.327 49.038 48.65 48.561 48.575 48.53 48.395 48.375 49.051 50.602 55.058 57.415 57.801 57.817 56.839 50.734 47.624 48.089 47.386 47.203 47.198 47.147 47.012 46.85 46.792 47.352 46.838 49.265 55.045 56.181 57.233 50.823 45.913 45.852 45.844 45.669 45.798 45.836 45.849 45.855 45.838 45.795 45.753 45.686 45.643 45.553 45.613 45.653 45.77 45.78 45.794 45.87 47.36 45.991 45.958 49.271 51.122 51.07 51.007 51.072 51.15 51.086 51.027 51.087 51.07 50.235 55.457
49.989 49.313 49.436 50.165 48.928 49.13 48.669 48.551 48.558 48.552 48.923 48.916 48.509 49.004 53.967 57.028 57.764 58.061 57.045 56.085 48.433 47.489 47.272 47.21 47.099 47.092 47.039 46.927 46.778 46.681 46.872 46.681 46.358 52.958 55.681 54.494 45.926 45.842 45.811 45.733 45.747 45.814 45.812 45.815 45.82 45.735 45.734 45.693 45.632 45.557 45.621 45.667 45.711 45.716 45.783 45.819 45.895 48.367 48.807 47.819 51.082 51.079 51.012 51.077 51.1 51.116 51.002 51.08 51.089 48.153 53.203 55.612
49.204 49 48.993 49.029 49.64 49.293 48.541 48.431 48.47 48.414 49.023 48.47 49.208 52.915 56.16 57.457 58.107 57.691 56.752 50.153 47.151 47.264 47.066 47.057 47.021 46.937 46.904 46.838 46.841 47.93 46.492 46.336 46.121 46.606 54.504 46.993 46.374 45.977 45.744 45.718 45.772 45.823 45.847 45.792 45.798 45.774 45.686 45.623 45.556 45.532 45.608 45.709 45.798 45.756 45.789 45.842 47.904 48.929 49.717 50.922 51.061 50.989 51.078 51.02 46.519 49.994 51.061 51.104 48.4 48.974 55.341 48.214
48.949 48.804 48.969 49.342 51.51 48.584 48.45 48.477 48.385 48.641 48.367 48.918 52.877 56.542 57.311 57.754 57.716 57.388 51.264 47.954 47.46 47.111 47.035 47.002 46.949 46.83 46.796 46.664 46.636 46.492 46.322 46.309 46.14 45.979 45.914 45.859 45.816 45.767 45.723 45.745 45.777 45.808 45.893 45.795 45.747 45.686 45.618 45.528 45.508 45.566 45.724 45.813 46.32 45.986 47.289 46.463 48.158 49.235 50.304 51.067 50.998 51.078 51.073 47.684 45.97 45.957 47.488 51.01 50.515 54.54 48.093 43.747
48.847 48.724 48.615 49.345 48.565 48.441 48.411 48.394 48.356 48.569 49.169 48.802 54.898 57.416 57.941 58.051 57.393 52.669 49.164 47.572 47.135 47.048 47.156 47.008 46.778 46.75 46.637 46.593 46.468 46.452 46.289 46.183 45.987 45.882 45.883 45.83 45.728 45.67 45.7 45.762 45.793 45.863 45.796 45.685 45.694 45.651 45.587 45.485 45.555 45.584 45.601 45.483 45.401 45.465 49.771 49.464 49.317 49.754 50.333 50.661 50.343 50.957 51.117 48.327 46.074 45.934 45.938 45.991 53.921 55.271 43.843 42.62
48.748 48.681 48.502 48.466 48.444 48.412 48.4 48.966 48.574 48.51 49.037 53.123 56.498 57.628 58.257 58.006 57.146 47.668 47.697 47.343 46.992 47.071 50.402 49.743 47.358 46.617 46.523 46.443 46.423 46.317 46.178 46.095 45.933 46.115 45.836 45.745 45.638 45.679 45.725 45.768 47.47 45.927 45.774 45.664 45.599 45.547 45.521 45.598 45.669 47.663 45.572 45.362 45.215 45.091 46.073 48.167 48.073 49.276 49.721 50.133 50.522 50.439 49.935 49.475 46.983 45.947 48.072 52.816 55.499 47.295 42.621 42.649
48.645 48.535 48.486 48.402 48.35 48.355 48.359 48.594 48.725 49.338 50.402 55.881 57.363 57.912 57.558 56.291 50.666 46.96 47.16 46.998 47.041 49.543 50.603 50.304 49.344 46.58 46.489 46.377 46.279 46.159 46.097 45.968 45.936 46.508 45.751 45.638 45.675 45.76 45.78 45.89 45.899 45.756 45.659 45.613 45.595 45.474 45.538 45.635 46.15 45.818 45.388 45.245 45.169 44.951 44.891 44.722 44.864 46.214 48.605 49.466 50.008 50.22 49.588 48.699 46.26 45.963 50.269 54.622 52.964 42.773 42.644 42.597
48.564 48.469 48.38 48.389 48.366 48.239 48.414 48.165 48.492 51.051 55.382 56.563 57.621 57.33 56.5 55.327 47.571 47.806 47.005 46.975 47.525 47.968 50.072 50.445 47.815 46.492 46.334 46.287 46.172 46.045 46.024 45.875 45.732 45.77 45.657 45.622 45.724 45.727 45.786 45.906 45.811 45.649 45.659 45.598 45.495 45.46 45.608 45.75 45.979 45.438 45.345 45.129 46.677 45.382 44.702 44.568 44.498 44.786 46.481 47.056 47.676 51.469 49.317 46.263 45.919 50.016 54.128 53.425 43.71 42.648 42.616 43.165
48.452 48.382 48.329 48.339 48.273 49.4 48.383 48.291 48.464 56.058 56.813 57.528 57.603 56.642 55.699 47.551 47.395 47.19 46.977 46.926 47.431 47.116 48.457 54.433 54.95 49.451 46.869 46.506 46.009 45.946 45.867 45.762 45.719 45.638 45.628 45.678 45.709 45.728 45.785 45.72 45.689 45.657 45.597 45.522 45.451 45.701 45.643 46.247 45.512 45.329 45.235 45.095 46.774 46.858 44.643 44.38 44.536 44.334 44.175 45.029 51.903 52.714 49.78 48.409 46.168 52.819 54.799 43.992 42.573 42.599 42.625 46.93
48.566 48.304 48.273 48.287 48.218 48.151 48.156 48.309 53.137 56.61 57.565 57.935 57.299 55.921 47.667 47.303 47.2 46.947 47.015 49.412 48.485 47.064 51.185 54.938 55.851 50.291 46.262 46.071 45.971 45.853 45.825 45.733 45.644 45.576 45.64 45.691 45.743 45.723 45.721 45.659 45.644 45.608 45.549 45.423 45.525 45.604 46.062 45.671 45.41 45.226 45.095 44.948 45.399 47.158 45.062 44.509 50.076 44.929 43.966 45.614 52.079 48.864 51.619 49.817 52.474 50.167 43.71 42.646 42.652 42.605 44.073 50.537
48.305 48.312 48.253 48.16 48.102 48.087 48.258 54.595 56.312 57.46 58.143 57.417 57.294 52.117 47.625 47.091 46.991 46.964 49.261 50.522 50.33 51.641 54.745 55.858 56.811 57.355 49.079 45.998 45.911 45.75 45.688 45.662 45.627 45.639 45.704 45.734 45.723 45.713 45.65 45.637 45.572 45.523 45.431 45.526 45.61 45.593 45.978 45.614 45.313 45.107 44.969 44.853 45.174 44.564 44.401 49.006 50.825 50.811 48.68 43.906 49.687 50.335 48.416 52.023 55.973 48.368 42.604 42.588 42.601 43.64 50.275 51.064
48.225 48.209 48.205 48.108 48.079 48.281 49.213 56.819 57.214 57.818 57.682 57.442 51.185 47.101 47.217 47.041 46.901 46.932 47.658 49.869 50.573 54.95 55.508 56.285 57.433 56.767 51.17 46.516 45.775 45.676 45.635 45.545 46.464 45.919 45.69 45.675 45.719 45.684 45.646 45.608 45.536 45.436 45.474 45.579 45.618 45.669 45.89 45.956 45.338 44.99 44.875 44.683 44.628 44.435 49.004 50.837 50.812 50.709 47.88 47.295 46.868 47.33 44.653 44.017 53.253 44.091 42.632 42.628 42.755 49.318 50.855 51.526
48.237 48.148 49.522 48.584 48.178 48.504 54.323 57.316 57.743 57.989 57.213 56.785 49.139 47.264 47.075 46.842 46.834 47.149 47.336 47.325 53.718 55.115 56.413 57.278 56.86 55.958 54.995 46.657 45.94 45.672 45.605 45.595 46.012 45.661 45.689 45.683 45.676 45.643 45.586 45.543 45.468 45.383 45.516 45.559 45.568 45.784 45.913 45.779 45.394 45.396 44.812 44.595 44.425 47.79 50.853 50.809 50.818 49.638 48.279 48.012 47.397 46.881 45.828 43.924 43.225 43.406 43.09 42.669 44.591 43.169 51.229 51.963
48.116 48.069 50.421 48.579 48.267 54.108 56.766 57.408 57.993 57.561 56.706 49.96 47.223 47.267 46.89 46.908 48.924 47.732 47.434 51.917 55.135 56.005 57.201 57.368 56.461 56.182 55.342 46.37 46.236 45.625 45.548 45.579 45.646 45.739 45.711 45.686 45.632 45.585 45.538 45.491 45.405 45.419 45.532 45.573 45.852 45.733 45.586 45.046 44.257 44.625 45.207 44.588 44.654 50.117 50.826 50.784 50.51 49.35 49.073 48.51 47.938 47.552 47.077 45.949 45.344 43.124 43.071 44.094 42.909 42.618 44.165 50.175
47.968 48.382 48.241 49.053 52.223 55.271 56.734 57.957 57.494 57.367 52.385 48.094 47.29 46.887 46.87 48.229 50.268 50.271 52.165 54.334 56.18 56.555 57.449 56.575 55.387 54.969 48.328 45.68 45.626 45.534 45.585 45.641 45.715 45.695 45.64 45.644 45.6 45.583 45.498 45.402 45.406 45.493 45.548 45.808 45.749 45.307 44.935 44.394 47.89 45.91 44.592 44.506 48.055 50.723 50.798 50.724 49.047 49.289 49.471 49.19 48.733 48.244 47.627 47.187 46.692 45.735 42.998 42.836 42.76 43.015 42.579 42.524
47.888 47.944 48.093 49.805 55.236 56.458 57.386 57.439 57.786 57.05 47.402 47.119 46.935 46.844 47.368 49.036 49.572 52.337 54.354 55.325 56.494 57.61 56.852 55.856 55.293 48.174 45.668 45.646 45.551 45.514 45.591 45.641 45.653 45.691 45.631 45.547 45.525 45.466 45.42 45.428 45.461 45.487 45.602 45.705 45.439 44.599 43.782 43.067 50.566 50.777 50.907 44.688 43.585 47.378 51.796 49.113 48.208 48.609 49.177 49.44 49.327 48.647 48.311 47.958 47.434 46.914 46.437 42.93 42.671 42.772 43.46 42.531
47.831 47.963 48.513 54.359 56.112 57.416 57.412 56.99 56.631 50.99 47.449 46.972 46.802 46.768 49.066 49.941 49.712 54.693 55.429 56.353 57.267 57.319 57.626 55.017 48.505 45.705 45.703 45.6 45.494 45.598 45.621 45.658 45.668 45.634 45.549 45.532 45.481 45.395 45.387 45.447 45.52 45.528 45.776 45.515 44.983 43.717 42.883 49.712 50.716 50.879 51.087 49.699 46.093 48.769 52.549 51.262 47.554 48.051 48.382 48.786 49.485 49.402 49.089 48.552 48.029 47.633 48.852 43.875 42.681 42.638 42.663 42.835
47.862 47.806 51.878 56.704 56.654 57.737 56.963 56.108 49.491 46.91 46.94 46.75 46.759 47.384 49.915 50.34 53.507 55.115 56.448 56.696 57.522 56.446 55.52 51.867 45.763 45.691 45.604 45.496 45.545 45.627 45.631 45.763 45.62 45.56 45.506 45.515 45.428 45.36 45.394 45.513 45.496 45.637 46.063 45.303 44.038 42.666 46.829 50.691 50.864 51.05 51.147 51.367 51.554 51.216 50.429 51.97 47.504 48.388 47.857 48.225 48.84 49.187 49.476 49.136 48.707 48.327 45.141 42.631 42.592 42.623 43.286 48.218
47.875 49.911 55.296 56.616 57.661 56.918 55.987 54.991 48.736 47.316 46.856 46.707 46.816 48.338 47.693 52.67 54.857 55.664 57.551 57.61 56.612 55.435 54.464 47.859 45.62 45.618 45.482 45.52 45.581 45.635 45.686 45.973 45.609 45.546 45.491 45.459 45.404 45.378 45.478 45.491 45.584 45.963 45.522 44.567 43.223 46.818 50.661 50.8 50.999 51.176 51.315 51.46 51.646 51.83 46.449 46.533 42.959 43.24 46.094 47.033 48.188 48.7 49.154 49.333 49.361 44.56 43.189 42.645 42.622 42.608 42.752 48.802
