dsm/se2938_DSM_2M.asc
ncols 500
nrows 500
xllcorner    429000
yllcorner    438000
cellsize     2
NODATA_value -9999
[rows 442 to 475 of 500, columns 75 to 149 of 500]
117.801 119.054 121.168 122.094 120.418 116.642 116.564 120.159 118.774 116.283 116.23 116.031 116.352 120.811 122.382 118.785 115.425 116.418 125.929 127.744 124.128 121.2 136.898 138.024 128.093 115.16 115.697 117.978 118.345 116.007 115.513 116.325 115.855 114.851 114.692 114.797 114.693 114.589 114.859 117.938 117.643 117.244 116.753 115.944 115.65 115.889 119.596 118.586 116.938 114.724 114.13 114.329 115.115 114.701 114.933 122.206 125.454 126.495 126.252 124.71 119.774 125.537 120.18 119.278 117.172 113.475 113.391 113.336 113.896 114.85 119.125 119.866 116.775 116.175 115.92
118.216 118.843 121.978 123.124 122.823 121.812 116.452 116.324 116.663 116.427 116.045 116.118 115.484 118.268 118.487 115.795 115.319 117.044 123.225 126.8 124.256 117.134 118.462 121.006 115.14 115.047 115.509 117.828 116.768 115.323 115.108 116.179 116.728 116.359 114.666 114.657 114.629 114.533 114.482 116.289 115.675 114.924 114.551 114.675 118.247 121.201 120.759 119.638 114.912 114.287 114.913 115.611 115.007 116.097 115.127 116.461 118.154 123.495 122.197 120.461 114.812 121.284 118.994 120.16 120.071 114.557 113.356 113.639 114.055 113.518 117.027 117.949 119.829 117.203 118.904
116.427 121.95 123.004 124.096 123.7 122.36 119.94 116.647 116.826 115.726 115.485 115.47 115.364 115.961 115.271 115.28 115.189 115.296 115.409 117.175 115.461 115.197 115.078 115.076 115.024 114.986 115.755 115.76 115.318 114.907 114.852 115.372 116.846 116.1 114.691 114.528 114.545 114.54 114.37 114.397 114.385 114.335 114.309 114.31 118.433 120.752 121.702 120.362 115.839 115.947 115.722 114.227 116.802 115.939 115.675 116.067 113.94 113.523 115.123 113.63 117.52 113.973 115.8 121.903 121.476 117.222 116.813 113.662 115.872 113.445 118.787 119.423 119.467 115.532 120.117
120.914 122.407 123.733 124.322 122.795 121.441 117.086 115.78 116.518 115.45 115.217 115.139 115.661 115.254 115.186 115.207 115.24 115.293 115.269 115.21 115.161 115.195 115.037 114.997 114.964 114.878 115.799 116.171 115.029 114.774 114.75 114.718 114.79 116.747 114.934 114.421 114.39 114.444 114.379 114.226 114.194 114.401 114.347 114.198 115.439 119.693 120.905 121.34 119.965 117.549 116.326 114.451 116.66 117.538 116.716 114.325 113.526 113.524 114.282 113.427 113.368 113.338 114.02 118.636 120.316 119.137 119.892 118.481 118.152 116.786 119.889 121.823 122.395 120.196 119.49
122.109 123.167 124.07 123.142 121.739 117.96 115.846 115.824 116.235 115.261 115.063 115.086 115.161 115.176 115.123 115.212 115.381 117.197 115.16 114.825 116.001 115.921 115.31 114.95 114.892 115.729 116.858 118.321 115.556 114.692 114.683 114.657 114.614 115.151 114.747 114.38 114.278 114.308 114.326 114.221 114.085 114.168 114.367 114.118 114.1 117.458 119.963 121.343 120.852 119.162 115.885 114.214 116.094 116.313 115.235 113.564 113.478 113.838 113.82 113.355 113.351 113.264 114.747 120.343 118.438 114.66 117.648 119.043 118.852 118.712 120.923 122.223 123.427 120.785 118.459
120.819 121.838 123.021 122.213 118.55 116.536 115.984 117.232 115.658 115.355 115.061 115.098 115.117 115.115 115.143 115.22 115.699 117.044 115.387 114.87 116.662 116.435 114.949 115.101 114.826 116.592 118.136 116.869 114.905 114.589 114.583 114.556 114.435 114.428 114.379 114.347 114.248 114.177 114.22 114.239 114.036 114.054 114.15 114.391 114.34 115.304 117.74 120.68 122.047 120.653 119.186 115.121 115.005 115.483 113.835 113.488 115.829 115.48 113.51 113.312 113.298 115.017 117.062 120.368 116.068 113.243 112.997 117.063 119.776 115.472 118.759 121.079 121.603 119.305 114.95
116.706 119.606 120.726 121.348 116.214 115.692 115.851 118.685 125.501 123.105 115.257 115.07 115.047 115.018 115.109 115.256 115.151 114.896 115.438 119.846 120.136 117.57 117.018 116.451 114.631 117.57 118.62 117.055 115.076 114.315 114.407 114.801 114.349 114.295 114.388 115.517 114.504 114.082 114.11 114.119 114.025 113.934 113.974 115.134 114.647 113.964 115.751 119.784 121.11 121.057 116.375 114.638 113.736 114.087 114.381 113.655 116.05 114.565 113.248 113.277 113.706 115.487 115.16 115.549 113.481 113.814 117.631 118.108 115.885 116.224 114.791 118.812 114.93 115.76 115.432
118.462 117.987 117.223 116.29 115.702 115.589 116.369 121.733 125.544 125.827 123.868 115.17 114.995 115.074 115.192 115.706 115.526 114.842 118.767 120.588 121.104 120.013 119.017 116.766 114.513 116.883 118.805 117.624 116.575 114.292 115.458 119.016 120.139 117.918 114.347 114.605 115.799 114.476 113.963 114.045 114.017 113.858 113.838 114.829 114.977 113.929 114.878 115.34 117.919 115.214 113.968 114.186 118.833 117.747 114.815 113.575 114.959 114.295 113.268 113.265 113.644 114.552 113.818 113.814 112.904 115.334 117.965 118.864 115.301 116.918 113.984 113.057 113.197 116.905 119.746
121.229 118.917 116.036 115.538 116.473 115.58 115.356 115.199 120.114 123.468 117.592 114.962 114.992 115.08 115.861 114.836 114.717 117.913 120.086 121.398 122.473 121.559 120.157 115.258 115.412 116.616 117.678 116.794 116.438 117.369 119.295 120.376 121.085 119.411 116.132 115.155 115.626 114.206 113.966 113.857 113.894 113.845 113.793 113.742 115.126 115.246 115.533 114.764 114.648 114.038 113.781 113.515 120.414 120.283 119.231 118.522 117.445 116.007 115.896 115.016 113.232 112.984 113.348 113.134 112.948 113.527 117.297 116.705 114.035 116.313 112.748 112.694 115.695 117.096 118.858
122.743 121.659 116.76 115.458 115.499 115.38 114.992 114.935 115.175 116.375 114.896 114.901 114.98 115.034 114.947 114.719 115.624 118.3 121.349 122.981 122.064 120.607 117.605 115.108 114.558 116.779 116.933 115.402 114.498 118.018 120.808 121.686 121.995 120.749 116.673 114.841 114.246 114.636 114.105 113.697 113.763 113.824 113.702 113.635 113.612 115.193 114.54 114.843 114.221 114.014 113.501 117.15 119.111 119.878 120.593 120.362 119.602 118.566 117.515 115.998 113.163 112.843 114.965 115.272 114.497 118.187 120.508 113.809 112.942 112.731 112.845 112.66 113.664 115.961 117.777
122.6 119.989 115.987 115.455 115.213 114.975 114.9 114.801 114.832 114.879 114.817 114.859 114.968 114.892 114.8 114.762 118.074 120.781 122.055 122.552 121.3 117.202 115.086 114.492 114.48 115.134 115.178 114.386 114.253 114.36 119.668 121.02 123.118 121.657 120.324 115.39 114.203 114.354 114.204 113.708 113.603 113.649 113.639 113.566 113.489 113.501 114.462 113.98 114.432 113.398 113.453 114.065 116.467 119.351 119.864 119.903 120.366 120.79 119.641 117.049 113.249 115.899 116.839 115.661 114.845 119.314 116.306 112.7 112.705 112.65 113.019 112.871 114.614 114.434 112.867
122.165 119.58 115.658 116.117 115.574 114.918 114.779 114.755 114.819 114.815 114.78 114.856 114.809 114.816 114.822 114.7 116.414 120.247 121.39 121.638 120.324 116.347 114.856 114.443 114.487 115.819 115.736 115.004 117.523 117.678 116.823 120.363 121.784 122.336 121.077 119.589 114.313 113.892 113.902 114.103 113.644 113.544 113.572 113.521 113.407 113.319 113.454 114.095 113.659 113.299 113.374 113.51 113.985 115.134 117.583 119.597 119.272 119.543 120.178 114.735 113.351 118.557 117.858 116.587 114.312 113.547 112.749 115.064 112.667 112.632 112.749 114.114 115.065 114.197 112.848
121.171 116.86 116.279 115.818 115.268 114.853 114.737 114.781 114.768 114.792 114.854 115.085 114.681 115.853 115.154 114.657 115.218 116.319 119.916 120.441 117.251 114.548 115.962 114.28 115.657 116.027 118.282 115.29 117.811 118.815 114.52 118.504 120.708 121.445 120.598 119.707 114.682 113.982 114.305 116.71 113.583 113.441 113.408 113.479 113.336 113.255 113.315 113.393 113.766 113.301 113.262 113.28 113.446 113.292 113.438 114.15 115.307 117.448 116.506 113.195 113.688 119.727 120.141 118.418 117.087 114.051 113.42 118.438 117.294 112.641 112.762 113.44 113.519 113.109 112.268
118.033 115.43 116.415 117.312 115.021 114.771 114.678 114.738 114.697 114.78 114.789 114.742 114.556 114.476 114.683 115.218 115.686 114.804 114.823 116.021 115.496 115.419 114.612 114.176 114.247 118.256 119.993 118.377 115.77 115.221 114.087 115.083 118.874 119.907 116.718 114.521 115.29 117.232 114.825 114.942 113.964 113.388 113.337 113.342 113.303 114.235 113.56 113.24 113.785 113.216 113.255 113.235 113.229 113.209 113.387 113.163 113.127 113.071 113.348 112.921 117.188 118.849 119.527 119.791 119.217 118.684 118.332 118.806 114.434 113.13 112.337 112.247 112.22 112.184 112.145
115.982 115.349 115.664 116.426 115.067 114.669 114.689 114.686 114.615 114.705 114.693 114.572 114.53 114.296 119.69 119.744 115.753 114.334 114.27 114.435 115.678 116.539 115.93 115.188 124.647 126.322 127.541 126.224 125.861 116.435 114.096 114.02 114.998 115.035 114.177 114.87 115.39 117.134 114.583 113.571 113.757 113.298 113.161 113.214 113.26 113.3 113.849 113.058 113.795 113.665 113.142 113.134 113.626 113.988 113.086 113.107 113.107 113.034 112.923 113.311 112.704 116.218 118.119 118.574 119.305 119.867 119.705 118.621 113.15 112.882 115.147 114.632 114.192 112.228 112.25
115.263 115.045 115.706 115.369 114.726 114.538 114.667 114.624 114.654 114.829 115.362 115.111 114.395 115.398 120.344 121.109 120.283 118.81 115.058 115.563 116.212 116.264 116.496 124.338 128.928 129.291 130.824 129.518 127.406 124.899 114.066 113.998 114.036 114.584 116.472 114.462 113.985 114.308 114.19 113.311 113.275 115.374 114.751 113.1 113.113 113.132 113.067 113.04 112.951 113.756 113.874 113.041 113.149 113.159 113.054 113.083 112.997 113.599 113.33 113.545 112.589 112.736 115.727 117.368 117.6 118.752 119.64 117.195 113.097 113.624 117.969 116.472 113.013 112.156 112.49
114.969 114.736 115.06 114.577 114.464 114.524 114.556 114.561 114.659 114.691 114.524 114.768 115.613 119.655 121.146 121.8 120.927 119.662 114.205 115.686 116.027 116.203 115.314 126.324 131.173 131.488 132.205 130.917 129.609 124.138 113.968 113.835 113.948 114.035 116.224 114.011 113.58 117.234 117.897 114.357 113.292 116.053 117.283 113.098 113.004 113.025 113.007 112.875 112.894 112.89 113.627 113.194 113.132 113.032 113.04 113.044 112.694 112.583 112.504 112.54 112.567 112.56 113.982 113.241 112.493 116.947 117.022 114.66 112.449 117.439 119.257 118.378 116.001 113.129 112.957
114.886 114.656 114.519 114.432 114.38 114.48 114.473 114.438 114.583 114.759 114.569 114.404 118.473 120.23 122.47 121.643 120.306 114.845 113.848 113.782 113.821 115.862 122.313 128.29 130.777 132.135 131.863 130.892 129.514 126.078 116.907 114.918 115.51 115.513 114.108 119.074 119.094 119.913 119.248 113.973 113.287 113.284 113.955 113.279 112.932 112.905 112.861 112.895 112.779 112.732 112.89 112.963 112.984 112.994 112.921 112.896 112.48 112.535 114.709 114.966 112.782 112.556 112.639 112.202 112.245 112.362 113.289 113.21 112.409 116.891 118.393 119.55 118.474 116.619 112.221
114.904 114.835 114.619 114.382 114.341 114.412 114.373 114.423 114.487 114.431 114.384 114.892 119.617 121.219 122.035 120.929 116.915 114.027 114.186 114.746 113.804 113.761 119.893 127.372 129.523 130.479 131.109 131.159 129.061 119.235 119.102 114.779 113.954 113.469 113.443 118.347 120.405 120.97 119.829 115.416 113.275 113.243 113.219 113.81 112.909 112.784 112.806 112.824 112.813 112.688 112.608 112.636 112.627 112.631 112.643 112.418 112.38 112.32 114.908 115.855 115.74 113.148 112.261 112.217 112.186 112.253 113.111 112.25 112.095 112.967 118.221 118.774 119.033 118.629 117.435
114.9 114.709 114.437 114.296 114.241 114.295 114.281 114.373 115.827 115.495 114.304 115.875 118.713 120.61 121.024 120.281 118.186 116.705 115.874 116.809 115.759 115.054 113.776 115.752 126.61 130.304 131.343 131.669 128.676 119.175 114.228 113.26 113.254 113.223 113.259 117.24 120.063 121.407 120.254 116.603 113.243 113.173 113.122 113.124 114.04 112.704 112.627 112.723 112.742 112.654 112.64 112.583 112.535 113.577 112.748 112.36 112.257 112.495 117.731 114.266 114.808 112.977 113.454 114.217 112.413 112.45 112.598 112.076 112.102 112.067 113.688 117.885 118.706 120.023 119.087
114.947 116.671 118.354 117.949 114.236 114.183 114.212 114.301 114.648 114.831 114.256 114.192 114.265 117.159 119.569 118.52 116.884 114.719 114.141 114.508 116.492 116.619 116.223 116.035 127.203 129.448 126.334 135.077 120.271 114.626 113.253 113.258 113.195 113.172 113.201 114.904 119.781 121.567 120.543 118.913 114.008 113.143 113.088 113.043 112.804 112.636 112.58 112.645 112.632 117.941 119.344 112.986 112.5 112.47 112.381 112.361 116.805 122.777 123.001 121.893 112.515 112.037 112.112 113.847 112.334 112.434 112.019 112.011 111.981 112.031 113.553 114.119 118.375 117.542 118.909
114.566 114.99 120.267 116.003 114.099 114.045 114.099 114.131 114.06 113.979 113.885 113.91 114.051 114.667 114.054 115.65 114.778 114.073 113.835 113.678 113.501 113.491 115.876 116.406 120.996 122.252 132.93 125.11 113.675 113.657 113.262 113.314 113.132 113.148 113.151 114.333 119.486 120.746 120.524 119.478 114.84 113.105 113.076 112.999 113.869 112.893 112.486 116.595 120.038 123.126 123.196 118.919 114.46 112.575 112.584 114.038 117.013 123.739 123.789 124.006 121.189 116.597 116.5 112.065 112.227 111.997 112.086 111.949 111.904 112.529 112.274 112.251 114.606 115.987 116.69
114.617 114.133 115.096 113.948 113.984 113.924 113.99 114.155 114.872 114.562 114.475 113.86 113.786 113.835 114.032 115.069 115.157 116.773 119.077 118.796 116.993 114.413 113.408 123.477 123.541 124.382 132.448 128.246 113.203 113.225 113.144 113.138 113.13 113.136 113.133 113.511 118.814 119.485 119.131 118.991 114.763 113.127 113.029 112.916 113.807 112.625 112.464 120.789 119.786 123.305 123.642 121.869 115.176 112.764 112.824 116.673 115.589 123.168 123.562 124.351 123.016 122.909 122.139 119.439 112.623 111.846 112.234 111.924 112.495 112.306 111.812 112.111 111.992 112.371 112.337
114.109 113.999 113.794 113.875 113.893 113.888 113.965 114.996 114.379 114.08 119.231 119.58 119.448 119.393 114.516 115.861 116.14 118.182 119.495 119.344 120.455 120.964 125.321 125.191 123.693 128.468 126.189 124.117 115.228 113.081 112.962 113.054 113.083 113.099 113.12 113.189 114.376 113.799 113.748 113.231 113.052 113.031 112.923 112.672 112.695 112.388 112.46 119.084 122.345 123.697 123.3 121.499 120.496 115.024 113.643 121.267 120.371 120.68 121.424 124.679 125.361 124.859 123.101 118.681 115.482 111.694 111.778 112.094 112.22 111.758 111.819 111.772 112.259 112.734 111.752
113.872 113.773 113.728 113.804 113.772 113.812 113.872 113.934 113.836 115.13 119.411 120.938 121.078 119.588 115.077 113.882 113.922 116.524 117.806 118.75 121.133 121.935 120.628 127.51 129.312 130.306 128.958 126.39 124.135 118.099 113.899 112.944 112.966 113.006 113.038 113.1 113.091 113.644 113.866 113.628 113.735 113.558 112.823 112.52 112.342 112.32 112.423 116.902 121.019 122.615 122.363 121.926 117.164 121.575 115.815 122.45 120.975 116.875 121.5 125.653 125.621 126.02 125.705 123.868 119.451 111.835 111.946 111.896 112.796 112.009 111.72 112.627 111.906 112.252 112.253
113.942 113.687 114.092 113.751 113.677 113.901 113.913 114.764 115.09 114.148 119.568 121.244 121.348 119.435 113.602 113.463 113.419 113.334 113.758 115.466 119.712 121.805 126.751 128.519 130.07 130.505 130.157 127.315 123.067 119.576 117.41 113.101 116.569 114.228 113.018 112.69 112.833 113.681 114.204 113.903 114.141 113.992 114.977 113.27 112.262 112.309 112.372 116.527 119.953 119.735 120.637 123.098 122.503 120.882 117.917 119.848 114.612 113.441 120.763 124.741 125.043 125.94 125.49 122.297 121.765 115.546 112.273 112.181 111.554 112.084 112.103 111.902 112.24 111.793 111.356
113.661 113.767 114.76 114.827 113.637 114.579 115.353 114.103 115.251 115.135 119.444 121.506 121.278 119.303 116.213 114.104 113.466 113.346 117.289 113.616 113.012 122.021 127.742 128.752 129.708 130.121 128.788 126.805 121.215 119.529 119.313 118.51 116.035 114.669 112.593 112.476 112.438 113.666 112.831 113.022 113.664 114.319 114.944 112.669 112.25 112.272 112.315 113.135 114.696 119.772 120.334 122.479 122.773 119.283 116.967 115.124 113.929 117.172 120.291 122.019 124.996 124.876 124.628 123.65 122.79 116.294 112.34 111.459 111.446 111.456 111.529 112.405 111.692 111.308 111.297
113.74 119.95 120.445 114.781 116.276 117.437 115.54 114.926 113.869 116.122 119.654 121.14 120.736 119.375 115.165 113.779 113.57 120.38 121.25 121.93 114.27 117.931 126.944 128.152 128.326 129.112 127.531 124.202 119.828 115.694 117.088 115.223 115.266 114.176 112.521 112.58 115.246 116.187 115.19 112.505 112.307 112.268 112.237 112.118 112.176 112.179 112.357 112.504 113.928 120.549 122.128 121.253 122.155 120.337 118.33 117.241 117.192 115.408 118.736 120.72 123.172 123.256 124.157 125.02 126.722 123.6 120.366 112.001 111.421 111.326 111.375 111.942 111.676 111.355 111.297
118.667 120.103 119.467 114.235 113.354 113.827 114.003 113.766 113.444 116.585 119.446 120.05 119.996 119.254 114.391 113.337 113.079 118.688 120.704 119.765 114.075 115.274 121.558 125.531 126.036 123.658 118.729 115.664 113.801 113.528 113.401 112.851 112.531 112.52 112.573 117.506 119 118.682 118.437 117.113 112.747 112.714 112.427 112.055 112.117 112.096 112.279 112.417 115.309 119.166 120.478 120.109 115.532 117.113 116.079 114.582 117.577 117.822 119.012 119.547 120.409 122.506 125.077 126.844 127.093 127.042 123.124 113.42 111.342 111.314 111.239 111.346 112.798 111.535 112.694
115.11 120.258 117.669 113.289 113.193 113.234 113.335 113.479 114.455 114.216 115.415 115.138 118.447 115.998 113.457 113.92 113.042 113.94 113.82 114.257 112.823 113.077 117.448 120.344 118.532 122.255 113.927 113.095 113.496 113.62 113.452 112.633 112.507 112.539 112.891 117.887 119.517 120.228 118.782 117.032 112.51 112.445 112.239 112.04 112.097 112.158 112.257 112.27 112.956 114.968 112.367 117.531 113.5 117.771 120.286 118.429 117.522 119.332 118.321 118.429 123.778 125.206 126.341 125.742 126.654 126.09 122.213 112.188 111.363 111.237 111.241 112.184 111.583 113.059 111.917
113.8 114.758 114.619 113.195 113.124 113.183 113.209 113.391 113.499 113.059 113.059 113.109 113.164 113.503 113.57 114.645 114.955 114.21 113.656 114.919 114.608 118.037 119.022 119.265 124.286 122.914 118.912 113.972 113.63 113.671 114.105 113.747 112.727 114.743 113.713 118.159 120.825 120.272 118.804 115.375 113.327 112.762 112.184 111.943 112.007 112.349 112.963 112.432 113.724 116.171 115.135 114.154 116.391 118.374 120.452 119.048 118.486 118.865 119.51 118.73 123.032 124.525 125.722 125.332 125.207 122.512 116.698 113.085 111.544 112.042 113.149 111.507 111.722 111.551 112.505
113.209 113.076 113.114 113.102 114.254 114.236 114.375 113.304 113.281 113.276 115.568 116.602 113.942 116.25 114.382 113.673 113.102 113.549 113.417 115.917 116.497 119.495 119.128 115.26 121.1 121.215 115.32 112.956 113.014 113.774 112.805 112.641 112.911 112.535 112.914 118.167 120.296 120.817 118.778 114.368 112.564 112.572 112.177 111.951 111.948 111.93 112.298 112.336 112.227 112.918 112.724 112.098 113.841 115.728 119.574 122.639 122.144 116.235 117.199 117.567 121.375 124.2 124.999 124.718 124.324 123.651 121.507 118.467 117.34 113.333 116.626 113.26 111.273 111.102 111.698
113.147 113.329 113.178 112.98 114.032 113.928 115.309 114.29 112.871 116.835 118.898 119.341 119.076 118.243 115.794 113.701 112.845 113.124 115.538 113.717 114.211 112.98 113.242 114.351 115.261 116.428 112.879 112.586 113.94 112.446 112.599 112.394 112.374 112.341 112.417 118.37 119.789 120.019 118.504 113.904 112.371 115.807 115.081 111.899 113.86 111.871 111.842 111.915 112.097 112.071 112.057 112.248 114.428 114.421 116.299 120.255 121.451 114.517 113.196 112.625 115.778 124.082 124.655 123.055 122.96 123.178 123.476 124.329 124.643 121.545 121.104 117.463 117.039 111.395 111.302
113.108 113.373 113.099 112.893 113.449 113.407 113.665 113.658 112.857 117.567 119.324 120.636 119.915 117.915 115.817 114.756 113.24 115.985 116.429 114.682 114.821 113.964 112.859 113.178 114.834 113.894 112.528 112.425 112.409 112.399 112.378 112.478 112.391 112.364 112.431 118.202 118.463 118.527 118.231 113.554 112.089 115.588 114.541 111.817 113.871 116.833 112.916 113.192 112.054 112.014 114.675 115.133 116.076 114.022 115.871 116.822 114.342 113.02 112.919 112.282 114.498 116.412 124.516 123.34 124.632 125.255 124.579 125.325 125.255 123.696 124.091 124.277 121.203 119.758 111.113
