dsm/se2936_DSM_2M.asc
ncols 500
nrows 500
xllcorner    429000
yllcorner    436000
cellsize     2
NODATA_value -9999
[rows 341 to 371 of 500, columns 0 to 68 of 500]
50.411 50.441 50.451 50.464 51.349 50.684 50.446 50.339 50.516 51.621 50.254 50.156 49.971 50.036 51.849 50.284 49.936 49.876 49.806 49.796 49.856 49.971 49.981 50.066 50.066 50.049 50.009 49.989 49.986 50.059 50.146 50.059 50.019 50.049 52.801 53.299 53.441 55.304 52.011 51.086 50.686 50.129 52.221 51.279 50.676 50.756 51.076 50.861 51.381 51.804 51.339 52.329 55.714 57.064 57.779 58.511 58.404 57.671 56.966 54.569 51.099 51.084 50.976 50.931 50.924 50.921 50.936 50.929 50.936
50.564 50.394 50.399 50.376 50.374 50.459 50.496 50.319 50.751 51.434 50.949 50.104 49.961 49.899 49.894 49.916 49.891 49.869 49.806 49.744 49.729 49.786 49.909 49.934 49.959 49.924 49.921 49.881 49.911 50.434 49.996 49.906 50.001 49.974 50.311 52.796 54.839 56.486 56.094 53.314 50.571 50.524 50.439 52.069 51.756 51.369 50.664 50.874 50.919 50.911 51.071 51.814 51.591 53.059 56.854 57.549 58.271 58.594 57.906 51.121 51.004 50.934 50.899 50.871 50.841 50.866 50.884 50.866 50.881
50.776 50.156 51.074 50.554 50.331 50.331 50.314 50.301 50.319 51.061 51.066 50.061 49.944 49.891 49.849 49.846 49.839 49.831 49.794 50.176 49.974 49.684 49.734 49.839 49.884 49.844 49.779 49.796 49.859 49.924 49.904 49.864 49.861 49.924 49.984 54.816 56.349 57.571 57.351 56.194 53.251 50.134 50.164 50.069 50.494 50.521 50.841 51.111 52.429 50.926 50.774 50.691 51.026 51.319 52.591 56.656 57.314 58.026 54.079 50.979 50.879 50.831 50.824 50.794 51.094 51.211 50.941 50.866 50.829
54.999 52.091 50.136 50.391 50.756 50.421 50.279 50.256 50.234 50.519 50.166 50.026 49.931 49.874 49.836 49.786 49.779 49.769 49.754 49.724 49.739 49.614 49.614 49.639 49.744 49.689 49.699 49.796 49.844 49.861 49.869 49.829 49.814 49.931 49.834 49.894 54.909 56.524 57.729 57.414 56.216 52.291 50.006 49.921 49.964 50.004 50.289 50.589 50.511 50.884 50.614 50.564 50.984 51.036 51.544 51.081 54.354 54.086 51.064 50.849 50.766 50.771 50.754 50.926 50.956 50.961 50.991 51.044 50.846
56.659 57.161 50.784 50.074 50.326 50.936 50.239 50.221 50.171 50.204 50.089 49.949 49.921 49.861 49.819 49.759 49.709 49.709 49.699 49.689 49.664 49.604 49.544 49.549 49.586 49.591 49.664 49.956 49.911 49.834 49.809 49.794 49.784 49.709 49.706 49.729 49.884 53.626 56.461 57.631 57.446 56.306 53.244 49.876 49.884 49.964 50.619 50.324 51.179 50.559 50.646 50.606 50.839 51.926 50.926 51.046 51.064 51.099 50.876 50.739 50.719 50.696 50.774 50.849 50.929 50.961 50.981 51.001 51.056
56.989 55.921 50.034 51.054 50.744 50.726 50.646 50.521 50.104 50.061 49.926 49.931 49.911 49.846 49.789 49.719 49.666 49.626 49.641 49.646 49.629 49.591 49.539 49.481 49.514 49.524 49.664 49.791 49.911 49.824 49.786 49.734 49.736 55.451 58.249 55.211 49.791 50.476 54.569 56.379 57.586 57.174 55.981 51.364 49.871 49.859 51.381 49.861 50.019 50.484 50.366 50.456 52.169 50.624 50.726 50.856 50.831 50.709 50.571 50.616 51.711 50.761 51.049 50.794 50.806 50.874 50.834 50.936 50.896
54.636 50.091 52.669 55.126 52.839 50.046 50.736 50.309 50.064 49.996 50.714 49.941 49.906 49.924 49.961 49.861 49.836 49.759 49.586 49.584 49.581 49.561 49.529 49.471 49.414 49.401 49.434 49.671 49.739 49.829 49.791 49.721 49.684 56.524 59.791 58.411 50.901 51.631 49.931 52.579 56.369 56.081 53.401 50.264 49.859 49.606 49.311 49.829 49.944 49.959 50.449 51.954 50.329 50.439 50.459 50.519 50.521 50.451 50.431 51.546 50.564 50.594 51.881 52.644 51.306 50.919 56.289 52.151 50.644
50.054 55.219 55.806 54.894 52.691 50.044 51.274 50.249 49.951 50.721 50.004 49.926 49.974 50.356 50.419 50.846 49.976 49.834 49.759 49.554 49.521 49.506 49.496 49.459 49.404 49.346 49.331 49.411 49.551 49.656 49.711 49.699 49.669 55.229 58.174 58.104 51.596 49.601 49.609 49.911 52.536 53.241 50.086 49.889 49.476 50.691 49.309 49.289 49.711 49.824 50.264 49.961 50.019 50.124 50.226 50.266 50.286 50.261 50.974 50.394 50.416 50.426 50.424 53.616 53.231 56.069 56.994 57.924 54.471
55.891 56.846 56.134 55.259 50.299 50.446 50.431 49.971 49.941 49.969 49.921 49.976 50.086 50.344 50.236 50.676 50.706 50.111 49.776 49.704 49.524 49.446 49.444 49.424 49.394 49.339 49.271 49.311 49.371 49.489 49.624 49.656 49.639 49.646 53.234 50.741 50.281 49.541 49.564 49.586 49.884 50.266 49.856 49.691 52.204 55.299 53.851 49.396 49.666 49.726 50.794 51.449 51.494 50.439 49.944 50.091 50.139 50.186 51.971 52.659 50.534 50.279 50.234 50.119 54.919 56.741 57.699 58.009 57.069
54.009 56.211 56.819 55.961 50.101 50.439 49.971 49.919 49.959 49.939 50.004 50.124 50.106 50.076 50.154 50.076 49.954 49.951 50.399 49.709 49.636 49.429 49.384 49.381 49.371 49.339 49.274 49.194 49.236 49.304 49.476 49.591 49.579 49.579 49.569 49.499 50.406 49.496 49.511 50.716 50.196 49.796 49.351 52.144 55.264 56.449 55.914 54.731 49.479 49.374 51.516 49.471 49.519 51.446 50.174 49.921 49.989 51.009 52.609 52.649 52.714 51.119 50.139 52.361 55.984 56.919 57.941 57.266 56.356
50.036 54.271 54.829 49.971 50.366 49.939 49.889 49.936 49.914 49.996 51.569 50.616 50.044 50.039 50.019 49.974 49.929 49.879 50.396 49.819 49.646 49.521 49.316 49.314 49.319 49.306 49.271 49.211 49.129 49.171 49.224 49.341 49.476 49.514 49.476 49.374 49.359 49.439 51.136 49.731 49.606 49.464 49.311 52.546 55.549 56.741 57.151 55.959 54.854 49.779 49.286 49.384 49.751 49.441 51.944 51.294 50.141 50.539 52.641 52.681 52.726 52.036 50.846 55.791 56.691 57.566 56.899 56.099 52.686
50.036 50.729 50.159 50.671 49.911 49.849 49.894 49.896 49.951 50.036 51.786 50.004 50.029 49.981 49.989 49.946 49.909 49.869 49.836 49.764 49.699 49.551 49.414 49.269 49.256 49.266 49.246 49.214 49.146 49.064 49.086 49.154 49.231 49.356 49.316 49.309 49.321 49.364 49.481 51.141 49.711 49.976 49.516 49.581 51.859 55.484 56.636 57.134 56.011 54.884 49.306 49.274 49.386 49.384 50.149 52.959 49.504 49.659 50.064 52.544 52.536 50.064 50.631 55.994 57.426 57.114 56.186 53.409 50.091
50.029 49.979 49.941 49.909 49.826 49.866 49.859 49.914 50.014 56.111 55.976 51.526 50.064 49.994 49.946 49.901 49.874 49.834 49.979 49.899 49.726 49.674 49.584 49.366 49.226 49.191 49.196 49.186 49.144 49.079 49.014 49.019 49.074 49.091 49.156 49.236 49.279 49.344 49.366 49.339 49.359 49.629 49.244 49.209 49.224 49.714 55.414 56.541 57.174 56.044 54.951 49.434 49.269 49.331 49.744 49.469 49.284 49.429 49.534 50.086 50.246 50.154 50.046 50.074 53.559 56.404 54.526 50.081 50.109
49.956 49.911 49.886 49.786 49.826 49.819 49.866 49.986 55.389 57.529 56.819 56.039 52.939 50.021 49.921 49.871 49.831 50.021 49.771 50.534 50.076 52.631 49.769 49.541 49.296 49.169 49.131 49.134 49.131 49.079 49.024 48.959 48.951 48.981 49.041 49.109 49.269 49.274 49.236 49.236 49.274 49.736 49.219 49.186 49.186 49.786 51.106 55.394 56.509 56.031 54.494 51.136 49.306 49.166 49.096 49.334 49.196 49.221 49.341 49.534 49.706 50.434 50.014 49.996 49.934 53.451 50.821 50.556 49.961
49.861 49.814 49.744 49.784 49.791 49.809 49.944 52.621 56.141 56.929 57.544 55.856 50.064 49.966 49.886 49.846 49.821 49.801 49.864 49.706 52.209 53.449 52.841 50.159 49.539 49.239 49.106 49.074 49.076 49.056 49.021 48.969 48.886 48.859 48.924 48.986 49.109 49.069 49.069 49.119 49.269 49.201 49.499 49.469 49.736 49.031 49.074 49.481 55.301 54.919 51.779 49.259 48.856 48.749 48.906 49.119 49.109 49.111 49.174 50.804 49.746 49.574 49.789 49.876 49.814 49.771 49.861 49.876 49.794
49.746 49.696 49.739 49.754 49.761 49.916 51.344 50.089 53.334 56.096 56.491 50.071 50.011 49.929 49.869 49.844 49.834 50.054 49.781 49.691 52.139 53.236 52.489 49.664 49.644 49.686 49.086 49.021 49.006 48.991 48.991 48.961 48.899 48.834 48.819 48.864 48.874 48.891 48.944 49.089 49.174 49.149 49.121 49.374 49.414 49.039 49.044 49.259 49.984 51.586 49.246 48.866 50.611 54.209 48.759 48.776 48.879 48.974 52.521 49.109 49.221 49.381 49.384 49.594 49.751 49.679 49.669 49.649 49.574
49.781 49.709 49.714 49.739 49.896 50.129 49.956 50.011 50.079 53.126 50.064 51.174 49.924 52.956 50.906 53.366 49.991 50.839 49.874 49.694 49.636 51.124 49.611 49.556 49.561 49.349 49.056 49.016 48.954 48.926 48.944 48.931 48.906 48.844 48.769 48.734 48.794 48.811 48.974 49.089 49.091 49.056 49.069 49.046 49.351 49.026 49.144 49.226 49.301 49.249 48.859 50.826 53.761 55.346 54.566 49.374 48.716 51.251 49.064 48.984 49.041 49.314 49.381 49.341 49.426 49.609 49.531 49.456 49.514
49.716 49.656 49.726 49.884 50.959 49.851 49.919 49.921 49.956 50.074 49.986 49.991 51.136 56.229 55.721 56.981 54.339 50.441 53.939 50.051 50.021 49.624 49.601 49.559 49.414 48.959 48.936 48.919 48.989 48.914 48.881 48.881 48.879 48.846 48.774 48.704 48.674 48.749 48.801 49.026 49.076 49.071 49.029 49.056 48.999 49.041 49.064 49.249 49.239 49.824 48.859 53.991 55.346 56.521 55.776 54.609 49.639 49.076 48.909 48.936 48.944 49.066 49.321 49.346 49.346 49.406 49.364 49.384 49.464
49.616 49.609 49.779 49.964 50.041 50.564 49.864 49.879 49.869 51.341 49.999 49.886 55.286 56.274 56.706 56.406 50.781 54.506 56.256 55.666 55.276 49.571 49.504 49.516 48.861 48.901 48.789 48.774 48.806 49.001 48.904 48.814 48.831 48.819 48.769 48.714 48.654 48.619 48.681 48.781 49.006 49.044 49.014 48.969 48.936 48.966 49.451 49.169 54.031 53.091 48.781 49.484 54.549 55.736 56.766 55.826 54.671 49.799 48.779 48.861 48.891 48.931 49.081 49.281 49.329 49.269 49.259 49.349 49.389
49.566 49.576 49.769 49.896 50.249 51.719 49.969 49.866 52.354 53.154 50.611 49.844 50.076 55.081 56.981 55.579 49.661 57.414 57.176 56.764 56.336 49.579 49.441 48.939 48.811 48.671 48.629 48.621 48.579 48.596 48.956 48.859 48.769 48.769 48.749 48.719 48.684 49.346 48.549 48.609 48.756 48.866 48.871 48.866 49.261 49.049 48.886 49.394 48.894 48.756 48.739 48.701 48.844 54.514 55.654 56.771 55.901 54.749 49.751 48.744 48.844 48.899 49.039 49.164 49.231 49.121 49.226 49.284 49.299
49.529 49.574 49.714 49.784 49.866 50.131 52.514 49.894 53.026 52.256 49.839 49.831 49.979 49.944 50.726 50.661 51.561 56.431 56.871 57.286 52.784 49.519 49.356 48.654 48.539 48.504 48.476 48.471 48.399 48.336 48.366 48.896 48.821 48.709 49.444 48.774 48.651 49.294 48.761 48.489 48.539 48.596 48.701 48.804 49.561 48.836 48.844 48.841 49.849 48.736 48.701 48.701 48.746 50.014 54.474 55.609 56.826 55.804 54.656 48.799 48.776 48.874 48.994 49.116 49.024 49.094 49.164 49.194 49.239
49.484 49.499 49.654 49.634 49.649 49.669 50.076 51.286 50.034 50.406 49.734 49.721 49.749 49.786 49.751 49.734 53.509 55.379 55.784 56.184 49.626 49.406 48.531 48.486 48.379 48.341 48.311 48.286 48.246 48.196 48.169 48.229 48.824 48.766 48.649 50.241 48.859 48.606 48.549 48.474 48.431 48.474 48.549 48.666 48.776 48.746 48.726 48.776 48.806 49.791 48.716 48.679 49.416 49.049 48.941 54.451 55.551 54.849 52.086 49.191 48.761 48.824 49.004 48.976 48.956 49.049 49.071 49.091 49.219
49.421 49.511 49.526 49.511 49.556 49.561 49.594 50.209 50.679 50.889 50.144 49.604 49.619 49.646 50.246 49.634 49.769 49.776 52.106 53.556 49.501 48.866 48.421 48.271 48.241 48.186 48.171 48.149 48.111 48.086 48.071 48.086 48.166 48.724 48.714 48.584 48.566 48.561 48.546 48.494 48.426 48.364 48.409 48.449 48.621 48.686 48.664 48.681 48.704 48.724 49.649 49.491 49.036 48.421 48.759 49.051 54.426 51.636 49.001 48.841 48.754 48.859 48.886 48.826 48.924 48.974 48.984 49.081 49.209
49.431 49.441 49.454 49.469 49.504 49.461 49.416 49.856 50.441 49.621 49.569 49.509 49.481 49.734 49.516 49.556 49.774 49.644 49.614 49.546 49.349 48.321 48.151 48.126 48.094 48.049 48.009 47.984 47.971 47.981 47.964 47.979 48.031 48.844 48.654 48.664 48.501 48.504 48.501 48.481 48.424 48.361 48.309 48.356 48.379 48.549 48.621 48.616 48.584 48.576 48.631 49.051 48.456 48.369 48.414 48.504 48.664 49.446 48.731 48.734 48.764 48.746 48.696 48.799 48.864 48.879 48.929 49.066 49.274
49.431 49.371 49.391 49.414 49.459 49.361 49.269 49.776 49.634 49.514 49.474 49.786 49.814 49.614 49.341 49.419 49.476 49.466 49.441 49.366 48.421 48.119 48.006 47.981 47.939 47.901 47.861 47.816 47.824 47.874 47.866 47.876 47.904 47.959 48.049 48.614 48.621 48.429 48.444 48.439 48.414 48.364 48.294 48.234 48.296 48.349 48.539 48.576 48.501 48.489 48.544 48.591 49.094 49.529 48.329 48.446 48.634 48.711 48.701 48.699 48.701 48.594 48.669 48.751 48.779 48.789 48.891 49.079 49.604
49.461 49.316 49.349 49.384 49.446 49.349 49.211 49.094 51.789 51.891 50.824 49.556 49.321 50.639 51.666 49.331 49.316 49.319 49.326 49.031 48.206 47.904 47.869 47.826 47.806 47.751 47.709 47.656 47.691 47.731 47.769 47.761 47.806 47.874 47.939 47.991 48.499 48.556 48.366 48.374 48.361 48.354 48.299 48.234 48.166 48.236 48.314 48.426 48.419 48.396 48.401 48.491 48.529 48.649 48.889 48.759 48.621 48.656 48.621 48.596 48.534 48.551 48.639 48.656 48.664 48.731 48.946 49.666 48.751
49.474 49.326 49.276 49.331 49.389 49.366 49.214 49.054 52.459 54.096 55.856 56.099 54.709 49.154 49.791 49.331 50.139 49.186 49.126 52.359 47.914 47.771 47.741 47.714 47.674 47.641 47.619 47.616 47.621 47.611 47.636 47.676 47.724 47.796 47.854 47.901 47.946 48.421 48.506 48.309 48.314 48.304 48.286 48.236 48.171 48.109 48.176 48.259 48.311 48.331 48.329 48.391 48.474 48.481 48.446 48.481 48.551 48.544 48.494 48.459 48.434 48.524 48.544 48.534 48.604 48.804 49.551 49.036 48.734
49.486 49.349 49.219 49.286 49.339 49.379 49.216 49.054 55.276 55.384 56.024 55.906 54.179 49.131 49.589 49.081 49.064 48.999 51.206 48.471 47.681 47.664 47.641 47.606 47.606 47.621 47.674 47.669 47.649 47.619 47.574 47.576 47.646 47.706 47.774 47.811 47.831 47.879 48.356 48.446 48.246 48.239 48.274 48.229 48.181 48.119 48.059 48.106 48.201 48.241 48.289 48.336 48.414 48.456 48.396 48.394 48.441 48.374 48.351 48.304 48.396 48.431 48.419 48.474 48.636 48.974 48.769 48.754 48.886
49.831 49.296 49.176 49.229 49.301 49.346 49.209 49.061 55.476 55.731 56.281 55.691 51.546 49.696 49.121 49.076 49.019 49.126 52.474 47.801 47.619 47.611 47.614 47.619 47.626 47.626 47.736 48.701 48.621 47.606 47.556 47.546 47.569 47.624 47.674 47.719 47.751 47.786 47.829 48.299 48.389 48.201 48.984 48.426 48.161 48.124 48.054 47.989 48.034 48.114 48.216 48.259 48.311 48.411 48.349 48.324 48.266 48.261 48.191 48.271 48.331 48.339 48.409 48.529 48.644 48.851 48.499 48.491 48.639
49.379 49.854 49.146 49.209 49.254 49.314 49.144 49.026 50.236 50.646 51.469 53.959 50.046 49.049 49.039 49.009 48.976 52.264 52.864 47.646 47.624 47.614 47.621 47.639 48.939 50.494 51.516 51.684 51.146 47.639 47.569 47.529 47.506 47.561 47.601 47.644 47.666 47.681 47.736 47.766 48.234 48.331 48.131 49.234 48.104 48.081 48.041 47.989 47.924 47.951 48.054 48.136 48.204 48.289 48.301 48.281 48.164 48.059 48.131 48.219 48.236 48.286 48.411 48.521 49.186 48.484 48.461 48.491 48.509
49.391 49.796 49.091 49.156 49.231 49.266 49.124 49.011 48.984 48.969 48.979 48.961 48.984 50.711 50.251 49.096 48.951 52.199 51.749 47.621 47.614 48.486 51.066 51.504 51.679 51.854 52.011 52.079 51.604 47.691 47.571 47.494 47.466 47.504 47.554 47.589 47.604 47.611 47.636 47.689 47.734 48.161 48.279 48.076 48.046 48.026 48.021 47.984 47.924 47.861 47.916 47.939 47.959 48.021 48.036 48.046 48.009 48.006 48.089 48.146 48.209 48.301 48.386 48.486 48.616 48.449 48.446 48.934 48.656
