dsm/se2936_DSM_2M.asc
ncols 500
nrows 500
xllcorner    429000
yllcorner    436000
cellsize     2
NODATA_value -9999
[rows 372 to 402 of 500, columns 345 to 413 of 500]
88.469 88.856 89.326 89.729 90.154 90.671 91.076 91.404 91.939 92.549 93.134 93.589 94.059 94.544 95.049 95.421 95.934 96.574 97.301 98.109 98.321 98.379 98.854 99.474 100.266 100.336 101.041 101.309 101.519 101.564 101.844 102.094 102.714 103.369 105.666 104.761 104.386 106.926 109.549 110.099 110.481 109.899 109.299 104.529 104.084 104.161 104.101 103.926 103.864 103.654 103.571 103.559 103.524 103.426 103.306 103.177 103.167 103.237 103.154 103.856 103.572 103.304 103.467 103.339 103.187 103.532 105.994 107.484 108.739
88.146 88.551 88.974 89.391 89.789 90.141 90.604 91.046 91.411 91.929 92.541 93.071 93.571 94.004 94.529 95.029 95.449 95.826 96.424 97.214 97.861 98.239 98.316 98.614 99.244 99.719 100.226 100.796 101.051 101.239 101.364 101.479 101.706 102.196 102.961 103.609 103.989 104.049 104.129 108.839 109.789 110.359 110.259 109.656 107.941 104.786 104.189 104.109 103.889 103.751 103.576 103.441 103.394 103.381 103.301 103.219 103.114 103.039 103.084 103.027 102.917 103.512 102.877 103.384 103.834 102.782 103.471 102.714 103.149
87.849 88.259 88.576 88.981 89.404 89.749 90.181 90.654 91.046 91.439 91.934 92.651 93.041 93.514 93.966 94.411 94.911 95.341 95.766 96.301 96.931 97.711 98.174 98.244 98.484 99.216 99.631 100.119 100.639 100.804 100.941 101.061 101.199 101.486 102.051 102.634 103.286 103.771 104.074 104.631 104.454 109.399 109.986 110.496 110.004 109.414 105.324 104.179 104.431 103.954 103.689 103.519 103.399 103.251 103.186 103.149 103.104 103.029 102.939 102.844 102.872 102.707 102.627 102.944 102.559 102.831 102.822 103.437 102.729
87.511 87.884 88.219 88.586 88.986 89.319 89.744 90.161 90.576 90.994 91.414 91.784 92.379 92.876 93.311 93.846 94.336 94.799 95.316 95.796 96.314 96.811 97.571 98.086 98.159 98.319 99.151 99.521 100.124 100.459 100.546 100.679 100.851 101.146 101.416 101.634 102.239 102.679 103.314 103.919 103.939 104.001 107.534 109.644 110.241 110.364 109.751 109.166 103.896 103.831 103.731 104.084 103.484 103.339 103.294 103.051 102.992 102.962 102.917 102.837 102.724 102.596 102.474 102.409 102.356 102.344 102.299 102.697 102.604
87.224 87.556 87.879 88.249 88.524 88.879 89.314 89.751 90.084 90.516 90.911 91.279 91.704 92.211 92.771 93.241 93.714 94.179 94.729 95.249 95.696 96.126 96.516 97.354 98.014 98.036 98.149 98.956 99.601 99.926 100.216 100.419 101.796 100.694 100.869 101.191 101.561 101.679 102.254 102.691 103.541 105.839 105.501 104.224 109.134 109.874 110.451 110.136 109.536 106.696 103.721 103.631 103.534 103.476 103.266 103.146 102.982 102.926 102.797 102.747 102.684 102.596 102.487 102.362 102.529 102.319 102.301 102.172 102.089
86.899 87.161 87.511 87.756 89.021 89.419 88.841 89.211 89.591 89.939 90.346 90.806 91.159 91.619 92.074 92.704 93.206 93.921 94.051 94.601 95.069 95.519 95.986 96.536 97.514 97.896 97.936 98.004 101.841 109.221 105.486 100.066 100.376 100.451 100.511 100.726 100.964 101.246 101.636 102.194 102.446 103.301 103.646 104.811 103.966 106.166 109.539 110.114 110.441 109.874 109.296 103.636 103.471 103.271 103.244 103.179 103.047 102.959 102.774 102.652 102.559 102.487 102.422 102.362 102.464 103.117 102.047 102.051 102.104
86.559 86.806 87.084 87.386 93.221 95.486 88.466 88.754 89.139 89.454 89.836 90.239 90.714 91.091 91.506 91.939 92.541 93.014 93.496 93.974 94.454 94.924 95.394 95.856 96.509 97.669 97.794 97.786 98.189 108.224 107.654 99.764 99.916 100.119 100.226 100.486 100.499 100.721 101.016 101.319 101.736 102.466 102.571 103.184 103.576 103.909 103.889 107.904 109.746 109.909 105.934 103.631 103.264 103.134 103.126 103.094 103.209 102.969 102.814 102.701 102.669 102.734 102.359 102.252 102.206 102.159 102.089 101.997 101.894
86.174 86.414 86.661 86.974 87.784 88.386 88.066 88.384 88.719 89.029 89.424 89.779 90.214 90.641 91.034 91.389 91.806 92.384 92.946 93.366 93.889 94.359 94.764 95.264 95.664 96.059 97.016 97.574 97.606 98.774 100.774 98.796 100.199 99.759 99.991 100.096 100.234 100.404 100.581 101.094 101.259 101.511 101.774 102.211 102.664 106.066 103.651 103.691 104.081 108.134 103.629 103.379 107.229 108.326 106.211 103.232 102.869 102.812 102.789 102.972 102.669 102.554 102.487 102.382 102.139 102.051 102.012 101.974 101.917
85.786 85.991 86.311 86.664 86.959 87.274 87.644 87.944 88.324 88.584 88.951 89.304 89.694 90.079 90.521 90.946 91.291 91.681 92.211 92.786 93.226 93.694 94.204 94.554 95.001 95.361 95.841 96.611 97.286 97.434 97.419 97.629 98.401 99.121 99.709 99.821 100.001 100.191 100.476 101.046 101.301 101.019 101.189 101.641 104.001 103.324 103.599 103.586 103.611 103.661 103.636 103.161 108.421 109.314 108.931 108.521 107.854 103.484 102.674 102.621 102.602 102.497 102.502 102.382 102.221 102.137 102.081 101.926 101.824
85.399 85.684 85.944 86.321 86.524 86.891 87.174 87.581 87.916 88.616 88.506 88.846 89.246 89.599 89.884 90.381 90.836 91.389 91.689 92.291 92.674 93.126 93.544 93.934 94.376 94.806 95.159 95.456 96.129 97.046 97.264 97.279 97.354 98.069 98.796 99.194 99.761 100.066 100.226 100.466 100.609 100.789 100.931 107.141 103.851 102.504 104.039 103.566 104.664 105.346 103.536 103.806 108.301 108.681 109.131 109.709 109.119 108.694 108.267 104.414 102.482 102.139 102.139 102.324 102.292 102.269 102.106 101.999 101.872
85.044 85.286 85.564 85.881 86.136 86.464 86.796 87.166 87.411 88.081 88.019 88.389 88.729 89.106 89.469 89.831 90.284 90.764 91.284 91.589 92.004 92.481 92.904 93.274 93.746 94.311 94.906 94.896 95.191 95.981 96.676 97.096 97.201 97.271 97.596 98.304 98.729 99.299 99.871 100.246 100.424 100.556 102.984 107.849 105.951 102.061 103.221 103.824 105.674 105.614 102.969 102.894 103.009 103.161 107.831 108.509 108.932 109.331 108.562 102.551 102.159 102.544 101.994 102.107 102.159 102.127 102.087 102.091 101.959
84.631 84.869 85.171 85.421 85.749 86.091 86.376 86.656 86.999 87.274 87.609 87.939 88.304 88.541 88.911 89.259 89.654 90.211 90.581 91.001 91.576 91.739 92.216 92.721 93.239 93.704 94.111 94.416 94.726 95.004 95.824 96.454 96.986 97.159 97.309 97.434 97.806 98.544 99.174 99.369 100.939 100.241 100.639 104.121 101.779 101.481 102.326 102.941 104.556 102.824 101.891 101.891 102.114 102.516 102.806 102.502 106.119 108.347 105.959 102.477 101.992 107.237 107.114 104.439 102.009 101.999 102.027 102.009 101.996
84.229 84.464 84.761 85.071 85.386 88.519 89.371 86.244 86.636 86.841 87.164 87.474 87.786 88.114 88.406 88.801 89.141 89.641 89.961 90.361 90.814 91.156 91.454 92.126 92.759 93.046 93.421 93.831 94.236 94.584 94.951 95.821 96.154 96.541 97.084 97.369 97.504 97.694 98.126 98.794 99.066 99.456 99.944 102.901 101.619 101.144 101.444 101.911 102.431 101.699 101.614 101.666 101.736 101.806 102.071 102.217 102.364 102.551 102.527 102.529 103.271 107.659 108.209 107.762 107.356 106.194 102.517 101.997 102.021
83.799 84.096 84.309 84.639 88.639 90.939 89.994 85.859 86.134 86.479 86.751 87.084 87.334 87.621 87.924 88.236 88.681 89.044 89.404 89.761 90.224 90.631 91.026 91.619 92.174 92.479 92.829 93.219 93.719 94.124 94.439 94.839 95.204 95.651 96.216 96.779 97.309 97.601 97.711 97.866 98.364 98.949 99.276 99.969 100.331 100.644 100.924 101.371 101.321 101.516 101.276 101.404 101.614 101.654 101.299 101.736 101.684 101.859 102.234 102.027 104.411 107.331 107.752 108.164 108.426 107.999 107.581 107.132 105.176
83.374 83.651 83.984 84.251 84.589 86.919 86.921 85.521 85.709 86.051 86.379 86.601 86.921 87.174 87.496 87.791 88.214 88.499 88.884 89.179 89.621 89.969 90.496 91.186 91.574 91.904 92.256 92.714 93.139 93.599 93.961 94.349 94.806 94.999 95.406 95.834 96.369 96.984 97.566 97.739 97.859 98.041 98.664 99.369 99.601 100.554 100.324 100.726 100.931 101.216 101.034 101.081 102.189 103.484 101.016 100.966 100.984 101.659 101.847 101.959 101.937 101.944 102.769 107.044 107.536 107.949 108.344 108.229 107.827
83.001 83.246 83.584 83.889 84.179 84.506 84.741 85.036 85.341 85.631 85.931 86.221 86.516 86.804 87.036 87.434 87.816 88.086 88.336 88.731 89.051 89.399 90.046 90.704 91.024 91.396 91.666 92.089 92.526 93.026 93.546 93.889 94.264 94.631 95.094 95.341 95.674 96.064 96.594 97.246 97.739 97.876 97.969 98.254 98.881 99.346 99.604 99.884 100.506 100.669 100.939 101.041 101.174 103.371 101.231 101.057 100.932 101.047 101.154 101.369 101.402 101.771 101.902 102.076 102.454 104.094 107.314 107.734 108.157
82.549 82.904 83.201 83.544 83.801 84.369 91.269 86.379 84.979 85.276 85.516 85.831 86.106 86.414 86.661 86.996 87.301 87.604 87.799 88.166 88.531 88.889 89.566 90.046 90.444 90.736 91.054 91.486 91.976 92.411 92.894 93.359 93.764 94.141 94.461 94.801 95.209 95.584 95.944 96.364 96.999 97.569 97.894 97.976 98.076 98.504 98.979 99.219 99.536 99.881 100.374 100.896 100.994 101.024 101.924 101.229 100.972 100.922 100.614 100.662 100.642 100.859 101.169 101.669 101.826 101.899 102.419 102.407 105.872
82.279 82.551 82.884 83.149 85.481 88.544 91.014 88.679 84.609 84.929 85.134 85.409 85.674 85.964 86.281 86.564 86.801 87.056 87.361 87.644 88.039 88.519 89.036 89.464 89.839 90.169 90.604 90.914 91.289 91.819 92.271 92.686 93.114 93.584 93.914 94.609 94.686 95.111 95.451 95.791 96.229 96.739 97.151 97.714 98.039 98.106 98.234 98.711 99.061 99.289 99.779 100.311 100.276 100.431 100.839 101.004 100.937 100.587 100.347 100.316 100.324 100.267 100.464 100.507 100.699 101.201 101.642 101.814 101.887
81.929 82.229 82.519 82.774 83.089 83.381 83.856 83.901 84.241 84.461 84.734 84.971 85.276 85.566 85.844 86.151 86.384 90.349 89.391 87.761 87.691 88.001 88.501 88.896 89.279 89.724 90.129 90.429 90.851 91.269 91.656 92.224 92.509 92.951 93.389 93.794 94.186 94.586 95.016 95.304 95.714 96.099 96.514 96.936 97.354 97.964 98.124 98.174 98.331 98.794 99.114 99.561 99.679 99.914 100.169 100.472 100.706 100.294 100.062 100.107 100.167 100.197 100.977 100.301 100.209 100.369 101.502 101.572 101.762
81.484 81.829 82.179 82.471 82.986 84.156 89.746 90.486 83.816 84.119 84.384 84.594 84.871 85.169 85.459 85.706 85.946 92.726 94.559 94.101 92.839 88.044 87.954 88.316 88.666 89.141 89.549 89.934 90.399 90.871 91.191 91.546 91.999 92.369 92.764 93.181 93.604 94.044 94.446 94.754 95.144 95.586 96.024 96.396 96.709 97.156 97.539 98.051 98.146 98.219 98.431 98.839 99.176 99.464 99.636 99.894 100.087 100.251 100.072 99.951 99.967 100.036 100.332 100.076 100.064 100.081 100.017 100.007 101.417
80.841 81.379 81.724 82.111 82.351 83.144 91.874 89.224 83.494 83.804 84.026 84.239 84.496 84.749 85.101 85.276 85.496 87.879 93.776 98.041 91.351 87.199 87.371 87.681 88.019 88.544 88.929 89.391 89.864 90.274 90.604 91.026 91.389 91.721 92.134 92.571 92.999 93.436 93.849 94.269 94.674 95.034 95.464 95.874 96.171 96.541 96.884 97.216 97.744 98.129 98.206 98.289 98.554 98.929 99.204 99.566 99.774 100.102 100.179 99.977 99.819 99.822 99.929 99.909 99.892 100.352 99.892 99.829 99.874
80.736 80.891 81.054 81.469 81.901 83.234 83.901 82.846 83.134 83.371 83.609 83.899 84.166 84.421 84.614 84.826 85.086 85.241 88.399 95.384 86.526 86.629 86.834 87.159 87.539 87.966 88.389 88.779 89.204 89.601 90.021 90.484 90.879 91.271 91.591 92.001 92.381 92.849 93.271 93.706 94.089 94.584 95.004 95.336 95.659 96.064 96.349 96.664 97.071 97.381 97.941 98.214 98.299 98.426 98.759 99.117 99.394 99.424 99.569 99.977 100.032 99.779 99.789 99.824 99.769 100.149 100.364 99.727 99.794
80.636 80.896 81.034 81.181 81.374 81.619 82.111 82.419 82.699 82.959 83.211 83.501 83.764 84.049 84.191 84.391 84.604 84.836 85.041 86.404 86.046 86.166 86.279 86.566 87.061 87.396 87.741 88.189 88.539 88.984 89.391 89.856 90.251 90.999 91.081 91.609 91.934 92.326 92.714 93.091 93.516 93.919 94.379 94.859 95.201 95.494 95.804 96.176 96.564 96.904 97.219 97.589 98.141 98.286 98.339 98.519 98.884 99.089 99.122 99.359 99.544 99.624 99.774 99.734 101.127 99.557 99.619 99.639 99.869
79.984 80.846 81.139 81.264 81.331 81.421 81.569 81.734 82.141 82.564 82.879 83.104 83.324 83.664 83.786 83.946 84.159 84.464 84.611 85.116 85.431 85.576 85.771 86.079 86.566 88.144 87.221 87.601 87.979 88.351 88.814 89.261 89.741 90.179 90.549 90.956 91.431 91.781 92.171 92.494 92.936 93.351 93.784 94.116 94.564 94.956 95.324 95.714 96.021 96.346 96.701 96.994 97.341 97.786 98.174 98.301 98.387 98.652 98.807 98.904 98.981 99.109 99.297 99.392 99.584 99.747 99.691 99.552 100.934
79.566 80.149 80.494 80.589 81.141 81.309 81.499 81.594 81.759 81.914 82.121 82.601 82.946 83.194 83.396 83.666 83.829 84.054 84.264 84.796 84.814 85.056 85.246 85.611 85.919 86.229 86.626 87.396 87.459 87.849 88.281 88.716 89.166 89.584 90.001 90.406 90.791 91.209 91.564 91.954 92.416 92.769 93.159 93.554 93.986 94.329 94.771 95.219 95.531 95.841 96.099 96.394 96.676 97.081 97.529 98.009 98.264 98.319 98.372 98.589 98.844 98.784 98.837 98.937 101.169 100.574 99.449 99.444 102.049
79.064 79.481 79.721 80.001 81.419 80.666 81.104 81.859 81.916 81.881 81.944 82.099 82.239 82.501 82.929 83.216 83.434 83.674 84.071 84.304 84.449 84.564 84.744 85.086 85.424 89.189 86.141 86.524 86.964 87.314 87.686 88.099 88.529 88.986 89.436 89.819 90.199 90.496 90.959 91.371 91.819 92.214 92.551 92.951 93.294 93.739 94.184 94.619 94.951 95.261 95.549 95.869 96.131 96.436 96.866 97.202 97.629 98.129 98.227 98.237 98.327 98.664 100.142 99.757 98.862 98.957 99.132 99.262 100.124
78.624 78.896 79.249 79.571 79.814 80.196 80.481 80.784 84.646 81.606 81.901 82.079 82.199 82.321 82.461 82.631 82.864 83.171 83.569 83.789 84.004 84.096 84.396 84.656 84.969 85.341 86.561 87.244 86.436 86.861 87.146 87.499 87.931 88.386 88.814 89.216 89.554 89.904 90.301 90.766 91.221 91.571 91.951 92.356 92.696 93.096 93.536 93.971 94.334 94.626 94.884 95.219 95.571 95.989 96.196 96.472 96.924 97.422 97.826 98.057 98.099 98.146 98.286 99.069 98.612 98.614 98.644 98.889 99.174
78.091 78.381 78.749 79.071 79.344 79.654 80.001 80.324 80.661 80.936 81.271 81.636 82.016 82.254 82.486 82.636 82.751 82.889 83.021 83.154 83.336 83.554 83.879 84.231 84.516 84.864 85.149 85.534 85.899 86.259 86.616 86.954 87.321 87.779 88.184 88.549 88.879 89.296 89.699 90.196 90.611 90.976 91.339 91.709 92.076 92.484 92.941 93.306 93.654 93.959 94.284 94.651 95.004 95.366 95.614 96.104 96.377 96.792 97.232 97.502 97.759 97.972 98.036 98.121 98.329 98.447 98.504 98.617 98.762
77.599 77.979 78.316 78.521 78.896 79.151 79.479 79.809 80.149 80.466 80.764 81.116 81.356 81.564 81.894 82.226 82.541 82.851 83.966 83.239 83.326 83.424 83.524 83.671 83.859 84.176 84.576 85.001 85.351 85.681 86.069 86.426 86.871 87.191 87.576 87.969 88.319 88.701 89.204 89.661 90.069 90.446 90.779 91.109 91.474 91.894 92.351 92.691 93.059 93.371 93.699 94.109 94.516 94.879 95.191 95.456 95.879 96.281 96.659 97.066 97.316 97.494 97.806 97.946 98.036 98.119 98.244 98.409 98.751
77.196 77.544 77.854 78.161 78.391 78.656 79.016 80.374 79.694 79.994 80.311 80.696 80.956 81.214 81.329 81.666 82.001 82.446 82.659 82.944 83.189 83.381 83.599 83.789 83.901 83.994 84.121 84.314 84.561 84.871 85.344 85.834 86.239 86.676 87.044 87.424 87.796 88.259 88.704 89.144 89.549 89.904 90.246 90.529 90.916 91.341 91.709 92.076 92.426 92.779 93.169 93.584 94.031 94.344 94.636 94.999 95.329 95.661 96.161 96.524 96.909 97.126 97.329 97.561 97.766 97.906 97.991 98.071 98.174
76.824 77.161 77.396 77.754 77.954 78.224 78.571 78.876 79.449 79.546 79.909 80.256 80.596 80.781 81.031 81.299 81.879 82.441 82.256 82.346 82.601 83.291 83.859 83.964 83.791 83.981 84.214 84.369 84.541 84.744 84.991 85.249 85.536 85.871 86.326 86.831 87.316 87.694 88.159 88.654 88.976 89.344 89.699 90.079 90.434 91.881 91.139 91.474 91.859 92.196 92.591 93.029 93.486 93.849 94.156 94.546 94.856 95.219 95.574 96.036 96.489 96.754 96.909 97.169 97.291 97.544 97.784 97.879 97.929
