dsm/se2935_DSM_2M.asc
ncols 500
nrows 500
xllcorner    429000
yllcorner    435000
cellsize     2
NODATA_value -9999
[rows 384 to 415 of 500, columns 142 to 212 of 500]
81.316 81.324 81.331 81.339 81.306 81.459 81.511 81.421 81.226 80.909 80.884 80.754 80.369 80.479 80.234 79.731 79.511 78.746 79.396 79.374 79.169 79.529 79.704 79.914 79.986 79.904 79.701 79.571 79.411 79.291 79.139 78.959 78.784 78.576 78.839 78.261 78.126 77.981 77.794 77.616 77.491 77.339 77.186 77.031 76.896 76.819 76.656 76.544 76.399 76.226 76.041 75.911 75.771 75.651 75.539 75.409 75.239 75.029 74.846 74.694 74.544 74.384 74.166 74.006 74.021 73.859 73.709 73.539 73.391 73.246 73.129
81.359 81.389 81.411 81.414 81.401 81.379 81.536 81.539 81.514 81.294 81.269 81.221 80.851 80.816 80.466 80.236 80.114 79.676 80.026 79.889 79.691 79.814 80.089 80.264 80.459 80.266 80.076 79.929 79.841 79.739 79.601 79.426 79.226 79.086 78.924 78.804 78.661 78.519 78.351 78.189 78.044 77.916 77.759 77.644 78.246 77.311 77.214 77.086 76.921 76.746 76.581 76.419 76.304 76.216 76.126 75.991 75.824 75.644 75.456 75.279 75.061 74.951 74.679 74.436 74.279 74.334 74.206 74.094 73.949 73.864 73.746
81.366 81.441 81.466 81.494 81.501 81.471 81.454 81.586 81.701 81.719 81.619 81.554 81.401 81.301 81.041 80.894 80.666 80.494 80.526 80.944 80.106 80.119 80.636 80.651 80.639 80.544 80.439 80.321 80.201 80.136 80.036 79.879 79.734 79.566 79.446 79.286 79.141 79.039 78.891 78.761 78.624 78.449 78.329 78.174 78.809 77.936 78.476 78.814 77.419 77.219 77.064 76.954 76.829 76.746 76.624 76.506 76.344 76.211 76.026 75.814 75.591 76.236 75.259 74.969 74.686 74.649 74.621 74.541 74.459 74.364 74.251
81.464 81.456 81.534 81.564 81.584 81.579 81.536 81.499 81.559 81.644 81.694 81.746 81.711 82.536 81.619 81.404 81.336 81.144 81.211 81.266 80.534 80.904 80.866 80.901 80.881 80.776 80.706 80.656 80.564 80.469 80.374 80.266 80.121 80.009 79.886 79.729 79.586 79.474 79.371 79.244 79.091 78.939 78.789 78.664 78.524 78.439 78.976 78.094 77.921 77.711 77.526 77.374 77.304 77.206 77.099 76.961 76.834 76.701 76.516 76.296 76.081 75.946 75.724 75.434 75.096 74.926 74.976 74.954 74.839 74.749 74.596
81.581 81.526 81.581 81.619 81.676 81.696 81.656 81.619 81.649 81.646 81.586 81.539 81.619 81.779 81.786 81.646 81.846 82.034 81.954 82.714 80.851 81.626 81.071 81.104 81.051 80.959 80.856 80.801 80.724 80.669 80.561 80.516 80.446 80.381 80.266 80.121 79.994 79.876 79.771 79.629 79.494 79.346 79.206 79.049 78.911 78.726 78.609 78.456 78.294 78.111 77.929 77.771 77.656 77.559 77.446 77.334 77.216 77.081 76.884 76.681 76.451 76.281 76.076 76.721 75.471 75.244 75.216 75.251 75.159 75.044 74.909
81.796 81.676 81.619 81.684 81.994 81.876 81.766 81.726 81.716 81.721 81.721 81.649 81.566 81.496 81.474 81.524 81.571 81.534 81.721 81.449 81.199 81.126 81.216 81.229 81.181 81.094 80.986 80.884 80.794 80.739 80.716 80.634 80.606 80.551 80.444 80.336 80.239 80.151 80.041 79.909 79.764 79.626 79.489 79.356 79.204 79.064 78.919 78.776 78.631 78.476 78.304 78.139 78.004 77.876 77.761 77.659 77.554 77.391 77.219 77.024 76.779 76.579 76.376 76.181 75.906 75.586 75.436 75.484 75.436 75.319 75.159
82.019 81.904 81.794 81.726 81.804 81.851 81.846 81.809 81.809 81.814 81.786 81.734 81.684 81.629 81.526 81.469 81.419 81.379 81.401 81.441 81.759 81.989 81.314 81.399 81.251 81.194 81.076 80.959 80.904 80.801 80.721 80.669 80.641 80.606 80.534 80.444 80.361 80.296 80.154 80.056 79.934 79.776 79.651 79.524 79.394 79.286 79.339 79.014 78.869 78.756 78.606 78.459 78.314 78.176 78.041 77.914 77.784 77.636 77.461 77.284 77.074 76.844 76.634 76.446 76.191 75.909 75.684 75.646 75.616 75.541 75.381
82.129 82.024 81.909 81.824 81.846 81.919 81.926 81.901 81.896 81.909 81.861 81.811 81.754 81.699 81.636 81.561 81.516 81.436 81.364 81.266 81.256 81.284 81.276 81.271 81.276 81.224 81.121 81.026 80.939 80.881 80.791 80.706 80.679 80.641 80.564 80.506 80.424 80.359 80.239 80.131 79.994 79.841 79.749 79.604 79.486 79.421 79.526 79.391 79.094 78.921 78.809 78.696 78.574 78.429 78.276 78.109 77.964 77.786 77.621 77.464 77.294 77.074 76.881 76.659 76.431 76.154 75.954 75.771 75.756 75.684 75.561
82.634 82.196 82.006 81.961 81.919 81.979 82.006 81.994 81.961 81.941 81.884 81.829 81.734 81.709 81.659 81.626 81.561 81.504 81.434 81.379 81.316 81.236 81.156 81.141 81.149 81.164 81.141 81.084 80.989 80.901 80.849 80.791 80.769 80.694 80.611 80.551 80.501 80.369 80.261 80.149 80.046 79.944 79.846 79.726 79.621 79.531 79.374 79.264 79.169 79.081 78.966 78.846 78.711 78.561 78.401 78.224 78.049 77.896 77.709 77.551 77.399 77.194 76.996 76.794 76.581 76.354 76.139 75.886 75.841 75.761 75.651
83.344 82.476 82.149 82.056 82.026 82.046 82.094 82.061 81.991 82.066 83.736 87.849 84.296 81.791 81.679 81.564 81.541 81.506 81.476 81.426 81.361 81.316 81.251 81.204 81.116 81.014 80.986 80.971 80.976 80.949 80.894 80.821 80.781 80.729 80.656 80.601 80.909 80.404 80.289 80.181 80.136 82.034 79.894 79.814 79.684 79.606 79.491 79.379 79.264 79.216 79.084 78.924 78.771 78.601 78.431 78.281 78.131 77.984 77.821 77.644 77.476 77.294 77.119 76.926 76.704 76.479 76.294 76.036 75.894 75.834 75.729
84.016 83.169 82.394 82.171 82.134 82.106 82.144 82.121 82.084 87.844 92.396 92.906 92.056 91.351 87.836 82.866 81.636 81.541 81.444 81.411 81.381 81.346 81.314 81.261 81.201 81.129 81.016 80.926 80.866 80.854 80.829 80.809 80.766 80.701 80.656 80.611 80.531 80.464 80.311 80.219 80.141 80.069 79.966 79.856 79.764 79.679 79.551 79.436 79.344 79.261 79.131 79.006 78.829 78.669 78.494 78.344 78.214 78.096 77.926 77.749 77.604 77.449 77.294 77.109 76.891 76.694 76.474 76.194 75.956 75.869 75.704
84.266 83.741 83.176 82.406 82.259 82.156 82.234 82.224 82.201 83.619 93.404 93.229 93.886 93.426 92.719 91.914 90.596 86.929 81.629 81.501 81.379 81.304 81.386 81.256 81.206 81.154 81.066 81.019 80.939 80.846 80.739 80.686 80.714 80.669 80.649 80.611 80.529 80.441 80.359 80.261 80.164 82.566 80.604 79.921 79.841 79.746 79.584 79.469 79.411 79.289 79.229 79.111 78.939 78.776 78.611 78.469 78.331 78.199 78.036 77.844 77.659 77.511 77.364 77.206 77.021 76.821 76.589 76.379 76.061 75.891 76.684
84.879 84.261 83.756 82.879 82.379 82.254 82.321 82.329 82.299 82.696 89.149 91.731 93.754 92.641 93.421 93.831 94.094 92.504 91.769 91.086 85.636 81.894 81.354 81.819 81.146 81.114 81.091 81.031 80.984 80.919 80.834 80.749 80.639 80.531 80.521 80.516 80.461 80.454 80.371 80.291 80.179 80.091 80.024 79.921 79.824 79.741 79.661 79.579 79.461 79.361 79.271 79.221 79.081 78.896 78.746 78.606 78.446 78.304 78.111 77.899 77.734 77.546 77.411 77.201 78.159 76.874 76.651 76.391 76.124 75.884 75.676
85.396 84.641 84.141 83.271 82.516 82.354 82.409 82.421 82.396 82.434 82.659 91.214 93.496 92.471 91.264 92.016 92.786 93.546 93.736 93.101 92.349 91.624 90.939 83.566 81.259 81.201 81.059 80.986 80.964 80.926 80.861 80.796 80.679 80.604 80.519 80.424 80.329 80.316 80.304 80.246 80.206 82.179 80.056 79.881 79.761 79.689 79.676 80.199 79.504 79.404 79.326 79.269 79.156 78.994 78.851 78.694 78.531 78.349 78.134 77.931 77.764 77.636 77.431 77.216 76.984 76.834 76.676 76.374 76.146 75.896 75.689
85.671 85.006 84.399 83.521 82.681 82.459 82.486 82.504 82.496 82.529 82.744 91.056 93.164 92.831 90.169 85.654 90.031 91.429 92.204 92.974 93.746 93.751 92.914 92.211 91.514 89.971 82.749 81.101 81.011 80.881 80.834 80.774 80.724 80.664 80.569 80.474 80.371 80.294 80.211 80.129 80.116 80.114 80.074 80.014 79.816 79.694 79.716 79.676 79.534 79.451 79.369 79.294 79.186 79.079 78.909 78.764 78.564 78.339 78.109 77.939 77.826 77.649 77.421 77.201 76.981 76.809 76.591 76.344 76.114 75.966 75.766
85.854 85.206 84.461 83.649 82.839 82.591 82.979 82.609 82.601 82.594 82.846 89.111 92.824 93.219 90.989 83.846 83.796 83.791 85.306 90.894 91.606 92.376 93.101 93.724 93.584 92.804 92.116 91.364 87.274 81.831 80.954 81.131 81.691 80.716 80.599 80.526 80.426 80.329 80.249 80.164 80.084 79.981 79.939 79.964 79.919 79.871 79.804 79.721 79.626 79.509 79.429 79.331 79.226 79.126 78.989 78.834 78.644 78.389 78.156 78.214 78.131 77.869 77.634 77.361 77.101 76.859 76.926 77.699 76.241 76.054 75.876
85.939 85.229 84.646 86.084 82.999 82.706 83.569 82.704 82.714 82.651 82.854 86.894 92.436 93.544 91.359 83.794 83.791 83.754 83.979 83.721 84.001 86.534 90.999 91.746 92.491 93.251 93.766 94.004 92.661 91.981 81.789 80.919 80.831 80.724 81.324 81.571 80.444 80.361 80.254 80.189 80.096 80.006 79.921 79.859 79.764 79.776 79.764 79.699 79.661 79.616 79.466 79.371 79.274 79.196 79.079 79.779 78.724 78.439 78.361 78.456 78.381 78.184 77.951 77.711 77.449 77.204 76.971 79.719 76.459 76.246 76.061
86.001 85.439 84.869 84.241 83.206 82.796 82.746 82.806 82.791 83.171 82.934 83.499 92.186 95.594 91.696 83.881 83.776 83.981 84.306 83.744 84.231 83.791 83.741 84.151 87.069 90.284 91.881 92.629 93.374 93.819 82.886 81.166 81.011 80.831 80.706 80.619 80.431 80.854 80.286 80.214 80.106 80.019 79.946 79.876 79.801 79.709 79.629 79.581 79.599 79.546 79.489 79.396 79.309 79.209 79.116 79.011 78.784 78.554 78.581 78.619 78.516 78.411 78.224 78.004 77.791 77.536 77.264 77.026 76.801 76.579 76.354
86.096 85.749 84.976 84.369 83.474 82.919 82.804 82.899 82.904 83.099 82.924 83.109 91.829 93.801 91.991 84.106 83.781 84.836 83.761 84.966 83.761 83.779 83.779 83.781 83.801 83.784 84.421 87.919 91.249 91.989 81.334 81.356 81.264 80.931 80.954 80.731 80.571 80.456 80.274 80.186 80.546 80.029 79.929 79.874 79.789 79.709 79.636 79.571 79.509 79.441 79.429 79.399 79.301 79.251 79.149 79.076 78.836 78.739 78.694 78.684 78.626 78.581 78.441 78.239 78.031 77.849 77.616 77.376 77.159 76.909 76.699
87.551 85.739 85.121 84.519 83.669 83.061 82.884 82.989 82.999 84.126 83.024 82.999 91.519 93.611 92.349 86.024 83.766 83.779 84.514 83.801 83.876 83.946 83.901 83.844 83.774 83.774 83.814 83.784 83.794 83.891 81.524 81.559 81.509 80.401 80.206 79.664 80.921 80.634 80.414 80.309 80.214 80.211 80.076 79.851 79.771 79.694 79.641 79.559 79.479 79.429 79.884 79.286 79.234 79.234 79.139 79.059 78.949 78.874 78.716 78.724 79.764 79.346 78.539 78.434 78.249 78.054 77.884 77.671 77.461 77.246 77.009
86.274 85.851 85.234 84.669 83.861 83.171 83.014 83.054 83.089 83.786 83.071 83.029 91.139 93.276 92.721 87.304 83.786 83.766 83.824 83.861 83.894 83.941 83.954 83.976 83.939 83.904 83.824 83.796 83.799 83.789 81.706 81.811 81.799 80.589 86.476 82.884 79.006 80.824 80.604 80.441 80.226 80.124 80.029 80.331 79.824 79.679 79.599 79.526 79.461 79.411 79.321 79.251 79.191 79.639 79.871 79.049 78.976 78.884 78.796 78.764 83.449 84.879 78.536 78.526 78.434 78.256 78.094 77.929 77.729 77.504 77.286
86.376 85.941 85.314 84.801 84.121 83.364 83.134 83.124 83.179 83.164 83.139 83.246 90.551 92.991 93.089 91.354 92.241 83.784 83.834 84.424 83.921 83.946 83.974 83.981 83.979 83.956 83.926 83.876 83.809 83.501 81.944 82.084 82.126 81.586 86.469 86.501 86.529 81.366 81.291 81.111 80.839 80.416 80.121 79.936 79.809 80.219 80.816 79.504 79.451 79.376 79.314 79.236 79.176 79.091 79.014 78.936 79.771 79.294 78.821 78.724 78.679 78.601 78.571 78.561 78.516 78.379 78.241 78.141 77.969 77.746 77.536
86.419 86.079 85.714 84.946 84.336 83.506 83.256 83.206 83.271 83.254 83.224 83.389 88.671 93.011 95.201 95.894 95.424 83.791 83.856 83.894 83.944 83.984 84.016 84.029 83.984 83.976 83.971 83.921 84.666 82.524 82.161 82.281 82.376 82.479 86.479 86.504 86.529 81.774 81.816 83.519 82.389 81.321 80.879 80.334 79.959 79.776 79.661 80.086 80.841 79.354 79.271 79.229 79.166 79.109 79.026 78.976 78.909 79.271 78.764 79.004 78.719 78.641 78.606 78.566 78.536 78.464 78.366 78.276 78.141 77.966 77.754
86.496 86.259 86.111 85.089 84.546 83.704 83.361 83.289 83.351 83.356 83.324 83.389 88.236 96.646 96.856 97.024 84.751 83.814 83.869 83.926 84.004 84.056 84.091 84.029 84.036 84.026 84.039 83.944 84.196 82.249 82.264 82.386 82.484 82.926 86.484 86.521 85.294 82.121 82.146 88.434 91.304 90.659 83.689 81.359 80.861 80.309 79.904 79.626 79.524 79.351 79.244 79.191 79.149 79.084 79.036 78.984 78.946 78.861 78.774 79.144 79.531 78.589 78.594 78.536 78.491 78.469 78.409 78.351 78.254 78.096 77.891
86.589 86.409 85.871 85.234 84.884 84.356 83.466 83.371 83.441 83.456 83.406 83.476 86.471 96.771 96.769 96.509 84.861 84.014 84.034 84.084 84.121 84.166 84.276 84.146 84.121 84.076 84.116 84.019 84.069 82.391 82.319 82.411 82.496 84.724 86.484 86.371 83.861 82.434 82.344 91.401 91.294 91.244 89.121 91.276 81.754 81.286 80.689 80.106 79.701 79.489 79.389 79.211 79.089 79.069 79.009 78.984 78.939 78.889 78.829 78.771 78.701 78.631 78.541 78.464 78.464 78.394 78.351 78.326 78.289 78.174 78.001
86.706 86.581 86.176 85.439 85.009 84.166 83.586 83.451 83.529 83.534 83.494 83.546 83.751 93.821 94.984 93.231 85.144 84.291 84.231 84.244 84.266 84.304 84.291 84.251 84.166 84.136 84.139 84.086 84.816 82.516 82.459 82.469 82.531 85.234 86.506 86.531 83.156 82.529 82.779 89.329 91.294 91.241 91.139 91.254 85.116 81.844 80.969 80.279 79.861 79.669 79.519 79.326 79.219 79.081 78.986 78.984 78.954 78.891 78.854 78.799 78.756 78.686 78.624 78.531 78.404 78.316 78.311 78.231 78.204 78.164 78.049
86.841 86.844 86.596 85.916 85.264 84.446 83.736 83.559 83.619 83.626 83.601 83.631 83.791 92.506 94.291 93.599 88.169 84.501 84.439 84.429 84.436 84.419 84.416 84.379 84.291 84.219 84.209 84.271 84.364 82.616 82.554 82.551 82.569 86.166 86.511 86.551 82.606 82.546 86.891 91.341 91.276 91.246 91.191 91.269 83.954 81.991 80.996 80.386 79.929 79.741 80.309 79.504 79.411 79.191 79.101 79.001 78.886 78.859 78.846 78.806 78.769 78.699 78.636 78.576 78.494 78.374 78.226 78.271 78.169 78.091 78.066
86.959 86.951 86.864 86.256 85.414 84.554 83.839 83.669 84.159 83.729 84.166 83.696 83.871 91.451 93.986 93.936 91.009 84.669 84.551 84.559 84.544 84.526 84.526 84.466 84.334 85.284 84.714 85.044 84.099 82.724 82.664 82.634 82.616 86.476 86.534 86.544 82.584 82.596 85.271 91.329 91.271 91.221 91.224 91.284 82.334 81.896 81.029 80.461 80.079 80.059 79.761 79.629 80.306 79.374 79.294 79.089 78.994 78.896 78.756 78.769 78.754 78.706 78.649 78.579 78.526 78.441 78.329 78.289 78.869 78.131 78.026
87.009 87.014 86.919 86.541 85.726 84.861 84.031 83.796 83.909 83.811 84.104 83.879 83.956 90.234 93.631 94.286 91.594 84.654 84.571 84.624 84.634 84.596 84.599 84.549 84.409 84.371 84.289 85.131 83.476 82.829 82.789 82.769 82.711 82.674 82.639 82.781 82.571 82.614 89.596 91.311 91.261 91.161 91.234 91.286 82.326 81.889 81.079 80.509 80.236 80.031 79.886 79.764 80.006 79.514 79.384 79.274 79.174 79.019 78.819 78.739 78.699 78.676 78.651 78.609 78.539 78.469 78.386 78.294 78.211 78.254 79.409
87.029 87.031 87.026 86.821 86.079 85.211 84.221 83.906 83.854 83.906 83.901 83.876 84.054 85.454 93.264 94.621 92.386 84.689 84.599 84.699 84.731 84.679 84.684 86.554 84.604 84.426 84.351 85.364 83.154 82.971 82.939 82.909 82.849 82.754 82.684 82.631 82.561 83.939 89.436 90.879 91.461 91.114 91.234 91.314 82.309 81.774 81.184 80.614 80.384 80.179 80.021 79.919 79.801 79.666 79.546 79.726 79.304 79.166 79.071 78.911 78.824 78.689 78.639 78.556 78.514 78.471 78.406 78.334 78.251 78.181 78.104
87.044 87.056 87.046 87.029 86.409 85.376 84.479 83.999 83.916 83.979 83.991 84.914 84.041 84.796 92.964 96.514 92.776 84.704 84.656 84.959 85.076 85.214 84.756 84.701 84.749 87.049 84.561 84.949 83.251 83.104 83.111 83.089 83.096 82.869 82.719 82.621 82.539 85.196 85.196 91.906 93.984 94.056 94.989 94.739 82.231 81.734 81.341 80.701 80.559 80.341 80.189 80.081 79.961 79.824 79.701 79.584 79.459 79.356 79.219 79.151 79.021 78.871 78.799 78.691 78.589 78.431 78.399 78.341 78.249 78.179 78.116
87.054 87.081 87.034 87.056 86.581 85.669 84.746 84.129 84.001 84.061 84.094 85.149 84.126 83.984 92.599 94.696 93.124 86.174 84.654 84.636 85.094 85.416 84.791 84.731 84.641 84.551 84.429 85.811 83.366 83.261 83.246 83.316 83.184 82.934 82.734 82.624 82.791 85.211 85.196 90.011 94.004 94.116 94.279 91.364 82.261 81.886 81.431 82.694 81.479 80.499 80.346 80.251 80.139 80.004 79.884 79.746 79.639 79.479 79.389 79.326 79.156 79.021 78.914 78.834 78.681 78.556 78.446 78.299 78.244 78.196 78.166
