dsm/se2932_DSM_2M.asc
ncols 500
nrows 500
xllcorner    429000
yllcorner    432000
cellsize     2
NODATA_value -9999
[rows 256 to 287 of 500, columns 288 to 359 of 500]
38.507 37.839 40.014 39.465 30.364 29.096 29.162 29.153 29.096 29.259 29.095 29.075 29.258 34.891 34.452 33.804 33.268 33.384 34.088 34.666 35.358 35.417 34.717 34.094 33.491 33.035 33.859 34.544 35.119 35.569 35.089 34.405 33.819 33.187 33.384 33.951 34.711 35.097 34.554 33.892 33.273 33.487 34.137 34.697 34.934 34.428 33.804 33.202 33.021 30.312 29.074 29.081 29.091 29.103 29.103 29.157 29.197 29.379 29.215 29.144 30.962 35.579 36.036 36.102 36.103 36.135 36.121 36.128 36.196 36.204 36.203 36.256
37.727 37.836 40.548 38.799 33.262 29.103 29.175 29.169 29.142 29.132 29.099 29.064 29.531 34.936 34.256 33.779 33.216 33.679 34.175 34.77 35.51 35.219 34.653 34.047 33.322 33.225 33.875 34.563 35.218 35.446 34.88 34.239 33.575 33.134 33.334 34.128 34.683 35.064 34.423 33.817 33.215 33.504 34.18 34.782 34.896 34.142 33.629 31.103 29.22 29.228 29.074 29.087 29.079 29.082 29.119 29.187 29.195 30.547 29.718 29.107 29.051 34.571 35.852 35.87 35.887 35.887 35.962 35.977 36.019 36.015 36.011 36.07
35.87 38.812 39.836 38.376 35.944 29.237 29.164 29.162 29.166 29.27 29.11 29.097 32.311 34.954 34.304 33.698 33.131 33.505 34.304 35.01 35.512 35.174 34.579 33.929 33.167 33.412 33.946 34.609 35.347 35.525 34.835 34.324 33.604 33.162 33.475 34.067 34.7 34.94 34.375 33.689 33.175 33.658 34.289 34.885 34.835 34.187 33.532 32.339 29.254 29.183 29.114 29.12 29.078 29.05 29.103 29.147 29.16 31.002 31.609 29.357 29.295 35.908 35.641 35.675 35.731 35.734 35.757 35.759 35.819 35.855 35.935 35.895
30.478 32.075 36.188 35.764 29.279 29.167 29.177 29.171 29.186 29.193 29.06 29.102 31.846 34.789 34.196 33.564 33.213 33.648 34.319 34.944 35.549 35.148 34.398 33.772 33.177 33.437 33.981 34.68 35.4 35.352 34.862 34.197 33.393 33.128 33.621 34.178 34.868 34.828 34.181 33.614 33.201 33.733 34.273 35.035 34.922 34.176 33.329 29.742 29.189 29.151 29.18 29.116 29.113 29.114 29.204 29.171 29.224 31.612 31.155 29.122 33.323 35.731 35.451 35.488 35.51 35.525 35.573 35.55 35.629 35.697 37.244 35.798
29.231 29.192 29.749 29.268 29.177 29.157 29.185 29.179 29.179 29.156 29.17 29.128 33.384 34.7 34.088 33.381 33.192 33.845 34.476 35.073 35.525 35.014 34.345 33.694 33.039 33.459 34.192 34.837 35.451 35.335 34.777 34.052 33.373 33.01 33.617 34.191 34.963 34.898 34.128 33.457 33.206 33.784 34.444 35.005 34.686 33.98 33.354 30.377 29.18 29.163 29.145 29.112 29.145 29.118 29.091 29.169 29.19 31.146 29.414 29.044 34.69 35.696 35.635 35.635 35.561 35.528 35.53 35.531 35.482 36.669 37.871 37.139
29.153 29.236 29.391 29.237 29.167 29.167 29.225 29.165 29.269 29.514 29.095 29.098 30.188 30.634 32.95 30.367 33.084 33.872 34.604 35.159 35.482 35.051 34.333 33.688 33.019 33.416 34.059 34.842 35.545 35.258 34.702 33.925 33.414 33.186 33.659 34.365 34.987 34.751 33.979 33.463 33.392 33.799 34.52 35.008 34.684 33.975 33.32 29.736 29.153 29.122 29.144 29.149 29.112 29.157 29.131 29.14 29.216 31.585 29.373 29.077 34.552 35.857 35.872 35.774 35.8 35.758 35.743 35.697 35.666 35.665 36.411 36.835
29.119 29.183 29.6 29.239 29.162 29.178 29.218 29.158 29.343 29.092 29.07 29.09 29.056 29.063 29.984 29.102 29.072 29.086 29.204 30.462 29.92 31.622 32.505 31.123 33.035 33.613 34.232 34.905 35.483 35.107 34.588 33.843 33.24 33.295 33.727 34.512 34.948 34.71 33.912 33.281 33.4 33.929 34.715 35.116 34.413 33.855 33.175 29.265 29.197 29.164 29.14 29.124 29.05 29.165 29.134 29.157 29.192 31.607 29.757 29.051 34.997 36.064 36.04 36.011 36.007 35.923 35.916 35.882 35.886 35.805 35.806 35.928
29.172 29.16 29.676 29.239 29.17 29.258 29.183 29.195 29.262 29.126 29.133 29.097 29.063 29.047 29.3 29.121 29.134 29.09 29.093 29.079 29.08 29.049 29.08 29.168 29.554 31.097 31.562 30.656 32.835 31.019 33.952 32.966 33.088 33.183 33.807 34.627 35.104 34.485 33.944 33.21 33.458 34.08 34.597 34.959 34.454 33.792 31.346 29.308 29.216 29.181 29.141 29.125 29.16 29.111 29.142 29.125 29.235 30.226 29.082 29.269 34.191 36.237 36.197 36.191 36.151 36.107 36.062 36.048 36.056 36.049 36.006 36.016
29.199 29.15 29.348 29.202 29.146 29.223 29.189 29.159 29.566 29.13 29.113 29.116 29.032 28.983 28.932 29.115 29.95 30.111 29.066 29.061 29.059 29.051 29.05 29.458 29.773 29.222 29.589 31.242 32.439 29.563 29.119 29.132 31.205 33.302 34.021 34.547 35.043 34.442 33.849 33.235 33.489 34.168 34.694 34.93 34.187 33.72 33.047 29.705 29.184 29.142 29.194 29.129 29.147 29.127 29.16 29.101 29.504 29.325 29.07 29.223 35.69 36.442 36.382 36.381 36.323 36.318 36.285 36.244 36.217 36.184 36.191 36.171
29.925 29.242 29.515 29.196 29.188 29.197 29.184 29.19 29.318 29.168 29.115 29.128 29.048 28.984 28.931 28.993 29.029 29.087 29.047 29.02 29.027 29.056 29.072 29.758 29.615 29.286 29.059 31.293 32.795 29.517 29.082 29.03 31.199 33.438 34.094 34.667 34.942 34.404 33.685 33.183 33.474 34.206 34.95 34.836 34.345 33.595 32.418 30.92 32.868 29.787 30.192 29.252 29.145 29.128 29.114 29.088 29.471 29.15 29.046 29.556 36.69 36.582 36.591 36.579 36.525 36.531 36.459 36.43 36.436 36.36 36.323 36.305
36.118 32.353 29.39 29.139 29.202 29.221 29.134 29.211 29.62 29.128 29.071 29.098 29.063 29.012 28.944 28.998 29.013 29.009 29.028 29.041 29.058 29.026 29.053 29.945 29.078 29.04 28.976 30.599 32.606 29.08 29.038 29.059 31.93 33.443 34.069 34.661 34.942 34.226 33.59 33.161 33.771 34.221 34.948 34.707 34.112 33.38 33.119 33.678 34.279 35.039 33.947 33.668 30.776 29.153 29.116 29.147 29.429 29.1 29.063 29.438 36.823 36.804 36.763 36.734 36.752 36.691 36.638 36.679 36.594 36.583 36.577 36.521
35.383 32.161 29.373 29.199 29.226 29.228 29.175 29.26 29.416 29.105 29.091 29.117 29.063 28.971 28.942 28.999 29.035 29.04 29.036 29.032 29.048 29.009 29.259 30.288 29.48 28.988 28.961 31.062 31.662 29.115 29.745 29.24 32.893 33.536 34.161 34.856 34.868 34.25 33.626 33.182 33.742 34.392 35.076 34.824 34.023 33.519 33.283 33.838 34.539 35.083 34.638 33.919 32.38 29.201 29.113 29.14 29.277 29.04 29.04 33.443 37.059 37.015 37.015 36.943 36.915 36.895 36.821 36.818 36.824 36.781 36.761 36.705
35.287 31.068 29.321 29.183 29.194 29.193 29.19 29.233 29.201 29.119 29.097 29.133 29.061 28.984 29 28.975 28.984 29.069 29.071 29.06 29.044 29.047 29.137 29.867 29.698 29.001 28.957 28.956 28.984 29.032 29.385 29.806 32.799 33.567 34.352 34.967 34.725 34.056 33.547 33.188 33.86 34.511 35.036 34.68 33.895 33.348 33.324 33.828 34.568 34.995 34.436 33.866 32.503 30.092 29.122 29.128 29.395 29.021 29.068 34.689 37.055 37.088 37.094 37.103 37.091 37.048 37.077 37.05 37.025 36.951 36.927 36.917
36.337 35.253 29.939 29.121 29.212 29.217 29.202 29.286 29.562 29.206 29.123 29.078 29.078 28.976 28.986 29.013 29.026 29.043 29.05 29.061 29.035 29.015 29.07 30.108 29.246 28.993 28.947 28.972 29.047 29.36 30.118 29.995 33.168 33.681 34.46 34.852 34.733 33.994 33.457 33.326 33.85 34.514 35.048 34.587 33.851 33.235 33.375 34.002 34.665 34.858 34.428 33.717 32.904 29.242 29.128 29.479 29.271 29.114 29.068 34.382 36.959 36.842 36.916 36.931 37.016 36.994 37.005 37.123 37.026 37.071 37.082 37.038
35.601 30.909 29.344 29.166 29.237 29.273 29.208 29.214 30.398 29.647 29.253 32.37 29.149 29.072 29.006 29.03 29.069 29.049 29.055 29.051 29.101 30.559 30.534 30.055 29.184 29.008 28.991 29.016 29.023 29.055 29.142 31.348 33.191 33.808 34.433 35.042 34.595 33.938 33.307 33.23 34.062 34.572 34.957 34.457 33.797 33.165 33.546 34.195 34.76 34.904 34.288 33.778 31.525 30.074 29.163 29.3 29.204 29.088 29.373 33.265 36.728 36.675 36.711 36.75 36.761 36.819 36.825 36.858 36.824 36.88 36.916 36.905
36.154 30.533 29.324 29.178 29.251 29.249 29.204 29.14 33.658 31.081 35.137 30.166 29.813 29.07 29.021 29.133 29.034 29.07 29.051 29.054 29.115 30.202 30.565 30.281 29.089 29.039 29.039 29.019 29.098 29.07 29.181 31.216 33.277 33.787 34.489 34.96 34.499 33.793 33.129 33.336 34.027 34.707 34.99 34.399 33.779 33.205 33.515 34.125 34.892 34.878 34.235 33.566 29.69 29.165 29.137 29.411 29.188 29.117 29.357 35.857 36.494 36.528 36.524 36.53 36.643 36.579 36.639 36.66 36.666 36.677 36.698 36.735
36.193 30.021 29.209 29.259 29.275 29.276 29.154 29.063 31.252 36.057 32.274 32.212 30.463 29.316 34.595 32.375 29.912 29.092 29.043 29.048 29.093 30.101 31.109 29.304 29.038 29.012 28.995 29.012 29.132 30.063 30.513 31.353 33.258 33.887 34.468 35.057 34.389 33.689 33.234 33.491 34.114 34.797 34.975 34.259 33.689 33.279 33.677 34.295 34.985 34.86 34.192 33.541 29.852 29.137 29.12 29.413 29.144 29.077 29.42 35.56 36.272 36.336 36.329 36.376 36.396 36.411 36.46 36.443 36.484 36.522 36.557 36.531
31.503 29.356 29.221 29.29 29.267 29.272 29.136 29.054 30.876 37.354 36 35.997 34.664 33.775 35.49 35.082 32.093 29.41 29.067 29.073 29.039 29.407 31.034 30.146 29.075 29.084 28.987 28.97 29.009 29.131 29.88 31.211 29.64 30.833 29.364 30.777 33.34 33.57 33.11 32.988 33.733 34.756 34.799 34.269 33.543 33.106 33.66 34.29 35.035 34.758 34.11 31.3 29.147 29.12 29.126 29.389 29.146 29.05 29.471 36.009 36.139 36.121 36.163 36.158 36.171 36.223 36.247 36.307 36.321 36.321 36.345 36.359
30.471 29.307 29.197 29.301 29.302 29.253 29.08 29.009 28.875 34.324 31.024 28.964 32.849 32.226 35.003 34.881 30.714 29.713 29.051 29.101 29.317 29.291 31.651 31.484 29.475 29.266 28.977 28.991 29.038 29.097 29.838 29.601 29.56 29.059 29.068 29.1 29.44 29.373 29.257 30.013 29.122 30.159 30.728 30.527 32.939 33.223 33.791 34.536 34.987 34.613 33.961 31.277 29.17 29.14 29.136 29.514 29.136 29.109 29.487 35.824 35.955 35.963 35.968 36.033 36.024 36.04 36.109 36.1 36.083 36.118 36.145 36.166
29.913 29.291 29.228 29.273 29.323 29.25 29.103 29.088 28.991 28.914 28.801 28.818 28.748 28.724 30.108 30.533 29.352 28.872 28.892 28.929 28.974 29.174 29.782 32.775 31.434 29.173 29.066 28.987 29.031 30.931 33.343 30.035 29.15 29.116 29.066 29.061 29.06 29.01 29.025 29.092 29.058 29.058 29.044 29.425 31.289 29.389 29.973 30.079 29.026 30.432 30.517 30.362 29.114 29.138 29.132 29.498 29.132 29.124 34.372 35.718 35.719 35.768 35.789 35.841 35.819 35.843 35.879 35.948 35.943 35.956 35.948 35.959
29.735 29.302 29.271 29.34 29.271 29.243 29.155 29.017 28.988 28.942 28.873 28.857 28.834 28.808 28.814 28.861 28.842 28.846 28.799 28.849 28.858 28.839 28.921 29.877 28.958 28.927 28.907 28.944 28.98 29.116 32.885 29.407 29.24 29.233 29.993 29.331 29.133 29.298 29.103 29.097 29.126 29.131 29.1 30.213 31.566 32.144 31.054 29.078 29.075 29.086 29.073 29.1 29.138 29.061 29.119 29.31 29.121 29.151 32.681 35.463 35.551 35.579 35.681 35.588 35.595 35.684 35.695 35.719 35.734 35.782 35.738 35.817
29.355 29.274 29.284 29.353 29.311 29.266 29.126 29.012 28.97 28.937 28.91 28.854 28.84 28.833 28.852 28.881 28.88 28.872 28.882 28.873 28.868 28.855 28.918 28.913 28.863 28.89 28.886 28.88 28.904 28.904 28.927 28.921 28.966 29.015 28.988 29.077 29.071 29.439 29.185 29.224 29.209 29.239 29.399 29.249 29.21 29.131 29.162 29.134 29.216 29.209 29.101 29.169 29.14 29.133 29.208 29.329 29.158 29.151 29.22 29.562 30.938 31.05 34.554 32.512 35.296 35.541 35.986 35.537 35.585 35.608 35.548 35.559
29.773 29.29 29.305 29.374 29.289 29.276 29.115 29.038 29.014 28.908 28.837 28.727 28.764 28.752 28.845 28.889 28.839 28.885 28.913 28.907 28.92 28.919 28.907 28.926 28.936 28.933 28.961 28.962 28.955 28.966 28.907 28.916 28.935 28.937 28.931 28.958 28.984 28.999 29.018 28.995 29.121 29.116 29.262 29.632 30.402 29.494 29.363 29.289 29.281 29.854 29.325 29.832 29.284 30.196 29.429 29.372 29.23 29.259 29.332 29.309 29.234 29.193 29.172 29.281 29.223 29.23 29.401 31.166 31.113 36.003 35.288 35.562
29.384 29.306 29.339 29.382 29.324 29.221 29.204 29.12 29.071 29.048 28.956 28.87 28.907 28.894 28.852 28.862 28.83 28.839 28.847 28.868 28.91 28.881 28.898 28.909 28.921 28.896 28.965 28.95 28.954 28.914 28.972 28.965 28.977 28.953 29.015 29.007 29.002 28.97 28.991 29.01 28.996 29.046 29.343 29.83 31.503 30.402 31.157 31.395 31.045 29.562 29.172 29.214 29.22 29.326 29.251 29.3 29.259 29.361 29.448 29.466 29.47 29.478 29.463 29.524 29.412 29.423 29.545 29.462 33.411 31.81 32.053 29.307
29.4 29.297 29.4 29.402 29.301 29.323 29.277 29.213 29.808 30.645 29.839 29.537 29.396 29.256 29.099 29.094 28.985 28.978 28.962 28.928 28.94 28.886 28.96 28.899 28.896 28.885 28.87 28.915 28.922 28.931 28.901 29.023 29.302 30.637 29.078 29.02 29.048 29.038 29.082 29.05 29.103 29.076 29.08 29.143 29.102 29.111 29.116 29.712 29.912 29.071 29.094 29.126 29.147 29.192 29.137 29.218 29.164 29.284 29.318 29.404 29.293 29.418 29.443 29.443 29.448 29.616 29.607 31.059 34.879 34.664 33.274 29.859
29.39 29.338 29.423 29.397 29.385 29.363 29.394 29.739 30.687 31.037 30.107 29.97 29.985 29.932 29.77 29.827 30.02 29.72 29.942 30.591 30.559 30.833 30.585 29.561 29.047 29.014 28.984 28.988 28.976 28.97 29.012 29.025 31.002 30.214 30.944 30.869 31.536 31.083 30.075 30.799 31.115 31.047 29.816 29.225 29.199 29.236 29.129 29.173 29.151 29.176 29.19 29.16 29.167 29.161 29.22 29.214 29.17 29.203 29.269 29.275 29.27 29.291 29.281 29.333 29.366 29.442 29.461 29.532 30.29 31.943 29.729 29.679
29.519 29.463 29.5 29.427 29.469 29.498 30.491 30.97 31.326 31.032 30.506 30.391 30.344 30.304 30.308 30.205 30.146 30.105 30.023 29.973 29.856 29.821 29.639 29.62 29.475 29.39 29.204 29.045 29.328 29.291 29.397 30.181 29.316 29.121 29.124 29.524 29.392 31.089 29.238 29.769 29.806 29.691 29.309 31.485 31.5 30.927 30.013 30.926 30.974 29.677 30.139 29.242 29.231 29.204 29.253 29.176 29.205 29.233 29.299 29.285 29.254 29.285 29.303 29.295 29.302 29.309 29.343 29.426 29.43 29.477 29.545 29.588
30.491 29.504 29.489 29.494 29.46 29.783 30.144 30.494 31.069 32.729 30.979 30.78 30.801 30.606 30.592 30.565 30.493 30.448 30.396 30.282 30.24 30.111 29.973 29.828 29.678 30.699 29.327 29.206 29.213 29.15 30.212 29.337 29.608 29.274 29.439 29.57 31.005 32.271 32.667 33.424 34.086 31.043 29.209 29.14 29.544 29.399 29.447 29.837 29.93 29.867 31.179 31.639 31.003 29.226 29.148 29.117 29.183 29.256 29.271 29.272 29.336 29.32 29.342 29.315 29.333 29.375 29.398 29.416 29.419 29.407 29.466 29.537
29.631 29.566 29.607 29.525 29.558 29.925 30.286 30.614 30.917 36.632 37.056 36.296 34.599 31.582 30.966 31.888 30.833 30.691 30.512 30.574 30.489 30.345 30.235 30.119 30.012 30.222 29.86 29.392 30.655 29.388 29.374 29.35 29.318 29.28 29.278 30.393 33.073 35.013 34.706 32.927 33.275 32.87 29.507 29.482 29.466 29.525 29.325 29.376 29.444 29.332 29.277 29.283 29.785 29.259 29.165 29.184 29.131 29.15 29.218 29.251 29.264 29.324 29.274 29.331 29.36 29.362 29.407 29.386 29.487 29.486 29.554 29.552
29.72 29.64 29.622 29.566 29.691 32.472 33.136 30.834 31.431 36.976 37.03 36.996 36.992 35.926 36.664 35.188 31.085 30.784 30.664 30.618 30.613 30.496 30.413 30.346 30.092 29.969 29.704 29.599 29.528 29.489 29.418 29.432 29.397 29.331 29.308 31.69 34.242 35.264 34.852 31.383 31.474 30.946 30.288 30.566 30.368 30.381 32.507 30.709 30.278 30.149 29.835 29.805 30.324 29.678 29.416 29.301 29.175 29.181 29.289 29.277 29.325 29.306 29.364 29.357 29.276 29.334 29.365 29.336 29.387 29.437 29.506 29.525
29.732 29.718 29.652 29.672 29.726 31.989 34.229 31.779 35.271 37.064 37.037 36.998 36.961 36.942 36.931 36.8 31.74 30.826 30.755 30.67 30.632 30.523 30.399 30.249 30.119 29.961 29.882 29.767 29.7 29.59 29.542 29.522 29.478 29.45 29.403 31.555 34.916 34.039 33.827 32.353 30.833 30.975 31.038 31.596 32.017 34.086 34.396 31.283 31.764 31.719 33.031 32.057 30.458 34.64 30.136 29.543 29.438 29.345 29.361 29.402 29.428 29.415 29.441 29.364 29.465 29.446 29.467 29.39 29.422 29.427 29.484 29.528
29.769 29.858 29.761 29.714 30.065 30.42 31.498 30.913 36.857 37.023 36.994 36.958 36.907 36.927 36.898 36.911 32.641 30.814 30.762 30.733 30.606 30.501 30.498 30.353 30.239 30.12 30.041 29.843 29.767 29.683 29.638 29.619 29.596 29.574 29.534 30.006 30.061 33.026 34.12 33.334 33.115 32.945 33.764 35.488 31.891 37.514 37.104 33.657 36.66 38.536 38.021 38.588 38.008 38.484 32.199 30.304 29.581 29.534 29.524 29.57 29.57 29.542 29.572 29.557 29.591 29.606 29.615 29.567 29.606 29.551 29.567 29.637
