dsm/se3035_DSM_2M.asc
ncols 500
nrows 500
xllcorner    430000
yllcorner    435000
cellsize     2
NODATA_value -9999
[rows 384 to 415 of 500, columns 213 to 283 of 500]
44.052 45.227 48.409 47.447 46.517 44.247 45.052 43.834 42.822 38.937 38.102 38.057 37.869 41.374 43.219 40.942 41.647 41.792 38.812 38.584 38.482 43.104 55.812 55.759 55.837 55.729 55.662 38.734 39.269 38.794 38.889 39.057 39.204 39.262 39.249 39.224 39.204 39.164 39.172 39.172 39.147 39.114 39.047 38.987 38.922 38.864 38.887 39.219 40.637 44.224 44.089 44.154 44.247 44.064 40.267 39.394 39.347 39.304 39.264 39.247 39.239 39.244 40.262 39.567 40.202 39.692 39.752 40.657 40.714 40.197 40.824
47.222 48.287 48.854 47.879 46.959 45.712 44.862 44.352 43.329 42.329 38.494 38.062 38.019 38.029 40.784 40.614 39.412 38.432 38.584 38.529 39.384 38.854 49.429 55.662 55.739 55.759 55.717 52.122 38.712 38.844 38.839 38.982 39.112 39.179 39.187 39.162 39.127 39.102 39.099 39.087 39.077 39.042 38.974 38.912 38.842 38.779 38.847 39.407 41.172 44.172 44.084 44.047 44.009 43.997 44.144 44.227 42.747 39.294 39.242 39.609 39.682 39.319 40.177 39.507 40.044 40.777 40.192 39.809 40.379 40.974 40.194
46.714 47.742 48.819 48.407 47.419 46.512 44.192 45.097 43.842 42.827 39.397 38.037 38.069 38.032 39.094 38.522 38.334 38.247 38.834 38.639 39.302 38.424 39.817 55.677 55.732 55.789 55.757 55.692 38.717 38.627 38.757 38.894 39.017 39.109 39.139 39.107 39.064 39.029 39.009 39.022 39.017 38.977 38.917 38.837 38.772 38.707 38.767 39.127 42.784 44.154 44.089 44.047 43.999 43.964 44.094 44.147 42.922 39.269 39.194 40.232 39.314 39.139 39.154 39.169 39.227 39.634 40.472 39.792 39.854 40.214 41.024
46.267 47.234 48.312 48.894 47.899 46.942 45.869 44.777 44.369 43.324 42.332 38.122 38.529 37.987 38.002 38.172 39.479 38.202 38.254 39.149 38.349 38.427 41.912 53.547 55.702 55.764 56.624 39.064 38.717 38.687 38.672 38.819 38.929 39.032 39.084 39.054 39.004 38.972 38.939 38.947 38.947 38.907 38.857 38.779 38.719 38.654 38.659 38.777 42.334 44.157 44.089 44.042 44.082 44.239 43.902 43.014 42.994 39.607 39.139 39.242 39.102 39.079 39.102 39.124 39.162 39.224 39.477 39.704 39.617 40.189 40.902
42.562 46.799 47.784 48.872 48.394 47.414 46.502 44.182 45.042 43.874 42.842 40.337 43.144 38.589 37.964 38.032 38.372 38.147 38.199 38.242 38.259 47.032 51.154 50.562 55.204 49.309 48.542 38.732 38.649 38.667 38.689 38.767 38.877 38.977 39.024 39.017 38.952 38.912 38.872 38.874 38.877 38.934 38.802 38.732 38.652 38.597 38.542 38.697 40.502 44.184 44.104 44.219 43.794 43.134 43.182 43.307 43.009 40.639 39.167 39.127 39.087 39.054 39.062 39.097 39.122 39.184 39.264 39.407 40.029 39.957 40.014
41.567 46.374 47.297 48.307 48.864 47.919 46.954 45.619 44.764 44.364 43.329 42.314 43.019 43.124 38.332 37.954 38.037 38.094 38.129 38.157 42.699 50.964 51.822 51.644 50.867 48.649 42.419 39.102 38.782 38.792 38.689 38.799 38.909 38.977 38.967 38.962 38.912 38.864 38.819 38.787 38.787 38.867 38.822 38.689 38.607 38.552 38.484 38.602 38.657 44.244 44.184 43.257 43.207 43.164 43.119 42.909 42.502 39.224 39.187 39.149 39.114 39.059 39.049 39.157 39.097 39.144 39.232 39.327 39.422 39.972 40.032
41.809 43.137 46.857 47.812 48.837 48.397 47.439 46.507 44.387 45.047 43.837 42.829 41.127 43.122 39.152 37.957 37.969 38.032 38.089 38.084 50.724 51.567 52.449 52.154 51.327 49.067 40.689 40.317 40.194 39.249 38.627 38.717 38.834 39.007 39.022 38.927 38.874 38.809 38.777 38.724 38.714 38.744 38.814 38.649 38.574 38.507 38.449 38.457 38.559 39.234 43.334 43.284 43.234 43.199 42.602 42.549 40.579 39.269 39.234 39.204 39.149 39.117 39.084 39.102 39.189 39.124 39.897 39.262 40.089 39.692 39.592
42.024 41.554 46.429 47.374 48.347 48.854 47.904 46.977 45.627 44.802 44.377 43.339 42.352 43.077 38.027 37.957 37.969 37.999 38.034 47.902 51.309 52.207 52.452 51.597 50.772 38.532 40.142 39.667 39.987 39.992 39.099 38.652 38.749 38.897 38.999 38.977 38.844 38.774 38.722 38.677 38.652 38.634 38.777 38.634 38.544 38.482 38.429 38.347 38.457 38.517 41.437 43.327 43.264 43.217 43.232 42.572 40.472 39.317 39.272 39.287 39.254 39.149 39.119 40.302 39.522 39.097 39.817 39.217 39.679 39.609 39.892
42.287 41.807 44.084 46.919 47.874 48.822 48.359 47.449 46.549 44.189 45.057 42.394 38.072 37.982 38.384 37.957 37.972 37.997 41.537 51.089 51.947 52.594 51.844 51.014 41.087 38.589 39.072 39.467 40.007 40.549 39.594 38.587 38.652 38.792 38.889 38.944 38.807 38.724 38.684 38.619 38.587 38.577 38.694 38.674 38.509 38.444 38.377 38.322 38.334 38.404 38.504 43.347 43.299 43.244 43.194 42.954 40.134 39.369 39.314 39.277 39.272 39.682 39.194 39.389 40.262 39.177 39.094 39.177 39.249 40.222 40.087
42.467 42.044 41.559 46.507 47.414 48.367 48.822 47.912 46.979 46.089 41.564 41.487 39.277 38.339 37.942 37.952 37.962 39.922 50.877 51.699 52.559 52.077 51.247 45.627 38.464 39.509 39.714 39.104 40.514 41.132 39.752 38.834 38.579 38.677 38.769 38.872 38.784 38.702 38.629 38.574 38.534 38.509 38.582 38.637 38.464 38.417 38.342 38.279 38.209 38.267 38.347 39.994 43.317 43.269 43.219 43.202 42.814 41.552 39.332 39.287 39.267 39.319 39.172 39.244 39.397 40.057 39.032 39.117 39.214 39.294 40.007
42.242 42.279 41.799 44.947 46.997 47.887 48.812 48.354 47.429 46.529 39.829 40.792 37.947 38.399 37.942 37.934 38.049 50.687 51.454 52.287 52.327 51.459 49.259 38.354 39.207 39.802 39.057 38.474 40.467 40.512 39.247 39.257 38.532 38.594 38.682 38.797 38.749 38.664 38.589 38.534 38.489 38.462 38.457 38.577 38.484 38.387 38.324 38.257 38.182 38.219 38.252 38.392 43.349 43.289 43.239 43.192 43.124 41.129 39.334 39.299 39.247 39.204 39.189 39.162 39.187 39.767 39.144 39.102 39.174 39.254 40.164
41.994 42.444 42.029 42.109 46.527 47.407 48.322 48.847 47.882 46.987 45.087 39.202 37.952 37.917 37.899 37.907 44.452 51.237 52.089 52.582 51.732 50.922 39.414 38.699 40.224 39.414 37.492 37.644 39.947 40.854 40.174 39.399 38.699 38.534 38.619 38.717 38.724 38.627 38.557 38.497 38.447 38.412 38.384 38.522 38.512 39.797 38.297 38.239 38.177 38.099 38.239 38.284 39.397 43.317 43.269 43.224 42.522 42.814 39.312 39.282 39.247 39.209 39.207 40.392 39.217 39.102 39.099 39.617 39.224 39.212 39.307
41.754 42.239 42.287 41.822 44.272 46.947 47.834 48.789 48.332 47.412 48.144 40.492 38.389 37.869 37.859 37.872 41.664 48.092 51.612 52.019 51.169 41.024 38.232 40.132 40.229 40.244 37.462 37.454 38.604 40.734 40.724 40.172 38.794 38.472 38.539 38.594 38.667 38.592 38.529 38.464 38.394 38.354 38.344 38.407 38.467 38.579 39.047 38.202 38.139 38.069 38.167 38.242 38.317 42.534 43.307 39.749 39.369 40.279 40.437 39.254 39.234 39.207 40.022 39.644 40.444 39.132 39.307 39.084 39.102 39.169 39.267
41.594 42.049 42.497 42.054 41.597 46.492 47.369 48.292 48.832 48.764 48.754 47.364 37.849 37.804 37.814 38.084 40.989 41.604 47.932 51.272 46.144 38.167 39.702 40.234 40.237 40.337 38.752 37.454 37.549 39.677 40.554 40.584 40.114 38.729 38.469 38.539 38.619 38.527 38.484 38.422 38.354 38.322 38.287 38.267 38.419 38.372 38.227 38.184 38.112 38.044 38.002 38.219 38.262 39.467 40.042 40.857 39.357 40.494 42.167 39.302 39.229 39.224 39.204 40.127 39.252 39.369 39.124 39.422 39.094 39.137 39.227
41.854 41.777 42.252 42.299 41.807 45.054 46.894 47.799 48.747 48.429 47.477 46.577 37.819 37.764 37.779 40.472 41.052 40.909 41.347 42.882 38.254 38.704 40.254 40.239 40.327 40.274 38.252 37.344 37.404 38.894 40.269 41.419 40.364 39.259 38.419 38.487 39.309 38.472 38.452 38.394 38.329 38.282 38.244 38.222 38.344 38.364 38.207 38.157 38.099 38.032 37.962 38.142 38.214 39.027 39.702 40.622 39.377 39.372 40.049 41.212 39.242 39.217 39.207 39.347 39.612 40.022 39.952 39.512 39.092 39.102 39.179
42.284 41.572 42.004 42.464 42.032 41.812 46.474 47.342 48.277 48.847 47.972 43.182 37.724 37.712 38.029 40.982 41.137 41.274 41.417 38.987 38.624 42.342 41.884 40.252 40.262 40.154 37.289 38.212 37.522 37.747 40.074 40.607 40.802 39.019 38.407 38.432 41.012 38.397 38.409 38.362 38.292 38.249 38.199 38.179 38.204 38.309 38.247 38.129 38.072 38.014 37.959 37.932 38.199 38.269 39.487 39.417 39.409 39.424 39.462 42.049 39.254 39.224 39.214 39.192 40.204 39.464 39.142 39.124 39.099 39.047 39.114
42.719 41.849 41.792 42.249 42.274 41.779 45.257 46.884 47.817 45.392 40.809 37.974 37.709 37.684 40.679 41.039 41.182 41.339 41.489 38.042 41.769 42.664 43.029 42.507 40.709 37.622 37.242 38.544 37.257 37.417 39.612 40.804 40.802 39.217 38.492 38.359 38.877 38.367 38.339 38.322 38.264 38.207 38.169 38.137 38.122 38.249 38.254 38.109 38.059 38.002 37.939 37.887 38.094 38.209 38.839 39.427 40.044 39.372 39.497 40.804 41.847 39.232 39.222 39.199 39.187 39.169 39.142 39.124 39.082 39.302 39.069
43.162 42.269 41.579 42.029 42.444 42.012 41.534 45.084 40.907 40.707 39.577 37.672 37.637 37.704 40.969 41.107 41.229 41.407 39.464 38.647 42.474 42.992 42.699 42.174 40.094 37.234 37.194 37.239 37.382 38.419 37.372 37.609 37.797 38.752 38.337 38.372 38.364 38.369 38.274 38.284 38.244 38.184 38.149 38.094 38.079 38.157 38.209 38.119 38.044 37.994 37.934 37.864 37.874 38.127 38.209 39.469 39.399 40.182 39.339 40.097 41.967 39.664 39.227 39.224 39.199 39.504 40.017 39.117 39.784 39.797 39.029
43.604 42.704 41.852 41.769 42.234 41.967 41.092 40.372 39.314 37.799 37.687 37.652 37.639 40.309 41.037 41.184 41.334 41.487 37.479 42.257 42.839 42.922 42.369 41.864 37.229 37.209 37.209 37.232 38.517 37.897 38.169 38.249 37.939 37.877 38.274 38.447 38.277 38.329 38.209 38.234 38.199 38.157 38.112 38.064 38.049 38.027 38.147 38.174 38.032 37.989 37.934 37.869 37.812 38.027 38.137 38.834 40.124 39.594 39.489 39.382 39.539 42.082 39.242 39.234 39.202 39.184 39.892 39.742 39.117 39.924 39.097
44.052 43.162 42.262 41.157 40.617 38.922 40.289 41.762 38.217 37.752 37.667 37.587 37.594 40.952 41.107 41.254 41.409 39.099 37.359 37.337 40.872 42.584 42.059 38.432 37.222 37.217 37.219 38.239 37.264 37.429 37.634 38.209 37.689 37.697 37.944 38.254 38.322 38.252 38.227 38.172 38.179 38.129 38.092 38.052 38.007 37.989 38.084 38.127 38.022 37.987 37.929 37.884 37.804 37.862 38.097 38.154 39.724 40.049 39.374 39.339 40.499 41.279 39.887 39.229 39.214 39.189 39.262 40.499 39.277 39.107 39.087
44.507 43.617 42.707 39.479 37.654 37.702 37.764 40.242 37.767 37.744 37.642 38.569 40.234 41.022 41.174 41.314 41.487 37.684 37.322 37.317 37.284 37.272 41.052 37.227 37.229 37.219 38.379 37.554 38.239 38.374 38.049 37.317 37.329 37.552 38.139 38.212 38.412 38.174 38.209 38.109 38.137 38.099 38.067 38.027 37.984 37.949 37.957 38.072 38.074 37.962 37.934 37.882 37.829 37.774 38.007 38.102 39.207 40.097 40.299 39.449 39.444 40.697 42.159 39.229 39.219 39.207 39.192 39.489 40.657 39.109 39.794
44.707 41.942 38.714 37.699 37.659 37.807 37.702 37.719 37.684 37.664 37.527 37.559 40.907 41.069 41.262 41.404 39.254 37.322 37.312 37.312 37.769 38.422 37.292 37.222 37.224 37.237 37.247 37.749 37.269 37.277 37.304 37.312 37.334 37.459 38.197 38.852 38.147 38.139 38.157 38.087 38.077 38.082 38.037 37.989 37.962 37.919 37.879 37.999 38.074 37.952 37.932 37.884 37.824 37.777 37.844 38.067 38.099 39.469 40.759 40.714 39.337 39.297 41.927 40.907 39.222 39.219 39.184 39.397 39.677 40.017 39.099
37.894 38.514 37.787 37.684 37.657 37.657 37.682 37.852 37.992 38.029 37.522 39.487 40.977 40.747 41.284 41.452 37.549 37.677 37.309 38.134 37.399 39.599 37.207 37.217 37.237 37.252 37.254 37.289 37.294 37.312 37.304 37.747 42.997 38.812 37.499 37.734 38.124 38.517 38.067 38.109 38.037 38.052 38.017 37.972 37.927 37.889 37.862 37.894 38.027 38.002 37.924 37.884 37.832 37.784 37.717 37.989 38.072 39.039 39.532 40.677 39.859 39.422 39.274 42.147 39.224 39.212 39.197 39.389 39.569 39.972 39.102
37.842 37.834 37.787 37.659 37.667 37.689 38.619 37.887 38.087 37.829 37.957 40.879 41.017 41.204 41.204 40.404 37.299 38.667 37.317 37.307 39.602 37.327 37.214 37.237 37.249 37.269 37.289 37.307 37.314 38.892 42.737 42.759 42.892 42.904 39.447 39.647 38.284 39.202 38.599 38.039 38.009 38.014 38.004 37.944 37.912 37.874 37.837 37.804 37.937 38.069 37.914 37.884 37.837 37.787 37.734 37.844 38.047 38.082 39.544 39.454 40.482 39.324 40.562 40.434 41.174 39.207 39.202 39.174 40.309 39.602 39.704
37.727 37.744 37.679 37.624 37.882 38.234 37.687 37.889 38.362 37.702 39.077 40.952 41.107 41.279 41.442 38.292 37.934 37.827 37.242 37.249 37.199 37.229 37.224 38.187 39.477 37.394 37.302 37.649 42.849 43.087 42.764 42.672 42.824 42.989 39.314 40.057 39.157 39.337 38.252 37.932 38.019 37.959 37.984 37.924 37.879 37.849 37.822 37.782 37.897 38.027 37.939 38.397 37.844 37.807 37.747 37.689 37.972 38.032 39.337 40.189 39.422 39.632 39.304 40.509 42.162 39.272 39.194 39.179 39.162 40.047 39.467
40.409 37.587 37.517 37.539 38.057 37.347 38.057 37.442 37.772 40.472 40.887 40.182 41.182 41.352 40.909 37.382 37.289 37.257 37.214 37.224 37.237 37.249 38.287 38.599 37.857 39.524 43.822 44.024 43.627 43.284 42.924 42.582 42.762 42.924 43.102 39.874 39.757 38.052 39.164 38.092 37.897 37.892 37.929 37.904 37.859 37.829 37.789 37.762 37.772 38.004 38.039 38.072 37.899 37.814 37.762 37.712 37.799 37.982 38.014 39.512 40.327 39.437 39.377 39.404 40.827 41.364 39.199 39.159 39.147 39.134 39.964
42.007 39.909 37.424 37.657 37.439 37.949 37.689 37.799 38.274 39.227 40.937 41.104 41.092 41.424 39.287 37.304 37.254 37.229 37.227 37.234 37.247 37.267 37.332 40.269 42.927 43.239 43.612 43.972 43.814 43.437 43.099 42.754 42.702 42.807 43.009 38.642 39.812 38.947 38.209 38.022 37.814 37.829 37.927 37.892 37.839 37.799 37.784 37.757 37.722 37.969 38.032 37.967 37.862 37.822 37.767 37.722 37.677 37.922 37.994 39.224 39.917 40.149 39.562 39.307 39.339 41.632 39.199 39.127 39.102 39.074 39.117
42.632 42.774 37.557 37.812 37.292 37.699 38.287 38.039 38.874 40.482 41.017 41.174 41.332 41.494 37.307 37.284 37.247 37.247 37.249 37.272 37.277 39.214 43.197 42.847 42.739 43.082 43.407 43.794 43.992 43.632 43.274 42.914 42.567 42.767 42.912 42.977 39.632 39.377 38.189 38.017 37.767 37.749 37.952 37.862 37.837 37.799 37.779 37.747 37.712 37.934 38.027 38.022 37.869 37.829 37.784 37.727 37.679 37.797 37.957 38.012 39.467 40.382 40.237 39.269 40.117 39.249 39.692 39.059 39.042 39.009 39.734
42.632 42.464 39.997 38.222 37.232 37.154 37.502 37.127 37.684 40.939 38.414 41.034 41.417 38.657 37.292 37.272 37.254 37.272 37.432 40.589 44.049 43.712 43.357 42.989 42.632 42.914 43.267 43.619 43.979 43.799 43.432 43.087 42.754 42.709 42.854 43.009 42.557 38.034 38.159 38.177 37.929 37.687 37.727 37.934 37.819 37.782 37.754 37.737 37.704 37.854 38.009 38.059 37.877 37.837 37.794 37.742 37.702 37.642 37.884 37.952 38.972 39.717 40.579 39.392 39.162 39.867 39.267 39.332 38.957 38.934 38.914
42.042 41.467 40.577 37.494 37.199 37.052 37.819 37.994 39.579 41.012 41.159 41.062 41.487 37.312 37.269 37.277 37.337 40.917 43.162 43.482 43.864 43.884 43.499 43.139 42.824 42.744 43.097 43.392 43.792 43.962 43.614 43.262 42.914 42.549 42.774 42.929 43.132 40.954 37.984 38.057 38.199 37.627 37.664 37.827 37.839 37.759 37.739 37.717 37.709 37.754 38.007 38.042 37.999 37.859 37.809 37.769 37.717 37.654 37.742 37.922 37.959 39.309 39.802 40.292 39.117 39.467 39.174 39.522 38.887 38.862 38.837
40.552 38.207 37.439 37.549 37.024 37.032 37.362 37.799 40.934 41.084 41.229 41.397 38.964 37.267 37.262 37.284 37.349 42.852 42.974 43.342 43.679 44.029 43.699 43.352 42.969 42.649 42.912 43.269 43.622 43.979 43.779 43.432 43.074 42.732 42.682 42.847 42.999 42.604 37.619 38.552 38.132 37.739 37.607 37.642 37.897 37.767 37.732 37.714 37.689 37.689 37.954 38.029 38.047 37.854 37.822 37.782 37.729 37.674 37.622 37.882 37.934 38.179 39.567 39.802 40.014 39.002 40.204 38.964 39.159 38.792 38.769
37.107 37.147 37.454 37.049 36.967 36.974 37.769 39.927 40.989 41.132 40.517 41.462 37.269 37.234 37.262 37.287 37.337 40.577 42.822 43.142 43.529 43.867 43.879 43.474 43.162 42.814 42.759 43.099 43.469 43.812 43.949 43.597 43.247 42.894 42.534 42.774 42.939 43.129 40.604 38.864 38.057 37.599 37.552 37.582 37.859 37.754 37.722 37.712 37.684 37.664 37.884 37.987 38.017 37.939 37.822 37.804 37.737 37.692 37.644 37.732 37.922 37.942 39.312 39.489 40.187 38.967 39.277 40.284 39.252 38.734 38.722
