dsm/se3037_DSM_2M.asc
ncols 500
nrows 500
xllcorner    430000
yllcorner    437000
cellsize     2
NODATA_value -9999
[rows 90 to 119 of 500, columns 68 to 135 of 500]
122.606 122.65 122.749 122.975 123.09 122.853 122.898 123.567 122.955 122.822 122.726 123.631 126.818 124.027 122.594 122.47 122.475 122.514 122.544 122.595 122.522 122.559 128.153 144.562 130.082 122.744 122.627 122.842 122.837 122.617 122.604 122.57 122.566 122.551 122.498 122.364 122.401 123.712 124.247 122.274 123.128 122.454 122.377 122.969 123.267 122.315 121.969 126.416 128.834 130.148 129.402 127.886 123.685 122.962 121.839 124.743 122.53 121.692 121.589 121.897 122.99 120.917 120.875 120.925 121.602 121.245 120.667 120.552
122.608 122.583 122.652 122.739 122.779 122.802 123.337 123.25 123.11 125.492 127.889 129.149 129.61 126.879 122.666 122.503 122.505 122.519 122.555 122.564 122.545 122.521 140.088 145.208 131.586 123.857 122.674 122.655 122.602 122.604 122.588 122.597 122.557 122.495 122.456 122.379 122.351 123.072 127.196 126.464 123.47 122.358 122.241 122.227 122.241 123.118 122.188 122.446 127.876 129.366 129.452 128.367 126.993 122.425 122.872 121.698 123.055 122.006 121.546 121.502 122.355 121.62 120.91 121.162 121.05 120.772 120.61 120.527
122.456 122.546 122.603 122.727 123.826 122.836 123.12 123.667 128.706 129.489 129.88 130.725 130.786 129.067 124.394 122.539 122.504 123.941 129.451 124.676 122.611 122.987 135.673 143.002 126.834 123.061 122.614 122.576 122.601 122.593 122.582 122.568 122.52 122.509 122.497 122.395 122.371 126.225 128.64 127.613 123.429 122.327 122.3 122.647 122.2 122.491 123.575 121.812 125.079 128.581 128.899 126.827 123.797 121.856 121.815 122.98 121.608 122.066 121.68 121.465 122.31 121.9 120.932 120.842 120.8 121.032 120.552 120.507
122.454 122.524 123.138 126.835 125.812 122.747 122.832 124.35 128.872 130.39 131.429 131.35 130.822 129.867 127.918 122.617 122.559 130.429 130.261 129.277 124.808 124.876 125.527 125.429 122.821 122.737 122.647 122.556 122.597 122.596 122.531 122.55 122.561 122.508 122.518 122.45 122.401 124.671 125.12 123.891 122.572 122.814 128.093 128.776 126.529 122.258 123.038 122.451 121.917 126.735 127.125 122.2 122.037 121.822 121.883 121.733 123.275 121.57 121.932 121.784 121.211 121.105 120.902 120.832 122.262 121.755 120.62 120.542
122.851 123.228 130.36 129.395 126.061 122.911 122.722 123.789 129.187 130.243 130.518 130.016 129.373 128.339 123.739 122.825 123.658 129.286 130.765 125.408 123.157 122.871 124.152 125.332 122.987 122.745 122.666 122.586 122.572 122.569 122.554 122.539 122.539 122.555 122.515 122.466 122.447 122.37 122.289 122.334 124.649 125.209 128.556 129.856 129.26 123.29 122.448 122.521 122.074 121.753 122.282 121.915 121.852 121.816 121.806 121.772 121.742 121.903 121.368 121.256 121.139 121.04 122.057 121.417 120.807 120.722 120.632 120.65
131.934 132.058 134.657 134.586 132.243 123.291 122.797 123.871 129.467 129.547 128.498 124.089 123.653 124.319 124.509 125.284 125.804 125.795 126.217 123.495 122.68 122.651 124.05 125.143 123.066 123.038 122.684 122.631 122.601 122.574 122.569 122.578 122.562 122.603 122.547 122.521 122.816 122.334 122.216 124.23 124.781 126.879 128.848 130.693 130.817 129.509 124.793 123.745 123.479 122.061 121.87 121.876 121.874 121.812 122.1 122.313 121.669 121.393 121.274 121.142 121.075 121.045 120.987 120.897 120.815 120.75 120.767 120.895
132.955 134.233 135.755 135.787 134.313 126.099 123.063 122.663 127.976 126.091 123.482 122.617 122.739 123.748 125.207 125.191 123.696 123.41 122.835 122.638 122.686 122.65 123.166 125.517 123.27 122.924 122.709 122.702 122.562 122.592 122.59 122.602 122.601 122.571 122.532 122.522 123.21 122.386 122.392 124.376 126.803 128.96 129.961 131.75 131.855 130.397 128.806 124 122.975 123.463 122.03 121.955 122.128 122.215 121.95 121.761 121.476 121.39 121.248 121.212 121.169 121.088 121.005 120.937 120.922 120.92 122.925 125.135
134.715 135.006 132.191 135.947 134.192 131.44 123.811 124.103 125.322 123.568 122.973 123.482 125.949 128.562 125.897 124.577 122.808 122.663 122.701 122.651 122.673 122.871 125.037 128.09 125.444 122.798 122.726 122.674 122.619 122.634 122.633 122.613 122.558 122.581 122.514 122.75 122.756 123.058 122.576 122.521 126.746 129.32 130.778 131.671 130.81 129.354 125.587 122.451 122.025 122.327 123.217 121.936 122.442 121.987 121.729 121.567 121.411 121.379 121.332 121.261 121.296 121.192 121.136 121.137 121.05 121.02 121.477 121.357
132.697 134.178 134.923 136.004 129.359 125.305 122.628 122.582 123.42 123.044 126.74 128.885 129.013 129.91 129.024 125.917 123.668 122.697 122.704 122.691 122.709 123.687 129.823 130.04 128.764 127.229 122.822 122.706 123.114 124.309 122.683 122.633 122.554 122.487 122.514 123.411 122.945 122.941 122.579 122.337 122.721 128.263 129.356 130.534 129.498 126.971 122.04 122.269 122.309 121.924 122.499 122.25 121.796 121.711 121.622 121.57 121.508 121.423 121.343 121.306 121.327 121.302 121.29 121.276 121.19 121.062 122.867 123.632
124.919 132.872 133.645 130.244 126.106 122.893 122.521 122.562 122.649 123.035 128.338 129.629 130.81 130.975 130.664 127.123 125.289 122.754 122.739 122.882 124.451 127.048 129.326 129.982 129.204 127.315 124.24 122.691 122.732 122.838 122.792 122.742 122.832 122.768 122.472 122.993 123.014 123.135 122.948 123.339 122.34 122.841 127.743 129.232 127.897 122.155 123.081 122.453 121.951 121.883 121.879 121.832 121.763 121.721 121.682 121.614 121.521 121.462 121.46 121.476 121.498 121.808 121.504 121.304 121.215 121.082 121.042 121.465
122.859 125.706 125.516 123.836 122.395 122.501 122.673 122.647 122.99 123.415 128.259 129.635 130.689 130.599 129.812 128.381 125.3 124.42 124.013 124.293 122.939 122.96 128.261 128.662 130.014 127.792 123.206 122.962 128.166 131.89 133.329 126.138 128.181 131.89 130.33 135.887 130.642 128.464 124.497 123.339 122.53 122.528 122.494 124.315 122.758 122.025 122.081 122.077 121.992 122.029 122.94 122.126 121.763 121.706 121.698 121.631 121.62 121.627 122.866 127.318 130.07 122.041 121.416 121.356 121.277 121.15 121.077 121.857
122.285 122.299 122.338 122.441 122.493 122.523 122.981 122.619 122.655 122.907 126.819 129.838 129.658 128.964 124.919 124.57 122.764 123.117 123.061 122.681 122.672 122.674 123.258 126.146 130.191 128.075 131.101 131.255 135.833 135.353 137.805 136.524 136.317 137.389 136.971 138.598 136.499 134.342 131.426 123.203 122.703 123.322 123.723 125.305 125.206 122.362 122.109 122.07 122.044 122.075 123.981 122.349 121.741 121.772 121.72 121.704 121.703 121.775 124.529 128.228 127.506 121.787 121.527 121.385 121.301 121.267 121.112 121.44
122.237 122.274 122.258 122.473 122.484 122.431 122.664 122.754 122.666 122.626 122.945 127.932 125.89 125.08 123.259 123.068 122.76 122.62 122.694 122.688 122.691 122.597 122.648 129.191 133.375 133.21 135.384 136.85 137.867 137.265 139.13 139.212 136.697 137.803 138.492 139.51 139.182 135.905 128.183 123.632 122.754 123.093 126.472 127.147 127.151 125.194 122.262 122.104 122.125 122.7 123.4 123.069 121.808 121.733 121.747 121.728 121.836 122.984 122.167 122.682 121.582 121.546 121.491 121.386 121.292 121.224 121.164 123.087
122.198 122.265 122.255 122.31 122.465 122.382 123.677 124.786 122.713 122.676 122.696 123.31 126.767 125.888 124.309 126.488 126.393 122.972 122.704 122.709 122.733 123.062 129.792 133.009 134.302 136.391 136.218 138.136 139.154 139.158 139.53 139.69 137.464 138.075 138.428 140.095 140.348 135.431 129.289 124.793 124.044 123.814 125.846 127.424 130.589 127.352 123.949 123.576 123.444 123.91 124.722 123.385 121.873 121.722 121.731 121.736 121.861 123.249 122.292 121.602 121.547 121.502 121.75 124.46 126.652 127.369 121.364 121.182
122.211 122.203 122.209 122.314 122.431 122.417 122.428 124.411 124.09 123.474 123.015 122.718 126.999 127.668 128.805 129.718 127.498 123.238 122.7 122.747 122.765 123.532 130.641 135.418 132.855 131.994 136.631 138.427 139.018 139.388 139.463 135.771 136.303 136.974 137.719 137.442 137.364 134.619 127.456 123.466 124.408 125.616 126.086 126.377 128.282 124.892 122.642 122.251 122.193 122.133 122.594 122.324 121.809 121.715 121.741 121.661 121.8 122.832 122.22 121.552 121.502 124.318 126.895 127.23 127.896 127.692 121.566 123.008
122.11 122.136 122.165 122.253 122.357 122.544 122.367 123.147 123.093 122.546 122.544 122.613 125.914 129.518 130.347 130.519 129.503 126.72 122.716 122.715 122.752 122.598 130.567 130.594 134.078 135.987 130.734 137.333 138.46 137.973 138.208 137.058 133.44 133.864 135.482 134.784 134.162 132.789 128.111 127.011 127.599 128.021 128.134 124.953 122.323 122.395 122.351 122.28 122.153 122.055 122.23 122.057 121.807 121.742 121.725 121.677 121.814 123.231 123.024 121.565 121.447 127.782 128.245 128.494 128.558 128.707 122.901 121.356
122.272 122.131 122.129 122.185 122.26 123.985 122.488 122.439 122.844 122.47 122.635 123.447 127.628 129.138 130.526 131.552 129.971 127.597 123.368 122.71 122.74 122.767 125.851 130.714 133.573 132.782 130.952 130.948 133.799 136.724 135.595 129.334 123.823 123.186 126.164 125.597 130.191 130.228 129.863 129.627 129.317 129.67 129.684 128.315 122.423 122.422 122.32 122.189 122.093 122.053 122.143 122.405 121.858 121.714 121.681 121.689 121.784 121.973 121.832 121.821 121.646 127.575 128.979 128.938 128.817 128.605 124.126 121.316
122.296 122.124 122.121 122.142 122.167 122.298 122.27 125.892 123.611 122.532 122.513 122.559 123.702 128.54 130.203 130.883 130.634 129.442 124.647 122.681 122.69 124.071 124.424 124.231 124.641 124.888 124.756 122.837 122.629 124.545 125.955 122.789 122.573 122.554 122.509 122.598 128.989 128.835 128.761 128.825 128.638 128.503 128.17 127.197 122.726 122.426 122.314 122.203 122.151 122.073 125.481 125.419 121.866 121.665 121.684 121.652 121.754 121.851 121.802 121.59 121.623 126.191 127.844 127.798 127.566 127.455 124.113 121.417
122.287 122.107 122.004 122.075 122.547 124.4 129.223 131.34 128.638 125.024 122.58 122.592 122.574 127.527 129.342 129.761 128.866 128.2 123.515 125.279 124.941 124.84 124.211 123.025 124.854 125.437 126.561 122.834 123.032 122.822 122.654 122.63 122.605 122.581 122.533 123.073 127.183 127.182 127.042 126.752 126.402 126.39 124.354 125.572 123.195 122.836 122.508 122.334 122.189 122.737 126.364 126.467 122.574 121.676 121.67 121.65 121.751 122.701 124.151 121.745 121.595 124.792 124.919 123.973 122.489 122.084 121.776 121.647
122.285 122.133 122.031 122.065 122.105 127.67 131.178 134.224 134.662 130.094 123.965 122.569 122.561 125.947 128.724 124.913 123.628 125.404 128.324 127.209 123.535 123.013 122.933 123.008 125.427 127.826 126.999 128.779 130.664 129.858 124.248 122.656 122.635 122.609 122.558 123.013 126.212 126.825 125.967 122.547 122.432 122.434 122.396 122.662 125.105 125.172 124.956 122.492 122.306 122.1 123.247 121.905 121.752 121.684 121.653 121.642 121.695 123.166 127.8 123.499 121.628 121.685 121.613 121.667 124.983 125.633 124.975 121.739
122.191 122.21 121.984 122.003 122.078 127.113 131.691 134.008 134.857 132.638 122.809 122.559 122.588 122.752 125.429 123.437 124.595 126.519 126.502 124.027 123.599 122.874 122.939 122.901 124.176 127.944 130.448 132.997 134.23 133.509 127.087 122.638 125.091 123.997 122.644 122.89 123.766 124.277 125.061 122.54 122.872 122.812 123.368 123.959 124.912 124.533 124.447 122.878 122.944 122.962 124.89 123.6 121.842 121.71 121.652 121.627 121.653 122.806 124.183 122.221 121.866 122.233 125.721 128.509 130.103 129.212 126.768 121.722
122.115 122.202 122.029 122.012 122.177 128.656 130.908 132.791 132.197 130.331 124.631 122.725 123.94 124.379 124.861 128.783 128.92 129.698 128.815 125.643 124.645 122.924 122.964 123.034 124.242 127.577 132.751 130.726 134.509 134.681 132.25 125.199 125.719 124.875 124.832 125.21 125.056 123.129 122.795 122.823 122.712 123.394 122.685 123.056 126.874 126.621 128.383 127.164 123.594 122.505 126.066 125.547 121.93 121.719 121.637 121.566 121.709 121.837 123.418 122.152 122.079 121.624 125.908 128.355 130.041 129.41 127.754 121.974
121.984 122.154 122.07 121.975 121.997 123.206 128.271 130.724 130.743 127.81 125.608 124.999 123.361 123.12 127.748 129.242 130.08 130.765 129.552 124.302 123.151 123.194 123.312 126.428 127.046 129.101 130.608 134.056 134.774 134.507 132.71 126.934 123.783 123.962 123.88 125.444 125.37 123.328 122.717 122.728 122.837 122.806 124.316 128.701 129.392 129.438 129.402 129.114 124.053 122.564 122.733 122.901 122.149 121.755 121.619 121.63 121.709 121.831 123.113 122.346 121.624 121.665 126.303 128.281 129.819 129.551 127.988 122.138
121.901 122.156 122.093 121.974 121.995 121.958 122.09 122.11 122.446 124.728 126.801 124.254 122.965 122.686 126.811 129.177 130.523 130.19 129.798 129.139 125.538 124.376 125.85 130.091 131.679 131.402 128.341 132.295 133.34 133.12 132.685 124.28 122.781 124.466 123.209 122.916 124.567 122.881 122.741 122.785 123.039 122.682 126.518 128.878 129.749 130.572 129.934 128.56 123.115 122.386 122.477 124.701 125.841 121.816 121.614 121.611 121.616 121.717 123.171 121.931 121.681 121.721 126.126 128.035 129.604 129.813 128.159 122.219
121.865 122.059 122.103 121.887 121.87 122.014 122.02 122.257 127.136 123.476 126.976 126.995 122.986 122.77 124.036 128.726 129.556 128.951 129.515 128.698 126.229 123.604 125.434 129.913 130.946 130.567 124.81 125.061 129.261 127.137 123.419 122.803 122.755 123.519 123.234 122.754 122.745 122.805 122.764 122.863 123.183 122.625 128.457 129.006 129.912 130.949 129.941 128.54 123.372 122.388 123.277 126.115 125.673 122.183 121.624 121.581 121.539 121.666 121.687 121.768 122.564 121.821 123.12 123.449 123.841 123.844 122.53 121.807
121.858 122.016 122.099 121.899 121.864 121.918 123.091 125.644 130.085 131.515 127.75 128.002 123.823 122.737 123.111 124.861 124.204 123.896 124.008 123.533 123.451 124.639 126.174 125.369 129.905 128.201 124.308 122.889 122.846 122.801 122.83 122.759 122.824 124.746 122.983 122.736 122.761 122.95 122.771 122.956 123.148 123.083 127.416 127.375 125.83 126.397 129.269 124.894 122.915 122.171 122.105 122.939 121.766 121.662 121.591 121.564 121.533 121.631 122.634 122.249 121.698 121.975 121.644 121.595 121.798 122.021 121.705 121.471
121.821 121.819 121.976 121.803 121.811 122.194 129.677 133.231 131.558 131.113 131.284 129.807 128.624 123.167 122.569 122.483 122.506 122.663 123.83 124.625 125.957 126.51 126.202 125.576 124.612 122.984 122.921 122.833 122.799 122.804 122.784 122.793 123.045 124.309 123.267 122.852 123.136 124.767 124.924 125.234 125.634 125.178 122.463 122.388 122.42 122.472 122.505 122.588 122.348 122.588 122.194 122.572 122.55 121.66 121.58 121.571 121.501 121.628 121.734 121.757 121.699 121.647 121.791 122.409 123.485 126.141 127.17 125.409
121.791 121.75 121.778 121.793 121.762 125.947 131.753 131.154 134.217 133.257 132.63 130.113 129.974 124.871 122.406 122.385 122.565 124.889 123.064 123.875 125.759 125.8 125.32 125.023 123.266 122.875 122.864 122.815 122.768 122.775 122.732 122.72 123.049 124.708 123.329 123.027 123.611 124.875 124.693 124.587 123.51 123.533 122.841 122.421 122.433 122.468 122.753 122.636 122.414 122.233 122.166 121.916 122.222 121.729 121.566 121.574 121.542 121.548 121.725 122.152 121.711 121.657 125.007 128.203 128.362 128.644 128.436 125.829
121.752 121.756 121.747 121.744 121.743 128.951 126.313 131.643 132.379 125.202 125.264 129.774 128.824 123.085 122.525 123.975 123.285 123.153 122.6 123.222 124.64 122.922 122.66 122.799 122.645 122.809 122.765 122.732 122.714 122.738 122.761 122.742 122.729 124.667 123.575 123.329 123.671 123.485 123.925 125.264 125.41 125.114 122.721 122.602 122.525 122.73 122.489 125.546 122.547 122.191 122.158 123.052 122.447 121.744 121.577 121.565 121.485 121.584 122.104 122.615 122.038 121.956 127.301 128.36 129.256 129.515 128.797 126.152
121.707 121.72 121.694 121.695 121.649 121.975 122.277 128.818 125.706 125.504 124.399 125.707 123.286 123.709 123.045 123.999 123.136 124.424 125.244 124.183 124.802 123.905 122.552 122.53 122.678 122.723 122.734 122.719 122.707 122.707 122.743 122.752 122.713 123.202 123.406 122.827 122.833 122.805 122.888 124.278 123.215 123.731 127.718 128.455 128.531 128.644 128.434 128.54 125.882 122.641 122.354 124.128 124.161 121.714 121.619 121.553 121.505 121.573 122.114 123.65 122.307 121.998 126.111 128.403 128.444 128.229 128.096 127.076
