dsm/se3033_DSM_2M.asc
ncols 500
nrows 500
xllcorner    430000
yllcorner    433000
cellsize     2
NODATA_value -9999
[rows 288 to 319 of 500, columns 71 to 141 of 500]
35.016 33.913 38.652 40.197 40.228 40.076 40.103 39.301 40.135 44.082 44.086 44.512 44.314 43.559 44.095 43.782 44.495 42.755 43.956 44.546 43.355 33.197 31.995 35.457 35.751 38.819 40.06 41.484 41.642 42.538 43.916 45.314 45.143 45.344 44.676 44.699 44.382 46.211 47.794 48.011 37.042 34.331 34.388 34.438 34.498 34.583 34.64 34.67 34.689 34.778 34.714 45.745 52.472 54.048 53.856 43.845 38.465 38.632 35.209 35.326 34.578 37.252 36.689 36.897 37.322 36.592 35.813 35.618 37.554 39.169 38.369
34.81 33.874 35.53 42.621 43.537 43.463 44.564 43.605 44.17 44.375 44.709 44.469 44.809 45.18 45.441 45.354 44.758 41.385 42.556 42.088 40.899 31.653 33.178 34.595 33.452 33.492 33.558 33.645 34.804 36.375 43.868 44.971 44.892 44.301 45.104 44.934 45.954 46.459 47.996 48.1 37.422 34.265 34.346 34.405 34.448 34.517 34.57 34.62 34.654 34.677 34.659 48.721 52.713 53.841 53.214 42.452 38.33 38.417 41.012 38.795 37.276 36.418 36.429 36.449 36.531 34.706 34.622 34.836 35.362 35.845 34.552
36.666 33.961 42.161 44.587 44.435 44.843 44.504 44.891 45.278 45.701 46.057 46.149 46.59 46.962 47.085 45.787 44.346 44.239 44.144 37.7 33.352 31.892 32.86 33.36 33.36 32.025 31.523 33.56 35.271 41.121 45.388 46.137 45.762 44.933 45.755 44.761 44.812 46.466 48.038 47.942 39.687 34.312 34.278 34.331 34.401 34.446 34.523 34.565 34.602 34.603 34.672 50.027 52.761 53.725 53.157 51.469 52.212 51 46.137 46.511 44.779 43.65 39.836 38.631 37.145 35.606 35.158 36.829 37.025 34.897 34.529
35.035 33.994 34.978 45.178 44.909 46.082 46.527 46.717 47.099 47.223 47.91 48.047 48.368 48.452 47.699 46.212 44.986 44.405 44.313 37.386 32.54 32.197 33.143 33.557 32.217 35.197 45.938 45.303 36.385 46.749 47.23 47.187 46.957 46.665 46.798 46.329 46.084 46.852 48.008 48.093 37.136 34.147 34.214 34.304 34.345 34.398 34.436 34.506 34.538 34.564 34.738 49.373 52.8 53.853 53.123 52.962 53.885 52.939 47.647 47.373 48.452 50.865 50.503 50.251 48.447 48.191 48.173 48.085 47.278 41.662 34.623
35.453 34.34 42.682 47.148 51.649 60.863 48.359 48.397 48.523 48.581 48.612 48.667 48.64 48.671 48.236 46.316 44.987 44.165 44.469 37.102 33.045 32.456 33.327 46.365 49.623 49.691 50.021 50.27 49.153 48.095 48.11 48.057 48.044 47.977 47.961 47.933 47.736 47.812 48.039 47.931 34.501 34.116 34.178 34.233 34.302 34.357 34.397 34.47 34.503 34.458 34.697 51.155 52.91 53.833 53.079 53 53.719 52.648 48.867 47.962 48.386 52.748 52.595 52.201 52.184 51.837 51.625 51.304 51.117 38.874 34.509
34.308 33.845 36.396 68.55 75.015 68.383 52.757 48.738 48.694 48.635 48.666 48.618 48.575 48.447 48.074 46.672 45.063 44.641 39.734 33.94 33.695 32.821 33.893 47.677 49.987 50.679 50.874 50.897 50.525 49.333 48.54 48.075 48.099 48.074 48.092 48.054 48.063 48.071 48.081 46.112 35.028 34.107 34.133 34.196 34.269 34.312 34.371 34.401 34.437 34.464 34.413 49.108 52.91 53.851 53.759 53.741 53.895 52.77 48.648 48.625 50.512 52.788 53.066 53.153 53.147 53.473 53.452 53.343 53.317 47.301 34.663
34.003 33.813 34.113 71.799 81.136 75.606 54.092 48.557 48.473 48.234 48 47.603 47.178 46.882 46.521 46.164 45.267 44.842 38.75 35.003 37.777 33.139 33.866 43.588 49.634 50.698 50.887 50.912 50.556 49.702 48.608 48.058 48.105 48.078 48.086 48.101 48.108 48.121 48.099 47.946 34.189 34.018 34.122 34.193 34.235 34.253 34.338 34.388 34.403 34.362 34.783 53.588 55.513 53.859 53.265 53.262 53.365 52.206 47.825 47.673 49.245 50.786 51.082 51.425 51.774 51.747 51.446 52.203 51.701 37.888 34.632
33.762 33.69 33.881 60.674 70.457 54.674 50.467 47.237 46.808 46.252 46.163 46.012 45.587 45.009 44.742 44.526 44.728 44.239 41.217 37.792 37.242 33.957 33.463 42.548 49.536 50.625 50.811 50.739 51.149 49.89 48.583 48.094 48.091 48.077 48.122 48.093 48.109 48.169 47.924 44.688 34.124 33.988 33.994 34.115 34.132 34.213 34.226 34.394 34.6 34.365 34.303 39.595 55.493 51.997 52.151 52.487 51.536 51.953 46.775 46.966 49.15 49.653 49.272 49.383 51.243 51.317 49.827 50.163 50.512 37.687 34.408
33.65 34.277 33.488 43.237 47.372 45.271 46.095 45.392 44.771 44.887 44.651 44.282 44.41 44.914 45.499 45.746 45.195 39.436 37.877 37.307 37.427 33.348 33.34 36.516 49.214 50.02 50.26 50.16 49.75 49.641 48.62 48.136 48.6 47.568 45.34 40.501 37.814 37.819 37.132 33.891 33.938 33.917 33.993 34.182 34.069 34.076 34.126 34.266 34.498 34.256 34.246 34.256 34.29 37.025 37.207 38.685 38.266 38.555 44.684 45.408 49.633 52.483 48.976 49.24 52.68 50.636 48.013 50.123 51.487 35.173 34.31
33.519 34.639 33.486 39.284 42.745 44.138 44.209 44.842 44.515 45.454 45.06 39.795 39.206 39.252 36.215 34.871 33.93 34.532 36.013 36.778 36.254 33.773 33.346 34.683 48.358 49.268 48.854 48.934 41.014 45.502 35.056 35.82 33.643 33.652 33.656 33.744 33.682 33.725 33.85 35.824 33.85 34.038 33.916 34.049 33.976 34.038 34.102 34.111 34.238 34.187 34.346 34.607 34.203 34.185 34.188 34.305 34.465 34.304 34.342 34.34 44.735 47.122 47.162 47.698 49.307 50.068 47.711 48.491 49.398 36.941 34.264
33.386 33.879 33.552 33.622 45.82 45.335 43.102 37.939 35.747 36.569 33.739 36.851 34.631 34.372 33.714 34.374 34.48 34.364 34.175 34.441 33.763 33.415 33.391 33.786 34.829 35.771 35.021 33.548 33.546 34.817 33.614 33.7 33.575 33.541 33.564 33.63 33.598 33.616 33.709 33.688 33.753 33.776 33.855 33.932 33.978 34.01 34.04 34.074 34.094 34.114 34.121 34.129 34.126 34.165 34.178 34.193 34.145 34.229 34.449 34.16 34.244 34.284 34.28 37.272 37.998 36.495 38.03 45.639 45.536 34.434 34.244
33.307 33.443 33.45 33.662 34.501 33.37 33.322 33.34 33.505 37.086 39.809 39.297 38.187 37.813 33.491 34.289 34.351 33.968 33.74 33.443 33.44 33.418 33.401 33.393 33.365 33.386 33.471 33.712 33.407 33.455 34.196 33.59 33.675 34.107 33.908 33.525 33.744 33.76 33.738 33.681 33.749 33.807 33.894 33.884 33.943 33.97 34.037 34.077 34.066 34.109 34.083 34.138 34.121 34.098 34.079 34.169 34.221 34.224 34.206 34.238 34.185 34.222 34.243 34.218 34.27 34.244 34.253 34.295 34.337 34.333 34.316
33.322 33.363 39.011 35.108 33.313 33.298 33.339 33.324 36.621 38.627 38.747 38.974 38.429 37.468 33.454 33.751 33.602 33.374 33.411 33.434 33.402 33.342 33.29 33.317 33.353 33.344 33.366 33.386 33.374 33.737 34.201 33.954 33.882 33.678 33.53 33.551 33.649 33.77 33.68 33.708 33.767 33.778 33.802 33.867 33.888 33.928 33.935 34.015 34.033 34.064 34.068 34.078 34.103 34.094 34.129 34.143 34.197 34.178 34.197 34.267 34.291 34.301 34.305 34.313 34.399 34.367 34.395 34.411 34.389 34.366 34.371
33.19 34.822 40.229 36.149 33.278 33.273 33.243 33.228 33.285 37.008 35.456 36.472 37.887 36.154 34.936 33.794 33.336 33.282 33.27 33.253 33.273 33.309 33.294 33.334 33.347 33.346 33.411 33.445 33.421 33.461 33.483 33.492 33.47 33.516 33.522 33.557 33.57 33.943 33.691 33.733 33.971 33.805 33.846 33.801 33.855 33.878 33.919 33.97 33.989 33.963 34.011 34.027 34.119 34.213 34.261 34.208 34.306 34.253 34.24 34.236 34.359 34.333 34.332 34.387 34.43 34.744 34.742 34.424 34.44 34.466 34.605
33.143 33.059 35.49 34.122 33.166 33.186 34.278 34.587 34.241 33.247 33.228 33.203 33.172 33.446 33.315 33.182 33.196 33.234 33.27 33.267 33.318 33.332 33.359 33.331 33.377 33.515 34.272 33.429 33.424 33.446 33.467 33.488 33.446 33.444 33.467 33.498 33.522 33.536 33.601 33.585 33.607 33.667 33.71 33.74 33.804 33.849 33.88 33.897 33.928 33.961 33.974 34.015 33.991 34.052 34.287 34.149 34.401 34.272 34.287 34.334 34.561 34.449 34.448 34.428 34.478 34.489 34.55 34.552 34.55 34.623 34.594
33.07 33.042 33.043 32.996 33.015 33.124 33.112 33.334 33.059 33.045 33.057 33.094 33.144 33.169 33.16 33.214 33.228 33.268 33.297 33.295 33.328 33.338 33.366 33.377 33.371 33.385 33.36 33.417 33.414 33.384 33.394 33.406 33.363 33.411 33.771 33.828 33.535 33.442 33.446 33.476 33.506 33.581 33.624 33.664 33.686 33.751 33.805 33.851 33.858 33.91 33.922 33.937 33.962 34.012 34.06 34.048 34.758 35.476 35.467 35.652 34.717 34.804 34.349 34.364 34.412 34.441 34.463 34.477 34.482 34.501 34.553
33.032 32.96 32.956 32.974 33.001 33.007 33.017 33.045 33.044 33.079 33.127 33.154 33.17 33.182 33.201 33.23 33.248 33.282 33.273 33.3 33.311 33.293 33.296 33.281 33.307 33.316 33.337 33.313 33.312 33.323 33.322 33.335 33.311 33.284 33.296 33.463 33.285 33.312 33.318 33.339 33.388 33.47 33.537 33.575 33.626 33.695 33.729 33.752 33.772 33.808 33.836 33.862 33.887 33.921 33.957 34.007 34.074 34.146 34.673 35.126 35.54 35.698 34.326 34.574 34.608 34.39 34.411 34.445 34.471 34.479 34.47
32.973 32.961 33 32.992 33.006 33.046 33.059 33.073 33.07 33.148 33.283 34.453 33.446 33.226 33.215 33.187 33.208 33.224 33.219 33.238 33.236 33.209 33.208 33.218 33.201 33.192 33.199 33.194 33.209 33.223 33.214 33.228 33.239 33.275 33.302 33.317 33.441 33.356 33.327 33.306 33.403 33.382 33.438 33.507 33.553 33.613 33.623 33.646 33.683 33.706 33.736 33.769 33.822 33.877 33.901 33.962 34.005 34.043 34.099 34.132 34.196 34.212 34.239 34.285 34.301 34.35 34.367 34.373 34.402 34.41 34.469
33.016 32.988 33.067 33.064 33.082 33.092 33.075 33.082 33.091 33.246 34.52 34.325 33.492 33.588 34.129 34.254 33.153 33.151 33.123 33.117 33.113 33.13 33.136 33.159 33.246 33.215 33.243 33.259 33.623 34.456 33.957 33.269 33.317 33.316 33.323 33.338 33.335 33.469 33.34 33.293 33.316 33.35 33.341 33.408 33.48 33.521 33.559 33.542 33.573 33.616 35.487 33.955 34.1 34.044 34.089 34.091 34.152 34.17 34.204 34.182 34.17 34.185 34.306 34.467 34.274 34.262 34.272 34.289 34.322 34.373 34.376
33.01 33.06 33.064 33.07 33.062 33.037 33.055 33.4 33.053 33.049 33.069 35.003 35.075 35.061 35.458 35.25 33.104 33.088 33.154 33.172 33.189 33.207 33.243 33.959 34.197 33.409 33.254 33.39 33.415 34.515 33.876 35.451 37.252 43.824 45.582 44.288 47.606 48.587 49.776 47.052 33.574 33.282 33.262 33.322 33.386 33.443 33.456 33.461 33.476 33.555 44.763 44.603 44.351 45.059 40.937 39.911 39.538 38.009 38.463 35.592 34.324 34.417 34.417 34.436 34.337 34.334 34.346 34.34 34.351 34.325 34.344
33.285 33.04 33.04 33.057 33.107 33.431 33.136 32.976 32.989 32.997 32.994 34.146 33.4 33.392 33.112 33.146 33.18 33.194 33.197 33.208 33.372 35.155 34.438 35.162 39.067 42.112 41.151 43.414 47.944 49.583 50.202 50.042 51.152 53.847 52.68 52.063 52.124 53.209 54.999 51.579 34.603 33.274 33.204 33.232 33.319 33.363 33.386 33.369 33.487 33.765 45.413 45.331 45.315 45.323 45.311 45.327 45.322 45.319 45.424 49.402 48.356 48.29 48.393 46.773 44.469 40.017 38.801 37.455 36.106 35.963 34.518
33.78 32.999 32.993 33.07 32.941 32.953 32.933 32.971 33.031 33.063 33.085 33.882 34.492 34.517 33.215 33.216 35.639 39.062 45.653 42.178 45.789 49.145 50.986 49.141 51.459 51.637 51.965 52.257 52.313 52.771 52.947 53.159 53.471 54.459 54.009 53.838 53.907 54.187 55.102 51.987 33.701 33.196 33.13 33.206 33.26 33.267 33.266 33.297 33.443 33.505 45.347 45.28 45.291 45.295 45.273 45.292 45.292 45.78 45.655 51.421 51.244 51.088 50.819 50.589 50.394 50.138 50.451 51.296 50.507 48.972 48.753
34.183 32.93 32.961 33.002 32.962 32.921 32.972 33.033 33.071 33.161 33.831 33.759 38.961 42.078 47.036 49.715 50.016 51.923 54.847 52.4 52.411 52.633 52.928 53.119 53.385 53.653 53.757 53.927 53.958 53.937 53.981 53.99 53.986 53.981 53.974 53.999 54.006 54.043 52.476 50.119 33.953 33.146 33.075 33.105 33.188 33.228 33.225 33.225 33.367 33.633 45.424 45.275 45.25 46.293 46.249 45.436 46.791 47.779 46.255 50.51 50.614 50.711 50.844 50.973 51.075 51.197 51.335 52.716 51.522 51.261 51.126
32.912 32.96 32.992 33.009 33.605 32.983 32.956 39.554 41.047 44.914 50.021 51.677 51.288 54.015 53.477 52.536 53.025 53.177 54.529 53.44 52.672 53.291 53.911 53.986 53.979 53.972 53.965 53.968 53.968 53.978 53.972 53.986 54.001 53.94 53.95 53.934 53.982 54.023 52.532 48.737 33.705 33.039 33.009 33.045 33.113 33.173 33.168 33.148 33.58 33.738 45.8 45.878 45.41 46 45.938 46.043 47.915 45.65 44.02 49.366 49.436 49.558 49.657 49.82 49.935 51.446 50.214 50.431 50.537 50.483 50.578
32.958 34.462 35.493 44.437 45.136 33.691 32.928 34.191 48.199 48.521 54.018 54.326 53.423 53.712 54.044 53.674 53.696 53.258 51.934 53.605 53.728 52.434 53.97 53.937 53.95 53.936 53.938 53.947 53.948 53.927 53.922 53.935 53.952 53.966 53.974 52.091 53.982 54.009 52.463 49.495 33.472 32.974 32.939 32.997 33.045 33.118 33.108 33.08 33.208 33.235 45.353 46.203 45.825 44.95 42.65 40.193 41.69 38.36 35.338 48.19 48.33 48.41 48.558 48.678 49.105 51.493 49.005 49.08 49.208 49.313 49.45
46.618 48.508 49.036 49.755 47.609 36.819 32.87 32.838 44.704 47.966 50.889 53.346 53.948 53.243 53.504 54.049 53.816 53.227 53.315 54.103 55.164 57.649 55.256 53.94 53.968 53.931 53.977 53.974 53.975 53.95 53.962 53.992 53.951 53.943 54.006 53.863 54.141 54.024 53.205 48.758 33.797 32.968 33.351 32.957 33.008 33.04 33.058 33.773 33.138 33.148 45.868 46.455 45.825 44.935 41.683 38.805 38.445 38.125 35.05 40.518 39.5 42.013 43.37 44.37 44.923 47.588 46.903 47.325 48.253 48.303 48.545
50.412 50.675 52.473 51.42 50.589 43.53 33.014 32.73 35.309 33.188 51.215 54.313 54.805 53.811 53.557 55.109 54.284 56.711 60.345 62.807 63.579 63.441 58.525 54.16 53.97 53.937 53.98 53.995 53.971 53.945 53.81 52.927 52.688 52.963 53.066 54.378 54.016 52.836 55.211 52.159 33.404 33.189 32.945 32.88 32.945 32.99 32.975 33.92 33.06 33.055 45.555 47.345 46.355 44.043 43.77 41.833 41.575 43.183 35.14 41.698 41.643 41.585 41.545 41.59 41.46 41.375 35.09 35.683 42.498 40.305 50.225
51.788 51.529 51.583 51.567 50.866 40.244 32.832 32.744 32.71 33.627 47.494 54.856 55 55.83 56.25 57.527 58.555 59.336 60.08 63.893 65.149 64.046 57.607 53.823 53.73 53.661 53.126 52.678 53.27 52.522 52.027 50.304 50.232 49.643 48.664 50.544 50.363 50.469 50.506 48.617 33.325 32.805 32.791 32.859 32.878 32.92 32.92 33.42 32.998 32.99 45.5 46.828 47.673 44.248 44.225 44.23 44.185 44.18 35.098 42.035 42.033 42.105 42.153 42.193 42.17 41.43 34.183 34.218 41.08 41.65 44.928
51.692 51.742 52.439 51.675 51.386 48.665 33.138 32.686 32.71 32.95 40.996 53.778 54.654 55.251 57.086 58.971 59.029 60.273 60.518 62.297 62.168 59.827 60.246 52.16 52.105 52.042 50.63 51.064 44.734 42.331 40.421 40.833 39.786 40.084 40.203 40.441 41.201 42.047 42.527 41.491 32.739 32.735 32.935 32.779 32.855 32.878 32.858 33.835 32.918 32.933 46.265 46.948 46.243 43.86 43.878 43.94 43.953 43.998 34.075 38.385 39.21 38.87 39.94 39.853 39.96 37.28 33.958 34.023 40.358 41.29 41.42
53.636 54.461 54.886 52.522 51.579 49.444 34.548 32.626 32.624 32.715 34.736 37.684 35.35 34.772 57.648 60.282 59.685 59.393 59.818 59.823 58.449 57.15 50.289 42.843 40.892 40.079 38.959 38.94 38.918 38.864 38.867 39.462 39.555 39.557 39.456 40.558 41.129 41.933 42.469 41.878 32.803 32.752 32.661 32.726 32.788 32.833 32.82 33.053 32.823 32.858 45.595 46.923 46.433 39.78 40.285 40.125 41.233 41.848 34.288 33.535 33.6 33.675 33.725 33.758 33.783 33.77 33.795 33.853 33.965 34.74 35.265
55.455 55.481 55.44 52.914 51.536 50.345 36.942 32.609 32.624 32.6 32.516 32.578 32.544 32.996 52.512 57.645 58.117 58.968 59.926 59.26 58.455 58.601 47.596 39.176 38.866 38.874 38.869 38.873 38.831 38.811 38.869 38.693 39.067 40.689 40.561 40.731 41.128 42.048 42.415 41.747 33.426 32.6 32.687 32.694 32.73 32.755 32.76 33.475 32.783 32.92 48.013 48.535 45.713 33.735 33.515 33.09 33.183 33.27 33.425 33.51 33.615 37.675 41.01 41.098 40.905 40.425 39.673 40.075 37.33 37.815 38.888
55.459 55.687 55.509 53.86 51.667 51.217 45.037 32.769 32.574 32.573 32.518 32.96 34.057 32.61 50.166 56.892 58.691 59.044 59.69 59.408 58.621 57.746 54.944 40.522 38.839 38.801 38.779 38.796 38.841 38.844 38.828 38.98 39.149 41.117 41.55 40.834 41.185 42.016 42.454 42.058 32.845 32.542 32.628 32.599 32.663 32.68 32.67 33.623 32.695 35.378 46.543 47.693 46.795 46.778 46.743 46.75 43.88 43.835 43.825 43.815 43.793 43.59 43.468 43.485 43.473 43.438 43.413 43.443 41.433 41.4 41.458
