dsm/se3035_DSM_2M.asc
ncols 500
nrows 500
xllcorner    430000
yllcorner    435000
cellsize     2
NODATA_value -9999
[rows 0 to 31 of 500, columns 355 to 425 of 500]
81.714 81.029 80.846 80.844 80.829 82.609 80.599 80.494 80.416 81.604 80.059 80.049 80.046 80.214 79.711 79.719 79.741 79.194 79.516 78.804 78.694 79.876 79.401 78.044 78.189 77.976 77.799 77.744 77.491 77.144 76.869 76.729 76.631 84.189 79.476 80.469 84.226 76.536 76.429 76.394 79.139 85.906 86.114 86.329 86.539 86.714 86.911 87.114 86.481 86.454 86.291 86.089 85.894 85.691 79.064 84.829 85.734 85.539 85.344 86.049 85.859 85.631 85.254 84.531 85.216 85.136 74.929 72.909 72.924 72.891 75.749
81.889 80.731 80.774 80.816 80.759 82.431 80.454 80.411 80.369 82.079 79.999 79.996 80.059 80.211 79.576 79.936 80.156 79.136 79.094 78.829 78.759 80.596 81.324 78.141 77.971 77.906 78.636 77.996 78.564 78.166 78.049 77.409 76.971 76.866 76.811 76.756 76.726 76.569 76.479 76.441 77.911 82.591 84.961 85.244 85.814 85.574 85.784 85.921 85.431 85.639 85.826 86.026 86.239 86.421 78.051 86.986 86.799 86.606 86.431 87.084 86.886 86.684 86.276 85.446 85.719 85.186 73.524 72.921 74.879 72.896 76.736
82.411 80.656 80.716 80.714 81.024 81.516 80.411 80.366 80.311 81.799 79.949 79.966 81.441 80.484 79.569 80.074 79.834 79.341 78.951 78.854 78.776 80.944 81.489 78.071 77.941 77.919 78.446 78.931 77.654 77.581 77.541 77.626 78.011 78.456 77.334 77.364 76.849 76.611 76.544 76.506 76.459 76.766 76.776 78.901 81.116 81.534 81.586 83.356 84.301 84.514 85.344 84.904 85.101 85.294 76.049 86.266 86.494 86.596 86.841 86.994 87.151 87.341 86.426 86.341 86.284 86.111 72.949 81.269 81.071 80.826 80.341
83.154 80.629 80.646 80.666 81.489 80.549 80.349 80.311 80.241 80.739 79.889 79.891 79.941 80.176 79.469 79.846 79.794 79.659 78.921 78.896 78.781 82.051 78.571 78.041 77.931 77.909 78.179 78.416 77.636 77.574 77.494 77.416 77.346 78.454 77.204 77.124 76.944 76.674 76.599 76.534 76.466 76.419 76.846 76.629 77.351 77.459 76.956 76.519 76.224 76.019 79.624 82.141 80.991 80.556 77.061 85.874 85.801 85.546 85.791 85.279 87.046 86.299 85.536 85.664 86.124 85.234 73.051 82.484 82.299 82.079 81.886
82.451 80.971 80.679 80.634 82.291 80.264 80.281 80.211 80.241 79.839 79.834 79.831 79.821 84.171 83.706 80.166 79.729 80.461 78.909 78.904 78.791 80.436 78.401 78.031 77.939 77.859 77.796 77.724 77.634 77.546 77.474 77.391 78.129 77.999 77.171 77.094 76.924 76.724 76.671 76.599 76.509 76.404 76.316 76.224 76.149 76.169 76.306 76.166 76.276 76.766 75.729 76.084 75.759 76.371 76.769 76.664 77.401 78.664 81.486 84.949 87.276 85.309 84.121 84.884 85.571 83.109 74.954 82.556 82.756 82.924 82.996
81.264 80.849 80.731 80.679 82.841 80.231 80.214 80.216 80.301 79.786 79.776 79.781 79.769 86.869 86.634 79.856 79.506 79.679 78.904 78.914 78.799 80.221 78.321 78.036 77.951 77.876 77.811 77.734 77.651 77.549 77.471 77.391 77.309 77.236 77.154 77.071 76.889 76.771 76.731 76.651 76.551 76.454 76.349 76.256 76.186 76.094 76.009 75.931 76.041 75.949 75.974 76.281 76.261 76.184 76.806 75.831 75.669 76.551 76.246 74.904 75.546 76.804 75.711 80.164 83.461 77.461 77.889 81.326 81.526 82.036 82.376
80.729 80.671 80.709 80.609 82.739 80.284 80.669 80.176 81.221 79.729 79.919 79.681 79.686 80.989 80.486 80.061 79.156 79.189 78.936 78.914 78.869 81.124 78.289 78.051 77.964 77.881 77.821 77.749 77.666 77.574 77.491 77.409 77.321 77.249 77.151 77.061 76.909 76.831 76.774 76.709 76.589 76.481 76.381 76.291 76.211 76.134 76.041 75.991 76.809 77.404 76.039 76.004 75.989 76.079 76.384 77.114 75.591 76.344 75.456 75.561 75.374 76.771 74.601 73.446 73.434 73.794 73.036 73.094 73.884 78.351 80.051
82.161 80.676 80.599 80.681 82.559 80.404 80.321 80.374 81.786 79.679 79.654 79.626 79.686 80.014 80.634 79.871 79.091 79.041 78.976 78.911 78.971 78.771 78.191 78.061 77.976 77.904 77.829 77.746 77.671 77.594 77.514 77.429 77.354 77.281 77.201 77.094 76.966 76.886 76.831 76.774 76.736 77.049 76.401 76.316 76.231 76.169 76.111 76.066 76.029 76.039 76.071 76.066 76.484 76.701 75.896 75.601 75.541 76.234 75.381 75.439 75.401 76.071 74.701 74.689 74.576 73.794 73.169 73.161 73.171 73.139 73.089
82.174 80.204 80.159 80.106 80.026 79.944 79.994 80.149 80.954 79.759 79.639 79.604 83.361 81.576 81.854 80.724 79.091 78.989 78.981 78.979 79.154 78.644 78.199 78.061 78.001 77.914 77.839 77.761 77.679 77.616 78.186 77.514 77.384 77.316 77.234 77.134 76.994 76.944 76.881 76.906 77.481 76.791 76.416 76.344 76.236 76.156 76.086 76.099 76.074 76.074 76.114 76.079 76.634 76.264 75.559 75.491 75.686 76.186 75.359 75.429 75.334 75.339 74.709 74.661 74.536 73.679 73.739 73.436 73.556 73.546 73.409
80.301 80.186 80.099 80.014 81.096 81.006 79.736 79.664 79.596 79.534 79.449 79.361 86.336 80.849 89.189 80.759 79.371 79.096 79.004 79.001 79.119 78.901 78.446 78.251 78.116 78.004 77.924 77.814 77.706 77.809 78.094 77.466 77.414 77.376 78.351 77.264 77.064 77.006 76.934 76.966 77.516 76.679 76.449 76.371 76.259 76.176 76.109 76.126 76.109 76.119 76.104 76.061 76.986 76.244 75.536 75.461 75.919 75.784 75.316 75.299 75.369 74.681 74.719 74.674 74.506 73.569 74.759 74.976 75.211 74.419 73.909
80.296 80.206 80.109 80.036 79.951 79.849 79.754 79.669 79.556 79.464 79.351 79.244 79.176 79.111 80.301 78.981 78.896 79.101 82.904 79.089 79.451 79.049 78.726 78.489 78.376 78.311 78.266 78.154 77.991 77.831 77.664 77.559 77.446 77.399 78.459 77.226 77.126 77.051 76.994 77.006 77.361 76.634 77.869 77.366 76.274 76.204 76.141 76.546 77.601 76.316 76.086 76.044 76.964 76.271 75.494 75.424 75.919 75.689 75.251 75.304 75.801 74.676 74.761 74.696 74.589 74.221 73.539 73.599 73.799 73.861 73.829
80.249 80.174 80.079 80.016 79.944 79.861 79.769 79.671 79.576 79.496 79.404 79.296 79.194 79.104 79.006 80.251 80.811 78.706 78.621 78.584 78.509 79.219 78.361 78.439 78.606 78.636 80.624 78.511 78.351 78.159 79.271 77.889 77.619 77.429 77.389 77.206 77.104 77.076 77.036 77.146 77.264 76.616 76.476 76.401 76.289 76.221 76.169 76.191 76.161 76.179 76.076 76.009 77.056 76.364 75.451 75.366 75.766 75.311 75.226 75.549 75.989 74.689 74.774 74.701 74.594 74.274 74.004 73.631 73.701 73.796 73.846
80.174 85.424 86.376 82.619 79.876 79.796 79.731 79.641 79.566 79.489 79.406 79.324 79.224 79.146 79.066 78.981 78.856 78.749 78.661 78.556 78.461 78.344 78.261 78.169 78.119 78.054 77.979 77.896 77.839 77.831 78.381 84.296 77.761 77.471 77.339 77.124 77.014 76.941 76.944 77.519 77.339 76.781 76.624 76.464 76.321 76.241 76.214 76.441 76.774 76.206 76.069 76.199 77.074 75.681 75.464 75.371 75.601 75.194 75.206 75.939 76.666 74.691 74.776 75.609 78.201 74.346 74.096 73.709 73.751 73.751 73.791
80.379 80.286 80.076 79.999 79.859 79.734 79.631 79.564 79.506 79.434 79.361 79.279 79.236 79.151 79.066 79.019 78.861 78.771 78.686 78.596 78.501 78.406 78.319 78.206 78.136 78.031 77.906 77.811 77.701 77.621 77.569 77.499 77.426 77.326 77.196 77.079 76.951 76.849 76.809 77.301 77.459 77.689 77.604 76.806 76.749 76.304 76.276 76.249 76.239 76.231 76.069 76.434 77.009 75.481 75.364 75.356 75.436 75.191 75.181 76.114 75.944 74.689 74.751 79.901 77.559 74.304 74.024 73.771 74.194 73.791 73.774
88.421 85.474 80.711 80.179 80.476 80.336 79.804 79.656 79.561 79.451 79.356 79.239 79.141 79.084 79.024 78.991 78.849 78.751 78.661 78.579 78.476 78.386 78.296 78.219 78.141 78.054 77.956 77.871 77.764 77.676 77.569 77.461 77.326 77.211 77.106 77.011 76.909 76.809 76.661 76.741 76.846 76.761 77.601 77.406 78.851 77.504 76.276 76.746 77.274 77.011 76.766 76.681 76.691 75.486 75.424 75.291 75.676 75.394 75.236 75.414 75.099 74.724 74.761 74.691 74.594 74.301 74.034 73.764 73.736 73.796 73.779
83.076 82.956 80.066 80.081 80.314 80.514 80.361 81.214 80.444 81.496 80.094 79.536 80.049 79.169 79.079 78.924 78.789 78.694 78.599 78.521 78.461 78.376 78.281 78.211 78.109 78.036 77.974 77.874 77.781 77.691 77.594 77.491 77.374 77.274 77.149 77.051 76.944 76.844 76.734 76.616 76.514 76.436 76.369 76.286 76.194 76.111 76.141 76.319 76.986 76.301 77.054 76.329 76.354 75.571 75.934 77.979 81.806 75.279 75.199 75.909 74.746 74.741 74.774 74.706 74.556 74.289 74.454 73.899 73.704 73.731 73.769
80.489 80.291 80.414 80.499 80.246 80.304 80.144 82.984 81.371 81.861 80.196 80.474 80.966 79.851 79.844 79.724 78.821 78.706 78.624 78.596 78.486 78.386 78.259 78.194 80.144 80.309 78.619 77.851 77.746 77.664 77.579 77.486 77.384 77.284 77.179 77.084 76.984 76.886 76.779 76.674 76.554 76.449 76.326 76.221 76.094 75.956 75.824 75.809 75.716 75.626 75.519 75.854 76.461 76.374 79.069 78.534 86.999 75.284 75.386 75.566 74.656 74.784 74.851 75.406 75.211 75.774 75.654 74.026 73.684 73.864 74.456
80.496 80.231 80.336 81.711 80.131 80.186 80.099 80.399 80.221 79.769 80.096 80.289 80.026 80.081 80.374 79.519 78.876 78.774 79.124 79.344 79.341 78.696 78.609 78.266 78.151 78.059 77.964 77.844 77.699 77.604 77.536 77.441 77.354 77.254 77.144 77.061 76.961 76.856 76.761 76.674 76.571 76.454 76.351 76.251 76.126 76.011 75.906 75.866 75.691 75.546 75.426 75.299 75.206 75.129 75.071 76.296 76.806 74.924 75.534 76.219 74.664 74.796 74.844 75.964 74.886 75.166 75.466 73.814 73.669 74.531 74.909
80.316 80.174 80.096 80.086 80.121 80.106 80.291 80.139 82.206 82.189 82.124 80.249 79.289 79.221 79.424 79.029 78.936 78.846 79.369 79.524 79.266 78.526 79.106 78.816 79.294 79.086 78.899 78.114 78.024 77.671 77.599 77.486 77.341 77.211 77.089 77.001 76.921 76.831 76.726 76.626 76.526 76.439 76.329 76.221 76.121 76.026 75.939 75.884 75.716 75.599 75.474 75.356 75.239 75.106 74.989 74.869 74.754 74.664 74.566 74.469 74.411 74.334 74.206 74.631 74.416 74.289 74.121 73.736 73.646 73.664 73.976
80.349 80.184 80.106 80.101 80.156 80.091 80.781 79.821 79.779 79.706 79.974 79.674 79.334 79.254 79.174 79.091 79.031 78.954 78.826 78.809 78.906 78.606 79.311 79.139 78.979 79.046 78.561 78.226 78.266 78.414 78.371 78.256 77.874 77.611 77.246 77.066 76.979 76.794 76.659 76.539 76.441 76.361 76.249 76.149 76.054 75.966 75.914 75.846 75.694 75.576 75.471 75.341 75.231 75.134 75.034 74.916 74.809 74.679 74.571 74.441 74.329 74.211 74.081 73.969 73.924 73.849 73.761 73.654 73.574 73.549 73.781
80.376 80.231 80.134 80.101 80.159 80.094 81.301 79.779 80.376 80.986 79.509 79.469 79.394 79.329 79.244 79.191 79.131 79.021 78.901 78.784 78.671 78.694 79.119 79.724 78.486 78.334 78.231 78.231 78.386 78.336 78.486 78.284 78.129 78.034 78.066 78.044 77.989 76.919 76.791 76.656 76.591 76.406 76.284 76.166 76.031 75.869 75.824 75.764 75.626 75.519 75.404 75.334 75.226 75.121 75.009 74.906 74.814 74.706 74.601 74.491 74.371 74.254 74.141 74.019 73.911 73.796 73.696 73.574 73.456 73.364 73.294
80.354 80.244 80.151 80.124 80.144 80.134 81.559 79.991 79.651 79.601 79.576 79.521 79.444 79.406 79.366 79.296 79.289 79.181 79.019 78.874 78.784 78.879 79.076 79.236 78.581 78.566 78.324 78.374 78.399 78.891 79.701 78.476 78.379 78.136 78.186 77.821 77.959 76.969 76.864 77.181 77.526 77.611 77.561 77.324 76.689 76.184 75.859 75.726 75.621 75.521 75.401 75.274 75.169 75.061 74.969 74.866 74.769 74.676 74.564 74.476 74.384 74.274 74.154 74.054 73.954 73.846 73.736 73.619 73.509 73.384 73.264
80.341 80.444 80.164 80.174 80.179 80.701 81.926 80.216 79.679 79.634 79.621 79.566 79.499 79.479 79.434 79.366 79.384 79.276 79.196 79.156 78.974 79.264 78.959 79.314 78.596 78.469 78.444 78.511 78.451 78.454 80.941 78.584 78.141 77.994 77.956 78.134 78.126 77.044 76.946 77.564 77.569 77.471 77.476 77.244 77.104 76.846 77.304 76.701 76.596 75.751 75.944 75.496 75.209 75.089 74.979 74.846 74.736 74.616 74.506 74.411 74.314 74.211 74.101 74.024 73.939 73.829 73.726 73.629 73.519 73.406 73.294
80.456 80.169 80.141 80.166 81.981 87.316 87.239 81.094 79.709 79.666 79.644 79.614 79.571 79.556 79.519 79.436 79.389 79.299 79.211 79.131 79.024 80.094 78.834 79.296 78.681 78.599 78.544 78.609 78.571 78.474 78.466 78.261 78.096 77.941 77.831 77.991 77.769 77.111 77.039 78.079 77.879 77.399 77.856 77.354 77.526 77.191 76.916 76.521 76.321 76.151 75.989 76.074 76.204 75.909 75.794 75.679 75.096 74.701 74.541 74.449 74.324 74.204 74.059 73.939 73.839 73.741 73.646 73.554 73.491 73.364 73.264
80.209 80.401 80.229 80.174 85.136 87.686 87.859 80.834 79.734 79.714 79.694 79.669 79.846 79.624 79.574 80.004 80.724 79.696 79.441 80.184 79.629 79.079 79.094 79.979 78.846 78.806 78.694 78.646 78.681 78.604 78.456 78.269 78.116 77.934 77.761 77.606 77.344 77.249 77.196 77.284 77.331 77.786 77.771 77.206 77.209 77.256 77.304 76.961 76.774 76.844 76.436 76.184 76.041 75.934 75.811 75.799 75.594 75.626 75.436 75.186 74.991 74.631 75.171 74.034 73.914 73.791 73.666 73.534 73.411 73.289 73.211
80.321 80.491 80.221 80.131 82.459 86.756 84.239 79.849 79.766 79.749 79.741 79.736 79.701 79.689 79.634 80.306 80.599 79.726 79.339 80.504 80.374 79.409 79.896 79.646 78.986 81.361 78.826 78.714 78.761 78.689 78.524 78.359 78.171 78.004 77.839 77.679 77.509 77.396 77.341 77.291 77.286 77.236 77.211 77.216 77.209 77.266 77.156 77.136 77.074 76.936 76.931 76.516 76.349 76.304 76.506 76.436 76.346 76.124 75.724 75.471 75.334 75.054 80.724 75.264 74.989 74.416 74.366 74.201 73.594 73.389 73.266
84.296 81.569 80.409 83.011 80.554 81.514 79.849 80.041 80.996 79.859 79.799 79.771 79.761 79.759 79.709 80.864 79.909 79.961 80.124 80.241 79.489 79.201 79.559 79.099 79.066 79.014 78.894 78.809 78.809 79.111 78.621 78.436 78.254 78.156 77.941 77.789 77.641 77.546 77.474 77.664 77.344 77.294 77.231 77.216 77.306 77.206 77.139 77.254 77.526 77.381 76.906 76.776 76.461 76.639 77.164 76.919 76.799 76.459 76.276 75.891 75.526 75.239 75.079 74.841 75.031 74.931 74.211 74.526 74.666 74.449 74.284
89.484 89.329 89.104 90.646 88.581 79.861 79.769 83.256 88.584 86.396 84.571 82.814 79.824 79.824 79.794 81.061 79.709 79.771 79.714 79.586 79.474 79.199 79.661 79.164 79.116 79.029 78.961 78.896 78.916 78.926 78.741 78.509 79.279 78.289 78.554 78.621 77.789 77.711 77.681 78.144 77.584 77.371 77.266 77.234 77.294 77.189 77.169 77.431 77.914 77.719 77.094 76.736 76.666 77.211 77.351 77.426 77.051 76.391 75.976 75.786 75.661 76.001 78.654 75.061 75.106 74.634 74.574 74.929 74.484 74.131 74.184
90.484 90.339 90.171 90.599 88.359 79.834 79.759 86.141 89.061 89.104 88.911 88.699 80.774 79.916 79.891 86.744 82.636 80.241 79.794 79.604 79.546 79.174 80.084 79.579 79.159 79.126 79.059 79.009 78.981 79.236 78.791 78.656 78.926 78.364 79.059 78.089 78.021 77.919 77.741 78.521 77.921 77.461 77.341 77.269 77.344 77.191 77.181 77.369 77.651 77.451 76.986 76.691 76.644 76.994 77.326 77.384 76.986 76.341 76.009 75.766 75.604 76.204 79.704 75.556 75.236 74.376 74.369 74.224 74.376 73.796 73.694
90.461 90.644 90.804 90.919 84.016 79.831 79.751 88.149 89.249 89.704 89.816 89.806 89.629 90.034 89.246 89.014 88.809 88.604 88.834 81.971 79.554 79.549 79.564 79.731 79.209 79.211 82.529 79.101 79.059 78.956 78.846 78.714 78.639 78.539 78.434 78.311 78.179 78.071 77.869 78.186 78.636 77.584 77.421 77.324 77.319 77.279 77.171 77.129 77.156 77.066 76.866 76.629 76.531 76.656 76.819 76.909 76.636 76.281 76.011 75.756 75.461 75.384 75.319 74.811 74.629 74.549 74.381 74.269 74.064 74.684 73.746
89.444 89.641 90.386 90.019 80.506 79.814 79.729 88.139 88.364 88.561 88.946 90.011 90.769 90.556 90.276 89.804 89.856 89.676 88.616 80.766 79.534 79.861 80.271 79.676 82.561 87.971 88.281 84.576 79.449 79.356 79.546 79.476 78.601 78.556 78.446 78.356 78.284 78.144 78.026 77.906 78.076 77.704 77.561 77.461 77.344 77.501 77.221 77.141 77.019 76.924 76.741 76.589 76.461 76.391 76.359 76.404 76.326 76.219 75.951 75.884 76.041 75.766 75.066 74.876 74.731 74.631 74.486 74.344 74.206 73.996 73.819
88.451 88.766 90.521 89.361 79.811 79.806 79.691 79.604 79.464 87.796 89.101 90.244 91.394 91.216 90.081 88.964 88.931 89.134 88.411 79.559 79.529 79.399 82.261 81.341 84.796 88.154 88.079 84.876 79.249 79.251 78.619 78.676 78.884 78.741 79.014 78.421 79.114 79.006 78.464 78.476 77.821 77.754 77.671 77.574 77.594 77.581 77.296 77.156 76.989 76.836 76.691 76.561 76.436 76.309 76.229 76.241 76.181 76.151 76.071 76.616 76.039 75.644 75.829 75.016 74.851 74.746 74.609 74.496 74.396 74.139 73.949
