dsm/se3034_DSM_2M.asc
ncols 500
nrows 500
xllcorner    430000
yllcorner    434000
cellsize     2
NODATA_value -9999
[rows 384 to 415 of 500, columns 142 to 212 of 500]
88.256 87.916 86.456 84.154 85.679 88.574 87.929 84.591 76.911 68.556 65.449 65.476 60.149 57.364 57.369 57.411 57.449 57.626 57.461 57.474 55.329 49.986 50.529 50.016 50.079 50.116 50.186 50.039 50.039 50.081 50.124 50.179 50.281 53.686 55.469 55.499 56.306 54.851 55.561 54.929 54.929 55.136 55.394 55.529 55.596 55.834 55.904 56.024 56.056 56.076 56.104 56.119 56.084 56.126 55.719 55.694 55.676 55.794 56.279 55.986 56.271 56.276 56.996 55.911 55.334 55.101 54.956 54.906 54.909 54.884 54.771
88.146 86.939 85.416 80.551 82.954 87.481 88.591 88.654 88.614 73.384 65.436 65.431 63.839 57.364 57.304 57.364 57.396 57.414 57.849 57.586 57.449 49.981 49.854 49.914 49.961 50.009 50.101 50.034 49.926 49.974 50.026 50.064 50.106 50.381 55.476 55.481 55.004 54.916 54.934 54.986 55.029 55.116 55.381 55.471 55.589 55.801 55.861 55.974 56.041 56.049 56.306 56.151 56.016 56.186 55.654 55.551 55.674 55.791 55.886 57.141 56.156 56.234 57.279 55.496 55.186 55.821 58.151 58.581 56.561 54.846 54.766
88.004 86.436 84.139 84.631 86.429 85.481 84.694 86.171 85.116 73.119 65.451 65.406 65.416 61.924 57.326 57.294 57.334 57.341 57.516 57.356 57.364 54.744 49.801 49.806 49.859 49.899 49.959 49.971 49.846 49.874 49.916 49.959 49.991 50.156 55.134 55.496 55.659 55.611 54.989 55.076 55.126 55.124 55.319 55.456 55.576 56.399 56.814 56.759 56.234 56.706 56.511 56.351 56.081 55.624 55.581 55.556 55.674 55.784 55.871 55.939 56.159 56.421 56.104 55.309 55.074 56.469 58.301 58.469 57.534 54.821 54.764
87.726 86.531 84.484 83.029 88.579 88.581 88.599 87.049 75.701 66.251 65.454 65.394 65.461 62.291 57.669 57.224 57.246 57.271 57.291 57.436 57.269 57.281 49.804 49.694 49.756 49.799 50.096 49.929 49.834 49.776 49.816 49.856 49.911 49.986 50.946 55.369 55.644 56.236 55.366 55.076 55.184 55.224 55.249 55.351 55.524 55.646 57.111 57.189 56.499 56.521 56.326 56.691 56.231 55.534 55.456 55.566 55.694 55.779 56.256 56.016 56.139 57.249 55.539 55.251 54.996 57.236 58.449 58.304 57.386 54.949 54.759
87.081 85.186 80.061 80.449 81.339 86.159 87.884 88.601 71.899 65.441 65.374 65.389 65.399 65.404 61.856 57.426 57.171 57.196 57.194 57.371 57.179 57.174 53.424 49.621 49.641 49.691 49.746 49.816 49.774 49.666 49.729 49.754 49.809 49.859 50.006 55.556 55.671 56.436 55.109 55.114 55.224 55.314 55.326 55.336 55.396 55.546 55.639 56.506 56.561 56.069 56.059 56.249 55.494 55.474 55.439 55.576 55.686 55.761 56.311 56.051 56.214 56.151 55.334 55.209 54.984 57.676 58.601 58.171 57.331 54.779 54.761
86.476 83.339 80.066 80.029 80.001 80.034 80.349 73.176 71.381 65.449 65.389 65.406 65.381 65.406 64.699 57.431 57.094 57.094 57.106 57.126 57.206 57.084 57.081 49.619 49.534 49.584 49.646 49.696 49.769 49.641 49.619 49.664 49.714 49.754 49.844 53.124 55.606 55.659 55.384 55.194 55.224 55.319 55.384 55.389 55.391 55.454 55.554 55.604 56.361 56.081 56.141 56.471 55.429 55.344 55.449 55.579 55.676 55.756 55.886 56.046 57.044 55.566 55.306 55.146 54.821 57.806 58.706 58.019 56.946 54.791 54.784
85.619 80.059 80.036 80.061 80.046 80.199 72.939 70.496 65.471 65.461 65.394 65.409 65.374 65.396 65.424 61.986 57.031 56.999 57.006 57.036 57.264 56.994 56.991 51.419 49.441 49.484 49.536 49.599 49.691 49.626 49.514 49.551 49.619 49.661 49.681 50.111 55.781 55.804 55.796 55.376 55.294 55.314 55.381 55.421 55.439 55.434 55.411 55.516 55.536 55.574 55.451 55.414 55.499 55.339 55.454 55.574 55.661 55.736 55.934 56.019 56.394 55.369 55.279 55.076 54.776 57.979 58.736 57.881 54.826 54.764 54.764
86.679 85.481 81.646 80.019 79.989 80.409 75.496 68.516 65.461 65.404 65.359 65.386 65.371 65.401 65.414 65.376 56.961 56.901 56.919 56.924 56.954 57.384 56.891 56.306 49.414 49.374 49.429 49.486 49.556 49.576 49.429 49.469 49.514 49.566 49.591 49.721 55.444 56.376 56.081 55.979 55.621 55.401 55.371 55.424 55.481 55.481 55.436 55.381 55.406 55.416 55.344 55.276 55.259 55.366 55.476 55.571 55.659 55.789 55.931 56.851 55.641 55.314 55.221 55.019 55.291 58.081 58.636 57.714 54.776 54.736 54.714
82.994 83.084 84.416 81.066 80.051 76.054 66.614 71.501 65.469 65.424 65.394 65.424 65.391 65.369 65.436 65.436 62.441 56.821 56.819 56.819 56.829 57.101 56.784 56.779 49.566 49.244 49.331 49.374 49.439 49.529 49.421 49.371 49.419 49.459 49.514 49.551 51.201 56.136 56.114 56.219 55.986 55.624 55.516 55.434 55.441 55.474 55.471 55.421 55.339 55.261 55.231 55.214 55.271 55.381 55.484 55.579 56.361 55.874 55.939 56.564 55.441 55.319 55.191 54.949 56.471 58.246 58.504 57.584 54.836 54.726 54.709
83.426 85.454 88.479 88.589 88.304 82.194 70.226 66.224 65.461 65.401 65.401 65.411 65.391 65.386 65.461 65.426 62.541 56.746 56.696 56.709 56.721 56.791 56.676 56.679 54.214 49.214 49.206 49.274 49.624 49.396 49.364 49.274 49.319 49.366 49.399 49.434 49.579 56.001 56.401 56.239 55.946 58.506 58.851 56.341 55.506 55.466 55.471 55.426 55.369 55.256 55.219 55.209 55.304 55.404 55.499 55.694 56.349 55.866 56.724 55.634 55.374 55.309 55.154 54.881 56.959 58.406 58.379 57.446 54.804 54.734 56.469
83.409 84.269 86.416 88.596 88.639 88.631 71.629 65.461 65.399 65.436 65.399 65.404 65.406 65.424 65.409 65.406 65.449 58.379 56.601 56.596 56.604 56.614 56.776 56.594 56.604 49.161 49.081 49.161 49.574 49.281 49.309 49.209 49.224 49.269 49.314 49.336 49.446 54.041 56.459 56.079 57.556 59.264 59.469 59.039 57.834 55.639 55.561 55.436 55.294 55.361 55.369 55.229 55.324 55.416 55.499 55.609 55.771 55.926 56.676 55.404 55.329 55.256 55.091 54.929 57.614 58.546 58.214 57.284 54.764 54.716 56.476
83.484 87.401 88.584 87.384 85.806 81.381 71.961 65.451 65.416 65.396 65.399 65.421 65.421 65.476 65.421 65.406 65.424 64.144 56.526 56.491 56.496 56.511 56.739 56.494 56.494 50.419 48.994 49.051 49.144 49.191 49.249 49.196 49.136 49.174 49.216 49.246 49.274 50.194 56.181 56.859 59.054 59.669 59.814 59.139 57.491 55.854 55.639 55.404 55.199 55.166 55.154 55.259 55.349 55.434 55.499 55.569 55.756 56.629 55.616 55.326 55.269 55.159 55.006 54.896 57.771 58.689 58.064 55.039 54.769 54.696 55.819
85.401 85.141 88.594 88.604 87.194 74.671 65.461 65.461 65.389 65.456 65.389 65.419 65.441 65.431 65.419 65.416 65.454 64.941 57.251 56.371 56.391 56.409 56.436 56.406 56.409 55.239 48.964 48.954 49.029 49.084 49.154 49.119 49.034 49.066 49.104 49.141 49.164 49.306 55.869 55.824 58.619 59.101 59.329 58.661 55.739 55.764 55.561 55.329 55.134 55.131 55.191 55.271 55.371 55.444 55.496 55.586 55.691 56.714 55.461 55.306 55.186 55.049 54.931 54.854 54.796 55.094 54.949 54.869 54.764 54.684 54.486
80.501 80.239 80.571 82.311 80.336 75.141 65.474 65.391 65.376 65.391 65.411 65.436 65.404 65.436 65.414 65.416 65.421 65.426 62.454 56.294 56.281 56.306 56.324 56.546 56.636 56.321 48.901 48.846 48.914 48.981 49.031 49.014 48.969 48.966 48.996 50.699 49.069 49.171 53.486 56.204 56.174 57.384 58.826 55.934 56.026 55.591 55.481 55.209 55.109 55.144 55.214 55.299 55.754 55.449 55.521 55.619 55.821 55.541 55.436 55.336 55.134 54.964 54.841 54.749 54.691 54.681 54.719 54.731 54.719 54.581 54.271
80.049 80.514 79.989 76.529 65.451 71.419 65.464 65.414 65.401 65.424 65.381 65.399 65.401 65.436 65.444 65.396 65.456 65.431 64.004 56.226 56.196 56.214 56.236 56.446 56.239 56.226 50.606 48.769 48.814 48.879 48.924 48.946 48.929 48.864 48.904 50.391 48.974 49.009 49.984 56.024 56.271 56.346 56.106 55.616 56.056 55.526 55.696 55.184 55.131 55.164 55.246 55.771 55.399 55.446 55.619 55.654 56.139 55.549 55.306 55.284 55.104 54.884 54.761 54.669 54.609 54.616 54.629 54.671 54.641 54.441 54.166
80.021 80.594 82.019 80.309 71.564 65.461 65.469 65.411 65.409 65.426 65.371 65.394 65.389 65.391 65.419 65.429 65.424 65.459 65.426 59.164 56.109 56.111 56.149 56.191 56.154 56.159 55.186 48.754 48.721 48.771 48.826 48.881 48.816 48.771 48.806 49.619 49.126 48.911 49.036 55.746 56.249 56.236 55.559 55.554 55.786 55.599 55.731 55.209 55.119 55.201 55.279 55.341 55.409 55.509 55.644 56.679 55.671 55.476 55.321 55.134 55.084 54.839 54.701 54.651 54.641 54.609 54.584 54.549 54.479 54.304 54.044
80.084 80.104 79.401 72.914 72.591 65.461 65.446 65.389 65.416 65.429 65.429 65.406 65.404 65.434 65.379 65.359 65.406 65.424 65.434 65.241 56.191 56.046 56.076 56.101 56.276 56.059 56.089 48.706 48.619 48.666 48.724 48.779 48.761 48.711 48.736 48.751 48.789 48.816 48.911 53.541 56.166 56.276 55.741 55.814 56.149 55.709 55.189 55.136 55.146 55.216 55.296 55.359 55.416 55.599 55.801 56.151 55.539 55.379 55.224 55.029 55.029 54.744 54.599 54.566 54.511 54.464 54.411 54.331 54.251 54.141 53.976
88.559 84.726 75.584 66.521 68.736 65.459 65.406 65.431 65.439 65.456 65.389 65.389 65.394 65.369 65.361 65.384 65.406 65.411 65.454 62.141 56.669 55.959 55.996 56.024 56.456 55.979 55.999 50.149 48.529 48.574 48.624 48.679 48.679 48.689 48.641 48.674 48.694 48.716 48.746 49.431 55.424 55.539 56.151 56.316 55.659 55.311 55.161 55.089 55.166 55.236 55.314 55.374 55.491 55.626 56.636 55.581 55.419 55.279 55.076 54.869 54.871 54.594 54.491 54.426 54.326 55.401 59.264 54.164 54.116 54.016 53.906
88.596 88.606 88.464 73.516 65.466 65.471 65.429 65.404 65.389 65.379 65.391 65.391 65.371 65.369 65.369 65.354 65.374 65.404 65.446 65.376 60.629 55.876 55.914 55.949 56.016 55.891 55.926 54.164 48.491 48.481 48.526 48.569 48.631 48.614 48.546 48.586 48.606 48.629 48.651 48.771 55.924 55.781 56.376 56.326 55.754 55.119 55.059 55.124 55.189 55.261 55.326 55.376 55.586 55.674 56.379 55.461 55.299 55.139 54.954 54.744 54.699 54.474 54.401 54.286 54.156 54.516 58.741 55.444 53.979 53.971 53.881
85.294 86.476 84.119 76.316 65.464 65.424 65.446 65.424 65.424 65.394 65.379 65.389 65.381 65.366 65.386 65.376 65.369 65.381 65.389 65.371 61.586 55.824 55.839 55.874 55.921 56.359 55.846 55.879 48.469 48.391 48.419 48.479 48.526 48.506 48.461 48.494 48.521 48.539 48.561 48.641 55.846 56.006 56.336 55.564 55.119 55.061 55.064 55.136 55.216 55.291 57.119 55.494 55.601 56.041 55.359 55.246 55.084 54.934 54.781 54.604 54.509 54.364 54.334 54.171 54.011 56.189 56.544 54.469 53.916 53.924 53.884
88.609 88.131 82.236 69.176 65.466 65.401 65.419 65.406 65.431 65.401 65.384 65.361 65.364 65.361 65.364 65.351 65.364 65.389 65.351 65.369 63.384 55.799 55.786 55.819 55.869 56.714 56.736 55.804 48.576 48.336 48.404 48.381 48.429 48.414 48.394 48.394 48.431 48.456 48.466 48.499 53.601 55.469 55.579 55.256 55.086 55.001 55.086 55.174 55.236 55.304 56.771 55.556 56.086 55.576 55.201 54.969 54.816 54.731 54.591 54.481 54.341 54.259 54.226 54.076 54.614 56.514 56.849 57.789 57.201 54.794 53.901
87.956 88.606 74.821 65.649 65.461 65.399 65.419 65.414 65.399 65.394 65.394 65.369 65.356 65.389 65.359 65.341 65.346 65.351 65.364 65.421 65.386 59.586 55.739 55.774 55.814 56.301 55.721 55.731 51.049 48.231 48.749 48.294 48.329 48.374 48.351 48.306 48.344 48.364 48.391 48.396 49.236 55.354 55.484 55.081 54.981 55.031 55.121 55.199 55.259 55.304 55.489 55.614 56.804 55.244 54.914 54.959 55.836 54.531 54.416 54.346 54.481 54.171 54.119 53.946 56.524 56.511 57.206 57.846 57.054 53.879 53.866
79.996 73.856 72.731 65.471 65.411 65.409 65.406 64.959 65.396 65.396 65.399 65.386 65.374 65.396 65.366 65.336 65.349 65.354 65.351 65.374 65.389 62.799 55.689 55.731 55.781 55.851 55.669 55.684 54.866 48.184 48.766 48.206 48.249 48.306 48.279 48.216 48.246 48.274 48.291 48.311 48.404 55.294 55.141 55.024 54.976 55.051 55.134 55.206 55.274 55.361 55.504 56.421 55.716 55.034 54.749 54.676 54.551 54.419 54.264 54.184 54.201 54.081 53.984 54.614 56.529 56.501 57.484 57.789 56.886 53.904 53.886
80.014 68.376 72.949 65.464 65.436 60.516 57.784 57.746 59.009 60.624 65.461 65.431 65.404 65.384 65.364 65.351 65.379 65.361 65.346 65.361 65.381 64.789 55.829 55.694 55.744 55.791 55.769 55.621 55.634 48.131 48.064 48.101 48.169 48.196 48.219 48.141 48.154 48.179 48.201 48.221 48.861 55.191 55.116 55.059 55.001 55.069 55.151 55.229 55.294 55.471 55.524 56.419 54.991 54.774 54.679 54.529 54.411 54.314 54.111 54.024 54.019 53.954 53.939 62.429 56.509 56.529 57.321 57.671 56.744 54.684 54.661
71.226 75.244 65.464 62.884 57.834 57.841 57.776 57.699 57.596 57.476 57.464 58.541 61.259 63.306 65.386 65.384 65.379 65.374 65.384 65.391 65.434 63.036 55.916 55.666 55.699 55.751 55.959 55.571 55.569 48.374 47.969 48.016 48.066 48.109 48.171 48.084 48.056 48.079 48.104 48.124 53.724 55.176 55.126 55.089 55.041 55.114 55.191 55.251 55.414 55.506 56.416 55.339 54.829 54.671 54.544 54.394 54.291 54.191 54.019 53.906 53.856 53.841 53.879 53.926 56.516 56.581 57.474 57.524 56.611 56.431 56.479
66.491 75.694 57.844 57.854 58.396 57.889 57.741 57.639 57.541 57.416 57.294 57.174 57.039 56.991 57.586 60.746 63.571 65.396 65.394 65.416 65.399 61.036 55.784 55.656 55.666 55.714 56.016 55.526 55.519 50.921 47.904 47.926 47.974 48.016 48.074 48.046 47.966 47.999 48.019 53.589 55.201 55.159 55.129 55.026 55.086 55.149 55.221 55.289 55.474 55.729 56.499 54.904 54.716 54.546 54.344 54.201 54.156 54.119 54.046 53.934 53.801 54.846 55.329 54.089 56.529 54.019 53.911 53.924 54.561 55.416 56.486
66.296 62.231 58.411 58.201 57.956 57.769 57.631 57.601 57.601 57.384 57.244 57.124 56.976 57.016 57.016 57.024 57.024 57.009 58.756 63.704 64.959 57.016 55.769 55.669 55.646 55.699 55.856 55.571 55.484 54.289 47.866 48.036 47.884 47.934 48.009 47.971 47.874 49.291 48.911 55.219 55.179 55.156 55.039 55.089 55.134 55.189 55.259 55.444 55.506 56.636 54.906 54.796 54.606 54.346 54.131 54.016 54.014 54.086 54.039 53.919 53.736 56.664 59.106 58.946 58.811 51.624 52.734 52.881 53.919 53.914 53.919
65.451 58.874 59.094 57.846 57.774 57.729 57.604 57.571 57.599 57.524 57.439 57.359 56.981 57.011 57.056 57.034 57.031 57.001 56.929 56.621 55.801 55.769 55.739 55.686 55.621 55.654 55.746 55.456 55.449 55.386 47.834 47.759 47.799 47.844 47.899 47.896 47.789 49.751 55.229 55.191 55.179 55.099 55.086 55.141 55.179 55.246 55.424 55.496 56.019 55.156 54.821 54.679 54.466 54.181 53.926 54.091 54.284 53.914 53.911 53.769 53.709 55.669 59.676 59.736 59.709 51.829 52.199 51.846 51.861 51.909 51.891
62.789 57.789 57.814 57.796 57.766 57.654 57.584 57.536 58.866 57.941 57.496 57.359 80.484 90.474 82.079 78.641 70.196 66.081 56.939 56.279 55.779 55.759 55.724 55.699 55.611 55.616 55.694 55.509 55.394 55.401 47.911 47.669 47.706 47.749 47.786 47.834 47.729 53.934 55.209 55.186 55.156 55.086 55.131 55.184 55.234 55.369 55.454 55.496 56.544 54.924 54.786 54.609 54.324 54.051 54.764 57.344 57.781 56.784 53.864 53.726 53.694 56.756 58.769 58.911 59.079 51.819 51.851 51.871 51.884 51.871 51.879
57.694 57.809 57.799 57.781 57.771 57.606 57.549 57.509 57.471 58.031 57.501 57.261 80.286 87.434 113.319 90.896 112.191 82.379 68.531 55.961 55.791 55.756 55.719 55.691 55.581 55.589 55.636 55.751 55.361 55.349 49.589 47.586 47.619 47.666 47.706 47.771 52.286 55.241 55.189 55.169 55.081 55.129 55.164 55.226 55.296 55.449 55.471 56.384 55.084 54.856 54.726 54.511 54.206 53.974 56.274 57.501 57.614 56.619 53.976 53.701 53.566 52.661 51.786 52.144 52.609 51.869 51.904 51.914 51.919 51.901 51.891
57.851 57.826 57.796 57.771 57.754 57.589 57.521 57.481 57.491 57.436 57.306 69.501 90.849 98.269 110.149 118.666 117.726 104.294 101.459 86.529 55.779 55.756 55.719 55.671 55.581 55.576 55.614 55.889 55.321 55.334 53.239 47.531 47.519 47.569 47.606 49.474 55.391 55.219 55.191 55.094 55.126 55.161 55.226 55.274 55.449 55.471 55.566 56.471 54.861 54.781 54.649 54.406 54.114 53.994 56.686 57.679 57.459 56.401 53.834 53.716 53.239 51.781 51.809 51.816 51.866 51.891 51.926 51.921 51.939 51.941 51.874
57.871 57.841 57.791 57.821 57.684 57.551 57.486 57.516 58.186 57.971 57.119 73.956 107.669 108.816 121.854 115.354 106.599 109.369 102.161 57.124 55.739 55.721 55.709 55.661 55.576 55.569 55.589 55.896 55.354 55.346 55.624 47.471 47.436 47.471 47.506 54.631 55.246 55.211 55.141 55.124 55.166 55.211 55.269 55.439 55.491 55.536 55.531 55.391 54.861 54.709 54.524 54.286 54.054 53.904 56.851 57.819 57.291 56.324 53.806 53.716 52.974 51.761 51.826 51.859 51.879 51.904 51.949 51.956 51.944 51.944 51.849
