dsm/se3035_DSM_2M.asc
ncols 500
nrows 500
xllcorner    430000
yllcorner    435000
cellsize     2
NODATA_value -9999
[rows 256 to 287 of 500, columns 213 to 283 of 500]
59.094 58.756 58.861 58.779 58.949 59.099 59.299 59.609 59.824 60.056 60.104 60.026 59.974 59.936 58.749 57.381 55.996 55.464 55.631 55.449 55.499 55.526 55.584 55.729 55.681 55.464 55.504 55.526 55.526 55.629 55.679 55.594 56.154 56.941 58.119 59.044 60.106 58.789 58.781 58.676 58.611 58.629 58.831 63.806 65.654 66.584 64.984 58.756 58.684 58.554 59.091 61.019 58.031 58.104 58.104 58.224 58.626 58.714 58.796 59.049 59.101 65.414 66.464 66.361 65.009 59.971 59.226 59.664 59.694 62.514 59.439
58.574 58.644 58.531 58.669 58.846 59.014 59.259 59.619 59.849 59.909 59.876 59.779 59.754 59.669 58.551 57.101 55.889 55.316 55.496 55.314 55.359 55.389 55.461 55.604 55.476 55.344 55.379 55.406 55.391 55.536 55.566 55.471 56.079 56.851 58.076 58.936 59.944 58.774 58.726 58.656 58.609 58.569 58.694 64.061 65.386 65.509 64.959 58.596 58.541 58.254 58.231 58.041 57.926 58.009 58.004 58.116 58.676 58.671 58.819 58.921 58.999 64.166 65.184 65.311 63.996 59.149 59.196 59.274 59.704 59.309 59.101
58.361 58.406 58.376 58.579 58.744 58.956 59.241 59.539 59.751 59.734 59.671 59.566 59.564 59.496 58.256 56.936 55.681 55.171 55.371 55.181 55.224 55.259 55.339 55.461 55.291 55.216 55.244 55.261 55.251 55.424 55.434 55.339 56.016 56.824 58.049 58.881 58.974 58.774 58.741 58.711 58.681 58.664 58.646 61.604 61.964 62.156 62.194 58.851 58.474 58.321 58.151 57.906 57.814 57.904 57.884 58.009 58.389 59.029 59.049 59.874 60.506 58.886 59.896 59.841 59.166 59.306 59.201 60.421 62.216 59.546 59.014
58.226 58.076 58.316 58.514 58.656 58.851 59.129 59.336 59.489 59.504 59.441 59.409 59.334 59.289 58.096 56.801 55.441 55.036 55.229 55.056 55.094 55.129 55.226 55.331 55.081 55.079 55.114 55.146 55.134 55.301 55.299 55.199 55.921 56.786 58.089 58.724 58.666 58.851 59.144 59.319 59.586 59.944 60.701 60.684 60.324 60.024 60.089 59.796 59.704 58.934 59.391 60.694 57.726 57.774 57.759 57.951 58.156 58.274 58.394 63.474 63.709 61.936 59.306 58.676 59.216 59.206 59.891 61.694 62.991 59.341 59.046
57.884 58.021 58.229 58.406 58.596 58.819 59.119 59.276 59.301 59.256 59.174 59.126 59.126 59.099 57.899 56.624 55.254 54.916 55.101 54.919 54.974 55.006 55.106 55.149 54.929 54.954 54.986 55.019 54.996 55.189 55.151 55.066 55.769 56.609 57.829 58.516 59.526 58.381 58.399 58.396 58.409 58.406 58.109 62.239 59.804 60.029 58.249 58.186 58.134 58.414 59.481 58.726 57.629 57.661 57.649 59.221 58.166 58.256 58.339 64.124 64.999 64.724 63.094 58.484 58.839 58.914 58.941 59.106 60.579 58.969 58.849
57.741 57.964 58.159 59.176 58.559 58.819 59.054 59.126 59.076 59.014 58.926 58.904 58.896 58.894 57.691 56.301 55.079 54.794 54.959 54.794 54.846 54.891 54.994 54.949 54.799 54.814 54.869 54.881 54.856 55.044 55.041 54.966 55.729 56.511 57.526 58.321 59.346 58.294 58.261 58.539 58.234 58.166 57.864 63.504 64.429 64.236 63.616 58.156 57.944 57.934 57.766 57.496 57.521 57.539 57.576 59.646 59.446 58.841 58.479 64.289 65.594 64.889 62.281 59.561 58.776 58.844 58.876 58.941 60.911 58.856 58.739
57.696 57.894 58.149 58.499 59.301 58.734 58.946 58.899 58.836 58.791 58.744 58.696 58.709 58.706 57.551 56.126 54.946 54.689 54.834 54.674 54.714 54.756 54.879 54.749 54.676 54.691 54.744 54.776 54.729 54.939 54.916 54.851 55.624 56.419 57.414 58.159 59.599 58.701 58.184 58.166 58.184 58.159 58.169 63.714 65.286 64.999 63.431 57.889 57.846 58.401 57.631 57.364 57.394 57.426 57.496 59.079 57.959 58.086 58.639 64.466 65.719 64.696 61.719 60.536 59.476 58.984 58.821 62.869 59.339 58.779 58.634
57.639 57.814 58.056 60.729 62.749 62.206 63.221 59.504 59.001 58.694 58.724 58.616 58.666 58.291 57.239 56.041 54.944 54.549 54.704 54.546 54.584 54.629 54.749 54.596 54.546 54.561 54.614 54.636 54.611 54.786 54.789 54.726 55.626 56.349 57.386 58.054 58.736 57.961 57.879 57.816 57.859 58.659 59.279 63.919 65.964 64.846 63.234 57.849 57.831 57.904 58.626 57.234 57.306 57.306 57.406 57.724 57.914 57.979 60.746 64.649 65.739 64.496 59.291 58.601 59.974 60.661 61.506 60.416 60.219 58.726 58.589
57.551 57.791 58.061 58.341 58.704 64.366 64.399 63.504 64.349 59.924 58.324 58.349 58.429 58.531 57.279 55.766 54.694 54.426 54.569 54.964 54.461 54.516 54.621 54.451 54.426 54.439 54.479 54.514 54.479 54.671 54.654 54.629 55.489 56.201 57.259 57.924 58.934 57.886 57.851 57.806 57.741 57.684 59.161 64.061 65.656 64.609 60.341 57.589 57.521 57.749 59.001 57.109 57.186 57.196 57.429 58.314 58.619 59.129 62.331 64.826 65.694 64.306 59.609 58.396 59.531 60.581 59.199 59.374 61.029 58.641 58.421
57.531 57.791 58.301 58.869 58.536 61.471 64.154 64.314 64.599 61.199 58.236 58.249 58.459 58.279 57.081 55.574 54.466 54.304 54.434 54.456 54.341 54.389 54.494 54.296 54.294 54.321 54.374 54.399 54.341 54.531 54.519 54.529 55.431 56.091 57.229 57.771 58.149 57.736 57.744 57.729 57.699 57.821 59.849 64.179 64.504 64.404 59.206 57.546 57.484 57.334 57.084 57.009 57.101 57.094 57.564 57.606 58.081 58.029 63.699 65.034 65.481 64.189 58.786 61.314 60.951 61.164 61.026 61.746 58.856 58.506 58.251
57.836 58.584 57.986 57.951 58.046 59.599 64.556 64.321 64.331 60.906 58.156 58.239 58.379 58.086 56.826 55.396 54.301 54.181 54.279 54.169 54.219 54.261 54.361 54.169 54.166 54.196 54.256 54.259 54.224 54.399 54.411 54.424 55.304 56.144 57.306 57.606 58.661 58.949 58.399 57.791 57.671 57.706 58.701 60.196 60.566 62.409 58.849 57.491 57.426 57.276 56.946 56.924 57.011 56.989 58.441 57.579 57.734 57.771 63.649 65.186 65.294 63.994 58.341 58.394 58.546 58.594 59.259 61.636 58.456 58.374 58.066
60.104 58.214 57.844 57.661 57.514 57.849 64.004 64.319 64.341 61.134 58.046 58.089 58.101 57.999 56.651 55.129 54.126 54.086 54.151 54.031 54.196 54.129 54.231 54.016 54.019 54.066 54.119 54.139 54.086 54.324 54.271 54.336 55.151 55.981 57.199 57.436 58.186 57.471 57.484 57.521 58.041 58.561 58.504 58.704 58.284 57.751 57.744 57.486 57.326 57.119 56.836 56.841 56.911 56.874 58.579 58.524 58.739 58.551 64.029 65.371 65.116 63.721 58.266 58.424 59.064 58.629 58.879 58.929 58.359 58.211 57.871
58.721 57.439 57.344 57.121 56.811 57.686 63.286 64.324 64.516 62.634 57.564 57.791 59.761 57.794 56.474 55.021 53.964 53.919 53.991 53.914 53.966 54.004 54.091 53.879 53.899 53.936 53.991 53.989 53.954 54.191 54.131 54.206 55.004 55.879 57.026 57.254 57.959 57.369 57.369 57.394 57.369 57.194 61.526 59.684 59.416 57.524 56.956 57.539 58.336 58.146 56.709 56.736 56.781 56.774 57.864 57.346 57.521 57.896 64.209 65.584 64.959 62.894 60.354 59.636 59.244 59.389 61.094 61.756 58.214 58.024 57.694
57.216 56.916 56.584 56.464 56.419 61.094 63.424 64.329 64.336 62.536 56.971 57.224 57.564 57.604 56.236 54.884 53.824 53.816 53.849 53.901 53.834 53.874 53.954 53.756 53.769 53.799 53.856 53.861 53.824 54.039 54.006 54.091 54.901 55.784 56.919 57.071 57.579 57.324 57.324 57.376 58.134 56.904 62.694 63.619 63.299 62.561 56.869 56.769 56.779 56.751 56.584 56.649 56.671 56.686 57.294 57.369 57.554 58.311 64.371 65.661 64.776 62.101 57.961 58.051 58.194 58.839 62.746 62.096 58.076 57.811 57.439
56.624 56.126 56.046 56.071 56.121 61.744 64.161 64.334 59.999 56.249 57.486 56.799 57.154 57.424 56.336 54.721 53.676 53.709 53.711 53.649 53.704 53.749 53.811 53.619 53.656 53.674 53.721 53.741 53.696 53.919 53.876 53.979 54.791 55.679 56.716 56.906 58.521 58.304 57.916 57.319 56.811 57.344 63.024 64.559 63.764 61.436 56.951 56.916 56.689 56.741 56.461 56.519 56.696 56.699 56.941 57.466 57.736 60.456 64.579 65.716 64.599 59.129 57.994 58.036 58.114 60.706 61.454 58.654 57.936 57.631 57.226
55.991 55.979 55.991 56.576 63.329 64.876 64.376 63.794 57.779 56.246 56.394 56.586 56.896 57.176 56.064 54.561 53.529 53.596 53.559 53.526 53.579 53.619 53.661 53.484 53.511 53.549 53.594 53.609 53.566 53.761 53.751 53.879 54.679 55.601 56.631 56.754 56.936 56.674 56.659 56.714 56.936 57.989 63.321 65.811 63.471 59.531 56.794 57.026 56.934 56.526 56.319 56.429 56.834 56.516 57.014 57.206 57.481 61.389 64.751 65.711 64.446 58.711 60.031 59.804 59.376 61.764 62.484 58.221 57.721 57.416 57.059
55.971 55.956 57.206 63.881 65.056 66.386 65.484 60.221 56.384 56.186 56.311 56.419 56.666 56.976 55.844 54.344 53.401 53.456 53.436 53.406 53.451 53.494 53.529 53.361 53.371 53.434 53.471 53.476 53.446 53.634 53.614 53.781 54.506 55.441 56.531 56.616 57.359 56.644 56.661 56.634 56.614 60.619 63.601 64.716 63.166 57.536 56.764 56.796 57.034 56.986 56.196 56.306 56.309 56.621 57.006 57.174 57.271 61.141 64.891 65.571 64.231 57.861 57.921 57.961 58.029 59.131 61.071 57.734 57.564 57.274 56.919
55.921 59.026 61.914 65.304 66.631 66.826 65.549 62.891 55.974 56.019 56.104 56.229 56.454 56.694 55.586 54.179 53.251 53.329 53.294 53.279 53.326 53.361 53.394 53.224 53.246 53.291 53.349 53.349 53.351 53.496 53.476 53.671 54.396 55.316 56.414 56.504 56.921 56.626 56.651 56.639 56.674 62.429 63.179 63.446 62.804 56.804 56.736 56.654 56.661 56.941 56.096 56.196 56.171 56.656 57.941 57.966 57.844 63.784 65.259 65.381 64.071 58.359 57.884 57.936 58.014 59.774 60.781 57.616 57.406 57.131 56.811
62.441 62.561 65.556 66.866 66.601 65.299 57.169 56.016 55.916 55.576 55.644 56.029 56.209 56.389 55.306 54.001 53.129 53.199 53.121 53.151 53.196 53.234 53.251 53.101 53.111 53.169 53.231 53.234 53.244 53.374 53.314 53.576 54.346 55.246 56.259 56.526 56.384 56.389 57.426 57.806 57.039 56.796 57.481 59.631 61.431 56.569 56.579 56.546 56.576 56.144 56.004 56.069 56.051 56.746 56.836 56.961 57.054 63.964 65.266 65.199 64.274 60.089 59.896 59.114 58.564 60.154 57.604 57.441 57.174 56.939 56.621
63.159 65.821 67.024 66.494 65.079 58.211 56.019 55.991 55.709 55.556 55.534 55.841 55.926 57.394 55.171 53.836 53.004 53.081 53.009 53.029 53.081 53.114 53.099 52.981 52.981 53.031 53.106 53.091 53.111 53.246 53.184 53.491 54.279 55.124 56.136 56.604 56.161 56.064 56.071 56.124 55.841 55.984 57.194 57.749 57.674 56.771 56.511 56.441 56.551 55.901 55.874 55.939 55.946 57.541 56.934 57.094 57.309 64.131 65.036 65.009 63.729 57.459 57.459 57.624 57.924 60.956 57.516 57.304 56.991 56.716 56.466
66.121 67.124 66.141 64.951 55.984 55.976 55.966 55.799 55.804 55.539 55.746 55.701 55.606 55.569 55.056 53.726 52.864 52.979 52.859 52.914 52.964 52.979 52.949 52.839 52.861 52.939 53.074 52.959 52.984 53.119 53.076 53.364 54.176 55.106 56.084 56.904 55.921 55.901 55.871 55.846 58.771 61.249 59.351 56.616 55.949 56.121 57.139 57.294 56.691 55.746 55.789 55.811 55.831 57.041 56.759 57.174 57.344 62.511 63.156 64.006 62.461 57.381 57.451 57.494 58.119 61.216 57.326 57.131 56.824 56.521 56.304
67.009 65.884 64.651 55.969 55.964 55.894 55.596 54.484 55.161 55.686 55.554 55.356 55.234 55.144 54.901 53.594 52.721 52.861 52.729 52.786 52.826 52.851 52.794 52.711 52.731 52.786 52.854 52.829 52.879 52.981 52.931 53.264 54.074 55.024 55.976 56.731 56.194 55.819 55.811 55.796 61.324 62.721 62.446 61.644 55.961 55.779 55.779 55.821 55.741 55.614 55.669 55.674 55.769 56.529 57.904 59.254 58.749 58.114 57.834 57.664 57.354 57.334 57.394 57.486 58.161 57.514 57.214 56.971 56.686 56.381 56.149
65.659 60.766 55.954 55.869 55.826 55.499 54.514 54.456 54.546 55.301 55.181 54.969 54.889 54.874 54.714 53.484 52.606 52.754 52.601 52.659 52.694 52.731 52.654 52.579 52.614 52.656 52.741 52.696 52.771 52.861 52.804 53.159 53.984 55.039 55.891 56.471 55.706 55.626 56.241 56.061 61.761 63.284 62.809 61.311 55.709 55.814 55.824 55.849 56.334 55.501 55.591 55.561 55.661 56.186 56.176 56.384 58.674 60.551 59.126 57.164 57.806 59.426 59.821 59.301 60.494 59.654 57.059 56.831 56.501 56.261 56.006
58.909 55.956 55.884 55.766 55.586 54.524 54.454 54.431 54.439 54.714 54.806 54.701 54.596 54.616 54.446 53.224 52.454 52.589 52.461 52.529 52.566 52.599 52.509 52.461 52.479 53.001 52.606 52.589 52.644 52.741 52.696 53.129 53.924 55.016 55.734 56.306 55.536 55.484 55.546 58.191 62.174 63.771 62.444 59.816 55.801 55.724 55.751 55.804 57.216 55.384 55.499 55.476 55.676 56.059 56.159 56.276 59.794 62.984 62.844 62.509 56.989 56.881 57.036 57.216 60.624 57.174 56.911 56.676 56.369 56.216 55.931
55.891 55.799 55.144 55.481 55.014 55.074 54.476 54.416 54.691 54.424 54.304 54.304 54.301 54.381 54.176 52.946 52.311 52.474 52.356 52.409 52.446 52.486 52.356 52.336 52.361 52.731 52.494 53.019 52.554 52.586 52.581 53.046 53.844 54.966 55.666 55.809 55.506 55.476 55.514 60.986 62.564 63.394 61.899 56.569 56.429 56.894 56.651 56.101 56.351 55.209 55.299 55.294 56.046 56.106 56.161 56.294 60.204 63.264 63.736 62.446 56.946 56.831 56.944 57.281 59.179 56.996 56.764 56.521 56.236 56.014 55.751
55.666 55.204 55.274 54.994 55.169 55.034 54.839 54.709 54.559 54.186 53.424 53.789 54.006 54.059 53.824 52.741 52.186 52.341 52.229 52.281 52.309 52.364 52.221 52.336 52.246 52.296 52.354 52.556 52.471 52.474 52.444 52.919 53.759 54.934 55.474 56.299 55.694 55.516 55.534 60.084 61.601 62.016 61.464 55.809 55.496 55.466 55.499 56.626 55.529 55.099 55.164 55.166 56.119 55.756 55.961 56.429 62.156 63.901 63.559 62.534 57.399 57.031 56.896 57.654 59.056 56.896 56.631 57.684 56.134 55.851 55.621
55.201 55.399 55.349 55.234 54.984 54.811 54.674 54.491 54.296 53.989 53.286 53.509 53.719 53.739 53.476 52.621 52.044 52.189 52.101 52.156 52.181 52.234 52.051 52.074 52.236 52.174 52.234 52.194 52.346 52.326 52.326 52.831 53.759 54.919 55.294 55.734 55.221 55.551 55.876 55.634 55.459 56.514 58.566 55.399 55.411 55.406 55.406 57.831 55.019 54.984 55.034 55.054 56.596 55.736 55.949 56.069 62.309 63.586 63.389 61.939 56.346 56.631 56.841 58.406 59.959 56.719 56.494 56.246 55.929 55.709 57.554
55.319 55.221 55.054 54.896 54.781 54.659 54.446 54.266 54.056 53.809 53.454 52.821 53.096 53.294 53.116 52.474 51.924 52.059 51.974 52.016 52.049 52.104 51.909 51.941 52.096 52.061 52.104 52.046 52.221 52.186 52.206 52.734 53.664 54.851 55.104 55.164 55.104 55.001 57.784 55.256 55.354 56.141 55.676 55.431 55.371 55.304 55.284 55.589 54.851 54.874 54.894 54.924 56.076 55.709 55.969 56.189 62.304 62.549 62.734 61.081 56.281 56.496 56.561 56.574 56.686 56.561 56.321 56.039 56.486 55.556 55.311
54.719 54.644 54.554 54.424 54.316 54.206 54.059 53.884 53.704 53.376 52.876 52.621 53.016 52.949 52.779 52.249 51.781 51.941 51.844 51.946 52.099 51.984 51.766 51.811 51.979 51.939 51.964 51.921 52.106 52.036 52.084 52.641 53.636 54.791 54.944 55.054 55.044 56.136 60.809 60.901 59.859 56.081 54.969 55.651 56.179 55.471 55.329 55.036 54.684 54.751 54.759 54.816 55.991 55.591 55.849 56.031 56.169 56.231 57.269 56.464 56.291 56.416 56.506 56.549 56.591 56.414 56.176 55.871 58.076 55.409 55.141
53.796 53.796 53.771 53.709 53.629 53.576 53.491 53.334 53.144 52.976 52.759 52.559 52.716 52.594 52.336 51.866 51.669 51.811 51.714 52.301 52.081 51.854 51.659 51.689 51.759 51.806 51.836 51.784 52.016 51.924 51.979 52.639 53.546 54.696 54.789 55.786 55.494 58.961 61.376 62.396 61.509 59.519 54.836 54.819 54.774 54.934 55.811 56.051 54.529 54.609 55.321 54.711 56.744 56.299 56.826 56.554 56.319 56.124 56.161 56.189 56.264 56.336 56.434 56.536 56.711 56.316 56.061 55.711 55.441 55.234 55.074
52.656 52.729 52.784 52.816 52.751 52.746 52.776 52.756 52.589 52.494 52.426 52.309 52.199 52.329 51.966 51.541 51.504 51.704 51.574 51.704 51.646 51.724 51.519 51.586 51.631 51.679 51.699 51.646 51.866 51.791 51.849 52.519 53.511 54.666 54.874 54.909 55.014 60.574 62.014 62.526 60.939 55.661 54.854 54.861 54.734 54.536 54.609 55.211 54.384 54.461 55.374 54.584 55.406 55.419 55.476 55.589 55.696 55.709 55.706 56.299 56.996 57.134 56.991 58.531 58.951 56.246 55.926 55.619 55.319 56.004 56.149
51.771 51.739 51.734 51.689 51.684 52.919 52.244 51.871 51.859 51.869 51.949 52.009 51.759 51.724 51.386 51.396 51.411 51.514 51.429 51.499 51.524 51.574 51.409 51.461 51.506 51.539 51.564 51.521 51.704 51.689 51.734 52.389 53.396 54.514 54.811 54.896 55.429 61.056 62.551 61.844 60.054 54.929 55.104 54.861 54.769 54.506 54.481 54.351 54.239 54.324 54.304 54.409 55.151 55.499 55.531 55.689 55.504 56.204 61.114 56.316 55.849 55.964 56.094 59.946 60.391 56.039 55.816 55.439 55.171 54.959 54.774
