dsm/se3037_DSM_2M.asc
ncols 500
nrows 500
xllcorner    430000
yllcorner    437000
cellsize     2
NODATA_value -9999
[rows 330 to 359 of 500, columns 340 to 407 of 500]
123.512 123.502 123.422 123.309 123.389 123.544 123.547 125.697 131.154 132.407 133.529 133.012 131.837 126.227 123.017 125.114 125.557 123.444 123.137 123.204 122.667 122.689 122.657 122.697 125.194 126.422 129.284 130.164 128.877 126.307 122.284 122.464 122.087 122.069 122.062 121.967 122.107 122.497 122.112 123.422 122.402 122.167 122.159 123.194 122.279 122.052 122.064 122.227 123.117 122.859 121.897 121.707 121.652 121.334 128.909 128.942 127.484 121.284 121.434 121.429 121.412 121.392 121.074 119.839 119.784 119.694 119.644 119.559
123.554 123.472 123.359 123.374 123.602 123.462 123.867 130.949 133.207 133.162 133.302 132.927 132.982 123.412 123.357 123.219 123.847 123.082 123.149 122.877 122.672 122.657 122.624 123.197 125.664 128.609 130.099 130.784 129.849 122.474 122.379 122.189 122.112 122.124 122.072 122.049 122.352 122.104 122.524 128.647 122.534 122.159 122.499 125.062 125.132 124.532 122.054 122.227 122.032 121.809 121.697 121.654 121.624 121.537 121.289 121.947 123.302 121.424 121.499 121.429 121.397 121.644 119.887 121.299 119.767 119.739 119.659 120.414
123.544 123.659 123.337 124.247 123.662 123.587 128.097 131.634 132.769 133.599 132.444 131.712 128.404 127.119 124.247 123.092 123.039 123.079 123.592 122.687 122.672 122.632 122.692 124.532 127.439 129.422 130.014 129.362 126.864 122.969 122.457 122.147 122.164 122.147 122.077 122.384 122.154 122.709 127.744 129.624 129.424 124.422 122.162 122.424 124.389 125.129 123.057 122.084 121.842 121.819 121.727 124.292 126.124 121.557 121.519 121.337 121.184 121.302 122.009 121.452 121.407 121.319 120.039 119.902 119.829 119.769 120.094 120.174
123.752 124.319 123.912 124.122 124.102 127.502 131.442 132.449 133.614 132.799 131.802 129.969 128.132 128.099 126.909 123.479 123.069 123.344 123.419 125.434 124.619 122.607 122.472 122.467 128.804 130.232 129.177 128.314 122.359 122.342 122.269 122.197 122.207 122.139 122.134 122.814 122.964 128.384 128.954 129.994 128.572 122.174 122.027 122.194 122.129 122.414 123.212 122.432 121.972 121.699 121.712 127.442 128.094 127.477 123.197 121.467 121.352 121.019 120.747 121.554 121.942 120.007 121.042 119.894 119.872 119.804 119.702 119.777
123.619 123.457 124.137 124.204 124.039 130.912 133.284 133.239 133.177 132.014 130.812 124.177 123.769 123.442 126.124 123.039 124.114 123.402 123.822 125.607 125.757 125.914 125.892 127.287 129.642 129.249 127.384 125.229 122.597 122.324 122.229 122.264 122.224 122.134 122.314 122.422 127.134 129.479 129.769 129.224 126.924 124.724 121.954 121.977 122.387 122.272 121.812 121.707 123.217 122.219 125.367 128.032 129.024 128.314 127.252 121.962 121.342 121.009 120.679 120.404 120.087 119.929 120.617 119.939 119.902 119.832 119.802 120.124
123.762 123.557 123.642 123.959 130.414 132.002 132.904 133.534 132.389 131.159 124.354 123.624 123.522 123.734 123.172 123.412 123.214 123.069 122.539 122.544 122.962 125.047 125.629 125.789 125.029 128.149 122.992 122.367 122.622 122.299 122.297 122.292 122.222 122.197 122.469 122.397 129.357 130.044 129.894 128.414 125.309 122.079 121.957 121.952 122.797 121.917 121.789 121.579 124.204 124.532 127.559 128.642 128.834 127.712 125.759 121.472 121.589 121.489 120.554 120.254 120.042 119.974 120.002 119.989 119.924 119.832 119.912 120.809
123.572 123.904 123.677 125.542 131.484 133.119 133.659 132.747 131.489 128.857 123.982 123.229 123.879 123.269 123.339 127.664 122.624 122.584 122.574 122.522 124.952 125.672 125.329 123.567 122.592 122.507 122.437 122.377 122.352 122.304 122.354 122.317 122.207 122.702 122.392 124.102 128.532 129.884 129.662 123.734 124.157 122.167 121.957 122.094 122.382 123.799 121.724 121.459 121.787 126.504 128.139 129.112 128.762 125.944 122.529 121.532 121.474 121.449 121.404 120.279 120.027 120.052 120.059 120.024 120.097 119.932 120.282 120.894
124.062 123.744 125.512 131.017 132.234 133.399 133.009 131.489 130.327 128.067 124.589 123.722 123.197 123.584 123.894 124.989 122.602 122.604 122.557 127.827 128.659 128.377 127.509 122.534 123.269 123.217 122.452 122.387 122.299 122.357 122.379 122.277 122.359 122.429 122.297 124.654 129.224 130.172 128.077 122.347 122.532 123.199 122.292 123.069 124.117 123.257 121.732 121.654 123.814 127.609 128.347 128.694 127.594 125.814 121.559 121.714 121.644 121.459 121.447 120.214 120.099 120.129 120.107 120.134 121.152 120.049 120.747 120.692
124.407 124.394 130.512 132.499 133.012 133.399 132.192 131.017 126.994 125.179 124.777 123.229 123.197 123.947 127.212 122.604 122.609 122.587 122.537 128.719 129.869 129.599 128.424 122.509 122.472 122.454 122.579 122.374 122.357 122.399 122.359 122.267 123.064 122.302 122.287 128.612 130.014 129.902 125.514 122.352 121.952 123.092 124.027 121.859 122.154 123.959 122.122 122.259 121.684 123.817 127.269 127.844 125.549 121.422 121.437 121.439 121.447 121.492 120.747 120.187 120.174 120.174 120.142 120.352 120.309 120.682 120.877 121.127
124.327 129.169 131.989 132.769 133.629 132.529 131.367 125.962 123.484 123.329 123.367 123.687 123.512 123.719 123.527 123.027 122.672 122.647 123.389 129.029 130.259 129.374 128.137 122.629 122.524 122.477 122.647 122.359 122.402 122.424 122.362 122.304 122.774 122.367 122.204 122.152 129.214 126.459 122.129 122.084 121.992 124.389 122.854 121.789 121.764 121.707 121.697 122.252 121.837 121.614 121.467 123.287 121.484 121.409 121.427 121.422 121.407 121.654 120.302 120.212 120.232 120.209 120.167 120.089 120.182 120.922 120.949 123.759
124.507 132.332 132.799 133.502 132.919 131.577 128.567 123.394 124.242 123.407 123.519 123.272 123.342 123.184 122.709 122.614 122.589 122.609 125.872 129.332 130.334 129.164 126.532 122.712 122.517 122.569 122.862 122.419 122.419 122.422 122.369 122.252 122.444 122.409 122.827 122.159 122.117 122.049 122.054 121.967 123.614 124.359 121.864 121.824 121.722 121.719 121.629 126.874 127.412 125.537 121.522 121.409 122.267 121.757 121.187 121.389 121.502 120.574 120.674 120.727 120.292 120.247 120.182 120.227 121.799 121.129 121.284 126.929
130.424 131.964 133.139 133.252 132.197 130.889 127.547 126.499 123.464 123.967 123.279 123.329 124.772 123.097 122.699 122.549 122.594 122.574 126.472 129.604 130.052 128.809 127.062 122.832 122.822 122.599 123.577 122.409 122.397 122.394 122.357 122.299 122.552 123.592 122.119 122.482 122.097 122.072 122.749 121.897 124.347 122.769 123.899 121.657 121.844 121.759 122.887 127.742 128.507 127.864 127.172 122.104 122.187 121.654 120.962 120.739 121.232 120.407 121.869 120.352 120.337 120.287 120.187 120.467 122.294 120.954 124.809 127.472
131.604 132.807 133.597 132.409 131.232 128.049 128.084 127.712 124.367 123.359 123.624 124.859 123.964 123.614 122.934 122.634 122.624 122.597 128.657 129.259 129.532 128.539 122.882 122.477 122.449 122.429 122.422 123.139 123.069 122.357 122.317 122.269 122.214 122.144 122.034 122.604 121.959 122.232 121.854 122.774 123.709 123.774 123.257 121.572 121.584 121.807 127.284 128.354 128.884 127.762 122.902 121.482 121.294 121.999 121.959 120.619 120.464 120.344 120.402 120.414 120.369 120.297 120.254 120.382 120.527 120.964 126.989 127.994
133.237 133.554 133.052 131.612 127.637 124.452 126.914 126.634 123.442 123.474 124.114 124.237 123.174 123.612 123.524 122.717 122.552 122.579 122.604 124.707 127.557 127.412 122.479 122.447 122.327 122.397 122.749 122.277 122.447 122.169 122.214 122.209 122.157 122.122 122.037 121.952 121.862 121.807 121.789 122.922 122.042 122.942 122.907 121.569 121.597 124.937 127.884 128.984 128.769 127.129 123.197 121.499 121.479 121.364 121.257 120.687 120.437 120.429 120.452 120.447 120.384 120.322 120.432 120.942 120.667 120.834 122.219 126.832
133.279 133.194 133.072 132.429 124.604 123.532 123.484 123.377 123.387 124.309 124.459 123.257 123.392 125.012 124.254 123.669 122.682 122.579 122.559 122.514 122.432 122.477 122.444 122.397 122.294 127.422 122.354 122.292 122.144 122.084 122.012 122.069 122.074 122.049 121.999 121.917 121.869 121.777 121.647 121.669 121.652 121.697 121.629 121.549 123.217 127.419 128.494 128.754 127.624 122.949 121.497 121.442 121.452 121.444 121.414 120.577 120.452 120.489 120.492 120.472 120.412 120.479 121.049 121.284 121.312 120.894 120.944 120.964
133.514 133.742 133.054 126.287 124.277 124.787 125.107 123.437 123.544 125.097 123.212 122.987 123.882 124.982 123.594 122.902 123.039 122.634 122.534 122.439 122.374 122.402 122.427 122.302 126.944 128.917 128.382 127.734 122.744 123.747 122.219 121.904 121.884 121.967 121.927 121.894 121.857 121.804 121.714 121.582 121.537 121.582 123.337 121.634 122.234 126.602 127.679 128.094 127.007 122.039 121.689 122.557 121.404 121.489 121.007 120.597 120.532 120.549 120.544 120.497 120.444 120.737 121.144 121.017 125.212 127.467 122.307 120.952
133.079 133.059 130.734 127.939 126.102 124.127 123.459 123.589 124.642 123.257 122.917 122.939 125.559 122.934 122.867 122.829 122.907 123.802 122.634 122.402 122.344 122.354 122.599 123.399 128.594 129.687 129.484 128.869 128.169 125.557 122.717 121.962 121.874 121.792 121.804 121.819 121.792 121.752 121.709 121.637 121.539 121.429 121.599 121.684 121.539 121.484 122.682 127.192 121.404 121.407 121.417 121.454 121.387 121.484 120.664 120.564 120.607 120.604 120.577 120.527 120.577 123.047 121.219 120.982 126.944 127.964 127.999 126.997
133.072 132.849 125.944 126.877 128.069 123.484 123.627 123.747 123.179 122.587 122.642 123.064 124.482 122.872 122.937 122.889 123.312 123.512 122.704 122.602 122.424 122.394 122.332 124.812 128.534 129.177 129.847 129.944 129.254 128.607 125.039 121.994 121.874 121.867 121.807 123.434 123.509 121.699 121.667 121.622 121.554 121.479 122.377 121.857 121.332 121.462 121.454 121.617 121.374 121.367 121.417 121.392 121.374 120.959 120.667 120.619 120.652 120.627 120.592 120.549 120.682 121.334 121.309 125.657 127.367 128.347 127.467 125.937
127.834 123.882 123.777 125.254 123.499 123.509 123.714 123.074 123.922 128.152 125.179 124.629 122.822 122.852 122.904 123.054 124.257 122.932 122.717 122.672 122.782 122.537 122.322 122.244 122.352 126.492 128.797 129.432 129.644 128.549 123.152 122.019 121.889 121.867 122.074 121.807 121.762 121.674 121.794 121.549 121.509 121.454 121.392 121.314 121.759 121.199 121.219 122.517 121.892 121.307 121.294 121.359 121.272 120.734 120.637 120.674 120.679 120.657 121.749 120.657 120.854 121.367 121.532 126.959 127.992 127.992 126.977 123.782
125.974 123.794 123.692 123.654 123.524 124.359 124.559 122.759 129.459 128.969 128.472 127.229 123.109 122.607 122.899 123.757 122.842 122.802 122.707 122.894 122.597 122.814 122.442 122.207 122.532 122.544 126.264 128.377 128.904 125.377 122.107 121.924 128.854 127.352 126.632 121.919 121.964 121.597 122.282 122.349 121.437 121.402 121.344 121.309 121.249 121.949 121.034 121.059 121.102 121.277 121.247 121.192 120.947 120.739 120.672 120.712 120.699 120.824 121.367 120.877 121.127 120.822 125.767 127.489 128.354 127.472 125.964 123.774
125.187 124.149 123.679 123.547 123.669 125.132 122.607 127.067 129.192 129.617 129.264 128.777 128.277 126.187 122.577 124.144 122.772 122.722 122.647 122.894 122.627 123.567 122.477 122.519 122.519 123.117 122.254 122.257 126.029 122.182 122.022 125.474 130.337 129.427 128.722 124.744 125.182 121.844 121.632 121.352 121.269 121.302 121.289 121.259 121.212 121.142 121.069 121.912 121.094 120.944 121.422 120.959 120.794 120.939 120.739 120.727 120.717 120.662 120.727 121.777 121.119 121.644 126.972 127.999 128.002 126.954 122.282 121.429
123.694 123.627 123.569 123.659 125.214 123.037 122.687 127.584 128.379 128.887 129.377 129.567 129.054 128.587 128.122 123.927 122.592 122.627 122.592 122.622 122.619 124.799 124.792 124.262 122.364 122.167 122.139 122.594 122.322 122.179 122.169 129.082 130.107 130.704 130.179 129.107 128.132 123.327 121.837 121.394 121.319 121.197 121.172 121.582 121.147 121.089 121.037 120.972 121.692 120.772 120.764 120.787 120.772 120.692 120.737 120.727 121.002 121.144 120.847 121.842 121.332 125.857 127.457 128.344 127.387 125.022 120.862 120.984
123.969 123.907 123.977 124.619 124.177 123.692 122.649 123.529 123.544 128.029 128.569 129.067 129.552 129.392 128.897 128.424 127.044 122.999 122.539 122.537 124.527 124.822 122.254 124.412 126.764 124.924 122.112 123.594 124.404 122.037 123.987 126.627 128.499 129.422 130.324 130.612 129.704 128.804 122.452 121.622 124.899 121.309 121.182 121.497 122.119 121.022 120.987 120.937 120.897 120.822 120.717 120.639 120.672 120.732 120.729 120.717 121.667 120.757 121.337 121.202 121.324 126.997 128.027 127.897 126.927 121.162 120.972 120.937
126.977 125.999 123.817 123.857 123.872 122.904 122.822 123.052 123.577 122.952 127.202 128.249 128.739 129.237 129.619 129.209 128.719 128.262 125.017 122.417 122.372 122.549 122.009 121.979 126.409 124.694 122.632 124.287 123.169 124.144 122.042 122.904 121.857 126.842 128.812 129.904 130.592 129.872 122.267 124.474 123.109 121.339 122.682 121.642 121.024 121.432 121.054 120.882 120.857 120.807 120.712 120.647 120.704 120.727 120.724 120.689 120.642 120.764 121.427 121.144 125.577 127.464 128.344 127.472 124.699 120.819 120.914 120.844
125.259 123.522 123.629 123.737 123.674 122.792 123.074 123.027 123.219 122.794 122.527 123.904 127.954 128.432 128.904 129.397 129.522 129.057 128.579 128.082 122.347 122.002 121.949 121.934 121.917 122.514 122.704 124.032 124.037 123.227 121.779 121.734 121.872 121.902 125.357 128.217 129.119 121.574 122.529 123.824 125.912 127.047 126.457 121.974 122.029 120.967 121.142 120.759 120.762 120.742 120.637 120.639 120.712 120.722 120.707 120.714 120.662 120.734 120.979 120.974 126.989 127.994 127.827 126.912 123.739 122.299 120.802 120.864
123.482 123.739 125.262 123.649 123.537 122.724 123.089 123.689 122.827 122.744 122.397 122.542 122.487 124.837 128.117 128.602 129.089 129.537 129.362 122.937 122.282 122.484 125.617 121.927 124.237 123.174 123.227 122.752 122.637 122.617 121.742 121.737 122.269 121.587 121.614 122.022 123.077 122.089 122.352 122.997 127.404 128.109 127.444 125.662 124.432 121.639 121.769 120.749 120.594 120.592 120.592 120.644 120.697 120.714 120.892 121.207 120.834 121.039 120.659 120.627 120.617 122.984 127.272 126.004 123.942 121.169 120.642 120.902
123.494 128.692 129.199 127.157 123.542 122.979 123.244 122.747 123.222 122.327 122.244 122.282 122.327 122.422 122.467 126.244 128.282 128.782 127.549 122.324 121.889 129.049 129.267 128.344 126.164 124.972 121.919 121.952 121.949 122.659 122.912 122.899 121.782 121.549 121.552 121.759 121.624 122.392 121.662 126.887 127.987 128.762 128.544 127.869 127.222 125.499 121.174 120.814 121.062 120.574 120.562 120.632 120.679 120.684 120.667 120.722 122.244 121.167 121.097 120.634 120.579 120.592 120.619 121.889 121.017 120.629 120.599 120.629
123.499 130.922 130.952 132.122 131.194 122.722 122.397 122.327 122.364 122.324 122.049 122.072 122.104 122.242 122.447 123.347 123.134 127.637 122.424 122.079 123.074 129.164 130.687 129.982 128.732 122.567 121.822 124.267 124.912 121.849 121.854 122.177 122.269 121.484 121.472 121.489 121.634 122.569 121.582 122.617 127.074 127.709 128.362 128.814 128.222 127.327 121.722 121.032 121.627 120.634 120.572 120.619 120.647 120.859 120.847 120.754 121.602 121.229 121.114 126.354 127.354 121.729 120.607 120.589 120.649 122.614 120.899 120.554
125.944 125.519 129.839 131.229 128.302 122.264 122.159 122.394 122.402 122.077 122.049 122.004 121.974 121.942 121.984 122.374 122.397 122.149 122.197 121.847 128.947 130.154 131.214 130.812 127.479 121.792 122.767 126.659 123.692 121.744 121.829 121.599 121.549 121.702 122.667 121.947 121.702 121.322 121.474 122.419 123.067 125.749 127.277 128.004 127.727 124.714 121.007 121.532 120.644 120.519 120.567 120.612 120.619 122.012 120.674 121.197 121.142 121.414 121.867 126.842 127.864 127.507 126.504 120.587 121.189 122.704 122.869 121.704
125.239 123.422 123.467 122.699 122.274 122.312 122.222 122.199 122.157 122.104 122.069 122.019 121.982 121.944 121.904 121.887 121.882 121.902 121.864 123.029 128.239 129.307 130.057 130.389 121.972 122.322 130.077 129.264 128.087 122.649 121.709 121.467 121.462 121.432 122.029 122.562 121.564 121.304 121.279 121.394 121.912 122.267 121.437 126.872 127.107 121.064 121.452 121.872 120.532 120.482 120.547 120.582 120.582 120.582 120.704 121.149 120.742 120.692 126.354 127.507 128.002 126.987 123.477 120.639 121.729 123.059 122.727 121.124
