dsm/se3036_DSM_2M.asc
ncols 500
nrows 500
xllcorner    430000
yllcorner    436000
cellsize     2
NODATA_value -9999
[rows 248 to 278 of 500, columns 69 to 137 of 500]
108.187 108.129 108.077 108.049 108.009 107.992 107.959 107.922 107.889 107.859 107.819 107.772 107.737 107.687 107.647 107.612 107.572 107.539 107.502 107.467 107.432 107.402 107.377 107.329 107.282 107.234 107.172 107.124 107.077 107.039 106.982 106.937 106.904 106.874 106.837 106.804 106.759 106.744 106.717 106.674 106.642 106.599 106.559 106.517 106.489 106.427 106.364 106.317 106.239 106.187 106.129 106.099 106.044 106.012 105.972 105.932 105.902 105.879 105.867 105.864 105.859 105.824 105.787 105.757 105.697 105.649 105.602 105.539 105.464
108.152 108.099 108.049 108.014 107.982 107.952 107.942 107.897 107.874 107.837 107.799 107.759 107.712 107.659 107.607 107.564 107.522 107.494 107.447 107.412 107.389 107.357 107.334 107.304 107.259 107.219 107.172 107.104 107.054 107.014 106.959 106.919 106.894 106.872 106.827 106.797 106.727 106.729 106.694 106.642 106.602 106.574 106.532 106.479 106.444 106.397 106.339 106.274 106.202 106.149 106.099 106.062 106.019 105.984 105.942 105.929 105.882 105.864 105.844 105.844 105.839 105.802 105.759 105.724 105.674 105.632 105.569 105.512 105.442
108.112 108.052 108.002 107.974 107.949 107.927 107.924 107.882 107.827 107.809 107.782 107.739 107.699 107.639 107.589 107.549 107.509 107.477 107.442 107.409 107.367 107.334 107.317 107.289 107.247 107.192 107.152 107.087 107.039 106.989 106.937 106.907 106.874 106.844 106.814 106.777 106.739 106.719 106.674 106.632 106.569 106.519 106.472 106.424 106.384 106.337 106.289 106.219 106.172 106.122 106.067 106.024 105.987 105.959 105.944 105.907 105.867 105.837 105.832 105.849 105.834 105.787 105.747 105.697 105.624 105.589 105.544 105.479 105.414
108.037 108.012 107.959 107.929 107.912 107.884 107.877 107.844 107.822 107.782 107.752 107.704 107.669 107.617 107.559 107.512 107.479 107.454 107.412 107.372 107.339 107.297 107.279 107.262 107.224 107.164 107.132 107.072 107.024 106.969 106.932 106.897 106.857 106.814 106.792 106.742 106.707 106.692 106.632 106.592 106.542 106.484 106.432 106.379 106.332 106.284 106.227 106.174 106.124 106.087 106.034 105.997 105.972 105.939 105.932 105.887 105.844 105.809 105.797 105.809 105.784 105.742 105.697 105.664 105.602 105.552 105.507 105.434 105.382
108.002 107.937 107.909 107.869 107.864 107.849 107.834 107.799 107.769 107.737 107.709 107.667 107.639 107.589 107.547 107.497 107.467 107.424 107.392 107.352 107.304 107.267 107.242 107.202 107.169 107.117 107.084 107.019 106.982 106.942 106.902 106.872 106.827 106.814 106.772 106.714 106.677 106.649 106.597 106.554 106.507 106.459 106.397 106.337 106.297 106.244 106.199 106.154 106.109 106.074 106.039 105.992 105.969 105.942 105.909 105.874 105.842 105.782 105.737 105.739 105.737 105.694 105.647 105.602 105.544 105.499 105.444 105.397 105.334
107.967 107.907 107.859 107.834 107.824 107.802 107.792 107.749 107.737 107.699 107.659 107.637 107.609 107.562 107.512 107.464 107.434 107.389 107.354 107.319 107.287 107.237 107.187 107.159 107.114 107.072 107.034 106.982 106.957 106.914 106.879 106.827 106.809 106.779 106.752 106.717 106.707 106.682 106.614 106.537 106.474 106.409 106.347 106.289 106.244 106.189 106.147 106.112 106.079 106.084 106.062 105.992 105.954 105.934 105.917 105.862 105.839 105.787 105.729 105.729 105.704 105.639 105.602 105.552 105.494 105.434 105.404 105.357 105.314
107.904 107.839 107.829 107.812 107.789 107.772 107.749 107.734 107.704 107.652 107.612 107.574 107.542 107.509 107.469 107.439 107.399 107.369 107.329 107.279 107.254 107.187 107.137 107.112 107.072 107.022 106.992 106.957 106.922 106.894 106.852 106.797 106.782 106.759 106.749 106.747 106.727 106.719 106.642 106.537 106.449 106.394 106.329 106.279 106.229 106.177 106.142 106.102 106.112 106.124 106.074 106.002 105.947 105.929 105.907 105.914 105.874 105.829 105.774 105.734 105.684 105.637 105.577 105.512 105.462 105.419 105.377 105.324 105.269
107.859 107.804 107.777 107.749 107.742 107.714 107.682 107.662 107.629 107.582 107.552 107.527 107.489 107.459 107.422 107.392 107.377 107.332 107.302 107.249 107.189 107.117 107.069 107.022 106.984 106.932 106.902 106.887 106.869 106.849 106.804 106.767 106.729 106.684 106.684 106.672 106.674 106.614 106.574 106.507 106.442 106.384 106.324 106.277 106.222 106.167 106.122 106.097 106.107 106.129 106.094 106.044 105.994 105.954 105.929 105.919 105.877 105.832 105.767 105.724 105.674 105.622 105.557 105.512 105.454 105.389 105.352 105.292 105.232
107.794 107.739 107.704 107.682 107.657 107.624 107.599 107.569 107.537 107.507 107.472 107.447 107.437 107.397 107.379 107.344 107.317 107.262 107.217 107.167 107.097 107.014 106.942 106.912 106.864 106.822 106.819 106.844 106.837 106.799 106.767 106.734 106.702 106.662 106.632 106.592 106.562 106.532 106.494 106.452 106.417 106.377 106.332 106.284 106.242 106.182 106.124 106.087 106.104 106.104 106.064 106.039 105.982 105.964 105.904 105.852 105.817 105.769 105.732 105.687 105.644 105.587 105.534 105.484 105.429 105.364 105.294 105.257 105.194
107.737 107.689 107.637 107.604 107.572 107.529 107.504 107.472 107.427 107.394 107.377 107.347 107.314 107.304 107.284 107.259 107.214 107.162 107.119 107.044 106.942 106.879 106.814 106.782 106.742 106.719 106.734 106.767 106.762 106.747 106.717 106.699 106.667 106.632 106.594 106.559 106.522 106.479 106.429 106.382 106.347 106.307 106.292 106.229 106.194 106.159 106.124 106.087 106.037 106.037 105.994 105.957 105.949 105.874 105.917 106.049 106.117 105.987 105.859 105.782 105.727 105.654 105.597 105.524 105.437 105.367 105.312 105.254 105.199
107.632 107.564 107.507 107.477 107.422 107.394 107.347 107.307 107.257 107.219 107.187 107.149 107.104 107.087 107.084 107.037 107.019 106.959 106.914 106.822 106.704 106.652 106.609 106.572 106.549 106.514 106.527 106.567 106.582 106.537 106.534 106.499 106.457 106.404 106.352 106.294 106.259 106.207 106.139 106.067 106.037 105.994 105.949 105.914 105.892 105.839 105.809 105.774 105.764 105.824 105.834 105.814 105.799 105.817 106.534 106.597 107.142 107.852 107.609 107.802 107.957 106.272 106.192 106.722 106.897 107.044 106.482 106.887 105.412
107.167 107.142 107.104 107.067 107.029 106.989 106.942 106.897 106.869 106.824 106.779 106.729 106.689 106.657 106.604 106.569 106.547 106.492 106.472 106.389 106.289 106.222 106.167 106.129 106.092 106.059 106.044 106.094 106.104 106.082 106.089 106.039 105.992 105.937 105.892 105.844 105.799 105.747 105.699 105.657 105.592 105.547 105.464 105.469 105.402 105.352 105.349 105.344 105.382 105.462 105.509 105.577 105.642 105.792 106.009 105.577 105.612 105.634 105.417 105.322 105.514 105.584 105.299 105.437 105.489 105.749 106.119 105.622 105.534
106.759 106.747 106.694 106.654 106.604 106.587 106.552 106.524 106.474 106.427 106.374 106.332 106.262 106.214 106.172 106.139 106.094 106.059 106.024 105.969 105.892 105.839 105.802 105.772 105.739 105.709 105.682 105.759 105.747 105.712 105.684 105.657 105.604 105.549 105.504 105.474 105.449 105.407 105.374 105.317 105.284 105.259 105.209 105.164 105.117 105.087 105.074 105.064 105.064 105.109 105.194 105.362 105.489 105.817 105.754 105.479 105.394 105.409 105.279 105.227 105.157 105.137 105.139 105.059 105.069 104.987 105.152 104.944 105.014
106.547 106.512 106.494 106.454 106.409 106.379 106.352 106.319 106.264 106.227 106.182 106.127 106.074 106.019 105.984 105.947 105.884 105.842 105.784 105.722 105.667 105.612 105.559 105.534 105.529 105.522 105.477 105.542 105.524 105.494 105.459 105.437 105.392 105.347 105.317 105.284 105.254 105.224 105.179 105.139 105.117 105.082 105.044 105.009 104.972 104.942 104.922 104.924 104.927 104.952 104.992 105.142 105.379 106.209 105.574 105.412 105.379 105.249 105.134 105.082 104.984 105.114 104.889 104.872 104.949 104.774 104.862 104.927 104.954
106.392 106.359 106.347 106.324 106.279 106.239 106.197 106.174 106.132 106.084 106.047 106.004 105.962 105.912 105.892 105.809 105.754 105.707 105.659 105.594 105.539 105.489 105.449 105.467 105.459 105.442 105.432 105.417 105.389 105.349 105.317 105.289 105.257 105.222 105.199 105.159 105.104 105.097 105.049 105.014 104.984 104.954 104.924 104.877 104.857 104.834 104.809 104.814 104.819 104.847 104.892 104.994 105.349 106.019 105.437 105.309 105.442 105.184 105.069 105.282 104.912 105.102 104.982 104.819 104.834 105.259 105.429 104.889 104.782
106.307 106.264 106.237 106.214 106.169 106.139 106.099 106.074 106.037 105.997 105.967 105.947 105.902 105.849 105.774 105.722 105.649 105.614 105.574 105.502 105.462 105.412 105.372 105.354 105.342 105.327 105.332 105.307 105.302 105.259 105.209 105.182 105.144 105.107 105.092 105.062 105.024 105.004 104.997 104.962 104.922 104.874 104.837 104.799 104.777 104.757 104.729 104.722 104.737 104.772 104.829 104.954 105.377 105.919 105.529 105.307 105.152 105.157 105.124 104.994 104.914 104.877 104.869 104.804 104.782 104.962 105.619 105.102 104.782
106.214 106.192 106.149 106.122 106.079 106.032 105.987 105.954 105.942 105.909 105.887 105.852 105.764 105.689 105.679 105.624 105.562 105.504 105.452 105.407 105.359 105.314 105.277 105.239 105.217 105.189 105.184 105.204 105.229 105.194 105.152 105.122 105.092 105.067 105.049 105.009 104.982 104.959 104.934 104.909 104.867 104.834 104.789 104.757 104.717 104.697 104.669 104.652 104.667 104.722 104.772 104.869 105.512 106.177 105.379 106.027 105.197 105.039 105.039 104.927 104.884 104.937 104.802 104.779 104.734 106.329 105.334 105.139 104.789
106.147 106.114 106.074 106.052 106.004 105.952 105.919 105.897 105.859 105.829 105.794 105.769 105.689 105.594 105.582 105.532 105.477 105.404 105.339 105.274 105.244 105.217 105.172 105.119 105.094 105.067 105.049 105.059 105.137 105.132 105.104 105.084 105.044 105.019 105.009 104.962 104.934 104.909 104.887 104.857 104.822 104.774 104.737 104.709 104.667 104.642 104.619 104.597 104.599 104.639 104.694 104.847 105.404 107.417 105.442 105.242 105.099 104.992 104.947 104.892 104.869 104.942 104.787 104.694 104.934 104.719 104.719 105.609 104.754
106.092 106.069 106.027 105.997 105.952 105.919 105.877 105.854 105.809 105.792 105.747 105.719 105.614 105.512 105.474 105.427 105.369 105.322 105.259 105.214 105.159 105.129 105.089 105.042 105.007 104.994 104.977 104.977 105.029 105.059 105.037 104.979 104.897 104.907 104.939 104.927 104.889 104.862 104.847 104.802 104.769 104.734 104.697 104.669 104.634 104.594 104.569 104.542 104.552 104.594 104.649 104.824 107.007 106.794 105.449 105.497 105.154 105.007 104.902 104.774 104.792 104.794 104.829 104.664 104.797 104.622 104.629 105.174 104.664
106.014 105.987 105.962 105.942 105.907 105.882 105.847 105.812 105.769 105.742 105.697 105.652 105.519 105.409 105.374 105.344 105.302 105.259 105.212 105.164 105.107 105.067 105.022 104.987 104.947 104.942 104.939 104.922 104.907 104.872 104.824 104.729 104.727 104.737 104.794 104.864 104.837 104.817 104.782 104.757 104.724 104.699 104.672 104.644 104.607 104.569 104.537 104.504 104.497 104.524 104.592 104.797 106.887 109.327 106.677 105.259 105.029 104.907 104.854 104.772 104.764 104.752 104.874 104.544 104.592 104.409 104.282 104.394 104.352
105.937 105.909 105.897 105.877 105.854 105.842 105.809 105.777 105.722 105.692 105.637 105.584 105.442 105.342 105.314 105.284 105.257 105.224 105.187 105.134 105.079 105.019 104.972 104.939 104.897 104.909 104.889 104.867 104.832 104.799 104.764 104.724 104.694 104.639 104.604 104.659 104.739 104.754 104.724 104.714 104.689 104.662 104.627 104.607 104.574 104.532 104.494 104.467 104.457 104.467 104.524 104.772 109.669 108.709 105.042 106.017 105.512 105.052 105.037 104.927 104.667 104.599 104.634 104.414 105.227 104.597 104.104 104.127 104.249
105.874 105.842 105.814 105.822 105.809 105.784 105.764 105.717 105.687 105.639 105.567 105.472 105.377 105.309 105.264 105.234 105.199 105.162 105.129 105.077 105.037 104.982 104.942 104.909 104.874 104.854 104.819 104.782 104.752 104.724 104.709 104.682 104.639 104.597 104.589 104.544 104.599 104.694 104.682 104.657 104.644 104.629 104.597 104.572 104.537 104.499 104.467 104.429 104.404 104.407 104.482 104.759 110.267 105.964 104.819 104.869 104.879 106.102 104.964 104.934 104.754 104.692 104.932 104.382 104.694 104.444 104.292 104.284 104.524
105.814 105.794 105.784 105.772 105.747 105.724 105.692 105.664 105.622 105.574 105.492 105.399 105.337 105.269 105.229 105.192 105.152 105.124 105.082 105.027 104.992 104.947 104.904 104.852 104.817 104.799 104.754 104.704 104.669 104.637 104.614 104.599 104.554 104.537 104.529 104.504 104.544 104.624 104.639 104.624 104.609 104.587 104.562 104.529 104.502 104.454 104.419 104.382 104.364 104.364 104.444 104.799 110.612 104.834 104.592 104.497 104.404 104.549 105.867 105.532 104.917 105.807 105.004 104.677 106.054 106.582 109.214 109.747 109.757
105.797 105.767 105.764 105.734 105.704 105.667 105.652 105.614 105.584 105.489 105.389 105.337 105.294 105.244 105.207 105.174 105.122 105.089 105.052 105.004 104.962 104.907 104.852 104.809 104.772 104.764 104.714 104.669 104.634 104.589 104.569 104.549 104.527 104.524 104.522 104.507 104.522 104.579 104.597 104.577 104.564 104.552 104.519 104.497 104.472 104.419 104.382 104.344 104.309 104.319 104.412 105.822 110.194 104.557 104.469 104.359 104.269 104.277 104.352 104.862 106.379 104.769 104.829 104.709 107.379 106.964 109.182 111.097 111.407
105.784 105.754 105.732 105.717 105.679 105.652 105.632 105.587 105.527 105.434 105.349 105.299 105.252 105.212 105.179 105.157 105.104 105.049 105.004 104.977 104.939 104.874 104.799 104.739 104.737 104.714 104.679 104.642 104.597 104.552 104.532 104.534 104.507 104.514 104.517 104.494 104.504 104.544 104.549 104.534 104.517 104.499 104.474 104.462 104.427 104.397 104.339 104.312 104.269 104.287 104.377 105.384 109.039 104.477 104.392 104.289 104.177 104.219 104.314 104.319 104.504 105.019 105.589 105.179 107.514 107.494 108.822 111.092 111.352
105.749 105.732 105.712 105.679 105.664 105.639 105.614 105.554 105.454 105.377 105.297 105.267 105.227 105.174 105.144 105.124 105.072 104.999 104.949 104.937 104.914 104.842 104.767 104.714 104.709 104.679 104.647 104.617 104.579 104.554 104.552 104.532 104.509 104.499 104.479 104.459 104.459 104.487 104.497 104.472 104.464 104.452 104.439 104.414 104.384 104.349 104.314 104.274 104.244 104.244 104.344 105.152 106.289 104.389 104.342 104.267 104.142 104.177 104.269 104.287 104.009 104.872 105.782 104.264 106.899 107.107 109.322 109.739 109.707
105.744 105.717 105.689 105.677 105.652 105.627 105.597 105.522 105.427 105.372 105.287 105.244 105.194 105.147 105.134 105.097 105.047 104.977 104.934 104.914 104.889 104.819 104.759 104.719 104.692 104.652 104.624 104.607 104.587 104.569 104.549 104.534 104.499 104.479 104.439 104.409 104.409 104.419 104.422 104.414 104.404 104.397 104.369 104.359 104.347 104.312 104.279 104.244 104.212 104.207 104.332 107.429 109.957 104.294 104.299 104.244 104.152 104.114 104.104 104.027 103.857 105.672 106.137 106.237 103.794 103.964 104.022 104.004 104.029
105.729 105.704 105.677 105.649 105.624 105.602 105.572 105.519 105.419 105.367 105.294 105.242 105.194 105.149 105.124 105.072 105.034 105.002 104.944 104.889 104.849 104.802 104.754 104.707 104.657 104.627 104.602 104.587 104.579 104.557 104.534 104.517 104.484 104.442 104.397 104.372 104.369 104.354 104.372 104.347 104.342 104.337 104.309 104.297 104.279 104.259 104.237 104.194 104.174 104.179 104.302 106.952 109.167 104.269 104.219 104.254 104.157 104.144 104.134 103.922 103.779 103.819 104.022 104.127 103.839 103.917 103.802 103.804 103.797
105.667 105.659 105.639 105.614 105.597 105.564 105.524 105.489 105.407 105.347 105.264 105.232 105.179 105.134 105.104 105.069 105.029 104.999 104.952 104.892 104.832 104.784 104.734 104.682 104.622 104.577 104.552 104.559 104.554 104.539 104.517 104.494 104.464 104.422 104.369 104.337 104.324 104.317 104.324 104.302 104.292 104.282 104.264 104.252 104.239 104.217 104.184 104.169 104.127 104.149 104.274 108.422 111.507 104.229 104.349 104.214 104.174 104.377 104.052 103.967 104.259 104.054 109.352 109.394 109.439 108.429 103.742 103.667 103.584
105.629 105.609 105.589 105.572 105.564 105.534 105.487 105.444 105.384 105.319 105.244 105.222 105.174 105.127 105.097 105.057 105.017 104.972 104.952 104.879 104.822 104.762 104.709 104.637 104.582 104.524 104.509 104.517 104.504 104.497 104.492 104.462 104.437 104.404 104.352 104.324 104.319 104.299 104.289 104.277 104.252 104.234 104.214 104.192 104.194 104.182 104.159 104.122 104.102 104.117 104.262 105.182 106.009 104.457 104.344 104.204 104.149 104.122 103.969 103.922 104.022 104.189 109.439 110.449 110.049 108.119 103.672 103.634 103.497
105.602 105.572 105.519 105.532 105.512 105.477 105.437 105.404 105.369 105.307 105.237 105.194 105.144 105.112 105.087 105.054 104.987 104.947 104.909 104.854 104.812 104.747 104.679 104.602 104.542 104.487 104.472 104.484 104.482 104.467 104.459 104.437 104.422 104.392 104.354 104.324 104.309 104.287 104.269 104.232 104.212 104.199 104.174 104.154 104.162 104.142 104.129 104.092 104.072 104.094 104.229 104.609 104.584 104.402 104.367 104.272 104.172 104.152 104.074 104.099 104.017 104.677 109.427 110.572 110.597 108.717 104.159 104.132 104.144
