dsm/se3033_DSM_2M.asc
ncols 500
nrows 500
xllcorner    430000
yllcorner    433000
cellsize     2
NODATA_value -9999
[rows 320 to 351 of 500, columns 142 to 212 of 500]
41.233 41.168 41.138 41.983 41.923 41.875 41.805 41.615 41.43 36.56 34.648 34.088 34.033 33.983 33.962 40.057 42.145 44.662 45.726 46.279 47.357 46.192 33.185 33.168 33.215 33.255 33.268 33.298 40.468 47.488 49.22 49.31 49.545 45.415 46.47 47.543 49.688 49.793 49.77 49.738 49.765 49.77 49.778 49.798 49.775 48.3 40.865 33.458 33.423 33.345 33.285 33.305 33.29 33.265 33.308 33.308 33.255 33.228 33.198 33.161 33.086 32.986 33.033 33.021 32.938 34.896 38.856 39.368 38.333 34.493 38.426
42.218 41.938 42.403 43.17 43.103 43.035 43.023 42.95 42.918 37.913 35.093 34.117 35.194 34.225 34.019 34.105 33.717 33.643 34.199 46.363 47.316 46.07 33.206 33.169 33.136 33.178 33.208 33.253 47.528 49.108 48.995 48.59 49.55 49.758 47.985 43.813 38.463 48.41 49.755 49.788 49.778 49.735 49.753 49.773 49.79 49.805 49.753 46.778 35.843 33.5 33.315 33.258 33.2 33.213 33.188 33.14 33.15 33.123 33.096 33.041 32.976 32.961 32.993 32.906 32.943 38.206 39.286 38.923 38.043 32.668 32.423
36.398 36.455 36.495 42.568 42.59 42.595 42.633 42.61 42.648 40.97 40.542 38.931 40.295 40.068 40.313 39.539 38.743 37.987 39.319 46.483 47.194 44.6 33.255 33.052 33.091 33.121 33.145 33.2 46.37 47.165 48.46 48.518 49.813 49.558 49.375 44.625 45.33 46.425 43.36 48.205 49.778 49.775 49.755 49.728 49.755 49.758 49.783 49.798 49.8 47.153 38.073 33.288 33.223 33.145 33.08 33.09 33.043 33.008 32.986 32.951 32.928 32.901 32.888 32.783 32.931 38.646 39.486 38.528 38.003 32.973 32.611
44.535 45.363 46.2 40.408 40.743 40.288 40.773 40.72 40.63 41.668 41.533 41.376 41.345 41.325 41.295 41.199 41.142 41.012 41.053 40.945 41.097 40.308 33.276 32.991 33.036 33.047 33.135 33.102 51.169 46.575 46.945 48.198 48.033 47.433 47.633 39.778 35.9 41.92 45.903 40.575 43.695 49.273 49.778 49.783 49.75 49.715 49.76 49.778 49.788 49.793 49.8 49.585 42.838 33.178 33.108 32.988 32.95 32.945 32.931 32.891 32.846 32.838 32.761 32.743 38.081 39.036 39.148 38.166 33.448 33.211 33.351
44.558 45.398 45.413 36.158 35.728 32.615 33.765 35.863 36.675 41.957 42.059 42.033 42.075 42.094 42.154 42.253 42.09 42.054 42.108 41.977 41.951 37.317 33.215 33.01 32.993 32.983 33.095 33.753 46.152 46.249 47.07 48.145 47.655 46.99 46.908 37.63 35.993 37.735 37.71 41.193 46.23 44.328 42.415 48.415 49.785 49.778 49.763 49.733 49.755 49.77 49.785 49.795 49.8 49.688 41.773 33.025 33 32.84 32.821 32.781 32.761 32.731 32.638 32.708 38.523 39.426 38.721 37.983 37.076 37.476 38.601
44.59 45.415 44.963 43.995 43.163 42.343 32.688 35.738 36.674 40.833 41.026 41.076 41.154 41.249 40.858 41.386 41.36 41.476 41.196 41.63 41.756 37.23 33.022 32.93 33.119 32.938 32.974 34.726 46.262 46.75 47.215 48.283 47.58 46.935 46.853 37.938 38.313 37.98 37.71 38.243 37.555 41.76 45.955 40.83 46.643 49.21 49.79 49.785 49.755 49.72 49.755 49.755 49.778 49.798 49.805 49.758 47.713 34.34 32.801 32.656 32.646 32.638 32.516 37.033 39.113 39.381 38.523 38.433 38.796 39.206 39.606
44.633 45.46 46.28 46.085 45.258 44.443 33.693 36.41 36.97 40.233 40.163 39.704 39.79 40.591 40.553 40.567 40.522 40.635 40.589 40.756 40.72 36.275 33.169 32.867 33.292 32.862 32.855 34.673 47.308 48.057 47.564 48.535 47.6 47.765 46.875 35.76 38.985 38 37.683 37.523 37.53 37.583 37.515 41.055 46.403 39.298 40.67 48.935 49.748 49.793 49.758 49.723 49.738 49.77 49.78 49.78 49.795 48.093 32.688 32.521 32.556 32.491 32.653 39.413 44.401 40.746 39.176 39.451 39.876 40.251 40.491
44.675 45.483 46.333 46.043 45.218 44.412 33.036 33.557 33.824 33.026 35.954 33.375 33.885 47.38 47.539 46.886 47.052 46.348 48.298 47.801 46.396 38.775 33.819 32.819 34.339 32.769 32.822 37.455 46.075 46.676 47.47 48.307 47.423 46.883 47.045 34.663 39.558 37.888 37.648 37.523 37.538 37.533 37.528 37.595 37.523 40.488 46.42 46.428 41.333 47.313 49.728 49.788 49.778 49.753 49.74 49.755 49.77 41.658 32.576 32.478 32.476 32.391 34.873 38.801 40.318 40.303 40.091 40.521 40.473 40.068 39.643
44.703 45.538 46.348 46.013 45.208 44.386 33.071 32.876 33.181 33.381 32.916 32.841 33.875 48.75 48.796 48.678 48.669 48.4 48.443 48.446 48.18 36.512 33.123 32.728 33.96 32.701 32.683 41.132 46.781 46.808 47.578 48.25 47.278 46.888 46.913 32.83 39.15 37.743 37.603 37.545 37.55 37.538 37.528 37.53 37.525 37.568 37.565 40.29 45.788 43.965 46.448 47.698 49.638 49.803 49.785 49.79 49.733 34.565 32.423 32.406 32.366 32.371 38.171 39.063 40.133 40.661 40.296 39.918 39.451 39.028 38.616
44.738 45.558 46.38 45.998 45.172 44.353 33.272 33.112 34.239 33.656 32.915 33.181 41.407 49.925 50.089 49.95 50.022 49.818 49.724 49.769 49.642 35.958 32.567 32.759 33.399 32.836 32.655 42.472 47.752 47.86 47.846 48.209 47.258 46.875 46.133 33.853 38.393 37.725 37.56 37.535 37.55 37.545 37.538 37.53 37.535 37.533 37.525 37.513 37.563 40.685 46.425 45.43 37.513 45.675 49.575 49.783 46.585 32.445 32.333 32.346 32.266 32.366 38.436 39.463 40.078 39.726 39.301 38.856 38.453 36.513 32.596
44.765 45.585 46.393 46.03 45.148 44.3 35.26 32.813 32.983 33.059 32.859 33.092 45.318 50.35 51.661 50.643 50.551 50.72 50.841 50.988 44.368 39.261 32.988 32.546 32.555 32.586 32.657 42.474 46.788 46.925 47.848 48.009 47.232 46.905 45.405 33.668 37.723 37.73 37.54 37.54 37.535 37.543 37.545 37.55 37.543 37.548 37.663 41.888 46.468 47.995 49.733 50.578 48.83 48.993 49.543 42.245 37.003 32.338 32.283 32.243 32.196 35.286 38.836 39.533 39.161 38.746 37.768 34.121 32.301 32.211 32.238
44.793 45.615 46.428 45.948 45.126 44.312 34.15 32.893 32.82 32.854 32.798 32.855 44.675 49.189 49.288 49.154 49.551 49.706 49.851 49.811 50.536 38.925 32.736 32.48 32.51 32.843 32.839 45.855 46.351 46.953 47.978 47.854 47.078 46.875 43.773 35.368 37.835 37.76 37.543 37.548 37.543 37.54 37.543 37.638 39.22 45.718 47.183 49.243 49.788 49.768 49.753 50.233 50.555 50.538 48.855 36.95 32.31 32.218 32.206 32.133 32.188 38.188 39.268 39.031 36.693 33.276 32.153 32.163 32.193 32.221 32.258
44.83 45.643 46.425 45.913 45.08 44.237 36.445 32.9 32.916 32.838 32.776 32.664 40.066 47.992 47.997 48.125 48.158 48.217 48.362 48.322 44.099 34.432 32.586 32.923 32.444 32.576 32.44 45.891 47.252 47.457 48.107 47.764 47.044 47.015 40.585 32.603 34.473 35.65 37.528 37.533 37.553 37.63 41.88 46.243 48.248 49.738 49.77 49.743 49.733 49.713 49.713 49.73 50.558 49.953 43.665 33.233 32.228 32.13 32.093 32.021 33.138 37.666 35.913 32.076 32.101 32.116 32.153 32.191 33.548 34.966 36.703
44.848 45.688 46.443 45.845 45.011 44.189 33.519 32.812 32.777 32.744 32.684 32.569 36.399 45.952 44.627 46.544 46.71 46.858 48.848 47.246 47.236 33.08 32.435 32.345 32.338 32.315 32.507 45.296 45.87 46.434 46.194 47.845 45.195 44.215 34.923 34.138 33.54 32.92 37.733 39.82 45.24 47.32 49.425 49.78 49.77 49.783 49.783 49.748 49.73 49.7 49.715 49.733 50.475 49.54 36.683 32.15 32.09 32.068 32.006 31.958 31.991 32.021 32.041 32.058 32.078 32.133 34.501 37.141 37.096 37.026 37.121
44.908 45.695 46.458 45.878 44.979 44.157 35.153 32.933 32.992 32.815 32.627 32.495 32.442 32.834 32.805 32.637 32.484 32.455 32.242 36.562 33.536 32.234 32.266 32.268 32.24 33.053 32.975 45.592 46.198 46.535 45.757 44.588 41.054 36.393 36.343 36.315 34.465 40.613 46.695 48.423 49.713 49.765 49.753 49.758 49.735 49.743 49.79 49.753 49.73 49.768 49.755 49.77 49.788 49.675 34.325 32.058 31.99 31.983 31.898 31.933 31.976 31.988 32.038 33.133 34.876 37.166 37.068 37.066 37.113 37.123 37.083
44.928 45.738 46.458 45.773 44.942 44.111 35.334 33.184 33.393 32.849 32.561 32.504 32.836 37.028 35.821 35.315 34.065 33.98 34.832 35.416 32.209 32.176 32.114 32.176 32.338 32.713 37.457 44.503 45.423 46.472 45.623 44.418 40.927 39.305 36.318 36.368 36.43 47.61 49.8 49.778 49.77 49.763 49.713 49.705 49.733 49.75 49.763 49.775 49.773 49.783 49.775 49.083 44.188 38.418 32.423 31.915 31.92 31.873 31.793 32.541 32.458 33.101 36.366 37.126 37.063 37.131 37.173 37.116 37.063 37.053 37.118
45.218 45.73 46.503 45.753 44.922 44.092 37.141 33.24 33.46 32.598 32.467 32.477 33.757 38.171 36.602 35.693 34.914 37.204 41.476 40.842 37.489 33.194 32.05 32.103 32.348 32.528 39.311 44.421 45.581 46.504 45.488 44.281 39.852 39.088 36.4 36.368 36.38 49.775 49.75 49.763 49.783 49.768 49.73 49.728 49.763 49.768 49.775 49.795 49.63 47.155 40.03 34.82 32.13 31.963 31.845 31.813 31.848 31.77 31.763 37.211 37.116 37.046 37.053 37.168 37.156 37.111 37.051 37.111 37.351 37.611 34.853
42.455 43.283 46.013 45.363 44.796 43.979 39.344 32.91 32.646 32.51 32.428 32.318 33.146 38.176 36.969 36.191 35.546 39.429 41.463 41.231 34.7 32.898 31.991 31.987 32.318 32.086 40.883 44.493 45.689 46.483 45.363 44.097 43.06 43.225 42.843 42.128 40.238 49.723 49.725 49.755 49.785 49.778 49.748 49.76 49.778 49.735 48.4 43.335 37.413 32.855 32.163 32.1 31.99 31.865 31.745 31.728 33.198 37 37.116 37.031 37.101 37.183 37.133 37.098 37.091 37.156 37.518 37.318 34.403 31.106 31.086
43.363 43.378 43.42 43.703 44.504 43.546 42.486 32.921 32.505 32.443 32.495 32.857 32.665 38.374 37.561 36.86 38.063 37.266 41.217 41.632 35.32 33.163 32.449 32.211 32.672 32.006 42.585 44.65 45.884 46.351 45.179 43.939 43.136 43.225 43.208 43.223 43.348 49.713 49.723 49.763 49.785 49.795 49.763 49.548 46.393 41.233 35.568 32.208 32.178 32.098 32.028 31.943 31.96 31.95 33.743 35.62 37.12 37.043 37.161 37.103 37.091 37.063 37.136 37.276 37.633 35.041 31.343 31.443 31.363 30.996 30.991
42.645 42.733 42.748 43.65 44.477 43.521 42.516 33.163 32.494 32.451 32.541 33.051 32.563 38.984 38.303 37.765 40.487 42.939 42.93 39.691 34.398 33.245 32.237 31.989 32.513 32.012 43.021 45.141 46.23 46.26 45.144 43.859 43.188 43.225 43.215 43.25 43.808 49.738 49.748 49.76 49.695 47.57 42.795 36.983 32.608 32.218 32.17 32.248 33.213 32.595 31.923 32.648 36.988 36.473 37.088 37.098 37.178 37.2 37.088 37.071 37.178 37.563 37.143 33.323 31.083 31.041 30.988 30.953 30.928 30.891 30.876
36.74 37.468 42.638 43.598 44.45 43.519 42.502 32.881 32.528 32.776 32.861 32.785 33.929 39.759 39.155 39.186 42.355 43.169 43.869 39.68 36.683 32.322 31.839 31.752 32.872 31.867 43.827 45.098 46.309 45.607 44.455 41.672 35.368 37.893 40.173 42.758 45.585 49.885 49.54 45.835 40.18 35.51 32.215 32.203 32.178 33.255 33.003 32.08 32.048 34.528 36.455 37.095 37.045 37.145 37.23 37.203 37.108 37.12 37.193 37.678 36.771 36.593 31.073 31.013 30.958 31.506 42.108 45.286 42.926 34.803 31.013
32.49 33.983 42.628 43.618 44.458 43.545 42.496 32.758 32.568 32.687 34.405 32.792 37.565 40.65 40.052 40.089 39.529 41.475 43.238 36.486 34.736 31.964 31.661 31.719 32.156 32.66 44.131 45.312 46.336 45.365 44.234 35.049 31.898 34.138 38.595 39.153 40.885 41.745 36.668 32.83 32.238 32.198 32.705 32.69 32.135 32.193 32.983 36.19 37.203 37.058 37.043 37.188 37.205 37.13 37.093 37.173 37.223 36.948 34.043 33.631 30.993 30.946 30.931 37.411 44.721 47.893 46.818 46.386 46.313 46.021 45.663
38.37 39.16 41.975 42.43 42.78 42.14 41.632 37.941 38.871 39.77 38.905 39.414 38.995 40.971 40.511 40.35 40.605 42.169 41.885 35.898 31.65 31.611 31.584 31.585 31.956 36.844 44.446 45.602 46.277 45.179 44.026 32.528 31.698 32.87 32.673 32.858 34.78 32.93 32.24 32.228 32.198 32.223 32.358 33.21 35.268 37.018 37.068 37.018 37.11 37.09 37.128 37.095 37.105 37.228 37.3 35.56 32.478 31.44 31.181 31.056 30.958 39.363 46.153 47.268 48.413 48.366 47.876 47.568 47.503 47.151 46.821
41.825 42.258 41.815 41.793 41.825 41.845 41.855 41.878 41.933 41.965 41.963 42.032 42.022 42.019 42.073 42.039 42.166 42.701 42.016 35.98 32.078 31.756 31.82 31.72 31.623 39.41 44.51 45.737 46.085 44.947 43.785 31.985 31.865 34.63 34.103 32.338 35.98 32.358 32.25 32.405 31.855 32.408 35.91 36.743 37.01 37.035 37.14 37.168 37.15 37.098 37.195 37.273 37.395 34.308 31.705 31.218 31.268 31.25 31.136 31.038 30.983 34.428 45.716 46.838 47.921 48.538 48.773 48.851 48.626 48.323 47.963
41.145 41.213 42.898 42.938 42.925 42.943 42.968 43.434 42.965 42.935 43.009 42.956 42.921 42.874 43.248 42.892 42.847 42.877 41.831 32.982 31.407 31.399 31.428 31.55 31.377 42.984 45.368 45.934 45.954 45.185 43.583 32.08 31.608 34.85 34.693 34.083 31.515 31.478 34.32 37.38 37.018 36.965 36.965 37.073 37.14 37.145 37.055 37.105 37.195 37.423 37.338 32.31 31.195 31.248 31.215 31.155 31.168 31.148 31.078 31.006 30.958 30.976 45.408 46.353 47.028 47.303 47.676 48.243 48.546 48.931 49.081
36.553 38.59 42.25 42.238 42.168 42.165 42.093 42.095 42.096 42.023 42.058 41.983 41.915 41.864 41.922 41.869 42.147 42.771 41.667 31.753 31.22 31.34 31.298 31.276 31.332 43.723 44.917 46.16 45.659 44.485 43.318 35.323 31.823 34.913 35.55 34.103 35.975 36.955 36.95 36.97 37.015 37.083 37.073 37.078 37.03 37.128 37.26 37.278 34.92 31.998 31.368 31.158 31.143 31.163 31.145 31.088 31.018 31.038 30.991 31.043 30.853 30.911 41.451 45.556 45.821 46.193 46.536 47.073 47.436 47.743 48.086
36.763 37.21 41.203 41.11 41.128 41.025 41.038 41.04 40.993 40.963 40.875 40.918 40.846 40.801 40.707 41.074 42.21 42.748 41.5 31.669 31.183 31.196 31.197 31.166 31.74 43.895 45.114 46.28 45.453 44.298 42.513 34.165 35.985 37.748 36.933 36.923 36.928 36.973 37.055 37.01 37.058 36.978 37.068 37.17 37.58 36.623 33.538 31.483 31.195 31.13 31.11 31.093 31.093 31.115 31.085 31.023 30.963 30.935 30.928 30.871 30.776 30.713 30.618 35.866 41.683 43.986 45.393 45.968 46.258 46.611 46.896
39.703 39.705 33.79 33.365 33.55 32.983 33.438 32.448 32.94 32.503 32.243 32.283 32.076 32.134 31.527 32.849 34.494 36.403 33.767 30.963 31.031 31.083 31.083 31.079 31.327 43.924 44.663 44.678 39.48 37.31 36.938 36.915 36.895 36.885 36.94 37 37.008 37.043 36.965 37.023 37.085 37.378 36.863 33.91 31.338 31.163 31.1 31.115 31.118 31.095 31.065 31.043 31.053 31.035 31.028 30.968 30.895 30.853 30.863 30.828 30.756 30.698 30.633 30.531 30.468 30.388 33.823 41.563 44.721 45.438 45.778
39.77 39.673 32.11 31.59 31.825 31.583 31.575 36.703 37.445 36.765 38.413 36.835 39.753 40.322 38.608 38.234 35.24 33.742 30.882 30.87 30.943 30.999 30.982 31 33.393 40.895 37.358 36.988 36.918 36.865 36.878 36.945 36.973 36.995 36.973 36.943 36.998 37.045 37.058 36.505 35.493 32.395 31.07 31.055 31.073 31.068 31.078 31.093 31.115 31.14 31.005 30.988 30.973 30.97 30.938 30.875 30.85 30.818 30.781 30.723 30.668 30.623 30.538 30.476 30.411 30.363 30.308 30.243 30.563 33.128 38.066
38.408 37.918 32.08 31.828 31.543 31.765 32.1 42.555 42.893 42.908 42.953 42.328 42.945 42.968 42.988 43.02 43.008 42.348 30.838 30.77 31.133 31.475 33.995 34.063 36.22 42.155 36.875 36.86 36.92 36.938 36.958 36.918 36.9 36.963 37.09 37.365 36.488 33.793 31.435 30.998 30.963 30.978 30.98 31.003 31.015 31.033 31.05 31.083 31.345 31.055 30.933 30.913 30.88 30.873 30.84 30.8 30.778 30.743 30.698 30.633 30.553 30.501 30.453 30.376 30.321 30.253 30.183 30.133 30.086 30.083 30.056
38.315 37.595 31.52 31.503 31.608 31.635 33.198 42.533 43.47 43.805 43.765 43.553 43.343 43.133 42.843 42.595 42.328 39.555 32.353 32.49 35.433 36.618 36.763 38.45 36.905 42.938 42.165 36.918 36.863 36.903 36.958 37.105 37.525 36.833 34.728 31.635 30.905 30.903 30.913 30.913 30.898 30.93 31.13 31.283 30.963 31.295 31.345 32.235 31.605 30.91 30.858 30.868 30.828 31.433 32.503 31.643 30.698 30.65 30.605 30.548 30.49 30.445 30.403 30.368 30.313 30.25 30.183 30.123 30.065 30.005 29.958
38.283 37.598 31.468 32.225 32.19 32.218 33.268 42.568 43.14 43.048 42.955 42.678 42.468 42.193 41.888 40.038 37.92 36.805 36.743 36.755 36.855 36.858 36.898 36.885 36.858 39.405 37.788 37.003 37.235 37.483 36.403 33.36 31.098 30.81 30.8 30.793 30.805 31.378 30.853 32.608 30.873 30.87 31.573 31.1 32.268 31.83 30.995 30.905 30.843 30.813 30.798 30.79 30.765 30.723 30.685 30.65 30.738 30.555 30.473 30.438 31.138 31.173 30.323 30.283 30.25 30.19 30.143 30.123 30.065 30.018 29.97
