dsm/se3030_DSM_2M.asc
ncols 500
nrows 500
xllcorner    430000
yllcorner    430000
cellsize     2
NODATA_value -9999
[rows 96 to 127 of 500, columns 72 to 143 of 500]
39.07 38.61 38.677 38.375 38.482 38.932 39.822 38.187 38.048 38.037 37.744 37.622 37.5 37.455 37.375 37.327 37.463 37.41 37.516 37.977 38.055 37.967 37.769 37.725 37.563 37.038 36.882 36.949 36.919 36.895 36.843 36.804 36.749 36.706 36.654 36.595 36.574 36.504 36.375 36.277 36.277 36.205 36.213 36.707 36.858 37.353 37.218 37.27 36.331 35.849 35.803 35.755 35.668 35.431 35.412 35.491 36.34 37.578 38.356 37.393 37.391 37.365 37.314 37.248 40.623 41.426 41.176 41.52 41.994 42.5 42.992 43.339
38.957 39.209 39.277 38.539 38.337 38.365 39.887 38.217 38.402 38.735 37.859 37.561 37.407 37.354 37.375 37.306 37.242 37.279 37.395 37.577 37.66 37.71 37.663 37.809 37.559 37.213 37 36.845 36.876 36.86 36.841 36.79 36.662 36.602 36.535 36.581 36.53 36.468 36.381 36.357 36.317 36.252 36.222 36.258 36.225 36.79 37.381 36.754 36.896 36.269 35.771 35.698 35.752 35.607 35.555 35.494 35.468 36.486 37.649 37.733 37.452 39.442 37.825 37.303 37.324 41.118 41.651 42.205 42.643 43.079 43.22 42.809
38.537 39.361 39.643 38.691 38.408 38.452 38.259 38.136 38.023 38.193 38.102 37.626 37.435 37.387 37.372 37.365 37.212 37.242 37.319 37.312 37.353 37.547 37.674 37.7 37.247 37.152 36.913 36.89 36.84 36.789 36.744 36.71 36.538 36.501 36.446 36.454 36.453 36.413 36.452 36.371 36.327 36.218 36.186 36.158 36.169 36.304 37.046 36.814 36.53 36.742 35.759 35.768 35.685 35.524 35.554 35.566 35.316 35.459 36.251 38.415 37.255 39.285 39.573 37.336 37.471 38.238 42.179 42.73 43.152 43.025 42.702 42.115
38.335 39.332 39.31 38.855 38.997 38.388 38.13 38.053 37.914 37.969 37.926 37.671 37.643 37.558 37.5 37.41 37.294 37.207 37.237 37.326 37.142 37.27 37.363 37.353 37.053 37.032 36.961 36.912 36.907 36.78 36.61 36.542 36.422 36.267 36.293 36.408 36.437 36.393 36.401 36.308 36.273 36.261 36.186 36.041 36.004 35.875 36.31 36.659 36.307 35.968 35.684 35.634 35.533 35.551 35.447 35.589 35.464 35.614 35.956 37.25 36.502 37.646 39.663 37.896 38.112 38.145 38.248 43.256 43.021 42.484 41.982 41.595
38.423 38.289 38.301 38.553 38.597 38.355 38.19 37.896 37.764 37.742 37.84 37.765 37.701 37.635 37.52 37.393 37.326 37.188 37.188 38.044 37.042 37.017 36.769 36.827 36.866 36.864 36.791 36.808 36.921 36.812 36.607 36.417 36.298 36.288 36.277 36.432 36.367 36.37 36.323 36.298 36.217 36.096 36.054 35.95 35.842 35.748 35.729 36.25 35.904 35.579 35.543 35.538 35.45 35.354 35.456 35.452 35.613 35.698 35.615 35.975 36.134 36.962 37.183 37.23 37.474 37.346 37.354 41.785 42.325 41.819 41.376 40.965
39.182 39.011 38.12 38.228 38.888 38.807 38.244 37.789 37.685 37.754 37.721 37.804 37.7 37.577 37.539 37.449 37.333 37.15 37.004 37.106 37.022 36.776 36.933 36.742 36.638 36.654 36.712 36.806 36.876 36.791 36.627 36.396 36.289 36.277 36.273 36.349 36.374 36.344 36.302 36.196 36.108 36.037 36.011 35.922 35.659 35.653 35.604 35.629 35.575 35.571 35.575 35.609 35.436 35.342 35.418 35.446 35.584 35.555 35.631 35.762 36.406 37.516 37.216 37.194 37.148 37.069 37.08 39.155 40.943 41.19 40.876 40.92
40.323 39.091 39.631 38.062 38.348 39.058 38.014 37.741 37.679 37.719 37.841 37.837 37.826 37.5 37.633 37.446 37.334 37.24 37.034 36.906 36.811 36.776 36.641 36.632 36.564 36.457 36.516 36.798 36.85 36.865 36.669 36.379 36.305 36.316 36.242 36.276 36.326 36.26 36.236 36.123 35.993 35.897 35.931 35.717 35.621 35.569 35.576 35.57 35.537 35.588 35.616 35.519 35.364 35.384 35.432 35.344 35.51 35.512 35.67 35.676 35.746 35.681 37.378 37.456 37.131 37.12 37.099 37.053 37.83 40.838 40.97 41.067
40.589 38.944 41.409 41.081 38.036 38.028 37.801 37.669 37.688 37.965 38.021 37.536 37.504 37.498 37.977 37.695 37.48 37.363 37.14 36.977 36.805 36.679 36.591 36.545 36.468 36.491 36.477 36.746 36.842 36.874 36.642 36.409 36.388 36.252 36.171 36.211 36.184 36.236 36.161 36.027 35.932 35.91 35.845 35.707 35.598 35.547 35.59 35.637 35.55 35.562 35.693 35.47 35.364 35.263 35.35 35.481 35.406 35.519 35.612 35.642 35.51 35.517 35.359 37.154 37.31 37.108 37.036 37.07 37.141 40.109 41.116 41.247
39.772 38.509 43.488 41.752 38.958 39.416 37.977 37.719 38.112 38.267 38.307 37.494 37.476 37.53 37.725 37.705 37.539 37.426 37.3 37.193 36.864 36.705 36.583 36.527 36.479 36.425 36.636 36.727 36.872 36.878 36.79 36.535 36.322 36.249 36.196 36.149 36.137 36.121 36.082 36.077 35.963 35.993 36.114 35.846 35.674 35.534 35.528 35.638 35.462 35.552 35.5 35.439 35.248 35.264 35.222 35.374 35.582 35.59 35.634 35.579 35.411 35.352 35.932 37.539 37.368 37.165 37.082 37.029 37.059 37.452 40.786 41.395
39.804 42.49 41.121 38.862 38.784 40.137 39.071 38.431 38.762 38.33 37.904 37.599 37.493 37.539 37.654 37.886 37.754 37.731 37.549 37.404 37.098 36.735 36.564 36.501 36.455 36.323 36.597 36.888 36.848 36.909 36.872 36.603 36.42 36.352 36.233 36.164 36.209 36.154 36.123 36.11 35.995 35.933 36 36.145 35.697 35.52 35.505 35.414 35.548 35.32 35.287 35.365 35.256 35.174 35.247 35.269 35.446 35.559 35.429 35.619 35.4 35.29 35.324 37.005 36.328 37.2 37.128 37.026 37.009 36.998 37.301 41.209
40.874 40.684 38.877 38.466 38.503 38.563 37.92 37.608 39.409 39.048 37.616 37.455 37.471 37.534 38.272 38.641 38.025 37.765 37.596 37.494 37.247 36.844 36.566 36.453 36.366 36.223 36.364 36.774 37.029 37.096 36.787 36.614 36.583 36.471 36.287 36.246 36.203 36.132 36.088 36.044 36.071 35.977 35.893 35.909 35.941 35.678 35.53 35.39 35.227 35.163 35.138 35.148 35.322 35.178 35.141 35.275 35.257 35.423 35.408 35.41 35.469 35.336 35.731 35.72 35.623 36.889 37.253 37.185 37.762 37.161 37.123 40.025
39.406 38.337 38.149 38.504 38.649 36.802 35.522 35.833 38.234 38.878 37.579 37.539 37.461 37.564 38.14 38.983 38.123 37.686 37.609 37.473 37.42 36.734 36.526 36.406 36.278 36.093 36.07 36.323 36.925 36.916 36.716 36.612 36.622 36.622 36.495 36.289 36.244 36.129 36.121 36.035 36.03 35.912 35.874 35.742 35.751 35.627 35.453 35.356 35.225 35.179 35.153 35.14 35.312 35.248 35.163 35.14 35.143 35.146 35.187 35.321 35.324 35.343 35.245 35.174 35.244 36.348 38.201 37.082 37.534 37.79 37.158 36.97
42.341 43.633 44.632 43.213 37.808 35.222 35.204 35.339 36.626 37.592 37.599 37.594 37.598 37.592 37.763 38.245 37.953 37.775 37.445 37.081 36.925 36.727 36.464 36.309 36.147 36.045 35.927 35.918 36.362 36.493 36.638 36.701 36.599 36.598 36.588 36.325 36.237 36.142 36.04 35.929 35.924 35.918 35.714 35.62 35.606 35.545 35.442 35.394 35.227 35.152 35.141 35.182 35.166 35.301 35.232 35.117 35.056 35.136 35.173 35.249 35.249 35.274 35.228 35.662 35.247 36.419 37.276 36.734 37.533 37.728 38.366 37.084
46.081 46.315 46.607 43.188 35.345 35.223 35.183 35.19 35.26 37.463 37.458 37.576 37.577 37.729 37.712 37.771 37.529 37.904 37.649 36.908 36.776 36.774 36.407 36.234 36.117 35.955 35.907 35.884 35.876 36.169 36.382 36.444 36.774 36.542 36.417 36.26 36.158 36.102 36.04 35.994 35.921 35.775 35.627 35.612 35.546 35.48 35.4 35.333 35.288 35.19 35.197 35.161 35.071 35.023 35.209 35.099 35.067 35.075 35.115 35.192 35.22 35.192 35.156 35.229 35.197 35.543 36.586 37.261 37.042 37.163 36.976 36.946
45.83 46.163 44.968 38.644 35.229 35.245 35.22 35.217 35.208 35.637 37.176 37.483 37.61 37.812 37.801 37.584 37.259 37.401 36.823 36.768 36.7 36.74 36.5 36.243 36.109 36.01 35.91 35.836 35.802 35.818 36.021 36.009 36.136 36.105 36.224 36.14 36.11 36.063 36.005 35.928 35.845 35.732 35.665 35.526 35.554 35.401 35.418 35.378 35.326 35.283 35.207 35.143 35.038 35.05 35.175 35.172 35.069 35.098 35.11 35.196 35.301 35.224 35.225 35.717 35.866 35.381 35.759 36.234 37.459 36.889 36.962 36.921
38.52 44.187 44.63 35.5 35.249 35.261 35.234 35.248 35.215 35.209 35.344 37.173 38.295 37.696 37.479 37.232 36.91 36.738 36.599 36.662 36.663 36.787 36.565 36.447 36.255 36.09 35.961 35.875 35.781 35.74 35.838 35.783 35.92 35.97 36.027 35.974 35.995 36.011 35.921 35.942 35.788 35.753 35.611 35.507 35.487 35.52 35.553 35.488 35.452 35.329 35.241 35.139 35.034 35.008 35.076 35.268 35.14 35.116 35.068 35.101 35.158 35.296 35.272 35.687 35.31 35.392 36.059 36.104 35.85 37.608 37.035 36.967
35.238 36.954 35.951 35.274 35.26 35.264 35.265 35.226 35.264 35.215 35.212 36.417 38.304 38.283 37.264 36.825 36.763 36.666 36.576 36.638 36.709 36.746 36.632 36.633 36.435 36.163 36.029 35.905 35.843 35.706 36.311 35.781 35.891 35.911 35.917 35.892 35.934 35.928 35.913 35.88 35.723 35.779 35.72 35.644 35.56 35.564 35.513 35.476 35.45 35.377 35.223 35.122 35.027 34.96 35.077 35.145 35.17 35.087 35.132 35.066 35.199 35.276 35.277 35.21 35.222 36.155 36.339 35.718 36.033 37.593 37.229 37.072
35.246 35.19 35.214 35.252 35.266 35.248 35.261 35.27 35.236 35.221 35.195 35.219 37.911 36.968 36.73 36.67 36.647 36.668 36.641 36.621 36.649 36.771 36.881 36.904 36.775 36.45 36.101 35.969 35.87 35.846 36.262 36.644 36.474 36.024 35.859 35.83 35.856 35.847 35.761 35.774 35.744 35.732 35.676 35.531 35.493 35.588 35.54 35.486 35.421 35.415 35.218 35.1 34.995 34.986 35.033 35.141 35.188 35.075 35.011 35.01 35.106 35.282 35.344 35.278 35.242 36.107 36.093 35.89 35.78 36.134 36.443 37.993
35.241 35.241 35.211 35.242 35.256 35.259 35.247 35.24 35.261 35.231 35.241 35.213 35.595 36.95 36.591 36.534 36.518 36.611 36.603 36.631 36.738 36.939 37.093 37.152 37.083 36.582 36.45 36.053 35.869 35.815 36.154 36.188 35.984 35.858 35.803 35.746 35.773 35.761 35.693 35.692 35.702 35.633 35.571 35.485 35.447 35.462 35.424 35.374 35.4 35.336 35.19 35.08 35.008 35.018 35.06 35.124 35.105 34.939 34.993 35.079 35.092 35.051 35.224 35.193 35.275 35.561 35.861 36.633 35.933 35.562 35.71 36.747
35.211 35.262 35.239 35.246 35.263 35.288 35.255 35.26 35.276 35.23 35.288 35.251 35.209 35.713 37.773 36.661 36.539 36.517 36.522 36.83 36.949 37.011 37.207 37.283 37.214 36.867 36.599 36.18 35.967 35.811 36.053 36.66 36.687 36.413 36.149 35.758 35.694 35.666 35.571 35.589 35.594 35.574 35.463 35.39 35.299 35.364 35.396 35.405 35.285 35.164 35.155 35.051 34.997 34.972 34.97 34.994 34.948 35.038 35.093 35.134 35.133 35.049 35.084 35.2 35.196 35.189 35.494 35.944 35.444 35.223 35.445 35.998
35.225 35.243 35.46 35.251 35.424 37.084 35.275 35.269 35.263 35.271 35.261 35.281 35.271 35.216 36.756 38.48 36.911 36.459 36.596 36.945 36.994 37.113 37.196 37.259 37.212 37.052 36.701 36.332 36.141 36.141 36.515 37.391 37.732 37.768 36.66 35.799 35.665 35.545 35.591 35.546 35.493 35.434 35.329 35.256 35.276 35.252 35.427 35.631 35.283 35.192 35.187 35.116 34.939 34.963 34.985 34.926 35.02 34.97 35.121 35.232 35.138 35.022 35.033 35.132 35.173 35.189 35.191 35.301 35.256 35.174 35.143 35.308
35.191 39.478 40.332 38.238 39.887 39.72 36.811 35.267 35.282 35.293 35.31 35.287 35.274 35.231 35.349 37.434 37.266 36.567 36.59 36.96 37.013 37.023 37.14 37.116 37.102 36.94 36.656 36.417 36.276 36.769 37.937 38.206 38.381 38.154 37.242 35.847 35.589 35.557 35.463 35.387 35.348 35.329 35.211 35.163 35.189 35.163 35.252 35.325 35.243 35.112 35.117 35.124 35.035 34.972 34.886 34.849 35.069 35.232 35.235 35.265 35.164 35.114 35.022 35.064 35.108 35.181 35.141 35.127 35.088 35.081 35.128 34.985
39.728 40.376 41.295 41.627 41.479 41.19 40.651 35.878 35.244 35.293 35.273 35.265 35.287 35.289 35.263 35.524 37.667 36.474 36.58 36.938 36.986 37.028 36.947 36.891 36.92 36.797 36.576 36.313 36.233 36.761 37.438 37.923 37.682 37.639 36.69 35.827 35.436 35.43 35.313 35.296 35.25 35.162 35.071 35.105 35.096 35.14 35.107 35.153 35.494 35.039 35.099 35.094 34.991 34.952 34.851 34.85 34.911 35.12 35.02 35.206 35.225 35.166 35.075 35.098 35.151 35.154 35.17 35.226 35.139 34.995 34.977 34.927
40.311 41.807 42.383 41.42 40.738 41.444 41.064 40.196 35.598 35.279 35.281 35.302 35.275 35.298 35.293 35.276 36.191 36.816 36.596 36.935 36.861 36.791 36.807 36.754 36.826 36.726 36.413 36.241 36.173 36.312 36.502 37.323 36.331 36.023 35.833 35.585 35.382 35.338 35.271 35.171 35.141 35.063 35.067 35.02 35.021 35.054 35.056 35.061 35.488 35.25 35.021 35.048 35.008 34.877 34.816 34.764 34.806 34.918 35.009 35.094 35.154 35.224 35.176 35.129 35.044 35.134 35.213 35.089 35.005 34.948 34.859 34.873
41.464 42.31 42.541 42.269 41.888 41.619 41.366 41.004 37.047 35.335 35.282 35.292 35.29 35.275 35.259 35.274 35.3 37.93 36.806 36.995 36.878 36.797 36.709 36.712 36.829 36.628 36.323 36.208 36.026 35.966 36.239 36.172 35.897 35.648 35.538 35.524 35.333 35.294 35.194 35.184 35.11 35.078 35.076 35.034 35.038 35.017 35.013 35.017 34.973 35.215 35.048 35.332 35.069 34.904 34.817 34.86 34.873 34.924 34.961 34.971 35.046 35.184 35.183 35.09 35.1 35.056 35.171 35.111 34.995 34.956 34.777 34.741
41.775 42.111 42.408 42.522 42.214 41.857 41.557 41.345 40.809 37.955 35.393 35.28 35.303 35.316 35.283 35.267 35.255 35.439 37.731 36.955 36.887 36.72 36.722 36.668 36.727 36.717 36.484 36.272 35.992 35.929 35.935 35.892 35.855 35.699 35.479 35.38 35.37 35.358 35.299 35.191 35.162 35.077 35.126 35.183 35.056 35.03 35.037 34.948 35.017 35.524 35.306 35.271 35.364 34.858 34.787 34.859 34.835 34.899 34.934 34.913 34.982 35.099 35.143 35.131 35.106 35.107 35.18 35.121 35.002 34.886 34.789 34.75
41.472 41.848 42.137 42.467 42.423 42.171 41.843 41.497 41.205 40.395 37.122 35.313 35.326 35.313 35.287 35.293 35.275 35.251 35.393 37.663 36.612 36.674 36.603 36.642 36.697 36.697 36.493 36.266 36.038 35.956 35.954 36.007 35.969 35.727 35.493 35.397 35.353 35.339 35.262 35.223 35.186 35.284 35.241 35.129 35.093 35.06 34.994 34.992 34.953 35.202 35.503 35.188 35.027 34.852 34.88 34.851 34.865 34.918 34.945 34.953 34.941 35.072 35.153 35.187 35.22 35.169 35.162 35.115 35.056 34.938 34.863 34.782
41.281 37.103 41.52 42.144 42.463 42.398 42.058 41.76 41.53 41.155 39.284 36.277 35.343 35.334 35.317 35.292 35.259 35.27 35.24 35.512 36.833 36.423 36.581 36.573 36.69 36.642 36.455 36.215 36.123 36.117 36.268 36.338 36.275 35.894 35.59 35.427 35.356 35.321 35.337 35.33 36.08 36.299 36.066 35.432 36.178 35.587 34.967 34.915 34.913 35.167 35.438 35.184 35.077 34.925 35.121 35.19 35.089 35.002 34.99 34.965 34.886 34.976 35.094 35.203 35.253 35.17 35.178 35.087 35.05 34.929 34.839 34.861
41.196 41.123 37.833 41.815 41.09 42.513 42.294 41.997 41.724 41.38 40.913 39.29 35.449 35.36 35.343 35.333 35.296 35.251 35.224 35.22 37.042 36.979 36.332 36.592 37.173 36.466 36.317 36.309 36.308 36.315 36.356 36.368 36.485 35.753 35.697 35.553 35.446 35.355 35.317 35.6 36.369 36.596 36.458 35.991 35.479 35.404 35.01 34.955 34.91 34.905 35.087 35.207 35.074 34.969 35.224 35.433 35.247 34.994 34.975 34.85 34.871 34.892 34.966 35.089 35.207 35.175 35.231 35.134 35.048 34.986 34.911 34.865
40.466 41.061 40.132 40.96 38.608 42.312 42.53 42.221 41.971 41.715 41.323 40.718 36.938 35.682 35.334 35.354 35.311 35.287 35.241 35.252 35.337 37.347 37.435 36.28 36.324 36.386 36.511 36.331 36.314 36.342 36.301 36.314 36.403 36.244 35.884 35.591 35.469 35.328 35.254 35.426 36.413 36.459 36.454 36.344 36.165 35.815 35.38 35.179 34.933 34.939 34.945 34.961 34.852 34.875 35.073 35.38 35.456 35.379 35.111 34.928 34.892 34.833 34.903 35.083 35.236 35.415 35.218 35.116 35.117 35.224 35.306 35.072
39.08 40.289 41.125 40.311 41.377 42.082 42.391 42.483 42.176 41.853 41.577 41.308 40.966 36.65 35.337 35.323 35.293 35.305 35.299 35.26 35.207 35.895 37.575 36.142 36.076 36.32 36.439 36.295 36.23 36.222 36.242 36.228 36.249 36.551 36.052 35.62 35.534 35.369 35.284 35.211 35.58 36.126 36.355 36.417 36.27 36.159 35.466 35.217 34.966 34.885 34.908 34.823 34.786 34.753 34.856 35.568 35.798 35.758 35.338 35.332 34.926 34.931 34.98 35.029 35.168 35.406 35.265 35.165 35.414 35.364 35.589 35.495
38.838 39.709 40.942 41.02 40.785 41.842 42.123 42.46 42.44 42.146 38.346 41.349 41.181 40.676 35.627 35.31 35.315 35.313 35.274 35.265 35.252 35.216 37.363 36.337 36.113 36.107 36.303 36.142 36.148 36.113 36.11 36.092 36.195 36.371 35.96 35.551 35.496 35.501 35.328 35.205 35.194 35.362 36.013 36.302 36.349 36.348 36.011 35.539 35.005 34.948 34.888 34.828 34.788 34.75 35.057 35.682 35.735 35.653 35.508 35.191 35.043 34.936 35.064 35.075 35.21 35.246 35.356 35.447 35.239 35.562 35.551 35.9
