dsm/se3036_DSM_2M.asc
ncols 500
nrows 500
xllcorner    430000
yllcorner    436000
cellsize     2
NODATA_value -9999
[rows 310 to 340 of 500, columns 207 to 275 of 500]
98.267 98.194 98.267 98.179 98.179 98.107 98.092 98.034 98.109 98.154 98.764 101.512 97.462 97.132 96.912 98.404 98.427 97.984 96.794 97.499 96.989 97.114 96.974 97.324 96.804 96.797 96.769 96.639 96.674 99.707 102.267 102.507 102.307 102.277 101.459 96.494 95.987 95.522 95.447 95.369 96.209 97.552 97.479 95.234 95.064 94.847 96.139 98.214 98.179 96.199 94.647 94.374 94.279 94.182 94.119 94.127 94.119 94.037 94.807 93.904 93.909 93.532 93.224 93.367 96.082 99.809 101.054 101.172 101.172
98.154 98.172 99.542 99.129 101.077 98.042 97.957 97.999 98.184 98.217 98.632 100.932 98.974 97.152 97.842 97.374 96.804 98.947 98.297 99.452 99.987 102.579 101.099 99.492 96.967 99.039 96.839 96.699 97.837 102.239 102.249 102.274 102.404 99.419 96.559 96.194 95.802 95.572 95.457 95.257 95.217 97.519 98.402 98.562 98.027 95.209 98.889 98.099 95.764 95.242 94.492 94.422 94.262 94.169 94.094 94.084 94.087 93.997 93.877 93.824 93.792 93.684 94.224 94.002 95.107 99.769 100.469 100.602 100.447
100.667 104.089 104.412 104.744 104.502 98.104 97.987 97.982 98.294 98.214 98.989 101.427 101.512 97.112 97.292 97.184 98.064 99.024 97.024 102.484 102.537 102.579 102.607 102.614 102.492 102.459 96.859 96.787 96.647 98.324 102.232 102.262 101.379 99.399 96.202 95.797 95.662 95.602 95.427 95.339 95.407 98.082 98.597 98.389 97.227 97.657 95.117 95.062 95.124 94.677 94.462 94.354 94.222 94.139 94.037 94.012 94.044 94.024 93.892 93.782 93.729 93.662 93.952 93.704 94.822 99.019 98.979 98.957 98.909
98.344 104.777 106.057 106.334 104.829 99.394 98.019 97.957 98.329 98.289 98.382 100.269 101.207 98.854 97.134 97.162 99.152 97.362 99.777 102.502 102.549 102.579 102.612 102.714 102.494 102.462 96.884 96.849 96.694 96.659 98.417 99.269 97.182 96.204 96.097 95.792 95.644 95.614 95.544 95.612 95.264 95.112 96.494 98.027 95.994 95.889 95.059 95.079 94.989 94.537 94.482 94.262 94.257 94.142 94.042 94.017 94.042 94.017 93.897 93.767 93.724 93.482 95.387 93.439 92.809 92.834 92.954 92.842 92.844
98.154 104.427 106.109 106.872 105.177 100.689 98.047 98.102 98.114 98.197 98.249 98.324 100.609 99.312 97.139 97.257 97.479 97.012 97.037 97.494 99.177 102.479 102.657 102.512 102.492 102.517 96.882 96.859 96.677 96.652 96.622 96.637 96.164 95.959 95.942 96.279 95.709 95.644 95.514 95.309 95.232 95.114 95.062 95.044 96.904 95.087 95.054 95.059 94.824 94.552 94.467 94.289 94.262 94.114 94.137 94.004 93.987 93.932 93.857 93.749 93.694 93.489 95.427 94.137 92.979 92.914 92.867 93.114 92.689
98.222 104.117 105.764 107.084 105.524 103.879 98.029 98.119 98.114 98.234 98.309 98.837 100.787 97.137 97.729 98.727 96.959 97.024 97.057 97.007 97.144 96.992 97.039 96.994 97.224 98.552 96.884 96.939 97.012 98.262 96.582 96.154 95.972 96.159 96.312 96.472 96.102 96.554 95.362 95.349 95.284 95.179 95.992 95.324 95.522 95.267 95.054 95.009 94.822 94.572 94.417 94.322 94.279 94.177 95.277 94.427 93.902 93.834 93.762 93.697 93.632 93.522 93.177 93.359 92.984 92.914 92.867 93.862 92.602
98.229 103.289 105.424 106.902 105.872 104.192 98.029 98.087 98.087 98.204 98.324 99.962 99.732 97.197 97.724 97.217 96.624 96.714 96.657 96.637 96.614 96.734 97.357 97.107 96.892 97.019 96.872 98.209 98.564 98.784 96.892 96.057 95.957 98.544 100.792 97.017 96.247 96.964 96.309 96.009 95.792 95.697 95.864 95.202 95.172 95.034 95.084 95.054 94.632 94.569 94.357 94.359 94.274 94.127 94.249 94.017 93.904 93.792 93.737 93.672 93.607 93.514 93.684 93.309 93.019 92.944 92.887 93.797 92.607
98.249 101.044 105.059 105.289 104.944 104.464 98.087 98.002 98.012 98.224 98.339 100.809 100.744 100.264 98.437 96.957 96.559 97.284 96.992 96.754 96.602 96.679 97.059 96.952 96.919 96.909 96.927 97.037 98.842 97.897 97.567 97.117 96.372 101.604 102.439 101.799 96.264 96.194 96.127 95.864 95.852 95.797 95.699 95.132 95.114 95.139 95.664 95.144 94.642 94.574 94.512 95.489 94.252 94.067 94.022 93.969 93.834 93.787 93.757 93.637 93.594 93.504 93.397 94.159 93.124 92.969 92.892 92.974 92.752
98.262 99.172 104.002 103.227 101.649 98.517 98.124 98.084 98.157 98.239 98.494 100.499 98.669 101.357 97.557 96.749 96.872 96.859 102.272 101.019 96.669 96.934 97.107 96.974 96.944 96.929 96.947 96.934 96.939 97.057 97.129 97.742 96.857 96.344 96.222 96.152 96.122 96.112 96.062 95.887 95.817 95.752 95.667 95.192 95.094 95.064 95.072 95.064 94.674 94.597 94.942 95.479 94.182 94.099 93.984 93.992 93.852 93.779 93.689 93.547 93.542 93.554 93.362 93.437 93.054 92.967 92.887 92.927 92.772
98.484 98.472 98.449 98.459 98.432 98.124 98.124 98.299 98.409 98.367 98.932 98.909 100.459 98.164 97.834 102.162 102.097 97.864 101.667 101.399 98.652 98.992 97.607 96.989 96.952 96.939 96.987 97.907 96.814 96.662 96.547 96.474 96.394 96.329 96.192 96.134 96.077 96.037 96.032 95.829 95.747 95.672 95.584 95.144 95.087 95.009 95.022 95.057 94.684 94.624 94.984 95.402 94.157 94.139 94.589 94.742 94.082 94.187 93.997 94.047 93.869 93.572 93.292 93.257 94.932 95.292 93.417 92.982 93.207
98.312 98.287 98.262 100.717 100.187 98.377 98.072 97.984 97.959 97.972 98.687 98.444 100.989 98.304 98.634 103.679 102.487 98.742 98.834 101.462 99.054 98.454 97.184 98.997 96.944 96.764 96.704 96.727 96.942 96.574 96.497 96.422 96.367 96.337 96.157 96.102 96.047 95.994 95.982 95.797 95.694 95.634 95.559 95.234 95.112 94.987 94.997 95.204 94.694 94.637 94.747 95.079 94.189 94.189 94.379 94.104 93.877 93.777 93.702 93.574 93.534 93.784 94.194 93.297 95.114 98.779 93.857 95.787 95.024
98.442 98.402 98.997 98.307 99.337 98.107 97.957 97.934 97.932 97.884 100.214 99.222 101.682 101.377 101.244 102.052 101.387 97.874 97.342 97.427 97.387 97.897 97.064 97.054 96.897 96.739 96.717 96.659 96.642 96.489 96.442 96.352 96.317 96.237 96.089 96.052 95.989 95.937 95.932 95.762 95.654 95.567 95.547 95.409 95.159 94.957 94.964 95.232 94.719 94.689 96.017 95.092 94.289 94.269 94.244 94.084 95.229 93.854 93.732 93.644 93.469 95.039 96.562 95.497 96.134 100.287 93.929 95.237 94.084
98.644 98.557 98.169 98.159 98.202 98.162 97.957 97.874 97.869 97.852 97.892 98.392 99.857 102.009 105.619 102.017 97.409 97.304 97.219 97.309 97.227 97.102 97.024 96.957 96.882 96.737 96.694 96.627 96.632 96.457 96.399 96.314 96.227 96.184 95.979 95.959 95.924 95.877 95.892 95.714 95.617 95.529 95.504 95.524 95.232 94.989 95.397 95.474 94.712 94.889 96.829 96.482 94.249 94.242 94.234 94.057 96.144 93.674 93.619 93.582 93.444 93.352 94.009 95.844 93.307 92.979 92.592 92.537 92.799
98.659 98.572 98.322 98.069 98.062 98.009 98.089 97.852 97.802 97.707 97.707 97.994 97.864 97.702 98.812 101.129 97.382 97.367 97.197 97.234 97.239 97.089 97.007 96.944 96.899 96.719 96.657 96.599 96.597 96.772 96.454 96.274 96.229 96.167 96.202 95.902 96.134 95.854 96.039 95.639 95.562 95.487 95.484 95.369 95.097 97.354 98.199 94.792 94.699 95.084 96.799 96.324 94.214 94.222 94.207 94.029 93.602 93.592 93.574 93.497 93.537 93.319 94.027 95.887 92.809 92.677 92.612 92.514 92.849
98.632 98.572 98.377 97.999 97.927 97.874 97.839 97.702 97.639 97.637 97.634 97.717 98.217 99.777 97.619 97.639 98.814 105.417 97.139 97.167 97.587 97.067 97.004 96.917 96.887 96.729 96.627 96.577 96.579 96.689 96.569 96.987 96.249 96.179 96.039 95.877 96.299 95.852 98.224 96.817 96.547 95.464 95.437 95.309 95.112 95.779 98.317 95.674 94.684 94.949 96.769 96.307 94.182 94.179 94.149 93.999 93.574 93.549 93.532 93.492 93.789 93.369 93.752 95.957 92.767 92.689 92.614 92.532 92.522
98.524 98.479 98.392 97.969 97.832 97.839 97.799 97.714 97.632 97.602 97.572 97.614 100.232 100.254 97.669 97.647 97.569 97.269 97.099 97.692 97.232 97.094 96.954 96.862 96.819 96.772 96.614 96.592 96.574 96.559 96.452 96.289 96.252 96.197 96.264 95.862 95.867 95.847 96.469 97.042 96.922 95.384 95.372 95.392 95.079 95.249 98.114 96.597 94.657 95.159 96.589 96.527 94.157 94.144 94.124 94.074 93.537 93.494 93.459 93.449 96.132 96.192 94.697 95.324 92.772 92.654 92.587 92.527 92.472
98.519 98.482 98.419 98.144 97.829 97.774 97.719 97.682 97.587 97.557 97.522 97.504 98.192 100.237 98.742 97.572 97.514 97.162 97.112 97.059 97.744 97.044 96.992 96.792 96.767 96.744 96.552 96.439 97.514 98.754 96.787 96.654 96.204 96.169 95.979 95.787 95.749 95.759 95.769 96.844 97.204 95.324 95.317 95.297 95.052 95.087 95.057 95.209 94.619 94.679 96.434 96.384 94.262 94.112 94.149 94.072 93.472 96.612 95.472 93.457 96.484 96.804 94.189 93.257 92.977 92.584 92.604 92.497 92.494
98.439 98.429 98.344 98.172 97.802 97.747 97.659 97.922 97.569 97.484 97.444 97.452 97.507 100.237 100.227 97.492 97.479 97.254 97.104 97.074 97.087 97.082 97.277 96.837 96.747 96.719 96.364 96.367 96.684 98.827 97.447 97.424 96.154 96.132 96.224 96.322 99.562 100.322 99.182 95.472 95.542 97.559 95.189 95.339 95.442 97.904 95.769 94.962 94.577 94.534 96.087 94.039 96.107 96.902 96.899 95.219 93.469 98.039 98.217 97.909 98.857 99.342 99.342 94.944 92.989 93.324 98.427 98.512 98.624
98.592 98.337 98.242 98.204 97.867 97.732 97.642 97.599 97.549 97.469 97.432 97.427 97.482 100.237 100.259 97.519 97.424 97.244 97.094 97.044 97.894 98.699 100.119 98.052 96.702 96.812 96.374 96.367 96.354 98.832 97.272 97.307 95.962 95.864 96.344 99.039 101.644 101.877 99.692 96.094 95.404 98.894 98.687 99.967 99.412 100.469 100.552 97.309 94.922 94.487 96.119 94.034 97.664 99.847 99.959 99.064 96.077 99.472 100.144 100.277 100.822 101.454 101.457 97.377 93.209 92.714 98.772 99.754 99.902
98.324 98.129 98.222 98.149 97.832 97.759 97.627 97.554 97.522 97.477 97.434 97.472 97.562 98.507 97.357 97.417 97.392 98.382 97.039 97.019 98.964 98.717 99.919 99.192 96.679 96.572 96.464 96.412 96.364 96.399 96.387 95.832 96.227 95.919 97.534 101.207 101.687 102.022 99.434 95.434 96.359 101.402 101.607 101.722 101.799 101.837 101.069 97.474 95.314 94.482 95.989 94.037 96.709 100.762 101.084 99.707 96.044 99.382 100.614 101.374 101.394 101.497 101.242 98.394 93.124 93.269 98.682 99.819 99.859
100.232 97.897 98.052 97.937 97.822 97.654 97.577 97.507 97.489 97.494 97.442 97.437 98.777 97.687 97.664 97.312 97.352 97.599 96.974 96.984 98.097 99.064 99.649 99.044 96.539 96.544 96.522 96.352 98.824 99.409 96.267 95.787 101.519 101.777 102.059 102.337 102.679 102.239 101.397 95.522 95.637 101.427 102.669 102.957 102.969 102.407 101.132 95.094 95.214 94.454 94.877 94.044 95.784 100.657 101.162 99.674 96.022 99.289 100.262 100.212 101.102 101.384 99.939 96.544 93.094 92.554 98.542 98.649 98.574
100.709 98.834 97.894 97.832 97.829 97.624 97.564 97.519 97.492 97.449 97.432 97.422 97.337 97.379 97.334 97.222 97.314 97.269 96.999 96.934 96.944 97.542 96.712 96.482 96.534 96.602 97.934 100.884 102.087 102.272 96.274 95.759 101.587 102.767 103.317 103.794 103.582 102.487 100.722 95.602 95.072 101.379 102.119 102.214 101.977 101.862 101.204 95.029 95.037 94.407 94.337 94.029 94.587 100.192 100.119 99.842 93.752 98.874 98.817 99.012 97.264 98.904 96.922 95.674 92.997 92.434 94.777 95.482 94.772
100.727 100.687 97.872 97.817 97.799 98.042 99.214 97.279 97.229 97.384 97.414 97.367 97.314 97.274 97.179 97.154 97.242 97.222 97.077 97.014 96.909 97.134 96.847 96.419 102.534 104.282 104.319 103.432 104.274 104.272 97.937 96.184 99.974 102.517 103.144 103.152 102.589 102.287 101.587 95.632 95.029 100.979 100.882 100.772 100.474 100.507 99.224 95.062 95.469 94.612 94.312 94.012 93.972 95.064 95.057 93.987 93.519 93.459 93.412 93.439 93.269 93.157 92.984 92.824 92.797 92.844 92.307 92.219 92.087
100.892 100.702 97.692 97.684 97.639 98.064 100.187 97.287 97.194 97.219 97.352 97.264 97.274 97.212 97.102 97.154 97.169 97.062 97.014 99.689 102.404 102.794 96.852 96.419 104.247 104.317 104.332 104.367 104.159 103.877 101.754 96.229 97.579 102.054 101.872 101.644 101.362 99.017 96.239 95.617 95.847 95.062 95.002 94.957 94.902 94.902 94.989 94.779 94.952 94.449 94.277 94.427 93.967 93.942 93.934 93.927 93.447 93.359 93.232 93.197 93.182 93.024 92.797 92.557 92.474 92.749 92.199 92.124 92.192
108.119 100.277 98.222 97.612 97.612 97.542 100.039 98.759 97.152 97.132 97.269 97.174 97.147 97.089 96.974 96.882 101.144 102.739 103.082 103.414 103.719 103.139 98.157 96.449 102.669 103.964 103.617 103.349 102.989 102.692 102.167 96.272 95.687 97.939 96.614 95.687 95.624 95.624 95.527 95.379 96.267 95.017 95.042 95.014 94.889 94.952 94.919 94.652 94.759 95.422 94.244 94.317 93.962 93.902 93.899 93.877 93.439 93.384 93.219 93.154 93.357 93.107 92.702 92.304 92.152 91.954 91.762 92.237 91.512
100.162 97.522 97.507 97.544 97.572 97.517 99.622 98.812 97.157 97.167 97.162 97.112 99.462 103.632 96.962 96.894 102.857 103.802 104.237 104.422 104.602 103.474 101.392 96.662 98.257 102.682 102.459 102.164 101.562 98.964 96.197 97.374 95.662 95.669 95.684 95.684 95.592 95.594 95.394 95.079 94.982 95.007 94.987 94.967 94.907 94.804 94.714 94.424 94.414 94.917 94.167 94.052 93.909 93.779 93.609 93.454 93.319 93.162 92.989 92.827 92.674 92.512 92.344 92.162 91.987 91.822 91.659 91.524 91.379
98.059 97.384 97.377 97.372 97.434 97.452 97.212 97.129 97.752 101.094 103.067 105.472 105.482 105.482 96.999 96.919 101.854 103.642 104.484 104.252 103.812 103.484 102.727 96.809 96.332 97.704 97.339 97.559 96.197 96.157 96.077 96.764 95.627 95.594 95.624 95.634 95.672 95.614 95.272 94.984 94.914 94.827 94.737 94.654 94.559 94.484 94.409 94.407 94.382 94.112 94.007 93.899 93.769 93.642 93.524 93.379 93.207 93.052 92.884 92.742 92.582 93.299 93.587 92.157 91.972 91.822 91.659 91.512 91.367
97.689 97.277 97.252 97.269 97.439 100.392 97.252 97.484 103.442 103.987 104.432 105.699 105.567 105.637 98.892 96.944 98.944 103.337 103.349 103.044 102.732 102.399 99.344 96.927 96.304 96.279 96.229 96.224 96.212 96.137 96.089 95.647 95.587 95.522 95.702 95.284 95.184 95.092 95.014 94.939 94.859 94.784 95.092 94.824 94.529 95.449 95.824 94.642 94.722 94.187 94.019 93.932 93.827 93.674 93.549 93.417 93.279 93.132 92.974 92.797 92.647 92.477 92.327 92.159 92.014 91.854 91.719 91.549 91.409
97.659 97.214 99.617 103.502 102.922 103.864 99.139 97.144 103.122 104.427 105.652 105.502 104.942 104.504 102.969 96.899 96.844 102.087 102.069 99.214 99.124 96.697 96.627 98.032 96.347 96.247 96.199 97.069 97.269 96.072 95.787 95.557 95.527 95.444 95.364 95.257 95.152 95.072 94.999 94.927 94.877 94.867 95.069 94.772 94.552 94.544 94.444 94.349 94.284 94.202 94.092 93.984 93.872 93.727 93.584 93.447 93.294 93.157 92.974 92.804 92.632 92.469 92.329 92.174 92.007 92.099 92.319 91.519 91.359
97.434 97.287 100.742 103.887 103.084 103.807 103.234 97.139 101.347 104.002 104.444 104.109 103.584 103.194 102.192 96.877 96.777 96.807 97.554 96.804 98.594 96.724 96.672 96.414 96.419 96.144 97.209 95.979 95.817 95.744 95.704 95.537 95.437 95.397 95.324 95.269 95.207 95.137 95.067 94.994 94.929 94.834 94.752 94.649 94.552 94.509 94.429 94.297 94.234 94.149 94.057 93.944 93.824 93.674 93.512 93.369 93.219 93.062 92.907 92.734 92.587 92.427 92.292 92.124 91.967 91.959 91.767 91.579 91.404
97.312 97.399 98.042 103.562 103.772 103.722 103.212 97.792 97.849 103.419 103.124 102.827 100.842 97.724 96.947 96.792 96.719 96.692 96.652 96.677 97.702 97.027 96.707 96.292 96.097 96.007 95.944 95.887 96.557 97.474 96.554 95.569 95.504 95.447 95.367 95.294 95.219 95.137 95.059 94.959 94.877 94.764 94.689 94.589 94.487 94.452 94.367 94.242 94.169 94.607 95.234 93.892 93.779 93.697 93.564 93.369 93.227 93.102 92.934 92.784 92.622 92.494 92.349 92.207 92.064 91.894 91.737 91.777 91.694
