dsm/se3037_DSM_2M.asc
ncols 500
nrows 500
xllcorner    430000
yllcorner    437000
cellsize     2
NODATA_value -9999
[rows 0 to 29 of 500, columns 0 to 67 of 500]
-9999 -9999 -9999 -9999 -9999 -9999 -9999 -9999 -9999 -9999 -9999 -9999 -9999 122.318 121.416 121.456 121.25 121.362 122.703 122.926 122.968 123.301 123.446 121.728 121.595 121.522 121.068 121.141 121.042 120.902 121.015 121.206 121.879 121.881 122.586 133.176 126.739 126.686 130.071 126.965 124.168 121.367 121.497 121.668 121.452 129.651 132.463 133.018 130.475 132.728 133.16 129.811 123.027 122.678 122.047 121.443 120.622 123.745 126.211 126.553 126.193 125.412 119.385 118.946 118.7 118.757 118.342 118.297
-9999 -9999 -9999 -9999 -9999 -9999 -9999 -9999 -9999 -9999 -9999 -9999 -9999 122.004 122.384 122.834 121.321 122.555 122.575 122.31 122.831 123.306 123.336 122.78 121.104 120.982 120.904 121.141 121.317 121.234 121.315 121.219 121.883 121.92 122.761 129.054 128.39 129.27 132.754 125.584 121.297 121.232 121.434 121.506 121.939 131.724 134.278 131.964 134.722 133.475 133.909 128.087 123.574 121.744 121.773 121.248 121.183 122.222 123.76 122.149 120.852 119.815 119.292 119.064 118.801 118.51 118.43 118.32
-9999 -9999 -9999 -9999 -9999 -9999 -9999 -9999 -9999 -9999 -9999 -9999 -9999 -9999 -9999 121.975 121.129 121.304 121.489 121.345 122.948 123.174 123.342 121.515 121.011 120.967 121.497 125.493 126.935 127.542 126.951 124.193 121.215 121.615 122.402 128.972 126.488 127.219 132.25 127.885 121.634 121.233 121.417 121.542 121.947 132.614 134.467 132.656 135.266 132.61 133.389 131.407 120.736 120.465 120.224 121.543 122.011 121.799 121.231 120.2 119.341 119.192 118.992 118.916 118.839 118.718 118.727 118.472
-9999 -9999 -9999 -9999 -9999 -9999 -9999 -9999 -9999 -9999 -9999 -9999 -9999 -9999 -9999 -9999 121.254 122.356 121.567 121.26 121.402 121.15 121.128 121.044 121.022 122.476 122.221 126.927 128.238 128.78 127.504 122.171 121.375 122.363 130.056 132.533 133.858 134.029 135.141 127.612 125.575 121.245 121.497 121.593 121.706 131.78 133.751 134.414 132.949 131.718 132.512 128.86 123.8 122.917 122.776 122.261 122.627 122.494 121.991 120.258 119.574 121.83 124.177 122.145 119.179 118.901 118.79 118.925
-9999 -9999 -9999 -9999 -9999 -9999 -9999 -9999 -9999 -9999 -9999 -9999 -9999 -9999 -9999 -9999 121.495 121.781 121.773 121.269 121.267 121.071 121.139 121.13 120.981 121.029 121.885 126.676 128.456 129 127.863 125.307 121.533 121.622 130.739 130.104 126.943 133.475 130.518 129.135 122.442 121.32 121.505 121.536 121.426 125.557 131.866 132.111 130.099 131.71 131.179 127.585 126.622 123.863 124.468 123.786 123.361 122.8 122.124 123.094 125.097 126.188 126.82 124.625 119.225 118.959 118.817 118.785
-9999 -9999 -9999 -9999 -9999 -9999 -9999 -9999 -9999 -9999 -9999 -9999 -9999 -9999 -9999 -9999 -9999 121.689 121.276 122.138 122.103 122.526 121.945 121.255 121.042 121.002 121.546 126.958 129.758 129.244 127.81 122.411 121.17 121.152 124.93 129.962 124.458 125.804 124.587 121.492 121.273 121.28 121.481 121.616 121.46 121.954 127.647 127.742 125.742 124.966 127.567 127.947 125.339 121.616 122.604 122.023 121.616 120.022 124.144 126.185 126.255 127.498 127.674 125.849 122.51 119 119.442 119.67
-9999 -9999 -9999 -9999 -9999 -9999 -9999 -9999 -9999 -9999 -9999 -9999 -9999 -9999 -9999 -9999 -9999 -9999 121.844 122.618 121.546 121.419 121.056 121.01 121.043 121.012 122.739 126.693 127.967 128.57 127.14 125.005 121.684 121.197 121.274 121.43 121.623 121.634 121.382 121.333 121.332 121.29 121.574 121.61 121.826 128.965 130.124 134.154 133.662 129.717 126.343 126.274 123.119 120.889 120.058 119.702 119.784 119.38 120.942 123.465 125.817 126.947 128.167 126.495 122.674 119.637 118.893 118.78
-9999 -9999 -9999 -9999 -9999 -9999 -9999 -9999 -9999 -9999 -9999 -9999 -9999 -9999 -9999 -9999 -9999 -9999 -9999 121.517 121.168 121.924 121.079 121.037 121.029 120.998 121.09 126.687 127.56 127.69 127.337 124.666 121.364 121.272 121.461 121.667 121.562 121.544 121.339 121.365 121.321 121.363 121.535 121.64 126.551 131.676 134.5 136.264 129.037 128.34 134.018 129.502 120.504 119.729 119.627 119.565 119.505 119.421 119.319 119.38 123.758 126.301 128.115 127.957 125.125 119.958 118.907 118.837
-9999 -9999 -9999 -9999 -9999 -9999 -9999 -9999 -9999 -9999 -9999 -9999 -9999 -9999 -9999 -9999 -9999 -9999 -9999 -9999 121.206 121.11 121.504 121.165 121.153 120.94 120.871 124.211 125.63 123.353 122.288 124.313 121.257 121.266 121.456 121.572 121.541 121.454 121.35 121.348 121.321 121.343 121.559 121.649 126.727 132.493 134.739 134.266 134.046 135.399 130.853 127.832 122.031 119.693 119.573 119.513 119.481 119.457 119.392 119.518 121.982 125.616 127.502 127.82 126.111 120.987 119.768 118.85
-9999 -9999 -9999 -9999 -9999 -9999 -9999 -9999 -9999 -9999 -9999 -9999 -9999 -9999 -9999 -9999 -9999 -9999 -9999 -9999 -9999 121.932 122.972 123.123 121.436 121.119 121.032 120.899 121.018 120.994 121.132 121.295 121.156 121.274 121.441 121.621 121.557 121.455 121.34 121.354 121.348 121.423 121.599 121.708 124.84 129.482 132.634 134.917 132.447 128.261 133.94 129.285 122.584 119.698 119.691 119.599 119.566 120.006 119.427 119.361 120.197 125.126 126.671 128.1 126.736 123.717 119.072 118.883
-9999 -9999 -9999 -9999 -9999 -9999 -9999 -9999 -9999 -9999 -9999 -9999 -9999 -9999 -9999 -9999 -9999 -9999 -9999 -9999 -9999 -9999 123.046 122.626 122.25 121.848 121.322 121.334 121.9 121.544 121.591 121.441 121.274 121.285 121.479 121.576 121.623 121.537 121.371 121.352 121.35 121.336 121.572 121.721 123.95 129.786 133.804 131.204 130.954 130.816 127.607 127.674 122.746 120.503 122.062 120.048 120.515 120.25 119.452 119.327 124.267 125.552 126.379 126.421 125.859 123.816 119.088 118.959
-9999 -9999 -9999 -9999 -9999 -9999 -9999 -9999 -9999 -9999 -9999 -9999 -9999 -9999 -9999 -9999 -9999 -9999 -9999 -9999 -9999 -9999 -9999 122.458 121.418 121.639 122.687 126.894 128.014 127.514 126.268 121.634 121.182 121.248 121.341 121.503 121.702 121.638 121.485 121.352 121.397 121.411 121.596 121.687 122.367 129.629 131.27 129.834 126.515 130.434 129.875 124.762 121.384 125.795 124.329 120.712 119.393 119.306 119.369 119.361 122.036 125.829 125.364 122.077 121.47 119.59 120.022 119.404
-9999 -9999 -9999 -9999 -9999 -9999 -9999 -9999 -9999 -9999 -9999 -9999 -9999 -9999 -9999 -9999 -9999 -9999 -9999 -9999 -9999 -9999 -9999 -9999 121.125 121.041 126.123 127.522 128.825 128.631 126.986 122.184 121.529 121.268 121.358 121.648 121.701 121.714 121.491 121.422 121.404 121.355 121.561 121.765 121.529 123.762 127.243 130.681 125.924 129.484 125.755 123.268 120.597 119.879 119.683 119.431 119.354 119.511 119.487 119.435 120.596 121.006 120.46 119.893 120.204 119.774 120.14 120.63
-9999 -9999 -9999 -9999 -9999 -9999 -9999 -9999 -9999 -9999 -9999 -9999 -9999 -9999 -9999 -9999 -9999 -9999 -9999 -9999 -9999 -9999 -9999 -9999 -9999 122.183 125.968 128.151 129.336 129.161 126.729 121.706 122.248 122.024 122.077 122.016 121.72 121.667 121.447 121.426 121.399 121.338 121.611 121.691 121.578 121.454 127.106 129.524 129.116 123.293 128.138 125.361 125.598 123.492 119.658 119.471 119.605 119.676 119.853 120.005 120.521 120.253 119.749 119.932 119.249 119.312 123.258 121.023
-9999 -9999 -9999 -9999 -9999 -9999 -9999 -9999 -9999 -9999 -9999 -9999 -9999 -9999 -9999 -9999 -9999 -9999 -9999 -9999 -9999 -9999 -9999 -9999 -9999 -9999 -9999 -9999 129.171 128.896 127.589 122.016 121.545 121.559 122.278 121.987 123.573 123.504 123.811 121.592 121.403 121.418 121.573 121.721 121.572 123.434 133.664 130.308 133.535 126.798 124.421 128.363 127.363 126.594 122.191 121.218 121.439 121.025 120.872 120.428 121.128 119.441 119.34 122.709 125.114 127.474 126.898 124.914
-9999 -9999 -9999 -9999 -9999 -9999 -9999 -9999 -9999 -9999 -9999 -9999 -9999 -9999 -9999 -9999 -9999 -9999 -9999 -9999 -9999 -9999 -9999 -9999 -9999 -9999 -9999 -9999 -9999 128.154 127.527 123.438 121.451 121.442 123.09 122.969 123.816 124.782 122.074 121.422 121.445 121.365 121.626 121.671 121.926 130.976 129.427 131.473 131.251 130.311 128.291 131.085 126.979 126.548 124.626 122.926 120.474 120.082 121.275 121.361 120.942 120.5 123.747 125.621 126.253 127.524 127.495 125.607
-9999 -9999 -9999 -9999 -9999 -9999 -9999 -9999 -9999 -9999 -9999 -9999 -9999 -9999 -9999 -9999 -9999 -9999 -9999 -9999 -9999 -9999 -9999 -9999 -9999 -9999 -9999 -9999 -9999 126.448 126.847 122.648 121.373 121.707 127.774 125.83 123.037 126.225 126.25 125.241 121.675 121.393 121.484 121.701 121.55 126.744 129.962 132.306 135.043 126.699 130.311 124.45 129.723 133.851 132.87 125.972 119.832 119.643 119.81 119.932 119.219 119.11 121.211 125.281 126.415 127.091 128.01 126.41
-9999 -9999 -9999 -9999 -9999 -9999 -9999 -9999 -9999 -9999 -9999 -9999 -9999 -9999 -9999 -9999 -9999 -9999 -9999 -9999 -9999 -9999 -9999 -9999 -9999 -9999 -9999 -9999 -9999 122.261 121.422 121.989 121.322 121.377 122.031 126.598 131.045 132.301 127.173 124.749 121.679 121.38 121.532 121.737 121.694 123.023 130.465 132.233 132.266 123.898 127.858 131.479 131.004 133.477 125.053 121.733 119.47 119.434 119.353 119.447 119.234 119.158 119.116 119.683 124.54 126.205 128.173 127.064
-9999 -9999 -9999 -9999 -9999 -9999 -9999 -9999 -9999 -9999 -9999 -9999 -9999 -9999 -9999 -9999 -9999 -9999 -9999 -9999 -9999 -9999 -9999 -9999 -9999 -9999 -9999 -9999 -9999 -9999 121.146 121.308 121.442 121.69 122.077 135.126 133.832 134.91 134.65 131.369 123.162 121.406 121.534 121.663 121.622 122.047 127.65 127.715 122.993 121.532 122.473 125.867 129.19 128.462 121.835 119.817 119.511 119.438 119.377 119.511 119.65 119.209 119.616 119.379 123.514 125.856 127.532 127.567
-9999 -9999 -9999 -9999 -9999 -9999 -9999 -9999 -9999 -9999 -9999 -9999 -9999 -9999 -9999 -9999 -9999 -9999 -9999 -9999 -9999 -9999 -9999 -9999 -9999 -9999 -9999 -9999 -9999 -9999 -9999 121.393 121.433 121.511 123.682 133.487 134.892 134.513 124.056 124.996 128.035 121.782 121.526 121.724 121.718 121.547 121.552 121.538 121.637 121.694 121.822 126.635 127.202 127.058 126.603 124.3 120.709 119.512 119.472 119.668 120.2 119.853 119.256 119.212 121.776 125.332 127.085 127.838
-9999 -9999 -9999 -9999 -9999 -9999 -9999 -9999 -9999 -9999 -9999 -9999 -9999 -9999 -9999 -9999 -9999 -9999 -9999 -9999 -9999 -9999 -9999 -9999 -9999 -9999 -9999 -9999 -9999 -9999 -9999 -9999 -9999 121.502 -9999 123.659 122.716 126.456 127.967 124.154 121.641 121.467 121.564 121.672 121.749 121.631 121.617 121.553 121.622 121.806 121.814 124.661 124.359 123.817 126.708 126.332 122.437 120.868 119.838 119.967 119.354 119.224 119.145 119.087 121.759 125.462 126.699 127.034
-9999 -9999 -9999 -9999 -9999 -9999 -9999 -9999 -9999 -9999 -9999 -9999 -9999 -9999 -9999 -9999 -9999 -9999 -9999 -9999 -9999 -9999 -9999 -9999 -9999 -9999 -9999 -9999 -9999 -9999 -9999 -9999 -9999 -9999 -9999 -9999 124.572 128.483 123.232 125.597 124.594 121.865 121.526 121.732 121.77 121.657 121.591 121.568 121.621 121.726 121.81 123.787 123.779 123.933 126.654 124.82 120.597 119.631 119.54 119.422 119.343 119.291 119.234 119.237 124.457 125.694 125.846 124.603
-9999 -9999 -9999 -9999 -9999 -9999 -9999 -9999 -9999 -9999 -9999 -9999 -9999 -9999 -9999 -9999 -9999 -9999 -9999 -9999 -9999 -9999 -9999 -9999 -9999 -9999 -9999 -9999 -9999 -9999 -9999 -9999 -9999 -9999 -9999 -9999 125.161 124.984 127.412 129.588 128.281 124.28 121.629 127.265 122.09 121.703 121.673 121.601 121.661 121.751 121.842 122.739 122.86 122.204 120.808 120.507 119.748 119.687 119.599 119.525 119.574 119.342 119.276 119.486 120.755 122.49 119.27 119.194
-9999 -9999 -9999 -9999 -9999 -9999 -9999 -9999 -9999 -9999 -9999 -9999 -9999 -9999 -9999 -9999 -9999 -9999 -9999 -9999 -9999 -9999 -9999 -9999 -9999 -9999 -9999 -9999 -9999 -9999 -9999 -9999 -9999 -9999 -9999 -9999 -9999 125.476 124.803 125.047 125.661 122.885 121.553 121.866 121.815 121.699 121.709 121.636 121.68 121.787 121.84 122.274 122.741 122.594 120.813 119.977 119.778 119.739 119.653 119.649 119.749 120.916 120.896 121.319 119.668 119.133 119.35 119.621
-9999 -9999 -9999 -9999 -9999 -9999 -9999 -9999 -9999 -9999 -9999 -9999 -9999 -9999 -9999 -9999 -9999 -9999 -9999 -9999 -9999 -9999 -9999 -9999 -9999 -9999 -9999 -9999 -9999 -9999 -9999 -9999 -9999 -9999 -9999 -9999 -9999 -9999 122.365 122.004 121.899 122.451 121.519 121.726 121.873 121.731 121.736 121.632 121.625 121.792 121.869 121.981 121.808 121.764 121.281 120.333 119.885 120.197 122.585 120.701 120.726 121.386 121.273 121.806 119.878 119.645 119.564 119.403
-9999 -9999 -9999 -9999 -9999 -9999 -9999 -9999 -9999 -9999 -9999 -9999 -9999 -9999 -9999 -9999 -9999 -9999 -9999 -9999 -9999 -9999 -9999 -9999 -9999 -9999 -9999 -9999 -9999 -9999 -9999 -9999 -9999 -9999 -9999 -9999 -9999 -9999 121.534 121.567 121.582 121.561 121.547 121.743 121.912 121.843 121.774 121.669 121.73 122.045 122.112 122.002 123.416 122.386 122.485 122.382 120.232 122.01 122.727 120.968 120.571 121.922 121.938 121.99 121.05 119.384 119.278 120.356
-9999 -9999 -9999 -9999 -9999 -9999 -9999 -9999 -9999 -9999 -9999 -9999 -9999 -9999 -9999 -9999 -9999 -9999 -9999 -9999 -9999 -9999 -9999 -9999 -9999 -9999 -9999 -9999 -9999 -9999 -9999 -9999 -9999 -9999 -9999 -9999 -9999 -9999 -9999 121.581 121.613 121.599 121.535 121.794 121.866 121.862 121.772 121.727 121.673 123.801 123.301 123.172 123.493 123.806 122.522 121.415 121.086 121.085 120.023 120.195 120.444 120.634 120.357 121.893 122.31 120.061 119.293 120.746
-9999 -9999 -9999 -9999 -9999 -9999 -9999 -9999 -9999 -9999 -9999 -9999 -9999 -9999 -9999 -9999 -9999 -9999 -9999 -9999 -9999 -9999 -9999 -9999 -9999 -9999 -9999 -9999 -9999 -9999 -9999 -9999 -9999 -9999 -9999 -9999 -9999 -9999 -9999 -9999 121.631 121.612 121.595 121.756 121.987 121.837 121.806 121.754 121.713 123.964 127.572 127.346 124.119 122.033 122.298 121.611 123.606 122.501 124.463 126.063 125.609 121.954 120.353 120.514 122.401 120.016 119.491 120.113
-9999 -9999 -9999 -9999 -9999 -9999 -9999 -9999 -9999 -9999 -9999 -9999 -9999 -9999 -9999 -9999 -9999 -9999 -9999 -9999 -9999 -9999 -9999 -9999 -9999 -9999 -9999 -9999 -9999 -9999 -9999 -9999 -9999 -9999 -9999 -9999 -9999 -9999 -9999 -9999 -9999 -9999 121.601 121.732 121.898 121.893 121.812 121.767 121.693 122.935 127.345 123.274 122.439 122.121 123.285 121.079 123.255 126.949 127.719 128.126 126.778 122.594 120.142 120.105 123.984 125.048 125.352 119.954
-9999 -9999 -9999 -9999 -9999 -9999 -9999 -9999 -9999 -9999 -9999 -9999 -9999 -9999 -9999 -9999 -9999 -9999 -9999 -9999 -9999 -9999 -9999 -9999 -9999 -9999 -9999 -9999 -9999 -9999 -9999 -9999 -9999 -9999 -9999 -9999 -9999 -9999 -9999 -9999 -9999 -9999 -9999 121.79 121.902 121.942 121.846 121.809 121.754 121.753 121.892 122.202 124.852 123.728 121.911 120.769 124.796 127.338 128.218 128.594 127.217 121.313 121.723 121.838 125.001 129.238 125.13 122.252
