dsm/se3038_DSM_2M.asc
ncols 500
nrows 500
xllcorner    430000
yllcorner    438000
cellsize     2
NODATA_value -9999
[rows 408 to 441 of 500, columns 380 to 455 of 500]
126.734 126.677 126.762 126.872 126.959 126.902 126.904 126.909 127.374 126.937 130.227 132.389 130.262 126.969 127.879 130.167 133.907 135.422 135.489 135.597 135.577 134.927 133.569 127.477 127.732 128.849 135.364 134.619 134.972 134.904 134.504 134.227 131.787 127.837 129.274 133.524 133.709 133.522 132.149 131.107 128.507 127.847 127.907 128.122 127.909 127.894 128.634 127.834 127.814 129.049 128.717 128.619 127.897 127.849 128.294 127.832 127.872 127.767 127.759 128.072 127.722 128.864 128.474 128.399 127.922 127.642 127.594 127.564 127.554 127.614 127.577 127.564 127.527 130.864 127.359 127.312
126.617 126.682 126.764 126.864 127.627 126.972 126.894 126.879 127.994 132.367 133.167 133.472 132.832 127.817 127.282 130.172 133.709 135.589 135.589 135.477 134.569 135.264 133.634 128.124 127.684 129.989 135.867 135.879 135.937 135.917 135.557 134.252 129.339 127.787 131.617 134.459 134.682 134.584 134.259 134.002 133.762 129.259 127.847 131.129 130.512 130.612 129.094 128.294 128.164 127.792 129.677 128.367 127.862 127.859 130.037 127.789 127.804 127.754 127.732 128.512 127.734 127.882 127.832 127.784 127.664 127.667 127.644 127.597 127.629 127.644 127.632 127.699 127.524 128.184 128.607 127.414
126.607 126.704 127.192 126.797 126.827 127.387 126.847 130.409 133.239 133.184 133.927 134.564 133.532 131.104 126.924 130.137 132.597 135.509 134.312 134.787 133.177 133.162 133.069 127.774 127.629 131.337 135.674 135.837 135.302 134.737 134.952 134.079 129.692 127.719 133.169 134.667 135.952 135.899 135.652 135.267 133.889 127.707 127.822 132.437 134.307 134.117 133.939 133.712 133.524 128.344 128.192 129.187 128.144 129.019 129.082 128.217 127.799 127.929 127.737 127.964 127.757 127.852 127.934 128.414 127.689 127.682 127.649 128.272 127.579 127.647 127.642 129.774 128.729 128.429 127.492 127.434
126.617 126.692 126.949 127.369 126.779 127.837 131.484 132.887 133.587 134.352 135.039 134.519 134.329 132.957 129.154 127.369 127.319 127.274 127.507 127.852 127.464 127.449 127.457 127.404 127.587 129.319 130.542 129.989 131.782 132.697 133.367 133.722 128.032 127.707 132.514 134.579 134.789 135.039 135.254 135.089 133.707 127.727 129.019 133.619 135.014 135.457 135.327 135.117 134.112 128.814 127.832 133.092 134.037 133.837 133.677 133.472 133.152 128.974 127.717 128.397 129.834 127.852 127.762 127.792 127.974 127.702 127.667 128.909 127.577 127.642 127.634 127.619 127.452 128.322 127.469 127.619
126.592 126.537 129.239 127.882 127.604 131.419 132.667 133.187 133.869 134.809 134.132 133.377 132.649 128.902 126.892 126.954 127.269 127.234 127.177 128.272 127.182 127.209 127.317 127.324 127.439 127.449 127.562 127.582 127.887 127.687 127.699 128.107 127.789 127.712 132.724 132.402 131.514 133.654 133.877 134.089 133.199 127.772 128.692 133.809 134.259 134.459 134.737 134.917 133.934 127.749 127.817 133.417 134.799 135.227 135.539 134.847 134.284 130.112 127.709 131.507 133.799 133.594 133.434 133.229 131.577 129.094 128.007 127.534 127.509 127.544 127.612 127.877 127.432 128.182 128.437 128.279
126.512 126.467 126.462 127.452 126.982 127.582 132.684 133.567 134.339 134.734 132.999 132.007 126.817 126.927 126.967 126.989 127.384 127.234 127.194 127.737 127.127 127.157 127.339 128.444 127.502 127.454 127.492 127.529 127.682 127.557 127.509 127.669 127.774 127.694 127.662 127.659 127.787 128.817 127.987 130.284 131.102 128.097 127.777 128.869 129.049 130.114 133.034 133.522 133.639 127.722 127.782 133.624 134.537 134.692 135.207 135.154 134.147 128.462 127.727 132.754 134.552 134.982 135.764 134.592 134.249 131.564 128.062 129.894 133.349 133.122 132.177 132.342 129.132 127.532 128.269 127.542
126.457 126.414 126.399 126.392 126.397 126.419 128.607 132.774 133.309 132.562 128.139 126.774 126.949 126.999 127.039 127.314 128.102 127.232 127.189 127.439 127.464 127.089 127.377 129.597 127.379 127.357 127.432 127.429 127.622 127.429 127.454 127.557 127.974 128.849 127.599 127.597 127.622 127.637 127.674 127.684 127.807 128.539 129.439 127.719 127.724 127.754 127.807 127.842 127.737 127.779 127.879 130.589 132.232 133.314 133.564 133.764 133.897 127.739 127.752 133.417 134.637 134.954 135.289 135.337 134.302 130.419 127.977 131.499 134.202 134.507 134.894 134.099 133.884 132.414 127.449 128.219
126.289 126.279 127.902 127.727 126.622 127.132 127.062 128.637 131.097 126.649 126.759 126.844 126.892 126.984 127.004 129.287 129.067 127.187 127.174 127.169 127.872 127.042 128.627 129.559 128.144 127.667 127.359 127.344 128.042 127.404 127.437 129.732 128.649 129.764 130.719 130.977 127.604 127.669 127.627 127.644 127.932 129.754 129.544 127.687 127.697 127.747 127.704 127.694 129.084 129.917 127.684 127.702 127.752 130.882 127.787 127.742 127.789 127.777 127.732 133.009 133.414 133.599 133.792 133.999 134.042 128.472 128.527 132.997 134.394 135.032 135.437 135.299 134.297 131.437 127.432 130.417
126.252 126.274 131.302 132.044 130.979 129.939 126.639 126.389 126.709 126.654 126.634 126.792 126.849 126.967 127.062 127.942 129.444 129.284 127.304 127.149 128.417 130.274 133.967 132.859 128.629 127.669 129.767 130.849 130.262 127.549 127.499 129.784 128.972 129.482 127.932 127.609 127.644 127.572 127.579 127.629 131.359 133.257 131.784 127.649 127.654 127.752 127.682 127.677 129.357 129.257 127.657 127.674 127.739 130.119 127.752 127.749 128.389 129.329 127.782 130.804 130.874 130.962 127.797 128.382 129.744 127.669 128.264 133.109 133.437 133.632 133.859 134.059 134.047 129.264 127.397 131.399
126.184 130.882 132.257 133.417 132.792 132.912 132.387 126.649 126.524 126.672 126.652 126.722 126.849 126.954 127.139 127.304 127.129 127.089 129.142 130.307 130.547 127.924 134.852 134.574 130.052 130.539 131.089 131.744 131.742 128.344 131.274 129.474 130.879 128.677 127.629 127.739 127.672 127.499 127.522 131.059 129.109 132.797 132.527 131.394 127.702 127.807 128.467 129.922 129.979 128.447 127.599 127.654 127.637 129.584 127.692 127.734 129.447 129.722 127.824 127.679 128.152 128.437 127.874 127.654 127.647 127.679 127.707 127.492 128.149 127.867 130.434 131.752 132.154 128.289 127.417 132.729
126.652 131.782 132.912 134.354 134.279 134.097 130.599 126.459 128.619 128.327 126.577 126.674 126.652 126.699 129.487 129.474 127.169 126.794 127.907 128.882 128.874 127.897 127.884 127.292 127.474 127.709 127.654 127.314 127.357 128.554 127.309 127.882 129.177 130.369 129.269 127.454 127.419 127.414 127.444 131.809 127.699 128.472 130.834 132.804 132.707 129.219 132.152 137.984 134.764 127.834 127.659 127.639 128.557 129.524 127.662 127.869 128.552 128.864 127.834 127.632 127.634 127.609 127.547 127.552 129.292 129.372 129.752 127.697 127.734 127.727 127.524 127.454 127.629 127.509 127.379 130.539
128.584 132.177 134.514 135.047 133.992 132.509 126.304 126.387 127.107 128.617 128.249 126.749 126.547 126.577 126.637 126.554 126.762 126.689 128.044 128.969 128.917 127.582 126.934 126.929 127.377 127.349 127.022 127.024 127.082 127.262 127.672 127.262 127.262 127.314 127.474 127.327 127.384 127.377 127.572 127.502 127.799 127.457 127.537 127.517 128.327 127.819 130.979 137.079 136.189 127.737 127.739 127.774 128.432 128.644 127.662 127.669 127.659 128.392 130.174 127.697 127.599 127.589 127.484 127.504 129.637 129.272 130.084 128.044 127.594 127.832 127.827 127.422 129.214 128.519 128.354 127.452
131.044 132.777 134.252 134.797 133.387 129.982 126.412 126.374 126.369 126.787 127.474 126.592 126.472 126.509 126.532 126.529 126.597 126.629 128.089 129.014 128.944 127.177 126.927 126.912 127.237 126.989 126.989 127.109 128.714 129.202 127.799 127.204 127.229 127.234 127.284 127.302 127.372 127.399 128.314 128.872 129.002 127.384 127.452 127.482 127.494 127.747 127.484 129.019 130.492 127.947 128.962 127.897 128.047 128.997 127.824 127.824 128.134 128.692 129.889 127.642 127.582 128.052 127.474 127.487 129.649 129.177 130.047 127.864 127.552 127.489 127.439 127.399 128.552 129.877 129.607 127.644
131.982 133.179 133.892 134.072 132.629 128.509 126.779 126.569 126.397 126.392 127.489 126.409 126.457 126.462 126.482 126.702 126.549 126.574 126.632 126.662 127.499 126.779 126.892 126.879 127.022 126.944 126.954 127.494 129.152 129.287 127.922 127.179 127.209 127.677 127.292 127.262 127.332 127.344 129.509 129.327 129.299 127.252 127.402 127.427 127.434 128.122 127.452 127.467 127.482 127.517 128.244 127.607 127.512 129.092 127.907 128.402 128.017 128.397 128.649 127.682 127.514 127.572 127.452 127.442 129.209 127.899 127.692 127.732 127.537 127.602 127.379 127.387 129.194 129.817 129.509 127.599
129.584 131.814 132.442 133.222 131.752 126.169 126.204 126.759 126.602 127.017 128.062 126.572 129.944 126.419 126.439 126.729 126.519 126.572 126.594 126.677 126.727 126.774 126.859 126.862 127.282 126.979 126.989 128.514 129.179 128.657 127.232 127.197 127.232 127.232 127.279 127.304 127.294 127.314 129.559 129.082 129.307 127.302 127.347 127.362 127.369 127.427 127.429 127.439 127.472 127.524 128.154 127.514 127.452 127.682 132.899 130.179 128.134 128.272 128.254 127.694 127.852 127.634 128.564 127.749 129.722 127.737 127.732 127.639 127.484 127.839 127.412 127.347 127.832 127.544 127.589 127.709
129.082 129.317 130.869 132.737 127.667 126.267 126.497 126.284 127.747 128.387 126.992 127.979 132.969 132.777 132.354 131.777 129.947 126.844 126.554 126.677 126.717 126.767 128.189 128.304 127.337 126.744 126.799 128.672 126.822 127.092 128.384 128.742 128.394 128.029 127.347 127.232 127.294 127.347 127.362 129.444 128.219 127.157 127.209 127.239 127.404 127.347 127.372 127.374 130.104 129.377 127.549 127.432 127.424 130.244 132.674 133.147 127.409 127.427 127.422 127.559 127.489 127.517 127.634 127.677 127.714 128.194 128.484 128.112 127.552 128.442 127.404 127.332 127.334 128.277 127.624 127.602
126.209 126.232 126.289 127.339 126.514 126.574 126.639 126.739 128.472 128.457 126.369 131.977 133.467 134.252 134.029 133.434 133.002 132.572 129.289 126.699 128.377 132.659 132.647 132.544 133.249 134.117 132.629 130.099 126.734 127.094 132.597 133.507 133.429 133.344 133.239 133.329 132.557 127.307 127.324 127.259 127.102 127.702 127.352 127.807 127.354 127.279 127.304 129.059 130.127 128.774 129.209 128.157 127.604 128.837 133.442 127.972 127.374 127.377 127.377 127.442 127.392 127.362 127.372 127.344 127.459 127.617 128.074 127.602 127.579 130.102 130.032 127.597 127.297 127.707 127.524 127.352
126.214 126.217 126.219 126.699 126.309 126.469 126.502 126.467 127.659 128.554 126.359 132.389 133.687 134.287 134.734 134.854 134.017 132.499 127.357 126.742 128.947 132.867 134.009 133.977 134.457 134.794 134.772 131.652 126.692 127.309 132.729 134.159 134.847 134.809 134.649 133.852 132.434 127.262 127.162 130.677 130.012 131.414 128.139 128.334 127.549 127.407 127.299 129.867 129.839 129.627 132.307 132.569 127.312 127.319 128.027 127.314 127.319 127.307 127.384 127.384 127.349 127.314 127.297 127.267 127.317 127.297 127.314 127.317 129.287 130.534 132.382 127.522 127.409 127.682 127.672 127.517
126.984 126.239 126.284 126.442 126.469 126.839 126.337 126.359 126.344 126.364 126.637 131.237 132.377 132.784 133.482 133.639 133.577 131.629 128.034 126.907 129.589 132.919 134.319 134.757 134.839 134.872 134.902 131.122 126.747 128.009 132.644 134.237 134.479 134.727 134.689 133.747 132.099 127.229 127.064 131.819 133.822 133.299 132.797 132.387 130.104 128.354 127.394 127.759 127.777 129.662 128.072 130.117 127.279 127.679 127.827 127.282 127.257 127.317 127.369 127.519 127.314 127.294 127.252 127.244 127.274 127.269 127.244 127.244 127.252 127.364 127.344 127.304 127.539 129.372 127.399 127.999
126.197 126.204 126.319 126.497 126.614 126.304 127.059 126.364 126.387 126.384 126.377 126.359 126.387 127.027 130.272 132.157 132.577 129.604 127.857 126.747 127.149 132.944 133.232 133.317 133.407 133.454 133.494 127.524 126.792 127.059 132.802 132.942 133.054 133.144 133.249 133.347 128.419 127.347 127.652 133.304 134.499 134.677 134.387 133.672 133.184 131.684 129.249 128.049 127.184 127.174 128.639 127.969 127.232 127.357 127.257 127.239 127.247 127.287 127.397 128.949 127.269 127.229 127.234 127.259 127.249 127.247 127.227 127.199 127.272 127.317 127.267 127.257 127.217 127.234 127.242 127.294
126.109 126.144 126.227 126.274 126.284 126.327 126.509 126.469 126.419 126.399 126.387 126.377 126.377 126.417 126.509 126.492 126.499 126.492 127.047 126.764 126.717 127.334 128.322 128.754 129.742 129.567 131.682 126.757 126.837 127.864 127.077 127.497 127.434 127.549 127.764 127.852 127.212 127.464 127.364 132.239 133.099 133.642 135.129 134.639 134.567 133.779 129.382 127.157 127.164 127.314 127.264 127.197 129.482 127.339 127.239 127.214 127.259 127.297 128.807 130.097 127.912 127.174 127.189 127.297 127.234 127.217 127.184 127.179 129.987 127.277 127.247 127.207 127.164 127.074 127.097 127.124
126.164 126.192 126.192 126.202 126.204 126.292 126.297 126.339 126.377 126.432 126.724 127.099 126.454 126.427 126.527 126.559 126.574 126.537 127.262 126.739 126.654 126.637 126.717 126.697 126.749 126.922 126.759 126.777 126.912 127.852 127.064 127.072 127.797 127.154 127.132 127.174 128.167 127.419 127.417 127.067 127.024 129.554 132.309 133.244 133.754 133.307 127.554 127.117 130.027 133.132 132.589 132.034 127.829 127.317 127.312 127.189 127.249 127.274 129.664 129.799 127.167 127.139 127.122 127.204 127.199 127.182 127.169 127.157 129.277 127.197 127.149 127.139 127.122 127.042 127.104 127.082
126.107 126.152 126.207 126.259 126.287 126.289 126.267 126.262 126.282 126.342 126.462 126.484 126.549 126.714 126.629 126.582 126.622 126.639 126.969 126.717 126.682 126.712 126.752 126.732 127.112 126.784 126.817 126.822 126.932 127.592 127.029 127.119 127.659 127.154 127.147 127.224 127.534 127.979 127.067 127.052 127.012 127.114 127.509 127.567 130.609 132.724 127.114 127.114 132.604 134.192 133.942 133.412 132.864 132.307 129.614 127.199 127.237 127.219 127.479 128.764 127.189 127.189 128.187 127.299 127.159 127.162 127.154 127.222 127.202 127.227 127.059 127.037 127.077 127.054 127.059 127.029
126.214 126.212 126.172 126.172 126.224 126.274 126.312 126.337 126.334 126.362 126.364 126.417 126.489 126.532 126.549 126.589 126.854 126.619 126.872 126.692 126.692 126.717 126.777 126.827 127.112 126.799 126.804 126.859 126.929 127.617 127.964 127.289 127.247 127.149 127.327 127.129 127.549 127.097 127.129 127.054 126.997 127.179 127.279 127.149 127.139 127.149 127.094 128.302 133.212 133.842 134.419 134.724 134.224 133.662 133.124 131.579 127.242 127.129 127.102 127.097 127.084 127.159 128.317 127.249 127.129 127.642 128.369 128.237 127.137 127.092 127.042 126.999 127.049 127.007 127.002 126.937
126.454 126.267 126.269 126.259 126.224 126.219 127.057 126.564 126.332 126.389 126.419 126.437 126.442 126.444 126.459 126.539 126.542 126.572 126.614 126.642 126.837 126.782 126.769 126.992 127.272 126.977 127.437 126.917 126.964 127.132 126.947 126.967 126.997 127.037 127.009 127.039 127.044 127.047 127.057 127.102 127.352 127.134 127.122 127.137 127.102 128.234 127.077 127.057 127.962 130.407 132.292 134.049 134.192 134.699 133.837 130.817 127.217 127.467 130.202 128.562 129.247 129.264 127.452 127.102 127.104 128.524 129.569 128.809 127.914 127.067 127.029 127.009 127.009 126.992 126.944 126.924
126.249 125.977 126.352 126.862 126.339 126.312 126.329 126.772 126.357 126.334 126.359 126.399 126.432 126.479 126.522 126.534 126.517 126.507 126.522 126.599 126.934 126.759 126.769 126.934 127.402 127.132 126.894 126.869 126.864 126.862 126.862 126.872 126.914 126.957 126.972 126.992 127.014 128.002 127.524 127.097 127.082 127.052 127.322 127.237 127.297 127.142 127.052 127.279 127.042 127.004 127.157 130.072 131.427 133.364 133.267 127.407 127.099 129.534 133.297 132.739 132.164 130.194 127.022 127.019 127.229 129.569 128.652 128.882 127.062 127.047 127.027 127.024 126.929 126.922 126.894 126.837
125.857 125.899 126.389 126.324 126.449 126.349 126.362 127.222 126.819 126.369 126.432 126.469 126.382 126.402 126.454 126.512 126.577 126.594 126.582 126.572 127.584 128.097 126.729 126.752 126.774 126.817 126.772 126.764 126.817 126.854 126.887 126.912 126.924 126.947 126.982 126.997 127.032 127.057 127.072 127.099 128.504 127.449 127.104 127.019 127.044 127.024 128.802 127.354 127.544 127.109 127.289 126.952 127.519 127.897 131.342 127.142 127.069 133.182 134.267 134.139 133.564 133.004 132.459 130.637 127.002 126.962 127.134 128.479 127.062 127.072 127.044 126.954 126.874 126.854 126.747 126.649
125.839 125.877 126.274 127.422 126.667 126.397 126.389 128.999 126.409 128.052 129.174 127.382 126.469 126.479 126.537 126.477 126.467 126.519 126.584 126.619 126.644 126.674 126.689 126.712 127.174 126.994 126.799 126.842 126.822 126.817 126.827 126.824 126.894 126.964 126.989 126.987 126.949 126.942 126.994 127.047 127.059 127.059 127.029 126.997 127.019 127.029 127.449 127.239 127.227 127.129 127.224 126.972 126.949 126.889 127.064 127.037 128.964 132.822 133.369 133.957 134.679 134.409 133.849 133.314 132.624 126.924 126.532 128.999 127.077 126.697 126.974 126.454 126.679 126.804 127.162 128.979
128.312 125.859 126.417 127.202 127.569 128.592 128.257 128.689 126.344 126.407 128.567 126.564 126.497 128.922 127.979 126.582 126.569 126.804 126.729 126.604 126.567 126.624 126.682 126.732 126.772 126.807 126.827 126.807 126.747 126.864 127.029 127.039 127.047 127.024 127.052 127.067 127.087 127.154 127.172 127.107 126.969 126.989 127.024 127.019 126.967 126.952 127.002 128.432 127.079 126.979 126.887 126.897 126.944 126.892 127.039 126.947 126.914 126.847 127.939 131.194 133.139 133.687 134.242 133.502 129.347 126.777 128.409 131.984 131.574 130.629 127.024 126.437 126.374 126.357 127.474 127.827
128.567 125.989 126.499 126.864 126.559 128.667 128.697 126.992 126.352 126.319 126.364 126.389 126.432 126.752 128.524 127.067 126.739 126.639 126.787 126.634 126.662 126.672 126.612 126.697 126.777 126.799 126.819 126.742 126.834 127.054 127.024 126.997 126.979 126.994 127.002 127.024 127.064 127.107 127.112 127.117 127.117 127.079 126.909 126.944 126.969 126.922 126.952 126.977 128.272 127.737 126.909 126.902 126.867 126.962 127.174 126.897 126.812 126.819 126.817 126.779 127.412 130.344 132.842 132.949 127.799 126.474 131.152 133.137 133.007 132.627 132.244 131.872 131.507 126.344 126.317 126.354
125.937 126.232 126.262 126.732 126.349 127.107 126.764 130.197 133.419 134.394 130.402 126.312 126.357 126.524 126.704 128.942 126.569 126.947 126.797 127.794 126.949 126.699 126.644 127.024 127.109 126.764 126.789 126.737 126.877 126.987 126.952 126.927 126.962 126.962 126.967 126.962 127.039 127.077 127.107 127.122 127.112 127.107 127.054 126.942 126.862 126.909 126.872 126.919 126.947 126.959 126.842 126.894 126.779 126.942 126.812 126.804 126.809 126.737 126.787 129.082 126.764 126.959 127.747 128.987 127.527 126.364 132.172 133.379 133.919 133.997 133.759 133.294 132.917 132.412 126.327 126.369
125.969 125.807 125.842 125.874 125.929 128.037 126.944 132.289 133.922 134.017 132.409 130.254 128.384 126.732 126.532 127.239 126.932 126.522 126.642 127.837 126.749 126.729 126.927 126.694 127.294 126.734 126.774 126.774 126.754 126.947 126.947 126.959 126.942 126.954 126.874 126.884 127.939 130.127 127.084 127.099 127.104 127.102 127.082 127.047 126.957 126.787 126.847 126.842 126.882 126.902 126.947 126.777 126.869 126.912 126.802 126.684 126.759 126.732 126.712 127.457 126.694 126.709 127.087 126.499 126.519 126.449 130.537 132.134 132.517 132.912 133.279 133.667 133.594 132.177 126.239 126.424
127.567 125.842 125.894 125.889 125.942 126.824 128.147 132.777 134.439 133.464 131.927 129.817 127.452 126.884 128.782 131.109 126.587 126.594 127.234 126.677 126.737 126.764 126.752 126.849 126.774 126.702 126.712 126.782 126.729 126.872 126.932 126.942 126.949 126.944 126.914 126.892 126.939 130.697 130.089 126.952 127.017 127.054 127.039 127.034 127.004 126.832 126.777 126.829 126.802 126.812 126.844 126.854 126.842 126.787 126.734 126.709 126.719 126.697 128.284 127.094 126.654 128.312 130.882 126.397 126.324 126.282 126.324 126.329 126.462 128.669 131.244 132.232 132.617 130.127 126.114 127.574
125.937 125.849 125.862 126.042 125.982 127.142 130.812 133.312 134.514 132.962 130.614 129.489 127.184 129.199 132.969 133.072 132.292 128.749 126.694 126.674 126.719 126.767 126.747 126.829 126.857 126.797 126.724 126.754 126.809 126.734 126.899 126.954 126.954 126.922 126.899 126.944 126.987 126.974 127.907 126.997 126.989 126.964 126.944 126.939 127.194 126.924 126.707 126.794 126.799 126.749 126.689 126.699 126.694 126.677 126.644 126.777 126.744 127.164 127.242 126.607 128.017 132.119 133.394 126.304 126.239 126.242 126.289 126.272 126.387 126.324 125.919 126.212 126.364 126.029 125.952 130.609
