dsm/se3036_DSM_2M.asc
ncols 500
nrows 500
xllcorner    430000
yllcorner    436000
cellsize     2
NODATA_value -9999
[rows 62 to 92 of 500, columns 345 to 413 of 500]
102.212 100.857 99.982 100.034 99.949 99.942 100.044 102.782 103.807 102.312 99.742 101.222 99.519 100.262 103.667 103.572 102.299 99.564 99.534 101.182 99.562 99.549 99.704 99.514 99.484 99.504 99.492 99.432 99.432 99.422 99.162 101.854 102.402 102.197 98.797 98.767 98.997 99.819 99.072 98.944 99.659 99.034 98.614 98.854 99.429 104.914 106.232 107.489 106.429 105.117 98.432 98.327 98.302 98.847 98.069 98.057 98.092 98.129 98.077 97.924 97.834 97.787 97.784 98.227 97.837 97.807 99.497 99.709 99.277
100.144 100.039 100.022 100.017 99.934 99.924 100.057 100.269 99.777 99.719 99.659 99.599 99.522 99.482 102.704 100.739 99.489 99.484 99.712 105.099 103.247 99.472 99.484 99.394 99.344 99.342 99.264 99.299 99.254 99.314 99.289 103.744 105.144 104.219 98.744 98.927 99.054 99.169 99.039 98.527 98.562 98.542 98.579 98.717 104.979 105.692 106.034 107.274 106.717 105.394 99.362 98.304 98.234 98.157 98.009 97.977 97.994 98.034 98.197 99.424 98.829 98.427 97.839 97.632 97.629 97.634 98.129 98.109 97.544
100.504 100.042 100.049 99.994 99.914 99.907 99.879 100.577 99.794 99.707 99.654 99.614 99.607 99.582 99.542 99.502 99.457 99.944 99.444 100.337 99.334 99.212 99.177 99.142 99.852 101.019 99.059 98.722 98.724 99.504 100.259 99.944 98.499 98.434 98.467 98.544 98.627 99.069 98.497 98.522 98.519 98.509 99.464 98.594 106.102 105.689 105.699 106.999 105.252 100.537 98.454 98.324 98.264 98.204 97.994 97.887 97.892 98.162 97.904 98.422 97.644 97.632 97.642 97.652 97.689 100.669 101.794 98.552 97.459
100.082 100.052 100.034 100.002 99.929 99.902 100.337 108.392 105.652 100.729 101.542 100.319 100.927 101.344 102.034 102.422 105.839 100.719 99.264 99.184 99.097 99.067 98.992 98.927 99.922 98.949 98.632 98.612 98.549 98.704 100.649 98.322 98.252 98.207 98.239 98.309 98.382 98.599 98.552 98.549 98.724 99.242 100.547 99.882 101.344 99.219 98.579 98.534 98.544 98.804 99.437 98.822 98.092 97.829 97.857 97.819 97.829 97.817 97.739 97.689 97.644 99.582 103.514 103.772 104.049 104.277 104.362 98.439 97.719
100.097 100.034 100.019 99.979 99.909 99.887 100.194 104.779 100.852 101.682 102.817 102.929 101.229 99.517 106.474 111.119 108.114 100.712 99.162 99.054 98.942 98.877 98.827 98.744 99.397 98.509 98.502 98.444 98.319 98.269 98.219 98.162 98.149 98.104 98.102 98.162 98.152 98.549 98.599 98.589 101.724 102.294 102.187 101.194 98.712 99.594 99.147 98.674 98.004 98.257 97.874 97.819 97.814 97.817 97.834 97.762 97.749 98.412 97.717 97.612 97.632 98.154 103.987 104.992 104.449 103.482 102.539 97.817 97.559
100.489 100.067 99.979 99.964 100.182 100.489 99.599 100.384 101.832 101.817 99.834 99.477 101.409 100.264 105.904 107.237 106.204 101.237 99.097 98.959 98.832 98.797 98.697 98.629 98.627 98.274 98.267 98.174 98.114 98.134 98.114 98.107 98.312 98.137 98.077 98.052 98.064 98.569 98.609 98.579 99.244 99.749 99.129 97.969 97.942 97.909 97.889 97.842 98.229 97.914 97.849 97.829 97.817 97.809 97.812 97.819 97.687 98.404 97.979 97.572 97.604 98.089 103.742 104.972 104.704 103.499 100.412 97.557 97.629
108.012 100.314 99.977 99.347 99.387 99.439 99.472 101.149 101.439 99.829 99.324 99.294 99.277 99.299 99.319 99.262 101.044 100.639 99.009 98.864 98.769 98.687 98.607 98.572 98.804 98.074 98.082 98.132 98.109 100.332 100.397 101.034 101.617 100.227 101.739 101.769 99.257 99.004 98.422 98.402 100.794 100.814 100.779 97.972 98.599 98.117 101.482 101.944 103.124 103.667 103.897 98.234 97.744 97.742 97.747 98.989 97.597 97.997 98.902 98.717 101.887 98.594 103.484 104.724 105.294 103.754 99.804 97.294 97.209
105.352 100.734 99.307 99.322 99.732 99.444 99.447 100.297 99.324 99.289 99.269 99.242 99.227 101.059 100.004 99.204 99.844 99.082 98.959 98.804 98.664 98.582 98.749 98.519 98.927 103.312 103.544 103.647 103.669 104.399 104.439 104.482 104.522 104.564 104.604 104.637 99.809 98.227 98.242 98.239 99.627 98.137 97.889 97.822 97.844 97.789 103.909 103.779 104.292 104.889 104.327 102.094 97.722 97.724 97.679 98.312 97.504 97.529 101.069 99.609 98.874 97.594 103.252 104.419 105.249 104.039 99.964 97.279 97.194
99.734 103.259 105.014 102.337 102.479 99.492 99.437 99.479 99.319 99.254 99.214 99.212 99.447 99.272 99.209 99.159 99.759 99.024 98.892 98.734 98.597 99.792 102.852 98.462 98.924 104.702 104.947 104.992 105.032 105.807 105.834 105.884 105.912 105.939 105.957 105.947 100.429 98.277 98.154 98.084 99.309 97.854 97.829 97.839 97.812 97.797 101.004 101.339 104.059 105.302 104.584 103.097 97.694 98.829 99.889 100.697 97.649 97.462 98.719 97.592 97.599 97.602 101.257 104.157 104.447 104.162 100.672 97.264 97.252
105.712 105.912 105.224 103.292 102.434 99.489 99.474 99.514 99.494 99.277 99.209 99.124 99.119 99.069 99.059 99.089 99.229 99.004 98.847 98.647 98.509 98.399 98.807 98.322 99.262 105.519 105.972 105.999 105.947 105.267 105.174 105.132 105.102 105.042 105.007 104.969 100.829 98.197 98.097 98.739 99.794 97.844 97.842 97.854 97.834 97.809 99.139 101.044 103.822 105.199 105.072 103.657 98.867 98.744 97.884 98.434 98.164 97.404 98.557 97.589 97.599 97.589 97.627 103.519 102.829 100.344 97.487 97.159 97.269
105.449 106.059 105.477 104.642 99.389 99.434 99.509 99.569 99.572 99.187 99.122 99.122 99.114 99.089 99.142 99.082 99.502 99.502 98.812 98.612 98.459 98.347 98.207 98.152 98.497 104.137 104.662 104.612 104.572 103.829 103.779 103.729 103.679 103.632 103.607 103.622 100.887 98.207 98.037 98.072 98.764 97.852 97.997 97.994 99.742 99.509 99.982 100.229 103.564 104.757 105.114 103.902 98.472 98.037 97.487 98.832 99.044 97.327 97.649 97.537 97.509 97.494 97.539 97.762 97.837 97.397 97.124 97.104 97.684
105.207 105.899 105.739 105.054 99.284 99.322 99.452 99.337 99.247 99.209 99.122 99.092 99.052 99.064 101.819 102.139 99.784 100.747 98.787 98.609 98.784 98.477 98.857 98.244 98.532 101.134 101.802 103.019 102.922 98.282 98.579 98.187 101.849 101.179 98.089 98.067 97.967 98.059 97.987 97.987 98.759 100.349 98.497 97.684 97.599 97.657 99.582 100.834 102.557 104.487 104.742 104.139 98.264 97.659 97.522 97.504 97.324 97.239 97.277 97.334 97.424 97.429 97.434 97.337 97.182 97.042 97.759 98.119 99.389
104.954 105.634 105.949 105.279 101.259 99.287 101.267 102.409 99.257 99.194 99.127 99.049 98.972 98.962 98.979 100.302 99.402 100.372 100.349 100.279 106.897 99.017 98.499 98.044 98.562 97.994 98.077 98.099 99.354 98.742 98.019 98.007 98.174 98.067 98.047 98.052 97.942 98.069 97.892 97.882 97.872 101.652 97.594 97.587 97.584 97.659 97.904 97.759 99.877 103.779 103.467 101.947 98.992 97.604 97.539 97.459 97.304 97.149 97.184 98.732 97.267 97.142 97.092 97.097 97.032 97.479 99.169 96.889 99.392
103.527 105.399 106.059 105.539 104.404 101.689 100.162 103.632 100.217 99.099 99.089 101.184 99.194 99.707 102.369 98.597 98.487 98.722 99.152 98.439 98.297 98.042 98.429 98.422 97.902 97.942 98.072 98.662 97.989 98.622 97.944 97.944 97.967 97.944 98.247 98.634 98.279 98.017 97.787 97.737 97.714 101.822 98.127 98.409 97.884 97.862 99.087 99.794 97.657 98.017 98.859 98.169 97.689 97.594 97.609 97.624 97.549 97.094 97.109 98.899 97.274 97.144 97.072 96.927 97.354 98.972 96.927 96.807 98.217
100.229 105.167 102.997 99.204 99.189 99.182 110.092 101.359 102.139 103.474 98.417 98.229 98.129 98.822 98.552 98.454 97.944 100.607 97.927 100.042 97.859 97.989 98.867 98.524 97.772 97.839 98.162 98.579 97.849 98.177 97.819 97.834 97.842 97.844 97.852 97.844 98.369 97.734 97.664 97.679 97.627 97.787 97.754 97.477 97.454 97.414 97.424 98.847 99.024 98.339 97.882 97.647 98.794 97.647 97.717 97.562 97.602 98.204 97.032 98.319 97.294 97.137 96.897 96.932 98.747 96.797 96.787 97.427 96.724
99.179 99.172 99.242 99.272 99.209 99.502 98.699 98.764 100.342 102.522 98.252 98.194 98.119 98.047 98.707 97.879 97.844 97.824 97.817 97.799 97.822 97.734 97.679 97.647 97.667 97.704 97.834 97.709 97.689 97.669 97.699 99.069 98.482 97.742 97.724 97.729 97.929 97.784 97.429 97.552 97.689 98.284 97.462 97.447 97.382 97.317 99.484 97.462 98.037 98.942 98.809 98.189 98.924 97.622 98.187 97.564 97.564 99.544 96.942 97.362 97.277 96.909 96.914 98.099 96.937 96.749 96.759 96.752 96.914
99.709 99.479 99.202 98.784 98.609 98.617 98.632 98.639 98.739 98.257 98.229 98.192 98.067 97.994 98.429 97.779 97.752 97.737 97.724 97.724 97.734 97.662 97.632 97.607 97.592 97.592 97.582 97.589 97.582 97.577 97.569 97.629 97.627 97.639 97.684 97.652 97.647 97.342 97.174 97.424 97.342 97.314 97.227 99.477 102.154 101.494 97.584 97.159 96.969 97.039 98.367 98.497 99.122 99.464 97.869 97.674 97.724 99.047 96.849 96.889 96.849 96.864 98.767 96.934 96.729 96.719 96.739 96.692 96.707
103.469 105.139 105.257 100.794 98.754 98.964 98.569 98.897 98.349 98.247 98.202 98.102 97.972 97.862 97.784 97.682 97.664 97.652 97.642 97.649 97.664 97.614 97.577 97.549 97.524 97.524 97.509 97.502 97.499 97.489 97.474 97.547 97.577 97.642 97.852 97.562 97.572 97.149 97.209 98.529 102.639 103.242 103.572 103.879 104.182 103.139 97.219 97.157 97.012 96.959 96.979 97.412 98.594 99.807 99.564 99.704 97.742 97.927 96.994 96.819 96.844 98.359 98.304 96.782 96.732 96.757 96.777 96.787 96.777
106.714 106.997 105.632 103.244 98.759 99.402 98.534 98.697 98.324 98.259 98.204 98.097 97.924 98.604 99.074 98.199 97.579 97.557 97.554 97.559 97.604 97.579 97.514 97.479 97.467 97.457 97.449 97.449 97.472 97.532 100.989 101.224 98.027 99.917 101.569 97.487 97.504 101.012 103.504 103.832 104.184 104.464 105.034 104.887 104.592 103.429 97.539 97.399 97.029 96.949 96.942 96.959 96.937 96.952 97.004 97.149 97.612 97.607 98.139 96.734 98.002 98.242 97.774 97.329 96.804 96.799 96.777 96.757 96.714
106.337 107.337 105.994 104.644 99.404 99.477 98.512 98.859 98.359 98.352 98.324 97.989 97.887 97.749 98.244 98.612 97.484 97.454 97.512 97.599 98.054 97.574 97.464 97.439 97.394 97.357 97.494 98.572 97.657 98.774 101.957 102.994 103.377 103.724 104.099 97.784 97.482 98.659 103.539 104.774 104.524 104.372 104.049 103.722 103.392 103.104 98.692 97.572 98.034 96.939 96.962 96.949 96.909 96.897 97.062 97.194 97.769 100.287 97.269 96.654 96.669 96.767 96.784 96.762 96.714 96.629 96.569 96.527 96.519
106.009 105.952 104.187 102.547 101.232 98.579 98.504 98.407 98.164 98.119 98.017 97.884 97.977 97.634 97.719 97.552 97.529 97.507 97.899 97.667 97.672 97.534 97.427 97.382 97.317 97.294 97.729 97.759 103.262 103.634 103.994 104.359 104.732 105.082 105.459 100.504 97.444 97.287 103.217 103.767 103.449 103.122 102.472 100.937 98.552 97.144 97.092 97.032 98.247 96.972 96.984 97.052 97.144 96.959 96.934 96.864 96.797 96.752 96.604 96.604 96.622 96.597 96.572 96.567 96.559 96.542 96.534 96.504 96.494
105.549 104.212 99.179 99.119 98.674 98.517 98.429 98.312 98.087 98.012 97.952 97.867 97.774 97.639 97.597 97.577 99.067 97.617 97.609 98.122 97.522 97.512 97.399 97.317 97.227 97.234 98.449 98.164 104.617 104.992 105.352 105.584 105.382 105.037 104.669 103.079 97.404 97.237 102.339 100.947 98.982 97.182 97.214 97.327 97.124 97.364 97.512 96.957 97.129 97.037 97.007 96.922 96.839 96.804 96.754 96.719 96.639 96.544 96.537 96.577 96.589 96.584 96.574 96.552 96.517 96.484 96.457 96.449 96.479
105.922 104.572 98.997 98.899 98.669 99.047 98.224 98.154 98.037 98.012 98.007 98.209 97.764 97.644 97.634 101.247 101.107 101.349 102.979 103.347 97.504 97.487 97.394 97.284 97.199 97.172 97.242 97.309 105.114 105.147 104.782 104.409 104.049 103.707 103.309 102.952 97.652 97.249 97.117 97.074 97.129 97.187 97.209 98.062 98.822 97.864 97.022 96.927 96.904 96.859 96.799 96.892 97.087 96.627 96.619 96.594 96.579 96.544 96.539 96.547 96.539 96.534 96.517 96.537 96.564 96.587 96.612 96.602 96.589
106.284 104.932 98.567 98.482 98.884 98.172 98.064 98.027 98.104 98.799 98.059 98.022 97.832 100.057 102.587 103.244 103.612 103.972 104.344 104.704 97.494 97.449 97.399 97.257 97.179 97.119 97.199 97.269 101.087 103.792 103.424 103.382 102.082 98.134 97.577 97.462 97.344 97.179 97.094 97.049 97.057 97.117 97.104 97.042 96.949 96.904 96.862 96.744 96.697 96.682 96.817 97.512 96.777 96.644 96.609 96.574 96.549 96.504 96.572 96.634 96.667 96.662 96.662 96.687 96.639 96.719 96.664 96.597 96.519
105.904 103.139 100.907 98.372 98.312 98.424 98.027 98.324 101.907 101.182 100.662 101.822 103.414 103.864 104.234 104.602 104.964 105.334 105.594 105.459 98.314 97.429 97.372 97.222 97.157 97.084 97.152 97.207 97.667 99.489 97.837 97.602 97.814 97.579 97.459 97.322 97.217 97.172 97.134 97.004 96.944 96.942 96.904 96.842 96.772 96.727 96.734 96.737 96.727 96.722 96.687 96.662 96.644 96.622 96.649 96.684 96.699 97.597 97.592 96.742 96.667 96.702 96.774 96.814 96.569 96.922 96.434 96.389 96.362
104.972 102.087 98.594 98.394 99.314 99.039 100.614 101.732 102.657 103.579 103.954 104.314 104.684 105.224 105.564 105.527 105.207 104.857 104.487 104.119 102.262 97.417 97.334 97.204 97.117 97.062 97.092 97.812 97.282 97.464 97.492 97.452 97.332 97.199 97.132 97.072 97.039 96.984 96.962 96.877 96.812 96.777 96.772 96.764 96.772 96.749 96.737 96.722 96.704 96.697 96.722 96.779 96.807 96.794 96.789 96.809 96.819 96.887 96.722 97.352 96.649 96.954 96.999 96.444 97.139 97.869 96.359 96.394 96.487
105.354 104.604 101.552 98.877 100.089 102.804 103.864 104.199 104.584 104.929 105.292 105.654 105.982 104.952 104.579 104.219 103.844 103.502 103.164 102.069 100.044 97.479 98.277 97.467 97.097 97.042 97.022 97.577 97.309 97.442 97.384 97.169 97.137 97.092 97.027 96.994 96.934 96.862 96.812 96.792 96.792 96.787 96.792 96.777 96.759 96.744 96.724 96.719 96.722 96.779 96.852 96.857 96.844 96.797 97.309 96.777 97.192 96.479 96.609 96.637 96.492 96.954 96.624 96.489 100.412 102.499 103.222 103.532 103.109
106.002 105.807 105.137 104.434 103.977 104.367 105.199 105.564 105.922 106.034 105.777 105.399 105.042 104.147 103.227 102.797 99.649 97.747 97.614 97.544 97.502 97.824 98.199 97.174 97.032 96.974 96.954 97.129 97.184 97.177 97.137 97.087 97.027 96.929 96.877 96.867 96.894 96.847 96.797 96.754 96.764 96.767 96.772 96.864 96.874 97.502 98.059 96.747 96.724 96.842 99.594 96.884 96.764 96.537 98.072 96.694 96.382 96.374 96.612 97.449 96.869 99.759 103.464 103.834 104.284 104.514 104.892 105.012 103.434
104.779 105.774 106.109 105.642 105.302 105.654 105.889 105.504 105.152 104.774 104.409 104.057 103.679 103.314 97.612 97.599 97.759 97.757 97.697 97.612 97.789 97.482 97.389 97.212 97.054 97.039 97.042 97.049 97.077 97.062 96.979 96.954 96.924 96.899 96.889 96.864 96.877 96.777 96.772 96.792 96.752 96.747 96.804 96.924 96.917 96.912 96.882 96.677 96.637 96.594 98.754 101.572 96.524 96.834 96.969 96.574 96.324 99.367 100.437 100.022 99.642 99.757 103.774 105.322 105.834 106.137 106.144 105.449 103.794
103.574 105.752 104.984 105.692 105.859 105.524 104.767 104.142 103.789 103.704 100.917 98.269 97.954 97.797 97.704 98.559 98.437 98.192 98.092 98.157 98.499 97.502 97.347 97.147 97.127 97.117 97.099 97.072 97.059 97.007 96.972 96.934 96.922 96.869 96.872 96.904 96.919 96.934 96.934 96.942 97.122 96.709 96.744 96.942 96.814 100.262 96.549 96.532 96.529 96.489 96.847 96.429 96.439 96.467 96.354 96.294 96.302 98.297 100.799 100.307 99.699 99.702 103.409 105.072 105.699 104.844 104.512 104.154 103.759
98.554 99.829 101.814 104.482 104.549 104.184 102.199 98.972 98.047 98.037 98.259 98.014 97.904 97.742 98.179 97.647 98.029 98.699 98.192 97.607 97.479 97.372 97.219 97.187 97.164 97.134 97.137 97.059 97.004 96.964 96.917 96.897 97.702 99.532 97.007 96.992 96.977 98.049 99.042 97.777 97.352 96.714 96.707 97.189 96.849 98.362 97.487 96.494 96.464 96.442 96.397 96.429 96.567 96.462 96.737 97.932 99.409 100.022 100.532 100.564 99.637 99.632 103.109 103.827 103.494 103.154 102.507 99.382 97.114
