dsm/se3037_DSM_2M.asc
ncols 500
nrows 500
xllcorner    430000
yllcorner    437000
cellsize     2
NODATA_value -9999
[rows 60 to 89 of 500, columns 68 to 135 of 500]
130.549 129.637 129.071 126.856 123.416 122.665 121.961 122.013 122.737 125.608 124.472 124.212 125.03 123.368 126.563 124.842 121.746 121.702 121.724 122.546 121.98 121.735 121.674 121.705 123.65 123.224 123.331 122.727 122.13 123.93 128.076 127.587 126.268 124.055 121.375 121.275 121.155 121.302 121.22 120.642 120.502 120.387 120.305 122.035 120.222 119.817 119.72 119.59 119.445 119.417 119.847 120.01 119.962 119.417 119.225 119.587 119.832 124 125.647 126.382 126.842 126.532 125.847 122.895 120.937 121.39 119.43 118.02
131.662 130.572 129.432 125.221 122.999 123.241 122.431 122.035 121.978 125.363 128.271 123.276 125.999 125.456 126.641 122.694 121.727 121.745 121.825 124.918 124.407 122.035 122.061 123.901 123.341 123.217 123.031 123.422 125.32 126.921 129.371 128.125 127.119 124.758 121.892 121.19 121.101 120.96 120.821 120.695 120.577 120.702 121.007 120.285 120.025 120.26 119.837 119.747 120.102 120 120.05 120.087 120.04 119.937 119.432 119.815 120.49 120.672 125.622 126.007 125.882 126 123.047 118.88 120.087 118.88 118.88 118.307
131.842 131.957 128.572 123.893 122.514 123.113 122.637 122.137 122.089 122.2 124.135 125.786 124.484 123.558 124.985 123.486 121.86 121.917 124.428 128.433 129.066 124.864 122.231 125.986 121.994 121.732 121.798 123.556 125.088 126.634 128.232 128.572 127.25 125.681 122.787 121.308 121.178 121.055 120.898 120.864 121.927 120.805 120.605 120.47 120.72 121.197 120.832 121.132 120.492 120.412 120.167 120.185 120.127 120.025 119.695 120.545 120.307 120.045 122.695 125.462 123.15 119.16 118.597 118.862 118.862 118.87 118.887 119.415
131.162 129.608 127.048 123.517 122.594 122.97 122.759 122.408 122.156 122.151 122.275 123.68 121.955 123.575 121.975 122.724 122.136 124.067 124.583 124.471 124.318 123.448 122.781 122.679 121.849 121.681 121.76 123.56 124.781 126.075 127.658 128.807 127.42 126.003 123.044 121.315 121.26 121.159 121.316 121.404 121.054 120.93 120.915 120.97 120.917 121.885 120.65 120.972 120.415 120.71 120.262 120.265 120.205 120.08 119.865 119.917 120.605 121.335 120.215 118.622 118.632 118.6 118.725 118.902 118.882 118.882 118.88 119.17
130.889 129.11 125.661 123.755 122.757 124.867 123.516 126.667 123.475 122.35 123.315 122.994 122.887 122.323 122.105 122.2 122.704 123.899 125.1 125.469 122.246 122.383 122.213 122.483 121.744 121.704 121.701 123.284 124.297 125.705 127.258 128.65 127.836 126.345 124.362 121.359 121.318 121.35 121.467 121.289 121.233 121.107 121.08 121.025 121.315 121.192 121.422 120.42 120.685 121.915 120.327 120.33 120.297 120.162 119.98 122.6 123.34 123.967 120.93 119.73 118.692 118.612 118.892 118.91 118.907 118.912 118.89 120.755
131.502 128.169 123.162 122.775 123.194 125.574 129.907 129.313 124.151 126.589 125.286 126.025 131.619 125.245 123.19 122.436 122.516 122.623 122.801 123.751 123.561 122.63 122.541 123.207 122.056 121.743 121.714 122.576 124.19 125.405 126.699 128.295 126.379 124.437 121.799 121.37 121.593 121.936 121.516 121.431 121.43 121.376 121.32 121.692 121.942 121.232 120.852 120.572 121.165 121.427 120.97 120.387 120.38 120.66 124.547 124.337 124.357 124.25 121.952 120.152 118.865 118.78 118.912 118.912 118.905 118.935 120.857 121.452
129.278 125.755 122.768 122.719 122.69 123.061 124.737 127.074 127.665 128.982 128.833 125.491 131.369 129.461 122.707 122.638 123.035 122.255 123.535 124.061 122.463 122.24 122.542 122.869 122.743 121.752 121.75 122.608 124.242 124.299 124.236 124.271 124.047 123.871 121.643 121.718 122.688 121.696 121.576 121.596 121.584 121.521 121.472 122.315 121.187 121.802 120.85 120.74 120.637 120.725 120.67 120.43 120.46 125.667 126.285 127.045 124.035 123.747 123.475 121.39 120.045 119.025 118.9 118.895 118.897 119.507 121.73 121.427
128.571 123.537 122.794 122.775 122.738 122.673 122.946 123.758 123.387 128.23 128.339 128.055 131.685 131.646 125.029 122.558 123.201 123.584 122.795 126.539 126.017 124.199 127.857 123.458 122.335 122.658 122.094 121.82 124.054 123.973 123.213 123.709 123.168 123.381 123.224 122.011 121.976 121.655 121.669 121.659 121.655 121.71 122.832 122.58 121.837 121.165 121.032 125.405 127.95 122.142 120.77 120.7 125.772 126.945 127.702 128.402 128.022 123.237 122.847 120.255 120.36 119.347 119.267 118.95 118.72 121.19 122.087 122.015
123.94 123.131 123.312 122.887 122.766 124.831 125.404 124.682 127.489 128.421 127.69 126.991 125.515 124.53 124.313 124.115 122.393 123.482 128.698 130.106 131.97 132.096 129.197 125.104 124.47 122.606 122.367 122.371 123.005 122.935 123.336 124.267 124.437 123.418 127.082 126.944 122.472 122.041 121.692 121.701 121.68 121.765 123.841 122.675 122.24 124.02 124.497 126.295 128.105 123.142 121.265 120.742 127.157 128.217 128.025 127.18 125.105 120.285 120.47 120.27 120.387 119.355 119.37 119.355 119.26 121.22 121.497 121.537
124.603 125.218 125.156 124.24 125.394 125.959 125.96 125.349 125.286 126.279 124.117 124.978 122.917 122.61 123.644 127.475 127.395 127.718 127.22 126.587 130.133 131.248 128.603 129.069 127.425 122.832 122.229 122.544 122.886 124.454 125.725 123.555 123.556 127.099 127.572 128.164 127.238 122.171 122.109 121.718 121.759 122.303 124.409 126.644 128.187 127.712 127.337 127.352 128.075 123.697 120.935 121.337 123.347 127.32 126.28 124.902 120.747 120.337 120.515 120.39 121.672 119.792 119.365 119.362 119.322 120.852 119.7 120.795
125.178 123.666 123.169 123.57 125.648 125.378 124.803 123.438 122.753 123.291 122.941 123.062 123.266 124.494 128.198 128.533 128.303 128.852 123.79 124.555 122.684 122.464 123.139 126.388 124.978 123.093 122.648 126.186 127.213 124.257 125.373 123.935 125.565 127.238 128.109 129.05 128.667 127.228 122.565 122.433 122.412 123.304 123.121 124.983 128.093 129.362 129.392 129.57 128.475 123.487 121.15 121.19 120.575 122.51 120.545 120.58 120.562 120.542 120.487 120.462 120.475 121.36 120.22 119.432 119.91 119.942 121.32 119.642
123.931 123.031 126.908 127.523 123.785 123.137 122.902 122.835 122.821 122.891 122.835 122.882 126.564 126.11 127.859 128.431 127.312 124.619 122.855 122.642 122.7 122.595 122.894 127.258 126.882 124.638 124.374 124.311 124.519 122.331 122.396 123.6 123.473 125.717 128.058 128.776 129.34 128.695 127.47 122.83 122.726 123.417 122.011 124.663 128.029 127.989 127.91 127.877 127.86 126.21 121.362 121.597 120.737 120.782 120.755 120.722 120.677 120.612 120.565 120.532 120.557 120.755 120.53 120.467 120.617 119.807 119.542 119.425
127.896 129.162 129.631 129.587 125.374 123.195 123.151 122.899 123.468 126.195 126.112 128.528 129.298 128.864 126.669 124.085 122.997 123.102 122.845 122.994 123.385 122.828 125.168 124.967 124.027 125.881 125.084 124.034 122.457 122.313 122.3 122.304 122.25 122.315 123.807 127.94 128.7 127.934 126.265 125.102 122.461 122.616 122.851 124.826 127.756 127.608 126.122 122.997 123.56 124.98 121.337 121.387 121.15 120.887 120.83 120.787 120.742 120.682 120.622 120.612 122.047 123.96 122.952 123.945 120.795 119.925 119.555 119.502
130.139 131.108 131.486 130.555 128.954 125.27 124.481 125.559 125.358 126.082 124.639 125.143 124.655 123.289 123.304 122.834 122.798 122.746 124.86 123.463 125.963 128.754 125.462 125.463 126.397 127.204 123.305 122.833 122.37 122.359 122.319 122.391 122.263 122.218 122.6 123.526 127.828 124.229 122.762 122.422 122.892 123.306 122.28 123.908 127.474 127.378 121.527 121.49 121.527 121.607 121.655 121.785 121.48 120.975 120.912 120.847 120.797 123.172 121.235 124.115 124.477 124.99 121.812 123.882 123.357 120.147 119.607 119.492
130.045 130.852 132.038 131.055 129.552 126.727 125.792 125.051 123.412 123.84 123.084 123.039 122.979 122.899 122.96 122.982 122.879 125.371 126.751 126.615 126.539 129.594 125.03 124.744 126.686 124.123 122.891 123.53 122.72 123.108 122.555 122.492 122.272 122.252 122.225 122.196 123.237 122.552 122.358 123.545 122.448 125.226 122.297 122.787 125.981 125.453 121.902 121.875 121.88 122.475 122.132 121.835 121.922 121.135 120.97 120.927 120.937 121.27 121.8 124.87 124.715 123.152 120.497 122.807 124.08 120.872 119.717 119.555
129.051 129.995 131.684 131.442 130.284 128.584 125.341 122.959 123.014 123.111 123.075 123.037 122.993 125.027 125.151 124.396 124.494 124.828 124.374 123.153 123.958 129.163 127.863 122.79 124.018 125.137 126.393 125.954 126.599 125.994 124.306 122.413 122.312 122.267 122.255 122.224 122.394 123.363 125.249 123.078 122.306 122.359 123.534 123.178 122.096 122.071 121.977 121.969 121.957 122.085 122.707 121.932 122.295 123.247 121.347 121.2 121.18 121.13 121.72 121.35 120.6 120.525 120.997 120.752 120.607 120.372 119.755 119.62
127.656 129.51 130.997 132.197 130.781 129.242 125.564 123.015 122.997 123.037 124.184 123.063 123.166 125.853 129.37 128.87 124.123 123.175 122.58 122.55 124.457 126.518 125.991 127.176 125.672 126.827 126.594 126.322 127.537 127.375 124.447 122.442 122.374 122.325 122.262 122.194 126.382 126.391 124.516 125.855 124.968 122.171 123.798 123.879 122.479 122.136 122.296 122.085 122.064 122.075 122.072 123.215 125.12 122.577 121.27 121.245 121.18 121.112 121.037 121.657 120.597 120.532 120.457 120.625 120.535 120.365 120.462 119.645
126.089 128.805 130.637 131.901 131.421 129.925 125.938 123.303 124.843 125.467 125.55 123.806 123.969 124.403 129.674 126.207 124.364 122.9 122.568 122.565 122.902 123.759 126.673 126.061 126.185 124.973 126.075 126.535 125.282 126.521 125.978 122.628 122.412 122.346 122.287 126.133 131.579 130.325 129.056 126.44 124.031 122.238 122.233 122.399 122.196 122.2 122.225 122.233 122.714 122.963 125.02 125.467 123.107 124.732 123.642 121.197 121.165 121.112 121.022 122.37 120.87 120.585 120.515 120.467 120.397 120.427 120.435 119.892
123.657 129.271 130.322 130.871 130.32 129.59 127.227 123.242 126.086 126.254 126.392 125.052 124.337 123.714 123.314 122.787 122.919 123.726 122.936 123.463 123.537 124.939 125.548 126.723 126.363 124.463 127.735 125.374 123.229 122.922 122.916 122.33 126.932 124.965 122.395 124.232 129.802 129.853 129.039 122.877 122.587 122.724 122.326 122.436 123.386 123.992 124.792 126.126 126.503 125.601 123.48 123.09 123.962 124.007 124.527 121.4 121.127 121.077 121.06 120.967 121.72 120.62 120.57 120.487 120.43 120.44 120.45 120.397
123.096 127.665 129.954 129.48 128.242 124.157 123.051 123.059 125.483 126.167 125.741 124.09 123.774 122.991 122.973 123.064 124.984 126.638 127.186 125.985 127.797 127.904 125.646 125.939 127.349 126.808 126.634 127.487 129.318 124.169 122.611 126.195 125.884 125.59 128.72 125.685 127.338 128.851 125.805 125.065 127.063 126.949 126.632 127.1 126.431 126.119 127.257 124.833 122.433 123.393 123.711 121.837 121.76 122.485 124.485 123.952 121.11 121.042 121.065 120.977 121.57 121.16 120.722 121.065 120.475 120.457 120.487 120.525
122.897 123.212 124.074 124.774 122.979 122.984 123.01 124.531 124.828 124.099 123.567 123.309 123.028 122.988 123.73 126.373 126.32 126.851 127.104 127.239 127.343 126.301 125.727 127.742 128.414 127.7 129.694 129.278 128.729 125.342 126.801 129.598 133.09 129.604 129.932 132.543 131.204 126.397 125.107 128.714 130.108 130.306 127.659 127.194 126.191 123.835 123.289 122.384 124.081 124.095 124.11 122.084 122.59 122.107 123.3 121.18 121.135 121.05 121.05 121.005 120.915 120.805 121.002 121.002 120.68 120.64 121.315 120.472
123.526 123.761 123.598 123.206 123.641 123.068 125.824 128.297 125.725 123.126 123.069 123.041 123.04 123.4 125.815 126.907 127.828 128.312 126.503 125.77 123.135 123.346 123.743 127.8 128.384 127.776 126.886 127.87 129.855 132.413 131.157 131.126 131.975 132.045 132.878 133.12 130.741 127.823 126.068 129.426 126.809 129.173 127.055 123.227 122.079 122.043 122.006 121.998 122.805 124.144 124.201 123.184 121.807 121.782 122.23 121.342 121.147 121.095 121.062 120.867 122.1 123.66 121.035 122.027 124.232 127.08 126.965 120.44
123.144 123.047 123.02 124.191 124.715 128.326 129.44 129.48 126.748 123.212 123.219 123.183 127.69 127.521 128.059 129.114 127.088 126.286 122.941 123.211 122.846 122.886 124.901 127.275 127.985 126.459 123.986 126.087 129.589 132.59 133.293 131.659 130.917 129.315 131.938 131.965 125.786 131.989 131.894 127.194 126.224 124.074 122.146 122.138 122.092 122.058 122.042 121.995 121.983 123.735 122.243 121.905 122.353 121.974 121.785 121.815 121.162 121.105 120.92 120.815 123.932 124.097 126.275 127.097 127.68 128.32 127.575 122.455
122.944 122.944 123.096 127.773 129.485 130.201 130.691 130.331 128.966 124.608 125.263 124.523 126.805 128.971 125.152 122.97 123.22 123.548 123.383 125.449 124.818 123.016 125.029 127.611 127.758 127.495 127.12 126.779 128.769 130.1 130.178 129.199 130.206 124.601 125.536 127.563 130.172 132.583 132.883 127.608 126.256 124.911 122.396 122.772 122.102 122.078 122.015 121.952 121.901 122.276 121.867 121.841 122.534 121.844 126.06 123.735 121.362 121.087 120.99 120.865 124.915 127.062 127.682 128.89 128.885 129.252 128.157 126.977
124.099 123.107 123.031 125.018 128.957 130.283 131.726 130.714 129.456 126.586 123.551 123.75 124.04 123.463 123.125 122.698 122.732 122.757 123.958 125.778 124.299 126.817 135.253 131.306 127.656 128.258 127.652 128.478 128.263 127.808 124.604 122.907 123.045 123.515 130.423 132.577 132.341 132.18 127.098 128.168 125.079 125.298 124.834 122.952 122.455 122.062 122.002 121.942 121.884 121.93 122.718 121.852 123.254 128.437 128.782 127.802 121.895 121.395 121.002 126.622 127.64 128.227 128.85 129.39 128.995 128.357 127.747 127.092
125.725 123.647 123.101 123.267 127.348 130.21 131.628 131.557 130.272 128.154 123.077 122.762 122.838 122.862 122.86 124.006 124.148 124.048 123.055 123.371 128.486 141.463 142.852 139.477 127.529 127.973 127.011 125.013 124.852 124.025 123.055 122.672 122.65 122.782 123.085 123.692 125.657 124.421 122.405 123.63 124.332 123.074 125.175 124.018 122.541 122.053 121.998 121.939 121.896 121.837 122.347 121.875 126.125 128.093 129.064 128.376 124.447 122.915 120.975 124.932 127.435 128.615 129.032 128.392 127.932 127.36 125.59 122.795
126.402 126.606 124.106 123.355 125.794 129.175 130.52 131.59 130.391 129.594 125.098 123.103 123.196 124.458 124.816 124.954 124.96 123.524 124.127 122.859 122.442 124.695 132.703 141.212 124.943 125.111 127.04 125.646 122.742 122.661 122.643 122.623 122.597 122.543 122.649 122.484 123.554 123.562 124.067 123.615 124.384 123.695 124.146 122.403 122.093 122.025 121.979 121.917 121.863 121.83 121.83 122.676 122.578 127.326 128.483 128.959 127.97 122.867 121.86 121.64 126.842 127.982 127.847 127.312 126.277 125.785 120.887 120.537
127.473 127.195 124.54 123.088 123.081 128.628 129.921 130.768 130.018 129.289 127.931 123.323 124.941 124.991 125.004 124.804 124.713 123.298 122.666 122.507 122.452 125.701 139.388 135.693 125.074 123.441 125.521 123.447 122.645 122.652 122.614 122.602 122.615 122.609 122.702 122.47 122.709 123.699 124.082 122.377 124.541 124.577 124.097 122.543 122.058 122.008 122.762 125.616 121.901 121.876 121.896 121.901 122.372 124.889 127.956 128.887 128.562 126.832 122.6 120.925 125.207 127.185 126.665 126.447 122.885 122.377 120.667 120.605
124.56 125.161 123.088 122.95 122.94 126.246 129.317 128.916 124.583 125.548 124.554 124.072 124.747 124.984 125.127 125.142 124.071 124.677 122.601 122.499 122.927 137.167 143.828 144.012 130.543 123.325 123.498 123.489 122.674 122.647 122.655 122.594 122.606 122.576 122.515 122.481 123.472 123.86 122.96 122.493 122.575 124.795 122.858 123.927 122.317 121.983 126.961 128.567 125.324 127.739 126.744 123.322 123.168 122.053 126.937 128.335 129.085 128.174 124.435 122.035 121.077 123.22 120.947 120.895 120.942 122.785 120.825 125.05
123.562 123.698 123.01 122.912 123.429 124.056 127.126 124.884 123.835 123.195 122.77 123.003 122.92 124.527 125.049 123.662 122.702 122.513 122.719 122.569 122.513 122.47 131.054 138.997 136.544 123.278 123.254 123.058 122.636 122.615 122.569 122.576 122.606 122.572 122.463 122.435 123.016 124.07 122.753 122.599 122.769 122.581 122.35 123.337 123.731 122.105 123.619 128.451 128.614 129.456 128.693 125.814 121.917 122.139 123.536 127.712 128.701 128.746 122.505 123.245 120.92 120.865 120.95 120.925 120.875 120.842 121.6 124.287
