dsm/se3034_DSM_2M.asc
ncols 500
nrows 500
xllcorner    430000
yllcorner    434000
cellsize     2
NODATA_value -9999
[rows 256 to 287 of 500, columns 355 to 425 of 500]
39.981 40.191 40.124 39.921 39.719 39.516 39.154 33.771 34.416 33.604 35.206 34.466 33.796 33.236 33.149 33.604 33.029 33.024 33.154 33.096 33.541 33.324 36.884 38.874 38.986 39.124 39.264 39.366 39.214 39.066 38.931 38.814 32.696 31.634 31.019 29.386 28.941 29.456 32.149 35.844 33.319 33.354 33.359 33.486 33.604 33.891 33.604 33.461 33.319 33.354 33.434 33.501 33.636 33.481 33.434 33.379 33.321 33.361 33.461 33.464 33.364 33.319 33.139 38.654 39.416 39.411 39.394 39.399 38.969 38.944 38.949
39.991 40.206 40.106 39.906 39.701 39.509 39.239 33.961 33.769 33.649 33.531 33.714 33.279 33.161 33.139 32.949 32.996 33.001 32.956 32.966 32.949 32.719 35.224 38.851 38.979 39.111 39.259 39.364 39.214 39.081 38.936 38.816 33.321 31.766 31.371 29.421 28.826 29.389 31.476 34.836 33.589 33.324 33.336 33.386 33.364 33.386 33.549 33.506 33.394 33.291 33.379 33.449 33.601 33.541 33.441 33.391 33.324 33.254 33.379 33.491 33.374 33.279 33.139 39.394 39.439 39.411 39.391 39.401 38.786 38.756 38.771
40.011 40.209 40.086 39.884 39.681 39.484 39.084 33.909 33.776 33.649 33.536 33.404 33.256 33.139 33.034 32.914 32.964 32.979 32.919 32.921 32.936 32.711 33.681 38.839 38.974 39.091 39.254 39.379 39.241 39.104 38.961 38.816 33.736 32.239 31.494 29.454 28.936 29.356 30.806 33.781 33.924 33.314 33.331 33.349 34.994 36.014 34.646 33.511 33.399 33.259 33.326 33.404 33.484 33.599 33.446 33.391 33.319 33.239 33.341 33.459 33.394 33.294 33.116 39.454 39.434 39.421 39.406 39.424 38.611 38.591 38.611
40.031 40.221 40.081 39.884 39.671 39.479 38.829 33.889 33.746 33.626 33.509 33.376 33.236 33.121 33.019 32.861 32.934 32.944 32.899 32.901 32.929 32.821 33.636 38.844 38.971 39.129 39.276 38.554 38.336 36.791 36.204 34.904 33.829 33.521 32.786 30.026 29.154 29.311 29.526 33.224 33.289 33.291 33.309 33.331 33.991 33.356 33.379 33.551 33.436 33.321 33.261 33.354 33.426 33.579 33.451 33.399 33.331 33.266 33.239 33.366 33.464 33.309 33.104 39.459 39.436 39.429 39.404 39.321 38.431 38.436 38.451
40.059 40.231 40.056 39.861 39.659 39.461 37.954 33.864 34.344 33.954 33.474 33.344 33.209 33.114 32.986 32.866 32.904 32.914 32.879 32.991 33.119 33.694 33.554 32.794 32.694 32.659 32.646 32.634 32.586 32.536 32.496 32.499 32.451 32.409 32.416 30.406 29.316 29.181 29.501 33.364 33.284 33.284 33.301 33.301 33.316 33.336 33.364 33.416 33.456 33.339 33.221 33.309 33.386 33.494 33.509 33.401 33.341 33.281 33.194 33.321 33.429 33.311 33.174 33.096 33.099 33.389 33.666 37.036 38.359 38.334 38.329
40.086 40.241 40.044 39.844 39.644 39.434 37.119 33.844 33.699 33.581 33.454 33.326 33.181 33.056 32.949 32.839 32.876 32.896 32.924 33.544 33.021 32.874 32.844 32.756 32.676 32.671 32.639 32.594 32.586 32.559 32.516 32.524 32.476 32.439 32.411 31.411 29.364 29.004 29.436 32.886 33.284 33.284 33.899 33.289 33.299 33.766 35.034 34.421 33.506 33.359 33.231 33.261 33.341 33.404 33.539 33.401 33.349 33.314 33.221 33.264 33.361 33.356 33.234 33.164 33.126 33.751 33.876 37.719 38.534 38.481 38.504
40.109 40.244 40.041 39.836 39.626 39.416 36.714 34.999 34.391 33.564 33.444 33.306 33.166 33.029 33.019 32.859 32.841 32.879 32.824 33.681 32.944 32.839 32.816 32.779 32.691 32.664 32.646 32.624 32.581 32.544 32.549 32.546 32.509 32.471 32.446 32.271 29.391 28.861 29.384 31.309 34.364 33.254 35.384 33.279 34.336 33.319 33.326 33.344 33.549 33.411 33.291 33.194 33.294 33.356 33.499 33.406 33.349 33.311 33.231 33.159 33.296 33.374 33.236 33.171 33.129 33.111 33.081 38.216 38.674 38.676 38.661
40.141 40.231 40.021 39.816 39.614 39.409 35.991 34.554 34.121 33.556 33.429 33.286 33.591 33.006 33.199 32.859 32.949 32.836 32.811 32.866 32.934 32.811 32.784 32.751 32.671 32.626 32.614 32.611 32.554 32.524 32.496 32.486 32.501 32.481 32.454 32.434 29.421 28.854 29.336 29.571 33.486 33.241 35.954 33.941 35.609 34.446 34.959 34.259 33.369 33.459 33.306 33.169 33.234 33.301 33.376 33.476 33.349 33.306 33.256 33.159 33.249 33.346 33.276 33.184 33.129 33.114 33.074 39.206 38.881 38.844 38.819
40.174 40.224 40.021 39.814 39.596 39.389 33.831 34.039 33.894 33.534 33.404 33.261 33.204 32.989 33.119 32.814 32.779 32.819 32.784 32.819 32.886 32.746 32.719 32.681 32.629 32.584 32.569 32.569 32.514 32.504 32.496 32.489 32.504 32.496 32.471 32.446 29.429 28.966 29.291 29.516 33.221 33.241 35.319 35.666 34.206 34.849 33.329 33.354 33.354 33.489 33.351 33.231 33.181 33.259 33.329 33.484 33.344 33.301 33.261 33.189 33.159 33.269 33.339 33.194 33.134 33.104 33.081 39.171 39.061 39.019 38.991
40.181 40.196 39.996 39.776 39.584 39.369 33.909 34.341 34.341 33.524 33.386 33.246 33.111 32.961 33.104 32.816 32.736 32.794 32.761 32.729 32.734 32.706 32.674 32.611 32.589 32.551 32.556 32.556 32.519 32.476 32.474 32.479 32.481 32.476 32.474 32.474 30.831 29.129 29.241 29.441 33.179 33.234 33.241 36.001 33.294 33.971 33.649 33.339 33.346 33.356 33.394 33.264 33.146 33.221 33.286 33.381 33.349 33.311 33.271 33.201 33.106 33.219 33.319 33.204 33.144 33.111 33.041 38.951 38.934 38.931 38.936
40.184 40.164 39.946 39.756 39.556 39.349 34.226 34.874 35.031 33.506 33.366 33.236 33.914 34.179 33.186 32.801 33.124 32.756 32.719 32.684 32.734 32.716 32.694 32.614 32.539 32.489 32.519 32.524 32.499 32.469 32.451 32.454 32.464 32.464 32.479 32.474 32.294 29.271 29.094 29.404 33.044 33.226 33.229 35.176 34.981 33.969 34.624 33.874 33.729 33.351 33.409 33.271 33.174 33.184 33.241 33.301 33.436 33.304 33.256 33.219 33.134 33.161 33.266 33.271 33.146 33.091 33.049 38.761 38.751 38.759 38.746
40.194 40.139 39.936 39.741 39.531 39.339 33.814 34.209 34.261 33.496 33.371 33.229 33.371 33.539 33.189 32.791 33.659 32.731 32.704 32.689 32.796 32.779 32.681 32.581 32.519 32.464 32.464 32.476 32.489 32.474 32.436 32.421 32.414 32.431 32.446 32.461 32.134 29.306 28.929 29.416 32.046 33.236 33.224 33.279 33.311 33.491 33.311 34.769 36.881 33.331 33.421 33.289 33.144 33.146 33.191 33.251 33.394 33.289 33.266 33.216 33.154 33.071 33.194 33.294 33.164 33.089 33.029 38.564 38.579 38.596 38.596
40.214 40.146 39.919 39.731 39.521 39.314 33.974 33.771 33.626 33.504 33.349 33.199 33.266 33.219 32.859 32.744 33.839 32.704 32.674 32.651 32.789 32.766 32.674 32.554 32.501 32.459 32.421 32.439 32.449 32.449 32.409 32.384 32.371 32.379 32.401 32.456 32.946 29.314 28.794 29.354 31.661 33.306 33.556 33.256 33.509 36.229 37.919 37.971 38.096 34.054 33.406 33.279 33.984 33.114 33.154 33.196 33.269 33.314 33.264 33.234 33.184 33.081 33.156 33.266 33.191 33.074 33.196 38.406 38.426 38.441 38.454
40.251 40.121 39.941 39.719 39.511 39.311 34.044 33.956 34.059 33.474 33.334 33.181 33.429 34.396 33.546 32.716 33.951 32.671 32.646 32.606 32.741 32.726 32.654 32.566 32.484 32.421 32.396 32.379 32.369 32.359 32.324 32.311 32.319 32.316 32.309 32.539 31.496 29.334 28.879 29.291 30.154 33.366 34.249 37.926 37.976 37.894 38.089 38.041 38.551 40.569 33.409 33.326 33.239 34.096 33.116 33.154 33.209 33.369 33.269 33.244 33.199 33.119 33.041 33.169 33.264 33.071 33.019 33.719 34.291 36.264 36.384
40.251 40.124 39.911 39.706 39.496 38.804 34.376 34.089 33.601 33.456 33.309 33.169 33.036 32.911 32.776 32.699 32.674 32.629 32.611 32.959 32.676 32.716 32.599 32.531 32.451 32.411 32.389 32.354 32.334 32.299 32.256 32.251 32.259 32.241 32.261 32.306 31.509 29.704 29.019 29.259 30.494 33.984 33.904 37.879 37.859 37.864 40.441 41.446 41.431 41.444 34.206 33.376 33.246 33.094 33.086 33.126 33.166 33.261 33.246 33.246 33.199 33.136 33.031 33.126 33.591 33.106 33.039 33.061 33.059 33.051 35.554
40.246 40.084 39.884 39.679 39.476 38.374 34.021 33.854 33.596 33.444 33.294 33.151 33.536 34.634 34.014 32.664 32.906 32.586 32.584 33.709 32.656 32.696 32.581 32.529 32.444 32.406 32.374 32.306 32.276 32.251 32.219 32.206 32.191 32.179 32.209 32.216 31.686 29.566 29.171 29.156 31.489 33.214 33.526 38.964 41.864 41.421 41.419 41.411 41.419 41.429 39.121 33.384 33.259 33.119 33.069 33.099 33.139 33.186 33.324 33.239 33.204 33.154 33.061 33.064 33.186 33.219 33.039 33.029 33.036 33.036 36.984
40.246 40.061 39.856 39.669 39.454 37.611 34.426 34.866 33.616 33.421 33.279 33.141 32.999 34.199 33.501 32.641 33.686 32.549 32.564 32.746 32.631 32.811 32.579 32.531 32.459 32.421 32.384 32.304 32.259 32.234 32.199 32.171 32.151 32.159 32.166 32.151 31.861 30.046 29.229 28.944 29.384 33.044 33.116 38.996 41.421 41.409 41.401 41.401 41.404 41.419 41.439 33.311 33.289 33.206 33.069 33.071 33.114 33.161 33.286 33.219 33.209 33.164 33.091 32.996 33.129 33.239 33.049 33.019 33.026 33.001 38.331
40.229 40.051 39.826 39.629 39.444 36.539 34.461 34.956 33.556 33.401 33.259 33.109 32.979 32.831 32.721 32.649 33.149 32.519 32.544 32.491 32.596 32.676 32.579 32.531 32.454 32.419 32.361 32.309 32.266 32.206 32.164 32.129 32.124 32.121 32.096 32.081 32.011 30.816 29.259 28.806 29.316 33.239 33.191 34.069 41.414 41.399 41.384 41.396 41.406 41.416 41.431 36.379 33.324 33.231 33.071 33.054 33.081 33.124 33.184 33.261 33.206 33.159 33.119 33.016 33.086 33.189 33.119 32.996 33.011 33.004 38.644
40.229 40.021 39.806 39.624 39.421 35.116 33.696 33.621 33.516 33.371 33.229 33.091 32.951 32.836 32.714 32.601 33.211 32.524 32.516 32.469 32.564 32.654 32.569 32.514 32.456 32.411 32.359 32.314 32.241 32.174 32.146 32.119 32.079 32.081 32.059 32.044 32.079 31.176 29.301 28.739 29.299 31.576 33.094 33.091 40.321 43.356 41.396 41.389 41.399 41.421 41.429 41.561 33.346 33.279 33.261 33.594 33.054 33.094 33.154 33.286 33.206 33.174 33.116 33.046 32.976 33.111 33.219 32.996 32.994 32.976 38.826
40.229 40.014 39.811 39.606 39.406 34.736 33.824 33.604 33.491 33.346 33.214 33.071 32.941 32.804 32.709 32.584 35.566 32.544 32.501 32.446 32.544 32.669 32.556 32.514 32.479 32.421 32.361 32.321 32.226 32.174 32.129 32.104 32.059 32.046 32.031 32.016 32.006 31.329 29.321 28.824 29.256 31.699 33.064 33.204 35.436 43.554 42.239 41.396 41.404 41.421 41.429 41.446 35.276 33.309 33.181 33.691 33.029 33.076 33.111 33.169 33.196 33.169 33.124 33.081 32.976 33.051 33.179 33.016 32.966 32.959 39.281
40.209 40.004 39.791 39.594 39.389 34.156 33.841 33.761 33.521 33.364 33.194 33.056 33.169 33.321 32.676 32.566 35.569 32.546 32.474 32.416 32.501 32.641 32.554 32.541 32.491 32.436 32.371 32.309 32.236 32.184 32.131 32.084 32.049 32.014 31.986 31.941 31.926 31.604 29.341 29.031 29.184 30.414 33.024 33.241 33.191 41.424 41.384 41.396 41.414 41.414 41.414 41.426 40.456 33.319 33.209 33.381 33.071 33.034 33.076 33.121 33.279 33.164 33.134 33.084 32.999 32.976 33.111 33.164 32.911 32.934 39.251
40.216 39.994 39.799 39.579 39.396 34.384 35.429 34.466 34.389 33.909 33.191 33.049 33.006 33.226 32.656 32.531 32.824 32.451 32.459 32.406 32.474 32.616 32.566 32.534 32.504 32.446 32.404 32.319 32.254 32.206 32.139 32.079 32.056 31.981 31.944 31.899 31.881 32.096 29.939 29.161 29.029 29.299 33.051 33.114 33.156 37.944 41.394 41.399 41.396 41.409 41.411 41.406 41.426 33.314 33.264 33.146 34.416 32.991 33.046 33.081 33.171 33.161 33.134 33.091 33.029 32.924 33.039 33.161 32.906 32.906 35.446
40.186 39.961 39.784 39.579 39.381 34.216 34.431 34.326 33.451 33.314 33.179 33.024 32.876 33.384 32.746 32.491 32.414 32.439 32.451 32.401 32.484 32.734 32.564 32.524 32.469 32.416 32.354 32.681 32.139 32.066 32.016 31.944 31.889 32.914 32.391 32.069 32.529 31.646 31.216 29.186 28.891 29.229 33.121 33.216 33.144 33.119 41.396 41.389 41.389 41.401 41.401 41.419 41.411 37.866 33.269 33.159 32.986 32.964 33.014 33.051 33.109 33.206 33.144 33.104 33.051 32.954 32.964 33.099 33.061 32.771 32.759
40.169 39.964 39.759 39.564 39.364 33.946 33.876 33.739 33.451 33.311 33.176 33.031 32.876 33.669 32.736 32.549 32.421 32.449 32.444 32.381 32.421 32.519 32.519 32.436 32.406 32.376 32.331 33.716 32.196 32.096 32.566 32.089 32.419 33.191 32.346 31.909 33.239 31.624 31.084 29.164 28.751 29.194 33.119 33.139 33.156 33.241 41.799 41.381 41.396 41.404 41.401 41.396 41.404 41.504 33.259 33.366 33.091 34.304 32.966 33.011 33.074 33.224 33.136 33.106 33.061 32.984 32.881 33.024 33.144 32.861 32.761
40.156 39.944 39.746 39.539 39.349 33.934 33.774 33.594 33.444 33.309 33.176 33.031 33.961 34.181 32.669 32.521 32.429 32.461 32.444 32.384 32.446 32.429 32.439 32.416 32.379 32.364 32.331 33.179 32.214 32.139 32.194 32.009 32.009 32.404 31.816 31.739 32.489 31.576 31.554 29.224 28.751 29.204 32.026 33.161 33.144 34.069 38.769 41.386 41.374 41.379 41.389 41.386 41.396 41.406 35.489 33.221 33.124 33.364 32.924 32.974 33.036 33.096 33.136 33.114 33.079 33.014 32.906 32.981 33.111 32.921 32.711
40.126 39.924 39.711 39.536 39.329 35.051 35.521 34.316 33.449 33.316 33.179 33.036 34.039 34.076 32.696 32.504 33.461 32.484 32.449 32.396 32.484 32.449 32.441 32.434 32.421 32.394 32.346 32.289 32.246 32.181 32.111 32.019 31.986 31.929 32.586 31.791 31.694 31.579 31.471 29.276 28.909 29.114 31.071 33.121 33.219 37.129 37.304 41.461 41.376 41.364 41.376 41.389 41.399 41.399 40.379 33.239 33.134 33.024 33.221 32.936 32.981 33.046 33.209 33.099 33.091 33.046 32.959 32.891 33.019 33.109 32.694
40.114 39.906 39.689 39.509 38.344 34.264 33.779 33.591 33.454 33.334 33.199 33.054 33.776 32.856 32.911 32.524 32.891 32.511 32.481 32.431 32.496 32.494 32.501 32.469 32.479 32.456 32.426 32.379 32.316 32.256 32.184 32.114 32.061 31.999 32.126 31.871 31.799 31.699 31.561 29.459 29.076 29.119 29.419 33.021 33.286 34.374 37.314 39.994 41.369 41.379 41.376 41.386 41.376 41.391 41.406 33.244 33.196 33.071 34.294 32.911 32.951 33.009 33.109 33.094 33.089 33.066 32.994 32.876 32.974 33.079 32.784
40.089 39.899 39.686 39.474 38.094 34.226 35.131 34.146 33.471 33.349 33.211 33.324 33.214 33.304 32.779 32.791 32.554 32.549 32.504 32.496 32.559 34.044 32.961 32.589 32.584 32.561 32.519 32.459 32.426 32.341 32.286 32.224 32.156 32.099 32.321 31.979 31.911 31.831 31.751 30.329 29.159 28.966 29.276 32.864 33.236 33.304 37.314 37.324 41.379 41.356 41.351 41.364 41.374 41.384 42.679 43.219 33.206 33.074 33.164 32.879 32.929 32.976 33.041 33.151 33.086 33.066 33.014 32.914 32.889 33.019 33.041
40.071 39.869 39.656 39.466 37.931 34.396 34.571 33.869 33.484 33.371 33.239 33.321 34.044 34.059 32.674 33.296 32.581 32.591 32.526 32.629 32.601 36.189 37.464 37.279 37.094 36.229 36.416 34.304 32.504 32.436 32.394 32.356 32.301 32.244 32.184 32.109 32.049 31.984 33.244 31.431 29.206 28.646 29.236 32.679 33.156 33.269 35.501 37.316 41.511 41.371 41.361 41.489 43.881 43.221 43.231 43.239 34.971 33.131 33.031 32.876 32.891 32.941 33.011 33.151 33.074 33.074 33.026 32.934 32.819 32.941 33.069
40.064 39.849 39.649 39.439 35.846 34.379 35.059 34.039 33.484 33.401 33.271 33.146 33.016 32.866 32.711 32.669 32.646 32.629 32.564 32.711 32.589 37.591 37.444 37.251 37.049 36.836 36.609 35.504 33.826 32.519 32.461 32.429 32.376 32.349 32.296 32.256 32.204 32.141 32.994 32.109 29.224 28.736 29.176 31.239 33.039 33.229 33.494 37.291 38.174 43.174 43.479 43.216 43.224 43.221 43.236 43.239 38.864 33.176 33.036 33.006 32.871 32.909 32.971 33.031 33.081 33.056 33.024 32.959 32.851 32.894 32.994
40.041 39.834 39.651 39.434 35.794 34.449 34.866 33.746 33.524 33.434 33.304 33.169 34.876 33.624 32.774 33.614 32.709 32.671 32.609 32.724 32.604 37.611 37.401 37.221 37.004 36.789 36.574 34.264 33.071 32.599 32.541 32.491 32.469 32.444 32.414 32.379 32.331 32.281 32.221 32.231 29.601 29.074 28.921 29.276 32.869 33.171 33.201 35.861 37.319 43.394 43.224 43.219 43.211 43.224 43.226 43.231 43.359 33.186 33.119 33.004 32.951 32.869 32.926 32.991 33.134 33.036 33.024 32.966 32.876 32.794 32.916
40.011 39.811 39.614 39.419 34.981 33.701 33.666 33.616 33.544 33.459 33.354 33.841 33.116 32.979 32.841 33.821 32.791 32.739 32.696 32.726 32.606 37.551 37.369 37.189 36.974 36.764 36.551 34.486 33.436 32.694 32.684 32.589 32.579 32.546 32.514 32.494 32.469 32.426 32.371 32.344 31.971 29.196 28.594 29.169 32.346 32.996 33.139 33.646 37.286 40.576 43.224 43.221 43.211 43.226 43.226 43.236 43.311 38.674 33.146 33.079 32.949 32.814 32.881 32.941 33.031 33.024 33.024 32.971 32.906 32.784 32.861
