dsm/se3033_DSM_2M.asc
ncols 500
nrows 500
xllcorner    430000
yllcorner    433000
cellsize     2
NODATA_value -9999
[rows 352 to 383 of 500, columns 213 to 283 of 500]
29.918 29.888 29.848 29.79 29.74 29.683 29.64 29.59 29.578 29.613 29.615 29.615 29.853 31.805 36.328 40.803 41.12 41.453 41.778 42.07 42.395 42.705 43.065 43.355 43.67 44.008 44.343 44.653 44.073 42.89 41.765 40.583 29.895 29.91 29.58 29.17 29.15 29.125 28.555 28.38 29.635 28.328 37.548 38.463 38.79 38.805 37.115 34.338 34.32 32.8 28.35 28.058 28.068 28.065 28.103 28.118 28.095 28.055 28.035 27.963 27.923 27.85 27.795 27.823 27.875 28.273 28.175 29.078 28.288 28.12 28.678
29.83 29.825 29.8 29.785 29.755 29.725 29.673 29.62 29.588 29.548 29.52 29.483 29.508 29.53 29.51 29.495 30.633 33.98 38.523 40.928 41.238 41.598 41.898 42.225 42.525 42.848 43.133 43.508 43.643 42.608 42.09 39.37 29.935 31.533 29.44 29.14 29.078 29.015 28.218 28.683 28.118 28.468 28.173 31.233 31.393 38.048 36.048 33.405 28.723 28.115 28.038 28.048 28.075 28.093 28.105 28.068 28.028 27.98 28.048 27.995 27.843 27.828 27.83 27.838 27.878 28.998 28.295 29.033 28.015 28.093 29.093
29.765 29.755 29.735 29.715 29.695 29.665 29.648 29.655 29.648 29.595 29.543 29.505 29.465 29.418 29.403 29.38 29.42 29.418 29.393 29.378 31.12 36.533 39.943 41.07 41.38 41.68 42.013 42.325 42.648 42.273 41.148 32.87 29.45 30.433 29.413 29.04 28.958 28.898 28.945 28.61 28.545 29.09 28.27 28.668 29.408 28.285 29.063 28.175 28.065 28.05 28.063 28.08 28.088 28.06 28.035 27.998 27.958 29.13 29.608 27.903 27.885 28.06 27.898 27.88 27.848 27.863 27.885 27.928 27.97 28.038 28.198
29.653 29.633 29.633 29.643 29.623 29.605 29.59 29.885 30.763 29.923 29.53 29.518 29.49 29.455 29.413 29.385 29.345 29.3 29.283 29.303 29.318 29.305 29.303 29.778 32.228 38.223 40.653 41.17 41.525 41.785 40.79 29.165 29.19 29.208 29.05 28.893 28.838 28.755 28.503 28.718 28.408 28.348 28.998 28.613 28.25 28.225 28.155 28.08 28.08 28.083 28.09 28.073 28.013 27.985 27.97 27.948 27.913 27.965 27.913 27.943 28.45 27.943 27.905 27.853 27.833 27.82 27.84 27.885 27.94 28.07 28.498
30.413 29.55 29.575 29.548 29.488 29.5 29.633 30.128 29.5 29.48 29.46 29.448 29.435 29.423 29.41 29.408 29.366 29.327 29.296 29.262 29.218 29.191 29.178 29.187 29.186 29.173 29.125 30.275 35.428 40.178 37.575 28.953 29.07 28.908 28.818 28.773 28.7 28.61 28.525 29.5 29.058 28.398 28.308 28.233 28.175 28.133 28.105 28.105 28.11 28.093 28.048 27.985 27.948 28.02 28.01 27.95 27.955 27.978 28.335 29.235 27.993 27.93 27.88 27.85 27.795 27.783 27.815 27.865 27.9 28.018 29.278
40.67 40.59 31.083 31.218 29.473 29.473 29.46 29.608 29.738 29.375 29.4 29.652 29.382 29.374 29.356 29.348 29.323 29.317 29.304 29.282 29.258 29.354 30.126 29.268 29.079 29.044 29.042 29.004 28.985 28.958 28.928 28.888 28.84 28.798 28.74 28.65 28.56 28.48 28.435 28.663 28.34 28.273 28.198 28.158 28.138 28.14 28.153 28.135 28.088 28.045 27.99 27.905 27.953 27.935 27.933 28.005 28.098 28.375 28.243 28.73 29.633 27.94 27.885 27.848 27.825 27.785 27.813 27.873 27.92 28.173 29.35
41.758 41.455 37.783 38.563 38.245 35.83 31.04 29.408 29.382 29.366 29.325 30.132 30.572 29.572 29.755 29.289 29.28 29.238 29.239 29.229 29.22 29.216 29.196 29.408 29.106 29.058 29.001 28.933 28.856 28.816 28.81 28.803 28.775 28.72 28.658 28.56 28.495 28.445 28.393 28.275 28.195 28.188 28.175 28.185 28.18 28.173 28.135 28.093 28.053 27.988 27.895 27.908 27.855 27.865 27.928 29.16 28.088 28.52 28.728 28.39 28.87 27.928 27.898 27.858 27.838 27.818 27.828 27.87 27.923 28.045 28.7
42.853 42.545 35.446 39.402 38.926 38.456 38.02 37.484 33.833 29.799 29.404 29.38 29.369 29.349 29.507 29.543 29.356 29.304 29.209 29.187 29.18 29.156 29.131 29.086 29.075 29.063 29.027 28.965 28.886 28.836 28.764 28.703 28.625 28.563 28.478 28.41 28.36 28.328 28.298 28.273 28.255 28.238 28.223 28.203 28.185 28.165 28.123 28.073 28 27.913 27.808 27.848 27.78 32.143 35.423 34.993 34.138 33.535 29.693 28.405 28.495 27.933 27.9 28.905 27.858 28.223 27.863 27.883 27.93 28.218 28.69
43.546 43.584 34.253 40.087 39.773 39.252 38.734 38.312 37.792 37.346 35.723 29.83 29.858 29.647 29.816 29.377 29.306 29.296 29.19 29.088 29.103 29.1 29.094 29.07 29.033 29.006 28.975 28.935 28.905 28.855 28.777 28.693 28.643 28.588 28.518 28.453 28.415 28.37 28.333 28.32 28.293 28.28 28.255 28.233 28.215 28.188 28.105 28.028 27.928 27.833 27.783 27.78 27.725 35.808 36.51 36.043 35.555 35.145 34.695 32.87 31.798 28.075 27.903 28.723 27.888 29.175 29.175 28.368 27.94 27.97 28.43
42.342 41.698 35.237 39.257 39.6 39.881 39.57 39.12 38.493 37.791 37.993 39.366 45.26 41.443 41.5 34.076 30.259 29.675 29.401 29.206 29.102 29.105 29.054 29.123 29.026 29.034 28.967 28.918 28.875 28.832 28.736 28.688 28.634 28.595 28.548 28.5 28.463 28.43 28.39 28.375 28.348 28.33 28.308 28.323 28.285 28.198 28.05 27.953 27.86 27.775 27.685 27.7 27.638 38.213 37.045 37.118 36.638 35.983 35.783 35.37 34.968 34.55 31.638 29.845 27.955 27.918 28.338 28.933 28.34 27.988 28.378
40.713 37.084 35.682 38.324 38.516 39.089 39.42 39.88 39.45 39.054 38.963 45.575 46.071 46.082 46.409 45.43 42.55 40.558 35.833 32.33 30.127 29.449 29.422 28.973 29.074 29.131 29.523 29.783 28.821 28.852 28.73 28.728 28.691 28.637 28.577 28.538 28.495 28.468 28.45 28.435 28.4 28.355 28.315 28.248 28.12 28.035 27.943 27.868 27.798 27.698 27.59 27.635 27.91 37.35 37.765 37.973 37.708 37.235 36.738 36.433 36.03 35.62 35.24 34.478 33.853 30.27 28.408 28.635 27.965 28.028 28.188
28.409 27.347 34.459 36.59 36.561 37.29 37.817 38.853 39.439 40.011 40.744 47.783 47.954 47.948 47.806 47.239 44.984 42.889 42.132 41.91 39.699 38.952 35.21 31.272 30.261 29.893 29.004 29.101 28.852 28.953 28.908 28.66 28.756 28.777 28.587 28.555 28.503 28.45 28.408 28.355 28.27 28.223 28.178 28.285 28.2 28.008 27.848 27.78 27.723 27.623 27.538 27.523 30.19 36.235 36.665 37.09 37.523 37.993 38.038 37.515 37.078 36.675 36.263 35.843 35.41 35.005 34.165 33.785 30.74 28.425 28.53
25.937 26.158 26.967 29.396 33.079 34.498 35.607 36.732 38.197 39.354 45.252 48.034 47.925 48.853 48.918 48.55 48.032 46.901 46.343 45.489 43.215 41.91 42.446 42.733 42.417 41.984 37.681 31.804 28.725 28.545 28.53 28.566 28.655 28.654 28.46 28.39 28.358 28.304 28.26 28.2 28.125 28.083 28.11 28.303 28.403 27.865 27.795 27.685 27.63 27.575 27.475 27.465 33.105 35.168 35.3 36.018 36.45 36.883 37.345 37.735 38.01 37.745 37.313 36.92 36.5 35.923 35.64 35.228 34.798 33.423 31.288
25.928 25.98 26.205 26.965 25.806 26.931 31.309 34.252 36.658 40.145 45.612 46.323 45.923 46.5 47.976 48.664 48.779 48.989 48.985 48.866 48.176 47.968 47.23 47.37 47.432 46.81 43.813 32.026 28.207 28.007 28.426 28.597 28.57 28.457 28.329 28.261 28.192 28.152 28.1 28.036 27.995 27.953 27.965 28.213 28.393 27.75 27.705 27.603 27.555 27.505 27.423 27.303 28.175 32.245 34.573 34.98 35.363 35.808 36.233 36.653 37.085 37.523 37.955 38.015 37.548 36.61 35.9 35.68 35.863 35.458 35.108
25.871 25.914 25.925 25.848 25.566 25.439 25.549 25.959 28.087 32.862 42.332 42.629 44.006 43.071 45.949 47.353 47.805 48.277 49.106 49.148 49.041 48.965 49.014 48.92 48.601 47.102 42.01 29.235 27.959 27.735 27.943 27.863 28.485 28.406 28.581 28.386 28.192 28.087 28.016 27.924 27.863 27.811 27.78 27.735 27.685 27.64 27.585 27.548 27.485 27.428 27.355 27.273 27.19 27.168 27.328 29.745 34.383 34.73 35.143 35.58 36.015 36.448 36.853 37.263 37.693 38.228 37.838 37.383 36.938 36.555 36.145
25.715 25.716 25.745 25.752 25.61 25.472 25.397 25.364 25.545 25.92 29.383 29.834 35.477 39.159 43.122 46.211 43.502 45.154 47.098 48.462 48.378 48.64 48.847 49.128 49.045 48.345 38.581 27.942 27.725 27.779 27.743 27.663 28.359 28.328 28.084 28.079 28.223 28.115 37.081 31.001 27.94 27.831 27.692 27.644 27.604 27.518 27.46 27.525 27.385 27.338 27.278 27.218 27.16 27.213 28.263 28.065 27.1 27.73 33.775 34.538 34.943 35.34 35.788 36.188 36.603 37.035 37.44 37.863 37.988 37.64 37.238
25.636 25.598 25.898 25.544 25.454 25.385 25.368 25.293 25.317 25.313 25.257 25.356 26.225 29.321 31.072 37.378 36.286 36.471 42.07 45.556 46.605 47.727 47.901 48.352 48.616 44.411 31.929 27.743 27.679 27.674 27.595 27.581 27.79 27.944 28.013 28.777 27.9 28.167 41.57 42.069 42.817 39.799 34.07 27.873 27.602 27.474 27.389 27.352 27.28 27.266 27.23 27.178 27.125 27.095 27.075 27.1 27.048 27.035 26.995 27.01 29.293 34.325 34.718 34.845 35.533 35.945 36.36 36.73 37.055 37.633 38.078
25.584 25.513 25.456 25.336 25.364 25.332 25.311 25.192 25.232 25.281 25.26 25.173 25.056 25.153 25.117 25.758 25.978 29.281 36.338 40.472 41.715 43.444 46.545 46.875 45.843 33.566 28.711 28.457 29.002 28.961 28.265 27.466 27.469 27.512 27.667 28.206 27.892 34.104 42.142 42.723 44.507 42.231 41.434 40.474 33.49 32.006 29.202 28.122 27.244 27.187 27.155 27.131 27.084 27.07 27.078 27.078 27.03 27.01 26.993 26.94 26.87 26.903 26.933 32.148 34.498 34.908 35.325 35.583 36.055 36.535 36.975
25.477 25.461 25.373 25.295 25.373 25.343 25.284 25.273 25.447 25.189 25.125 25.183 25.226 25.13 25.292 25.123 25.783 27.523 31.554 32.577 32.284 37.991 41.208 45.329 39.151 31.246 29.693 31.646 32.054 30.126 28.106 27.373 27.37 27.406 27.46 27.887 28.667 39.362 42.436 42.623 44.642 42.197 41.512 40.105 34.666 34.855 34.606 31.927 29.086 29.377 31.137 27.252 27.164 27.107 27.034 26.993 26.978 26.955 26.93 26.923 26.89 26.865 28.608 27.413 26.838 28.735 33.65 34.648 35.023 35.125 35.925
25.397 25.408 25.355 25.339 25.5 25.334 25.307 25.234 25.499 25.215 25.179 25.415 25.278 25.308 25.241 25.024 25.458 25.405 25.131 32.317 30.104 32.956 36.753 35.921 30.587 29.055 29.404 30.199 31.077 29.91 28.108 27.609 27.334 27.301 27.341 27.964 28.809 39.773 41.45 42.41 44.507 42.256 41.725 39.677 35.14 35.262 34.536 30.166 30.306 31.531 37.046 37.629 37.647 34.056 27.906 27.011 26.927 26.88 26.873 26.853 26.848 26.818 26.785 27.018 26.73 27.125 26.813 26.733 30.148 34.43 34.775
25.51 25.402 25.294 25.309 25.494 25.312 25.216 25.293 25.412 25.326 25.269 25.19 25.157 25.137 25.23 24.913 24.907 -9999 -9999 24.384 31.402 -9999 36.062 35.608 31.858 28.772 28.776 29.576 28.181 29.616 29.79 27.495 27.341 27.269 27.302 27.842 28.591 38.788 40.119 44.298 44.132 41.839 41.198 36.686 34.98 35.099 34.286 29.244 31.618 32.748 37.262 37.814 38.367 37.82 37.085 37.009 34.639 27.187 26.895 26.795 26.77 26.748 26.73 26.685 26.705 26.698 26.908 26.62 26.625 26.65 26.613
25.595 25.463 25.364 25.336 25.364 25.365 25.231 25.375 25.387 25.345 25.27 25.206 25.191 25.037 25.769 26.968 -9999 -9999 -9999 -9999 -9999 24.139 23.961 24.366 -9999 28.121 28.764 30.122 29.609 29.59 28.797 28.654 27.361 27.338 27.284 27.469 34.662 38.68 39.975 41.841 43.92 41.083 40.383 34.914 35.15 34.781 33.042 30.321 31.205 33.475 37.826 37.937 38.199 37.751 37.762 37.745 39.263 39.815 38.581 34.578 26.735 26.678 26.633 26.63 26.66 26.65 26.605 26.613 26.595 26.56 26.523
25.382 25.339 25.269 25.276 25.303 25.287 25.252 25.27 25.304 -9999 24.593 24.477 -9999 24.084 24.162 -9999 -9999 -9999 -9999 23.794 -9999 -9999 -9999 -9999 24.663 26.678 28.624 29.343 29.579 29.336 28.88 30.231 30.166 28.029 27.404 27.618 36.647 40.008 42.695 43.332 42.477 40.852 39.669 35.859 35.484 34.482 32.212 31.553 32.326 33.129 38.305 38.64 38.621 38.623 38.752 38.622 39.754 39.51 38.24 33.753 26.703 26.702 26.703 26.668 26.665 26.56 26.56 26.543 26.565 26.565 26.55
25.247 25.252 25.267 25.263 25.298 25.279 -9999 23.973 23.861 -9999 23.935 23.878 23.813 23.871 23.73 -9999 -9999 23.759 23.766 23.792 23.765 23.752 23.733 23.736 23.764 -9999 31.173 28.782 29.646 30.112 31 31.049 29.429 28.107 27.571 28.029 38.186 42.216 43.858 43.75 42.653 41.064 39.619 37.297 35.972 34.418 33.783 34.688 34.787 34.981 37.768 38.173 38.116 37.899 37.639 38.703 40.165 38.844 37.523 30.97 26.669 26.697 26.851 26.826 36.636 29.85 26.608 26.518 26.498 26.51 26.52
25.164 -9999 23.782 23.695 23.684 -9999 -9999 23.785 -9999 23.75 -9999 -9999 23.786 23.784 23.675 23.712 23.767 23.72 23.75 23.74 23.734 23.75 23.733 23.762 23.672 23.735 25.168 27.267 33.155 29.654 29.716 29.042 28.358 27.94 28.905 32.452 38.534 41.006 42.694 43.397 42.408 41.551 39.981 38.479 34.89 33.277 35.817 37.112 37.69 37.967 38.873 38.872 38.071 37.689 37.175 38.699 39.527 38.279 36.096 27.974 26.606 26.871 26.908 26.882 39.136 39.004 37.56 33.393 27.755 26.498 26.425
23.748 23.679 23.609 23.75 23.739 23.73 23.732 23.743 23.713 23.699 -9999 23.753 23.781 -9999 23.732 23.73 23.789 23.785 -9999 23.73 23.727 23.757 23.847 23.777 23.74 23.798 23.888 23.712 25.978 28.613 28.897 28.344 28.095 27.752 29.348 36.106 38.597 39.383 42.168 43.794 41.495 41.121 40.262 39.197 36.765 35.343 38.658 36.997 37.537 37.95 38.669 38.579 38.041 37.324 37.366 38.649 38.582 37.318 36.491 26.817 26.765 27.028 27.016 27.46 39.141 39.227 39.33 39.446 38.698 36.548 29.545
23.688 23.705 23.711 23.673 23.74 23.753 23.76 23.738 23.753 23.73 23.753 23.753 -9999 -9999 -9999 23.816 -9999 23.666 23.67 -9999 23.738 23.755 23.772 23.749 23.763 23.738 23.811 23.761 23.932 26.454 26.425 26.428 26.754 27.128 27.726 37.5 37.059 38.614 40.438 40.917 40.478 40.347 39.849 39.131 37.608 37.576 38.885 39.232 37.388 38.689 38.769 38.492 38.719 38.836 38.883 39.992 37.519 36.264 32.379 26.659 26.736 27.17 27.196 28.558 39.02 39.127 39.254 39.37 39.508 39.5 39.465
23.68 23.696 23.753 23.748 23.72 23.758 23.735 23.713 23.767 -9999 23.659 23.743 23.725 23.746 -9999 23.846 -9999 23.638 23.671 23.72 23.738 23.738 23.736 23.728 23.748 23.755 23.74 23.778 23.698 23.925 23.832 24.607 26.613 26.043 26.752 32.323 34.993 41.135 41.829 40.442 39.177 38.499 36.825 34.843 37.422 38.183 39.232 39.104 38.144 38.775 39.689 38.227 38.634 39.719 39.876 38.585 37.403 36.333 28.987 26.542 26.478 27.093 27.409 29.316 38.687 38.895 39.094 39.287 39.38 39.433 39.496
23.691 23.743 23.745 23.75 23.723 23.743 23.723 23.728 23.776 23.715 23.599 23.635 23.753 23.748 -9999 23.738 23.756 23.745 23.701 23.833 23.797 23.74 23.756 23.746 23.745 23.75 24.41 24.329 24.274 24.431 23.734 23.738 23.757 23.756 27.995 31.033 34.355 37.528 37.077 37.695 36.444 37.173 32.301 30.066 30.508 31.499 35.214 36.269 36.218 36.101 39.643 38.791 37.955 37.544 38.762 38.934 37.867 36.65 28.161 26.542 26.398 26.814 27.63 29.994 38.276 38.614 38.817 39.015 39.115 39.261 39.388
23.713 23.738 23.748 23.75 23.74 23.711 23.695 23.712 -9999 -9999 23.634 -9999 -9999 -9999 23.72 -9999 23.753 23.705 23.689 23.779 23.743 23.753 23.74 23.74 23.748 23.74 24.125 23.846 23.768 24.025 23.791 23.728 23.716 23.72 23.707 24.116 33.739 35.75 36.298 36.316 35.081 32.984 29.246 27.582 28.985 30.264 34.718 36.315 37.004 35.637 34.268 33.201 37.479 36.957 39.094 39.605 37.761 34.424 28.244 26.729 26.325 27.072 27.717 29.536 37.141 38.327 38.549 38.675 38.784 38.939 39.123
23.758 23.75 23.763 23.753 23.755 23.745 23.707 23.712 -9999 -9999 -9999 -9999 -9999 23.74 -9999 -9999 23.75 23.75 23.75 23.733 23.733 23.75 23.74 23.738 23.73 23.741 24.047 23.854 23.827 23.997 23.743 23.688 23.722 23.743 23.735 23.708 23.732 23.737 24.017 23.747 34.042 31.825 28.912 27.308 27.114 29.087 35.196 34.406 35.237 33.63 33.614 31.762 32.191 35.644 38.405 38.818 36.846 34.61 30.95 27.059 26.342 26.986 28.031 30.114 36.046 37.928 38.252 38.37 38.508 38.663 38.847
23.743 23.738 23.75 23.765 23.765 23.743 23.735 23.714 23.725 -9999 -9999 23.74 23.748 23.755 23.718 23.743 23.735 23.743 23.75 23.735 23.753 23.753 23.748 23.745 23.745 23.735 23.743 23.758 23.758 23.748 23.755 23.729 23.741 23.721 23.719 23.72 23.731 23.742 23.706 23.738 23.759 23.743 -9999 24.124 28.675 31.838 35.397 34.217 31.588 31.487 32.558 29.147 30.346 34.292 37.329 36.507 35.027 30.714 27.299 26.267 26.247 26.855 28.214 29.902 36.007 38.286 38.415 38.544 38.433 38.408 38.539
