dsm/se3034_DSM_2M.asc
ncols 500
nrows 500
xllcorner    430000
yllcorner    434000
cellsize     2
NODATA_value -9999
[rows 288 to 319 of 500, columns 0 to 70 of 500]
61.534 61.527 61.497 61.472 61.457 61.434 61.412 61.389 61.364 61.332 61.307 61.274 61.257 61.229 61.199 61.179 61.147 61.122 61.092 61.064 61.042 61.019 60.979 60.959 60.937 60.897 60.867 60.822 60.789 60.759 60.727 60.699 60.649 60.609 60.572 60.532 60.499 60.437 60.402 60.387 60.359 60.357 60.317 60.299 60.289 60.267 60.259 60.237 60.257 60.267 60.282 60.317 60.327 60.347 60.389 60.482 60.527 60.544 60.559 60.464 60.329 60.099 59.922 59.807 59.704 59.604 59.499 59.402 59.317 59.217 59.114
61.522 61.492 61.462 61.427 61.414 61.397 61.362 61.339 61.327 61.284 61.259 61.237 61.212 61.187 61.162 61.127 61.097 61.069 61.052 61.022 60.999 60.969 60.937 60.904 60.872 60.834 60.809 60.772 60.737 60.702 60.672 60.637 60.607 60.574 60.534 60.494 60.452 60.417 60.379 60.344 60.302 60.267 60.247 60.219 60.227 60.214 60.219 60.219 60.202 60.222 60.237 60.257 60.287 60.317 60.372 60.397 60.454 60.507 60.572 60.667 60.772 60.947 60.359 59.844 59.727 59.579 59.417 59.304 59.207 59.107 59.019
61.664 61.599 61.569 61.554 61.524 61.502 61.462 61.427 61.399 61.364 61.329 61.304 61.264 61.207 61.164 61.122 61.064 61.027 60.999 60.972 60.939 60.919 60.882 60.854 60.817 60.792 60.747 60.722 60.682 60.642 60.614 60.582 60.552 60.519 60.489 60.452 60.417 60.369 60.342 60.307 60.269 60.234 60.202 60.294 60.429 60.289 60.217 60.167 60.152 60.159 60.184 60.202 60.234 60.287 60.314 60.359 60.419 60.477 60.689 61.282 60.874 60.759 60.849 60.954 61.107 60.749 59.894 59.352 59.237 59.062 58.929
61.552 61.539 61.522 61.502 61.479 61.454 61.439 61.424 61.409 61.384 61.379 61.352 61.324 61.287 61.277 61.227 61.182 61.152 61.102 61.077 61.029 60.979 60.932 60.867 60.799 60.739 60.697 60.664 60.624 60.597 60.562 60.519 60.494 60.999 60.559 60.397 60.357 60.329 60.282 60.244 60.197 60.167 60.192 60.117 60.074 60.037 60.039 60.014 60.092 60.212 60.312 60.269 60.232 60.237 60.267 60.324 60.372 60.437 60.517 60.582 60.659 60.739 60.812 61.374 61.022 61.107 61.214 61.389 61.599 60.664 59.557
61.517 61.489 61.474 61.449 61.437 61.409 61.379 61.359 61.324 61.312 61.282 61.262 61.247 61.219 61.189 61.174 61.134 61.112 61.097 61.087 61.064 61.049 61.012 60.959 60.904 60.844 60.794 60.757 60.717 60.657 60.579 60.462 60.424 60.497 60.744 60.657 60.299 60.267 60.222 60.199 60.159 60.122 60.084 60.047 60.024 59.987 59.957 59.919 59.869 59.842 59.787 59.787 59.802 59.967 60.217 60.484 60.417 60.427 60.462 60.699 60.629 60.702 60.802 60.887 60.989 61.097 61.202 61.327 62.749 61.972 61.702
61.469 61.444 61.414 61.412 61.389 61.357 61.334 61.312 61.282 61.244 61.219 61.204 61.187 61.147 61.142 61.117 61.082 61.049 61.029 60.997 60.979 60.952 60.919 60.887 60.854 60.822 60.774 60.764 60.747 60.719 60.654 60.557 60.507 60.469 60.389 60.334 60.339 60.269 60.194 60.139 60.104 60.084 60.039 59.994 59.979 59.947 59.889 59.854 59.819 59.774 59.737 59.702 59.667 59.632 59.599 59.614 59.609 59.632 60.222 60.714 60.684 60.704 60.757 60.849 60.954 61.062 61.174 61.289 61.417 61.889 61.989
61.417 61.394 61.374 61.352 61.329 61.299 61.289 61.264 61.224 61.189 61.169 61.149 61.132 61.109 61.082 61.054 61.024 60.994 60.969 60.929 60.917 60.887 60.862 60.817 60.802 60.754 60.734 60.692 60.657 60.634 60.592 60.554 60.519 60.492 60.452 60.409 60.429 60.377 60.334 60.252 60.202 60.139 60.064 59.979 59.914 59.872 59.844 59.799 59.762 59.717 59.669 59.634 59.609 59.579 59.542 59.499 59.459 59.412 59.382 59.379 59.414 59.382 60.167 60.949 61.002 61.029 61.127 61.254 61.377 61.502 61.629
61.352 61.329 61.294 61.272 61.252 61.234 61.202 61.177 61.159 61.124 61.097 61.074 61.057 61.037 61.014 60.987 60.967 60.949 60.899 60.882 60.854 60.824 60.799 60.759 60.727 60.702 60.674 60.624 60.597 60.572 60.539 60.497 60.474 60.427 60.407 60.367 60.337 60.297 60.267 60.244 60.229 60.199 60.154 60.087 60.022 59.942 59.879 59.812 59.717 59.649 59.619 59.587 59.554 59.504 59.482 59.437 59.399 59.357 59.324 59.307 59.242 59.219 59.199 59.194 59.207 59.179 60.267 61.252 61.404 61.467 61.617
61.607 61.517 61.422 61.332 61.262 61.207 61.149 61.107 61.079 61.052 61.014 60.999 60.969 60.949 60.924 60.912 60.887 60.859 60.834 60.797 60.772 60.742 60.712 60.694 60.667 60.642 60.599 60.579 60.549 60.514 60.487 60.447 60.419 60.374 60.344 60.317 60.279 60.252 60.207 60.182 60.137 60.109 60.072 60.032 59.994 59.972 59.947 59.912 59.844 59.772 59.719 59.624 59.524 59.454 59.429 59.389 59.337 59.302 59.272 59.227 59.199 59.157 59.124 59.097 59.057 59.024 59.017 59.042 59.054 60.347 61.547
61.839 61.777 61.727 61.639 61.579 61.462 61.362 61.229 61.164 61.102 61.024 60.942 60.904 60.884 60.859 60.837 60.829 60.794 60.767 60.722 60.702 60.667 60.642 60.617 60.592 60.564 60.537 60.504 60.479 60.459 60.414 60.384 60.357 60.327 60.294 60.254 60.224 60.182 60.147 60.109 60.072 60.049 60.009 59.972 59.932 59.897 59.849 59.822 59.799 59.767 59.752 59.729 59.654 59.579 59.512 59.439 59.332 59.249 59.214 59.177 59.129 59.102 59.064 59.034 58.999 58.959 58.939 58.904 58.854 58.854 58.869
62.002 61.957 61.919 61.879 61.782 61.689 61.547 61.382 61.292 61.234 61.149 61.052 61.019 60.964 60.882 60.804 60.759 60.739 60.699 60.674 60.642 60.617 60.587 60.559 60.537 60.499 60.464 60.447 60.429 60.392 60.582 61.114 60.312 60.262 60.229 60.207 60.164 60.129 60.084 60.057 60.019 59.982 59.942 59.897 59.854 59.819 59.792 59.747 59.712 59.684 59.647 59.607 59.567 59.542 59.532 59.507 59.439 59.389 59.297 59.214 59.112 59.029 58.994 58.974 58.929 58.899 58.862 58.829 58.832 58.887 58.742
62.094 62.034 61.994 61.932 61.867 61.797 61.604 61.524 61.462 61.379 61.299 61.262 61.224 61.212 61.087 61.042 60.944 60.837 60.772 60.679 60.604 60.584 60.607 60.612 60.612 60.582 60.564 60.537 60.459 60.397 60.334 60.422 60.259 60.224 60.207 60.172 60.139 60.129 60.079 60.037 59.992 59.934 59.884 59.847 59.802 59.767 59.714 59.679 59.647 59.607 59.559 59.529 59.487 59.449 59.419 59.397 59.362 59.324 59.327 59.299 59.222 59.157 59.084 58.987 58.892 58.834 58.802 58.767 58.979 58.697 58.659
61.899 61.867 61.814 61.764 61.709 61.649 61.572 61.502 61.437 61.359 61.297 61.204 61.142 61.069 60.989 60.937 60.864 60.784 60.714 60.652 60.579 60.549 60.519 60.482 60.464 60.439 60.417 60.419 60.404 60.427 60.407 60.389 60.362 60.269 60.189 60.139 60.114 60.097 60.077 60.052 60.024 59.997 60.064 60.137 60.057 59.824 59.717 59.642 59.579 59.547 59.499 59.467 59.424 59.387 59.337 59.304 59.269 59.242 59.197 59.167 59.144 59.127 59.119 59.077 59.012 58.927 58.847 58.744 58.669 58.637 58.979
61.857 61.809 61.762 61.699 61.637 61.574 61.499 61.432 61.359 61.289 61.202 61.127 61.042 60.962 60.882 60.812 60.734 60.669 60.602 60.547 60.512 60.464 60.429 60.394 60.372 60.352 60.314 60.292 60.262 60.239 60.214 60.189 60.164 60.167 60.182 60.182 60.074 60.044 60.029 60.004 59.984 59.984 59.974 59.979 60.009 60.092 60.162 60.064 59.817 59.629 59.527 59.429 59.357 59.297 59.272 59.242 59.197 59.147 59.112 59.077 59.037 59.017 58.994 58.962 58.927 58.932 58.922 58.842 58.764 58.692 58.587
61.794 61.754 61.702 61.649 61.594 61.529 61.452 61.382 61.304 61.232 61.152 61.069 60.999 60.922 60.827 60.757 60.687 60.622 60.564 60.504 60.452 60.409 60.384 60.354 60.319 60.284 60.262 60.237 60.212 60.182 60.152 60.119 60.092 60.062 60.044 60.019 59.999 59.974 59.967 59.952 59.942 59.932 59.927 59.929 59.942 59.962 59.987 60.014 60.054 60.134 60.214 60.047 59.632 59.422 59.302 59.199 59.124 59.077 59.042 58.992 58.959 58.929 58.904 58.872 58.849 58.804 58.787 58.752 58.732 58.747 58.674
62.027 61.942 61.884 61.837 61.764 61.727 61.599 61.529 61.464 61.384 61.282 61.169 61.109 61.042 60.917 60.857 60.779 60.702 60.672 60.629 60.559 60.507 60.457 60.412 60.402 60.372 60.354 60.367 60.322 60.262 60.262 60.174 60.132 60.074 60.027 59.982 59.947 59.914 59.894 59.882 59.864 59.852 59.862 59.872 59.879 59.909 59.942 59.979 60.002 60.052 60.092 60.137 60.197 60.287 60.422 60.329 59.557 59.159 59.052 58.952 58.884 58.859 58.824 58.784 58.744 58.709 58.682 58.669 58.634 58.607 58.582
62.264 62.169 62.112 66.902 62.049 62.292 61.974 61.852 61.757 61.692 61.632 61.552 61.474 61.447 61.409 61.394 61.337 61.292 61.267 61.334 61.257 61.139 61.052 60.969 60.872 60.769 60.684 60.604 60.544 60.492 60.437 60.394 60.357 60.359 60.322 60.282 60.214 60.157 60.012 59.979 59.884 59.797 59.772 59.769 59.804 59.847 59.892 59.932 60.009 60.017 60.067 60.104 60.154 60.207 60.274 60.347 60.407 60.557 60.749 60.322 59.022 58.902 58.794 58.712 58.659 58.637 58.599 58.564 58.544 58.512 58.484
65.322 62.342 62.917 68.759 62.387 64.182 67.199 62.132 62.027 61.997 61.979 61.912 61.794 61.724 61.679 61.629 61.564 61.444 61.322 61.142 61.012 60.934 60.869 60.799 60.727 60.657 60.592 60.522 60.472 60.417 60.362 60.309 60.259 60.209 60.162 60.114 60.079 60.032 59.999 59.987 59.914 59.857 59.819 59.787 59.784 59.804 59.867 59.884 60.804 61.327 60.017 60.069 60.132 60.204 60.267 60.334 60.397 60.469 60.932 61.034 60.752 60.924 60.777 59.462 58.749 58.654 58.547 58.482 58.444 58.427 58.379
68.907 62.472 62.447 68.692 67.682 64.079 69.549 66.909 62.124 62.067 62.012 61.994 61.842 61.724 61.654 61.519 61.322 61.182 61.092 61.014 60.934 60.864 60.787 60.712 60.642 60.579 60.502 60.447 60.372 60.319 60.264 60.214 60.169 60.122 60.077 60.039 60.002 59.954 59.912 59.862 59.808 59.76 59.717 59.677 59.654 59.657 59.842 59.975 60.066 60.033 60.014 60.032 60.289 61.212 60.239 60.294 60.382 60.467 60.649 61.084 61.129 61.597 61.164 61.029 61.189 61.087 59.817 58.572 58.489 58.352 58.299
63.824 62.534 62.512 66.622 63.862 62.522 65.969 62.234 62.139 62.094 62.037 61.869 61.754 61.589 61.377 61.274 61.187 61.104 61.017 60.937 60.859 60.772 60.689 60.629 60.599 60.567 60.519 60.482 60.417 60.354 60.302 60.207 60.137 60.062 60.014 59.954 59.907 59.871 59.819 59.771 59.736 59.688 59.655 59.608 59.561 59.521 59.482 59.439 59.417 59.436 59.459 59.777 60.044 60.234 60.224 60.267 60.342 60.419 60.527 60.609 60.712 60.822 60.922 61.032 61.137 61.249 61.474 61.509 61.762 59.819 58.637
69.989 62.612 62.532 68.564 67.884 62.557 69.979 67.272 62.249 62.062 61.937 61.709 61.477 61.359 61.284 61.214 61.117 61.024 60.949 60.862 60.844 60.902 61.004 61.172 61.324 61.399 61.464 61.472 61.564 61.257 62.477 61.914 62.142 62.199 63.694 63.857 62.484 61.044 59.833 59.726 59.653 59.616 59.569 59.536 59.482 59.441 59.398 59.351 59.313 59.267 59.228 59.185 59.178 59.184 59.164 59.612 60.039 60.504 60.527 60.794 61.219 60.954 60.902 61.019 61.139 61.247 61.372 61.942 61.747 61.747 61.877
63.022 63.707 62.489 66.939 66.197 62.549 63.229 62.357 61.992 61.864 61.664 61.479 61.402 61.317 61.234 61.144 61.049 60.982 61.027 61.234 61.442 61.687 61.934 62.217 62.419 62.547 62.619 62.544 62.617 63.342 62.552 62.387 62.224 62.659 62.731 63.22 63.541 63.987 63.698 62.524 62.86 61.466 60.048 59.51 59.402 59.355 59.304 59.271 59.234 59.196 59.162 59.126 59.076 59.033 58.994 58.939 58.947 58.959 58.927 59.774 60.819 60.852 60.889 60.984 61.097 61.224 62.279 61.504 61.637 61.749 61.869
67.357 70.554 62.712 67.827 70.174 62.824 62.264 62.042 61.854 61.654 61.504 61.427 61.344 61.262 61.157 61.094 61.162 61.414 61.784 62.124 62.374 62.714 64.369 63.297 63.368 63.447 63.38 63.174 63.27 63.098 61.928 62.98 61.969 62.435 61.889 62.02 62.687 63.576 63.267 61.871 61.852 62.285 62.728 62.47 62.654 60.894 59.894 59.273 59.169 59.138 59.089 59.104 59.001 58.959 58.921 58.881 58.842 58.799 58.759 58.722 58.747 58.704 59.197 60.782 61.209 61.239 61.337 61.559 61.619 61.739 61.869
64.634 67.537 62.744 66.874 68.117 62.272 62.102 61.882 61.654 61.562 61.482 61.382 61.287 61.184 61.134 61.407 61.812 62.287 62.789 65.669 63.588 65.573 64.394 64.019 63.89 64.015 64.252 62.076 62.118 62.155 62.525 61.986 61.99 61.886 61.837 61.828 61.972 62.547 62.191 61.833 62.765 66.499 64.437 62.506 63.561 61.697 61.799 62.435 62.437 61.374 60.099 59.052 58.942 58.868 58.833 58.794 58.769 58.732 58.694 58.639 58.589 58.547 58.499 58.507 58.524 58.777 60.454 61.504 61.662 61.734 61.842
63.159 70.674 63.014 62.457 62.314 62.144 61.929 61.692 61.609 61.522 61.424 61.329 61.222 61.317 61.702 62.284 62.804 63.379 63.859 64.906 65.145 64.782 64.28 63.944 63.657 63.201 62.144 62.322 68.87 77.936 65.365 62.934 61.805 61.808 61.784 61.781 61.765 61.784 62.389 63.403 72.893 74.75 85.699 74.623 69.958 64.415 63.93 62.254 61.673 61.879 62.097 62.5 62.741 61.553 59.376 58.834 58.713 58.642 58.594 58.554 58.519 58.474 58.444 58.392 58.349 58.307 58.282 58.329 58.292 59.987 62.072
66.749 62.649 62.519 62.337 62.184 61.962 61.744 61.659 61.562 61.469 61.359 61.274 61.419 61.907 63.544 63.222 63.887 64.668 65.05 65.176 65.019 64.367 63.653 63.232 63.426 62.109 62.807 66.78 80.545 101.4 90.772 66.979 61.898 61.761 61.749 61.747 61.732 61.727 61.732 73.373 77.615 96.958 104.389 102.76 102.036 91.52 77.786 74.339 74.307 73.466 67.93 63.975 63.049 63.028 62.187 62.232 62.057 60.586 58.654 58.534 58.431 58.375 58.349 58.315 58.276 58.24 58.185 58.141 58.096 58.069 58.094
66.774 67.537 64.482 62.239 62.039 61.809 61.714 61.617 61.519 61.412 61.304 61.442 62.052 66.427 64.667 64.169 64.842 65.422 65.797 65.155 64.42 63.297 62.796 63.291 62.351 62.893 64.085 87.04 101.721 101.573 101.365 90.532 65.072 62.026 61.713 61.711 61.703 61.693 72.121 87.229 104.029 104.257 104.601 103.733 103.913 104.188 102.265 100.965 101.287 90.133 99.714 83.597 71.452 67.907 64.543 62.949 62.258 61.901 62.607 62.291 61.246 58.653 58.36 58.248 58.18 58.126 58.096 58.06 58.029 57.975 57.946
62.749 65.952 63.799 62.112 61.867 61.782 61.692 61.582 61.477 61.334 61.409 61.969 64.784 67.222 68.837 65.949 65.241 65.592 65.056 64.085 63.047 62.473 62.424 62.533 62.631 73.796 87.666 100.679 102.01 101.706 101.109 100.979 74.539 64.322 61.697 61.699 61.634 62.65 79.685 100.554 104.451 103.704 104.606 103.359 104.42 103.411 103.426 103.049 103.214 102.034 104.112 104.45 104.357 99.287 88.915 70.263 63.995 62.247 62.218 61.862 61.83 62.442 62.215 61.747 58.797 58.165 58.068 57.972 57.934 57.898 57.861
62.614 62.344 62.174 61.937 61.849 61.764 61.654 61.547 61.424 61.399 61.814 62.764 66.877 67.109 65.439 65.718 65.571 65.377 64.414 63.244 62.459 62.162 62.202 67.328 75.615 91.574 102.185 101.906 101.526 101.028 99.764 84.195 68.086 62.572 61.71 64.574 63.821 83.312 101.228 104.622 104.568 104.498 102.836 104.815 103.865 102.798 104.153 103.243 103.177 104.008 103.535 103.674 104.124 98.791 99.123 99.266 97.194 74.985 65.73 64.207 63.077 62.443 64.619 62.042 63.14 62.171 62.097 58.799 57.996 57.86 57.761
62.439 62.289 62.009 61.919 61.829 61.724 61.624 61.504 61.412 61.677 62.577 67.064 66.259 65.451 65.6 65.609 65.278 64.216 63.48 62.462 62.072 61.793 70.441 78.875 100.354 101.097 101.898 101.95 101.916 101.76 100.993 91.499 68.163 63.392 62.081 67.127 75.797 97.471 104.191 104.596 103.115 103.649 103.067 105.505 104.663 103.15 102.891 103.448 102.877 103.046 104.293 104.062 101.687 98.945 99.03 99.194 98.893 98.908 98.961 97.107 86.086 72.212 67.079 69.189 67.508 62.092 62.081 62.771 62.336 61.978 59.203
62.374 62.119 61.989 61.904 61.804 61.709 61.587 61.464 61.529 62.222 64.887 66.599 65.424 65.5 65.463 65.2 64.264 63.363 62.399 62.07 61.817 69.509 77.124 103.301 100.915 101.79 101.583 101.835 101.653 101.599 101.774 100.714 88.291 74.718 65.121 75.733 97.307 101.547 101.039 102.545 104.54 103.042 103.006 104.65 102.899 103.66 102.705 103.892 103.185 104.539 104.521 103.996 99.579 99.01 98.548 99.08 98.673 99.166 98.956 99.145 98.707 98.285 85.996 74.482 74.38 73.575 70.03 66.283 65.849 62.718 62.784
62.259 62.042 61.974 61.894 61.799 61.694 61.569 61.459 61.819 62.872 64.289 65.736 65.337 65.308 65.2 64.289 63.249 62.365 62.044 61.851 62.346 78.659 104.819 107.664 106.188 100.925 100.461 104.862 102.061 101.711 100.717 100.317 100.744 85.414 75.392 76.636 94.534 101.956 101.774 102.136 104.718 104.23 102.991 102.186 104.068 102.572 102.896 103.119 103.357 103.119 103.908 103.549 98.922 99.058 98.783 98.991 98.745 99.037 98.453 98.224 98.957 99.075 96.391 80.485 83.364 98.705 96.243 80.105 72.823 67.603 65.694
