dsm/se3033_DSM_2M.asc
ncols 500
nrows 500
xllcorner    430000
yllcorner    433000
cellsize     2
NODATA_value -9999
[rows 32 to 63 of 500, columns 426 to 496 of 500]
38.046 38.038 38.026 38.228 38.683 38.001 36.001 29.163 29.251 29.236 33.468 35.898 35.776 35.758 35.866 36.063 36.423 27.526 26.213 25.846 26.288 27.473 42.236 42.211 42.173 42.148 42.143 42.098 42.068 42.065 32.723 31.34 31.438 31.508 31.54 31.553 32.305 31.653 32.31 32.725 31.965 32.565 33.033 33.515 33.065 32.97 32.91 32.975 33.17 33.348 33.47 33.603 33.748 33.905 34.058 34.233 34.425 34.6 34.795 35.038 37.253 38.483 38.483 38.183 37.545 37.573 37.538 37.61 37.645 37.693 38.373
38.048 38.036 38.041 38.023 38.026 38.583 32.958 29.236 29.291 29.271 35.396 35.871 35.741 35.608 35.291 32.843 28.386 26.251 25.783 26.243 27.158 40.136 42.211 42.191 42.15 42.13 42.098 42.088 42.06 36.613 31.34 31.418 31.498 31.545 31.555 31.55 31.653 32.208 32.653 32.658 31.978 34.58 32.773 32.62 33.013 33.175 33.028 33.14 33.283 33.983 33.668 33.818 33.85 34.005 34.2 34.413 34.555 34.748 34.978 37.233 37.433 37.643 37.585 37.718 38.838 38.188 37.648 37.613 37.64 37.903 37.97
38.043 38.043 38.031 38.413 38.028 38.036 29.271 29.301 29.343 29.358 35.976 35.838 35.708 35.596 28.788 28.846 26.296 25.796 26.201 26.518 34.061 42.208 42.181 42.166 42.138 42.098 42.078 42.063 41.498 31.345 31.38 31.5 31.54 31.553 31.558 31.55 31.66 31.938 32.333 33.718 33.163 33.643 33.1 32.998 33.24 33.263 33.245 33.355 33.575 33.93 33.723 33.828 33.945 34.103 34.335 34.575 34.88 34.878 35.248 37.195 37.94 37.408 37.408 38.005 37.53 38.12 37.608 37.615 37.64 37.693 38.533
38.046 38.023 38.036 38.398 39.131 36.816 29.266 29.346 29.348 30.553 35.941 35.843 35.676 35.446 28.306 26.331 25.918 26.146 26.351 30.191 42.216 42.191 42.178 42.158 42.118 42.095 42.073 42.053 31.33 31.338 31.45 31.518 31.555 31.8 31.588 31.705 31.78 31.88 31.945 32.21 33.728 33.475 32.643 33.068 33.155 33.228 33.4 33.525 33.645 33.853 33.858 33.955 34.048 34.193 34.405 34.648 34.82 35.44 37.133 37.523 37.143 37.32 38.538 38.465 37.88 38.34 37.633 37.623 37.65 37.72 38.073
38.051 38.023 38.031 39.071 39.446 33.608 29.301 29.401 29.366 32.681 35.908 35.763 35.626 33.361 26.346 26.026 26.068 26.346 28.453 42.238 42.203 42.171 42.156 42.158 42.098 42.06 42.048 31.888 31.295 31.415 31.49 31.538 31.565 32.563 31.738 31.935 32.118 32.068 32.103 32.163 32.248 32.525 32.668 32.885 33.513 33.233 33.475 33.643 33.65 33.92 33.968 34.198 34.16 34.345 34.455 34.665 35.098 36.02 37.603 38.13 38.138 38.123 37.448 37.748 38.643 37.683 38.113 37.69 38.92 37.855 38.733
38.051 38.036 38.096 39.028 38.998 30.821 29.336 29.428 29.413 35.971 35.871 35.741 35.586 27.256 26.143 25.978 26.311 28.358 39.676 42.216 42.191 42.158 42.141 42.108 42.078 42.045 34.84 31.295 31.375 31.475 31.523 31.54 31.54 31.678 31.848 32.083 31.97 32.125 32.398 32.465 32.45 32.585 32.958 33.495 33.24 34.238 34.1 33.653 34.43 34.023 34.03 34.115 34.22 34.358 34.52 34.705 35.578 36.635 37.078 37.078 37.388 38.148 38.05 38.008 37.585 37.88 37.635 38.765 38.183 38.715 38.31
38.048 38.046 38.253 38.181 38.033 29.311 29.388 29.463 29.473 35.836 35.841 35.696 28.051 26.213 25.896 26.291 35.351 40.838 42.226 42.191 42.163 42.136 42.116 42.083 42.058 40.493 31.295 31.34 31.435 31.49 31.53 31.53 31.56 31.765 32.06 31.97 32.063 32.715 32.66 32.95 32.668 33.02 33.183 33.17 33.243 33.255 34.473 34.245 33.97 35.15 34.13 34.175 34.288 34.443 34.58 34.778 35.428 37.063 37.078 37.405 37.975 37.33 37.43 38.778 38.913 37.658 37.61 39.7 37.888 37.83 38.073
38.041 38.043 38.078 38.611 37.221 29.373 29.451 29.476 29.511 29.496 29.491 27.743 26.236 25.736 26.246 31.546 38.841 40.053 40.921 42.176 42.148 42.116 42.096 42.068 41.665 31.318 31.29 31.403 31.46 31.498 31.528 31.528 31.678 31.825 31.938 32.035 32.165 33.23 32.41 33.443 33.465 32.915 33.053 33.21 33.41 33.228 33.435 33.613 34.24 33.91 34.055 34.158 34.395 34.58 34.72 35.338 36.903 37.443 37.14 37.888 37.573 37.4 37.843 37.753 37.79 39.333 37.933 39.118 37.828 37.848 37.96
38.041 38.201 38.438 38.636 34.256 29.418 29.523 29.493 29.523 29.503 29.291 26.281 25.801 26.216 31.551 38.731 39.423 40.911 41.006 41.713 42.296 42.106 42.068 42.058 31.678 31.275 31.36 31.435 31.463 31.49 31.498 31.623 31.79 31.928 32.01 32.128 32.248 32.375 32.51 32.62 34.035 33.678 33.09 33.175 33.808 33.578 33.518 33.625 33.783 33.953 34.098 34.24 35.195 35.373 35.293 36.768 41.78 42.515 41.398 38.608 38.09 38.235 37.745 38.043 37.945 39.653 38.79 38.395 39.07 37.915 38.018
38.036 38.608 39.321 38.966 32.496 29.478 29.551 29.541 29.521 29.526 28.023 26.123 26.018 27.943 38.636 39.291 40.896 40.961 41.511 41.143 40.611 41.221 42.053 34.183 31.293 31.303 31.405 31.453 31.453 31.448 31.578 31.865 31.968 32.003 32.12 32.235 32.348 32.473 32.608 32.763 32.918 33.35 33.193 33.335 34.27 33.633 33.853 34.08 33.988 33.998 34.135 34.323 34.498 34.688 34.9 36.11 42.993 43.558 43.303 42.703 42.093 39.69 38.17 38.01 38.833 37.933 39.105 38.013 38.375 37.965 38.103
38.038 39.023 39.088 38.038 29.881 29.533 29.591 29.561 29.558 29.593 26.561 25.718 26.991 38.558 39.223 40.916 40.941 41.393 41.953 40.888 40.651 39.056 37.996 31.271 31.24 31.35 31.423 31.413 31.403 31.473 31.673 32.053 32.498 32.168 32.283 32.343 32.46 32.61 32.73 32.885 33.058 33.208 33.36 33.498 33.653 33.793 34.638 34.2 35.093 34.468 34.368 34.43 34.62 34.828 34.99 35.578 38.62 42.113 42.843 43.443 43.475 43.043 39.655 39.068 38.75 38.918 38.58 38.485 38.195 38.048 38.813
38.026 38.893 38.761 38.373 29.523 29.583 29.601 29.613 29.633 29.793 26.141 26.016 29.398 37.201 40.723 40.938 41.338 41.996 42.033 42.043 39.591 38.476 31.226 31.161 31.283 31.385 31.395 31.55 31.368 31.548 31.915 32.22 32.575 32.31 32.41 32.523 32.643 32.755 32.89 33.013 33.188 33.325 33.503 33.655 33.805 33.948 34.323 34.405 34.595 35.875 34.703 35.38 34.98 34.983 35.12 35.27 35.405 35.85 38.213 41.798 42.688 42.015 41.033 39.815 39.698 39.503 38.22 39.288 38.728 38.105 38.735
38.031 38.668 38.413 34.938 29.548 29.626 29.623 30.898 31.943 28.416 25.736 26.196 30.521 41.448 39.086 41.303 41.596 40.976 41.541 42.026 42.021 31.153 31.121 31.233 31.313 31.368 31.435 32.503 31.485 31.985 32.458 32.718 33.383 33.035 32.54 32.665 32.788 32.928 33.055 33.185 33.33 33.498 33.653 33.805 33.945 34.103 34.26 34.415 34.573 35.103 35.963 35.013 36.138 35.455 35.41 35.468 35.53 35.713 35.888 36.145 38.233 40.49 39.635 39.555 39.45 39.418 39.478 38.63 38.488 38.76 39.02
38.038 38.436 38.828 30.228 29.611 29.673 29.701 30.791 30.236 26.118 25.681 27.998 41.523 41.456 41.416 39.003 40.911 40.913 39.713 39.223 33.433 31.033 31.151 31.261 31.335 31.32 33.235 33.348 32.08 32.44 32.505 32.85 32.69 33.368 32.873 32.823 32.935 33.083 33.21 33.373 33.795 34.543 33.81 33.95 34.118 34.268 34.41 34.54 34.708 34.878 35.195 35.563 35.41 36.77 35.945 35.848 35.978 36.26 36.02 36.175 36.338 36.623 37.065 39.23 39.485 39.53 40.93 38.1 38.478 39.183 39.138
38.791 39.373 38.731 29.663 29.676 29.706 29.793 30.901 30.026 29.896 30.518 38.163 41.503 41.471 41.458 41.428 40.093 36.611 38.978 35.871 31.021 31.101 31.201 31.271 31.273 33.025 31.433 31.505 32.615 32.75 33.023 32.903 32.943 32.823 34.083 33.828 33.118 33.91 33.373 34.028 37.048 34.77 33.948 34.11 34.345 34.43 34.57 34.685 34.845 34.99 35.165 35.33 35.49 35.64 37.22 35.948 36.613 36.565 36.423 36.473 36.48 36.633 36.76 36.96 37.213 38.493 38.865 38.635 38.28 38.938 39.725
38.966 39.173 37.458 29.653 29.731 29.753 29.916 30.973 29.986 30.031 29.986 29.936 34.796 41.498 41.486 41.466 41.436 40.591 34.893 31.028 31.053 31.141 31.226 31.233 31.22 31.275 31.395 32.57 34.99 38.785 33.215 33.223 33.253 33.25 33.285 33.938 34.008 33.523 34.57 35.455 34.068 33.953 35.298 36.97 35.608 34.678 34.893 34.863 34.99 35.133 35.305 35.45 35.608 35.798 35.94 36.65 36.24 37.15 37.188 36.705 36.873 36.923 36.955 37.073 37.268 37.533 37.92 38.745 38.425 38.558 39.023
38.906 38.343 33.258 29.701 29.778 29.783 29.963 29.958 30.053 30.031 29.981 29.926 36.451 37.096 41.556 41.496 41.458 41.468 31.128 31.021 31.106 31.191 31.203 31.431 31.87 31.355 32.553 32.903 33.42 41.628 35.61 33.48 33.475 33.5 33.58 33.673 33.638 35.44 33.878 34.048 34.335 35.768 34.41 35.688 35.203 36.175 35.113 35.8 35.16 35.3 35.435 35.585 35.738 35.898 36.07 36.24 36.393 36.705 38.03 37.255 37.003 37.148 37.68 37.45 37.498 37.608 37.778 37.978 38.365 38.915 38.92
36.208 37.866 29.776 29.736 29.803 29.866 30.046 30.081 30.058 30.011 29.986 35.008 37.778 38.106 32.966 41.568 41.498 31.686 30.996 31.066 31.131 31.168 31.158 31.456 31.315 32.505 32.883 33.313 33.515 33.545 33.618 33.643 33.663 33.71 33.775 33.913 34.028 34.108 34.093 34.373 34.53 34.625 34.688 34.765 34.878 37.838 37.003 35.373 35.293 36.263 35.6 35.738 35.888 36.038 36.185 36.353 36.52 36.678 36.823 37.313 37.133 37.313 38.388 37.9 37.835 37.97 37.938 38.128 38.875 39.623 38.758
29.746 29.753 29.723 29.803 29.851 29.976 32.306 31.498 30.066 30.003 32.761 38.116 38.448 39.188 38.768 32.706 34.681 31.031 31.016 31.083 31.138 31.123 32.728 31.218 31.995 38.505 35.48 33.5 33.555 33.625 33.668 33.745 33.823 33.845 33.97 34.09 34.168 34.27 34.408 34.548 34.695 34.803 34.92 34.98 35.123 35.34 35.38 35.34 35.448 36.175 35.868 36.513 36.415 36.208 36.358 36.49 36.635 36.798 36.943 37.108 37.258 37.503 37.603 38.895 37.943 38.095 38.255 38.443 38.505 38.645 39.173
32.346 29.708 29.751 29.843 29.896 30.048 30.321 30.158 30.106 31.116 38.301 39.133 39.873 38.883 38.021 36.893 31.011 30.963 31.053 31.098 31.088 32.376 31.151 31.513 32.693 34.225 34.723 33.565 33.61 33.623 33.703 33.843 33.968 34.085 34.178 34.273 34.353 34.43 34.563 34.68 34.773 34.878 35.07 35.225 35.443 35.588 35.763 35.94 36.543 35.815 36.75 36.018 37.228 36.943 36.49 37.005 36.775 36.923 37.078 37.238 37.388 37.555 37.715 37.895 38.08 38.228 38.383 38.538 38.965 38.99 39.158
29.776 29.808 29.861 29.908 29.951 30.053 30.126 30.178 30.251 38.143 38.991 39.856 39.813 39.038 37.323 31.176 30.928 31.008 31.056 31.066 31.518 31.051 31.343 32.598 32.98 33.46 33.528 33.613 33.645 33.72 33.805 33.948 34.09 34.26 34.413 34.505 34.588 34.695 34.765 34.903 34.995 35.035 35.158 35.328 35.538 35.755 36.013 36.148 36.378 36.493 36.415 36.268 36.425 37.54 37.23 36.96 38.08 37.403 37.21 37.373 37.52 37.68 37.838 38.01 38.173 38.345 38.52 39.308 38.825 38.935 39.223
29.846 29.876 29.928 29.968 30.003 30.056 30.101 30.198 37.681 38.856 39.678 40.003 39.161 38.378 31.956 30.911 30.956 31.023 31.043 31.128 31.866 31.151 32.333 32.793 33.23 33.483 33.685 33.683 33.743 33.813 33.925 34.085 34.235 34.43 34.583 34.685 34.838 34.908 35.015 35.155 35.253 35.32 35.41 35.503 35.643 35.82 36.035 36.253 36.453 36.713 36.94 37.01 36.885 36.753 36.933 36.913 37.415 38.23 37.348 37.528 37.675 37.813 37.955 38.128 38.3 38.475 38.643 38.843 38.948 39.07 39.138
29.881 29.931 29.953 30.018 30.081 30.103 30.161 30.248 30.453 39.588 40.101 39.316 38.503 33.731 30.913 30.923 30.986 31.023 31.021 31.061 31.106 31.541 31.348 32.488 33.308 33.6 33.703 33.88 34.45 33.968 34.08 34.213 34.353 34.538 34.71 34.815 34.958 35.073 35.175 35.3 35.408 35.538 35.688 35.753 35.82 35.945 36.093 36.34 36.513 36.723 37.025 37.21 37.373 37.465 37.38 37.278 37.215 37.335 37.488 37.648 37.803 39.105 38.133 38.278 38.428 38.598 38.775 38.94 39.053 39.153 39.248
29.871 29.921 30.003 30.061 30.151 30.196 30.248 30.316 30.418 30.571 37.681 38.633 35.148 30.913 30.868 30.958 31.018 31.008 32.413 31.078 31.373 32.683 32.846 32.838 33.543 33.695 33.813 33.928 34.02 34.14 34.233 34.338 34.545 34.67 34.77 34.898 35.03 35.18 35.298 35.41 35.545 35.653 35.803 35.923 36.03 36.113 36.215 36.38 36.558 36.78 36.995 37.195 37.38 37.65 37.845 37.953 37.923 37.773 37.675 37.793 37.943 39.355 38.27 38.448 38.98 38.72 38.878 39.02 39.138 39.233 39.325
29.926 29.948 30.061 30.748 30.581 30.293 30.336 30.401 30.478 30.541 30.718 34.556 30.893 30.846 30.923 30.998 30.988 30.983 31.013 31.111 32.653 33.173 33.538 33.573 33.685 33.813 33.938 34.1 34.223 34.348 34.433 34.53 34.665 34.783 34.918 35.918 36.135 35.25 35.395 35.515 35.655 35.745 35.92 36.058 36.148 36.235 37.415 36.54 36.638 36.848 37.048 37.228 37.443 37.65 37.935 38.135 38.338 38.465 38.405 38.268 38.16 38.248 38.415 38.62 39.4 39.978 39.078 39.485 39.203 39.32 39.568
29.948 37.433 35.368 30.258 31.146 30.758 30.426 30.498 30.566 30.611 30.648 30.733 30.823 30.916 30.978 30.996 31.391 31.686 31.068 32.598 33.041 33.398 33.576 33.653 33.758 33.893 34.075 34.235 34.373 34.553 34.665 34.76 34.838 34.953 35.1 35.255 36.165 35.368 35.483 35.628 35.835 35.925 36.08 36.443 36.3 36.41 36.508 36.66 36.843 36.965 37.143 37.325 37.503 37.695 37.89 38.128 38.403 38.623 38.783 38.898 38.868 38.755 38.648 38.943 38.84 39.443 40.938 39.163 39.298 39.395 39.975
33.501 38.078 38.091 37.276 30.443 30.531 31.878 30.578 30.616 30.661 30.723 30.808 30.898 30.963 30.998 31.031 33.518 31.051 32.516 32.973 33.281 33.436 33.616 33.771 33.823 33.93 34.095 34.285 34.49 34.678 34.785 34.93 35.01 35.118 35.22 35.288 35.413 35.52 35.62 35.715 35.87 36.015 36.15 36.303 36.45 37.783 40.835 36.815 36.943 37.045 37.235 37.44 37.588 37.775 41.08 38.2 38.428 38.663 38.89 39.038 39.215 39.345 39.333 39.293 39.158 39.123 39.858 39.303 39.41 39.628 40.363
38.106 38.096 38.078 40.008 40.281 30.761 30.603 31.551 30.656 30.718 30.783 30.856 30.941 31.001 30.973 32.276 31.046 32.148 32.818 33.251 33.401 33.548 33.661 40.173 37.015 34.043 34.173 34.325 34.598 34.798 34.91 35.068 35.168 35.32 35.408 35.48 35.585 35.715 35.775 35.863 35.97 36.128 36.288 36.423 36.568 39.453 36.868 36.968 37.043 37.13 37.275 37.45 37.688 39.135 40.78 45.378 38.53 38.728 38.928 39.12 39.355 39.468 39.68 39.793 39.785 39.773 39.605 39.533 39.553 40.02 40.765
38.113 38.121 38.098 38.116 40.333 40.188 32.148 30.691 30.686 30.768 30.831 30.898 30.963 30.956 32.506 30.981 31.638 32.726 33.501 33.356 33.473 33.601 33.741 34.078 33.975 34.13 34.265 34.423 34.673 34.87 35.035 35.193 35.363 35.495 35.58 35.7 35.843 35.94 35.963 36.045 36.163 36.263 36.43 36.555 36.685 36.848 36.975 37.055 37.15 37.243 37.435 37.583 37.79 38.488 38.328 38.375 38.615 38.835 39.03 39.173 39.355 39.525 39.813 40.003 40.148 40.24 40.318 40.343 40.075 40.48 40.978
38.113 38.128 38.128 38.118 38.138 38.216 32.411 30.746 30.716 30.798 30.876 30.938 30.948 30.903 30.916 31.031 32.646 33.133 33.458 33.483 33.601 33.731 33.853 34.001 34.083 34.195 34.355 34.523 34.75 34.88 35.095 35.245 35.495 35.633 35.748 35.863 35.998 36.138 36.243 36.368 36.503 36.613 36.673 36.728 36.795 36.968 37.113 37.173 37.285 37.44 37.598 37.713 38.055 38.83 38.268 38.49 38.71 38.91 39.14 39.293 39.438 39.603 39.78 40.028 40.293 40.403 40.555 40.7 40.788 41.013 41.035
38.103 38.131 38.138 38.128 38.133 38.228 30.766 30.698 30.763 30.846 30.916 30.948 30.901 30.848 31.051 34.528 33.393 33.456 33.566 34.246 33.708 33.848 33.958 34.593 34.16 34.308 34.625 34.683 34.838 35.02 35.178 35.315 35.51 35.69 35.843 35.98 36.13 36.293 36.445 36.595 36.728 36.883 37.005 36.98 36.973 37.07 37.208 37.32 37.453 37.645 37.84 39.09 38.103 38.265 38.405 38.578 38.76 38.975 39.153 39.33 39.51 39.703 39.883 40.065 40.27 40.443 40.668 40.883 41.168 41.235 41.083
38.098 38.108 38.131 38.141 37.046 30.793 31.488 30.991 30.808 30.861 30.933 30.926 30.898 31.026 34.128 34.333 34.316 33.731 33.723 33.731 33.796 33.928 34.063 34.148 34.255 34.433 35.403 36.098 34.923 35.123 35.305 35.435 35.618 35.723 35.86 36.025 36.19 36.343 36.56 36.713 36.845 37.025 37.203 37.255 37.225 37.22 37.358 37.57 38.85 37.888 39.07 38.11 38.255 38.43 38.543 38.698 38.9 39.068 39.223 39.425 39.568 39.77 39.92 40.113 40.298 40.483 40.69 40.97 41.235 41.155 41.585
