dsm/se3030_DSM_2M.asc
ncols 500
nrows 500
xllcorner    430000
yllcorner    430000
cellsize     2
NODATA_value -9999
[rows 0 to 31 of 500, columns 0 to 71 of 500]
48.265 52.276 50.659 51.412 53.008 48.927 48.015 46.295 46.238 46.149 46.091 46.039 46.024 46.064 46.04 45.941 45.87 46.048 54.804 55.578 55.102 54.659 54.608 53.44 51.622 45.581 47.456 45.673 44.909 45.092 45.048 44.367 44.217 44.148 43.94 43.949 43.828 43.832 43.775 43.625 43.529 43.454 43.309 43.255 43.141 43.129 43.054 48.843 50.683 51.569 51.95 51.354 50.338 46.684 43.271 42.093 41.972 41.981 41.914 41.796 41.802 43.46 49.3 49.706 50.647 50.229 49.436 48.556 44.298 40.771 40.784 40.77
52.8 49.892 48.807 51.96 49.796 47.827 46.377 46.352 46.266 46.231 46.094 46.064 46.1 46.089 46.051 46.003 45.968 51.32 54.819 55.419 55.671 55.808 55.536 55.939 54.324 53.541 52.076 47.421 47.535 46.085 45.351 44.412 44.603 44.282 44.205 43.965 44.012 44.427 43.812 43.572 43.534 43.501 43.38 43.266 43.189 43.006 42.949 44.269 49.793 51.836 51.381 51.231 46.085 42.668 42.449 42.16 42.101 41.948 41.861 41.937 45.621 50.394 51.03 51.021 51.409 49.734 48.905 41.935 40.997 40.855 40.838 40.774
54.825 55.492 54.211 49.214 47.958 48.097 46.553 46.358 46.339 48.494 46.255 46.283 46.286 46.132 46.073 46.007 45.992 50.917 53.774 53.738 54.295 54.925 55.696 55.776 55.71 55.21 56.352 54.229 52.92 50.766 46.59 44.655 45.105 44.403 44.382 45.886 44.373 43.896 43.614 43.683 43.93 43.472 43.306 43.25 43.199 43.106 43.024 42.873 42.715 44.193 46.123 47.969 42.486 42.277 42.224 42.144 42.019 41.936 41.97 45.718 49.626 50.668 50.975 51.029 49.976 48.934 43.171 41.018 40.896 40.873 40.798 40.941
54.842 55.206 53.805 49.078 47.296 47.878 46.46 46.408 46.816 46.936 46.205 46.537 46.248 46.164 46.115 46.04 46.096 46.044 47.471 50.78 53.11 53.714 54.777 54.75 55.168 55.518 55.896 55.508 54.599 53.915 53.278 51.134 49.976 48.531 44.699 44.896 44.024 44.086 45.127 44.566 43.699 43.365 43.981 43.461 43.081 43.078 42.97 42.909 42.757 42.615 42.574 42.367 42.437 43.027 42.26 42.214 42.085 42.035 47.978 50.406 50.341 51.322 50.991 50.355 49.437 44.625 41.164 40.991 41.044 40.924 41.042 41.306
55.187 55.021 53.352 47.475 47.38 46.733 46.526 46.548 46.465 46.276 46.309 46.348 46.284 46.216 46.139 46.063 46.089 46.047 47.507 46.781 46.162 48.186 51.932 53.472 54.576 55.835 55.189 55.45 55.514 55.112 54.42 54.876 54.31 52.993 50.905 45.299 44.665 44.275 45.838 44.247 43.704 44.025 43.35 43.589 42.915 42.907 42.917 42.818 42.751 42.654 42.463 42.508 42.378 42.265 42.148 42.061 42.015 42.171 49.468 50.822 51.352 50.812 49.978 48.916 42.58 41.191 41.137 41.136 40.99 40.914 40.828 40.893
55.556 54.386 52.043 47.495 47.712 47.015 46.558 46.498 46.499 46.395 46.37 46.341 46.335 46.222 46.158 46.052 46.019 45.989 48.752 46.957 45.999 46.834 45.884 46.86 48.048 52.132 53.733 54.194 54.225 54.642 54.994 55.583 54.657 54.181 53.815 52.432 51.153 47.7 45.901 44.118 43.78 43.687 43.328 43.723 43.218 42.962 42.862 42.685 42.689 42.581 42.518 42.427 42.373 42.292 42.124 41.975 41.911 42.089 49.442 50.9 51.04 50.319 49.755 42.268 41.91 41.228 41.117 41.04 40.937 40.909 41.511 41.365
55.19 54.131 52.77 47.494 47.467 46.621 46.588 46.508 46.438 46.374 46.454 46.392 46.32 46.275 46.172 46.094 45.96 45.903 45.847 45.99 46.052 46.366 45.672 45.789 46.011 45.548 46.17 51.694 52.66 54.184 54.581 54.73 54.906 55.019 54.767 53.776 53.672 54.577 52.956 50.198 44.633 43.798 43.383 43.435 43.264 43.116 43.538 42.806 42.706 42.38 42.455 42.393 42.374 42.285 42.193 42.058 41.978 41.84 41.764 42.083 45.218 48.654 42.274 42.141 41.789 41.145 41.107 41.053 40.974 41.113 41.283 41.233
55.142 53.558 48.049 47.467 46.919 46.656 46.614 46.566 46.482 46.529 46.501 46.451 46.362 46.28 46.184 46.097 45.982 45.902 45.792 45.71 45.548 45.48 45.521 45.74 46.177 46.037 45.572 46.026 45.352 46.415 52.513 53.901 54.116 54.155 53.958 54.444 54.583 54.281 53.67 53.135 52.312 49.27 46.899 47.587 43.165 43.594 43.064 42.759 43.245 42.704 42.428 42.314 42.215 42.863 42.216 42.059 41.937 41.88 41.803 41.614 41.543 41.42 41.36 41.586 41.408 41.188 41.145 41.101 41.351 41.351 41.302 41.868
54.498 50.194 47.408 47.413 46.776 46.696 46.66 46.563 46.543 46.519 46.543 46.485 46.394 46.328 46.204 46.088 46.013 45.884 45.782 45.693 45.559 45.471 45.386 45.344 45.553 45.3 45.526 45.741 45.676 45.308 45.522 46.333 51.377 52.617 53.644 54.003 54.738 54.123 54.54 54.443 53.44 53.082 52.993 52.386 50.73 45.073 43.647 43.055 42.84 42.706 42.715 42.96 42.245 42.45 43.167 41.968 41.925 41.905 41.758 41.639 41.572 41.497 41.342 41.182 41.224 41.122 40.997 41.179 41.442 41.345 41.868 48.055
54.271 51.595 48.168 47.866 47.001 46.737 46.654 46.552 46.586 46.601 46.572 46.499 46.408 46.433 46.838 46.227 46.114 45.897 45.805 45.712 45.645 45.513 45.394 45.348 45.79 45.299 45.067 45.009 45.175 45.626 45.562 44.903 45.23 45.175 47.254 49.969 52.186 53.903 53.587 53.728 53.974 54.016 54.093 53.434 52.5 51.947 49.591 45.249 44.467 42.936 42.615 42.526 42.531 42.326 42.062 42.019 41.837 41.737 41.708 41.634 41.544 41.475 41.43 41.327 41.23 41.029 41.008 40.958 41.033 42.368 48.651 49.747
53.777 49.994 47.441 47.697 46.856 46.849 46.749 46.659 46.69 46.675 46.668 46.549 46.424 46.685 47.699 49.16 46.594 46.208 45.992 45.63 45.572 45.478 45.398 45.286 45.22 45.136 44.988 44.89 44.784 44.67 44.849 44.829 45.194 44.813 44.484 44.336 44.438 47.402 52.101 52.124 53.34 53.452 53.46 53.791 53.808 53.175 52.344 52.072 50.264 49.202 45.345 44.388 42.719 42.335 42.511 42.196 42.257 41.835 41.724 41.598 41.446 41.416 41.447 41.302 41.215 41.108 41.018 40.874 40.812 40.836 42.721 49.994
53.431 47.505 47.518 47.238 46.879 46.861 46.749 46.714 46.763 46.735 46.643 46.566 46.544 46.551 46.566 46.359 46.208 48.687 48.046 47.675 45.603 45.427 45.377 45.242 45.152 45.095 45.018 44.885 44.82 44.682 44.617 44.451 44.483 44.503 44.926 44.511 44.411 44.315 44.379 47.317 50.906 51.685 53.694 53.214 53.218 53.331 53.554 53.172 53.846 52.382 51.547 49.836 45.459 44.679 43.092 42.155 42.113 42.341 42.421 41.87 41.508 42.853 42.48 41.934 41.295 41.117 41.085 40.966 40.813 40.732 40.652 40.445
48.207 47.397 47.883 47.053 46.888 46.829 46.775 46.813 46.84 46.73 46.657 46.601 46.582 46.556 46.814 46.194 46.015 46.651 48.911 46.71 45.575 45.457 45.344 45.263 45.09 45.05 44.957 44.874 44.751 44.594 44.536 44.445 44.348 44.228 44.291 44.341 44.74 44.286 44.533 43.985 43.818 43.747 49.719 51.723 51.528 52.323 52.858 53.276 53.176 53.281 52.742 52.113 51.897 51.881 49.498 46.428 42.737 42.199 42 42.106 41.804 44.548 46.216 45.667 43.078 41.784 41.055 40.986 40.827 40.759 40.676 40.557
47.331 47.337 47.23 46.936 46.893 46.788 46.855 46.846 46.804 46.727 46.656 46.72 46.678 47.231 46.419 46.051 45.925 45.844 45.645 45.589 45.363 45.333 45.878 45.907 45.775 45.116 44.992 44.799 44.724 44.626 44.564 44.44 44.388 44.227 44.137 44.78 44.681 44 44.078 43.804 44.447 43.88 43.476 43.687 44.919 49.261 49.851 52.369 52.817 53.068 53.381 52.998 52.543 52.625 52.227 51.206 49.234 47.466 46.076 42.228 43.222 44.536 46.304 47.101 41.324 41.09 41.41 41.947 40.779 40.703 40.665 40.519
47.42 47.268 47.362 46.978 46.917 46.816 46.844 46.92 46.853 46.797 46.702 46.845 46.703 46.744 46.111 45.972 45.875 45.797 45.662 45.509 45.272 45.246 46.849 47.627 48.108 46.125 45.371 47.464 44.847 44.574 44.455 44.396 44.348 44.241 44.119 44.29 44.474 44.418 44.547 43.975 43.642 43.588 43.502 43.812 44.465 44.549 46.456 46.351 51.129 51.688 51.424 52.18 52.574 52.743 52.884 52.621 51.61 51.143 50.719 49.033 47.748 42.581 43.359 41.698 41.366 41.519 41.139 40.882 40.793 40.65 40.569 40.52
52.203 48.499 47.324 46.972 46.902 46.917 46.926 46.949 46.848 46.779 46.732 48.63 48.638 50.231 46.088 45.929 45.801 45.672 45.528 45.359 45.231 45.353 48.381 47.938 46.221 46.552 47.714 48.89 45.801 44.918 46.179 44.524 44.212 44.22 44.084 44.03 43.862 43.78 43.838 44.386 43.629 43.395 43.443 43.583 43.783 43.485 44.088 43.368 43.214 46.818 48.918 50.717 52.086 52.164 52.274 52.753 52.619 52.137 51.819 52.494 50.621 49.966 47.497 42.53 41.769 41.47 41.191 41.087 41.586 41.306 40.739 40.4
50.8 47.709 47.076 46.973 46.89 46.962 46.981 47.008 46.874 46.807 46.839 47.124 49.693 47.97 45.927 45.823 45.704 45.615 45.475 45.309 45.319 47.872 48.917 49.225 48.928 48.564 47.96 47.383 46.978 49.113 48.629 45.798 44.977 44.274 44.144 45.002 44.615 43.781 43.712 43.564 43.476 43.378 43.247 43.13 43.131 43.143 43.471 44.333 43.379 43.152 42.713 42.658 45.222 48.916 50.921 51.497 51.562 51.914 52.338 52.468 51.806 51.383 50.571 50.409 47.456 43.568 42.095 41.314 41.104 41.088 41.107 41.259
47.623 47.713 47.051 46.993 46.991 46.985 47.016 46.99 46.83 46.814 47.021 47.24 49.707 47.343 45.929 45.798 45.67 45.548 45.38 45.235 47.108 48.501 49.241 49.951 49.084 49.635 49.063 48.942 48.397 48.099 46.278 46.938 44.536 45.954 44.538 44.061 44.136 43.865 43.985 43.731 43.434 43.402 43.319 43.177 43.074 42.965 42.847 42.898 42.967 43.48 42.931 43.797 43.641 43.279 44.833 44.713 48.298 50.919 52.429 51.82 52.276 52.441 51.92 51.348 52.388 50.59 49.082 47.4 41.858 41.176 41.566 41.124
49.808 47.794 47.107 47.042 47.035 47.079 47.058 46.953 46.869 46.937 47.237 46.856 47.252 50.343 48.955 48.549 46.295 45.63 45.294 45.249 48.151 48.831 50.97 47.46 46.755 49.691 50.015 49.8 49.429 48.706 46.966 45.056 44.583 44.799 44.13 44.047 44.495 44.99 43.765 43.653 44.176 43.794 43.29 43.203 43.039 43.038 42.932 42.77 42.691 42.736 42.806 44.039 43.726 44.011 45.068 42.798 43.707 44.635 50.459 51.607 51.09 51.007 51.536 51.949 52.348 51.374 51.043 50.639 49.592 47.429 40.92 40.695
51.713 50.924 47.11 47.052 47.118 47.111 47.082 46.984 46.939 46.979 46.94 46.875 48.028 51.31 51.337 51.359 50.525 47.263 45.937 45.374 47.265 48.911 50.206 49.945 49.838 48.608 50.749 50.105 49.092 48.381 45.101 44.579 44.45 45.026 45.164 44.291 44.12 44.481 45.544 43.674 43.584 43.53 44.25 43.86 43.1 42.94 42.944 42.747 42.678 42.748 42.583 42.913 42.427 42.538 45.832 43.17 42.2 42.184 42.272 44.356 48.161 49.528 50.773 53.18 51.697 51.674 52.088 51.737 46.212 42.24 40.752 40.723
51.45 48.786 47.085 47.112 47.109 47.153 47.078 46.991 47.029 47.024 46.934 46.917 50.136 51.321 51.31 51.254 48.832 47.191 47.151 46.694 48.371 49.212 49.82 49.927 50.309 50.596 50.628 49.936 48.737 45.488 44.801 44.485 45.179 48.659 50.027 48.891 46.552 45.728 44.64 43.901 44.07 44.04 43.423 44.498 42.988 42.904 42.834 42.779 42.64 42.562 42.482 42.494 42.594 42.163 42.858 42.16 42.257 42.378 41.973 42.306 41.862 42.972 43.092 49.084 50.625 50.994 50.879 45.835 40.968 40.876 40.821 40.782
50.534 47.58 47.153 47.216 47.427 47.149 47.083 46.97 47.075 47.023 48.37 50.877 52.859 51.482 51.306 51.299 49.872 48.06 47.674 45.914 47.531 48.22 48.826 49.132 49.548 49.807 50.014 49.338 48.504 45.226 44.536 44.388 45.417 50.63 51.246 50.616 50.004 49.107 48.203 45.861 44.102 43.735 44.21 43.595 43.219 43.237 42.867 42.714 43.17 42.859 42.511 42.417 42.301 42.215 42.348 43.041 41.927 41.823 42.062 41.913 41.873 41.589 41.709 42.198 42.634 44.997 48.329 41.065 40.922 40.886 40.873 40.869
48.262 47.267 47.217 47.269 47.299 47.167 47.067 47.087 47.113 47.15 51.02 54.065 53.995 53.287 52.445 52.147 51.587 51.15 50.982 49.462 48.455 45.478 46.154 48.262 48.603 48.866 49.136 48.961 48.219 44.83 44.445 44.47 49.514 50.48 51.228 51.231 52.471 50.831 50.059 49.78 49.008 45.948 44.27 43.643 43.224 44.345 43.301 43.063 42.694 43.007 42.798 42.621 42.501 42.204 42.116 42.043 41.91 41.821 42.662 44.441 42.498 41.583 42.741 41.985 42.064 41.315 41.137 41.049 40.993 40.976 40.901 40.868
47.273 47.297 47.298 47.371 47.282 47.151 47.133 47.111 47.089 47.401 51.236 55.401 55.806 54.867 54.307 53.764 53.272 52.463 51.939 51.541 51.119 50.651 47.347 45.637 46.147 47.707 48.31 48.652 46.125 44.634 44.366 45.035 45.594 48.183 49.978 50.427 50.646 50.924 51.006 51.389 50.12 49.805 49.123 46.935 45.342 43.734 43.219 43.21 42.762 43.161 42.843 42.569 42.698 42.373 42.355 42.146 41.866 41.86 41.866 41.885 41.439 41.413 41.381 41.493 41.468 41.168 41.092 41.099 41.09 41.005 40.971 40.917
47.302 47.331 47.33 47.325 47.285 47.196 47.161 47.104 47.117 49.157 51.112 54.984 55.832 56.223 56.222 55.345 54.984 53.88 53.618 52.746 52.215 51.654 46.951 48.054 47.422 45.827 45.228 45.954 45.061 44.367 44.331 44.565 44.132 44.336 44.524 45.973 49.659 49.893 50.193 50.845 50.827 51.284 50.41 49.81 49.362 48.608 46.4 45.211 43.4 42.918 42.784 43.19 42.601 42.286 42.199 42.77 42.128 41.839 41.714 41.629 41.574 41.458 41.305 41.171 41.235 41.226 41.234 41.152 41.137 41.022 41.061 40.978
47.825 47.58 47.384 47.351 47.289 47.173 47.133 47.176 47.261 49.055 52.287 53.181 53.86 54.647 55.203 55.938 56.265 55.907 55.076 54.53 52.336 52.378 52.152 50.948 49.383 46.098 45.228 45.027 44.485 44.315 45.029 44.542 44.173 44.056 44.81 44.164 45.355 44.99 49.015 49.601 49.877 50.56 50.461 51.227 50.515 49.993 49.492 48.436 47.296 44.391 44.684 43.024 42.716 42.723 42.714 42.295 41.835 41.828 41.776 41.682 41.56 41.492 41.308 41.367 41.35 41.307 41.25 41.124 41.116 41.166 41.841 41.655
48.35 47.725 47.442 47.41 47.348 47.161 47.107 47.312 47.217 47.219 45.656 46.537 51.918 53.196 53.308 54.171 54.86 55.103 55.927 56.254 52.261 52.733 53.465 52.584 51.791 50.246 46.212 44.496 44.497 45.492 44.506 44.089 43.948 43.845 43.827 45.742 44.605 43.747 45.015 44.756 46.287 48.993 49.161 49.828 50.26 50.572 50.539 50.062 49.253 48.975 48.293 46.712 42.991 42.87 42.674 42.57 42.909 42.708 41.899 41.603 41.522 41.446 41.425 41.391 41.408 41.329 41.274 41.187 41.172 41.149 41.912 40.671
47.718 47.53 47.475 47.43 47.307 47.216 46.991 46.911 46.826 46.993 46.455 45.461 45.42 47.136 50.073 52.595 53.198 53.592 54.487 55.322 52.811 53.397 53.01 53.707 53.26 52.637 52.064 50.104 44.234 44.262 44.171 44.055 43.934 43.856 43.71 43.674 43.89 44.294 44.329 43.685 44.532 45.956 44.927 48.745 49.049 49.663 49.698 50.109 50.759 50.019 49.847 49.104 48.949 48.198 44.018 42.158 42.615 42.749 42.351 41.613 41.547 41.486 41.49 41.453 41.424 41.363 41.248 41.268 41.248 41.98 40.709 40.621
47.481 47.516 47.473 47.416 47.29 47.181 47.035 46.899 46.757 46.65 46.62 46.515 46.43 46.644 45.16 46.532 46.78 51.815 52.638 52.568 52.342 53.293 52.112 52.18 52.979 53.509 53.713 46.656 44.1 44.775 44.968 44.533 44.118 44.109 44.096 43.721 43.545 43.548 43.527 43.64 45.364 43.628 43.95 43.504 43.431 44.955 48.306 49.025 49.359 49.682 50.196 50.284 49.88 49.414 44.527 42.384 43.038 42.704 41.747 41.623 41.575 41.593 41.564 41.504 41.426 41.36 41.371 42.43 41.01 40.741 40.786 44.709
47.594 47.524 47.516 47.375 47.315 47.208 47.048 46.877 46.764 46.637 46.567 46.369 46.352 46.254 46.231 46.094 45.455 45.042 46.271 46.524 52.721 52.753 50.875 50.74 51.065 51.959 52.106 44.324 44.159 45.633 49.682 49.513 45.563 44.448 44.377 44.263 44.606 44.353 43.494 43.375 43.247 43.332 43.341 43.752 43.311 44.762 43.708 44.515 45.035 48.457 49.058 49.619 50.593 46.993 44.266 42.668 42.325 41.781 41.718 41.7 41.693 41.634 41.573 41.526 41.412 41.462 42.731 42.845 41.42 40.929 47.246 48.069
47.63 47.583 47.485 47.443 47.315 47.195 47.079 46.827 46.746 46.655 46.536 46.434 46.336 46.204 46.041 45.945 45.902 45.856 45.378 45.145 44.968 46.599 47.825 47.88 49.836 49.982 46.376 44.623 45.249 50.717 51.558 51.28 50.643 49.659 46.332 44.435 44.182 44.274 43.964 43.627 43.308 43.283 43.092 43.031 43.003 43.742 43.585 43.093 42.903 44.611 45.884 44.649 48.8 45.292 44.287 42.036 41.891 41.824 41.815 41.775 41.723 41.655 41.579 41.505 41.405 41.395 41.4 41.539 45.056 41.236 42.144 48.041
47.65 47.58 47.513 47.479 47.515 49.584 50.478 48.502 46.962 46.653 46.519 46.399 46.329 46.172 46.021 45.921 45.852 45.718 45.575 45.589 45.445 45.805 45.071 44.912 45.416 46.991 47.09 44.863 48.188 50.832 52.575 51.803 51.665 51.562 50.712 50.086 49.141 46.39 43.984 43.912 43.621 43.955 43.131 42.973 42.926 42.803 42.756 42.764 43.238 44.809 43.058 42.817 43.917 43.478 42.233 41.969 41.92 41.929 41.903 41.84 41.716 41.715 41.544 41.564 42.107 41.316 41.311 41.595 47.974 48.032 41.844 46.995
