dsm/se3032_DSM_2M.asc
ncols 500
nrows 500
xllcorner    430000
yllcorner    432000
cellsize     2
NODATA_value -9999
[rows 160 to 191 of 500, columns 216 to 287 of 500]
37.468 37.853 38.228 37.943 37.615 37.236 36.851 36.472 36.203 35.664 35.218 34.772 34.551 34.129 33.827 28.398 26.133 26.096 26.035 25.995 26.038 26.079 26.063 26.004 26.05 26.251 33.576 34.483 34.455 34.443 34.41 34.389 34.325 32.593 26.198 25.952 25.885 25.944 25.962 25.864 25.923 34.878 37.111 37.062 37.114 37.069 37.047 37.033 30.36 25.921 26.006 25.689 27.781 29.066 35.842 36.513 36.332 36.037 34.334 27.458 25.47 25.498 25.489 25.443 25.401 25.421 25.483 25.487 25.471 25.44 25.479 25.591
37.457 37.865 38.224 37.991 37.554 37.241 36.915 36.513 36.216 35.636 35.3 34.926 34.359 34.024 33.87 29.727 26.147 26.067 26.053 26 26.028 26.082 26.081 26.011 26.025 26.517 34.372 34.491 34.442 34.424 34.401 34.403 34.347 30.169 26.089 25.9 25.933 25.952 26.003 25.9 26.156 36.033 37.09 37.119 37.097 37.051 37.073 38.129 27.205 25.946 25.772 25.678 25.623 25.816 35.764 36.983 36.983 35.912 35.71 36.659 31.64 26.676 25.478 25.456 25.377 25.416 25.42 25.418 25.405 25.4 25.372 25.445
37.465 37.81 38.102 37.981 37.585 37.208 36.891 36.545 36.166 35.535 35.26 34.909 33.651 33.421 33.827 29.593 26.114 26.096 26.01 26.032 26.03 26.09 26.087 26.054 26.041 26.681 34.391 34.481 34.462 34.416 34.394 34.393 34.199 27.067 26.068 25.922 25.934 25.973 25.876 25.955 26.167 37.087 37.11 37.086 37.068 37.062 37.031 33.128 26.449 25.883 25.782 25.699 25.667 31.371 36.075 37.131 36.76 35.823 35.771 37.076 36.751 29.649 30.924 25.786 25.408 25.384 25.41 25.391 25.359 25.398 25.399 25.45
37.509 37.831 38.128 37.986 37.588 37.219 36.867 36.49 36.18 35.655 35.279 34.927 34.526 34.194 33.676 27.611 26.195 26.09 26.049 25.97 26.057 26.08 26.068 26.058 26.053 28.06 34.421 34.461 34.407 34.392 34.422 34.374 34.07 27.171 26.033 25.925 25.988 25.993 25.907 25.886 26.257 37.129 37.1 37.043 37.084 37.046 37.053 31.953 26.145 25.871 25.738 25.733 25.698 32.651 36.428 37.391 36.753 35.513 35.898 35.456 36.906 35.681 32.781 26.844 25.47 25.491 25.377 25.346 25.386 25.37 25.369 25.39
37.421 37.827 38.173 37.979 37.576 37.253 36.9 36.546 36.211 35.651 35.274 34.872 34.537 34.195 33.886 32.976 27.119 26.129 26.088 25.988 26.039 26.115 26.103 26.101 26.038 29.068 34.43 34.437 34.394 34.38 34.35 34.356 34.175 26.651 26.066 25.94 25.946 25.951 25.956 25.928 31.858 37.102 37.13 37.088 37.157 37.134 37.057 35.766 26.028 25.82 25.791 25.768 25.921 35.615 36.498 35.701 36.223 35.687 36.215 35.311 36.682 35.518 36.058 35.857 27.6 25.933 25.466 25.475 25.354 25.34 25.375 25.413
37.505 37.813 38.148 38.037 37.665 37.24 36.886 36.54 36.142 35.639 35.228 34.973 34.572 34.161 33.853 31.538 26.353 26.108 26.136 26.037 26.087 26.134 26.127 26.09 26.063 31.969 34.495 34.419 34.373 34.368 34.338 34.333 30.057 26.113 26.06 25.988 25.914 25.994 25.931 25.895 34.141 36.986 37.142 38.147 39.724 38.938 37.128 29.117 25.818 25.789 25.791 25.773 30.68 35.9 36.847 37.069 36.166 35.646 32.122 37.29 36.084 35.627 36.596 36.588 36.105 33.962 25.999 25.429 25.459 25.351 25.33 25.366
37.42 37.788 38.2 37.935 37.511 37.144 32.587 36.447 36.189 35.637 35.235 34.815 34.554 34.233 33.845 30.478 26.162 26.132 26.112 26.075 26.095 26.138 26.161 26.136 26.134 31.982 34.509 34.454 34.444 34.444 34.333 34.312 32.717 26.164 27.584 25.987 25.968 26.002 25.93 28.345 30.616 31.319 29.297 36.328 35.913 37.72 37.438 28.255 25.798 25.781 25.781 25.751 30.706 36.166 37.083 36.997 35.95 35.793 36.761 31.508 34.766 35.793 36.765 37.138 36.178 28.857 25.624 26.27 25.532 25.47 25.405 25.339
37.417 37.793 38.198 38.013 37.569 37.19 36.82 36.495 36.194 35.58 35.247 34.844 34.579 34.079 33.851 33.403 26.254 26.098 26.057 26.053 26.079 26.127 26.126 26.143 26.24 33.124 34.473 34.458 34.397 34.435 34.414 34.375 28.729 26.05 26.125 25.908 25.944 25.979 25.931 28.794 31.769 32.351 27.768 25.872 25.808 26.433 26.364 25.751 25.771 25.787 25.741 25.731 32.715 36.504 37.451 36.594 35.679 35.931 34.161 36.966 35.741 36.017 36.858 37.118 35.737 26.876 25.596 25.628 26.461 25.778 25.42 25.345
37.409 37.84 38.169 37.967 37.586 37.321 36.911 36.54 35.994 35.599 35.215 34.915 34.531 33.552 33.876 30.39 26.186 26.087 26.068 26.062 26.045 26.069 26.088 26.108 26.643 34.301 34.492 34.421 34.416 34.4 34.383 34.361 30.67 26.179 26.032 25.953 25.974 26.001 25.936 29.518 31.773 32.289 26.982 25.779 25.754 26.656 26.844 25.789 25.746 25.733 25.764 25.92 35.523 36.557 37.411 36.257 35.726 36.564 37.265 36.597 35.591 36.217 37.149 36.708 35.468 25.845 25.669 25.62 25.607 25.685 26.18 25.798
37.471 37.806 38.138 33.748 37.443 32.966 36.664 31.626 34.879 35.635 35.276 34.827 34.481 34.22 33.83 33.41 26.187 26.041 26.043 26.062 26.033 26.014 26.056 26.101 26.313 33.776 34.486 34.484 34.427 34.434 34.381 34.34 29.388 26.111 26.034 25.959 26.02 25.98 25.88 26.391 27.623 28.552 26.374 25.761 25.763 25.81 25.954 25.678 25.763 25.755 25.714 25.885 35.694 36.98 37.111 36.076 35.706 36.842 37.187 36.362 35.734 36.591 37.372 36.536 30.491 25.683 25.643 25.638 25.548 25.617 25.515 25.822
37.136 36.997 37.803 36.435 36.448 36.166 35.773 35.06 34.592 34.259 33.262 34.363 33.521 33.529 33.374 33.122 26.184 26.083 26.002 26.02 25.999 25.975 26.038 26.123 26.924 34.402 34.485 34.438 34.422 34.398 34.405 34.206 26.662 26.105 26.019 25.969 26.026 25.973 25.981 26.091 26.05 25.923 25.821 25.677 25.671 25.677 26.012 25.721 25.704 25.684 25.658 26.977 35.789 37.155 36.867 35.877 35.765 36.92 31.556 35.895 35.759 36.667 37.161 36.224 30.719 25.651 25.619 25.553 25.59 25.623 25.594 25.553
37.048 36.751 36.329 35.813 35.386 35.15 34.789 34.336 31.608 27.927 27.158 26.126 26.11 26.118 26.134 26.078 26.056 26.037 26.056 26.034 26.024 26.019 26.044 26.105 31.511 34.5 34.456 34.447 34.407 34.41 34.358 34.063 26.993 26.085 26.005 25.991 26.029 25.985 26.057 26.136 26.036 25.867 25.753 25.742 25.598 25.705 26.993 25.875 25.767 26.235 25.705 32.7 35.206 36.891 36.651 35.547 35.962 37.186 36.915 34.86 35.937 37.041 37.146 35.701 27.659 25.588 25.628 25.566 25.597 25.515 25.589 25.585
37.052 36.713 36.361 35.894 35.412 35.066 34.705 34.342 33.766 26.56 27.081 27.369 26.482 26.056 26.053 26.039 26.076 26.034 26.029 25.997 26.02 26.032 26.065 26.122 31.345 34.491 34.465 34.44 34.405 34.403 34.348 33.613 26.227 26.051 26.018 26.034 26.057 25.971 26.068 26.468 26.062 25.92 25.774 25.669 25.668 25.693 25.79 30.704 29.914 29.134 26.205 26.051 25.708 25.784 27.099 28.692 29.178 35.62 36.532 35.685 36.062 37.353 36.771 35.471 26.71 25.639 25.624 25.588 25.568 25.535 25.543 25.556
37.049 36.675 36.354 35.88 35.468 35.109 34.749 34.387 33.891 26.366 26.348 27.233 26.218 25.998 26.002 25.997 25.968 26.004 26.03 26.024 26.073 26.057 26.114 26.128 32.656 34.496 34.448 34.435 34.44 34.391 34.395 28.623 26.049 25.998 25.973 26.06 26.037 26.005 26.021 26.139 25.998 25.867 25.765 25.677 25.635 26.971 27.169 31.356 31.548 31.812 30.949 31.294 30.529 27.41 30.319 26.11 26.5 26.563 26.851 31.023 29.646 37.033 36.561 30.554 25.828 25.614 25.58 25.557 25.555 25.52 25.477 25.528
37.074 36.743 36.39 35.837 35.44 35.085 34.757 34.392 33.911 26.947 26.103 27.463 26.002 25.967 25.965 25.95 25.946 25.945 25.996 26.011 25.993 26.058 26.125 26.286 32.943 34.475 34.468 34.44 34.397 34.389 34.378 28.628 26.044 26.016 25.99 26.05 26.056 26.053 26.062 27.852 25.92 25.827 25.726 25.684 25.746 28.23 28.317 31.396 31.644 31.848 32.012 32.266 32.477 32.651 32.774 32.464 30.236 30.025 27.025 25.986 26.109 26.012 28.418 26.718 25.641 25.632 25.579 25.596 25.543 25.497 25.484 25.52
36.998 36.707 36.386 36.02 35.468 35.179 34.703 34.412 32.7 27.671 26.091 26.512 26.044 25.91 25.884 25.898 25.903 25.924 25.974 25.975 26.028 26.068 26.109 30.525 34.484 34.429 34.451 34.416 34.375 34.386 34.329 28.454 26.096 26.063 25.976 26.051 26.098 25.973 26.039 26.274 25.85 25.727 25.693 25.664 27.548 28.281 30.451 31.504 31.737 31.83 32.068 32.265 32.519 32.676 32.714 32.551 32.307 32.112 31.985 30.763 30.569 27.497 26.205 25.832 25.78 25.813 25.573 25.623 25.569 25.545 25.52 25.52
37.061 36.722 36.333 35.885 35.419 35.119 34.787 34.433 34.071 27.523 26.073 25.991 25.941 25.881 25.867 25.844 25.855 25.902 25.941 25.954 26.04 26.07 26.116 30.664 34.503 34.448 34.421 34.407 34.414 34.395 34.206 26.303 26.123 26.032 26.028 26.096 26.087 26.04 26.047 26.053 25.926 25.767 25.681 25.632 27.408 28.296 30.044 31.625 31.725 31.901 32.103 32.34 32.527 32.705 32.665 32.427 32.335 32.142 31.922 31.759 31.508 27.577 26.347 31.549 31.732 31.946 27.898 30.144 25.913 25.627 25.674 25.485
37.027 36.759 36.391 35.869 35.453 35.149 34.757 34.463 30.003 26.16 26.057 26.032 25.941 25.908 25.858 25.831 25.839 25.878 25.926 25.972 26.053 26.095 26.119 32.661 34.47 34.453 34.419 34.433 34.393 34.409 30.099 26.607 26.08 26.035 26.079 26.099 26.083 26.044 27.586 26.079 25.938 25.851 25.743 25.7 26.183 27.476 30.925 31.708 31.864 32.02 32.165 32.423 32.564 32.732 32.649 32.44 32.268 32.086 31.834 31.711 31.479 26.887 27.977 31.626 32.929 33.491 34.305 34.412 33.791 31.237 30.538 26.078
37.102 36.713 36.403 35.876 35.435 35.189 34.787 34.397 33.866 26.225 26.086 26.038 25.984 25.907 25.9 25.876 25.889 25.892 25.944 25.977 26.024 26.046 26.105 31.942 34.474 34.469 34.454 34.426 34.389 34.356 34.209 26.243 26.138 26.051 26.096 26.132 26.066 26.042 26.21 26.055 25.989 25.899 25.785 25.784 25.716 25.889 31.4 31.677 31.893 32.145 32.184 32.37 32.63 32.747 32.592 32.365 32.255 31.973 31.82 31.619 31.331 26.137 26.452 32.294 33.016 33.672 34.33 34.216 33.665 33.027 32.324 25.679
37.064 36.732 36.341 36.035 35.486 35.113 34.815 34.378 32.493 26.139 26.073 26.009 25.955 25.895 25.881 25.847 25.884 25.92 25.95 25.993 26.021 26.085 26.17 32.901 34.443 34.452 34.438 34.426 34.418 34.351 30.213 26.185 26.113 26.107 26.109 26.131 26.077 26.165 26.807 26.123 26.042 25.934 25.869 25.886 25.834 26.902 31.469 31.782 31.932 32.132 32.284 32.479 32.653 32.731 32.51 32.337 32.146 31.962 31.718 31.542 28.482 26.236 28.258 32.524 33.312 33.938 34.423 34.108 33.491 32.916 30.311 26.632
37.031 36.74 36.337 36.045 35.476 35.134 34.744 34.477 32.564 26.268 26.059 25.98 25.969 25.873 25.912 25.845 25.889 25.934 25.932 26.001 26.038 26.08 26.229 34.431 34.464 34.451 34.414 34.414 34.393 34.357 28.541 26.189 26.127 26.041 26.095 26.108 26.048 26.189 27.45 26.779 26.03 25.933 27.45 28.783 27.364 29.834 31.583 31.772 31.993 32.142 32.347 32.545 32.707 32.718 32.484 32.321 32.08 31.856 31.689 31.511 27.71 26.224 30.425 32.793 33.342 34.004 34.498 34.024 33.329 32.747 27.575 25.459
37.056 36.735 36.36 35.879 35.46 35.128 34.725 34.435 33.691 26.525 26.072 26.02 25.959 25.899 25.905 25.853 25.849 25.896 25.926 26.008 26.004 26.071 26.265 34.383 34.467 34.466 34.453 34.421 34.38 34.341 27.846 26.156 26.132 26.109 26.123 26.082 26.062 26.542 27.078 26.078 26.613 26.062 28.273 28.558 27.262 31.394 31.677 31.81 32.077 32.21 32.443 32.585 32.795 32.665 32.408 32.204 32.038 31.834 31.642 31.499 27.057 27.215 31.715 33.025 33.46 34.219 34.494 33.888 33.154 32.566 28.51 25.455
37.056 36.702 36.403 35.987 35.479 35.114 34.733 34.395 33.348 26.238 26.056 26.375 26.366 25.948 25.872 25.869 25.886 25.911 25.959 25.99 26.047 26.077 26.284 34.39 34.481 34.458 34.41 34.386 34.365 34.196 26.571 26.178 26.137 26.057 26.17 26.124 26.088 27.389 26.834 26.078 26.02 25.91 25.854 25.894 26.07 30.569 31.682 31.868 32.091 32.297 32.52 32.616 32.797 32.62 32.325 32.189 31.986 31.839 31.637 28.882 27.824 27.878 32.469 33.081 33.609 34.239 34.42 33.656 33.194 32.294 25.612 25.444
37.079 36.738 36.567 35.843 35.38 35.087 34.821 34.373 32.566 26.247 26.076 26.417 26.533 25.923 25.883 25.869 25.906 25.925 25.946 26.024 26.04 26.102 31.98 34.499 34.453 34.451 34.409 34.377 34.382 30.031 27.01 26.157 26.117 26.132 26.105 26.126 26.084 26.496 26.06 26.036 26.015 25.943 25.841 26.586 29.748 31.548 31.74 31.942 32.142 32.319 32.503 32.736 32.767 32.565 32.338 32.129 31.909 31.777 31.566 31.092 26.531 29.271 32.507 33.093 33.771 34.444 34.171 33.471 32.908 30.184 25.571 25.438
37.003 36.712 36.367 35.91 35.393 35.139 34.773 34.417 32.722 27.675 26.06 26.013 25.956 25.919 25.867 25.815 25.874 25.903 25.962 26.009 26.046 26.11 33.141 34.494 34.452 34.401 34.398 34.388 34.358 34.157 26.317 26.174 26.128 26.129 26.193 26.106 26.059 26.107 26.029 25.903 25.855 25.77 25.771 25.965 30.716 31.591 31.78 31.972 32.144 32.343 32.492 32.752 32.74 32.481 32.272 32.07 31.871 31.731 31.526 30.329 26.549 30.524 32.726 33.244 33.95 34.481 34.024 33.474 32.764 27.958 25.487 25.496
36.983 36.734 36.32 35.954 35.491 35.127 34.796 34.389 33.913 27.108 26.07 26.018 25.952 25.907 25.895 25.837 25.86 25.905 25.964 25.982 26.037 26.071 32.111 34.511 34.474 34.426 34.395 34.366 34.344 32.166 26.217 26.211 26.084 26.107 26.149 26.082 26.102 26.092 25.988 25.833 25.73 25.665 25.688 25.857 30.81 31.646 31.791 31.959 32.169 32.406 32.565 32.741 32.652 32.449 32.285 32.078 31.792 31.688 31.477 27.72 26.84 31.127 32.791 33.396 34.164 34.526 33.907 33.365 32.618 28.935 25.457 25.448
37.023 36.699 36.283 35.841 35.486 35.058 34.762 34.421 33.88 27.111 26.051 26.021 25.972 25.891 25.859 25.818 25.889 25.948 25.943 25.966 26.042 26.296 32.928 34.492 34.478 34.441 34.387 34.352 34.341 29.994 26.221 26.131 26.087 26.205 26.169 26.097 26.118 26.087 25.955 25.79 25.604 25.679 25.737 26.179 31.431 31.677 28.731 32.045 32.26 32.441 32.606 32.772 32.592 32.442 32.199 32.033 31.812 31.624 31.276 26.072 28.144 32.34 32.871 33.673 34.337 34.381 33.71 33.06 32.327 25.598 25.454 25.346
37.055 36.662 36.31 35.862 35.42 35.128 34.783 34.41 32.531 26.942 26.046 26.007 25.965 25.918 25.851 25.821 25.872 25.937 25.96 25.982 26.052 26.244 34.332 34.471 34.448 34.43 34.409 34.365 34.33 27.972 26.201 26.133 26.114 26.221 26.165 26.125 26.196 26.081 25.908 25.773 25.695 25.695 25.749 28.659 31.542 31.728 31.899 32.133 32.308 32.482 32.717 32.771 32.547 32.379 32.179 32.016 31.766 31.572 31.076 26.072 29.605 32.449 33.08 33.711 34.328 34.143 33.545 32.948 32.078 25.692 25.467 25.407
37.048 36.707 36.406 36.025 35.492 35.179 34.788 34.386 34.076 27.561 26.092 26.03 25.954 25.868 25.857 25.818 25.881 25.933 25.953 26.013 26.063 26.234 34.114 34.473 34.424 34.448 34.385 34.383 34.34 27.878 26.231 26.057 26.119 26.183 26.148 26.129 26.282 26.585 25.87 25.716 25.699 25.698 25.822 30.782 31.543 31.815 31.93 32.15 32.365 32.521 32.728 32.709 32.473 32.273 32.117 31.939 31.703 31.537 27.465 25.684 30.488 32.622 33.271 33.916 34.453 33.948 33.402 32.764 28.753 25.444 25.43 25.356
37.051 36.744 36.413 35.922 35.563 35.082 34.727 34.416 34.042 27.665 26.07 26.008 25.953 25.878 25.86 25.839 25.872 25.91 25.978 26.02 26.061 27.465 34.403 34.453 34.437 34.426 34.398 34.385 34.203 27.129 26.213 26.075 26.178 26.219 26.196 26.227 26.473 26.219 25.866 25.663 25.643 25.683 25.691 30.359 31.625 31.817 31.843 32.154 32.386 32.543 32.822 32.645 32.462 32.21 32.087 31.873 31.679 31.445 26.954 27.286 30.609 32.781 33.411 33.929 34.464 33.822 33.351 32.683 27.493 25.455 25.363 25.308
37.093 36.711 36.389 36.031 35.544 35.142 34.769 34.383 29.059 26.847 26.052 26.019 25.977 25.914 25.858 25.817 25.867 25.916 25.954 26.025 26.068 31.932 34.48 34.452 34.457 34.4 34.376 34.363 34.198 26.356 26.187 26.135 26.178 26.223 26.216 26.203 26.368 26.201 25.834 25.696 25.676 25.751 28.618 31.438 31.64 31.831 31.442 32.237 32.448 32.649 32.755 32.627 32.4 32.219 32.034 31.846 31.627 31.442 27.632 27.57 32.37 32.878 33.593 34.195 34.282 33.707 33.144 32.396 25.867 25.35 25.256 25.285
37.071 36.698 36.38 35.955 35.494 35.125 34.822 34.376 33.962 26.463 26.07 26.032 25.981 25.906 25.867 25.827 25.881 25.907 25.958 26.029 26.07 31.915 34.467 34.454 34.421 34.419 34.405 34.372 31.661 26.299 26.218 26.159 26.16 26.249 26.218 26.294 26.407 26.114 25.767 25.786 25.771 25.732 29.648 31.509 31.679 31.91 32.061 32.27 32.441 32.644 32.753 32.549 32.341 32.202 31.971 31.794 31.602 29.056 26.149 29.123 32.541 33.071 33.691 34.205 34.112 33.693 32.927 32.175 25.573 25.307 25.255 25.221
