dsm/se3030_DSM_2M.asc
ncols 500
nrows 500
xllcorner    430000
yllcorner    430000
cellsize     2
NODATA_value -9999
[rows 224 to 255 of 500, columns 72 to 143 of 500]
43.713 44.007 44.204 44.336 44.449 44.225 43.004 37.516 36.402 36.382 36.372 36.343 36.326 36.364 36.383 36.424 35.89 35.77 35.705 35.709 35.675 35.669 35.677 35.673 35.634 35.722 35.758 35.788 35.992 36.024 36.291 40.343 41.495 38.777 38.405 37.503 36.107 36.215 36.043 36.013 35.811 35.849 35.787 35.782 35.757 35.72 35.76 35.79 35.818 35.876 35.861 35.84 35.818 35.844 36.828 40.468 43.1 42.77 42.488 41.984 40.242 36.753 36.25 38.227 42.658 43.131 43.438 43.653 44 44.27 44.557 44.816
42.172 43.87 44.082 44.219 44.221 38.713 36.411 36.393 36.399 36.336 36.336 36.27 36.343 36.391 36.361 36.952 36.114 35.838 35.756 35.779 35.75 35.711 35.712 35.713 35.724 35.795 35.889 36.001 36.05 36.403 36.131 36.035 36.591 40.33 38.544 37.281 41.318 41.252 36.261 35.878 35.856 35.827 35.808 35.74 35.733 35.751 35.719 35.758 35.807 35.806 35.852 35.833 35.819 40.12 43.513 43.561 43.237 43 42.639 42.378 42.113 41.791 36.661 36.075 39.481 42.801 43.189 43.481 43.788 44.169 44.412 44.664
40.004 43.753 43.734 37.224 36.388 36.372 36.35 36.349 36.31 36.327 36.289 36.248 36.269 36.314 36.333 36.395 36.192 35.875 35.811 35.787 35.781 35.799 35.698 35.748 35.789 35.936 36.216 36.98 36.885 41.117 41.72 39.939 38.099 36.683 38.503 40.06 42.065 38.055 38.578 35.886 35.913 35.868 35.833 35.74 35.763 35.747 35.706 35.789 35.776 35.864 35.942 35.995 38.754 43.682 43.944 43.658 43.404 43.132 42.868 42.57 42.287 41.973 37.375 36.229 36.048 41.834 42.995 43.225 43.588 43.925 44.239 44.451
36.662 37.246 37.521 36.353 36.352 36.328 36.309 36.274 36.317 36.236 36.199 36.219 36.222 36.31 36.346 36.328 36.241 35.921 35.805 35.794 35.791 35.78 35.766 35.825 35.865 37.323 41.158 39.282 43.961 42.932 44.117 43.002 40.207 37.699 36.421 37.808 41.65 36.102 36.17 40.225 42.277 38.683 35.959 35.796 35.79 35.742 35.761 35.781 35.876 35.917 37.487 42.734 43.223 43.564 43.888 43.845 43.608 43.297 43.073 42.736 42.508 42.176 41.735 36.526 36.127 36.407 42.216 43.108 43.393 43.713 43.919 44.251
36.473 36.464 36.401 36.363 36.317 36.312 36.254 36.269 36.246 36.234 36.146 36.148 36.184 36.286 36.282 36.309 36.387 35.948 35.915 35.817 35.842 35.831 35.796 35.848 35.983 36.255 42.397 44.821 43.64 44.188 44.727 43.028 39.024 37.035 36.324 36.307 36.396 36.529 38.35 42.447 45.27 42.873 38.157 35.785 35.775 37.406 38.459 36.461 35.896 40.223 41.447 42.772 42.986 43.427 43.612 43.827 43.735 43.508 43.238 42.931 42.647 42.358 42.044 41.173 37.045 36.566 38.552 41.765 43.172 43.455 43.814 44.132
36.542 36.445 36.429 36.354 36.3 36.297 36.266 36.243 36.207 36.217 36.177 36.111 36.128 36.218 36.275 36.27 36.38 36.032 35.955 35.836 35.903 35.848 35.75 35.884 35.964 36.689 43.883 45.579 46.544 44.565 43.181 40.489 39.102 36.386 36.455 37.114 40.398 41.074 40.561 38.977 41.005 40.011 39.52 37.684 36.606 38.12 40.74 41.689 39.435 42.005 42.32 42.554 42.779 43.153 43.43 43.727 43.947 43.73 43.386 43.1 42.829 42.646 42.359 41.997 37.294 36.709 36.362 38.476 42.947 43.363 43.567 43.857
36.544 36.497 36.46 36.39 36.303 36.272 36.251 36.235 36.21 36.174 36.157 36.133 36.147 36.187 36.221 36.271 36.365 36.257 35.934 35.854 35.894 35.857 35.808 35.91 35.992 38.254 40.99 44.011 45.487 42.723 38.157 36.332 36.419 36.368 36.7 42.894 43.988 44.471 43.348 41.889 37.691 39.67 43.956 43.009 38.324 40.759 45.437 44.942 41.659 41.602 42.131 42.373 42.696 42.99 43.258 43.55 43.771 43.831 43.625 43.292 43.052 42.753 42.512 42.268 41.849 37.287 36.637 37.834 42.575 43.064 43.384 43.703
36.549 36.552 36.481 36.461 36.405 36.261 36.265 36.232 36.199 36.178 36.141 36.108 36.102 36.142 37.377 38.585 38.58 36.35 35.956 35.87 35.856 35.84 35.838 35.885 35.967 36.162 36.477 38.043 39.237 37.904 36.272 36.264 36.299 36.264 36.645 43.26 44.603 45.071 42.274 38.667 40.892 45.101 45.831 44.794 44.097 43.252 43.934 44.579 41.212 38.04 41.834 42.195 42.449 42.769 43.078 43.346 43.585 43.857 43.772 43.52 43.26 42.961 42.672 42.365 42.009 39.291 36.634 37.058 38.556 41.857 43.129 43.458
36.56 36.549 36.502 36.469 36.431 36.323 36.27 36.223 36.208 36.171 36.102 36.115 36.122 36.151 36.186 36.953 36.624 36.427 36.034 35.924 35.855 35.888 35.849 35.863 36.008 36.243 36.375 36.383 36.276 36.194 36.158 36.21 36.236 36.255 36.267 41.73 43.332 43.239 38.532 36.98 41.12 43.978 44.334 43.666 42.475 40.92 42.369 42.762 40.944 36.668 38.946 41.93 42.324 42.61 42.811 43.145 43.456 43.764 43.948 43.791 43.449 43.15 42.871 42.599 42.406 41.889 36.748 37.369 38.624 41.305 43.027 43.357
36.721 36.575 36.525 36.52 36.459 36.39 36.32 36.299 36.199 36.175 36.142 36.127 36.128 36.172 36.258 36.272 36.314 36.631 36.092 35.924 35.833 35.888 35.842 35.922 36.013 36.149 36.381 36.429 36.401 36.226 36.187 36.161 36.185 36.244 36.319 36.97 36.855 37.56 36.966 36.474 36.949 38.976 39.672 39.513 39.026 37.839 38.735 38.647 38.541 36.495 37.906 40.77 42.04 42.394 42.75 42.926 43.232 43.503 43.793 43.894 43.637 43.372 43.153 42.783 42.461 42.149 41.899 36.889 36.76 36.158 42.36 43.063
38.61 36.637 36.57 36.526 36.493 36.441 36.399 36.326 36.289 36.216 36.192 36.145 36.201 36.229 36.248 36.336 36.362 36.421 36.175 36.02 35.88 35.94 35.867 35.897 36.004 36.139 36.395 36.382 36.279 36.237 36.206 36.095 36.119 36.22 36.172 36.242 36.267 36.394 36.666 36.369 36.238 36.171 36.194 36.35 36.186 36.246 36.373 36.49 38.579 39.062 36.59 38.976 41.794 42.203 42.52 42.702 43.104 43.383 43.577 43.881 43.862 43.538 43.235 42.959 42.727 42.443 42.135 38.33 39.005 36.505 37.269 41.926
40.673 38.716 36.601 36.533 36.477 36.512 36.559 36.386 36.319 36.271 36.261 36.246 36.208 36.221 36.311 36.362 36.405 36.42 36.17 36.071 35.931 35.914 35.876 35.88 36.036 36.101 36.287 36.279 36.262 36.227 36.22 36.132 36.12 36.122 36.184 36.231 36.257 36.286 36.271 36.255 36.184 36.201 36.186 36.14 36.077 36.146 36.248 39.236 42.151 42.024 37.393 36.726 36.449 41.88 42.309 42.601 42.838 43.149 43.451 43.711 43.93 43.755 43.439 43.157 42.845 42.628 42.347 42.046 40.658 37.63 36.144 40.595
38.176 37.124 36.551 36.504 36.456 36.568 36.522 36.426 36.397 36.34 36.239 36.227 36.254 36.317 36.325 36.448 36.43 36.676 36.28 36.07 35.919 35.97 35.992 35.919 35.994 36.084 36.253 36.372 36.305 36.254 36.199 36.139 36.115 36.087 36.14 36.205 36.319 36.38 36.365 36.231 36.215 36.137 36.094 36.093 36.087 36.187 36.249 37.127 42.451 41.967 38.094 37.125 38.245 40.48 42.12 42.385 42.608 42.948 43.29 43.445 43.822 43.937 43.621 43.344 43.14 42.856 42.524 42.181 41.905 40.309 38.575 36.377
36.61 36.581 36.55 36.5 36.518 36.548 36.562 36.489 36.406 36.364 36.306 36.258 36.255 36.288 36.437 36.779 36.543 36.65 36.728 36.176 35.997 35.963 35.986 35.989 35.944 35.983 36.276 36.389 36.431 36.246 36.209 36.218 36.15 36.053 36.091 36.159 36.232 36.326 36.338 36.167 36.126 36.037 36.069 36.121 36.176 36.239 36.411 36.409 36.433 39.333 43.201 39.274 37.61 37.215 41.837 42.26 42.478 42.77 43.021 43.321 43.601 43.924 43.856 43.581 43.295 43.023 42.746 42.463 42.09 41.015 38.398 36.539
36.57 36.538 36.51 36.484 36.514 36.536 36.597 36.551 36.406 36.38 36.408 36.336 36.331 36.357 36.429 37.321 37.863 37.882 37.076 36.23 36.097 35.986 36.01 35.992 35.955 36.034 36.164 36.765 39.156 38.148 37.816 36.337 36.206 36.148 36.125 36.082 36.122 36.176 36.169 36.075 36.041 36.139 36.153 36.345 36.283 36.254 36.387 36.436 36.793 44.641 44.966 44.641 42.528 38.584 37.216 41.767 42.309 42.526 42.808 43.086 43.392 43.702 43.923 43.732 43.46 43.137 42.883 42.592 42.379 42.008 40.763 36.269
36.502 36.507 36.489 36.445 36.549 36.57 36.524 36.547 36.549 36.407 36.422 36.553 36.394 36.352 36.382 37.441 37.218 37.252 36.639 36.25 36.129 35.978 36.064 36.004 36.017 36.043 36.148 37.905 40.698 41.633 39.204 37.552 37.473 36.29 36.077 36.048 36.06 36.089 36.06 36.07 36.137 36.182 40.105 37.885 36.53 36.348 36.36 44.003 45.254 45.59 45.262 44.888 43.381 37.821 39.437 41.116 42.144 42.325 42.607 42.89 43.183 43.494 43.79 43.885 43.672 43.347 43.1 42.845 42.52 42.213 41.908 38.458
36.468 36.444 36.469 36.499 36.556 36.59 36.583 36.583 36.484 36.591 38.365 37.124 36.391 37.503 38.471 38.535 38.026 36.777 37.268 36.267 36.164 36.016 36.029 36.029 36.003 36.069 36.197 36.709 40.691 41.102 40.783 36.557 37.728 36.393 36.103 36.072 36.04 36.038 36.112 36.171 36.651 41.096 41.913 41.564 37.341 37.085 44.993 46.395 46.186 45.766 45.513 45.127 44.726 39.048 37.326 37.574 41.726 42.133 42.49 42.78 42.96 43.245 43.516 43.917 43.845 43.592 43.28 43.056 42.775 42.465 42.166 40.84
36.479 36.485 36.506 36.547 36.578 36.578 36.589 36.531 36.613 37.408 38 36.76 36.473 38.664 38.384 37.703 37.236 36.578 37.538 36.828 36.107 36.084 36.064 36.05 35.996 36.07 36.237 36.483 36.683 41.045 39.905 36.877 36.406 36.22 36.112 36.066 36.045 36.136 36.263 37.393 41.145 41.901 41.905 44.898 44.933 47.249 46.903 46.629 46.354 45.963 45.656 45.294 45.019 44.701 42.758 37.308 36.725 40.838 42.228 42.501 42.816 43.144 43.377 43.625 43.955 43.749 43.48 43.194 42.932 42.655 42.521 42.021
36.509 36.545 36.58 36.6 36.61 36.555 36.57 36.59 36.597 36.566 37.751 36.474 36.416 38.088 38.415 38.776 37.997 36.532 36.84 36.564 36.241 36.079 36.089 36.121 36.106 36.137 36.22 36.477 39.284 41.453 40.972 37.082 36.177 36.111 36.05 36.082 36.143 37.434 41.35 41.946 41.939 41.949 45.475 46.944 47.882 47.57 47.216 46.89 46.476 46.178 45.896 45.605 45.271 44.904 41.043 38.991 36.602 40.196 42.043 42.376 42.655 42.845 43.183 43.496 43.69 43.925 43.695 43.409 43.162 42.634 36.691 40.754
36.577 36.606 36.62 36.641 36.631 36.584 36.583 36.561 36.56 36.56 36.604 36.536 36.474 36.538 38.663 37.009 36.797 38.294 38.534 36.783 36.248 36.111 36.087 36.11 36.091 36.23 36.313 36.439 36.698 37.966 37.088 36.581 36.07 36.069 36.105 36.197 39.436 41.394 41.945 41.941 41.936 42.2 48.162 48.333 48.082 47.751 47.416 46.986 46.753 46.414 46.063 45.769 45.489 45.15 44.798 43.02 36.865 37.385 41.799 42.165 42.404 42.76 42.986 43.258 43.563 43.933 44.022 43.555 39.907 36.651 37.114 38.536
36.611 36.647 36.633 36.647 36.681 36.671 36.597 36.555 36.696 36.564 36.597 37.322 37.275 36.559 36.675 37.893 37.847 41.217 42.158 38.803 36.245 36.122 36.064 36.137 36.086 36.242 36.325 36.447 36.464 36.297 36.15 36.048 36.107 36.166 36.235 38.544 41.941 41.936 41.96 42.958 47.281 47.714 47.988 48.305 48.284 47.945 47.671 47.279 46.95 46.565 46.367 46.067 45.684 45.427 45.04 44.698 42.953 36.669 41.096 41.108 42.197 42.469 42.864 43.21 43.367 43.72 43.756 37.664 40.026 39.138 38.713 43.272
36.662 36.673 36.643 36.627 36.701 36.708 36.776 38.691 37.365 36.625 36.61 36.761 38.112 37.234 37.474 39.784 40.467 40.688 42.159 40.799 37.725 36.205 36.163 36.17 36.152 36.228 36.314 36.392 36.284 36.128 35.989 36.149 36.265 39.36 41.819 41.941 41.907 42.868 45.26 46.287 47.112 47.446 47.815 48.055 48.336 48.149 47.862 47.387 47.21 46.911 46.593 46.179 45.885 45.585 45.277 44.941 43.13 37.88 36.911 40.639 42.071 42.383 42.635 42.977 43.254 39.09 37.029 38.145 40.305 37.73 44.8 45.714
36.665 36.655 36.685 36.687 36.72 36.717 36.744 38.432 39.144 36.709 36.609 36.697 37.282 37.193 37.147 38.783 40.961 38.769 39.847 40.4 36.778 36.232 36.162 36.233 36.253 36.263 36.346 36.392 36.177 36.132 36.148 37.278 40.477 41.726 41.883 41.906 42.231 45.523 46.296 46.533 46.948 47.165 47.49 47.781 48.194 48.337 48.075 47.687 47.429 47.08 46.819 46.439 46.112 45.728 45.413 45.164 44.798 42.896 37.161 37.435 41.836 42.161 42.431 42.272 37.084 40.808 38.938 37.419 45.205 46.562 46.33 45.965
36.683 36.699 36.706 36.734 36.752 36.708 36.728 36.845 39.125 38.067 36.586 36.639 36.744 37.164 38.702 39.896 40.412 40.318 39.313 37.524 36.292 36.278 36.182 36.277 36.245 36.228 36.323 36.333 36.229 36.202 36.523 41.35 41.927 41.926 41.985 44.571 45.349 45.676 46.015 46.281 46.692 46.948 47.319 47.54 47.948 48.222 48.236 47.965 47.634 47.294 46.984 46.669 46.298 46.043 45.741 45.407 45.034 44.734 43.205 38.948 39.856 41.601 38.832 36.232 38.735 39.804 44.73 46.418 47.256 46.799 46.409 46.191
36.75 36.761 36.753 36.743 36.72 36.762 36.72 36.763 38.467 39.144 36.785 36.651 36.663 37.069 39.969 40.201 39.613 38.885 39.374 36.371 36.422 36.276 36.245 36.271 36.249 36.286 36.387 36.706 36.184 36.151 36.321 41.784 41.939 41.921 43.085 45.279 45.132 45.482 45.744 46.085 46.391 46.78 46.997 47.355 47.77 48.068 48.281 48.2 47.826 47.461 47.265 46.958 46.589 46.266 45.899 45.715 45.346 45.018 43.722 38.663 36.425 36.323 36.51 37.437 37.294 43.281 47.126 47.428 47.396 47.053 46.71 46.338
36.761 36.772 36.779 36.793 36.795 36.749 36.762 36.808 36.857 39.034 39.143 36.708 36.529 36.707 39.316 39.62 38.904 36.872 36.53 36.469 36.514 36.371 36.262 36.277 36.284 36.237 36.357 37.459 41.205 38.015 36.234 37.371 41.823 41.96 42.428 44.527 44.874 45.2 45.571 45.815 46.1 46.509 46.826 47.245 47.374 47.756 48.145 48.256 48.059 47.801 47.438 47.149 46.793 46.465 46.125 45.808 45.537 45.158 44.793 42.91 36.761 37.197 36.497 38.723 44.472 46.515 46.882 47.195 47.443 47.225 46.896 46.584
36.778 36.755 36.826 36.826 36.845 36.795 36.838 36.882 36.985 39.491 38.087 39.601 41.837 40.536 39.782 40.163 39.304 36.706 36.568 36.591 36.535 36.393 36.279 36.329 36.285 36.341 36.593 41.444 43.447 38.719 37.033 36.223 40.237 41.909 41.935 43.097 44.666 45.031 45.339 45.592 45.899 46.247 46.566 46.918 47.232 47.602 47.934 48.24 48.332 47.979 47.73 47.353 47.014 46.675 46.391 45.997 45.735 45.387 45.066 44.513 42.948 37.714 38.845 45.429 45.906 46.23 46.547 46.946 47.283 47.443 47.161 46.779
36.793 36.806 36.827 36.838 36.868 36.853 36.885 36.922 37.251 41.143 37.397 38.488 42.06 41.689 36.919 37.106 36.772 36.7 36.632 36.555 36.507 36.382 36.322 36.337 36.366 36.337 36.488 39.999 41.402 39.651 36.474 36.185 37.518 41.826 41.97 41.966 43.941 44.736 45.147 45.52 45.74 46.067 46.412 46.653 47.003 47.388 47.758 48.091 48.298 48.244 47.902 47.554 47.168 46.881 46.604 46.251 45.923 45.67 45.353 45.024 43.332 44.714 45.018 45.414 45.788 46.014 46.359 46.627 47.022 47.337 47.381 47.027
36.816 36.79 36.849 36.863 36.87 36.898 36.915 37.102 41.386 42.433 40.072 36.979 37.763 37.355 36.923 36.829 36.765 36.668 36.6 36.552 36.494 36.463 36.35 36.381 36.366 36.317 36.427 37.668 39.589 36.758 36.128 36.035 36.153 36.701 41.765 41.922 42.398 44.464 44.869 45.199 45.5 45.833 46.154 46.472 46.836 47.152 47.447 47.851 48.162 48.404 48.077 47.908 47.467 47.128 46.766 46.507 46.179 45.839 45.543 45.17 44.897 44.719 44.889 45.265 45.519 45.774 46.125 46.493 46.774 47.124 47.432 47.309
36.804 36.843 36.855 36.872 36.872 36.918 36.939 36.568 38.532 40.973 41.7 38.716 36.979 36.971 36.905 36.831 36.741 36.662 36.615 36.532 36.511 36.449 36.374 36.372 36.405 36.391 36.436 36.539 36.63 36.52 36.31 36.006 36.066 36.147 40.899 42.113 42.862 42.481 44.158 44.975 45.319 45.58 46.001 46.303 46.581 46.915 47.259 47.575 47.963 48.216 48.297 47.973 47.627 47.373 47.017 46.689 46.442 46.058 45.818 45.47 45.065 44.755 44.64 44.992 45.233 45.625 45.805 46.257 46.497 46.907 47.297 47.421
36.854 36.853 36.875 36.885 36.894 37.083 37.975 36.474 36.642 37.187 36.789 37.303 36.92 36.844 36.885 36.818 36.778 36.682 36.641 36.543 36.541 36.527 36.434 36.397 36.447 36.383 36.407 36.526 36.598 36.494 36.316 36.129 36.059 36.067 36.155 41.23 42.078 38.044 41.648 44.754 45.075 45.512 45.677 46.086 46.325 46.709 47.047 47.356 47.726 48.051 48.356 48.393 47.861 47.575 47.193 46.974 46.723 46.317 45.924 45.144 45.353 45.027 44.731 44.683 44.994 45.354 45.715 46.158 46.404 46.749 47.055 47.346
36.815 36.866 36.899 36.896 37.399 38.997 40.267 36.757 36.673 36.757 36.774 36.801 36.789 36.799 36.842 36.816 36.745 36.702 36.618 36.573 36.588 36.574 36.469 36.427 36.484 36.419 36.467 36.558 36.624 36.544 36.571 36.154 36.072 36.067 36.042 36.346 36.999 36.253 36.709 44.279 44.648 45.143 45.509 45.847 46.128 46.48 46.909 47.165 47.479 47.785 48.07 48.389 48.103 47.831 47.519 47.09 46.793 46.506 45.935 44.359 45.561 45.211 44.895 44.551 44.817 45.158 45.469 45.847 46.153 46.498 46.85 47.119
