dsm/se3038_DSM_2M.asc
ncols 500
nrows 500
xllcorner    430000
yllcorner    438000
cellsize     2
NODATA_value -9999
[rows 306 to 339 of 500, columns 152 to 227 of 500]
-9999 -9999 -9999 -9999 -9999 -9999 -9999 -9999 -9999 -9999 -9999 -9999 -9999 -9999 -9999 -9999 -9999 -9999 -9999 -9999 -9999 -9999 -9999 -9999 -9999 -9999 -9999 -9999 -9999 -9999 -9999 -9999 -9999 -9999 -9999 -9999 -9999 -9999 -9999 -9999 -9999 -9999 -9999 -9999 -9999 -9999 -9999 -9999 -9999 -9999 -9999 -9999 -9999 -9999 -9999 -9999 -9999 132.401 136.46 131.675 131.71 131.745 131.767 131.8 131.837 131.84 131.9 131.885 132.367 132.37 132.245 132.35 132.38 133.782 140.415 139.847
-9999 -9999 -9999 -9999 -9999 -9999 -9999 -9999 -9999 -9999 -9999 -9999 -9999 -9999 -9999 -9999 -9999 -9999 -9999 -9999 -9999 -9999 -9999 -9999 -9999 -9999 -9999 -9999 -9999 -9999 -9999 -9999 -9999 -9999 -9999 -9999 -9999 -9999 -9999 -9999 -9999 -9999 -9999 -9999 -9999 -9999 -9999 -9999 -9999 -9999 -9999 -9999 -9999 -9999 -9999 133.225 133.207 138.182 138.88 136.497 131.757 131.76 131.752 131.815 131.832 131.865 131.905 131.907 132.29 132.975 132.26 132.332 138.78 138.837 140.455 139.952
-9999 -9999 -9999 -9999 -9999 -9999 -9999 -9999 -9999 -9999 -9999 -9999 -9999 -9999 -9999 -9999 -9999 -9999 -9999 -9999 -9999 -9999 -9999 -9999 -9999 -9999 -9999 -9999 -9999 -9999 -9999 -9999 -9999 -9999 -9999 -9999 -9999 -9999 -9999 -9999 -9999 -9999 -9999 -9999 -9999 -9999 -9999 -9999 -9999 -9999 -9999 -9999 -9999 -9999 131.6 138.377 138.577 139.36 139.867 138.747 132.905 131.842 131.772 131.815 131.825 131.867 131.89 131.895 132.227 133.235 132.305 132.277 140.31 140.387 140.585 140.552
-9999 -9999 -9999 -9999 -9999 -9999 -9999 -9999 -9999 -9999 -9999 -9999 -9999 -9999 -9999 -9999 -9999 -9999 -9999 -9999 -9999 -9999 -9999 -9999 -9999 -9999 -9999 -9999 -9999 -9999 -9999 -9999 -9999 -9999 -9999 -9999 -9999 -9999 -9999 -9999 -9999 -9999 -9999 -9999 -9999 -9999 -9999 -9999 -9999 -9999 -9999 -9999 131.525 131.577 131.6 136.877 139.06 140.185 140.797 139.67 138.507 134.542 131.717 131.822 131.837 131.865 131.875 131.915 132.135 133.365 132.28 132.267 141.335 141.042 141.012 140.882
-9999 -9999 -9999 -9999 -9999 -9999 -9999 -9999 -9999 -9999 -9999 -9999 -9999 -9999 -9999 -9999 -9999 -9999 -9999 -9999 -9999 -9999 -9999 -9999 -9999 -9999 -9999 -9999 -9999 -9999 -9999 -9999 -9999 -9999 -9999 -9999 -9999 -9999 -9999 -9999 -9999 -9999 -9999 -9999 -9999 -9999 -9999 -9999 -9999 -9999 -9999 131.51 131.532 132.18 131.655 131.652 138.162 139.287 140.435 140.4 139.322 138.257 131.727 131.817 131.845 131.872 131.897 131.927 131.97 134.085 132.245 132.292 139.657 139.582 139.57 139.5
-9999 -9999 -9999 -9999 -9999 -9999 -9999 -9999 -9999 -9999 -9999 -9999 -9999 -9999 -9999 -9999 -9999 -9999 -9999 -9999 -9999 -9999 -9999 -9999 -9999 -9999 -9999 -9999 -9999 -9999 -9999 -9999 -9999 -9999 -9999 -9999 -9999 -9999 -9999 -9999 -9999 -9999 -9999 -9999 -9999 -9999 -9999 -9999 -9999 131.355 133.102 131.87 132.252 131.722 131.627 131.652 131.682 138.362 139.507 139.345 138.37 133.282 131.732 131.76 131.86 131.88 131.902 131.932 131.957 133.76 132.25 132.292 132.277 136.572 132.397 132.735
-9999 -9999 -9999 -9999 -9999 -9999 -9999 -9999 -9999 -9999 -9999 -9999 -9999 -9999 -9999 -9999 -9999 -9999 -9999 -9999 -9999 -9999 -9999 -9999 -9999 -9999 -9999 -9999 -9999 -9999 -9999 -9999 -9999 -9999 -9999 -9999 -9999 -9999 -9999 -9999 -9999 -9999 -9999 -9999 -9999 -9999 -9999 -9999 131.247 131.327 132.857 131.967 131.53 131.577 132.172 132.43 131.87 132.63 138.557 138.177 134.85 131.735 131.737 131.737 131.907 131.905 131.927 131.945 134.245 134.66 132.252 132.277 132.32 132.367 132.362 132.385
132.191 -9999 -9999 -9999 -9999 -9999 -9999 -9999 -9999 -9999 -9999 -9999 -9999 -9999 -9999 -9999 -9999 -9999 -9999 -9999 -9999 -9999 -9999 -9999 -9999 -9999 -9999 -9999 -9999 -9999 -9999 -9999 -9999 -9999 -9999 -9999 -9999 -9999 -9999 -9999 -9999 -9999 -9999 -9999 -9999 -9999 131.325 131.252 131.272 131.262 131.395 131.747 133.61 132.757 133.7 134.002 133.702 132.297 135.53 134.497 131.742 131.755 131.76 131.787 131.9 131.94 131.93 131.962 132.315 133.57 132.287 132.272 132.29 132.327 132.37 132.537
132.085 130.88 129.723 -9999 -9999 -9999 -9999 -9999 -9999 -9999 -9999 -9999 -9999 -9999 -9999 -9999 -9999 -9999 -9999 -9999 -9999 -9999 -9999 -9999 -9999 -9999 -9999 -9999 -9999 -9999 -9999 -9999 -9999 -9999 -9999 -9999 -9999 -9999 -9999 -9999 -9999 -9999 -9999 -9999 -9999 134.032 131.337 131.287 131.287 131.257 131.417 131.457 131.507 131.55 134.15 134.905 134.967 135.007 135.015 132.957 132.827 132.485 131.8 131.897 131.925 131.935 131.942 132.162 133.152 133.1 133.51 132.337 132.297 132.54 132.51 132.415
130.671 129.938 129.215 129.852 -9999 -9999 -9999 -9999 -9999 -9999 -9999 -9999 -9999 -9999 -9999 -9999 -9999 -9999 -9999 -9999 -9999 -9999 -9999 -9999 -9999 -9999 -9999 -9999 -9999 -9999 -9999 -9999 -9999 -9999 -9999 -9999 -9999 -9999 -9999 -9999 -9999 -9999 -9999 131.29 131.365 131.402 131.285 131.28 131.285 131.26 131.447 131.502 131.555 132.002 131.91 131.7 132.057 132.295 132.652 131.93 131.982 132.617 133.315 133.315 134.8 134.937 135.765 135.077 136.005 134.872 135.447 134.715 133.127 132.395 133.927 134.342
130.64 129.428 131.187 -9999 -9999 -9999 -9999 -9999 -9999 -9999 -9999 -9999 -9999 -9999 -9999 -9999 -9999 -9999 -9999 -9999 -9999 -9999 -9999 -9999 -9999 -9999 -9999 -9999 -9999 -9999 -9999 -9999 -9999 -9999 -9999 -9999 -9999 -9999 -9999 -9999 -9999 -9999 131.522 131.307 131.417 132.06 131.34 131.32 131.307 131.292 131.792 132.54 131.637 131.995 131.792 131.745 133.177 132.73 131.847 135.085 135.802 133.972 134.162 133.957 135.447 135.087 133.94 136.365 134.36 137.055 136.642 132.397 132.512 132.655 132.745 134.222
131.74 131.091 134.287 135.963 -9999 -9999 -9999 -9999 -9999 -9999 -9999 -9999 -9999 -9999 -9999 -9999 -9999 -9999 -9999 -9999 -9999 -9999 -9999 -9999 -9999 -9999 -9999 -9999 -9999 -9999 -9999 -9999 -9999 -9999 -9999 -9999 -9999 -9999 -9999 -9999 131.225 131.677 131.242 131.317 131.405 132.877 131.385 131.34 131.35 131.382 131.885 131.555 131.575 131.63 131.655 134.972 131.69 132.805 135.927 135.757 134.985 131.78 132.407 131.922 133.492 134.222 133.44 132.122 133.127 132.595 135.445 132.592 132.372 132.382 132.395 132.4
131.964 129.9 133.307 136.917 137.402 -9999 -9999 -9999 -9999 -9999 -9999 -9999 -9999 -9999 -9999 -9999 -9999 -9999 -9999 -9999 -9999 -9999 -9999 -9999 -9999 -9999 -9999 -9999 -9999 -9999 -9999 -9999 -9999 -9999 -9999 -9999 -9999 -9999 -9999 133.355 131.282 131.265 131.317 131.34 131.525 135.472 131.392 131.362 131.367 131.412 131.64 131.537 131.562 131.63 131.692 131.805 134.307 138.38 138.102 135.412 131.78 132.065 132.522 131.89 133.615 134.292 133.295 132.175 132.255 132.282 134.88 132.35 132.385 132.402 132.39 132.4
131.529 132.07 136.137 136.986 137.424 137.523 -9999 -9999 -9999 -9999 -9999 -9999 -9999 -9999 -9999 -9999 -9999 -9999 -9999 -9999 -9999 -9999 -9999 -9999 -9999 -9999 -9999 -9999 -9999 -9999 -9999 -9999 -9999 -9999 -9999 -9999 -9999 -9999 139.332 138.237 132.815 131.492 131.277 131.292 131.362 133.805 131.412 131.365 131.365 131.445 131.982 131.55 131.62 131.64 133.982 136.317 139.432 140.177 139.927 140.302 134.037 132.242 131.887 131.92 132.212 132.11 132.26 132.32 132.305 132.302 134.475 132.472 132.395 132.4 132.385 132.4
129.565 129.732 133.89 135.453 136.011 136.107 134.884 133.65 -9999 -9999 -9999 -9999 -9999 -9999 -9999 -9999 -9999 -9999 -9999 -9999 -9999 -9999 -9999 -9999 -9999 -9999 -9999 -9999 -9999 -9999 -9999 -9999 -9999 -9999 -9999 -9999 138.608 139.73 140.34 139.255 138.155 132.147 131.352 131.312 131.387 132.86 131.4 131.387 131.372 131.442 132.485 131.567 131.602 131.67 131.7 137.1 138.585 139.67 140.277 139.435 137.74 133.23 131.89 131.942 132.447 132.152 132.185 132.32 132.315 132.357 132.815 132.6 132.565 132.497 132.865 132.59
129.671 129.811 130.933 131.508 131.017 131.509 133.934 132.832 130.624 -9999 -9999 -9999 -9999 -9999 -9999 -9999 -9999 -9999 -9999 -9999 -9999 -9999 -9999 -9999 -9999 -9999 -9999 -9999 -9999 -9999 -9999 -9999 -9999 -9999 131.25 131.487 137.517 138.695 139.815 139.36 138.445 136.137 131.422 131.34 131.39 132.715 131.422 131.402 131.4 131.45 133.055 131.585 131.622 131.67 131.715 131.99 137.812 138.77 139.955 139.8 138.652 137.272 132.6 131.952 133.132 132.2 134.857 137.53 137.767 137.62 137.682 138.5 138.397 138.057 137.392 135.435
129.652 129.672 129.701 129.684 129.772 129.763 129.82 129.983 130.247 130.977 -9999 -9999 -9999 -9999 -9999 -9999 -9999 -9999 -9999 -9999 -9999 -9999 -9999 -9999 -9999 -9999 -9999 -9999 -9999 -9999 -9999 -9999 -9999 131.182 131.175 131.195 131.402 137.58 138.747 138.24 136.837 131.987 131.465 131.38 131.402 132.837 131.422 131.4 131.412 131.477 132.365 131.6 131.642 131.677 131.72 131.695 133.267 137.91 138.97 140.11 139.582 138.5 136.85 131.922 133.055 132.232 135.045 139.235 139.507 139.527 139.86 140.762 140.797 139.46 137.777 135.402
129.612 129.617 129.674 129.695 131.258 130.371 129.817 129.843 130.302 131.015 -9999 -9999 -9999 -9999 -9999 -9999 -9999 -9999 -9999 -9999 -9999 -9999 -9999 -9999 -9999 -9999 -9999 -9999 -9999 -9999 -9999 132.48 131.185 131.225 131.237 131.255 131.275 131.775 137.722 136.705 131.352 131.35 131.44 131.397 131.452 132.435 131.432 131.407 131.422 131.487 132.715 131.612 131.65 131.677 131.71 131.737 131.997 134.932 138.03 139.137 138.622 137.755 132.565 133.307 132.76 132.32 134.777 139.215 140.62 140.867 141.257 140.88 140.842 139.547 137.702 135.537
130.334 129.952 129.815 130.148 130.367 129.984 130.292 130.126 130.22 132.716 133.856 132.717 -9999 -9999 -9999 -9999 -9999 -9999 -9999 -9999 -9999 -9999 -9999 -9999 -9999 -9999 -9999 -9999 -9999 -9999 131.06 131.927 131.485 131.24 131.252 131.287 131.335 131.332 132.22 131.345 131.362 131.387 131.412 131.467 131.497 132.537 131.445 131.425 131.435 131.492 132.25 131.655 131.652 131.722 131.695 131.992 131.947 131.75 133.852 138.2 137.577 132.68 132.167 135.237 133.277 132.347 134.292 139.162 139.772 139.74 139.737 139.675 139.632 139.482 137.852 135.55
129.97 130.034 130.272 130.414 131.348 131.352 131.229 131.178 130.403 133.737 134.482 132.241 -9999 -9999 -9999 -9999 -9999 -9999 -9999 -9999 -9999 -9999 -9999 -9999 -9999 -9999 -9999 -9999 130.871 130.917 131.937 132.672 131.267 131.237 131.272 131.295 131.312 131.33 131.32 131.31 131.322 131.382 131.38 131.49 131.547 132.26 131.475 131.44 131.435 131.555 131.685 131.692 131.687 131.892 132.275 131.687 131.73 131.765 131.765 133.407 132.26 132.215 131.847 135.17 133.435 133.032 134.085 138.36 138.355 138.855 138.19 138.57 138.415 138.117 136.775 135.472
129.89 129.935 130.014 130.115 130.193 130.216 130.219 130.59 130.804 132.089 133.511 134.325 133.667 131.208 -9999 -9999 -9999 -9999 -9999 -9999 -9999 -9999 -9999 -9999 -9999 -9999 -9999 130.975 130.907 131.265 131.222 132.087 131.24 131.17 131.275 131.27 131.28 131.287 131.247 131.3 131.322 131.377 131.4 131.375 131.635 131.7 131.472 131.46 131.457 131.582 131.877 131.877 132.15 131.905 131.767 131.695 131.732 131.762 131.795 133.135 131.822 132.107 131.925 131.967 132.222 132.222 132.222 132.26 132.407 132.802 133.215 132.215 132.845 133.387 132.355 132.507
129.778 129.837 129.864 129.969 130.113 130.079 130.158 130.251 130.209 130.27 130.386 130.685 133.176 131.015 131.05 130.453 -9999 -9999 -9999 -9999 -9999 -9999 -9999 -9999 -9999 132.105 132.567 132.69 132.495 131.955 132.06 132.405 131.937 132.747 131.937 131.787 131.462 131.31 131.317 131.85 131.442 131.437 131.39 131.842 132.802 131.567 131.5 131.49 131.48 131.54 134.492 132.077 133.32 131.642 131.687 131.695 131.715 131.757 131.807 131.842 131.857 132.175 131.897 131.925 132.095 132.185 132.137 132.177 132.195 132.225 132.222 132.202 132.247 133.062 132.31 132.967
129.832 129.891 129.886 130.026 130.077 130.094 130.109 130.196 130.274 130.249 130.314 130.374 130.526 131.685 130.526 130.442 130.508 -9999 -9999 -9999 -9999 -9999 -9999 -9999 130.925 130.962 130.997 131.035 131.072 131.097 131.162 131.205 131.22 131.225 132.557 131.865 131.722 132.267 132.69 132.247 133.122 133.1 133.337 132.257 131.555 131.547 131.505 131.48 131.48 131.565 132.685 133.177 131.575 131.627 131.69 131.822 132.93 131.732 131.78 131.805 132.422 131.855 132.255 131.885 131.96 132.067 132.055 132.175 132.175 132.18 132.24 132.187 132.21 132.242 132.22 132.215
129.765 129.871 130.816 130.04 130.068 130.104 130.135 130.211 130.301 130.334 130.393 130.393 130.456 130.495 130.486 130.571 130.579 -9999 -9999 -9999 -9999 -9999 130.811 130.835 130.872 130.887 130.922 130.97 131.015 131.06 131.067 131.08 131.13 131.175 131.26 131.28 131.305 131.322 131.33 131.352 131.367 131.392 131.417 131.46 131.502 131.475 131.412 131.447 131.462 131.54 131.63 131.775 131.92 132.54 132.225 133.27 132.765 132.94 133.202 133.537 131.84 133.535 133.217 131.867 131.97 132.325 131.972 132.07 132.277 132.15 132.215 132.112 132.587 132.155 132.177 132.132
132.223 132.152 134.687 134.792 130.464 130.671 131.089 130.224 130.277 130.354 130.399 130.417 130.442 130.5 130.533 130.561 130.614 130.644 130.676 -9999 -9999 130.865 130.887 130.902 130.922 130.947 130.962 130.99 130.997 131.012 131.007 131.055 131.08 131.095 131.087 131.12 131.147 131.172 131.2 131.235 131.28 131.322 131.39 131.4 131.4 131.385 131.422 131.44 131.462 131.465 131.56 131.545 131.555 131.577 131.557 131.612 131.62 131.632 131.642 131.675 131.7 131.735 131.752 131.792 131.82 131.832 131.87 131.89 132.862 131.935 131.96 131.992 132.392 132.092 132.282 132.057
132.642 135.772 136.439 136.598 135.578 135.443 135.255 130.432 130.367 130.469 130.495 130.531 130.54 130.584 130.691 130.665 130.655 130.574 130.742 130.771 130.827 130.867 130.902 130.93 130.962 130.972 130.977 130.987 130.985 131.012 131.017 131.06 131.087 131.11 131.135 131.177 131.21 131.23 131.25 131.272 131.285 131.3 131.31 131.302 131.357 131.397 131.41 131.422 131.44 131.447 131.45 131.422 131.392 131.45 131.47 131.515 131.53 131.567 131.622 131.632 131.695 131.702 131.74 131.642 131.675 131.7 131.712 131.84 131.88 131.892 131.917 131.945 131.967 131.97 131.935 131.887
134.818 136.281 136.533 137.422 137.201 137.667 135.081 131.155 132.204 131.937 131.867 131.235 131.81 131.194 130.748 130.857 130.943 130.782 130.78 130.794 130.87 130.927 130.885 130.907 130.942 130.932 130.915 130.97 130.97 131.005 131.025 131.027 131.027 131.055 131.082 131.115 131.145 131.182 131.212 131.257 131.272 131.295 131.297 131.31 131.352 131.38 131.385 131.4 131.425 131.425 131.435 131.452 131.445 131.472 131.485 131.49 131.5 131.512 131.52 131.542 131.547 131.56 131.562 131.575 131.58 131.582 131.562 131.602 131.622 131.642 131.655 131.775 132.582 132.535 131.957 132.487
131.647 134.813 135.486 136.131 136.767 135.116 131.402 134.038 134.087 131.321 131.334 131.121 131.73 132.407 131.532 132.401 132.627 132.609 132.41 130.934 130.898 130.891 130.897 130.892 130.902 130.87 131.002 131.082 131.11 131.127 131.147 131.225 131.23 131.232 131.247 131.255 131.245 131.24 131.225 131.21 131.225 131.232 131.247 131.255 131.287 131.315 131.345 131.36 131.387 131.405 131.425 131.442 131.435 131.445 131.475 131.49 131.492 131.505 131.54 131.55 131.562 131.567 131.58 131.605 131.595 131.61 131.61 131.65 131.667 131.685 131.7 131.697 131.72 131.727 131.777 131.755
130.505 133.997 133.309 132.642 131.865 131.886 131.335 133.396 131.69 130.49 130.504 130.847 130.568 130.556 130.55 130.751 130.877 130.993 134.067 132.644 130.97 130.868 130.81 130.875 130.86 130.917 131.057 131.107 131.132 131.145 131.19 131.18 131.172 131.182 131.222 131.247 131.265 131.302 131.33 131.32 131.332 131.335 131.342 131.415 131.457 131.475 131.457 131.34 131.377 131.472 131.397 131.41 131.455 131.462 131.482 131.49 131.492 131.477 131.49 131.497 131.502 131.505 131.51 131.517 131.535 131.56 131.605 131.63 131.637 131.645 131.645 131.62 131.652 131.677 131.695 131.725
131.482 132.643 130.701 130.863 131.54 132.313 130.618 130.969 131.031 130.859 130.795 132.394 132.722 132.54 132.39 131.359 130.662 130.676 131.385 132.171 132.256 130.826 130.798 130.74 130.76 130.862 130.985 131.037 131.072 131.04 131.01 131.225 131.027 131.097 131.172 131.27 131.307 131.312 131.347 131.39 131.847 131.36 131.395 131.507 131.55 131.405 131.395 131.42 131.425 131.465 131.447 131.447 131.482 131.495 131.525 131.55 131.545 131.557 131.597 131.615 131.62 131.647 131.577 131.565 131.455 131.457 131.527 131.555 131.53 131.562 131.642 131.74 131.777 131.81 131.797 131.72
136.854 134.681 132.72 131.903 130.789 131.955 132.659 132.08 130.631 130.948 132.013 136.007 137.813 137.644 137.596 137.265 132.886 130.777 130.685 130.793 132.794 130.78 130.676 130.663 130.651 130.782 130.877 131.09 130.94 130.995 131.43 134.137 134.107 134.062 134.007 133.962 133.755 130.97 131.162 131.315 132.252 131.225 131.242 131.222 131.267 131.625 131.682 131.387 131.392 131.362 131.412 131.442 133.02 132.425 132.96 132.477 132.545 132.402 132.26 131.985 131.865 131.842 131.62 131.577 131.495 131.315 131.412 131.437 131.46 131.642 131.99 132.17 132.187 132.102 132.335 131.792
136.972 135.656 135.557 131.52 130.596 131.738 133.41 132.875 131.423 131.266 133.711 136.24 138.897 138.951 138.832 137.041 133.541 130.683 130.7 130.738 132.336 130.757 130.593 130.596 130.578 130.714 130.775 131.502 130.892 130.917 131.815 134.955 134.78 134.542 134.452 134.422 133.33 130.99 131.132 131.217 132.345 131.082 131.102 131.092 131.102 131.165 131.175 131.777 131.562 131.465 131.295 131.322 132.45 131.42 131.35 131.39 131.41 131.437 131.44 131.442 131.457 131.475 136.355 137.122 131.442 131.302 131.327 131.325 131.445 134.035 133.92 134.195 133.777 135.01 134.787 133.315
136.989 137.275 136.309 130.805 130.628 132.708 133.138 132.693 130.475 131.028 133.656 136.708 138.597 139.002 138.895 137.692 136.327 130.844 130.711 130.839 132.395 130.7 130.504 130.504 130.491 130.672 130.775 130.805 130.837 130.855 132.065 136.517 137.707 137.522 137.367 136.637 132.4 130.99 131.095 131.137 132.375 130.952 131 131.015 131.102 131.187 131.125 131.637 131.447 131.22 131.162 131.197 132.067 131.26 131.255 131.28 131.302 131.34 131.357 131.377 131.4 134.282 142.12 142.16 131.332 131.202 131.22 131.225 131.337 133.52 135.135 134.445 132.112 131.7 131.69 131.737
134.755 135.969 136.204 131.038 131.235 132.903 133.493 132.594 130.518 131.284 133.784 135.408 137.467 137.8 137.491 137.798 136.156 130.738 130.635 130.991 131.858 130.601 130.415 130.43 130.393 130.564 130.876 130.737 130.863 130.807 134.905 136.917 138.405 139.017 138.192 135.865 132.45 130.98 131.02 131.062 133.31 133.755 135.327 136.405 136.542 137.9 136.177 134.425 131.21 131.177 131.14 131.135 131.167 131.195 132.007 133.412 134.072 134.567 134.592 132.922 131.357 133.027 140.925 138.392 131.255 131.095 131.12 131.13 131.217 134.75 134.192 131.827 132.597 131.625 131.615 131.655
