dsm/se3036_DSM_2M.asc
ncols 500
nrows 500
xllcorner    430000
yllcorner    436000
cellsize     2
NODATA_value -9999
[rows 0 to 30 of 500, columns 207 to 275 of 500]
113.72 115.7 113.072 113.029 112.928 112.913 112.924 112.937 112.898 112.841 112.876 112.821 112.805 112.806 112.781 112.768 112.75 119.853 122.704 122.023 122.878 121.617 121.141 117.879 112.492 111.806 111.973 112.622 112.938 110.441 110.986 115.268 116.205 116.307 116.479 116.624 116.825 116.477 116.952 116.81 116.717 116.549 116.399 116.222 116.064 114.912 114.754 114.532 114.432 112.972 111.119 109.987 110.009 109.482 109.409 109.339 109.409 109.464 109.534 109.572 109.602 109.579 109.527 109.447 109.409 112.384 115.734 116.857 116.072
113.922 113.831 112.93 112.882 112.825 112.83 112.826 112.801 112.793 112.775 112.732 112.698 112.699 112.711 112.769 117.375 117.221 118.503 122.231 122.353 122.083 122.307 118.858 113.563 111.801 112.705 113.801 113.702 113.021 110.521 110.371 111.467 112.604 113.216 114.634 115.212 115.59 115.739 115.924 116.032 116.229 116.369 116.512 116.667 116.769 115.884 115.859 115.744 115.584 115.534 115.257 115.119 114.944 114.802 114.632 114.399 110.294 109.329 109.409 109.472 109.512 109.514 109.479 109.394 109.289 109.349 115.157 115.877 109.112
113.856 115.838 112.911 112.74 112.766 112.7 112.693 112.722 112.669 112.659 112.659 113.69 113.9 112.611 116.834 121.746 121.743 120.876 120.32 120.96 118.995 119.825 117.97 111.925 111.733 113.741 113.652 114.764 113.574 110.911 110.252 110.204 110.177 110.077 110.039 110.052 109.959 109.929 111.082 111.825 112.834 114.147 115.035 115.484 115.547 114.764 114.949 115.084 115.239 115.402 115.524 115.669 115.704 115.779 115.762 115.644 114.547 109.174 109.294 109.369 109.404 109.432 109.414 109.347 109.244 109.162 109.144 108.997 109.202
113.783 113.787 113.711 112.639 112.642 112.587 112.606 112.615 112.558 112.53 112.567 112.535 114.179 114.03 118.244 122.214 123.036 122.071 120.396 118.834 117.091 116.914 112.501 111.892 114.153 114.864 112.878 114.884 114.319 112.741 112.753 112.188 110.987 111.202 110.846 111.372 110.744 109.944 109.744 109.654 109.584 109.617 109.517 109.564 109.754 109.734 110.024 111.109 112.904 113.632 114.009 114.462 114.574 114.722 114.872 115.027 115.152 109.052 109.202 109.244 109.312 109.342 109.344 109.304 109.222 109.107 109.064 113.552 116.129
113.754 113.558 112.834 112.496 112.495 112.475 112.526 112.521 112.479 113.589 114.294 112.55 112.441 112.419 118.281 122.149 122.864 122.265 114.687 112.161 111.932 111.873 113.559 115.253 118.301 118.914 115.457 114.214 112.855 110.994 111.28 111.508 110.527 111.105 111.523 111.452 111.907 112.467 112.099 111.457 111.807 112.554 110.132 109.547 109.467 109.372 109.344 109.294 109.259 109.287 109.474 109.227 109.244 109.312 110.382 111.314 112.579 110.819 109.154 109.167 109.214 109.242 109.274 109.252 109.177 109.072 109.362 116.999 117.589
118.111 113.342 113.086 112.535 112.417 112.366 112.42 112.466 112.411 112.37 112.383 112.334 112.38 112.355 117.668 120.758 121.478 121.169 112.155 111.967 111.859 111.649 119.358 119.992 120.934 117.053 118.792 111.664 110.87 110.736 110.6 110.463 110.316 110.244 110.164 109.966 110.537 111.16 109.724 109.822 110.77 110.354 110.834 111.879 112.349 111.994 110.584 110.692 109.394 110.534 110.104 109.262 109.259 109.184 109.149 109.097 109.082 109.067 109.084 109.089 109.099 109.152 109.192 109.187 109.134 109.047 108.979 115.767 117.214
115.262 112.979 112.812 112.438 112.269 112.244 112.255 112.394 112.385 112.349 112.329 112.309 112.286 112.23 112.405 112.685 114.216 112.056 111.944 111.872 111.903 117.355 122.002 121.095 121.524 115.807 118.476 112.996 112.476 110.783 111.867 110.498 110.246 110.119 109.996 109.871 109.768 109.694 109.632 109.582 109.567 109.562 109.537 109.527 109.854 109.967 109.527 109.692 110.377 111.137 111.597 111.232 110.539 110.087 109.577 109.197 109.079 109.059 109.052 109.059 109.004 109.052 109.099 109.124 109.099 109.017 109.694 109.677 115.647
112.715 112.624 112.875 112.523 112.469 112.178 112.169 112.314 112.295 112.25 112.245 112.238 112.183 112.2 112.086 112.067 112.022 111.935 112.008 111.802 116.032 120.734 122.304 123.113 119.686 121.255 117.974 116.225 114.863 112.498 115.091 113.611 110.528 110.02 109.893 109.785 109.689 109.601 109.53 109.477 109.457 109.442 109.414 109.382 109.359 109.344 109.297 109.277 109.262 109.242 109.404 109.192 109.154 109.129 109.204 110.317 110.244 109.824 110.429 109.037 108.962 108.954 109.004 109.044 109.029 108.987 109.987 108.794 108.977
112.583 113.323 116.591 124.356 124.683 118.552 112.107 112.107 112.146 112.114 112.165 112.153 112.083 112.058 112.017 111.97 112.184 113.016 114.937 112.678 111.896 120.499 122.432 123.098 116.081 119.954 117.466 116.296 115.749 116.148 117.101 114.274 110.712 109.897 109.775 109.665 109.566 109.5 109.422 109.382 109.347 109.325 109.292 109.254 109.214 109.187 109.159 109.132 109.112 109.074 109.649 110.354 109.039 109.022 109.019 109.002 108.977 108.977 108.982 108.964 108.919 108.859 108.912 108.967 108.969 108.929 108.829 108.714 108.789
113.026 119.094 127.451 127.028 127.532 121.251 111.98 111.966 111.966 111.98 112.036 111.969 111.956 111.939 112.066 119.111 119.577 120.583 119.818 116.557 112.396 115.989 120.479 120.646 120.432 118.095 113.717 114.821 116.829 117.856 116.888 115.589 112.087 109.727 109.633 109.522 109.445 109.378 109.326 109.427 110.13 109.77 109.16 109.302 109.877 109.542 109.019 109.482 109.272 108.952 108.934 108.944 108.984 109.004 108.989 108.969 108.954 108.929 108.924 108.899 108.867 108.802 108.817 108.869 108.894 108.864 108.797 108.672 108.684
121.879 125.46 127.705 128.221 127.436 123.777 113.892 111.897 111.894 112.94 111.905 111.889 111.906 111.887 120.757 123.664 124.566 122.767 120.786 118.122 118.575 121.52 123.745 116.602 120.665 120.194 112.284 111.54 116.717 117.695 116.799 115.044 110.162 109.5 109.55 109.515 109.325 109.238 109.174 109.13 109.182 109.052 109.012 109.069 109.259 109.022 108.879 108.922 108.932 108.937 111.814 112.814 111.729 111.234 109.099 109.084 109.052 109.024 108.987 108.912 108.842 108.749 108.712 108.782 108.819 108.807 108.757 108.644 108.552
125.397 126.224 127.549 126.699 126.129 115.783 111.706 111.972 113.39 112.001 111.768 111.791 111.792 113.444 122.957 123.265 123.999 123.229 121.167 120.759 123.652 125.872 126.89 125.544 124.21 122.088 113.911 110.963 111.49 114.85 111.517 111.708 109.91 109.457 110.458 110.99 109.328 109.139 109.094 109.161 109.133 108.902 109.549 109.092 108.962 108.959 111.182 114.167 115.407 116.022 116.274 116.519 116.757 115.152 110.107 116.382 117.007 116.629 114.287 112.132 108.972 108.792 108.674 108.679 108.734 108.744 108.699 108.622 108.504
119.444 124.065 125.782 124.926 123.37 114.751 111.613 113.861 114.996 112.653 111.697 111.694 111.785 117.496 122.858 124.025 124.297 123.81 120.596 123.474 123.886 126.056 127.482 126.16 125.088 123.545 117.73 112.228 110.331 110.177 110.014 109.811 109.585 109.376 109.955 109.46 109.265 109.108 109.06 108.986 108.931 108.904 108.882 111.632 114.397 115.949 116.184 116.427 116.679 116.924 117.172 117.382 117.234 117.044 117.622 118.542 118.219 117.322 116.437 114.927 109.092 109.129 108.682 108.567 108.629 108.664 108.642 108.579 108.467
119.283 121.489 123.447 121.337 119.921 111.651 111.493 111.952 114.038 113.279 111.606 111.542 111.516 117.79 118.569 123.507 122.59 121.182 118.084 123.948 125.019 126.335 127.383 127.089 125.891 124.566 119.98 111.727 110.28 110.178 110.018 109.817 110.065 109.309 109.693 109.188 109.149 109.1 109.061 108.995 108.94 108.905 108.874 115.092 116.607 116.839 117.087 117.324 117.354 117.102 116.859 116.612 116.364 116.497 117.374 118.254 118.484 117.587 116.697 115.802 110.112 109.164 108.647 108.537 108.534 108.592 108.582 108.532 108.462
118.942 111.841 116.278 117.864 117.198 115.253 111.473 111.313 112.188 113.943 111.499 111.47 111.414 111.46 117.111 119.691 119.111 114.828 112.848 123.15 124.134 123.982 127.303 127.198 126.776 125.16 120.339 113.053 110.287 110.151 110.38 109.829 110.169 109.386 110.185 109.434 109.142 109.097 109.039 109.007 108.944 108.989 108.894 113.692 117.397 117.197 116.977 116.709 116.482 116.209 115.972 115.719 115.532 116.222 117.119 117.989 118.699 117.837 116.944 116.047 112.152 109.157 109.217 108.542 108.437 108.477 108.509 108.484 108.419
118.099 114.681 113.639 115.239 116.137 112.79 111.304 111.207 111.34 113.064 111.64 111.394 111.376 111.382 111.389 112.17 113.116 111.236 111.623 123.002 125.078 125.818 126.645 126.683 126.255 123.408 115.174 115.079 111.064 110.189 110.33 114.104 114.7 114.742 115.09 111.168 111.408 109.228 109.047 109.001 108.948 108.906 108.884 111.052 116.572 116.327 116.067 115.829 115.567 111.032 109.722 109.074 112.224 115.977 116.872 117.749 118.644 118.089 117.187 116.302 113.292 109.182 108.939 108.474 108.359 108.367 108.427 108.427 108.364
114.782 116.982 115.648 112.459 113.121 112.004 111.992 111.147 111.09 111.204 111.503 111.773 111.975 111.398 115.814 117.217 114.507 111.258 111.364 116.445 123.137 125.265 125.744 124.866 125.502 124.597 120.464 119.701 111.606 112.282 112.112 116.301 116.927 116.834 114.763 115.643 113.659 111.223 109.145 109.012 108.959 108.916 108.895 109.188 115.239 113.206 109.894 109.06 108.922 108.907 108.927 108.942 109.779 115.732 116.619 117.502 118.429 118.349 117.442 116.539 115.427 111.674 112.057 108.909 108.364 108.432 108.329 108.354 108.309
116.845 117.679 117.31 116.97 116.172 112.546 111.077 111.054 110.887 111.09 111.103 111.16 111.22 112.473 117.673 120.734 119.968 117.062 114.082 113.523 122.983 120.531 122.368 123.121 121.963 124.336 125.215 123.668 118.453 115.276 114.709 112.373 113.984 111.89 116.698 119.574 116.387 114.007 109.614 109.019 108.981 108.94 108.912 108.898 108.908 108.978 108.909 108.923 108.929 108.939 108.949 108.954 109.017 114.964 116.369 117.257 118.174 118.587 117.674 116.784 115.897 112.847 112.329 110.524 108.342 108.987 108.342 108.277 108.267
111.272 116.843 117.897 117.524 117.01 111.786 110.983 110.93 110.853 110.993 110.967 111.065 111.428 119.403 122.764 124.079 122.948 118.36 112.913 119.26 124.607 125.085 120.536 124.159 124.64 125.816 125.49 124.46 122.346 118.487 120.85 119.348 112.288 109.476 116.77 121.162 117.094 114.55 109.595 109.033 108.983 108.956 108.933 108.919 108.919 108.924 108.924 108.924 108.948 108.943 108.956 108.965 108.992 113.599 116.124 117.014 117.932 118.734 117.934 117.039 116.144 113.039 112.507 111.697 108.334 108.162 108.139 108.184 108.202
111.118 111.226 114.968 117.865 115.82 113.611 111.564 110.776 110.689 110.763 110.919 111.136 117.027 120.336 126.101 126.173 124.269 115.626 111.959 118.07 125.279 122.752 123.295 124.771 125.853 126.305 126.06 125.291 122.661 118.423 123.784 122.738 111.512 109.342 111.521 115.405 116.178 110.626 109.118 109.057 109.001 108.963 108.951 108.947 108.944 108.945 108.934 108.933 108.949 108.961 108.961 109.002 109.442 112.654 115.892 116.789 117.687 118.602 118.182 117.287 116.389 114.327 112.607 112.087 108.297 108.062 108.049 108.094 108.124
111.228 112.538 113.884 113.909 114.346 113.872 111.723 110.698 110.626 110.599 112.435 113.604 117.828 122.915 125.843 125.649 125.226 114.535 112.625 114.68 123.032 123.538 123.29 125.217 125.582 125.764 124.943 123.404 122.476 122.611 124.757 118.996 109.468 109.277 109.404 112.795 114.722 110.457 109.868 109.053 109.011 108.988 108.98 108.967 108.948 108.942 108.953 108.951 108.963 108.972 108.989 110.861 111.789 112.146 115.574 116.554 117.437 118.329 118.439 117.552 116.652 115.724 111.882 110.564 108.164 108.019 107.959 108.007 108.027
116.857 113.44 114.106 113.914 113.896 113.816 113.185 110.585 110.516 110.855 113.518 114.335 119.071 122.609 124.395 125.725 115.929 110.203 110.536 110.873 117.338 121.895 119.529 117.993 120.836 121.765 122.049 119.772 121.487 122.451 124.636 123.091 110.34 109.125 109.111 113.968 117.116 115.091 109.593 109.08 109.042 109.025 108.995 108.987 108.963 108.965 108.967 108.988 108.989 108.988 109.5 110.66 111.945 112.089 114.553 116.312 117.204 118.087 118.677 117.594 115.679 109.357 108.094 108.044 108.002 107.969 107.929 107.907 107.949
122.343 121.684 119.936 120.285 115.199 114.94 111.384 110.52 110.378 110.981 113.317 114.619 113.609 115.224 121.245 123.515 117.064 113.911 116.148 117.207 117.479 118.289 116.532 109.888 112.41 119.04 111.759 111.825 111.99 119.932 116.288 111.564 109.862 109.058 109.163 115.824 119.333 114.831 109.776 109.11 109.058 109.011 109.018 108.995 109.135 109.01 109.064 109.03 109.512 109.034 109.371 111.176 111.944 111.97 113.256 116.033 115.659 114.787 109.779 108.012 108.019 108.017 107.999 107.982 107.949 107.929 107.892 107.832 107.857
125.338 125.743 124.427 124.326 115.493 115.284 115.146 112.088 110.256 110.244 110.821 110.896 113.848 115.533 116.57 118.605 117.374 117.489 117.728 118.178 118.176 118.653 119.702 111.568 117.533 117.896 117.936 113.6 113.916 112.825 112.469 112.864 109.893 109.051 109.174 115.636 118.107 116.036 109.86 109.134 109.097 109.044 109.04 109.508 114.133 109.341 110.78 111.371 109.725 109.068 109.061 111.441 111.642 110.238 109.316 109.141 107.993 107.977 107.989 108.002 108.007 107.989 107.972 108.029 108.147 107.932 108.244 108.504 107.759
125.365 125.87 125.098 124.436 117.734 115.595 114.715 113.508 110.206 110.119 111.33 115.663 117.319 117.495 118.129 118.391 118.37 118.53 118.716 119.601 118.715 118.716 118.357 117.653 118.254 120.771 120.619 113.12 111.545 109.994 108.936 109.173 108.882 108.984 109.03 110.561 114.44 112.777 109.83 109.25 109.141 109.071 109.436 112.366 116.867 112.83 112.999 115.009 112.615 109.171 108.832 108.507 108.258 108.044 108.008 107.995 109.599 113.372 119.103 110.162 109.137 109.765 110.821 108.044 107.902 107.937 110.187 113.237 108.037
125.679 125.661 124.803 123.547 119.43 114.261 114.23 111.475 110.062 109.995 110.602 117.97 118.258 118.479 118.649 118.928 119.312 118.676 118.245 118.147 117.774 117.75 117.338 120.026 123.204 122.047 113.517 109.247 108.697 108.597 108.503 109.309 108.67 109.177 109.272 109.165 112.164 112.432 112.401 111.095 110.158 109.177 115.034 118.256 119.426 113.456 116.051 116.118 114.343 109.566 108.118 108.04 108.014 108.133 115.718 117.798 120.559 120.676 119.827 112.896 111.565 111.481 111.326 108.455 108.328 107.772 109.232 108.952 107.612
125.456 124.795 124.449 122.012 116.707 115.555 115.081 113.955 110.14 109.906 110.047 118.414 118.857 118.54 118.44 118.078 118.397 117.546 117.47 116.904 117.043 116.559 116.211 115.02 121.842 120.364 111.703 114.644 110.122 111.759 113.698 114.738 111.665 109.756 109.263 109.116 112.035 114.866 112.128 112.877 110.903 110.22 117.922 120.553 120.59 119.565 114.891 116.341 115.771 112.426 109.464 111.039 115.475 116.349 117.294 118.032 118.877 120.174 119.83 114.738 110.944 110.903 110.668 109.56 107.542 107.608 107.447 108.219 107.637
122.99 122.756 121.635 118.052 114.394 116.016 115.25 114.487 111.198 109.815 109.764 116.818 117.767 117.678 117.423 117.23 116.978 116.586 116.117 111.43 112.373 110.549 109.771 110.608 117.064 113.69 112.737 115.832 115.076 115.235 115.559 115.697 113.189 110.703 109.243 109.042 110.257 114.961 112.912 112.105 111.805 112.749 119.735 121.596 121.649 120.134 118.572 119.924 119.759 119.531 114.451 114.848 115.761 116.714 117.74 117.754 117.807 118.625 117.649 116.194 110.197 110.082 110.171 110.277 107.536 107.499 107.88 109.164 107.657
119.145 118.639 117.639 116.353 114.188 116.135 115.495 114.637 111.585 109.681 109.681 111.198 116.743 116.532 116.317 113.873 113.013 111.105 110.435 109.862 110.631 111.447 109.696 109.84 110.931 109.104 108.945 115.688 115.564 115.363 115.066 114.958 114.048 109.146 108.633 108.774 109.776 111.706 112.407 112.33 109.646 111.707 117.741 121.382 121.92 118.891 122.841 121.93 117.348 119.802 114.223 115.083 115.93 116.799 116.933 116.715 116.602 117.055 116.713 116.174 110.996 109.893 109.99 110.107 107.768 107.525 107.83 109.11 108.487
115.782 115.385 115.086 114.834 114.187 115.508 115.634 114.797 111.386 109.607 109.538 109.624 112.601 111.863 111.679 110.566 110.463 110.592 109.788 109.772 113.078 114.294 110.527 109.64 109.515 109.122 108.687 114.279 114.25 112.269 110.662 109.237 109.451 109.243 108.745 108.556 108.703 110.177 110.546 108.694 111.115 109.527 111.646 120.638 122.303 111.743 120.593 118.911 119.518 114.002 113.953 114.666 115.317 116.102 116.007 115.835 115.705 115.994 116.026 115.438 111.006 109.713 109.811 109.937 108.367 107.55 107.573 108.91 109.283
114.583 114.498 114.282 113.354 112.026 111.418 111.554 109.802 109.693 109.545 109.466 109.443 111.686 110.052 111.103 110.222 110.856 110.929 109.847 109.578 111.045 113.281 111.441 109.428 109.364 114.451 112.011 110.277 108.819 110.565 115.153 110.083 108.666 109.171 108.863 108.484 108.513 108.873 109.685 110.384 108.865 107.778 108.241 114.062 116.956 115.523 118.144 113.966 114.316 112.748 113.414 114.084 114.728 114.637 115.098 114.952 114.827 114.854 114.935 114.424 111.799 110.47 110.547 108.897 107.608 107.612 108.938 109.225 108.867
