dsm/se3034_DSM_2M.asc
ncols 500
nrows 500
xllcorner    430000
yllcorner    434000
cellsize     2
NODATA_value -9999
[rows 288 to 319 of 500, columns 71 to 141 of 500]
59.017 58.922 58.887 58.819 59.279 62.072 63.512 63.399 63.324 63.227 63.139 63.022 62.839 62.667 62.624 62.584 62.517 62.447 63.034 67.282 68.397 68.517 68.629 68.742 68.342 64.482 62.044 62.032 62.099 64.114 67.032 69.232 70.164 71.117 72.029 72.969 72.842 71.907 70.954 70.039 69.102 68.792 69.372 66.134 61.962 62.119 62.582 62.492 62.284 62.224 62.179 62.127 62.067 62.007 61.934 61.879 61.842 61.789 61.509 61.252 61.014 60.722 60.367 60.057 59.784 59.532 59.284 59.014 58.734 58.497 58.349
58.939 58.854 58.752 58.664 58.577 58.532 58.497 58.594 61.059 63.359 63.252 63.182 63.074 62.964 62.962 62.759 62.557 62.519 62.464 62.419 62.547 65.264 67.769 68.444 65.672 62.137 62.072 62.039 62.492 66.197 68.969 69.909 70.852 71.784 72.712 73.104 72.169 71.232 70.287 69.357 65.957 61.949 65.809 61.914 61.949 62.519 62.579 62.352 62.294 62.244 62.212 62.149 62.074 62.019 61.954 61.897 61.994 61.679 61.412 61.177 60.962 60.629 60.304 60.034 59.824 60.787 59.399 59.149 58.962 58.832 58.747
58.827 58.742 58.654 58.574 58.489 58.414 58.332 58.264 58.244 58.207 58.429 61.692 63.174 63.094 63.049 62.982 62.827 62.629 62.509 62.447 62.404 62.564 62.749 62.357 63.414 62.142 62.082 62.024 65.099 68.722 69.667 70.594 71.527 72.444 73.177 72.437 71.487 70.539 69.622 67.692 61.944 61.934 61.917 61.869 62.662 62.649 62.457 62.359 62.312 62.282 62.227 62.162 62.094 62.039 61.979 62.032 61.897 61.642 61.434 61.212 60.979 60.692 60.377 60.159 59.949 59.729 59.532 59.357 59.194 59.149 59.159
58.857 58.714 58.574 58.482 58.397 58.319 58.249 58.174 58.117 58.049 57.977 57.987 57.947 58.417 62.422 63.557 63.064 62.897 62.779 64.059 62.717 62.384 62.329 62.279 62.222 62.144 62.072 62.094 64.907 69.032 69.704 70.382 71.049 71.699 72.377 71.764 70.797 69.877 68.944 63.544 61.979 61.964 61.917 62.102 62.719 62.622 62.422 62.637 62.342 62.297 62.242 62.179 62.119 62.062 62.007 62.034 61.827 61.662 61.457 61.277 61.037 60.844 60.577 60.337 60.049 59.974 59.767 59.637 59.529 59.529 59.557
61.884 61.069 59.997 58.519 58.392 58.244 58.152 58.087 58.012 57.959 57.892 57.827 57.777 57.732 57.752 57.724 59.139 62.984 64.164 63.732 63.752 63.777 63.007 62.329 62.272 62.207 62.132 62.119 62.119 65.259 68.787 69.422 70.102 70.747 71.414 71.064 70.152 69.202 64.549 62.044 62.029 61.974 61.937 62.804 62.729 62.527 62.702 62.439 62.362 62.662 62.577 62.282 62.147 62.084 62.139 61.939 61.787 61.667 61.522 61.357 61.177 61.019 60.812 60.554 60.339 60.217 60.129 60.047 59.989 60.022 60.037
62.317 62.399 62.187 62.237 62.272 59.919 58.189 58.064 57.929 57.844 57.787 57.729 57.679 57.629 57.584 57.549 57.537 57.544 57.577 61.907 63.722 63.734 63.759 63.817 63.629 62.302 62.214 62.184 62.077 61.982 63.247 66.992 69.134 69.812 70.484 70.397 69.444 67.997 62.057 62.062 62.034 61.989 62.887 62.819 62.607 62.544 62.477 62.429 62.384 62.894 62.272 62.902 62.164 62.157 62.072 61.922 61.817 61.689 61.562 61.424 61.314 61.164 61.022 60.852 60.702 60.599 60.554 60.512 60.517 60.472 60.407
61.774 62.114 62.824 62.654 63.032 62.407 62.654 61.797 59.454 57.862 57.779 57.644 57.574 57.527 57.487 57.444 57.414 57.372 57.342 57.357 57.444 59.144 63.514 63.769 63.824 63.839 64.034 62.559 62.062 62.032 62.024 62.024 63.772 68.322 69.552 69.724 68.784 62.024 62.044 62.059 62.037 63.004 62.929 62.724 62.632 62.559 62.494 62.452 62.404 62.339 62.277 62.229 62.157 62.264 62.047 61.949 61.857 61.732 61.637 61.522 61.444 61.342 61.234 61.159 61.044 60.947 60.837 60.807 60.739 60.629 60.479
61.734 61.872 62.022 62.152 62.474 63.389 63.449 62.822 62.712 62.867 62.234 59.072 57.632 57.502 57.392 57.342 57.297 57.272 57.239 57.217 57.189 57.172 63.607 63.752 63.807 63.822 63.792 63.792 63.797 62.582 62.074 62.057 61.987 62.647 67.414 68.802 62.949 62.004 62.022 62.029 63.112 63.012 62.839 63.789 62.639 62.679 62.582 62.469 62.417 62.352 62.292 62.222 62.264 62.192 62.089 62.009 61.912 61.777 61.699 61.614 61.519 61.457 61.379 61.284 61.177 61.067 60.964 60.894 60.722 60.594 60.569
61.787 61.844 63.097 63.187 62.427 62.412 62.542 62.654 62.759 62.827 62.894 62.969 63.109 61.702 58.702 57.367 57.249 57.154 57.124 57.102 57.089 57.484 63.677 63.734 63.767 63.782 63.772 63.754 63.749 63.759 63.754 63.029 62.007 61.967 61.947 64.804 61.914 61.892 63.512 63.189 63.104 62.954 63.969 62.729 62.869 63.194 62.547 62.484 62.419 62.349 62.292 62.242 62.299 62.204 62.162 62.059 61.934 61.819 61.739 61.634 61.552 61.427 61.432 61.559 61.394 61.099 61.007 60.842 60.652 60.677 60.444
58.867 59.862 61.959 62.227 62.282 62.387 62.524 62.652 62.767 62.864 62.939 63.252 63.917 63.109 63.189 62.447 60.982 57.192 57.129 57.007 56.947 62.664 63.642 63.699 63.742 63.737 63.732 63.719 63.719 63.717 63.704 63.664 63.619 63.242 61.974 61.862 62.039 63.322 63.244 63.127 62.954 62.884 62.809 62.754 62.684 62.622 62.572 62.494 62.427 62.362 62.292 62.417 62.297 62.262 62.162 62.069 61.952 61.832 61.749 61.659 61.549 61.492 61.432 61.334 61.202 61.084 60.952 60.857 60.787 60.504 60.957
58.707 58.662 58.684 58.692 59.529 61.344 62.629 62.669 62.767 62.954 63.199 63.037 63.104 63.279 63.202 63.234 63.272 63.349 62.872 58.712 57.042 62.267 63.632 63.669 63.697 63.697 63.694 63.684 63.684 63.694 63.674 63.632 63.567 63.522 63.464 63.097 63.334 63.269 63.074 63.019 62.959 62.887 62.827 62.772 62.692 62.637 62.572 62.502 62.414 62.357 62.337 62.432 62.357 62.294 62.192 62.077 61.974 61.842 61.744 61.644 61.609 61.529 61.437 61.314 61.182 61.069 60.929 60.842 60.614 60.562 60.519
58.632 58.604 58.557 58.512 58.477 58.502 58.529 59.259 61.364 62.947 62.977 63.614 63.119 63.184 63.229 63.267 63.299 63.519 63.459 63.489 63.489 63.567 63.609 63.654 63.662 63.662 63.657 63.642 63.639 63.637 63.642 63.607 63.544 63.479 63.409 63.279 63.159 65.209 65.299 63.054 62.972 62.914 62.849 62.764 62.704 62.647 62.574 62.497 62.414 62.349 62.452 62.424 62.359 62.292 62.204 62.087 61.984 61.847 61.732 61.637 61.609 61.547 61.437 61.307 61.199 61.062 60.872 60.729 60.677 60.632 60.564
58.554 58.524 58.489 58.459 58.439 58.399 58.369 58.339 58.352 58.407 59.119 62.484 63.197 63.197 63.249 64.199 63.942 63.344 63.377 63.524 63.397 63.402 63.422 63.537 63.664 63.664 63.622 63.619 63.614 63.594 63.574 63.554 63.461 63.346 64.111 64.666 64.851 64.639 63.141 63.086 63.014 62.934 62.851 62.786 62.721 62.651 62.554 62.474 62.424 62.419 62.441 62.339 62.306 62.229 62.141 62.054 61.964 61.829 61.721 61.636 61.589 61.521 61.404 61.279 61.184 60.909 61.624 60.786 60.736 60.679 60.609
58.487 58.454 58.439 58.402 58.367 58.334 58.297 58.272 58.242 58.209 58.187 58.222 58.289 60.439 62.539 63.479 63.684 64.224 63.392 63.404 63.434 63.449 63.467 64.237 64.127 63.487 63.649 63.939 63.462 63.741 63.696 63.974 63.414 63.389 65.411 65.079 63.294 63.261 63.216 63.126 63.031 62.951 62.866 62.794 62.726 62.649 62.564 62.486 62.424 63.184 63.019 62.289 62.276 62.191 62.119 62.044 61.936 61.796 61.676 61.629 61.576 61.481 61.376 61.261 60.996 61.364 60.901 60.839 60.784 60.719 60.651
58.602 58.514 58.419 58.329 58.292 58.252 58.229 58.202 58.177 58.152 58.129 58.099 58.062 58.057 58.099 58.119 61.582 63.504 63.412 63.434 63.462 63.489 63.512 63.514 63.504 63.512 63.514 63.504 63.499 63.491 63.486 63.474 63.456 63.439 63.416 63.394 63.364 63.309 63.256 63.176 63.084 62.971 62.871 62.814 62.734 62.656 62.569 62.489 62.501 65.779 63.136 62.334 62.209 62.161 62.111 62.011 61.879 61.776 61.654 61.594 61.501 61.419 61.271 61.356 62.159 61.001 60.941 60.879 60.819 61.009 60.756
58.562 58.562 58.459 58.399 58.332 58.239 58.147 58.102 58.089 58.074 58.039 58.017 57.982 57.962 57.924 57.899 57.919 57.977 59.359 63.062 63.569 63.514 63.709 63.547 63.549 63.979 65.152 64.334 63.529 63.516 63.521 63.521 63.701 64.361 63.669 63.459 63.426 63.369 63.301 63.239 63.136 62.984 62.879 62.804 62.724 62.646 62.566 62.489 62.571 62.476 62.411 62.299 62.209 62.131 62.054 61.969 61.876 61.784 61.679 61.594 61.521 61.289 61.216 61.161 61.111 61.041 60.976 60.916 60.856 60.846 60.774
58.464 58.417 58.394 58.374 58.377 58.324 58.257 58.167 58.067 57.984 57.954 57.934 57.897 57.859 57.839 57.812 57.807 57.772 57.759 57.802 57.812 60.264 63.827 63.604 63.572 63.574 63.569 63.564 63.567 63.561 63.559 63.564 63.561 63.556 63.554 63.526 63.491 63.424 63.366 63.384 63.239 62.964 62.881 62.786 62.714 62.634 62.551 62.604 62.571 62.494 62.391 62.321 62.206 62.146 62.039 61.931 61.836 61.759 61.704 61.639 61.376 61.514 61.261 61.199 61.139 61.079 61.006 60.944 60.896 60.909 60.941
58.349 58.312 58.292 58.277 58.252 58.232 58.227 58.217 58.149 58.069 57.954 57.867 57.807 57.782 57.764 57.729 57.699 57.679 57.669 57.642 57.624 59.457 63.877 63.859 63.792 63.717 63.594 63.599 63.597 63.591 63.596 63.596 63.604 63.611 63.631 63.646 63.649 63.501 63.401 63.304 63.146 62.954 62.876 62.794 62.701 62.634 62.556 62.724 62.584 62.476 62.441 62.301 62.189 62.139 62.026 61.906 61.799 61.691 61.594 61.454 61.639 61.346 61.291 61.231 61.161 61.086 61.031 60.984 61.016 61.051 61.049
58.249 58.219 58.199 58.159 58.159 58.129 58.099 58.069 58.054 58.044 58.034 57.967 57.862 57.792 57.684 57.649 57.622 57.594 57.567 57.554 57.519 63.067 63.867 63.889 63.859 63.799 63.792 63.774 63.757 63.764 63.754 63.764 63.764 63.771 63.721 63.671 63.599 63.489 63.374 63.254 63.019 62.949 62.864 62.789 62.701 62.621 62.654 62.611 62.564 62.499 62.426 62.296 62.194 62.099 62.034 61.919 61.826 61.644 61.539 61.496 61.434 61.374 61.309 61.249 61.176 61.104 61.051 61.136 61.154 67.551 61.786
58.309 58.164 58.102 58.064 58.047 58.024 57.992 57.962 57.937 57.922 57.889 57.884 57.882 57.844 57.762 57.679 57.589 57.509 57.484 57.459 58.877 63.842 63.887 63.887 63.869 63.829 63.832 63.829 63.827 63.806 63.784 63.761 63.741 63.861 63.669 63.686 63.524 63.431 63.316 63.174 63.019 62.944 62.859 62.784 62.689 62.634 62.691 62.601 62.541 62.494 62.419 62.286 62.181 62.099 62.016 61.961 61.704 61.644 61.579 61.511 61.461 61.399 61.324 61.256 61.181 61.131 61.201 61.206 66.334 68.901 78.569
62.062 60.924 58.114 58.109 58.002 57.919 57.894 57.864 57.837 57.814 57.782 57.764 57.747 57.729 57.712 57.712 57.667 57.592 57.504 57.394 60.714 63.837 63.879 63.889 63.874 63.854 63.872 63.864 63.859 63.826 63.811 63.776 63.724 63.704 63.736 63.576 63.476 63.369 63.274 63.069 63.011 62.931 62.854 62.779 62.694 62.759 62.686 62.619 62.526 62.474 62.401 62.314 62.179 62.086 61.971 61.806 61.744 61.666 61.601 61.536 61.474 61.416 61.336 61.276 61.209 61.281 61.256 66.839 69.309 73.006 88.881
61.984 62.112 62.269 61.429 60.932 58.004 57.899 57.789 57.729 57.692 57.682 57.652 57.639 57.624 57.612 57.579 57.572 57.574 57.549 57.469 63.782 63.844 63.892 63.877 63.869 63.889 63.872 63.862 63.834 63.811 63.791 63.751 63.714 63.686 63.586 63.521 63.431 63.331 63.181 63.054 62.989 62.924 62.836 62.769 62.719 62.759 62.691 62.624 62.529 62.446 62.381 62.304 62.169 61.989 61.921 61.924 61.769 61.701 61.629 61.556 61.491 61.419 61.351 61.309 61.356 61.324 66.686 70.014 83.196 90.191 89.984
61.992 62.114 62.242 62.369 62.482 62.619 62.099 59.849 57.792 57.679 57.572 57.544 57.532 57.514 57.492 57.487 57.459 57.447 57.439 59.517 63.779 63.834 63.882 63.877 63.889 63.894 63.869 63.852 63.822 63.784 63.759 63.726 63.699 63.644 63.571 63.494 63.374 63.284 63.106 63.056 62.984 62.909 62.834 62.756 62.829 62.761 62.689 62.624 62.556 62.441 62.361 62.274 62.051 63.686 62.906 61.866 61.789 61.716 61.644 61.579 61.501 61.429 61.386 61.446 61.471 61.389 65.021 82.636 89.186 90.224 90.604
61.974 62.104 62.247 62.372 62.492 62.592 62.699 62.792 62.907 62.402 60.057 57.592 57.499 57.417 57.387 57.372 57.349 57.329 57.317 63.744 63.794 63.827 63.862 63.859 63.867 63.874 63.849 63.829 63.802 63.774 63.741 63.691 63.661 63.606 63.539 63.461 63.374 63.206 63.099 63.034 62.981 62.909 62.831 62.806 62.826 62.769 63.589 62.631 62.559 62.474 62.316 62.171 62.104 62.226 62.224 62.466 62.009 61.736 61.664 61.579 61.496 61.461 61.529 61.509 61.476 64.279 78.276 89.216 89.969 90.731 91.481
62.044 62.109 62.229 62.372 62.482 62.597 62.704 62.797 62.872 62.967 63.077 63.202 62.027 57.514 57.422 57.292 57.234 57.214 58.722 63.732 63.794 63.817 63.829 63.839 63.854 63.834 63.832 63.827 63.814 63.781 63.744 63.669 63.611 63.564 63.506 63.424 63.341 63.164 63.106 63.036 62.974 62.904 62.836 62.889 62.841 62.764 62.696 62.634 62.564 62.379 62.296 62.216 62.131 62.051 62.249 61.874 61.806 61.749 61.671 61.584 61.536 61.589 61.591 61.556 61.609 67.039 83.286 88.594 89.761 90.651 91.494
58.067 60.004 62.457 62.422 62.472 62.582 62.687 62.907 62.889 62.972 63.859 64.551 63.177 63.264 62.814 59.554 57.302 57.187 62.877 63.732 63.794 63.784 63.812 63.829 63.819 63.812 63.802 63.812 63.804 63.801 63.719 63.659 63.599 63.526 63.476 63.414 63.239 63.164 63.109 63.039 62.981 62.921 62.901 62.899 62.846 62.781 62.699 62.576 62.456 62.394 62.321 62.234 62.151 62.054 61.969 61.894 61.816 61.724 61.644 61.594 61.656 61.654 61.636 61.686 64.646 75.986 79.356 85.014 88.969 89.864 90.761
57.899 57.869 57.894 57.864 59.947 62.754 62.732 62.992 62.867 62.949 63.032 63.107 63.162 64.049 63.789 63.364 63.507 63.654 63.677 63.727 63.764 63.769 63.799 63.802 63.792 63.779 63.759 63.762 63.809 63.704 63.671 63.641 63.581 63.509 63.444 63.386 63.214 63.154 63.104 63.041 62.979 62.929 63.001 62.934 62.856 62.746 62.971 62.774 62.489 62.416 62.336 62.261 62.156 62.069 61.994 61.911 61.809 61.716 61.644 61.701 61.694 61.711 61.816 62.416 72.799 79.386 80.006 81.906 87.266 89.104 89.991
57.821 57.789 57.747 57.702 57.699 57.684 57.667 61.932 62.992 62.949 63.007 63.087 63.147 63.229 63.814 64.747 63.412 63.467 63.577 64.657 63.744 63.759 63.782 63.779 63.759 63.752 63.737 63.709 63.709 63.659 63.621 63.599 63.574 63.501 63.441 63.281 63.204 63.141 63.099 63.044 62.996 62.941 63.019 62.876 62.786 62.719 62.696 62.589 62.511 62.456 62.371 62.271 62.154 62.076 62.001 61.904 61.799 61.716 61.779 61.736 61.739 61.774 62.524 62.454 72.941 79.391 80.144 85.604 89.081 89.784 89.711
57.732 57.701 57.68 57.651 57.607 57.559 57.514 57.519 57.539 58.794 62.604 63.142 63.144 63.212 63.372 63.979 63.517 63.459 63.512 63.557 63.602 63.794 63.739 63.762 63.752 63.729 63.699 63.687 63.657 63.631 63.591 63.564 63.531 63.491 63.431 63.251 63.196 63.139 63.091 63.044 63.006 63.379 62.921 62.889 62.836 62.781 62.714 62.639 62.559 62.516 62.514 62.336 62.114 62.054 61.989 61.894 61.804 61.876 61.869 61.801 61.806 61.841 62.684 62.439 74.116 79.436 80.191 84.341 89.086 89.756 89.921
57.771 57.656 57.567 57.558 57.524 57.504 57.462 57.404 57.362 57.322 57.352 57.342 60.554 63.359 63.292 63.317 63.367 63.427 63.489 63.552 63.579 65.259 65.507 63.947 63.609 63.604 63.622 63.627 63.582 63.544 63.589 63.634 63.514 63.491 63.291 63.246 63.189 63.144 63.089 63.221 63.219 63.191 62.956 62.924 62.879 62.831 62.781 62.749 62.684 62.511 62.356 62.139 62.106 62.046 61.966 61.861 61.956 61.956 61.956 61.919 62.206 61.836 62.136 62.086 71.466 77.206 79.836 82.394 88.576 89.311 90.081
61.812 61.946 58.304 57.601 57.458 57.394 57.359 57.324 57.297 57.257 57.212 57.162 57.157 57.199 57.337 62.127 63.407 63.394 63.457 63.514 63.559 63.579 63.602 63.602 63.592 63.572 63.869 64.212 64.831 64.321 63.439 63.409 63.376 63.519 63.291 63.234 63.186 63.251 63.109 63.081 63.041 63.014 62.994 62.959 62.926 62.926 62.906 62.761 62.591 62.436 62.196 62.126 62.086 62.021 61.934 62.009 62.031 62.019 60.619 56.019 61.131 62.741 61.819 61.809 62.076 71.239 81.944 88.644 89.436 90.196 90.956
61.79 61.802 62.172 61.996 61.199 57.665 57.384 57.247 57.189 57.157 57.122 57.077 57.032 56.997 56.969 57.972 63.717 63.592 63.432 63.477 63.507 63.532 63.569 63.579 63.579 63.552 63.512 63.499 63.479 63.446 63.421 63.384 63.366 63.314 63.281 63.244 63.189 63.161 63.126 63.101 63.081 63.044 63.024 63.064 63.076 62.911 62.779 62.641 62.499 62.289 62.189 62.134 62.059 61.991 62.031 62.061 62.081 60.446 55.284 55.311 55.451 62.084 62.154 61.776 61.704 76.469 85.284 89.566 90.319 91.081 91.821
