dsm/se3031_DSM_2M.asc
ncols 500
nrows 500
xllcorner    430000
yllcorner    431000
cellsize     2
NODATA_value -9999
[rows 192 to 223 of 500, columns 288 to 359 of 500]
27.47 27.502 27.494 27.306 27.256 27.499 29.035 30.936 38.752 38.671 33.733 34.91 35.144 33.091 33.053 33.046 33.842 33.659 32.989 32.936 32.966 33.486 33.241 34.147 33.619 33.5 33.388 34.248 33.248 33.621 33.886 33.814 33.902 33.52 34.128 33.172 34.021 33.152 34.309 34.145 33.434 33.34 32.871 32.798 32.792 32.714 32.726 32.711 32.724 32.607 34.65 38.481 38.834 38.484 33.662 32.636 32.583 32.592 32.602 32.608 32.681 32.676 32.656 32.636 32.663 32.629 32.662 32.66 32.663 32.687 32.677 32.704
27.522 27.489 27.544 27.362 27.295 27.312 27.401 32.645 33.904 37.324 37.204 35.371 33.056 33.009 32.989 33.61 34.17 33.987 34.468 33.501 33.11 32.938 32.946 33.082 33.045 33.61 33.59 33.797 33.698 33.534 33.474 33.564 33.779 34.071 33.125 33.32 33.967 33.954 33.529 33.048 33.418 34.044 33.446 32.781 32.82 32.744 32.76 32.735 32.738 32.683 32.669 32.678 34.779 35.71 32.587 32.583 32.586 32.604 32.603 32.559 32.693 32.727 32.636 32.649 32.62 32.579 32.642 32.629 32.665 32.662 32.665 32.655
27.409 27.449 27.456 27.47 27.439 27.177 27.355 27.677 30.328 38.315 39.936 38.848 33.883 33.196 33.019 33.005 33.007 33.297 33.712 34.177 33.876 33.024 32.887 32.88 32.847 34.26 34.206 34.003 33.344 34.016 33.695 34.084 33.106 34.029 33.686 33.818 33.924 33.605 34.273 33.699 33.593 33.376 34.298 32.774 32.771 32.729 32.746 32.726 32.744 32.733 32.696 33.826 33.679 32.537 32.538 32.614 32.619 32.633 32.621 32.548 32.712 32.709 32.609 32.757 33.206 34.311 32.729 32.822 32.691 32.615 32.752 32.614
27.397 27.584 27.448 27.506 27.409 27.288 27.189 27.469 28.947 38.471 39.856 38.501 35.647 33.479 33.029 33.013 33.444 34.104 34.182 33.162 33.558 33.847 33.024 32.912 33.017 32.903 32.883 33.156 32.936 33.926 33.612 33.777 34.52 33.49 34.071 33.349 33.775 33.371 33.928 33.503 33.944 33.642 33.399 32.883 32.855 32.799 32.789 32.772 32.769 32.729 32.673 33.697 33.521 32.577 32.55 32.577 32.613 32.702 32.585 32.671 32.762 32.624 32.641 35.397 36.024 36.05 36.022 35.513 35.442 35.093 34.326 35.081
27.361 27.432 27.502 27.473 27.543 27.416 27.198 27.388 27.677 31.356 36.642 37.996 36.518 36.738 34.397 32.945 33.207 34.288 34.322 33.791 33.603 33.335 32.926 33.917 33.045 32.916 32.909 32.926 32.908 33.168 33.67 33.455 32.986 33.636 34.014 33.853 33.187 33.818 33.318 33.457 33.445 33.953 32.933 32.938 32.943 32.93 32.895 32.797 32.755 32.721 32.673 34.098 32.704 32.537 32.595 32.673 32.688 32.648 32.6 32.672 32.811 32.66 32.622 35.108 36.076 36.069 36.095 36.095 36.057 36.057 36.037 36.034
27.483 27.442 27.636 27.561 27.555 27.368 27.436 27.258 27.361 27.771 34.536 38.331 40.181 38.823 33.501 33.174 32.994 32.966 33.413 33.557 34.212 32.942 33.336 33.476 33.243 32.901 33.456 32.919 32.844 32.922 32.833 33.005 32.957 34.214 33.548 33.629 33.536 33.405 33.687 33.831 33.962 33.518 32.915 32.943 32.943 32.946 32.933 32.87 32.84 32.799 32.721 32.922 32.722 32.531 32.608 32.602 32.7 32.631 32.64 32.71 32.755 32.687 32.794 36.709 38.075 36.298 36.863 36.168 36.188 36.182 36.114 36.148
29.328 27.465 27.455 27.555 27.507 27.5 27.463 27.414 27.26 27.627 32.172 37.037 39.231 37.698 34.87 33.306 32.98 33.02 33.872 33.626 33.154 32.961 34.033 33.731 32.971 33.688 33.601 33.632 33.33 32.909 32.873 32.898 33.146 33.342 33.271 34.359 33.895 33.526 33.43 33.744 33.713 32.904 32.961 32.915 32.942 32.94 32.965 32.973 32.912 32.862 33.536 33.392 32.652 32.598 32.62 32.634 32.686 32.683 32.616 32.744 32.685 32.652 32.794 39.482 40.204 40.162 39.663 40.146 39.475 40.083 38.99 39.396
27.945 27.582 27.278 27.572 27.443 27.541 27.457 27.492 27.257 27.258 27.468 29.512 37.028 31.999 33.821 34.259 33 33.181 33.205 34.139 33.547 33.413 33.143 33.551 32.938 33.508 33.195 33.925 33.319 33.668 33.151 32.959 32.899 32.897 32.924 32.904 33.142 34.215 33.688 33.932 33.566 32.994 32.937 32.936 32.945 32.945 32.935 32.949 32.963 32.942 33.242 32.976 33.147 32.637 32.629 32.678 32.719 32.65 32.664 32.779 32.706 32.658 32.816 40.533 40.56 40.567 40.51 40.514 40.422 40.362 40.399 40.299
31.549 28.363 27.505 27.36 27.51 27.453 27.584 27.435 27.215 27.243 27.305 27.431 32.669 35.295 34.892 33.063 32.964 32.963 32.993 33.08 33.532 33.712 33.773 33.147 33.54 33.413 33.87 33.793 33.81 34.198 33.531 33.61 32.937 32.919 32.89 32.863 32.935 32.913 33.1 34.065 33.471 32.97 32.914 32.926 32.951 32.935 32.958 32.96 32.984 32.998 33.269 34.1 32.783 32.743 32.715 32.721 32.722 32.646 32.678 32.823 32.664 32.652 33.196 40.574 40.742 40.655 40.805 40.754 40.753 40.751 40.776 40.692
35.392 32.647 27.67 27.344 27.492 27.499 27.513 27.458 27.428 27.19 27.288 27.484 28.685 33.307 34.763 33.516 32.96 32.944 32.955 32.928 33.486 33.568 33.335 32.984 33.951 33.694 34.019 33.464 33.957 33.599 33.661 33.327 33.594 33.551 33.496 32.947 32.884 32.869 32.894 32.917 33.118 32.94 32.962 32.964 32.928 32.976 32.947 32.941 32.945 33.059 33.938 32.925 32.778 32.784 32.708 32.711 32.739 32.662 32.748 32.819 32.652 32.646 32.82 40.215 40.369 40.38 40.477 40.486 40.512 40.525 40.646 40.646
37.416 30.128 28.01 27.63 27.314 27.555 27.458 27.452 27.427 27.292 27.282 27.621 27.692 27.913 33.54 34.373 33.016 32.932 32.916 32.904 32.967 33.978 32.977 34.183 34.468 33.927 33.761 33.8 34.017 33.887 33.704 33.474 33.586 33.349 33.25 32.952 32.898 32.938 32.879 32.9 32.93 32.939 32.912 32.953 32.924 32.986 32.948 32.984 32.991 33.049 33.262 33.416 32.738 32.775 32.679 32.717 32.689 32.675 32.81 32.723 32.691 32.681 36.468 39.81 39.945 40.073 40.102 40.085 40.173 40.233 40.245 40.309
35.881 35.796 28.846 27.646 27.463 27.336 27.682 27.496 27.584 27.492 27.116 27.303 27.562 27.557 32.639 33.406 34.151 33.007 32.926 32.88 34.01 34.529 33.794 33.622 33.258 33.707 33.225 33.425 33.444 34.072 34.044 33.756 33.076 33.691 32.937 32.938 32.931 32.909 32.954 32.957 32.905 32.945 32.896 32.971 32.961 33.006 32.961 33.049 33.06 33.529 34.209 32.864 32.768 32.808 32.759 32.749 32.726 32.727 32.803 32.759 32.675 32.642 35.167 36.145 36.767 36.154 37.153 37.155 37.163 36.899 37.29 37.868
34.955 37.917 35.954 29.889 27.608 27.396 27.544 27.474 27.526 27.472 27.333 27.227 27.278 27.416 28.232 34.729 33.6 33.065 32.896 32.901 32.92 34.018 33.877 33.935 33.417 33.484 33.902 33.944 33.358 33.325 33.754 33.371 33.932 33.785 33.816 32.933 32.907 32.837 32.906 32.89 32.91 32.917 32.948 32.939 32.977 32.984 33.017 33.065 33.045 33.722 33.443 32.838 32.861 32.7 32.765 32.733 32.717 32.725 32.862 32.72 32.674 32.67 35.106 36.045 36.081 36.086 36.126 36.098 36.076 36.07 36.094 36.079
36.018 37.975 38.922 35.479 27.793 27.481 27.5 27.607 29.451 28.051 27.392 27.39 27.385 27.292 27.714 31.808 34.232 33.639 33 32.898 32.91 32.956 33.076 33.262 33.715 34.156 33.256 34.536 34.107 34.234 33.241 32.994 33.6 34.224 33.533 32.88 32.906 32.889 32.901 32.91 32.842 32.899 32.943 32.936 32.979 33.029 33.029 33.057 33.023 33.401 33.452 32.768 32.824 32.801 32.796 32.731 32.688 32.819 32.802 32.685 32.647 32.642 35.081 35.357 35.908 35.943 35.963 35.992 35.994 36.021 36.023 36.014
36.711 35.887 37.2 36.434 27.798 27.63 27.3 27.575 29.312 28.271 27.598 27.342 27.36 27.376 27.465 28.2 34.77 36.049 33.998 32.94 33.001 33.027 33.071 33.014 33.626 33.267 33.124 33.248 33.713 33.258 34.236 33.925 34.132 33.397 32.941 32.892 32.883 32.969 32.893 32.946 32.94 32.924 32.916 32.884 32.939 32.96 33.003 33.01 33.553 33.258 32.868 32.797 32.853 32.72 32.787 32.72 32.778 32.871 32.794 32.707 33.846 32.666 32.807 32.594 32.626 32.604 32.683 33.579 32.632 33.514 33.521 33.549
34.992 35.681 35.971 32.952 28.866 27.658 27.547 27.422 28.335 30.469 27.989 27.445 27.405 27.425 27.441 28.035 35.817 36.662 36.653 33.75 32.984 33.048 33.042 33.09 33.03 33.065 33.052 34.141 33.156 32.998 33.407 33.514 32.956 33.501 32.835 32.895 32.893 32.875 32.869 32.9 32.924 32.927 32.937 32.891 32.898 33.029 33.055 33.055 33.349 34.148 32.828 32.829 32.831 32.821 32.764 32.745 32.781 32.91 33.799 33.575 32.707 32.673 33.401 33.651 33.606 33.999 33.258 32.64 33.638 33.525 33.103 32.646
32.77 32.384 32.567 31.49 30.318 27.861 27.557 27.616 27.502 30.501 29.24 27.579 27.424 27.31 27.386 27.728 33.952 36.294 36.914 34.569 32.983 33.011 33.033 33.019 33.03 33.042 33.036 33.058 33.106 33.074 33.032 34.012 32.875 32.864 32.928 32.882 32.909 32.941 32.915 32.946 32.901 32.962 32.833 32.891 32.855 33.035 33.069 33.08 33.105 33.582 32.827 32.86 32.817 32.803 32.791 32.741 32.872 34.078 34.831 32.744 32.709 32.705 32.683 32.739 34.341 32.741 32.723 32.755 33.06 33.243 33.138 32.841
32.549 33.075 32.67 32.37 31.263 29.425 27.65 27.59 27.502 28.826 30.8 27.995 27.41 27.421 27.413 27.465 29.964 34.96 35.045 34.888 35.013 33.464 33.034 33.009 33.04 33.017 33.027 33.015 33.055 33.082 33.071 33.023 32.929 32.859 32.849 32.904 32.889 32.933 32.896 32.888 32.876 32.877 32.895 32.882 32.908 33.058 33.048 33.279 33.998 32.924 32.849 32.881 32.813 32.829 32.778 32.688 32.858 34.619 36.575 33.579 32.725 32.728 32.707 32.705 32.7 32.646 32.703 32.682 32.68 32.667 32.649 32.652
32.437 32.592 32.589 32.622 31.346 30.148 28.077 27.645 27.552 27.492 29.671 28.775 28.157 27.507 29.617 27.417 27.499 28.631 33.39 35.772 36.248 36.407 35.516 33.113 33.032 33.015 33.002 33.099 33.295 33.061 33.042 33.065 33.067 32.977 32.855 32.884 32.849 32.892 32.914 32.929 32.934 32.834 32.896 32.879 33.041 33.03 33.034 33.81 33.434 32.967 32.879 32.93 32.84 32.85 32.752 32.766 32.879 36.01 35.165 32.807 32.757 32.722 32.703 32.71 32.733 32.711 32.707 32.668 32.668 32.677 32.665 32.668
32.483 32.441 32.865 32.486 31.709 30.654 29.083 27.929 27.663 27.448 27.516 30.575 30.863 27.478 27.454 27.391 27.32 27.701 29.129 37.212 35.555 35.338 35.789 34.525 33.004 33.138 33.004 34.985 33.863 33.216 33.06 33.033 33.032 33.029 33.064 33.056 32.928 32.871 32.88 32.959 32.882 32.85 32.871 32.871 32.991 33.051 33.163 33.338 33.21 32.932 32.904 32.827 32.815 32.875 32.787 32.839 34.711 37.863 38.923 36.546 32.815 32.727 32.747 32.729 32.8 32.743 32.715 32.671 32.708 32.683 32.662 32.685
32.552 32.523 32.647 33.046 32.06 31.101 29.996 28.221 29.005 27.499 27.51 28.24 29.923 27.565 27.446 27.469 27.199 27.377 28.125 31.656 33.84 33.619 33.734 33.581 33.048 33.842 36.01 35.798 34.239 33.644 33.296 33.048 33.057 33.065 33.056 33.07 33.045 33.026 32.932 32.887 32.919 32.895 32.941 32.865 33.024 33.062 34.038 34.437 33.218 32.934 32.941 32.862 32.826 32.786 32.765 32.893 33.701 37.235 36.913 33.403 32.775 32.76 32.734 32.798 33.104 32.716 32.704 32.743 32.708 32.689 32.702 32.704
32.636 32.573 32.446 32.828 32.934 31.986 30.741 29.742 28.188 27.583 27.43 27.592 30.426 30.631 27.597 27.419 27.198 27.288 27.538 28.169 32.063 32.801 32.853 33.338 33.459 33.258 33.614 36.065 33.367 33.63 33.111 33.804 33.094 33.191 33.05 33.104 33.104 33.073 33.038 32.98 32.865 32.846 32.914 32.957 33.038 33.072 33.33 34.164 32.965 32.877 32.901 32.867 32.841 32.805 32.816 35.032 36.859 36.86 34.215 32.787 32.797 32.803 32.761 32.762 32.758 32.732 32.71 32.718 32.721 32.707 32.689 32.675
32.989 32.659 32.573 32.584 33.096 32.645 31.792 30.456 28.813 27.678 27.534 27.409 27.666 31.24 29.507 27.492 27.444 27.188 27.335 27.326 29.575 31.322 32.559 32.736 32.767 32.823 33.183 32.841 33.658 36.199 33.221 33.92 33.399 33.504 33.288 33.087 33.061 33.081 33.035 32.865 32.885 32.856 32.903 33.027 32.991 33.085 33.106 33.104 32.943 32.916 32.877 32.85 32.867 32.778 32.913 33.601 36.759 39.309 34.958 32.79 32.817 32.79 32.777 32.779 33.013 32.726 32.72 32.722 32.729 32.699 32.71 32.728
33.392 32.707 32.657 32.512 32.627 33.108 32.319 31.866 30.318 28.051 27.57 27.489 27.437 27.647 28.794 28.273 27.422 27.378 27.3 27.425 27.839 29.067 31.928 34.063 32.859 33.428 32.894 32.794 34.941 35.897 35.733 35.938 34.3 33.175 34.226 33.679 33.471 33.106 32.988 32.93 32.931 32.969 32.944 33.015 33.042 34.132 34.279 33.224 32.962 32.941 32.841 32.876 32.812 32.811 34.607 35.732 37.128 37.217 35.882 32.79 32.836 32.804 32.823 32.788 32.973 32.759 32.746 32.729 32.762 32.7 32.719 32.711
33.114 32.985 32.722 32.542 32.521 32.869 32.643 32.252 31.385 29.898 27.703 27.617 27.391 27.486 30.542 30.544 27.593 27.512 27.252 27.239 27.376 28.177 32.892 36.399 33.412 34.382 33.199 32.791 33.505 34.942 35.686 38.323 37.19 36.364 33.767 34.307 34.107 33.907 33.012 32.95 32.929 32.99 33.005 33.017 32.991 33.06 33.096 33.068 32.989 32.922 32.87 32.884 32.834 32.873 33.06 38.402 40.791 39.809 34.644 32.82 32.819 32.817 32.808 32.884 32.987 32.771 32.803 32.728 32.741 32.764 32.737 32.713
32.947 33.347 32.734 32.653 32.56 32.658 33.029 32.175 31.771 30.473 29.336 27.742 27.641 27.325 28.275 30.089 28.27 27.493 27.511 27.222 27.349 27.462 29.283 35.041 32.834 32.909 34.889 32.803 32.794 32.987 33.796 41.232 38.805 38.192 36.801 36.272 34.599 34.662 32.992 33.596 32.998 33.014 34.283 33.045 32.998 33.153 33.272 32.965 32.923 32.895 32.887 32.9 32.885 36.326 37.215 38.932 36.763 37.451 34.769 32.903 32.878 32.842 32.817 32.907 32.8 32.806 32.798 32.768 32.783 32.792 32.738 32.734
32.46 33.444 32.861 32.728 32.597 32.537 32.826 32.939 32.022 31.453 29.862 28.168 27.7 27.447 27.329 28.746 30.777 27.664 27.452 27.344 27.305 27.409 27.693 29.994 31.539 32.66 32.775 32.786 32.797 32.846 33.035 38.996 39.453 39.579 38.793 37.995 36.512 35.537 33.707 34.411 33.049 33.618 33.42 34.097 33.856 32.976 32.951 32.881 32.866 32.887 32.911 32.88 32.841 36.002 37.014 38.924 37.848 37.341 33.718 32.906 32.879 32.834 32.865 33.027 32.822 32.807 32.793 32.832 32.773 32.797 32.781 32.783
32.431 32.625 33.151 32.719 32.683 32.587 32.622 33.082 32.895 32.202 31.43 29.653 27.803 27.587 27.363 27.386 30.014 28.773 27.449 27.415 27.232 27.406 28.031 28.284 30.915 32.645 32.9 32.789 32.822 33.002 37.094 37.993 38.52 39.374 39.744 39.371 38.595 37.933 36.419 33.859 33.872 33.985 33.897 33.471 33.653 34.095 32.942 32.922 32.894 32.907 32.908 32.865 32.954 35.897 37.655 38.468 38.079 36.15 33.223 32.888 32.881 32.879 32.867 33.965 32.854 32.77 32.829 32.811 32.791 32.819 32.81 32.804
32.259 32.562 33.234 32.84 32.74 32.682 32.585 32.678 33.067 32.479 32.262 30.845 29.193 27.887 27.565 27.38 30.101 29.36 27.603 27.546 27.442 27.328 27.555 28.099 29.771 31.903 32.717 32.865 32.912 33.581 34.068 36.837 37.589 38.189 38.582 39.239 39.601 38.987 38.799 37.93 36.589 34.291 33.495 33.536 33.324 33.177 32.908 32.884 32.907 32.891 32.928 32.883 32.834 33.656 36.486 37.96 38.439 37.525 33.709 32.906 32.91 32.924 32.922 34.029 32.86 32.846 32.834 32.849 32.847 32.827 32.809 32.801
32.27 32.478 32.983 33.167 32.764 32.746 32.62 32.653 32.714 32.953 32.411 31.617 30.334 28.467 27.76 27.448 27.479 27.581 27.551 27.512 27.558 27.39 27.283 27.901 28.761 30.058 31.439 32.629 32.992 32.967 32.949 33.638 36.134 37.038 37.74 38.212 38.633 39.415 40.129 39.043 38.563 37.814 36.897 33.922 34.105 33.231 32.989 32.954 32.908 32.947 32.894 32.825 32.73 32.666 32.802 36.36 36.98 35.732 33.403 32.943 32.936 32.946 32.937 33.129 34.89 32.975 32.862 32.893 32.805 32.831 32.814 32.828
32.296 32.337 32.6 33.214 33.027 32.747 32.676 32.664 32.644 33.026 32.929 32.245 30.919 29.829 27.887 27.639 27.421 27.635 27.742 27.549 27.486 27.442 27.243 27.722 27.696 28.612 30.725 33.232 33.146 32.94 32.934 32.961 32.98 33.327 34.149 34.988 37.664 38.112 39.036 39.509 39.636 39.107 38.392 37.965 36.771 33.049 33.015 32.99 32.887 32.918 32.896 32.79 32.664 32.578 32.731 33.419 32.62 32.982 34.674 35.072 34.054 34.801 34.671 36.367 36.662 36.03 34.202 32.954 33.378 32.89 33.16 32.924
32.302 32.373 32.566 32.972 33.331 32.813 32.756 32.67 32.695 32.834 33.167 34.911 31.777 31.002 28.428 27.783 27.493 27.483 27.7 27.554 27.589 27.454 27.429 27.496 27.557 28.014 30.036 31.16 32.635 32.962 32.973 32.957 32.993 32.974 32.985 33.272 35.745 37.106 37.9 38.327 38.991 39.373 39.451 38.941 33.771 33.015 33.046 32.988 32.954 32.943 32.877 32.758 32.631 32.52 32.477 32.415 32.472 32.388 32.716 33.453 33.324 34.206 34.322 37.91 38.811 39.905 37.006 35.298 35.276 34.93 36.377 34.769
