dsm/se3031_DSM_2M.asc
ncols 500
nrows 500
xllcorner    430000
yllcorner    431000
cellsize     2
NODATA_value -9999
[rows 416 to 447 of 500, columns 144 to 215 of 500]
35.662 35.671 35.704 35.741 35.737 35.707 35.685 35.507 35.479 35.697 35.388 35.171 35.136 35.153 35.083 35.096 35.058 34.993 35.093 35.08 35.073 34.965 35.509 36.289 36.382 35.532 35.307 35.349 34.899 34.79 34.772 34.807 34.867 34.816 34.846 34.767 34.739 34.682 34.705 34.675 34.7 34.768 34.783 34.676 34.733 34.771 34.791 34.837 34.844 34.937 34.952 34.982 35.008 34.996 35.017 35.036 35.161 35.153 35.212 35.311 35.365 35.501 35.549 35.567 35.524 35.665 35.559 35.654 35.651 35.678 35.799 35.768
35.644 35.8 35.789 35.615 35.747 35.78 35.766 35.693 35.548 35.426 35.458 35.194 35.139 35.111 35.118 35.119 35.042 40.035 35.265 34.997 35.053 35.388 36.28 35.877 39.743 38.524 35.283 35.311 35.387 35.119 35.154 35.044 34.924 35.296 35.262 34.781 34.769 34.643 34.701 34.643 34.72 34.693 34.63 34.662 34.74 34.721 34.754 34.85 34.752 34.821 34.849 34.877 34.878 34.955 35.024 35.042 35.101 35.116 35.155 35.188 35.3 35.212 35.405 35.448 35.569 35.692 35.727 35.779 35.846 35.904 35.917 36.019
35.822 35.882 36.684 39.453 35.635 35.69 35.733 35.686 35.658 35.423 35.362 35.21 35.187 35.094 35.061 35.079 35.099 35.729 35.011 35.061 34.994 36.244 35.899 39.896 40.741 40.076 38.432 35.323 35.481 35.489 35.458 35.382 35.022 34.821 34.779 34.804 34.921 34.686 34.625 34.551 34.559 34.519 34.597 34.705 34.709 34.777 34.709 34.798 34.734 34.827 34.818 34.903 34.866 34.917 34.979 35.002 35.009 35.067 35.005 35.145 35.212 35.255 35.307 35.355 35.404 35.388 35.447 35.517 35.652 35.769 35.886 36.016
36.043 35.886 36.255 41.426 39.024 36.666 35.603 35.669 35.609 35.444 35.351 35.212 35.124 35.085 35.097 35.12 35.112 35.104 35.066 35.67 36.27 36.42 40.344 39.499 40.114 40.813 40.523 39.272 38.941 35.456 35.443 35.404 34.959 34.858 34.822 34.801 34.649 34.655 34.507 34.493 34.53 34.548 34.46 34.549 34.688 34.665 34.851 34.852 34.806 34.755 34.795 34.82 34.892 34.896 34.974 34.969 34.981 35.05 35.021 35.125 35.17 35.271 35.151 35.267 35.346 35.358 35.473 35.474 35.58 35.569 35.632 35.693
36.001 36.154 43.644 45.256 45.067 43.41 36.314 35.477 35.589 35.503 35.307 35.256 35.154 35.122 35.062 35.103 35.175 35.132 35.633 36.28 36.431 38.337 40.464 40.691 39.917 39.723 40.488 40.769 39.73 38.615 35.237 35.303 37.244 34.975 34.859 34.807 34.697 34.557 34.476 34.512 34.501 34.538 34.4 34.334 34.427 34.536 34.562 34.814 34.875 34.917 34.921 34.936 34.932 34.865 34.878 34.899 34.95 35.038 35.004 35.105 35.067 35.183 35.154 35.312 35.327 35.371 35.403 35.453 35.519 35.566 35.656 35.596
36.091 39.976 45.515 45.148 45.333 44.871 41.906 36.395 35.47 35.445 35.334 35.182 35.112 35.153 35.192 35.206 35.268 35.155 36.05 36.588 38.875 39.934 39.678 40.359 40.79 40.115 39.629 40.189 40.885 40.166 38.591 38.721 38.055 36.085 34.939 34.78 34.764 34.595 34.476 34.472 34.453 34.458 34.426 34.408 34.319 34.271 34.329 34.563 34.744 34.893 35.038 35.031 35.145 34.978 35.031 35.021 35.044 35.004 34.968 35.032 35.024 35.077 35.159 35.21 35.23 35.32 35.335 35.411 35.423 35.559 35.53 35.627
36.546 44.496 45.93 46.195 45.405 44.756 39.766 35.712 36.128 35.415 35.271 35.198 35.173 35.205 35.155 35.269 35.155 35.79 36.603 38.445 40.351 40.986 39.837 39.713 40.215 40.888 40.174 39.536 40.118 40.626 40.325 39.42 39.414 39.908 37.889 35.734 35.393 34.66 34.54 34.426 34.412 34.342 34.449 34.375 34.314 34.262 34.179 34.318 34.429 34.688 34.759 34.765 34.927 35.051 35.14 35.141 35.05 35.164 35.152 35.173 35.121 35.162 35.105 35.135 35.15 35.234 35.291 35.3 35.427 35.454 35.459 35.584
44.683 45.694 45.849 45.437 45.041 38.803 34.984 35.47 36.537 35.401 35.255 35.19 35.238 35.216 35.179 35.246 35.294 35.544 36.058 39.789 39.508 40.475 40.557 40.169 39.642 40.074 40.777 40.524 39.732 40.032 40.564 40.716 39.573 39.674 39.027 36.063 34.873 34.593 34.515 34.592 34.407 34.312 34.341 34.333 34.368 34.314 34.323 34.239 34.278 34.288 34.389 34.454 34.523 34.803 34.783 35.037 36.201 35.515 36.942 35.486 35.283 35.217 35.201 35.285 35.3 35.304 35.288 35.306 35.35 35.439 35.505 35.555
45.59 45.55 45.539 45.16 44.995 36.424 35.905 36.144 35.462 35.348 35.291 35.251 35.259 35.23 35.44 35.309 36.531 36.601 40.22 40.713 40.066 39.5 39.891 40.71 40.612 40.102 39.889 40.521 40.827 39.716 39.695 40.329 40.904 40.298 39.387 38.889 35.494 34.841 34.64 34.627 34.439 34.517 34.263 34.267 34.315 34.349 34.376 34.249 34.265 34.167 34.243 34.224 34.376 34.44 34.531 34.886 36.239 36.898 36.668 37.562 35.862 35.477 35.788 35.805 35.836 36.071 35.432 35.373 35.355 35.408 35.502 35.557
45.593 45.569 44.608 43.627 37.183 35.692 35.619 35.678 35.382 35.352 35.316 35.284 35.315 35.287 35.336 36.444 36.557 39.967 39.672 40.044 40.797 40.942 39.532 39.586 40.701 40.76 39.825 39.552 40.388 40.956 40.397 39.435 39.973 40.843 40.398 39.381 39.476 36.008 34.753 34.647 34.531 34.509 34.41 34.369 34.259 34.327 34.295 34.362 34.334 34.245 34.141 34.164 34.217 34.237 34.281 34.644 36.025 37.614 37.922 38.093 36.273 38.107 37.612 38.095 35.483 35.665 35.911 35.57 35.482 35.44 35.443 35.526
45.597 45.083 43.735 36.867 35.874 35.629 35.77 35.456 35.418 35.445 35.399 35.345 35.305 35.297 35.949 36.554 38.704 40.607 40.544 39.744 39.849 40.37 40.857 39.962 39.631 40.526 40.917 40.13 40.318 40.193 40.629 40.423 39.573 39.775 40.5 40.209 39.824 39.56 38.434 34.865 34.808 34.49 34.591 34.434 34.401 34.298 34.226 34.294 34.261 34.236 34.304 34.195 34.123 34.218 34.145 34.404 34.83 36.829 36.64 37.793 35.431 38.192 37.391 37.302 37.081 37.42 35.527 35.644 35.625 35.581 35.45 35.477
46.273 44.745 38.628 35.792 35.804 35.978 35.527 35.521 35.444 35.503 35.442 35.436 36.597 35.861 36.692 36.743 40.103 39.909 40.341 40.669 40.237 39.684 40.141 41.022 40.216 39.534 40.013 40.619 36.356 40.45 39.891 40.527 40.686 40.073 39.778 40.21 40.776 39.777 39.375 39.618 35.413 34.626 34.488 34.468 35.103 34.464 34.32 34.217 34.289 34.223 34.264 34.19 34.179 34.154 34.111 34.337 34.613 34.652 34.83 35.346 36.632 36.329 38.35 36.076 38.545 36.817 36.988 35.531 35.632 35.62 35.508 35.476
44.663 40.105 36.085 35.818 36.044 35.61 35.574 35.533 35.553 35.503 35.426 35.41 35.807 36.71 36.469 38.552 39.735 39.781 39.289 40.087 40.696 40.119 39.537 39.998 40.787 40.51 40.533 36.806 40.87 40.912 39.414 39.741 40.593 40.68 39.684 39.597 40.351 40.735 39.771 39.318 39.515 39.408 34.774 35.289 35.044 34.492 34.353 34.229 34.248 34.207 34.283 34.253 34.178 34.199 34.169 34.197 34.487 34.744 34.49 34.677 35.092 35.356 37.192 36.885 38.428 35.313 38.303 36.152 35.61 36.831 35.699 35.412
43.415 37.48 36.263 35.808 35.655 35.545 35.589 35.58 35.57 35.502 35.468 35.501 36.644 36.818 36.229 38.627 37.646 36.145 36.306 39.163 39.847 40.668 40.62 39.913 39.882 40.447 40.851 38.135 39.898 40.344 40.787 40.188 39.658 40.224 40.956 40.235 39.449 40.114 40.794 40.7 39.318 39.488 39.421 36.755 35.147 34.569 34.393 34.413 34.235 34.193 34.209 34.158 34.229 34.172 34.18 34.139 35.458 34.408 34.387 34.499 34.585 34.788 34.821 35.3 35.321 37.499 38.47 37.675 36.446 35.661 35.722 35.414
37.919 35.861 35.807 35.965 35.602 35.578 35.604 35.639 35.603 35.503 35.579 36.355 36.741 35.868 35.386 35.355 35.902 35.347 35.28 36.032 38.591 39.506 40.578 40.831 39.785 39.991 40.187 40.812 39.913 40.048 40.437 40.964 40.58 39.345 39.981 40.793 40.733 39.525 39.749 40.58 40.633 39.422 38.405 38.454 35.786 34.529 34.447 34.463 34.569 35.015 34.206 34.192 34.19 34.203 34.209 34.249 34.858 34.254 34.293 34.306 34.485 34.565 34.693 34.87 36.081 38.011 38.305 38.407 36.252 37.277 36.812 35.447
36.206 36.2 36.048 35.725 35.638 35.699 35.652 35.654 35.55 35.631 36.635 36.749 36.612 35.558 35.323 35.286 35.313 35.302 35.248 35.217 35.23 38.243 39.548 40.197 40.913 39.914 39.951 40.228 40.693 40.501 39.498 39.974 40.789 40.328 39.695 39.727 40.509 40.872 39.586 39.603 40.222 38.71 38.394 35.792 34.66 34.738 34.59 35.34 35.743 36.601 35.075 34.661 34.057 34.169 34.168 34.288 34.329 34.157 34.099 34.212 34.262 34.384 34.578 34.689 34.927 35.08 37.496 36.147 35.337 36.086 37.771 35.406
36.025 36.313 35.781 35.697 35.726 35.678 35.715 35.649 35.634 35.981 36.881 40.441 36.645 35.299 35.248 35.251 35.262 35.288 35.278 35.305 35.291 35.304 36.216 39.586 40.046 40.763 40.437 39.48 40.189 40.574 40.652 39.998 39.906 40.792 40.746 39.767 39.637 40.37 40.833 39.812 39.111 38.583 36.543 35.059 34.662 34.679 34.742 35.691 36.096 36.743 37.108 35.765 35.069 34.376 34.798 34.243 34.191 34.152 34.098 34.136 34.13 34.239 34.414 34.573 34.827 34.987 35.577 35.201 35.354 35.776 35.407 35.293
35.897 35.908 35.699 35.706 35.752 35.717 35.716 35.667 35.669 38.286 36.743 36.568 35.31 35.276 35.22 35.222 35.149 35.263 35.265 35.182 35.264 35.24 35.488 38.154 40.24 39.876 40.529 40.487 39.842 39.73 40.467 40.965 39.958 39.754 40.286 40.671 40.227 39.517 40.026 40.52 38.587 36.506 35.05 34.628 34.706 34.722 34.703 34.995 36.012 36.688 36.635 34.947 34.842 34.993 34.132 34.117 34.22 34.129 34.092 34.072 34.071 34.16 34.302 34.53 34.453 34.905 35.054 35.224 35.789 35.425 35.356 35.295
35.958 35.814 35.762 35.84 35.818 35.81 35.73 35.72 38.198 40.525 38.545 35.4 35.33 35.219 35.229 35.236 35.213 35.214 35.234 35.227 35.262 35.393 36.176 37.889 38.081 38.543 39.599 40.272 40.772 39.882 39.648 40.425 40.883 40.614 39.575 40.135 40.897 40.456 39.432 38.424 36.436 34.645 34.761 34.739 34.799 34.808 34.838 34.859 34.875 35.125 34.468 34.606 34.611 34.312 34.21 34.061 34.169 34.1 34.165 34.123 34.021 34.043 34.071 34.133 34.069 34.25 34.874 35.104 35.494 35.45 35.295 35.147
35.822 35.811 35.785 35.848 35.842 35.741 35.716 36.402 37.36 40.094 35.372 35.302 35.324 35.23 35.225 35.21 35.216 35.205 35.247 35.215 35.223 35.222 36.007 35.708 35.589 35.342 38.801 39.535 40.215 40.828 40.17 39.875 40.125 40.7 40.883 39.89 39.85 40.521 38.831 36.536 34.757 34.719 34.769 34.766 34.806 34.809 34.865 34.875 34.963 34.663 34.557 34.541 34.448 34.357 34.141 34.041 34.061 34.118 34.139 34.092 34.102 33.996 34.053 34.948 35.736 34.548 34.013 34.718 35.432 36.269 35.114 35.074
35.849 35.81 35.85 35.819 35.789 35.795 36.42 36.865 36.903 35.75 35.346 35.258 35.299 35.236 35.228 35.166 35.164 36.209 35.441 35.169 35.225 35.209 35.267 35.221 35.227 35.275 35.333 36.187 39.313 39.884 40.711 40.693 39.632 39.806 40.719 40.811 39.215 36.934 35.788 35.155 34.767 34.851 34.816 34.814 34.87 34.844 35.099 35.241 34.559 34.588 34.537 34.493 34.388 34.387 34.295 34.194 34.121 34.124 34.097 34.141 34.101 34.124 34.067 34.132 34.866 36.654 34.66 36.114 35.364 35.014 35.018 35.092
35.909 35.909 35.881 35.838 35.835 36.193 39.168 37.13 38.341 36.819 35.362 35.295 35.316 35.293 35.209 35.243 35.136 35.742 35.262 35.189 35.187 35.158 35.231 35.192 35.202 35.241 35.246 35.271 35.367 39.157 39.691 40.372 40.84 39.774 39.669 40.472 36.803 34.765 34.742 34.829 34.845 34.865 34.836 34.93 34.924 34.934 35.594 34.841 34.617 34.585 34.609 34.528 34.5 34.384 34.459 34.314 34.141 34.065 34.103 34.087 34.111 34.12 34.14 35.266 34.117 34.135 34.073 36.05 35.182 34.96 35.005 34.988
36.034 35.919 35.85 35.923 36.177 36.698 37.83 37.638 40.039 39.771 35.335 35.232 35.262 35.274 35.285 35.204 35.158 35.286 35.1 35.272 35.254 35.167 35.171 35.188 35.175 35.199 35.215 35.196 35.279 35.278 36.566 39.695 40.309 40.785 40.433 37.297 34.758 34.775 34.883 34.835 34.871 34.885 34.853 34.939 34.87 35.534 34.717 34.665 34.601 34.697 34.654 36.611 37.019 37.444 34.668 34.445 34.326 34.105 34.106 34.02 34.143 34.079 34.114 34.287 34.053 34.397 34.584 35.467 34.994 34.874 34.905 34.976
36.071 36.032 35.883 36.057 36.575 36.594 38.79 39.345 39.87 36.902 36.653 35.465 35.371 35.196 35.206 35.168 35.156 35.175 35.684 35.482 35.583 35.092 35.099 35.127 35.146 35.14 35.181 35.237 35.23 35.274 35.34 36.608 39.759 40.322 40.799 34.761 34.724 34.845 34.89 34.855 34.871 34.87 34.957 34.959 36.067 34.787 34.549 34.649 34.723 34.836 36.822 39.911 40.601 40.785 36.253 34.702 34.369 34.252 34.065 33.99 34.066 34.125 34.186 34.09 34.065 34.003 34.695 35.215 34.808 34.903 34.852 34.941
36.057 36.011 36.046 36.516 36.776 38.708 40.798 40.186 39.659 36.146 35.511 35.724 35.329 35.265 35.269 35.25 35.157 35.138 35.213 35.243 35.247 35.02 35.104 35.076 35.143 35.126 35.116 35.225 35.26 35.295 35.26 35.306 38.023 39.194 35.265 34.773 34.763 34.765 34.84 34.837 34.917 34.927 35.009 35.008 35.18 34.609 34.599 34.693 34.877 37.244 40.218 40.727 40.717 40.808 40.819 35.677 34.585 34.417 34.186 34.056 33.948 34.046 34.057 34.088 34.056 33.987 35.629 34.964 34.784 34.828 34.838 34.886
36.087 36.116 36.271 36.823 39.18 39.27 40.021 40.567 40.23 39.141 36.049 35.383 35.299 35.271 35.245 35.261 35.197 35.241 35.132 35.165 35.067 35.052 34.994 35.013 35.042 35.101 35.114 35.13 35.194 35.12 35.246 35.267 35.38 34.842 34.765 34.781 34.847 34.869 34.898 34.956 34.941 35.023 35.037 35.846 34.671 34.626 34.628 34.786 38.883 40.328 40.718 40.766 40.877 40.886 41.048 39.939 35.204 34.467 34.302 34.14 33.987 34.011 34.006 34.051 34.061 34.082 34.813 34.784 34.77 34.725 34.768 34.778
36.212 36.487 36.851 38.776 40.822 40.753 39.663 39.711 40.612 40.845 39.15 35.487 35.352 35.292 35.304 35.236 35.254 35.195 35.198 35.199 35.061 35.039 34.977 35.03 34.956 35.011 35.072 35.067 35.091 35.118 35.141 35.177 35.123 34.79 34.85 34.801 34.854 34.87 34.896 34.927 34.976 35.052 35.022 34.69 34.722 34.678 35.525 37.869 40.593 40.74 40.859 40.895 40.94 41.078 41.056 40.908 39.636 34.819 34.498 34.218 34.027 33.949 34.044 34.086 34.082 34.103 34.999 34.696 34.706 34.599 34.661 34.679
36.277 36.867 36.663 40.3 40.078 40.781 40.824 39.552 39.903 40.359 40.91 40.023 37.913 35.381 35.372 35.28 35.298 35.283 35.222 35.133 35.128 35.08 35.067 34.987 34.938 34.953 35.036 34.978 35.027 35.086 35.113 35.172 34.86 34.878 34.851 34.9 34.894 34.852 34.954 34.989 35.076 36.467 34.849 37.055 36.444 35.516 40.076 40.673 40.675 40.781 40.942 41.094 41.066 40.965 40.916 40.777 40.751 38.093 34.573 34.228 34.177 34.012 34.047 34.026 34.037 34.086 34.708 34.571 34.563 34.672 34.594 34.929
36.81 36.956 40.248 40.788 40.731 40.983 40.619 40.904 40.264 39.721 40.181 40.736 40.741 36.509 35.428 35.292 37.025 36.039 35.849 35.134 35.169 35.105 35.066 35.011 34.957 34.87 34.919 34.944 34.964 35.024 35.373 35.005 34.942 34.912 34.928 34.891 34.937 35.027 35.065 35.237 35.896 36.459 37.285 37.441 38.798 40.106 40.663 40.656 40.802 40.877 41.036 41.073 40.96 40.892 40.822 40.779 40.501 36.48 34.54 34.328 34.111 34.051 34.012 34.082 34.107 34.812 34.605 34.501 34.5 34.461 34.553 35.109
37.176 40.063 39.752 40.275 40.902 40.638 39.893 39.982 40.887 40.506 39.468 39.961 40.614 40.888 38.97 36.453 37.578 37.166 35.643 35.188 35.2 35.156 35.075 35.037 34.995 34.922 34.918 34.862 34.914 34.947 35.671 36.017 35.105 34.948 34.921 34.973 34.971 35.052 37.331 37.064 36.662 37.415 37.49 39.567 40.646 40.652 40.729 40.768 40.92 40.96 41.02 40.909 40.869 40.77 40.731 40.605 36.609 34.723 34.455 34.3 34.172 34.059 34.044 33.971 34.089 34.906 34.642 34.358 34.467 34.41 34.433 34.861
39.379 40.503 39.929 39.493 40.3 40.76 40.732 40.512 40.151 40.548 40.704 39.665 39.93 40.611 40.843 39.234 36.914 35.436 35.208 35.245 35.173 35.189 35.106 35.102 34.974 34.956 34.935 34.838 34.762 34.821 34.916 35.123 34.973 34.968 35.048 34.992 35.048 35.094 37.109 37.893 37.448 37.637 39.757 40.614 40.661 40.796 40.817 40.958 40.95 40.959 40.889 40.788 40.796 40.705 40.396 35.4 34.718 34.565 34.472 34.257 34.12 34.657 34.685 34.097 34.339 34.565 34.425 34.337 34.354 34.316 34.425 35.203
41.986 41.31 40.715 39.986 39.56 39.991 40.587 41.003 40.909 40.203 40.443 40.842 39.984 39.551 40.172 40.931 40.117 37.649 35.388 35.287 35.691 35.228 35.13 35.103 35.059 34.974 34.938 34.955 35.101 34.922 34.967 34.984 34.932 34.972 35.04 35.497 35.58 36.372 37.366 37.393 39.174 40.279 40.653 40.693 40.809 40.884 40.963 40.901 40.884 40.775 40.766 40.659 40.619 37.497 34.82 34.689 34.632 34.457 34.403 34.21 34.127 34.334 34.655 34.972 34.564 34.567 34.24 34.27 34.27 34.262 34.352 34.65
