dsm/se3035_DSM_2M.asc
ncols 500
nrows 500
xllcorner    430000
yllcorner    435000
cellsize     2
NODATA_value -9999
[rows 448 to 479 of 500, columns 0 to 70 of 500]
46.86 46.692 46.64 46.65 48.065 52.44 53.08 53.152 52.52 51.855 46.915 48.695 46.182 45.777 45.417 46.495 45.392 45.372 45.37 45.485 48.62 46.192 48.172 50.802 51.402 50.947 46.55 45.127 44.945 44.79 44.73 44.665 44.647 44.33 44.222 44.172 44.057 44.307 49.65 50.187 49.645 44.165 43.972 43.975 43.862 44.58 43.927 43.792 43.745 43.712 43.592 43.529 43.544 43.522 43.902 49.027 49.574 49.729 50.454 49.967 49.449 47.647 42.947 45.537 43.762 42.487 42.404 42.404 42.449 42.512 42.494
46.892 46.752 46.662 46.597 46.647 51.91 52.557 53.217 53.012 52.38 51.74 48.475 45.992 45.797 45.622 45.425 45.36 45.402 45.4 45.415 45.497 45.522 45.712 47.22 50.932 51.412 50.81 45.507 45.06 45.02 45.025 44.952 44.617 44.842 44.337 44.292 44.17 43.995 46.567 49.787 50.16 49.53 44.015 44.11 43.88 43.835 44.32 43.917 43.817 43.775 43.887 43.689 43.604 44.062 49.189 49.712 49.484 48.964 48.024 49.324 48.304 46.122 42.929 43.124 42.769 42.629 42.592 42.592 42.589 42.664 42.654
46.862 46.892 46.675 46.522 46.26 47.48 52.065 52.672 53.292 52.882 52.265 50.5 47.475 48.242 45.985 45.625 45.42 45.362 45.422 45.427 45.492 45.732 45.562 45.467 48.967 51.07 51.345 50.45 45.187 45.082 45.03 44.992 44.67 44.53 44.54 44.407 44.29 44.105 43.985 48.355 49.902 50.032 48.365 46.73 43.977 43.825 43.81 43.82 43.77 43.722 43.667 43.96 47.72 49.305 49.76 49.355 48.465 46.297 43.535 44.312 43.522 45.5 43.107 42.932 42.885 42.887 42.86 42.767 42.762 42.76 42.737
46.91 46.84 46.745 46.595 46.635 46.775 49.77 52.16 52.802 53.355 52.752 52.11 50.84 46.42 46.16 45.895 45.577 45.395 45.39 45.45 45.462 45.557 46.122 45.497 45.312 50.567 51.207 51.2 49.775 45.19 45.135 44.825 44.727 44.775 44.527 44.557 44.422 44.347 44.125 43.94 48.935 50.042 49.905 47.617 43.897 43.83 43.77 43.745 43.707 43.682 43.647 43.607 47.957 49.477 49.62 48.415 43.58 43.842 43.512 43.505 43.5 43.39 43.12 43.29 43.175 43.155 43.09 42.992 42.912 42.912 42.88
47.1 46.81 46.867 46.727 46.61 46.43 46.26 51.425 52.295 52.915 53.275 52.625 51.977 47.657 48.682 47.735 45.777 45.477 45.392 45.43 45.485 45.487 45.585 45.615 46.48 47.442 50.702 51.315 51.087 48.352 45.29 45.04 44.807 44.707 44.785 44.567 44.527 44.472 44.252 44.097 44.2 49.19 50.14 46.292 43.915 43.89 43.835 43.805 43.785 43.74 43.705 43.652 43.585 48.87 49.6 49.445 45.765 43.512 43.505 43.495 43.45 43.347 43.242 44.052 45.902 43.437 43.317 43.24 43.122 43.065 42.997
47.272 47.07 46.825 46.935 46.697 46.582 46.415 46.22 51.767 52.412 53.06 53.14 52.5 51.862 48.6 46.152 45.977 45.775 45.512 45.487 45.472 45.512 45.525 45.62 45.475 45.35 45.337 50.825 51.42 50.957 45.937 45.137 44.99 44.81 44.702 44.767 44.63 44.517 44.342 44.262 44.032 44.512 44.922 43.992 44.362 44.53 44.467 44.36 44.312 44.167 43.917 43.702 43.597 43.577 48.342 49.7 49.3 44.847 44.61 43.487 43.47 43.432 43.38 43.397 43.54 43.585 43.552 43.457 43.29 43.16 43.135
47.522 47.265 47.037 46.815 46.837 46.862 46.955 46.197 46.462 51.902 52.535 53.182 53.02 52.382 51.755 47.457 48.647 46.007 45.83 45.575 46.132 45.507 45.535 45.552 45.645 45.325 45.3 45.695 50.94 51.415 50.815 45.525 45.137 44.955 44.995 44.812 44.622 44.57 44.422 44.35 44.852 44.162 44.405 45.24 45.317 44.9 45.022 44.865 44.725 44.59 44.37 43.877 43.69 43.587 44.227 49.215 49.752 49.207 43.98 45.625 43.512 43.522 43.547 43.52 43.565 43.635 43.66 43.455 43.385 43.337 44.077
47.88 47.597 47.295 47.022 46.867 46.987 46.787 46.565 46.392 47.662 52.042 52.66 53.29 52.9 52.25 51.43 46.855 45.885 45.677 45.795 45.767 45.647 45.535 45.557 45.585 45.675 45.442 46.055 49.65 51.057 51.305 50.705 45.205 45.28 44.997 44.895 44.887 44.577 44.965 44.442 44.372 44.845 45.267 45.467 45.65 45.705 45.207 45.205 45.072 44.902 44.635 44.35 43.877 43.722 43.632 45.852 49.337 49.722 49.09 44.89 44.222 43.662 43.68 43.7 43.7 43.725 43.632 43.592 43.732 44.082 46.472
48.245 47.945 47.595 47.25 46.97 46.922 46.832 46.69 46.445 46.315 49.487 52.125 52.78 53.332 52.775 52.12 48.927 48.61 47.465 45.867 45.587 46.67 45.535 45.575 45.562 45.645 45.695 45.452 45.457 49.882 51.195 51.195 49.4 45.33 45.292 44.937 44.897 44.807 44.605 44.555 45.102 45.287 45.442 46.04 45.85 45.792 45.83 45.322 45.312 45.09 44.772 44.135 44.015 43.9 43.842 43.605 47.615 49.465 49.622 48.602 44.402 44.197 43.807 43.832 43.84 43.81 43.822 44.385 46.415 43.987 49.397
48.572 48.275 47.92 47.542 47.305 46.947 47.1 46.812 46.67 46.605 46.345 51.22 52.28 52.92 53.285 52.635 51.995 49.685 46.207 46.14 45.677 45.587 45.532 45.56 45.605 45.56 45.642 45.545 45.217 45.202 50.665 51.3 51.06 48.667 45.292 45.21 44.925 44.757 44.702 45.857 45.617 45.555 46.035 47.502 51.417 45.87 45.785 45.6 45.612 45.092 44.462 44.305 44.19 44.195 43.945 43.697 43.675 48.627 49.605 49.47 47.417 44.517 44.085 43.962 43.97 43.982 44.91 44.225 47.46 49.637 50.155
48.915 48.602 48.302 47.9 47.517 47.255 46.947 47.04 46.97 46.875 46.372 46.297 51.757 52.405 53.04 53.17 52.527 51.877 46.717 48.735 46.485 45.767 45.615 45.55 45.602 45.602 45.555 45.647 45.397 45.415 45.327 50.787 51.447 50.927 46.337 45.25 44.887 45.34 47.365 45.85 46.047 46.027 49.075 51.662 51.967 50.43 45.805 45.742 45.835 45.407 44.882 44.44 44.422 44.32 44.19 44.107 43.725 43.962 49.075 50.065 49.945 47.362 46.632 44.1 44.145 44.882 47.535 46.565 50.355 50.272 50.83
49.242 48.882 48.572 48.232 47.852 47.492 47.215 46.997 47.11 46.907 46.852 46.377 46.397 51.877 52.53 53.19 53.037 52.38 51.74 46.922 46.11 45.795 45.687 45.582 45.622 45.612 45.58 45.565 45.68 45.617 45.277 48.132 50.925 51.382 50.18 45.06 45.775 46.065 45.957 46.357 46.085 50.94 51.8 52.112 51.977 51.835 49.79 45.885 45.877 45.825 45.447 45.43 44.465 44.437 44.455 44.35 44 43.737 45.477 49.817 50.372 49.822 44.462 44.36 44.3 44.372 47.317 50.492 51.005 51.497 50.78
49.51 49.105 48.79 48.507 48.212 47.837 47.485 47.177 47.11 46.977 47.07 46.887 46.39 48.232 51.995 52.652 53.287 52.922 52.27 51.237 48.712 48.04 45.752 45.625 45.642 45.645 45.615 45.602 45.627 45.697 45.492 47.132 47.797 49.327 45.165 45.415 45.727 45.725 45.94 46.265 51.415 51.925 51.992 51.482 51.465 52.092 51.692 46.957 45.877 45.827 45.59 45.42 44.747 44.525 44.567 44.535 44.445 44.022 43.94 45.742 49.95 50.322 49.695 44.31 44.417 44.502 44.785 51.102 51.592 51.245 50.55
49.81 49.377 49.07 48.79 48.482 48.132 47.745 47.465 47.147 47.185 47.32 47.165 47.312 46.44 49.522 52.14 52.787 53.332 52.77 52.117 50.11 45.907 45.725 45.69 45.69 45.705 45.672 45.642 45.63 45.642 45.742 45.622 45.415 45.26 45.91 45.842 45.955 45.95 46.74 51.542 52.05 51.872 51.355 46.167 46.812 51.607 52.125 51.557 46.302 45.857 45.75 45.417 45.192 44.885 44.61 44.595 44.45 44.25 44.177 44.092 47.54 50.037 50.212 49.335 44.542 45.207 48.942 50.412 51.135 50.612 49.347
50.112 49.697 49.35 49.055 48.727 48.415 48.052 47.7 47.422 47.112 47.135 47.185 46.705 46.515 46.27 51.417 52.255 52.897 53.277 51.065 45.972 45.807 45.77 45.75 45.78 45.772 45.762 45.712 45.682 45.645 45.705 45.685 45.587 45.655 45.447 46.29 45.942 50.017 51.667 52.112 51.737 49.797 47.5 47.28 45.86 47.315 51.712 52.085 51.452 45.927 45.872 45.777 45.497 45.145 44.907 44.772 44.712 44.635 44.462 44.322 44.35 49.395 50.765 50.685 49.812 49.81 50.532 50.905 50.49 48.7 44.582
50.43 49.985 49.627 49.305 48.952 48.715 48.372 47.96 47.64 47.357 47.037 47.017 46.86 46.7 46.467 46.277 51.68 52.42 48.182 46.05 48.675 47.177 45.855 45.842 45.85 45.855 45.815 45.792 45.76 45.707 45.647 45.74 45.822 45.877 45.865 45.867 50.85 51.79 52.115 51.615 49.495 45.885 45.907 45.842 45.81 45.847 49.787 51.852 51.955 51.262 45.912 45.835 45.897 45.71 45.167 44.787 44.81 44.742 44.667 44.595 44.592 44.477 50.275 50.912 50.557 50.687 50.875 50.375 49.57 45.805 44.515
50.742 50.3 49.925 49.562 49.192 48.897 48.58 48.23 47.82 47.517 47.2 46.952 46.917 46.755 46.582 46.365 46.432 46.677 46.2 48.755 48.697 48.615 46.417 45.937 45.927 45.915 45.89 45.865 45.84 45.795 45.74 45.685 45.752 45.832 45.845 45.875 46.322 52 51.512 49.357 46.01 45.915 45.887 45.845 45.797 45.842 45.947 51.347 51.997 51.817 49.337 45.942 45.775 45.635 45.44 45.147 44.835 44.9 44.825 44.91 44.76 44.69 44.785 50.407 50.965 50.76 50.26 48.975 44.627 44.682 45.202
50.96 50.557 50.15 49.762 49.43 49.107 48.802 48.51 48.085 47.69 47.412 47.065 46.892 46.795 46.622 46.72 46.332 47.697 48.842 48.807 48.712 48.24 46.182 46.057 46.025 45.977 45.965 45.937 45.905 45.847 45.8 45.737 45.745 46.965 45.912 45.935 45.92 46.825 45.942 47.457 45.925 45.897 45.875 45.887 45.925 45.887 47.025 46.055 51.485 52.097 51.712 47.46 45.817 45.775 45.7 46.042 45.062 44.92 45.042 44.967 44.887 44.807 44.732 45.49 50.512 49.86 44.802 44.76 44.602 44.432 44.352
51.237 50.812 50.417 50.02 49.695 49.385 49.05 48.8 48.437 47.997 47.582 47.26 46.922 46.79 46.697 46.525 48.462 48.945 48.902 48.797 47.137 46.27 46.177 46.145 46.08 46.07 46.04 46.015 45.96 45.917 45.845 45.87 48.647 51.695 46.807 46.312 45.952 45.967 45.947 45.915 45.88 45.847 45.93 46.005 46.025 45.942 45.932 45.972 46.605 51.642 52.142 51.582 46.315 45.897 45.855 45.802 45.475 45.142 44.992 45.022 44.997 44.935 44.857 44.747 47.367 44.96 44.862 44.952 44.667 44.41 44.207
51.595 51.18 50.745 50.357 50.015 49.667 49.342 48.997 48.74 48.335 47.867 47.46 47.07 46.775 46.655 49.077 49.057 48.967 48.907 47.512 46.352 46.312 46.262 46.22 46.167 46.15 46.127 46.39 46.045 45.997 46.02 45.987 51.497 52.08 51.547 49.422 46.62 45.98 45.945 45.902 45.862 45.877 45.957 46.012 46.042 46.02 45.905 45.917 45.952 47.637 51.75 52.097 51.185 45.982 45.89 45.82 45.59 45.77 45.155 45.137 45.127 45.085 44.99 45.067 45.07 45.38 46.295 44.85 44.912 44.722 44.34
51.945 51.57 51.117 50.695 50.345 49.985 49.697 49.375 49.052 48.615 48.24 47.77 47.202 46.765 49.15 49.147 49.057 47.097 46.55 46.43 46.41 46.385 46.347 46.287 46.247 46.645 46.207 46.565 46.182 46.157 46.17 45.967 47.235 51.63 52.032 51.412 45.92 46.002 45.995 45.95 45.877 45.845 45.925 45.97 46.01 46.03 46.012 45.887 45.927 48.107 50.717 51.877 51.972 51.26 45.925 45.842 45.767 45.54 45.502 45.382 45.407 45.22 45.197 45.147 45.022 46.012 45.067 44.937 44.895 45 44.575
52.245 51.882 51.467 51.06 50.672 50.357 50.105 49.805 49.427 48.992 48.59 48.182 47.545 47.012 46.74 49.127 48.612 46.605 46.52 46.5 46.48 46.442 46.41 46.385 46.335 47.062 46.35 46.322 46.322 46.36 46.177 46.037 45.892 49.237 51.757 51.935 51.287 45.972 45.965 45.967 45.885 45.86 45.87 45.942 45.995 46.022 46.042 45.982 45.9 46.177 45.912 51.362 52.012 51.85 48.795 45.8 45.822 45.742 45.7 45.505 45.27 45.265 45.575 45.115 45.105 45.082 45.05 45.002 44.957 45.307 44.912
52.47 52.12 51.762 51.4 51.03 50.672 50.437 50.17 49.787 49.377 49.017 48.547 47.94 47.455 46.905 47.392 46.67 46.607 46.592 46.572 46.552 46.512 46.49 46.445 46.425 46.39 46.535 46.505 46.35 46.382 46.28 46.175 46.305 45.895 50.907 51.887 51.81 50.365 48.542 45.98 45.877 45.882 45.88 45.877 45.98 46.01 46.03 45.987 45.94 45.912 45.895 45.87 51.512 52.12 51.73 46.665 45.892 46.67 45.73 45.492 45.335 45.252 45.282 46.747 45.177 45.147 45.11 45.082 45.027 44.992 45.02
52.745 52.417 52.102 51.727 51.4 51.09 50.802 50.497 50.102 49.777 49.382 48.902 48.34 47.787 47.37 46.855 46.755 46.69 46.67 46.652 46.622 46.587 46.552 47.152 46.507 46.532 46.695 46.532 46.56 46.422 46.432 46.36 46.275 46.052 45.875 50.97 52.01 51.672 47.592 45.895 45.9 45.9 45.857 45.865 45.875 45.94 45.97 45.902 45.865 45.882 45.92 45.915 46.487 51.637 52.207 51.612 46.465 45.885 45.612 45.445 46.192 45.315 45.307 45.29 45.24 45.217 45.192 45.142 45.095 45.077 47.38
53.017 52.71 52.415 52.115 51.742 51.422 51.16 50.805 50.417 50.102 49.695 49.25 48.737 48.192 47.72 47.312 46.862 46.775 46.747 46.717 46.695 46.657 46.627 46.625 46.602 47.042 46.567 46.715 46.557 46.955 46.552 46.567 46.44 46.257 45.945 46.067 51.512 52.075 51.557 46.187 45.912 45.912 45.87 45.862 45.812 45.852 45.82 45.842 45.88 46.512 46.702 45.915 48.437 49.015 51.752 52.102 51.477 45.672 45.562 46.89 45.9 45.507 45.385 45.347 45.337 45.3 45.262 45.222 45.237 47.632 47.642
53.262 52.99 52.707 52.415 52.08 51.725 51.417 51.087 50.772 50.427 50.055 49.642 49.145 48.59 48.057 47.587 47.242 46.905 46.812 46.8 46.762 46.732 46.742 47.63 52.252 46.885 46.55 46.615 46.595 46.617 46.602 46.785 46.522 46.375 46.24 45.927 47.755 51.65 52.03 51.432 47.51 47.417 45.862 45.867 45.82 45.777 45.822 46.16 45.822 47.072 49.257 46.02 45.93 45.942 49.862 51.89 45.735 45.617 45.535 46.38 46.67 45.497 45.452 45.43 45.412 45.372 45.332 45.99 47.772 47.762 47.685
53.54 53.275 53.02 52.76 52.487 52.112 51.797 51.46 51.14 50.762 50.42 50.015 49.542 48.995 48.475 48 47.56 47.175 46.95 46.855 46.832 46.85 47.242 52.41 52.767 51.87 46.58 46.555 46.612 47.49 46.757 46.622 46.72 46.545 46.455 46.23 46.05 48.64 51.76 51.92 51.185 45.982 45.882 45.872 45.847 45.855 45.855 47.947 48.147 48.372 51.572 52.097 45.907 45.94 45.95 45.812 45.687 45.655 45.66 45.635 45.692 45.6 45.555 45.515 45.497 46.357 46.825 48.05 47.865 47.79 46.522
53.782 53.555 53.29 53.062 52.795 52.53 52.225 51.895 51.51 51.112 50.767 50.395 49.955 49.49 48.96 48.495 48.037 47.612 47.167 47 46.985 46.892 46.65 51.32 52.512 52.655 51.627 46.602 47.687 47.055 46.955 46.765 46.605 46.655 46.595 46.435 46.27 45.935 50.432 51.872 51.805 49.852 46.11 46.015 45.88 45.872 45.875 45.91 50.947 51.725 52.207 52.73 51.73 45.907 45.91 45.842 45.77 45.76 45.75 45.732 45.702 45.665 45.642 45.577 45.757 45.657 47.345 45.81 47.542 45.107 44.73
53.992 53.79 53.587 53.342 53.06 52.8 52.55 52.227 51.847 51.49 51.127 50.785 50.387 49.967 49.442 48.962 48.522 48.11 47.685 47.32 47.1 47.127 47.207 48.29 51.847 52.655 52.742 50.86 47.237 47.097 46.957 46.93 46.845 46.717 46.73 46.595 46.465 46.175 45.962 50.602 52.027 51.687 50.432 46.49 45.922 46.892 46.577 51.33 51.837 52.367 52.825 52.442 51.932 49.087 46.055 45.992 45.93 45.862 47.187 45.885 45.78 45.737 45.722 45.655 45.662 45.95 45.77 45.72 45.092 44.91 44.615
54.2 53.995 53.815 53.56 53.317 53.047 52.765 52.485 52.162 51.85 51.547 51.205 50.865 50.432 49.935 49.447 48.982 48.565 48.142 47.785 47.457 47.26 47.212 46.982 46.82 52.575 53.33 52.972 48.42 47.247 46.987 47.422 46.972 47.027 46.785 46.71 46.555 46.435 46.175 45.85 51.517 52.085 51.577 46.05 46.08 49 51.455 51.967 52.48 52.785 52.337 51.815 50.855 45.96 46.212 46.195 46.055 46.06 45.92 46.817 45.942 45.84 45.797 45.712 45.607 45.617 45.547 45.45 45.35 45.227 44.922
54.322 54.14 53.955 53.752 53.517 53.262 53 52.722 52.445 52.165 51.882 51.565 51.215 50.84 50.387 49.937 49.492 49.057 48.562 48.16 47.87 47.507 47.42 47.352 47.182 48.437 52.847 53.382 52.847 47.395 47.277 47.172 47.142 47.072 46.867 47.06 46.787 46.74 46.475 45.835 46.777 51.637 52.075 51.477 49.025 51.565 52.06 51.827 52.35 52.19 51.67 49.107 45.957 46.222 46.47 46.45 46.322 46.145 46.852 46.115 46.127 45.967 45.905 45.792 45.687 45.535 45.415 45.312 45.277 45.25 45.155
54.402 54.235 54.065 53.897 53.685 53.442 53.205 52.957 52.695 52.425 52.167 51.86 51.522 51.182 50.77 50.37 49.982 49.54 49.07 48.597 48.202 47.917 47.607 47.59 47.425 49.692 49.07 52.955 53.317 52.805 47.717 47.71 47.332 47.2 47.115 46.905 47.065 46.96 46.752 46.362 45.832 48.81 51.79 51.992 51.7 52.122 51.702 50.612 46.015 50.61 47.49 45.972 46.965 46.61 46.76 46.822 46.615 46.44 46.325 46.34 47.905 46.095 45.997 45.86 45.702 45.567 45.42 45.28 45.155 45.037 45.077
