dsm/se3032_DSM_2M.asc
ncols 500
nrows 500
xllcorner    430000
yllcorner    432000
cellsize     2
NODATA_value -9999
[rows 96 to 127 of 500, columns 216 to 287 of 500]
26.676 26.63 26.599 26.599 26.718 26.927 26.57 26.535 26.633 29.916 29.924 29.821 28.122 32.051 34.084 34.029 32.623 32.143 32.456 31.669 31.198 32.121 32.896 34.133 33.647 32.475 32.577 33.492 33.82 32.851 30.647 26.694 26.349 26.384 26.405 26.415 26.367 26.466 26.487 26.535 26.647 26.7 26.747 26.719 26.671 26.628 26.599 26.471 26.38 26.482 26.414 26.432 26.385 26.385 26.492 26.57 26.68 26.782 26.905 26.975 27.012 27.01 27.012 27.037 27.047 27.065 27.065 27.087 26.062 25.93 25.95 27.02
26.639 26.575 26.563 26.554 26.666 26.604 26.538 26.696 30.285 30.268 30.115 30.052 29.629 29.24 33.969 33.984 33.932 29.088 32.096 31.981 28.704 31.573 32.525 33.649 34.022 32.927 32.27 33.273 34.114 33.253 32.375 27.389 26.425 26.338 26.409 26.44 26.406 26.446 26.464 26.529 26.604 26.722 26.717 26.691 26.637 26.674 26.653 26.507 26.5 26.354 26.674 26.41 26.403 26.344 26.457 26.615 26.785 26.782 26.882 27.045 26.992 26.99 26.995 27.005 27.025 27.035 27.055 27.04 26.042 25.927 25.935 25.882
26.507 26.585 26.598 26.583 26.6 26.589 26.777 30.462 30.558 30.398 30.331 30.242 30.12 29.157 30.328 34.002 34.014 31.73 32.626 33.188 31.959 31.641 32.231 33.417 34.041 33.181 32.281 32.901 33.827 33.752 32.801 29.075 26.452 26.276 26.384 26.417 26.417 26.339 26.475 26.456 26.514 26.636 26.7 26.73 26.673 26.638 26.712 26.65 26.717 26.483 27.349 26.389 26.397 26.347 26.448 26.615 28.255 26.742 26.862 27.012 26.962 26.95 26.97 26.975 27 27.027 27.017 27.03 26.005 25.932 25.915 25.89
26.575 26.733 26.717 26.561 26.563 26.519 28.925 30.341 30.449 30.515 30.565 30.404 30.352 30.031 30.242 33.973 34.018 32.591 32.065 32.538 32.909 31.83 31.932 32.758 33.909 33.59 32.993 32.559 33.473 34.001 33.034 31.895 26.519 26.266 26.37 26.392 26.42 26.338 26.378 26.449 26.563 26.559 26.662 26.7 26.653 26.627 26.663 26.665 26.563 26.449 26.402 26.373 26.405 26.368 26.425 26.622 28.877 26.71 26.81 26.947 26.907 26.93 26.937 26.967 26.977 26.995 26.972 26.91 25.97 25.917 25.917 25.892
26.752 27.319 26.723 26.562 26.535 26.526 29.642 30.196 30.291 30.363 30.384 30.54 30.542 30.457 29.402 33.012 34.019 33.998 31.784 32.579 31.975 30.349 31.634 32.492 33.596 33.934 33.008 32.173 33.048 34.027 33.393 32.265 27.53 26.306 26.346 26.412 26.409 26.41 26.346 26.453 26.564 26.585 26.682 26.677 26.668 26.604 26.63 26.635 26.559 26.515 26.361 26.355 26.384 26.385 26.33 26.48 26.635 26.657 26.767 26.882 26.872 26.885 26.917 26.937 26.957 26.95 26.965 26.752 25.922 25.922 25.897 25.915
26.782 26.598 26.547 26.564 26.528 26.684 29.585 29.946 30.069 30.156 30.205 30.295 30.39 30.514 28.527 28.886 34.007 34.048 32.146 27.808 32.879 29.353 31.807 32 33.221 34.11 33.418 32.444 32.584 33.704 33.887 33.055 28.941 26.466 26.341 26.424 26.368 26.404 26.377 26.458 26.574 26.581 26.6 26.659 26.576 26.613 26.613 26.626 26.591 26.488 26.427 26.3 26.375 26.371 26.323 26.423 26.592 26.597 26.727 26.81 26.837 26.86 26.875 26.91 26.935 26.94 26.92 26.695 25.842 25.925 25.877 25.917
26.664 26.634 26.587 26.566 26.563 29.098 29.808 29.832 29.882 30.01 30.028 30.102 30.156 30.261 29.765 27.473 33.883 34.017 33.795 28.993 31.238 32.268 32.096 31.846 32.732 33.822 33.7 32.857 32.42 33.394 33.956 33.379 32.013 27.129 26.374 26.387 26.425 26.405 26.364 26.431 26.464 26.562 26.651 26.635 26.633 26.599 26.617 26.596 26.56 26.492 26.498 26.315 26.331 26.378 26.353 26.363 26.5 26.552 26.667 26.792 26.797 26.822 26.857 26.88 26.907 26.917 26.92 26.442 25.87 25.902 25.86 25.932
26.608 26.61 26.614 26.578 27.897 32.023 31.593 29.99 29.943 29.752 29.868 29.882 30.005 30.085 30.193 28.219 32.252 34.054 34.002 32.005 32.372 29.78 32.395 31.378 32.494 33.293 34.111 33.241 32.279 32.981 33.922 33.518 31.139 27.322 26.325 26.371 26.424 26.457 26.399 26.386 26.456 27.03 28.885 28.353 27.229 26.553 26.505 26.572 26.532 26.439 26.416 26.29 26.276 26.361 26.374 26.305 26.426 26.472 26.647 26.727 26.755 26.775 26.83 26.86 26.895 26.915 26.922 26.37 25.825 25.887 25.82 25.93
26.65 26.639 26.557 26.655 26.668 32.66 32.731 32.734 32.367 30.31 31.818 29.812 29.777 29.875 29.987 29.779 29.493 34.007 34.07 32.057 31.093 32.611 32.573 31.317 32.094 33.005 34.151 33.413 32.288 32.595 33.542 33.908 32.904 29.414 26.504 26.395 26.427 26.405 26.413 26.382 26.351 28.354 29.454 29.124 27.639 26.746 26.506 26.537 26.495 26.392 26.36 26.316 26.27 26.331 26.378 26.317 26.305 26.423 26.585 26.685 26.72 26.76 26.797 26.845 26.882 26.917 26.902 26 25.84 25.862 25.815 25.897
26.66 26.648 26.756 28.871 31.518 32.764 32.751 32.772 32.746 32.745 32.759 30.546 29.661 29.732 29.796 29.718 27.216 33.912 34.019 34.005 31.94 32.768 33.246 32.291 31.57 32.726 33.643 33.926 33.004 32.32 33.142 34.043 33.385 32.395 26.704 26.379 26.423 26.402 26.407 26.403 26.381 28.268 29.155 28.263 27.865 26.76 26.467 26.485 26.433 26.42 26.402 26.435 26.315 26.316 26.353 26.333 26.245 26.396 26.562 26.645 26.687 26.73 26.787 26.835 26.887 26.895 26.902 26.107 25.82 25.847 25.775 25.885
26.774 26.628 28.014 29.369 32.743 32.769 32.762 32.76 32.733 32.729 32.685 30.303 30.108 29.837 29.811 29.665 28.949 32.509 34.039 34.019 32.195 28.202 31.986 32.692 31.668 32.342 33.188 34.03 33.333 32.36 32.886 33.584 33.691 32.728 29.122 26.458 26.368 26.397 26.439 26.367 26.381 26.426 26.557 26.595 26.547 26.523 26.513 26.52 26.545 28.096 28.599 27.941 26.496 26.253 26.33 26.335 26.261 26.325 26.502 26.608 26.662 26.712 26.777 26.822 26.862 26.902 26.897 25.962 25.815 25.817 25.762 25.875
27.068 26.693 27.229 31.2 32.683 32.799 32.775 32.795 32.786 32.809 31.392 30.788 30.635 30.356 30.246 29.906 30.262 29.72 33.983 34.001 33.684 30.211 31.621 32.415 31.464 32.128 32.828 33.947 31.167 29.92 32.254 33.277 34.048 33.101 32.018 26.68 26.398 26.374 26.366 26.369 26.411 26.339 26.378 26.496 26.516 26.503 26.517 26.672 27.008 27.906 29.299 28.676 27.575 26.296 26.31 26.343 26.28 26.241 26.469 26.57 26.63 26.705 26.767 26.82 26.855 26.882 26.905 25.915 25.825 25.815 25.742 25.855
26.498 26.635 26.635 26.679 27.723 31.554 32.703 32.732 32.812 32.733 30.856 30.856 30.98 30.94 30.658 30.51 30.366 28.696 33.011 34.03 34.026 29.439 33.522 34.152 34.514 34.526 29.968 33.483 29.888 29.935 32.096 32.94 33.987 33.522 32.441 27.633 26.43 26.376 26.379 26.427 26.383 26.365 26.292 26.373 26.517 26.46 26.557 27.044 27.42 27.748 29.182 29.431 26.951 26.288 26.773 26.321 26.304 26.2 27.139 28.703 27.8 27.025 26.77 26.807 26.855 26.885 26.912 25.952 26.11 25.817 25.732 25.832
26.486 26.466 26.513 26.545 26.601 26.626 26.575 31.209 31.602 30.403 30.287 30.478 30.684 30.888 30.976 30.988 30.806 30.641 31.768 34.504 34.542 33.977 34.498 34.519 34.527 34.558 32.107 27.037 27.137 29.841 31.542 32.538 33.736 33.781 32.916 29.28 26.507 26.304 26.376 26.354 26.398 26.382 26.324 26.343 26.432 26.495 26.526 26.857 26.95 27.142 26.763 27.017 26.388 26.336 26.859 26.327 26.32 26.239 26.518 29.263 29.235 27.517 26.83 26.805 26.832 26.872 26.92 25.885 25.842 25.79 25.747 25.792
26.453 26.43 26.438 26.456 26.52 26.541 26.581 26.625 26.629 27.442 30.094 30.033 30.124 30.407 30.509 30.837 30.897 30.241 33.232 34.568 34.494 34.539 34.562 34.557 34.541 34.382 32.837 26.374 26.196 25.938 26.506 28.331 33.387 33.862 33.267 32.008 27.107 26.369 26.355 26.311 26.374 26.351 26.321 26.301 26.329 26.43 26.433 26.498 26.537 26.574 26.45 26.37 26.363 26.356 26.261 26.292 26.281 26.249 26.218 28.793 29.31 27.262 27.25 26.785 26.84 26.875 26.757 25.835 25.81 25.777 25.715 25.76
26.4 26.337 26.353 26.409 26.437 26.435 26.395 26.497 26.601 26.652 26.635 27.358 27.697 29.962 30.079 30.304 30.495 30.749 29.065 33.264 34.539 34.543 34.551 34.414 32.639 27.351 25.789 26.194 26.102 25.441 25.879 26.118 29.394 31.672 33.09 32.18 27.042 26.374 26.298 26.367 26.317 26.347 26.325 26.298 26.268 26.352 26.396 26.404 26.503 26.513 26.324 26.998 27.874 27.357 26.324 26.235 26.276 26.246 26.191 26.573 28.928 27.303 26.795 26.815 26.835 26.88 26.715 25.797 25.795 25.732 25.737 25.71
28.063 26.384 26.313 26.319 26.371 26.404 26.421 26.358 26.442 26.513 26.508 26.585 26.643 26.635 27.831 29.795 29.918 30.254 28.806 30.384 31.175 29.953 28.598 26.441 25.926 25.466 25.396 25.939 26.907 25.564 25.516 25.859 27.442 28.089 26.958 26.041 26.854 26.418 26.32 26.326 26.349 26.359 26.371 26.254 26.272 26.281 26.351 26.396 26.395 26.421 26.339 27.12 28.322 28.362 26.502 26.197 26.241 26.233 26.182 26.23 28.723 28.089 27.022 27.337 26.947 26.955 26.535 25.75 25.785 25.71 25.732 25.725
26.375 26.364 26.423 26.318 26.301 26.357 26.327 26.4 26.376 26.365 26.381 26.428 26.514 26.568 27.05 26.646 27.339 29.592 29.982 31.093 30.986 27.104 26.475 26.051 25.599 25.351 25.343 25.307 25.234 25.28 25.35 25.529 25.443 25.565 25.783 25.979 26.244 26.337 26.294 26.292 26.312 26.318 26.298 26.286 26.276 26.153 26.316 26.317 26.341 26.372 26.349 26.66 28.537 28.086 26.474 26.198 26.233 26.212 26.14 26.165 27.508 27.345 27.128 26.743 26.34 26.585 25.88 25.75 25.775 25.685 25.75 25.722
26.397 26.343 26.308 26.32 26.344 26.309 26.286 26.26 26.317 26.337 26.356 26.348 26.397 26.6 28.719 26.526 26.551 26.588 29.477 31.064 31.885 28.415 25.592 26.532 25.68 25.358 25.326 25.297 25.268 25.242 25.239 25.3 25.447 25.532 25.736 25.945 26.11 26.271 26.313 26.301 26.317 26.35 26.338 26.327 26.241 26.255 26.242 26.297 26.308 26.284 26.317 26.293 26.614 26.385 26.353 26.209 26.202 26.198 26.12 26.196 27.269 27.675 27.358 26.879 27.887 27.12 25.87 25.717 25.772 25.667 25.742 25.807
26.465 26.41 26.33 26.348 26.329 26.299 26.338 26.333 26.311 26.318 26.335 26.357 26.311 26.35 26.299 26.375 26.386 26.513 26.493 28.951 31.157 26.996 25.586 25.757 25.694 25.457 25.378 25.341 25.286 25.283 25.267 25.295 25.354 25.518 25.722 25.864 26.008 27.65 26.28 26.219 26.282 26.349 26.355 26.287 26.25 26.273 26.176 26.173 26.263 26.239 26.277 26.254 26.168 26.187 26.206 26.164 26.19 26.181 26.094 26.353 28.03 27.96 27.689 27.277 27.612 26.58 25.847 25.742 25.75 25.67 25.742 25.855
26.496 26.413 26.362 26.302 26.385 26.302 26.315 26.292 26.337 26.353 26.268 26.241 26.237 26.29 26.301 26.267 26.298 26.349 26.394 26.958 27.325 26.487 26.033 25.706 25.55 25.573 25.524 25.525 25.435 25.387 25.41 25.34 25.404 25.536 25.741 25.807 25.998 26.118 26.289 26.261 26.273 26.301 26.321 26.296 26.283 26.213 26.233 26.176 26.216 26.297 26.227 26.259 26.155 26.145 26.25 26.618 26.188 26.156 26.076 26.445 28.826 28.846 28.11 27.602 27.105 26.498 25.968 25.735 25.747 25.645 25.742 25.862
26.484 26.443 26.447 26.39 26.367 26.344 26.297 26.246 26.208 26.225 26.311 26.337 26.24 26.17 26.212 26.236 26.277 26.312 26.29 26.293 26.347 26.462 26.66 27.063 25.726 25.668 25.563 25.568 25.598 25.568 25.565 25.529 25.541 25.606 25.736 25.838 25.94 26.135 27.19 27.516 26.248 26.261 26.296 26.318 26.275 26.269 26.224 26.153 26.212 26.238 26.206 26.2 26.206 26.042 26.146 26.888 26.133 26.152 26.045 26.202 28.68 28.593 28.453 27.897 28.141 27.121 25.965 25.735 25.73 25.637 25.64 25.86
26.457 26.45 26.421 26.412 26.409 26.339 26.319 26.277 26.275 26.251 26.251 26.2 26.225 26.244 26.174 26.166 26.193 26.194 26.275 26.25 26.244 26.257 26.317 26.382 26.677 27.063 26.13 25.717 25.677 25.687 25.632 25.619 25.702 25.658 25.748 25.792 25.883 26.064 29.724 28.625 27.26 26.253 26.272 26.294 26.294 26.273 26.3 26.257 26.155 26.226 26.227 26.176 26.241 26.087 26.098 26.842 26.139 26.119 26.019 27.049 29.049 28.998 28.797 28.199 27.65 26.95 25.89 25.73 25.707 25.617 25.59 25.84
26.386 26.42 26.422 26.359 26.341 26.36 26.353 26.299 26.282 26.251 26.246 26.188 26.147 26.146 26.159 26.228 26.211 26.183 26.112 26.179 26.201 26.246 26.248 26.31 26.286 26.363 26.51 26.877 25.847 25.764 25.752 25.774 25.767 25.746 25.806 25.824 25.932 26.244 29.473 28.791 28.348 26.265 26.233 26.271 26.276 26.255 26.285 26.186 26.163 26.572 26.187 26.195 26.154 26.056 26.105 26.071 26.09 26.08 26.002 27.79 29.293 29.254 29.099 28.489 28.334 27.385 26.04 25.711 25.67 25.58 25.59 25.887
26.384 26.321 26.385 26.407 26.345 26.316 26.329 26.263 26.304 26.302 26.246 26.223 26.192 26.218 26.193 26.13 26.161 26.174 26.199 26.124 26.115 26.16 26.179 26.188 26.251 26.188 26.296 26.387 26.523 27.077 26.066 25.863 25.845 25.874 25.841 25.861 25.917 26.059 27.555 26.87 26.518 26.308 26.224 26.252 26.286 26.273 26.219 26.254 26.186 26.15 26.156 26.208 26.112 26.123 26.088 26.041 26.051 26.031 25.979 27.942 29.577 29.585 29.516 28.952 28.884 27.863 25.838 25.725 25.663 25.675 25.485 25.925
26.35 26.33 26.318 26.33 26.32 26.305 26.313 26.349 26.303 26.271 26.253 26.218 26.245 26.156 26.198 26.363 26.148 26.326 26.033 26.113 26.122 26.065 26.148 26.179 26.115 26.167 26.209 26.21 26.306 26.37 26.576 27.071 26.113 25.926 25.938 25.957 25.912 25.969 26.446 26.366 26.367 26.306 26.236 26.231 26.179 26.228 26.237 26.237 26.218 26.221 26.132 26.161 26.15 26.183 26.087 26.061 26.066 26.035 26 29.21 30.687 30.213 29.905 29.312 29.176 27.851 25.787 25.735 25.699 25.702 25.53 25.83
26.251 26.277 26.237 26.232 26.259 26.264 26.286 26.29 26.26 26.243 26.223 26.251 26.207 26.225 26.215 26.155 27.354 26.145 26.08 25.997 26.103 26.154 26.132 26.12 26.157 26.117 26.107 26.122 26.159 26.168 26.275 26.374 26.508 26.652 27.179 26.081 26.153 26.021 26.148 26.67 26.338 26.294 26.329 26.2 26.183 26.179 26.173 26.193 26.213 26.237 26.136 26.132 26.09 26.085 26.116 26.089 26.115 26.011 26.043 29.108 29.876 30.681 30.003 29.565 29.601 27.077 25.743 25.752 25.7 25.704 25.62 25.855
26.207 26.222 26.202 26.19 26.199 26.243 26.221 26.238 26.26 26.219 26.306 26.223 26.269 26.214 26.214 26.18 26.138 26.136 26.085 26.068 26.074 25.995 26.14 26.171 26.152 26.066 26.102 26.093 26.157 26.153 26.122 26.113 26.255 26.227 26.381 26.37 26.496 26.404 26.468 26.43 26.336 26.361 26.293 26.288 26.199 26.161 26.158 26.148 26.117 26.203 26.156 26.138 26.13 26.134 26.101 26.131 26.039 26.03 26.036 26.684 26.476 26.303 26.067 27.014 26.958 26.042 25.764 25.748 25.692 25.778 25.926 25.74
26.371 26.282 26.251 26.216 26.187 26.179 26.183 26.188 26.15 26.202 26.202 26.184 26.2 26.234 26.168 26.147 26.174 26.132 26.11 26.077 26.032 26.057 25.968 26.051 26.126 26.11 26.075 26.074 26.055 26.105 26.171 26.139 26.163 26.103 26.188 26.227 26.292 26.37 26.569 26.373 26.357 26.321 26.318 26.335 26.292 26.181 26.107 26.091 26.102 26.17 26.145 26.158 26.142 26.148 26.142 26.101 26.092 26.008 26.096 27.501 26.855 26.082 26.04 26.125 26.317 25.957 25.741 25.743 25.694 25.909 26.444 26.051
28.225 27.241 27.16 26.414 26.339 26.299 26.28 26.159 26.067 26.114 26.13 26.15 26.131 26.12 26.179 26.128 26.172 26.125 26.15 26.125 26.059 26.067 26.049 26.047 26.031 26.039 26.14 26.124 26.023 26.001 26.046 26.07 26.102 26.131 26.133 26.088 26.169 26.198 26.261 26.306 26.337 26.32 26.326 26.331 26.315 26.287 26.181 26.174 26.098 26.122 26.16 26.16 26.147 26.096 26.106 26.101 26.083 26.004 26.11 26.546 26.255 26.096 26.17 26.515 26.418 26.216 25.752 25.743 25.653 25.742 26.764 26.725
29.617 29.134 28.573 28.554 27.383 26.602 26.301 26.363 26.249 26.219 26.159 26.107 26.047 26.076 26.143 26.136 26.153 26.111 26.138 26.081 26.083 26.075 26.041 26.051 26.014 25.984 25.992 26.131 26.138 26.101 25.994 26.049 26.003 26.035 25.97 26.05 26.135 26.139 26.165 26.177 26.296 26.327 26.294 26.362 26.307 26.304 26.279 26.262 26.203 26.2 26.181 26.237 26.243 26.252 26.149 26.066 26.056 26.018 26.562 26.41 26.287 26.105 26.037 26.218 26.513 25.903 25.748 25.688 25.613 25.719 26.893 26.512
28.605 28.61 28.809 28.863 27.587 27.085 26.778 26.869 26.933 26.356 26.259 26.275 26.182 26.073 26.081 26.101 26.092 26.12 26.117 26.074 26.116 26.08 26.046 26.011 26.02 26.017 26.011 26.053 26.017 26.127 26.483 25.999 25.955 25.964 26.035 26.029 26.04 26.103 26.054 26.061 26.141 26.196 26.735 28.185 27.632 26.315 26.264 26.294 26.319 26.279 26.289 26.281 26.304 26.281 26.18 26.098 26.068 26.018 26.6 26.342 26.267 26.106 26.09 26.064 26.63 25.917 25.706 25.694 25.564 25.936 26.346 26.662
