dsm/se3032_DSM_2M.asc
ncols 500
nrows 500
xllcorner    430000
yllcorner    432000
cellsize     2
NODATA_value -9999
[rows 192 to 223 of 500, columns 0 to 71 of 500]
27.092 27.129 27.009 27.085 27.19 27.247 27.369 27.353 27.326 27.246 27.281 27.35 27.465 27.615 27.779 27.766 27.54 27.376 27.32 27.213 27.199 27.144 27.267 27.316 27.138 30.55 33.751 33.824 34.007 34.086 33.922 33.779 33.66 33.621 33.77 33.854 30.192 26.951 27.009 28.608 31.817 32.755 32.126 31.118 32.369 32.868 32.16 31.264 31.538 33.2 31.756 30.156 27.233 27.3 27.413 27.577 27.731 27.757 27.641 27.581 28.544 28.222 28.785 28.129 27.936 27.404 27.432 27.453 27.453 27.461 27.48 27.5
27.135 27.136 27.037 27.07 27.199 27.301 27.418 27.918 27.312 27.277 27.342 27.381 27.474 27.614 27.698 27.804 27.503 27.417 27.337 27.279 27.115 27.159 27.998 28.243 27.941 28.233 33.372 33.713 33.812 34.066 34.05 33.938 33.818 33.725 33.65 33.602 26.985 26.986 28.561 28.434 27.424 30.628 31.337 31.568 33.178 32.17 31.577 30.967 32.98 32.783 31.69 32.303 31.773 28.791 27.487 27.928 27.654 27.754 27.648 27.843 27.98 28.894 27.571 27.854 28.415 27.497 27.525 27.548 27.571 27.637 27.613 27.617
27.824 27.178 27.02 27.111 27.211 27.33 29.722 28.277 27.349 27.259 28.085 27.393 27.463 27.697 27.742 27.803 27.45 27.425 27.35 27.23 27.166 27.185 27.814 27.604 27.173 26.971 26.977 28.858 33.601 33.869 33.952 34.055 33.969 33.811 33.588 27.697 27.019 27.12 29.251 27.327 27.3 28.069 28.088 31.987 32.54 31.654 30.937 32.534 32.91 32.182 31.227 32.998 33.147 32.683 31.982 31.267 27.593 27.521 27.546 29.127 27.8 27.928 28.316 28.427 27.7 28.752 27.603 27.609 27.631 27.709 28.589 28.629
27.095 27.168 27.089 27.112 27.219 27.378 31.298 31.654 27.467 27.28 27.498 27.388 27.475 27.649 27.681 27.746 27.534 27.437 27.311 27.281 27.184 27.257 27.397 27.164 27.082 27.025 27.022 26.946 32.204 33.54 33.792 33.886 34.027 33.87 27.686 26.944 27.116 28.212 27.347 27.354 27.326 27.298 27.25 27.228 30.521 31.074 32.307 33.193 32.205 31.299 31.663 32.426 32.988 33.242 32.84 31.573 29.64 27.748 27.901 28.055 28.495 27.97 27.686 29.033 28.259 27.906 27.721 27.715 27.741 28.605 28.939 28.234
27.269 27.256 27.098 27.146 27.202 27.311 30.591 32.123 27.521 27.334 27.398 27.416 27.479 27.763 27.744 27.667 27.516 27.433 27.382 27.284 27.189 27.275 27.575 27.221 27.159 27.113 27.063 26.996 26.982 28.274 33.591 33.75 33.945 30.204 26.993 27.1 29.056 27.402 27.34 27.324 27.302 27.308 27.311 27.312 27.282 28.38 32.933 32.485 31.647 28.927 29.524 31.573 32.142 33.132 33.28 32.754 32.237 30.678 30.482 29.501 27.695 27.843 27.967 28.129 27.592 27.755 27.748 28.019 28.55 28.798 27.732 27.728
29.686 27.341 27.074 27.12 27.254 27.432 33.35 35.364 28.912 27.363 27.343 27.355 27.472 27.62 27.736 27.665 27.501 27.419 27.389 27.288 27.209 27.283 27.904 27.284 27.19 27.199 27.146 27.075 27.005 27.035 28.571 33.444 30.07 26.998 27.897 28.821 27.965 27.411 27.354 27.342 27.331 27.32 27.348 27.341 27.318 27.29 27.297 30.728 30.626 28.32 28.201 27.886 29.182 32.099 32.863 33.229 32.894 32.246 32.005 32.841 30.018 27.722 27.598 27.996 28.624 28.143 27.918 27.954 28.605 28.097 27.614 27.521
27.417 27.232 27.117 27.164 27.25 27.325 31.111 35.533 29.618 27.339 27.362 27.429 27.454 27.655 27.762 27.63 27.487 27.441 27.369 27.276 27.21 27.307 27.509 27.305 27.296 27.24 27.2 27.151 27.086 27.048 27.019 26.986 26.974 27.008 28.441 28.467 28.338 29.012 27.399 27.352 27.333 27.308 27.382 27.336 27.324 27.311 27.324 27.419 29.248 28.492 29.186 27.591 27.337 30.861 32.067 32.757 33.202 32.936 32.442 32.527 32.01 30.452 28.503 27.796 27.511 27.205 27.268 27.987 30.056 27.67 34.232 34.235
27.361 27.279 27.126 27.222 27.263 27.366 27.533 27.51 27.411 27.332 27.392 27.419 27.517 27.621 27.743 27.682 27.491 27.439 27.334 27.295 27.233 27.297 27.382 27.215 27.283 27.224 27.269 27.209 27.151 27.039 27.084 27.016 26.979 27.084 28.061 29.308 28.077 28.124 27.416 27.348 27.338 27.364 27.309 27.344 27.291 27.331 27.374 30.356 28.724 27.319 27.47 27.236 27.18 28.436 30.451 31.97 32.61 33.076 33.288 32.639 32.53 33.575 31.999 27.917 27.692 27.405 31.527 34.321 34.448 35.808 36.096 36.3
27.385 27.37 27.274 27.247 27.285 27.432 27.597 27.609 27.555 27.364 27.401 27.442 27.57 27.673 27.791 27.63 27.491 27.426 27.351 27.339 27.222 27.335 27.29 27.209 27.259 27.304 27.305 27.232 27.125 27.091 27.064 27.058 27.019 27.102 27.952 27.688 28.791 28.26 27.444 27.364 27.329 27.3 27.325 27.326 27.293 27.31 28.473 28.72 27.296 27.275 27.243 27.236 27.146 27.154 27.68 30.238 31.04 32.41 33.235 33.386 32.663 32.488 31.56 32.614 34.767 34.284 35.86 36.181 36.309 36.618 36.233 36.131
27.51 27.437 27.331 27.257 27.34 27.378 27.623 27.682 27.666 27.379 27.405 27.475 27.489 27.773 27.835 27.6 27.502 27.441 27.365 27.27 27.283 27.352 27.417 27.253 27.244 27.293 27.307 27.287 27.179 27.06 27.089 27.115 27.072 27.097 27.317 27.442 28.282 28.183 27.768 27.432 27.967 29.509 27.569 27.264 27.334 27.295 27.514 27.295 27.245 27.211 27.188 27.189 27.195 27.144 27.049 27.076 29.323 31.566 34.175 34.973 35.449 34.96 34.624 34.65 34.574 34.62 36.222 36.195 35.92 35.491 35.356 34.414
29.812 28.997 27.293 27.232 27.343 27.507 27.659 27.726 27.703 27.388 27.415 27.508 27.557 27.751 27.807 27.56 27.526 27.429 27.369 27.292 27.245 27.362 27.555 27.279 27.264 27.306 27.286 27.28 27.209 27.126 27.105 27.16 27.07 27.117 27.117 27.547 29.703 29.369 29.269 29.7 30.263 28.697 28.064 27.284 27.331 27.28 27.28 27.24 27.232 27.194 27.211 27.17 27.148 27.076 28.919 28.74 30.923 34.521 35.187 36.227 35.931 34.935 35.685 34.678 34.64 34.589 35.215 35.226 34.716 29.456 27.528 27.36
28.193 29.349 27.32 27.268 27.343 27.484 27.707 27.723 27.719 27.428 27.468 27.521 27.598 27.811 27.836 27.633 27.51 27.434 27.374 27.348 27.268 27.341 27.493 27.266 27.296 27.303 27.35 27.271 27.216 27.181 27.138 27.17 27.106 27.188 27.185 28.384 28.639 28.964 28.04 27.413 27.21 27.21 27.239 27.214 27.246 27.26 27.252 27.234 27.231 27.281 27.153 31.635 31.126 33.353 36.355 33.942 34.559 34.211 34.993 35.988 36.232 35.075 34.514 34.579 34.592 34.564 34.552 27.508 27.343 27.304 27.269 27.347
27.274 29.436 27.917 27.322 27.388 27.486 27.725 27.701 27.657 27.406 27.469 27.527 27.58 27.833 27.927 27.554 27.499 27.466 27.375 27.372 27.245 27.338 27.296 27.282 27.318 27.31 27.319 27.284 27.238 27.209 27.185 27.187 27.175 27.153 27.121 27.55 27.385 27.817 28.402 27.187 27.163 27.172 27.218 27.281 27.265 27.255 27.34 27.42 33.902 33.86 32.981 34.548 33.87 35.347 36.486 35.851 34.766 34.158 34.849 35.691 36.363 35.516 34.757 34.654 34.589 34.562 33.268 29.184 27.291 27.336 27.274 27.289
29.012 27.498 27.383 27.386 27.372 27.544 27.684 27.686 27.665 27.474 27.451 27.522 27.56 27.797 27.813 27.562 27.502 27.45 27.404 27.386 27.273 27.402 27.384 27.316 27.28 27.315 27.27 27.299 27.252 27.264 27.244 27.217 27.231 27.223 27.269 30.727 27.514 27.447 27.814 27.083 27.142 27.091 27.169 27.188 27.228 27.707 31.512 34.303 34.299 35.645 35.451 34.395 34.344 35.084 35.064 36.147 35.118 34.47 34.679 35.491 36.325 35.729 34.821 34.626 34.599 34.547 34.588 28.752 27.268 27.23 27.193 27.322
28.37 27.496 27.441 27.385 27.51 27.589 27.693 27.69 27.577 27.432 27.539 27.589 27.676 27.874 27.802 27.568 27.502 27.443 27.432 27.289 27.273 27.346 27.447 27.344 27.328 27.323 27.312 27.367 27.286 27.285 27.283 27.281 27.251 27.246 27.164 27.319 27.437 27.306 27.242 27.077 27.026 27.017 27.106 27.165 27.262 27.303 29.096 34.698 35.932 36.749 35.863 34.737 34.184 35.041 35.892 36.325 31.881 34.466 34.411 35.2 36.161 36.211 35.193 34.445 34.694 34.575 34.479 29.191 27.238 27.216 27.187 27.231
27.568 27.534 27.443 27.424 27.467 27.593 27.764 27.693 27.625 27.444 27.528 27.611 27.726 27.873 27.785 27.585 27.524 27.484 27.407 27.363 27.251 27.392 27.636 27.474 27.428 27.402 27.39 27.361 27.316 27.341 27.324 27.964 27.762 27.277 27.201 27.312 27.429 27.145 27.107 27.572 27.019 27.082 27.117 27.264 27.343 27.443 32.36 34.434 35.443 36.49 36.325 35.2 34.264 34.799 35.612 36.686 35.854 34.88 34.266 34.998 35.898 36.382 35.471 34.577 34.588 34.621 34.621 33.113 27.202 27.122 27.113 27.154
28.683 27.538 27.402 27.442 27.504 27.613 27.759 27.738 27.62 27.477 27.574 27.609 27.703 27.868 27.87 27.59 27.522 27.425 27.417 27.406 27.258 27.41 27.662 27.443 27.43 27.401 27.393 27.374 27.372 27.36 27.382 28.113 27.648 27.284 27.238 27.21 27.192 27.134 27.102 28.118 28.953 27.202 29.031 27.918 28.605 30.266 32.972 34.26 35.157 36.203 36.441 35.616 34.45 34.498 35.564 36.48 36.068 35.263 34.418 34.84 35.716 36.603 35.916 34.9 34.48 34.626 30.565 27.029 27.038 27.072 27.102 27.216
37.48 27.691 27.441 27.433 27.57 27.663 27.785 27.743 27.474 27.516 27.553 27.6 27.743 27.883 27.738 27.599 27.556 27.465 27.421 27.43 27.272 27.395 27.933 28.415 27.668 27.342 27.338 27.33 27.352 27.344 27.34 27.296 27.308 27.278 27.308 27.265 27.223 27.139 27.148 30.671 30.977 30.661 32.647 33.709 34.086 34.819 35.071 34.284 35.103 35.992 36.683 35.792 34.693 34.342 35.292 36.253 36.35 35.417 34.547 34.671 35.512 36.062 31.461 28.282 27.35 28.297 27.056 26.968 27.002 27.015 27.047 27.103
40.213 27.61 27.388 27.498 27.636 27.659 27.822 27.753 27.524 27.531 27.59 27.648 28.011 27.943 27.835 27.629 27.547 27.534 27.469 27.354 27.314 27.336 27.577 28.32 27.922 27.362 27.332 27.314 27.293 27.348 27.316 27.293 27.265 27.309 27.309 27.272 27.303 27.232 29.538 32.563 33.898 33.842 34.865 35.248 35.554 36.097 35.201 34.262 34.792 35.908 36.866 36.063 35.161 34.391 34.983 35.925 36.828 36.045 29.248 29.363 28.329 27.333 27.322 27.283 27.234 27.104 27.038 26.997 27.053 26.967 27.022 27.129
32.384 27.578 27.458 27.55 27.611 27.74 27.832 27.761 27.513 27.542 27.622 27.702 27.935 27.93 27.753 27.607 27.546 27.519 27.443 27.41 27.381 27.339 27.335 27.332 27.346 27.353 27.341 27.355 27.309 27.344 27.295 27.323 27.349 27.367 27.372 27.355 27.4 27.422 30.697 31.972 35.568 35.919 36.304 36.694 36.958 36.482 35.489 34.576 34.557 35.481 36.409 36.644 35.513 34.543 34.529 29.848 30.082 27.437 27.418 27.398 27.36 27.339 27.306 27.264 27.204 27.223 27.045 26.99 26.978 27.027 27.046 27.06
30.244 27.63 27.488 27.559 27.641 27.836 27.859 27.777 27.474 27.607 27.645 27.721 27.949 27.971 27.742 27.66 27.593 27.558 27.469 27.446 27.365 27.333 27.331 27.355 27.306 27.327 27.38 27.342 27.358 27.344 27.373 27.429 27.422 27.481 27.453 27.503 27.462 27.523 27.627 30.344 35.871 32.842 33.38 34.298 35.055 36.067 35.905 34.947 34.456 35.12 36.418 34.979 29.716 28.193 27.459 27.446 27.459 27.412 27.433 27.365 27.351 27.311 27.256 27.251 27.211 27.148 27.083 27.054 27.032 27.027 27.07 27.178
28.104 27.632 27.576 27.602 27.693 27.83 27.85 27.761 27.532 27.62 27.686 27.786 28.014 28.122 27.744 27.659 27.609 27.533 27.478 27.433 27.397 27.334 27.365 27.386 27.381 27.441 27.404 27.43 27.411 27.481 27.464 27.498 27.482 27.52 27.523 27.555 27.597 27.702 27.7 30.036 31.583 30.776 30.803 34.113 35.013 35.898 36.106 34.938 30.878 29.621 28.358 27.541 27.487 27.478 27.43 27.428 27.431 27.407 27.38 27.302 27.321 27.276 27.238 27.18 27.155 27.108 27.052 27.014 26.996 26.995 27.06 27.119
27.729 27.544 27.582 27.647 27.762 27.883 27.862 27.653 27.548 27.684 27.715 27.841 28.027 28.097 27.719 27.641 27.583 27.551 27.508 27.45 27.433 27.383 27.407 27.464 27.596 27.467 27.493 27.506 27.504 27.56 27.534 27.583 27.653 27.607 27.696 27.728 27.901 27.806 27.846 28.126 31.221 30.713 30.688 33.031 34.588 31.228 29.934 27.583 27.592 27.546 27.522 27.464 27.487 27.485 27.411 27.412 27.379 27.351 27.326 27.285 27.3 27.218 27.183 27.148 27.179 27.136 27.106 27.043 27.042 27.094 27.123 27.168
27.718 27.577 27.542 27.672 27.804 27.924 27.893 27.634 27.624 27.682 27.729 27.885 28.019 28.005 27.73 27.66 27.603 27.571 27.551 27.474 27.418 27.4 27.408 27.75 27.958 27.531 27.526 27.535 27.537 27.597 27.607 27.637 27.772 27.862 27.804 27.812 27.713 27.715 27.706 28.113 30.4 30.568 28.666 29.232 27.564 27.533 27.563 27.558 27.545 27.511 27.529 27.469 27.455 27.418 27.395 27.35 27.355 27.31 27.27 27.252 27.168 27.176 27.208 27.102 27.152 27.358 27.272 27.28 27.277 27.262 27.221 27.317
27.71 27.579 27.639 27.675 27.878 27.942 27.833 27.566 27.63 27.758 27.81 28.38 28.078 27.923 27.755 27.677 27.58 27.553 27.56 27.492 27.447 27.401 27.496 27.734 27.865 27.744 27.825 27.797 27.814 27.787 27.823 27.774 27.779 27.721 27.682 27.661 27.674 27.666 27.624 27.645 28.777 27.567 27.467 27.501 27.502 27.491 27.497 27.488 27.511 27.478 27.493 27.435 27.433 27.371 27.341 27.334 27.266 27.248 27.22 27.178 27.248 27.254 27.439 27.49 27.476 27.449 27.435 27.411 27.357 27.39 27.364 27.374
27.686 27.563 27.639 27.783 27.95 27.936 27.817 27.627 27.672 27.759 27.81 28.111 28.247 27.967 27.76 27.684 27.644 27.569 27.564 27.539 27.442 27.42 27.475 27.669 28.442 27.862 27.876 27.847 27.831 27.818 27.737 27.677 27.691 27.633 27.66 27.61 27.666 27.625 27.63 27.588 27.518 27.478 27.478 27.486 27.436 27.424 27.444 27.452 27.462 27.44 27.424 27.39 27.356 27.34 27.282 27.302 27.316 30.855 27.822 33.568 27.611 27.544 27.525 27.544 27.495 27.518 27.482 27.501 27.438 27.428 27.409 27.424
27.657 27.6 27.694 27.827 27.961 27.965 27.801 27.676 27.781 27.81 27.888 28.143 28.154 27.9 27.778 27.667 27.678 27.593 27.604 27.528 27.477 27.405 27.526 27.553 27.839 27.841 27.807 27.747 27.741 27.72 27.661 27.677 27.644 27.616 27.592 27.534 27.551 27.545 27.533 27.48 27.472 27.476 27.516 27.446 27.443 27.46 27.418 27.447 27.419 27.401 27.381 27.35 27.289 27.542 33.167 33.531 37.561 37.516 36.7 34.262 27.65 27.522 27.567 27.551 27.526 27.543 27.509 27.48 27.445 27.468 27.438 27.438
27.63 27.647 27.743 27.923 27.989 27.919 27.716 27.676 27.79 27.832 27.951 28.127 28.174 27.92 27.812 27.733 27.642 27.666 27.588 27.502 27.506 27.424 27.495 27.507 27.675 27.676 27.721 27.68 27.665 27.66 27.636 27.605 27.591 27.544 27.505 27.473 27.473 27.481 27.483 27.441 27.441 27.495 27.449 27.457 27.558 27.604 27.372 27.384 27.387 27.355 28.488 29.826 33.383 37.569 39.227 39.413 39.731 39.953 37.623 34.805 27.699 27.571 27.534 27.53 27.516 27.484 27.478 27.495 27.503 27.471 27.465 27.463
27.617 27.726 27.725 28.043 33.125 31.948 27.785 27.677 27.83 27.906 28.286 28.151 28.211 27.924 27.841 27.742 27.668 27.673 27.599 27.57 27.51 27.472 27.443 27.552 28.39 27.686 27.665 27.622 27.637 27.605 27.582 27.543 27.528 27.539 27.482 27.443 27.42 27.485 28.038 27.495 27.451 27.487 27.492 28.43 27.675 27.658 27.47 29.128 28.373 35.514 38.652 39.341 39.4 39.68 40.008 40.375 40.819 41.067 39.776 31.904 29.41 27.642 27.589 27.559 27.532 27.559 27.526 27.52 27.529 27.459 27.47 27.47
27.717 27.809 27.813 28.075 32.474 32.909 27.798 27.776 27.874 27.92 28.134 28.32 28.262 27.894 27.83 27.775 27.698 27.661 27.6 27.567 27.514 27.506 27.454 27.508 27.835 27.641 27.61 27.586 27.595 27.549 27.486 27.526 27.527 27.453 27.455 27.442 27.411 27.472 28.692 27.504 27.421 27.476 27.465 28.306 31.26 27.968 37.283 38.23 39.305 39.42 39.738 40.047 40.597 40.961 41.155 41.598 41.826 42.271 42.168 34.357 31.802 27.738 27.578 27.579 27.576 27.556 27.528 27.533 27.526 28.056 27.969 27.49
27.661 27.845 28.015 30.088 32.728 27.859 27.79 27.863 27.911 28.022 28.188 28.218 28.241 27.904 27.826 27.815 27.727 27.692 27.633 27.562 27.564 27.491 27.418 27.53 28.425 27.574 27.576 27.565 27.549 27.479 27.47 27.452 27.471 34.561 28.352 27.672 27.459 27.434 28.792 29.119 27.749 27.544 27.877 38.343 38.229 39.119 39.56 39.686 40.248 40.478 40.849 41.295 41.654 41.755 42.197 42.393 42.428 42.133 41.757 38.2 31.904 28.593 27.616 27.589 27.614 27.639 27.717 28.132 28.054 30.031 27.79 27.14
27.779 27.827 28.791 32.013 32.638 27.902 27.818 27.928 27.984 28.192 28.303 28.35 28.3 27.894 27.86 27.786 27.731 27.706 27.673 27.597 27.582 27.488 27.469 27.536 27.574 27.578 27.558 27.547 27.496 27.47 27.462 27.729 39.011 37.159 34.152 29.909 27.404 27.591 27.727 35.047 40.298 36.743 39.141 39.626 39.961 40.249 40.485 40.909 41.27 41.595 42.149 42.465 42.531 42.591 42.278 41.775 41.388 41.135 40.815 38.88 32.878 30.403 27.655 27.744 27.739 29.518 28.613 27.539 27.235 27.195 27.134 27.111
