dsm/se3030_DSM_2M.asc
ncols 500
nrows 500
xllcorner    430000
yllcorner    430000
cellsize     2
NODATA_value -9999
[rows 224 to 255 of 500, columns 360 to 431 of 500]
48.728 48.768 48.864 48.769 48.781 48.762 48.791 48.733 48.78 48.735 48.841 48.683 48.784 48.828 48.785 48.762 48.774 48.825 48.807 48.92 48.83 48.891 48.956 48.892 48.907 48.847 48.935 48.906 48.952 48.937 48.929 48.926 48.959 48.968 48.929 49 48.976 49.007 49.051 48.997 49.045 49.012 49.061 49.049 49.06 49.059 49.087 49.031 49.114 49.132 49.158 49.093 49.06 49.082 49.096 49.146 49.107 49.111 49.166 49.155 49.223 49.22 49.17 49.262 49.243 49.17 49.231 49.181 49.247 49.283 49.305 49.24
48.813 48.883 48.878 48.874 48.832 48.828 48.85 48.808 48.868 48.822 48.912 48.811 48.932 48.876 48.908 48.873 48.898 48.954 48.864 48.921 48.843 48.912 48.812 48.927 48.979 48.874 48.936 48.909 48.946 48.977 48.98 48.94 48.917 48.918 48.996 48.982 48.957 49.017 48.993 49.027 48.953 48.945 49.036 48.962 48.996 49.052 49.031 49.029 49.078 49.104 49.055 49.074 49.045 49.068 49.115 49.08 49.049 49.106 49.05 49.163 49.088 49.19 49.132 49.165 49.106 49.143 49.168 49.166 49.234 49.222 49.199 49.221
48.987 48.998 48.935 48.978 48.938 48.947 48.934 49.005 48.875 49.033 48.969 48.898 48.943 48.902 48.903 48.873 48.931 48.935 48.87 48.947 48.93 48.973 48.949 48.994 48.923 49.041 48.988 48.943 48.947 48.947 48.993 48.929 48.968 48.99 49.007 48.985 48.982 49.062 48.96 49.007 48.963 49.072 48.961 49.048 48.966 49.058 48.965 49.026 49.043 49.024 48.983 48.991 48.995 49.044 49.032 49.105 49.109 49.14 49 49.064 49.071 49.086 49.098 49.124 49.104 49.145 49.103 49.172 49.075 49.194 49.188 49.252
49.07 49.085 49.093 49 48.968 49.052 49.029 49.025 48.901 48.996 48.984 49.004 49.065 48.911 48.943 48.984 49.017 48.966 48.998 48.903 48.963 48.972 48.908 48.995 48.981 48.989 48.899 48.974 48.994 48.959 48.968 48.931 48.996 48.983 48.96 48.986 49.008 48.963 49.061 48.981 48.948 48.957 48.967 49.032 48.932 49 49.016 49.004 49.002 48.959 48.988 48.921 48.99 48.989 49.031 49.001 49.029 48.986 49.04 48.988 49.045 49.043 49.049 49.064 49.02 49.095 49.139 49.106 49.127 49.133 49.094 49.167
49.148 49.074 49.138 49.172 49.196 49.081 49.046 49.109 49.03 49.092 49.014 49.048 49.062 49.085 49.038 48.992 49.024 48.969 49.08 49.005 49.037 48.989 48.993 48.953 49.022 48.972 48.996 49.043 48.93 49.026 48.979 49.033 49.025 49.029 49.036 48.965 49.019 48.974 49.051 48.902 48.995 48.942 49.019 48.958 48.962 48.973 48.944 48.919 48.937 48.947 48.918 48.934 48.96 48.986 48.977 48.943 49.031 48.961 48.987 48.987 48.989 49.004 49.031 48.972 49.072 48.941 49.008 48.999 49.092 49.016 48.97 49.016
49.201 49.168 49.208 49.13 49.225 49.219 49.227 49.14 49.109 49.208 49.113 49.103 49.082 49.081 49.089 49.097 48.93 49.015 49.033 48.99 49.084 48.98 49.028 48.996 49.013 48.999 48.955 48.957 48.968 48.994 48.959 48.992 48.959 48.977 48.878 49.042 48.99 48.959 48.965 48.927 48.984 48.913 48.946 48.951 48.973 48.903 48.951 48.903 48.888 48.912 48.884 48.901 48.881 48.896 48.88 48.904 48.894 48.778 48.833 48.777 48.788 48.722 48.714 48.71 48.74 48.665 48.685 48.629 48.672 48.608 48.583 48.495
49.258 49.364 49.076 48.755 49.545 49.282 49.254 49.561 49.231 49.249 49.093 49.185 49.097 49.158 49.506 49.084 49.14 49.113 49.097 49.131 49.053 49.108 49.045 49.02 49.024 49.067 48.986 48.989 49.026 48.993 48.943 48.928 48.921 48.981 48.907 48.994 48.896 48.949 48.9 48.885 48.891 48.865 48.954 48.854 48.92 48.822 48.858 48.81 48.843 48.837 48.815 48.788 48.86 48.816 48.754 48.829 48.746 48.724 48.686 48.757 48.694 48.762 48.664 48.705 48.63 48.609 48.637 48.558 48.488 48.441 48.476 48.372
43.198 43.234 43.264 43.323 43.631 44.888 50.267 49.161 46.687 47.919 48.405 48.581 48.789 48.68 51.015 48.736 49.499 48.881 49.406 49.164 49.187 49.356 49.57 49.451 52.241 49.623 49.27 53.112 49.277 49.061 49.059 49.114 48.953 48.994 48.898 48.904 48.903 48.965 48.917 48.91 48.897 48.904 48.836 48.893 48.888 48.847 48.8 48.783 48.805 48.746 48.856 48.689 48.749 48.744 48.836 48.723 48.767 48.704 48.802 48.698 48.65 48.605 48.581 48.638 48.594 48.549 48.61 48.509 52.632 48.579 48.671 48.564
43.402 43.518 43.376 43.552 43.401 48.465 48.774 50.706 47.169 47.032 47.149 47.74 51.786 51.596 48.905 49.966 53.735 53.059 53.835 52.67 50.863 50.976 49.758 53.04 53.806 52.431 55.686 54.473 55.431 54.326 55.322 52.896 48.892 51.717 51.173 49.771 48.985 51.364 49.625 49.453 48.979 49.467 50.348 49.4 49.449 49.038 48.871 50.664 49.101 49.065 48.979 49.032 49.247 49.394 53.243 53.694 52.185 49.919 50.688 48.805 49.259 50.159 49.638 51.524 53.576 52.611 51.422 54.389 54.78 52.691 51.199 53.615
43.845 43.599 43.477 43.645 43.528 46.326 50.332 50.676 49.856 46.251 50.698 50.501 54.524 52.257 49.534 53.543 56.179 50.547 50.779 48.895 48.962 54.019 51.196 53.584 53.326 53.608 54.159 55.318 55.618 55.076 56.676 53.329 53.599 55.232 56.186 54.534 50.664 50.003 53.783 50.767 50.578 50.989 52.003 52.768 53.017 53.824 48.859 52.78 49.87 49.481 50.944 51.205 50.026 51.316 54.433 55.854 55.838 53.483 51.179 48.743 51.269 50.953 52.074 49.988 57.083 54.329 50.702 59.067 62.103 60.482 59.852 58.519
43.973 43.569 43.651 43.645 43.709 43.907 48.505 48.75 48.501 52.989 52.694 56.189 51.708 48.692 48.869 54.6 52.01 48.766 56.576 53.326 50.04 52.461 49.259 50.066 55.398 54.419 55.863 56.145 54.873 53.487 53.695 50.802 53.693 55.372 56.72 54.742 56.994 55.898 51.778 51.578 52.193 51.011 52.29 54.686 56.604 56.746 53.299 50.431 50.472 50.437 50.813 49.3 48.936 52.588 52.632 53.237 52.095 54.738 51.758 49.353 50.027 50.539 49.048 51.819 53.961 53.061 59.504 59.429 61.328 59.794 62.94 60.619
43.692 43.622 43.705 43.712 43.726 43.929 44.441 48.989 49.004 52.691 54.311 55.692 54.349 45.837 45.952 52.082 52.133 49.354 53.086 56.188 54.491 51.019 54.434 50.008 49.941 53.319 55.081 55.99 55.085 48.321 51.042 48.859 47.774 55.627 57.355 57.456 58.068 52.788 46.901 47.566 51.44 52.752 54.08 53.99 56.787 57.059 55.595 48.419 47.123 48.047 49.085 48.875 48.701 46.763 47.678 49.226 49.575 52.284 53.329 50.483 48.792 47.955 49.891 50.055 50.785 50.64 57.84 60.995 61.606 63.59 61.589 55.64
43.88 43.775 43.807 43.862 43.869 43.973 46.018 48.146 48.102 46.653 52.309 54.202 53.22 49.368 44.737 44.6 50.996 47.793 51.214 49.873 47.721 46.019 50.076 49.264 47.163 46.554 48.842 52.389 48.413 47.969 47.493 47.05 46.861 53.007 56.342 57.275 56.949 51.074 45.669 45.494 47.177 48.671 47.858 49.752 54.047 48.442 45.334 52.132 47.311 47.658 47.796 47.568 46.227 45.658 45.792 48.306 48.159 47.018 46.618 47.882 48.227 47.791 47.587 47.74 47.723 47.902 56.269 59.195 59.612 61.073 56.183 58.49
44.123 43.917 43.825 43.952 43.995 44.024 44.356 44.034 45.384 45.874 47.374 46.808 51.111 44.538 44.314 45.731 46.972 47.086 46.94 46.76 45.109 45.764 45.561 45.292 45.142 45.137 47.102 47.387 48.976 49.096 47.35 45.477 46.876 47.122 53.232 49.673 46.223 46.758 45.319 45.356 46.596 47.222 46.117 45.152 45.504 45.48 45.37 46.695 47.37 47.615 47.672 46.013 45.994 45.705 45.648 48.219 48.032 47.95 46.443 48.169 49.472 45.782 47.374 47.749 47.766 47.695 55.029 56.586 57.554 51.472 48.329 58.647
44.62 44.098 43.945 44.045 44.012 43.989 44.605 44.172 44.346 46.29 44.959 44.299 44.495 44.204 44.283 46.059 47.02 47.08 47.058 46.803 45.19 45.227 45.352 45.238 45.105 45.13 45.68 46.854 47.274 48.158 45.439 45.177 46.829 47.136 46.847 45.593 45.281 45.475 45.236 46.543 47.245 47.327 47.159 45.321 45.424 45.564 45.299 46.095 47.147 47.245 47.177 45.667 46.987 45.684 45.555 46.584 48.409 48.695 47.698 48.266 50.534 49.136 45.788 47.059 46.163 46.152 45.846 45.653 46.089 48.023 47.782 49.335
44.711 44.22 44.015 44.148 44.119 44.054 44.09 44.322 44.276 44.282 44.43 44.619 46.02 44.403 44.55 44.875 45.776 46.686 45.271 44.896 44.774 45.931 45.356 45.129 44.993 45.903 44.997 45.177 48.232 49.134 46.523 45.098 47.182 47.207 46.465 45.238 45.269 45.369 45.363 46.726 47.381 47.442 47.016 45.313 45.276 45.527 45.35 46.922 47.226 45.566 45.465 45.544 45.944 45.714 45.577 47.645 47.671 48.182 47.509 47.605 47.245 46.962 45.911 47.172 45.539 45.534 45.567 45.617 46.026 45.473 46.846 45.846
44.842 44.305 44.104 44.207 44.241 44.269 44.256 44.394 44.379 44.415 44.532 48.59 51.405 49.281 44.7 46.008 45.109 45.369 45.145 44.904 45.14 45.476 45.163 45.867 45.023 45.592 45.022 47.99 48.44 47.35 45.1 45.19 46.932 47.056 46.099 45.266 45.28 45.225 45.323 46.751 47.472 47.546 46.913 46.847 45.562 45.437 45.405 47.183 47.309 45.495 45.505 45.638 46.995 45.753 45.647 47.64 47.479 48.029 46.36 48.089 46.192 46.261 45.701 46.303 45.574 45.618 45.6 45.655 45.563 45.722 46.389 46.301
44.925 44.546 44.271 44.314 44.331 44.315 44.36 45.318 44.587 44.575 45.898 50.957 52.205 51.785 50.476 49.265 47.185 45.213 45.314 45.318 45.238 45.221 48.061 48.478 48.181 45.522 44.997 46.468 48.175 46.118 45.093 45.156 45.838 45.428 46.168 45.316 45.26 46.075 45.371 45.358 46.001 46.333 46.035 46.553 46.736 46.156 45.505 47.103 45.718 45.465 45.564 45.727 45.701 45.614 45.612 47.507 47.649 47.951 46.242 46.207 46.102 45.565 45.507 45.584 45.536 45.661 45.688 45.644 45.507 45.595 45.491 45.732
44.89 44.68 44.458 44.41 44.423 44.455 44.471 44.62 44.885 44.759 50.181 51.699 52.921 53.078 52.061 51.323 49.903 45.282 45.193 47.396 49.668 48.457 49.968 49.84 47.313 45.55 45.246 49.066 46.325 47.016 48.138 46.873 45.356 45.3 45.35 45.96 46.041 45.572 45.7 45.427 45.319 45.397 45.45 45.461 45.932 45.894 47.383 45.616 45.471 46.629 49.501 48.673 49.495 47.023 47.323 45.81 45.537 47.1 48.131 47.171 45.687 45.719 45.63 45.514 45.556 45.873 45.938 45.71 45.505 46.116 46.504 45.597
45.117 45 44.642 44.478 44.575 44.55 44.511 44.687 44.904 44.79 46.212 49.855 51.909 52.508 52.816 51.772 47.899 45.518 45.096 51.3 52.035 51.812 52.043 51.939 48.113 45.159 48.01 51.483 51.459 51.755 51.45 51.314 46.781 45.343 49.42 51.19 51.488 51.237 50.871 50.817 46.119 45.69 49.768 50.327 49.832 51.235 50.342 49.031 45.545 49.476 52.364 52.197 52.192 51.945 51.786 47.062 45.585 51.172 51.774 51.745 51.397 51.439 50.661 45.611 48.408 50.503 51.365 49.288 50.184 50.11 46.894 45.816
45.102 45.046 44.7 44.63 44.668 44.641 44.616 44.728 44.833 44.941 45.225 44.872 47.939 51.499 52.127 51.075 47.898 45.848 45.2 51.412 52.526 53.137 52.961 52.262 49.419 45.266 49.13 51.952 52.838 52.742 52.864 51.566 46.167 45.402 50.724 52.708 52.938 54.075 52.875 51.456 46.414 48.364 51.78 52.638 52.614 52.613 52.367 49.324 45.526 49.481 52.231 53.487 53.403 53.164 51.705 46.759 45.587 51.086 52.706 53.083 54.469 52.642 51.167 45.692 48.568 52.126 52.514 52.586 52.243 52.079 47.851 45.577
45.201 45.254 44.981 44.758 44.753 44.793 44.726 44.914 45.469 46.123 45.911 48.484 46.93 49.56 50.835 48.975 47.458 46.354 48.215 51.3 51.814 51.988 52.211 52.06 50.615 45.389 49.294 51.791 51.992 52.451 52.111 51.559 46.982 45.476 51.518 52.492 54.985 52.917 52.744 51.377 45.609 45.926 51.794 52.851 53.81 53.062 52.5 49.289 45.523 49.625 52.353 52.44 53.346 52.558 52.09 47.069 45.665 51.505 52.719 53.281 53.229 52.611 51.457 45.618 49.572 52.292 53.138 53.594 53.702 52.062 47.116 45.529
45.629 45.585 45.215 44.816 44.786 44.842 44.847 44.862 45.014 44.719 46.945 49.353 47.285 45.241 46.469 45.373 47.679 47.584 46.381 50.456 50.652 49.835 49.46 50.719 48.184 45.974 47.396 50.781 50.868 50.707 50.706 50.922 47.425 45.476 51.021 51.469 51.533 51.501 51.382 51.169 45.694 46.515 51.579 51.822 51.929 51.878 51.92 47.363 45.448 49.219 50.107 51.026 50.521 51.127 51.319 46.538 45.6 51.263 51.451 51.463 51.7 51.59 48.38 45.587 49.498 51.855 52.088 52.007 52.209 51.939 46.824 45.661
45.592 45.543 45.412 45.033 44.892 44.949 44.941 44.922 45.066 47.486 48.486 48.602 46.31 45.376 45.526 45.373 45.997 46.849 46.37 46.179 46.706 49.26 45.917 46 45.898 46.381 45.491 45.657 46.017 46.104 45.37 45.328 45.691 47.745 48.953 46.305 47.025 46.859 47.04 46.254 45.438 45.668 47.122 46.497 47.144 47.237 47.128 46.996 45.601 45.536 45.702 46.055 46.205 45.847 46.624 45.713 46.616 48.156 47.558 47.438 46.332 46.616 47.111 45.592 45.663 47.262 47.687 50.356 48.222 49.928 46.603 45.715
45.507 45.7 45.5 45.032 44.914 44.99 45.112 45.064 45.081 45.673 48.239 47.157 46.015 45.711 45.575 47.674 46.105 46.853 45.895 49.094 47.313 49.74 46.012 45.374 45.445 45.461 45.594 45.619 45.528 45.932 45.578 46.727 46.008 47.2 49.182 47.197 46.067 45.987 45.601 45.662 45.579 45.628 45.519 45.562 45.642 45.561 45.509 45.972 46.798 45.699 45.774 45.895 45.97 45.864 45.8 45.973 46.95 46.542 46.455 47.698 46.226 45.804 45.704 45.727 45.661 45.724 45.646 46.21 46.015 46.12 45.731 45.676
45.577 45.605 45.549 45.169 45.071 45.155 45.229 45.213 45.211 45.266 45.389 46.134 45.876 47.391 45.695 47.21 46.888 46.227 45.521 50.382 50.144 50.183 47.039 45.806 45.979 45.675 46.744 47.41 47.569 46.375 45.697 46.356 46.196 46.319 46.26 46.253 46.55 45.915 45.709 45.611 45.847 45.797 45.668 45.606 45.865 45.761 45.735 46.367 46.061 46.052 46.087 47.779 48.203 45.97 45.878 46.002 46.388 47.103 46.809 47.898 46.462 45.904 45.841 45.902 45.826 45.869 45.862 48.656 46.942 45.922 45.888 45.872
45.589 45.602 45.694 45.334 45.219 45.212 45.335 45.357 45.396 45.381 45.427 45.407 45.493 45.511 45.539 45.619 45.605 45.607 45.572 45.995 46.722 46.882 45.756 45.826 45.772 45.736 46.158 46.352 46.389 46.174 46.108 45.96 45.966 45.863 46.284 46.219 46.175 45.951 46.025 46.341 45.916 45.977 46.263 45.82 46.366 46 46.137 45.847 46.019 46.187 46.639 47.063 46.845 46.2 46.225 46.121 46.163 47.2 47.647 47.775 46.591 46.003 46.19 46.006 46.154 46.095 46.14 47.225 46.43 45.942 46.092 46.006
45.932 45.796 45.894 45.563 47.173 45.399 45.455 45.406 45.471 45.481 45.578 45.557 45.566 45.572 45.558 45.571 45.557 45.638 45.574 45.71 45.668 45.665 45.705 45.717 45.737 45.772 45.833 45.852 45.814 45.832 45.787 45.813 45.783 45.84 45.911 45.855 45.893 45.888 45.925 45.923 45.945 45.897 45.921 45.94 46.003 45.997 46.018 46.03 46.01 46.064 46.119 46.123 46.249 46.263 46.237 46.082 46.588 47.549 47.075 46.729 46.258 46.356 46.245 46.275 46.256 46.786 46.391 46.943 46.463 46.451 46.242 46.362
45.903 45.993 46.142 45.846 45.632 45.393 45.518 45.539 45.616 45.554 45.279 45.82 45.904 46.002 45.953 45.58 45.61 45.583 45.673 45.64 45.667 45.688 45.686 45.77 45.785 45.804 45.77 45.861 45.87 45.86 45.86 45.895 45.988 45.977 45.863 45.941 45.945 46.002 45.899 46 45.919 45.992 45.957 46.07 46.104 46.07 46.036 46.157 46.044 46.119 46.075 46.169 46.083 46.212 46.113 46.197 46.173 46.178 46.263 46.276 46.138 46.247 46.184 46.303 46.214 46.309 46.266 46.351 46.235 46.317 46.209 46.323
46.138 46.229 46.135 46.13 45.775 45.594 45.601 45.642 45.649 46.097 46.141 45.944 45.825 45.91 46.237 46.149 46.026 45.82 45.858 45.786 45.83 45.798 45.782 45.778 45.961 45.803 45.883 45.805 45.921 45.922 45.921 45.975 45.934 45.992 45.938 45.979 45.954 46.033 46.009 45.997 45.992 46.091 46.022 46.205 46.251 46.069 46.069 46.074 46.092 46.212 46.171 46.167 46.192 46.222 46.214 46.246 46.262 46.308 46.256 46.258 46.278 46.321 46.308 46.283 46.349 46.401 46.356 46.429 46.398 46.422 46.304 46.396
46.532 46.252 46.335 46.154 45.788 45.71 45.693 45.75 45.789 45.751 45.847 45.919 46.271 46.342 46.285 46.266 46.223 46.229 46.29 46.246 46.045 46.005 46.178 46.137 46.382 46.93 46.173 46.11 46.057 46.096 46.616 47.467 50.802 49.026 46.223 46.096 46.708 46.457 46.242 46.072 46.192 46.273 46.619 46.672 46.672 46.272 46.172 46.455 46.341 46.819 46.555 46.226 46.845 46.559 46.381 46.347 46.439 46.318 46.268 46.282 46.322 46.3 46.378 46.308 46.397 46.383 46.525 46.47 46.375 46.364 46.429 46.419
46.395 46.421 46.305 47.475 45.89 45.793 45.723 45.813 45.898 45.816 45.85 46.667 46.439 46.335 46.457 46.463 46.475 46.461 46.404 46.446 46.274 46.345 47.151 47.149 46.723 46.756 46.306 46.292 46.293 46.525 46.598 46.623 47.481 47.213 46.517 46.335 46.589 46.571 47.263 46.417 46.603 46.47 46.583 46.745 46.882 46.549 46.298 46.278 46.724 47.003 47.292 46.699 46.57 46.598 46.674 47.5 46.892 46.575 46.464 46.438 46.48 46.626 46.665 46.671 46.68 46.868 47.042 46.562 47.065 46.707 46.641 46.413
