dsm/se3038_DSM_2M.asc
ncols 500
nrows 500
xllcorner    430000
yllcorner    438000
cellsize     2
NODATA_value -9999
[rows 306 to 339 of 500, columns 304 to 379 of 500]
135.157 135.059 135.409 140.944 145.997 138.787 135.094 135.007 135.017 134.994 134.957 134.939 134.909 135.299 135.744 135.194 135.212 135.574 138.804 140.714 142.677 136.409 135.662 135.082 135.057 138.707 139.164 137.192 135.499 135.637 135.619 135.602 135.542 135.954 135.464 135.492 135.484 135.459 135.497 135.887 135.557 135.599 136.537 136.504 138.282 -9999 -9999 -9999 -9999 -9999 -9999 -9999 -9999 -9999 -9999 -9999 -9999 -9999 -9999 -9999 -9999 -9999 -9999 -9999 -9999 -9999 -9999 -9999 -9999 -9999 -9999 -9999 -9999 -9999 -9999 -9999
134.994 134.952 135.097 144.484 148.087 139.064 135.002 134.947 134.922 134.887 134.864 134.874 134.839 134.914 136.134 135.047 135.024 134.997 135.229 136.489 141.779 134.987 134.967 134.997 134.992 138.524 139.299 137.519 135.377 135.334 135.472 135.429 135.487 135.812 135.512 135.497 135.472 135.492 136.234 136.892 135.602 135.739 135.537 136.229 136.132 136.049 -9999 -9999 -9999 -9999 -9999 -9999 -9999 -9999 -9999 -9999 -9999 -9999 -9999 -9999 -9999 -9999 -9999 -9999 -9999 -9999 -9999 -9999 -9999 -9999 -9999 -9999 -9999 -9999 -9999 -9999
134.889 135.452 134.982 136.697 142.019 134.917 134.874 135.179 134.887 134.802 134.752 134.752 134.739 134.792 137.524 135.429 136.507 134.994 134.922 136.427 141.604 135.424 134.904 134.937 134.937 138.369 139.432 138.094 135.302 135.122 135.107 134.999 135.197 137.139 137.452 138.599 139.137 139.852 139.852 139.962 138.834 134.964 134.739 134.749 134.759 134.727 134.721 -9999 -9999 -9999 -9999 -9999 -9999 -9999 -9999 -9999 -9999 -9999 -9999 -9999 -9999 -9999 -9999 -9999 -9999 -9999 -9999 -9999 -9999 -9999 -9999 -9999 -9999 -9999 -9999 -9999
135.294 134.909 135.394 139.977 135.467 134.752 134.764 134.877 134.742 134.687 134.652 134.644 134.654 134.842 136.377 135.697 137.994 135.017 134.909 136.252 142.024 137.064 134.974 134.909 134.917 138.099 139.434 138.254 135.257 134.992 134.944 134.902 134.879 137.302 139.422 139.269 138.967 139.459 138.904 138.704 137.204 134.532 134.549 134.564 134.609 134.657 134.704 -9999 -9999 -9999 -9999 -9999 -9999 -9999 -9999 -9999 -9999 -9999 -9999 -9999 -9999 -9999 -9999 -9999 -9999 -9999 -9999 -9999 -9999 -9999 -9999 -9999 -9999 -9999 -9999 -9999
139.649 139.692 140.857 145.792 138.202 134.684 134.722 134.714 134.657 134.579 134.549 134.547 134.532 134.669 136.472 135.349 138.027 136.172 134.929 135.814 141.912 141.922 135.467 134.849 134.944 135.157 135.677 136.887 137.204 134.837 134.834 134.762 134.739 135.567 135.387 134.957 135.137 134.302 134.262 134.309 134.362 134.394 134.419 134.484 134.522 134.572 134.627 -9999 -9999 -9999 -9999 -9999 -9999 -9999 -9999 -9999 -9999 -9999 -9999 -9999 -9999 -9999 -9999 -9999 -9999 -9999 -9999 -9999 -9999 -9999 -9999 -9999 -9999 -9999 -9999 -9999
135.639 134.634 135.397 140.019 136.054 134.624 134.614 134.564 134.509 134.459 134.449 134.474 134.467 134.449 135.102 136.567 138.532 137.902 136.559 136.607 140.474 141.709 138.487 136.987 136.522 136.767 135.132 134.774 137.074 134.804 134.689 134.734 134.647 134.732 135.557 134.599 134.507 134.399 134.957 135.502 134.229 134.279 134.342 134.397 134.429 134.469 135.287 139.479 -9999 -9999 -9999 -9999 -9999 -9999 -9999 -9999 -9999 -9999 -9999 -9999 -9999 -9999 -9999 -9999 -9999 -9999 -9999 -9999 -9999 -9999 -9999 -9999 -9999 -9999 -9999 -9999
134.529 134.532 134.499 134.477 134.414 134.537 134.352 134.382 134.344 134.359 134.384 134.399 134.399 134.344 135.582 136.647 136.787 136.587 136.594 136.589 136.724 137.337 137.159 135.109 134.789 134.769 134.752 134.732 135.939 134.927 134.677 135.394 134.722 134.614 135.099 134.357 134.334 133.977 134.002 134.072 134.117 134.179 134.242 134.287 134.327 134.354 134.404 135.989 -9999 -9999 -9999 -9999 -9999 -9999 -9999 -9999 -9999 -9999 -9999 -9999 -9999 -9999 -9999 -9999 -9999 -9999 -9999 -9999 -9999 -9999 -9999 -9999 -9999 -9999 -9999 -9999
134.292 134.289 134.297 134.277 134.284 134.294 134.289 134.292 134.297 134.307 134.322 134.347 134.317 134.287 135.104 136.577 136.582 136.582 136.582 136.494 136.374 135.632 135.604 134.757 134.764 134.749 134.712 134.657 135.124 135.019 134.404 134.869 134.457 134.467 134.797 136.774 138.597 137.477 133.992 134.019 134.057 134.117 134.169 134.212 134.199 134.804 134.632 134.407 141.719 -9999 -9999 -9999 -9999 -9999 -9999 -9999 -9999 -9999 -9999 -9999 -9999 -9999 -9999 -9999 -9999 -9999 -9999 -9999 -9999 -9999 -9999 -9999 -9999 -9999 -9999 -9999
134.249 134.242 134.267 134.254 134.257 134.217 134.224 134.209 134.192 134.187 134.214 134.272 134.269 134.242 134.292 134.879 134.307 134.237 134.252 134.254 134.244 134.424 134.547 134.749 135.404 137.272 137.902 137.724 136.939 134.377 134.262 134.322 134.342 134.369 135.849 139.729 140.614 139.024 133.977 133.972 134.004 134.059 134.089 134.092 134.067 134.147 134.122 134.154 140.524 139.629 135.784 -9999 -9999 -9999 -9999 -9999 -9999 -9999 -9999 -9999 -9999 -9999 -9999 -9999 -9999 -9999 -9999 -9999 -9999 -9999 -9999 -9999 -9999 -9999 -9999 -9999
135.124 134.609 134.192 134.192 134.179 134.114 133.947 134.959 136.979 137.744 138.107 134.962 134.239 134.234 134.214 134.229 134.217 134.199 134.209 134.237 134.234 134.332 135.977 136.867 137.524 138.102 138.454 137.902 137.299 134.307 134.102 134.204 134.224 134.282 135.182 139.549 140.744 139.259 133.972 133.949 133.964 133.994 134.017 133.979 133.949 133.932 133.989 134.037 134.107 134.147 134.142 134.129 -9999 -9999 -9999 -9999 -9999 -9999 -9999 -9999 -9999 -9999 -9999 -9999 -9999 -9999 -9999 -9999 -9999 -9999 -9999 -9999 -9999 -9999 -9999 -9999
135.024 135.459 134.147 134.112 134.099 134.052 136.817 140.172 141.054 140.747 139.829 135.757 134.137 134.172 134.174 134.169 134.172 134.152 134.164 134.199 134.204 134.257 135.174 136.844 137.464 138.044 138.509 137.967 137.369 134.507 134.294 134.099 134.102 134.459 134.329 139.354 140.717 139.432 134.234 134.977 134.844 133.954 133.954 133.924 133.882 133.837 133.859 133.934 134.082 134.124 134.144 134.157 -9999 -9999 -9999 -9999 -9999 -9999 -9999 -9999 -9999 -9999 -9999 -9999 -9999 -9999 -9999 -9999 -9999 -9999 -9999 -9999 -9999 -9999 -9999 -9999
134.059 134.074 134.064 134.034 134.034 133.944 135.322 140.082 140.977 140.859 139.932 136.667 133.987 134.079 134.162 134.612 134.999 135.484 134.087 134.132 134.142 135.172 134.722 136.772 137.382 137.967 138.484 138.027 137.444 134.769 136.309 133.994 134.007 134.289 135.669 138.804 140.644 139.959 134.779 134.999 134.502 133.904 133.904 133.874 134.217 134.337 133.757 133.774 134.052 134.137 134.144 134.134 134.159 -9999 -9999 -9999 -9999 -9999 -9999 -9999 -9999 -9999 -9999 -9999 -9999 -9999 -9999 -9999 -9999 -9999 -9999 -9999 -9999 -9999 -9999 -9999
133.974 133.994 133.994 133.962 133.942 133.897 135.132 139.989 140.897 140.937 140.019 137.844 133.894 133.959 133.964 136.424 136.397 136.379 134.017 134.062 134.092 135.049 135.842 134.859 137.302 137.889 138.452 138.117 137.519 136.719 134.094 133.914 133.907 134.062 135.722 137.257 140.482 139.652 136.242 133.939 133.867 133.977 134.034 133.782 134.117 134.959 133.632 133.609 133.814 133.974 134.019 133.987 134.022 134.034 -9999 -9999 -9999 -9999 -9999 -9999 -9999 -9999 -9999 -9999 -9999 -9999 -9999 -9999 -9999 -9999 -9999 -9999 -9999 -9999 -9999 -9999
133.892 133.922 134.642 135.094 136.377 136.614 134.382 139.887 140.792 141.024 140.112 138.619 133.834 133.857 133.892 136.437 136.407 136.384 133.949 133.989 134.037 134.064 136.279 135.309 134.274 137.819 138.387 138.174 137.579 135.397 133.914 133.887 133.832 133.717 134.529 136.369 138.382 137.279 135.907 133.847 133.754 134.942 135.102 134.687 133.654 135.849 133.697 133.509 133.482 133.669 133.742 133.777 133.787 133.807 133.787 -9999 -9999 -9999 -9999 -9999 -9999 -9999 -9999 -9999 -9999 -9999 -9999 -9999 -9999 -9999 -9999 -9999 -9999 -9999 -9999 -9999
139.549 139.639 139.717 139.824 139.907 139.897 138.092 139.782 140.697 141.124 140.229 139.332 133.797 133.802 133.827 136.364 136.379 136.352 134.082 133.927 133.989 134.019 136.032 133.807 133.809 137.754 138.334 138.252 137.654 135.089 135.397 133.987 133.989 135.684 133.504 138.229 136.579 135.467 133.489 133.527 133.537 134.112 134.129 134.109 133.589 136.552 133.899 133.372 133.377 133.339 133.469 133.517 133.554 133.567 133.552 -9999 -9999 -9999 -9999 -9999 -9999 -9999 -9999 -9999 -9999 -9999 -9999 -9999 -9999 -9999 -9999 -9999 -9999 -9999 -9999 -9999
140.417 140.509 140.597 140.687 140.762 140.869 138.917 139.687 140.599 141.207 140.334 139.414 133.762 133.762 133.752 136.104 136.252 136.234 134.474 133.849 133.914 133.929 135.127 133.659 133.672 136.984 138.264 138.299 137.714 136.499 135.382 134.012 133.967 135.777 133.252 138.264 136.224 137.077 133.307 133.334 133.364 133.424 133.527 135.397 135.702 137.459 135.887 135.039 133.239 133.242 133.244 133.287 133.299 133.314 133.312 133.329 -9999 -9999 -9999 -9999 -9999 -9999 -9999 -9999 -9999 -9999 -9999 -9999 -9999 -9999 -9999 -9999 -9999 -9999 -9999 -9999
141.137 141.117 141.044 140.962 140.867 140.814 133.752 139.604 140.507 141.239 140.447 139.529 133.702 133.707 133.672 135.869 136.254 136.244 134.104 133.772 133.834 133.867 133.862 134.029 133.527 135.604 136.084 135.072 134.219 133.329 133.929 133.939 134.587 135.369 133.042 138.479 135.154 137.599 133.219 133.602 133.357 133.397 133.814 135.307 135.127 137.304 133.232 133.192 133.189 133.177 133.187 133.214 133.224 133.234 133.249 133.257 133.254 -9999 -9999 -9999 -9999 -9999 -9999 -9999 -9999 -9999 -9999 -9999 -9999 -9999 -9999 -9999 -9999 -9999 -9999 -9999
140.352 140.277 140.174 140.089 139.987 139.904 133.712 138.994 140.412 141.247 140.542 139.624 134.102 133.642 133.572 135.349 136.179 136.164 134.289 133.684 133.777 133.804 133.732 134.119 133.314 133.339 133.957 133.529 133.872 133.637 135.152 135.759 135.847 132.952 132.924 137.119 137.997 136.259 132.984 133.009 133.027 133.042 133.044 133.067 133.089 133.094 133.114 133.122 133.107 133.132 133.147 133.167 133.187 133.212 133.237 133.259 133.284 133.201 -9999 -9999 -9999 -9999 -9999 -9999 -9999 -9999 -9999 -9999 -9999 -9999 -9999 -9999 -9999 -9999 -9999 -9999
137.984 137.232 136.287 134.582 134.214 133.724 133.619 137.629 140.324 141.202 140.634 139.712 134.162 133.609 133.554 134.434 136.134 136.142 134.414 133.587 134.984 135.174 134.754 133.954 133.074 134.257 134.584 133.904 133.174 132.859 132.859 132.852 132.859 132.862 132.847 132.867 132.879 132.889 132.914 132.949 132.972 132.987 132.989 132.999 133.037 133.032 133.042 133.064 133.094 133.117 133.502 133.479 133.844 135.062 132.812 133.239 132.682 132.609 -9999 -9999 -9999 -9999 -9999 -9999 -9999 -9999 -9999 -9999 -9999 -9999 -9999 -9999 -9999 -9999 -9999 -9999
133.357 133.349 133.387 133.404 133.414 133.502 133.552 138.344 140.229 141.114 140.674 139.652 134.777 133.547 133.442 134.122 136.139 136.137 135.472 133.612 135.677 141.272 134.257 132.802 132.779 132.759 132.747 132.742 132.729 132.749 132.762 132.729 132.737 132.747 132.754 132.769 132.794 132.817 132.869 132.912 132.934 132.967 132.984 133.007 132.987 134.239 132.922 134.184 134.227 132.874 133.264 134.529 132.914 134.662 132.659 132.647 132.587 132.564 132.539 -9999 -9999 -9999 -9999 -9999 -9999 -9999 -9999 -9999 -9999 -9999 -9999 -9999 -9999 -9999 -9999 -9999
133.367 133.397 133.422 133.417 133.414 133.447 133.472 133.897 134.402 133.447 133.382 133.419 133.382 133.394 133.427 133.917 135.419 134.317 133.662 134.637 133.559 134.837 133.069 132.707 132.657 132.642 132.614 132.607 132.604 132.619 132.632 132.629 133.694 134.117 132.687 132.737 132.784 133.739 132.884 132.924 134.769 135.189 132.844 133.217 133.412 135.167 132.737 136.277 133.524 132.654 132.517 132.604 132.622 132.629 132.569 132.554 132.494 132.489 132.474 132.472 -9999 -9999 -9999 -9999 -9999 -9999 -9999 -9999 -9999 -9999 -9999 -9999 -9999 -9999 -9999 -9999
133.387 133.419 133.434 133.444 133.392 133.377 133.349 133.339 133.317 133.327 133.309 133.319 133.437 133.889 135.309 133.849 133.094 132.924 133.092 132.987 132.749 132.709 132.687 132.607 132.567 132.559 133.082 132.524 132.527 133.539 134.602 136.722 136.139 136.979 137.114 133.109 133.199 132.932 132.807 133.207 134.514 132.689 133.027 133.077 132.674 132.672 132.697 140.702 140.414 140.024 139.072 137.617 135.567 133.827 132.452 132.444 132.407 132.399 132.359 132.352 132.341 -9999 -9999 -9999 -9999 -9999 -9999 -9999 -9999 -9999 -9999 -9999 -9999 -9999 -9999 -9999
133.367 133.374 133.362 133.354 133.274 133.289 133.249 133.239 133.267 133.269 133.217 134.682 135.082 134.099 133.089 132.782 132.647 132.647 132.632 132.652 132.662 132.679 133.942 132.579 132.554 134.904 135.214 132.557 132.419 137.877 138.154 138.499 138.397 138.437 138.352 132.577 134.004 132.717 133.682 133.807 134.132 132.547 132.957 133.239 132.609 132.749 133.577 141.922 142.592 141.597 141.282 140.972 140.804 140.379 135.499 132.394 132.339 132.302 132.279 132.254 132.242 -9999 -9999 -9999 -9999 -9999 -9999 -9999 -9999 -9999 -9999 -9999 -9999 -9999 -9999 -9999
133.264 133.237 133.347 138.389 136.294 138.322 134.612 133.324 133.299 133.972 133.334 132.764 132.664 132.647 132.639 132.652 132.652 133.277 133.814 134.987 134.739 132.662 134.232 132.457 133.962 134.662 135.172 132.942 132.312 137.829 137.607 138.634 137.082 134.572 133.549 132.232 132.267 132.454 132.954 133.287 133.629 133.324 132.552 132.777 132.547 133.949 135.962 140.507 140.829 141.117 141.439 141.952 141.929 141.859 137.444 132.354 132.282 132.214 132.187 132.162 132.952 132.667 -9999 -9999 -9999 -9999 -9999 -9999 -9999 -9999 -9999 -9999 -9999 -9999 -9999 -9999
133.439 134.374 133.604 138.244 137.854 137.534 133.982 132.622 132.632 132.587 132.849 134.404 134.562 132.347 132.132 132.097 134.014 133.877 133.332 132.177 132.077 132.154 132.242 132.417 133.432 134.839 135.132 133.542 132.212 132.702 133.257 132.542 132.132 132.019 132.004 132.347 134.984 134.924 134.992 135.009 134.347 132.224 132.307 132.359 132.399 133.009 134.552 141.172 140.817 140.434 141.404 141.764 140.527 140.227 132.437 132.334 132.242 132.164 132.134 132.087 132.754 132.487 -9999 -9999 -9999 -9999 -9999 -9999 -9999 -9999 -9999 -9999 -9999 -9999 -9999 -9999
132.609 132.672 132.662 133.369 132.544 132.269 132.327 132.104 132.059 132.069 132.152 135.837 136.674 132.082 132.074 132.024 132.009 132.019 132.062 131.992 131.994 132.094 132.267 132.464 132.672 134.182 135.107 133.279 132.109 132.169 132.164 133.287 131.949 132.152 131.932 131.964 135.794 135.789 135.792 135.742 134.987 132.204 132.282 132.342 132.392 132.444 138.409 141.852 140.682 140.649 141.622 141.449 139.334 133.099 133.072 133.179 134.069 132.957 132.709 132.207 131.929 132.209 133.687 -9999 -9999 -9999 -9999 -9999 -9999 -9999 -9999 -9999 -9999 -9999 -9999 -9999
133.254 132.454 131.999 131.954 132.214 133.347 133.429 132.199 131.942 131.932 131.994 138.234 133.374 131.989 132.007 131.987 131.939 131.904 131.879 131.902 131.887 131.937 131.964 132.137 132.827 134.252 135.094 133.359 132.014 132.087 132.079 134.562 132.914 132.587 132.712 132.112 135.172 135.162 135.162 135.172 134.194 132.194 132.242 132.324 132.387 134.157 140.639 141.839 140.442 140.839 141.787 141.129 137.819 132.632 132.434 132.379 132.294 132.177 132.057 132.352 132.757 133.392 132.039 132.267 -9999 -9999 -9999 -9999 -9999 -9999 -9999 -9999 -9999 -9999 -9999 -9999
132.069 132.004 131.892 131.852 131.997 133.514 133.494 132.024 131.787 131.799 137.642 133.739 131.862 131.874 131.892 131.859 131.859 131.749 131.757 131.737 131.772 131.804 131.774 131.982 132.244 133.714 135.074 136.617 132.844 131.912 131.924 131.949 132.014 132.054 132.079 134.199 134.109 134.722 134.709 134.794 134.822 134.952 133.702 132.309 132.382 134.542 141.084 142.442 140.402 141.049 142.102 140.847 136.939 132.449 132.404 132.309 132.209 132.109 132.022 131.887 131.779 131.834 132.292 131.867 131.859 -9999 -9999 -9999 -9999 -9999 -9999 -9999 -9999 -9999 -9999 -9999
132.029 131.947 131.862 131.814 131.752 133.554 132.964 131.852 131.642 131.667 134.314 131.709 131.664 131.654 131.672 131.744 131.647 131.609 131.619 131.654 131.654 131.654 131.684 131.839 132.167 133.397 135.032 137.847 134.822 131.824 131.819 131.832 132.007 132.102 132.047 131.927 131.849 131.859 131.854 131.872 131.892 131.949 133.364 132.132 132.317 132.532 141.352 141.314 140.409 141.234 142.044 140.577 135.897 133.714 132.982 132.824 133.437 132.077 132.104 133.059 131.697 132.902 132.197 133.727 131.699 131.648 -9999 -9999 -9999 -9999 -9999 -9999 -9999 -9999 -9999 -9999
131.597 131.804 131.457 131.332 131.354 131.259 131.322 131.362 131.834 131.379 131.407 131.614 131.382 133.052 131.457 131.524 131.492 131.497 131.517 131.499 131.524 131.559 131.602 131.762 132.064 133.024 134.999 134.037 131.752 131.739 131.744 131.747 131.934 132.497 132.029 131.772 131.704 131.642 131.589 131.599 131.687 131.769 131.979 133.534 132.309 135.467 141.652 140.989 140.479 141.434 141.689 140.287 134.699 132.157 132.317 133.557 132.752 134.192 135.722 132.524 134.102 131.552 132.619 131.537 131.519 131.587 -9999 -9999 -9999 -9999 -9999 -9999 -9999 -9999 -9999 -9999
136.507 134.947 134.884 135.627 136.239 131.264 131.507 132.052 137.032 137.082 136.977 137.239 137.307 137.374 131.867 131.407 131.387 131.434 131.414 131.287 131.442 131.462 131.514 134.822 132.517 132.599 134.967 134.667 132.507 131.647 131.662 131.794 132.974 132.509 131.747 131.644 131.562 131.444 131.334 131.269 131.282 131.222 131.224 133.614 132.314 140.172 140.589 140.644 140.672 141.657 141.429 139.552 132.649 132.149 132.249 132.044 131.922 133.179 134.604 131.819 131.644 131.604 131.454 131.424 131.424 131.509 131.567 -9999 -9999 -9999 -9999 -9999 -9999 -9999 -9999 -9999
138.022 138.094 138.139 138.227 137.417 131.239 131.352 133.292 138.197 138.632 139.164 138.784 138.782 137.724 132.352 131.302 131.332 131.322 131.319 131.317 131.379 132.394 131.562 131.554 131.799 131.842 134.949 134.722 132.684 131.547 131.557 131.569 131.587 131.664 131.687 131.572 131.447 131.052 130.967 130.949 130.897 130.797 132.027 135.249 132.317 141.452 141.139 140.822 140.892 141.882 141.124 139.149 133.564 132.117 132.124 132.052 131.954 131.817 131.762 133.819 134.617 132.369 131.652 131.337 131.337 131.427 131.487 131.497 -9999 -9999 -9999 -9999 -9999 -9999 -9999 -9999
139.587 139.679 139.679 139.017 137.494 131.219 132.119 132.887 138.139 139.604 139.739 139.707 139.334 137.792 131.824 131.239 131.239 131.397 131.232 131.382 131.617 131.404 131.397 131.462 131.224 131.932 134.969 134.972 133.509 131.452 131.449 131.467 131.494 131.564 131.602 131.492 131.114 130.672 136.032 135.669 134.147 132.672 131.962 133.192 132.799 141.329 141.644 141.879 141.942 142.019 141.417 141.187 137.119 131.994 132.004 131.922 131.852 131.709 133.832 135.622 135.449 134.964 132.177 131.282 131.267 131.347 131.389 131.402 131.374 -9999 -9999 -9999 -9999 -9999 -9999 -9999
138.887 138.857 138.757 138.662 137.557 131.232 132.197 131.542 138.049 138.344 138.214 138.177 138.114 137.839 132.389 131.164 133.259 131.722 131.549 130.937 132.339 132.752 131.409 131.092 131.079 132.104 133.964 133.939 133.574 131.352 131.349 131.364 131.807 131.964 131.497 131.247 130.907 131.949 136.997 138.127 137.622 136.512 130.959 133.632 134.077 135.107 137.792 140.339 140.687 140.987 141.309 141.647 136.012 131.884 133.662 133.379 131.532 131.092 131.097 131.237 132.899 132.369 131.312 131.192 131.192 131.252 131.297 131.697 131.364 -9999 -9999 -9999 -9999 -9999 -9999 -9999
