dsm/se3038_DSM_2M.asc
ncols 500
nrows 500
xllcorner    430000
yllcorner    438000
cellsize     2
NODATA_value -9999
[rows 340 to 373 of 500, columns 152 to 227 of 500]
130.68 132.024 132.949 130.297 131.585 133.148 132.459 132.195 131.204 131.111 131.41 133.086 133.364 133.897 133.311 134.398 132.202 130.644 130.576 130.578 130.678 130.544 130.619 130.364 130.334 130.494 130.65 132.211 132.077 130.871 136.45 137.76 138.04 137.78 138.065 135.62 131.11 130.955 133.23 134.277 133.497 133.437 136.71 138.197 138.142 138.102 137.97 137.837 132.117 133.342 131.282 131.192 131.167 131.405 134.17 137.01 138.152 138.195 138.07 134.655 131.332 131.325 131.347 131.34 131.122 131.035 131 131.005 131.137 132.112 131.472 131.78 131.515 131.577 131.55 131.567
129.952 130.285 130.124 130.351 132.56 132.991 132.769 130.397 130.33 130.417 130.878 136.329 136.542 136.59 135.492 133.42 130.844 130.829 130.552 133.049 130.51 130.517 130.616 130.265 130.226 130.361 131.002 130.917 130.871 130.9 132.402 133.457 134.417 135.995 136.585 135.082 131.26 130.935 133.315 134.21 133.747 134.29 136.192 136.732 136.855 136.975 137.092 137.24 131.307 133.372 131.242 131.225 131.155 131.162 131.242 136.557 137.902 139.527 138.245 137.535 131.282 131.292 131.3 131.44 131.02 130.917 130.85 130.9 131.02 133.79 131.332 131.412 132.177 133.717 133.912 131.497
130.55 129.936 130.083 130.281 132.17 133.1 130.547 130.25 130.271 130.355 131.417 136.551 138.262 138.419 137.581 132.585 130.564 130.627 131.854 139.055 141.145 130.883 130.186 130.146 130.151 130.284 132.06 131.67 131.529 131.722 131.952 131.952 132.225 132.245 131.777 131.73 131.737 131.505 133.435 134.135 131.097 131.935 131.94 132.312 131.64 131.112 134.2 134.41 132.275 132.117 131.887 131.41 131.702 131.485 131.205 136.837 138.877 139.627 138.925 138.95 131.627 131.405 131.472 131.515 130.892 130.792 130.79 130.797 130.922 131.912 131.707 131.3 131.63 136.692 138.995 131.455
137.445 132.956 130.22 130.99 133.471 132.417 130.248 130.242 130.268 131.04 133.222 137.498 138.893 139.055 137.794 134.976 130.511 130.666 130.825 139.156 139.346 134.149 130.096 130.079 131.242 130.277 130.969 130.538 130.817 130.917 132.93 135.135 134.9 134.892 133.567 133.012 130.755 130.915 130.93 130.965 130.887 130.985 130.912 130.925 130.95 130.935 134.232 134.357 133.17 131.005 130.977 132.942 131.955 131.745 131.797 136.355 138.397 139.622 138.582 138.49 132.295 131.01 131.017 132.042 130.775 130.667 130.71 130.69 130.817 131.655 131.202 131.222 131.225 131.47 135.892 133.685
139.67 138.383 138.538 138.076 134.734 131.564 132.242 132.039 130.947 131.544 132.833 136.951 137.6 137.627 137.492 133.908 131.032 130.654 130.326 131.08 130.789 130.144 130.005 129.971 130.888 130.119 131.277 130.785 130.502 130.51 133.872 137.42 137.5 137.64 137.13 133.845 130.545 130.63 130.907 130.857 131.08 130.86 130.882 130.91 130.927 130.955 134.267 134.327 133.467 130.807 130.847 130.897 130.922 131.662 131.975 136.52 138.345 139.31 138.295 137.142 131.89 130.997 130.945 130.95 130.657 130.54 130.605 130.605 132.502 138.16 134.01 131.212 131.452 131.145 135.5 137.47
135.894 137.514 137.804 137.608 137.676 132.531 138.356 137.161 134.55 133.991 133.195 132.453 132.638 133.283 133.903 131.258 130.354 130.25 130.166 130.119 130.042 129.909 129.913 129.885 129.978 130.602 131.04 130.55 130.497 131.402 137.292 137.577 139.025 138.66 137.092 133.685 131.037 130.607 130.855 130.932 130.985 130.715 130.722 130.787 130.755 130.86 133.63 133.722 133.482 130.782 130.802 130.837 130.867 130.852 131.882 136.52 137.867 137.852 137.797 135.865 130.87 130.897 130.932 130.935 130.557 130.44 130.522 130.48 131.422 135.412 131.39 130.98 131.57 137.495 137.53 138.5
137.004 134.287 137.221 133.528 136.509 135.42 138.392 133.87 135.293 133.265 131.595 131.888 131.657 131.414 131.363 130.601 130.685 130.485 130.337 130.029 129.922 129.799 129.845 129.797 129.902 130.347 132.612 130.505 130.472 132.205 137.312 137.437 137.53 137.622 136.992 134.052 133.73 130.622 130.935 130.847 131.16 130.637 130.602 130.62 130.655 130.685 130.725 130.79 132.93 130.802 130.785 132.93 133.02 133.077 130.937 131.432 130.847 130.877 131.18 130.947 131.13 130.747 130.73 131.135 130.452 130.33 130.41 130.392 130.542 130.687 130.797 130.882 132.485 137.882 138.592 139.552
131.539 133.889 136.247 134.913 130.947 132.663 136.673 135.99 132.312 131.872 131.828 135.397 137.396 136.639 134.308 130.656 130.222 130.626 130.261 130.413 129.883 129.743 129.76 129.687 130.99 130.522 132.46 131.35 131.587 130.595 133.367 134.682 134.525 134.78 135.125 130.46 130.325 133.247 133.505 133.065 131.39 130.577 130.547 130.575 130.615 130.645 130.655 130.672 132.337 134.02 134.1 133.14 130.927 131.897 130.735 131.142 131.05 130.66 131.877 131.705 130.547 130.522 130.497 130.402 130.335 130.242 130.295 130.315 130.41 131.96 131.06 132.08 130.832 136.185 139.622 139.14
130.158 130.361 132.911 132.262 130.123 132.449 132.887 132.272 130.881 130.866 131.839 136.568 137.902 136.81 135.021 130.397 130.178 131.046 129.954 130.267 129.817 129.667 129.657 129.575 131.125 130.34 134.242 129.937 129.99 130.167 133.675 133.752 133.335 133.24 133.167 131.19 130.595 131.767 131.482 131.422 131.287 130.565 130.507 130.53 130.555 130.6 130.607 130.6 130.7 132.427 132.522 131.58 130.452 130.41 130.325 130.255 131.14 131.315 130.287 130.295 130.325 130.33 130.33 130.312 130.212 130.145 130.175 130.247 130.302 133.047 130.805 130.875 131.077 130.822 137.825 138.087
130.16 129.979 130.292 130.109 130.133 130.155 131.464 130.109 130.379 131.237 133.818 138.228 138.32 137.467 137.286 130.528 130.006 130.194 129.916 129.942 129.7 129.53 129.532 129.462 132.09 137.31 137.702 131.555 131.232 131.907 131.127 131.315 131.112 130.722 130.272 130.1 130.12 131.1 133.71 133.727 132.952 130.515 130.5 130.492 130.495 130.555 130.595 130.63 130.34 130.282 130.45 130.327 130.432 133.26 133.265 135.94 133.107 130.332 130.355 130.402 130.265 130.33 130.205 130.167 130.075 130.027 130.057 130.167 130.535 132.787 131.527 130.837 130.915 133.047 131.345 135.262
132.568 130.016 130.097 132.585 133.481 133.297 133.203 132.402 130.243 131.021 132.878 135.91 136.2 136.223 136.389 130.102 129.927 129.862 130 129.852 129.635 129.44 129.45 129.342 132.007 134.827 135.265 133.257 130.627 131.11 130.757 129.997 130.032 130.055 132.695 132.732 130.032 130.337 131.325 131.242 133.397 134.317 133.997 134.132 133.885 132.687 131.895 130.827 130.292 130.235 130.247 130.262 130.295 131.677 134.01 136.785 137.077 136.767 136.215 131.052 130.242 130.3 130.185 130.267 129.972 129.912 129.927 130 130.415 130.712 130.662 130.882 130.77 132.115 133.045 132.255
136.679 130.478 131.871 133.97 133.727 133.5 133.765 132.652 130.22 130.128 130.139 130.53 133.703 131.09 131.222 129.982 129.92 129.807 129.722 129.63 129.477 129.342 129.34 129.235 129.31 130.117 130.812 129.935 129.835 129.815 130.007 135.417 136.192 136.597 136.73 136.182 131.275 129.855 129.902 129.927 129.902 129.977 130.07 130.282 132.435 130.147 130.097 130.572 130.155 130.642 131.272 130.315 130.232 130.147 135.22 137.08 138.352 137.407 136.022 130.725 130.152 130.17 130.17 130.22 129.865 129.822 129.817 129.87 130.022 130.78 130.09 130.167 130.245 132.03 132.22 131.142
136.574 135.145 133.308 135.28 132.823 132.085 131.609 132.86 131.284 131.315 131.321 130.968 131.035 130.889 130.812 130.552 130.087 130.117 130.237 129.707 129.4 129.23 129.252 129.142 129.3 129.36 130.06 130.532 129.85 129.83 129.822 135.68 136.587 136.877 137.882 136.347 135.265 129.82 129.915 129.877 129.885 129.877 129.897 129.92 131.815 130.09 130.027 130.032 130.002 130.017 130.182 130.07 130.315 130.152 135.772 138.03 138.45 137.44 137.122 130.077 130.127 130.137 130.117 129.895 129.677 129.727 129.717 129.822 130.452 130.22 130.665 130.307 130.507 130.167 130.3 130.312
132.915 131.781 131.314 132.877 131.588 131.401 131.92 132.173 131.847 129.708 129.813 129.866 129.84 129.82 129.792 129.79 130.612 130.757 129.612 129.505 129.332 129.14 129.17 129.097 129.235 129.335 131.215 129.857 129.815 129.847 130.085 130.982 135.02 136.632 137.93 137.447 135.877 129.907 129.867 129.83 130.35 129.95 130.282 131.605 131.397 131.205 129.957 129.972 129.92 129.975 129.99 129.945 130.067 130.735 136.24 137.682 138.227 137.847 135.785 132.147 135.752 130.16 130.112 129.667 129.565 129.635 129.605 129.69 130.522 130.065 130.08 131.582 132.975 132.62 131.29 130.125
131.57 130.232 129.471 129.488 129.476 129.449 129.606 129.517 129.676 129.724 134.226 137 138.297 137.225 135.762 129.705 129.64 129.577 129.755 130.255 129.29 129.095 129.092 129.027 129.13 129.172 130.107 129.95 130.252 130.595 130.245 130.042 134.347 136.552 138.47 137.892 137.877 129.95 129.777 129.675 129.662 129.665 129.98 135.257 133.605 130.937 129.965 129.972 129.897 129.877 130.28 129.875 132.78 133.58 136.522 137.822 137.91 136.595 132.827 130.275 135.787 130.977 131.397 129.565 129.465 129.522 129.532 129.635 130.115 131.492 130.095 136.725 136.79 138.06 137.555 135.355
129.718 129.678 129.585 129.675 129.662 129.394 129.38 129.385 129.542 130.177 135.67 136.792 138.145 137.4 136.057 129.885 129.617 129.572 131.217 131.997 129.23 129.052 129.002 128.95 129.007 129.032 129.82 131.14 129.95 130.117 129.902 130.055 134.547 136.395 137.875 137.895 137.865 129.727 129.632 129.632 129.592 130.45 130.467 133.375 133.167 129.82 129.99 130.127 130.107 129.892 129.93 129.837 130.822 133.285 136.26 136.552 136.842 136.192 129.905 129.85 129.875 129.827 130.207 129.437 129.362 129.395 129.457 129.782 130.092 130.95 130.345 135.082 136.96 138.28 137.215 134.952
129.561 129.9 130.1 130.193 129.437 129.324 129.351 129.357 132.015 133.335 134.622 136.602 137.995 137.385 136.237 130.46 131.417 130.865 129.812 131.872 129.097 129.02 128.915 128.865 129.815 129.017 130.625 129.627 129.622 129.642 129.962 131.867 136.562 136.725 137.615 136.937 133.35 129.647 129.667 129.875 130.495 129.712 129.742 131.15 130.162 129.807 129.837 129.752 129.817 132.25 131.525 130.55 129.925 129.835 129.695 130.072 131.537 133.07 131.055 129.665 129.755 129.84 129.565 129.23 129.247 129.247 129.34 130.39 130.11 130.317 130.16 135.84 137.28 138.215 136.817 135.047
129.947 129.683 129.748 129.446 129.53 129.868 129.507 129.385 131.952 132.99 133.692 136.437 137.92 137.967 136.445 130.77 130.155 130.807 129.25 130.107 129.025 128.995 128.812 128.772 130.33 129.152 131.897 131.282 129.667 129.85 129.985 131.105 136.285 136.162 136.165 135.98 132.742 129.567 132.127 132.507 132.192 130.067 129.92 130.185 131.572 129.762 129.745 129.667 129.61 130.92 132.11 129.52 130.07 129.432 129.622 130.645 129.747 130.67 129.712 129.372 130.572 130.027 129.172 129.072 129.135 129.107 129.222 130.895 129.667 129.67 130.077 136.2 138.097 137.997 136.495 133.855
130.589 131.291 132.439 132.721 133.103 131.235 130.972 131.077 129.92 130.602 133.102 136.245 137.615 138.015 136.575 134.777 129.467 129.242 130.002 129.345 129.197 128.917 128.707 128.672 129.46 129.25 131.61 132.34 129.62 129.362 129.33 129.402 129.467 129.5 129.542 129.537 129.565 129.772 131.282 131.025 130.387 130.67 129.205 129.785 130.052 129.545 129.57 129.56 129.532 129.5 129.4 129.32 131.795 129.637 129.107 129.42 129.817 129.74 132.737 130.377 130.292 129.135 129.017 128.99 129.035 128.995 129.152 129.642 129.615 129.61 134.192 136.467 137.965 138.432 137.792 133.3
132.007 131.224 129.861 129.202 129.107 128.977 129.145 129.2 129.885 130.192 131.755 136.057 137.272 137.192 136.752 134.072 129.647 129.097 129.7 128.992 128.855 128.752 128.587 128.587 128.467 128.572 128.697 128.822 128.967 129.127 129.252 129.377 129.725 130.345 129.612 129.447 129.377 132.18 131.665 131.685 129.257 129.2 129.192 129.86 129.202 129.165 129.275 129.487 129.425 129.415 129.305 131.767 135.117 135.305 133.95 129.522 129.04 129.147 129.58 130.375 131.695 129.155 128.865 128.897 128.9 128.902 129.197 129.79 129.52 130.182 136.155 136.847 138.267 138.422 137.947 132.245
129.148 128.83 128.812 128.79 128.812 128.862 129.09 129.227 129.425 130.33 133.325 135.827 136.042 135.88 135.417 133.962 129.097 129.015 128.975 128.91 128.785 128.64 128.46 128.497 128.405 128.485 128.547 130.355 130.27 131.745 130.452 129.402 131.337 131.507 129.007 129.297 130.855 131.93 130.242 129.08 129.135 129.12 130.097 130.752 129.165 129.122 129.13 129.182 129.275 129.575 129.015 133.64 135.955 136.7 136.032 135.18 129.05 128.987 128.91 128.92 132.855 128.795 128.745 128.797 128.777 128.855 128.995 129.417 129.452 130.515 135.972 137.2 138.45 138.41 136.087 131.437
128.782 128.705 128.722 128.89 128.767 129.065 130.19 130.825 131.222 130.252 129.192 129.12 130.067 130.485 129.082 129.05 129 129.287 129.485 130.262 129.817 128.572 128.45 128.4 128.332 128.415 128.477 129.162 128.617 128.722 130.177 129.81 129.09 131.33 134.795 135.48 131.35 129.07 129.042 129.02 129.052 129.052 130.727 132.345 129.43 129.092 129.092 129.082 129.09 129.322 132.782 135 136.362 137.337 135.947 132.867 129.135 129.102 129.132 128.875 128.742 128.632 128.642 128.702 128.665 128.83 129.23 129.117 130.327 129.422 129.21 129.565 132.252 134.697 133.537 129.847
128.762 128.682 128.665 128.675 128.745 129.017 130.695 131.43 131.2 130.087 130.385 128.985 128.92 128.797 128.777 128.982 130.655 130.112 129.652 128.935 128.797 128.497 128.457 128.305 128.262 128.187 128.325 128.42 128.637 128.727 128.745 129.61 135.185 135.802 136.287 136.405 134.442 129.155 129.04 129.05 129.07 128.9 129.542 130.895 128.842 128.927 129.057 129.045 129.08 129.637 135.075 135.685 137.042 136.747 135.325 132.587 129.05 129.06 129.065 129.257 128.77 128.5 128.582 128.61 128.692 129.16 129.07 130.042 129.165 129.01 129.182 129.665 130.215 130.45 129.665 129.23
129.545 130.512 130.97 130.59 131.235 131.14 130.847 128.962 130.012 128.677 128.607 131.462 131.767 129.692 131.435 129.177 128.56 128.645 128.75 128.645 129.905 128.4 128.385 128.197 128.18 128.097 128.217 129.9 131.137 129.38 128.705 128.962 134.67 136.12 137.43 136.907 135.562 129.952 128.992 128.842 128.812 128.82 129.68 131.507 129.742 131.675 130.77 128.882 129.13 132.69 135.712 136.815 137.327 136.035 134.02 129.21 129.297 129.04 129.122 128.922 128.465 128.412 128.485 128.495 128.65 129.865 128.927 128.92 128.982 129.662 128.89 129.022 128.992 129.327 129.362 129.26
135.275 133.04 129.332 128.605 128.542 128.377 128.365 128.31 128.285 128.485 128.522 134.332 134.697 136.31 134.162 131.197 128.47 132.195 134.307 128.61 128.897 128.957 128.29 128.09 128.092 128.077 128.185 129.06 130.197 128.585 128.687 128.627 133.78 135.62 137.145 137.445 136.537 133.02 128.8 128.775 128.79 128.795 130.262 129.002 130.425 131.592 132.117 132.05 133.802 134.962 135.702 136.195 136.68 135.357 133.83 129.385 129.032 129.51 129.635 128.905 128.317 128.345 128.395 128.477 129.205 128.8 128.867 129.177 135.01 135.357 134.235 128.877 128.835 129.872 129.375 129.947
134.165 132.522 128.535 128.255 128.45 128.307 128.31 128.247 128.22 128.382 130.53 135.51 135.667 137.31 134.462 132.947 128.422 132.305 134.67 128.555 128.805 129.55 128.147 128.025 128 128.897 128.205 128.025 130.222 129.817 130.935 129.275 129.34 135.147 136.447 137.687 137.647 137.422 128.962 128.732 128.74 128.742 130.995 128.87 128.772 128.655 130.35 134.187 135.655 135.687 135.6 135.605 135.722 134.39 128.782 128.832 128.732 129.632 131.075 128.245 128.15 128.26 128.285 128.415 130.005 128.735 129.05 128.802 134.212 135.352 137.447 137.135 134.015 128.922 128.787 131.572
131.292 128.27 128.182 128.185 128.687 128.135 128.23 128.157 128.125 128.295 128.47 131.617 134.515 136.455 135.315 135.515 128.39 128.32 128.267 128.252 128.48 129.722 128.017 127.895 127.877 127.857 128.742 127.957 129.622 129.412 129.125 128.39 128.55 134.68 135.925 137.31 137.632 137.617 131.16 128.737 128.757 128.807 131.03 128.757 128.702 128.63 128.492 128.747 133.092 134.96 135.58 135.652 135.582 132.732 128.86 128.717 128.705 128.62 128.885 128.155 128.082 128.155 128.225 130.335 128.735 129.27 129.625 130.552 135.13 136.62 137.312 137.11 133.597 129.83 128.807 128.83
129.477 128.15 128.075 128.062 128.102 127.98 128.007 128.015 128.002 128.145 128.547 128.952 133.76 135.185 134.895 134.595 128.31 128.242 128.207 128.165 128.102 128.032 127.917 127.81 127.752 127.762 127.72 127.885 128.3 129.092 128.355 128.365 128.417 131.372 135.455 136.825 137.447 133.545 129.212 129.055 128.857 128.86 129.305 130.69 128.772 128.55 128.415 128.437 128.437 128.945 132.102 134.892 134.962 131.337 128.725 128.437 129.325 128.885 128.027 127.947 128.02 128.057 130.275 132.957 130.837 128.707 128.732 133.042 136.142 137.287 137.11 137.09 132.225 128.977 128.785 128.695
128.132 128.105 127.815 127.885 128.09 127.945 127.87 127.895 127.877 127.887 128.792 129.22 131.635 133.682 133.012 132.59 128.205 128.19 128.175 128.205 128.49 129.38 127.947 127.75 127.622 127.65 127.63 127.737 127.737 130.127 128.31 128.337 128.38 128.675 132.882 131.557 131.537 131.53 131.557 128.737 129.507 128.795 130.325 128.845 129.585 128.592 128.427 128.377 128.392 128.387 128.382 128.335 129.365 128.287 128.375 128.075 128.587 128.002 127.89 127.87 127.937 127.962 128.105 130.412 128.68 128.702 129.47 134.94 136.45 137.417 136.447 135.5 131.832 128.715 128.712 128.612
133.21 127.835 127.782 127.795 127.715 127.9 127.757 127.782 127.775 127.765 128.52 128.665 128.752 129.127 128.857 128.21 128.687 130.56 129.802 129.217 128.412 127.78 127.73 127.625 127.53 127.532 127.555 127.557 127.667 128.277 128.552 130.17 127.997 128.157 129.305 131.525 131.507 129.282 128.14 127.86 129.415 128.585 127.825 129.492 129.955 128.827 128.567 128.637 128.345 128.382 128.35 128.327 128.252 128.147 128.065 128.012 127.917 127.782 127.715 127.807 127.837 127.93 128.055 128.15 128.492 129.105 135.125 135.625 137.14 136.782 135.28 129.515 128.87 129.777 128.712 128.96
131.24 127.885 127.742 127.727 127.685 127.74 128.545 128.702 128.787 128.545 128.207 128.082 128.01 127.695 127.692 127.53 127.51 127.5 127.537 127.557 127.595 127.61 127.617 127.615 127.515 127.405 127.46 127.432 127.532 127.54 127.66 127.757 127.887 128.012 128.985 128.195 128.962 130.082 129.615 127.735 127.842 129.585 127.842 127.777 129.262 130.71 129.715 129.545 128.65 129.082 128.26 128.182 128.14 128.117 128.007 129.405 128.52 127.637 127.677 127.737 127.73 127.902 128.105 128.155 128.192 129.225 134.847 136.305 137.502 136.16 133.4 128.97 128.892 128.877 128.502 129.207
128.075 128.952 127.927 128.49 127.572 127.482 127.632 128.81 129.582 129.67 127.322 128.02 128.837 127.677 127.437 127.582 129.777 127.467 127.495 128.092 128.11 127.507 127.572 128.352 127.48 127.4 127.965 127.347 127.287 128.202 128.445 128.015 127.775 127.71 127.73 127.745 127.75 127.682 127.625 127.677 128.525 130.987 132.645 131.92 131.15 130.657 131.015 130.002 131.207 129.187 128.082 128.047 129.155 128.662 128.042 129.195 128.747 127.582 127.63 127.63 127.78 128.18 127.94 127.935 128.522 128.247 128.297 129.982 136.512 135.475 132.22 130.727 128.81 128.427 128.36 128.347
128.257 127.367 127.357 127.447 127.257 127.25 127.42 128.827 129.715 129.702 127.512 128.95 132.705 133.205 133.385 133.545 131.692 127.435 127.492 127.477 127.482 127.45 127.445 127.672 127.407 127.4 128.41 127.247 127.197 127.247 127.402 129.52 127.632 127.672 127.805 128.932 128.257 134.295 134.08 134.487 133.647 133.065 133.415 133.132 130.685 128.245 129.537 127.69 129.092 128.795 128.205 128.017 128.112 128.54 129.712 127.557 127.785 127.497 127.532 127.662 127.715 127.92 127.94 127.895 127.875 128.292 128.462 128.327 128.347 128.685 130.462 128.852 128.297 128.3 128.282 128.28
127.36 127.24 127.18 127.205 127.23 127.23 127.225 127.24 127.297 127.882 127.237 130.012 133.412 134.307 134.482 134.46 133.365 128.047 127.47 127.465 127.45 127.43 127.405 127.445 127.9 127.295 127.132 127.277 127.117 127.072 127.187 127.305 127.512 127.63 127.682 128.15 128.555 133.802 134.012 134.437 135.185 134.95 134.645 134.477 134.272 127.677 131.362 133.905 133.73 132.77 127.662 128.597 127.927 129.5 127.322 127.292 127.367 127.417 127.47 127.522 128.042 127.892 127.945 128.547 131.307 127.847 127.835 129.145 128.35 129.78 128.442 128.43 128.245 128.25 128.242 128.225
