dsm/se3031_DSM_2M.asc
ncols 500
nrows 500
xllcorner    430000
yllcorner    431000
cellsize     2
NODATA_value -9999
[rows 192 to 223 of 500, columns 144 to 215 of 500]
33.341 33.319 33.326 33.283 33.322 33.299 33.277 33.288 33.262 33.207 33.217 33.177 32.943 32.943 33.035 32.989 33.022 33.256 33.289 33.163 33.199 33.569 34.221 36.28 36.1 37.088 37.706 38.366 38.462 38.387 37.841 40.41 41.988 37.687 34.415 34.405 35.313 37.839 38.406 31.552 31.229 31.048 30.894 30.774 30.681 30.761 31.164 31.128 30.866 30.49 30.332 30.163 29.987 29.947 29.849 29.732 29.685 29.579 29.565 29.475 29.414 29.369 29.308 29.225 29.178 29.196 29.146 29.116 29.1 29.085 29.103 32.347
33.409 33.368 33.363 33.267 33.291 33.277 33.25 33.252 33.237 33.237 33.203 33.13 32.939 33.055 33.034 33.052 33.183 33.361 33.339 33.181 33.186 33.445 33.968 34.749 35.507 36.357 37.208 37.915 38.418 38.4 40.39 40.688 42.972 43.687 37.703 38.606 37.908 38.17 38.596 32.644 31.822 32.699 30.983 30.856 30.799 30.681 30.653 30.734 31.247 31.305 31.005 30.41 30.247 30.04 30.003 29.905 29.792 29.74 29.635 29.562 29.54 29.479 29.42 29.403 29.371 29.329 29.277 29.372 29.385 29.489 32.264 35.802
33.407 33.379 33.369 33.305 33.314 33.25 33.276 33.264 33.202 33.242 33.222 32.993 33.049 33.054 33.025 33.076 33.306 33.34 33.3 33.214 33.177 33.309 33.618 34.372 34.859 35.921 36.721 37.992 38.181 38.408 39.321 38.902 39.735 40.029 39.083 39.317 37.937 34.484 33.847 39.795 37.846 37.604 31.532 30.934 30.898 30.792 30.712 30.601 30.523 30.697 31.085 31.124 30.867 30.5 30.407 30.171 30.033 29.965 29.851 29.727 29.655 29.669 29.633 29.677 29.593 29.608 29.668 29.788 30.034 31.648 34.242 35.955
33.472 33.409 33.344 33.333 33.349 33.325 33.241 33.257 33.245 33.218 33.168 33.045 33.052 33.068 33.044 33.246 33.391 33.316 33.265 33.249 33.197 33.213 33.387 33.719 34.356 35.069 36.164 39.074 37.806 38.399 38.296 38.195 38.432 39.249 36.805 36.442 37.953 35.712 37.303 37.802 39.321 40.101 32.74 31.238 30.978 30.89 30.756 30.735 30.597 30.532 30.453 30.471 30.575 30.582 30.599 30.663 30.818 30.448 30.198 30.121 30.171 30.199 30.332 30.077 30.419 30.723 31.201 30.751 31.37 32.727 34.109 34.001
33.421 33.432 33.371 33.473 33.375 33.386 33.341 33.276 33.24 33.262 33.048 33.086 33.139 33.085 33.224 33.355 33.345 33.286 33.27 33.248 33.149 33.129 33.228 33.45 35.916 37.524 36.288 36.28 37.101 37.979 38.363 38.26 38.097 40.041 40.737 38.83 39.385 39.087 39.228 42.571 44.61 38.147 34.06 32.042 31.231 31.071 30.833 30.774 30.7 30.622 30.537 30.472 30.397 30.31 30.318 30.271 30.378 30.297 30.37 30.196 30.371 30.759 30.649 30.388 30.313 30.828 31.192 31.578 31.26 33.227 31.634 31.6
33.454 33.482 33.397 33.459 33.393 33.388 33.354 33.307 33.355 33.178 33.071 33.15 33.19 33.113 33.331 33.376 33.388 33.304 33.215 33.193 33.152 33.097 33.154 33.3 36.489 38.326 38.63 37.248 36.666 37.541 38.164 38.383 38.212 38.116 38.904 39.358 40.751 41.768 40.478 39.477 43.468 41.394 35.673 32.601 31.978 31.456 31.1 30.925 30.781 30.651 30.612 30.528 30.439 30.398 30.353 30.27 30.2 30.119 30.131 30.084 30.066 30.048 30.007 30.003 30.007 30.046 30.005 29.968 30 29.856 29.871 29.965
33.428 33.382 33.376 33.34 33.373 33.378 33.346 33.41 33.34 33.155 33.156 33.247 33.129 33.22 33.443 33.45 33.338 33.276 33.237 33.194 33.192 33.103 33.147 33.157 35.084 36.619 38.262 38.92 37.757 37.217 37.558 38.224 38.263 38.251 37.962 37.311 39.246 42.201 39.471 42.251 38.777 36.628 33.773 33.554 34.49 33.849 32.968 32.707 32.554 30.95 30.821 30.69 30.542 30.462 30.448 30.32 30.276 30.18 30.19 30.105 30.051 30.033 29.98 29.961 29.956 29.843 29.824 29.804 29.719 29.729 29.699 29.645
33.514 33.382 33.346 33.368 33.346 33.364 33.329 33.369 33.178 33.189 33.196 33.192 33.277 33.474 33.476 33.378 33.287 33.278 33.191 33.209 33.153 33.101 33.13 33.201 33.33 34.149 34.102 37.693 39.43 36.868 36.976 37.831 38.257 38.208 38.155 37.763 40.884 43.541 40.287 38.823 35.561 39.995 34.622 35.036 37.666 33.497 33.81 35.471 36.589 34.09 31.291 30.91 30.768 30.68 30.53 30.414 30.402 30.48 30.258 30.235 30.199 30.091 30.062 30.063 29.908 29.898 29.842 29.825 29.778 29.726 29.653 29.633
33.421 33.377 33.397 33.355 33.337 33.324 33.363 33.261 33.168 33.226 33.246 33.318 33.373 33.453 33.431 33.381 33.325 33.211 33.2 33.217 33.178 33.151 33.162 33.142 33.202 33.275 33.539 34.745 36.682 35.696 36.655 37.474 37.923 38.21 38.208 38.111 40.644 43.293 38.505 39.657 37.368 36.856 35.225 34.598 40.693 34.793 33.782 40.78 38.098 37.422 36.452 33.733 32.389 32.373 36.501 31.072 33.576 31.51 31.191 30.561 30.654 34.794 30.206 30.061 30.038 29.92 29.914 29.843 29.786 29.781 29.665 29.658
33.382 33.354 33.397 33.33 33.343 33.299 33.329 33.185 33.228 33.253 33.254 33.356 33.542 33.516 33.421 33.356 33.327 33.298 33.281 33.242 33.202 33.142 33.096 33.101 33.174 33.189 33.347 33.804 34.29 35.007 36.072 36.487 37.467 38.047 38.226 38.159 38.05 39.565 44.916 45.243 41.208 39.88 37.127 34.831 37.908 36.328 38.53 40.289 36.335 35.429 36.832 37.383 37.14 32.316 37.367 41.675 40.887 36.657 36.295 35.937 40.232 38.092 30.894 30.447 35.686 32.039 30.351 30.048 29.986 30.085 29.995 29.834
33.416 33.415 33.368 33.354 33.326 33.387 33.289 33.261 33.254 33.267 33.333 33.46 33.538 33.496 33.381 33.373 33.274 33.329 33.307 33.291 33.26 33.237 33.13 33.121 33.136 33.129 33.223 33.442 33.935 34.582 35.325 36.265 38.099 39.2 38.409 38.189 38.123 38.04 42.61 45.351 41.06 40.782 38.949 35.09 37.481 41.319 38.573 37.367 34.748 34.165 36.239 37.637 34.629 33.261 38.511 42.582 41.467 41.157 39.078 40.45 41.589 39.894 35.452 36.712 35.215 38.146 35.323 34.967 35.2 35.266 37.564 36.005
33.445 33.674 33.666 43.453 36.283 35.602 33.266 33.352 33.317 33.316 33.437 33.518 33.544 33.465 33.359 33.304 33.299 33.325 33.343 33.31 33.264 33.287 33.217 33.115 33.077 33.09 33.15 33.233 33.538 34.021 36.835 37.594 38.718 39.089 38.098 38.044 38.133 38.08 37.936 40.656 40.38 42.747 42.165 37.293 40.183 40.323 38.604 35.029 34.141 34.062 33.781 34.717 37.082 34.459 39.405 36.575 33.487 38.973 41.501 41.74 41.865 43.611 41.078 39.176 41.538 40.651 37.269 33.02 35.549 40.711 41.46 36.899
33.362 41.485 46.393 47.891 48.113 33.872 33.795 33.357 33.345 33.401 33.552 33.552 33.535 33.46 33.381 33.33 33.317 33.314 33.317 33.278 33.273 33.294 33.229 33.177 33.128 33.087 33.121 33.189 33.286 35.798 37.105 37.544 38.338 39.073 38.965 37.62 38.748 38.123 38.02 37.936 37.867 39.76 40.189 36.905 40.282 40.472 38.588 34.993 37.401 35.754 34.465 34.304 33.942 36.546 34.666 37.208 33.522 39.048 40.872 40.657 41.012 40.394 34.589 34.43 39.97 42.611 37.042 38.742 38.15 37.471 43.019 36.475
33.617 39.406 40.843 46.188 44.466 42.102 39.052 33.385 33.396 33.503 33.516 33.509 33.529 33.467 33.402 33.393 33.368 33.329 33.322 33.332 33.281 33.277 33.23 33.184 33.188 33.181 33.212 33.242 33.232 33.838 36.368 37.182 37.881 38.24 39.006 38.425 37.974 37.969 37.939 37.934 37.857 38.495 37.562 39.566 40.991 38.817 37.03 36.111 38.988 38.875 37.994 35.392 34.886 36.945 38.778 39.83 35.533 40.454 41.719 41.674 39.613 35.014 39.651 35.105 36.697 42.042 42.289 40.472 40.389 40.617 35.529 36.036
41.395 47.687 40.667 35.867 46.146 49.021 35.869 33.342 33.496 33.594 33.545 33.507 33.455 33.459 33.42 33.408 33.389 33.31 33.305 33.285 33.314 33.289 33.253 33.237 33.188 33.23 33.231 33.229 33.228 33.252 35.221 37.195 37.398 36.369 38.082 37.612 37.019 37.462 37.666 37.812 37.883 37.78 37.718 38.202 37.846 37.735 37.042 36.966 37.338 36.826 37.361 37.266 37.619 36.928 38.819 39.4 39.546 41.41 38.468 40.75 41.15 41.176 41.003 42.339 41.009 41.845 42.858 37.633 35.352 35.782 39.085 35.595
46 43.648 37.488 42.34 48.428 48.403 38.084 33.412 33.524 33.675 33.558 33.484 33.468 33.464 33.433 33.436 33.422 33.361 33.33 33.283 33.311 33.29 33.309 33.31 33.222 33.277 33.306 33.248 33.199 33.196 33.379 35.761 35.136 34.812 35.194 35.871 37.57 38.047 37.231 37.491 38.146 37.865 37.792 37.775 37.75 37.675 37.605 37.495 37.424 37.35 37.221 37.29 37.328 36.955 37.253 37.166 38.631 39.801 42.315 42.365 43.601 42.723 44.01 42.887 42.526 40.25 42.321 41.418 39.286 39.7 43.376 41.415
45.276 36.847 34.062 37.942 47.842 47.948 36.18 33.527 33.596 33.528 33.495 33.874 42.703 33.486 33.428 33.419 33.433 33.48 33.356 33.364 33.329 33.33 33.338 33.323 33.282 33.276 33.323 33.273 33.26 33.213 33.245 33.345 33.655 34.13 34.595 35.161 35.624 36.009 37.196 36.778 37.495 38.084 37.642 37.754 37.727 37.715 37.694 37.723 37.742 37.669 37.604 37.58 37.492 37.46 37.228 37.238 37.848 38.929 41.652 42.673 42.541 41.36 43.715 42.499 38.206 41.238 42.466 42.601 42.058 38.357 43.528 37.771
39.657 42.855 42.473 44.659 47.859 39.376 33.387 33.602 33.615 33.542 35.138 43.176 45.084 33.735 33.628 33.424 33.463 33.476 33.404 33.371 33.369 33.347 33.35 33.335 33.33 33.283 33.301 33.279 33.276 33.26 33.249 33.248 33.412 33.669 34.652 34.476 35.233 36.715 36.727 36.093 37.274 37.501 37.567 37.559 37.364 37.57 38.342 37.743 37.756 37.795 37.737 37.723 37.68 37.634 37.557 37.532 37.5 37.562 39.787 40.95 41.14 40.927 41.586 41.104 40.327 40.599 41.297 42.688 41.313 39.096 42.479 42.469
49.256 46.348 47.079 48.985 47.174 38.051 33.629 33.638 33.547 33.506 33.601 35.572 41.365 42.248 33.909 33.432 33.439 33.438 33.401 33.381 33.392 33.394 33.34 33.312 33.302 33.294 33.326 33.304 33.308 33.241 33.245 33.26 33.294 33.335 34.332 33.881 34.109 34.846 35.138 36.053 36.421 36.536 37.634 37.398 37.314 37.744 37.861 37.505 37.272 37.552 37.62 37.731 37.75 38.43 38.563 40.022 37.702 37.648 37.579 38.052 38.453 38.114 39.437 38.39 37.355 38.095 38.191 38.205 38.448 42.704 43.036 40.127
48.601 47.918 47.287 48.089 37.732 33.569 33.805 41.021 33.884 35.751 33.568 36.465 40.004 43.582 38.988 33.458 33.44 33.415 33.504 33.433 33.426 33.38 33.319 33.289 33.29 33.271 33.271 33.273 33.266 33.279 33.227 33.248 33.212 33.218 33.273 33.388 33.51 33.955 34.829 35.911 35.524 35.553 36.589 37.079 37.25 37.288 37.563 37.452 36.646 36.932 37.298 37.358 38.288 38.796 42.078 42.855 38.123 38.757 37.566 37.576 37.569 37.548 37.566 37.539 37.503 37.458 37.466 37.485 37.442 38.006 39.804 42.591
48.009 47.745 46.078 46.841 37.545 33.703 35.275 43.046 38.348 39.981 36.359 33.503 35.002 43.162 33.755 33.454 33.451 33.46 33.481 33.47 33.419 33.443 33.349 33.305 33.315 33.25 33.234 33.284 33.26 33.244 33.238 33.192 33.202 33.166 33.149 33.137 33.104 33.198 33.728 34.529 34.467 35.632 35.441 37.141 37.274 37.344 37.212 36.54 35.755 36.722 36.597 37.84 38.894 40.452 42.449 42.505 38.685 38.979 37.311 37 37.161 37.317 40.108 38.795 37.903 38.516 37.812 37.625 37.565 37.605 37.572 38.5
39.272 44.359 36.787 38.725 33.593 33.711 39.625 39.546 36.041 33.693 34.308 34.01 42.505 42.623 36.493 33.437 33.421 33.43 33.409 33.458 33.437 33.443 33.378 33.312 33.296 33.248 33.207 33.258 33.226 33.198 33.193 33.165 33.167 33.175 33.086 33.014 32.984 33.028 33.036 33.155 33.591 35.096 34.537 34.61 35.146 36.057 36.218 35.858 34.994 35.355 36.735 37.376 38.322 38.051 40.135 41.17 37.961 37.873 36.623 37.157 36.3 38.425 41.704 41.507 41.759 39.985 42.056 41.806 42.315 41.504 38.439 37.512
33.568 33.64 33.571 33.553 33.577 33.604 38.252 45.226 43.208 35.134 38.386 35.207 39.333 42.041 38.077 33.441 33.446 33.416 33.401 33.439 33.407 33.35 33.361 33.331 33.269 33.209 33.134 33.238 33.229 33.144 33.151 33.08 33.145 33.073 33.104 32.987 32.964 32.899 32.95 32.95 33.001 33.11 33.227 34.154 34.87 35.192 34.837 34.437 35.064 35.611 36.922 37.11 37.179 38.055 37.303 38.198 37.462 37.795 36.164 37.22 36.05 37.495 41.46 42.321 41.086 40.208 40.347 42.609 43.348 42.529 38.04 38.711
33.577 33.569 33.526 33.472 33.424 33.485 33.636 42.009 45.118 39.107 40.932 40.992 39.943 44.256 35.586 33.409 33.407 33.745 33.53 33.414 33.362 33.381 33.338 33.353 33.322 33.25 33.1 33.151 33.189 33.179 33.174 33.068 33.07 33.079 33.064 32.993 32.909 32.866 32.852 32.891 32.898 32.961 32.996 32.926 33.4 33.251 33.435 33.285 33.551 34.42 34.167 35.889 35.452 35.696 34.308 34.896 35.876 36.637 35.582 35.843 36.055 37.07 37.952 39.691 38.857 39.234 41.077 42.045 41.885 42.289 40.085 40.15
33.562 33.519 33.426 33.406 33.409 33.417 33.371 37.205 40.743 38.461 41.721 43.448 44.738 38.646 34.219 33.413 33.436 33.414 33.447 33.421 33.358 33.362 33.323 33.309 33.327 33.271 33.169 33.118 33.135 33.113 33.127 33.068 33.022 33.039 33.023 32.923 32.888 32.844 32.817 32.824 32.853 32.878 32.85 32.899 32.852 32.788 32.84 32.763 32.786 32.825 34.418 34.615 34.951 35.912 34.128 33.376 34.076 34.451 34.971 35.887 35.966 37.034 36.423 36.835 37.08 36.453 36.667 37.43 39.66 40.794 39.235 40.049
33.528 33.391 33.381 33.38 33.376 33.435 33.349 33.285 33.251 33.504 42.229 39.401 36.252 34.971 33.412 33.419 33.429 33.421 33.461 33.422 33.419 33.345 33.374 33.299 33.277 33.277 33.177 33.059 33.113 33.132 33.033 33.034 32.979 33.015 32.978 32.939 32.855 32.852 32.851 32.846 32.796 32.789 32.81 32.779 32.78 32.818 32.746 32.715 32.689 32.708 32.815 33.224 32.68 33.391 32.735 32.756 32.786 33.045 33.336 34.595 33.885 35.381 33.941 34.275 35.349 35.574 34.109 35.934 37.801 38.736 38.719 36.711
33.405 33.405 33.348 33.32 33.291 33.296 33.301 33.332 33.284 33.246 33.219 33.196 33.191 33.25 33.264 33.275 33.303 33.383 33.411 33.411 33.369 33.34 33.308 33.259 33.269 33.275 33.232 33.046 33.069 33.1 33.103 33.02 32.978 32.933 32.892 32.889 32.842 32.852 32.825 32.803 32.808 32.77 32.738 32.729 32.758 32.764 32.729 32.701 32.71 32.736 32.769 32.675 32.689 32.658 32.627 32.633 32.669 32.678 32.675 32.669 32.689 32.771 32.83 32.809 33.104 34.829 33.576 34.454 34.085 35.363 36.603 34.508
37.875 38.788 38.067 33.735 33.724 33.294 33.266 33.237 33.205 33.196 33.248 33.208 33.15 33.176 33.148 33.168 33.175 33.215 33.253 33.325 33.345 33.301 33.318 33.321 33.312 33.315 33.185 33.132 33.004 33.046 33.036 33.061 33.015 32.954 32.873 32.861 32.852 32.849 32.851 32.793 32.781 32.772 32.741 32.674 32.709 32.697 32.654 32.669 32.652 32.594 32.675 32.627 32.626 32.595 32.612 32.578 32.592 32.666 32.627 32.647 32.657 32.679 32.71 32.635 32.635 32.685 32.665 32.702 32.729 33.176 32.955 34.074
39.623 43.313 44.461 44.102 42.555 35.512 33.521 33.222 33.182 33.152 33.119 33.143 33.127 33.156 33.14 33.075 33.073 33.07 33.024 33.125 33.137 33.187 33.279 33.385 33.326 33.304 33.274 33.192 32.974 33.036 33.038 33.023 33.017 32.981 32.925 32.853 32.828 32.833 32.872 32.819 32.812 32.761 32.707 32.714 32.668 32.635 32.612 32.618 32.62 32.656 32.593 32.615 32.607 32.592 32.587 32.575 32.639 32.613 32.617 32.604 32.618 32.63 32.613 32.618 32.643 32.61 32.628 32.656 32.651 32.639 32.682 32.938
42.609 43.99 44.84 44.483 44.059 43.032 42.267 42.022 38.233 33.952 33.183 33.126 33.119 33.081 33.105 33.078 33.093 33.063 33.064 33 33.035 33.058 33.096 33.179 33.272 33.321 33.272 33.254 33.076 32.977 33.015 33.02 32.981 32.925 32.877 32.804 32.841 32.833 32.817 32.786 32.775 32.765 32.72 32.695 32.656 32.605 32.598 32.621 32.626 32.597 32.601 32.57 32.528 32.565 32.568 32.522 32.564 32.514 32.594 32.554 32.499 32.543 32.577 32.585 32.604 32.59 32.586 32.592 32.595 32.588 32.61 32.598
43.002 43.987 44.903 44.946 44.585 44.361 43.803 44.758 44.14 41.757 36.66 34 33.142 33.079 33.04 33.034 33.032 33.041 33.14 33.032 32.963 32.968 32.972 33.015 33.259 33.166 33.237 33.225 33.161 33.007 33.005 32.987 32.959 32.934 32.881 32.869 32.821 32.827 32.786 32.757 32.749 32.757 32.73 32.679 32.655 32.598 32.634 32.615 32.603 32.569 32.588 32.609 32.522 32.586 32.535 32.554 32.569 32.518 32.524 32.458 32.494 32.511 32.5 32.486 32.505 32.528 32.536 32.521 32.555 32.581 32.564 32.535
42.244 42.77 43.538 43.862 44.47 44.952 44.925 44.825 44.154 39.511 37.467 35.97 33.228 33.125 33.097 32.979 32.956 32.973 32.954 33.003 32.961 32.961 32.929 32.936 32.929 32.927 33.016 33.116 33.168 33.021 33.044 32.994 32.937 32.859 32.877 32.843 32.837 32.816 32.82 32.764 32.751 32.719 32.707 32.635 32.637 32.621 32.581 32.595 32.575 32.575 32.574 32.559 32.579 32.541 32.515 32.469 32.49 32.481 32.5 32.495 32.535 32.465 32.467 32.496 32.508 32.482 32.435 32.459 32.469 32.419 32.466 32.448
