dsm/se3032_DSM_2M.asc
ncols 500
nrows 500
xllcorner    430000
yllcorner    432000
cellsize     2
NODATA_value -9999
[rows 288 to 319 of 500, columns 72 to 143 of 500]
31.941 33.562 32.331 32.553 29.326 28.547 28.502 28.649 28.566 28.548 28.704 28.585 28.563 28.534 28.477 28.488 28.517 28.563 28.564 28.747 29.09 29.741 32.472 35.568 33.389 34.941 35.193 34.99 33.848 32.866 31.058 32.082 30.039 29.53 29.495 29.814 31.359 30.256 28.759 27.331 28.226 30.136 30.447 29.008 29.31 29.975 28.88 30.912 30.339 29.973 30.093 29.901 29.834 31.28 30.965 29.045 28.776 29.232 29.542 29.208 27.892 28.377 27.24 27.144 27.24 27.614 27.323 27.03 26.797 26.616 26.663 26.689
31.174 33.528 33.147 32.063 29.617 28.496 28.478 28.573 28.552 28.546 28.699 28.645 28.535 28.564 28.508 28.46 28.498 28.544 28.587 28.685 28.937 29.579 33.684 36.012 34.954 34.979 34.008 33.759 32.233 31.421 31.348 31.126 29.726 29.483 29.554 29.986 30.112 29.226 27.289 27.296 28.13 29.869 30.009 28.532 28.693 28.921 29.083 28.9 28.93 29.436 29.236 29.516 29.319 29.196 29.253 28.276 27.834 28.46 28.621 27.866 27.402 27.496 27.327 28.104 28.106 28.798 29.2 28.73 28.71 26.758 26.692 26.701
28.565 33.904 30.238 29.008 28.582 28.503 28.519 28.518 28.533 28.604 28.654 28.681 28.544 28.561 28.509 28.479 28.505 28.512 28.621 28.652 28.873 29.239 32.283 35.896 33.549 35.158 34.54 35.358 32.243 32.087 31.598 29.957 29.657 29.594 29.593 29.969 30.342 27.877 27.289 27.247 27.303 27.932 28.217 27.726 27.877 29.572 29.313 28.603 28.004 29.653 27.717 27.707 27.683 27.73 27.797 28.086 27.937 28.306 29.892 28.979 28.599 29.082 29.104 29.242 29.795 29.718 28.958 28.977 29.118 26.759 26.72 26.698
29.223 33.94 30.448 28.589 28.588 28.533 28.484 28.501 28.606 28.584 28.569 28.753 28.606 28.566 28.494 28.475 28.478 28.548 28.594 28.591 28.774 28.986 33.516 35.032 35.25 34.109 36.742 36.104 33.472 33.136 31.649 29.898 29.608 29.624 29.925 29.694 29.595 27.64 27.355 27.389 27.461 27.349 27.362 27.359 27.343 27.667 27.681 27.483 27.435 27.57 27.754 29.098 28.664 29.324 29.652 28.809 29.486 30.665 31.11 31.436 30.314 29.958 30.681 29.433 29.008 29.099 29.177 29.215 29.762 26.848 26.699 26.775
29.152 31.769 34.51 28.728 28.585 28.507 28.468 28.44 28.524 28.565 28.617 28.733 28.603 28.614 28.531 28.496 28.469 28.543 28.616 28.7 28.757 28.899 29.953 32.756 35.284 37.258 38.585 40.084 33.544 31.609 30.628 29.753 29.63 29.631 29.82 29.74 29.047 28.367 27.553 27.419 27.368 27.535 27.464 27.37 27.399 27.477 27.483 27.594 27.504 28.583 29.136 29.188 29.625 29.521 29.533 28.869 28.697 30.229 31.024 30.731 30.545 30.239 30.059 29.743 29.7 29.388 29.222 28.844 30.231 29.009 26.824 26.752
29.086 30.805 34.548 28.712 28.55 28.552 28.475 28.449 28.51 28.559 28.615 28.641 28.692 28.631 28.578 28.552 28.51 28.572 28.63 29.903 30.208 28.955 29.086 32.146 35.292 37.663 35.218 40.283 33.108 31.51 30.083 29.674 29.646 29.588 29.702 29.981 29.571 29.016 28.773 27.743 27.688 27.939 27.807 28.544 29.211 28.397 28.953 27.613 27.923 30.801 29.597 28.709 28.298 29.022 29.795 28.734 29.834 31.369 31.386 30.202 30.07 28.78 28.534 28.366 28.314 28.094 27.968 29.022 28.59 29.234 26.874 26.768
28.638 29.815 34.14 33.436 28.657 28.604 28.524 28.471 28.485 28.565 28.571 28.662 28.789 28.621 28.631 28.564 28.562 28.597 29.945 31.47 32.157 31.571 29.043 30.394 34.484 35.951 39.394 36.066 32.541 31.681 30.369 29.658 29.596 29.546 30.343 30.947 28.901 28.488 27.882 29.385 29.238 29.068 28.984 28.158 29.747 28.51 28.474 27.23 27.792 29.132 29.071 28.704 29.353 29.269 28.646 27.896 28.508 30.727 31.688 30.313 29.638 29.284 28.77 28.009 27.841 27.449 28.159 27.643 27.95 28.625 27.578 26.764
28.593 28.862 31.929 33.252 28.761 28.559 28.513 28.515 28.476 28.56 28.603 28.653 28.767 28.685 28.656 28.647 28.627 28.611 28.656 29.809 31.744 32.126 28.974 29.238 31.174 31.22 36.338 35.489 33.665 31.109 30.132 29.589 29.564 29.613 31.255 31.981 28.737 27.257 27.082 28.477 28.64 27.413 27.277 26.933 27.652 27.112 26.979 26.764 27.235 28.434 28.986 28.918 29.283 28.681 28.395 28.477 28.635 30.156 30.685 29.789 29.642 29.361 27.999 27.878 27.659 27.111 27.238 27.666 27.6 27.577 28.289 26.976
28.106 28.092 30.425 34.026 28.733 28.583 28.583 28.533 28.51 28.551 28.605 28.636 28.674 28.679 28.66 28.658 28.664 28.579 28.673 28.737 28.74 28.822 28.922 29.082 32.421 35.165 36.303 36.085 32.953 30.734 29.708 29.549 29.533 29.681 33.206 32.831 28.757 27.217 27.056 26.983 26.984 26.944 26.922 26.954 26.962 28.03 26.951 26.71 27.233 28.339 28.852 29.149 29.898 30.347 29.117 29.535 28.939 30.385 30.527 29.355 29.865 29.209 27.5 27.518 27.14 27.139 27.227 27.826 28.552 27.643 27.799 27.307
28.088 28.101 30.345 34.236 29.922 28.644 28.584 28.531 28.561 28.544 28.654 28.65 28.707 28.728 28.702 28.679 28.624 28.632 28.616 28.711 28.701 28.737 28.898 29.022 32.592 33.372 33.758 36.913 35.495 30.191 29.617 29.565 29.513 30.871 33.453 33.093 30.147 28.32 27.062 26.942 27.686 28.166 27.066 27.185 26.932 27.301 27.062 26.687 27.108 28.464 29.052 30.15 31.467 31.411 31.326 30.644 28.934 28.513 29.489 29.307 28.797 28.12 27.439 27.369 27.352 27.234 27.369 27.294 29.442 27.815 27.849 27.593
28.032 28.008 30.015 33.992 29.998 28.969 28.936 28.592 28.562 28.554 28.613 28.638 28.69 28.822 28.732 28.662 28.665 28.636 28.585 28.635 28.704 28.715 28.816 28.993 30.435 33.217 34.43 35.943 35.929 30.355 29.575 29.591 29.52 31.845 34.992 34.758 32.92 29.637 27.862 26.908 27.949 27.893 26.837 28.235 26.771 26.718 27.399 27.16 27.316 28.233 29.398 30.056 29.969 31.281 30.562 28.452 28.035 28.65 29.816 29.27 29.883 30.227 28.883 27.64 27.56 27.714 27.609 27.585 27.739 28.6 28.424 29.44
27.987 27.951 28.714 32.579 33.499 29.246 29.015 28.768 28.631 28.509 28.544 28.616 28.677 28.73 28.803 28.705 28.69 28.591 28.585 28.601 28.645 28.754 28.739 28.962 29.75 32.93 35.564 34.776 34.566 31.202 29.593 29.55 29.76 31.905 34.427 34.447 32.982 27.569 26.894 26.761 26.685 27.424 27.354 27.539 26.889 27.087 28.209 27.942 28.33 28.149 29.48 29.953 29.825 29.975 29.85 28.08 28.696 29.22 29.42 29.407 30.364 30.601 29.327 29.114 30.325 27.968 30.779 29.99 29.284 30.173 31.128 31.332
27.956 27.917 27.894 30.965 33.571 30.2 29.838 29.63 29.43 28.525 28.561 28.598 28.632 28.744 28.842 28.769 28.682 28.59 28.595 28.564 28.646 28.712 28.788 28.894 29.074 32.972 35.793 34.653 34.962 33.551 29.631 29.529 29.532 30.242 31.331 30.818 30.096 29.836 27.374 26.744 26.725 26.904 26.947 26.994 26.626 27.121 28.517 27.906 28.665 28.473 29.295 29.045 30.856 30.549 29.775 29.579 28.119 28.759 29.821 30.254 29.134 29.35 30.554 30.925 30.47 29.961 30.527 29.535 30.475 30.83 31.17 31.161
27.935 27.879 27.842 28.796 33.88 32.579 30.634 29.349 28.615 28.544 28.531 28.627 28.663 28.723 28.824 28.703 28.669 28.665 28.633 28.585 28.651 28.713 28.753 28.879 28.989 33.12 35.307 35.69 34.921 33.88 29.934 29.532 29.579 30.98 31.068 29.642 28.969 28.98 27.267 26.679 26.663 26.786 27.048 26.647 26.598 26.633 27.048 27.535 27.13 28.156 28.735 28.904 28.875 29.052 28.405 28.771 27.228 27.555 29.719 30.329 29.447 28.746 30.38 31.349 31.435 30.45 29.84 30.228 29.834 30.664 30.173 30.831
27.919 27.892 27.888 27.909 31.96 31.39 28.769 28.635 28.624 28.559 28.546 28.579 28.621 28.704 28.813 28.778 28.696 28.697 28.668 28.602 28.647 28.688 28.766 28.829 28.938 31.612 35.369 35.93 35.185 33.498 30.058 29.568 29.58 30.952 30.447 29.398 27.956 27.439 27.004 26.81 26.697 26.744 26.833 26.636 26.594 26.58 26.645 26.941 26.525 26.623 28.059 27.778 28.312 28.75 28.5 27.915 26.875 26.851 28.343 29.935 29.374 29.638 30.939 30.695 30.175 30.428 29.857 30.018 29.832 29.907 29.078 28.624
27.866 27.859 27.814 27.845 31.459 33.588 28.909 28.717 28.644 28.59 28.549 28.608 28.654 28.672 28.712 28.877 28.742 28.686 28.642 28.685 28.678 28.721 28.772 28.778 28.908 29.775 35.283 35.043 36.048 33.346 29.603 29.593 29.587 30.598 30.881 29.27 28.802 28.52 26.758 26.649 26.674 26.604 26.588 26.535 26.567 26.607 26.632 26.601 26.489 26.534 26.695 26.704 26.854 26.794 26.911 26.956 26.746 26.887 28.546 29.478 29.734 30.788 30.947 30.615 30.458 29.44 29.192 29.962 29.388 29.291 28.477 28.191
27.864 27.803 27.763 27.817 30.417 33.914 31.081 28.769 28.706 28.621 28.603 28.58 28.668 28.675 28.768 28.859 28.772 28.747 28.713 28.684 28.675 28.751 28.839 28.985 29.085 32.765 32.714 35.507 35.991 34.73 29.688 29.569 29.531 30.41 30.175 29.712 28.38 29.161 26.828 26.734 26.624 26.633 26.53 26.741 26.557 26.547 26.781 26.879 26.731 26.487 26.464 26.544 26.824 26.623 26.652 26.713 27.823 28.467 27.698 28.773 29.816 29.223 29.91 30.438 30.378 30.572 29.958 29.325 29.13 29.531 28.552 29.038
27.82 27.793 27.791 27.756 28.459 33.619 30.503 28.761 28.701 28.697 28.638 28.659 28.65 28.732 28.761 28.774 28.792 28.752 28.768 28.82 28.872 28.938 28.951 29.195 31.656 34.844 35.875 36.332 36.105 31.685 29.61 29.558 29.557 30.089 30.464 29.64 29.264 28.558 27.094 26.742 26.832 26.618 26.568 26.548 26.785 27.398 28.987 28.277 27.661 26.921 26.649 27.825 26.797 26.847 26.684 26.758 26.749 26.768 26.844 27.936 29.912 29.79 29.691 30.477 30.475 30.574 29.908 29.644 29.211 30.17 29.498 28.84
27.788 27.742 27.787 27.709 27.829 32.333 33.566 28.863 28.77 28.721 28.648 28.682 28.666 28.73 28.73 28.817 29.004 28.841 29.006 28.985 29.02 29.122 29.245 30.991 33.678 35.492 35.691 36.088 35.273 30.076 29.564 29.523 29.528 29.602 29.956 30.595 29.795 29.347 28.338 26.88 26.747 26.667 26.853 28.244 29.892 29.921 31.002 29.949 28.133 27.251 26.94 27.01 26.659 26.638 26.694 26.775 26.804 26.795 26.815 27.166 29.148 29.845 29.421 29.418 29.222 29.841 29.173 29.412 29.119 30.247 29.739 30.156
27.757 27.752 27.712 27.69 27.768 29.108 31.458 29.997 28.779 28.732 28.726 28.711 28.682 28.845 28.856 29.015 30.405 34.733 34.719 29.869 29.386 29.581 30.742 31.123 33.211 34.78 34.703 33.8 31.665 29.757 29.586 29.516 29.528 30.488 30.469 30.659 30.673 28.701 28.663 27.315 27.471 27.541 29.472 28.719 30.665 31.145 31.688 30.128 29.282 28.586 28.241 27.662 27.185 27.05 26.743 26.858 26.771 26.799 26.859 26.916 27.138 28.054 27.366 28.404 28.764 29.06 27.41 27.774 27.623 29.846 30.235 29.35
27.759 27.757 27.722 27.715 27.758 27.966 33.248 32.736 28.882 28.746 28.9 29.672 31.663 32.068 31.654 32.946 36.1 36.25 36.347 34.337 35.284 33.9 33.685 33.665 33.311 34.917 34.601 31.811 30.915 30.51 29.602 29.558 29.543 29.964 31.525 31.218 30.164 28.083 28.156 28.776 29.741 30.086 31.684 31.062 31.534 31.496 31.764 31.8 29.635 29.191 29.047 29.131 28.807 27.793 27.723 27.379 26.775 26.906 26.872 26.962 26.975 27.712 28.558 28.338 28.929 28.905 27.609 27.286 28.325 28.972 28.795 29.341
27.904 27.766 27.705 27.71 27.693 30.359 33.796 33.66 30.388 31.582 34.447 35.343 34.365 35.693 35.762 35.347 34.79 36.587 36.884 37.089 36.585 36.335 36.227 36.344 33.603 33.965 33.291 33.613 29.94 29.626 29.586 29.612 29.616 30.389 31.75 32.135 30.99 28.851 29.074 30.278 30.877 31.02 31.788 32.028 31.948 31.947 32.226 31.918 30.305 29.495 29.418 29.432 29.029 28.757 28.813 27.807 27.365 26.919 26.923 27.065 26.985 27.148 27.284 28.707 29.11 28.624 27.746 27.66 27.963 28.839 29.567 29.99
27.875 27.723 27.666 27.683 27.693 27.713 28.831 31.056 31.364 33.586 35.242 36.076 35.537 36.078 35.881 31.593 36.727 35.482 37.075 36.855 35.24 33.423 34.552 34.556 33.109 33.646 33.649 32.495 30.736 29.64 29.618 29.586 29.666 30.361 30.881 32.1 31.649 30.362 30.86 31.12 31.064 31.066 31.252 31.698 32.371 32.128 32.249 32.348 32.298 30.177 29.647 30.383 29.891 30.469 29.291 28.984 28.119 27.248 26.965 27.034 27.586 27.207 27.105 27.668 28.28 28.201 28.123 28.163 27.984 28.352 29.59 30.226
31.299 27.844 27.642 27.673 27.673 27.708 27.807 27.829 29.063 31.326 33.775 35.808 35.382 35.1 32.437 32.723 36.189 35.676 35.456 34.127 31.551 31.809 32.613 32.59 32.284 34.269 33.662 32.791 30.681 29.61 29.606 29.617 29.647 30.081 31.812 31.692 32.048 32.044 30.857 31.051 30.996 30.915 30.977 31.822 32.886 32.826 33.012 32.53 31.945 30.219 30.062 30.381 30.132 30.046 29.822 29.324 28.884 28.312 27.152 27.128 27.176 27.181 27.212 27.422 27.507 27.789 28.031 28.064 27.898 28.433 29.167 29.949
32.941 28.668 27.628 27.683 27.653 27.661 27.785 28.205 29.376 28.545 28.674 30.534 32.091 35.614 36.287 34.296 33.294 31.729 32.503 33.648 33.824 35.667 38.617 34.311 32.178 33.195 33.278 32.377 31.85 29.687 29.584 29.549 29.583 29.804 32.265 31.649 31.297 31.539 31.209 31.277 31.06 31.004 30.993 31.133 33.459 33.341 32.857 32.692 32.27 30.536 31.833 30.795 30.326 30.515 30.016 29.832 28.996 28 27.336 27.312 27.264 27.241 27.292 27.301 27.363 27.485 27.64 27.784 28.015 28.7 29.393 30.726
34.366 29.097 27.671 27.685 27.627 27.646 27.735 28.032 30.838 32.907 29.014 28.87 29.58 31.327 30.518 33.104 29.947 29.757 29.863 34.47 37.615 38.199 39.512 39.338 33.213 33.208 33.354 32.756 31.833 29.91 29.551 29.554 29.559 31.662 31.028 34.372 32.276 32.111 33.651 32.584 32.887 31.229 31.01 30.882 31.318 32.35 32.779 32.903 31.98 31.586 32.926 32.071 31.94 31.923 30.614 30.022 28.505 27.908 27.629 27.493 27.336 27.346 27.461 27.463 27.463 27.489 28.059 27.729 28.028 28.874 29.845 30.516
35.451 29.692 27.853 28.718 29.918 27.738 27.65 27.696 32.622 30.197 31.46 33.004 28.904 28.963 28.942 28.976 28.961 29.084 29.295 34.432 38.981 33.811 38.822 39.372 34.596 31.615 32.649 34.649 32.57 29.648 29.534 29.608 34.194 34.769 33.522 34.64 33.709 32.252 31.898 31.545 31.736 31.067 31.018 30.848 30.754 31.651 32.278 32.928 32.473 32.485 32.787 32.173 32.477 32.878 32.433 31.394 30.646 28.87 28.286 27.447 27.677 27.428 27.422 27.466 27.598 27.672 27.697 27.732 27.812 27.931 28.817 28.93
30.963 28.419 33.529 34.499 34.386 28.806 27.658 27.702 27.682 27.904 27.968 29.863 28.364 33.47 30.13 33.073 29.043 29.037 29.234 36.114 38.951 39.99 37.917 37.698 34.05 30.982 31.725 33.783 30.774 29.593 29.502 29.498 32.02 32.158 31.723 32.352 33.072 32.744 30.874 32.137 30.88 30.854 30.688 30.852 30.758 30.683 30.615 30.811 32.407 31.865 31.906 31.826 32.583 32.46 32.192 32.474 31.897 29.404 28.542 27.439 27.843 27.714 27.443 27.573 27.627 27.714 27.851 27.838 27.892 27.957 28.101 28.148
28.855 29.375 32.646 33.968 36.365 31.085 27.791 27.715 30.535 28.948 27.796 27.746 27.862 27.993 32.9 32.384 30.815 31.959 29.215 32.01 37.749 33.738 36.609 33.1 31.021 30.542 32.039 31.905 30.752 29.564 29.547 29.552 29.946 30.544 32.339 32.519 30.994 29.74 30.325 31.317 31.016 29.87 30.803 31.423 30.842 30.739 30.63 30.816 30.694 30.615 33.242 33.568 33.277 33.534 32.86 32.517 32.242 30.924 28.865 27.536 27.685 27.462 27.66 27.687 28.172 27.958 27.776 27.878 27.992 28.102 27.993 28.022
29.829 29.932 28.131 29.708 29.043 29.903 29.885 31.344 35.015 34.17 30.767 31.43 30.249 27.841 27.798 27.812 29.051 28.776 30.064 32.65 32.552 30.124 29.289 29.477 29.541 29.688 29.729 29.705 29.654 29.518 29.474 29.545 29.926 31.271 31.198 31.41 29.578 27.951 27.721 28.745 29.533 30.112 31.258 31.699 31.195 31.945 30.893 30.663 30.46 31.254 32.225 33.847 34.689 33.942 32.594 32.12 32.205 30.131 29.577 27.489 27.427 27.497 27.829 27.725 27.77 27.754 27.803 27.937 28.517 28.1 28.06 28.018
28.2 27.926 30.141 28.944 28.174 29.33 29.67 29.627 33.74 32.257 32.773 35.497 33.973 28.709 30.716 28.508 27.9 27.89 27.932 28.083 29.299 29.575 32.312 32.229 29.799 31.288 32.094 30.411 30.331 31.771 30.344 29.527 29.799 31.33 31.362 28.487 28.221 27.773 27.823 28.653 28.711 28.632 30.529 31.289 32.021 31.951 30.962 30.527 30.399 30.753 30.668 32.361 33.265 33.085 32.036 31.676 31.529 30.026 27.814 27.5 27.483 27.643 27.77 27.783 27.796 27.787 28.756 29.293 28.231 28.053 28.098 28.14
27.627 27.707 28.893 29.182 28.036 28.668 29.148 29.061 30.793 31.46 30.354 33.247 33.437 29.132 34.279 35.418 33.88 30.912 29.322 27.83 27.934 28.037 28.415 29.305 30.752 34.437 34.374 32.966 32.135 34.641 32.87 29.671 29.67 31.013 30.739 29.632 28.363 27.84 28.082 28.727 27.989 27.459 31.059 31.794 31.399 31.559 30.68 30.483 30.488 30.466 30.353 30.372 30.395 31.885 30.586 30.226 30.311 29.504 28.494 28.027 28.549 28.159 27.848 27.807 27.82 27.917 28.185 28.517 28.171 28.103 28.09 28.099
