dsm/se3031_DSM_2M.asc
ncols 500
nrows 500
xllcorner    430000
yllcorner    431000
cellsize     2
NODATA_value -9999
[rows 192 to 223 of 500, columns 216 to 287 of 500]
33.916 32.67 29.622 33.976 36.511 36.433 37.159 37.278 32.162 38.707 38.808 37.108 33.736 32.421 33.363 33.654 33.056 34.405 33.808 32.169 29.151 29.154 29.077 29.071 29.063 29.018 28.957 28.934 28.867 28.827 28.864 28.935 28.928 28.988 29.009 29.1 29.105 29.296 29.401 29.435 29.475 29.51 29.545 29.631 29.645 29.724 29.66 29.829 31.515 31.633 31.535 31.577 31.63 31.678 31.838 31.69 31.647 31.583 31.493 31.614 32.038 32.134 32.203 32.766 32.933 31.846 33.837 37.93 29.16 27.597 27.277 27.471
37.476 37.689 34.834 37.163 39.052 37.156 34.634 34.111 34.137 37.243 37.853 36.252 33.351 33.231 33.444 32.897 33.504 35.38 35.258 33.006 29.626 29.155 29.139 29.15 29.116 29.025 29.103 28.99 28.936 28.918 28.813 28.911 28.966 29.021 29.004 29.056 29.127 29.223 29.485 29.521 29.464 29.494 29.565 29.534 29.625 29.645 29.63 29.746 30.712 31.921 31.593 31.508 31.589 31.617 31.77 31.81 31.598 31.568 31.529 31.538 31.942 32.144 32.151 32.462 33.008 32.836 35.386 32.924 27.802 27.572 27.438 27.231
37.551 36.099 35.528 35.465 37.4 36.838 33.313 34.856 35.011 34.852 33.773 33.709 33.322 33.041 33.207 32.88 33.713 34.598 34.083 32.95 29.196 29.155 29.561 29.205 29.117 29.038 29.137 29.048 29.017 28.95 28.855 28.817 28.893 29.005 29.048 29.088 29.149 29.199 29.321 29.482 29.498 29.526 29.585 29.575 29.633 29.689 29.703 29.744 32.517 33.447 31.844 31.509 31.605 31.563 31.606 31.843 31.651 31.558 31.483 31.481 31.617 32.044 32.162 32.304 32.891 33.058 32.853 31.289 28.998 27.691 27.568 27.226
37.074 36.472 33.405 34.36 35.411 33.266 32.003 33.362 35.197 34.77 32.788 32.924 33.077 33.021 33.719 32.7 32.762 33.109 34.179 33.635 31.195 29.238 29.206 29.15 29.124 29.046 29.039 29.052 29.047 28.995 28.989 28.854 28.935 28.999 29.061 29.063 29.142 29.232 29.266 29.489 29.511 29.514 29.539 29.633 29.662 29.689 29.761 29.692 29.963 31.06 31.679 31.541 31.505 31.547 31.605 31.776 31.774 31.603 31.509 31.488 31.488 31.975 32.213 32.209 32.471 33.067 32.664 31.683 30.283 28.127 27.76 27.478
32.836 33.054 33.463 33.27 34.59 32.012 31.003 31.039 31.977 32.144 32.238 32.611 32.4 32.047 32.566 32.294 32.014 32.283 33.578 33.182 30.318 29.24 30.325 29.238 29.124 30.216 29.081 29.102 29.04 28.947 28.952 28.976 28.908 29.009 29.064 29.073 29.075 29.172 29.243 29.622 29.465 29.514 29.548 29.573 29.637 29.699 29.772 29.746 29.821 30.398 31.669 32.75 31.464 31.513 31.551 31.614 31.803 31.648 31.535 31.525 31.486 31.829 32.101 32.229 32.288 32.849 33.11 32.174 32.048 32.734 29.525 27.899
29.84 30.518 30.759 29.837 29.986 29.904 29.962 29.763 30.107 29.823 30.414 29.862 30.349 29.945 30.377 31.807 31.001 31.131 31.106 31.213 30.386 30.126 32.042 32.58 31.318 32.565 31.523 28.987 29.087 29.054 29.062 29.024 28.959 28.981 29.039 29.086 29.143 29.246 29.304 29.318 29.579 29.51 29.536 29.609 29.643 29.762 29.756 29.831 29.764 30.548 32.595 35.409 31.776 31.477 31.526 31.543 31.66 31.666 31.571 31.588 31.495 31.594 32.062 32.375 32.179 32.429 33.06 32.784 32.013 35.015 36.526 28.045
29.625 29.561 29.589 29.521 29.469 29.47 29.467 29.411 29.356 29.379 29.354 29.343 29.369 29.359 29.385 29.604 29.514 29.885 29.915 29.872 30.119 30.368 31.271 30.521 33.823 34.5 30.514 29.162 29.124 29.13 29.062 29.049 28.968 28.988 29.008 29.077 29.09 29.224 29.246 29.329 29.416 30.006 29.571 29.594 29.642 30.408 29.753 29.77 29.786 29.834 32.537 35.902 32.816 31.454 31.527 31.523 31.589 31.685 31.64 31.533 31.548 31.486 31.864 32.421 32.235 32.235 32.746 33.134 32.514 36.396 33.387 35.715
29.609 29.56 29.517 29.491 29.482 29.407 29.335 29.354 29.341 29.326 29.327 29.215 29.227 29.2 29.183 29.195 29.188 29.166 29.215 29.406 29.532 29.547 29.514 29.502 30.209 30.554 29.508 29.523 29.053 29.09 29.078 29.056 29.036 28.952 29.022 29.053 29.1 29.188 29.207 29.325 29.359 29.961 29.65 29.622 29.628 30.143 29.739 29.747 29.843 29.787 30.214 31.209 32.033 31.566 31.488 31.556 31.519 31.606 31.695 31.575 31.544 31.538 31.645 32.338 32.523 32.252 32.414 33.979 35.644 35.928 33.239 32.9
29.593 29.509 29.495 29.435 29.402 29.33 29.32 29.28 29.236 29.252 29.122 29.154 29.099 29.137 29.138 29.042 29.09 29.11 29.067 29.076 29.139 29.239 29.351 29.418 29.345 29.308 29.227 29.16 29.143 29.09 29.104 29.109 29.127 29.013 28.974 29.022 29.091 29.18 29.209 29.302 29.343 29.662 29.677 29.593 29.627 29.73 29.756 29.749 29.848 29.892 29.947 30.335 31.253 31.635 31.446 31.48 31.498 31.654 31.838 31.645 31.551 31.513 31.505 31.754 32.382 32.319 32.285 32.56 34.483 33.805 34.539 32.229
29.747 29.674 29.617 29.577 29.5 29.466 29.458 29.407 29.381 29.326 29.254 29.22 29.195 29.112 29.011 28.955 28.991 28.984 28.989 28.932 29.07 29.088 29.078 29.105 29.178 29.413 29.223 29.192 29.201 29.201 29.115 29.17 29.161 29.115 28.979 29.018 29.144 29.162 29.209 29.285 29.333 29.44 29.753 29.552 29.638 29.664 29.749 29.795 29.837 29.921 29.866 30.03 30.541 31.526 31.468 31.576 31.552 31.541 31.795 31.741 31.597 31.542 31.517 31.624 32.393 32.677 32.316 32.264 32.942 33.074 34.724 33.173
36.364 36.379 32.33 32.039 30.68 31.057 31.958 30.727 30.621 29.778 29.682 29.466 29.643 29.444 29.241 29.153 29.042 29.023 28.901 28.919 28.924 28.948 28.941 28.955 28.996 29.074 29.215 29.313 29.306 29.194 29.137 29.139 29.158 29.149 29.046 29 29.116 29.118 29.216 29.257 29.314 29.387 29.839 29.625 29.607 29.671 29.757 29.778 29.813 29.915 29.915 29.975 30.379 31.747 31.739 31.448 31.571 31.547 31.601 31.799 31.613 31.554 31.551 31.527 31.878 32.624 32.44 32.331 32.447 33.039 33.386 35.051
40.918 40.469 38.619 38.666 35.737 33.663 34.1 33.858 31.681 31.487 30.446 31.312 31.516 31.228 30.697 30.587 29.539 29.184 29.113 29.039 28.96 28.899 28.829 28.9 28.946 28.941 28.973 29.121 29.198 29.478 29.276 29.179 29.159 29.142 29.154 29.018 29.072 29.11 29.245 29.247 29.301 29.412 29.514 29.69 29.669 29.668 29.716 29.802 29.885 29.869 29.946 29.883 30.106 31.175 32.082 31.559 31.48 31.503 31.573 31.669 31.698 31.606 31.559 31.553 31.711 32.253 32.796 32.372 32.29 32.724 33.044 34.692
41.646 36.287 41.425 41.321 41.181 37.09 34.693 33.224 33.171 34.476 30.636 34.226 36.364 32.73 31.774 31.686 31.767 31.025 29.571 29.214 29.225 29.584 28.941 28.934 28.854 28.81 28.945 28.982 29.057 29.174 29.282 29.272 29.236 29.234 29.229 29.079 29.084 29.135 29.215 29.255 29.289 29.357 29.395 29.63 29.782 29.65 29.714 29.785 29.823 29.883 29.965 29.962 29.993 30.361 32.044 31.778 31.467 31.557 31.627 31.632 31.866 31.655 31.601 31.591 31.595 31.989 32.676 32.848 32.351 32.506 32.946 32.677
36.41 40.531 35.978 41.235 38.995 33.277 32.216 33.363 36.107 38.166 33.528 39.099 33.626 34.259 32.812 32.906 33.248 32.196 31.495 30.72 29.29 29.225 29.086 29.072 29.047 28.867 28.888 28.935 28.935 28.989 29.073 29.226 29.255 29.269 29.313 29.184 29.088 29.143 29.186 29.229 29.31 29.389 29.394 29.584 29.828 29.674 29.711 29.783 29.833 29.841 29.954 29.995 29.972 30.255 31.543 33.056 31.599 31.555 31.612 31.61 31.808 31.665 31.652 31.622 31.567 31.702 32.245 33.095 32.442 32.349 32.582 33.163
39.002 33.505 33.447 33.001 38.144 33.121 35.48 38.582 41.215 40.374 36.539 33.207 32.879 31.136 31.32 31.502 35.166 33.153 31.899 31.537 30.695 29.434 29.207 29.223 29.182 29.142 28.957 28.924 28.874 28.938 29.025 29.049 29.182 29.419 29.612 29.245 29.103 29.08 29.104 29.211 29.329 29.341 29.43 29.48 29.717 29.716 29.678 29.801 29.832 29.891 29.965 29.96 29.957 30.058 31.053 32.348 31.85 31.509 31.594 31.666 31.626 31.828 31.71 31.642 31.633 31.602 32.024 32.667 32.663 32.456 32.431 35.367
38.154 36.349 33.499 33.063 39.759 37.696 37.895 42.81 42.999 42.16 33.389 35.952 31.798 36.001 31.019 31.765 37.802 37.53 33.176 31.684 31.297 30.694 30.33 29.292 29.126 29.108 29.119 29.024 28.89 28.892 28.922 28.973 29.054 29.253 29.27 29.283 29.17 29.145 29.151 29.227 29.234 29.346 29.457 29.459 29.614 29.673 29.725 29.741 29.838 29.917 29.968 29.998 30.005 29.994 30.304 31.63 32.025 31.576 31.569 31.632 31.669 31.766 31.789 31.694 31.693 31.666 31.822 32.222 32.761 32.604 32.414 34.836
42.9 42.107 34.932 40.459 33.835 41.67 43.451 41.265 37.846 35.51 33.196 37.964 40.285 38.27 37.694 40.38 35.85 35.014 34.214 32.038 34.337 32.305 31.154 30.959 29.993 29.174 29.148 29.121 28.985 29.011 28.94 28.955 29.004 29.023 29.2 29.269 29.269 29.111 29.169 29.223 29.264 29.33 29.38 29.451 29.522 29.631 29.892 29.765 29.814 29.856 29.983 30.046 30.089 30.103 30.178 31.361 31.779 31.942 31.571 31.575 31.668 31.702 31.909 31.753 31.777 31.694 31.684 32.109 32.546 33.026 32.452 32.387
42.348 40.439 42.56 39.835 36.831 39.728 40.855 42.526 41.889 37.668 41.851 41.848 37.602 38.845 40.217 41.701 34.391 31.531 32.201 31.534 29.976 32.198 31.672 31.231 30.87 29.537 29.079 29.083 29.071 29.085 28.96 28.901 28.889 29.017 29.116 29.22 29.295 29.184 29.143 29.208 29.3 29.34 29.36 29.387 29.505 29.583 29.996 29.757 29.883 29.864 29.973 29.965 30.083 30.173 30.066 30.546 32.397 32.676 31.639 31.618 31.644 31.701 31.88 31.798 31.742 31.754 31.724 31.846 32.302 32.914 32.695 32.423
42.398 42.105 43.508 36.741 38.987 44.136 38.502 43.339 43.034 44.482 43.598 44.603 39.983 35.991 39.379 36.211 32.71 32.374 34.68 31.968 32.857 35.76 34.906 33.57 31.32 30.827 30.312 29.082 29.043 29.075 29.099 29.017 28.979 29.017 29.001 29.065 29.268 29.353 29.173 29.204 29.242 29.279 29.377 29.417 29.494 29.564 30.045 29.838 29.828 29.843 30.011 30.028 30.084 30.119 30.116 30.313 31.796 32.68 31.835 31.611 31.703 31.698 31.833 31.927 31.785 31.772 31.811 31.774 32.167 32.585 32.917 32.423
41.717 43.346 43.213 38.816 38.45 41.985 41.411 43.766 40.095 43.434 43.418 38.217 42.494 42.739 40.988 37.126 37.667 34.234 35.273 33.022 32.104 33.958 34.555 35.625 30.994 30.798 30.726 30.453 29.273 29.065 29.112 29.13 29.011 28.96 28.971 29.048 29.09 29.304 29.359 29.207 29.234 29.33 29.623 29.421 29.48 29.545 29.687 29.84 29.842 29.866 29.947 30.055 30.073 30.123 30.165 30.193 30.425 31.812 32.079 31.706 31.651 31.728 31.753 31.963 31.899 31.814 31.84 31.835 31.845 32.377 33.22 32.669
38.354 41.526 43.38 43.395 43.401 43.962 43.73 44.697 41.324 44.495 39.872 37.176 44.211 37.759 41.84 37.784 35.372 36.166 35.687 32.859 33.378 39.392 33.618 38.248 35.556 32.185 30.954 30.675 30.598 29.421 29.114 29.103 29.164 29.051 29.015 28.998 29.065 29.163 29.334 29.209 29.242 29.332 29.398 29.629 29.481 29.577 29.643 30.184 29.863 29.872 29.893 29.98 30.065 30.138 30.193 30.231 30.416 31.451 32.144 32.189 31.672 31.708 31.729 31.923 32.061 31.828 31.893 31.836 31.902 32.202 32.975 33.094
37.505 37.486 38.015 37.575 38.183 41.137 39.267 42.312 44.217 42.454 38.945 44.065 37.935 36.283 38.518 42.548 42.559 36.789 38.484 34.162 38.613 35.622 41.461 42.204 42.169 39.627 31.595 30.855 30.93 30.443 30.164 29.084 29.086 29.115 29.036 28.994 29.001 29.11 29.215 29.288 29.238 29.278 29.337 29.33 29.526 29.551 29.621 29.664 29.902 29.866 29.895 29.985 30.081 30.143 30.158 30.257 30.295 30.513 31.359 32.026 31.782 31.747 31.77 31.891 32.031 31.892 31.98 31.907 31.915 32.058 32.479 33.148
37.976 41.413 41.682 43.215 37.64 37.442 37.422 37.31 41.768 40.728 43.739 37.217 38.664 42.53 39.865 39.955 44.889 36.454 39.981 42.332 41.396 40.395 40.616 42.154 36.45 32.604 31.897 31.038 30.98 30.551 31.105 30.451 29.191 29.115 29.108 29.082 28.996 29.094 29.12 29.228 29.227 29.223 29.308 29.398 29.471 29.506 29.557 29.668 29.891 29.913 29.897 30.012 30.094 30.151 30.218 30.273 30.25 30.436 32.194 32.368 32.019 31.775 31.776 31.796 31.981 32.097 31.961 31.917 31.963 31.919 32.265 33.034
42.698 43.433 44.447 43.958 37.981 37.336 37.329 37.354 38.37 39.004 42.066 40.557 43.378 39.933 43.579 37.092 44.284 39.574 39.504 41.936 40.881 38.566 39.422 40.635 40.145 40.024 31.948 31.217 30.54 34.293 32.731 32.465 29.576 29.084 29.094 29.073 29.002 28.996 29.068 29.157 29.184 29.25 29.327 29.409 29.455 29.506 29.581 29.633 29.818 30.093 29.899 29.976 30.035 30.149 30.174 30.256 30.293 30.3 31.114 31.787 32.268 31.832 31.778 31.825 31.904 32.097 31.992 32.019 31.954 31.991 32.121 32.482
42.823 42.686 44.239 44.087 39.917 37.59 36.922 36.997 37.319 37.363 37.394 37.349 42.49 44.536 44.03 43.548 37.721 37.604 43.755 44.056 36.719 33.886 34.898 38.379 38.231 35.863 33.405 31.477 32.131 36.844 39.506 36.343 31.606 30.112 29.124 29.113 29.142 29.037 29.074 29.132 29.189 29.273 29.33 29.382 29.393 29.527 29.545 29.643 29.67 30.136 29.946 29.955 30.037 30.125 30.173 30.276 30.301 30.314 30.532 31.18 32.189 32.082 31.83 31.883 31.884 31.97 32.173 32.027 32.029 32.097 32.023 32.314
41.313 42.174 43.487 42.85 40.122 37.08 36.194 37.67 37.53 39.283 37.889 37.302 38.173 39.109 41.852 43.619 38.596 37.058 43.557 42.798 37.022 35.479 33.434 33.899 34.298 33.748 35.599 32.241 39.199 34.066 33.513 35.779 30.262 29.865 29.263 29.174 29.121 29.067 29.067 29.113 29.125 29.229 29.288 29.355 29.453 29.471 29.547 29.676 29.674 29.862 30.104 29.937 29.996 30.044 30.149 30.269 30.354 30.35 30.53 30.817 31.705 32.193 31.831 31.875 31.931 31.974 32.204 32.089 32.005 32.071 32.072 32.214
35.7 36.375 37.929 41.339 38.001 37.024 36.057 36.239 37.575 38.031 37.984 37.218 37.442 37.341 37.3 37.778 41.737 39.23 43.758 40.003 38.289 38.513 35.508 33.515 33.366 39.066 36.629 32.75 33.05 31.802 31.099 30.736 36.639 29.947 30.168 29.142 29.162 29.146 29.045 29.101 29.133 29.22 29.304 29.366 29.436 29.519 29.531 29.616 29.679 29.783 30.182 29.966 30.109 30.138 30.182 30.289 30.342 30.425 30.434 30.648 31.541 32.157 32.119 31.818 31.937 31.969 32.143 32.26 32.051 32.074 32.131 32.158
33.772 33.244 35.632 35.759 35.697 35.892 35.301 35.768 36.285 36.942 36.809 37.657 37.453 38.757 37.493 37.318 37.668 38.682 39.849 40.382 38.779 39.103 38.497 38.667 36.382 36.779 34.647 35.125 33.225 32.647 37.217 35.162 37.55 36.387 31.204 29.156 29.135 29.149 29.076 29.049 29.1 29.176 29.252 29.305 29.405 29.461 29.48 29.598 29.62 29.722 30.233 30.103 30.015 30.104 30.123 30.251 30.359 30.402 30.408 30.522 31.06 32.003 32.458 31.927 31.865 31.953 32.059 32.225 32.138 32.089 32.165 32.169
32.642 32.756 33.527 33.242 33.139 34.918 34.249 34.369 36.025 36.001 36.783 35.76 39.751 38.149 37.517 37.369 37.315 37.31 37.279 37.312 38.574 38.879 39.469 41.335 41.816 40.813 37.414 36.389 35.324 40.941 40.083 41.381 37.302 39.62 34.481 30.296 29.152 29.242 29.211 29.078 29.073 29.189 29.18 29.306 29.425 29.463 29.547 29.532 29.669 29.767 29.757 30.298 30.026 30.074 30.142 30.224 30.313 30.426 30.513 30.439 30.726 32.044 32.706 32.193 31.878 32.03 32.04 32.073 32.33 32.114 32.147 32.164
32.62 32.634 32.602 32.688 32.729 32.838 33.008 33.297 34.843 34.754 35.828 35.74 37.657 38.189 36.885 36.865 37.357 37.358 37.352 37.288 37.717 39.256 38.615 42.187 42.514 42.209 40.284 37.798 39.184 40.356 37.467 40.37 40.993 35.713 37.799 35.267 30.745 29.141 29.173 29.129 29.085 29.142 29.175 29.273 29.34 29.423 29.539 29.553 29.67 29.72 29.831 30.11 30.162 30.088 30.139 30.276 30.355 30.42 30.503 30.487 30.693 31.589 32.452 32.521 32.068 32.002 32.083 32.075 32.316 32.252 32.22 32.242
32.493 32.525 32.577 32.549 32.641 32.683 32.746 32.818 33.032 33.366 34.039 35.481 37.065 37.194 36.215 36.486 37.27 37.348 37.702 37.375 37.287 37.22 36.855 39.196 40.588 40.831 39.859 39.693 39.553 39.259 38.968 39.233 40.743 39.898 39.292 37.8 35.405 30.503 29.153 29.153 29.188 29.137 29.179 29.283 29.31 29.448 29.443 29.543 29.631 29.693 29.768 29.879 30.097 30.144 30.153 30.265 30.304 30.358 30.502 30.575 30.587 30.897 31.82 32.691 32.227 31.985 32.073 32.099 32.226 32.356 32.213 32.268
32.476 32.474 32.471 32.551 32.54 32.599 32.667 32.667 32.779 32.898 33.076 34.533 35.635 37.638 36.24 35.657 36.722 36.785 37.255 37.424 37.377 37.243 37.077 36.785 37.221 39.846 36.262 38.027 37.957 33.99 36.098 38.733 36.008 33.956 38.449 37.594 37.59 33.861 29.469 29.206 29.184 29.087 29.14 29.236 29.306 29.412 29.454 29.518 29.576 29.695 29.782 29.844 30.4 30.1 30.107 30.272 30.299 30.411 30.473 30.523 30.584 30.754 31.894 32.914 32.393 32.012 32.068 32.096 32.137 32.367 32.297 32.278
