dsm/se3131_DSM_2M.asc
ncols 500
nrows 500
xllcorner    431000
yllcorner    431000
cellsize     2
NODATA_value -9999
[rows 320 to 351 of 500, columns 72 to 143 of 500]
31.433 31.913 30.061 30.058 30.047 30.306 30.044 30.048 30.257 33.329 33.44 35.762 36.675 36.939 37.336 37.75 38.123 37.476 36.722 35.041 30.168 30.088 29.722 29.142 29.081 29.011 28.949 28.944 28.901 28.868 28.803 29.052 28.8 28.793 28.748 28.708 28.656 28.656 28.649 28.618 28.606 28.611 28.537 28.53 28.496 28.491 28.449 28.447 28.468 28.412 28.363 28.376 28.367 28.346 28.378 28.346 28.341 28.307 28.281 28.281 28.306 28.305 28.228 28.219 28.182 28.242 28.227 28.307 28.299 28.114 28.087 28.128
31.664 30.656 30.097 30.012 30.095 30.156 30.247 33.288 35.533 36.35 36.576 37.093 37.228 37.613 37.718 37.821 38 37.912 37.011 36.393 30.985 29.95 29.831 29.229 29.08 29.021 28.957 28.94 28.869 28.856 28.778 28.696 28.717 28.732 28.694 28.685 28.652 28.602 28.602 28.571 28.558 28.584 28.532 28.527 28.499 28.471 28.469 28.456 28.443 28.425 28.393 28.406 28.402 28.379 28.346 28.364 28.362 28.329 28.273 28.311 28.271 28.278 28.273 28.29 28.286 28.287 28.199 28.194 28.175 28.112 28.076 28.126
30.2 33.759 35.193 31.913 31.723 30.379 34.801 36.379 36.698 37.052 37.323 37.657 37.799 37.707 37.476 37.275 37.666 38.092 37.431 36.845 31.94 30.034 29.886 29.544 29.069 28.987 28.969 28.91 28.894 28.842 28.793 28.715 29.023 28.772 28.702 28.614 28.627 28.565 28.593 28.562 28.569 28.521 28.507 28.51 28.498 28.448 28.437 28.437 28.433 28.424 28.435 28.385 28.333 28.349 28.339 28.315 28.314 28.297 28.289 28.278 28.293 28.283 28.27 28.199 28.216 28.2 28.192 28.156 28.131 28.091 28.058 28.114
37.889 37.238 36.583 35.264 35.111 35.973 36.811 37.01 37.46 37.643 37.868 37.634 37.497 37.049 36.689 36.911 37.269 38.113 37.731 37.124 36.333 30.442 29.945 29.72 29.169 29.005 28.968 28.933 28.88 28.798 28.805 28.756 28.705 28.843 28.696 28.624 28.588 28.581 28.551 28.53 28.547 28.498 28.484 28.485 28.463 28.447 28.41 28.456 28.457 28.416 28.406 28.375 28.328 28.312 28.297 28.313 28.295 28.272 28.308 28.293 28.255 28.246 28.257 28.196 28.181 28.176 28.133 28.135 28.1 28.062 28.054 28.08
38.15 37.625 36.88 36.631 36.759 37.02 37.257 37.731 37.786 37.808 37.439 36.993 36.767 36.483 36.131 36.481 37.102 37.748 35.342 34.302 33.117 30.51 29.99 29.842 29.413 29.007 28.971 28.898 28.872 28.831 28.768 28.749 28.69 28.631 28.65 28.637 28.584 28.577 28.559 28.504 28.504 28.482 28.482 28.491 28.474 28.446 28.434 28.437 28.444 28.407 28.373 28.379 28.304 28.348 28.305 28.263 28.274 28.245 28.269 28.267 28.271 28.232 28.217 28.165 28.182 28.186 28.159 28.154 28.128 28.168 28.09 28.183
37.928 37.885 37.181 37.11 37.389 37.812 37.846 37.589 37.402 37.094 36.814 36.289 35.567 32.786 29.968 34.92 36.62 33.58 33.136 33.097 33.08 30.925 32.231 30.011 29.799 29.135 28.974 28.876 28.828 28.812 28.768 28.745 28.689 28.607 28.702 28.669 28.598 28.54 28.506 28.517 28.492 28.438 28.453 28.409 28.437 28.431 28.427 28.43 28.397 28.371 28.338 28.316 28.304 28.268 28.274 28.269 28.266 28.249 28.273 28.257 28.255 28.265 28.233 28.195 28.165 28.184 28.164 28.163 28.147 28.18 28.073 28.138
37.651 38.141 37.628 37.732 37.882 37.512 37.41 36.95 36.671 36.375 33.367 31.423 30.358 30.015 30.01 31.563 33.118 33.138 33.144 33.104 33.06 33.039 32.04 31.03 29.967 29.474 28.939 28.91 28.859 28.772 28.721 28.695 28.672 28.58 28.56 28.622 28.605 28.543 28.472 28.516 28.481 28.486 28.468 28.446 28.471 28.438 28.401 28.432 28.361 28.382 28.367 28.297 28.29 28.256 28.282 28.253 28.258 28.28 28.269 28.254 28.277 28.269 28.234 28.208 28.179 28.154 28.127 28.134 28.136 28.131 28.072 28.186
37.338 38.043 37.911 37.559 37.308 37.009 36.683 36.338 35.905 31.729 31.024 30.419 30.753 30.059 30.363 30.124 32.587 33.08 33.065 33.055 33.021 30.839 33.823 34.045 30.727 29.816 29.08 28.904 28.831 28.768 28.739 28.697 28.617 28.672 28.586 28.528 28.638 28.594 28.53 28.454 28.452 28.464 28.473 28.451 28.44 28.377 28.385 28.388 28.362 28.321 28.305 28.265 28.314 28.264 28.261 28.256 28.261 28.266 28.254 28.224 28.239 28.234 28.261 28.235 28.164 28.132 28.083 28.099 28.123 28.061 28.108 28.154
37.002 37.707 38.141 37.495 36.972 36.461 32.812 31.293 30.478 29.992 30.083 30.16 30.82 31.532 30.792 30.024 31.736 33.01 31.521 30.786 30.318 30.024 30.884 32.759 32.448 30.386 29.56 28.843 28.791 28.802 28.757 28.637 28.638 28.635 28.589 28.457 28.622 28.59 28.532 28.484 28.459 28.439 28.418 28.405 28.392 28.385 28.39 28.344 28.361 28.368 28.323 28.306 28.281 28.255 28.236 28.231 28.251 28.207 28.193 28.231 28.244 28.219 28.219 28.168 28.123 28.087 28.105 28.093 28.13 28.027 28.137 28.176
36.675 37.356 37.839 37.768 37.153 36.479 31.311 30.161 30.58 29.949 30.011 29.941 32.88 34.177 32.891 30.293 30.175 30.18 30.481 29.989 30.196 30.486 30.512 29.949 30.845 30.859 29.606 28.845 28.799 28.77 28.761 28.694 28.635 28.654 28.559 28.54 28.593 28.646 28.535 28.468 28.443 28.459 28.442 28.382 28.363 28.404 28.378 28.337 28.349 28.331 28.33 28.317 28.3 28.276 28.27 28.221 28.183 28.217 28.198 28.212 28.224 28.185 28.168 28.137 28.119 28.106 28.087 28.069 28.064 28.027 28.172 28.19
36.248 36.97 37.701 38.072 37.572 36.775 35.266 31.332 30.649 31.474 30.236 30.008 34.373 35.507 31.54 30.333 30.448 32.437 31.883 30.434 32.579 33.009 33.732 31.947 30.181 29.216 29.155 29.835 28.822 28.75 28.716 28.684 28.678 28.616 28.548 28.541 29.8 29.734 28.539 28.443 28.432 28.49 28.416 28.371 28.399 28.369 28.405 28.372 28.374 28.349 28.312 28.344 28.333 28.318 28.284 28.253 28.25 28.207 28.17 28.187 28.24 28.211 28.168 28.132 28.107 28.097 28.056 28.041 28.023 28.092 28.177 28.168
34.843 36.621 37.355 38.014 37.832 37.256 36.528 32.433 30.666 30.196 29.928 29.926 30.96 31.437 31.871 32.157 35.976 35.208 34.16 30.911 32.357 33.411 33.751 30.555 29.176 29.147 29.073 29.277 29.198 28.687 28.68 28.659 28.642 28.574 28.52 28.548 30.981 30.571 28.538 28.47 28.459 28.449 28.42 28.375 28.378 28.368 28.362 28.347 28.335 28.339 28.368 28.354 28.334 28.277 28.283 28.233 28.235 28.229 28.195 28.207 28.207 28.17 28.226 28.21 28.148 28.096 28.035 27.998 27.961 28.085 28.137 28.145
30.067 36.234 37.052 37.689 37.915 37.463 36.815 34.321 30.059 30 29.839 29.928 29.936 29.996 30.147 30.065 36.223 36.626 36.073 32.284 30.515 30.331 30.098 29.137 29.144 29.059 28.996 28.951 30.158 28.705 28.686 28.617 28.597 28.544 28.523 28.576 29.2 28.672 28.494 28.466 28.48 28.453 28.437 28.413 28.401 28.398 28.385 28.353 28.329 28.301 28.346 28.329 28.295 28.275 28.303 28.258 28.274 28.269 28.25 28.24 28.272 28.229 28.281 28.284 28.247 28.111 28.009 27.918 27.948 28.044 28.079 28.011
30.086 35.917 36.796 37.429 38.024 37.838 37.114 34.216 30.911 30.48 30.253 30.161 30.199 30.015 30.556 33.811 36.219 35.779 35.475 32.545 29.675 29.147 29.11 29.005 28.987 28.927 28.84 28.874 30.096 29.155 28.661 28.595 28.579 28.738 28.899 28.625 28.585 28.521 28.408 28.433 28.429 28.392 28.411 28.373 28.382 28.391 28.35 28.345 28.344 28.268 28.298 29.46 28.369 28.3 28.274 28.312 28.322 28.377 28.364 28.46 28.488 28.434 28.393 28.319 28.189 28.077 28.053 27.836 27.938 27.876 27.911 27.858
31.516 33.306 36.378 37.101 37.623 38.187 33.819 33.3 32.323 30.713 30.229 30.808 30.836 30.745 30.934 31.161 35.406 35.091 29.632 29.454 29.059 29.062 28.956 28.894 28.886 28.816 28.827 28.729 29.197 29.108 28.535 28.593 28.952 28.637 28.596 28.541 28.48 28.49 28.39 28.399 28.426 28.4 28.389 28.392 28.371 28.383 28.392 28.368 28.337 28.315 28.37 28.398 28.38 28.401 28.472 28.534 28.602 28.621 28.628 28.668 28.54 28.48 28.371 28.278 28.085 28.009 27.857 28.247 27.858 27.844 27.946 27.776
32.571 33.309 36.002 36.738 37.275 37.465 33.696 33.333 33.29 30.92 30.927 30.636 30.926 31.649 29.654 29.312 29.142 29.566 29.123 29.012 28.936 28.896 28.831 28.823 28.812 28.769 28.758 28.623 28.643 29.895 28.697 28.725 28.588 28.553 28.515 28.521 28.442 28.457 28.397 28.445 28.375 28.383 28.342 28.372 28.369 28.343 28.332 28.359 28.372 28.36 28.447 28.505 28.542 28.714 28.804 28.872 28.848 28.792 28.706 28.576 28.445 28.296 28.127 28.055 27.938 27.818 27.735 27.711 27.633 27.604 27.525 27.441
32.101 32.716 35.799 36.402 36.988 35.194 33.275 33.32 33.284 30.932 30.049 31.4 30.03 29.479 29.138 29.144 29.035 28.941 28.979 28.825 28.859 28.72 28.723 28.743 28.689 28.613 28.638 28.553 28.603 28.573 28.873 28.809 28.578 28.474 28.476 28.434 28.474 28.461 28.393 28.423 28.395 28.412 28.379 28.342 28.364 28.374 28.371 28.417 28.448 28.572 28.657 28.738 28.861 28.883 28.921 28.884 28.803 28.734 28.543 28.366 28.142 28.064 27.885 27.91 27.863 27.715 27.638 27.609 27.554 27.452 27.449 27.46
30.086 32.569 34.885 30.681 30.043 30.389 33.185 33.114 30.937 30.92 29.834 29.14 29.145 29.024 29.008 28.911 28.795 28.863 28.735 28.741 28.715 28.663 28.606 28.634 28.591 28.594 28.588 28.594 28.547 28.53 30.112 28.95 28.845 28.626 28.486 28.424 28.445 28.451 28.391 28.411 28.378 28.427 28.384 28.365 28.379 28.455 28.537 28.592 28.677 28.799 28.885 28.941 28.944 28.868 28.749 28.731 28.531 28.371 28.179 28.153 27.966 27.783 27.722 27.719 27.556 27.55 27.548 27.491 27.549 27.58 27.547 27.48
31.599 30.425 30.191 29.96 30.023 29.961 30.053 30.884 30.002 29.2 29.037 29.002 28.974 28.864 28.812 28.778 28.708 28.712 28.676 28.628 28.64 28.595 28.688 29.368 31.547 32.652 31.662 31.081 28.546 28.531 29.064 30.717 30.244 29.574 28.693 28.418 28.425 28.389 28.414 28.417 28.419 28.44 28.497 28.5 28.643 28.721 28.787 28.85 28.894 28.922 28.863 28.889 28.782 28.654 28.354 28.259 28.134 28.091 27.923 27.815 27.659 27.568 27.552 27.572 27.566 27.586 27.613 27.595 27.564 27.536 27.519 27.461
30.673 31.317 31.064 31.242 32.051 31.04 29.8 29.293 28.974 28.954 28.857 28.771 28.768 28.786 28.785 29.216 28.669 28.685 28.739 30.514 31.735 32.032 32.737 33.531 33.856 34.772 34.182 29.753 28.469 28.459 28.489 29.463 30.658 28.708 28.702 28.478 28.432 28.353 28.425 28.389 28.459 28.548 28.662 28.777 28.859 28.91 28.96 28.853 28.783 28.717 28.577 28.418 28.329 28.176 28.173 27.93 27.826 27.756 27.66 27.552 27.549 27.589 27.57 27.648 27.601 27.624 27.645 27.605 27.511 27.584 27.649 28.865
31.965 30.119 30.457 32.072 30.471 29.268 29.063 28.869 28.751 28.763 28.721 28.715 28.781 31.371 31.896 32.076 29.949 32.638 32.641 33.076 33.951 33.986 34.249 33.89 33.78 34.833 34.779 30.456 28.6 28.515 28.41 28.703 29.276 29.152 29.072 28.495 28.381 28.373 28.414 28.495 28.584 28.691 28.759 28.822 28.811 28.772 28.759 28.583 28.481 28.349 28.197 27.973 28.007 27.806 27.849 27.702 27.568 27.57 27.52 27.581 27.618 27.622 27.675 27.607 27.594 27.608 27.609 27.57 27.606 27.784 28.698 29.285
32.69 30.652 31.381 29.499 29.252 29.148 28.926 28.761 28.7 28.771 28.974 29.862 34.272 35.944 36.241 33.573 33.696 34.128 33.917 33.936 33.517 34.125 33.555 34.19 34.731 34.747 34.578 31.607 28.974 28.472 28.427 28.397 29.182 29.986 29.072 28.64 28.37 28.394 28.489 28.518 28.634 28.656 28.633 28.617 28.507 28.388 28.303 28.145 28.063 27.906 27.826 27.739 27.708 27.653 27.603 27.595 27.581 27.651 27.657 27.58 27.629 27.639 27.609 27.615 27.582 27.62 27.727 29.117 29.205 29.284 28.643 29.32
31.984 33.227 34.007 33.479 30.875 29.154 28.902 28.716 28.831 34.613 36.875 37.218 37.521 37.435 37.423 34.231 33.621 34.384 34.128 34.714 34.441 34.883 35.321 35.148 35.047 34.04 34.726 32.084 29.227 28.46 28.339 28.304 28.506 30.257 28.414 28.507 28.318 28.322 28.413 28.464 28.545 28.459 28.39 28.297 28.186 28.052 27.976 27.914 27.918 27.735 27.632 27.594 27.633 27.577 27.617 27.686 27.644 27.677 27.666 27.636 27.606 27.641 27.667 27.708 29.207 29.671 29.952 30.882 31.524 31.167 29.007 28.601
32.715 35.442 35.555 34.897 32.627 29.093 28.889 28.758 28.639 35.604 37.579 37.357 36.952 36.851 36.765 35.038 34.887 35.17 35.186 35.336 35.287 35.147 35.366 35.31 35.107 34.016 34.789 34.046 29.825 28.4 28.254 28.115 28.187 28.265 30.55 29.634 28.529 28.214 28.29 28.339 28.157 28.132 28.004 27.973 28 27.925 27.751 27.67 27.587 27.635 27.666 27.677 27.698 27.683 27.697 27.697 27.648 27.599 27.618 27.594 27.691 29.268 29.082 29.535 29.154 31.657 31.762 32.035 31.996 31.437 30.574 27.753
37.666 38.963 36.251 35.04 33.164 29.64 28.914 28.735 28.636 34.303 37.242 36.913 36.7 36.687 37.097 36.288 35.37 35.279 35.261 35.22 35.222 35.317 35.201 35.171 34.903 34.044 34.612 34.159 29.513 28.396 28.054 28.099 28.083 28.622 30.684 29.757 28.366 28.043 28.131 28.015 27.971 27.931 27.857 27.745 27.703 27.702 27.637 27.649 27.699 27.638 27.629 27.644 27.668 27.695 27.607 27.609 27.635 27.687 29.14 28.452 29.988 29.611 30.012 29.987 29.455 31.773 31.894 31.828 31.892 29.001 28.669 27.7
39.572 38.538 35.634 34.395 33.54 29.476 28.912 28.764 28.616 28.779 37.156 37.339 36.589 37.012 37.143 36.563 35.138 35.195 35.219 34.922 34.928 34.894 34.927 34.827 34.125 33.905 34.374 34.655 31.132 28.037 27.975 28.004 27.965 27.967 28.321 28.632 27.977 27.942 27.96 27.866 27.77 27.716 27.667 27.595 27.6 27.615 27.683 27.677 27.654 27.663 27.583 27.662 27.624 27.542 27.625 27.664 27.964 29.437 30.639 31.095 29.966 28.785 31.011 31.648 31.787 31.757 31.925 31.925 32.03 30.117 27.751 27.674
33.413 31.602 30.98 32.544 30.454 30.259 28.899 28.803 28.668 30.075 36.8 37.453 36.842 36.91 37.149 36.809 34.975 35.779 35.361 34.277 34.112 34.325 34.305 34.47 34.833 35.274 34.778 34.488 31.081 28.032 28.003 27.932 27.895 27.966 29.198 28.038 27.825 27.868 27.764 27.736 27.606 27.643 27.716 27.696 27.708 27.71 27.634 27.665 27.645 27.623 27.581 27.568 27.618 27.853 30.719 29.551 27.906 31.113 31.499 31.671 31.739 31.617 31.264 30.355 32.16 31.87 32.037 32.05 30.848 28.497 27.792 27.704
31.001 30.145 30.25 30.241 30.155 29.968 28.896 28.813 28.656 28.707 35.915 37.454 36.709 36.733 37.179 36.844 37.097 37.729 37.099 34.668 34.868 34.63 34.823 34.459 34.223 33.886 34.022 34.13 33.785 28.108 28.083 28.174 28.417 28.623 27.918 27.887 27.797 27.699 27.727 27.66 27.692 27.669 27.69 27.723 27.636 27.665 27.596 27.637 27.683 27.741 27.649 28.928 29.306 33.534 31.285 28.792 28.579 31.1 31.974 32.257 32.039 32.222 30.115 30.713 32.093 30.149 31.04 31.529 28.34 27.915 27.818 27.752
29.923 30.096 30.193 30.199 30.136 30.046 29.663 28.795 28.663 28.582 34.786 37.58 37.58 37.807 38.302 38.472 38.47 38.656 37.951 34.909 34.29 33.954 34.284 32.902 33.952 30.162 29.272 28.485 28.891 27.973 28.285 28.021 27.777 27.721 27.738 27.675 27.724 27.764 27.708 27.713 27.714 27.704 27.686 27.592 27.874 29.399 27.843 27.891 30.093 30.163 30.456 30.401 28.996 31.79 29.173 29.41 29.382 31.951 32.571 32.051 31.997 32.171 30.307 28.642 31.698 29.388 28.399 28.164 27.947 27.92 27.861 27.822
30.012 30.05 30.102 30.145 30.104 30 29.895 29.286 28.716 28.552 36.939 38.487 38.904 38.304 38.213 37.88 38.137 37.228 31.944 32.101 29.261 28.489 28.529 29.376 28.384 28.448 28.32 28.098 27.941 27.856 27.803 27.815 27.793 27.793 27.783 27.781 27.771 27.786 27.735 27.73 27.676 27.831 30.24 32.937 29.613 33.993 33.872 34.016 33.145 29.083 30.13 30.559 28.278 28.166 29.992 28.701 29.873 31.916 32.14 29.852 30.142 28.978 29.562 28.405 28.07 28.025 28.009 28.076 28.367 28.056 28.135 28.235
30.075 30.083 30.072 30.057 29.971 29.938 29.795 29.171 28.691 28.552 33.416 37.801 38.013 38.406 37.708 36.896 36.601 29.428 28.971 29.217 28.396 28.629 28.471 28.126 28.083 28.061 27.993 28.028 27.934 27.885 27.885 27.803 27.794 27.859 27.819 27.812 27.779 27.728 27.759 27.787 27.856 27.946 35.492 35.88 35.889 35.039 33.527 30.143 28.823 28.412 30.291 29.223 28.178 28.515 31.089 31.261 28.181 31.76 32.385 29.027 28.739 28.14 28.093 28.072 28.132 28.088 28.058 29.648 30.815 31.005 28.32 28.196
30.031 29.988 29.989 29.885 29.813 29.727 29.611 30.032 29.261 28.535 28.502 31.006 29.393 32.999 28.903 28.421 29.51 28.411 28.339 28.294 28.193 28.178 28.147 28.086 28.114 28.071 27.957 27.978 28.018 27.937 27.899 27.826 27.842 27.813 27.707 27.717 27.819 27.856 27.881 30.048 29.171 30.235 34.608 35.697 34.375 30.605 29.36 28.274 28.259 28.309 28.685 28.066 28.181 30.369 30.352 32.051 28.293 29.363 30.116 28.617 28.178 28.183 28.158 28.095 28.109 28.147 29.539 29.54 31.777 30.78 30.417 29.206
