dsm/se3135_DSM_2M.asc
ncols 500
nrows 500
xllcorner    431000
yllcorner    435000
cellsize     2
NODATA_value -9999
[rows 384 to 415 of 500, columns 355 to 425 of 500]
53.284 53.364 53.284 53.317 53.974 54.292 53.564 53.679 54.557 55.677 55.782 55.567 55.587 55.622 55.639 56.017 55.722 55.624 55.777 55.859 56.024 56.099 56.202 56.274 56.487 56.897 57.287 57.627 57.874 58.039 58.117 58.142 58.124 57.992 57.967 58.009 58.062 58.119 58.172 58.207 58.264 58.372 58.604 58.839 59.229 59.854 60.446 61.026 61.451 61.674 61.691 61.611 61.631 61.614 61.794 61.704 61.669 61.691 61.714 61.719 61.729 61.739 61.749 61.769 61.801 61.799 61.814 61.824 61.891 61.854 61.899
53.404 54.437 54.507 54.129 53.827 53.612 53.854 54.332 61.924 57.787 57.454 55.569 55.577 55.587 55.609 55.664 56.344 55.617 55.744 55.987 55.984 56.067 56.167 56.214 56.474 56.884 57.264 57.594 57.889 58.099 58.184 58.227 58.244 58.199 58.067 58.029 58.079 58.114 58.162 58.212 58.257 58.487 58.709 58.962 59.434 60.021 60.606 61.141 61.551 61.759 61.754 61.671 61.646 61.879 61.641 61.669 61.684 61.704 61.724 61.736 61.741 61.756 61.771 61.781 61.801 61.814 61.816 61.831 61.944 61.886 61.946
53.392 53.559 53.682 54.589 53.867 54.172 54.217 54.587 57.222 58.559 59.762 56.007 55.459 58.002 56.784 55.594 55.624 55.567 55.709 56.457 55.919 56.039 56.122 56.172 56.374 56.767 57.147 57.497 57.814 58.059 58.214 58.302 58.329 58.332 58.327 58.249 58.157 58.162 58.232 58.297 58.362 58.574 58.827 59.242 59.779 60.316 60.794 61.229 61.584 61.761 61.796 61.724 61.639 61.561 61.711 61.671 61.699 61.726 61.731 61.746 61.754 61.766 61.779 61.796 61.821 61.831 61.851 61.871 61.896 61.936 61.999
53.457 53.559 56.162 62.332 54.514 55.742 54.827 54.179 54.332 54.444 56.719 55.377 57.059 61.622 55.352 55.772 57.394 55.547 55.647 56.297 55.919 56.019 56.074 56.162 56.304 56.582 56.859 57.184 57.482 57.747 58.024 58.232 58.332 58.357 58.352 58.369 58.394 58.434 58.464 58.524 58.564 58.762 59.184 59.642 60.124 60.594 60.961 61.284 61.524 61.709 61.784 61.801 61.681 61.549 61.619 62.024 61.704 61.731 61.741 61.749 61.759 61.774 61.791 61.801 61.809 61.901 61.904 61.916 61.986 62.066 62.199
53.474 53.577 56.062 59.372 54.937 54.009 54.104 54.184 55.927 55.714 54.447 54.602 54.747 57.147 55.037 55.137 57.114 55.499 55.582 55.964 55.847 55.977 56.064 56.154 56.254 56.374 56.552 56.767 57.014 57.292 57.577 57.877 58.112 58.317 58.357 58.354 58.392 58.454 58.542 58.697 58.817 59.139 59.544 59.899 60.307 60.696 60.961 61.189 61.381 61.569 61.711 61.781 61.749 61.684 61.656 61.681 61.661 61.716 61.729 61.751 61.761 61.781 61.799 61.826 61.849 61.916 61.924 61.974 62.079 62.219 62.454
54.429 53.564 53.897 56.307 53.939 54.064 54.187 54.279 54.377 54.437 54.537 54.664 54.794 54.912 55.007 55.227 55.279 55.357 55.454 55.612 55.739 55.889 56.024 56.137 56.272 56.404 56.537 56.639 56.774 56.959 57.192 57.392 57.644 57.922 58.139 58.199 58.282 58.449 58.634 58.897 59.089 59.382 59.689 59.947 60.247 60.504 60.719 60.926 61.119 61.249 61.449 61.621 61.674 61.669 61.656 61.641 61.676 61.709 61.729 61.749 61.756 61.754 61.786 61.821 61.864 61.936 61.949 62.024 62.196 62.456 62.831
53.552 53.647 53.792 54.052 53.912 54.299 55.287 54.457 54.724 54.509 54.582 54.737 54.869 54.962 55.069 55.164 55.272 55.384 55.509 55.684 55.794 55.887 56.004 56.094 56.192 56.284 56.417 56.577 56.742 56.939 57.049 57.214 57.354 57.512 58.494 58.277 57.827 58.042 58.274 58.522 58.889 59.212 59.464 59.669 59.897 60.124 60.331 60.556 60.704 60.839 61.056 61.239 61.409 61.506 61.546 61.579 61.626 61.671 61.701 61.731 61.751 61.796 61.809 61.849 61.891 61.964 61.971 62.041 62.289 62.681 63.066
53.629 53.959 54.304 53.934 54.114 54.127 54.227 54.314 54.714 55.044 54.589 54.717 54.827 54.944 55.084 55.182 55.292 55.422 55.529 55.637 55.742 55.944 56.034 56.127 56.177 56.212 56.334 57.654 57.014 56.807 56.987 57.139 57.277 57.417 57.512 57.662 59.157 57.847 58.124 58.224 59.354 58.944 59.012 59.202 59.392 59.634 59.879 60.076 60.306 60.446 60.654 60.874 61.024 61.204 61.311 61.421 61.496 61.521 61.544 61.656 61.679 61.756 61.851 61.861 61.909 61.996 62.006 62.054 62.329 62.739 63.131
60.714 56.209 56.049 54.404 54.409 54.634 54.539 54.507 54.584 54.692 54.799 54.792 54.892 54.964 55.509 56.169 55.262 55.377 55.487 55.642 55.744 55.894 56.044 56.129 56.597 57.669 56.354 56.492 56.782 56.777 56.902 57.392 58.422 57.964 57.429 57.577 58.814 57.849 59.659 58.234 58.354 58.602 58.739 58.887 59.072 59.194 59.464 59.671 59.884 60.044 60.266 60.446 60.621 60.861 61.014 61.136 61.279 61.349 61.416 61.541 61.594 61.719 61.819 61.841 61.901 62.014 62.039 62.059 62.319 62.666 63.044
61.894 62.187 61.999 63.162 61.807 59.069 57.334 57.704 55.462 54.667 55.004 55.017 54.977 55.119 55.249 55.259 55.332 55.424 55.514 55.574 55.724 55.842 55.979 56.069 56.087 56.599 56.352 56.489 56.619 56.769 56.914 57.067 57.214 57.359 57.482 57.604 57.799 57.864 59.069 58.139 58.309 58.534 58.682 58.822 58.982 59.139 59.296 59.494 59.684 59.854 59.856 60.089 60.311 60.526 60.696 60.841 61.036 61.169 61.329 61.421 61.529 61.636 61.721 61.816 61.924 61.989 62.044 62.086 62.279 62.559 62.841
63.164 63.362 63.119 63.017 62.812 64.497 63.494 63.982 62.119 62.092 61.192 61.137 58.377 56.049 56.419 55.932 55.474 55.559 55.594 55.567 55.719 55.797 55.944 55.999 56.057 57.102 57.719 56.579 56.597 57.129 57.274 57.039 57.192 57.339 57.487 57.619 57.764 57.917 58.044 58.202 58.339 58.467 58.594 60.224 59.242 59.046 59.226 59.389 59.526 59.664 59.819 59.976 60.746 61.009 60.689 61.091 60.949 60.941 61.151 61.314 61.441 61.556 61.681 61.814 61.961 62.056 62.049 62.114 62.214 62.404 62.616
63.014 63.609 63.827 63.947 63.927 64.162 63.944 63.952 63.439 65.189 63.379 64.359 63.064 62.772 63.397 64.882 63.364 62.087 55.567 55.547 55.684 55.782 55.919 55.979 56.494 56.429 56.444 56.574 56.707 56.837 57.342 57.054 58.234 58.649 57.854 57.647 57.739 57.912 58.054 58.219 58.352 58.504 58.644 58.789 58.934 59.056 59.189 59.321 59.434 59.561 59.711 60.054 60.081 60.229 60.364 60.541 60.701 60.904 61.331 61.226 61.346 61.474 61.621 61.766 61.934 62.049 62.064 62.149 62.204 62.269 62.534
61.484 62.922 62.689 63.057 63.112 63.689 63.927 64.127 64.312 64.824 64.657 64.517 64.224 64.554 64.254 65.129 64.442 63.614 55.502 55.517 55.657 55.742 55.872 56.784 58.359 57.322 56.542 56.999 56.982 57.127 57.094 57.207 57.297 57.427 57.557 57.934 58.112 57.912 58.977 59.644 58.537 58.847 58.664 58.792 58.934 59.071 59.194 59.354 59.484 59.606 59.744 60.349 60.674 60.916 61.666 60.626 61.209 61.054 60.939 61.076 61.206 61.349 61.496 62.051 62.794 62.864 62.061 62.164 62.246 62.369 62.611
54.669 56.657 60.122 63.062 62.089 62.297 62.757 62.744 62.999 63.717 63.957 64.187 64.409 65.099 65.299 65.362 65.082 63.424 55.434 55.494 55.639 55.719 55.799 62.919 65.399 65.399 65.402 62.447 61.859 59.947 58.394 57.612 57.457 57.484 57.707 57.937 58.432 58.034 58.174 58.322 58.442 58.842 59.724 59.002 60.134 59.726 59.439 59.479 59.501 59.629 59.756 59.904 60.049 60.189 60.326 60.461 60.856 61.271 60.849 62.021 62.514 61.271 61.449 61.701 61.776 61.914 62.059 62.186 62.304 62.456 62.649
53.447 55.309 56.664 55.534 54.099 53.952 55.779 59.129 60.859 62.362 62.682 62.477 63.027 64.052 64.084 64.309 64.517 61.589 55.354 55.484 55.632 55.682 55.774 65.719 65.499 65.407 65.287 66.159 65.979 66.014 65.552 65.119 65.372 63.724 61.567 58.967 58.939 59.207 58.174 58.592 58.614 58.747 61.627 60.157 59.049 59.179 59.456 60.026 59.724 59.624 59.769 59.904 60.154 60.201 60.339 60.466 60.579 60.714 60.851 60.986 61.121 61.259 61.494 62.309 62.706 61.809 61.969 62.136 62.291 62.469 62.599
53.192 54.797 55.567 53.799 54.399 53.882 54.017 54.437 54.802 54.607 55.179 55.349 58.289 61.044 62.709 62.944 63.197 57.572 55.294 55.462 55.592 55.622 55.752 65.864 66.077 66.229 66.212 66.647 66.402 66.189 65.972 66.452 66.202 66.229 66.212 65.914 67.042 66.664 65.384 63.682 62.442 60.359 59.582 59.134 59.244 59.281 59.709 59.816 59.631 59.749 59.871 59.981 60.246 61.074 61.054 61.054 61.741 61.274 60.839 60.974 61.111 61.244 61.391 61.529 61.661 61.796 61.936 62.061 62.516 63.526 63.319
53.157 53.282 53.372 53.494 53.619 53.757 53.894 54.224 56.062 55.972 54.544 54.704 54.934 55.402 58.772 55.399 55.364 55.292 56.249 55.429 55.544 56.134 56.097 64.917 65.337 65.339 65.644 66.014 66.279 66.472 66.714 67.307 67.237 67.039 66.807 67.174 67.157 66.807 66.974 67.024 67.542 67.492 67.392 66.737 66.084 63.717 61.387 60.547 59.794 60.029 61.047 60.447 60.397 60.444 60.474 60.512 60.602 60.697 60.817 60.934 61.077 61.232 61.362 61.509 61.632 61.774 61.904 62.037 62.182 62.317 62.462
53.424 53.352 53.429 53.664 53.622 53.734 53.849 53.959 54.052 54.154 54.284 54.384 54.587 55.257 58.099 55.344 55.377 55.214 56.097 55.404 55.512 56.989 55.967 59.732 64.469 64.814 63.964 65.452 65.927 65.909 66.319 66.439 66.504 66.677 67.059 67.689 67.849 67.857 67.744 68.037 67.814 67.614 67.902 67.924 68.082 68.072 67.312 68.147 68.362 68.547 64.374 65.134 62.619 60.982 60.417 60.852 60.877 61.067 61.042 61.082 61.187 61.299 61.404 61.514 61.612 61.714 61.989 63.249 62.824 62.412 62.477
53.259 53.469 53.714 56.337 56.324 54.544 54.049 54.024 54.087 54.169 54.282 54.372 54.514 54.657 54.782 54.864 55.002 55.114 55.232 55.372 55.504 55.927 56.277 57.769 58.904 57.477 56.914 58.242 60.119 63.454 63.332 65.872 65.237 66.487 66.082 67.209 66.639 66.822 68.549 67.852 68.057 68.257 68.517 68.854 68.679 68.439 68.632 68.539 68.494 68.569 69.312 69.142 69.139 69.057 68.192 67.579 67.697 63.352 61.192 61.794 61.324 61.417 61.507 62.042 61.902 61.822 61.939 62.067 62.187 62.677 63.414
58.714 57.547 54.412 56.887 56.744 54.089 54.514 54.204 56.909 56.602 54.377 54.729 54.657 54.694 54.782 54.852 54.942 55.059 55.219 55.347 55.447 55.522 55.592 56.272 57.644 56.852 57.244 59.147 59.502 58.149 57.407 59.889 60.652 59.222 60.362 63.002 65.074 65.532 66.267 67.512 67.342 67.477 70.057 68.099 68.234 68.402 69.079 69.384 69.399 69.234 69.437 69.409 69.252 69.122 71.124 69.562 69.467 68.674 68.782 68.714 69.784 67.284 63.499 65.239 62.234 61.874 61.982 62.272 62.342 62.384 62.604
61.504 62.554 62.714 61.374 61.132 60.552 59.179 56.877 57.407 57.299 54.382 55.074 55.004 57.422 56.187 54.907 55.209 55.012 55.207 55.332 55.402 55.497 55.577 55.752 55.924 56.117 56.214 56.359 56.597 56.682 56.919 60.142 60.574 57.289 57.569 60.277 60.664 58.552 58.797 61.654 64.749 66.357 66.539 68.062 68.062 68.019 69.169 68.497 68.567 68.579 69.682 69.602 69.842 69.934 70.487 70.314 70.072 69.842 70.384 69.922 70.219 69.454 70.957 69.492 69.289 70.557 69.377 67.437 66.334 62.417 63.132
62.704 63.042 62.854 62.607 61.964 62.129 63.262 61.749 62.014 61.797 61.554 60.854 60.242 59.529 57.839 54.947 55.159 54.982 55.177 55.304 55.357 55.472 55.837 57.067 55.964 56.087 56.794 56.332 56.452 56.602 56.754 56.909 57.054 57.222 57.459 58.817 59.827 58.019 58.412 61.264 61.199 58.997 58.754 62.137 62.154 62.797 65.784 67.712 68.569 68.009 69.057 69.224 68.927 69.287 70.307 69.892 70.004 70.219 70.914 70.977 70.854 70.679 71.019 70.789 70.574 70.644 70.972 71.114 71.092 70.634 71.157
62.019 62.754 62.967 63.234 63.334 63.322 63.687 63.454 63.257 63.017 62.819 63.952 63.724 62.704 62.962 62.254 54.934 54.949 55.139 55.249 56.144 55.484 56.022 58.859 58.509 56.442 56.344 58.672 57.584 56.667 56.794 56.912 57.062 57.174 57.324 57.482 57.617 57.757 57.912 58.039 59.074 58.422 58.697 62.142 62.142 59.419 59.394 62.539 62.257 59.784 63.654 65.384 68.824 69.077 69.644 69.327 68.089 68.959 69.812 69.864 70.102 70.334 71.114 71.344 71.549 71.507 71.362 71.594 71.389 71.254 71.184
61.372 62.022 61.379 61.944 62.669 62.784 63.172 63.392 63.659 63.844 63.912 64.364 64.154 63.932 63.919 63.697 54.867 54.922 55.177 55.269 56.079 59.252 62.882 61.299 58.122 56.834 56.547 59.382 59.072 56.832 56.899 59.882 59.822 57.329 57.864 57.697 57.639 57.742 57.882 58.032 58.182 58.312 58.437 58.592 58.729 58.897 59.324 61.847 60.102 59.657 59.694 63.242 63.197 60.394 60.664 63.987 61.404 66.827 66.937 68.659 68.857 69.097 69.874 70.102 70.517 70.682 71.832 71.427 71.667 71.899 71.984
52.847 60.017 59.174 58.929 61.149 61.729 62.839 62.092 62.344 63.029 63.412 63.734 63.837 64.057 64.252 62.389 54.789 54.904 55.087 55.162 55.242 63.567 63.742 64.182 65.377 64.002 64.937 64.197 63.802 60.259 58.319 60.027 59.832 57.384 57.534 60.522 60.622 57.887 58.522 59.542 58.544 58.329 58.467 58.582 58.709 58.834 58.989 59.134 59.219 59.344 59.549 60.524 61.499 61.182 61.832 64.027 60.589 60.767 61.354 64.274 61.237 63.194 64.674 68.199 70.514 70.634 70.039 70.979 70.919 71.209 71.197
52.934 53.069 52.934 53.069 53.132 53.564 56.257 55.097 57.282 62.594 62.094 63.672 63.677 63.157 63.829 61.542 54.717 54.889 55.029 55.119 55.227 64.099 65.639 65.427 65.332 65.557 65.302 65.112 65.144 65.609 64.902 64.729 64.512 63.069 62.357 61.754 60.467 57.974 58.112 61.062 61.204 58.862 58.842 61.387 60.834 58.979 59.142 59.152 59.224 59.362 59.522 59.679 59.799 59.922 60.089 60.247 60.359 60.877 62.434 63.572 61.174 61.359 63.644 65.512 65.094 62.177 62.629 66.452 68.354 70.642 71.164
52.612 52.767 52.924 53.034 53.307 53.672 53.789 53.632 53.684 53.809 54.294 55.954 55.012 57.964 62.412 57.037 54.664 54.867 55.004 55.137 55.199 64.582 64.814 65.009 65.252 66.009 66.217 66.277 66.142 66.412 66.269 66.037 65.764 66.212 66.202 66.219 66.229 65.622 66.794 66.594 63.699 61.537 58.647 61.554 61.739 58.942 59.504 61.932 62.417 59.524 59.962 59.989 59.832 59.944 60.082 60.214 60.352 60.479 60.604 60.732 60.832 61.014 61.279 62.272 64.904 62.022 61.822 65.444 65.534 65.357 62.422
52.604 52.724 52.837 52.934 53.084 53.277 53.399 53.552 53.679 53.909 54.184 54.252 54.372 54.327 54.334 54.642 54.634 54.844 54.947 55.104 55.174 63.302 64.294 64.627 64.767 65.177 65.109 65.319 65.472 66.359 66.524 66.767 66.862 67.432 67.262 67.057 66.819 67.839 66.977 66.872 66.784 66.759 67.407 67.399 65.669 64.574 61.807 62.539 62.364 59.699 59.817 62.212 62.904 60.024 60.517 61.757 61.167 60.512 60.607 60.734 60.847 60.984 61.119 61.272 61.399 62.019 61.989 61.899 62.844 62.977 63.204
52.642 52.779 52.907 53.022 53.127 53.284 53.347 53.474 53.599 53.717 54.724 54.447 54.174 54.324 54.462 54.542 54.597 54.784 54.894 55.192 55.327 56.242 57.264 58.454 60.499 63.309 65.002 65.199 65.194 65.054 66.072 65.579 65.712 67.134 66.789 67.014 67.232 67.919 68.107 67.987 67.712 67.912 67.824 67.639 67.844 67.664 68.272 68.252 66.962 66.469 65.709 64.669 63.379 60.324 60.137 62.987 60.749 60.637 60.797 60.884 61.157 61.482 61.214 61.499 61.467 61.622 62.364 61.979 61.939 62.047 62.167
52.619 52.774 52.919 53.052 53.187 53.294 53.549 53.519 53.662 53.779 53.902 54.262 54.832 55.587 54.372 54.479 54.602 54.742 54.834 55.067 55.214 55.444 55.524 55.809 56.044 56.174 56.172 56.722 57.689 60.224 63.149 64.039 64.432 65.587 66.249 66.274 66.282 68.087 67.059 67.277 67.449 67.989 68.454 68.632 68.602 68.527 68.752 68.524 68.267 68.034 68.289 68.007 68.927 67.889 68.004 67.477 65.249 62.412 61.247 60.914 61.267 61.454 61.397 61.492 61.537 61.609 61.869 62.107 61.994 62.087 62.184
52.702 52.787 52.902 52.994 53.157 54.422 53.459 53.552 53.682 53.814 53.939 54.064 54.189 54.312 54.449 54.577 54.709 54.827 54.937 55.029 55.127 55.267 55.512 55.634 55.709 55.862 55.992 56.464 56.699 56.632 56.644 56.789 56.864 57.812 60.437 63.532 64.327 65.829 66.739 66.792 66.777 68.007 67.487 67.734 67.637 68.704 68.659 68.892 69.107 69.307 69.614 69.407 69.187 69.519 68.534 69.054 69.212 68.912 69.299 69.037 68.354 67.462 64.677 63.744 61.534 60.702 62.187 62.244 62.309 62.279 62.739
52.804 53.142 53.009 53.122 53.234 53.374 53.477 53.562 53.654 53.802 53.934 54.069 54.197 54.339 54.477 54.612 54.754 54.874 54.992 55.104 55.217 55.324 55.667 56.182 55.899 56.974 57.119 56.022 56.264 56.332 56.469 56.607 57.054 57.284 57.164 57.304 57.307 57.909 58.012 59.447 61.987 62.262 66.977 67.557 66.329 67.324 68.084 67.869 67.797 70.102 68.827 69.127 69.324 69.787 70.269 70.307 70.732 70.447 70.189 69.962 69.992 69.759 69.262 69.627 69.367 69.352 68.727 67.817 66.189 62.537 62.617
