dsm/se3136_DSM_2M.asc
ncols 500
nrows 500
xllcorner    431000
yllcorner    436000
cellsize     2
NODATA_value -9999
[rows 217 to 247 of 500, columns 0 to 70 of 500]
81.686 81.801 81.911 81.986 82.004 82.034 82.231 82.494 82.979 83.536 83.991 85.086 85.476 83.949 83.751 84.666 84.254 84.281 84.469 84.399 84.414 84.424 85.111 84.096 84.586 87.704 88.324 86.961 84.036 84.151 84.276 84.334 84.366 84.376 84.404 84.839 84.384 84.381 84.419 84.446 84.621 84.609 84.584 85.866 88.494 88.736 86.779 84.704 84.809 84.866 84.849 85.059 87.681 85.534 84.926 85.656 85.014 85.059 85.971 85.169 85.296 85.354 85.429 85.419 85.364 86.644 94.459 95.541 95.584 94.496 86.731
81.566 81.684 81.794 81.821 81.844 81.911 82.126 82.516 83.001 83.524 83.894 86.324 84.586 84.129 83.669 83.971 83.601 83.696 84.096 84.221 84.274 84.209 84.194 84.236 85.874 88.141 87.894 85.186 84.036 84.129 84.221 84.246 84.261 84.266 84.269 84.279 84.191 84.269 84.281 84.409 84.541 84.736 84.549 87.614 88.631 88.329 86.521 84.676 84.786 84.796 84.759 84.724 88.519 88.696 88.249 87.481 85.801 84.931 85.906 85.051 85.206 85.324 85.501 86.274 85.346 91.184 94.804 95.891 95.204 94.291 93.126
81.456 81.569 81.641 81.666 81.701 81.874 82.074 82.551 83.041 83.559 84.026 84.604 87.129 91.814 92.041 91.634 91.376 83.604 83.736 83.959 84.156 84.164 84.069 84.036 87.269 88.179 87.446 83.994 84.029 84.091 84.139 84.141 84.149 84.151 84.166 84.101 84.084 84.146 84.161 84.351 84.586 88.994 90.251 87.059 86.339 87.699 84.826 84.636 84.659 84.651 84.861 86.134 88.656 89.139 89.409 89.156 88.704 88.239 87.696 84.954 85.094 85.276 85.341 85.579 87.691 88.296 95.564 95.976 95.649 95.291 94.924
81.349 81.459 81.479 81.509 81.541 81.764 82.079 82.564 83.069 83.536 86.689 86.919 86.941 93.679 93.709 92.806 92.091 83.531 83.674 83.859 84.049 84.064 84.079 84.266 84.246 86.886 86.961 83.989 84.006 84.041 84.049 84.146 84.699 84.274 84.301 83.924 83.976 84.419 84.179 84.214 84.674 90.371 91.461 92.241 91.224 89.261 84.569 84.666 84.719 84.509 84.626 84.976 85.309 87.429 88.246 88.684 89.124 89.074 86.769 84.884 85.039 85.219 85.289 85.334 87.669 88.561 92.679 95.111 95.479 95.841 95.991
81.241 81.316 81.341 81.366 81.484 81.689 82.059 82.579 83.061 83.484 83.894 85.614 87.206 92.321 93.706 92.749 91.359 83.649 83.569 83.699 83.806 83.921 83.991 86.046 87.539 87.086 84.699 83.974 83.964 83.966 83.946 83.931 83.901 84.604 83.899 83.789 83.866 84.624 84.041 84.166 86.726 90.686 91.834 91.954 90.834 85.554 84.451 84.449 84.539 84.744 84.476 86.694 86.539 86.094 85.054 85.556 87.791 88.226 85.066 84.839 84.976 85.089 85.236 85.886 85.609 87.779 88.436 94.044 94.386 94.751 95.129
81.141 81.171 81.209 81.221 81.419 81.644 82.106 82.641 83.106 83.489 83.624 84.686 89.329 92.366 93.731 92.724 91.401 84.121 83.684 83.881 83.986 83.936 84.096 87.249 88.479 87.431 83.969 83.924 83.909 83.889 83.849 83.816 83.779 84.369 83.741 83.684 83.889 83.916 83.914 84.014 87.731 90.626 91.726 91.221 90.426 84.449 84.519 84.359 84.401 84.921 85.539 87.126 87.634 87.419 86.456 84.454 85.571 84.506 84.554 84.756 84.871 85.044 85.171 85.199 85.449 87.924 85.326 85.329 85.469 90.516 94.019
81.039 81.076 81.096 81.154 81.336 81.681 82.156 82.691 83.169 83.506 84.144 83.701 88.369 92.441 93.744 92.636 91.414 83.534 83.759 83.671 83.801 84.094 84.189 87.694 88.291 86.976 83.936 83.876 83.836 83.781 83.721 83.689 83.861 84.184 83.561 83.576 84.306 83.811 83.826 84.884 89.646 91.016 91.804 90.749 88.709 84.114 84.291 84.336 84.076 84.474 83.591 85.204 86.401 86.844 86.036 83.816 83.606 83.601 84.569 84.671 84.714 84.771 84.844 85.086 87.276 86.951 85.274 85.224 85.364 85.261 85.619
80.934 80.974 80.984 81.159 81.306 81.726 82.216 82.736 83.246 83.506 83.819 85.644 90.306 92.509 93.741 92.579 90.786 83.494 83.594 83.716 83.836 83.959 86.454 88.116 87.866 85.461 83.879 83.796 83.736 83.769 83.914 83.549 84.124 83.506 83.389 83.474 83.656 83.614 83.821 86.781 89.824 90.991 91.376 90.404 84.741 83.956 83.949 83.909 83.679 83.579 83.086 83.074 83.069 83.846 85.944 84.181 83.429 83.184 83.246 84.466 85.979 85.239 85.686 84.794 84.921 84.914 84.951 84.949 85.004 85.186 85.299
80.849 80.876 80.911 81.094 81.319 81.736 82.254 82.776 83.259 83.484 85.091 84.794 90.199 92.534 93.741 92.534 90.249 83.899 83.626 83.789 83.924 83.986 87.226 88.454 87.429 84.151 85.291 83.706 83.616 83.551 84.141 84.181 83.964 83.351 83.296 83.346 83.366 83.496 83.454 86.414 90.186 91.251 90.679 89.584 83.879 83.964 83.756 83.634 83.474 83.519 83.054 83.034 83.026 83.021 84.279 83.196 83.361 83.129 83.156 84.361 83.634 83.849 85.389 86.149 85.459 84.679 84.849 84.729 85.044 84.894 85.021
80.764 80.789 80.919 81.066 81.404 81.851 82.356 82.826 83.234 83.449 85.869 85.744 89.986 92.621 93.781 92.466 89.189 83.504 83.659 83.806 83.959 84.219 87.676 88.316 86.996 83.871 83.726 83.596 83.491 83.416 83.344 83.346 83.559 83.214 83.296 83.294 83.306 83.399 84.214 89.036 90.364 91.384 90.339 88.469 83.844 83.954 83.914 83.874 83.459 83.066 83.024 82.981 82.964 83.354 82.894 82.931 82.776 82.789 84.146 83.484 83.001 83.461 83.374 83.454 83.531 84.721 84.666 84.599 87.226 87.704 85.336
80.691 80.721 80.906 81.131 81.496 81.934 82.384 82.831 83.206 83.406 83.621 86.479 91.586 92.626 93.779 92.424 89.331 83.544 83.904 83.834 83.926 84.294 86.804 87.354 85.101 83.779 83.619 83.464 83.374 83.279 83.191 83.129 83.099 83.086 83.169 83.181 83.219 83.289 83.339 89.404 90.474 90.614 89.529 84.949 83.856 83.706 83.496 83.521 83.521 83.074 82.986 82.929 82.914 82.856 82.809 82.984 82.454 82.449 83.284 82.841 82.974 83.479 83.164 83.174 83.181 83.119 83.179 83.206 84.926 88.351 86.139
80.606 80.689 80.914 81.171 81.554 81.971 82.419 82.799 83.154 83.309 85.691 84.234 92.926 93.601 93.631 92.441 87.339 83.576 83.519 83.604 83.684 85.369 83.991 84.074 83.884 83.679 83.501 83.354 83.254 83.154 83.051 82.976 82.959 82.971 83.034 83.046 83.131 83.354 87.414 89.724 90.816 90.254 89.139 83.271 83.199 83.189 83.534 83.401 83.106 83.001 82.909 82.871 82.866 83.011 82.379 82.441 82.406 82.436 82.576 82.479 82.469 83.524 83.164 83.169 83.004 83.049 83.056 83.269 83.224 83.166 83.531
80.531 80.721 80.906 81.224 81.591 82.051 82.431 82.776 83.036 83.176 86.961 84.276 91.426 91.346 92.054 91.676 87.646 83.444 83.506 83.506 83.511 83.376 83.821 83.974 84.219 84.084 83.374 83.214 83.119 83.011 82.924 83.074 82.816 82.871 82.911 82.921 83.036 83.431 88.976 90.101 90.901 89.881 88.389 83.209 83.176 83.129 83.199 83.156 84.996 83.469 82.841 82.761 85.606 85.879 85.396 84.846 82.759 82.411 82.904 82.641 82.424 83.159 83.169 83.189 82.751 82.924 82.959 83.801 83.014 83.081 83.179
80.464 80.651 80.916 81.276 81.629 81.989 82.379 82.704 82.916 83.019 85.309 83.226 83.534 82.841 83.089 82.419 82.496 82.439 82.704 83.009 83.129 83.296 83.709 83.591 83.519 83.509 83.089 83.031 82.959 82.889 82.789 82.706 82.694 82.754 82.776 82.806 82.804 82.801 89.374 90.446 90.614 89.516 85.521 83.241 83.106 83.176 83.206 84.526 86.799 86.341 84.651 82.674 90.266 91.084 90.256 88.779 85.666 85.389 84.264 82.834 82.464 82.391 82.394 82.809 82.894 83.116 82.791 82.864 82.901 83.209 83.199
80.411 80.624 80.931 81.226 81.569 81.891 82.264 82.561 82.801 82.916 82.941 83.449 83.596 82.609 82.456 82.376 87.046 82.296 82.484 82.729 82.956 83.106 83.234 83.331 83.136 83.381 82.864 82.846 82.824 83.719 82.991 82.564 82.586 82.629 82.646 82.671 82.666 82.684 84.001 83.651 88.319 89.121 83.384 83.246 82.861 82.831 83.609 85.844 86.546 86.976 82.681 82.596 90.914 91.981 91.561 91.096 90.921 90.254 88.924 85.954 85.406 84.171 83.141 82.429 82.729 82.711 82.711 82.736 82.804 82.931 82.981
80.441 80.584 80.816 81.164 81.496 81.811 82.079 82.434 82.766 82.864 82.896 83.961 82.439 83.666 86.301 91.261 92.079 82.886 82.301 82.546 82.739 82.801 82.891 82.859 82.971 82.844 83.711 82.696 82.716 83.331 83.066 82.421 82.464 82.506 82.519 82.519 82.534 82.494 82.674 83.016 82.636 84.289 82.786 83.041 82.826 82.804 82.961 82.561 84.044 85.644 82.556 84.896 91.561 91.929 92.281 92.384 92.006 91.584 91.239 90.694 90.181 89.331 86.204 82.349 84.456 83.321 82.599 82.604 82.639 82.811 82.824
80.386 80.516 80.711 81.036 81.326 81.581 81.841 82.079 82.336 82.564 82.784 82.566 82.264 91.204 92.024 92.766 92.364 89.969 82.294 82.564 82.526 82.586 82.599 82.589 82.539 83.906 86.366 86.009 85.519 84.096 82.304 82.294 82.341 82.369 82.386 82.404 82.411 82.384 82.379 82.394 82.406 82.411 83.246 83.366 82.856 83.159 82.446 82.476 82.511 82.516 82.454 85.144 91.234 91.009 90.939 91.386 91.831 92.279 92.396 92.029 91.551 91.159 88.016 84.426 89.304 86.484 85.686 85.109 83.491 82.914 82.704
80.286 80.879 80.599 80.864 81.116 81.364 81.551 81.711 81.909 82.129 82.306 82.639 82.504 92.416 92.391 92.566 92.384 91.381 85.029 82.224 82.364 82.376 82.439 82.529 82.689 85.626 86.769 87.144 86.869 85.651 82.174 82.174 82.216 82.231 82.274 82.309 82.321 82.321 82.319 82.321 82.314 82.239 82.294 82.699 82.806 82.806 82.341 82.366 82.391 82.386 82.346 82.379 82.401 82.434 84.549 90.541 90.506 90.969 91.369 91.821 92.291 91.161 84.601 89.409 91.441 90.971 90.536 89.441 86.811 85.679 84.711
80.229 80.336 80.494 80.686 80.921 81.141 81.331 81.464 81.584 81.731 81.849 82.419 82.441 83.406 91.081 92.011 92.844 91.916 90.901 82.241 82.241 82.419 82.586 82.824 82.591 82.816 85.394 85.959 86.381 83.829 82.014 82.041 82.086 82.359 82.151 82.221 82.266 82.259 82.259 82.269 82.251 82.164 82.144 82.389 83.079 82.176 82.186 82.239 82.269 82.274 82.286 82.306 82.334 82.346 83.301 82.384 82.396 85.341 89.719 90.771 92.299 90.531 82.356 91.271 92.629 92.311 91.834 91.494 90.991 90.799 89.534
80.149 80.201 80.304 80.446 80.674 80.824 81.019 81.179 81.309 81.399 81.464 81.446 82.436 82.331 87.076 91.456 92.494 92.466 91.421 86.329 82.376 82.341 82.251 82.294 82.984 82.656 83.621 82.156 83.156 82.229 83.074 81.926 81.956 82.994 82.041 82.159 82.259 82.281 82.259 82.221 82.156 82.104 82.091 82.084 82.076 82.069 82.061 82.061 82.086 82.154 82.209 82.399 82.254 82.894 82.729 82.326 82.329 82.736 82.891 82.809 82.704 86.986 84.731 91.556 92.099 92.024 92.456 92.654 92.316 91.851 91.429
79.964 80.066 80.161 80.241 80.371 80.506 80.659 80.831 81.064 81.174 81.244 81.259 82.534 82.376 82.274 90.919 91.974 92.851 91.956 90.934 82.341 82.334 82.451 82.154 82.051 82.319 84.084 81.859 82.211 81.746 82.476 81.691 81.736 82.064 81.949 82.284 83.141 82.274 82.294 82.271 82.251 82.199 82.104 82.041 82.029 82.014 82.011 82.006 82.014 82.021 82.026 82.049 82.104 82.159 82.201 82.571 82.259 83.669 82.309 83.529 82.419 82.336 82.611 83.731 91.441 90.686 91.346 91.571 92.009 92.444 92.636
79.859 79.961 79.999 80.051 80.071 80.176 80.301 80.484 80.694 80.934 81.089 81.189 81.239 82.389 82.359 85.599 91.419 92.446 92.494 91.469 85.524 82.224 82.141 81.949 81.794 81.696 81.701 82.111 81.686 81.744 81.721 81.711 82.269 81.671 82.309 81.736 81.729 81.846 81.819 83.381 82.906 82.606 82.864 82.349 82.126 81.991 81.969 81.961 81.974 81.971 81.979 81.981 81.981 82.059 83.386 82.901 82.139 82.214 82.466 82.429 82.829 82.501 82.586 83.459 82.601 82.824 83.524 90.241 90.819 91.176 91.566
79.796 79.746 79.861 79.839 79.909 79.946 79.994 80.504 80.266 80.526 80.819 81.054 81.171 81.686 82.344 82.966 90.876 91.901 92.831 92.009 91.814 82.114 81.831 81.686 81.599 81.589 82.859 81.556 82.309 81.511 81.536 81.594 81.674 81.689 82.919 81.704 81.654 81.539 81.589 84.406 84.424 82.076 82.119 83.711 83.161 82.136 82.079 81.996 81.941 81.934 81.931 81.936 81.934 81.946 81.961 81.984 81.996 82.031 82.126 82.276 82.544 82.314 82.399 83.461 82.474 82.531 82.589 82.631 82.774 85.706 89.311
79.804 79.729 79.661 79.634 79.694 79.689 79.741 79.829 79.931 80.061 80.306 80.644 80.961 81.081 82.519 83.539 85.854 91.384 92.389 92.656 92.559 87.309 81.826 81.481 81.469 81.554 81.851 82.274 81.661 81.369 81.394 81.431 81.461 81.421 81.461 81.701 85.994 90.809 86.961 82.429 82.904 81.679 81.686 81.796 81.896 81.964 82.014 82.081 82.096 82.059 81.984 81.914 81.896 81.909 81.916 81.936 81.961 81.976 82.006 83.214 83.101 82.581 82.264 82.304 82.339 82.409 82.511 82.554 82.591 82.641 82.674
79.764 79.716 79.649 79.571 79.524 79.459 79.521 79.511 79.589 79.731 79.866 80.286 80.414 80.911 81.764 82.394 82.361 92.486 92.644 91.851 91.049 83.106 81.249 81.229 81.366 81.534 81.306 81.229 81.201 81.211 81.234 81.276 81.569 81.271 81.284 81.086 90.031 91.139 91.546 90.446 83.109 81.491 81.581 81.699 81.724 81.771 81.816 81.966 82.006 82.874 82.041 82.076 82.034 81.934 81.884 81.891 81.909 81.936 81.956 81.974 82.004 82.044 82.524 82.144 82.201 82.271 82.386 82.471 82.524 82.581 82.636
79.859 79.711 79.621 79.534 79.479 79.434 79.384 79.324 79.386 79.384 79.466 79.619 79.784 80.326 80.859 81.639 81.116 89.339 91.106 85.641 82.554 81.136 81.011 81.044 81.189 81.526 81.316 81.561 81.076 81.066 81.094 81.124 81.246 82.099 81.236 80.976 90.404 91.496 91.184 90.066 81.736 81.556 81.836 82.061 81.586 81.824 81.771 81.826 82.171 82.154 82.634 81.984 82.006 82.014 82.061 82.019 81.954 81.924 81.929 81.956 81.969 82.004 82.029 82.066 82.111 82.161 82.294 82.394 82.466 82.529 82.601
79.551 79.601 79.669 79.556 79.439 79.389 79.346 79.296 79.239 79.194 79.264 79.259 79.319 79.546 80.011 80.481 80.884 81.049 81.421 81.194 83.794 81.004 80.949 89.689 88.429 83.974 81.136 81.141 81.026 80.999 80.991 81.296 81.781 81.706 81.104 84.571 90.779 91.746 90.804 88.101 81.541 81.564 81.531 81.486 81.419 82.456 82.041 87.601 82.696 81.866 82.826 81.914 81.899 81.956 82.004 82.104 82.411 82.054 82.076 82.091 82.026 81.994 82.014 82.041 82.079 82.121 82.206 82.324 82.391 82.456 82.521
79.411 79.384 79.371 79.419 79.501 79.409 79.306 79.249 79.189 79.131 79.086 79.049 79.121 79.121 79.209 79.519 79.929 80.429 80.784 81.789 83.174 83.321 86.984 90.786 90.429 90.061 89.699 89.234 81.159 81.131 81.604 81.139 81.036 81.054 81.066 90.026 91.136 91.536 90.446 83.394 81.544 81.509 81.451 81.284 81.244 81.546 86.116 91.161 90.794 89.729 88.204 84.466 81.824 81.889 81.921 82.466 81.964 82.006 83.076 83.601 83.234 82.536 82.141 82.094 82.054 82.221 82.669 82.286 82.336 82.394 82.451
79.281 79.234 79.206 79.199 79.196 79.244 79.346 79.246 79.129 79.069 79.039 78.996 78.951 78.901 79.021 78.999 79.101 79.429 79.876 80.354 82.434 82.941 90.034 90.711 91.074 91.129 90.796 90.466 89.826 89.791 89.031 83.644 81.404 81.011 81.474 92.121 93.159 91.441 90.074 81.634 81.566 81.454 81.294 81.056 81.071 81.514 89.759 91.679 91.496 91.054 90.664 90.149 89.834 87.504 84.039 81.869 81.864 81.859 81.886 82.049 82.276 82.199 82.404 82.284 82.226 82.234 82.266 82.416 82.314 82.359 82.411
79.156 79.094 79.066 79.044 79.029 79.021 79.014 79.099 79.126 79.044 78.951 78.904 78.886 78.846 78.806 78.806 78.896 78.866 79.049 79.389 79.874 80.979 88.851 89.596 89.974 90.326 90.711 91.164 90.866 90.809 90.444 90.079 89.709 88.224 88.391 92.569 93.321 92.314 84.384 81.656 81.591 81.374 81.101 80.876 80.886 81.851 90.156 90.639 91.089 91.549 91.786 91.486 91.039 90.599 90.159 91.549 88.296 81.994 81.749 81.894 82.024 81.994 82.264 85.799 86.609 83.056 82.846 82.329 82.344 82.351 82.404
79.109 79.031 78.939 78.881 78.871 78.856 78.846 78.831 78.906 78.946 78.991 78.849 78.794 78.759 78.734 78.699 78.669 78.734 78.766 78.766 79.024 79.546 79.909 79.964 81.156 86.986 89.586 89.804 90.316 90.711 91.046 91.139 90.806 90.434 92.744 93.566 93.236 92.831 81.809 81.606 81.619 81.029 80.764 80.671 81.259 83.079 85.884 88.754 89.786 90.426 90.691 91.109 91.546 91.779 91.499 91.554 89.186 81.811 82.239 81.759 82.176 81.874 81.866 88.069 89.184 89.831 88.741 85.499 82.474 82.439 82.439
