dsm/se3130_DSM_2M.asc
ncols 500
nrows 500
xllcorner    431000
yllcorner    430000
cellsize     2
NODATA_value -9999
[rows 192 to 223 of 500, columns 216 to 287 of 500]
46.235 46.4 46.045 45.897 45.329 45.33 45.281 45.43 46.607 49.516 50.463 51.042 51.565 51.303 51.965 52.19 52.219 48.298 45.212 44.816 50.164 51.559 51.658 51.99 52.176 52.23 52.006 52.071 51.853 53.013 51.629 51.624 46.615 45.453 44.712 44.774 44.789 44.885 44.727 44.703 44.67 44.671 44.56 44.507 44.368 44.325 44.306 44.3 44.274 44.25 44.199 44.212 44.92 45.181 43.957 43.838 43.778 43.845 44.408 44.308 45.668 47.378 44.963 46.562 49.809 51.905 52.78 53.864 53.705 53.821 53.784 46.717
46.375 46.464 46.108 46.476 45.578 45.421 45.434 45.481 48.4 51.981 52.2 52.525 52.93 53.213 53.656 53.436 53.528 49.92 45.4 46.077 50.448 51.991 53.06 51.674 51.402 51.371 51.12 50.798 50.803 50.733 50.229 49.086 45.369 45.806 45.249 44.858 44.841 44.761 44.789 44.729 44.717 44.603 44.579 44.506 44.466 44.56 44.48 44.511 44.471 44.459 44.372 44.323 44.477 44.185 43.988 43.891 43.917 43.896 45.646 46.257 44.833 49.325 50.962 52.302 53.116 53.17 53.843 54.014 53.4 53.133 52.875 50.683
46.385 46.425 46.496 46.057 45.757 45.544 45.594 45.626 45.943 52.866 52.958 52.843 53.313 53.379 53.849 53.165 52.631 52.384 45.722 46.208 49.942 50.834 50.335 50.353 49.334 47.414 46.241 46.391 45.362 45.641 44.904 44.815 44.801 44.83 44.903 44.821 44.825 44.817 44.862 44.77 44.707 44.665 44.669 44.712 44.798 44.775 44.71 44.65 44.58 44.51 44.395 44.389 44.323 44.249 44.093 43.961 43.945 44.275 48.099 45.125 51.055 52.226 52.743 53.476 53.782 53.881 53.461 52.9 52.388 51.908 51.084 46.295
46.575 46.475 46.267 46.3 46.135 45.724 45.689 45.712 46.02 51.747 51.862 51.57 51.894 51.857 51.588 51.466 50.575 48.344 46.171 45.331 47.491 46.516 46.231 48.403 45.652 45.682 45.161 45.04 44.935 45.751 44.983 44.977 44.844 45.222 44.974 44.876 44.87 44.864 44.918 44.793 44.704 44.81 44.84 44.897 44.912 44.855 44.88 44.758 44.639 44.548 44.595 44.557 44.479 44.413 44.228 44.043 44.031 44.128 45.414 52.381 52.976 53.817 54.015 53.823 53.511 53.156 52.511 51.753 51.204 47.208 46.597 44.615
46.303 46.166 46.362 46.686 46.213 45.889 45.894 45.92 46.604 49.612 48.978 48.295 49.061 46.695 46.964 46.601 45.853 45.852 46.379 45.31 45.172 44.886 44.911 45.461 45.132 45.104 45.111 45.05 45.058 45.686 45.061 44.991 45.546 46.162 45.267 44.963 44.951 44.955 44.926 44.84 44.908 45.015 44.982 44.924 44.955 44.916 44.868 44.792 44.751 44.708 44.694 44.625 44.634 44.601 44.446 44.152 44.031 44.013 44.445 50.812 53.848 53.921 53.559 52.571 52.114 51.522 47.79 45.685 44.942 45.492 45.163 44.661
46.282 46.184 46.768 46.474 46.379 46.021 46.023 45.998 46.118 45.777 46.075 47.384 45.788 45.745 45.667 46.158 46.719 45.808 46.185 45.737 45.276 45.28 44.933 45.484 45.307 45.396 45.409 45.894 45.803 45.451 45.372 45.154 45.174 45.581 45.006 45.039 45.014 44.997 44.985 45.02 45.164 45.224 45.147 45.052 44.989 45.08 45.066 45.005 44.991 44.915 44.877 44.819 44.891 44.804 44.676 44.28 44.018 44.003 44.116 45.649 52.87 52.521 52.019 51.406 47.722 45.347 44.904 44.689 44.651 45.138 44.565 44.664
46.339 46.471 46.775 46.768 46.534 46.208 46.124 46.089 46.2 46.175 46.014 47.785 46.026 45.865 45.854 45.818 45.793 45.813 45.752 45.6 45.685 46.462 45.888 45.77 45.783 45.643 45.566 45.488 45.348 45.24 45.238 45.145 45.143 45.114 45.068 45.063 45.137 45.044 45.034 45.13 45.302 45.401 45.273 45.391 45.619 45.254 45.163 45.441 45.372 45.327 45.038 44.987 44.945 45.002 45.011 44.407 44.142 44.138 44.17 44.464 49.829 51.551 48.054 45.132 44.548 46.206 46.276 44.618 44.595 44.944 44.686 45.359
46.639 46.716 46.794 47.039 46.55 46.245 46.208 46.184 46.105 46.387 46.184 46.151 46.504 46.1 46.374 46.032 46.812 46.015 45.798 45.701 45.718 45.593 45.597 45.536 45.508 45.443 45.383 45.407 45.388 45.327 45.3 45.242 45.244 45.204 45.232 45.178 45.209 45.181 45.116 45.252 45.47 45.504 45.637 45.918 47.675 46.358 47.747 45.795 46.055 46.177 45.625 45.2 45.211 45.166 45.181 44.704 44.264 44.204 44.226 44.317 44.509 44.436 44.407 44.799 44.838 45.139 46.067 44.635 44.623 44.63 44.61 44.467
46.846 46.849 46.994 46.98 46.518 46.306 46.334 46.271 46.186 46.197 46.221 46.217 46.104 46.091 46.023 45.931 46.996 46.388 45.76 45.771 45.684 45.684 45.668 45.616 45.561 45.542 45.542 45.531 45.48 45.391 45.375 45.374 45.292 45.325 45.292 45.295 45.274 45.173 45.215 45.33 45.502 45.572 46.364 47.661 49.08 51.669 51.013 51.936 50.742 50.7 49.714 48.985 45.962 46.417 45.674 44.959 44.482 44.448 44.385 44.383 44.357 44.476 44.525 45.509 45.127 44.818 44.816 44.935 44.671 44.985 45.517 44.783
47.055 46.797 46.596 46.631 46.455 46.456 46.38 46.343 46.322 46.266 46.142 46.194 46.185 46.146 46.039 46.021 46.003 45.933 45.913 45.84 45.822 45.735 45.736 45.697 45.644 45.573 45.597 45.554 45.5 45.507 45.463 45.426 45.383 45.403 45.407 45.383 45.385 45.289 45.319 45.415 45.506 45.634 51.277 52.6 53.265 52.365 52.525 52.414 53.686 52.314 50.32 51.445 48.775 46.758 46.94 45.755 45.333 46.076 46.311 45.038 46.166 44.521 44.606 44.578 45.008 44.68 44.637 44.951 45.037 45.075 44.712 45.092
46.702 46.617 46.616 46.558 46.522 46.518 46.476 46.427 46.371 46.361 46.288 46.219 46.201 46.147 46.139 46.078 45.997 45.922 45.846 45.845 45.791 45.763 45.732 45.624 45.633 45.592 45.61 45.547 45.545 45.545 45.546 45.516 45.428 45.525 45.504 45.419 45.412 45.342 45.394 45.473 45.539 45.707 51.443 53.198 53.912 53.974 53.881 53.817 53.563 52.523 49.809 49.478 49.195 46.332 45.671 45.705 45.736 45.719 45.705 45.68 46.113 45.729 45.963 47.133 48.857 46.047 45.965 45.416 45.196 47.719 45.78 44.843
46.701 46.692 46.609 46.621 46.56 46.523 46.495 46.435 46.398 46.34 46.329 46.247 46.332 46.325 46.043 45.974 45.936 45.856 45.869 45.812 45.816 45.749 45.844 45.762 45.783 45.959 46.182 45.7 45.655 45.515 45.509 45.637 45.589 45.543 45.508 45.566 45.492 45.456 45.474 45.554 45.647 45.608 50.551 53.107 54.999 54.594 53.221 52.85 52.952 52.318 49.331 49.659 49.31 46.037 45.688 45.698 45.677 45.712 45.711 45.683 45.659 45.647 45.698 50.506 51.726 47.059 45.249 45.312 45.185 49.029 52.171 47.139
46.709 46.65 46.617 46.571 46.483 46.515 46.499 46.389 46.384 46.345 46.229 46.633 46.566 46.246 46.07 46.085 46.165 46.046 46.129 46.157 46.138 45.947 46.589 46.665 46.396 46.573 46.509 46.635 46.551 45.929 45.625 45.55 45.594 45.616 45.607 45.603 45.506 45.472 45.567 45.681 45.682 45.659 50.69 53.177 55.081 54.36 52.653 51.782 51.807 51.727 49.243 49.549 49.13 45.718 45.703 45.71 45.706 45.726 45.685 45.678 45.63 45.655 45.733 51.733 53.232 50.495 45.193 45.142 45.138 49.01 53.258 53.369
46.614 46.592 46.593 46.532 46.558 46.536 46.416 46.336 46.364 46.4 46.387 46.635 46.684 46.967 46.333 46.626 47.436 47.082 46.783 47.12 46.527 46.16 46.243 46.83 46.491 46.492 46.534 46.544 46.57 46.515 45.767 45.644 45.654 45.697 45.745 45.686 45.634 45.583 45.675 45.712 45.701 45.933 51.788 53.479 55.005 53.97 52.782 51.671 49.394 48.957 48.894 48.889 48.962 46.322 45.701 45.698 45.694 45.665 45.646 45.642 46.278 46.06 45.617 50.59 52.369 48.399 45.171 45.098 46.209 47.024 48.784 52.695
46.696 46.666 47.117 46.705 47.306 47.217 47.058 46.873 46.508 47.033 47.453 47.212 47.29 47.199 46.695 46.691 46.902 47.174 46.847 46.85 46.717 46.425 47.113 46.52 47.076 46.481 46.5 46.508 46.54 46.496 46.586 46.026 45.711 45.768 45.748 45.809 45.67 45.633 45.709 45.797 45.81 47.681 52.042 53.772 54.884 53.903 52.706 51.515 47.145 47.209 46.531 46.23 46.214 45.566 45.951 45.641 45.746 45.723 45.906 45.682 45.914 46.147 49.997 48.183 50.926 48.398 45.158 45.161 48.454 50.057 48.747 49.031
47.433 46.931 47.351 47.478 47.375 47.361 47.318 46.979 46.785 47.38 47.384 47.56 48.666 47.178 47.058 47.021 50.752 50.532 51.48 51.187 51.567 48.212 48.545 46.943 46.674 46.496 46.491 46.46 46.424 46.465 46.493 46.861 45.904 45.867 45.921 45.912 45.77 45.735 45.762 45.83 45.89 47.453 52.144 53.006 53.363 53.52 52.329 45.782 45.699 45.7 45.904 45.623 45.574 45.511 45.537 45.566 45.552 45.549 45.552 45.587 45.829 51.448 54.502 54.53 46.543 45.246 45.053 45.123 49.318 50.743 51.221 49.265
47.487 47.16 47.195 47.44 47.547 48.007 47.451 47.391 47.092 50.188 50.168 51.993 52.425 51.687 48.127 47.068 53.42 53.38 53.718 53.947 53.855 48.709 48.706 46.96 46.564 46.552 46.463 46.48 46.437 46.448 46.499 46.373 45.948 45.877 45.937 45.944 45.876 45.848 45.958 45.902 45.944 46.016 51.643 51.815 52.151 51.801 50.919 47.765 45.757 45.696 45.663 45.613 45.589 45.557 45.518 45.523 45.539 45.583 45.596 45.588 45.727 54.052 54.886 56.208 53.039 49.855 45.228 45.121 45.157 45.057 45.047 45.707
48.004 47.606 49.516 51.839 51.452 52.398 52.703 50.867 47.276 51.567 53.967 54.175 54.143 54.48 48.444 47.149 54.549 54.708 54.965 54.795 54.334 49.263 48.607 47.421 47.093 47.098 46.531 46.482 46.478 46.443 46.46 46.648 46.009 46.036 46.022 46.008 45.907 45.938 45.992 46.039 45.978 46.009 48.915 48.975 49.194 49.423 48.7 48.454 46.571 45.699 45.662 45.643 45.634 45.603 45.564 45.533 45.542 45.514 45.593 45.595 48.491 54.261 55.007 57.851 58.098 50.829 46.052 45.193 45.178 45.082 45.023 45.013
53.35 49.492 47.737 54.342 54.456 55.179 54.902 51.228 47.304 52.515 54.967 54.879 54.961 54.763 50.983 47.011 52.552 53.933 53.626 53.66 53.229 48.045 47.106 46.654 48.535 49.179 49.218 47.03 46.502 46.474 46.506 46.365 46.107 46.102 46.156 46.076 45.978 45.991 46.059 46.031 46.063 45.908 45.995 45.881 46.774 46.742 46.599 46.448 46.455 45.685 45.686 45.705 45.678 45.613 45.577 45.53 45.554 45.554 45.584 45.604 46.313 52.429 55.493 57.395 57.364 55.347 46.112 45.192 45.153 45.078 45.029 45.053
55.525 49.452 47.823 55.293 55.405 56.83 55.162 54.669 47.472 52.257 54.181 54.073 53.667 53.71 50.254 47.053 51.128 52.512 52.238 51.158 49.703 47.607 48.057 48.331 47.251 48.043 47.204 46.64 46.56 46.569 46.541 46.283 46.21 46.164 46.182 46.091 46.055 46.018 46.112 46.132 46.107 47.696 47.263 48.142 47.763 46.781 48.16 45.818 45.748 45.755 45.758 45.737 45.75 45.696 45.624 45.564 45.627 45.613 45.617 45.627 46.717 48.219 51.205 53.928 51.427 46.312 45.194 45.25 45.184 45.109 45.085 45.097
55.171 49.866 47.766 54.287 54.224 53.974 53.942 53.587 47.821 47.476 51.49 52.124 49.65 48.8 48.104 47.112 48.961 50.482 50.463 50.322 47.141 47.111 47.293 48.735 49.563 49.569 49.246 49.123 46.764 46.595 46.605 46.832 46.227 46.243 46.289 46.143 46.119 46.123 46.186 46.933 46.496 46.236 49.007 49.03 48.978 48.982 48.512 45.927 45.772 45.757 45.781 45.82 46.861 49.977 46.964 49.022 45.711 45.638 45.687 45.707 45.894 48.551 52.537 53.535 50.496 45.428 45.292 45.839 45.394 45.196 45.089 45.122
53.93 48.947 47.692 51.154 52.712 51.189 51.373 51.155 49.165 47.831 49.925 49.605 48.615 47.211 47.451 47.081 48.808 50.003 48.436 47.222 47.129 47.134 46.933 49.224 50.699 50.584 50.702 50.164 46.86 46.69 46.678 46.758 46.346 46.401 46.355 46.298 46.176 46.36 50.047 47.511 47.698 47.521 48.306 48.119 49.044 49.073 46.998 47.25 47.271 46.315 47.307 47.634 47.572 47.934 51.494 52.669 49.498 49.807 46.968 48.194 49.992 50.909 49.735 51.052 50.096 47.496 46.032 45.597 45.344 45.542 45.255 45.294
48.503 49.161 47.77 50.062 51.124 50.415 48.522 48.068 48.074 47.991 47.467 47.503 48.644 47.285 47.331 47.195 47.271 49.211 48.264 47.139 47.196 47.144 47.186 50.321 51.399 52.292 51.375 48.675 46.812 46.784 46.769 47.115 46.421 46.407 46.436 46.314 46.313 51.027 52.565 52.692 50.731 46.718 46.943 47.252 47.978 47.418 47.237 47.302 48.325 48.747 48.283 47.004 47.035 48.002 51.26 53.404 52.753 47.684 52.776 53.504 54.137 53.537 49.442 52.021 55.565 53.862 51.225 50.403 51.282 48.315 47.517 45.714
47.857 47.806 48.694 49.509 50.705 49.025 47.71 47.706 49.132 47.564 47.545 47.549 48.481 47.35 48.205 47.29 47.616 47.237 47.29 47.156 47.135 47.163 47.407 50.238 51.522 52.554 51.454 48.738 46.976 46.887 47.541 46.625 46.48 46.546 46.483 46.46 46.443 48.647 53.846 51.446 48.31 47.451 47.216 49.491 52.269 51.468 48.696 49.203 48.058 48.032 48.042 47.011 47.123 47.771 52 49.009 51.823 48.613 54.881 53.83 53.194 53.788 49.24 53.3 56.064 55.002 54.366 54.877 54.883 52.542 50.956 50.801
47.891 47.847 48.081 48.785 50.183 48.547 47.751 49.594 49.703 47.666 48.026 47.576 47.949 47.644 47.429 47.81 48.285 47.346 47.276 47.171 47.134 47.163 47.22 50.078 51.512 52.517 51.222 49.954 48.338 46.976 48.856 47.451 46.556 46.567 46.588 46.454 46.538 46.601 49.408 46.818 48.366 50.906 48.558 51.635 52.462 53.315 52.313 51.588 52.06 49.251 48.854 51.01 51.87 49.986 51.918 50.003 49.391 52.896 48.003 49.067 47.227 48.341 48.974 50.925 53.985 54.366 54.473 55.567 55.696 52.405 50.937 51.26
47.904 47.827 47.784 47.75 47.849 48.35 47.77 49.671 49.65 47.796 47.94 47.588 48.787 49.318 49.287 48.945 48.247 47.429 47.453 47.382 47.245 47.678 47.254 50.372 51.849 52.065 51.293 48.642 47.4 48.989 51.024 48.18 46.654 46.686 46.662 46.554 46.664 46.669 49.368 49.191 51.989 52.794 47.532 51.222 50.892 52.752 52.913 49.82 50.31 50.897 51.55 48.077 51.443 52.222 46.414 47.512 51.08 50.093 50.37 48.746 48.102 50.075 50.011 49.639 50.516 52.765 52.903 53.615 53.533 52.061 49.245 49.784
47.915 47.908 48.268 49.895 49.818 48.834 47.867 49.278 49.706 50.118 48.129 48.657 48.793 49.829 49.866 49.167 49.453 47.499 47.74 47.368 48.028 48.434 47.335 50.693 50.837 51.133 50.869 47.785 47.144 47.773 51.15 47.921 46.732 46.827 46.716 46.651 46.696 46.764 48.332 51.999 50.943 50.45 47.211 49.901 50.635 51.637 47.284 48.064 48.557 48.974 48.197 51.106 50.438 48.832 50.674 47.552 48.977 48.682 49.73 49.621 48.477 50.313 46.746 48.307 46.247 48.085 49.145 48.677 49.75 47.146 49.537 48.661
47.992 47.942 48.048 50.754 48.644 48.248 48.154 48.843 49.683 49.965 49.255 48.883 48.94 49.869 49.959 49.221 48.897 47.971 48.621 48.571 49.598 48.903 48.579 48.032 47.99 49.266 48.144 47.455 47.119 47.128 47.736 46.847 46.866 46.868 46.84 46.771 46.843 46.998 46.559 51.986 46.068 50.478 48.524 47.803 44.752 47.648 48.255 47.738 44.081 47.34 47.947 48.493 46.729 43.724 42.677 44.546 43.195 46.01 44.113 43.572 47.531 44.344 44.631 45.413 47.13 46.887 45.306 47.228 48.515 45.056 48.029 48.206
48.98 48.017 47.921 50.281 50.392 48.58 47.939 47.9 48.711 49.862 49.348 49.576 47.783 48.673 49.74 48.353 48.539 47.438 49.03 49.652 49.654 49.658 49.65 47.992 47.25 47.204 47.19 47.173 47.159 47.126 47.005 46.9 46.929 46.926 46.95 46.861 46.89 46.298 44.541 50.615 49.102 50.435 44.919 43.854 41.596 41.402 45.935 43.051 41.035 42.125 42.54 40.972 42.359 41.063 41.31 41.248 41.037 41.364 41.984 41.095 41.107 40.699 40.805 40.882 41.153 41.336 40.956 40.821 45.206 46.524 47.966 42.458
48.575 48.018 48.42 49.933 49.246 48.773 48.216 47.951 48.805 49.725 49.248 47.866 48.361 47.666 48.189 47.485 48.146 47.823 48.471 49.35 49.056 48.99 48.832 47.658 47.716 44.278 47.301 48.158 47.866 46.964 47.229 46.984 46.963 47.004 46.949 46.952 47.048 42.824 41.005 40.846 43.047 40.736 40.87 40.668 40.651 40.676 40.64 40.576 40.538 40.569 40.546 40.466 40.42 40.482 40.388 40.359 40.408 40.349 40.361 40.286 40.319 40.286 40.241 40.274 40.239 40.242 40.295 40.289 42.838 40.287 40.287 40.316
43.323 43.49 43.739 43.896 43.548 42.407 43.634 42.253 43.625 42.421 43.528 41.348 42.696 41.366 42.018 41.31 41.176 41.899 41.149 41.101 41.172 41.082 41.012 41.022 41.02 41.017 40.965 40.925 40.925 40.854 45.403 47.056 47.066 47.063 47.02 46.966 47.009 41.645 40.634 40.612 40.598 40.542 40.536 40.572 40.504 40.458 40.469 40.452 40.427 40.416 40.392 40.402 40.347 40.337 40.31 40.267 40.24 40.253 40.195 40.232 40.216 40.181 40.134 40.125 40.122 40.126 40.052 40.067 40.071 40.042 40.025 40.017
41.627 41.589 41.575 41.521 41.498 41.446 41.446 41.416 41.373 41.367 41.327 41.374 41.322 41.316 41.235 41.232 41.144 41.201 41.082 41.089 41.093 41.074 41.084 41.003 41 40.994 40.968 40.936 40.94 41.025 47.224 47.138 47.144 47.147 47.079 47.105 46.026 43.077 40.678 40.667 40.591 40.593 40.557 40.56 40.512 40.488 40.546 40.452 40.451 40.411 40.407 40.359 40.303 40.384 40.312 40.297 40.295 40.266 40.277 40.244 40.231 40.154 40.145 40.18 40.146 40.143 40.158 40.098 40.057 40.033 40.024 40.047
