dsm/se3131_DSM_2M.asc
ncols 500
nrows 500
xllcorner    431000
yllcorner    431000
cellsize     2
NODATA_value -9999
[rows 192 to 223 of 500, columns 72 to 143 of 500]
37.662 37.064 35.947 33.151 32.418 32.432 32.383 32.484 32.268 37.862 37.566 37.91 37.923 37.197 31.41 31.152 31.146 31.297 31.891 32.036 31.851 31.382 31.026 30.931 30.961 30.879 30.829 30.864 30.825 30.882 32.413 31.573 33.97 34.411 34.638 34.841 34.948 35.225 35.4 35.551 35.454 35.059 37.849 37.339 36.514 30.68 29.686 29.186 29.083 29.064 29.079 29.123 29.157 29.195 29.203 29.253 33.474 35.399 30.246 28.958 28.864 28.842 28.829 28.79 29.342 28.837 28.293 28.052 32.018 33.562 31.973 31.646
35.97 36.103 33.86 32.629 32.338 35.8 38.127 35.626 32.444 35.808 39.047 39.882 35.935 40.858 37.643 32.53 31.149 31.218 31.546 31.323 31.22 31.033 30.978 30.958 30.88 30.894 30.918 30.888 30.803 30.843 33.653 34.632 34.912 35.065 35.26 35.455 35.549 35.786 35.851 36.194 36.349 34.583 37.859 37.448 36.896 31.253 29.717 29.283 29.074 29.019 29.026 29.061 29.11 29.16 29.263 31.13 35.614 35.112 31.462 28.983 28.929 28.846 28.802 28.816 28.827 28.857 28.498 28.02 29.347 31.096 31.89 30.98
33.663 33.01 32.751 34.049 33.959 40.161 42.094 34.414 34.455 33.546 37.206 37.851 42.001 41.924 41.446 37.051 31.243 31.11 31.093 31.102 31.075 31.036 31.012 30.941 30.925 30.952 30.905 30.851 30.799 30.815 31.721 35.296 35.532 35.567 35.824 36.111 36.218 36.362 36.54 36.729 36.858 34.737 34.554 37.562 37.01 32.326 29.688 29.377 29.143 29.05 28.99 29.023 29.105 29.117 29.25 34.578 36.056 33.512 35.023 29.034 28.926 28.859 28.768 28.828 28.776 28.868 28.692 28.176 28.004 30.893 31.547 31.102
34.628 32.582 32.014 32.734 32.972 41.084 40.801 37.034 37.918 32.344 36.648 40.454 41.408 40.958 40.466 32.149 31.18 31.183 31.139 31.088 31.127 31.072 31.019 31.034 31.03 30.99 30.916 30.847 30.775 30.761 30.918 35.983 36.007 36.255 36.427 36.556 36.892 36.986 37.183 37.18 34.733 34.317 34.631 37.884 33.283 31.389 29.369 29.312 29.1 29.033 28.919 29.009 29.03 29.099 29.109 29.093 29.909 30.78 29.032 28.985 28.889 28.858 28.814 28.767 28.75 28.733 28.708 28.286 28.028 30.646 31.314 31.675
34.428 35.054 33.139 31.96 34.667 32.71 34.989 33.92 34.396 35.42 33.776 36.306 40.945 40.368 39.011 32.147 31.143 31.154 31.191 31.107 31.093 31.036 31.093 31.069 31.162 31.029 30.929 30.865 30.782 30.768 30.788 35.402 36.556 36.924 37.058 37.177 36.467 34.754 34.178 33.817 35.301 35.248 35.753 35.449 30.438 29.836 29.683 29.732 29.192 29.002 28.901 28.961 28.963 29.041 29.057 29.078 29.146 29.312 29.112 29.035 28.839 28.806 28.744 28.718 28.732 28.696 28.611 28.347 28.071 29.938 30.959 31.845
33.131 34.081 33.824 32.333 31.891 34.202 33.958 37.629 41.232 40.883 39.971 40.484 40.477 38.765 32.227 31.15 31.201 31.193 31.224 31.179 31.075 31.113 31.099 31.487 31.643 31.283 31.007 30.901 30.817 30.713 30.803 32.072 37.095 36.553 34.811 34.147 34.942 35.355 35.143 35.671 35.38 35.202 34.991 34.922 30.849 29.486 29.699 29.718 29.199 28.971 29.933 29.262 28.932 28.976 29.033 29.05 29.149 29.748 29.158 29.011 28.823 28.731 28.736 28.692 28.699 28.659 28.688 28.474 28.066 27.96 30.711 31.632
32.969 32.883 34.426 33.128 33.813 33.658 38.39 40.241 41.834 40.174 36.691 33.91 39.812 33.394 31.493 31.271 31.228 31.269 31.187 31.122 31.092 31.132 31.608 32.009 32.066 31.717 31.103 30.882 30.787 30.676 30.733 31.415 34.018 32.285 35.505 35.475 35.493 35.341 35.193 35.017 34.709 34.621 34.433 34.266 33.581 29.896 29.763 29.67 29.242 29.06 30.958 30.547 28.921 28.922 29 29.03 28.98 29.472 29.12 28.926 28.797 28.662 28.653 28.657 28.629 28.588 28.536 28.553 28.152 27.976 30.649 31.361
32.347 32.724 33.466 33.278 32.402 32.358 37.701 39.618 40.103 40.462 34.386 34.648 34.295 32.958 31.556 31.226 31.246 31.23 31.228 31.188 31.38 31.677 31.975 32.145 32.052 31.88 31.306 30.919 30.79 30.687 30.676 30.758 31.05 30.777 33.999 35.118 34.932 34.675 34.522 34.385 34.228 33.983 33.795 34.752 35.886 33.827 30.253 29.256 29.127 29.024 28.979 29.066 28.824 28.881 28.893 28.926 28.926 29.09 29.172 30.527 28.864 28.578 28.616 28.577 28.593 28.549 28.533 28.541 28.244 27.941 29.746 31.013
32.125 32.211 32.799 32.602 32.651 32.382 33.081 38.085 39.121 38.337 36.828 36.027 34.127 33.156 31.514 31.308 31.306 31.214 31.224 31.556 31.918 32.059 32.137 32.112 31.974 31.987 31.567 30.947 30.787 30.675 30.654 30.712 31.31 31.43 31.359 34.445 34.293 34.162 33.867 31.326 31.189 30.202 29.76 33.999 36.55 36.216 31.754 29.178 29.063 29.024 28.952 28.95 28.832 28.837 28.842 28.878 28.85 28.881 32.863 35.648 36.925 34.031 29.225 28.531 28.509 28.476 28.455 28.406 28.252 27.992 27.894 30.809
32.082 32.102 32.037 32.436 32.554 32.731 33.83 37.933 33.707 36.431 35.04 32.724 32.37 31.504 31.331 31.305 31.337 31.279 31.347 31.858 32.152 32.196 32.14 32.074 31.938 31.971 31.594 30.902 30.758 30.667 30.604 30.651 32.589 31.727 30.561 33.853 31.406 31.167 30.05 29.995 29.763 29.609 29.51 33.228 35.539 34.71 29.704 29.26 29.228 29.245 29.212 29.076 28.772 28.77 28.787 28.786 28.802 33.683 37.023 37.767 38.079 37.248 31.257 28.421 28.462 28.461 28.431 28.323 28.277 27.976 27.816 30.046
32.045 31.986 32.012 32.064 32.378 32.44 32.35 33.77 32.759 32.868 31.586 31.679 31.433 31.392 31.394 31.294 31.314 31.375 31.81 32.19 32.413 32.847 32.083 31.986 31.922 31.946 31.617 30.851 30.725 30.663 30.594 30.561 31.382 31.825 30.46 30.147 30.047 29.893 29.846 29.884 31.001 34.275 31.275 30.754 30.121 29.881 29.462 29.478 29.584 29.649 29.33 29.072 28.75 28.663 28.675 28.767 28.714 32.482 37.611 37.885 39.192 37.675 32.386 28.358 28.402 28.363 28.317 28.26 28.292 28.042 27.835 29.686
35.652 32.034 31.944 31.939 31.929 32.254 32.195 32.055 32.493 35.409 31.712 31.461 31.4 31.43 31.413 31.333 31.401 31.77 32.194 32.352 32.302 35.562 34.657 32.745 31.989 31.915 31.613 30.777 30.678 30.643 30.535 30.463 31.229 30.681 30.095 29.972 29.905 29.79 29.755 34.625 38.231 40.351 37.901 35.193 29.498 29.48 29.512 29.539 29.528 29.475 29.267 29.036 28.724 28.65 28.66 28.701 28.64 32.538 37.076 33.468 37.959 37.988 36.486 28.545 28.323 28.294 28.276 28.198 28.236 28.115 27.914 29.208
33.533 31.976 32.306 31.892 31.852 31.829 31.815 31.774 31.694 31.631 31.542 31.378 31.423 31.427 31.415 31.368 31.538 31.991 32.269 34.802 32.253 38.491 38.365 37.634 32.492 31.781 31.424 30.734 30.636 30.589 30.503 30.45 30.447 30.302 30.05 29.985 30.166 30.411 30.526 39.868 40.285 40.652 39.659 35.597 29.627 29.48 29.467 29.422 29.35 29.317 29.195 29.069 30.29 28.713 28.574 28.635 28.615 29.161 35.027 37.433 38.343 34.957 38.083 36.092 29.545 28.199 28.13 28.097 28.052 28.053 27.923 27.829
30.952 31.79 31.462 31.831 31.773 31.778 31.758 31.784 31.68 31.658 31.539 31.415 31.451 31.497 31.442 31.467 31.556 32.353 34.444 38.967 35.636 38.526 37.782 37.858 32.435 31.571 31.123 30.696 30.603 30.549 30.514 30.475 30.457 31.506 30.764 31.001 32.913 31.996 37.204 39.658 39.692 39.82 38.586 32.84 29.617 29.5 29.518 29.436 29.357 29.282 29.251 31.628 32.51 32.348 29.295 28.578 28.559 29.427 34.689 35.832 39.055 36.944 33.241 34.224 29.066 28.122 28.094 28.054 27.973 27.999 27.92 27.828
30.9 30.849 31.5 32.999 31.813 31.802 31.761 31.778 33.157 31.669 31.615 31.488 31.498 31.469 31.5 31.55 31.751 32.231 32.394 33.813 37.009 37.435 36.461 33.918 32.218 31.396 30.872 30.613 30.583 30.527 30.448 30.526 31.573 32.177 30.815 30.925 34.36 30.461 31.709 36.192 38.723 38.292 32.856 30.534 29.566 29.537 29.534 29.506 29.385 29.508 29.55 31.48 32.073 32.215 29.214 28.493 28.491 28.464 32.743 34.73 36.406 37.261 36.325 30.693 28.487 28.06 28.054 27.944 27.893 29.115 28.97 30.959
30.876 30.901 30.957 30.985 31.226 33.671 32.2 31.616 31.395 31.613 31.57 31.518 31.487 31.475 31.505 31.516 31.69 31.896 32.259 32.179 32.078 35.237 32.875 31.787 31.456 30.872 30.697 30.621 30.562 30.487 30.425 30.439 30.902 31.453 30.21 30.143 30.086 30.063 29.969 34.39 36.762 35.382 31.507 29.702 29.628 29.648 31.284 29.696 29.517 29.625 29.662 30.881 31.588 29.426 28.771 28.454 28.443 28.46 30.294 34.09 32.859 34.692 33.005 28.41 28.026 27.969 27.962 27.88 27.881 31.803 31.973 32.128
30.971 30.934 30.992 31.014 31.054 31.17 31.425 32.533 32.1 31.5 32.864 31.566 31.524 31.455 31.464 31.552 31.517 31.369 31.705 31.934 32.062 31.988 31.566 31.366 30.851 30.688 30.631 30.604 30.541 30.469 30.415 30.411 30.335 30.408 30.2 30.148 30.93 31.018 34.115 34.986 35.002 34.93 34.487 29.804 31.56 33.116 33.458 31.544 29.464 29.617 29.681 30.631 29.142 28.521 28.437 28.395 28.403 28.346 28.365 28.855 29.178 29.289 29.323 28.194 27.918 27.864 27.883 27.8 30.699 31.983 32.616 33.229
33.69 31.047 31.023 31.059 31.161 31.271 32.798 31.968 32.632 31.563 31.931 32.028 32.357 31.563 31.454 31.538 31.435 31.332 31.209 31.268 31.384 31.263 31.231 30.804 30.689 30.648 30.618 30.583 30.537 30.446 30.396 30.348 30.32 30.25 30.193 30.701 32.006 31.188 33.822 34.941 34.938 34.929 35.032 30.063 33.36 35.085 33.276 32.535 29.474 29.52 29.581 30.384 29.927 28.56 28.397 28.395 28.341 28.344 28.327 28.287 28.452 32.435 33.379 32.637 28.742 27.84 27.775 27.758 30.732 31.951 33.357 33.013
32.049 31.034 31.09 31.183 31.28 31.289 31.39 31.473 31.537 31.564 31.539 31.486 31.961 31.746 31.509 31.664 31.348 31.25 31.13 31.036 30.959 30.89 30.792 30.701 30.663 30.639 30.61 30.54 30.503 30.43 30.335 30.361 30.335 30.268 32.782 33.918 33.991 34.927 35.243 34.963 35.092 34.96 34.938 34.653 34.81 34.936 33.461 33.326 29.835 29.476 29.57 29.801 31.524 30.974 28.4 28.35 28.307 28.3 28.252 28.213 31.011 33.419 35.191 34.824 30.702 27.874 27.719 27.671 28.403 31.782 30.198 32.79
31.085 31.073 31.192 31.27 31.327 31.423 31.51 31.59 31.593 31.583 31.509 31.516 31.499 31.505 31.488 32.207 31.419 31.197 31.093 30.99 30.919 30.828 30.806 30.708 30.621 30.604 30.587 30.519 30.496 30.38 30.379 30.38 30.296 30.224 31.355 34.912 35.175 35.233 34.953 35.029 35.293 35.075 34.979 35.002 32.098 34.929 33.545 33.229 30.82 29.449 29.545 29.534 32.11 32.801 29.1 28.276 28.265 28.27 28.186 28.17 30.524 33.835 36.7 35.463 31.814 28.096 27.639 27.583 27.512 28.002 29.387 28.817
32.271 31.186 31.265 31.365 31.465 31.544 31.587 31.612 31.567 31.547 31.557 31.511 31.505 31.422 31.423 31.406 31.576 31.204 31.017 30.941 30.887 30.808 30.765 30.677 30.615 30.581 30.558 30.532 30.447 30.42 30.387 30.375 30.242 30.234 30.645 34.997 34.98 35.327 34.982 35.006 35.204 35.202 34.996 34.159 33.64 34.945 33.826 33.269 30.586 29.344 29.445 29.483 30.663 31.615 29.285 28.375 28.21 28.206 28.185 28.145 28.077 31.635 33.46 31.082 31.743 27.733 27.576 27.511 27.437 28.157 27.322 27.349
32.521 32.035 31.365 31.483 31.529 31.645 31.636 31.615 31.57 31.584 31.493 31.502 31.468 31.423 31.385 31.34 31.251 32.72 31.045 30.909 30.823 30.783 30.699 30.659 30.643 30.569 30.528 30.507 30.455 30.461 30.437 30.386 30.219 30.186 30.175 34.094 34.978 35.15 35.021 34.966 34.178 34.516 34.949 34.986 34.976 34.938 34.403 33.306 31.425 29.421 29.305 30.611 32.752 33.786 31.374 28.261 28.173 28.147 28.112 28.06 28.072 30.003 29.402 29.3 33.232 27.773 27.51 27.434 27.351 27.314 27.238 27.193
37.943 32.92 31.98 31.588 31.653 31.65 31.653 31.629 31.558 31.525 31.516 31.476 31.492 31.435 31.377 31.274 31.57 31.628 31.407 31.41 30.764 30.737 30.678 30.666 30.578 30.546 30.479 30.455 30.465 30.516 30.472 30.359 30.221 30.116 30.067 32.048 34.994 35.106 35.047 34.958 34.994 34.965 34.864 34.917 35.127 35.199 35.099 33.534 33.135 29.605 29.135 30.071 32.918 33.208 28.704 28.163 28.154 28.121 28.067 28.027 27.984 29.699 33.711 33.789 33.794 27.735 27.496 27.343 27.314 27.224 27.151 27.123
38.737 37.477 33.367 31.76 31.652 31.624 31.61 31.591 31.57 31.531 31.523 31.488 31.425 31.406 31.538 31.237 31.116 31.023 31.021 31.364 30.738 30.691 30.651 30.65 30.582 30.5 30.482 30.474 30.507 30.468 30.451 30.326 30.189 30.074 30.195 30.962 34.923 35.091 35.058 34.954 34.996 35.243 34.599 34.9 35.156 35.024 34.937 33.778 35.137 29.524 29.022 29.593 31.812 30.658 28.178 28.133 28.117 28.084 28.052 27.998 27.917 27.961 30.487 30.853 29.611 27.603 27.485 27.306 27.214 27.128 27.038 27.04
38.796 38.794 37.056 32.01 31.696 31.66 31.643 31.628 31.595 31.557 31.473 31.458 31.4 31.351 32.265 32.082 31.648 31.942 31.038 31.77 30.837 30.676 30.612 30.6 30.584 30.542 30.478 30.445 30.445 30.398 30.37 30.261 30.109 30.012 29.996 34.067 35.03 34.958 34.979 34.983 35.039 34.88 34.973 35 34.972 34.906 34.936 34.892 34.887 31.841 28.87 29.556 30.087 29.99 28.574 28.086 28.063 28.045 28.008 27.958 27.883 27.898 27.865 27.806 27.691 27.512 27.369 27.288 27.181 27.119 27.058 27.018
38.834 38.751 38.828 34.787 31.781 31.689 31.646 31.637 31.598 31.549 31.521 31.411 31.373 31.299 31.236 32.158 31.263 31.405 31.011 31.188 31.138 30.678 30.65 30.647 30.623 30.558 30.46 30.437 30.395 30.37 30.288 30.188 30.087 29.966 29.978 30.068 34.96 35.239 34.97 34.966 34.26 34.626 35.007 34.954 34.994 34.932 34.974 35.144 35.053 31.857 28.831 28.74 29.903 31.083 28.958 28.076 28.051 28.049 27.991 27.928 27.901 27.818 27.701 27.676 27.506 27.392 27.339 27.234 27.214 27.282 27.407 28.254
38.838 38.769 38.801 38.773 36.56 31.818 31.645 31.634 31.604 31.566 31.534 31.441 31.401 31.261 31.188 31.099 31.03 31.103 30.868 30.778 31.272 30.698 30.65 30.644 30.628 30.569 30.458 30.368 30.328 30.289 30.276 30.225 30.099 30.011 29.907 29.906 31.495 35.93 36.556 35.798 34.616 35.001 34.927 35.164 35.122 35.136 35.236 35.122 33.644 34.884 29.488 28.565 28.921 31.705 32.456 28.184 28.044 28.042 27.956 27.928 27.847 27.738 27.637 27.54 27.467 27.415 27.392 27.335 28.722 28.862 28.908 29.786
38.869 38.843 38.779 38.839 38.7 33.23 31.722 31.677 31.626 31.577 31.532 31.415 31.368 31.257 31.184 31.078 31.002 30.978 31.384 31.462 32.13 30.704 30.624 30.594 30.607 30.514 30.443 30.363 30.27 30.3 30.242 30.183 30.064 29.936 29.842 29.797 30.07 34.389 37.124 37.082 36.412 35.165 35.032 35.06 34.968 35 34.93 34.912 34.912 34.675 29.428 28.466 28.747 31.013 32.565 29.184 28.033 28.014 27.976 27.908 27.785 27.718 27.646 27.572 27.511 27.456 27.44 27.423 28.444 29.771 30.379 29.597
38.941 38.893 38.86 38.769 38.78 38.684 33.356 31.896 31.666 31.586 31.531 31.43 31.319 31.224 31.148 31.72 31.145 31.749 31.248 31.831 31.659 31.28 30.568 30.528 30.536 30.475 30.41 30.336 30.269 30.253 30.207 30.122 30.045 29.914 29.771 29.75 30.073 34.029 35.652 36.464 36.401 35.373 35.212 34.946 35.02 35.259 35.448 33.768 30.723 30.926 28.79 28.345 28.39 29.308 30.07 28.417 28.097 28.029 27.983 27.904 27.792 27.781 27.692 27.649 27.635 27.542 27.5 27.487 27.526 32.052 30.454 29.903
38.984 38.933 38.882 38.864 38.813 38.771 37.787 33.867 31.814 31.576 31.492 31.367 31.264 31.179 31.094 32.748 32.996 30.881 30.73 30.685 30.91 31.242 30.547 30.508 30.466 30.421 30.414 30.34 30.256 30.217 30.19 30.107 30.023 29.876 29.785 29.644 29.611 31.521 33.83 32.652 31.607 35.242 34.404 35.335 30.974 29.105 29.059 29.089 28.887 29.033 29.318 28.503 28.252 28.201 28.182 28.149 28.104 28.007 27.956 27.92 27.886 27.815 27.741 27.703 27.653 27.583 27.641 27.553 27.546 31.105 28.579 27.481
39 38.992 38.924 38.89 38.807 38.784 38.782 37.749 35.157 31.623 31.44 31.362 31.235 31.14 31.039 31.427 32.952 32.92 30.796 30.589 30.891 32.473 30.584 30.477 30.428 30.379 30.349 30.331 30.266 30.19 30.165 30.048 29.953 29.852 29.803 29.687 29.523 29.451 29.672 29.798 29.249 29.117 29.099 29.026 29.025 28.768 28.74 28.593 28.555 28.485 28.351 28.358 28.277 28.24 28.177 28.129 28.131 28.065 28.022 27.936 27.837 27.809 27.748 27.763 27.69 29.58 28.563 28.573 28.397 28.565 27.529 27.392
39.046 39.003 38.965 38.924 38.888 38.814 38.797 38.772 37.797 36.841 31.566 31.316 31.242 31.103 31.017 30.975 30.843 33.303 31.02 30.556 30.575 30.698 31.164 30.363 30.387 30.401 30.355 30.295 30.258 30.161 30.088 30.04 29.943 29.855 29.811 29.683 29.528 29.429 29.321 29.246 29.135 29.032 28.954 28.904 28.826 29.776 28.733 29.091 29.94 30.446 29.557 29.975 28.317 28.237 28.231 28.189 28.102 28.103 28.037 27.956 27.906 27.862 27.822 27.805 27.741 31.51 31.438 29.779 28.423 27.724 27.432 27.332
