dsm/se3136_DSM_2M.asc
ncols 500
nrows 500
xllcorner    431000
yllcorner    436000
cellsize     2
NODATA_value -9999
[rows 31 to 61 of 500, columns 142 to 212 of 500]
79.916 82.329 84.744 85.431 79.849 79.839 79.756 78.531 78.341 78.166 79.146 78.834 77.511 79.534 79.006 80.706 76.254 75.404 74.836 74.631 75.714 76.464 75.474 73.441 73.336 73.309 79.279 81.091 81.824 82.094 80.664 79.701 77.546 72.799 72.739 72.316 73.614 74.026 70.426 70.346 70.234 70.186 70.206 70.154 70.131 70.354 72.079 70.384 70.396 69.399 68.676 67.311 67.304 67.976 68.119 69.036 72.611 70.619 71.596 72.741 73.751 74.921 76.376 77.299 77.626 78.494 79.824 80.639 81.431 82.086 82.736
80.661 80.621 80.991 79.361 79.781 79.854 78.544 78.361 77.946 77.784 77.651 77.901 77.866 80.851 82.751 82.651 76.069 74.849 74.724 74.624 74.576 74.454 74.059 73.829 73.401 73.324 74.301 81.871 81.514 82.369 81.754 80.179 80.031 72.591 72.521 72.369 72.154 73.841 70.606 70.386 70.224 70.169 70.174 70.151 70.116 71.596 70.379 70.304 70.401 69.616 68.809 67.584 68.721 67.844 68.014 68.741 69.324 70.079 71.021 72.066 73.109 74.974 78.814 77.006 77.511 77.914 79.001 80.304 80.979 81.686 82.281
81.974 80.454 80.231 81.641 81.041 81.156 78.526 78.474 77.876 77.831 77.699 77.469 77.079 77.611 78.916 79.479 75.681 75.044 74.706 74.574 74.471 74.271 74.101 73.856 73.429 73.739 73.339 79.496 80.739 81.941 81.841 80.621 79.514 74.224 72.946 72.331 72.169 72.001 70.666 70.341 70.219 70.149 70.151 70.156 70.096 70.124 70.294 70.279 70.309 69.899 68.834 68.536 82.271 77.786 67.939 72.541 68.909 69.554 70.349 71.274 72.491 73.584 75.266 75.904 77.121 77.601 78.386 79.974 80.674 81.344 81.994
87.969 85.044 80.086 80.564 81.246 81.246 78.974 78.466 77.869 77.764 77.606 77.256 76.844 76.844 77.229 76.934 75.801 75.186 74.686 74.571 74.486 74.331 74.101 74.126 74.671 74.006 73.626 77.616 80.236 81.456 81.534 81.009 79.864 75.586 72.374 71.911 71.184 70.816 70.554 70.341 70.196 70.144 70.129 70.151 70.116 70.054 70.191 70.274 70.221 70.124 69.071 68.289 74.089 80.704 67.914 68.051 68.534 69.076 69.704 71.661 79.866 73.176 74.094 75.179 76.554 77.364 77.801 80.299 80.324 81.004 81.721
87.439 80.481 79.876 81.859 82.011 81.949 79.126 78.314 77.811 77.719 77.484 77.026 76.766 76.826 76.656 78.649 75.841 75.854 74.739 74.746 75.356 76.101 74.696 73.759 74.474 73.516 73.281 73.139 79.749 80.774 80.331 79.844 78.581 75.029 71.926 71.639 71.584 71.644 70.704 70.384 70.266 70.181 70.109 70.126 70.111 70.026 70.106 70.176 70.216 70.209 69.306 68.286 67.264 78.576 67.811 67.954 68.211 68.606 69.139 87.154 77.896 72.379 73.444 74.709 76.019 77.101 77.374 78.894 79.941 80.636 81.404
86.054 81.484 79.879 79.676 80.456 80.694 79.834 79.366 77.946 77.681 77.406 76.951 76.746 76.769 77.286 77.514 75.974 75.874 75.144 75.579 74.654 74.546 74.896 73.751 73.629 73.539 73.384 73.011 79.264 79.561 78.364 72.726 72.426 72.251 73.086 71.914 71.449 71.144 70.846 71.034 70.344 70.329 70.181 70.091 70.111 70.046 71.571 70.141 71.269 70.191 69.736 68.546 67.234 68.436 67.571 67.931 68.016 68.206 68.716 71.744 75.971 71.841 73.059 74.234 75.576 76.694 76.926 78.816 79.496 80.219 84.149
82.861 81.464 80.041 79.526 79.314 79.074 78.949 80.476 81.649 78.101 77.469 77.136 76.926 77.816 77.031 76.451 77.789 76.934 77.036 74.604 74.441 74.331 74.284 73.731 73.589 73.459 73.146 72.954 73.996 73.639 73.879 73.169 74.284 72.114 72.019 71.849 71.671 71.861 71.719 71.801 70.364 70.371 70.284 70.051 70.059 70.711 70.676 70.074 71.976 70.166 70.024 68.939 78.461 67.299 67.699 67.951 67.946 68.031 68.374 69.041 70.101 71.944 72.381 80.654 74.989 76.211 76.559 77.816 79.066 79.829 82.116
81.686 81.514 79.801 79.426 79.216 79.201 78.929 78.431 81.139 80.709 77.601 77.286 77.001 76.806 77.131 79.496 77.156 75.641 74.721 74.554 74.444 74.326 74.171 73.614 73.764 75.636 75.951 72.921 73.201 72.796 74.066 73.666 74.934 75.751 78.101 72.576 72.021 71.906 71.789 71.764 70.621 70.339 70.316 70.076 70.201 70.031 70.036 70.701 70.059 70.109 70.124 69.311 82.069 78.564 68.531 67.844 67.886 67.916 68.036 68.611 69.559 70.581 71.744 73.314 74.409 75.629 76.286 77.091 78.551 79.399 80.219
81.176 81.506 81.691 79.939 79.151 78.826 78.541 78.296 78.051 81.636 77.656 77.391 79.476 79.646 77.719 76.856 75.974 75.784 74.946 74.529 74.451 74.309 74.264 74.766 76.366 76.901 76.481 73.361 72.974 73.709 73.489 77.514 78.426 78.939 78.751 75.981 72.029 71.941 71.814 71.669 71.834 70.289 70.321 70.176 69.996 69.986 69.956 69.901 70.014 70.099 70.074 69.714 67.964 68.039 67.709 67.886 67.774 67.824 67.939 68.361 69.154 69.926 71.194 72.361 73.781 75.141 76.079 76.584 77.976 78.944 79.664
81.081 80.711 80.106 80.431 80.329 80.449 79.016 78.276 78.799 79.041 79.304 78.791 76.994 76.711 76.446 76.199 76.034 75.859 75.316 74.571 74.494 74.379 74.914 74.439 76.019 77.176 76.774 75.441 72.896 74.081 75.084 78.509 79.676 80.271 79.269 77.911 72.109 71.956 71.981 71.876 71.621 70.346 70.311 70.214 71.006 69.976 69.956 69.909 69.944 70.054 70.084 69.961 68.771 67.109 68.626 67.776 67.766 67.789 67.929 68.291 69.019 70.011 70.579 71.731 73.204 74.594 75.739 76.009 77.296 78.586 79.284
82.039 80.364 80.169 80.001 79.969 79.666 78.939 78.539 78.031 77.969 81.314 79.564 77.036 76.756 76.521 76.269 76.091 75.914 75.609 74.659 74.641 74.601 74.834 75.511 75.534 76.031 74.741 72.866 72.911 73.949 73.486 77.971 79.311 80.606 80.146 78.446 72.651 73.016 71.891 71.791 71.644 70.916 70.284 72.114 69.994 69.951 69.951 69.896 69.866 69.986 70.084 70.014 69.041 67.096 67.191 67.544 67.741 67.731 68.026 68.306 68.921 69.581 70.226 71.339 72.709 74.056 75.314 75.621 76.581 81.501 79.239
83.414 81.024 80.219 80.044 79.819 79.269 78.804 79.236 78.486 79.894 81.569 79.946 77.239 76.816 76.609 76.341 76.144 76.251 75.839 75.309 74.916 74.326 74.259 74.011 73.419 73.084 73.196 73.169 73.156 72.651 72.304 75.584 78.754 80.609 80.319 78.974 76.981 72.906 72.001 71.801 72.601 71.321 70.239 70.084 69.961 69.921 69.926 69.896 69.841 71.204 70.166 70.026 69.646 67.824 72.586 67.301 67.664 67.729 68.109 68.316 68.749 69.369 69.976 70.984 72.266 73.536 74.771 75.454 76.029 77.256 82.584
82.679 82.304 80.576 80.934 79.466 79.181 78.894 78.584 78.336 78.501 80.159 88.874 85.964 76.871 76.629 76.346 76.199 76.191 75.994 75.429 75.196 74.449 73.614 73.494 73.334 73.219 73.149 73.139 73.119 72.896 72.809 72.546 78.266 79.596 80.494 79.501 78.364 72.939 72.159 71.706 70.806 70.534 70.266 70.091 69.959 69.911 69.899 69.901 69.856 71.746 70.006 70.011 69.929 68.921 67.019 67.129 67.534 67.679 67.994 68.351 68.731 69.194 69.794 70.536 71.766 72.919 74.149 75.286 75.576 76.634 77.771
81.444 81.079 81.701 81.956 79.549 79.254 78.971 78.674 78.326 78.091 82.626 86.716 89.076 78.131 76.636 76.521 83.179 89.684 86.134 79.214 75.114 74.776 73.924 73.489 73.356 73.259 73.156 73.101 73.331 73.561 73.294 72.236 76.429 79.076 79.196 78.659 78.141 73.204 71.451 71.126 70.861 70.559 70.316 70.106 69.989 69.906 69.886 69.904 69.849 69.801 69.919 69.996 69.941 69.484 67.269 67.996 67.464 67.561 67.784 68.364 70.186 73.746 69.591 70.111 71.094 72.239 73.614 74.731 75.254 75.994 77.226
81.111 80.964 80.404 80.441 80.151 80.186 79.441 78.754 78.481 78.141 77.994 81.241 88.604 79.714 78.599 90.214 92.026 92.099 90.814 78.889 75.426 74.994 74.321 73.551 73.421 73.359 73.216 73.621 72.954 72.869 72.779 72.231 74.706 78.349 77.424 72.019 71.886 71.751 71.526 71.921 71.716 70.594 70.721 70.936 76.416 71.631 72.204 69.871 69.864 69.811 69.879 69.959 69.951 69.841 68.676 68.844 67.211 67.464 67.676 68.101 68.569 68.987 69.805 70.293 71.232 72.742 74.408 77.985 75.912 76.288 77.244
81.396 80.406 80.194 79.839 79.749 80.001 80.201 81.704 78.944 78.569 78.004 78.754 83.256 81.246 88.856 89.859 92.411 89.571 78.921 77.974 75.591 75.074 74.596 73.944 74.229 73.571 73.216 73.039 72.944 73.006 72.709 73.174 73.831 74.001 73.296 71.944 71.729 72.006 71.541 71.386 71.996 72.136 71.369 70.736 70.121 71.991 69.901 69.866 69.881 69.819 69.779 69.939 69.951 69.924 69.219 66.899 66.896 67.314 67.449 68.121 69.404 69.239 70.371 70.605 72.306 73.625 74.96 76.226 76.934 76.568 77.665
81.131 80.654 80.089 79.796 79.704 79.636 79.461 79.014 78.861 78.574 78.321 77.894 77.736 79.391 82.519 83.411 83.321 76.554 76.429 78.719 75.974 75.669 75.329 74.484 73.724 73.604 73.466 73.321 73.061 73.499 75.116 75.569 74.906 72.744 72.006 71.714 73.386 75.926 76.579 71.701 71.659 71.614 71.461 71.231 70.104 70.091 69.984 69.836 69.869 69.836 69.769 69.899 70.001 69.941 70.884 68.499 71.609 70.529 68.147 69.089 70.201 71.688 72.118 71.927 72.52 74.348 75.474 76.137 77.756 77.963 77.919
81.519 80.904 80.606 80.466 79.769 79.646 79.644 79.484 78.841 78.429 79.331 80.404 79.649 79.071 77.189 77.294 76.819 76.699 76.551 76.144 77.689 75.279 75.156 75.046 73.644 73.636 73.569 73.461 73.304 74.911 75.144 76.351 75.419 71.789 73.484 77.544 78.064 78.579 77.876 72.549 71.664 71.636 71.516 71.314 70.309 70.139 70.069 69.829 69.841 69.844 69.791 69.794 69.934 69.966 69.929 70.941 69.267 84.468 73.74 75.492 73.455 72.905 73.452 73.456 74.727 74.743 76.868 77.343 77.674 78.396 78.322
80.924 80.736 80.471 80.374 80.504 80.401 80.066 81.504 79.061 78.626 78.299 78.056 77.861 79.959 77.821 77.891 77.414 77.379 76.521 76.444 77.256 75.551 75.204 75.351 73.916 73.601 73.536 73.316 73.299 73.931 74.611 75.201 74.556 74.866 77.206 78.639 79.409 80.029 80.284 74.899 71.646 71.754 73.104 72.236 70.771 70.121 70.351 72.141 69.806 69.834 69.789 69.724 69.866 69.936 72.549 76.56 69.568 73.703 76.459 71.248 69.121 73.199 74.687 74.507 76.151 74.705 78.263 78.837 77.127 80.579 81.147
80.929 80.699 80.419 80.221 81.034 80.596 79.896 79.521 79.309 78.804 78.391 77.996 77.839 78.011 77.699 78.579 78.071 76.974 76.564 79.424 76.144 75.871 75.171 75.051 74.366 74.946 75.481 74.239 73.126 73.711 72.569 72.041 71.959 74.509 75.231 80.279 80.244 80.259 79.189 75.046 71.989 72.559 71.624 71.449 71.034 70.286 70.084 69.901 69.776 69.806 69.794 69.729 69.791 69.874 69.841 76.323 71.241 71.576 79.919 76.723 71.702 74.626 72.897 76.406 77.523 78.329 79.853 80.476 79.307 81.996 82.839
81.819 80.811 81.289 80.246 79.959 79.751 79.436 79.189 79.149 78.724 78.509 78.184 77.914 77.761 77.666 78.396 78.026 77.306 76.509 76.254 76.159 76.061 75.406 81.384 83.114 81.821 75.221 73.231 73.109 72.964 72.819 72.021 72.264 73.389 74.354 78.579 79.669 80.346 80.266 77.894 72.566 73.129 72.814 71.734 71.416 70.414 69.961 69.834 69.766 69.774 69.796 69.746 69.714 69.816 70.57 71.776 74.944 73.741 70.608 84.347 78.787 75.428 76.057 78.57 79.528 80.911 81.61 81.85 82.602 83.449 83.781
81.044 80.881 82.236 80.419 80.384 80.174 79.394 79.149 78.901 78.681 78.421 78.251 78.079 78.731 78.004 79.826 77.816 76.576 76.646 76.246 76.159 76.106 76.676 82.086 80.011 81.331 73.521 73.279 73.126 73.034 73.001 72.196 72.109 72.179 74.974 76.694 80.164 80.324 80.126 78.794 76.884 71.756 73.834 71.296 70.469 70.181 69.979 69.864 69.791 69.751 69.774 69.746 69.679 69.823 71.162 72.429 75.47 75.945 77.344 77.434 83.322 78.316 76.711 79.805 81.382 84.559 89.868 80.831 83.268 85.075 84.815
81.084 80.776 80.479 80.174 80.066 79.654 79.494 79.314 79.299 78.829 78.641 78.216 78.006 79.036 77.866 77.949 77.301 77.036 76.829 76.076 76.164 76.104 76.026 75.294 79.571 75.674 73.676 73.314 73.214 73.094 74.729 76.441 73.916 72.194 73.584 74.771 80.071 79.179 78.736 78.219 76.844 71.999 71.159 70.896 70.596 70.291 70.046 69.949 76.941 69.714 71.431 69.744 69.686 70.159 71.383 73.11 74.038 78.213 79.56 78.047 77.597 78.125 80.209 80.521 82.556 83.567 86.097 84.547 84.998 86.267 86.602
81.181 80.839 80.589 81.186 81.171 81.521 79.446 79.299 79.104 78.941 79.316 79.021 79.314 79.749 80.141 77.749 77.361 77.084 76.871 76.629 76.599 76.144 76.026 75.416 74.931 74.339 74.116 73.549 73.334 75.201 75.796 72.854 72.054 72.031 74.101 74.694 76.731 77.796 74.249 72.191 72.399 71.931 71.231 70.911 70.649 70.891 72.041 70.089 70.161 71.269 69.701 69.724 69.674 70.167 73.205 73.938 75.129 76.008 77.514 77.65 79.098 78.325 81.196 81.409 83.617 85.325 85.588 83.654 85.61 87.268 87.813
81.111 80.806 80.694 80.484 80.901 81.556 80.784 80.296 80.134 79.019 78.976 78.814 78.256 77.834 77.741 77.756 77.619 77.136 76.874 76.664 76.084 76.086 76.041 75.959 74.939 74.314 74.336 73.831 73.734 73.329 74.079 73.431 72.191 71.909 73.039 74.614 74.654 71.719 72.451 72.191 71.494 71.386 71.274 71.066 71.134 71.774 71.476 70.029 71.141 70.306 69.679 69.701 69.674 71.167 72.557 74.335 75.378 75.92 76.3 77.094 80.533 79.249 78.419 85.847 83.944 86.573 83.813 78.559 84.568 85.924 88.123
81.301 80.866 80.636 80.459 80.416 81.426 79.894 80.994 79.021 79.074 79.014 78.314 77.836 77.709 77.706 77.684 77.701 77.209 76.911 76.686 76.356 76.141 75.991 75.871 75.169 75.061 74.681 73.936 73.954 73.344 73.309 73.226 73.814 74.809 75.106 74.689 74.494 72.139 71.559 71.479 72.709 76.676 74.271 71.879 71.699 71.461 71.486 70.309 69.934 69.864 69.694 69.679 69.74 70.312 72.69 74.203 75.443 73.338 77.796 78.442 78.514 78.689 80.539 81.978 82.246 82.317 80.203 81.274 83.33 82.649 86.489
83.106 81.939 83.769 80.924 80.329 80.406 80.089 79.899 79.326 81.234 80.976 79.724 77.731 77.689 77.701 77.676 77.641 77.414 76.949 76.729 76.456 76.064 75.886 75.811 75.804 75.174 74.264 73.664 73.361 73.371 73.414 73.274 75.114 74.769 74.391 74.366 73.364 72.514 74.269 77.344 77.956 78.264 77.376 71.396 71.456 71.531 72.279 72.214 69.926 69.869 71.239 70.116 69.743 69.693 69.771 70.103 72.14 73.086 79.027 77.439 79.457 79.538 78.357 79.304 73.114 72.573 75.069 73.286 76.612 80.909 84.38
81.399 81.094 81.066 80.794 80.499 81.344 80.114 79.369 78.844 78.796 78.721 81.051 77.716 77.689 77.689 77.769 77.941 77.544 76.999 76.794 76.684 76.461 75.976 75.824 75.749 75.744 74.344 74.231 73.474 73.711 73.399 73.409 74.851 72.496 74.809 74.546 72.771 74.739 77.691 78.796 79.326 78.799 77.421 71.394 71.711 71.606 71.499 70.996 70.056 69.891 69.841 69.614 69.883 70.317 69.565 69.562 70.651 76.053 77.579 78.955 73.811 79.38 76.748 74.707 69.839 70.507 75.236 74.641 78.267 79.868 81.675
81.806 81.624 80.846 80.584 80.439 80.561 81.481 79.466 78.914 78.789 78.891 80.339 77.829 77.679 77.651 77.661 77.869 79.861 77.366 76.969 77.006 76.506 76.184 75.954 75.806 78.079 74.571 74.309 75.811 75.026 73.389 73.149 73.054 72.199 71.731 71.619 72.081 71.941 75.644 78.531 79.929 79.351 77.976 71.629 71.749 71.409 71.299 71.084 70.626 69.924 70.201 69.624 73.828 69.706 69.575 69.518 69.588 71.491 72.264 74.193 79.338 75.141 80.705 78.233 78.037 77.296 73.268 74.164 78.904 78.907 83.381
82.691 81.746 80.661 80.571 80.376 80.474 80.411 79.459 78.864 78.781 78.716 78.819 77.844 77.689 77.984 77.774 77.776 78.069 78.674 76.954 77.074 76.616 76.221 76.659 78.544 77.306 78.131 77.474 75.426 73.381 73.244 73.161 73.056 72.896 72.044 71.806 71.861 71.601 74.306 78.001 80.356 79.984 79.874 77.934 72.459 71.319 71.269 71.189 70.809 69.861 74.769 70.004 70.306 71.706 69.79 69.521 69.569 69.682 69.68 75.514 81.21 81.79 79.958 83.428 81.599 80.577 79.353 76.445 75.327 72.536 72.712
82.096 83.211 80.684 80.594 80.356 80.451 82.226 79.646 78.869 78.779 78.711 78.911 77.951 77.944 77.704 77.171 78.201 78.051 76.996 76.344 76.091 76.296 76.071 76.734 78.021 78.239 76.934 75.464 74.461 74.071 73.274 73.224 73.121 73.024 72.486 71.961 72.234 72.364 71.686 79.279 79.884 80.136 79.191 77.681 73.066 71.366 71.069 70.459 70.091 69.909 69.774 70.791 70.717 71.103 72.288 69.604 69.503 69.64 70.722 75.279 81.358 83.648 83.146 81.974 79.266 80.921 75.47 71.856 70.099 71.078 73.464
