dsm/se3130_DSM_2M.asc
ncols 500
nrows 500
xllcorner    431000
yllcorner    430000
cellsize     2
NODATA_value -9999
[rows 352 to 383 of 500, columns 216 to 287 of 500]
51.177 53.218 57.39 57.453 54.54 52.169 51.162 51.129 51.19 51.171 51.077 50.937 50.987 50.947 50.893 50.889 50.725 51.364 50.537 49.962 49.265 52.583 50.925 48.513 47.859 47.83 47.652 47.547 47.448 47.339 47.241 47.15 47.043 46.897 46.851 46.829 46.934 46.975 46.827 46.707 46.588 46.389 46.32 46.162 46.14 46.292 46.303 46.271 46.346 46.287 46.439 47.795 54.554 54.361 59.785 59.978 58.849 57.759 55.297 49.515 46.191 46.003 45.965 45.773 45.73 45.737 45.688 45.653 45.507 45.404 45.274 45.144
51.071 51.277 51.712 53.529 51.6 51.484 51.071 51.113 51.212 51.176 51.105 50.911 51.006 50.943 50.854 50.678 50.736 51.517 50.394 49.986 49.164 49.044 48.434 48.123 47.866 47.69 47.579 47.472 47.341 47.272 47.197 47.142 47.034 46.931 46.841 46.768 46.829 46.799 46.719 46.534 46.529 46.333 46.073 46.019 45.985 45.982 45.862 45.855 45.925 45.834 45.827 45.957 45.968 47.62 46.055 54.655 57.388 51.146 49.806 46.733 46.046 46.995 45.992 47.021 47.55 46.104 45.896 45.578 45.489 45.376 45.202 45.079
51.04 51.046 51.044 50.969 51.634 51.136 51.037 51.132 51.143 51.067 51.007 50.908 50.969 50.903 50.909 50.693 50.727 50.898 50.361 49.72 49.072 48.671 48.241 48.02 47.757 47.604 47.547 47.425 47.291 47.201 47.131 47.044 46.99 46.888 46.842 46.72 46.652 46.614 46.594 46.411 46.278 46.248 45.987 45.893 45.864 45.699 45.656 45.597 45.69 45.465 45.574 45.565 45.601 45.699 45.654 45.796 46.622 45.672 45.59 45.53 45.516 45.584 46.122 46.135 47.546 47.541 47.947 46.291 45.701 45.385 45.205 45.007
50.888 50.889 50.831 51.63 51.532 50.971 50.991 51.043 51.014 50.977 50.902 50.89 50.901 50.937 50.812 50.699 50.719 50.768 50.08 49.54 48.987 48.616 48.137 47.789 47.683 47.617 47.461 47.357 47.275 47.154 47.05 46.967 46.882 46.805 46.756 46.692 46.589 46.511 46.396 46.372 46.146 46.158 45.994 45.884 45.711 45.598 45.568 45.504 45.452 45.37 45.33 45.342 45.459 45.39 45.34 45.39 45.41 45.498 45.394 45.502 45.468 45.441 45.391 45.282 45.216 45.237 45.638 47.226 46.877 46.96 45.837 45.135
52.252 51.994 50.834 50.937 51.031 50.861 50.848 50.922 50.917 50.908 50.857 50.862 50.902 50.856 50.753 50.61 51.203 50.515 50.196 49.421 49.036 48.997 48.034 47.671 47.59 47.519 47.35 47.389 47.181 47.062 47.025 46.91 46.857 46.797 46.707 46.635 46.583 46.437 46.314 46.239 46.089 45.863 45.904 45.773 45.683 45.528 45.412 45.396 45.321 45.267 45.22 45.168 45.149 45.136 45.063 45.064 45.176 45.075 45.104 45.123 45.173 45.308 45.276 45.206 45.187 45.165 45.101 45.012 44.99 45.71 46.705 46.739
53.564 50.778 50.797 50.733 50.749 50.752 50.758 50.844 50.838 50.861 50.861 50.957 50.903 50.909 50.749 50.681 51.247 50.518 49.967 49.362 49.215 48.366 47.841 47.623 47.502 47.446 47.317 47.244 47.106 47 46.924 46.856 46.85 46.733 46.644 46.583 46.466 46.359 46.256 46.147 46.003 45.773 45.677 45.652 45.508 45.397 45.303 45.236 45.179 45.13 45.111 45.13 45.012 45.001 44.954 44.948 45.008 44.859 44.846 44.906 44.88 44.91 44.929 45.021 44.974 45.073 45.093 44.998 44.961 44.895 44.83 44.814
50.859 50.711 50.618 50.607 50.654 50.693 50.774 50.794 50.856 50.847 50.889 50.849 50.887 50.92 50.743 50.752 51.545 50.355 49.847 49.378 49.065 48.515 47.81 47.529 47.486 47.341 47.241 47.199 47.093 46.95 46.895 46.778 46.755 46.636 46.561 46.51 46.376 46.256 46.115 46.029 45.918 45.748 45.482 45.362 45.2 45.131 45.034 44.989 44.943 44.984 44.981 45.011 44.984 44.954 44.87 44.843 44.845 44.823 44.675 44.675 44.751 44.597 44.661 44.66 44.724 44.731 44.789 44.838 44.903 44.952 44.839 44.814
50.64 50.59 50.541 50.644 50.68 50.743 50.807 50.836 50.792 50.865 50.893 50.825 50.87 50.82 50.705 50.651 51.384 50.412 49.728 49.178 49.462 48.52 47.595 47.478 47.342 47.315 47.192 47.09 47.079 46.875 46.826 46.748 46.677 46.582 46.461 46.397 46.277 46.153 46.031 45.906 45.781 45.623 45.35 45.276 45.171 45.108 45.079 45.083 44.892 44.83 44.82 44.73 44.826 44.782 44.768 44.772 44.736 44.672 44.607 44.579 44.622 44.514 44.458 44.404 44.428 44.455 44.389 44.548 44.621 44.616 44.741 45.271
50.487 50.547 50.573 50.675 50.661 50.785 50.801 50.805 50.79 50.822 50.821 50.854 50.883 50.831 50.761 50.65 51.437 50.327 49.78 48.962 48.694 48.013 47.54 47.389 47.331 47.213 47.126 47.078 46.936 46.824 46.812 46.73 46.59 46.472 46.389 46.318 46.206 46.04 45.947 45.764 45.612 45.345 45.271 45.291 45.262 45.204 45.159 45.093 45.017 44.915 44.784 44.678 44.691 44.595 44.542 44.549 44.659 44.562 44.535 44.483 44.463 44.402 44.356 44.344 44.312 44.374 44.211 44.249 44.304 44.384 44.394 44.521
50.445 50.516 50.554 50.587 50.715 50.754 50.871 50.962 50.845 50.812 50.824 50.869 50.856 50.773 50.679 50.699 50.924 50.257 49.592 49.007 48.412 47.908 47.507 47.42 47.257 47.256 47.128 47.041 46.874 46.794 46.692 46.673 46.604 46.407 46.315 46.223 46.093 45.966 45.786 45.584 45.455 45.357 45.352 45.356 45.342 45.289 45.118 45.098 45.022 44.981 44.909 44.777 44.765 44.676 44.452 44.43 44.456 44.338 44.357 44.371 44.418 44.363 44.252 44.25 44.204 44.191 44.196 44.18 44.217 44.187 44.178 44.198
50.439 50.498 50.538 50.686 50.937 51.598 51.027 51.046 50.919 50.787 50.826 50.816 50.846 50.77 50.65 50.724 51.389 50.224 49.656 48.935 48.415 47.783 47.483 47.293 47.279 47.202 47.064 46.943 46.828 46.708 46.654 46.614 46.495 46.428 46.273 46.144 46.008 45.886 45.674 45.504 45.43 45.363 45.38 45.329 45.33 45.288 45.089 45.087 45.015 45.018 44.846 44.766 44.717 44.68 44.618 44.523 44.465 44.339 44.23 44.218 44.11 44.099 44.059 44.105 44.083 44.119 44.109 44.163 44.075 44.042 44.101 44.083
50.377 50.439 50.705 55.784 56.516 57.053 56.921 53.274 54.318 50.988 50.815 50.863 50.854 50.828 50.633 50.744 50.868 50.227 49.565 48.876 48.339 47.782 47.469 47.255 47.212 47.143 47.026 46.959 46.855 46.77 46.612 46.579 46.415 46.406 46.225 46.095 45.868 45.798 45.622 45.443 45.404 45.444 45.4 45.348 45.296 45.228 45.237 45.106 44.953 44.919 44.823 44.73 44.718 44.673 44.606 44.57 44.476 44.496 44.385 44.254 44.182 44.101 44.022 43.959 43.956 43.912 43.978 43.917 43.946 43.925 43.932 44.013
50.318 50.445 52.71 57.129 58.262 58.821 58.978 59.371 58.271 52.287 50.737 50.78 50.807 50.695 50.6 51.498 50.985 50.109 49.545 48.873 48.354 47.821 47.37 47.264 47.226 47.072 46.981 46.908 46.78 46.667 46.557 46.443 46.363 46.351 46.222 46.108 45.863 45.71 45.583 45.498 45.464 45.464 45.448 45.32 45.295 45.223 45.175 45.045 44.981 45.193 44.831 44.878 44.626 44.631 44.575 44.49 44.448 44.398 44.391 44.295 44.251 44.254 44.134 44.035 43.92 43.846 43.806 43.721 43.681 43.725 43.771 43.81
50.346 50.484 51.325 56.972 58.898 59.517 59.757 60.54 59.84 57.643 50.845 50.778 50.782 50.787 50.632 50.654 50.971 50.191 49.519 48.977 48.373 47.736 47.374 47.228 47.148 47.017 46.971 46.912 46.793 46.664 46.541 46.403 46.394 46.281 46.153 45.986 45.894 45.678 45.49 45.471 45.483 45.437 45.39 45.297 45.241 45.259 45.099 45.006 44.905 44.802 44.785 44.657 44.682 44.555 44.575 44.445 44.486 44.369 44.337 44.282 44.287 44.168 44.167 44.091 44.021 43.953 43.869 43.753 43.635 43.607 43.675 43.597
50.475 50.602 54.036 57.92 58.609 60.651 59.967 60.358 60.057 58.902 50.879 50.745 50.866 50.709 50.685 50.869 50.815 50.16 49.503 48.95 48.343 47.943 47.346 47.258 47.073 47.076 46.911 46.871 46.766 46.668 46.493 46.392 46.376 46.194 46.155 45.962 45.855 45.641 45.513 45.508 45.453 45.386 45.375 45.221 45.203 45.171 45.1 45.077 44.911 44.879 44.656 44.636 44.611 44.6 44.526 44.472 44.461 44.268 44.297 44.233 44.195 44.224 44.14 44.016 44.03 43.982 43.963 43.84 43.796 43.759 47.435 48.645
50.521 50.646 51.611 56.788 58.631 59.718 60.441 60.308 59.309 56.683 51.378 50.764 50.866 50.799 50.653 51.463 50.782 50.208 49.553 48.942 48.48 47.8 47.386 47.174 47.053 47.039 46.882 46.8 46.722 46.547 46.46 46.382 46.318 46.23 46.088 45.988 45.869 45.582 45.661 45.542 45.432 45.313 45.278 45.279 45.169 45.107 45.103 44.976 44.96 44.819 44.746 44.719 44.611 44.553 44.522 44.454 44.38 44.328 44.26 44.207 44.192 44.157 44.174 44.038 43.979 44.035 43.912 43.855 43.799 44.402 48.942 49.296
50.647 50.716 50.78 50.945 52.337 53.126 56.633 59.429 58.765 51.758 50.697 50.797 50.806 50.75 50.674 50.775 50.844 50.279 49.677 48.944 48.335 47.779 47.333 47.14 47.04 46.956 46.899 46.818 46.702 46.552 46.469 46.429 46.274 46.132 46.047 45.944 45.725 45.662 45.639 45.613 45.457 45.392 45.278 45.205 45.155 45.142 45.096 45.778 45.177 44.891 44.813 44.699 44.629 44.556 44.511 44.364 44.344 44.278 44.279 44.314 44.183 44.163 44.112 44.069 44.049 44.068 43.985 43.891 43.786 43.845 47.072 47.291
50.65 50.715 50.703 50.838 51.034 51.002 51.108 51.003 50.857 52.913 50.656 50.751 50.761 50.811 50.694 51.018 50.927 50.12 49.638 49.051 48.48 47.839 47.41 47.103 47.095 46.936 46.862 46.736 46.633 46.507 46.428 46.363 46.324 46.142 46.062 46.017 45.714 45.716 45.644 45.547 45.474 45.479 45.182 45.242 45.248 45.166 45.072 44.996 44.986 44.876 44.804 44.773 44.636 44.572 44.516 44.395 44.317 44.297 44.291 44.22 44.196 44.211 44.046 44.049 44.167 43.986 43.981 43.898 43.773 43.715 43.649 43.67
50.7 52.123 51.702 51.244 50.836 50.964 51.088 51.019 50.95 52.844 50.736 50.763 50.802 50.833 50.709 50.973 50.811 50.215 49.583 49.059 48.459 47.809 47.313 47.083 46.989 46.9 46.868 46.74 46.663 46.521 46.507 46.37 46.348 46.164 46.104 45.903 45.723 45.683 45.707 45.649 45.523 45.479 45.286 45.242 45.367 45.138 45.055 45.055 44.948 44.961 44.843 44.825 44.686 44.646 44.612 44.45 44.305 44.317 44.315 44.252 44.187 44.197 44.068 44.045 44 44.02 43.996 43.967 43.88 43.731 43.698 43.67
52.07 54.139 53.262 52.787 51.291 50.924 50.926 50.982 50.879 52.312 50.994 50.763 50.874 50.774 50.685 50.939 50.977 50.262 49.57 49.096 48.466 47.916 47.41 47.147 46.982 46.925 46.819 46.724 46.564 46.499 46.499 46.364 46.336 46.197 46.155 45.97 45.818 45.74 45.774 45.634 45.557 45.388 45.374 45.277 45.202 45.274 45.114 45.069 44.967 44.884 44.891 44.793 44.717 44.693 44.509 44.444 44.392 44.378 44.295 44.253 44.214 44.132 44.068 44.078 43.99 43.979 43.965 43.945 43.915 43.777 43.739 43.73
54.157 57.021 57.575 53.402 53.276 52.945 51.466 51.385 50.912 50.776 50.598 50.764 50.813 50.771 50.688 50.798 50.906 50.191 49.661 49.096 48.607 47.955 47.432 47.152 46.939 46.95 46.832 46.761 46.591 46.522 46.434 46.395 46.292 46.213 46.074 45.885 45.843 45.801 45.792 45.695 45.598 45.439 45.389 45.325 45.228 45.141 45.108 45.035 44.955 44.925 44.867 44.884 44.718 44.662 44.564 44.495 44.449 44.332 44.264 44.286 44.186 44.151 44.082 44.124 44.011 44 43.955 43.949 43.892 43.894 43.759 43.722
56.687 57.881 58.202 57.021 52.698 51.397 53.367 52.842 50.932 50.79 50.644 50.734 50.872 50.747 50.654 50.925 51.192 50.371 49.77 49.191 48.54 48.065 47.511 47.187 46.994 46.889 46.804 46.687 46.596 46.591 46.45 46.387 46.306 46.227 46.055 45.886 45.792 45.806 45.768 45.76 45.549 45.425 45.387 45.34 45.272 45.143 45.089 45.007 44.942 44.883 44.833 44.715 44.734 44.665 44.524 44.476 44.406 44.269 44.312 44.262 44.226 44.14 44.159 44.049 44.013 43.978 43.939 43.894 43.853 43.842 43.795 43.697
57.635 58.594 57.655 56.472 51.379 50.816 50.856 52.885 53.274 50.89 50.579 50.754 50.833 50.784 50.706 50.813 51.038 50.378 49.796 49.247 48.673 48.141 47.704 47.278 47.058 46.879 46.772 46.716 46.649 46.55 46.501 46.415 46.359 46.321 46.066 45.938 45.822 45.887 45.77 45.689 45.547 45.488 45.362 45.285 45.306 45.189 45.11 45.032 44.99 44.921 44.863 44.798 44.77 44.688 44.564 44.524 44.404 44.307 44.293 44.236 44.166 44.133 44.051 44.026 43.989 43.976 44.016 43.93 43.981 43.808 43.833 43.742
58.115 57.903 56.896 51.481 50.891 50.805 50.895 52.736 51.579 50.792 50.663 50.823 50.865 50.845 50.715 50.841 51.344 50.487 49.898 49.438 48.856 48.246 47.791 47.359 47.042 46.89 46.858 46.701 46.694 46.553 46.475 46.438 46.372 46.265 46.154 45.913 45.844 45.838 45.798 45.746 45.56 45.534 45.42 45.375 45.279 45.199 45.123 45.144 44.961 44.941 44.889 44.817 44.782 44.722 44.636 44.524 44.437 44.347 44.313 44.256 44.221 44.177 44.044 43.999 44.02 44.01 43.928 43.942 43.872 43.828 43.831 43.789
58.441 57.097 56.156 50.955 50.896 50.852 50.873 52.673 52.457 50.83 50.713 50.726 50.781 50.807 50.71 50.876 51.478 50.546 49.884 49.409 48.831 48.434 47.837 47.562 47.119 46.917 46.843 46.74 46.627 46.585 46.52 46.478 46.464 46.304 46.257 45.961 45.86 45.885 45.806 45.657 45.589 45.506 45.443 45.32 45.308 45.302 45.19 45.119 45.095 44.996 44.914 44.818 44.774 44.68 44.643 44.502 44.476 44.385 44.354 44.278 44.191 44.172 44.08 44.022 44.012 44.146 44.013 43.932 43.916 43.857 43.822 43.779
57.554 56.619 51.44 51.563 51.23 50.912 50.852 52.777 52.66 50.872 50.706 50.728 50.852 50.822 50.709 50.779 51.57 50.476 50.041 49.462 49.032 48.456 47.897 47.555 47.151 47.017 46.838 46.796 46.684 46.698 46.561 46.487 46.403 46.363 46.169 45.979 45.844 45.9 45.914 45.666 45.588 45.549 45.382 45.368 45.3 45.258 45.254 45.129 45.088 45.056 44.875 44.85 44.766 44.724 44.599 44.561 44.456 44.422 44.27 44.202 44.208 44.166 44.164 44.089 44.012 44.051 44.019 43.941 43.922 43.888 43.82 43.834
56.76 51.439 50.861 50.933 51.056 51.122 50.998 52.712 52.193 50.873 50.722 50.724 50.735 50.808 50.822 50.791 51.916 50.517 49.983 49.453 48.994 48.489 48.08 47.583 47.285 46.953 46.887 46.834 46.735 46.74 46.584 46.575 46.439 46.44 46.212 45.963 45.855 45.86 45.796 45.712 45.646 45.544 45.435 45.396 45.305 45.246 45.249 45.183 45.094 45.067 45.055 44.904 44.795 44.8 44.674 44.562 44.578 44.477 44.3 44.242 44.262 44.223 44.227 44.174 44.061 44.085 43.982 43.913 43.954 43.951 43.894 43.827
53.545 50.915 51.094 50.938 50.924 51.076 52.982 53.309 54.227 51.598 50.809 50.741 50.797 50.768 50.762 50.752 51.842 50.718 50.245 49.522 49.121 48.579 48.218 47.681 47.361 47.018 46.973 46.842 46.754 46.682 46.63 46.594 46.491 46.445 46.246 46.107 45.878 45.962 45.875 45.763 45.659 45.602 45.524 45.414 45.356 45.317 45.246 45.15 45.178 45.115 45.314 44.972 44.823 44.779 44.691 44.578 44.552 44.47 44.345 44.343 44.328 44.24 44.262 44.169 44.114 44.12 44.053 43.975 44.033 43.973 43.917 43.863
51.27 50.859 51.067 50.929 50.959 52.333 52.684 53.106 52.18 51.176 50.862 50.792 50.775 50.871 50.815 50.728 51.452 50.879 50.172 49.637 49.146 48.714 48.268 47.89 47.374 47.076 47.02 46.908 46.894 46.762 46.732 46.606 46.591 46.374 46.288 45.991 45.951 45.897 45.859 45.875 45.754 45.725 45.59 45.496 45.433 45.351 45.263 45.292 45.175 45.154 45.001 44.983 44.891 44.74 44.745 44.591 44.566 44.474 44.45 44.35 44.318 44.305 44.263 44.227 44.31 44.146 44.055 44.085 44.014 43.957 43.937 43.904
50.956 50.863 50.835 51.061 51.08 52.785 53.067 51.778 51.402 50.9 50.772 50.734 50.827 50.819 50.773 50.66 51.393 51.009 50.298 49.785 49.219 48.795 48.382 47.85 47.517 47.222 47.007 46.966 46.86 46.817 46.721 46.617 46.627 46.431 46.336 46.135 45.973 45.915 45.881 45.872 45.888 45.61 45.584 45.499 45.46 45.387 45.296 45.222 45.159 45.068 45.055 45.055 44.937 44.894 44.759 44.693 44.607 44.487 44.509 44.423 44.399 44.322 44.258 44.194 44.264 44.166 44.076 44.074 44.028 43.966 44.001 43.903
51.464 50.846 50.821 50.982 51.003 51.741 52.788 51.592 51.743 50.957 50.829 50.751 50.815 50.829 50.814 50.676 51.077 51.122 50.367 49.795 49.308 48.862 48.486 48.005 47.69 47.318 47.119 46.956 46.934 46.88 46.775 46.693 46.569 46.478 46.3 46.166 46.024 45.916 45.876 45.865 47.346 45.76 45.639 45.519 45.482 45.429 45.419 45.289 45.22 45.16 45.07 44.991 44.942 44.894 44.843 44.786 44.677 44.569 44.527 44.473 44.424 44.306 44.348 44.299 44.25 44.189 44.151 44.149 44.044 43.946 43.919 43.873
50.767 51.215 52.25 52.344 51.216 51.11 51.324 51.846 51.003 50.998 50.962 50.743 50.772 50.872 50.828 50.683 50.883 51.63 50.577 49.995 49.608 48.995 48.505 48.191 47.838 47.486 47.228 47.079 47.021 46.893 46.807 46.755 46.611 46.574 46.398 46.208 46.054 46.04 45.886 45.895 48.379 45.777 45.723 45.621 45.621 45.564 45.443 45.327 45.325 45.155 45.126 45.059 45.059 44.933 44.925 44.813 44.683 44.631 44.606 44.513 44.666 44.487 44.472 44.386 44.324 44.263 44.111 44.125 44.093 44.051 44.017 43.953
