dsm/se3137_DSM_2M.asc
ncols 500
nrows 500
xllcorner    431000
yllcorner    437000
cellsize     2
NODATA_value -9999
[rows 341 to 371 of 500, columns 350 to 419 of 500]
122.016 121.931 121.929 122.511 122.044 122.919 121.939 122.886 123.216 130.434 129.951 128.671 122.389 121.814 122.231 121.314 121.491 121.381 121.841 121.404 122.246 121.919 125.151 130.619 131.254 130.751 129.529 125.526 121.719 122.266 121.991 122.411 122.929 122.774 123.066 121.759 122.611 122.381 123.529 122.084 121.859 121.639 121.184 121.171 121.126 121.094 121.029 121.006 121.141 122.791 125.159 -9999 -9999 -9999 -9999 -9999 -9999 -9999 -9999 -9999 -9999 -9999 -9999 -9999 -9999 -9999 -9999 -9999 -9999 -9999
121.989 121.974 122.334 124.496 121.639 121.686 121.969 128.686 130.429 130.506 129.644 128.671 122.259 121.891 122.956 121.299 121.736 121.361 122.256 121.369 121.904 121.801 129.321 130.606 131.314 130.654 129.464 125.156 122.106 121.641 121.664 121.644 121.651 121.621 121.589 121.729 121.686 121.844 122.034 124.566 124.411 124.579 123.284 121.189 121.104 121.014 120.974 121.021 121.071 121.106 121.474 128.036 -9999 -9999 -9999 -9999 -9999 -9999 -9999 -9999 -9999 -9999 -9999 -9999 -9999 -9999 -9999 -9999 -9999 -9999
121.609 121.619 121.654 121.716 121.664 123.336 124.536 128.531 130.431 130.491 129.854 128.709 122.244 121.366 121.901 121.369 121.476 121.299 121.774 121.344 121.849 121.674 128.709 130.414 131.351 130.574 129.401 123.726 121.701 121.616 121.661 121.664 121.634 121.581 121.536 121.591 122.831 124.826 123.351 124.566 124.416 124.584 123.389 121.156 121.089 121.041 120.974 121.011 121.534 121.129 120.919 128.136 -9999 -9999 -9999 -9999 -9999 -9999 -9999 -9999 -9999 -9999 -9999 -9999 -9999 -9999 -9999 -9999 -9999 -9999
121.671 121.666 121.674 121.709 121.649 123.471 124.624 128.279 130.421 130.479 129.849 128.691 121.954 121.186 122.379 121.141 121.256 121.264 121.236 121.299 121.924 121.656 122.231 122.204 123.449 125.349 122.839 121.271 121.789 122.536 121.634 121.619 121.611 121.539 121.521 121.521 123.539 126.846 123.329 123.449 124.049 124.621 123.474 121.366 121.371 121.524 121.486 121.666 123.336 122.799 120.899 122.599 122.981 121.78 -9999 -9999 -9999 -9999 -9999 -9999 -9999 -9999 -9999 -9999 -9999 -9999 -9999 -9999 -9999 -9999
121.699 121.709 121.669 121.861 121.554 122.149 121.299 127.391 128.564 128.269 129.879 128.711 121.724 121.169 121.551 121.091 121.221 121.236 121.191 121.256 122.211 122.174 121.781 122.129 122.211 121.671 123.341 121.299 121.134 122.364 123.684 123.299 123.231 122.804 122.019 122.614 121.014 121.086 120.961 121.071 120.946 120.914 120.884 122.229 121.921 122.661 122.939 122.916 122.624 122.254 120.709 120.701 120.684 120.674 120.664 -9999 -9999 -9999 -9999 -9999 -9999 -9999 -9999 -9999 -9999 -9999 -9999 -9999 -9999 -9999
123.396 122.819 122.856 121.294 121.246 120.869 120.859 120.964 120.956 120.961 121.001 121.021 121.036 121.041 121.046 121.116 121.189 121.204 121.166 121.109 121.104 121.086 121.071 121.061 121.034 121.021 121.001 120.961 120.956 120.956 120.946 120.949 120.939 120.926 120.909 120.884 120.884 120.864 120.871 120.871 120.866 120.861 120.829 120.799 120.804 120.796 120.771 120.761 120.761 120.734 120.731 120.716 120.701 120.684 120.676 -9999 -9999 -9999 -9999 -9999 -9999 -9999 -9999 -9999 -9999 -9999 -9999 -9999 -9999 -9999
120.679 120.726 120.734 120.774 120.796 120.816 120.854 120.886 120.921 120.944 120.969 122.269 122.469 121.026 121.071 121.129 121.176 121.174 121.159 121.134 121.156 121.134 121.109 121.116 121.099 121.099 121.089 121.069 121.054 121.049 121.051 121.024 121.011 120.996 120.989 120.976 120.979 120.954 120.941 120.919 120.901 120.896 120.896 120.891 120.886 120.859 120.841 120.811 120.789 120.779 120.759 120.756 120.744 120.726 120.721 120.709 -9999 -9999 -9999 -9999 -9999 -9999 -9999 -9999 -9999 -9999 -9999 -9999 -9999 -9999
120.771 120.804 120.829 120.844 120.881 120.901 120.919 120.954 120.969 120.984 121.011 121.034 121.056 121.074 121.084 121.116 121.149 121.141 121.151 121.154 121.164 121.144 121.141 121.124 121.114 121.104 121.086 121.074 121.061 121.049 121.046 121.021 121.014 121.014 120.989 120.979 120.976 120.969 120.956 120.939 120.929 120.909 120.929 120.874 120.869 120.861 120.836 120.801 120.846 120.791 120.744 120.724 120.724 120.711 120.704 120.686 120.689 -9999 -9999 -9999 -9999 -9999 -9999 -9999 -9999 -9999 -9999 -9999 -9999 -9999
120.744 120.779 120.796 120.819 120.856 120.871 120.904 120.919 120.946 120.971 121.004 121.021 121.029 121.044 121.056 121.096 121.126 121.161 121.131 121.149 121.141 121.126 121.104 121.091 121.181 122.434 121.886 121.056 121.039 121.021 121.021 120.999 120.969 120.951 120.946 120.931 120.929 120.916 120.901 120.864 120.844 120.844 121.704 121.311 120.759 120.766 120.754 120.731 121.084 120.686 120.711 120.771 120.964 121.309 121.301 120.721 120.666 120.647 -9999 -9999 -9999 -9999 -9999 -9999 -9999 -9999 -9999 -9999 -9999 -9999
120.666 120.686 120.706 120.733 120.751 120.788 120.808 120.848 120.858 120.881 120.908 120.943 120.963 120.968 120.981 121.066 121.106 121.128 121.073 121.113 121.086 121.078 121.058 121.051 121.061 121.061 121.063 121.161 121.048 121.091 121.036 121.048 121.158 121.153 121.143 120.991 120.973 120.953 120.978 121.076 121.003 121.051 120.993 121.373 121.306 121.141 121.198 121.848 121.298 120.753 124.536 128.276 129.093 128.626 127.388 123.426 122.676 122.171 -9999 -9999 -9999 -9999 -9999 -9999 -9999 -9999 -9999 -9999 -9999 -9999
121.373 121.588 121.563 121.916 122.218 121.426 121.991 122.026 122.288 122.631 122.358 122.813 122.661 122.398 121.018 121.046 121.103 121.123 121.081 121.486 121.493 121.651 126.361 125.891 126.071 124.536 123.643 122.008 122.246 122.331 122.303 121.446 121.398 121.341 121.368 121.038 121.046 121.046 121.381 123.143 122.471 120.903 120.876 120.923 120.761 120.686 120.686 120.711 120.756 120.966 125.118 127.918 129.156 128.508 127.271 123.461 121.038 121.683 120.481 -9999 -9999 -9999 -9999 -9999 -9999 -9999 -9999 -9999 -9999 -9999
121.023 121.138 121.198 121.523 121.871 121.311 121.221 121.238 121.308 121.586 121.371 121.416 121.273 122.581 121.008 121.036 121.083 121.081 121.071 121.556 121.411 124.853 129.336 131.023 131.311 129.643 127.968 121.431 121.411 121.303 121.296 121.233 121.203 121.176 121.283 121.063 121.056 121.053 121.176 123.056 122.588 120.856 120.841 120.811 120.661 120.656 120.713 120.993 121.918 121.581 126.638 128.036 129.198 128.408 127.193 121.481 120.813 121.113 120.431 120.491 -9999 -9999 -9999 -9999 -9999 -9999 -9999 -9999 -9999 -9999
121.141 121.041 121.048 121.288 121.488 121.246 121.248 121.283 121.281 121.321 121.278 121.306 121.278 123.183 120.943 121.021 121.058 121.036 121.046 121.638 121.401 127.768 128.933 131.116 131.218 129.536 127.891 121.548 121.368 121.298 121.243 121.198 121.156 121.131 121.398 122.183 122.056 121.423 121.148 122.703 122.343 120.868 122.361 120.648 120.638 120.598 120.606 120.703 120.741 120.936 126.888 128.148 129.311 128.283 127.088 120.916 120.548 121.083 120.371 120.408 -9999 -9999 -9999 -9999 -9999 -9999 -9999 -9999 -9999 -9999
121.011 121.066 121.056 121.103 121.218 121.176 121.223 121.273 121.283 121.311 121.278 121.278 121.243 123.273 120.878 120.978 121.008 120.978 120.941 121.648 121.391 126.766 128.958 130.351 131.133 129.476 127.713 121.466 121.338 121.281 121.221 121.151 121.081 121.066 121.216 124.388 125.178 123.851 120.981 120.863 120.711 121.566 120.718 121.936 121.308 121.291 121.923 121.648 120.641 120.653 126.921 128.211 129.313 128.213 127.008 121.176 120.538 121.001 120.293 120.321 120.313 -9999 -9999 -9999 -9999 -9999 -9999 -9999 -9999 -9999
120.926 121.018 121.068 121.091 121.128 121.168 121.181 121.228 121.246 121.253 121.256 121.288 123.566 126.916 125.983 120.938 120.961 120.943 120.893 121.256 121.876 122.463 123.288 123.346 122.531 122.111 122.728 121.618 121.493 121.368 121.306 121.733 121.928 121.201 121.288 124.446 125.128 123.738 121.361 121.456 120.761 120.591 120.506 120.546 120.506 120.153 120.526 120.396 120.666 122.786 127.091 128.338 129.293 128.888 126.961 121.053 121.536 120.771 120.231 120.263 120.233 121.108 -9999 -9999 -9999 -9999 -9999 -9999 -9999 -9999
120.848 121.111 129.613 127.706 121.101 121.126 121.118 121.171 121.196 121.213 121.208 121.273 124.271 127.526 127.141 120.901 120.923 120.898 120.938 121.093 121.386 128.331 129.751 131.276 130.146 128.763 124.138 121.491 121.426 121.171 121.061 120.906 120.923 121.003 121.858 124.481 124.941 123.468 121.108 120.873 120.716 120.538 120.583 120.561 120.203 120.131 120.101 120.276 120.341 121.301 127.176 128.453 129.216 128.053 126.848 120.533 120.426 120.213 120.158 120.183 120.146 120.096 -9999 -9999 -9999 -9999 -9999 -9999 -9999 -9999
120.821 126.243 132.931 130.001 121.041 121.066 121.053 121.118 121.253 121.171 121.178 121.186 122.048 126.518 122.966 120.851 120.873 120.841 120.946 122.123 121.166 128.783 130.108 131.233 129.996 128.648 124.793 121.578 121.586 121.096 120.996 120.783 120.758 120.771 120.783 120.836 120.838 120.856 122.993 121.038 121.031 120.413 120.238 120.231 120.226 120.548 121.726 120.756 120.771 122.821 127.281 128.538 129.158 127.938 126.451 120.588 120.528 120.123 120.083 120.128 120.103 120.033 120.348 -9999 -9999 -9999 -9999 -9999 -9999 -9999
120.783 120.918 123.643 122.893 120.986 121.006 120.993 121.036 121.076 121.093 121.038 121.078 121.041 122.746 120.683 120.811 120.831 121.716 120.938 122.268 121.481 128.848 130.203 131.198 129.886 128.471 121.601 121.423 121.143 120.806 120.781 120.741 120.718 120.696 120.646 120.688 120.741 120.828 123.046 122.448 122.133 122.061 121.666 121.306 122.018 123.176 122.026 122.231 120.196 119.983 120.013 120.346 121.721 120.728 120.231 120.166 120.553 119.978 120.023 120.058 120.028 119.968 120.603 119.681 -9999 -9999 -9999 -9999 -9999 -9999
120.763 120.791 120.791 120.813 120.866 120.876 120.831 120.868 120.893 120.913 120.978 121.113 121.416 121.223 120.641 120.763 120.786 121.403 120.893 121.456 121.176 123.756 125.078 124.756 126.628 125.273 121.508 121.693 121.013 120.783 120.763 120.726 120.698 120.683 120.636 120.663 121.161 121.078 123.471 122.868 120.176 120.208 120.318 120.118 120.488 122.243 120.586 121.156 120.016 120.708 122.948 123.666 123.728 122.418 121.121 120.086 119.958 119.901 119.948 119.981 119.941 119.903 121.836 121.526 -9999 -9999 -9999 -9999 -9999 -9999
120.768 120.801 120.833 120.808 120.853 120.818 124.983 129.103 129.093 127.506 125.031 120.851 120.831 120.671 120.623 120.741 120.733 120.673 121.071 122.441 122.283 122.706 124.176 121.683 121.653 122.613 122.236 122.683 121.381 123.391 122.763 122.258 120.781 120.743 120.671 121.533 121.666 122.201 122.243 122.623 120.386 120.423 120.471 120.348 120.278 120.503 119.943 119.853 119.766 124.158 128.226 129.538 129.678 128.468 125.681 120.181 120.486 119.813 119.873 119.913 119.851 119.823 119.833 119.606 119.723 -9999 -9999 -9999 -9999 -9999
120.763 120.771 121.083 120.803 122.486 122.796 128.406 129.791 131.013 129.781 128.371 121.768 120.986 120.663 120.591 120.688 120.691 120.588 120.798 122.266 121.538 121.953 122.301 122.976 122.481 122.986 123.236 121.046 121.026 122.343 123.211 123.041 120.636 121.121 120.523 120.531 120.631 122.851 120.393 120.398 121.078 120.193 120.231 119.911 119.853 119.908 119.923 119.841 119.783 121.421 128.378 129.606 129.551 128.368 125.596 120.091 120.258 119.756 119.821 119.856 119.803 119.758 120.373 119.538 119.356 -9999 -9999 -9999 -9999 -9999
120.708 120.743 120.753 120.771 126.778 127.131 128.511 129.928 131.043 129.678 128.368 121.056 121.476 120.608 120.578 120.643 120.633 120.566 120.748 120.853 124.353 128.773 130.173 129.791 129.311 129.356 129.421 122.161 120.983 121.728 121.613 121.333 120.521 120.561 120.466 120.433 120.476 120.596 120.376 120.413 120.371 120.501 120.716 120.778 119.858 119.811 119.811 119.796 120.111 121.606 128.228 129.678 129.471 128.088 124.056 120.061 120.426 119.693 119.768 119.786 119.711 119.711 120.566 119.151 119.546 125.408 -9999 -9999 -9999 -9999
120.853 120.926 120.898 121.581 127.138 128.336 128.636 130.056 131.053 130.676 130.218 121.243 121.336 120.558 120.591 120.598 120.596 120.556 121.496 120.911 123.336 128.763 130.143 129.776 128.933 128.038 128.348 121.073 121.043 120.646 120.538 120.596 120.481 120.498 120.428 120.616 121.281 120.578 120.953 120.333 120.418 119.976 120.016 120.063 119.831 119.796 119.776 119.731 119.743 121.993 125.546 125.586 126.521 124.563 120.953 119.918 120.081 119.626 119.698 119.716 119.641 119.681 120.326 119.183 119.828 125.516 -9999 -9999 -9999 -9999
120.743 120.783 120.796 120.833 127.013 127.048 128.726 130.148 130.878 129.533 128.421 120.941 121.386 120.501 120.921 120.548 120.541 120.496 121.783 121.291 120.961 128.768 130.133 129.418 127.561 121.298 121.518 121.031 121.021 120.588 120.566 120.513 120.473 120.583 120.423 120.466 120.688 121.228 120.378 121.461 120.411 119.983 120.598 120.563 119.808 119.796 119.763 119.723 119.743 122.418 123.641 123.631 122.186 119.816 119.811 119.736 119.816 120.058 119.636 119.658 119.553 119.651 120.561 119.546 121.276 125.618 126.866 -9999 -9999 -9999
120.698 120.763 120.763 120.776 120.993 123.046 128.838 130.253 130.816 129.356 127.198 120.951 121.201 120.426 120.963 120.498 120.503 120.436 120.818 121.063 121.106 120.663 120.808 120.763 121.221 120.998 121.123 121.378 121.281 121.633 120.576 120.813 120.873 121.223 121.061 121.188 120.871 121.588 120.436 120.648 120.396 120.386 120.133 120.796 120.041 120.096 119.821 120.091 120.091 120.253 120.446 120.408 120.003 119.816 119.708 119.678 119.756 120.726 119.568 119.591 120.401 119.626 120.258 119.231 120.791 125.733 127.103 126.978 -9999 -9999
120.808 120.823 120.838 120.748 121.196 121.721 125.753 126.906 127.193 129.508 126.246 121.066 120.858 120.328 120.411 120.456 120.423 120.391 120.548 120.578 121.038 124.931 126.636 127.148 126.408 122.266 123.041 121.143 120.761 120.598 120.311 120.293 120.321 120.301 120.516 120.383 120.443 122.011 121.438 121.078 121.316 121.281 122.231 122.096 122.201 121.996 120.531 122.308 123.581 124.856 125.858 127.206 126.733 125.486 120.128 120.006 119.611 120.108 119.523 119.571 120.228 119.586 119.741 119.223 122.008 125.826 127.111 126.881 125.628 -9999
121.511 121.833 121.666 122.076 121.341 120.691 120.651 120.636 120.628 120.613 120.583 120.648 120.448 120.273 120.363 120.398 120.378 120.418 120.786 120.678 126.148 129.233 130.141 129.698 128.516 124.866 124.723 122.563 120.736 120.368 120.308 120.293 120.286 120.303 120.326 120.361 121.201 120.698 120.698 120.178 120.293 120.313 120.968 119.911 121.918 120.096 122.218 125.168 126.403 127.316 128.638 129.443 128.668 128.403 119.801 120.028 119.463 120.048 119.453 119.451 119.403 119.973 119.788 119.218 123.421 125.858 126.326 126.458 125.543 120.753
121.393 122.126 122.253 121.793 121.461 120.743 122.376 123.321 120.628 120.833 120.641 122.046 122.311 120.246 120.336 120.363 121.641 120.393 120.743 120.681 126.511 128.998 130.058 129.746 128.558 126.951 126.958 123.156 121.188 120.393 120.273 120.663 120.498 120.218 120.371 121.263 122.081 120.906 120.133 120.083 120.116 120.203 119.916 119.851 119.796 119.823 121.433 122.586 122.533 127.301 128.638 129.458 128.661 128.318 119.711 119.653 119.383 120.686 119.393 119.378 119.268 119.863 119.436 119.293 121.418 123.681 124.518 124.503 124.236 119.403
121.538 121.243 122.081 122.306 120.621 121.036 120.933 120.781 120.486 121.203 120.506 121.248 121.491 120.183 120.288 120.316 120.761 120.338 120.563 120.666 125.036 128.818 130.016 129.371 128.638 127.583 127.531 125.488 120.981 121.306 121.598 120.361 121.571 120.711 120.288 121.273 123.063 120.633 120.146 120.036 120.208 119.963 119.846 119.771 119.858 121.326 119.651 119.501 119.993 125.033 127.028 125.238 124.218 122.713 119.651 120.308 119.328 119.953 119.333 119.323 119.228 119.273 119.298 119.698 119.363 119.016 118.893 118.783 118.628 118.538
120.333 121.373 122.638 122.526 120.466 120.668 121.003 121.976 121.776 120.633 120.418 120.431 120.213 120.156 120.246 120.241 121.521 120.323 120.598 120.703 124.711 128.778 129.983 129.893 128.711 127.261 127.018 124.656 120.986 120.366 120.256 120.176 120.171 120.113 120.091 120.181 120.393 120.421 120.271 120.248 120.126 119.998 120.093 120.231 120.431 120.393 119.568 119.541 119.681 119.501 119.806 120.258 119.936 119.341 119.321 119.333 119.251 119.236 119.268 119.266 119.186 119.143 119.033 118.883 118.713 118.696 118.623 118.611 118.521 118.423
121.241 120.493 120.501 122.028 124.308 128.728 130.103 129.773 128.353 122.063 120.441 121.608 120.311 120.121 120.208 120.201 120.968 120.211 120.426 120.301 124.381 130.118 130.223 129.956 128.766 125.288 120.793 120.866 120.436 120.326 120.218 120.158 120.103 120.071 120.038 120.168 120.706 121.026 120.543 120.343 120.763 119.786 121.271 121.618 121.683 121.296 119.566 119.606 121.908 125.871 126.583 127.568 125.826 120.841 119.588 119.636 119.153 119.191 119.211 119.186 119.091 119.578 119.003 119.243 120.928 121.688 121.323 120.413 118.721 118.378
