dsm/se3134_DSM_2M.asc
ncols 500
nrows 500
xllcorner    431000
yllcorner    434000
cellsize     2
NODATA_value -9999
[rows 128 to 159 of 500, columns 142 to 212 of 500]
43.874 43.991 43.604 43.641 43.726 43.794 43.856 43.899 43.936 43.974 44.014 44.056 44.079 44.126 44.159 44.199 44.231 44.326 44.471 44.591 44.671 44.771 44.854 44.944 47.091 47.954 45.244 45.091 45.136 45.286 45.684 45.799 45.331 46.371 52.946 54.134 54.901 55.114 54.304 53.534 50.179 46.681 46.691 46.601 46.624 46.646 46.624 46.554 46.646 46.554 46.766 46.904 47.024 47.189 47.329 47.466 47.631 47.726 47.831 47.974 48.091 48.804 48.249 48.369 48.421 48.499 49.164 48.714 48.811 48.889 48.974
43.346 43.706 43.646 43.691 43.769 43.841 43.889 43.931 43.971 44.009 44.046 44.066 44.109 44.154 44.199 44.229 44.256 44.286 44.381 45.039 51.254 46.971 44.986 45.099 45.181 45.791 47.619 45.651 45.334 45.351 45.504 45.666 46.711 46.151 45.421 53.299 54.066 54.834 55.169 54.711 53.621 47.546 46.754 46.694 46.719 46.724 46.664 46.999 46.614 46.709 46.911 47.011 47.174 47.309 47.481 47.659 48.106 47.919 48.031 48.119 48.214 48.279 48.559 48.466 48.941 48.704 48.769 48.849 48.976 49.086 49.159
43.711 43.744 43.766 43.786 43.829 43.874 43.916 43.966 44.009 44.041 44.071 44.106 44.154 44.189 44.226 44.254 44.299 44.359 44.576 51.196 51.386 51.274 48.666 45.239 45.646 45.414 45.516 48.494 46.831 45.596 45.581 45.714 45.874 46.576 46.414 47.266 53.224 53.964 54.736 55.219 53.761 46.861 46.751 46.794 46.811 46.784 46.701 46.674 46.716 46.879 46.954 47.099 47.291 47.424 47.616 48.184 47.931 48.099 48.211 48.309 48.349 48.421 48.496 49.021 48.874 48.959 48.976 49.259 49.164 49.251 49.349
43.791 43.819 43.839 43.859 43.876 43.914 43.949 43.994 44.034 44.074 44.124 44.151 44.186 44.221 44.249 44.286 44.361 44.469 50.581 51.376 51.526 51.429 51.301 49.776 45.474 45.564 45.649 46.031 48.081 45.896 45.836 45.811 45.949 46.091 46.411 46.671 46.066 53.124 53.859 54.619 47.504 46.871 46.854 46.889 46.891 46.831 48.164 46.799 46.894 46.969 47.031 47.231 47.384 47.569 47.779 47.991 48.139 48.281 49.326 48.484 48.524 48.564 48.644 48.749 49.026 48.994 49.081 49.201 49.306 49.411 49.484
43.846 43.874 43.909 43.941 43.954 43.964 43.979 44.024 44.056 44.106 44.144 44.199 44.229 44.254 44.276 44.351 44.441 49.571 51.359 51.509 51.651 51.579 51.441 51.311 50.289 45.719 45.799 45.876 45.981 48.506 46.164 46.094 46.064 46.176 46.299 46.866 46.619 45.971 52.951 49.571 47.011 46.906 46.949 46.986 46.944 47.104 46.964 46.894 47.019 47.059 47.204 47.381 47.491 47.719 47.949 48.141 48.334 48.539 48.576 48.656 48.814 48.756 48.846 48.921 49.024 49.126 49.241 49.339 49.459 49.539 49.624
43.451 43.931 43.984 44.006 44.029 44.034 44.034 44.049 44.099 44.131 44.174 44.216 44.264 44.286 44.319 44.381 49.091 51.346 51.501 51.641 51.786 51.721 51.579 51.451 51.341 51.134 45.949 46.034 46.134 46.236 47.909 47.289 46.406 46.316 46.421 46.536 46.714 46.869 45.839 47.101 46.984 47.006 47.046 47.041 46.986 46.944 46.969 47.021 47.066 47.206 47.346 47.524 47.651 47.886 48.154 48.319 48.506 48.656 48.736 48.844 49.059 49.341 49.051 49.139 49.204 49.269 49.384 49.491 49.599 49.671 49.791
43.011 43.701 44.036 44.071 44.079 44.094 44.104 44.101 44.121 44.164 44.206 44.239 44.276 44.311 44.346 46.241 51.326 51.484 51.621 51.771 51.911 51.869 51.721 51.586 51.466 51.341 51.164 46.404 46.286 46.374 46.471 48.234 51.929 51.871 46.579 46.654 46.801 47.104 47.089 47.139 47.049 47.091 47.119 47.089 47.079 47.004 47.046 47.134 47.254 47.389 47.524 47.669 47.856 48.094 48.319 48.516 48.716 49.264 48.944 49.006 49.081 49.339 49.251 49.329 49.384 49.446 49.541 49.636 49.714 49.776 49.844
43.196 43.259 43.736 44.124 44.161 44.161 44.151 44.171 44.179 44.179 44.219 44.261 44.299 44.334 47.471 51.311 51.466 51.626 51.761 51.904 52.049 52.016 51.869 51.721 51.594 51.469 51.351 51.189 47.634 46.524 46.621 46.716 48.976 50.069 47.021 46.844 46.884 47.014 47.101 47.099 47.154 47.184 47.171 47.116 47.116 47.111 47.176 47.319 47.496 47.599 47.706 47.876 48.071 48.296 48.506 48.699 48.876 49.214 49.341 49.216 49.769 49.379 49.401 49.461 49.544 49.594 49.691 49.786 49.851 49.876 49.884
43.331 43.421 43.456 43.716 44.216 44.221 44.219 44.209 44.221 44.234 44.349 45.386 44.616 46.996 51.284 51.441 51.584 51.744 51.894 52.039 52.194 52.176 52.026 51.871 51.734 51.611 51.486 51.364 51.251 47.774 46.756 46.849 46.944 47.019 47.211 47.194 47.144 47.119 47.164 47.194 47.231 47.256 47.214 47.886 47.261 47.216 47.419 47.531 47.726 47.844 47.954 48.099 48.281 48.494 48.694 48.881 49.039 49.171 49.279 49.434 49.444 49.506 49.561 49.656 49.686 49.756 49.836 49.889 50.081 50.409 49.974
43.376 43.531 43.629 43.669 43.861 44.296 44.321 44.299 44.284 44.289 45.274 44.836 44.926 51.249 51.416 51.566 51.719 51.866 52.016 52.164 52.319 52.336 52.174 52.039 51.894 51.769 51.644 51.519 51.409 51.284 48.631 46.959 47.034 47.111 47.159 47.356 47.366 47.236 47.214 47.284 47.319 47.306 47.241 48.136 47.256 48.156 48.051 47.964 47.971 48.074 48.174 48.289 48.484 48.679 48.851 49.024 49.194 49.316 49.419 49.511 49.599 49.651 49.719 49.784 49.821 49.901 49.951 50.249 50.786 50.054 50.119
43.809 43.621 43.734 43.836 43.874 44.049 44.399 44.391 44.374 44.349 44.361 44.826 51.226 51.394 51.539 51.696 51.844 52.001 52.146 52.286 52.436 52.486 52.356 52.206 52.066 51.929 51.804 51.684 51.564 51.429 51.296 50.094 47.116 47.191 47.249 47.309 47.284 47.244 47.314 47.376 47.399 47.339 47.266 47.299 47.344 48.581 48.361 48.229 48.104 48.224 48.356 48.499 48.681 48.844 49.034 49.191 49.336 49.454 49.574 49.669 49.716 49.789 49.849 49.896 49.954 50.021 50.064 50.839 50.231 50.344 50.196
46.329 45.086 43.859 43.939 44.044 44.086 44.216 44.486 44.476 44.461 44.426 51.194 51.369 51.521 51.664 51.811 51.966 52.119 52.271 52.424 52.579 52.669 52.524 52.384 52.254 52.104 51.969 51.821 51.686 51.524 51.366 50.556 47.476 47.254 47.341 47.374 47.301 47.331 47.389 47.444 47.424 47.344 47.301 47.394 47.451 48.199 48.691 48.319 48.266 48.386 48.531 48.711 48.866 49.019 49.189 49.321 49.479 49.591 49.709 49.806 49.871 49.909 49.926 49.984 50.056 50.116 50.494 50.134 50.786 50.224 50.329
44.061 46.524 46.441 44.131 44.141 44.266 44.329 44.431 44.576 44.511 47.466 51.331 51.459 51.584 51.699 51.824 51.961 52.089 52.226 52.366 52.516 52.601 52.431 52.284 52.139 51.981 51.831 51.689 51.544 51.389 51.201 44.521 44.881 48.451 47.421 47.356 47.351 47.421 47.471 47.499 47.449 47.376 47.436 47.699 48.641 48.544 48.581 48.621 48.659 48.609 48.706 48.891 49.019 49.176 49.329 49.456 49.574 49.716 49.831 49.914 49.976 50.004 50.061 50.079 50.139 50.829 50.276 50.214 50.246 50.326 50.496
43.864 44.351 46.499 46.884 44.486 44.351 44.459 44.526 44.596 46.809 44.454 49.166 51.309 51.431 51.534 51.666 51.776 51.911 52.059 52.199 52.346 52.461 52.301 52.164 52.004 51.864 51.711 51.559 51.414 51.236 44.926 44.746 45.546 46.746 47.481 47.424 47.434 47.499 47.554 47.526 47.474 47.416 47.531 48.856 48.544 48.611 48.604 48.639 48.689 48.736 48.809 49.041 49.161 49.304 49.444 49.564 49.684 49.834 49.951 50.031 50.071 50.111 50.164 50.189 50.396 50.491 50.971 50.309 50.296 50.456 50.736
44.429 44.831 44.341 45.166 44.536 44.654 44.574 44.689 44.729 44.801 44.746 44.539 48.236 51.294 51.404 51.511 51.631 51.749 51.896 52.036 52.191 52.324 52.169 52.019 51.886 51.736 51.584 51.439 51.259 44.866 44.706 45.474 46.399 47.459 47.519 47.466 47.524 47.576 47.599 47.556 47.489 47.559 47.999 48.574 48.536 48.614 48.656 48.684 48.774 48.809 48.856 49.034 49.239 49.491 49.594 49.696 49.799 49.921 50.031 50.101 50.161 50.191 50.271 50.326 50.321 50.826 50.354 50.329 50.409 50.644 50.919
44.131 44.314 44.419 44.504 44.706 44.866 45.981 44.809 44.921 44.984 45.021 44.941 44.584 46.829 51.274 51.391 51.499 51.616 51.734 51.884 52.036 52.176 52.039 51.896 51.754 51.596 51.446 51.296 46.526 44.616 45.379 46.166 47.141 47.654 47.564 47.539 47.601 47.659 47.616 47.556 47.534 47.634 48.571 48.469 48.564 48.646 48.724 48.774 48.834 49.341 48.969 49.174 49.331 49.491 49.706 49.849 49.909 49.989 50.096 50.571 50.254 50.321 50.401 50.526 50.386 50.414 50.346 50.436 50.619 50.881 51.149
44.289 44.439 44.696 44.691 44.976 46.019 48.834 48.064 45.024 45.601 45.189 45.216 45.044 44.656 45.124 51.246 51.371 51.484 51.596 51.724 51.874 52.044 51.901 51.756 51.621 51.461 51.314 46.674 44.639 45.304 46.144 47.011 47.659 47.684 47.576 47.614 47.671 47.681 47.624 47.574 47.694 48.196 48.509 48.499 48.594 48.704 48.786 48.854 49.399 49.141 49.131 49.409 49.446 49.599 49.681 49.796 50.019 50.084 50.531 50.234 50.594 50.439 50.526 50.496 50.541 50.391 50.441 50.634 50.921 51.161 51.471
45.211 44.519 45.589 45.194 45.534 48.811 49.064 49.321 49.179 45.769 46.204 45.379 45.421 45.219 44.651 44.384 51.219 51.351 51.469 51.586 51.731 51.896 51.764 51.624 51.481 51.334 49.006 44.549 45.326 45.991 46.844 47.684 47.759 47.661 47.644 47.691 47.731 47.699 47.634 47.624 47.776 49.104 48.449 48.546 48.649 48.774 48.854 48.934 49.016 49.121 49.564 50.539 51.334 50.214 49.759 49.879 49.934 50.026 50.199 50.414 50.389 50.581 50.686 50.644 50.514 50.541 50.684 50.959 51.206 51.454 51.884
44.501 45.546 44.766 45.499 48.761 49.039 49.301 49.489 49.261 48.804 45.414 45.496 45.579 45.591 45.376 44.846 44.546 51.174 51.341 51.464 51.581 51.754 51.634 51.491 51.344 49.429 44.469 45.199 45.879 46.606 47.374 47.841 47.821 47.869 47.726 47.764 47.759 47.704 47.649 47.689 47.881 48.154 48.479 48.634 48.701 48.826 48.926 49.016 49.114 49.231 49.804 49.799 50.289 51.384 51.114 49.961 50.099 50.121 50.196 50.321 50.539 50.681 50.741 50.669 50.624 50.766 51.004 51.296 51.491 51.826 52.309
44.591 44.776 45.274 48.736 48.524 49.286 49.521 49.299 49.036 48.789 45.956 45.584 45.704 45.759 45.789 45.616 45.136 44.579 50.196 51.334 51.461 51.611 51.504 51.361 50.621 44.466 45.031 45.701 46.459 47.226 47.824 47.859 48.964 47.899 47.799 47.819 47.774 47.709 47.679 47.774 47.956 48.179 48.441 48.679 48.874 48.904 49.004 49.126 49.239 49.364 49.516 49.644 49.844 50.104 50.986 51.644 50.251 50.646 50.321 50.401 50.481 50.609 50.679 50.721 50.869 51.081 51.369 51.601 51.876 52.291 52.901
44.569 45.296 48.709 48.979 49.251 49.516 49.341 49.079 48.826 46.459 46.059 45.664 45.749 45.864 45.936 45.966 45.759 45.451 44.936 48.799 51.326 51.459 51.376 51.171 44.429 44.889 45.614 46.301 47.076 47.786 47.879 47.851 48.419 47.934 47.859 47.844 47.774 47.721 47.799 47.906 48.019 48.164 48.416 48.659 48.859 50.719 49.204 49.229 49.334 49.494 49.619 49.754 49.871 49.969 50.191 50.586 51.634 51.006 50.916 51.569 50.601 50.696 51.069 51.064 51.161 51.431 51.706 51.901 52.199 52.749 53.524
45.216 47.976 48.429 49.209 49.486 49.376 49.106 48.856 47.274 45.619 45.701 45.791 45.904 45.959 46.041 46.126 46.181 46.391 45.744 45.294 47.539 51.321 50.756 44.416 45.231 45.744 46.464 47.031 47.746 47.886 47.849 47.811 47.851 47.981 47.891 47.834 47.781 47.816 47.946 48.076 48.211 48.334 48.456 48.636 49.161 50.246 49.136 49.306 49.456 49.604 49.734 49.874 49.991 50.094 50.171 50.264 50.366 51.286 51.241 50.631 52.316 50.919 51.156 51.314 51.554 51.824 52.059 52.291 52.666 53.269 54.149
47.386 48.091 48.199 48.389 49.416 49.144 48.896 47.504 45.601 47.024 45.851 45.951 46.066 46.214 47.176 46.239 46.326 46.399 46.531 46.006 45.669 46.649 44.554 45.344 46.341 47.339 46.921 47.844 47.966 47.879 47.829 47.891 48.294 48.119 47.889 47.841 47.796 47.984 48.091 48.231 48.379 48.519 48.641 48.819 48.904 49.044 49.206 49.356 49.539 49.716 49.854 49.966 50.089 50.184 50.264 50.356 50.416 50.504 50.599 51.431 50.779 51.279 51.354 51.694 51.971 52.191 52.461 52.751 53.231 53.929 54.671
46.771 47.624 48.199 48.286 48.386 48.911 48.174 45.574 46.464 45.971 45.974 46.581 46.239 50.334 52.801 50.746 46.444 46.524 46.569 46.876 46.329 45.971 45.756 45.671 46.534 46.834 48.299 48.146 47.959 47.859 47.911 47.946 47.969 47.939 47.889 47.831 47.994 48.431 48.546 48.469 48.539 48.684 48.829 48.974 49.096 49.231 49.346 49.484 49.631 49.811 49.956 50.099 50.219 50.314 50.369 50.439 50.481 50.546 50.624 50.719 51.171 51.354 51.876 52.116 52.349 52.586 52.934 53.304 53.849 54.551 55.151
46.751 47.704 47.579 48.194 48.286 48.376 45.771 45.709 45.831 47.304 46.614 46.861 48.234 53.281 53.051 52.841 51.461 46.699 46.716 46.759 46.814 46.989 46.936 47.781 47.931 48.711 48.394 47.986 47.901 47.934 47.984 48.004 47.989 47.936 47.886 47.959 48.029 48.759 48.759 48.894 48.804 48.914 48.981 49.124 49.276 49.409 49.551 49.674 49.811 49.946 50.101 50.239 50.374 50.456 50.471 50.499 50.541 50.609 50.691 50.736 51.009 51.801 52.094 52.444 52.806 53.071 53.366 53.809 54.421 55.054 55.349
46.829 47.431 47.201 47.591 48.194 48.149 46.141 46.104 46.019 46.191 46.271 46.441 53.419 52.944 53.311 53.096 52.854 51.991 46.921 46.889 46.961 47.074 47.441 47.761 48.129 48.509 48.006 47.986 47.964 48.001 48.021 48.021 47.989 47.969 47.906 48.019 48.829 48.741 48.854 48.959 49.069 49.231 49.236 49.359 49.454 49.591 49.736 49.876 50.006 50.139 50.291 50.406 50.531 50.544 50.546 50.564 50.599 50.641 50.699 50.734 50.749 51.446 52.364 52.811 53.084 53.554 53.901 54.364 54.876 55.309 55.824
47.329 47.359 47.181 47.354 47.639 46.341 46.116 47.126 46.246 46.201 46.869 53.949 52.719 53.776 53.574 53.336 53.119 52.899 52.356 47.321 47.076 47.224 47.399 47.546 48.691 47.984 48.019 47.991 48.029 48.061 48.054 48.034 47.969 48.871 48.029 48.439 48.746 48.851 48.951 49.066 49.171 49.289 49.411 49.531 49.636 49.749 49.921 50.071 50.206 50.349 50.439 50.564 50.639 50.596 50.586 50.604 50.646 50.671 50.704 50.726 50.746 50.809 51.911 53.059 53.531 53.851 54.404 54.806 55.139 55.579 55.889
46.996 47.139 47.279 48.224 47.849 47.794 46.594 46.754 46.571 46.404 53.214 53.689 53.921 54.034 53.799 53.591 53.371 53.124 52.919 52.706 47.494 47.436 47.561 47.726 47.824 47.904 48.006 48.059 48.086 48.089 48.076 48.031 48.044 48.016 48.086 48.849 48.846 48.954 49.066 49.169 49.279 49.361 49.489 49.599 49.741 49.894 50.051 50.244 50.391 50.519 50.626 50.719 50.709 50.679 50.639 52.056 50.844 50.666 50.694 50.706 50.741 50.754 50.996 52.356 53.689 54.286 54.659 55.054 55.859 56.476 56.576
47.074 47.224 47.366 47.669 48.421 47.899 47.884 47.159 46.389 53.004 53.234 53.429 53.659 53.901 54.064 53.826 53.616 53.404 53.169 52.964 52.551 48.019 47.931 47.871 47.979 48.006 48.061 48.111 48.131 48.119 48.084 48.031 48.166 48.111 48.909 48.836 48.931 49.046 49.164 49.264 49.384 49.484 49.604 49.726 49.869 50.029 50.174 50.361 50.539 50.664 50.776 50.796 50.764 50.721 50.694 51.116 50.649 50.644 50.674 50.696 50.729 50.751 51.706 51.311 52.684 54.101 54.949 55.124 55.491 56.324 56.359
47.176 47.319 47.454 47.599 48.531 47.916 48.634 48.051 48.531 52.759 52.969 53.201 53.419 53.651 52.951 54.056 53.866 53.649 53.436 53.221 53.014 50.489 48.299 48.024 48.019 48.094 48.126 48.159 48.156 48.126 48.076 48.009 48.124 48.404 48.894 48.951 49.054 49.156 49.239 49.374 49.466 49.594 49.714 49.856 49.999 50.146 50.289 50.446 50.599 50.799 55.619 52.836 50.816 50.836 54.411 50.724 50.709 50.689 50.686 50.686 50.714 50.731 50.849 50.801 51.594 53.036 54.336 55.261 55.359 55.419 55.549
47.294 47.431 47.559 47.676 47.794 49.411 48.239 48.124 48.231 48.309 52.744 52.946 53.179 53.401 53.611 53.831 54.059 53.909 53.684 53.494 52.206 48.396 48.266 49.116 48.311 48.159 48.184 48.174 48.151 48.111 48.629 48.186 48.186 48.994 48.959 49.054 49.164 49.271 49.374 49.456 49.584 49.706 49.839 49.976 50.114 50.251 50.404 50.546 50.739 50.909 57.329 57.499 56.774 53.194 55.206 55.331 52.751 50.741 51.816 51.671 51.026 50.711 50.744 50.776 50.896 51.916 53.246 54.516 55.329 55.451 55.431
47.421 47.551 47.669 47.791 47.884 47.999 49.029 48.461 48.694 48.436 48.426 52.709 52.936 53.144 53.366 53.586 53.831 54.041 53.981 51.714 48.031 48.244 51.151 50.081 48.206 48.221 48.214 48.184 48.164 48.094 48.426 48.164 48.944 48.959 49.069 49.149 49.251 49.356 49.466 49.579 49.696 49.829 49.954 50.089 50.214 50.371 50.526 50.669 50.979 56.749 57.439 57.611 57.789 57.969 56.416 55.149 55.271 54.809 52.211 52.501 52.201 51.101 50.749 50.754 50.774 51.071 52.201 53.486 54.759 55.361 55.466
