dsm/se3138_DSM_2M.asc
ncols 500
nrows 500
xllcorner    431000
yllcorner    438000
cellsize     2
NODATA_value -9999
[rows 374 to 407 of 500, columns 0 to 76 of 500]
130.929 130.354 129.999 125.119 125.089 125.007 124.519 124.327 124.312 124.242 124.137 124.552 124.014 123.984 124.049 123.894 123.789 123.737 124.199 124.659 123.707 123.609 123.447 123.474 123.467 123.467 123.419 123.342 123.264 123.204 123.039 122.949 122.947 123.974 122.907 122.914 122.927 122.914 123.704 128.102 128.779 129.259 129.497 122.192 122.259 122.122 123.982 124.434 124.884 125.499 122.837 122.502 122.112 123.612 122.187 121.552 121.349 121.327 121.332 121.279 123.537 124.897 127.537 128.549 128.072 126.974 124.639 121.872 121.049 121.044 121.029 121.424 120.862 120.892 120.927 120.989 -9999
132.467 132.402 132.314 125.662 126.164 127.194 125.414 124.229 124.192 124.214 125.462 124.042 124.004 123.877 123.822 123.787 123.719 123.654 123.564 124.294 123.954 123.562 123.374 123.412 123.434 123.399 123.334 123.249 123.207 123.144 123.039 122.884 122.844 122.789 123.764 122.797 122.797 122.822 123.147 125.837 127.074 128.787 128.439 125.194 122.567 122.342 124.744 124.697 124.519 125.624 124.329 123.004 123.429 122.082 124.007 124.162 123.789 121.474 121.259 121.232 121.207 127.297 128.399 129.257 128.257 127.139 123.674 121.077 121.017 120.879 120.859 120.824 120.807 120.867 120.884 121.657 -9999
134.022 133.924 133.829 126.359 126.104 127.027 124.579 124.294 126.617 129.662 130.014 125.159 123.869 123.832 123.774 123.719 123.594 123.589 123.624 123.674 123.567 123.487 123.332 123.384 123.389 123.324 123.224 123.177 123.107 123.019 122.964 122.899 122.762 122.829 122.689 123.409 122.609 122.759 122.857 123.204 125.369 129.197 129.012 128.552 126.119 124.207 124.802 124.764 124.489 124.042 123.797 123.492 123.887 121.534 121.779 124.212 123.894 124.107 121.572 121.219 127.067 128.152 129.237 128.587 127.379 126.052 121.152 121.002 120.934 120.797 120.752 120.764 120.814 120.807 120.887 121.859 120.719
133.894 134.022 134.157 125.564 125.869 126.187 125.792 130.082 130.849 131.527 130.732 129.422 123.867 123.787 123.799 123.712 123.654 123.629 123.594 124.319 123.457 123.409 123.297 123.347 123.319 123.224 123.144 123.159 123.102 122.974 122.834 123.154 122.832 122.639 122.667 122.592 122.764 122.967 122.879 123.599 124.009 128.644 129.104 128.984 122.537 121.974 122.849 124.712 124.322 123.227 123.002 123.992 122.137 121.419 121.237 121.262 122.224 122.937 121.179 126.024 127.839 128.874 128.707 127.624 126.714 121.174 121.282 120.914 120.832 120.749 120.692 120.777 120.752 120.954 122.139 120.639 120.599
132.359 132.467 131.207 124.877 125.409 124.062 124.877 131.002 132.309 132.684 131.399 130.119 124.102 123.892 123.807 123.707 123.514 123.554 123.517 123.517 123.372 123.322 123.302 123.307 123.244 123.267 123.262 123.192 123.092 122.987 122.889 122.847 124.092 122.897 122.514 122.492 122.472 122.344 123.232 122.379 122.039 123.029 127.502 124.434 121.967 121.939 122.689 122.219 124.089 122.119 123.927 123.429 121.374 121.347 121.302 121.199 121.197 121.692 121.462 121.167 125.839 127.827 127.824 126.812 121.717 121.097 121.049 120.992 120.759 120.654 120.724 120.709 120.707 121.532 120.644 120.554 120.379
127.924 130.962 129.214 124.789 124.242 123.967 124.137 129.699 131.674 132.974 132.734 130.764 129.424 123.994 123.874 123.692 123.584 123.549 123.497 123.442 123.327 123.249 123.292 123.252 123.294 123.299 123.352 123.632 125.632 125.709 122.904 122.827 122.612 122.509 122.484 122.377 122.309 122.329 122.172 123.297 122.012 121.994 121.987 121.944 121.929 123.102 122.332 121.904 122.502 121.527 122.339 121.464 121.277 121.377 121.672 121.217 121.144 121.087 121.179 122.369 121.137 124.732 126.894 121.542 121.037 121.034 121.202 120.867 120.659 120.672 120.684 120.647 120.684 120.597 120.602 120.389 120.322
124.527 129.674 127.294 124.777 124.054 123.877 123.877 124.884 130.964 132.322 132.757 131.354 130.089 124.682 123.987 123.637 123.552 123.504 123.497 123.324 123.259 123.272 123.267 123.237 123.672 124.114 123.457 123.139 123.154 123.819 124.667 122.747 122.697 122.504 122.382 122.349 122.262 122.157 122.199 122.027 122.869 122.047 121.942 121.917 121.889 122.054 121.887 122.074 121.627 121.467 122.114 121.274 124.404 124.439 124.482 121.119 121.189 122.157 121.222 123.007 123.109 121.202 121.089 120.942 121.007 120.984 120.884 120.659 120.624 120.654 120.672 120.829 120.622 120.499 121.489 120.334 120.267
124.134 124.159 124.644 124.842 124.912 125.672 126.434 124.137 129.869 130.907 132.374 131.582 130.674 126.892 123.799 123.694 123.662 123.532 123.384 123.274 123.229 123.264 123.204 123.727 129.407 129.564 126.437 124.647 123.164 123.134 123.202 123.364 122.574 122.557 122.399 122.252 122.202 122.147 122.024 122.059 121.909 122.319 121.862 121.867 121.852 121.867 121.962 121.817 121.614 121.797 121.819 121.219 125.537 125.742 125.959 126.182 126.782 127.069 123.407 121.952 123.032 121.094 121.672 121.827 120.822 121.117 120.684 120.562 120.617 120.612 121.139 120.677 120.494 120.364 120.272 120.374 120.222
124.099 124.069 126.377 126.819 126.592 124.794 123.687 123.977 127.437 130.932 132.164 131.527 130.252 126.902 123.719 123.559 123.509 123.402 123.267 123.202 123.257 123.224 123.229 123.252 127.237 129.542 125.707 124.384 123.087 123.089 123.049 123.062 124.522 122.404 122.424 122.292 123.374 122.082 122.017 121.897 121.874 121.757 121.722 121.754 121.814 121.837 122.072 121.474 122.407 121.357 124.099 125.807 127.389 127.909 127.987 128.142 128.319 127.629 123.949 121.332 120.927 121.142 121.407 121.472 120.642 120.604 120.504 120.562 120.552 120.654 120.659 120.472 120.377 120.249 120.297 120.179 120.247
124.039 123.984 126.317 126.652 123.922 123.659 123.609 123.669 127.232 130.257 131.347 132.019 130.922 128.677 123.497 123.517 123.559 123.319 123.229 123.217 123.234 123.162 123.259 123.244 124.004 124.617 123.082 123.022 124.399 122.979 122.974 122.942 122.902 123.497 122.534 122.254 122.172 123.937 121.957 121.884 121.787 121.717 121.684 121.629 122.337 122.229 121.472 121.449 121.412 121.469 127.689 127.994 128.154 128.689 129.062 128.962 128.839 127.747 124.467 120.934 120.902 120.867 121.334 120.597 120.549 120.434 120.492 120.509 120.589 121.357 120.524 120.407 120.359 121.679 126.049 124.589 120.279
124.104 124.062 124.587 125.844 123.787 123.587 123.592 123.552 124.372 127.872 130.897 130.644 126.512 123.609 123.527 123.459 123.357 123.197 123.144 123.212 123.187 123.182 123.252 123.234 124.357 123.007 123.157 124.902 129.212 128.492 125.952 122.924 122.932 122.824 123.459 123.012 122.082 122.069 121.849 122.064 121.787 121.679 121.629 121.669 121.524 121.909 122.212 121.399 121.382 121.314 127.449 127.677 127.562 127.854 127.704 127.857 127.432 127.304 124.627 120.842 120.819 120.807 120.739 121.447 120.397 120.444 120.459 120.492 120.547 120.439 120.362 120.267 120.667 125.929 127.029 126.502 125.444
124.209 123.979 125.622 125.709 125.192 125.149 123.547 123.482 123.547 127.202 129.022 123.654 123.502 124.407 123.442 123.314 123.239 123.177 123.152 123.199 123.129 123.237 123.304 123.297 124.977 123.554 122.974 128.659 129.852 129.954 129.384 128.712 123.697 122.832 125.664 123.907 123.504 121.904 121.912 122.694 122.399 121.689 121.594 121.544 121.537 121.409 121.809 121.364 121.332 121.269 121.534 121.074 125.162 124.844 124.749 123.014 122.327 121.579 121.074 120.799 120.739 120.709 120.704 120.459 120.377 120.427 120.347 120.489 120.379 120.389 120.292 120.169 125.779 126.834 127.889 127.479 126.457
124.147 123.592 123.812 125.289 123.397 123.429 123.857 125.119 124.469 123.484 123.452 123.959 123.447 123.694 124.294 123.249 123.139 123.104 123.179 123.142 123.139 123.239 123.287 123.164 123.072 123.294 123.217 129.204 130.439 131.004 129.802 128.079 125.872 122.744 123.407 121.997 122.447 124.139 121.734 121.684 121.682 121.617 121.572 121.484 121.417 121.399 121.317 121.287 121.272 121.809 121.157 121.389 120.984 121.062 120.909 121.257 120.759 120.922 120.709 120.724 120.687 120.832 120.542 120.317 120.379 120.379 120.467 120.494 120.382 120.239 120.239 124.689 126.519 127.664 127.902 126.752 123.637
124.034 123.562 123.539 123.444 126.612 126.479 126.422 123.537 123.587 124.282 123.994 123.457 124.187 123.392 123.327 123.184 123.084 123.109 123.157 123.069 123.074 123.207 123.182 123.139 123.032 122.992 128.637 129.799 131.057 130.467 129.207 123.569 124.432 122.717 122.159 122.034 122.049 124.164 121.952 121.629 121.609 121.864 122.484 121.457 121.369 121.229 121.207 121.179 121.287 121.119 121.067 120.989 120.924 120.892 120.834 120.959 120.707 120.667 120.637 120.564 121.219 120.419 120.269 120.324 120.327 120.434 120.422 120.317 120.292 120.204 121.062 126.332 127.422 128.034 127.014 125.284 119.912
124.174 123.902 123.537 123.339 123.324 128.284 129.952 129.422 128.074 124.467 123.247 124.054 124.692 123.509 123.214 123.114 123.029 123.139 123.109 123.022 123.062 123.119 123.174 123.109 123.022 124.492 129.177 130.392 131.072 129.847 127.579 122.937 122.904 122.302 122.122 122.024 121.872 122.212 121.699 123.092 122.114 121.437 121.512 121.349 121.332 121.259 121.117 121.079 121.069 121.042 123.017 120.917 120.859 120.759 120.757 120.677 120.632 120.617 120.612 120.537 120.444 120.217 120.274 120.282 120.369 120.552 120.317 120.264 120.252 120.094 121.232 123.794 126.514 127.232 126.149 120.342 122.389
124.022 123.864 124.379 123.474 124.437 129.402 131.039 130.647 130.112 129.174 123.184 124.174 124.069 123.497 124.177 123.059 123.062 123.122 123.052 123.119 123.129 123.134 123.124 123.064 122.992 124.999 129.209 129.769 130.314 129.257 122.707 122.739 122.697 122.139 122.154 123.577 123.724 123.814 121.757 121.794 122.059 121.604 121.357 121.262 121.219 121.199 121.122 120.994 121.022 120.939 120.882 120.919 120.762 120.707 120.704 120.654 120.642 120.572 120.537 120.707 120.252 120.212 120.434 120.347 120.517 120.472 119.984 120.037 119.964 119.954 120.239 120.074 121.869 126.269 124.097 120.002 119.747
123.954 123.797 123.542 124.034 124.657 129.942 131.149 131.082 129.822 126.997 124.107 123.379 123.194 123.059 123.032 122.992 123.092 123.084 123.002 123.092 123.207 123.149 123.424 123.022 123.017 123.002 123.194 125.929 129.179 128.622 123.947 122.484 122.222 122.074 122.112 123.932 124.094 124.107 124.089 122.727 121.719 121.234 121.357 121.222 121.147 121.077 121.077 120.999 120.867 120.897 120.822 120.719 120.749 120.619 120.584 120.532 120.589 120.484 120.882 120.267 120.162 120.397 121.439 120.357 120.384 120.154 121.907 124.044 124.132 122.269 121.839 119.877 120.119 119.997 121.929 119.767 119.559
126.049 123.762 123.559 123.354 129.219 130.372 131.602 131.039 129.344 124.547 123.827 123.247 123.224 123.149 123.044 123.032 123.094 123.012 122.984 123.054 123.024 122.917 122.814 123.182 123.027 123.027 122.994 122.979 123.389 122.934 123.127 122.429 122.052 121.954 121.894 122.027 124.077 124.054 124.059 121.934 121.404 121.077 121.127 121.367 121.097 121.092 120.949 120.927 120.864 120.734 120.699 120.687 120.564 120.849 120.454 120.424 120.842 120.437 120.267 120.124 120.179 120.142 120.334 120.339 119.924 119.734 122.162 126.209 125.524 123.154 123.027 119.697 120.529 120.149 120.184 121.212 119.472
126.584 125.989 126.754 125.979 129.712 130.962 130.979 130.009 127.329 124.897 124.534 123.339 124.382 123.087 123.034 123.054 123.057 122.954 122.979 123.029 122.974 122.872 122.749 122.804 122.639 122.899 123.094 123.572 124.242 122.922 124.947 124.942 123.737 121.867 121.857 121.782 121.714 123.307 122.952 121.509 120.939 120.734 120.827 120.767 121.242 120.942 120.947 121.422 121.832 120.712 120.602 120.534 120.547 120.402 120.807 120.664 120.317 120.222 120.092 120.114 120.107 120.129 120.057 119.939 119.847 119.732 121.567 126.102 125.744 125.482 125.542 119.719 119.664 119.772 120.764 121.999 121.584
126.632 125.982 126.012 128.107 129.622 130.134 130.552 129.474 126.414 123.179 123.339 123.737 123.382 123.037 122.989 123.077 123.007 123.049 123.069 123.184 122.902 122.812 122.947 126.582 128.564 127.504 124.209 123.042 122.897 123.032 124.959 124.892 122.954 121.814 121.829 121.914 121.892 121.697 121.179 120.977 120.529 121.267 120.559 120.617 120.622 121.089 120.984 120.792 120.952 120.799 120.579 120.479 120.357 120.362 120.327 120.304 120.222 120.007 120.084 120.069 120.067 120.084 119.989 119.949 119.817 119.742 120.024 126.007 126.782 126.907 125.719 119.939 119.639 119.622 119.609 119.917 121.832
126.589 126.517 125.764 124.614 124.322 127.047 129.444 128.727 123.314 123.134 123.067 123.124 123.089 123.009 123.009 123.052 122.967 123.069 123.062 123.094 123.064 122.979 124.587 127.692 129.527 129.279 128.809 128.354 123.412 122.727 124.954 124.932 121.889 121.779 121.787 121.757 121.829 121.344 121.057 120.522 121.122 126.544 124.292 121.299 120.564 121.434 121.299 121.237 120.634 120.539 120.492 120.434 120.347 120.237 120.222 120.187 120.097 120.039 120.054 119.989 123.689 121.529 119.889 119.854 121.144 120.792 121.064 125.884 127.257 127.242 125.822 120.597 120.244 119.974 119.787 119.854 119.652
126.624 123.887 123.814 123.704 123.512 123.899 123.662 124.067 123.827 124.014 123.084 123.179 123.002 122.957 123.042 122.989 123.019 123.052 124.182 122.799 122.799 122.742 126.227 128.889 129.987 130.442 129.402 127.937 124.647 124.459 121.717 125.102 125.369 123.689 121.832 121.644 121.652 121.102 120.517 120.487 126.544 127.514 126.737 125.977 122.562 120.547 120.619 120.884 120.839 120.477 120.412 120.347 120.302 120.252 120.152 120.072 120.044 120.017 119.957 120.032 122.194 121.579 119.949 119.864 120.117 119.852 120.049 125.744 127.199 127.329 125.967 122.452 121.134 119.737 119.472 119.577 121.344
124.092 124.379 128.947 128.589 124.464 123.739 123.539 123.712 123.239 123.219 123.092 123.009 122.992 122.982 123.022 122.942 123.044 123.292 123.097 123.107 122.794 123.052 128.447 129.629 130.452 130.142 128.902 125.597 125.527 122.719 121.327 121.332 121.784 124.004 125.114 126.889 122.242 120.449 120.459 126.182 127.427 128.424 127.792 127.144 126.042 122.347 120.524 122.614 120.487 120.387 120.329 120.274 120.914 120.247 120.137 120.064 120.012 119.949 119.949 119.977 120.299 120.034 119.704 119.684 119.629 119.564 119.519 125.624 126.989 127.482 126.077 122.322 120.052 119.182 119.119 121.612 121.344
124.092 125.362 130.449 130.972 130.229 129.257 125.347 123.442 123.412 123.182 123.079 122.977 122.907 122.994 122.967 122.959 123.054 123.344 122.899 122.884 123.377 122.844 128.914 130.154 130.837 129.669 128.449 121.992 121.477 121.567 121.349 121.334 121.314 122.692 124.369 126.372 123.004 122.574 120.767 121.609 126.694 127.592 128.579 127.902 126.984 125.472 122.264 120.454 120.297 120.234 120.624 120.249 120.262 121.607 120.132 120.024 119.932 119.852 119.892 119.869 120.219 119.822 119.699 119.627 119.552 119.492 119.674 125.444 126.817 127.239 126.219 123.472 119.689 119.114 121.767 121.294 119.832
124.264 128.877 130.889 131.652 131.739 130.227 124.414 124.094 124.609 124.119 123.087 122.972 122.919 122.992 122.919 122.934 123.029 123.352 122.897 122.872 122.934 128.199 129.404 130.742 130.637 129.217 125.304 121.314 121.384 121.327 121.332 121.319 121.302 123.832 127.627 127.762 122.804 121.047 120.334 123.002 130.434 127.982 127.449 128.304 127.287 125.144 120.414 120.249 121.082 120.052 120.282 120.952 120.089 120.107 119.967 119.932 119.884 119.797 119.712 119.787 119.712 120.099 119.694 119.614 119.527 119.427 119.364 124.092 126.547 127.354 125.957 121.807 119.639 120.802 118.774 121.449 118.729
127.087 124.927 125.904 129.967 130.747 128.314 123.892 123.642 123.652 124.437 123.067 122.952 122.969 122.997 122.877 122.914 122.964 122.997 122.867 122.849 122.844 128.629 129.842 130.962 129.942 128.707 121.554 122.552 121.434 121.317 121.307 121.299 121.262 125.212 127.947 127.877 121.232 120.357 120.249 130.667 133.279 132.632 126.934 127.289 126.197 120.524 120.267 119.972 120.829 119.937 119.939 120.027 121.094 119.942 119.994 119.834 119.792 119.749 119.667 119.639 119.724 119.582 119.957 119.507 119.457 119.369 119.597 120.349 126.432 126.379 126.097 121.359 119.184 118.989 119.819 124.852 122.812
125.334 124.982 125.992 124.709 125.417 124.007 124.267 123.887 123.609 125.182 123.072 122.952 123.022 122.977 122.892 122.934 122.934 122.982 124.122 123.124 123.784 128.897 129.427 129.869 129.432 127.154 121.199 121.169 121.177 121.232 121.327 122.202 124.797 127.509 123.184 120.514 120.374 120.354 120.297 131.349 134.204 133.324 125.237 125.842 120.939 120.934 119.917 122.627 126.034 123.952 120.142 120.137 119.909 120.254 119.807 119.794 119.677 119.654 119.629 119.564 119.502 119.552 119.432 119.764 119.349 119.229 120.094 119.314 120.872 119.932 119.307 119.044 118.607 118.889 124.842 125.267 123.127
130.264 125.297 124.834 126.174 126.257 124.172 123.892 123.654 123.562 124.394 123.059 122.974 123.039 122.962 122.947 123.044 123.484 122.952 122.939 123.347 126.364 127.747 128.169 128.667 128.922 123.499 121.517 121.242 121.147 121.139 121.097 121.682 123.559 125.437 123.119 121.444 120.369 120.459 120.344 126.912 130.852 121.817 122.639 120.354 120.947 119.879 121.237 126.297 127.074 126.132 125.154 120.777 119.894 119.852 119.829 119.714 119.652 119.562 119.537 119.504 119.442 119.362 119.424 119.292 119.352 119.162 119.084 119.289 118.989 119.002 119.002 118.614 118.747 124.687 125.679 124.847 123.429
132.142 127.787 125.347 124.632 125.129 124.187 123.997 123.917 124.534 123.487 123.072 123.024 123.049 122.967 122.964 123.054 123.674 123.182 123.452 123.052 124.417 126.829 127.694 125.959 125.542 122.587 122.034 121.274 121.179 121.162 121.187 121.282 121.544 124.214 127.719 124.887 121.117 121.694 124.764 123.772 120.092 120.479 121.704 120.459 120.649 119.799 126.189 127.139 128.077 127.324 126.277 125.517 120.447 119.839 119.802 119.727 119.622 119.539 119.477 119.417 119.382 119.314 119.232 119.257 119.162 119.197 119.032 118.962 118.944 118.954 118.724 119.467 124.589 125.604 126.577 125.894 125.577
133.277 130.912 126.294 124.682 124.502 124.372 124.182 123.837 125.427 123.154 123.037 123.067 123.054 122.962 122.937 123.037 123.329 123.044 123.592 124.684 124.229 122.692 122.977 124.034 124.117 123.479 122.274 121.794 121.699 121.582 122.122 121.942 121.297 121.634 123.849 123.739 123.967 126.969 128.819 121.957 125.684 122.172 122.184 121.772 119.799 120.272 121.969 126.352 127.342 128.127 127.347 126.442 124.877 120.059 119.779 119.572 120.374 119.504 119.474 119.437 119.294 119.332 119.204 119.104 119.122 119.049 118.914 118.884 118.889 119.199 119.687 118.532 120.314 124.739 125.657 126.589 126.674
132.017 130.547 124.934 124.682 124.527 124.387 124.314 125.679 124.562 123.189 123.062 123.069 123.052 122.979 122.884 122.992 123.702 123.737 124.657 123.157 123.299 123.489 124.487 124.982 122.654 122.202 122.009 121.989 121.947 121.524 121.414 121.929 121.769 121.247 121.592 121.852 124.887 126.039 127.904 131.032 127.392 122.202 120.717 121.989 119.472 119.499 119.832 120.074 126.574 128.179 128.182 127.504 125.209 119.829 119.459 120.219 119.422 119.389 119.497 119.322 119.342 119.857 119.354 119.089 118.959 118.924 118.814 118.769 119.537 118.582 118.549 118.542 118.602 122.127 124.607 125.519 126.192
130.347 128.407 124.934 124.734 124.579 124.419 124.344 123.847 123.359 123.214 123.149 123.107 123.064 122.987 122.864 122.979 123.632 123.317 123.184 122.789 122.629 124.969 124.999 125.324 126.512 125.992 124.917 121.817 121.687 121.494 121.597 121.634 121.334 121.194 121.024 121.309 121.297 122.227 126.324 129.217 125.117 120.072 122.177 120.234 119.397 119.412 119.427 120.784 123.654 128.174 128.184 124.932 121.232 119.439 119.249 124.994 121.117 119.342 119.309 119.619 119.187 119.219 119.197 119.004 118.944 118.847 118.737 118.694 118.629 118.587 118.592 118.494 118.507 118.692 120.889 124.467 125.379
125.312 125.249 124.877 124.754 124.657 124.467 124.134 123.667 123.444 123.282 123.217 123.109 123.064 122.992 122.867 122.917 123.504 124.982 122.804 123.879 122.852 126.084 129.289 129.792 128.509 126.374 123.999 121.814 121.719 121.987 122.787 121.589 121.007 120.934 120.977 120.787 120.704 120.537 121.217 123.089 120.547 119.814 119.672 119.382 119.347 119.357 120.372 119.879 123.197 123.594 126.594 121.137 122.062 119.197 124.369 125.404 124.349 119.674 120.422 119.274 119.897 119.044 119.007 118.902 118.864 118.819 118.722 118.622 118.574 118.647 119.697 118.487 118.459 121.324 118.662 121.352 123.814
125.284 125.224 124.847 124.689 124.664 124.404 123.929 123.652 123.457 123.367 123.222 123.092 123.037 122.999 122.887 122.837 122.927 123.087 123.182 122.737 122.634 126.972 128.799 129.937 128.929 127.652 123.114 123.022 121.774 121.404 121.234 121.117 121.019 122.309 120.954 120.817 120.779 120.547 120.437 120.997 120.472 119.974 119.607 119.374 119.339 120.144 119.344 119.332 119.767 122.759 119.752 120.329 119.144 124.802 126.049 126.222 125.309 124.409 119.979 119.172 119.219 119.169 118.929 118.852 118.754 118.722 118.689 118.614 118.507 118.544 118.422 119.449 118.964 120.639 119.407 118.289 118.554
