dsm/se3131_DSM_2M.asc
ncols 500
nrows 500
xllcorner    431000
yllcorner    431000
cellsize     2
NODATA_value -9999
[rows 384 to 415 of 500, columns 0 to 71 of 500]
40.512 40.31 40.182 40.043 39.905 39.74 39.663 39.504 39.331 39.229 39.031 37.585 36.486 32.492 30.985 30.864 30.855 30.972 30.918 30.999 31.054 31.015 31.096 31.009 30.932 30.887 31.063 37.903 30.783 36.243 37.33 37.099 30.191 29.968 29.982 29.989 29.899 29.894 30.045 34.762 37.549 36.835 35.913 30.934 30.668 30.619 30.595 30.612 30.58 30.558 30.536 30.487 30.454 30.449 30.417 30.434 30.367 30.386 30.345 30.337 30.325 34.732 37.737 31.962 29.364 29.167 29.031 29.078 29.003 29.824 29.623 30.14
40.668 40.518 40.437 40.26 40.145 39.964 39.85 39.72 39.579 39.447 39.303 39.117 38.929 35.974 36.061 31.693 31.072 31.197 33.989 35.435 31.437 36.566 32.156 31.043 31.042 30.922 34.535 31.252 34.558 37.278 38.649 30.114 32.23 30.057 30.055 30.04 29.958 29.91 30.113 35.69 37.023 37.157 36.38 34.468 30.807 30.617 30.601 30.616 30.584 30.602 30.539 30.525 30.495 30.442 30.453 30.405 30.36 30.347 30.32 30.281 30.307 30.325 32.669 35.916 30.548 29.124 29.02 29.026 29.013 29.051 29.428 29.291
40.946 40.776 40.653 40.444 40.339 40.237 40.109 39.951 39.824 39.631 39.511 39.378 39.219 39.066 38.167 34.974 36.249 38.779 38.518 38.964 38.277 38.911 33.76 32.569 31.012 31.105 31.939 31.128 30.93 31.404 32.564 30.764 30.01 30.003 30.118 30.082 30.033 29.981 30.104 31.349 36.289 36.807 37.177 36.066 31.893 30.676 30.609 30.607 30.632 30.615 30.588 30.548 30.529 30.499 30.474 30.426 30.411 30.348 30.324 30.295 30.261 30.294 34.896 34.479 30.098 29.138 29.041 29.055 29.007 28.948 29.381 29.147
41.184 40.994 40.876 40.73 40.615 40.444 40.273 40.16 40.025 39.886 39.763 39.564 39.478 39.255 39.197 39.01 39.062 39.117 39.2 39.215 39.296 39.371 35.291 37.007 31.229 31.067 31.024 31.198 33.225 32.878 32.49 29.939 29.992 30.041 30.136 30.149 30.137 30.072 30.012 30.23 32.371 35.867 38.02 37.524 32.817 30.726 30.66 30.631 30.637 30.622 30.569 30.538 30.482 30.51 30.48 30.442 30.376 30.347 30.358 30.364 30.25 30.196 34.116 35.816 30.626 29.185 29.023 29.034 29.023 28.998 29.49 29.131
41.367 41.24 41.078 40.954 40.829 40.704 40.526 40.405 40.246 40.118 39.994 39.85 39.676 39.517 39.344 39.295 39.255 39.37 39.425 39.506 39.53 39.592 39.508 36.668 31.321 31.137 31.1 31.11 33.926 30.928 30.058 30.026 30.053 30.068 30.154 30.181 30.219 30.123 30.093 30.2 30.992 35.296 37.197 38.188 35.035 30.904 30.693 30.638 30.622 30.627 30.61 30.535 30.5 30.467 30.457 30.437 30.453 30.464 30.423 30.375 30.263 30.789 35.636 36.596 31.293 29.179 29.038 29.042 29.024 29.009 29.205 29.21
41.568 41.44 41.325 41.128 41.019 40.943 40.715 40.617 40.479 40.341 40.184 40.041 39.936 39.776 39.582 39.537 39.589 39.653 39.697 39.736 39.842 39.871 39.783 36.745 31.312 31.209 31.146 31.117 31.152 30.828 30.345 30.112 30.039 30.09 30.223 30.187 30.222 30.245 30.163 30.152 30.406 33.66 37.302 38.479 37.262 31.735 30.76 30.695 30.651 30.637 30.654 30.608 30.607 31.104 30.671 30.618 30.572 30.598 30.569 30.449 30.444 30.223 30.942 33.941 29.441 29.172 29.046 29.05 29.014 29 29.132 29.508
41.825 41.669 41.598 41.415 41.256 41.172 40.959 40.818 40.68 40.592 40.402 40.289 40.152 39.935 39.776 39.809 39.816 39.888 39.944 40.045 39.994 39.975 39.801 37.542 32.68 31.127 31.091 31.319 31.721 31.669 30.932 30.231 30.185 30.161 30.208 30.234 30.286 30.256 30.226 30.219 30.365 33.248 37.664 38.887 39.27 33.334 31.025 31.558 31.392 31.228 34.909 32.414 33.044 35.467 31.798 33.021 32.511 34.46 30.951 34.148 34.026 33.301 34.547 30.662 29.352 29.188 29.077 29.038 29.045 29.031 29.154 29.542
41.684 41.866 41.863 41.645 41.479 41.334 41.173 41.05 40.902 40.764 40.58 40.509 40.381 40.207 40.049 39.977 39.967 39.928 39.889 39.865 39.773 39.754 39.67 38.107 32.73 31.028 31.034 30.998 31.348 31.29 31.073 30.998 30.16 30.127 30.268 30.3 30.333 30.357 30.345 30.294 30.341 31.575 35.523 37.43 39.314 38.264 36.196 34.828 35.28 36.482 38.005 37.776 35.215 36.513 37.042 36.125 37.629 38.21 37.033 36.504 37.063 36.093 36.188 34.329 29.671 29.169 29.07 29.095 29.118 29.063 29.185 29.538
41.463 41.569 41.758 41.902 41.769 41.572 41.45 41.319 41.153 41.029 40.87 40.726 40.467 40.337 40.042 39.777 39.756 39.7 39.584 39.551 39.503 39.515 39.386 35.275 32.617 31.095 31.076 31.065 31.315 31.179 31.173 31.868 30.431 30.185 30.264 30.37 30.361 30.441 30.411 30.353 30.305 30.439 31.396 31.462 37.996 38.66 38.475 36.871 36.356 37.484 38.425 38.151 36.333 37.574 37.428 36.23 37.645 37.9 36.991 37.51 35.855 34.368 35.214 30.979 29.839 29.158 29.137 29.127 29.113 29.088 29.053 29.127
41.195 41.305 41.524 41.713 41.824 41.873 41.665 41.501 41.299 41.002 40.804 40.551 40.328 40.114 39.806 39.651 39.473 39.403 39.401 39.324 39.258 39.186 39.141 39.107 36.501 31.221 31.04 31.067 31.592 31.823 31.441 31.493 31.122 30.364 30.301 30.408 30.405 30.496 30.485 30.45 30.388 30.418 30.582 30.612 35.391 32.839 34.33 31.08 35.195 32.377 35.771 33.623 31.823 32.2 33.192 31.754 33.781 35.893 31.145 31.865 30.503 30.353 30.339 29.473 29.31 29.252 29.219 29.177 29.153 29.139 29.106 29.035
41.013 41.117 41.236 41.411 41.566 41.719 41.603 41.348 41.123 40.876 40.685 40.382 40.191 39.954 39.72 39.502 39.227 39.123 39.084 39.048 39.003 38.928 38.706 38.482 31.938 31.1 31.086 31.151 31.595 31.818 31.493 31.289 31.054 30.484 30.39 30.396 30.482 30.557 30.528 30.493 30.47 30.505 30.47 30.524 30.549 30.631 30.509 30.447 30.39 30.32 30.248 30.186 30.093 30.078 29.988 29.893 29.891 29.781 29.737 29.676 29.592 29.537 29.508 29.413 29.372 29.315 29.224 29.246 29.207 29.156 29.109 29.105
40.727 40.937 41.047 41.226 41.367 41.487 41.433 41.197 40.949 40.653 40.466 40.233 39.983 39.786 39.514 39.368 39.089 38.886 38.588 34.567 33.16 33.142 31.072 31.092 31.048 31.042 31.077 31.151 31.154 32.085 31.599 31.398 31.312 30.55 30.437 30.434 30.567 30.571 30.611 30.617 30.569 30.524 30.567 30.618 30.53 30.546 30.488 30.432 30.324 30.314 30.231 30.183 30.124 30.116 30.041 29.913 29.853 29.83 29.799 29.722 29.653 29.546 29.526 29.462 29.469 29.368 29.325 29.255 29.29 29.186 29.138 29.143
40.48 40.644 40.798 40.968 41.17 41.238 41.297 41.057 40.791 40.57 40.373 40.078 39.89 39.619 39.406 39.189 38.919 34.535 30.896 31.03 30.98 30.947 30.903 30.936 30.955 31.028 31.103 31.13 31.187 31.555 32.059 31.527 31.21 30.661 30.573 30.544 30.62 30.647 30.718 30.72 30.649 30.639 30.629 30.586 30.569 30.577 30.544 30.478 30.394 30.33 30.301 30.241 30.141 30.148 30.052 29.958 29.874 29.872 29.808 29.709 29.643 29.611 29.528 29.464 29.453 29.331 29.324 29.225 29.236 29.156 29.105 29.12
40.286 40.4 40.587 40.689 40.874 41.039 41.112 40.927 40.675 40.431 40.175 39.909 39.718 39.511 39.287 39.027 38.562 30.967 30.829 30.915 30.876 30.899 30.935 30.904 30.969 30.978 31.097 31.042 31.141 31.78 31.709 31.428 31.36 30.866 30.662 30.589 30.71 30.748 30.743 30.76 30.738 30.659 30.651 30.643 30.587 30.551 30.475 30.428 30.399 30.297 30.255 30.216 30.165 30.082 30.021 29.929 29.838 29.831 29.702 29.667 29.636 29.603 29.476 29.425 29.394 29.335 29.303 29.333 29.642 29.22 29.162 29.11
40.072 40.226 40.354 40.487 40.638 40.825 40.942 40.758 40.488 40.283 39.987 39.797 39.562 39.315 39.164 38.746 31.742 30.863 30.873 30.797 30.866 30.88 30.873 30.906 30.926 31.014 30.992 31.008 31.14 31.908 31.679 31.47 31.312 30.954 30.842 30.678 30.712 30.783 30.851 30.845 30.822 30.766 30.676 30.716 30.65 30.593 30.535 30.531 30.474 30.448 30.338 30.302 30.228 30.194 30.051 29.966 29.89 29.839 29.769 29.703 29.735 29.684 29.646 29.667 29.61 29.639 29.488 31.545 32.221 30.057 29.228 29.346
39.837 39.973 40.133 40.239 40.428 40.542 40.672 40.631 40.328 40.096 39.898 39.688 39.395 39.217 38.977 38.6 30.981 30.878 30.805 30.818 30.783 30.886 31.024 31.044 31.14 30.834 30.841 30.978 31.044 31.26 31.816 32.027 31.444 31.232 30.906 30.924 30.757 30.894 30.933 30.915 30.901 30.863 30.839 30.795 30.822 31.252 31.119 31.001 30.823 31.887 30.455 30.613 30.478 30.655 30.06 29.989 29.891 29.855 29.793 29.75 29.812 29.835 29.803 29.827 29.768 29.707 29.609 31.709 32.563 30.759 30.523 29.227
39.584 39.778 39.873 40.032 40.152 40.317 40.474 40.462 40.184 40.008 39.752 39.53 39.303 39.134 38.64 31.739 30.862 30.826 30.781 30.753 30.779 30.843 30.968 31.184 31.619 31.483 31.056 30.934 31.008 31.271 31.736 33.683 31.549 31.536 31.034 30.976 30.873 30.975 31.012 31.075 30.964 30.985 31.015 30.887 30.78 29.957 29.915 32.454 34.108 33.771 31.445 30.212 30.286 30.103 30.061 29.902 29.847 29.809 29.75 29.694 29.838 29.606 29.647 29.635 29.734 29.456 29.507 30.539 29.868 30.271 29.278 29.052
39.354 39.479 39.624 39.785 39.939 40.082 40.246 40.333 40.105 39.832 39.678 39.389 39.191 38.937 34.552 30.849 30.891 30.802 30.814 30.775 30.823 30.859 30.927 31.012 31.401 31.767 32.043 30.941 30.971 31.061 31.798 32.64 31.921 31.567 31.234 31.043 31.016 31.076 31.082 31.161 31.121 31.069 31.112 30.847 30.777 30.191 30.98 33.518 33.434 33.254 31.4 30.455 30.123 29.964 29.915 29.846 29.822 29.757 29.702 29.625 30 29.588 29.71 29.993 29.993 29.582 30.847 29.829 31.464 32.126 31.777 31.105
39.13 39.279 39.44 39.599 39.727 39.862 40.022 40.154 39.944 39.736 39.505 39.237 39.028 34.797 30.899 30.875 30.831 30.833 30.801 30.819 30.863 30.88 30.981 31.285 31.454 31.071 31.107 30.868 30.943 31.021 31.214 31.142 31.414 31.737 31.421 31.139 31.069 31.164 31.181 31.193 31.204 31.174 31.285 31.077 30.444 31.392 33.446 33.583 33.666 34.807 33.646 30.842 30.153 29.903 29.833 29.818 29.756 29.695 29.66 29.636 30.141 29.834 30.883 30.396 31.08 29.817 29.369 30.357 32.977 33.025 33.157 33.029
38.895 39.019 39.238 39.326 39.478 39.629 39.753 39.951 39.814 39.569 39.369 39.148 38.887 33.105 30.878 30.854 30.789 30.832 30.86 30.858 30.875 30.932 31.52 31.69 31.318 30.957 30.884 30.854 30.895 30.953 31.039 31.081 31.277 31.732 31.547 31.288 31.194 31.194 31.253 31.269 31.335 31.288 31.35 31.092 32.226 32.703 34.13 32.527 33.749 35.676 32.794 31.371 30.132 29.884 29.727 29.71 29.651 29.675 29.601 29.593 29.501 29.49 29.568 30.864 31.018 30.059 29.533 29.207 32.91 33.197 33.317 33
33.857 37.165 38.93 39.108 39.256 39.386 39.508 39.659 39.678 39.368 39.153 38.957 34.591 30.872 30.834 30.817 30.815 30.806 30.86 30.85 30.933 30.976 31.9 31.834 31.46 30.903 30.881 30.867 30.887 30.881 31.036 31.098 31.276 31.979 31.822 31.368 31.327 31.724 31.546 31.403 31.424 31.389 31.51 32.113 36.947 34.875 34.836 34.037 34.241 32.184 31.254 30.742 30.075 29.861 29.639 29.597 29.527 29.472 29.491 29.479 29.495 29.389 29.644 29.921 31.285 29.916 29.285 31.487 33.399 33.136 33.069 33.056
34.356 35.58 37.987 37.35 39.065 39.18 39.312 39.478 39.481 39.315 39.018 38.621 30.988 30.856 30.836 30.833 30.858 30.85 30.902 30.92 30.961 31.488 31.873 31.89 31.673 30.975 30.897 30.803 30.895 30.947 31.007 31.05 31.316 31.86 31.862 31.493 31.393 31.395 31.624 31.485 31.522 31.469 31.53 32.734 34.478 34.083 33.308 32.55 32.897 32.811 31.2 30.468 29.876 29.699 29.615 29.526 29.485 29.483 29.428 29.407 29.359 29.355 29.269 29.227 29.374 29.864 29.314 31.621 33.083 33.163 32.957 33.047
34.39 35.619 37.009 36.019 38.536 38.93 39.063 39.219 39.389 39.132 38.779 33.161 30.86 30.884 30.801 30.775 30.782 30.823 30.93 30.951 31.026 31.428 31.399 31.816 31.789 31.165 30.888 30.841 30.879 30.929 30.993 31.002 31.111 32.042 32.268 31.539 31.498 31.61 31.5 31.591 31.627 31.565 31.657 33.098 33.904 33.97 32.408 33.386 33.821 33.739 32.962 30.568 29.99 29.745 29.641 29.565 29.483 29.419 29.39 29.374 29.361 29.367 29.266 29.274 29.587 29.301 29.144 29.387 33.073 33.205 33.079 33.097
38.115 31.331 31.924 34.292 36.761 33.424 38.654 38.988 39.111 39.034 38.637 31.647 30.962 30.851 30.869 30.869 30.81 30.815 30.873 30.918 30.996 31.194 31.477 32.01 32.043 31.324 30.986 30.919 30.897 30.906 31 31.046 31.119 32.008 32.307 31.771 31.653 31.562 31.664 31.734 31.681 31.667 31.721 31.794 32.474 33.079 33.324 34.189 33.945 33.739 31.708 30.608 29.882 29.606 29.6 29.508 29.524 29.423 29.42 29.36 29.335 29.318 29.292 29.25 29.232 29.025 28.96 29.112 32.67 33.465 33.381 33.211
36.471 35.995 34.635 34.633 33.621 36.017 32.937 38.562 38.919 38.758 35.482 34.494 33.452 31.418 30.854 30.868 30.849 30.79 30.87 30.955 30.946 30.985 31.101 31.298 32.501 31.797 30.99 30.921 30.961 30.943 31.044 31.051 31.092 31.876 32.778 31.946 31.738 31.636 31.741 31.775 31.808 31.77 31.804 32.066 31.928 32.573 33.411 35.472 32.692 33.508 31.864 30.679 29.878 29.572 29.521 29.478 29.502 29.436 29.39 29.357 29.303 29.306 29.283 29.268 29.235 29.352 28.999 29.838 30.41 33.362 33.737 33.617
34.24 35.485 34.528 35.419 34.099 36.369 36.694 34.742 34.992 34.685 34.304 34.467 33.209 30.968 30.948 30.847 30.836 30.866 30.842 30.917 30.948 30.974 30.973 30.988 31.126 31.414 31.215 31.128 30.948 30.97 31.046 31.026 31.091 31.924 34.174 32.07 31.808 31.719 31.8 31.892 31.858 31.857 31.889 32.109 32.071 32.293 32.263 33.558 33.406 33.032 31.451 30.782 29.851 29.544 29.465 29.427 29.428 29.4 29.391 29.355 29.36 29.298 29.296 29.282 29.261 29.647 30.45 29.523 29.297 30.734 32.356 33.451
31.599 31.445 33.107 33.052 34.123 35.873 33.973 31.075 35.64 35.157 34.326 33.907 31.274 30.977 30.932 30.882 30.841 30.921 30.883 30.929 30.908 30.912 30.949 30.983 30.994 31.073 31.535 31.311 31.005 30.994 31.013 31.065 31.127 31.344 32.313 32.184 31.943 31.86 31.956 31.939 31.964 31.908 31.972 32.199 32.228 32.363 32.259 32.334 32.334 32.418 31.595 30.843 29.801 29.631 29.385 29.447 29.37 29.39 29.356 29.38 29.334 29.295 29.327 29.25 29.304 29.229 29.22 29.184 31.759 29.412 29.408 29.221
28.562 29.345 29.083 31.733 34.279 34.784 36.25 31.464 30.767 32.179 36.082 34.147 32.082 31.061 30.947 30.945 30.914 30.858 30.861 30.911 30.924 30.894 30.917 30.86 30.928 30.96 30.981 31.346 31.105 31.045 31.089 31.086 31.109 31.91 32.168 32.086 32.04 31.933 32.008 32.084 32.092 32.033 32.051 32.409 32.229 32.475 32.394 35.868 37.18 37.358 34.419 30.761 29.688 29.379 29.33 29.391 29.356 29.378 29.322 29.347 29.321 29.338 29.364 29.741 29.435 29.294 29.288 29.408 33.975 33.249 33.791 32.635
28.467 28.554 28.528 29.106 30.971 32.992 33.164 33.294 34.043 33.746 35.235 29.734 33.921 34.411 31.639 31.144 31.007 30.929 30.862 30.882 30.881 30.821 30.851 30.853 30.939 30.929 31.024 31.291 31.023 31.087 31.102 31.064 31.156 31.537 32.458 32.19 32.097 32.053 32.123 32.164 32.153 32.201 32.225 32.997 32.562 32.548 32.462 35.947 39.97 38.32 37.859 34.736 30.252 29.288 29.333 29.379 29.334 29.345 29.371 29.403 29.37 29.5 30.272 29.494 31.948 29.546 31.197 33.515 33.709 33.94 33.829 33.611
28.599 28.52 28.565 28.559 28.427 30.854 32.35 33.046 34.347 30.337 32.922 31.061 34.646 34.85 33.496 33.911 31.274 30.981 30.894 30.88 30.856 30.813 30.823 30.783 30.838 31.019 31.087 31.089 31.053 31.07 31.072 31.125 31.121 31.373 31.871 32.269 32.28 32.196 32.216 32.277 32.214 32.228 32.203 33.2 32.943 32.758 32.747 36.041 40.112 39.594 34.706 35.031 30.545 29.469 29.352 29.43 29.391 29.37 29.426 29.372 29.377 30.157 30.447 29.517 32.489 33.556 32.74 33.58 33.416 33.884 33.576 33.678
28.762 28.766 28.608 28.595 28.561 28.581 29.484 31.408 32.217 32.613 33.866 29.106 32.21 31.556 35.276 34.948 33.828 34.11 31.088 30.923 30.922 30.852 30.778 30.811 30.86 30.997 31.008 30.978 31.005 31.052 31.095 31.119 31.122 31.42 33.69 33.282 32.296 32.185 32.314 32.364 32.356 32.352 32.345 32.746 32.729 33.005 33.973 33.527 32.545 38.322 39.224 34.315 30.833 29.86 30.026 30.882 29.534 29.432 29.851 30.798 29.389 30.507 29.493 29.485 33.412 33.805 33.547 33.515 33.492 33.453 33.333 33.688
28.849 28.734 28.762 28.595 28.49 28.487 28.487 28.523 29.03 31.509 32.976 33.313 30.267 31.461 34.883 35.38 35.957 35.395 34.714 31.997 30.946 30.924 30.87 30.825 30.887 30.942 31.059 31.021 31.067 31.06 31.124 31.18 31.096 33.379 36.312 33.508 32.466 32.36 32.364 32.416 32.405 32.407 32.484 32.685 32.696 32.731 32.854 32.719 36.847 38.049 36.627 33.357 36.696 29.654 29.426 29.63 29.551 29.432 29.41 29.384 29.43 29.369 29.299 29.692 32.798 33.448 33.591 33.54 33.574 33.576 33.47 33.478
