dsm/se3137_DSM_2M.asc
ncols 500
nrows 500
xllcorner    431000
yllcorner    437000
cellsize     2
NODATA_value -9999
[rows 403 to 433 of 500, columns 0 to 69 of 500]
109.611 109.646 109.979 109.671 109.664 110.059 110.049 109.924 109.984 110.014 110.299 111.001 110.509 111.119 111.039 110.434 107.811 109.229 107.811 107.744 107.629 109.904 109.581 109.311 109.426 107.614 107.076 106.866 106.674 106.524 106.386 106.204 106.014 105.831 105.639 105.679 105.841 106.749 104.456 110.844 112.011 110.574 104.319 104.204 104.239 104.279 104.089 103.974 103.734 102.031 101.914 101.734 101.559 101.596 102.811 101.509 100.364 106.266 107.961 107.846 107.344 108.254 107.754 105.624 99.891 98.736 98.239 98.021 97.731 97.444
109.569 110.156 109.916 111.041 113.024 109.799 111.826 110.139 109.931 109.994 112.731 112.719 111.026 111.034 108.551 107.869 107.896 107.879 107.814 107.709 108.814 114.239 112.209 110.596 110.131 107.621 107.474 106.866 106.539 106.429 106.289 106.096 105.891 105.699 105.519 105.344 105.181 105.796 109.271 110.449 111.094 109.969 104.219 104.119 104.006 103.979 104.054 103.931 103.681 105.716 101.854 101.731 101.586 104.314 103.539 100.926 102.226 100.764 107.266 107.264 107.309 107.729 108.289 107.399 101.619 100.201 98.461 98.124 97.854 97.551
110.669 109.886 110.494 110.196 109.796 113.269 111.814 112.299 111.841 111.591 112.246 111.641 109.164 108.119 107.964 107.959 107.929 107.879 107.784 107.834 109.569 112.244 110.504 110.721 110.181 108.124 106.724 106.484 106.359 106.234 106.126 106.289 105.846 105.576 105.384 105.221 105.036 104.849 104.851 105.654 107.024 105.361 104.159 103.994 103.854 103.916 103.881 103.791 103.601 103.381 102.266 101.691 101.541 101.526 101.209 100.766 100.729 100.581 103.211 107.209 107.884 108.276 107.771 108.686 101.944 99.581 98.446 98.174 99.679 101.811
109.736 110.461 110.524 109.751 109.719 112.629 112.699 113.296 115.566 114.296 109.591 108.316 108.146 108.031 108.039 107.981 107.936 107.851 107.881 116.226 117.114 112.314 108.869 110.179 107.271 106.749 106.469 106.324 106.219 106.094 105.989 106.766 107.319 107.396 105.464 105.079 104.891 104.729 104.546 104.384 104.314 104.166 104.016 103.821 103.731 103.824 103.474 103.531 103.231 102.896 102.701 101.654 101.539 101.371 101.894 101.081 100.601 100.406 100.299 107.136 107.911 107.436 102.266 100.066 101.659 100.804 98.734 101.056 103.426 103.126
110.511 109.924 111.211 109.671 109.644 111.929 113.171 111.124 111.031 111.351 108.299 108.131 108.119 108.109 108.064 107.984 107.899 107.924 108.784 111.331 114.579 111.281 108.959 107.476 107.329 107.574 106.299 106.184 106.066 105.979 106.606 106.184 107.821 107.919 108.511 106.624 105.706 104.581 104.381 104.219 104.079 103.966 103.884 103.674 103.706 103.404 103.336 103.234 102.816 102.694 102.596 103.339 101.539 101.411 101.301 101.006 100.744 100.489 100.311 101.229 106.814 100.309 100.261 99.221 100.104 98.781 104.686 106.419 106.556 104.926
111.529 113.221 116.569 113.451 109.559 110.364 112.721 109.009 108.406 108.271 109.381 108.214 108.171 108.119 108.044 107.934 107.971 109.291 115.796 113.576 109.846 108.631 106.931 107.031 107.741 106.309 106.159 106.071 105.959 105.876 105.924 105.831 105.779 107.394 109.964 109.744 108.496 108.396 104.879 104.104 103.916 103.759 103.691 103.551 103.424 103.736 103.296 103.861 102.741 102.686 104.694 105.046 102.484 101.394 101.286 102.266 101.136 100.644 100.426 102.794 105.216 101.726 99.506 102.046 107.806 100.161 101.361 103.464 107.651 108.626
111.761 113.184 116.596 111.226 108.649 108.536 108.486 108.371 108.291 108.286 108.291 108.236 108.174 108.091 107.954 108.051 111.256 112.899 112.189 112.354 107.954 106.961 106.669 106.479 106.294 106.171 106.074 105.964 105.859 105.819 105.824 105.849 109.234 110.971 112.919 111.679 109.314 108.391 109.709 110.384 106.314 103.609 103.476 103.594 103.434 102.729 102.674 102.731 103.424 105.936 105.909 105.046 104.916 101.371 101.269 101.144 101.706 100.881 100.534 100.781 101.849 99.816 108.394 108.671 108.141 100.899 102.051 105.949 109.536 110.119
108.811 108.751 108.679 108.611 108.519 108.389 108.376 108.389 108.379 108.341 108.289 108.216 108.119 108.099 113.759 114.661 114.426 113.871 111.076 111.456 106.751 107.856 106.389 106.241 106.154 106.061 105.949 105.861 105.801 106.964 105.806 105.781 106.874 112.076 112.996 110.437 109.376 108.664 112.416 114.679 110.849 103.451 103.331 104.009 102.774 102.724 102.686 105.444 106.359 107.084 106.601 105.491 105.051 102.811 101.239 101.444 101.379 101.291 100.739 100.266 100.164 99.929 102.899 107.951 101.749 101.519 107.146 108.519 109.449 109.144
108.654 108.569 108.519 108.509 108.489 108.466 108.431 108.406 108.376 108.304 108.216 108.869 108.579 110.456 117.301 115.149 114.526 115.734 111.981 110.074 106.831 106.241 106.104 106.049 106.009 105.937 106.104 106.641 105.954 105.696 106.111 105.636 105.746 110.209 111.269 111.429 110.426 111.354 112.429 114.781 112.604 105.781 103.151 103.619 102.729 104.706 108.704 108.301 107.364 106.809 106.651 106.131 105.044 105.029 101.351 101.096 102.024 101.116 100.966 102.606 103.869 101.551 100.536 99.631 99.374 101.969 107.356 108.776 109.659 106.876
108.676 108.636 108.596 108.564 108.526 108.491 108.426 108.369 108.296 108.216 113.136 112.639 113.626 111.116 115.391 115.171 116.566 116.826 113.724 107.251 106.214 106.009 105.974 105.919 105.931 106.954 107.249 105.686 105.969 106.219 106.139 105.769 105.574 105.731 107.849 110.366 106.664 105.246 110.439 110.816 111.054 110.046 102.959 103.951 108.031 109.124 110.234 108.931 106.926 105.964 105.839 104.354 105.284 103.411 102.961 101.089 101.009 100.896 101.654 101.094 102.194 101.514 99.884 99.674 99.721 100.634 108.621 109.134 109.044 107.744
108.704 108.646 108.606 108.551 108.494 108.424 108.346 108.344 108.416 111.929 114.231 113.841 113.686 111.436 108.609 113.869 115.019 116.161 113.084 107.006 106.511 106.829 105.849 106.011 106.781 106.471 106.171 105.611 106.659 106.866 105.459 106.834 105.596 106.689 105.374 105.001 104.904 104.816 107.344 111.939 113.471 110.824 108.059 102.794 106.956 109.374 109.046 108.166 105.909 104.631 105.414 104.756 102.131 102.876 102.356 101.049 100.994 100.914 100.766 100.654 100.414 100.141 100.049 99.864 100.174 99.524 103.439 107.949 107.594 105.431
111.984 108.546 108.506 108.466 108.481 108.516 108.536 111.829 114.584 113.811 115.989 113.054 115.134 113.144 111.626 111.929 113.464 113.701 107.459 105.911 106.586 105.769 106.061 106.091 105.556 106.951 107.996 112.224 108.531 106.446 105.349 106.424 105.486 110.419 109.604 105.381 104.946 104.854 109.216 109.864 111.661 111.884 108.914 102.661 103.141 108.376 108.894 108.536 107.014 104.894 102.991 102.126 102.099 102.094 102.666 105.639 100.966 100.881 100.791 101.229 100.586 100.429 105.841 107.329 106.879 102.626 99.606 103.711 103.199 102.734
112.104 115.779 110.889 115.181 113.199 112.901 113.676 115.074 116.354 115.761 115.959 116.969 117.211 117.054 115.206 115.031 113.104 111.434 107.776 106.566 105.729 105.691 106.234 112.156 112.904 116.009 114.059 114.301 108.406 105.369 105.279 106.906 106.956 105.111 106.741 105.569 105.684 104.849 105.149 110.309 112.171 112.196 112.021 104.741 102.579 103.081 108.111 109.659 108.081 103.714 102.619 102.119 102.109 102.099 102.064 101.976 100.949 100.846 100.766 100.654 103.144 104.229 107.769 108.304 108.214 103.214 99.619 99.704 99.651 99.626
114.686 116.319 114.589 118.386 118.006 114.429 117.379 112.709 113.239 117.944 117.386 116.589 117.234 116.339 114.121 112.644 110.151 108.176 106.791 107.399 106.054 106.884 111.141 112.811 114.759 114.866 114.881 114.781 112.579 105.334 105.486 105.344 111.026 111.439 111.414 108.166 107.381 104.889 107.854 107.301 109.779 111.359 109.649 107.841 102.461 102.491 106.421 108.544 108.789 107.826 102.121 103.394 102.096 102.021 101.929 101.874 103.754 100.834 101.729 100.679 104.636 105.106 107.591 108.376 107.669 106.901 99.824 99.689 99.656 99.631
113.126 115.874 113.189 115.986 115.321 112.106 110.649 108.214 108.189 111.534 115.821 115.646 115.059 113.701 113.629 110.374 108.066 106.836 106.299 105.766 105.744 105.751 113.336 114.499 113.699 114.246 113.804 114.836 113.164 106.359 105.214 105.146 111.016 112.619 111.776 109.514 107.734 104.989 104.834 104.816 108.691 109.766 109.666 107.996 102.539 102.384 102.656 107.841 109.421 108.364 104.966 102.786 102.029 101.919 101.866 101.854 102.281 102.146 101.421 100.734 105.041 104.559 104.136 107.719 108.064 107.306 102.089 99.834 99.689 99.934
108.531 108.541 110.836 116.729 118.276 114.011 108.179 107.539 107.351 107.276 113.011 114.676 113.916 112.946 112.924 109.246 105.646 105.694 105.694 105.721 105.754 105.736 112.521 112.216 111.446 113.901 114.839 114.856 113.764 108.311 105.449 105.099 110.471 112.271 112.244 109.836 105.851 104.911 104.896 104.876 108.599 112.854 115.109 115.489 108.684 105.326 102.314 103.716 108.286 109.074 103.386 102.106 102.014 101.876 101.801 101.834 102.021 102.944 100.881 100.774 104.156 102.456 107.134 107.504 108.431 107.699 106.929 101.246 102.181 107.631
108.336 108.216 108.661 114.056 115.051 107.769 107.321 112.186 112.436 106.726 111.656 116.991 115.836 110.796 111.106 105.704 105.526 105.556 105.559 106.259 108.899 106.156 105.704 107.424 109.474 113.106 114.831 114.881 114.831 108.554 105.189 105.086 108.289 112.009 112.746 110.771 105.596 106.286 105.451 104.949 110.889 115.661 114.679 109.641 109.361 109.749 102.236 102.261 107.226 108.771 108.496 102.099 101.954 101.846 101.766 102.384 103.191 102.254 101.411 102.356 100.519 100.686 105.906 107.981 108.311 108.041 107.611 106.701 107.591 108.454
108.331 107.894 107.244 106.936 106.924 106.856 108.326 112.021 112.889 109.626 111.004 116.941 116.246 109.459 110.049 105.561 105.521 105.529 113.916 114.464 114.141 108.301 105.734 105.719 105.659 112.851 114.834 116.441 114.159 110.401 105.404 105.114 105.411 111.619 113.001 111.474 105.561 104.929 104.839 104.671 113.986 114.141 113.089 107.664 119.446 113.459 109.909 102.204 103.211 108.071 109.161 105.421 101.866 101.776 102.079 103.309 103.294 103.816 101.624 100.649 100.459 100.284 100.441 107.169 107.674 107.339 107.219 103.744 105.681 107.696
108.019 107.134 106.856 106.819 108.756 111.391 111.194 111.679 112.971 112.164 108.091 116.266 114.309 110.361 107.256 105.561 105.566 105.496 114.089 116.174 114.656 111.776 105.791 106.104 108.894 114.114 114.314 116.234 114.486 105.269 105.481 105.124 105.651 111.241 112.854 111.876 107.456 104.931 104.821 104.776 114.699 116.644 121.211 113.579 120.859 113.326 107.671 102.151 102.184 106.434 108.499 108.984 107.764 102.261 102.399 105.741 105.256 104.136 100.829 100.661 101.111 101.526 103.171 106.154 106.111 101.489 101.369 101.336 101.326 101.041
107.786 106.824 107.856 113.109 113.614 113.996 112.619 112.924 112.814 112.351 106.829 113.454 112.701 112.809 109.709 107.729 105.556 106.886 114.116 116.051 115.154 113.041 112.666 112.694 112.729 115.006 114.489 115.914 114.994 108.409 105.324 105.236 105.079 110.849 112.474 112.309 108.916 105.456 105.171 104.704 109.384 118.189 117.639 116.326 117.434 110.161 102.141 102.131 102.184 102.234 107.659 108.966 108.461 105.934 101.979 109.654 110.271 108.886 103.749 101.426 101.541 102.684 103.104 101.406 101.604 101.621 101.609 101.414 101.424 101.291
107.604 107.084 106.959 113.319 115.211 114.609 112.646 111.884 111.039 110.224 106.599 106.801 108.144 106.721 109.859 107.736 105.544 105.506 114.299 115.291 115.666 113.496 112.791 112.794 112.804 114.399 113.719 115.394 115.541 112.194 105.234 105.186 105.074 109.054 112.086 112.709 111.064 104.971 104.881 104.699 110.801 112.461 112.756 120.081 116.526 106.071 102.174 102.161 102.226 102.291 104.081 108.246 110.366 108.024 105.501 109.996 109.751 105.036 102.991 101.901 101.566 101.959 101.894 101.909 101.704 101.706 101.709 101.246 99.751 98.984
107.671 106.776 109.299 112.816 114.759 115.089 113.161 109.324 106.684 106.929 106.566 107.369 108.636 108.834 107.479 106.344 105.604 105.521 109.694 114.779 116.149 113.996 113.121 113.114 113.114 113.114 113.241 114.866 116.009 113.491 105.666 105.601 105.119 107.254 111.694 113.006 111.429 105.189 104.879 104.751 113.014 115.729 111.284 119.651 119.286 111.299 104.694 102.214 102.274 102.324 102.381 107.721 108.786 108.634 106.816 102.874 104.221 103.731 101.784 102.156 102.174 102.186 101.959 101.976 101.959 101.214 99.684 99.219 99.094 98.961
107.589 106.886 108.659 112.289 114.271 115.566 113.629 108.379 106.611 107.671 106.566 106.549 106.731 108.886 107.896 105.759 105.654 105.551 106.866 114.261 117.279 114.509 113.299 113.596 113.966 113.804 114.511 116.324 116.259 114.414 106.786 105.564 105.581 105.044 111.314 112.939 111.809 106.946 104.966 107.279 111.149 113.091 112.411 115.769 113.926 105.599 102.264 102.299 102.354 102.411 102.889 103.954 108.124 107.254 101.836 101.796 106.229 104.949 102.534 102.299 102.239 102.241 101.831 100.436 99.596 99.464 99.361 99.246 99.111 98.996
107.444 106.944 106.771 107.361 113.791 114.981 114.024 111.616 106.611 106.576 106.801 106.514 106.486 108.356 108.819 106.681 105.616 105.571 105.491 113.749 115.901 115.019 114.579 114.869 114.726 115.469 115.784 116.106 116.336 114.889 107.896 105.204 105.159 105.044 110.339 112.574 112.204 108.791 104.816 104.691 104.434 110.381 113.561 111.754 108.786 103.144 102.341 102.394 102.441 102.504 102.444 102.559 105.199 101.851 101.821 101.814 102.139 100.999 102.544 102.549 101.829 100.199 99.781 99.676 99.566 99.456 99.359 99.249 99.169 99.091
107.284 106.886 106.739 106.779 113.321 115.099 113.536 110.226 106.629 106.574 106.524 106.489 106.446 106.789 107.269 108.659 106.794 105.566 105.486 110.389 115.381 115.736 115.876 116.186 116.316 116.044 115.566 115.064 115.536 115.376 111.604 105.251 105.216 105.041 109.931 112.194 112.576 110.521 104.821 104.679 104.419 107.071 104.059 103.189 102.814 102.536 102.446 102.489 102.559 102.546 102.486 102.419 104.899 102.291 101.871 101.879 102.871 102.341 102.684 100.324 100.039 99.919 99.794 99.686 99.604 99.504 99.414 99.594 101.036 101.396
107.304 106.936 106.769 106.739 112.814 114.711 114.006 111.426 106.659 106.574 106.509 106.466 106.416 106.371 107.974 108.846 107.204 105.584 105.484 107.361 114.879 116.221 115.484 114.961 114.451 113.939 113.486 111.809 115.031 115.806 113.746 105.859 105.151 105.059 106.601 111.734 111.591 111.176 104.884 104.731 104.381 104.031 103.636 103.279 103.779 102.701 102.554 102.594 102.576 102.564 103.259 104.394 103.281 103.246 101.894 101.991 103.179 101.244 102.849 100.249 100.064 99.956 99.839 99.746 99.669 100.226 101.684 101.659 101.606 101.316
107.361 107.069 106.866 106.751 110.396 113.421 112.929 112.099 106.669 106.576 106.481 106.426 106.341 106.279 106.616 108.584 109.179 108.079 105.531 110.931 114.706 116.286 114.389 111.379 109.884 109.919 109.869 109.864 114.314 113.991 111.921 106.141 105.409 105.536 105.136 109.556 105.571 105.009 104.891 104.759 105.436 104.021 103.599 103.216 102.851 102.739 102.631 102.644 105.501 108.584 109.066 106.964 102.569 103.424 104.726 102.444 102.771 103.359 101.624 100.404 100.159 100.049 99.979 101.514 101.974 101.921 101.721 101.551 101.504 101.264
107.401 107.214 107.029 106.891 106.819 108.981 106.839 106.706 106.649 106.534 106.489 106.561 106.241 106.169 106.511 108.734 109.994 109.499 105.629 107.909 114.609 115.834 114.846 110.621 109.869 109.904 109.874 106.414 107.194 112.049 106.861 106.244 105.479 106.144 105.021 105.026 105.021 104.971 104.824 104.614 104.654 103.751 103.131 102.821 103.691 105.946 108.696 109.174 109.679 110.169 110.374 108.796 102.554 104.304 103.639 103.311 104.401 106.114 103.646 100.344 100.251 100.166 100.976 102.226 101.909 101.839 101.831 101.456 99.639 99.399
107.429 107.314 107.159 107.004 106.864 106.789 106.744 106.679 106.584 106.526 107.881 107.739 107.511 106.474 107.031 108.816 110.511 110.154 108.956 105.516 112.491 113.779 113.356 107.736 107.416 109.906 107.789 105.486 105.924 106.091 106.251 105.454 105.869 105.149 105.121 106.589 105.294 105.289 104.794 104.354 103.079 102.821 107.991 108.774 109.284 109.769 110.261 110.849 110.469 109.976 109.451 108.834 103.946 102.464 102.509 108.199 109.846 108.926 106.094 100.349 100.296 100.226 100.141 102.109 101.734 101.556 100.721 99.501 99.289 99.346
107.421 107.349 107.241 111.784 112.344 106.766 106.704 106.689 106.659 106.671 111.904 110.856 107.536 105.879 105.864 106.169 112.834 112.299 109.064 105.784 106.126 106.749 107.681 106.011 105.464 105.511 105.509 105.484 106.229 105.469 105.504 105.449 105.344 105.406 105.076 105.029 104.954 104.694 104.936 104.639 103.011 102.674 108.921 110.314 110.691 110.391 109.884 109.366 108.834 107.029 105.396 103.046 102.551 102.511 102.394 106.749 102.961 105.616 106.706 100.829 100.294 100.249 100.174 100.749 102.336 102.214 100.664 101.616 103.101 100.601
109.014 113.664 113.549 114.394 116.794 111.104 106.734 106.696 107.344 106.676 107.861 109.376 107.096 105.839 105.629 105.586 110.819 110.216 107.261 105.439 105.446 105.456 105.454 105.459 105.479 105.504 105.494 105.481 105.454 105.441 105.489 105.421 107.431 107.801 105.366 104.881 104.726 104.651 104.399 104.064 103.171 102.681 108.134 109.764 109.301 108.764 108.264 103.766 102.539 103.054 102.639 102.619 102.504 103.006 102.074 103.121 102.776 102.711 101.471 100.681 100.284 100.236 100.159 100.119 101.126 99.876 102.559 102.141 101.256 99.134
