dsm/se3135_DSM_2M.asc
ncols 500
nrows 500
xllcorner    431000
yllcorner    435000
cellsize     2
NODATA_value -9999
[rows 288 to 319 of 500, columns 213 to 283 of 500]
57.629 57.396 55.291 45.384 45.214 45.524 44.471 44.371 44.349 44.311 44.191 43.711 43.626 43.604 43.526 43.464 44.139 46.999 50.191 51.161 52.161 52.739 52.339 52.356 43.814 42.556 42.384 42.449 42.479 42.431 42.511 42.749 43.266 43.576 43.329 42.934 42.654 42.606 42.551 42.516 42.479 42.446 42.406 42.406 42.381 42.351 42.304 42.261 42.246 42.176 42.069 42.036 42.056 42.041 42.074 42.419 43.516 44.009 42.279 42.006 41.757 41.769 41.756 41.761 41.774 41.776 41.794 41.809 41.824 41.831 41.841
57.734 56.364 55.116 52.171 51.561 44.481 44.596 44.196 44.019 43.919 43.889 43.656 43.606 43.571 43.504 43.479 43.569 43.666 44.421 51.179 52.079 52.639 51.646 50.699 42.964 42.489 42.376 42.446 42.464 42.406 42.524 42.984 43.331 43.509 43.229 42.839 42.601 42.594 42.554 42.499 42.451 42.431 42.396 42.391 42.384 42.334 42.281 42.251 42.241 42.214 42.149 42.074 42.031 42.036 42.046 42.039 42.009 43.244 43.631 43.406 42.472 41.902 41.751 41.754 41.762 41.769 41.776 41.779 41.809 41.821 41.831
57.469 56.169 54.891 50.394 51.449 43.829 43.689 43.734 43.719 43.704 43.931 43.621 43.594 43.559 43.484 43.476 47.501 47.809 48.031 51.369 52.284 52.479 51.094 50.474 42.664 42.436 42.371 42.434 42.441 42.404 42.531 42.894 43.314 43.426 43.121 42.739 42.599 42.584 42.566 42.506 42.466 42.436 42.419 42.379 42.364 42.326 42.269 42.256 42.236 42.226 42.209 42.167 42.111 42.021 41.991 42.009 42.044 42.012 41.984 43.954 44.542 41.944 41.954 41.829 41.736 41.769 41.761 41.779 41.794 41.799 41.806
57.264 55.956 52.896 44.109 44.039 43.914 43.841 43.801 43.761 43.714 43.789 43.581 43.579 43.524 43.451 43.481 46.379 46.724 50.061 51.114 52.171 52.629 51.684 48.729 42.759 42.404 42.369 42.419 42.426 42.404 42.569 42.899 43.301 43.319 42.981 42.656 42.616 42.589 42.569 42.509 42.472 42.444 42.411 42.386 42.356 42.306 42.251 42.221 42.201 42.199 42.199 42.161 42.131 42.076 42.006 41.964 41.966 41.981 41.949 41.889 41.831 41.849 41.866 41.981 41.984 41.784 41.762 41.771 41.771 41.792 41.816
57.326 55.944 49.986 44.351 44.191 43.976 43.934 43.804 43.746 43.721 43.654 43.564 43.556 43.509 43.411 43.489 43.769 43.729 46.951 51.289 52.301 52.391 51.346 46.616 42.449 42.349 42.346 42.409 42.389 42.416 42.594 42.936 43.236 43.211 42.871 42.671 42.614 42.611 42.566 42.496 42.479 42.459 42.424 42.384 42.324 42.254 42.226 42.194 42.194 42.216 42.181 42.129 42.097 42.036 42.012 41.984 41.941 41.909 41.839 41.819 41.751 41.784 41.814 43.211 43.681 42.597 41.946 41.739 41.761 41.754 42.789
57.071 55.329 45.454 44.214 44.174 44.226 44.171 44.104 44.044 44.346 43.656 43.536 43.526 43.476 43.396 43.506 43.606 43.746 47.141 51.571 52.496 52.219 51.151 47.209 42.511 42.311 42.344 42.391 42.379 42.454 42.606 42.914 43.129 43.061 42.716 42.669 42.636 42.609 42.576 42.544 42.511 42.486 42.441 42.389 42.339 42.261 42.254 42.216 42.191 42.184 42.164 42.101 42.066 41.989 41.964 41.974 41.969 41.879 41.851 41.804 41.769 41.741 41.792 41.826 42.014 43.031 42.394 42.401 41.914 41.836 41.354
56.869 55.499 51.359 46.421 44.521 44.166 44.191 44.134 43.986 43.891 43.614 43.539 43.511 43.449 43.391 43.549 43.584 43.636 50.621 51.639 52.651 52.324 50.994 42.439 42.434 42.284 42.396 42.419 42.376 42.449 42.646 42.966 43.146 42.981 42.701 42.674 42.666 42.624 42.604 42.619 42.536 42.496 42.429 42.396 42.341 42.299 42.254 42.216 42.171 42.146 42.134 42.061 41.996 41.964 41.926 41.929 41.966 41.896 41.779 41.809 41.804 41.722 41.809 41.829 41.771 41.714 41.674 43.449 42.584 41.869 43.344
56.671 55.249 53.874 52.524 44.744 44.174 44.206 44.054 43.811 43.676 43.526 43.514 43.501 43.509 43.391 43.786 44.174 43.684 50.796 51.811 52.704 51.869 50.824 43.469 42.354 42.326 42.426 42.464 42.371 42.441 42.646 42.999 43.159 43.016 42.719 42.684 42.676 42.649 42.629 42.606 42.536 42.469 42.446 42.391 42.319 42.286 42.256 42.206 42.141 42.121 42.099 42.034 41.954 41.949 41.919 41.884 41.946 41.936 41.826 41.729 41.769 41.696 41.832 41.839 41.794 41.741 41.667 41.591 42.051 42.891 46.439
56.416 55.026 53.639 52.286 44.011 44.049 44.071 43.994 43.831 43.659 43.486 43.494 43.464 43.396 43.396 43.601 43.646 43.766 50.991 51.976 52.656 51.689 50.274 42.486 42.339 42.289 42.344 42.376 42.324 42.424 42.666 43.021 43.199 43.074 42.746 42.694 42.664 42.644 42.581 42.554 42.511 42.454 42.396 42.347 42.316 42.266 42.229 42.196 42.149 42.109 42.071 42.006 41.959 41.881 41.901 41.859 41.924 41.939 41.886 41.741 41.694 41.674 41.784 41.834 41.816 41.774 41.686 41.534 41.436 41.314 42.929
56.021 50.941 44.109 43.979 43.894 43.849 43.811 43.821 43.809 43.611 43.474 43.481 43.436 43.361 43.379 43.649 43.669 44.456 51.134 52.141 52.509 51.511 48.644 42.596 42.316 42.269 42.336 42.349 42.319 42.409 42.714 43.031 43.191 43.066 42.759 42.669 42.674 42.601 42.544 42.526 42.501 42.451 42.379 42.334 42.316 42.284 42.234 42.199 42.139 42.109 42.044 41.969 41.939 41.886 41.886 41.849 41.891 41.944 41.936 41.799 41.626 41.639 41.731 41.824 41.829 41.789 41.706 42.069 41.874 43.989 41.161
56.381 47.356 44.116 44.064 43.999 43.896 43.819 43.741 43.626 43.581 43.466 43.469 43.411 43.319 43.404 43.694 43.691 45.826 51.201 52.286 52.334 50.531 48.724 42.464 42.261 42.266 42.331 42.311 42.319 42.446 42.734 43.076 43.194 43.049 42.774 42.664 42.636 42.584 42.549 42.499 42.494 42.449 42.386 42.359 42.309 42.274 42.246 42.211 42.139 42.099 42.026 41.956 41.934 41.891 41.854 41.834 41.891 41.984 41.919 41.789 41.616 41.576 41.704 41.794 41.806 41.754 41.681 41.542 44.281 43.286 41.167
55.711 44.924 44.196 44.084 44.001 43.931 43.866 43.826 43.729 43.561 43.461 43.444 43.386 43.301 43.414 43.661 43.704 48.961 51.636 52.459 52.651 51.546 46.699 42.601 42.214 42.266 42.314 42.281 42.331 42.446 42.776 43.126 43.284 43.139 42.909 42.756 42.684 42.621 42.586 42.546 42.521 42.486 42.431 42.359 42.329 42.316 42.259 42.221 42.174 42.124 42.046 41.951 41.939 41.914 41.891 41.909 42.046 42.001 41.891 41.751 41.614 41.519 41.671 41.769 41.741 41.696 41.636 41.494 42.429 41.316 41.731
55.916 44.111 44.029 43.946 43.909 43.841 43.814 43.761 43.926 43.529 43.454 43.434 43.359 43.299 43.446 43.649 43.679 49.841 51.699 52.591 52.016 51.004 44.791 42.411 42.199 42.271 42.311 42.251 42.331 42.456 42.846 43.244 43.404 43.291 43.044 42.886 42.784 42.734 42.686 42.646 42.619 42.604 42.566 42.504 42.451 42.389 42.329 42.294 42.226 42.179 42.066 41.954 41.946 41.969 41.999 42.139 42.209 42.081 41.864 41.701 41.604 41.504 41.601 41.726 41.674 41.641 41.601 41.444 41.609 41.279 42.029
56.044 44.299 43.916 43.889 43.879 43.849 43.766 43.771 43.776 43.481 43.436 43.421 43.336 43.304 46.389 45.591 46.021 50.804 51.439 52.676 51.836 50.856 43.596 42.276 43.589 42.259 42.269 42.209 42.316 42.499 42.924 43.314 43.521 43.446 43.266 43.109 42.974 42.921 42.886 42.846 42.826 42.814 42.766 42.724 42.684 42.601 42.576 42.529 42.446 42.331 42.152 42.086 42.054 42.079 42.167 42.306 42.424 42.256 41.956 41.669 41.606 41.521 41.559 41.681 41.614 41.574 41.531 41.347 41.384 41.316 42.501
55.589 44.159 44.049 43.944 43.831 43.731 43.669 43.591 43.564 43.444 43.426 43.394 43.304 43.321 46.746 47.714 50.129 51.299 52.484 52.891 51.724 50.459 42.781 42.264 43.084 42.244 42.234 42.181 42.296 42.516 42.961 43.404 43.619 43.611 43.486 43.346 43.209 43.146 43.109 43.042 42.999 42.961 42.931 42.876 42.819 42.779 42.716 42.669 42.624 42.559 42.409 42.304 42.292 42.364 42.436 42.551 42.632 42.534 42.121 41.734 41.631 41.526 41.539 41.624 41.599 41.556 41.496 41.334 41.457 41.311 42.326
51.214 44.569 44.179 43.984 43.889 43.786 43.719 43.769 43.559 43.436 43.421 43.371 43.329 43.314 43.449 43.564 48.844 52.099 52.679 52.706 52.226 50.749 42.334 42.219 42.166 42.206 42.194 42.156 42.304 42.621 43.036 43.451 43.676 43.706 43.579 43.451 43.311 43.219 43.096 42.979 42.874 42.781 42.719 42.679 42.659 42.649 42.654 42.689 42.711 42.704 42.646 42.619 42.579 42.624 42.676 42.794 42.819 42.681 42.259 41.814 41.604 41.546 41.521 41.556 41.542 42.309 41.431 41.356 41.296 41.516 41.494
47.136 44.201 44.076 44.011 43.889 43.804 43.711 43.586 43.519 43.426 43.411 43.414 43.891 43.326 43.499 43.516 50.901 52.111 52.886 52.516 52.279 49.471 42.396 42.166 42.154 42.194 42.169 42.154 42.309 42.706 43.094 43.756 43.644 43.604 43.429 43.256 43.124 42.959 42.816 42.649 43.626 42.429 42.341 42.309 42.281 43.209 42.319 42.404 42.474 42.554 42.581 42.619 42.664 42.779 42.869 42.974 42.966 42.774 42.417 41.904 41.649 41.569 41.511 41.509 43.457 41.989 41.759 42.029 41.159 41.359 41.554
45.539 44.319 44.139 44.246 43.929 43.816 43.689 43.586 43.426 43.404 43.394 43.401 43.474 43.364 43.586 43.501 52.351 52.354 53.064 52.454 51.786 43.894 42.371 42.119 42.141 42.179 42.141 42.171 42.381 42.851 43.159 43.424 43.499 43.391 43.151 42.911 42.714 42.576 42.421 42.269 42.181 42.074 42.049 41.991 41.979 41.964 41.989 42.019 42.094 42.176 42.266 42.399 42.516 42.691 42.876 43.009 43.039 42.849 42.454 41.974 41.709 41.634 41.539 41.456 41.489 41.394 41.229 41.119 41.086 41.334 41.494
44.151 44.081 44.034 43.959 43.884 43.789 43.679 43.604 43.424 43.399 43.369 43.286 43.221 46.461 47.019 49.789 51.296 52.316 53.144 52.374 52.326 42.479 42.274 42.074 42.121 42.154 42.134 42.174 42.399 42.821 43.131 43.309 43.234 42.991 42.754 43.331 42.324 42.159 42.086 42.021 41.996 41.976 41.976 41.989 42.001 41.996 41.979 41.966 41.941 41.954 42.021 42.121 42.254 42.421 42.631 42.826 42.944 42.821 42.469 42.024 41.786 41.656 41.561 41.429 43.024 41.179 41.099 41.161 41.106 41.271 41.434
44.156 44.091 44.019 43.979 43.906 43.771 43.609 43.511 43.414 43.399 43.346 43.256 43.246 47.291 47.586 49.971 51.134 52.316 53.129 52.229 52.234 42.919 42.206 42.061 42.119 42.136 42.101 42.169 42.426 42.939 43.061 43.134 42.836 42.581 42.349 42.124 42.034 41.989 41.969 42.034 42.324 43.819 44.336 42.341 42.152 42.259 42.064 42.076 42.076 42.329 41.966 41.972 42.031 42.131 42.296 42.484 42.691 42.689 42.417 42.039 41.814 41.641 41.601 41.436 41.204 40.994 40.934 41.024 41.154 41.321 41.406
44.446 44.129 44.056 43.994 43.899 43.746 43.579 43.504 43.406 43.391 43.331 43.234 43.319 45.314 46.896 50.149 51.331 52.484 52.934 51.721 50.529 42.456 42.174 42.056 42.101 42.116 42.066 42.141 42.414 42.756 42.849 42.689 42.409 42.164 42.029 41.979 41.994 42.154 42.004 42.042 42.054 43.336 44.806 44.566 42.149 42.579 42.029 42.051 42.042 42.061 42.271 42.301 41.971 42.009 42.066 42.179 42.331 42.406 42.292 41.981 41.774 41.691 41.619 41.394 41.156 40.944 40.986 42.652 41.211 41.336 41.464
44.024 44.026 44.011 43.991 43.914 43.771 43.621 43.484 43.389 43.371 43.304 43.204 43.401 43.579 43.324 46.904 51.261 52.679 52.719 51.294 49.639 42.449 42.129 42.046 42.089 42.081 42.044 42.129 42.434 42.606 42.529 42.294 42.061 41.981 41.981 42.059 44.016 42.109 41.986 41.976 41.971 42.016 44.514 44.834 43.861 42.074 42.101 42.059 42.049 42.036 42.049 42.044 43.389 41.969 41.999 42.026 42.079 42.139 42.071 41.879 41.781 41.736 41.659 41.441 41.917 40.914 40.894 41.219 41.169 41.396 42.001
44.061 44.031 43.981 43.939 43.809 43.691 43.589 43.461 43.391 43.344 43.279 43.181 43.289 43.381 44.566 48.701 53.156 52.871 52.669 51.316 47.164 42.424 42.074 42.039 42.081 42.059 42.031 42.134 42.356 42.366 42.286 42.009 41.959 42.001 41.979 42.011 42.034 42.046 41.996 41.964 41.939 41.941 42.334 43.942 42.049 42.076 42.074 42.061 42.026 41.911 42.039 42.741 42.059 42.906 42.059 41.999 41.981 41.986 41.939 41.841 41.791 41.781 41.706 41.449 41.174 41.001 40.951 42.341 41.591 41.441 41.814
44.074 43.989 43.904 43.849 43.786 43.686 43.551 43.426 43.374 43.341 43.256 43.166 45.261 46.236 47.276 50.569 51.746 52.981 52.331 51.139 42.939 42.451 42.016 42.026 42.054 42.031 42.034 42.131 42.206 41.989 41.886 41.926 42.196 42.056 42.014 42.026 41.996 42.009 42.016 41.961 41.951 42.024 41.981 41.954 41.924 41.981 42.007 41.974 41.959 41.919 41.929 41.939 42.634 41.981 42.069 42.049 41.979 41.959 41.919 41.851 41.806 41.809 41.741 41.559 41.234 40.964 41.844 41.257 41.361 41.431 42.596
44.074 44.169 43.849 43.769 43.694 43.606 43.521 43.389 43.356 43.321 43.239 43.166 47.271 47.656 49.714 50.886 52.069 53.124 52.136 50.736 44.269 42.296 41.964 42.016 42.031 42.006 42.041 42.131 42.054 41.874 41.931 41.991 42.036 42.009 42.001 42.039 41.956 41.854 41.939 41.981 41.964 47.189 46.644 41.919 41.886 41.884 41.929 42.784 47.746 43.354 44.046 44.624 41.969 41.976 41.971 42.561 42.076 41.979 41.914 41.881 41.836 41.869 41.819 41.694 41.349 41.124 41.616 41.216 41.654 41.691 41.821
43.956 43.854 43.761 44.196 44.026 43.701 43.586 43.361 43.339 43.301 43.209 43.186 46.689 46.949 49.911 51.081 52.229 53.071 51.951 50.721 42.651 42.104 42.116 42.009 42.014 41.969 42.051 42.061 41.966 42.051 42.224 42.051 42.034 42.041 42.201 42.071 42.006 41.944 41.926 42.796 47.436 48.094 48.774 45.436 41.869 41.849 43.476 47.964 48.441 49.239 48.486 47.564 42.136 41.944 41.976 43.659 43.339 41.976 41.944 41.899 41.894 41.924 41.886 41.849 41.601 41.261 41.761 41.186 41.449 41.774 41.876
48.909 43.834 43.754 43.681 43.714 43.534 43.429 43.356 43.329 43.279 43.176 43.209 43.346 43.359 45.784 50.636 52.399 52.894 51.324 50.309 42.334 42.036 43.109 41.999 41.979 41.934 42.031 42.001 42.246 42.616 42.079 42.114 43.449 44.414 42.066 42.069 42.001 41.972 45.046 47.679 48.361 49.039 49.426 48.801 42.691 41.814 41.836 47.284 48.209 49.124 49.154 48.226 47.336 41.972 42.751 41.986 42.054 42.071 41.989 41.974 41.921 41.984 41.984 41.956 41.821 41.494 41.306 41.371 41.566 41.652 41.849
52.196 43.839 43.739 43.659 43.589 43.536 43.566 43.379 43.324 43.264 43.141 43.189 43.301 44.951 47.704 52.059 52.611 52.719 51.519 50.006 42.259 41.986 42.471 41.989 41.961 41.884 42.019 42.191 42.141 42.159 45.756 47.909 45.584 44.989 42.936 42.089 41.981 41.944 47.931 48.601 49.289 49.241 48.556 47.871 46.751 41.796 41.824 42.211 47.546 48.466 49.361 48.904 47.984 45.184 41.949 41.996 41.981 43.181 43.141 42.027 42.031 42.051 42.069 42.061 42.039 41.781 41.616 41.594 41.746 42.279 42.046
43.814 43.729 43.626 43.566 43.794 43.536 44.439 43.351 43.321 43.244 43.116 45.094 44.876 44.764 50.184 51.639 52.799 52.501 51.911 45.946 42.349 41.954 41.919 41.974 41.926 41.869 42.214 42.119 42.109 47.439 48.144 48.696 48.076 42.376 42.124 42.151 42.041 41.964 42.449 49.464 48.964 48.284 47.644 44.924 41.876 41.786 41.814 41.881 43.189 47.792 48.939 49.476 48.644 47.731 43.509 41.889 41.866 41.979 42.521 42.079 42.134 42.139 42.176 42.149 42.171 42.141 41.986 42.011 42.124 44.097 42.649
43.799 43.761 43.664 43.574 43.496 43.429 43.639 43.339 43.319 43.484 43.124 45.326 47.314 49.509 50.686 51.819 52.956 52.259 51.104 45.856 42.284 41.901 41.901 41.939 41.894 41.866 42.196 42.786 47.721 48.376 49.049 49.594 46.121 42.146 42.109 42.161 42.011 41.949 41.906 46.086 48.042 47.386 42.847 41.906 42.164 41.754 41.804 41.876 42.169 46.222 48.059 48.959 49.331 48.384 44.064 43.042 42.081 41.986 42.034 42.156 42.159 42.199 42.271 42.306 42.324 42.401 42.404 42.429 42.561 42.656 42.777
43.804 43.769 43.684 43.561 43.476 43.399 43.341 43.316 43.291 44.291 43.141 46.769 47.124 49.721 50.851 52.049 53.091 52.084 50.886 42.611 41.991 41.851 41.891 41.916 41.869 41.879 42.211 42.104 48.654 49.301 49.474 48.794 45.776 42.086 42.026 42.056 41.949 41.914 41.889 41.851 46.899 41.901 41.861 41.836 41.674 41.681 41.726 41.786 42.589 42.006 47.401 48.306 49.094 42.417 41.769 45.119 41.854 41.989 42.071 42.151 42.246 42.286 42.361 42.454 42.499 42.554 42.684 42.811 42.921 43.044 43.154
43.761 43.834 43.961 43.884 43.551 43.421 43.334 43.309 43.254 43.796 43.119 43.306 44.241 47.036 52.036 52.221 53.004 51.851 50.686 42.449 41.946 41.869 41.879 41.889 41.836 41.876 42.266 42.134 42.519 49.251 48.536 47.869 46.826 42.061 42.061 41.951 41.881 41.851 41.844 41.824 41.809 41.806 41.777 41.694 41.652 41.669 41.716 41.764 41.844 42.454 43.141 46.876 41.866 41.826 41.972 41.757 41.884 42.031 42.149 42.309 42.341 42.344 42.431 42.621 42.699 42.779 42.884 43.039 43.211 43.376 43.504
