dsm/se3134_DSM_2M.asc
ncols 500
nrows 500
xllcorner    431000
yllcorner    434000
cellsize     2
NODATA_value -9999
[rows 96 to 127 of 500, columns 71 to 141 of 500]
36.159 36.096 35.979 35.849 35.799 36.729 36.411 36.239 35.729 37.909 41.649 41.796 41.731 41.674 41.666 41.666 41.731 41.701 41.746 41.681 41.619 40.439 40.361 40.336 40.419 45.396 45.761 46.009 45.841 45.561 40.641 36.751 36.801 36.489 35.971 36.029 36.131 36.186 36.276 36.379 36.454 36.531 36.604 36.671 36.759 36.834 36.929 37.034 37.141 37.266 37.324 37.359 37.679 37.439 37.409 37.441 37.444 37.694 38.381 39.044 39.439 39.544 39.111 37.919 37.924 38.124 38.304 38.456 38.564 38.634 38.724
36.141 36.041 35.889 36.156 35.766 41.049 40.631 37.476 35.751 36.979 37.441 41.659 41.656 41.716 41.649 41.664 41.754 41.721 41.756 41.719 41.671 41.644 40.302 40.364 40.332 41.614 45.573 45.847 46.036 45.712 45.363 36.273 36.19 35.949 36.009 36.054 36.224 36.296 36.351 36.409 36.496 36.606 36.679 36.744 36.816 36.914 37.026 37.124 37.236 37.299 37.361 37.376 37.444 37.531 37.251 37.436 37.599 38.201 38.919 39.504 39.666 39.721 39.856 40.044 38.099 38.109 38.299 38.484 38.656 38.776 38.856
36.079 35.941 35.859 35.749 42.701 42.039 41.364 40.744 39.071 35.761 35.971 36.599 41.294 41.716 41.719 41.756 41.684 41.676 41.689 41.671 41.75 41.655 41.668 40.544 40.367 40.443 45.35 45.674 46.012 45.883 45.56 37.679 35.958 35.971 36.031 36.17 36.311 36.384 36.459 36.479 36.554 36.669 36.729 36.814 36.894 36.981 37.104 37.229 37.309 37.346 37.369 37.379 37.459 38.474 37.379 37.531 38.261 38.856 39.414 39.656 46.539 46.226 41.371 40.496 40.144 38.314 38.326 38.486 38.684 38.861 38.986
36.031 35.889 35.809 38.924 42.719 42.796 42.151 41.484 40.864 39.924 35.811 35.846 36.401 41.506 41.671 41.681 41.674 41.676 41.676 41.785 41.783 41.652 41.691 41.666 40.843 40.323 41.373 45.503 45.823 46.064 39.254 35.947 35.946 35.961 36.585 36.356 36.338 36.426 36.516 36.606 36.601 36.726 36.801 36.869 36.961 37.051 37.186 37.301 37.344 37.374 37.394 37.376 37.594 37.414 37.449 38.119 39.039 39.416 39.644 46.536 46.709 46.711 46.561 41.016 40.041 39.714 38.536 38.529 38.689 38.881 39.056
37.041 35.849 35.986 41.319 41.941 42.606 42.909 42.269 41.604 41.006 40.254 35.836 35.851 36.969 39.811 41.676 41.781 41.781 41.668 41.675 41.658 41.676 41.701 41.689 41.67 41.197 40.34 45.121 45.663 40.929 36.028 35.957 37.128 36.26 36.629 36.677 36.951 36.468 36.57 36.684 36.734 36.764 36.834 36.931 37.021 37.136 37.256 37.339 37.381 37.406 37.386 37.359 37.349 37.421 37.739 38.794 39.386 39.624 46.346 46.704 46.854 46.866 46.741 46.589 42.399 39.611 39.471 38.776 38.776 38.891 39.096
36.736 37.184 40.181 40.526 41.196 41.836 42.474 42.976 42.384 41.721 41.111 40.406 36.311 35.824 35.811 37.924 41.676 41.661 41.703 41.666 41.664 41.762 41.73 41.686 41.748 41.676 41.217 41.009 43.602 36.517 35.972 36.576 37.493 36.942 36.292 36.699 36.37 36.485 36.618 36.718 36.791 36.816 36.896 36.989 37.091 37.229 37.314 37.379 37.401 37.409 37.399 37.366 37.424 37.694 38.421 39.429 39.631 44.779 46.676 46.831 46.991 47.029 46.876 46.744 46.616 43.374 39.574 39.376 39.021 39.009 39.099
39.844 39.864 40.574 40.319 40.429 41.059 41.706 42.364 42.941 42.489 41.816 41.204 40.539 37.604 35.816 35.837 36.433 41.672 41.761 41.713 41.687 41.677 41.672 41.71 41.673 41.75 41.686 40.887 36.181 35.958 36.258 36.51 41.395 41.874 36.742 36.438 36.392 36.508 36.627 36.85 36.881 36.864 36.951 37.049 37.176 37.279 37.361 37.411 37.431 37.426 37.391 37.436 37.479 38.389 39.184 39.599 42.654 46.649 46.814 46.969 47.119 47.174 47.016 46.881 46.759 46.626 44.601 39.596 39.429 39.204 39.226
40.529 40.549 41.241 40.341 40.414 40.311 40.944 41.581 42.244 42.861 42.611 41.966 41.071 40.604 37.071 35.854 35.834 36.772 41.555 41.661 41.722 41.65 41.675 41.708 41.698 41.691 40.978 36.111 35.943 35.911 36.266 40.884 42.211 42.853 42.508 37.022 36.501 36.513 37.22 37.263 36.899 36.962 37.014 37.136 37.246 37.324 37.404 37.444 37.444 37.416 37.449 37.506 37.949 38.821 39.536 41.651 46.636 46.794 46.946 47.094 47.246 47.319 47.164 47.029 46.884 46.766 46.646 45.729 39.636 39.514 39.444
41.231 41.241 41.976 41.869 40.406 40.376 40.219 40.829 41.461 42.116 42.759 42.616 41.411 41.036 40.635 38.75 35.859 35.807 36.207 41.655 41.706 41.72 41.728 41.694 41.679 41.437 36.734 35.97 35.944 35.987 37.326 41.851 42.778 42.829 42.003 41.451 37.236 36.628 36.807 37.791 37.151 37.022 37.086 37.224 37.296 37.374 37.426 37.451 37.439 37.414 37.514 38.059 38.666 39.431 41.384 46.631 46.776 46.919 47.079 47.219 47.369 47.466 47.314 47.176 47.044 46.909 46.781 46.664 46.066 39.641 41.611
41.159 41.071 41.729 42.624 41.976 41.261 40.404 40.174 40.704 41.349 42.014 41.619 41.824 41.461 41.052 40.651 40.117 36.208 35.813 36.052 41.288 41.684 41.705 41.701 41.479 36.973 35.953 35.968 36.516 37.289 41.699 42.595 42.839 42.193 41.587 42.052 42.439 37.325 36.789 36.909 37.014 37.097 37.169 37.279 37.356 37.406 37.434 37.446 37.419 37.531 37.831 38.649 39.334 39.686 46.594 46.756 46.906 47.054 47.204 47.349 47.494 47.626 47.456 47.324 47.189 47.054 46.929 46.804 46.674 46.526 40.669
40.434 40.384 40.584 42.134 42.661 42.079 41.386 40.399 40.196 40.601 40.991 41.254 41.579 41.809 41.472 41.069 40.69 39.845 36.371 36.457 37.16 40.128 41.76 41.726 38.408 36.03 35.952 35.973 36.023 39.957 42.38 42.833 42.456 41.63 41.843 42.661 42.876 42.002 37.102 36.951 37.1 37.149 37.235 37.326 37.391 37.429 37.446 37.434 37.501 37.634 38.581 39.226 40.181 46.584 46.749 46.896 47.039 47.191 47.331 47.474 47.624 47.761 47.594 47.464 47.336 47.211 47.084 46.951 46.826 46.704 46.561
39.741 39.681 39.956 41.371 42.019 42.611 42.204 41.311 40.904 40.364 40.549 40.869 41.185 41.456 41.709 41.486 41.141 40.714 40.252 36.681 36.242 36.044 36.348 36.539 35.873 35.893 35.926 35.954 39.369 41.584 42.836 42.689 41.854 41.664 42.443 42.917 42.389 41.549 37.043 37.024 37.183 37.207 37.292 37.349 37.404 37.429 37.454 37.491 37.581 38.524 39.196 39.671 46.546 46.729 46.889 47.034 47.186 47.324 47.474 47.611 47.766 47.926 47.764 47.614 47.494 47.369 47.241 47.114 46.991 46.859 46.719
36.054 36.076 35.964 40.621 41.241 41.879 42.534 42.296 41.606 40.874 40.459 40.456 40.745 41.074 41.368 41.629 41.506 41.173 40.763 40.175 37.331 36.036 35.888 35.889 35.898 36.166 35.961 39.074 41.772 42.763 42.813 42.102 41.696 42.164 42.958 42.678 41.775 38.742 36.98 37.09 37.272 37.326 37.446 37.39 37.423 37.439 37.454 37.586 38.269 39.069 39.739 46.504 46.706 46.864 47.034 47.181 47.319 47.476 47.606 47.766 47.919 48.039 47.896 47.734 47.586 47.436 47.281 47.136 46.994 46.841 46.684
36.051 36.034 36.059 39.891 40.461 41.101 41.776 42.386 41.856 41.386 40.966 40.529 40.319 40.65 40.966 41.265 41.529 41.509 41.171 40.773 40.355 36.997 38.86 37.098 35.909 36.05 36.271 41.651 42.348 42.855 42.497 41.58 41.969 42.752 42.752 42.05 39.553 36.962 37.032 37.168 37.205 37.328 37.361 37.404 37.42 37.419 37.521 37.909 39.134 39.589 44.739 46.689 46.839 47.001 47.164 47.321 47.479 47.611 47.761 47.904 48.064 47.906 47.756 47.589 47.446 47.294 47.141 47.006 46.854 46.699 46.481
36.036 36.019 36.044 38.814 39.836 40.351 40.979 41.561 41.941 41.894 41.454 41.016 40.572 40.218 40.42 40.864 41.217 41.443 41.484 41.221 40.884 40.539 40.005 39.626 38.51 36.099 40.395 41.95 42.872 42.646 41.708 41.824 42.441 42.817 42.195 41.159 37.457 36.927 36.992 37.139 37.232 37.317 37.382 37.399 37.394 37.399 37.529 39.074 39.541 46.004 46.661 46.824 46.981 47.129 47.286 47.446 47.609 47.764 47.906 48.059 47.946 47.789 47.624 47.471 47.316 47.174 47.024 46.874 46.721 46.531 40.309
36.209 36.054 35.851 40.461 40.404 39.836 40.379 41.024 41.444 41.886 41.931 41.492 41.058 40.609 40.165 40.46 40.712 41.141 41.376 41.514 41.335 41.003 40.606 40.045 39.586 39.977 41.796 42.431 42.481 41.962 41.597 42.216 42.903 42.558 41.636 38.434 36.902 36.909 37.072 37.176 37.285 37.336 37.37 37.379 37.374 37.436 37.554 38.329 39.751 46.596 46.731 46.866 46.996 47.126 47.264 47.404 47.541 47.674 47.826 47.974 47.819 47.656 47.501 47.339 47.196 47.036 46.899 46.744 46.579 40.511 40.139
37.934 36.544 35.841 41.814 41.116 40.476 40.014 40.509 40.956 41.365 41.743 41.917 41.499 41.111 40.612 40.237 40.372 40.727 41.144 41.374 41.571 41.315 41.064 40.2 39.71 41.573 42.312 42.572 42.224 41.458 41.819 42.833 42.493 41.93 38.745 36.909 37.379 37.006 37.139 37.221 37.295 37.327 37.349 37.341 37.41 37.519 37.689 37.886 38.266 41.466 46.551 46.706 46.834 46.964 47.091 47.231 47.371 47.524 47.664 47.834 47.669 47.536 47.374 47.219 47.064 46.909 46.764 46.606 42.086 39.686 39.701
38.264 36.614 35.811 42.534 41.876 41.209 40.574 40.009 40.421 40.858 41.25 41.626 41.859 41.517 41.089 40.636 40.233 40.235 40.78 41.102 41.386 41.489 40.387 39.845 41.342 42.029 43.064 42.499 41.701 41.882 42.446 42.561 42.222 40.673 36.908 36.864 36.965 37.096 37.197 37.274 37.304 37.339 37.459 37.465 37.639 37.671 39.179 38.031 38.239 38.404 39.871 46.496 46.684 46.811 46.939 47.074 47.211 47.361 47.499 47.664 47.559 47.404 47.244 47.084 46.929 46.774 46.624 40.919 39.764 39.724 39.751
38.286 35.734 39.906 43.299 42.614 41.971 41.329 40.709 40.091 40.332 40.751 41.146 41.495 41.773 41.512 41.095 40.648 40.202 40.28 40.628 41.041 41.285 40.376 41.072 42.119 42.72 42.488 41.962 41.702 42.268 42.934 42.121 41.315 37.13 37.021 37.051 37.071 37.146 37.23 37.285 37.284 38.338 37.456 37.625 45.53 40.454 38.064 39.954 38.346 38.549 38.704 39.794 46.486 46.666 46.799 46.926 47.056 47.196 47.134 47.496 47.426 47.284 47.124 46.951 46.799 46.651 44.479 39.786 40.291 39.901 39.789
37.839 35.719 43.194 43.946 43.366 42.741 42.099 41.454 40.811 40.212 40.204 40.636 41.045 41.39 41.68 41.475 41.158 40.761 40.335 40.289 40.64 40.767 40.377 41.732 42.465 42.687 42.065 41.533 42.038 42.833 41.706 41.406 37.228 36.798 37.141 36.969 37.113 37.175 37.238 37.277 37.268 37.712 37.439 43.466 45.029 45.541 41.741 38.339 40.004 39.301 38.849 38.989 40.194 45.381 46.649 46.786 46.899 47.044 47.174 47.339 47.284 47.136 46.991 46.826 46.669 45.096 39.796 39.761 40.489 42.434 40.616
36.086 36.849 42.696 43.321 43.909 43.494 42.866 42.231 41.574 40.919 40.311 40.113 40.545 40.958 41.278 41.555 41.482 41.14 40.792 40.851 40.963 40 41.715 41.962 42.997 42.155 41.651 41.955 42.737 42.274 39.24 38.234 36.842 36.789 36.935 37.075 37.143 37.195 37.246 37.318 37.281 37.387 39.191 45.646 44.23 44.896 45.541 42.076 43.889 43.894 39.384 39.094 39.221 40.211 44.164 46.636 46.769 45.686 47.024 47.169 47.144 46.996 46.846 46.694 46.429 39.789 39.761 39.784 40.409 40.461 41.596
35.574 41.079 41.924 42.529 43.194 43.831 43.621 42.974 42.336 41.692 41.037 40.451 40.015 40.46 40.825 41.209 41.473 41.447 41.207 42.833 43.628 42.481 42.634 42.614 42.229 41.923 41.87 42.469 43.162 41.549 41.032 37.975 36.88 36.886 36.998 37.12 37.19 37.198 37.208 38.095 37.323 37.6 44.612 45.237 45.818 44.241 44.799 45.584 44.454 43.949 43.939 39.484 39.309 39.389 39.841 43.059 46.624 46.746 46.876 47.024 47.009 46.856 46.704 46.144 40.329 39.741 39.764 39.811 39.944 39.879 39.906
38.961 40.539 41.136 41.814 42.424 43.069 43.724 43.731 43.081 42.442 41.828 41.175 40.579 40.039 40.328 40.705 41.11 41.364 41.341 40.746 43.839 44.875 45.522 43.435 42.411 42.502 42.39 42.896 42.267 41.68 36.963 36.758 37.008 36.949 37.075 37.13 37.197 37.183 37.393 37.312 37.49 45.106 45.038 44.388 45.129 45.881 44.266 44.721 45.521 44.629 43.956 46.194 39.476 39.514 39.544 39.896 43.526 46.609 46.729 46.864 46.876 46.721 46.511 40.229 39.689 39.739 39.789 39.836 39.881 39.919 39.944
36.041 39.839 40.421 41.014 41.689 42.329 42.971 43.624 43.841 43.236 42.572 41.958 41.328 40.7 40.116 40.3 40.561 40.968 40.655 42.653 44.669 45.71 45.888 44.832 43.4 42.906 42.706 42.513 41.751 38.325 36.749 36.9 36.905 37.015 37.086 37.145 37.148 37.168 37.141 37.466 41.702 44.576 45.323 45.282 44.312 45.064 45.784 44.486 44.646 45.476 45.631 46.334 46.296 39.864 39.709 39.734 39.884 41.909 46.586 46.731 46.731 46.546 40.881 39.686 39.726 41.521 39.829 39.864 39.896 39.949 39.984
40.696 40.561 39.899 40.314 40.919 41.586 42.234 42.869 43.536 43.942 43.366 42.713 42.079 41.436 40.781 40.16 40.197 40.713 40.766 44.268 45.457 45.786 45.121 44.44 44.699 45.518 43.257 41.895 40.87 37.079 36.958 36.831 36.961 37.06 37.119 37.146 37.142 37.116 37.112 39.407 45.325 44.587 44.482 45.138 45.414 44.214 44.944 45.686 44.731 44.811 45.136 45.636 46.301 46.261 39.814 39.909 39.949 39.996 41.294 46.551 46.594 41.949 39.704 39.731 39.764 40.269 41.516 39.909 39.939 39.981 40.021
41.094 40.534 40.541 40.041 40.209 40.794 41.459 42.131 42.791 43.432 43.982 43.466 42.81 42.198 41.563 40.89 40.238 40.405 42.489 45.158 45.972 45.424 44.558 44.414 45.485 45.878 45.339 41.661 36.881 36.97 36.821 36.934 36.991 37.072 37.126 37.122 37.092 37.087 37.368 42.24 44.775 45.373 45.122 44.289 44.939 45.479 44.171 44.844 45.631 46.064 46.681 45.189 45.646 46.329 46.224 39.996 40.111 40.146 40.366 40.264 42.976 40.584 39.759 39.801 39.824 39.854 39.894 39.926 39.979 40.009 40.056
43.276 42.171 40.691 40.571 40.204 40.109 40.739 41.384 42.031 42.689 43.35 43.955 43.584 42.892 42.245 41.61 41.015 40.111 42.188 45.922 45.88 44.922 44.412 45.215 46.022 45.685 44.356 38.258 36.703 37.099 36.88 36.966 37.059 37.063 37.088 37.106 37.051 37.137 37.291 37.535 39.145 44.631 45.18 45.504 44.201 44.771 45.446 44.196 45.689 45.371 46.046 46.711 45.171 45.664 46.339 46.344 40.456 40.309 40.354 40.439 40.346 41.859 41.709 39.881 39.884 40.241 39.929 39.966 40.004 40.046 40.081
42.349 43.071 42.924 41.004 40.569 40.319 40.064 40.659 41.291 41.949 42.638 43.24 43.893 43.694 43.07 42.395 41.548 40.13 39.992 42.191 44.721 44.508 44.837 45.874 45.814 44.824 40.504 36.726 37.122 36.841 36.93 36.999 37.058 37.064 37.057 37.05 37.073 37.206 37.375 37.475 37.568 39.191 44.154 45.056 45.549 44.271 44.601 45.574 46.459 45.731 45.386 46.079 46.709 45.149 45.644 46.331 46.249 40.474 40.504 40.529 44.656 43.284 43.906 42.321 40.799 40.596 40.459 40.004 40.044 40.081 40.114
41.424 42.104 42.821 43.376 41.664 40.614 40.666 39.956 40.591 41.216 41.845 42.505 43.143 43.83 43.791 43.047 41.067 40.349 40.077 39.771 40.312 44.333 45.465 45.793 45.116 41.783 36.723 36.702 36.753 36.894 36.967 37.031 37.053 37.052 37.033 37.044 37.243 37.318 37.443 37.649 41.729 39.27 40.674 44.071 44.914 45.459 44.736 45.141 45.789 46.471 45.801 45.396 46.099 46.711 45.154 45.636 46.361 46.296 40.751 40.716 41.396 44.989 41.376 41.931 42.586 40.571 40.299 42.039 40.096 40.119 40.164
41.636 41.181 41.854 42.566 43.211 42.609 40.834 40.549 39.926 40.516 41.109 41.741 42.401 43.05 43.654 41.409 40.925 40.641 40.372 40.09 39.965 39.05 45.668 45.467 44.062 37.239 36.771 37.062 36.856 36.935 36.98 37.025 37.037 37.101 37.006 37.096 38.244 37.799 37.532 42.49 42.228 41.589 38.644 40.591 42.961 44.751 46.261 46.591 45.161 45.791 46.491 45.846 45.401 46.089 46.696 45.156 45.644 46.359 46.249 40.814 40.929 41.284 43.886 42.871 40.874 42.309 41.671 40.389 41.051 40.151 40.199
42.941 43.084 41.291 41.574 42.264 42.946 43.281 41.344 40.636 39.864 40.416 41.016 41.634 42.296 40.82 40.974 41.181 40.95 40.678 40.422 37.98 36.917 38.644 44.28 38.741 36.69 37.01 36.796 36.904 36.964 36.981 37.011 37.204 37.568 37.106 38.961 37.442 37.508 40.771 43.13 42.731 42.264 41.826 38.209 44.289 44.909 45.621 46.239 46.521 45.154 45.834 46.491 45.719 45.396 46.091 46.714 45.169 45.644 46.341 46.219 41.031 41.156 41.216 41.334 43.171 42.514 42.089 41.404 40.201 40.214 40.286
42.029 42.729 43.351 41.891 41.326 42.031 42.694 43.434 41.464 40.779 39.979 40.306 40.913 40.388 40.47 40.684 40.916 41.128 40.999 39.843 37.555 36.854 36.785 36.927 36.726 37.516 36.744 36.844 36.932 36.972 36.985 37.051 37.022 37.116 38.868 43.38 41.278 39.876 42.264 42.711 43.119 42.771 42.319 41.884 39.074 44.911 44.924 45.606 46.256 46.584 45.159 45.819 46.496 45.724 45.386 46.074 46.656 45.154 45.666 46.394 46.236 41.254 41.379 41.404 44.406 41.951 41.221 40.696 40.269 41.034 42.681
