dsm/se3130_DSM_2M.asc
ncols 500
nrows 500
xllcorner    431000
yllcorner    430000
cellsize     2
NODATA_value -9999
[rows 416 to 447 of 500, columns 144 to 215 of 500]
57.933 57.74 57.688 57.603 58.08 57.958 58.764 58.216 57.788 57.242 57.614 56.712 56.486 56.535 55.658 55.359 55.301 55.687 57.523 56.563 54.846 54.73 54.494 54.523 59.218 60.484 62.692 61.836 60.167 56.727 54.199 54.699 53.89 53.703 53.539 53.364 53.299 53.17 53.234 53.223 53.048 53.054 52.807 52.804 52.551 52.435 52.218 52.124 52.038 51.803 51.553 51.612 51.658 51.516 51.609 51.623 51.751 52.171 52.157 51.637 52.418 51.797 51.74 51.8 51.746 51.641 51.615 51.703 51.477 51.63 55.273 55.008
59.655 58.177 58.061 57.94 57.74 57.631 57.835 58.113 57.544 58.366 59.457 58.234 56.693 56.719 55.993 55.765 55.496 55.917 56.05 56.214 56.667 55.209 54.489 57.315 60.427 61.583 62.004 60.763 59.468 54.335 54.215 54.324 54.087 53.711 53.737 53.53 53.465 53.328 53.369 53.411 53.453 53.164 53.11 53.014 52.809 52.651 52.437 52.323 52.064 51.951 51.714 51.681 51.711 51.74 51.702 51.81 51.695 51.847 51.881 51.951 51.926 51.984 52.189 52.445 51.606 51.469 54.389 55.314 54.851 57.471 57.833 58.217
58.641 58.495 58.267 58.075 58.117 57.835 57.745 57.767 57.389 58.627 59.685 59.255 56.674 56.631 56.577 56.392 55.79 55.521 55.607 55.678 55.75 55.932 55.959 58.687 59.965 60.677 60.897 59.439 54.971 54.481 54.757 54.367 54.266 53.994 53.801 53.632 53.71 53.573 53.585 53.87 54.023 53.56 53.284 53.12 52.968 52.841 52.652 52.487 52.315 52.066 51.879 51.807 51.817 51.803 51.75 51.845 52.585 51.955 51.869 51.879 53.233 52.133 51.62 51.613 55.163 57.255 58.292 58.633 58.978 59.105 59.305 58.736
58.476 58.587 58.548 58.525 58.343 58.234 58.54 57.783 57.723 57.508 57.466 57.722 56.688 56.585 56.587 56.492 56.436 55.999 55.861 55.822 55.878 56.021 58.723 56.888 56.26 58.595 59.844 55.992 54.675 54.748 54.778 55.699 54.299 54.173 54.021 53.911 53.855 53.817 53.725 54.155 54.079 54.623 54.523 53.351 53.102 52.942 52.797 52.595 52.543 52.226 51.987 51.87 51.945 51.867 51.855 51.906 52.075 51.977 51.981 51.949 53.146 53.54 52.031 51.69 55.213 57.788 59.211 59.085 58.338 57.997 57.531 54.424
58.511 58.597 58.593 58.577 58.724 59.997 58.352 57.909 57.928 57.715 58.347 57.092 57.122 56.955 56.539 56.485 56.507 56.282 57.147 56.172 56.001 56.211 61.488 58.836 56.477 55.13 56.506 55.072 54.81 55.016 54.779 54.548 54.427 54.286 54.213 54.174 53.998 53.939 53.742 53.709 53.62 53.589 53.782 53.331 53.073 53.625 53.131 53.561 52.827 52.62 52.225 51.895 51.968 51.985 51.917 51.943 52.068 54.172 54.288 52.766 53.429 52.028 54.159 52.934 55.083 57.629 57.387 57.08 54.561 53.927 52.489 51.569
58.637 61.236 58.756 58.584 58.697 58.731 58.319 58.135 58.007 58.298 59.189 58.966 57.431 57.974 57.29 56.876 56.27 56.263 56.215 56.706 56.741 60.102 62.753 63.027 62.939 57.278 56.179 55.071 55.052 54.918 54.828 54.708 54.566 54.419 54.496 54.473 54.477 54.113 54.113 53.809 53.881 53.568 53.369 53.519 53.056 53.512 52.8 52.731 52.513 52.459 52.281 52.059 52.038 52 52.06 52.033 52.114 52.328 52.252 52.222 53.803 54.561 54.597 52.5 53.87 53.191 53.08 51.656 52.709 51.951 51.634 51.609
58.843 63.721 64.438 60.489 59.03 58.963 58.722 58.96 58.365 58.092 58.436 57.869 57.895 61.694 59.97 57.891 56.8 56.276 56.197 56.286 59.033 62.463 63.649 63.133 62.028 56.772 56.145 55.797 55.244 55.073 54.978 54.876 54.702 54.739 54.674 54.65 54.469 54.156 53.821 53.716 53.686 53.664 53.66 53.547 53.436 53.464 53.338 53.135 53.025 52.809 52.695 52.218 52.037 52.138 52.081 52.117 52.162 52.549 52.163 52.226 53.518 54.756 54.811 54.107 54.794 54.432 52.325 52.312 52.962 52.744 51.699 51.651
63.259 65.123 65.765 64.062 61.561 59.763 58.592 58.419 58.342 58.182 58.006 57.943 57.742 59.641 59.3 57.158 56.505 56.693 57.24 56.778 61.381 63.181 63.587 62.32 58.808 56.144 56.112 55.596 55.356 55.19 55.114 54.953 54.835 54.944 55.267 54.885 54.472 54.283 53.965 53.715 53.74 53.58 53.683 53.602 53.627 53.553 53.606 53.374 53.579 52.727 52.491 52.347 52.077 52.178 52.192 52.188 52.218 52.208 52.347 53.102 53.047 53.222 54.003 56.942 54.905 54.144 53.832 53.883 54.065 53.948 53.53 51.741
64.208 65.621 66.292 67.107 65.857 63.637 59.757 58.597 59.014 59.313 58.318 58.077 58.077 59.69 58.39 57.795 56.507 56.403 56.655 61.756 63.871 63.955 62.619 61.611 57.436 56.284 55.908 55.572 55.495 55.34 55.262 55.101 55.149 55.032 55.041 54.875 54.656 54.501 53.949 53.823 57.536 57.62 58.919 57.534 57.775 55.076 53.752 53.624 53.396 52.898 52.627 52.645 52.281 52.199 52.29 52.198 52.311 52.277 52.435 52.773 56.366 58.152 58.184 58.662 53.927 52.324 53.047 52.316 53.925 53.956 53.814 52.989
62.742 64.514 65.211 66.016 66.107 64.792 61.072 59.738 58.936 58.631 58.353 58.268 58.995 59.322 58.279 57.091 56.944 56.369 59.256 62.648 63.899 63.228 61.964 56.847 56.301 56.361 55.886 55.642 55.635 55.498 55.393 55.357 55.314 55.373 55.383 55.14 54.92 55.5 54.028 53.865 60.188 61.182 60.565 60.536 60.638 59.927 58.494 53.696 54.073 53.695 52.699 52.577 52.678 52.342 52.409 52.422 52.384 52.416 52.49 52.476 56.048 58.618 59.445 58.937 56.41 54.196 55.842 55.85 53.417 52.166 52.016 52.333
58.677 60.25 63.798 64.907 65.154 61.377 58.88 58.989 62.626 59.52 58.666 59.125 58.334 58.238 57.263 56.649 56.531 57.225 61.974 63.261 63.264 62.212 57.847 56.479 56.799 56.241 55.939 55.894 55.814 55.662 55.546 55.604 55.627 55.898 55.547 55.336 55.249 55.562 54.918 54.702 59.637 60.184 60.475 60.589 60.916 60.649 59.324 55.74 54.997 53.508 52.921 52.96 52.821 52.454 52.47 52.447 52.448 52.517 52.467 52.481 53.456 57.802 59.818 59.363 57.276 52.486 55.288 52.762 52.25 52.531 52.262 52.116
59.102 59.07 58.743 61.464 64.247 59.339 58.946 63.407 65.109 64.806 63.444 59.831 58.583 58.698 58.503 56.836 56.478 61.955 62.982 63.633 62.709 61.205 56.933 56.71 56.63 56.25 56.08 56.1 55.942 55.782 55.71 55.754 55.876 55.893 55.756 55.839 55.672 55.477 55.314 53.833 53.92 55.119 55.208 55.547 57.851 58.951 57.598 55.227 54.544 53.501 53.239 53.089 53.044 52.601 52.526 52.611 52.559 52.618 53.594 55.446 53.897 56.948 59.271 60.134 58.429 56.091 53.608 52.702 52.954 52.578 52.912 52.421
59.107 59.413 58.828 58.804 59.186 58.973 58.874 64.775 65.96 66.855 65.323 64.412 61.591 58.798 60.745 58.166 59.32 62.516 63.307 62.891 61.803 58.734 56.696 56.795 56.592 56.439 56.34 56.222 55.998 55.96 56.011 56.277 55.863 55.915 58.661 60.275 56.192 55.769 55.739 54.247 53.91 53.892 53.882 54.423 54.2 53.745 53.838 54.874 54.086 53.565 53.643 53.273 53.27 52.738 52.565 52.625 52.598 52.565 57.41 61.211 60.051 60.158 58.895 60.729 58.914 56.433 52.905 52.438 52.458 52.471 52.437 52.434
59.224 59.047 59.039 59 59.229 58.877 62.365 64.27 65.069 66.149 66.14 65.648 64.61 59.806 60.384 60.825 59.5 61.705 62.764 62.294 58.845 56.652 57.011 56.983 56.727 56.586 56.476 56.342 56.256 56.266 56.25 56.187 56.074 56.123 60.606 62.395 60.737 57.822 56.624 54.585 53.936 54.013 54.043 54.311 53.94 53.774 54.094 53.791 57.113 58.503 58.012 53.795 54.462 52.932 52.723 52.691 52.731 52.571 56.532 61.649 55.208 60.498 58.417 60.197 59.322 57.345 53.831 52.454 52.565 52.773 52.535 52.622
59.152 59.578 59.302 59.143 59.768 58.927 58.798 59.748 63.921 64.846 65.617 65.149 61.307 60.261 61.179 61.53 60.632 57.371 57.925 58.848 56.54 57.005 57.301 56.953 56.849 56.73 56.619 56.484 56.497 56.336 56.292 56.099 56.14 60.302 62.241 63.488 62.687 60.6 56.516 56.719 54.177 54.165 54.151 54.54 54.112 54.755 54.464 56.313 59.613 60.704 58.711 54.119 54.836 55.482 52.877 52.751 52.837 52.711 54.004 61.794 60.3 54.081 58.081 59.449 59.826 58.115 52.862 52.486 53.28 53.517 52.428 52.365
59.092 59.523 59.361 59.278 59.112 59.202 59.488 58.9 58.85 60.377 64.308 64.18 59.343 61.264 60.03 61.174 61.655 60.905 57.766 57.248 56.906 57.452 57.307 57.067 57.028 56.922 56.721 56.736 56.671 56.689 56.522 56.248 56.327 62.143 63.191 63.322 62.069 57.861 55.875 56.682 54.367 55.871 55.775 54.756 56.133 55.664 54.019 53.748 59.265 61.077 59.692 54.729 53.986 53.598 52.946 52.892 52.819 52.835 52.944 55.875 53.226 52.777 57.15 59.044 59.842 58.861 53.56 52.816 52.483 52.419 52.457 52.356
59.129 59.612 60.241 59.87 59.969 59.169 59.232 59.207 58.889 58.764 59.655 60.176 60.774 61.468 59.858 59.586 60.739 59.467 58.935 58.024 58.134 57.542 57.436 57.261 57.189 57.117 56.956 57 56.832 56.589 57.336 56.142 60.755 62.712 63.717 62.513 61.256 56.885 55.836 57.454 57.599 56.149 55.243 55.216 54.977 54.356 53.814 53.629 58.394 60.288 60.326 56.782 53.83 53.93 53.171 52.91 52.9 52.94 52.916 53.066 53.548 53.005 56.261 58.628 60.035 59.418 54.332 52.487 52.458 52.498 52.579 52.602
59.346 59.318 59.567 60.183 59.658 59.226 59.163 59.079 59.175 61.066 60.357 60.203 61.998 60.023 60.009 58.828 58.63 58.453 58.827 58.716 57.776 57.704 57.571 57.473 57.354 57.244 57.307 57.092 56.859 56.503 56.399 60.998 62.439 63.547 63.34 61.65 57.118 56.431 56.039 55.734 59.15 57.294 54.973 54.75 54.658 54.425 54.849 53.917 57.368 60.036 60.669 57.852 54.623 54.716 54.504 53.004 53.06 53.004 53.03 52.983 53.465 53.562 53.644 58.08 59.111 59.222 56.472 52.624 52.598 52.629 52.739 53.123
59.482 59.412 59.406 59.75 59.585 59.472 59.322 59.251 59.125 59.354 59.058 59.8 60.987 59.367 58.786 58.694 58.613 58.696 58.486 58.706 58.015 57.831 57.681 57.553 57.428 57.436 57.429 57.335 56.848 56.993 59.192 62.158 63.437 63.323 62.151 57.678 56.133 56.043 56.176 56.908 57.055 56.814 56.571 54.972 54.705 54.508 54.359 53.662 54.355 59.613 61.153 59.538 54.301 53.452 54.166 53.051 53.067 53.072 53.027 53.054 53.275 52.947 52.874 57.129 57.765 57.461 53.354 52.61 53.081 53.063 52.921 52.824
59.551 59.563 59.548 59.602 59.653 59.51 59.506 59.38 59.273 59.107 59.053 59.045 59.209 58.924 58.921 58.817 59.475 58.943 58.419 59.176 58.437 57.938 57.9 57.681 57.667 57.616 57.602 57.573 56.913 57.292 61.383 62.979 63.61 62.449 58.638 57.088 56.246 56.023 56.026 57.036 57.029 56.088 56.04 55.04 54.87 54.494 54.239 53.91 54.06 59 59.972 59.546 55.211 53.547 53.449 53.171 53.124 53.225 53.136 53.19 53.391 53.18 52.866 52.831 53.116 53.19 53.467 54.433 53.287 53.095 52.988 52.833
59.771 59.712 59.751 59.829 59.805 59.794 59.709 59.569 59.418 59.265 59.223 59.023 59.059 59.328 58.971 58.95 59.955 59.171 58.524 59.158 58.422 58.224 57.997 57.903 57.734 57.966 57.533 57.059 56.572 60.8 62.506 63.777 63.083 61.724 57.328 57.777 56.701 56.342 56.015 56.236 56.598 56.598 56.67 55.124 54.886 54.625 54.387 55.115 54.347 58.65 56.195 55.18 54.127 53.822 53.735 53.583 53.206 53.237 53.254 53.226 53.361 53.606 53.445 53.391 56.095 57.46 59.398 56.052 53.35 53.147 53.066 52.94
59.912 59.875 59.741 59.937 59.903 59.874 59.868 59.774 59.632 59.567 59.355 59.776 59.187 59.045 59.08 59.016 58.937 58.834 59.424 58.965 58.451 58.302 58.109 58 58.04 58.037 57.961 56.897 56.34 61.733 62.477 63.076 61.855 57.702 56.862 57.798 56.175 56.23 56.788 55.835 55.766 55.699 55.572 55.206 54.862 55.747 56.236 55.16 54.59 54.633 54.481 54.089 54.063 53.94 53.744 53.534 53.287 53.382 53.335 53.269 53.374 53.463 53.526 53.574 58.742 59.719 60.236 58.906 53.864 53.828 53.379 53.449
60.052 60.009 59.947 59.923 60 60.75 60.86 60.178 59.758 59.659 60.097 59.829 59.396 59.288 59.204 59.186 59.101 58.945 59.081 58.699 58.571 58.432 58.304 58.284 58.267 58.754 58.131 57.951 57.771 57.99 62.996 62.08 58.669 57.638 57.784 57.484 56.504 56.251 56.358 56.341 56.25 56.311 55.764 56.057 56.49 58.005 57.732 58.675 55.947 54.533 54.317 54.306 54.177 54.003 53.744 53.537 53.435 53.404 53.504 53.324 53.481 53.498 53.5 53.388 56.968 59.744 61.345 59.576 55.235 53.472 53.033 53.03
60.266 60.091 60.106 60.034 60.034 60.121 60.845 60.861 60.281 60.112 60.025 59.784 59.519 59.487 59.406 59.393 59.312 59.264 58.959 58.845 58.698 58.465 58.608 58.408 58.382 58.268 58.248 58.078 58.193 58.679 58.412 60.652 57.717 57.718 58.114 57.812 57.669 57.256 56.305 57.143 57.879 57.675 57.7 56.601 55.806 58.298 60.933 60.758 56.814 54.539 54.412 54.157 54.221 53.825 53.595 53.567 53.507 53.477 53.481 53.504 53.485 53.516 53.828 53.628 54.427 59.287 60.655 59.772 55.881 53.17 53.093 53.101
60.532 60.476 60.365 60.174 60.189 60.073 60.168 60.307 60.243 60.177 60.084 59.916 59.83 59.694 59.657 59.553 59.407 59.856 59.103 58.927 58.873 59.386 58.816 58.592 59.011 58.473 58.643 59.363 58.55 58.497 59.067 58.754 58.278 58.924 57.956 57.872 58.005 57.808 56.879 56.376 56.286 56.094 55.823 55.542 54.685 58.381 61.797 61.596 60.131 54.809 56.129 54.583 54.108 53.888 53.726 53.718 53.548 53.542 53.516 53.608 53.517 53.59 53.79 53.451 54.213 57.909 59.684 59.47 57.754 53.64 53.212 53.209
60.781 60.685 60.435 60.425 60.345 60.256 60.21 60.215 60.285 60.275 60.283 60.221 60.054 60.037 59.854 59.78 59.71 59.38 59.227 59.08 59.19 59.118 59.207 58.782 58.882 58.494 58.419 58.761 58.551 58.508 58.693 62.92 59.299 58.021 57.964 57.853 57.687 58.59 57.558 56.493 56.393 56.195 56.091 56.069 54.918 57.196 60.509 61.621 60.363 55.943 54.982 54.374 54.205 54.03 53.961 53.804 53.854 53.688 53.651 53.673 53.605 53.669 53.98 53.689 53.437 57.495 55.829 55.255 53.893 54.164 53.804 53.474
60.893 60.907 61.659 60.708 60.435 60.374 60.328 60.26 60.242 60.299 60.378 60.407 60.349 60.135 60.066 59.9 59.776 59.523 59.362 59.414 59.42 59.269 62.603 60.042 58.7 58.674 58.402 58.388 61.12 63.282 64.566 64.783 62.607 58.314 58.036 58.246 57.984 57.855 57.5 56.541 56.621 56.328 56.176 56.313 55.625 55.542 60.015 61.696 60.803 58.824 54.562 54.418 55.081 54.392 54.276 54.167 54.095 53.8 53.808 53.846 53.747 53.871 53.821 53.782 53.692 53.75 54.16 54.322 54.321 56.07 53.88 53.398
61.072 61.067 61.06 61.506 61.605 60.716 60.509 60.439 60.341 60.372 60.342 60.453 60.429 60.327 60.281 60.113 59.823 59.594 59.705 59.671 59.501 59.402 60.284 60.226 58.879 58.815 58.717 59.222 59.347 64.109 65.403 65.573 63.138 59.985 58.06 57.88 57.801 57.691 57.601 57.192 57.363 56.945 56.238 56.04 56.357 55.113 58.501 61.778 61.238 58.816 54.573 54.537 54.658 54.64 54.298 54.314 54.233 54.054 53.866 53.776 53.88 54.099 54.305 53.947 54.023 54.069 58.1 59.293 60.505 58.538 54.046 53.417
61.199 61.117 61.204 61.199 61.287 61.236 60.624 60.603 60.452 60.46 60.449 60.46 60.417 60.403 60.345 60.114 59.971 59.924 59.972 59.807 59.754 59.909 59.848 59.604 59.394 58.944 58.965 59.233 58.676 62.078 64.833 65.628 64.717 62.651 58.226 58.155 57.993 58.536 57.961 57.971 56.953 56.672 56.302 56.192 57.072 54.66 58.275 60.96 61.543 60.31 55.603 54.609 54.663 55.12 54.431 54.36 54.306 54.185 53.931 53.872 53.928 55.425 54.634 54.213 54.322 54.303 59.501 60.803 61.16 58.98 55.29 53.672
61.342 61.35 61.383 61.338 61.441 61.607 60.958 60.752 60.689 60.632 60.575 60.514 60.481 60.402 60.293 60.232 60.058 60.205 60.054 59.849 60.079 60.052 59.908 59.735 59.553 59.053 58.902 58.755 58.55 59.722 64.094 65.43 65.312 63.63 58.605 59.037 58.187 57.874 57.687 59.099 57.827 56.903 56.588 56.62 56.546 55.048 54.667 60.271 61.516 60.768 55.709 54.636 54.471 54.893 54.512 54.406 54.344 54.157 54.078 53.994 53.952 53.948 54.401 54.805 54.606 54.186 58.09 60.663 61.574 59.982 55.599 54.247
61.436 61.473 61.441 61.473 61.381 61.74 61.127 60.976 60.941 60.773 60.767 60.704 60.608 60.554 60.49 60.362 60.261 60.337 60.073 61.405 60.425 60.082 59.867 59.759 59.598 59.451 58.993 58.991 58.72 58.432 62.642 64.876 66.502 64.596 59.9 58.593 58.093 58.018 57.861 57.821 58.125 57.09 56.755 57.085 56.509 56.536 55.065 59.522 61.508 60.87 59.379 54.618 54.452 54.718 54.455 54.31 54.252 54.232 54.159 54.097 54.147 54.071 54.021 54.163 54.386 53.954 55 59.854 61.641 60.76 58.452 54.27
61.691 61.616 61.583 61.588 61.847 61.573 61.398 61.191 61.163 61.14 60.958 60.858 60.835 60.628 60.637 60.542 60.431 60.428 60.332 61.323 60.814 60.502 60.121 59.76 59.652 59.648 59.215 59.495 58.913 58.718 61.916 64.228 66.321 65.344 63.912 58.915 58.069 57.888 58.073 58.063 58.895 57.573 57.716 57.247 56.608 56.322 54.827 58.424 61.335 61.533 59.077 54.727 54.527 54.495 54.642 54.37 54.322 54.297 54.322 54.189 54.186 54.244 54.137 54.214 55.306 54.13 54.74 58.466 61.298 61.058 59.223 55.098
