dsm/se3136_DSM_2M.asc
ncols 500
nrows 500
xllcorner    431000
yllcorner    436000
cellsize     2
NODATA_value -9999
[rows 341 to 371 of 500, columns 71 to 141 of 500]
68.666 68.644 68.686 68.799 68.944 69.794 69.066 69.129 69.181 69.244 72.171 74.631 70.006 69.566 70.056 70.269 70.459 70.684 72.231 71.761 71.399 71.476 71.629 71.751 71.871 71.999 72.119 72.261 72.361 72.471 72.586 72.681 73.214 72.841 73.214 76.041 77.919 77.364 79.214 79.226 74.559 74.626 77.779 84.869 85.396 85.456 85.001 83.804 82.824 80.236 74.954 74.734 77.526 85.656 85.824 85.629 85.299 85.004 83.731 76.436 76.786 75.916 75.889 75.776 75.551 75.481 75.766 75.471 75.189 75.124 75.071
68.546 68.526 68.551 68.654 68.739 68.804 68.871 68.966 69.031 69.104 69.156 69.214 69.201 69.644 69.974 70.166 70.289 70.519 72.721 71.764 71.474 71.541 71.611 71.686 71.776 71.894 72.016 72.166 72.281 72.394 72.501 72.604 72.664 72.714 73.001 75.834 77.801 74.264 77.236 76.609 75.794 74.554 74.649 75.501 80.806 84.154 84.449 83.239 83.534 82.664 73.751 74.844 84.206 84.759 85.074 85.389 85.714 85.841 84.731 84.241 80.784 83.216 79.489 76.486 75.736 75.674 75.579 75.454 75.879 75.241 75.091
68.386 68.361 68.404 68.539 68.649 68.706 68.771 68.816 68.869 68.941 69.024 69.081 69.484 69.974 69.789 69.951 70.009 72.224 73.921 71.664 71.529 71.589 71.659 71.721 71.819 73.654 72.061 72.069 72.189 72.326 72.419 72.496 72.544 72.594 76.329 77.376 78.169 74.074 73.201 73.909 74.884 74.901 74.754 74.586 74.731 76.096 80.059 80.144 82.784 76.239 73.439 74.939 78.994 83.026 84.149 84.524 84.839 85.164 85.446 85.131 84.824 84.504 83.839 78.146 77.089 75.764 75.789 75.699 75.586 75.369 75.149
68.254 68.221 68.289 68.431 68.544 68.641 68.726 68.794 68.839 68.881 68.919 68.964 71.099 70.009 69.434 69.564 70.971 72.984 72.954 74.376 71.784 72.209 71.851 71.809 71.854 76.896 71.999 72.084 72.164 72.261 72.454 72.436 72.431 72.446 76.356 76.411 76.204 72.764 72.784 72.839 74.104 74.411 74.014 74.531 74.544 74.696 74.786 76.901 78.659 73.226 73.919 74.239 73.574 73.571 76.724 79.619 83.221 84.879 85.596 85.831 85.714 85.384 85.071 82.806 76.536 76.271 75.831 75.791 75.669 75.274 75.024
68.116 68.099 68.176 68.314 68.439 68.536 68.651 68.754 68.966 68.856 68.951 69.016 69.039 69.199 69.121 69.159 69.239 69.426 72.869 72.931 72.539 73.666 72.176 72.114 73.886 72.099 72.026 72.109 72.164 72.449 72.681 72.474 73.129 72.641 75.859 73.799 72.611 72.694 72.686 72.789 72.829 72.754 73.436 73.471 73.774 73.906 74.619 74.556 73.404 73.166 73.949 73.639 73.529 73.559 73.561 73.566 73.556 84.344 84.691 85.011 85.329 85.651 85.841 84.651 84.339 80.761 83.739 79.564 75.516 75.089 74.691
67.989 67.979 68.079 68.191 68.379 68.566 68.721 68.806 69.454 69.701 69.331 69.039 69.034 69.116 69.181 69.216 69.259 69.269 69.324 70.564 72.006 72.016 71.756 70.959 71.836 71.744 71.934 73.921 75.876 73.364 72.364 72.421 72.586 72.854 82.371 72.476 72.559 72.649 72.649 72.674 72.706 72.729 72.791 72.886 73.121 77.506 78.851 83.391 73.889 73.241 73.966 73.521 73.516 73.526 73.534 73.544 73.556 76.891 82.501 84.136 84.439 84.749 85.229 85.539 85.221 84.916 84.606 84.286 80.589 74.766 74.496
67.881 67.851 67.946 68.164 68.384 68.589 68.696 68.851 68.979 69.029 69.291 69.486 69.089 69.079 69.149 69.219 69.284 69.346 69.381 70.236 69.409 70.009 72.704 74.829 69.829 69.629 70.409 72.586 76.061 75.936 72.644 72.601 72.506 85.649 85.339 74.116 73.026 72.816 72.681 72.614 72.601 72.659 72.751 72.801 72.859 74.831 76.749 77.899 72.991 73.101 73.776 73.476 73.494 73.511 73.516 73.531 73.519 73.526 73.541 76.641 77.844 82.639 84.886 85.529 85.824 85.804 85.509 85.161 78.531 74.399 74.336
67.769 67.729 67.849 68.094 68.291 68.426 68.576 68.739 68.874 68.961 75.589 75.569 73.896 69.989 69.139 69.176 70.566 69.874 69.401 69.401 69.471 69.554 69.534 69.589 69.709 69.626 70.604 71.196 70.466 71.996 70.831 71.391 71.986 82.186 76.706 73.979 73.014 72.741 72.669 72.611 72.681 72.631 72.699 72.771 72.806 72.784 72.824 72.864 72.919 73.321 73.609 73.499 73.494 73.519 73.519 73.529 73.516 73.526 73.526 73.551 73.556 73.574 84.336 84.654 84.964 85.286 85.606 85.876 74.339 74.116 74.199
67.644 67.586 67.734 68.039 68.186 68.291 68.439 68.619 68.791 68.809 74.794 75.594 75.594 75.589 75.479 75.369 71.661 69.521 69.894 70.234 69.431 69.496 69.566 69.609 69.666 69.696 69.719 69.879 71.956 69.831 69.876 70.129 72.644 70.889 71.859 72.321 72.399 72.656 72.521 72.636 72.851 72.594 72.746 72.729 72.721 72.754 72.821 72.836 73.086 73.804 73.626 73.556 73.534 73.524 73.521 73.516 73.519 73.511 73.516 73.536 73.541 73.551 76.371 81.654 83.894 84.404 84.719 83.626 74.029 73.964 74.051
67.526 67.476 67.604 67.909 68.051 68.194 68.339 68.496 68.756 68.781 75.456 75.639 74.339 75.581 75.394 75.574 75.501 75.531 75.466 72.956 70.129 69.496 69.534 69.581 69.636 69.706 69.761 69.814 69.851 69.869 69.906 69.941 70.089 70.066 70.091 70.429 71.261 72.026 72.854 72.921 72.881 72.956 73.081 72.689 72.671 72.649 72.749 72.761 74.204 75.121 74.584 74.029 73.836 73.614 73.531 73.491 73.529 73.504 73.524 73.546 73.539 73.539 73.536 73.554 74.234 78.224 82.469 75.444 73.781 73.816 73.896
67.429 67.381 67.496 67.816 67.991 68.141 68.224 68.384 68.709 73.999 75.241 75.641 73.754 74.329 75.494 75.526 73.074 74.781 75.496 75.504 75.489 75.484 73.836 70.744 69.649 71.266 70.511 69.799 69.864 69.916 69.954 69.969 70.586 71.281 70.704 70.254 70.184 74.749 74.329 72.419 72.541 72.609 72.876 73.109 73.599 72.651 72.679 72.674 77.956 79.234 76.414 74.319 74.364 74.121 73.584 73.656 74.319 75.281 73.529 73.534 73.511 73.516 73.529 73.524 73.536 73.551 73.566 73.709 73.644 73.651 73.736
67.316 67.264 67.386 67.736 67.929 68.006 68.131 68.391 68.666 75.576 75.576 75.586 73.639 75.699 75.521 75.501 74.534 73.259 75.546 74.626 75.404 75.091 75.589 75.524 75.554 75.324 72.584 69.996 69.864 69.904 70.189 69.994 70.059 70.096 70.124 70.224 70.411 70.991 70.531 71.414 73.571 72.629 72.701 72.686 73.771 73.129 72.706 72.556 78.289 80.046 77.739 75.146 74.139 74.239 73.971 73.954 73.866 74.141 73.529 74.636 73.464 73.491 73.524 73.519 73.509 73.511 73.536 73.541 73.539 73.576 74.169
67.201 67.159 67.266 67.654 67.769 67.841 68.056 68.379 69.266 75.574 75.636 75.576 75.581 75.489 75.586 75.636 75.531 75.556 75.546 73.006 74.544 75.494 75.544 73.746 75.241 75.544 75.519 75.519 75.496 73.856 71.671 70.696 70.079 70.099 70.134 70.176 70.201 70.271 70.416 71.756 71.276 70.601 71.829 72.644 72.684 72.559 72.559 72.521 76.536 75.951 75.089 73.111 73.396 73.759 74.034 74.229 74.121 73.896 73.684 73.564 74.416 74.206 73.531 73.501 73.501 73.516 73.524 73.524 73.519 73.556 73.579
67.089 67.056 67.161 67.514 67.599 67.689 67.884 68.144 71.026 72.976 74.104 75.441 75.526 75.491 75.534 75.496 75.494 75.494 75.501 75.669 75.666 75.519 75.541 74.124 73.721 75.591 74.641 75.549 75.499 75.591 75.519 75.564 75.071 70.636 70.301 70.201 70.214 70.251 70.314 70.346 70.416 70.511 71.029 70.744 71.504 71.574 72.756 72.696 72.079 71.639 72.796 72.429 72.531 72.879 73.134 73.431 73.744 75.954 74.171 73.626 74.804 74.501 74.659 73.581 73.481 73.524 73.601 73.496 73.516 73.531 73.556
66.991 66.969 67.066 67.384 67.451 67.564 67.724 67.964 70.694 70.626 70.731 71.736 72.891 74.306 75.469 75.501 75.481 75.529 75.496 75.534 75.481 75.604 75.721 75.386 75.209 75.569 71.716 74.779 75.296 75.569 74.861 75.516 75.516 70.194 76.166 76.456 74.466 70.799 70.349 70.364 70.391 70.461 70.519 70.574 70.644 71.049 71.574 72.269 70.899 71.021 71.146 71.231 71.514 72.006 72.284 72.514 72.806 74.264 73.691 73.936 73.774 73.581 74.166 74.941 74.656 73.619 73.821 73.661 73.509 73.504 73.516
66.879 66.861 66.954 67.249 67.326 67.429 67.579 67.784 69.891 70.081 70.149 70.449 70.116 70.146 70.894 73.271 73.646 75.049 75.484 75.534 75.489 75.561 75.506 75.516 75.524 75.511 75.671 75.671 75.536 75.539 75.629 74.496 75.194 70.151 76.531 76.506 76.474 76.511 76.484 75.399 70.651 70.511 70.539 70.564 70.624 70.694 70.736 70.804 70.834 71.546 72.044 71.001 71.234 71.254 71.386 71.591 71.931 72.329 72.679 73.259 73.641 73.879 73.911 73.804 74.396 73.751 73.826 73.624 73.536 73.486 73.481
66.789 66.761 66.859 67.131 67.226 67.316 67.524 68.464 70.104 69.759 70.061 70.146 70.134 70.151 70.156 70.226 70.276 70.746 72.449 72.866 73.861 75.396 75.524 75.511 75.559 75.506 75.516 75.496 75.581 74.384 75.451 75.436 72.924 71.519 76.194 76.169 76.286 76.539 76.484 76.544 76.479 76.536 75.171 72.436 70.684 70.714 70.731 70.761 70.826 70.896 70.941 70.989 71.679 71.789 71.901 71.386 71.359 71.451 72.159 71.946 72.486 72.851 73.316 73.666 73.924 73.904 73.776 74.914 73.544 73.489 73.404
66.714 66.664 66.764 67.074 67.201 67.234 67.406 70.166 68.591 68.856 69.234 69.656 69.906 70.066 70.151 70.204 70.239 70.221 70.461 70.741 70.619 72.134 73.514 73.679 75.496 75.509 75.554 75.501 75.581 75.511 75.539 75.521 69.971 76.611 76.689 76.499 76.479 76.496 75.374 75.596 76.384 76.479 76.474 76.456 76.499 76.294 73.559 71.324 70.861 70.889 70.911 70.969 71.021 71.091 71.151 71.646 71.246 72.449 71.536 71.436 71.549 71.756 72.469 72.674 72.906 73.359 73.441 74.076 73.561 74.159 73.484
66.611 66.574 66.691 67.094 67.091 67.171 67.379 68.661 67.859 68.021 68.304 68.669 68.976 69.304 69.714 70.109 70.249 70.239 70.271 70.234 70.221 70.236 70.494 70.424 70.711 72.654 73.221 74.339 75.536 75.514 75.489 75.536 69.931 76.521 76.514 76.591 76.486 76.491 76.306 74.034 76.514 76.434 76.216 75.284 76.534 76.471 76.514 76.491 76.601 75.079 71.324 71.059 71.024 71.056 71.129 71.191 71.236 71.289 71.531 72.376 72.696 71.499 71.614 71.759 71.839 72.379 72.456 72.839 73.166 73.876 73.549
66.521 66.489 66.596 67.004 67.051 67.146 67.386 69.554 67.784 67.764 67.801 67.921 68.086 68.341 68.736 69.171 69.554 69.881 70.166 70.221 70.234 70.221 70.219 70.176 70.181 70.199 70.189 70.946 72.329 72.966 73.731 73.021 70.679 76.509 76.531 76.466 76.541 76.469 76.591 76.619 76.526 76.441 76.211 76.244 76.516 76.426 76.154 76.469 76.549 76.509 71.039 77.224 77.204 73.516 71.181 71.199 71.224 71.264 71.321 71.391 71.461 71.526 71.569 71.586 72.194 71.966 71.889 71.991 72.026 72.306 72.964
66.419 66.384 66.506 67.004 67.064 67.109 67.964 67.759 67.811 67.771 67.776 67.841 67.884 67.946 68.031 68.234 68.519 68.924 69.334 69.651 69.901 70.134 70.199 70.164 70.184 70.226 70.259 70.264 70.276 70.339 70.254 69.909 72.011 74.446 76.149 76.479 76.526 76.459 76.476 76.471 76.484 75.874 76.591 76.471 76.494 76.534 73.189 76.524 76.561 75.671 70.969 77.201 77.221 77.169 77.191 77.224 74.419 71.331 71.361 71.386 71.421 71.471 71.549 71.596 71.669 72.094 71.726 71.739 71.846 71.946 72.079
66.351 66.304 66.401 66.966 67.059 67.166 67.641 67.761 67.784 67.776 67.771 67.796 67.834 67.879 67.946 67.994 68.096 68.269 68.469 68.659 68.911 69.191 69.524 69.849 70.121 70.261 70.296 70.321 70.306 70.281 70.351 69.479 71.069 71.054 71.976 73.361 74.019 75.791 76.474 76.499 76.471 76.491 76.454 76.531 76.014 76.519 75.074 76.579 76.649 72.824 72.866 75.316 77.249 75.886 77.201 77.201 77.229 77.166 77.206 76.446 72.161 71.519 71.541 71.584 71.616 71.661 71.721 71.761 71.761 71.739 71.859
66.259 66.219 66.324 66.829 67.031 67.281 68.696 67.746 67.786 67.791 67.749 67.774 67.789 67.824 67.891 67.954 68.026 68.101 68.159 68.226 68.261 68.364 68.546 68.794 69.101 69.406 69.699 70.044 70.286 70.324 70.156 69.299 71.141 71.189 71.229 71.316 71.326 72.284 72.801 74.661 74.564 76.324 76.464 76.529 76.471 76.486 76.474 76.536 74.994 71.166 76.774 76.821 77.196 76.921 75.569 77.176 77.176 77.206 77.179 77.199 77.184 77.194 76.831 74.346 71.686 71.656 71.646 71.696 71.769 71.761 71.729
66.171 66.126 66.226 67.254 69.286 67.456 67.674 67.739 67.784 67.774 67.791 67.749 67.761 67.789 67.839 67.894 67.946 67.999 68.039 68.056 68.804 68.091 68.119 68.194 68.326 68.449 68.609 68.871 69.271 69.574 69.216 69.566 71.036 71.204 71.249 71.254 71.269 71.286 71.946 71.161 71.104 72.356 73.726 74.214 75.784 76.464 76.499 76.531 76.556 70.719 77.156 77.179 77.184 76.454 76.949 77.459 77.079 77.226 77.049 77.256 76.681 77.214 77.176 77.234 77.154 77.181 76.236 71.721 71.706 71.769 71.719
66.094 66.051 66.146 66.484 67.746 67.599 67.624 67.721 67.711 67.724 67.709 67.716 67.734 67.781 67.809 67.849 67.881 67.904 67.904 67.939 68.004 68.016 68.001 68.001 68.059 68.116 68.166 68.304 68.449 68.639 68.899 69.794 70.274 70.619 70.894 71.131 71.259 71.271 71.264 71.264 71.246 71.226 71.184 71.136 72.091 73.249 74.444 74.906 74.334 71.689 77.179 77.239 77.159 77.204 77.086 77.259 75.289 77.239 77.221 77.224 75.016 77.101 77.181 77.176 77.181 77.144 77.199 71.691 71.744 71.724 71.704
66.009 65.974 66.039 66.314 66.906 68.146 67.619 67.696 68.524 68.411 67.699 67.719 67.721 67.754 67.764 67.806 67.849 67.824 67.814 67.811 67.854 67.891 67.916 68.636 68.666 67.974 68.026 68.131 68.214 68.364 68.714 69.626 69.651 69.726 69.946 70.246 70.536 70.841 71.086 71.204 71.271 71.306 71.299 71.264 71.216 71.189 71.404 72.029 71.536 74.179 75.171 77.249 77.166 77.189 77.154 77.176 77.149 77.161 77.201 77.181 77.269 77.386 77.189 77.204 77.194 75.761 76.111 71.634 71.694 71.629 71.644
65.921 65.901 65.931 66.191 66.824 69.419 67.571 67.656 68.436 68.464 67.681 67.694 67.659 67.659 67.681 67.704 68.386 67.746 67.744 67.774 67.786 67.811 67.831 67.884 67.936 67.884 67.916 67.989 68.044 68.456 68.766 69.561 69.551 69.551 69.534 69.569 69.669 69.846 70.076 70.314 70.584 70.941 71.236 71.346 71.316 71.261 71.189 73.676 70.936 72.264 71.961 72.691 74.404 74.576 76.571 77.161 77.176 77.174 77.221 77.179 77.201 77.209 77.234 77.284 77.186 76.719 73.204 71.586 71.611 71.579 71.566
65.839 65.819 65.824 66.004 66.716 67.976 67.536 67.626 67.674 67.644 67.616 67.561 67.511 67.506 67.531 67.541 75.484 75.544 73.441 69.379 67.729 67.741 67.754 67.811 67.789 67.874 67.866 67.881 67.944 68.349 69.109 69.479 69.504 69.504 69.461 69.469 69.514 69.516 69.554 69.629 69.716 69.804 70.109 70.604 71.044 71.266 71.244 74.229 70.319 71.664 71.761 71.781 71.789 72.219 72.684 73.859 75.401 75.741 77.239 77.166 77.189 77.164 77.184 77.149 77.156 77.189 71.481 71.504 71.526 71.479 71.484
65.746 65.729 65.721 65.884 66.611 67.061 67.241 67.571 67.634 67.584 67.489 67.441 67.376 67.386 67.399 72.584 75.481 75.534 75.466 75.479 75.479 74.716 70.201 68.381 69.286 67.941 68.596 67.816 67.904 68.196 69.226 69.336 69.414 69.421 69.421 70.186 69.446 69.469 69.459 69.486 69.514 69.529 69.534 69.616 69.899 70.201 70.416 70.151 70.806 71.554 71.739 71.809 71.846 71.826 71.831 71.829 71.811 72.056 73.351 74.591 75.224 76.176 77.171 77.164 77.171 77.254 71.359 71.399 71.371 71.381 71.401
66.926 65.639 65.629 65.719 71.509 69.186 67.471 67.001 67.151 67.341 67.626 67.449 67.381 67.319 67.274 75.141 75.454 75.489 75.591 75.526 75.481 75.489 75.521 75.479 75.294 72.519 69.346 67.771 68.046 68.059 69.109 69.236 69.981 69.434 69.306 69.431 69.401 69.409 69.404 69.421 69.449 69.454 69.449 69.479 70.451 69.544 69.689 69.926 70.871 71.139 71.344 71.541 71.684 71.806 71.849 71.849 71.876 71.866 71.839 71.804 71.736 72.689 74.561 75.394 76.489 74.211 71.319 71.506 72.636 71.296 71.341
65.889 65.566 65.499 65.584 65.941 67.029 66.481 66.619 66.736 66.826 67.026 67.144 67.284 67.394 67.624 74.304 75.534 74.251 75.384 75.601 75.531 75.184 75.509 75.501 75.559 75.474 75.524 75.496 67.896 69.911 69.029 69.089 69.134 69.181 69.209 69.219 69.254 69.274 69.306 69.339 69.351 69.354 69.374 69.394 69.411 69.439 69.671 69.809 70.849 70.906 70.951 71.059 71.166 71.301 71.489 71.641 71.801 71.856 71.834 71.849 71.839 71.824 71.801 71.744 72.576 71.419 71.259 71.486 71.314 71.246 71.279
