dsm/se3138_DSM_2M.asc
ncols 500
nrows 500
xllcorner    431000
yllcorner    438000
cellsize     2
NODATA_value -9999
[rows 340 to 373 of 500, columns 0 to 76 of 500]
127.422 127.387 127.324 127.262 127.199 127.147 127.102 127.052 126.982 126.932 126.942 135.902 132.782 126.799 126.717 127.194 133.039 134.477 134.609 133.122 130.062 129.187 126.679 126.224 126.222 126.869 128.739 126.327 126.117 126.014 125.959 125.939 126.612 130.917 128.214 127.882 126.332 125.649 126.907 131.119 133.647 133.507 133.552 132.422 131.357 126.282 125.039 124.917 124.762 124.634 124.524 124.547 -9999 -9999 -9999 -9999 -9999 -9999 -9999 -9999 -9999 -9999 -9999 -9999 -9999 -9999 -9999 -9999 -9999 -9999 -9999 -9999 -9999 -9999 -9999 -9999 -9999
127.329 127.289 127.212 127.124 133.197 127.529 127.524 127.014 126.939 126.997 126.872 127.074 126.814 127.052 126.674 129.982 133.477 134.899 134.054 132.674 126.287 126.119 126.239 126.122 126.197 127.489 126.004 127.149 128.254 126.192 128.304 125.814 126.127 127.554 127.382 127.997 126.612 126.492 130.574 133.719 133.912 133.742 133.617 131.522 127.419 125.104 124.902 124.757 124.634 124.544 124.489 124.454 124.494 -9999 -9999 -9999 -9999 -9999 -9999 -9999 -9999 -9999 -9999 -9999 -9999 -9999 -9999 -9999 -9999 -9999 -9999 -9999 -9999 -9999 -9999 -9999 -9999
127.204 127.182 127.104 127.907 133.404 136.187 135.542 127.909 129.442 126.772 126.689 127.767 127.257 127.069 127.782 128.372 132.804 134.942 133.627 130.917 126.054 126.047 126.007 126.032 126.297 126.869 125.872 126.244 127.214 127.022 131.024 125.689 125.662 125.842 127.599 125.562 126.097 126.649 132.897 133.874 133.912 131.827 131.717 128.024 125.152 124.917 124.939 124.912 124.582 124.462 124.409 124.447 124.459 -9999 -9999 -9999 -9999 -9999 -9999 -9999 -9999 -9999 -9999 -9999 -9999 -9999 -9999 -9999 -9999 -9999 -9999 -9999 -9999 -9999 -9999 -9999 -9999
127.114 127.089 127.139 127.302 127.019 138.512 133.509 127.054 128.292 126.637 126.587 127.832 127.289 127.149 127.452 127.472 126.517 127.802 129.132 127.954 125.992 125.982 125.957 126.427 126.572 126.367 126.114 125.667 125.849 127.087 127.194 125.519 125.509 125.512 125.502 125.544 125.414 125.719 125.452 131.789 132.179 131.922 129.227 125.144 127.714 126.229 124.854 124.644 124.462 124.367 124.397 124.434 124.654 125.509 -9999 -9999 -9999 -9999 -9999 -9999 -9999 -9999 -9999 -9999 -9999 -9999 -9999 -9999 -9999 -9999 -9999 -9999 -9999 -9999 -9999 -9999 -9999
127.044 127.014 127.107 127.764 128.259 132.532 129.817 126.674 126.649 126.594 126.529 126.462 126.554 131.177 129.087 126.869 126.324 126.987 126.432 126.029 127.609 126.509 125.912 127.087 126.247 125.874 127.947 125.657 125.549 125.832 126.724 128.007 125.392 125.379 125.332 128.254 130.719 126.972 125.547 125.292 129.679 130.944 125.337 125.174 124.847 126.867 125.014 124.452 124.392 124.344 124.382 124.352 124.974 124.432 124.964 -9999 -9999 -9999 -9999 -9999 -9999 -9999 -9999 -9999 -9999 -9999 -9999 -9999 -9999 -9999 -9999 -9999 -9999 -9999 -9999 -9999 -9999
126.969 126.929 126.982 130.687 129.414 126.692 126.954 126.619 127.212 127.559 126.487 126.397 129.274 133.034 134.549 133.954 129.509 126.129 126.327 126.122 128.014 128.169 128.162 128.829 126.274 125.847 125.694 125.737 125.619 125.454 125.389 125.597 125.339 125.319 127.547 131.169 132.467 133.557 129.264 126.452 125.692 126.379 125.062 124.887 124.784 124.904 124.744 124.352 124.277 124.349 124.304 124.264 124.299 125.109 124.624 -9999 -9999 -9999 -9999 -9999 -9999 -9999 -9999 -9999 -9999 -9999 -9999 -9999 -9999 -9999 -9999 -9999 -9999 -9999 -9999 -9999 -9999
126.899 126.834 126.837 133.317 128.377 126.677 126.442 126.394 126.722 126.849 126.489 126.329 132.154 133.654 134.827 133.487 131.967 129.432 126.124 126.929 128.057 127.999 128.019 126.187 125.914 125.704 125.729 125.852 127.494 125.944 125.334 125.189 125.157 128.767 130.992 132.229 133.464 133.622 132.472 128.259 125.899 126.187 125.042 124.704 124.832 124.454 124.299 124.262 124.307 124.287 124.824 124.237 124.339 125.644 124.072 124.037 -9999 -9999 -9999 -9999 -9999 -9999 -9999 -9999 -9999 -9999 -9999 -9999 -9999 -9999 -9999 -9999 -9999 -9999 -9999 -9999 -9999
126.844 126.757 126.762 126.757 126.752 126.662 126.444 131.242 130.017 126.367 126.307 127.217 132.849 134.344 134.379 132.889 129.004 128.502 125.629 125.694 126.202 127.787 126.864 125.727 125.462 125.772 126.857 126.257 128.219 127.327 125.502 125.109 127.019 130.667 132.447 133.242 133.817 132.612 131.414 127.084 125.094 125.094 125.322 124.492 124.427 124.279 124.237 124.259 124.267 124.172 124.299 124.309 124.434 124.062 124.089 124.232 -9999 -9999 -9999 -9999 -9999 -9999 -9999 -9999 -9999 -9999 -9999 -9999 -9999 -9999 -9999 -9999 -9999 -9999 -9999 -9999 -9999
126.782 126.692 126.874 126.777 126.827 127.027 126.757 131.759 131.582 126.344 126.309 131.664 133.434 134.779 134.597 132.284 126.277 125.609 125.557 125.484 125.454 125.647 125.962 125.429 125.264 125.369 125.577 127.102 127.089 125.394 126.044 125.714 130.042 131.844 133.064 133.974 133.027 131.592 128.267 124.979 126.152 125.454 124.649 124.347 124.279 124.199 124.219 124.247 124.159 124.104 124.212 124.344 124.232 124.007 123.982 125.334 128.889 -9999 -9999 -9999 -9999 -9999 -9999 -9999 -9999 -9999 -9999 -9999 -9999 -9999 -9999 -9999 -9999 -9999 -9999 -9999 -9999
126.732 126.629 128.032 126.902 126.677 127.139 127.389 127.979 126.692 126.344 126.299 132.587 134.069 134.757 134.709 128.664 126.027 125.652 125.852 125.439 125.544 126.177 125.512 125.479 125.457 125.239 125.339 126.874 127.204 125.552 125.452 129.602 131.614 132.824 133.889 133.017 131.814 130.319 125.272 125.089 124.877 124.999 124.979 124.272 124.164 124.157 124.204 124.139 124.082 124.122 124.152 124.027 123.962 124.184 124.102 129.489 130.844 -9999 -9999 -9999 -9999 -9999 -9999 -9999 -9999 -9999 -9999 -9999 -9999 -9999 -9999 -9999 -9999 -9999 -9999 -9999 -9999
126.677 126.564 129.024 128.767 127.582 126.622 126.509 129.069 129.047 128.882 127.499 127.222 132.222 134.734 134.402 125.624 125.479 125.434 125.369 125.494 126.022 125.527 125.314 125.254 125.399 125.702 125.167 125.154 125.757 125.037 125.127 125.239 129.632 133.807 133.157 131.989 130.792 126.292 126.389 124.784 125.714 126.182 124.362 124.162 124.114 124.174 124.119 124.069 124.109 124.129 124.179 124.954 124.247 123.949 125.847 130.619 131.792 132.827 -9999 -9999 -9999 -9999 -9999 -9999 -9999 -9999 -9999 -9999 -9999 -9999 -9999 -9999 -9999 -9999 -9999 -9999 -9999
126.614 127.679 127.632 129.254 128.969 128.174 127.572 128.562 128.797 129.034 129.024 126.242 126.219 126.879 127.822 125.622 125.402 125.334 125.274 125.394 126.182 126.824 125.259 125.222 125.202 125.532 125.519 125.104 125.097 125.609 129.337 125.859 125.074 128.339 132.117 131.014 125.417 124.972 124.857 126.344 126.089 124.474 124.174 124.084 124.132 124.112 124.037 124.087 124.522 124.204 124.069 124.664 124.734 124.009 130.449 131.599 132.737 132.302 131.154 -9999 -9999 -9999 -9999 -9999 -9999 -9999 -9999 -9999 -9999 -9999 -9999 -9999 -9999 -9999 -9999 -9999 -9999
126.547 127.752 126.624 126.667 128.727 128.734 128.232 128.064 128.552 127.104 127.352 126.352 126.219 126.229 126.044 125.402 125.302 125.262 125.312 125.234 126.772 125.212 125.259 125.159 125.117 125.142 125.214 125.142 124.969 128.847 131.474 132.684 128.977 125.014 127.002 127.334 124.914 125.302 125.492 124.852 124.532 124.194 124.064 124.099 124.084 124.007 124.057 124.164 124.432 123.867 124.017 123.972 123.949 123.917 125.854 131.819 132.517 131.334 130.182 123.502 -9999 -9999 -9999 -9999 -9999 -9999 -9999 -9999 -9999 -9999 -9999 -9999 -9999 -9999 -9999 -9999 -9999
126.494 126.702 126.604 126.819 128.559 128.569 128.609 128.529 126.499 128.279 128.192 125.909 125.697 125.747 125.617 125.922 125.929 125.359 125.202 125.172 125.199 124.959 124.969 125.104 125.122 125.104 125.004 125.964 128.054 131.242 132.474 133.407 132.384 127.192 124.882 124.979 124.972 124.857 125.107 124.362 124.179 124.114 124.052 124.069 124.639 124.269 124.099 124.202 123.912 124.879 123.797 124.132 124.794 123.952 123.797 123.779 131.294 130.359 125.362 123.347 123.232 -9999 -9999 -9999 -9999 -9999 -9999 -9999 -9999 -9999 -9999 -9999 -9999 -9999 -9999 -9999 -9999
126.432 126.334 126.499 126.614 127.342 127.752 128.264 128.604 128.684 128.737 128.182 125.434 125.367 125.324 125.367 125.722 129.819 125.557 125.162 125.134 125.262 124.979 124.967 125.029 125.092 124.997 125.659 128.174 131.047 132.819 133.417 132.534 131.329 128.602 124.674 124.647 125.574 124.327 124.429 124.219 125.249 124.039 124.032 124.172 125.022 124.072 124.767 125.189 124.199 123.762 124.144 128.479 130.624 128.327 124.699 123.709 123.694 125.977 123.514 123.329 123.302 123.192 -9999 -9999 -9999 -9999 -9999 -9999 -9999 -9999 -9999 -9999 -9999 -9999 -9999 -9999 -9999
126.362 126.239 126.297 126.172 125.934 125.764 125.872 126.209 128.232 128.294 127.832 125.324 125.284 125.249 127.247 126.309 127.477 125.212 125.052 125.014 125.274 124.979 124.979 124.949 125.574 124.907 128.002 130.842 131.454 133.284 132.932 131.512 129.969 124.724 124.524 124.479 124.369 124.194 124.092 123.967 124.292 123.979 123.922 123.879 124.512 125.377 124.097 124.059 124.327 123.869 129.167 130.404 131.499 132.474 129.519 123.954 123.617 123.517 123.614 123.227 123.249 123.209 -9999 -9999 -9999 -9999 -9999 -9999 -9999 -9999 -9999 -9999 -9999 -9999 -9999 -9999 -9999
126.302 126.174 126.287 126.214 125.957 125.739 125.672 125.662 126.037 127.007 126.114 125.429 125.194 125.249 127.324 126.377 127.464 124.967 124.969 124.917 125.099 124.969 124.954 125.009 125.072 124.879 130.029 131.872 133.087 132.987 131.687 129.542 125.487 124.522 124.502 124.439 124.827 124.084 123.964 123.917 123.947 123.904 123.827 123.927 124.732 124.554 123.849 123.764 123.772 127.337 130.222 131.307 132.344 131.772 130.672 127.839 123.447 123.842 123.717 123.709 123.132 123.149 123.069 -9999 -9999 -9999 -9999 -9999 -9999 -9999 -9999 -9999 -9999 -9999 -9999 -9999 -9999
126.229 126.182 126.874 126.312 125.857 126.987 126.844 125.557 125.957 125.914 126.537 125.247 125.152 125.137 127.427 126.227 127.449 124.949 124.887 124.849 124.954 124.942 124.814 125.147 125.252 124.912 125.214 130.104 133.154 131.457 130.704 126.882 124.737 124.474 124.442 125.402 124.187 123.959 123.864 123.932 123.897 123.804 123.894 123.979 124.014 124.144 123.789 124.127 125.319 130.012 131.734 132.259 131.944 130.857 129.774 124.849 123.539 126.364 124.427 123.734 123.302 123.032 123.032 -9999 -9999 -9999 -9999 -9999 -9999 -9999 -9999 -9999 -9999 -9999 -9999 -9999 -9999
126.167 126.117 126.207 125.644 125.617 125.607 126.937 126.842 125.954 125.799 126.714 125.214 126.139 126.927 125.227 125.292 125.119 124.757 124.794 125.244 124.837 124.782 126.234 126.192 124.904 124.957 127.119 126.267 127.402 130.837 125.472 124.384 124.337 125.229 124.784 124.832 124.444 123.857 123.872 123.869 123.779 123.864 123.982 124.012 124.017 126.592 124.939 123.737 129.632 130.894 132.012 132.304 131.067 129.972 125.472 123.737 123.722 124.557 126.414 123.704 123.199 123.132 123.894 -9999 -9999 -9999 -9999 -9999 -9999 -9999 -9999 -9999 -9999 -9999 -9999 -9999 -9999
126.089 126.069 126.184 125.589 125.574 127.684 130.714 130.297 129.707 129.517 127.517 126.967 127.467 128.444 125.124 125.292 124.844 127.484 125.759 124.954 125.107 124.707 127.399 128.589 127.192 126.947 126.474 127.179 125.694 124.619 124.474 124.327 124.282 124.209 124.059 123.914 123.824 123.837 123.847 124.232 123.834 123.987 124.939 123.834 123.869 123.859 123.962 123.774 129.079 131.842 132.454 132.127 130.079 125.559 123.997 123.562 123.112 123.074 123.627 123.164 123.499 125.949 122.924 129.074 127.759 -9999 -9999 -9999 -9999 -9999 -9999 -9999 -9999 -9999 -9999 -9999 -9999
126.192 126.022 126.089 125.557 125.539 128.149 132.424 132.407 132.322 132.232 132.164 132.932 133.009 132.634 125.424 127.197 127.577 131.522 131.399 131.312 131.202 131.082 130.984 128.907 127.172 127.132 124.794 125.712 124.802 125.787 124.324 124.162 124.164 124.182 123.904 123.787 123.807 123.837 124.062 123.992 123.869 124.727 123.764 123.719 123.704 123.719 123.647 123.692 123.552 129.244 132.194 130.989 125.709 123.267 123.464 123.114 123.177 122.989 123.104 123.037 123.267 126.104 125.902 128.439 127.867 124.202 -9999 -9999 -9999 -9999 -9999 -9999 -9999 -9999 -9999 -9999 -9999
127.049 125.962 126.712 125.514 125.377 129.442 132.624 133.867 133.812 133.742 133.689 133.689 133.607 133.594 126.377 127.299 129.199 133.032 132.919 132.879 132.264 132.584 132.487 129.054 128.154 126.162 125.352 124.427 124.619 124.312 124.167 124.009 123.932 123.834 123.762 123.759 123.799 123.744 123.722 123.787 124.634 123.872 123.627 123.597 123.589 127.229 128.269 124.167 123.639 123.459 128.249 128.517 123.234 123.519 123.299 122.952 122.997 123.437 123.144 123.054 123.044 123.519 125.797 124.294 124.777 124.412 123.394 -9999 -9999 -9999 -9999 -9999 -9999 -9999 -9999 -9999 -9999
126.312 125.909 125.962 125.504 125.762 129.374 132.582 132.802 132.787 133.024 133.167 133.177 133.632 133.439 125.589 127.177 129.542 133.474 133.539 133.644 133.687 133.694 133.744 129.447 126.967 125.807 127.052 126.082 124.154 124.034 123.992 123.867 123.762 123.717 123.709 123.764 123.729 123.657 123.737 124.117 124.352 124.614 123.492 123.412 126.867 129.957 130.742 131.312 125.977 123.732 123.317 123.452 124.872 122.807 122.734 123.089 122.809 123.254 123.952 123.229 123.522 126.989 123.464 122.549 124.119 124.582 124.582 -9999 -9999 -9999 -9999 -9999 -9999 -9999 -9999 -9999 -9999
125.817 125.774 126.432 125.959 125.329 129.902 129.449 130.779 131.417 131.509 131.804 131.707 131.792 131.327 125.004 125.222 130.714 131.954 132.042 132.274 132.202 132.289 132.447 126.347 125.742 124.614 126.554 127.034 124.009 124.002 123.977 123.837 123.682 123.634 123.712 123.687 123.592 123.647 124.757 124.792 123.542 123.439 123.729 123.659 129.749 130.799 131.924 132.127 130.792 125.059 123.307 123.249 126.057 124.672 122.714 122.692 122.697 122.844 123.499 123.297 127.059 126.732 122.207 122.232 122.569 122.814 122.157 121.747 -9999 -9999 -9999 -9999 -9999 -9999 -9999 -9999 -9999
125.759 125.742 125.814 125.937 126.314 125.339 125.292 125.302 125.252 125.914 125.372 127.294 125.134 125.754 124.937 124.607 127.022 128.814 130.424 128.544 129.954 129.644 130.984 124.814 125.514 124.374 124.127 123.964 123.927 124.077 125.179 123.694 123.594 123.657 123.657 123.569 123.579 123.659 123.892 123.589 123.502 123.427 124.669 129.574 131.629 131.727 132.182 131.729 129.767 126.412 123.184 127.222 127.064 126.207 125.327 122.697 122.647 122.634 124.014 126.149 126.669 122.664 122.187 122.222 122.157 122.594 122.329 122.149 121.704 -9999 -9999 -9999 -9999 -9999 -9999 -9999 -9999
125.729 125.609 125.632 125.594 125.939 125.344 125.269 125.272 125.199 125.137 125.302 124.984 124.874 124.799 124.792 124.584 124.557 124.562 124.552 124.477 124.512 124.234 124.249 124.184 124.104 124.074 124.027 124.417 124.182 123.794 123.667 123.569 123.624 123.634 123.542 123.577 123.649 124.042 123.617 123.554 123.502 123.427 129.179 130.484 131.602 132.154 131.512 130.254 126.922 126.017 124.259 126.182 127.019 127.229 125.189 122.802 122.582 122.592 126.927 124.692 123.072 122.184 122.177 122.167 122.057 124.554 125.274 127.752 127.807 -9999 -9999 -9999 -9999 -9999 -9999 -9999 -9999
125.672 125.547 125.474 125.464 125.402 125.264 125.199 125.144 125.007 124.939 124.942 124.814 124.807 124.694 124.642 124.554 124.459 124.447 124.409 124.369 124.342 125.407 124.209 124.057 124.089 123.977 124.542 124.062 123.812 123.687 123.547 123.584 123.604 123.532 123.542 123.572 124.109 124.152 123.804 123.492 123.454 125.499 130.269 131.414 132.239 131.832 130.197 126.092 122.984 122.889 122.457 123.437 126.029 126.457 123.539 122.554 122.664 122.704 125.522 122.912 122.379 122.222 122.169 122.054 121.832 122.939 125.959 128.682 129.784 -9999 -9999 -9999 -9999 -9999 -9999 -9999 -9999
125.589 125.479 125.374 125.249 125.244 125.132 125.064 125.027 124.984 124.924 124.834 124.769 124.689 124.584 124.532 124.457 124.399 124.317 124.222 124.147 124.337 124.407 123.942 123.924 123.909 123.864 123.799 123.722 123.677 123.554 123.549 123.574 123.524 123.487 123.547 124.149 124.044 123.459 123.452 124.224 123.374 124.504 126.084 132.214 131.487 131.677 128.719 122.754 122.872 122.407 122.364 122.319 122.687 122.359 122.327 122.957 123.152 122.869 122.819 122.127 122.014 121.999 121.959 121.929 123.472 124.019 127.814 129.149 129.402 128.012 124.254 -9999 -9999 -9999 -9999 -9999 -9999
125.534 125.449 125.337 125.264 125.164 125.082 125.002 124.929 124.957 125.567 125.202 125.164 125.952 124.992 124.397 124.322 124.264 124.234 124.314 124.202 124.092 123.974 123.812 123.784 123.804 123.779 123.724 123.597 123.524 123.537 123.542 123.504 123.432 123.509 123.749 124.554 123.222 123.142 123.589 123.264 123.577 123.352 123.814 125.914 130.529 129.227 124.839 122.742 123.844 123.129 122.289 122.254 122.227 122.219 122.247 122.432 123.097 122.042 122.289 122.109 121.972 122.077 121.859 121.829 124.612 125.522 128.264 129.617 129.207 127.569 122.532 121.351 -9999 -9999 -9999 -9999 -9999
126.329 125.722 125.249 125.162 125.097 125.054 124.982 124.917 124.859 124.794 124.714 124.659 124.577 124.514 124.434 124.367 124.277 124.184 124.487 125.037 124.154 123.864 123.787 123.742 123.689 123.629 123.607 123.577 123.547 123.534 123.474 123.384 123.479 123.517 124.762 123.227 123.177 123.067 123.009 126.402 122.962 123.239 123.507 122.939 123.282 126.264 124.592 122.662 122.369 122.749 123.424 122.154 122.134 122.127 122.204 122.474 122.117 122.297 122.332 121.484 121.977 123.359 123.587 121.809 124.764 126.897 128.704 129.759 128.449 127.254 121.767 121.384 -9999 -9999 -9999 -9999 -9999
125.459 125.339 125.209 125.079 124.999 124.932 124.862 124.789 124.717 124.657 124.604 124.539 124.469 124.412 124.344 124.274 124.202 124.124 124.029 123.982 123.929 123.874 123.807 123.749 123.679 123.647 123.587 123.559 123.549 123.502 123.372 123.399 123.424 124.877 123.194 123.167 123.109 123.022 127.832 128.682 127.244 123.167 123.279 123.524 122.727 122.629 123.507 122.482 122.319 122.254 122.374 123.632 122.077 122.054 122.542 122.504 121.582 122.759 121.514 121.479 121.642 122.099 123.684 122.314 122.577 127.844 128.542 129.007 127.989 126.292 121.477 121.309 122.244 -9999 -9999 -9999 -9999
125.424 125.347 125.214 125.149 125.087 125.007 124.977 124.922 124.842 124.782 124.704 124.632 124.564 124.477 124.392 124.314 124.217 124.124 123.994 123.857 123.804 123.784 123.754 123.702 123.644 123.602 123.554 123.547 123.502 123.402 123.247 123.312 124.057 123.252 123.159 123.124 123.037 126.577 129.544 129.259 128.772 128.294 126.127 124.939 123.024 125.342 125.529 124.034 122.277 122.204 122.117 122.112 123.382 122.259 122.462 122.284 121.889 121.789 121.487 121.467 121.444 121.432 125.129 125.744 121.664 121.832 124.439 127.444 127.567 121.782 121.329 121.269 121.752 121.062 -9999 -9999 -9999
125.299 125.282 125.177 125.109 125.292 125.059 125.364 125.032 125.014 124.812 125.037 124.862 124.499 124.454 124.387 124.324 124.232 124.174 124.077 123.932 123.787 123.639 123.652 123.617 123.567 123.539 123.527 123.497 123.427 123.297 123.109 123.179 124.199 123.079 123.102 123.077 123.007 128.534 129.002 129.457 129.362 128.874 128.397 126.497 124.264 124.904 125.704 125.684 124.374 122.122 122.107 122.169 122.272 122.767 125.487 121.832 121.472 121.667 121.449 121.442 121.439 122.152 125.652 127.509 126.544 122.299 121.359 122.257 122.069 121.369 121.252 121.202 121.082 121.104 -9999 -9999 -9999
125.217 125.229 125.154 125.107 125.082 125.032 124.827 124.529 124.557 124.999 126.379 127.367 125.217 124.689 125.014 125.747 124.597 124.812 124.637 123.962 123.804 123.584 123.529 123.544 123.499 123.494 123.487 123.437 123.344 123.232 123.037 123.074 123.414 122.982 123.019 122.997 122.962 122.989 128.124 128.894 129.382 129.449 128.964 128.029 122.927 123.882 125.022 125.129 122.934 122.129 122.119 122.822 123.087 125.632 123.712 121.379 121.419 121.397 121.404 121.502 121.644 123.892 125.819 127.759 127.922 127.082 123.619 121.204 121.412 121.199 121.159 121.054 122.159 120.917 120.992 -9999 -9999
