dsm/se3137_DSM_2M.asc
ncols 500
nrows 500
xllcorner    431000
yllcorner    437000
cellsize     2
NODATA_value -9999
[rows 279 to 309 of 500, columns 210 to 279 of 500]
119.846 119.789 120.096 119.736 119.844 119.729 119.766 119.799 119.841 119.861 119.824 120.831 119.891 119.936 120.139 120.931 120.104 120.154 120.204 120.359 120.346 120.251 120.229 120.219 120.259 120.271 120.881 120.164 120.651 122.641 119.739 119.674 119.639 119.549 119.541 119.449 119.351 119.281 119.216 119.204 119.334 119.306 119.339 119.359 119.384 119.436 119.476 119.594 119.551 120.391 119.544 119.729 119.694 119.726 119.794 119.761 119.791 119.866 119.899 119.889 119.956 121.374 120.031 120.339 122.099 127.834 131.304 127.361 128.556 121.814
119.834 119.789 119.734 119.706 120.069 119.911 119.974 119.829 119.864 120.194 119.801 119.814 120.896 119.896 119.954 119.994 120.039 120.309 120.899 120.991 121.059 120.821 120.169 120.129 120.101 120.179 120.166 120.124 120.071 120.551 119.919 120.794 119.729 119.494 119.424 119.429 119.351 119.229 119.084 119.019 119.009 118.979 118.981 118.964 118.954 118.901 118.939 119.031 119.074 119.161 119.211 119.294 119.334 119.361 119.429 119.456 119.526 119.634 119.701 119.834 119.776 119.846 119.919 119.991 120.054 121.026 123.639 123.204 122.774 120.316
119.834 119.794 119.736 119.911 119.714 119.736 120.181 119.831 120.041 119.929 121.154 119.799 119.819 119.864 119.916 119.946 119.986 120.019 120.536 120.801 120.354 120.134 120.124 120.049 120.004 119.981 120.056 120.034 119.984 119.901 122.396 123.439 122.309 119.416 119.351 119.279 119.294 119.196 119.059 118.914 118.859 118.859 118.791 118.691 118.671 118.604 118.579 118.589 118.631 118.696 118.741 118.789 118.826 118.844 118.866 118.906 118.951 119.036 119.131 119.211 119.344 119.439 119.476 119.586 119.714 119.794 119.904 120.036 120.106 120.229
119.819 119.801 119.759 119.716 119.734 119.844 119.789 119.899 119.819 119.741 119.766 119.771 119.801 119.841 119.881 119.911 119.949 119.974 120.006 120.466 120.074 119.854 119.861 120.031 119.921 119.889 119.851 119.911 119.901 119.836 119.984 122.461 120.276 119.319 119.241 119.174 119.151 119.129 119.029 118.874 118.766 118.716 118.909 120.896 118.506 118.824 118.964 122.171 118.414 118.414 118.399 118.414 118.444 118.479 118.486 118.514 118.596 118.641 118.776 118.949 119.004 119.149 119.199 119.186 119.396 119.556 119.674 119.856 120.044 120.106
120.981 120.121 119.751 119.736 119.694 119.704 119.766 119.869 120.829 119.951 119.761 119.769 119.791 119.816 119.854 120.171 120.974 119.939 120.586 120.474 119.811 123.864 119.741 119.844 119.964 119.821 119.759 119.739 119.799 119.759 119.704 119.641 119.889 119.411 119.199 119.104 118.996 119.019 118.999 118.844 118.694 118.604 118.589 118.524 118.434 118.736 118.811 118.364 118.286 118.249 118.276 118.224 118.269 118.279 118.256 118.306 118.371 118.446 118.546 118.696 118.919 119.016 119.091 119.179 119.324 119.401 119.884 119.779 119.941 120.044
125.821 126.191 119.996 119.729 119.686 119.676 119.934 119.676 119.706 120.399 119.741 119.759 119.774 119.801 119.831 119.859 120.156 120.611 120.501 119.886 119.701 119.866 122.146 120.586 119.801 119.841 119.691 119.636 119.616 119.661 119.591 119.536 119.471 119.501 119.206 119.046 118.956 118.884 118.906 118.771 118.661 118.524 118.469 118.429 118.374 118.299 118.251 118.251 118.259 118.449 118.339 118.121 118.229 120.071 118.179 118.199 118.484 118.471 118.391 118.564 119.051 118.906 119.081 119.181 119.311 119.396 119.476 119.654 119.824 119.916
126.681 127.009 127.584 119.901 119.714 119.681 119.641 119.661 119.676 119.699 119.726 119.741 119.771 119.794 119.806 119.839 119.931 120.254 119.869 119.719 120.249 126.099 120.766 119.649 119.584 119.656 119.674 119.541 119.514 119.479 119.486 119.419 119.384 119.726 120.836 118.999 118.899 118.749 118.729 118.699 118.624 118.439 118.354 118.351 118.471 118.319 118.259 118.219 118.179 118.134 118.076 118.064 118.154 118.801 118.121 118.214 118.294 118.436 118.501 120.329 118.756 118.846 119.074 119.151 119.391 119.349 119.464 119.589 119.749 119.851
127.561 127.611 126.854 126.001 120.559 119.701 119.626 119.651 119.661 119.709 119.711 119.746 119.756 119.971 120.804 119.864 119.881 119.739 119.666 119.644 119.614 119.579 119.791 123.261 119.659 119.614 119.541 119.461 119.404 119.354 119.294 119.301 119.294 123.744 119.276 119.151 118.826 118.681 118.581 118.594 118.536 118.409 118.254 118.226 118.364 118.199 118.114 118.111 118.111 118.039 117.996 117.981 117.984 118.014 118.071 123.631 118.546 118.739 119.266 118.994 119.109 119.081 119.069 119.031 119.151 119.271 119.434 119.589 119.791 119.866
128.444 127.696 126.931 126.181 124.729 120.471 119.734 119.629 119.674 120.991 119.786 122.269 120.219 121.376 119.929 119.849 119.749 119.921 119.639 119.609 119.499 119.426 119.351 119.431 120.241 119.491 119.409 119.349 119.276 119.231 119.176 119.104 119.124 124.836 119.069 119.094 118.951 118.631 118.474 118.454 118.429 118.351 118.189 118.114 118.149 118.099 118.056 117.981 117.981 117.914 117.924 117.949 118.169 118.109 118.301 120.184 118.819 118.856 118.904 118.974 119.046 119.151 119.256 119.346 119.314 119.319 119.451 119.624 119.826 119.911
128.989 128.556 127.814 127.061 126.299 125.559 120.579 119.689 119.651 119.744 121.959 122.204 119.841 119.831 119.844 119.746 119.591 120.311 122.254 123.299 121.384 119.234 119.224 119.276 119.416 119.374 119.294 119.216 119.149 119.096 119.049 118.991 119.726 118.941 118.966 118.914 118.916 118.789 118.481 118.314 118.279 118.226 118.144 118.021 118.004 118.094 117.961 117.929 117.889 117.839 117.811 119.371 118.856 118.456 118.666 118.661 118.689 118.731 118.751 118.839 118.931 119.044 119.196 119.324 119.404 119.571 119.446 119.556 119.764 119.804
128.139 128.869 128.671 127.934 127.184 126.436 125.681 120.599 119.764 119.689 122.321 119.819 119.801 119.819 119.669 119.564 119.554 119.559 119.839 121.384 124.461 122.296 119.106 119.154 119.269 119.291 119.194 119.081 119.016 118.959 118.911 118.846 118.811 118.754 118.756 118.801 118.766 120.494 118.571 118.356 118.181 118.071 118.031 117.929 117.896 117.909 117.884 117.871 117.856 117.779 118.246 125.244 118.414 118.601 118.529 118.531 118.549 118.614 118.696 118.794 118.896 119.019 119.141 119.239 119.381 119.509 119.599 119.629 119.676 119.714
127.244 128.011 128.764 128.829 128.056 127.306 126.564 125.811 121.839 119.764 119.669 119.611 119.764 120.956 119.636 119.626 119.541 119.429 119.244 119.094 120.964 119.071 119.026 118.996 119.139 119.149 119.109 118.989 118.881 118.831 118.784 118.736 118.874 118.664 118.611 118.631 120.624 122.519 119.759 118.519 118.131 117.991 117.889 117.844 117.801 117.901 117.814 117.744 117.736 117.756 118.259 118.246 118.516 118.406 118.364 118.414 118.466 118.536 118.634 118.739 118.866 119.006 119.144 119.266 119.354 119.436 119.576 119.759 119.656 119.636
126.364 127.136 127.864 128.621 128.329 127.461 126.584 125.709 120.686 119.816 119.694 119.629 119.534 120.426 121.439 122.529 119.401 120.309 118.936 118.969 118.981 123.736 118.951 118.936 119.019 119.036 119.024 119.006 119.009 118.696 118.651 120.816 120.969 120.084 118.524 118.469 118.511 118.494 118.461 118.856 118.266 117.959 117.809 117.761 117.701 117.761 117.781 117.726 117.716 117.729 118.009 118.321 118.294 118.244 118.291 118.329 118.369 118.436 118.621 118.759 118.884 119.024 119.146 119.269 119.359 119.431 119.494 119.624 119.784 119.754
126.161 127.359 126.996 127.741 128.166 127.371 126.571 126.029 123.784 119.844 119.451 119.294 120.026 119.196 119.269 120.764 118.909 118.771 120.289 118.879 118.884 121.324 118.819 118.846 118.909 120.286 122.331 122.966 120.721 118.601 120.111 119.851 120.364 119.516 118.516 118.359 118.319 118.391 118.721 119.674 118.681 118.136 117.754 117.699 117.624 117.629 117.721 117.691 117.691 118.739 118.366 118.261 118.191 118.171 118.204 118.239 118.321 118.514 118.694 118.861 118.991 119.104 119.171 119.274 119.344 119.426 119.479 119.586 119.724 119.919
118.094 126.351 126.119 126.884 127.521 126.669 125.844 125.651 119.859 118.819 118.969 119.001 119.041 118.891 118.829 118.764 118.731 118.729 119.441 118.764 118.846 118.966 118.959 121.011 121.859 120.361 119.994 121.364 119.404 122.416 118.544 118.584 119.674 119.994 120.021 118.214 118.221 118.196 118.246 118.209 118.201 118.534 117.969 117.676 117.589 117.539 117.581 117.646 117.701 118.356 118.164 118.141 118.046 118.104 118.116 118.181 118.414 118.596 118.759 118.906 118.996 119.066 119.204 119.309 119.339 119.381 119.446 119.476 119.631 119.879
117.824 117.939 123.741 125.994 126.676 125.921 121.529 119.861 118.579 118.411 118.581 118.814 119.161 118.576 119.444 119.489 119.506 118.816 118.596 118.686 118.846 118.989 119.161 121.804 121.439 121.856 121.924 121.641 123.741 119.129 118.146 118.109 118.181 117.821 124.769 117.774 118.064 118.101 118.079 118.144 118.099 118.021 118.331 117.786 117.536 117.449 117.434 117.561 117.821 118.131 118.106 118.024 117.971 118.006 118.021 118.246 118.451 118.624 118.796 118.909 118.966 119.051 119.134 119.261 119.336 119.309 119.389 119.439 119.541 119.674
117.461 117.821 117.944 123.971 125.866 120.884 119.114 118.894 118.094 118.439 119.091 120.359 120.704 118.706 119.324 118.681 118.581 118.229 118.111 118.486 122.714 121.024 118.066 117.986 119.446 117.784 119.291 117.706 117.679 117.776 117.681 117.611 117.529 117.424 120.439 118.349 117.406 117.959 117.979 117.951 118.019 117.991 118.179 118.076 117.526 117.416 117.391 117.424 117.856 118.744 117.961 117.864 117.874 117.919 117.964 118.289 118.479 118.636 118.771 118.866 118.921 118.989 119.114 123.624 119.304 119.299 119.346 119.431 119.489 119.644
116.986 117.396 117.764 118.276 120.554 117.961 117.881 117.861 123.344 119.106 119.124 118.734 117.996 118.924 118.726 117.749 118.621 117.949 117.676 117.661 118.171 117.699 117.684 117.674 117.624 117.589 117.579 117.484 117.419 117.421 117.316 117.261 117.114 117.141 117.021 120.669 116.979 117.306 117.881 117.869 117.834 118.004 117.841 117.866 117.544 117.439 117.391 117.376 118.051 117.896 117.816 117.731 117.799 117.831 118.026 118.304 118.489 118.606 118.849 118.784 118.856 118.931 118.936 119.331 120.126 119.201 119.259 119.384 119.516 119.631
116.466 116.786 117.274 117.626 117.729 117.539 117.514 117.509 121.621 117.854 116.816 116.944 118.006 118.491 117.681 119.406 121.106 117.899 117.404 117.416 117.409 117.401 117.404 117.364 117.351 117.311 117.304 117.216 117.151 117.044 119.051 116.746 116.674 116.639 116.676 117.159 116.736 116.741 117.284 117.799 117.751 117.721 117.806 117.774 117.801 117.536 117.416 117.416 117.534 117.741 117.684 117.681 117.726 117.751 118.084 118.351 118.469 118.594 119.539 118.729 118.771 119.041 118.904 118.976 119.651 119.106 119.236 119.354 119.464 119.559
115.989 116.336 116.699 116.969 116.939 116.776 116.364 116.089 116.009 116.239 116.464 116.504 116.979 119.476 120.374 119.721 121.441 117.381 117.191 117.401 117.171 117.229 117.259 119.876 117.996 116.801 116.801 116.649 116.529 116.444 123.489 127.206 117.519 116.461 117.901 117.164 116.546 116.674 116.746 117.616 117.644 117.594 117.606 117.689 117.731 117.864 117.636 117.491 117.669 117.596 117.531 117.606 117.651 117.761 118.104 118.326 118.444 118.539 122.579 118.751 118.709 118.731 118.781 118.849 118.966 119.081 119.186 119.294 119.376 119.466
115.366 115.819 116.144 116.316 116.324 116.116 115.781 115.731 115.736 115.984 115.889 116.169 119.811 120.584 116.209 116.274 116.261 116.261 116.441 117.316 118.081 121.089 116.169 116.101 116.181 116.196 116.166 116.169 116.146 116.169 119.619 121.701 116.331 115.946 116.691 116.869 116.204 116.481 116.651 116.889 117.449 117.451 117.451 117.499 117.629 117.684 117.686 117.864 117.631 117.484 117.454 117.531 117.594 117.801 118.066 118.289 118.396 118.531 120.421 118.471 118.519 118.584 118.709 118.831 118.931 119.034 119.124 119.209 119.356 119.531
114.484 115.076 115.576 115.844 115.784 115.421 115.966 115.226 115.531 115.134 115.134 115.466 118.229 115.654 118.836 115.564 115.446 115.561 115.661 115.811 118.551 120.214 115.681 115.731 115.829 115.876 115.939 115.981 116.036 115.976 115.889 115.826 117.251 120.791 121.751 116.136 115.916 116.224 116.444 116.609 117.059 117.291 117.296 117.294 117.391 117.526 117.579 117.594 117.404 117.314 117.366 117.449 117.534 117.846 118.016 118.164 118.184 119.449 118.286 118.299 118.461 118.586 118.674 118.766 118.861 118.941 119.091 119.306 119.434 119.611
113.721 114.149 114.624 115.016 115.366 114.964 114.936 114.799 114.871 114.751 114.884 114.911 114.984 115.036 115.661 115.151 115.231 115.649 115.464 116.084 116.456 118.421 115.451 118.429 117.269 115.449 115.539 115.576 115.991 118.536 121.216 121.834 122.326 122.791 122.664 120.449 115.906 116.059 116.331 116.529 116.556 117.044 117.129 117.154 117.164 117.276 117.381 117.431 117.234 117.181 117.276 117.359 117.541 117.806 117.949 117.949 118.016 118.054 118.206 118.331 118.429 118.516 118.596 118.689 118.816 119.046 119.226 119.419 119.459 121.744
113.374 113.506 113.794 114.104 114.446 114.524 114.546 114.446 114.414 114.631 114.979 114.586 116.004 114.986 114.711 114.684 114.889 116.724 114.974 115.509 116.331 116.981 118.291 119.406 119.806 120.581 115.134 115.286 115.894 121.909 122.824 123.321 123.834 124.274 123.469 121.636 116.919 115.996 116.156 116.334 116.514 116.511 117.001 116.989 116.999 117.049 117.181 117.184 117.094 117.101 117.204 117.296 117.454 117.631 117.709 117.784 117.926 118.064 118.171 118.264 118.359 118.439 118.544 118.801 118.969 128.981 119.156 119.276 119.341 119.494
115.154 113.136 113.281 113.556 113.879 114.156 114.899 114.186 115.549 119.731 119.496 119.316 119.751 119.539 119.791 115.379 114.911 114.804 118.539 121.106 121.304 121.501 121.691 121.864 122.001 121.491 117.586 115.064 115.321 121.446 122.916 124.254 123.799 123.311 122.789 122.071 116.124 115.804 115.964 116.121 116.336 116.449 116.479 116.916 116.834 116.884 116.936 116.961 116.914 117.019 117.121 117.244 117.401 117.504 117.619 117.786 117.906 118.006 118.091 118.164 118.274 118.526 118.794 118.899 118.934 118.989 119.091 119.266 119.429 120.134
112.746 112.806 112.946 113.259 113.601 113.831 114.104 113.989 116.239 120.754 121.431 121.434 121.446 121.436 121.026 117.031 114.899 116.006 118.751 121.601 122.881 123.099 123.271 123.439 123.244 121.649 118.479 114.941 115.126 120.246 122.456 122.749 122.284 121.776 121.319 117.936 115.616 115.689 115.816 116.114 116.086 116.296 116.449 116.469 116.681 116.714 116.789 116.824 116.846 116.931 117.066 117.181 117.316 117.486 117.619 117.726 117.831 117.894 117.974 118.231 118.521 118.769 118.936 122.574 118.864 118.986 119.219 119.401 121.221 119.711
113.706 113.989 116.171 112.999 113.586 113.559 113.741 113.681 117.314 120.746 122.851 122.989 123.014 122.779 121.094 118.009 114.279 114.319 118.349 121.459 122.884 122.849 122.701 122.549 122.346 121.791 118.079 114.814 114.911 115.431 121.686 120.531 116.304 115.224 115.314 115.361 115.491 115.619 115.741 115.924 116.571 116.189 116.981 116.399 116.459 116.556 116.666 116.719 116.769 116.886 117.044 117.194 117.306 117.426 117.526 118.004 117.709 117.979 118.291 118.624 123.046 118.714 118.751 118.844 118.996 119.409 119.421 119.636 119.456 119.849
112.011 112.114 112.274 112.599 113.501 113.316 113.426 113.441 116.296 120.716 121.724 121.681 121.681 121.644 121.086 117.314 114.106 114.081 114.926 121.216 121.411 121.246 121.089 120.944 120.769 120.614 117.926 114.709 114.741 114.851 114.974 115.106 115.186 115.226 115.264 115.304 115.406 115.549 115.641 115.816 115.929 116.059 116.181 116.299 116.356 116.409 116.519 116.611 116.779 116.914 117.014 117.124 117.241 117.346 122.206 123.939 118.101 118.474 121.456 118.659 118.559 118.679 118.836 119.166 119.219 119.759 119.979 119.476 119.566 119.656
112.221 111.459 111.726 112.096 112.456 118.884 117.191 113.274 114.364 120.029 120.019 119.621 120.004 120.011 119.976 117.196 113.904 113.866 113.919 116.974 115.039 114.106 114.176 114.221 114.311 114.384 114.509 114.656 114.676 114.771 114.884 114.974 115.021 115.049 115.086 115.161 115.314 115.421 115.539 115.679 115.826 115.976 116.046 116.174 116.161 116.304 116.449 116.604 116.721 116.839 116.954 117.086 117.184 117.454 117.891 118.166 124.589 118.406 123.224 118.451 118.589 118.744 118.894 119.059 119.231 120.209 120.201 119.701 119.561 119.679
110.304 111.634 111.524 114.726 111.896 111.926 112.281 112.704 112.861 112.909 113.009 113.071 113.181 113.254 113.384 113.521 113.631 113.586 113.816 113.919 113.996 114.049 114.091 114.134 114.189 114.261 114.386 114.484 114.439 114.504 114.534 114.604 114.664 114.686 114.806 114.959 115.119 115.316 115.474 115.584 115.671 115.709 115.819 115.986 116.136 116.274 116.396 116.504 116.644 116.766 117.154 117.154 117.519 117.884 118.159 118.279 121.049 118.389 121.389 118.556 118.786 118.786 118.826 119.304 120.669 122.746 122.784 120.011 119.716 119.784
110.289 111.574 112.286 111.171 111.284 111.256 111.589 111.806 112.036 112.376 112.511 112.611 112.739 112.869 113.019 113.089 113.209 113.144 113.401 113.461 113.506 113.484 113.476 113.489 113.586 113.646 113.776 113.826 113.839 113.874 113.956 114.126 114.311 114.516 114.716 114.919 115.036 115.134 115.181 115.294 115.454 115.629 115.796 115.934 116.079 116.206 116.321 116.444 116.601 116.816 117.196 117.684 117.789 118.001 118.141 118.244 118.369 118.539 118.656 120.234 118.796 118.786 118.854 119.371 121.644 125.569 125.639 125.714 124.299 119.746
