dsm/se3132_DSM_2M.asc
ncols 500
nrows 500
xllcorner    431000
yllcorner    432000
cellsize     2
NODATA_value -9999
[rows 64 to 95 of 500, columns 0 to 71 of 500]
26.253 26.171 26.058 25.536 25.506 25.398 25.428 25.453 25.566 25.573 25.531 25.501 25.478 25.451 25.416 25.388 25.376 25.356 25.343 25.301 25.288 25.273 25.246 25.601 30.773 31.998 35.281 35.026 34.478 33.461 27.663 26.616 26.148 25.666 25.336 25.393 25.501 25.461 25.463 25.469 25.46 25.491 25.481 25.433 25.417 25.35 25.294 25.311 25.314 25.299 25.931 25.749 24.912 24.663 24.065 23.675 23.002 22.945 22.939 -9999 -9999 -9999 -9999 -9999 22.5 22.51 -9999 -9999 -9999 -9999 22.392 22.438
26.401 26.156 25.991 25.796 25.611 25.538 25.416 25.418 25.446 25.531 25.566 25.548 25.523 25.508 25.473 25.448 25.411 25.418 25.386 25.361 25.331 25.306 25.291 25.288 25.288 27.346 32.483 33.873 33.483 32.981 31.043 27.568 27.008 26.466 25.926 25.386 25.363 25.548 25.496 25.483 25.47 25.473 25.475 25.449 25.403 25.353 25.335 25.326 25.315 25.334 25.328 26.101 26.432 25.959 24.31 23.996 23.622 22.945 22.905 22.992 -9999 -9999 -9999 -9999 -9999 22.522 -9999 -9999 -9999 -9999 22.437 22.46
41.696 34.948 28.063 25.906 25.743 25.636 25.566 25.476 25.416 25.433 25.463 25.581 25.586 25.533 25.528 25.506 25.471 25.451 25.438 25.418 25.381 25.346 25.323 25.298 25.286 25.286 26.236 29.731 28.876 28.303 28.431 28.188 27.408 27.313 26.768 26.278 25.743 25.331 25.391 25.578 25.501 25.496 25.472 25.437 25.382 25.359 25.351 25.348 25.339 25.3 25.238 25.235 26.55 26.142 24.914 24.273 23.961 23.28 23.01 23.052 23.139 -9999 -9999 -9999 -9999 -9999 -9999 -9999 -9999 -9999 -9999 -9999
45.501 45.123 38.953 35.713 26.003 25.876 25.773 25.661 25.528 25.441 25.446 25.456 25.513 25.593 25.583 25.561 25.531 25.516 25.486 25.453 25.423 25.396 25.373 25.351 25.311 25.283 25.268 25.231 25.268 28.401 28.311 25.203 25.968 26.718 27.601 27.083 26.538 26.048 25.481 25.331 25.466 25.555 25.517 25.464 25.41 25.384 25.38 25.381 25.345 25.295 25.264 25.221 25.396 26.202 25.524 24.992 24.078 23.794 23.112 23.135 23.188 23.19 -9999 -9999 -9999 -9999 -9999 -9999 -9999 -9999 -9999 22.459
45.448 45.483 45.506 43.321 41.866 27.573 26.116 25.753 25.653 25.596 25.583 25.491 25.476 25.486 25.586 25.603 25.578 25.546 25.536 25.496 25.478 25.438 25.421 25.398 25.358 25.321 25.296 25.273 25.248 25.251 26.183 25.206 25.201 25.221 26.611 27.076 27.443 26.881 26.396 25.861 25.391 25.368 25.566 25.525 25.459 25.411 25.395 25.391 25.383 25.346 25.278 25.212 25.225 25.731 26.748 25.513 24.707 24.141 23.936 23.535 23.073 23.089 23.175 -9999 -9999 -9999 -9999 -9999 -9999 -9999 -9999 22.473
45.401 45.423 45.456 45.476 45.501 43.271 29.456 26.203 26.176 26.026 25.696 25.606 25.578 25.483 25.508 25.668 25.623 25.618 25.576 25.546 25.516 25.496 25.448 25.426 25.383 25.378 25.336 25.303 25.276 25.231 25.208 25.191 25.193 25.206 25.196 25.753 26.513 27.521 27.276 26.631 26.181 25.606 25.336 25.38 25.559 25.498 25.435 25.42 25.417 25.405 25.376 25.286 25.231 25.259 26.357 25.885 25.383 24.286 24.107 23.994 23.225 23.132 23.212 -9999 -9999 -9999 -9999 -9999 -9999 -9999 -9999 -9999
45.343 45.378 45.406 45.431 45.456 45.498 26.278 26.163 26.201 26.148 26.046 26.068 25.891 25.658 25.533 25.583 25.546 26.103 25.621 25.581 25.533 25.528 25.508 25.466 25.441 25.418 25.371 25.336 25.303 25.276 25.238 25.196 25.183 25.171 25.166 25.161 25.183 26.126 26.723 27.478 26.993 26.491 26.006 25.436 25.369 25.528 25.543 25.475 25.471 25.464 25.45 25.372 25.319 25.279 25.478 26.282 25.628 25.03 24.147 24.014 23.478 23.182 23.231 23.178 -9999 -9999 -9999 -9999 -9999 -9999 -9999 -9999
45.296 45.333 45.353 45.383 45.416 34.486 26.241 26.143 26.121 26.161 26.183 26.081 25.946 25.793 25.753 25.636 25.623 25.591 25.661 25.848 25.578 25.561 25.536 25.518 25.476 25.448 25.393 25.366 25.343 25.316 25.268 25.236 25.206 25.168 25.146 25.136 25.141 25.158 25.391 26.571 27.618 27.346 26.573 25.741 25.363 25.358 25.345 25.557 25.552 25.492 25.455 25.432 25.352 25.278 25.246 25.545 26.898 25.594 24.353 24.106 23.744 23.394 23.37 23.096 23.216 -9999 -9999 -9999 -9999 -9999 -9999 -9999
45.253 45.278 45.323 45.341 43.858 26.206 26.133 26.098 26.088 26.088 26.496 26.153 26.153 26.526 25.848 25.713 25.676 25.676 25.641 25.658 25.776 25.668 26.691 25.531 25.511 25.483 25.443 25.406 25.383 25.348 25.313 25.288 25.236 25.206 25.156 25.126 25.128 25.133 25.153 25.173 25.916 26.628 27.051 25.393 25.378 25.378 25.378 25.374 25.448 25.548 25.43 25.434 25.334 25.228 25.203 25.141 25.795 26.291 25.072 24.403 24.074 23.865 23.404 23.017 23.249 -9999 -9999 -9999 -9999 -9999 22.493 22.493
45.198 45.248 45.266 45.298 29.203 26.108 26.068 26.058 26.053 26.066 27.066 26.081 26.446 26.108 25.858 25.771 25.746 25.736 25.718 25.708 25.758 25.783 25.738 25.563 25.536 25.513 25.486 25.451 25.416 25.383 25.353 25.316 25.288 25.251 25.198 25.148 25.123 25.123 25.123 25.151 25.176 25.211 26.461 26.823 25.463 25.376 25.399 25.412 25.368 25.352 25.443 25.35 25.256 25.143 25.108 25.09 25.202 26.135 25.697 24.859 24.291 24.065 23.871 23.198 23.364 23.483 -9999 -9999 -9999 -9999 22.526 22.494
45.168 45.198 45.236 37.293 26.101 26.001 26.023 26.033 26.053 26.051 26.058 26.068 27.396 26.118 25.918 25.866 25.828 25.781 25.776 25.778 25.793 25.831 25.881 26.018 25.878 26.501 25.516 25.483 25.473 25.423 25.401 25.353 25.311 25.291 25.243 25.213 25.183 25.141 25.123 25.143 25.153 25.178 25.203 25.521 26.598 26.498 25.373 25.425 25.438 25.431 25.347 25.331 25.26 25.162 25.103 25.122 25.175 25.432 26.404 25.744 24.792 24.271 23.985 23.765 23.665 23.644 23.722 -9999 -9999 -9999 -9999 -9999
39.291 44.853 45.206 26.136 26.066 26.023 26.021 26.018 26.036 26.061 26.081 26.083 26.196 26.131 25.998 25.968 25.911 25.868 25.831 25.803 25.813 25.821 25.883 25.961 26.233 26.606 25.546 25.526 25.498 25.463 25.446 25.406 25.368 25.328 25.286 25.266 25.233 25.191 25.176 25.148 25.143 25.163 25.183 25.221 25.251 26.106 26.726 25.492 25.471 25.486 25.511 25.442 25.376 25.296 25.624 25.449 25.437 26.1 26.19 26.518 25.228 24.294 24.102 23.976 23.907 23.764 23.819 23.865 -9999 -9999 -9999 -9999
26.351 38.231 29.686 26.136 26.071 26.916 26.026 26.036 26.048 26.091 26.101 26.118 26.146 26.153 26.111 26.048 26.021 25.948 25.896 25.863 25.838 25.826 25.908 25.968 26.056 26.201 26.863 26.313 25.631 25.521 25.473 25.436 25.418 25.376 25.336 25.306 25.268 25.241 25.218 25.191 25.156 25.146 25.183 25.198 25.218 25.243 25.388 26.493 26.884 25.489 25.541 25.568 25.499 25.365 25.464 25.656 25.63 25.458 26.334 26.453 24.923 24.971 24.189 24.019 24.059 23.94 23.929 23.925 -9999 -9999 -9999 -9999
26.273 26.313 26.581 26.153 26.513 26.861 27.231 26.071 26.083 26.108 26.168 26.206 26.278 26.266 26.233 26.168 26.113 26.073 26.096 26.041 25.986 25.921 25.931 26.013 26.093 26.153 26.193 26.206 26.593 25.661 25.493 25.468 25.453 25.428 25.388 25.363 25.321 25.283 25.268 25.246 25.231 25.218 25.193 25.191 25.211 25.248 25.276 25.293 25.723 26.594 26.347 25.649 25.697 27.863 25.98 25.849 25.321 25.468 25.8 25.256 25.249 24.658 24.446 24.432 24.131 24.044 23.971 23.945 23.947 23.976 -9999 -9999
26.216 26.251 26.273 26.953 27.093 26.868 26.138 26.116 27.376 26.406 26.301 26.406 26.381 26.376 26.341 26.286 26.318 26.243 26.223 26.188 26.136 26.071 25.998 26.078 26.138 26.173 26.221 26.251 26.246 26.201 26.503 25.523 25.498 25.443 25.426 25.396 25.363 25.341 25.301 25.276 25.266 25.253 25.236 25.223 25.226 25.233 25.263 25.276 25.301 25.346 26.313 26.635 27.003 28.245 28.286 26.006 25.247 25.98 25.263 24.995 24.744 24.869 26.52 24.756 24.305 24.157 24.009 24.007 24.029 24.075 23.953 -9999
26.161 26.193 26.218 26.481 27.036 27.303 26.153 26.113 28.008 26.211 26.413 26.426 26.453 26.443 26.471 26.526 26.478 26.423 26.376 26.298 26.248 26.198 26.128 26.171 26.211 26.241 26.243 26.226 26.238 26.181 26.193 26.188 26.116 25.481 25.476 25.433 25.428 25.378 25.351 25.323 25.318 25.293 25.291 25.268 25.253 25.248 25.253 25.266 25.278 25.311 25.331 25.531 26.792 27.626 27.451 25.546 25.231 25.273 25.017 24.804 24.72 26.47 28.273 27.011 24.679 24.292 24.164 24.103 24.286 24.194 23.986 23.933
26.111 26.143 26.188 26.216 26.233 26.283 27.591 26.511 26.791 26.636 26.438 26.478 26.501 26.756 28.876 26.753 26.628 26.556 26.496 26.446 26.408 26.346 26.236 26.283 26.303 26.321 26.308 26.286 26.263 26.221 26.166 26.126 26.098 26.133 25.538 25.473 25.451 25.411 25.386 25.353 25.346 25.338 25.318 25.306 25.288 25.286 25.271 25.271 25.283 25.288 25.331 25.36 26.564 26.47 25.317 25.129 25.107 25.003 24.848 24.72 24.991 28.603 29.371 28.586 25.008 25.92 25.731 24.284 24.261 24.115 23.999 23.86
26.076 26.138 26.161 26.206 26.228 26.283 26.303 26.686 26.371 26.423 26.458 26.493 26.573 28.513 29.243 31.536 37.203 29.893 26.646 26.561 26.521 26.458 26.373 26.396 26.421 26.418 26.401 26.358 26.321 26.263 26.196 26.151 26.088 26.031 25.998 26.083 25.481 25.468 25.411 25.403 25.378 25.353 25.343 25.333 25.303 25.311 25.288 25.288 25.281 25.308 25.316 25.338 25.366 25.484 25.173 25.142 25.062 25.006 24.922 24.905 28.332 32.261 29.667 28.377 26.244 27.06 27.509 25.992 24.245 24.235 24.101 23.9
26.073 26.106 26.151 26.173 26.223 26.271 26.318 26.358 26.396 26.456 26.481 26.533 26.603 26.626 28.491 44.231 47.376 47.368 32.838 26.683 26.596 26.463 26.471 26.493 26.506 26.493 26.463 26.428 26.363 26.291 26.233 26.166 26.108 26.041 25.973 25.913 26.118 25.788 25.458 25.446 25.421 25.398 25.368 25.343 25.333 25.323 25.306 25.306 25.306 25.316 25.308 25.326 25.341 25.654 25.944 25.716 25.12 25.07 25.291 25.137 31.534 33.19 29.055 27.554 25.55 26.804 27.046 25.294 24.47 24.194 24.212 23.992
26.101 26.073 26.123 26.161 26.191 26.258 26.318 26.383 26.441 26.491 26.561 26.588 26.641 26.651 26.721 44.511 47.401 47.426 44.373 28.331 26.588 26.546 26.558 26.558 26.578 26.568 26.533 26.473 26.408 26.318 26.261 26.181 26.106 26.043 25.998 25.931 25.836 25.763 26.261 25.496 26.186 25.416 25.396 25.363 25.361 25.348 25.328 25.316 25.311 25.308 25.321 25.326 25.318 25.301 25.416 25.249 25.196 25.163 25.233 30.421 32.587 30.1 28.807 25.551 25.455 25.737 25.738 25.429 24.285 24.117 24.183 24.052
27.133 26.093 26.093 26.141 26.196 26.248 26.331 26.403 26.481 26.543 26.606 26.651 26.701 26.761 39.566 46.808 44.748 44.846 45.473 45.701 36.093 26.648 26.623 26.616 26.678 26.663 26.586 26.506 26.416 26.346 26.256 26.161 26.093 26.023 25.958 25.921 25.868 25.756 25.656 25.601 25.896 25.466 25.421 25.396 25.388 26.796 25.436 25.343 25.328 25.326 25.333 25.333 25.301 25.278 25.271 25.268 25.278 25.249 27.602 32.086 31.13 29.88 26.516 24.783 25.024 25.175 24.621 24.393 24.253 24.149 24.114 24.137
26.156 26.111 26.066 26.118 26.203 26.276 26.353 26.448 26.531 26.613 26.673 26.831 28.091 29.573 47.201 44.791 44.731 44.708 44.686 44.673 46.208 43.393 30.786 26.683 26.746 26.656 26.623 26.528 26.426 26.323 26.233 26.141 26.058 25.968 25.908 25.861 25.801 25.751 25.661 25.563 25.488 25.873 25.471 25.466 25.396 25.378 25.356 25.338 25.331 25.326 25.326 25.336 25.298 25.271 25.273 25.293 25.331 25.318 31.441 33.017 30.99 29.435 24.892 24.827 26.122 25.335 25.081 24.483 24.356 24.252 24.186 24.14
26.178 26.138 26.096 26.091 26.203 26.306 26.418 26.511 26.616 26.693 26.756 26.798 26.851 43.461 45.971 44.768 44.718 44.693 44.663 44.633 44.596 44.981 47.016 42.981 28.618 26.678 26.623 26.538 26.441 26.336 26.203 26.106 26.001 25.928 25.858 25.773 25.731 25.658 25.618 25.561 25.481 25.401 25.351 25.776 25.436 25.421 25.376 25.413 25.411 25.311 25.313 25.336 25.298 25.273 25.278 25.316 25.323 25.529 29.275 32.289 30.619 25.975 24.872 24.91 26.23 26.939 25.744 24.665 24.577 26.519 26.105 24.646
26.193 26.173 26.163 26.173 26.248 26.366 26.471 26.601 26.688 26.888 26.833 26.883 34.793 45.833 44.766 44.726 44.691 44.668 44.641 44.616 44.591 44.526 44.528 45.391 46.901 37.066 26.793 26.588 26.486 26.356 26.238 26.076 25.948 25.856 25.781 25.708 25.626 25.571 25.528 25.493 25.463 25.416 25.358 25.283 25.461 25.571 25.826 25.433 25.481 25.388 25.311 25.326 25.308 25.273 25.283 25.318 25.616 25.329 25.32 26.069 27.909 24.999 24.971 24.98 25.004 25.608 25.591 26.65 26.139 27.168 26.864 26.202
26.218 26.213 26.233 26.293 26.356 26.446 26.571 26.683 26.783 27.336 28.821 27.756 45.893 44.773 44.751 44.711 44.666 44.658 44.613 44.583 44.551 44.516 44.528 44.576 44.598 46.863 44.858 31.681 26.583 26.446 26.281 26.143 25.983 25.858 25.733 25.633 25.563 25.491 25.456 25.426 25.393 25.378 25.358 25.313 25.261 25.256 25.633 25.493 25.516 25.373 25.323 25.308 25.281 25.268 25.291 25.308 25.833 25.306 25.297 26.652 25.021 25.006 25.06 25.034 26.277 25.618 26.47 26.986 25.515 26.705 26.666 25.855
26.273 26.273 26.318 26.376 26.461 26.551 26.683 26.773 26.871 26.928 26.961 39.326 46.996 44.786 44.736 44.688 44.663 44.628 44.583 44.566 44.538 44.533 44.553 44.581 44.618 44.656 45.166 47.358 44.758 26.608 26.551 26.196 26.066 25.913 25.753 25.601 25.483 25.441 25.406 25.371 25.348 25.328 25.293 25.298 25.283 25.251 25.246 25.241 25.266 25.303 25.321 25.306 25.286 25.283 25.288 25.688 27.536 25.313 25.288 25.152 25.326 25.331 25.07 25.208 26.768 27.255 27.459 27.232 29.454 25.729 25.179 24.878
26.326 26.358 26.401 26.466 26.526 26.641 26.761 27.278 27.628 27.871 31.201 46.028 44.943 44.846 44.766 44.696 44.641 44.606 44.596 44.566 44.518 44.536 44.576 44.613 44.631 44.673 44.703 44.741 45.958 47.478 31.803 27.051 26.733 25.936 25.751 25.601 25.471 25.386 25.338 25.313 25.301 25.273 25.261 25.256 25.248 25.261 25.233 25.221 25.231 25.261 25.291 25.293 25.283 25.303 25.306 26.936 25.441 25.348 26.953 24.998 25.253 25.322 25.082 25.282 26.513 27.732 31.612 34.656 34.279 29.76 25.985 25.422
26.386 26.451 26.498 26.553 26.633 26.751 26.876 27.501 28.248 27.336 41.753 45.963 45.026 44.918 44.818 44.736 44.663 44.603 44.571 44.533 44.533 44.558 44.601 44.621 44.671 44.686 44.728 44.773 44.791 40.053 40.786 39.531 31.388 27.028 25.998 25.623 25.503 25.413 25.323 25.273 25.231 25.243 25.231 25.216 25.221 25.216 25.221 25.223 25.231 25.251 25.283 25.286 25.276 25.306 26.026 25.371 25.343 25.398 25.108 25.168 25.222 25.139 25.141 25.312 25.595 32.144 34.861 35.21 34.909 34.323 29.92 25.727
26.433 26.493 26.563 26.631 26.718 26.833 26.926 27.001 27.236 31.886 47.428 45.166 45.078 44.978 44.898 44.816 44.726 44.638 44.558 44.533 44.561 44.583 44.618 44.636 44.671 44.713 44.748 44.778 43.708 38.913 38.888 39.703 41.678 36.128 28.233 26.538 25.536 25.458 25.371 25.266 25.201 25.191 25.198 25.186 25.186 25.193 25.206 25.218 25.218 25.251 25.273 25.288 25.298 25.326 25.838 26.093 27.168 26.673 25.163 25.258 25.226 25.18 25.241 26.188 26.032 29.685 34.447 35.052 35.195 34.933 33.539 28.101
26.468 26.536 26.606 26.688 26.783 26.873 26.971 27.206 27.541 45.143 45.398 45.223 45.146 45.056 44.958 44.891 44.793 44.703 44.628 44.503 44.571 44.613 44.628 44.661 44.701 44.721 44.776 44.786 38.923 38.888 38.858 38.831 38.796 39.958 41.613 32.316 27.053 26.261 25.436 25.318 25.218 25.176 25.153 25.171 25.166 25.168 25.183 25.183 25.208 25.216 25.261 25.303 25.398 25.446 25.451 25.498 25.921 25.363 25.321 25.298 25.256 26.798 25.655 25.373 25.571 25.333 33.364 34.753 35.152 35.128 34.489 32.946
26.466 26.563 26.641 26.726 26.818 26.893 26.971 37.601 43.581 46.923 45.371 45.293 45.208 45.133 45.056 44.961 44.871 44.773 44.356 44.431 44.513 44.591 44.663 44.676 44.713 44.753 44.773 40.911 38.916 38.891 38.841 38.798 38.776 38.741 38.731 40.628 40.643 28.573 25.808 25.393 25.293 25.216 25.156 25.138 25.133 25.146 25.158 25.171 25.183 25.218 25.263 25.303 25.368 25.473 25.478 25.653 25.428 25.421 25.398 25.371 25.336 27.618 28.148 26.927 25.212 25.143 25.974 34.209 34.972 35.214 34.889 33.415
26.466 26.568 26.638 26.728 26.798 26.893 43.746 48.173 48.158 46.088 45.443 45.358 45.261 45.193 45.116 45.031 44.941 44.641 44.281 44.366 44.443 44.526 44.591 44.691 44.731 44.766 44.933 38.921 38.891 38.858 38.828 38.796 38.758 38.731 38.686 38.668 38.961 41.431 35.098 26.293 25.363 25.271 25.203 25.138 25.113 25.131 25.128 25.158 25.191 25.208 25.273 25.296 25.328 25.471 25.503 25.456 25.466 25.491 25.481 25.456 25.398 26.016 29.463 29.034 25.452 25.211 25.239 32.764 34.55 35.111 35.166 34.601
