dsm/se3132_DSM_2M.asc
ncols 500
nrows 500
xllcorner    431000
yllcorner    432000
cellsize     2
NODATA_value -9999
[rows 384 to 415 of 500, columns 72 to 143 of 500]
24.952 24.925 24.753 24.561 24.48 24.474 24.499 24.467 24.491 24.525 24.504 24.524 24.521 24.515 25.594 25.426 24.992 25.115 26.438 26.357 26.305 26.663 25.409 24.925 24.958 24.951 24.925 24.975 24.942 24.946 24.923 24.894 24.938 24.919 24.928 24.942 24.939 24.945 28.091 29.182 24.986 24.945 24.98 25.006 24.985 24.996 25.004 24.994 25.075 25.013 24.987 24.97 24.951 24.954 25.734 25.872 27.111 25.239 25.692 25.079 24.983 24.972 24.93 24.888 24.738 24.63 24.487 24.461 24.489 24.58 24.542 24.523
24.975 24.914 24.745 24.527 24.545 24.505 24.49 24.511 24.52 24.528 24.523 24.505 24.557 24.564 24.589 26.682 26.013 26.274 26.753 26.895 26.675 25.894 25.135 24.937 24.935 24.943 24.954 24.928 24.999 24.981 24.972 24.956 24.962 25.01 24.963 25.03 24.987 24.991 25.053 29.178 25.946 24.99 24.996 24.968 25.019 24.998 25.056 25.053 25.003 25.006 25.025 24.967 24.943 24.918 25.323 28.046 29.491 27.547 28.96 28.528 25.58 25.778 25.374 27.221 25.125 24.745 24.621 24.433 24.477 24.517 24.548 24.497
24.976 24.961 24.798 24.582 24.483 24.492 24.501 24.469 24.518 24.481 24.524 24.579 24.516 24.514 25.437 28.949 28.082 28.61 28.909 28.671 28.872 28.863 25.538 24.947 24.968 24.981 25.019 25.017 25.073 24.992 25.054 25.045 25.044 25.01 25.068 25.014 25.029 25.02 25.131 29.013 26.26 25.019 25.009 25.004 24.989 25.037 25.04 24.992 25.074 25.039 24.997 24.976 24.934 24.929 25.676 27.726 27.806 28.43 28.71 29.417 29.658 29.641 25.642 25.64 25.102 24.82 24.716 24.627 24.516 24.483 24.516 24.48
24.946 25.041 24.892 24.578 24.528 24.527 24.487 24.501 24.467 24.509 24.491 24.545 24.526 24.547 24.574 28.533 28.95 28.931 28.89 28.852 28.832 28.76 25.581 24.951 24.991 25.009 25.062 25.039 25.041 25.064 25.045 25.057 25.043 25.073 25.024 24.981 24.997 24.984 24.971 27.862 26.23 24.951 24.943 24.945 24.95 24.946 25 24.97 25.004 24.967 24.893 24.952 24.971 24.865 25.534 27.64 26.913 26.841 26.733 26.851 30.592 30.801 28.776 28.635 25.442 26.517 25.246 24.865 24.468 24.477 24.587 24.619
24.972 24.956 24.793 24.55 24.467 24.471 24.49 24.483 24.524 24.49 24.508 24.54 24.532 24.514 24.517 28.18 28.968 28.95 28.89 28.886 28.858 28.748 25.064 24.937 24.964 25.036 25.086 25.056 25.046 25.053 25.021 25.041 25.002 25.005 24.98 24.991 24.943 24.926 25.011 28.469 26.192 24.917 24.894 24.896 24.915 24.899 24.907 24.936 24.93 24.955 24.947 24.877 25.412 26.781 28.391 28.9 32.333 31.098 28.681 34.13 33.52 33.151 32.064 29.819 28.042 26.862 26.566 24.948 24.575 24.504 24.458 24.583
25.028 25.018 24.873 24.514 24.486 24.5 24.503 24.486 24.489 24.514 24.49 24.535 24.515 24.512 24.491 27.853 28.967 28.913 28.923 28.859 28.843 28.799 26.88 24.927 24.981 25.017 25.005 25.019 24.967 24.978 24.963 24.972 24.955 24.975 24.944 24.925 24.89 25.051 25.029 28.648 27.741 24.823 24.852 25.029 24.854 29.857 25.343 26.736 26.875 33.107 31.437 25.627 34.047 33.151 31.878 32.943 34.07 34.116 34.097 34.138 34.225 34.248 29.723 28.283 27.493 28.176 26.385 24.995 24.609 24.532 24.491 24.576
24.96 24.829 24.624 24.535 24.474 24.52 24.442 24.506 24.498 24.516 24.514 24.477 24.54 24.5 24.588 27.878 28.956 28.914 28.966 28.88 28.858 28.829 26.199 24.914 24.975 24.968 24.967 24.958 24.966 24.962 25.039 25.007 27.812 25.042 26.557 29.081 28.072 30.218 31.638 33.318 33.952 28.631 33.125 34.209 33.182 34.137 33.886 32.168 32.422 33.956 33.26 34.098 34.133 34.23 34.265 34.286 34.377 34.399 34.512 34.497 34.548 34.449 30.699 27.748 29.834 28.661 26.275 24.887 24.75 24.579 24.396 24.511
24.615 24.589 24.497 24.47 24.482 24.488 24.48 24.496 24.508 24.54 24.51 24.472 24.526 24.536 24.562 27.71 28.951 28.933 28.916 28.88 28.879 28.875 26.873 25.22 25.013 25.11 26.166 28.959 26.301 29.69 31.315 32.769 31.927 33.874 34.327 33.821 34.234 34.037 33.994 33.962 34.091 34.005 34.057 34.058 34.109 34.1 34.13 34.253 34.278 34.352 34.343 34.429 34.543 34.619 34.605 34.709 34.761 34.773 34.743 34.841 34.89 34.968 30.594 29.219 30.335 28.477 25.6 24.958 24.834 24.578 24.524 24.446
24.517 24.528 24.502 24.486 24.492 24.476 24.49 24.487 24.517 24.493 24.522 24.502 24.532 24.513 24.519 27.21 28.997 28.918 28.876 28.863 28.87 28.818 29.114 31.261 32.271 33.238 34.27 34.305 34.158 34.157 34.118 33.964 33.93 34.037 33.976 34.083 34.015 34.123 34.178 34.257 34.274 34.361 34.322 34.432 34.417 34.513 34.543 34.595 34.686 34.656 34.742 34.73 34.822 34.876 34.946 35.033 35.104 35.062 35.173 35.192 35.229 35.297 32.426 27.651 27.126 27.062 26.305 25.404 25.003 24.717 24.519 24.433
24.474 24.508 24.527 24.504 24.497 24.495 24.48 24.466 24.482 24.499 24.506 24.517 24.506 24.526 24.476 24.777 28.926 28.917 28.923 28.893 29.012 29.018 34.099 34.091 33.994 33.911 34.072 34.045 34.104 34.086 34.108 34.15 34.243 34.302 34.407 34.455 34.464 34.493 34.55 34.559 34.591 34.698 34.724 34.804 34.784 34.85 34.842 34.899 34.962 34.982 35.123 35.155 35.145 35.311 35.3 35.351 35.413 35.417 35.483 35.5 35.572 35.692 28.465 28.905 27.064 26.915 26.35 25.259 24.996 24.837 24.622 24.462
24.504 24.499 24.518 24.509 24.503 24.501 24.491 24.496 24.481 24.508 24.487 24.516 24.489 24.498 24.58 26.968 29.098 30.447 30.941 30.932 31.205 31.199 34.157 34.15 34.205 34.25 34.281 34.33 34.43 34.506 34.462 34.569 34.592 34.62 34.697 34.737 34.795 34.812 34.843 34.945 35.008 34.983 35.099 35.032 35.126 35.188 35.23 35.272 35.294 35.358 35.38 35.464 35.461 35.565 35.614 35.686 35.679 35.788 35.813 35.878 35.945 35.97 35.899 27.114 27.416 26.869 26.385 25.207 25.015 24.951 24.736 24.484
24.517 24.528 24.498 24.489 24.477 24.489 24.491 24.506 24.546 24.498 24.488 24.477 24.496 24.589 25.209 28.14 31.639 31.64 31.668 31.727 31.681 31.725 34.427 34.567 34.544 34.649 34.673 34.71 34.74 34.846 34.859 34.866 34.906 34.993 35 35.118 35.099 35.205 35.24 35.256 35.351 35.357 35.445 35.393 35.466 35.504 35.554 35.617 35.592 35.638 35.801 35.77 35.843 35.942 35.961 36.049 36.132 36.104 36.198 36.115 36.434 36.57 29.867 27.416 26.997 26.619 26.723 25.377 24.983 24.913 24.783 24.612
24.511 24.509 24.502 24.49 24.487 24.484 24.509 24.477 24.494 24.506 24.496 24.497 24.483 24.489 24.475 24.678 30.981 31.646 31.67 31.722 31.729 31.657 33.902 34.839 34.938 34.992 34.987 35.061 35.065 35.107 35.143 35.236 35.316 35.275 35.38 35.439 35.472 35.549 35.546 35.607 35.605 35.736 35.768 35.798 35.837 35.804 35.904 35.943 35.984 36.027 35.589 35.732 28.136 33.858 34.423 32.716 36.926 37.23 35.957 34.192 35.461 30.181 29.621 25.019 26.416 27.059 25.947 25.801 25.081 24.922 24.832 24.687
24.523 24.514 24.512 24.517 24.498 24.513 24.511 24.512 24.504 24.498 24.485 24.494 24.5 24.513 24.488 24.526 29.908 31.657 31.67 31.701 31.718 31.671 34.136 35.228 35.272 35.296 35.377 35.39 35.467 35.443 35.541 35.596 35.599 35.648 35.717 35.751 35.801 35.893 35.951 35.963 36.007 36.078 36.132 31.216 35.716 28.62 28.804 26.237 26.089 26.141 25.446 27.518 25.247 29.595 27.708 31.647 30.632 34.361 34.724 34.202 34.334 33.199 30.405 27.589 28.24 26.67 26.327 29.529 29.882 26.257 24.842 24.758
24.525 24.506 24.49 24.488 24.493 24.488 24.494 24.477 24.525 24.536 24.519 24.494 24.496 24.486 24.506 24.493 29.972 31.667 31.676 31.727 31.706 31.667 34.389 35.589 35.557 35.597 35.648 35.769 35.767 35.851 35.85 35.911 36.015 35.985 36.074 36.08 36.357 35.673 36.472 29.67 28.358 36.877 36.459 25.856 33.76 25.582 27.246 27.982 27.273 25.162 27.711 25.866 33.2 33.639 29.847 35.075 34.473 36.093 35.964 34.923 35.982 35.884 35.669 27.401 25.719 28.717 30.25 31.132 31.217 25.638 24.986 24.832
24.542 24.479 24.509 24.509 24.502 24.486 24.503 24.493 24.513 24.511 24.505 24.51 24.519 24.492 24.521 24.487 28.632 31.647 31.677 31.68 31.703 31.67 32.511 35.817 35.994 36.018 36.012 35.801 35.734 34.09 30.182 32.531 36.332 29.772 28.111 30.429 34.084 36.089 33.412 37.342 29.764 30.775 31.547 27.366 31.158 28.66 32.904 35.252 32.962 36.02 35.981 35.89 35.837 35.815 35.795 35.741 35.724 35.661 35.665 35.603 35.613 35.538 35.51 28.009 26.07 28.683 30.463 31.91 31.26 28.997 25.328 25.288
24.526 24.468 24.517 24.498 24.421 24.492 24.504 24.438 24.487 24.471 24.525 24.502 24.492 24.479 24.495 24.505 26.041 31.763 31.699 31.691 31.7 31.678 31.65 35.417 36.841 36.665 32.745 27.384 34.089 28.255 29.671 32.401 27.567 30.847 27.16 28.459 26.946 31.715 35.247 34.231 30.475 32.884 36.022 35.967 35.927 35.808 35.787 35.738 35.681 35.666 35.633 35.592 35.524 35.5 35.483 35.411 35.316 35.308 35.295 35.222 35.242 35.277 35.128 33.947 27.07 26.349 27.509 27.727 28.539 29.012 26.422 26.298
24.54 24.493 24.513 24.497 24.487 24.497 24.488 24.481 24.52 24.502 24.518 24.504 24.508 24.518 24.485 24.493 25.468 31.688 31.63 31.698 31.711 31.696 31.644 31.684 31.163 37.231 37.08 35.739 34.48 27.263 31.112 27.495 34.541 28.556 34.793 36.094 34.807 35.908 35.792 35.782 35.75 35.737 35.683 35.598 35.609 35.504 35.487 35.446 35.423 35.328 35.323 35.194 35.175 35.144 35.082 35.036 35.002 34.951 34.978 34.898 34.873 34.842 34.861 28.908 27.47 26.474 26.241 26.557 27.088 26.984 26.836 26.345
24.512 24.504 24.492 24.503 24.481 24.497 24.504 24.501 24.5 24.505 24.498 24.487 24.477 24.484 24.502 24.493 24.623 31.535 31.654 31.666 31.697 31.679 31.639 33.976 36.515 36.334 36.18 34.592 35.942 34.855 35.893 35.837 35.764 35.679 35.723 35.624 35.58 35.587 35.507 35.469 35.43 35.423 35.298 35.289 35.201 35.213 35.082 35.051 35.037 34.959 34.928 34.907 34.852 34.823 34.776 34.666 34.677 34.624 34.572 34.556 34.557 34.518 34.418 34.186 30.095 31.077 31.066 30.523 27.162 27.124 26.866 25.857
24.519 24.492 24.502 24.499 24.494 24.49 24.483 24.499 24.498 24.496 24.507 24.539 24.5 24.504 24.525 24.502 24.641 31.021 31.65 31.679 31.704 31.706 31.652 34.745 35.824 35.788 35.684 35.706 35.617 35.583 35.542 35.487 35.452 35.386 35.33 35.284 35.257 35.224 35.238 35.09 35.077 35.035 34.983 34.949 34.864 34.867 34.797 34.699 34.722 34.665 34.578 34.599 34.449 34.458 34.398 34.345 34.355 34.277 34.249 34.25 34.154 34.164 33.979 32.562 33.935 33.898 33.916 31.395 27.236 28.809 28.015 29.389
24.543 24.536 24.53 24.501 24.479 24.516 24.496 24.512 24.481 24.488 24.461 24.49 24.525 24.499 24.506 24.514 24.526 30.555 31.65 31.669 31.678 31.705 31.686 34.827 35.495 35.434 35.367 35.394 35.316 35.28 35.157 35.116 35.075 35.09 34.978 34.963 34.94 34.884 34.8 34.744 34.729 34.665 34.678 34.601 34.518 34.448 34.491 34.394 34.311 34.28 34.242 34.189 34.171 34.116 34.088 34.057 33.948 34.034 34.016 34.135 34.104 34.214 34.224 34.297 34.304 34.392 34.35 27.541 26.725 28.78 28.166 30.257
24.524 24.506 24.529 24.51 24.498 24.509 24.518 24.509 24.549 24.512 24.49 24.534 24.546 24.545 24.538 24.496 24.509 30.178 31.633 31.685 31.715 31.694 31.677 34.127 35.183 35.04 35.08 34.97 34.963 34.906 34.861 34.807 34.767 34.727 34.681 34.603 34.497 34.514 34.481 34.473 34.343 34.34 34.257 34.249 34.238 34.134 34.133 34.076 34.043 34.015 33.98 34.015 33.989 34.19 34.165 34.218 34.286 34.327 34.411 34.409 34.522 34.488 34.576 34.637 34.701 34.792 34.639 32.25 27.423 26.853 26.97 26.661
24.539 24.507 24.565 24.535 24.5 24.495 24.505 24.482 24.491 24.496 24.509 24.521 24.528 24.547 24.506 24.532 24.527 26.574 31.703 31.695 31.672 31.684 31.668 33.329 34.809 34.734 34.75 34.67 34.59 34.546 34.548 34.474 34.406 34.314 34.332 34.256 34.213 34.199 34.122 34.132 34.06 33.946 34.035 33.971 34.09 34.052 34.214 34.126 34.263 34.351 34.38 34.391 34.446 34.505 34.494 34.533 34.552 34.629 34.713 34.807 34.834 34.864 34.896 35.029 35.031 35.058 35.147 29.879 28.371 26.8 26.992 26.782
24.481 24.526 24.514 24.526 24.465 24.541 24.503 24.512 24.494 24.465 24.521 24.502 24.527 24.45 24.508 24.486 24.509 28.455 31.593 31.675 31.697 31.706 31.681 31.692 34.38 34.402 34.335 34.364 34.256 34.188 34.217 34.167 34.078 33.917 33.941 34.045 34 34.148 34.135 34.213 34.292 34.32 34.343 34.395 34.404 34.454 34.493 34.53 34.58 34.664 34.676 34.765 34.746 34.784 34.928 34.96 34.963 35.046 34.979 35.115 35.163 35.237 35.192 35.285 35.38 35.462 35.498 34.364 26.928 26.911 27.019 26.867
24.506 24.555 24.525 24.511 24.53 24.503 24.467 24.516 24.479 24.482 24.467 24.466 24.483 24.506 24.462 24.436 24.506 25.515 31.666 31.655 31.723 31.685 31.695 31.702 33.854 34.028 33.926 33.995 34.033 34.02 34.187 34.132 34.213 34.238 34.343 34.386 34.379 34.438 34.503 34.54 34.533 34.643 34.705 34.681 34.737 34.774 34.894 34.919 34.945 35.007 35.089 35.045 35.143 35.153 35.257 35.245 35.375 35.364 35.467 35.458 35.511 35.551 35.611 35.652 35.675 35.762 35.857 28.27 27.334 26.828 26.924 26.841
24.48 24.524 24.526 24.535 24.488 24.542 24.497 24.517 24.497 24.494 24.47 24.488 24.456 24.499 24.421 24.478 24.458 24.631 31.741 31.651 31.671 31.702 31.665 31.726 34.051 34.27 34.256 34.332 34.35 34.387 34.461 34.484 34.563 34.574 34.637 34.673 34.706 34.736 34.857 34.898 34.953 34.9 35.014 35.025 35.116 35.17 35.185 35.269 35.265 35.3 35.464 35.467 35.503 35.567 35.59 35.599 35.653 35.679 35.749 35.727 35.85 35.864 35.89 35.765 36.078 36.091 36.29 30.17 25.951 27.197 27.451 26.833
24.532 24.535 24.556 24.524 24.546 24.572 24.533 24.528 24.506 24.48 24.466 24.461 24.477 24.45 24.478 24.462 24.473 24.636 32.203 31.687 31.671 31.734 31.681 31.719 34.112 34.592 34.653 34.656 34.675 34.733 34.826 34.873 34.865 34.94 35.015 35.052 35.079 35.139 35.193 35.176 35.283 35.273 35.362 35.42 35.418 35.526 35.606 35.608 35.665 35.672 35.727 35.796 35.745 35.866 35.897 35.985 35.983 35.958 36.199 36.02 36.049 30.287 28.609 28.686 30.027 31.707 36.069 27.526 25.661 26.555 27.098 26.454
24.539 24.554 24.515 24.526 24.505 24.561 24.524 24.503 24.514 24.499 24.453 24.506 24.483 24.487 24.465 24.452 24.472 24.607 31.581 31.672 31.696 31.709 31.702 31.656 33.357 34.873 34.996 35.013 35.057 35.039 35.122 35.182 35.199 35.293 35.279 35.361 35.39 35.436 35.452 35.597 35.631 35.689 35.726 35.748 35.83 35.824 35.928 35.933 36.023 36.008 35.898 30.303 35.09 28.243 28.495 34.189 29.226 27.142 27.892 31.872 34.173 32.528 26.484 26.804 30.158 32.259 26.837 30.863 32.264 26.248 26.274 26.105
24.522 24.528 24.511 24.512 24.523 24.526 24.52 24.541 24.514 24.506 24.514 24.484 24.499 24.47 24.458 24.44 24.476 24.433 29.912 31.667 31.684 31.688 31.719 31.669 34.153 35.223 35.344 35.335 35.379 35.408 35.453 35.597 35.617 35.618 35.676 35.697 35.726 35.803 35.832 35.868 35.952 36.007 35.804 36.151 35.736 33.295 31.683 36.542 28.619 28.867 25.399 25.167 31.561 25.373 31.398 32.785 27.584 33.221 32.261 30.338 34.24 32.012 35.399 31.38 34.261 34.552 35.037 35.813 26.239 25.955 26.396 26.529
24.538 24.487 24.513 24.543 24.532 24.529 24.537 24.536 24.505 24.523 24.526 24.52 24.503 24.484 24.521 24.449 24.471 24.488 29.862 31.76 31.659 31.702 31.717 31.667 34.495 35.581 35.621 35.675 35.784 35.78 35.812 35.838 35.936 35.911 35.999 36.045 35.845 30.397 30.569 31.368 29.872 30.462 25.018 34.549 33.746 34.959 37.362 35.073 27.252 36.914 31.222 28.233 29.612 28.387 31.209 33.851 33.372 36.018 35.977 35.978 35.888 35.863 35.868 35.804 35.658 35.726 35.705 35.617 34.378 26.586 26.426 26.068
24.525 24.503 24.529 24.514 24.523 24.544 24.506 24.493 24.516 24.471 24.513 24.491 24.524 24.484 24.505 24.451 24.494 24.572 29.727 31.656 31.666 31.677 31.683 31.592 34.587 36.011 35.977 36.062 36.103 36.173 35.945 36.715 30.296 28.512 36.969 28.429 31.867 27.418 32.569 30.435 28.927 28.419 25.237 29.543 32.921 26.732 35.015 32.563 35.071 35.177 36.06 32.961 35.95 35.886 35.807 35.769 35.752 35.744 35.699 35.567 35.611 35.508 35.437 35.399 35.317 35.368 35.304 35.125 31.643 28.535 28.742 29.194
24.56 24.563 24.533 24.556 24.503 24.505 24.485 24.49 24.503 24.474 24.487 24.48 24.538 24.496 24.892 25.659 26.39 26.285 29.179 31.451 28.516 30.631 29.063 27.192 27.124 36.263 36.781 28.857 36.802 32.941 31.576 26.551 29.394 32.63 37.096 31.588 28.42 30.863 26.948 32.871 32.023 34.77 33.016 34.876 32.938 35.923 35.885 35.8 35.755 35.713 35.704 35.664 35.558 35.532 35.47 35.379 35.395 35.326 35.336 35.282 35.242 35.188 35.135 35.072 35.067 34.927 34.968 34.923 29.775 25.122 26.378 26.972
