dsm/se3139_DSM_2M.asc
ncols 500
nrows 500
xllcorner    431000
yllcorner    439000
cellsize     2
NODATA_value -9999
[rows 434 to 464 of 500, columns 207 to 275 of 500]
-9999 -9999 -9999 -9999 -9999 -9999 -9999 -9999 -9999 -9999 -9999 -9999 -9999 -9999 -9999 -9999 149.696 152.271 153.053 152.918 149.958 148.088 148.748 148.476 147.133 146.146 148.066 148.998 148.093 148.991 146.643 145.648 145.471 145.218 144.943 144.848 144.661 144.943 145.716 145.058 145.866 146.016 147.873 147.998 147.471 145.933 145.766 147.193 146.481 146.538 147.873 148.381 148.496 147.678 144.626 144.421 144.561 144.701 145.756 146.303 149.221 150.331 148.348 144.276 144.446 144.076 143.948 143.968 143.848
-9999 -9999 -9999 -9999 -9999 -9999 -9999 -9999 -9999 -9999 -9999 -9999 -9999 -9999 -9999 -9999 149.741 150.841 150.578 149.851 148.386 147.746 147.913 147.568 146.126 145.623 145.658 146.283 145.978 145.746 145.848 145.236 145.206 144.896 144.561 144.576 144.691 144.678 145.051 144.796 144.933 148.358 150.248 150.518 149.958 147.956 145.863 146.531 146.926 147.798 148.221 148.226 147.948 147.438 145.121 144.216 144.183 145.658 149.163 150.241 151.328 151.293 149.913 145.336 144.421 144.096 143.781 143.793 143.583
-9999 -9999 -9999 -9999 -9999 -9999 -9999 -9999 -9999 -9999 -9999 -9999 -9999 -9999 -9999 -9999 148.296 148.378 147.526 147.091 146.391 147.078 146.711 146.396 145.293 145.086 147.006 146.243 148.048 145.721 144.988 144.873 144.848 144.381 144.318 144.411 144.503 144.528 145.183 145.366 145.341 149.836 151.433 151.548 150.876 148.426 146.793 147.108 147.308 147.256 146.671 147.776 147.541 147.091 144.758 144.011 143.986 144.883 148.721 150.376 151.718 152.406 150.858 147.308 144.023 144.213 143.721 143.663 143.648
-9999 -9999 -9999 -9999 -9999 -9999 -9999 -9999 -9999 -9999 -9999 -9999 -9999 -9999 -9999 -9999 -9999 151.926 151.223 150.253 146.436 146.383 145.806 145.271 145.231 146.501 149.848 150.213 150.728 149.093 145.978 144.928 145.526 144.666 144.043 144.363 144.141 145.711 146.728 145.568 145.561 149.488 151.346 152.191 151.128 148.898 145.613 147.011 146.568 146.163 145.008 147.088 146.468 146.566 144.378 143.946 144.328 144.398 147.126 149.986 151.271 152.201 151.026 149.081 144.531 144.388 144.358 144.303 144.583
-9999 -9999 -9999 -9999 -9999 -9999 -9999 -9999 -9999 -9999 -9999 -9999 -9999 -9999 -9999 -9999 -9999 154.593 153.593 151.898 146.758 145.568 145.201 145.163 145.321 148.946 151.596 152.206 151.408 149.456 146.066 144.768 145.753 144.648 143.841 144.223 144.128 146.746 149.091 144.908 145.721 149.206 151.473 152.328 151.218 148.958 145.893 145.573 144.821 145.028 145.871 145.631 144.448 145.206 144.696 144.258 145.466 145.076 144.983 149.046 150.596 151.396 150.123 148.318 145.276 144.551 144.451 144.221 144.153
-9999 -9999 -9999 -9999 -9999 -9999 -9999 -9999 -9999 -9999 -9999 -9999 -9999 -9999 -9999 -9999 -9999 -9999 153.763 152.136 147.273 144.916 144.898 144.998 145.091 148.213 151.606 152.553 151.748 150.223 147.028 145.036 144.848 144.061 143.838 144.138 144.333 144.768 146.473 144.253 145.171 148.936 151.033 151.846 151.146 148.656 144.746 144.146 144.431 145.043 144.963 145.183 144.446 145.456 144.271 143.638 144.468 144.131 143.651 147.546 149.833 149.918 148.151 144.971 144.206 144.461 143.501 143.353 143.111
-9999 -9999 -9999 -9999 -9999 -9999 -9999 -9999 -9999 -9999 -9999 -9999 -9999 -9999 -9999 -9999 -9999 -9999 153.016 151.176 145.983 144.556 144.586 144.741 144.763 148.251 151.543 152.603 151.951 149.666 145.943 144.668 144.423 144.076 143.661 143.651 143.883 143.991 143.958 144.123 144.476 147.746 150.168 150.961 150.521 148.976 145.206 144.018 144.576 145.461 145.013 145.193 145.248 145.571 143.808 143.203 143.306 143.713 143.243 145.666 146.773 147.011 145.878 143.201 143.051 145.646 144.796 142.828 142.726
-9999 -9999 -9999 -9999 -9999 -9999 -9999 -9999 -9999 -9999 -9999 -9999 -9999 -9999 -9999 -9999 -9999 -9999 -9999 148.693 145.126 144.466 144.548 144.591 144.591 147.738 151.396 151.996 151.743 149.856 145.413 144.668 145.418 144.173 143.468 143.346 143.398 143.686 143.796 144.068 144.266 144.891 146.713 148.108 146.618 145.961 144.541 143.926 143.538 143.938 143.508 144.958 145.146 144.811 144.458 143.156 143.718 145.141 143.738 143.818 143.883 143.828 143.123 143.161 143.366 144.561 146.361 143.291 143.093
-9999 -9999 -9999 -9999 -9999 -9999 -9999 -9999 -9999 -9999 -9999 -9999 -9999 -9999 -9999 -9999 -9999 -9999 -9999 144.943 144.431 144.518 144.508 144.466 144.501 145.496 150.766 150.743 150.486 150.068 146.281 144.493 144.286 143.613 143.273 143.286 143.188 143.393 143.596 143.803 144.008 144.171 143.741 145.196 143.741 142.986 143.346 143.343 143.216 142.968 143.178 144.738 144.156 144.933 145.338 143.741 144.638 145.836 144.478 143.768 143.768 142.643 142.953 144.546 147.648 148.648 147.911 145.066 143.903
-9999 -9999 -9999 -9999 -9999 -9999 -9999 -9999 -9999 -9999 -9999 -9999 -9999 -9999 -9999 -9999 -9999 -9999 -9999 -9999 144.173 144.738 144.626 144.416 144.458 144.541 146.803 147.906 147.216 146.886 145.038 144.078 143.663 143.196 142.931 143.033 142.941 143.151 143.396 143.451 143.543 143.736 142.976 144.871 144.198 144.648 144.488 142.896 143.001 143.038 142.973 143.181 143.088 145.131 146.611 143.493 144.291 145.831 144.643 143.988 143.783 142.438 142.821 144.958 149.061 149.726 149.431 147.663 146.036
-9999 -9999 -9999 -9999 -9999 -9999 -9999 -9999 -9999 -9999 -9999 -9999 -9999 -9999 -9999 -9999 -9999 -9999 -9999 -9999 145.288 145.166 145.561 144.603 144.566 144.451 144.103 145.188 144.593 144.896 143.926 143.238 143.123 143.551 142.983 142.766 142.811 142.901 143.121 142.938 142.718 142.673 144.006 147.188 147.971 148.548 146.808 143.358 143.361 143.051 143.228 142.698 142.538 143.941 147.756 143.566 145.366 145.426 144.793 144.021 143.561 142.461 142.156 145.118 148.708 149.471 149.981 149.278 148.096
-9999 -9999 -9999 -9999 -9999 -9999 -9999 -9999 -9999 -9999 -9999 -9999 -9999 -9999 -9999 -9999 -9999 -9999 -9999 -9999 145.606 145.321 145.761 145.183 145.191 144.391 145.351 147.741 147.863 148.406 147.041 143.278 143.236 143.741 143.283 142.868 142.763 142.713 142.846 143.623 142.841 142.591 145.016 148.651 149.498 149.338 148.146 144.636 143.776 142.916 143.501 142.738 142.733 144.503 147.346 144.988 144.661 144.083 143.643 142.746 142.336 141.946 141.831 144.501 147.113 148.626 149.813 149.538 148.501
-9999 -9999 -9999 -9999 -9999 -9999 -9999 -9999 -9999 -9999 -9999 -9999 -9999 -9999 -9999 -9999 -9999 -9999 -9999 -9999 -9999 143.956 144.761 145.568 145.496 144.461 145.413 149.363 149.871 149.753 148.906 144.446 143.311 143.053 142.928 142.713 142.581 142.536 142.548 143.696 143.216 142.691 143.888 148.308 150.066 150.058 148.968 146.328 143.271 142.646 143.501 143.641 143.833 144.606 145.146 146.036 144.488 145.043 144.076 141.913 141.678 141.618 141.846 143.393 144.468 146.046 148.698 148.676 147.513
-9999 -9999 -9999 -9999 -9999 -9999 -9999 -9999 -9999 -9999 -9999 -9999 -9999 -9999 -9999 -9999 -9999 -9999 -9999 -9999 -9999 143.591 143.771 144.043 143.896 143.798 144.196 149.136 150.583 150.581 149.283 146.258 143.523 143.106 142.888 142.573 142.266 142.248 142.363 142.821 143.671 142.736 144.783 147.776 150.068 150.383 149.413 147.768 143.811 142.721 144.143 144.536 144.643 142.931 142.648 143.348 144.593 147.973 144.638 142.181 141.593 141.761 142.198 142.383 141.776 142.956 146.773 146.853 145.991
-9999 -9999 -9999 -9999 -9999 -9999 -9999 -9999 -9999 -9999 -9999 -9999 -9999 -9999 -9999 -9999 -9999 -9999 -9999 -9999 -9999 -9999 143.273 143.496 143.566 144.456 144.661 147.956 150.471 150.703 149.506 146.616 143.606 143.068 143.093 142.628 142.216 142.186 142.026 142.063 143.598 143.151 143.856 146.736 148.853 149.883 149.406 148.376 145.098 142.263 143.121 144.038 143.958 142.536 144.066 145.036 144.556 144.976 142.781 141.886 141.623 142.578 142.366 141.821 141.211 142.898 144.883 144.998 145.233
-9999 -9999 -9999 -9999 -9999 -9999 -9999 -9999 -9999 -9999 -9999 -9999 -9999 -9999 -9999 -9999 -9999 -9999 -9999 -9999 -9999 -9999 143.351 143.808 143.441 144.831 145.216 147.813 150.141 150.858 150.026 147.413 143.476 143.126 143.158 142.641 142.496 142.296 141.981 141.908 142.618 143.146 143.018 145.153 148.203 148.718 148.291 146.321 143.668 141.898 141.833 142.618 142.503 142.516 142.671 145.481 145.681 143.498 143.231 147.558 146.736 145.541 142.243 141.268 141.631 145.498 147.786 146.028 146.051
-9999 -9999 -9999 -9999 -9999 -9999 -9999 -9999 -9999 -9999 -9999 -9999 -9999 -9999 -9999 -9999 -9999 -9999 -9999 -9999 -9999 -9999 -9999 143.181 142.744 143.164 143.149 146.971 149.581 150.124 149.009 145.591 142.889 142.544 142.461 142.076 142.426 142.669 141.671 141.796 141.854 142.761 142.794 142.834 144.271 146.206 146.661 144.424 142.316 141.509 141.131 141.369 141.541 141.659 143.386 144.279 143.044 141.861 145.621 150.641 152.404 147.901 142.609 140.951 141.606 145.911 146.434 144.969 145.121
-9999 -9999 -9999 -9999 -9999 -9999 -9999 -9999 -9999 -9999 -9999 -9999 -9999 -9999 -9999 -9999 -9999 -9999 -9999 -9999 -9999 -9999 -9999 142.536 142.531 142.554 142.559 144.391 148.809 148.524 147.084 144.731 142.541 142.059 141.921 141.849 141.759 141.716 141.679 141.584 141.489 141.861 142.311 142.216 142.106 142.911 144.324 143.504 142.171 142.529 144.131 141.821 141.839 141.271 142.284 143.021 141.664 142.691 145.111 151.459 152.466 149.811 144.051 141.361 141.786 143.334 142.789 141.699 143.541
-9999 -9999 -9999 -9999 -9999 -9999 -9999 -9999 -9999 -9999 -9999 -9999 -9999 -9999 -9999 -9999 -9999 -9999 -9999 -9999 -9999 -9999 -9999 -9999 142.581 142.629 142.414 142.584 144.954 145.309 144.434 143.869 142.176 141.664 141.681 142.101 141.886 141.661 141.564 141.409 141.346 141.286 141.664 141.929 141.924 143.094 144.114 145.261 144.674 146.539 147.219 145.349 143.476 141.739 141.219 141.541 142.581 143.601 142.669 146.854 149.519 148.119 143.549 141.664 141.419 141.491 141.091 140.449 141.831
-9999 -9999 -9999 -9999 -9999 -9999 -9999 -9999 -9999 -9999 -9999 -9999 -9999 -9999 -9999 -9999 -9999 -9999 -9999 -9999 -9999 -9999 -9999 -9999 143.824 143.491 142.486 142.629 142.704 143.071 143.166 143.626 144.281 143.419 141.769 142.074 142.051 141.641 141.114 141.276 141.086 141.024 141.054 141.451 142.466 144.604 145.646 146.314 147.519 148.354 148.161 147.159 145.066 142.991 141.944 142.314 143.534 143.076 141.969 141.524 143.359 143.931 142.989 141.989 140.889 140.736 140.309 140.271 140.539
-9999 -9999 -9999 -9999 -9999 -9999 -9999 -9999 -9999 -9999 -9999 -9999 -9999 -9999 -9999 -9999 -9999 -9999 -9999 -9999 -9999 -9999 -9999 -9999 143.391 143.781 143.311 143.549 142.746 145.651 146.954 147.996 148.226 145.879 142.219 142.319 142.524 141.931 141.531 141.944 141.109 141.044 140.714 141.166 143.719 146.311 145.799 146.061 147.289 148.171 148.746 148.051 146.341 143.761 142.744 142.814 143.016 142.429 141.526 140.864 141.561 141.009 141.161 142.549 143.754 142.274 140.339 140.026 140.016
-9999 -9999 -9999 -9999 -9999 -9999 -9999 -9999 -9999 -9999 -9999 -9999 -9999 -9999 -9999 -9999 -9999 -9999 -9999 -9999 -9999 -9999 -9999 -9999 -9999 143.176 143.541 143.586 142.746 145.064 147.689 148.956 148.909 147.439 143.264 142.581 142.164 141.561 141.271 141.476 140.946 140.876 140.664 140.899 142.241 145.766 143.489 143.649 146.141 147.441 148.251 147.999 147.179 143.936 141.259 141.314 141.961 141.634 140.736 140.301 141.021 140.541 140.199 142.489 144.129 142.036 140.944 140.881 140.469
-9999 -9999 -9999 -9999 -9999 -9999 -9999 -9999 -9999 -9999 -9999 -9999 -9999 -9999 -9999 -9999 -9999 -9999 -9999 -9999 -9999 -9999 -9999 -9999 -9999 142.676 142.174 142.276 143.381 144.801 146.774 148.639 149.246 148.486 145.291 142.456 141.986 141.851 140.984 140.761 140.721 140.786 140.534 140.579 141.439 144.509 141.909 141.366 141.996 146.381 147.499 147.481 145.589 142.871 140.644 140.026 140.406 140.686 140.721 140.764 140.131 140.094 140.549 143.901 143.229 140.801 141.144 141.526 140.579
-9999 -9999 -9999 -9999 -9999 -9999 -9999 -9999 -9999 -9999 -9999 -9999 -9999 -9999 -9999 -9999 -9999 -9999 -9999 -9999 -9999 -9999 -9999 -9999 -9999 -9999 141.446 141.514 142.151 143.504 144.966 147.486 149.209 148.781 147.256 144.141 141.564 141.234 140.976 140.654 140.471 140.596 140.211 140.419 141.116 143.789 143.116 142.346 141.649 143.441 146.091 145.806 143.494 141.424 140.566 141.144 142.479 141.929 142.049 140.916 140.189 140.669 141.546 141.804 140.826 140.014 140.176 140.091 139.876
-9999 -9999 -9999 -9999 -9999 -9999 -9999 -9999 -9999 -9999 -9999 -9999 -9999 -9999 -9999 -9999 -9999 -9999 -9999 -9999 -9999 -9999 -9999 -9999 -9999 -9999 141.326 141.384 141.366 142.401 144.431 146.151 148.474 148.186 147.329 144.036 141.301 141.594 141.344 141.161 141.039 140.621 140.316 140.224 140.251 141.559 141.501 141.461 141.079 140.764 143.046 143.204 141.244 140.674 140.981 145.046 145.831 145.564 144.844 142.596 140.049 140.386 141.581 141.364 139.624 139.639 139.584 139.539 139.499
-9999 -9999 -9999 -9999 -9999 -9999 -9999 -9999 -9999 -9999 -9999 -9999 -9999 -9999 -9999 -9999 -9999 -9999 -9999 -9999 -9999 -9999 -9999 -9999 -9999 -9999 -9999 142.251 141.456 141.599 143.721 144.519 145.689 145.139 144.941 142.419 140.619 140.826 141.519 141.509 140.796 140.594 140.674 140.689 140.169 140.014 140.071 140.379 140.446 140.434 141.044 140.976 140.281 140.421 143.931 146.341 147.234 147.006 146.281 145.799 143.759 140.434 140.184 140.584 139.956 140.274 139.594 139.279 139.281
-9999 -9999 -9999 -9999 -9999 -9999 -9999 -9999 -9999 -9999 -9999 -9999 -9999 -9999 -9999 -9999 -9999 -9999 -9999 -9999 -9999 -9999 -9999 -9999 -9999 -9999 -9999 141.786 141.141 141.084 142.504 143.129 142.166 141.939 142.264 141.981 141.224 142.146 141.071 140.786 140.794 140.864 140.681 140.839 140.314 139.641 139.636 139.869 140.241 140.474 140.744 140.464 140.039 142.336 144.939 145.944 146.979 147.371 147.214 146.491 143.416 140.119 140.101 139.199 140.366 142.789 140.599 139.126 139.186
-9999 -9999 -9999 -9999 -9999 -9999 -9999 -9999 -9999 -9999 -9999 -9999 -9999 -9999 -9999 -9999 -9999 -9999 -9999 -9999 -9999 -9999 -9999 -9999 -9999 -9999 -9999 141.486 141.291 141.211 141.451 142.224 141.199 141.946 142.734 145.056 145.689 145.799 142.604 140.734 141.184 140.404 140.469 140.051 139.674 139.446 139.461 139.384 139.441 139.631 139.916 139.816 139.721 141.054 142.794 144.124 145.851 146.544 146.936 144.999 141.856 139.656 139.539 140.299 143.624 144.776 143.954 142.474 142.831
-9999 -9999 -9999 -9999 -9999 -9999 -9999 -9999 -9999 -9999 -9999 -9999 -9999 -9999 -9999 -9999 -9999 -9999 -9999 -9999 -9999 -9999 -9999 -9999 -9999 -9999 -9999 -9999 143.019 141.796 140.819 140.961 141.056 141.819 144.481 146.491 147.141 146.896 145.369 142.479 140.256 140.566 140.824 139.844 139.526 139.731 139.709 139.321 138.699 138.814 138.946 139.131 139.389 139.616 139.831 141.044 143.536 145.259 145.951 145.164 141.666 140.479 140.369 143.601 145.714 146.251 145.869 145.821 145.061
-9999 -9999 -9999 -9999 -9999 -9999 -9999 -9999 -9999 -9999 -9999 -9999 -9999 -9999 -9999 -9999 -9999 -9999 -9999 -9999 -9999 -9999 -9999 -9999 -9999 -9999 -9999 -9999 142.891 141.799 140.771 140.494 141.151 141.336 145.254 146.661 147.526 147.399 146.936 145.256 140.204 140.246 140.554 140.159 139.834 140.159 140.354 139.474 138.844 138.731 138.821 138.914 139.006 139.421 139.591 140.086 140.199 141.269 143.496 144.091 142.461 141.146 142.794 144.629 145.729 146.254 146.344 146.149 144.931
-9999 -9999 -9999 -9999 -9999 -9999 -9999 -9999 -9999 -9999 -9999 -9999 -9999 -9999 -9999 -9999 -9999 -9999 -9999 -9999 -9999 -9999 -9999 -9999 -9999 -9999 -9999 -9999 -9999 141.549 140.566 140.536 141.064 140.514 141.886 145.061 146.771 147.591 147.386 146.471 143.469 142.044 139.996 139.579 140.191 141.569 140.001 139.124 138.891 138.671 138.654 138.699 138.516 139.024 139.284 139.741 139.034 139.114 139.844 140.039 139.611 139.511 140.689 143.204 144.559 144.809 145.209 145.201 144.891
