dsm/se3136_DSM_2M.asc
ncols 500
nrows 500
xllcorner    431000
yllcorner    436000
cellsize     2
NODATA_value -9999
[rows 0 to 30 of 500, columns 426 to 496 of 500]
108.758 108.788 108.716 108.763 108.778 108.783 108.781 108.761 108.766 108.961 108.888 108.763 112.078 111.596 108.781 108.928 108.928 108.948 110.036 111.001 109.143 109.101 109.158 109.651 111.676 109.573 109.971 110.126 110.461 111.393 112.028 112.011 112.073 113.261 109.546 109.453 109.476 109.491 109.473 109.503 109.841 110.088 110.366 110.618 118.513 118.923 119.396 119.406 117.693 110.553 110.461 110.126 109.281 109.103 109.141 109.153 109.098 109.143 109.346 111.321 109.167 109.722 109.224 110.227 110.169 115.659 116.602 115.905 112.911 111.986 109.974
108.598 108.608 108.581 108.456 108.266 108.191 110.153 110.458 110.783 108.286 108.958 108.686 112.248 110.611 108.683 109.066 108.878 108.958 117.171 113.556 109.038 109.071 109.113 109.148 109.836 109.356 109.318 109.208 109.581 110.726 110.403 111.973 112.013 112.076 111.553 109.443 109.446 109.486 109.476 109.413 109.381 109.386 109.501 109.926 110.376 110.691 110.706 112.598 112.713 110.453 110.411 110.063 109.056 109.001 109.066 109.061 108.988 109.078 109.871 110.256 111.064 110.376 109.123 110.276 109.247 116.299 117.156 116.03 110.987 110.213 109.692
108.501 108.458 108.448 108.338 108.171 109.446 112.631 112.023 112.913 108.976 108.566 108.653 108.961 108.826 110.643 111.341 109.163 109.911 114.078 109.243 108.958 109.013 109.071 109.141 109.233 109.521 111.006 109.661 110.986 110.826 109.193 111.336 111.966 112.031 112.071 110.713 109.928 110.808 109.448 109.733 109.833 109.498 109.301 109.283 109.253 109.208 109.186 109.196 109.701 110.018 110.176 109.373 108.933 108.943 108.978 108.966 108.921 109.003 110.843 109.801 109.413 109.3 109.111 109.779 110.408 117.009 116.97 115.479 112.489 112.618 113.938
111.246 109.826 108.401 108.376 113.171 115.411 115.471 114.833 114.748 110.206 108.493 108.638 108.651 108.716 114.216 112.456 111.541 113.636 109.603 108.893 108.913 108.953 110.446 109.051 109.588 111.178 111.158 111.006 109.903 110.633 110.108 109.361 111.261 111.988 112.043 112.076 110.788 109.503 110.346 109.758 111.126 111.193 109.383 108.933 109.071 109.271 109.271 109.173 109.058 109.013 108.948 108.898 108.843 108.871 108.906 108.886 108.853 108.971 111.226 109.136 109.323 109.282 109.248 109.073 113.025 117.172 116.719 115.166 114.026 113.648 114.014
114.986 115.533 108.668 108.363 112.448 114.941 115.983 115.921 115.073 111.611 108.411 108.578 108.571 114.148 115.483 114.883 114.096 110.836 108.843 108.928 108.878 108.938 109.038 109.151 111.193 111.171 110.878 109.106 111.593 111.943 111.361 110.043 109.073 111.941 112.003 112.058 109.636 109.251 109.186 110.311 109.006 108.986 109.378 109.541 108.816 108.811 108.808 110.658 110.178 110.236 109.926 108.991 108.753 108.801 108.813 108.791 108.761 108.911 112.688 110.253 109.133 109.428 109.168 109.068 115.954 117.471 116.467 115.314 115.24 115.286 114.642
111.763 115.481 113.511 108.371 111.013 115.041 115.718 114.736 114.566 112.711 108.353 108.486 109.726 114.881 116.323 116.321 115.533 114.791 114.003 109.893 108.748 108.838 108.891 111.163 111.183 109.766 109.023 109.013 111.503 112.068 111.873 111.311 109.666 109.331 111.976 109.528 109.523 109.233 109.203 108.998 108.958 109.158 113.548 114.856 114.541 114.021 112.278 108.793 109.331 109.063 108.871 108.793 108.676 108.733 108.738 108.708 108.676 108.788 108.918 108.931 108.958 109.314 109.341 109.092 116.319 116.963 116.178 114.743 114.951 115.141 113.31
109.816 115.826 114.823 108.698 108.361 114.868 114.153 113.506 112.291 110.591 108.303 108.413 113.641 115.113 115.913 116.726 116.993 116.231 115.373 113.911 109.211 108.716 108.776 109.553 109.661 108.778 108.351 108.198 110.931 111.556 112.123 111.816 111.253 109.483 111.216 111.963 109.611 109.168 109.218 108.901 108.898 109.036 113.971 116.018 116.113 115.663 113.818 108.783 108.886 109.061 108.956 108.646 108.611 108.663 108.668 108.618 108.583 108.666 108.911 108.903 108.963 109.021 109.061 109.022 109.972 111.146 112.407 109.373 109.141 109.692 111.822
107.928 108.946 113.701 109.453 108.163 108.903 108.688 109.131 108.551 108.188 108.223 108.341 110.021 112.016 114.463 115.276 116.011 116.198 114.778 109.513 108.501 110.188 113.411 113.256 108.596 108.193 108.096 108.768 108.211 111.041 111.608 112.143 108.651 111.701 113.506 113.321 111.798 110.638 110.911 111.153 109.798 108.976 114.738 116.351 117.121 115.491 113.016 108.741 108.766 108.788 109.241 108.576 108.561 108.611 108.593 108.536 108.521 108.523 108.526 108.536 108.531 108.651 109.038 109.09 108.991 108.95 108.995 108.859 108.932 108.953 112.525
107.968 109.268 107.956 108.641 108.288 108.188 107.958 107.951 107.943 107.978 108.193 108.331 108.283 108.361 108.551 112.191 114.576 115.256 113.506 108.458 108.531 112.786 115.458 115.048 108.233 108.066 108.078 108.111 108.143 108.213 110.811 110.893 108.426 113.951 113.481 112.478 109.648 108.456 108.431 108.653 110.711 108.658 115.063 116.681 116.818 115.186 110.458 109.816 109.596 109.301 109.738 108.498 108.516 108.538 108.513 108.458 108.573 108.976 108.476 108.471 108.506 108.968 112.748 110.863 109.36 108.518 110.826 110.66 110.121 109.396 111.791
112.211 110.513 110.421 108.613 108.033 109.103 107.851 107.823 107.843 107.923 108.076 108.963 108.081 108.156 110.266 108.266 108.608 113.221 109.203 108.416 108.448 108.813 108.473 108.068 108.016 108.026 108.053 108.083 108.106 108.211 108.266 108.361 109.441 109.141 109.718 108.531 108.488 108.396 108.388 108.366 108.343 109.628 115.366 116.966 116.473 114.871 108.976 108.776 109.183 109.291 110.026 108.411 108.456 108.463 108.408 108.418 108.551 108.543 108.368 108.391 108.478 113.553 115.283 115.035 114.802 114.517 113.855 112.703 112.182 112.076 111.63
114.381 113.548 110.768 107.846 107.813 107.906 107.776 107.733 107.753 107.848 107.963 107.968 107.926 109.521 108.116 108.131 111.566 108.358 108.361 108.366 109.241 108.056 108.006 108.003 108.003 108.008 108.023 108.038 108.081 108.463 108.083 108.171 109.636 110.133 111.396 108.466 109.413 109.136 108.561 108.316 108.288 110.951 115.601 116.158 116.118 114.568 108.366 108.331 108.481 108.558 108.338 108.326 108.383 108.381 108.316 108.358 108.478 108.541 108.373 108.346 109.158 114.528 115.848 116.383 116.124 115.835 115.024 113.844 109.035 109.917 110.679
115.553 114.243 111.656 107.808 107.763 107.803 107.626 107.598 107.628 107.743 107.796 107.758 107.816 109.091 107.968 108.023 108.138 109.241 108.331 108.811 107.913 107.958 107.991 107.986 109.126 112.663 110.101 108.001 108.286 108.026 108.061 108.251 111.021 111.728 109.431 108.386 110.541 110.848 110.861 110.613 108.301 110.506 112.528 112.001 114.873 113.921 108.426 108.311 108.271 108.256 108.261 108.253 108.318 108.298 108.223 108.261 108.418 109.018 108.326 108.311 109.671 114.788 115.641 115.426 116.178 116.471 115.46 113.936 108.166 108.178 108.165
114.758 113.138 107.998 107.748 107.668 107.623 107.771 107.503 107.506 107.593 107.656 107.648 107.848 107.801 107.853 107.943 108.031 108.218 108.676 107.868 107.891 109.588 112.566 113.733 114.361 114.523 112.431 107.983 108.303 108.006 108.071 108.976 111.131 111.251 110.966 110.096 109.008 108.438 109.658 110.163 108.326 108.366 108.396 108.393 108.406 108.863 108.341 108.286 108.346 108.881 108.196 108.191 108.238 108.216 108.133 108.156 108.516 108.551 108.426 109.438 108.343 109.756 112.201 114.566 114.831 115.096 115.293 113.389 108.065 108.097 108.083
113.911 108.086 107.733 107.583 107.523 107.546 107.508 107.486 107.451 107.496 107.543 107.538 108.403 107.696 107.756 107.853 107.936 108.216 107.838 107.973 113.781 114.336 114.923 115.448 115.826 115.006 113.641 108.113 108.131 107.981 108.126 108.481 111.411 110.898 111.228 111.516 110.898 107.988 107.961 107.941 107.958 108.078 108.276 108.366 108.378 108.401 108.338 108.251 108.178 108.136 108.103 108.141 108.166 108.131 108.051 108.088 108.153 108.161 108.138 108.083 108.028 108.511 108.433 108.706 108.216 108.298 110.656 109.911 110.348 108 108.022
110.873 107.586 108.041 107.511 107.456 107.383 107.583 107.331 107.308 107.378 107.443 107.548 107.523 107.591 107.668 108.051 108.058 107.771 107.811 109.291 113.583 114.473 115.551 115.851 114.451 114.123 114.096 111.431 108.773 107.976 108.376 109.018 111.596 109.338 107.913 107.931 108.046 107.938 112.088 111.286 110.123 108.801 108.868 109.126 107.883 107.966 108.113 108.331 109.328 108.758 108.023 108.073 108.091 108.056 108.043 108.123 108.996 108.103 108.101 108.081 112.126 112.523 109.981 108.731 107.928 108.231 109.081 109.356 112.018 107.908 107.991
107.493 107.451 107.786 108.733 107.436 108.118 108.043 107.216 107.211 107.268 107.328 107.458 107.523 107.438 107.773 107.668 107.676 107.743 107.793 107.823 110.841 113.856 114.193 115.696 114.718 113.561 114.446 112.948 110.041 108.451 108.048 109.926 111.541 108.568 107.888 107.913 107.928 108.158 113.506 114.173 113.836 113.526 113.126 111.458 108.393 107.916 107.903 107.873 107.906 108.121 107.936 108.006 108.003 108.533 108.046 108.116 108.628 108.053 108.118 109.111 113.926 114.768 114.526 114.273 114.028 113.498 108.616 107.856 109.816 110.163 109.548
107.876 107.428 107.346 107.328 107.448 109.978 107.148 107.153 107.201 107.251 107.281 107.293 107.316 107.378 107.461 107.516 107.621 108.141 108.533 108.238 110.721 111.188 113.698 114.653 114.241 113.516 112.713 111.366 107.978 108.008 108.051 109.658 111.296 107.903 107.883 107.891 107.911 107.918 113.721 114.173 114.723 115.078 114.778 113.721 109.921 107.886 107.896 107.883 107.908 107.886 107.858 107.926 107.916 108.253 107.926 108.018 108.241 108.596 109.086 109.918 114.253 115.486 115.758 115.488 115.226 114.231 108.061 108.073 109.551 110.146 110.161
107.408 107.336 107.301 107.266 108.943 109.916 107.526 107.143 107.188 107.226 107.228 107.213 107.241 107.301 107.378 107.581 107.628 107.736 107.973 108.031 109.206 110.963 112.273 113.213 111.358 110.536 109.348 107.951 108.001 108.848 108.141 110.138 111.121 110.071 107.636 107.898 108.323 107.898 111.021 113.141 114.838 116.346 114.926 113.396 107.901 108.853 108.496 108.136 107.853 107.831 107.796 107.866 107.846 107.786 107.873 108.401 108.128 108.011 109.336 108.951 114.501 115.136 115.386 115.698 115.281 114.008 107.853 107.741 107.711 107.976 108.523
107.368 107.313 107.246 107.203 107.248 107.133 108.236 107.101 107.148 107.181 107.168 107.158 107.216 107.318 107.313 107.283 107.218 107.176 107.113 107.653 107.926 107.851 108.231 108.853 107.778 107.843 107.911 107.998 107.993 107.993 111.948 107.663 107.428 107.393 107.416 107.436 107.571 108.168 111.121 113.691 115.313 116.766 114.661 112.286 108.778 107.886 108.906 108.296 107.841 107.776 108.573 107.803 107.788 107.713 107.776 108.021 108.203 108.381 113.078 113.408 109.681 112.168 114.068 114.398 114.651 113.221 107.846 107.673 107.646 107.618 107.586
109.118 107.403 107.178 107.111 107.101 108.666 107.253 107.048 107.081 107.111 107.113 107.103 107.223 107.563 107.231 107.213 107.193 107.151 107.108 107.668 109.021 107.833 107.486 107.523 107.573 107.636 107.691 108.703 108.498 107.933 107.888 107.653 107.391 107.361 107.376 107.388 107.451 111.851 113.968 114.046 115.593 115.936 114.333 109.803 108.508 108.373 108.311 108.666 107.918 107.781 108.253 107.746 107.698 107.663 107.723 107.768 107.743 108.786 111.023 112.163 107.846 107.826 107.818 107.781 108.253 109.321 107.826 107.636 107.593 107.548 107.508
107.288 107.206 107.403 107.043 106.988 106.941 106.876 106.986 107.013 107.031 107.043 113.261 110.798 107.223 107.188 107.188 107.181 107.138 108.141 108.193 108.971 109.143 107.376 107.463 107.696 107.586 107.631 107.646 107.688 108.006 107.418 107.401 107.418 107.338 107.341 107.378 107.423 113.603 114.556 114.851 115.231 115.456 114.013 108.331 107.698 107.683 107.663 107.651 108.323 107.588 107.641 107.676 107.621 107.731 107.746 108.346 107.703 107.766 108.516 112.596 111.911 110.391 108.258 107.638 107.828 108.421 108.986 108.583 107.546 107.488 107.456
107.123 108.266 107.361 107.088 107.168 106.821 106.833 106.918 106.901 106.943 107.021 113.508 115.076 111.466 107.148 107.196 107.621 107.123 112.478 113.123 111.931 107.016 107.291 107.331 107.358 107.371 107.466 107.518 107.518 108.511 107.571 107.336 107.716 107.306 107.476 107.511 107.506 111.006 111.731 112.463 113.363 113.998 113.741 109.846 107.596 107.593 107.586 107.583 107.598 107.498 107.578 107.591 108.016 107.551 108.211 108.411 107.593 107.588 109.411 113.746 114.891 115.961 115.921 115.458 107.923 107.748 108.233 108.448 108.371 107.561 107.501
106.903 106.971 106.951 107.356 106.796 106.733 106.808 106.813 106.876 107.183 107.193 107.453 107.721 107.198 107.028 108.138 107.166 108.303 113.298 114.431 113.656 112.873 109.793 107.138 107.203 107.236 107.276 107.348 107.376 110.081 108.553 107.183 107.221 107.358 108.758 109.193 108.611 108.581 108.028 107.776 107.678 107.881 108.688 107.691 107.588 107.568 107.536 107.511 107.443 107.413 107.493 107.501 107.578 107.516 108.263 107.871 107.546 107.543 110.611 113.973 114.688 115.953 115.903 115.878 107.466 107.466 107.446 107.816 107.431 107.606 109.051
106.861 106.856 106.813 107.263 107.028 106.723 106.743 106.763 109.293 111.776 106.863 106.848 106.871 106.848 106.843 106.916 106.901 112.776 114.168 115.486 114.451 113.048 107.088 107.078 107.086 107.131 107.166 107.186 107.326 109.616 107.113 107.136 107.308 107.068 108.978 109.483 109.316 108.823 108.211 107.933 108.263 107.823 107.991 108.031 108.621 111.558 107.543 107.483 107.366 107.366 107.436 107.428 107.438 107.458 107.651 108.416 109.066 108.398 111.181 114.198 114.816 115.926 115.878 114.538 107.401 107.438 107.421 107.356 107.406 107.253 107.291
106.816 106.798 107.418 106.991 106.613 106.681 106.648 106.723 112.428 113.886 107.696 106.828 106.818 106.791 106.771 106.861 109.916 113.586 115.048 115.048 113.613 111.196 107.083 107.013 107.013 106.993 107.008 107.061 108.138 107.138 107.021 107.021 107.021 106.958 106.991 108.201 109.078 109.458 109.108 107.061 107.073 107.136 107.278 107.391 111.428 109.943 107.686 109.861 107.271 107.333 107.356 107.623 108.283 107.416 108.646 107.291 107.411 107.576 112.496 114.486 115.638 115.981 115.416 113.591 107.396 107.401 107.523 107.278 107.256 107.213 107.141
106.721 106.761 108.161 107.653 106.596 106.588 106.596 106.668 106.646 107.206 107.878 106.803 106.806 107.363 108.068 109.638 112.993 114.396 115.481 114.178 112.793 108.603 106.936 106.921 106.906 106.898 106.913 109.908 107.563 107.073 106.978 106.893 106.898 106.906 106.896 106.896 106.901 106.948 107.041 110.218 110.463 108.596 107.056 107.083 107.148 107.343 112.326 114.023 107.941 107.263 107.286 107.256 107.491 107.813 107.368 107.293 108.246 107.663 113.493 114.616 115.813 115.908 114.631 110.208 109.631 109.693 109.583 107.201 107.198 107.316 107.101
106.686 106.826 106.758 106.491 106.538 106.516 106.901 106.603 106.578 106.556 106.521 107.133 107.523 107.911 107.533 107.698 112.758 113.546 114.393 113.343 109.218 108.011 108.238 106.983 106.813 106.841 106.871 111.103 107.426 109.106 108.838 106.911 106.831 106.881 106.891 106.888 106.886 106.918 107.033 112.891 113.568 113.278 112.973 111.031 107.111 108.796 112.353 108.648 108.813 107.193 107.223 107.158 107.188 107.343 107.236 107.363 107.318 109.191 113.696 114.878 115.948 115.891 113.683 108.353 107.641 107.053 107.076 107.103 107.738 107.753 108.471
106.693 106.541 106.418 106.468 106.448 106.563 106.671 106.586 106.518 106.503 106.461 106.441 106.411 107.031 106.996 109.036 108.316 108.996 112.983 112.536 107.493 107.091 107.988 107.893 108.121 106.806 106.826 108.476 107.141 106.698 107.318 107.831 108.788 107.781 107.351 107.233 106.906 106.901 107.023 113.188 114.753 114.703 113.468 109.038 107.226 111.573 113.218 107.836 107.068 107.138 107.146 107.073 107.136 107.206 107.276 107.288 107.313 108.868 113.958 115.143 115.951 115.893 113.541 107.978 107.451 106.966 106.956 106.948 106.966 106.936 108.266
106.696 106.423 106.393 106.411 106.436 106.816 106.598 106.533 106.496 106.416 106.491 110.556 107.846 106.348 106.491 107.491 108.976 108.943 106.826 106.916 106.638 106.528 106.518 106.533 106.581 107.721 107.331 107.606 106.703 106.633 106.643 106.601 106.596 106.593 106.586 106.851 107.608 108.721 107.628 113.486 115.113 114.738 113.148 107.248 107.101 107.756 111.553 107.063 107.026 107.088 107.066 106.996 107.091 107.136 107.173 107.243 107.471 108.481 107.518 108.571 111.198 113.141 112.836 107.053 107.036 106.981 106.938 106.916 106.936 106.926 107.378
106.366 106.293 106.353 106.908 106.618 106.503 107.021 107.241 106.466 106.386 107.371 112.381 112.896 112.211 106.466 106.333 106.498 106.991 106.988 106.631 106.508 106.513 106.511 106.513 106.516 106.543 108.611 107.338 106.651 106.616 106.591 106.581 106.578 106.566 106.551 106.566 106.728 107.091 110.111 113.816 115.551 114.446 112.838 107.021 107.051 107.216 108.183 106.976 106.968 107.016 107.011 106.936 107.036 107.196 107.038 107.056 107.058 107.041 107.066 107.153 107.196 107.156 107.066 108.778 109.366 109.156 106.921 106.886 106.883 106.896 106.846
106.213 106.263 106.273 106.428 107.033 106.406 106.416 106.458 107.548 106.833 111.348 113.181 114.243 113.663 112.216 110.103 106.323 106.318 107.546 107.491 106.488 106.493 106.521 106.518 106.536 106.661 108.578 107.091 106.668 106.623 106.548 106.563 106.576 106.568 106.543 106.728 106.916 107.046 111.771 114.138 115.313 114.058 112.443 106.898 106.928 108.753 107.978 106.871 106.913 106.948 108.746 106.931 107.081 107.721 106.818 106.963 106.961 112.598 113.163 111.513 109.048 107.751 106.853 109.296 109.211 109.106 106.893 107.331 106.996 106.798 106.781
