dsm/se3130_DSM_2M.asc
ncols 500
nrows 500
xllcorner    431000
yllcorner    430000
cellsize     2
NODATA_value -9999
[rows 288 to 319 of 500, columns 0 to 71 of 500]
55.483 55.604 55.613 56.58 61.608 62.104 62.223 61.613 61.327 60.65 60.228 59.797 56.118 55.555 54.551 53.792 52.56 52.371 54.481 52.777 52.426 52.525 52.511 52.723 52.901 52.904 52.681 52.753 52.68 52.665 52.913 53.076 54.303 54.936 54.408 53.403 52.963 53.798 58.26 59.461 60.216 59.62 58.601 52.694 52.646 53.658 53.456 53.675 53.529 53.376 53.362 53.256 53.227 53.092 53.606 53.345 53.295 55.623 60.226 61.539 62.369 61.55 57.359 53.332 53.492 52.872 53 55.287 55.461 54.248 53.678 60.105
55.589 55.585 55.61 55.53 60.593 61.77 61.156 60.6 60.184 59.602 58.746 58.55 56.249 55.794 55.338 54.547 53.727 52.431 54.247 52.845 52.527 52.588 52.659 52.735 52.934 53.03 52.895 52.842 52.816 52.836 52.957 53.113 54.054 55.244 55.238 53.822 53.027 53.218 57.347 58.979 59.94 60.205 55.738 52.94 53.425 53.834 53.741 53.765 53.606 53.524 53.524 53.355 53.276 53.327 53.219 53.209 53.169 53.824 58.619 61.678 62.37 61.731 60.786 55.002 53.372 53.266 53.006 54.077 55.381 53.779 54.21 57.92
55.644 55.708 55.672 55.612 59.459 60.63 60.15 59.206 58.504 58.498 58.441 58.472 56.439 55.815 55.849 55.036 54.263 53.617 53.215 52.682 52.644 52.564 52.808 52.9 52.988 53.124 53.029 53 52.818 52.929 53.036 53.21 53.335 54.736 54.845 54.046 53.244 52.904 53.545 58.358 59.347 54.941 53.03 53.484 54.863 54.739 53.965 53.808 53.713 53.719 53.932 53.419 53.345 53.264 53.331 53.341 53.226 53.763 56.172 60.783 62.388 62.203 61.4 56.828 53.512 53.394 53.048 54.362 55.596 54.671 54.958 56.21
55.736 55.732 55.633 55.619 55.621 57.398 58.246 58.477 58.515 58.456 56.975 57.029 55.757 56.067 57.214 55.709 54.647 54.014 52.641 52.739 52.75 52.755 52.918 52.989 53.076 53.256 53.211 53.113 53.036 53.057 53.101 53.285 53.434 54.972 55.494 54.512 53.579 52.878 52.694 56.583 53.538 54.383 53.787 53.973 55.792 54.713 54.045 53.884 53.786 53.783 53.673 53.453 53.455 53.366 53.373 53.371 53.292 53.319 53.533 59.075 61.239 62.372 61.706 60.585 54.296 53.562 53.226 53.846 54.115 54.317 53.787 54.059
55.793 55.709 55.645 55.64 55.623 55.543 56.076 58.346 57.103 56.066 56.313 56.507 56.714 56.686 56.808 56.582 55.136 54.476 53.729 52.872 52.763 52.873 52.977 53.021 53.139 53.363 53.388 53.208 53.185 53.129 53.179 53.377 53.503 54.366 55.233 55.032 54.1 53.239 52.987 53.433 55.222 55.855 54.762 55.57 54.593 54.163 54.062 54.113 54.014 53.858 53.7 54.467 53.855 53.506 53.438 53.383 53.436 53.373 53.416 54.868 61.527 62.137 62.276 61.226 54.677 53.8 53.944 53.329 53.341 54.395 53.78 54.224
55.794 55.794 55.732 55.693 56.66 57.121 57.013 56.101 56.193 56.53 56.789 56.914 56.88 56.844 56.776 57.465 55.959 54.988 54.072 53.189 52.92 52.996 53.067 53.205 53.218 53.299 53.492 53.331 53.348 53.248 53.294 53.393 53.546 53.797 55.127 55.561 55.575 55.63 54.61 54.808 55.238 55.089 55.714 54.848 54.313 54.208 54.237 54.19 54.064 54.03 53.983 54.038 55.222 55.394 53.459 53.432 53.545 53.435 53.499 53.759 60.309 61.549 62.613 61.995 57.313 53.717 53.629 53.435 54.096 55.909 55.87 54.491
56.147 56.266 56.67 56.838 57.608 58.218 58.009 57.884 56.963 56.935 57.25 56.742 56.592 56.793 56.84 56.71 56.563 55.775 54.716 53.601 53.031 53.082 53.154 53.315 53.337 53.403 53.636 53.452 53.437 53.446 53.392 53.498 53.664 53.815 55.078 55.622 55.858 56.262 55.953 56.389 56.076 56.071 54.783 54.453 54.387 54.407 54.32 54.254 54.185 54.321 54.332 58.468 62.359 62.694 55.356 53.509 53.517 53.55 53.495 53.547 56.829 61.25 62.186 62.351 61.345 55.273 53.772 54.074 53.567 55.517 55.076 53.775
56.67 56.446 57.025 57.334 56.895 58.744 57.051 56.964 57.518 58.04 57.211 57.229 56.529 56.683 56.599 56.63 56.68 56.256 55.172 54.64 53.221 53.131 53.196 53.333 53.424 53.494 53.629 53.66 53.561 53.547 53.56 53.434 53.667 53.888 55.013 55.653 56.121 56.125 56.317 56.141 56.287 54.969 54.602 54.471 54.473 54.501 54.391 54.32 54.334 54.741 55.255 62.261 63.112 64.007 58.385 53.65 53.63 53.638 53.549 53.574 54.416 59.87 61.698 62.615 61.889 59.471 54.645 55.07 53.652 54.83 55.246 54.269
56.522 56.993 59.087 59.115 59.103 59.1 58.652 57.674 57.348 57.434 58.341 56.76 56.515 56.535 56.53 56.574 56.694 56.827 55.748 55.258 53.796 53.339 53.313 53.374 53.466 53.607 53.642 53.883 53.718 53.702 53.682 53.594 53.687 53.888 54.075 54.446 54.738 54.797 55.02 55.217 55.039 54.604 54.532 54.59 54.667 55.355 54.706 54.514 55.11 58.781 63.143 64.901 64.068 64.415 63.71 55.213 54.18 53.815 53.583 53.573 53.576 54.023 60.989 62.176 62.435 61.027 54.087 54.567 54.16 53.843 56.497 56.742
56.578 57.001 59.037 59.037 59.077 59.062 57.37 57.302 56.617 56.942 56.415 56.494 56.465 56.466 56.553 56.559 56.604 56.92 56.634 55.322 54.939 53.717 53.405 53.536 53.604 53.681 53.672 53.882 53.873 53.824 53.722 53.733 53.76 53.932 54.109 54.299 54.432 54.488 54.604 54.726 54.689 54.627 54.674 54.65 55.054 54.998 54.673 55.429 57.009 62.269 64.788 65.152 64.553 63.745 62.943 55.851 53.897 54.848 53.766 53.801 53.685 53.859 56.888 61.614 62.379 58.159 55.324 54.589 54.779 53.945 53.974 56.448
56.494 58.368 57.744 57.668 59.054 58.979 57.707 56.464 56.449 56.445 56.477 56.5 56.465 56.477 56.493 56.571 56.551 56.616 56.703 56.133 55.252 55.038 53.605 53.562 53.657 53.721 53.801 53.892 53.882 53.937 53.857 53.868 53.815 53.942 54.203 54.367 54.463 54.593 54.642 54.577 54.633 54.661 54.703 54.684 54.726 54.694 55.07 55.975 63.041 63.918 64.804 64.478 64.058 63.385 62.072 54.875 54.308 53.824 53.804 53.902 54.358 54.846 54.682 60.882 62.475 62.359 60.081 54.156 54.272 54.027 54 54.141
56.454 56.416 56.41 56.457 56.483 56.401 56.414 56.433 56.426 56.37 56.489 56.427 56.413 56.427 56.527 56.493 56.522 56.614 56.744 56.603 55.807 55.43 53.741 53.637 53.788 53.827 53.917 53.923 54.147 54.026 53.99 53.971 53.952 54.026 54.134 54.351 54.423 54.534 54.574 54.651 54.723 54.779 54.777 54.664 55.478 55.726 58.971 62.431 63.941 64.798 64.692 63.796 64.065 60.571 55.646 54.648 54.533 54.09 54.779 54.165 53.906 54.812 54.173 57.534 57.858 55.976 55.911 54.048 54.006 54.029 54.061 55.07
56.475 56.427 56.42 56.425 56.414 56.386 56.379 56.427 56.359 56.342 56.419 56.431 56.437 56.452 56.462 56.461 56.456 56.571 57.541 57.195 56.252 56.763 54.686 53.768 53.836 53.935 53.941 54.05 54.212 54.177 54.143 54.144 54.095 54.112 54.214 54.349 54.462 54.538 54.607 54.702 54.883 54.794 54.877 54.949 55.236 54.778 62.39 64.089 64.851 64.783 63.653 62.844 63.535 56.492 58.303 57.911 54.463 54.196 54.585 54.561 54.002 54.155 53.973 54.191 53.933 53.929 54.023 54.006 54.097 54.159 54.996 54.583
56.457 56.443 56.481 56.399 56.392 56.955 56.575 56.341 56.35 56.356 56.405 56.35 56.447 56.376 56.394 56.435 56.549 56.713 56.732 56.839 56.599 57.619 55.091 53.982 53.938 54.002 54.12 54.112 54.194 54.23 54.248 54.214 54.21 54.154 54.254 54.451 54.52 54.601 54.724 55.357 55.822 55.065 55.239 55.339 55.183 62.236 63.988 65.698 64.644 63.935 62.781 57.586 57.373 57.67 58.082 58.168 55.051 54.399 54.18 54.537 54.219 54.055 54.039 54.03 54.038 54.087 54.102 54.171 54.836 54.433 54.496 55.552
56.548 56.469 56.445 56.467 58.02 57.806 57.046 56.391 56.358 57.42 56.377 56.416 56.42 56.442 56.432 56.421 56.551 56.649 56.698 56.714 56.768 56.487 55.904 54.49 54.094 54.112 54.116 54.191 54.282 54.347 54.371 54.372 54.342 54.359 54.346 54.495 54.545 54.769 55.043 55.2 55.051 55.072 55.323 57.343 62.805 63.862 64.705 64.66 65.187 64.089 63.052 55.647 56.181 56.153 54.723 56.349 56.928 54.809 54.468 54.153 55.902 54.319 54.021 54.141 54.227 54.806 56.137 56.664 54.617 54.452 54.502 54.675
56.55 56.573 56.489 56.516 58.243 58.251 57.305 58.065 56.532 58.919 56.783 59.264 58.85 59.512 59.307 57.237 56.599 56.694 56.681 56.696 56.806 56.66 56.203 55.414 54.277 54.141 54.226 54.292 54.379 54.431 54.411 54.546 54.48 54.444 54.378 54.581 54.699 54.899 54.977 54.995 55.216 55.437 57.422 63.004 63.97 64.949 64.94 64.154 63.737 62.942 58.202 56.097 55.842 54.652 53.975 54.68 56.937 57.195 54.408 54.693 54.654 54.769 55.66 56.402 55.614 54.62 55.539 56.537 55.18 58.857 55.346 54.69
56.619 56.587 56.705 56.588 56.632 58.306 59.683 59.68 59.655 59.652 59.705 60.169 59.804 59.828 59.79 57.502 56.625 56.688 56.685 56.762 56.711 56.775 56.467 55.852 54.794 54.288 54.329 54.38 54.544 54.537 54.591 54.611 54.614 54.637 54.598 54.635 54.697 54.964 55.046 55.143 55.319 55.477 62.535 63.777 64.761 64.718 63.901 63.53 63.967 56.42 57.233 56.571 54.699 57.854 57.153 53.934 54.302 61.324 60.576 54.82 54.661 55.435 54.871 54.758 55.8 54.854 54.803 61.334 62.417 63.234 61.902 55.108
56.682 59.862 60.5 61.227 60.818 61.214 60.826 60.915 61.128 60.975 62.017 61.22 60.985 59.84 59.829 58.086 56.578 56.674 56.732 56.73 56.734 56.765 56.641 56.18 54.879 54.378 54.419 54.404 54.537 54.546 54.643 54.717 54.714 54.673 54.65 54.728 54.86 55.012 55.274 55.488 59.087 62.977 64.842 64.64 64.688 63.645 59.311 61.07 56.161 55.353 55.809 57.455 55.032 54.427 57.21 56.795 54.612 58.728 62.333 55.628 54.407 54.396 54.443 58.011 54.873 55.709 54.767 60.008 62.623 64.576 62.509 63.464
56.606 59.967 61.248 61.295 61.269 61.308 61.266 61.231 61.298 61.254 61.461 61.231 60.509 59.803 59.831 57.553 56.611 56.637 56.639 56.705 56.677 56.665 56.627 56.358 55.988 54.552 54.49 54.549 54.608 54.634 54.812 54.705 54.8 54.754 54.779 54.795 54.981 55.1 55.416 55.627 62.481 64.044 65.169 64.685 64.159 63.738 58.873 55.686 55.301 55.349 55.086 55.145 54.403 54.366 55.001 58.584 56.318 54.388 60.205 57.591 54.459 54.473 59.75 61.665 56.339 55.867 55.399 59.74 62.6 63.343 62.973 63.331
56.777 61.274 61.292 61.358 61.284 61.347 61.28 61.338 61.321 61.284 61.28 61.333 61.058 59.802 59.843 57.509 56.621 56.575 56.677 56.632 56.701 56.66 57.773 56.551 56.039 54.714 54.531 54.627 54.705 54.759 54.794 54.88 54.861 54.837 54.893 54.821 54.974 55.058 55.22 59.636 63.544 64.774 64.761 64.022 63.783 61.148 58.997 56.048 55.482 55.321 54.735 54.671 54.626 54.622 54.312 55.576 55.522 54.036 57.884 57.167 54.43 54.029 61.555 62.441 60.828 55.794 60.625 63.522 63.515 63.682 64.06 64.03
56.816 61.016 61.311 61.356 61.391 61.364 61.322 61.354 61.355 61.356 61.341 61.359 61.109 59.857 59.831 57.582 56.624 56.583 56.634 56.545 56.611 56.597 56.587 56.414 55.86 54.782 54.652 54.66 54.621 54.823 54.877 54.928 54.935 54.945 54.94 54.936 55.033 55.08 55.182 55.324 60.94 64.488 63.776 64.021 61.556 59.206 56.967 55.739 55.226 55.984 54.989 54.589 54.615 55.259 54.631 54.249 54.24 54.275 54.228 54.276 54.482 53.979 59.348 63.824 62.191 57.459 56.348 62.769 64.242 64.115 63.902 63.142
56.819 61.248 61.393 61.313 61.359 61.281 61.331 61.326 61.361 61.321 61.311 61.342 60.272 59.813 59.784 57.537 56.545 56.54 56.543 56.583 56.552 57.436 56.581 56.126 55.245 54.908 54.802 54.638 54.766 54.808 54.887 54.975 55.035 55.031 55.039 54.997 54.995 55.062 55.236 55.227 55.342 59.489 62.627 62.199 55.865 55.549 55.977 55.557 55.559 54.865 56.008 54.714 54.553 54.642 54.613 54.301 54.322 54.332 54.58 54.24 54.501 59.962 64.05 64.703 63.489 57.591 55.154 61.486 64.106 63.278 62.699 62.159
56.838 61.206 61.338 61.299 61.314 61.296 61.296 61.285 61.322 61.302 61.336 61.32 60.589 59.775 59.779 57.491 56.449 56.484 56.57 57.835 56.474 56.369 56.054 55.76 55.097 55.099 54.91 54.805 54.859 54.984 55.01 55.06 55.064 55.123 55.032 55.028 54.939 55.115 55.373 55.251 55.302 56.636 57.118 56.269 55.607 55.195 56.255 56.414 54.94 55.167 56.744 56.624 54.764 54.478 55.591 54.673 54.339 54.375 54.372 54.375 54.488 60.429 63.756 64.523 63.829 62.201 55.665 58.676 63.466 63.691 58.474 55.113
56.9 61.263 61.252 61.264 61.288 61.239 61.3 61.123 61.298 61.241 61.252 61.266 60.314 59.751 59.789 59.451 59.47 59.432 59.17 57.715 56.485 56.307 55.693 55.136 55.199 55.292 55.007 54.753 54.891 54.92 54.974 55.1 55.144 55.201 55.183 55.147 54.924 55.105 55.267 55.37 55.302 55.287 56.57 55.505 55.113 55.076 55.364 55.066 55.32 54.988 55.121 56.439 55.837 55.634 55.512 55.344 54.465 54.454 54.458 54.749 54.572 54.769 62.375 64.421 64.579 63.046 56.775 55.319 58.868 56.68 55.458 55.028
56.799 58.038 57.898 57.879 57.935 57.877 60.299 60.729 58.053 60.981 60.251 58.755 60.125 59.706 59.767 59.698 59.783 59.803 59.73 58.679 56.404 56.131 55.565 55.236 55.363 55.371 55.211 54.945 54.935 54.925 55.058 55.08 55.182 55.303 55.214 55.159 55.089 55.12 55.246 55.444 55.423 55.358 55.265 56.515 56.456 54.999 55.016 54.953 56.134 55.662 54.777 55.976 55.231 54.901 54.884 54.599 55.548 54.514 54.449 55.244 54.624 54.732 61.555 63.679 64.641 59.33 56.662 56.226 55.149 54.974 55.043 55.084
56.873 56.81 56.765 56.722 56.661 56.7 56.632 56.709 56.65 56.668 56.616 56.589 59.096 59.741 59.687 59.637 59.685 59.652 59.73 57.402 56.316 55.886 55.484 55.331 55.413 55.449 55.368 55.1 54.887 55.002 55.06 55.18 55.262 55.258 55.306 55.236 55.201 55.153 55.241 55.521 55.635 55.548 55.413 55.421 56.274 56.881 55.081 55.078 54.904 54.988 55.189 54.712 54.805 54.775 57.532 54.877 55.471 56.097 54.49 54.499 55.008 54.858 55.058 59.144 56.68 55.5 56.284 56.924 55.523 55.126 55.124 55.511
56.891 56.846 56.834 56.751 56.696 56.66 56.637 56.654 56.623 56.671 56.597 56.641 57.94 59.718 59.574 59.621 59.643 59.683 59.638 57.11 56.226 55.76 55.46 55.47 55.485 55.5 55.423 55.149 54.969 55.078 55.089 55.231 55.292 55.345 55.365 55.379 55.282 55.206 55.226 55.536 55.74 55.651 55.596 55.433 55.31 55.808 56.535 55.346 54.884 54.92 55.044 55.603 55.034 55.213 56.712 55.597 54.963 55.932 56.311 55.913 54.925 55.074 55.221 55.525 55.29 55.226 55.203 56.794 55.631 55.53 58.797 63.16
56.902 56.84 56.822 56.758 56.743 56.687 56.686 56.615 56.547 56.566 56.594 56.528 56.503 56.814 56.451 56.369 56.336 56.344 56.273 56.249 56.05 55.658 55.593 55.571 55.628 55.487 55.474 55.235 55.062 55.076 55.21 55.263 55.276 55.366 55.454 55.417 55.335 55.304 55.198 55.428 55.72 55.777 55.652 55.595 55.5 55.3 55.252 56.672 56.724 56.457 56.305 55.372 55.908 55.016 56.134 55.618 59.629 63.18 64.516 61.588 59.216 55.476 55.598 55.411 56.176 55.228 55.177 55.22 55.265 64.545 64.174 66.037
56.749 56.732 56.632 56.69 56.538 56.626 56.595 56.481 56.544 56.488 56.471 56.399 56.337 56.315 56.193 56.171 56.158 56.117 56.039 55.992 55.857 55.543 55.529 55.694 55.997 55.655 55.501 55.248 55.173 55.14 55.222 55.258 55.294 55.382 55.444 55.503 55.487 55.414 55.373 55.409 55.484 55.701 55.61 55.581 55.539 55.479 55.302 55.302 55.639 56.742 56.964 55.855 57.074 56.666 57.157 62.865 63.909 65.285 63.522 63.883 61.871 56.193 55.534 55.386 55.57 55.169 55.108 55.137 56.974 62.408 65.302 66.398
56.528 56.58 56.498 56.513 56.33 56.444 56.324 56.317 56.196 56.207 56.157 56.103 56.05 56.012 55.964 55.836 55.856 55.823 55.78 55.704 55.589 55.569 55.543 55.944 55.533 55.495 55.52 55.209 55.18 55.187 55.3 55.294 55.375 55.39 55.521 55.534 55.417 55.528 55.429 55.381 55.369 55.493 55.434 55.475 55.505 55.45 55.411 55.34 55.377 55.307 55.322 55.298 55.639 55.277 55.408 63.136 58.988 62.917 61.862 64.202 60.28 55.781 55.141 55.109 55.065 55.012 55.012 55.004 55.603 63.481 66.219 65.497
56.592 56.561 56.496 56.439 56.414 56.331 56.274 56.265 56.197 56.141 56.015 55.947 55.965 55.851 55.884 55.818 55.777 55.703 55.642 55.614 55.478 55.488 55.389 55.447 55.361 55.341 55.298 55.259 55.266 55.294 55.311 55.321 55.435 55.422 55.508 55.525 55.509 55.516 55.538 55.484 55.447 55.441 55.331 55.388 55.344 55.376 55.346 55.343 55.274 55.232 55.271 55.286 55.253 55.177 55.245 56.469 57.379 55.252 56.904 60.101 57.682 55.128 55.151 55.02 55.063 55.071 55.064 55.04 55.015 56.439 57.461 57.53
56.542 56.58 56.48 56.45 56.395 56.404 56.293 56.252 56.189 56.147 56.042 56.039 55.957 55.936 55.91 55.821 55.774 55.75 55.688 55.72 55.627 55.606 55.575 55.452 55.472 55.462 55.344 55.339 55.319 55.303 55.336 55.326 55.488 55.512 55.572 55.511 55.602 55.553 55.555 55.475 55.438 55.49 55.43 55.41 55.419 55.414 55.396 55.343 55.317 55.368 55.359 55.297 55.298 55.286 55.29 55.223 55.216 55.2 55.217 55.201 55.214 55.204 55.192 55.154 55.136 55.09 55.111 55.078 55.137 55.098 55.11 55.131
