dsm/se3134_DSM_2M.asc
ncols 500
nrows 500
xllcorner    431000
yllcorner    434000
cellsize     2
NODATA_value -9999
[rows 0 to 31 of 500, columns 142 to 212 of 500]
43.534 43.509 43.486 39.379 37.399 37.419 37.354 37.401 37.286 37.309 37.496 37.814 37.721 37.506 37.589 37.296 37.271 37.226 37.194 37.214 37.246 37.294 42.204 43.771 44.251 44.541 44.819 45.101 45.389 45.674 45.961 46.254 46.546 46.829 46.819 46.331 45.954 45.394 44.926 44.454 44.001 38.394 37.404 37.499 37.521 37.556 37.664 37.576 37.594 37.644 37.659 37.656 37.669 37.791 37.886 38.059 37.921 37.989 38.071 38.074 37.986 38.116 42.689 44.179 43.696 43.046 42.396 40.261 37.946 37.976 37.961
42.129 43.469 43.451 43.441 37.389 37.419 37.396 37.351 37.321 37.336 37.396 37.759 37.516 37.624 37.629 37.491 37.216 37.181 37.176 37.206 37.274 37.299 37.401 38.789 43.299 44.089 44.379 44.661 44.954 45.234 45.531 45.806 46.104 46.384 46.514 46.044 45.574 45.101 44.624 44.164 43.506 37.344 37.469 37.501 37.536 37.619 37.599 37.541 37.614 37.644 37.639 37.624 37.746 37.801 37.964 37.916 37.936 37.974 38.039 37.989 37.979 41.444 43.171 43.864 44.386 43.969 43.324 42.684 42.051 38.021 37.959
40.566 43.436 43.411 43.406 40.031 37.409 37.411 37.389 37.366 37.374 37.449 37.561 37.469 37.259 37.211 37.391 37.216 37.139 37.176 37.209 37.264 37.331 38.051 37.416 37.424 41.131 43.931 44.221 44.511 44.801 45.081 45.366 45.659 45.934 46.179 45.744 45.271 44.804 44.331 43.881 38.024 37.431 37.481 37.491 37.579 37.596 37.504 37.564 37.619 37.614 37.601 37.689 37.749 37.879 37.894 37.914 37.971 38.011 37.906 37.906 37.966 40.026 42.396 43.064 43.736 44.371 44.231 43.614 42.996 42.341 39.264
37.541 41.766 43.441 43.469 43.209 37.396 37.416 37.409 37.404 37.399 37.469 37.286 37.374 37.196 37.174 37.119 37.116 37.134 37.169 37.216 37.279 37.359 38.891 37.356 38.191 37.291 38.261 43.559 44.066 44.341 44.636 44.926 45.206 45.484 45.771 45.464 44.969 44.496 44.031 39.859 37.341 37.416 37.421 37.466 37.574 37.499 37.526 37.571 37.581 37.581 37.581 37.716 37.784 37.926 37.884 37.941 37.986 37.954 37.936 38.021 38.116 42.104 42.799 43.491 44.169 44.314 43.909 44.384 43.811 42.379 38.006
37.406 40.954 43.504 39.936 37.639 37.376 37.421 37.431 37.736 37.309 37.294 37.271 37.204 37.176 37.166 37.076 37.081 37.109 37.171 37.231 37.304 37.711 37.296 37.269 37.241 37.264 37.301 37.331 40.824 43.891 44.186 44.474 44.764 45.036 45.321 45.151 44.684 44.201 43.549 37.331 37.396 37.366 37.386 37.511 37.524 37.459 37.531 37.549 37.544 37.544 37.659 37.716 37.894 37.819 37.886 37.966 37.911 37.951 37.966 38.086 41.631 42.576 43.261 43.949 44.471 43.889 43.194 43.616 42.909 38.864 38.014
37.396 37.399 37.381 37.369 37.379 37.424 37.446 37.804 37.281 37.279 37.281 37.264 37.199 37.156 37.116 37.051 37.061 37.119 37.176 37.241 37.296 37.264 37.234 37.231 37.234 37.259 37.274 37.281 37.311 38.314 43.691 44.014 44.306 44.591 44.871 44.861 44.389 43.921 37.819 37.369 37.376 37.349 37.421 37.501 37.406 37.456 37.521 37.524 37.521 37.591 37.656 37.676 37.766 37.831 37.824 37.806 37.944 37.989 40.139 42.164 42.371 43.046 43.756 44.394 44.094 43.434 42.741 42.664 40.939 38.199 38.026
37.384 37.401 37.411 37.419 37.409 37.579 38.151 37.271 37.246 37.246 37.266 37.281 37.226 37.166 37.121 37.079 37.089 37.121 37.184 37.251 37.229 37.184 37.191 37.191 37.209 37.231 37.241 37.249 37.269 37.276 37.354 41.234 43.849 44.139 44.411 44.571 44.084 40.539 37.306 37.329 37.309 37.371 37.481 37.406 37.416 37.479 37.509 37.496 37.504 37.631 37.681 37.779 37.721 37.821 37.844 37.896 37.934 38.114 42.934 43.224 42.839 42.406 44.199 44.284 43.656 42.966 42.294 40.161 39.099 38.161 38.064
37.386 37.416 37.426 37.401 37.429 37.366 37.491 37.501 37.224 37.236 37.296 37.279 37.239 37.174 37.134 37.111 37.099 37.136 37.204 37.231 37.151 37.126 37.154 37.161 37.179 37.194 37.201 37.221 37.244 37.271 37.286 37.311 37.814 42.711 43.964 44.216 43.641 37.319 37.321 37.296 37.286 37.429 37.431 37.369 37.439 37.489 37.484 37.469 37.609 37.654 37.811 37.701 37.721 37.794 37.816 37.934 37.956 42.316 43.984 44.279 43.581 44.004 44.479 43.856 43.171 42.494 41.416 38.734 39.231 38.096 38.044
37.456 37.471 37.374 39.404 41.849 37.531 37.329 37.309 37.969 37.319 37.341 37.276 37.201 37.164 37.139 37.134 37.131 37.159 37.229 37.171 37.094 37.129 37.169 37.201 37.136 37.149 37.171 37.199 37.221 37.234 37.246 37.266 37.359 37.459 39.574 43.796 38.591 37.299 37.289 37.259 37.339 37.429 37.321 37.394 37.446 37.466 37.456 37.524 37.621 37.704 37.711 37.719 37.726 37.789 37.899 37.966 39.799 42.576 43.301 44.041 44.504 44.434 44.066 43.419 42.726 42.054 38.221 38.626 41.024 38.776 38.814
37.511 37.421 38.176 43.901 44.194 43.559 37.854 37.516 37.331 37.379 37.364 37.291 37.449 37.191 37.141 37.139 37.151 37.191 37.199 37.121 37.109 37.164 38.179 38.731 37.294 37.116 37.159 37.186 37.179 37.189 37.206 37.226 37.366 37.414 37.484 37.491 37.266 37.309 37.301 37.281 37.411 37.341 37.344 37.414 37.451 37.441 37.436 37.599 37.624 37.676 37.651 37.684 37.696 37.916 37.991 37.951 37.916 38.289 42.244 42.951 43.704 44.409 44.199 43.481 42.731 41.821 38.156 38.091 38.299 38.184 38.084
37.451 37.349 43.416 44.184 44.624 44.401 44.054 43.026 38.199 37.416 37.384 37.306 37.409 37.291 37.161 37.146 37.189 37.209 37.169 37.106 37.139 38.066 37.641 37.724 37.211 37.144 37.166 37.166 37.146 37.144 37.171 37.216 37.294 37.396 37.486 37.354 37.296 37.311 37.314 37.401 37.394 37.309 37.381 37.444 37.426 37.401 37.546 37.621 37.766 37.816 37.676 37.791 37.846 37.954 37.974 37.991 37.984 38.004 37.979 41.241 42.651 43.366 44.116 44.466 43.561 42.031 38.169 39.056 38.291 38.441 38.151
37.391 41.221 44.036 44.484 44.916 44.961 44.609 44.254 43.891 41.866 37.391 37.326 37.244 37.216 37.186 37.186 37.196 37.196 37.149 37.156 37.506 37.509 39.431 43.671 38.164 37.171 37.181 37.261 37.149 37.141 37.179 37.201 37.271 37.441 37.416 37.384 37.346 37.326 37.384 37.421 37.301 37.351 37.416 37.416 37.386 37.444 37.591 37.881 38.716 38.641 38.339 38.021 37.929 37.979 38.014 38.021 38.031 38.194 38.044 38.004 39.356 42.331 43.049 43.774 42.554 38.326 38.146 38.111 39.356 38.131 38.399
37.511 43.864 44.324 44.759 45.211 45.501 45.171 44.819 44.459 44.106 42.944 37.299 37.249 37.211 37.189 37.179 37.159 37.204 37.191 37.201 37.199 37.206 43.719 44.119 43.831 42.714 37.209 37.919 37.169 37.544 37.226 37.271 37.324 37.284 37.296 37.351 37.344 37.394 37.429 37.344 37.336 37.389 37.419 37.386 37.369 37.529 37.631 38.489 38.231 38.306 38.584 38.826 38.699 38.594 38.471 38.196 38.059 38.054 38.091 38.436 38.171 38.014 41.521 42.686 39.164 38.141 38.131 38.096 38.089 38.194 38.331
42.309 44.154 44.599 45.056 45.506 45.804 45.394 44.944 44.486 44.034 40.819 37.251 37.196 37.174 37.141 37.134 37.146 37.186 37.234 37.241 37.241 41.211 44.014 44.471 44.289 43.994 43.716 39.596 37.901 37.276 37.321 37.341 37.339 37.341 37.301 37.246 37.374 37.431 37.391 37.311 37.371 37.409 37.391 37.361 37.491 37.556 38.194 38.309 37.959 38.001 38.059 38.116 38.321 38.519 38.809 38.899 38.834 38.614 38.196 38.081 38.064 38.074 38.024 39.376 38.166 38.089 38.081 38.089 38.436 38.121 38.159
43.979 44.439 44.881 45.326 45.769 45.554 45.104 44.664 44.211 43.766 37.274 37.791 37.361 37.121 37.089 37.104 37.136 37.164 37.219 37.276 38.644 43.846 44.309 44.779 44.729 44.441 44.159 43.871 43.604 37.896 37.336 37.356 37.304 37.276 37.294 37.314 37.336 37.411 37.301 37.354 37.399 37.384 37.364 37.429 37.534 37.776 38.461 38.024 37.799 37.861 37.926 37.971 38.076 38.301 38.236 38.334 38.619 38.856 38.986 38.876 38.549 38.231 38.074 38.051 38.029 38.031 38.106 38.091 38.104 38.154 38.209
44.274 44.856 45.149 45.614 45.711 45.266 44.821 44.381 43.939 37.299 37.249 37.174 37.099 37.069 37.051 37.076 37.239 37.619 37.404 37.289 42.624 44.129 44.601 45.076 45.186 44.896 44.606 44.336 44.039 43.741 40.449 37.289 37.231 37.274 37.299 37.366 37.414 37.301 37.314 37.364 37.381 37.361 37.371 37.499 37.616 38.356 38.194 37.829 37.804 37.926 38.009 38.051 38.054 38.069 38.111 38.201 38.336 38.331 38.424 38.619 38.784 38.971 39.001 38.824 38.221 38.446 38.154 38.154 38.256 38.161 38.176
44.554 45.004 45.451 45.804 45.429 44.976 44.531 44.086 40.846 37.349 37.376 37.131 37.066 37.026 37.006 37.254 37.084 37.124 37.176 41.721 43.986 44.364 44.644 44.931 45.211 45.331 45.059 44.764 44.484 44.181 43.761 37.819 37.199 37.264 37.316 37.424 37.336 37.291 37.339 37.374 37.356 37.349 37.464 37.549 38.149 38.369 37.949 37.776 37.844 37.951 38.006 38.049 38.066 38.096 38.154 38.201 38.266 38.286 38.296 38.334 38.369 38.479 38.686 39.021 39.096 39.146 38.959 38.704 38.624 38.459 38.296
44.836 45.291 45.734 45.594 45.144 44.701 44.254 43.794 37.279 37.376 37.159 37.081 37.034 36.974 36.974 37.011 37.281 37.244 37.221 38.644 43.629 43.914 44.196 44.481 44.761 45.056 45.311 44.894 44.424 43.944 41.826 37.184 37.199 37.264 37.399 37.379 37.271 37.331 37.366 37.351 37.326 37.426 37.491 37.871 38.464 38.039 37.774 37.829 37.886 37.964 38.041 38.064 38.084 38.144 38.214 38.251 38.286 38.284 38.286 38.286 38.316 38.361 38.396 38.551 38.501 38.611 38.891 39.171 39.339 39.329 39.046
45.116 45.566 45.906 45.336 44.859 44.399 43.964 39.001 37.901 37.414 37.116 37.051 37.026 37.004 36.984 37.011 37.041 37.179 37.724 37.119 37.159 40.229 43.754 44.029 44.309 44.599 44.884 44.591 44.116 43.656 37.176 37.184 37.196 37.311 37.391 37.264 37.311 37.356 37.366 37.331 37.369 37.456 37.641 38.414 38.394 37.789 37.809 37.839 37.926 37.964 38.034 38.066 38.121 38.204 38.234 38.269 38.296 38.326 38.319 38.361 38.366 38.351 38.364 38.411 38.411 38.479 38.571 38.691 38.846 39.151 39.284
45.409 45.799 45.484 45.024 44.561 44.119 42.104 37.604 37.476 37.224 37.079 37.049 37.026 37.256 37.019 37.014 37.036 37.051 37.054 37.264 37.246 37.769 37.646 42.839 43.869 44.146 44.426 44.289 43.821 37.939 37.194 37.201 37.271 37.406 37.314 37.286 37.346 37.374 37.336 37.296 37.446 37.494 38.129 38.499 37.944 37.674 37.806 37.891 37.924 37.971 38.039 38.101 38.141 38.239 38.266 38.306 38.311 38.351 38.371 38.414 38.409 38.436 38.436 38.426 38.439 38.504 38.594 38.641 38.686 38.761 38.791
45.684 45.646 45.184 44.729 44.286 43.839 37.539 37.494 37.199 37.106 37.056 37.036 37.576 37.059 37.064 37.059 37.054 37.019 36.999 37.036 37.409 37.226 37.201 37.159 38.569 42.574 43.961 43.994 43.246 37.226 37.219 37.239 37.396 37.361 37.276 37.321 37.366 37.339 37.296 37.436 37.451 37.734 38.466 38.366 37.756 37.734 37.864 37.881 37.901 37.951 38.039 38.111 38.164 38.209 38.256 38.316 38.336 38.389 38.384 38.454 38.459 38.469 38.479 38.491 38.484 38.561 38.649 38.736 38.786 38.836 38.841
45.739 45.364 44.904 44.451 44.006 39.181 37.674 37.211 37.131 37.074 37.044 37.064 37.359 37.164 37.269 37.321 37.044 36.986 36.956 37.024 37.061 37.069 37.246 37.116 37.141 37.189 42.659 43.701 37.206 37.224 37.211 37.356 37.386 37.276 37.324 37.366 37.359 37.301 37.381 37.454 37.616 38.304 38.504 38.039 37.711 37.769 37.849 37.866 37.901 37.969 38.031 38.081 38.136 38.196 38.234 38.299 38.319 38.394 38.389 38.476 38.486 38.474 38.509 38.519 38.554 38.616 38.719 38.794 38.824 38.879 38.879
45.201 45.064 44.626 44.171 43.714 37.299 37.219 37.139 37.089 37.049 37.014 40.294 41.276 37.274 37.154 37.694 37.161 36.981 36.994 37.014 37.024 37.011 37.049 37.086 37.114 37.144 37.266 37.859 37.224 37.226 37.289 37.399 37.284 37.301 37.346 37.361 37.329 37.306 37.441 37.494 38.149 38.461 38.036 37.881 37.719 37.794 37.829 37.886 37.926 37.984 38.056 38.071 38.126 38.201 38.276 38.316 38.354 38.401 38.441 38.476 38.479 38.509 38.541 38.571 38.629 38.684 38.726 38.796 38.869 38.914 38.944
44.646 44.794 44.344 43.894 37.851 37.869 37.184 37.119 37.071 37.029 37.071 43.589 43.756 42.816 37.434 37.261 37.181 37.501 37.009 37.009 37.004 36.956 37.026 37.071 37.109 37.239 37.246 37.256 37.251 37.256 37.381 37.326 37.264 37.336 37.364 37.351 37.311 37.424 37.464 37.906 38.524 38.241 37.739 37.751 37.744 37.791 37.854 37.936 37.981 38.039 38.059 38.096 38.161 38.224 38.284 38.314 38.364 38.396 38.471 38.516 38.504 38.524 38.561 38.631 38.686 38.741 38.804 38.866 38.901 38.946 38.999
44.069 44.419 44.056 41.371 37.411 37.299 37.184 37.096 37.051 37.061 43.284 43.876 44.214 43.926 43.664 40.496 37.039 37.369 37.116 37.006 36.996 36.994 37.031 37.701 37.164 37.219 37.226 37.234 37.269 37.356 37.366 37.239 37.304 37.349 37.351 37.321 37.386 37.464 37.641 38.396 38.424 37.881 37.784 37.719 37.769 37.836 37.899 37.941 37.999 38.036 38.104 38.156 38.204 38.254 38.301 38.349 38.376 38.394 38.481 38.529 38.554 38.561 38.594 38.676 38.721 38.779 38.831 38.919 38.954 39.001 39.031
38.634 42.179 43.769 37.436 37.419 37.351 37.174 37.079 37.039 38.324 43.719 44.169 44.609 44.384 44.104 43.819 43.539 39.544 37.064 37.014 37.466 37.029 37.441 37.144 37.181 37.196 37.194 37.234 37.336 37.384 37.226 37.276 37.349 37.346 37.304 37.334 37.441 37.576 38.356 38.504 38.026 37.699 37.876 37.766 37.824 37.876 37.926 37.974 38.056 38.089 38.141 38.181 38.249 38.314 38.374 38.401 38.439 38.451 38.489 38.529 38.589 38.629 38.666 38.701 38.771 38.839 38.896 38.964 39.014 39.074 39.139
37.454 37.391 38.251 37.539 37.661 37.266 37.146 37.069 37.196 43.544 43.989 44.461 44.931 44.819 44.544 44.254 43.986 43.696 43.051 37.021 37.306 37.161 37.159 37.104 37.171 37.211 37.184 37.241 37.394 37.301 37.266 37.324 37.354 37.314 37.271 37.401 37.419 38.279 38.549 38.351 37.924 37.721 37.784 37.751 37.846 37.906 37.974 38.026 38.089 38.171 38.206 38.264 38.274 38.356 38.424 38.476 38.491 38.526 38.551 38.589 38.636 38.694 38.736 38.814 38.856 38.911 39.011 39.056 39.109 39.151 39.196
37.424 37.441 37.436 37.439 37.351 37.239 37.144 37.074 42.201 43.829 44.284 44.651 44.959 45.189 44.989 44.711 44.421 44.144 43.844 43.564 41.224 37.171 37.166 37.176 37.144 37.164 37.229 37.374 37.359 37.254 37.311 37.354 37.319 37.274 37.386 37.414 37.784 38.476 38.576 38.464 39.056 38.214 38.224 38.764 37.881 37.881 37.946 38.019 38.116 38.189 38.236 38.301 38.324 38.396 38.476 38.521 38.549 38.574 38.619 38.624 38.681 38.741 38.794 38.859 38.909 38.999 39.094 39.141 39.206 39.229 39.249
37.336 37.366 37.429 37.436 37.366 37.754 37.331 37.691 41.424 43.654 43.934 44.234 44.506 44.789 45.069 45.146 44.874 44.584 44.309 44.026 43.726 42.444 37.146 37.101 37.149 37.229 37.364 37.386 37.234 37.296 37.339 37.334 37.289 37.319 37.399 37.494 38.116 38.459 38.474 38.496 38.524 38.579 38.516 38.466 38.524 38.416 38.341 38.134 38.096 38.184 38.219 38.321 38.361 38.411 38.474 38.519 38.554 38.604 38.631 38.691 38.729 38.784 38.841 38.929 38.971 39.104 39.154 39.209 39.261 39.296 39.314
37.289 37.314 37.324 37.354 37.414 37.706 37.266 37.286 37.149 38.424 43.491 43.784 44.066 44.344 44.639 44.921 45.194 45.046 44.761 44.461 44.174 43.881 43.536 37.084 37.111 37.231 37.394 37.271 37.274 37.324 37.354 37.316 37.276 37.386 37.446 37.681 37.991 38.064 38.274 38.159 38.124 38.306 38.564 38.706 38.816 38.866 38.876 38.906 38.724 38.559 38.404 38.374 38.356 38.436 38.506 38.526 38.571 38.619 38.666 38.759 38.819 38.854 38.921 39.004 39.054 39.151 39.224 39.284 39.306 39.344 39.406
37.254 37.266 37.284 37.279 37.301 37.359 37.381 37.841 37.321 37.191 37.089 40.206 43.611 43.911 44.199 44.474 44.761 45.044 45.109 44.646 44.204 43.689 38.461 37.066 37.116 37.346 37.334 37.251 37.324 37.359 37.336 37.314 37.316 37.406 37.514 37.539 37.536 37.564 37.671 37.746 37.756 37.791 39.171 38.229 38.504 38.716 38.906 39.041 39.139 39.191 39.171 39.024 38.894 38.721 38.594 38.574 38.576 38.676 38.731 38.819 38.869 38.894 38.951 39.054 39.136 39.201 39.269 39.324 39.344 39.369 39.431
37.181 37.221 37.244 37.249 37.254 37.269 37.326 37.499 37.424 37.336 37.259 37.169 37.751 43.226 43.739 44.029 44.304 44.599 44.796 44.341 43.869 42.811 37.076 37.066 37.211 37.366 37.216 37.304 37.364 37.359 37.324 37.314 37.379 37.441 37.501 37.496 37.636 37.856 37.804 37.654 37.699 37.786 37.884 37.969 38.094 38.214 38.479 38.736 38.934 39.219 39.296 39.371 39.434 39.466 39.421 39.326 39.076 38.881 38.744 38.844 38.909 38.936 38.984 39.089 39.179 39.261 39.289 39.329 39.354 39.399 39.469
