dsm/se3139_DSM_2M.asc
ncols 500
nrows 500
xllcorner    431000
yllcorner    439000
cellsize     2
NODATA_value -9999
[rows 248 to 278 of 500, columns 345 to 413 of 500]
146.13 145.953 145.895 145.37 145.22 145.098 145.13 146.123 146.73 148.073 148.49 148.79 149.118 149.398 149.593 149.945 150.165 150.398 150.53 150.558 150.385 150.165 149.815 149.59 149.268 148.868 148.323 147.548 146.355 145.343 144.533 144.218 144.483 144.315 144.255 144.223 143.978 143.718 143.533 143.433 143.415 143.425 143.748 144.238 145.413 146.495 146.91 144.703 143.82 143.845 143.703 144.335 144.235 143.028 142.573 142.33 142.305 142.485 142.42 142.303 142.268 142.238 142.293 142.268 142.183 142.108 142.14 142.153 142.103
145.528 145.33 146.16 145.455 145.993 146.878 146.633 147.545 148.745 149.01 149.21 149.653 149.985 150.185 150.365 150.605 150.638 150.485 150.208 149.923 149.59 149.443 149.253 148.848 148.195 146.54 145.483 144.718 144.238 144.283 144.183 144.175 144.228 144.31 144.188 144.068 143.843 143.653 143.478 143.323 143.935 144.218 144.945 146.035 146.68 146.988 146.82 144.158 143.605 143.63 143.273 143.78 143.773 142.61 142.243 142.475 142.133 142.533 142.383 142.195 142.405 142.275 142.155 142.038 141.928 141.873 141.878 141.935 142.003
145.388 146.018 146.42 147.54 148.103 146.97 148.355 149.125 149.483 149.808 150.13 150.38 150.675 150.903 151.085 150.753 150.135 149.75 149.528 149.173 148.818 148.148 147.875 145.88 144.91 144.385 144.185 144.188 144.085 144.103 144.153 144.16 144.218 144.233 144.068 143.873 143.728 143.623 143.463 143.443 145.03 145.648 146.235 147.89 146.565 144.393 143.855 142.885 143.44 142.75 142.38 142.35 142.293 142.313 142.163 142.643 142.365 142.523 142.083 142.048 142.083 141.898 141.895 141.858 141.813 141.815 141.718 141.808 142.063
145.405 146.05 147.773 148.515 148.828 149.303 149.638 149.828 150.075 150.538 150.758 151.108 151.418 151.635 151.91 151.973 149.883 149.073 148.69 148.565 148.035 145.183 144.628 144.19 144.258 144.19 144.113 144.16 144.125 144.015 144.093 144.14 144.17 144.098 144.04 143.818 143.668 143.64 143.57 143.933 145.853 146.5 147.708 149.443 147.125 143.965 142.813 142.355 142.693 142.39 142.045 141.995 142.045 142.19 142.005 142.353 142.653 142.393 141.8 141.885 141.795 141.605 141.66 141.738 142.19 142.055 141.67 141.718 142.995
145.308 145.62 148.625 149.435 149.82 150.18 150.365 150.6 150.895 151.193 151.483 151.885 152.208 152.418 152.695 152.925 151.57 148.705 147.043 146.328 145.203 144.698 144.478 144.573 144.388 144.305 144.138 144.13 144.15 144.005 144.043 144.075 144.003 143.938 143.95 143.745 143.575 143.788 143.72 144.013 145.613 146.668 148.02 148.815 146.248 142.84 142.545 142.39 142.563 142.288 142.235 142.03 142.088 142.088 141.843 141.885 142.073 141.76 141.598 141.72 141.81 141.593 141.795 142.513 143.103 142.453 141.9 141.85 143.95
146.975 146.9 149.743 150.218 150.64 150.795 151.128 151.395 151.65 151.923 152.16 152.44 152.79 153.04 153.318 153.365 150.195 146.678 144.918 144.338 144.848 146.225 144.695 144.5 144.53 144.445 144.193 144.153 144.123 143.993 143.97 144.008 143.95 143.88 143.775 143.648 143.463 143.773 143.813 143.928 144.64 144.97 145.433 146.56 143.663 142.235 142.185 142.743 142.978 142.488 142.488 142.213 142.025 141.905 141.693 141.653 141.485 141.433 141.465 142 141.928 142.078 143.428 144.95 144.445 143.123 142.813 141.943 142.553
149.748 150.253 150.715 151.075 151.313 151.548 151.858 152.103 152.33 152.603 152.893 153.215 153.513 153.753 154.1 153.21 148.223 145.593 144.365 144.265 144.455 145.265 144.59 144.168 144.165 144.188 144.095 144.128 143.993 143.87 143.85 143.895 143.885 143.685 143.55 143.448 143.298 143.438 143.818 143.833 143.525 142.79 142.6 142.868 142.29 142.08 142.125 142.05 142.153 141.855 141.933 141.848 141.77 141.76 141.678 141.6 141.408 141.323 141.395 142.16 142.97 143.42 144.493 144.858 143.673 142.938 142.113 141.535 141.23
149.228 151.078 151.483 151.85 152.03 152.27 152.56 152.685 153.103 153.318 153.688 153.958 154.225 154.513 154.58 154.155 151.67 150.75 145.25 144.13 144.088 144.025 143.965 143.963 144.058 144.075 144.07 143.918 143.77 143.768 143.795 143.883 143.703 143.413 143.33 143.22 143.18 143.153 143.283 144.04 144.57 143.09 142.235 142.103 143.22 142.485 142.473 141.805 141.605 141.543 141.583 141.515 141.47 141.51 141.975 142.923 142.578 141.355 141.405 141.963 144.798 144.443 143.56 142.818 141.803 141.425 141.158 141.08 141.088
148.595 151.973 152.138 152.435 152.668 152.893 153.098 153.403 153.733 154.045 154.288 154.458 154.483 154.253 153.925 153.57 153.298 153.035 148.14 144.013 144.013 144.01 143.978 143.963 144.045 144.038 143.973 143.715 143.68 143.73 143.703 143.748 143.465 143.283 143.15 142.998 143.028 143 142.905 144.7 146.035 143.845 142.445 142.33 144.065 143.83 142.568 141.643 141.425 141.378 141.368 141.38 141.27 141.608 142.715 144.135 143.28 141.34 141.265 141.16 142.758 141.988 141.285 141.258 141.043 141.003 141.105 141.02 141.005
147.845 152.678 152.843 153.083 153.43 153.605 153.98 154.235 154.458 154.398 154.298 154.17 153.963 153.515 153.158 152.863 152.573 152.288 149.285 144.035 144.04 143.978 143.945 143.923 143.948 143.885 143.688 143.478 143.42 143.505 143.423 143.365 143.203 143.09 143.033 142.913 142.885 142.835 142.783 145.035 146.63 144.783 142.545 142.285 144.23 144.945 143.775 142.058 141.345 141.32 141.37 141.718 141.43 142.848 144.49 144.418 142.833 141.358 141.088 141.07 141.073 141.023 140.895 140.88 140.973 140.905 140.913 140.835 140.9
146.21 152.635 153.615 153.855 154.193 154.403 154.518 154.495 154.25 153.91 153.745 153.425 153.223 152.838 152.475 152.173 151.86 149.85 144.855 144.178 144.228 144.063 143.91 143.825 143.748 143.67 143.535 143.403 143.3 143.178 143.145 143.135 143.08 143.028 142.948 142.785 142.713 142.68 142.54 143.24 144.268 143.508 142.323 141.725 143.433 144.94 144.793 142.42 141.633 141.663 142.895 143.668 141.495 143.198 144.608 142.645 141.658 141.203 141.13 141.028 141.015 140.955 140.873 140.883 140.93 140.79 140.72 140.698 140.775
144.66 149.848 154.245 154.293 154.36 154.1 153.995 153.688 153.558 153.138 153.008 152.68 152.305 151.948 151.685 150.12 149.9 146.363 144.38 144.08 144.108 143.995 143.858 143.685 143.59 143.525 143.37 143.298 143.203 143.078 143 142.92 142.89 142.87 142.705 142.5 142.495 142.5 142.36 142.403 142.905 142.505 141.92 141.625 142.058 144.46 144.723 142.368 142.3 143.385 144.505 144.265 141.205 142.25 143.06 141.35 140.868 140.923 140.988 140.955 140.928 140.92 140.835 140.825 140.76 140.67 140.63 140.63 140.625
144.6 146.025 151.698 153.333 152.345 153.368 153.205 152.958 152.68 152.488 152.165 151.83 151.573 151.16 149.793 146.445 145.1 144.253 144.175 143.978 143.903 143.853 143.708 143.493 143.48 143.375 143.185 143.08 143.023 142.9 142.835 142.763 142.713 142.648 142.478 142.343 142.288 142.29 142.183 142.248 142.3 141.97 141.678 141.52 141.968 143.818 144.645 142.648 142.2 145.145 145.618 142.638 140.673 140.618 140.748 140.725 140.783 140.663 140.778 140.843 140.798 140.735 140.673 140.673 140.655 140.593 140.465 140.395 140.463
144.498 144.605 147.895 151.338 150.003 152.245 152.548 152.305 151.978 151.695 151.07 150.485 148.978 147.835 146.09 144.375 144.223 144.088 143.935 143.76 143.778 143.683 143.528 143.343 143.27 143.113 143.008 142.915 142.82 142.738 142.715 142.63 142.573 142.5 142.403 142.32 142.165 142.143 142.063 142.12 142.163 141.82 141.603 141.455 142.493 143.705 144.27 143.058 141.593 142.87 142.47 141.178 140.353 140.265 140.36 140.563 140.535 140.378 140.56 140.673 140.645 140.555 140.438 140.505 140.458 140.405 140.32 140.238 140.308
144.408 144.478 145.45 149.595 152.348 152.14 151.748 151.478 148.68 149.153 146.368 146.47 145.77 145.005 144.945 144.308 144.02 143.98 143.818 143.645 143.723 143.693 143.505 143.233 143.093 142.908 142.838 142.79 142.718 142.605 142.565 142.485 142.42 142.328 142.26 142.183 142.098 142.01 141.965 141.983 142 141.843 141.673 141.655 142.12 141.683 143.75 143.668 141.633 140.663 140.558 140.385 140.253 140.16 140.245 140.388 140.373 140.333 140.415 140.448 140.47 140.435 140.225 140.313 140.273 140.16 140.178 140.108 140.1
144.168 144.23 145.078 149.71 150.743 150.655 148.053 147.468 144.23 144.48 144.678 144.6 144.54 144.1 143.968 143.89 143.74 143.725 143.648 143.56 143.5 143.455 143.308 143.128 143.055 142.905 142.76 142.673 142.553 142.48 142.385 142.305 142.293 142.13 142.085 142.095 141.988 141.905 141.92 141.873 141.825 141.798 141.725 141.623 141.688 141.253 142.258 144.123 142.273 140.483 140.243 140.315 140.243 140.11 140.185 140.183 140.17 140.293 140.35 140.285 140.3 140.303 140.165 140.175 140.22 140.018 140.013 139.963 139.838
144.083 144.068 144.51 149.388 147.833 146.985 145.708 144.885 144.123 144.015 144.07 143.993 143.965 143.93 143.748 143.7 143.568 143.48 143.413 143.338 143.205 143.21 143.1 143.053 142.995 142.85 142.71 142.573 142.415 142.34 142.28 142.163 142.158 142.043 141.995 142.09 141.903 141.843 141.868 141.75 141.708 141.648 141.67 141.488 141.33 141.245 141.323 143.833 142.088 140.433 140.198 140.355 140.228 140.01 140.05 140.045 140.013 140.13 140.238 140.198 140.153 140.163 140.14 140.075 140.06 139.865 139.865 139.833 139.793
144.095 144.033 144.065 146.01 146.435 144.75 144.273 143.903 143.895 143.77 143.733 143.793 143.67 143.688 143.608 143.568 143.5 143.335 143.263 143.198 143.09 143.07 142.988 142.903 142.82 142.743 142.628 142.498 142.415 142.37 142.168 142.05 142.07 141.993 141.895 141.905 141.818 141.785 141.755 141.603 141.51 141.478 141.365 141.15 141.213 141.208 141.655 143.568 143.538 140.64 140.115 140.24 140.045 139.918 139.985 139.96 140.003 140.048 140.043 139.983 139.995 140.085 140.108 139.943 139.805 139.753 139.828 139.77 139.688
144.028 143.995 143.948 143.808 144.055 144.17 144.14 143.888 143.75 143.7 143.52 143.568 143.43 143.375 143.363 143.34 143.353 143.158 143.043 143 143.025 142.983 142.853 142.763 142.678 142.598 142.503 142.368 142.348 142.28 142.105 142.023 142.023 141.845 141.773 141.765 141.693 141.62 141.565 141.448 141.308 141.343 141.25 141.09 141.188 141.383 141.323 143.185 144.23 141.135 139.923 139.988 139.945 139.875 139.878 139.808 139.885 139.815 139.82 139.688 139.67 139.735 139.785 139.52 139.53 139.69 139.8 139.718 139.5
143.778 143.788 143.84 143.645 143.878 144.038 144 143.805 143.588 143.523 143.418 143.373 143.328 143.22 143.205 143.12 143.05 142.935 142.843 142.9 142.9 142.86 142.803 142.73 142.585 142.458 142.348 142.29 142.24 142.125 142.033 142.053 141.99 141.863 141.805 141.86 141.623 141.48 141.453 141.435 141.25 141.228 141.165 141.06 141.08 141.283 141.073 142.565 143.795 142.073 139.948 139.9 139.813 139.838 139.77 139.635 139.68 139.515 139.573 139.423 139.32 139.373 139.468 139.25 139.38 139.463 139.455 139.298 139.393
143.683 143.588 143.633 143.493 143.678 143.735 143.838 143.793 143.565 143.373 143.333 143.268 143.255 143.135 143.068 143.028 142.92 142.75 142.69 142.795 142.743 142.663 142.675 142.65 142.535 142.355 142.203 142.178 142.04 141.958 141.87 141.875 141.895 141.8 141.853 141.9 141.753 141.523 141.488 141.398 141.188 141.095 140.97 140.915 140.865 140.935 141.155 141.6 143.605 143.085 140.58 139.813 139.755 139.743 139.658 139.52 139.493 139.428 139.42 139.35 139.15 139.155 139.24 139.123 139.278 139.235 139.143 139.125 139.243
143.485 143.458 143.46 143.478 143.5 143.505 143.578 143.725 143.503 143.255 143.218 143.13 143.05 142.99 142.9 142.968 142.885 142.723 142.645 142.64 142.638 142.613 142.575 142.523 142.49 142.43 142.228 142.083 141.893 141.795 141.758 141.675 141.758 141.67 141.673 141.748 141.578 141.415 141.315 141.213 141.108 141.008 140.94 141.01 140.788 140.775 141.658 141.025 142.493 143.393 141.453 139.883 139.78 139.753 139.613 139.45 139.368 139.338 139.283 139.273 139.105 139.058 139.095 138.995 139.218 139.08 138.973 139.025 139.053
143.518 143.385 143.428 143.413 143.393 143.415 143.475 143.55 143.35 143.145 143.088 143.005 142.913 142.868 142.753 142.758 142.765 142.738 142.66 142.66 142.583 142.565 142.583 142.545 142.445 142.395 142.215 142.043 141.873 141.713 141.703 141.603 141.593 141.548 141.418 141.458 141.365 141.258 141.16 141.075 141.025 140.965 140.953 141.055 140.718 140.605 141.22 141.2 141.088 143.355 141.645 139.84 139.728 139.525 139.485 139.403 139.258 139.248 139.2 139.155 139.078 139.008 138.965 138.918 139.018 138.94 138.903 138.82 138.843
143.383 143.305 143.368 143.375 143.295 143.295 143.29 143.318 143.178 143.01 143.01 142.96 142.868 142.805 142.7 142.595 142.688 142.665 142.6 142.585 142.525 142.49 142.48 142.465 142.385 142.298 142.148 141.96 141.798 141.665 141.633 141.585 141.523 141.515 141.41 141.33 141.275 141.208 141.165 141.03 140.903 140.85 140.808 140.788 140.605 140.5 140.573 141.005 140.345 142.608 141.585 140.103 139.65 139.433 139.345 139.293 139.118 139.168 139.163 139.078 138.97 138.913 138.853 138.83 138.8 138.8 138.865 138.728 138.73
143.205 143.203 143.218 143.308 143.21 143.135 143.118 143.088 142.955 142.87 142.895 142.8 142.72 142.7 142.658 142.505 142.593 142.62 142.578 142.525 142.503 142.545 142.56 142.543 142.42 142.283 142.125 141.923 141.763 141.663 141.55 141.585 141.585 141.57 141.493 141.363 141.27 141.185 141.118 141.015 140.92 140.743 140.663 140.625 140.543 140.368 140.273 140.335 140.043 141.088 143.23 142.29 140.2 139.39 139.275 139.213 139.103 139.123 139.093 139.003 138.89 138.743 138.78 138.655 138.59 138.63 138.823 138.655 138.623
143.085 143.04 143.078 143.093 143.025 142.963 142.963 142.915 142.823 142.755 142.705 142.58 142.595 142.568 142.51 142.415 142.398 142.435 142.493 142.503 142.59 142.64 142.578 142.528 142.468 142.328 142.208 142.025 141.79 141.66 141.49 141.515 141.55 141.493 141.505 141.353 141.26 141.188 141.143 140.95 140.798 140.63 140.505 140.505 140.413 140.213 140.075 140.115 139.993 141.303 143.145 142.52 139.91 139.678 139.153 139.028 139.01 138.98 138.94 138.883 138.803 138.615 138.705 138.553 138.575 138.488 138.638 138.508 138.47
143.013 142.913 142.893 142.98 142.883 142.848 142.828 142.785 142.73 142.643 142.583 142.563 142.573 142.448 142.353 142.333 142.335 142.388 142.415 142.373 142.37 142.51 142.483 142.36 142.208 142.073 142.063 142.04 141.828 141.655 141.528 141.52 141.483 141.39 141.323 141.22 141.143 141.128 141.02 140.783 140.628 140.47 140.315 140.27 140.178 140.045 139.888 139.963 140.103 141.828 142.648 142.623 139.668 139.843 139.115 138.89 138.803 138.723 138.733 138.758 138.703 138.595 138.588 138.485 138.518 138.435 138.538 138.435 138.458
142.92 142.873 142.78 142.87 142.8 142.73 142.708 142.768 142.67 142.558 142.473 142.52 142.448 142.4 142.323 142.255 142.253 142.288 142.32 142.245 142.213 142.293 142.345 142.295 142.18 141.968 141.923 141.925 141.863 141.765 141.688 141.585 141.448 141.368 141.263 141.073 141.035 141.015 140.823 140.63 140.613 140.473 140.255 140.06 139.988 139.86 139.718 139.735 140.338 141.998 142.528 143.74 140.758 139.15 139.038 139.015 138.723 138.64 138.608 138.71 138.69 138.505 138.45 138.38 138.323 138.393 138.543 138.408 138.413
142.86 142.805 142.693 142.7 142.775 142.76 142.63 142.703 142.658 142.665 142.438 142.375 142.258 142.293 142.265 142.235 142.18 142.118 142.165 142.195 142.173 142.095 142.113 142.103 142.09 141.955 141.87 141.898 141.963 141.93 141.803 141.558 141.46 141.385 141.21 141.01 140.968 140.825 140.643 140.435 140.378 140.265 140.03 139.898 139.81 139.71 139.595 139.595 140.308 141.658 142.708 143.868 142.44 139.243 138.953 139.018 138.67 138.58 138.52 138.56 138.563 138.47 138.358 138.263 138.228 138.25 138.408 138.36 138.298
142.73 142.638 142.575 142.54 142.583 142.585 142.515 142.46 142.458 142.755 142.5 142.255 142.125 142.115 142.198 142.2 142.153 142.083 142.045 142.095 142.148 142.005 142.015 142.003 141.98 141.945 141.765 141.808 141.865 141.888 141.76 141.393 141.36 141.278 141.095 140.918 140.818 140.588 140.348 140.135 140.06 139.955 139.773 139.745 139.628 139.588 139.488 139.455 139.91 141.88 142.633 143.755 142.788 139.785 138.848 138.698 138.59 138.548 138.455 138.433 138.423 138.408 138.275 138.148 138.185 138.16 138.26 138.218 138.155
142.553 142.468 142.448 142.47 142.475 142.455 142.38 142.31 142.358 142.653 142.533 142.2 142.075 142.045 142.103 142.125 142.105 142.03 141.983 141.995 142.023 141.943 141.908 141.94 141.875 141.878 141.775 141.733 141.645 141.59 141.53 141.338 141.205 141.07 140.863 140.6 140.398 140.205 140.018 139.845 139.748 139.603 139.623 139.805 139.54 139.455 139.373 139.263 139.42 141.878 142.51 143.235 142.67 140.068 138.75 138.6 138.525 138.48 138.355 138.363 138.34 138.275 138.175 138.07 138.14 138.13 138.135 138.068 138.028
