dsm/se3133_DSM_2M.asc
ncols 500
nrows 500
xllcorner    431000
yllcorner    433000
cellsize     2
NODATA_value -9999
[rows 128 to 159 of 500, columns 360 to 431 of 500]
53.431 53.401 53.384 53.371 53.401 53.499 53.541 53.619 53.626 53.616 53.576 53.554 53.539 53.571 53.689 53.814 54.061 54.259 54.331 54.304 54.111 54.271 54.511 54.669 54.481 54.326 54.199 54.221 54.231 54.211 54.171 54.299 54.406 54.394 54.424 54.444 54.801 54.849 55.051 55.251 55.324 55.369 55.776 55.741 55.684 55.806 55.681 55.664 55.766 56.691 55.809 55.816 55.819 55.824 55.826 55.839 55.866 55.964 55.991 56.021 55.984 55.914 56.434 56.849 57.016 57.104 63.816 66.264 67.484 66.516 64.901 57.264
53.414 53.389 53.374 53.396 53.459 53.466 53.504 53.594 53.624 53.631 53.594 53.591 53.599 53.646 53.811 53.961 54.154 54.329 54.441 54.436 54.419 54.571 54.704 54.531 54.371 54.264 54.289 54.261 54.244 54.236 54.354 54.421 54.446 54.494 54.624 54.764 54.851 55.194 55.236 59.419 56.466 55.294 57.094 55.879 55.799 55.944 55.859 55.861 55.874 56.531 56.479 56.074 56.064 56.049 56.034 56.059 56.111 56.144 56.149 56.169 56.094 55.976 56.949 56.959 57.086 57.216 61.934 66.351 67.554 66.386 62.949 57.186
53.406 53.404 53.419 53.431 53.456 53.481 53.514 53.526 53.631 53.646 53.624 53.599 53.631 53.746 53.964 54.136 54.241 54.411 54.536 54.616 54.634 54.674 54.431 54.409 54.301 54.319 54.299 54.281 54.279 54.294 54.481 54.541 54.661 54.804 54.894 54.914 55.224 55.224 61.941 63.911 63.761 62.026 64.076 63.589 59.646 59.531 61.619 55.849 56.024 56.626 56.614 56.284 56.226 56.244 56.219 56.226 56.279 56.279 56.264 56.264 56.149 56.061 57.326 57.029 57.141 57.219 63.294 66.526 67.484 66.241 62.841 60.176
53.471 53.489 53.459 53.431 53.436 53.466 53.506 53.551 53.614 53.659 53.646 53.671 53.731 53.929 54.126 54.266 54.389 54.509 54.631 54.719 54.684 54.404 54.386 54.306 54.341 54.319 54.301 54.324 54.346 54.391 54.571 54.729 54.836 54.939 54.979 55.056 55.111 55.224 62.844 65.169 64.996 64.919 65.301 65.144 65.009 64.856 64.681 64.559 64.469 64.876 62.421 63.539 61.169 60.514 57.561 56.364 56.399 56.381 56.354 56.311 56.206 56.134 57.324 57.106 57.194 57.231 65.461 66.681 67.351 66.066 61.326 58.336
53.536 53.526 53.496 53.461 53.471 53.516 53.576 53.576 53.619 53.674 53.671 53.706 53.811 54.046 54.269 54.396 54.516 54.604 54.701 54.751 54.526 54.366 54.306 54.344 54.354 54.316 54.321 54.366 54.406 54.449 54.619 54.796 54.859 54.944 55.001 55.056 55.171 55.219 64.749 64.981 65.136 65.519 66.069 66.191 66.184 66.104 65.971 65.826 65.939 66.099 65.944 65.991 67.064 66.029 64.791 56.431 56.469 56.496 56.439 56.356 56.291 56.224 57.234 57.256 57.376 58.476 65.679 66.821 67.184 65.941 57.206 57.299
53.569 53.579 53.544 53.524 53.529 53.574 53.604 53.629 53.636 53.634 53.691 53.754 53.909 54.181 54.416 54.529 54.591 54.689 54.759 54.736 54.354 54.309 54.339 54.354 54.351 54.339 54.349 54.406 54.421 54.451 54.596 54.836 55.361 54.811 54.894 54.946 55.081 55.226 62.484 63.714 63.891 64.361 64.784 64.956 65.144 65.271 65.416 65.589 66.104 66.464 66.584 66.681 67.044 65.846 64.209 56.474 56.521 56.544 56.499 56.401 56.356 56.676 57.386 57.381 57.569 61.644 66.961 68.079 67.054 65.219 61.014 57.974
53.629 53.614 53.596 53.564 53.594 53.639 53.654 53.701 53.669 53.616 53.696 53.739 53.951 54.206 54.466 54.636 54.731 54.784 54.799 54.556 54.341 54.351 54.361 54.364 54.461 54.466 54.484 54.504 54.439 54.491 54.499 54.696 54.836 54.789 54.866 54.944 55.109 55.159 55.269 55.806 58.921 59.204 56.516 59.836 62.804 61.234 63.231 64.354 65.029 64.744 65.336 66.201 66.989 65.711 62.236 56.509 56.544 56.571 56.516 56.436 56.434 56.874 57.446 57.544 57.724 65.384 67.081 68.081 66.861 63.934 60.496 58.264
53.609 53.644 53.666 53.686 53.686 53.691 53.716 53.741 53.694 53.651 53.691 53.831 53.961 54.274 54.546 54.736 54.831 54.849 54.836 54.466 54.379 54.406 54.379 54.519 54.574 54.644 54.659 54.631 54.604 54.504 54.579 54.619 54.669 54.759 54.869 54.961 55.136 55.179 55.249 55.349 57.471 56.961 55.846 58.966 59.116 55.864 56.926 59.429 56.986 57.624 65.136 66.354 66.829 65.586 58.844 56.511 56.539 56.574 56.526 56.484 56.476 57.214 57.486 57.629 57.814 65.999 67.256 67.971 66.719 62.034 57.809 58.344
53.651 53.689 53.741 53.774 53.751 53.761 53.774 53.749 53.721 53.751 53.931 54.059 54.014 54.314 54.654 54.771 54.801 54.781 54.649 54.524 54.444 54.439 54.541 54.684 54.641 54.706 54.729 54.711 54.686 54.639 54.616 54.639 54.674 54.744 54.861 54.954 55.836 55.651 55.246 55.304 56.041 55.996 55.814 55.839 56.254 55.881 56.446 56.894 56.464 56.444 65.259 66.516 67.004 66.149 57.759 56.496 56.539 56.611 56.589 56.581 56.531 57.486 57.481 57.616 57.829 65.379 67.419 67.851 66.591 61.041 57.836 58.136
53.796 53.806 53.804 53.806 53.826 53.851 53.841 53.839 53.931 54.169 54.399 54.406 54.169 54.249 54.571 54.749 54.534 54.526 54.564 55.554 55.436 54.574 54.721 54.666 54.736 54.819 54.809 54.766 54.711 54.701 54.679 54.719 54.756 54.801 54.891 54.981 55.684 55.366 55.271 55.786 55.514 55.621 55.671 55.831 55.991 55.926 56.141 56.279 56.371 57.629 65.416 66.651 66.509 65.644 57.656 56.481 56.576 56.646 56.669 56.634 56.639 57.561 57.564 57.676 57.814 66.279 67.579 67.666 66.444 61.671 58.294 57.979
54.224 54.179 54.146 54.081 54.061 54.036 54.016 54.199 54.426 54.646 54.726 54.669 54.474 54.349 54.429 54.444 54.524 54.564 54.594 55.526 55.534 54.906 54.746 54.701 54.846 54.904 54.881 54.796 54.711 54.731 54.754 54.776 54.826 54.851 54.899 54.946 55.074 55.374 55.296 55.434 55.559 55.639 55.689 55.751 55.861 55.984 56.096 56.274 56.704 59.176 65.574 66.829 66.346 65.099 56.516 56.561 56.634 56.699 56.721 56.691 56.731 57.624 57.654 57.734 59.836 66.466 67.751 67.511 66.291 58.536 57.866 57.931
54.441 54.499 54.534 54.529 54.511 54.406 54.489 54.631 54.714 54.699 54.709 54.621 54.374 54.384 54.436 54.511 54.566 54.589 55.231 55.519 55.526 54.749 54.736 54.771 54.931 54.966 54.964 54.921 54.836 55.346 54.929 54.886 54.866 54.899 54.916 55.191 56.011 56.014 55.356 55.501 55.639 55.706 55.739 55.771 55.941 56.101 56.159 56.359 56.489 61.274 65.709 66.969 66.184 64.759 56.541 57.354 56.686 56.756 56.776 56.776 56.811 57.724 57.956 58.164 64.276 67.409 68.174 67.359 66.144 57.906 57.886 58.236
54.296 54.411 54.499 54.554 54.631 54.649 54.694 54.671 54.631 54.501 54.304 54.336 54.366 54.414 54.464 54.531 54.596 54.609 55.549 55.536 55.264 54.781 54.731 54.909 55.011 55.049 55.014 54.999 54.974 54.941 54.976 54.956 55.309 54.949 55.489 55.054 55.191 55.284 55.394 55.661 55.684 55.719 55.774 55.779 55.946 56.144 56.189 56.306 56.471 64.371 65.861 67.079 66.059 64.814 56.539 57.414 56.739 56.806 56.839 56.854 56.999 57.809 58.076 58.226 66.729 67.996 68.449 67.204 62.819 60.371 58.381 58.896
53.849 53.904 53.969 54.129 54.426 54.559 54.544 54.411 54.239 54.284 54.324 54.349 54.394 54.446 54.511 54.554 54.611 54.794 55.564 55.556 54.779 54.794 54.789 54.994 55.076 55.091 55.059 56.431 57.291 55.179 55.096 55.046 55.014 55.019 55.254 55.141 55.261 55.409 55.526 55.644 55.696 55.766 55.764 55.811 55.949 56.119 56.239 56.694 57.154 63.829 66.051 67.089 65.891 64.649 56.926 56.961 56.741 56.831 56.891 56.936 57.116 57.944 58.191 60.969 66.884 68.134 68.269 67.039 60.921 59.271 58.296 58.786
53.739 53.779 53.814 53.909 53.991 54.061 54.091 54.166 54.371 54.281 54.316 54.364 54.421 54.446 54.514 54.601 54.629 54.624 55.464 55.556 54.869 54.781 54.899 55.039 55.129 55.141 55.104 55.971 55.389 55.364 55.501 55.151 55.159 55.156 55.174 55.204 55.271 55.374 55.859 55.679 56.069 55.934 55.829 56.226 56.196 56.186 56.299 56.761 56.459 64.944 66.179 66.981 65.731 61.889 56.624 56.749 56.796 56.874 56.946 57.031 57.446 58.009 58.246 59.364 67.004 68.269 68.146 66.906 58.344 58.319 58.289 58.636
53.784 53.811 53.871 53.894 53.924 53.969 54.021 54.166 54.204 54.241 54.324 54.371 54.436 54.494 54.554 54.591 54.551 54.569 54.584 54.719 54.869 54.826 54.989 55.084 55.159 55.194 55.164 55.659 55.191 55.234 56.201 56.389 55.244 55.724 55.399 55.266 55.366 55.816 55.754 55.719 55.854 55.841 56.009 55.871 56.511 56.881 56.319 56.401 56.449 65.061 66.361 66.854 65.581 59.689 56.941 56.754 56.889 56.991 57.031 57.131 57.681 58.161 58.329 59.469 67.196 68.436 67.996 66.684 61.019 58.424 58.449 58.656
53.781 53.844 53.876 53.934 53.981 54.021 54.074 55.254 55.034 55.016 54.524 54.391 54.436 54.509 54.556 54.476 54.566 54.611 54.629 54.764 54.826 54.921 55.021 55.111 55.196 55.221 55.239 55.274 55.236 55.944 58.911 57.741 55.231 58.554 58.429 55.539 55.421 59.156 57.584 55.811 58.086 57.906 55.881 56.466 58.764 57.316 56.414 56.419 57.219 65.251 66.491 66.699 65.459 58.026 57.071 56.714 56.939 57.091 57.149 57.221 58.189 58.269 58.359 62.556 67.351 68.594 67.806 66.624 61.856 58.341 58.846 58.884
53.804 53.859 53.894 53.919 53.961 54.014 54.149 55.026 55.126 55.224 55.201 54.331 54.344 54.416 54.496 54.549 54.621 54.696 54.654 54.774 54.849 54.969 55.061 55.126 55.199 55.224 55.234 55.534 55.266 57.664 63.814 62.556 61.794 62.284 61.231 56.066 60.399 62.159 58.811 56.649 59.666 59.284 55.874 58.146 60.499 57.641 56.621 56.446 59.209 65.381 66.669 66.986 66.026 56.511 56.459 56.574 56.864 57.126 57.266 57.309 58.274 58.311 58.364 65.601 67.526 68.694 67.661 64.264 58.384 58.366 58.444 59.109
53.826 53.876 53.894 53.914 53.981 54.001 54.314 55.029 55.141 55.239 55.251 54.349 54.431 54.486 54.559 54.626 54.669 54.694 54.679 54.766 54.901 55.014 55.099 55.184 55.216 55.239 55.261 55.611 55.284 59.944 65.079 64.889 64.751 64.574 64.429 64.246 64.686 65.129 64.969 64.821 64.646 64.511 64.206 64.844 65.236 65.099 64.386 60.594 63.184 65.526 66.786 66.399 65.336 56.496 56.471 56.556 56.851 57.194 57.379 57.414 58.406 58.734 58.851 67.624 68.784 68.786 67.524 62.736 58.461 58.471 58.634 59.171
53.864 53.909 53.934 54.006 54.116 54.139 54.291 54.894 55.131 55.209 54.571 54.369 54.444 54.524 54.596 54.676 54.719 54.746 54.751 54.841 54.976 55.074 55.196 55.264 55.284 55.276 55.319 56.126 57.576 60.536 65.184 65.316 65.506 65.564 65.586 65.516 66.129 66.176 66.171 66.076 65.944 65.786 65.626 66.531 66.534 66.349 66.226 66.011 65.834 65.809 66.946 66.211 64.971 56.644 56.624 56.731 57.041 57.389 58.071 57.559 58.574 58.841 59.536 67.766 69.019 68.611 67.394 62.709 59.071 59.144 59.196 59.221
53.941 53.971 53.994 54.121 54.176 54.231 54.236 54.281 54.301 54.464 54.426 54.436 54.459 54.539 54.621 54.679 54.751 54.806 54.841 54.846 55.036 55.111 55.231 55.316 55.324 55.346 55.374 57.714 56.749 63.806 63.911 64.081 64.206 64.374 64.494 64.696 64.894 65.039 65.166 65.351 65.471 65.636 65.794 65.984 66.139 66.271 66.451 66.579 66.664 66.754 67.064 66.036 64.376 56.741 56.909 57.079 57.376 57.706 58.019 58.179 58.666 58.941 63.444 67.909 69.169 68.451 66.914 60.726 59.111 59.159 59.839 59.259
53.996 54.026 54.121 54.214 54.329 54.844 54.494 54.424 54.396 54.436 54.466 54.509 54.581 54.619 54.606 54.679 54.761 54.849 54.916 54.949 54.966 55.154 55.251 55.356 55.419 55.486 55.501 56.011 56.376 55.314 55.501 59.489 60.801 58.596 61.929 63.451 61.574 59.169 63.939 64.094 64.004 64.381 64.534 62.639 64.204 65.039 65.204 65.316 65.471 66.051 67.074 65.896 62.859 56.829 57.156 57.479 57.789 58.036 58.196 58.289 58.739 58.936 62.914 68.056 69.254 68.316 64.754 59.026 59.121 59.149 59.269 59.289
54.068 54.098 54.243 54.406 54.508 54.636 54.833 54.628 54.611 55.076 54.593 54.583 54.606 54.641 54.693 54.753 54.786 54.858 54.928 55.003 55.073 55.123 55.203 55.371 55.458 55.558 55.631 55.623 55.586 55.653 55.328 55.286 55.338 55.246 55.286 55.888 56.216 55.781 55.866 56.266 55.891 57.474 60.886 56.459 56.456 58.586 57.491 56.536 59.149 62.461 64.344 64.644 61.879 56.951 57.369 57.756 58.061 58.181 58.279 58.331 58.534 58.864 58.984 59.021 59.006 58.999 59.166 59.039 59.144 59.196 59.306 59.329
54.136 54.178 54.338 54.513 54.876 54.608 55.541 55.021 54.788 54.928 55.676 55.316 54.791 54.723 54.758 54.793 54.871 54.941 54.981 55.018 55.101 55.188 55.246 55.323 55.398 55.556 55.661 55.768 55.831 55.918 55.898 55.703 55.683 55.521 55.501 55.593 56.041 55.876 55.768 57.128 55.934 55.991 56.011 58.164 56.476 56.574 56.694 56.584 56.701 56.756 56.774 56.799 56.924 57.244 57.631 58.006 58.166 58.286 58.369 58.456 58.544 58.704 58.946 58.941 59.896 59.066 59.014 59.011 59.249 59.284 59.351 59.319
54.198 54.246 54.348 54.493 54.563 54.616 54.673 54.746 54.808 55.533 56.166 55.006 55.298 54.923 54.933 54.868 54.911 54.961 55.043 55.086 55.153 55.211 55.296 55.368 55.448 55.518 55.598 55.701 55.863 55.948 56.043 56.146 56.641 56.208 56.178 56.153 56.248 56.296 56.268 56.278 56.301 56.379 56.324 56.756 56.851 56.854 56.914 56.981 57.146 57.246 57.279 57.361 57.486 57.724 57.986 58.176 58.249 58.334 58.449 58.524 58.611 58.704 58.756 58.861 58.901 59.039 59.101 59.189 59.254 59.334 59.351 59.286
54.226 54.271 54.321 54.386 54.426 54.468 54.526 54.571 54.563 54.598 54.853 54.811 55.076 55.071 55.121 55.096 55.028 55.038 55.091 55.151 55.238 55.666 55.391 55.388 55.481 55.553 55.621 55.718 55.791 55.866 55.941 56.081 56.198 56.291 56.388 56.458 56.566 56.643 56.713 56.778 56.896 56.966 57.399 57.109 57.211 57.229 57.316 57.461 57.574 57.646 57.766 57.856 57.969 58.054 58.149 58.219 58.301 58.374 58.449 58.529 58.614 58.691 58.761 58.844 58.919 59.006 59.086 59.169 59.236 59.289 59.279 59.374
54.251 54.291 54.333 54.381 54.388 54.426 54.446 54.453 54.511 54.548 54.583 54.638 54.996 55.186 55.278 55.261 55.221 55.163 55.178 55.233 55.441 55.356 56.071 57.271 55.688 55.576 55.661 55.751 55.821 55.888 55.978 56.048 56.118 56.193 56.261 56.366 56.473 56.581 56.686 56.781 56.869 56.969 57.039 57.129 57.224 57.336 57.429 57.514 57.576 57.664 57.734 57.814 57.909 57.979 58.066 58.116 58.184 58.234 58.314 58.399 58.479 58.564 58.651 58.721 58.821 58.899 59.016 59.084 59.174 59.264 59.336 59.446
54.248 54.293 54.323 54.361 54.398 54.423 54.443 54.468 54.516 54.556 54.576 54.631 54.778 55.153 55.421 55.456 55.353 55.296 55.273 55.301 55.371 55.408 55.446 55.513 55.603 55.651 55.718 55.798 55.838 55.891 55.986 56.071 56.153 56.231 56.306 56.396 56.463 56.543 56.621 56.693 56.786 56.859 56.946 57.029 57.129 57.244 57.399 57.416 57.494 57.576 57.679 57.776 57.871 57.961 58.059 58.129 58.204 58.294 58.371 58.451 58.529 58.621 58.696 58.781 58.859 58.956 59.041 59.124 59.239 59.294 59.396 59.481
54.278 54.293 54.321 54.361 54.381 54.418 54.431 54.463 54.506 54.546 54.578 54.628 54.773 55.213 55.566 55.528 55.441 55.436 55.373 55.406 55.441 55.683 55.913 55.573 55.621 55.686 55.746 55.813 55.891 55.998 56.048 56.073 56.148 56.241 56.311 56.406 56.478 56.551 56.626 56.708 56.781 56.871 56.951 57.056 57.154 57.254 57.386 57.426 57.509 57.589 57.691 57.786 57.884 57.974 58.054 58.139 58.216 58.296 58.366 58.459 58.586 58.691 58.721 58.766 58.866 58.954 59.169 59.264 59.299 59.374 59.436 59.601
54.388 54.583 54.378 54.368 54.393 54.408 54.431 54.446 54.503 54.553 54.576 54.616 54.756 55.188 55.531 55.576 55.531 55.581 55.508 55.546 55.541 55.621 56.546 55.811 55.688 55.711 55.756 55.816 55.903 55.973 56.093 56.158 56.223 56.343 56.418 56.493 56.528 56.551 56.611 56.693 56.756 56.854 56.959 57.046 57.144 57.281 57.414 57.474 57.486 57.574 57.756 57.814 57.889 58.086 58.371 58.146 58.229 58.311 59.221 59.279 58.574 58.661 58.751 58.826 58.934 59.134 59.234 59.346 59.389 59.439 59.506 59.649
54.393 55.243 54.368 54.401 54.408 54.421 54.438 54.533 54.538 54.573 54.606 54.648 54.798 55.173 55.586 55.648 55.633 55.661 55.641 55.688 55.671 55.843 55.751 56.373 55.753 55.791 55.813 55.861 55.983 56.053 56.131 56.206 56.273 56.333 56.386 56.446 56.523 56.606 56.671 56.796 56.914 56.941 57.036 57.126 57.284 57.421 57.509 57.551 57.534 57.629 57.826 57.939 57.969 58.044 58.294 58.241 58.339 58.434 58.501 58.579 58.666 58.741 58.801 58.904 59.014 59.089 59.186 59.289 59.341 59.419 59.509 59.596
54.483 55.038 54.468 54.456 54.438 54.448 54.458 54.548 54.606 54.618 54.653 54.683 54.906 55.323 55.768 55.821 55.801 55.836 55.828 55.843 55.883 55.823 55.858 56.196 55.836 55.876 55.876 55.913 55.998 56.046 56.151 56.258 56.313 56.391 56.443 56.483 56.573 56.663 56.736 56.813 56.884 56.976 57.081 57.209 57.301 57.344 57.441 57.519 57.574 57.716 57.769 57.859 57.971 58.071 58.159 58.276 58.329 58.401 58.491 58.574 58.641 58.754 58.861 58.954 59.166 60.819 59.271 59.366 59.411 59.419 59.499 59.674
