dsm/se3137_DSM_2M.asc
ncols 500
nrows 500
xllcorner    431000
yllcorner    437000
cellsize     2
NODATA_value -9999
[rows 186 to 216 of 500, columns 70 to 139 of 500]
117.481 117.611 117.711 117.809 117.876 118.051 118.846 119.379 119.486 119.779 120.006 120.746 120.926 120.566 120.621 120.911 121.014 121.181 122.101 121.591 121.736 122.014 122.099 122.266 122.404 122.516 122.671 122.859 124.224 123.196 123.229 123.144 125.911 129.521 129.444 124.869 123.721 124.081 123.779 123.706 123.661 123.559 124.051 123.899 123.891 124.136 124.346 124.339 125.269 126.441 125.544 130.266 132.414 133.924 133.624 133.059 132.434 131.886 131.144 125.939 125.989 125.881 125.801 125.961 125.784 125.879 126.079 125.571 127.479 131.799
117.116 117.486 117.571 117.684 117.791 117.951 120.819 119.381 119.656 119.446 120.024 120.486 120.464 120.484 120.551 122.221 121.006 122.831 123.629 121.471 121.681 121.744 121.894 122.039 122.161 122.261 122.561 124.826 125.054 123.146 122.814 126.051 129.844 131.281 130.046 128.364 123.781 123.849 124.034 123.481 123.484 123.411 123.316 123.489 123.664 123.906 124.109 124.061 125.001 125.979 125.674 127.716 131.831 132.684 132.101 131.584 128.444 125.784 125.646 125.766 125.924 125.741 125.664 125.766 125.741 125.689 125.846 125.339 125.346 131.219
116.384 117.149 117.461 117.556 117.661 118.449 118.584 119.641 119.901 120.264 119.896 120.789 120.359 120.419 120.929 122.931 122.646 127.601 128.376 124.221 121.541 121.624 121.719 121.821 121.951 122.199 124.166 123.531 122.856 122.571 122.681 122.791 129.239 130.784 130.639 129.116 123.881 124.201 125.881 123.301 123.281 123.241 123.144 123.411 123.506 123.669 123.851 124.549 124.424 125.009 125.596 125.464 131.031 130.359 126.616 125.666 125.756 125.649 125.606 125.599 125.659 125.541 125.614 125.546 125.434 125.616 125.461 125.461 125.326 129.424
115.676 116.061 116.444 117.066 117.631 118.364 118.499 118.501 118.681 119.429 119.011 119.251 121.219 120.469 121.514 124.276 126.631 128.209 127.339 125.464 122.146 121.561 121.609 121.899 121.869 121.924 122.379 122.394 122.536 122.371 122.541 122.689 127.641 130.214 131.236 129.726 125.221 123.249 124.081 123.166 123.069 123.059 122.984 122.984 123.414 123.369 123.556 124.809 124.041 124.229 125.001 125.716 125.411 125.411 125.416 125.344 125.361 125.926 125.524 125.454 125.551 125.584 125.406 126.179 125.386 125.364 125.371 126.699 125.404 125.336
115.484 115.614 115.836 116.366 117.156 117.101 117.764 118.414 118.509 120.156 120.399 118.989 119.629 120.906 125.556 126.934 126.806 127.639 124.394 123.969 123.941 121.941 121.891 121.866 121.751 121.851 121.896 122.221 122.471 122.214 122.221 122.221 123.774 129.599 131.164 130.299 128.074 123.141 123.129 123.021 122.851 122.861 122.804 124.009 123.176 123.196 123.584 123.809 123.984 123.944 125.991 125.001 124.186 125.104 125.011 124.971 125.029 125.264 125.479 125.259 125.261 125.386 125.319 125.101 125.209 125.314 125.334 125.949 125.249 125.139
114.864 115.369 115.519 115.946 116.116 116.589 117.104 117.431 118.479 120.086 120.046 119.996 118.751 119.271 126.186 126.724 120.886 119.766 119.896 120.366 122.994 124.149 123.064 121.516 121.526 121.566 121.666 122.066 121.926 122.294 121.966 121.886 121.966 128.986 130.556 130.959 129.384 123.984 124.371 123.179 122.714 122.654 122.634 123.474 122.726 123.084 124.756 123.779 123.886 124.054 123.629 127.004 129.059 123.926 124.426 124.529 124.719 124.984 126.764 125.184 125.319 126.571 126.561 124.994 124.964 125.049 125.016 125.034 125.084 125.106
114.689 114.941 115.461 115.934 115.961 116.066 116.796 117.209 117.306 117.684 118.931 119.604 118.664 123.029 124.099 123.551 119.399 119.031 119.421 119.836 122.371 123.621 123.119 121.551 121.559 121.449 121.624 123.119 121.636 122.031 121.739 121.776 121.829 124.779 128.939 126.861 122.966 123.336 122.794 122.616 122.701 122.454 122.449 122.376 122.294 122.894 124.446 123.309 123.476 128.491 130.619 131.194 129.604 124.196 124.291 124.341 124.434 125.581 126.081 124.799 124.846 124.954 128.039 124.804 124.664 124.756 124.784 125.056 126.741 126.351
120.271 115.044 115.321 115.374 115.189 116.859 117.019 116.724 116.724 117.214 117.634 117.839 121.591 123.121 121.489 118.649 118.351 118.451 118.586 119.221 121.939 120.046 122.146 120.759 124.316 126.129 121.791 127.811 121.401 121.549 121.621 121.661 122.019 121.971 122.484 122.619 122.131 122.036 122.021 123.256 122.596 122.269 122.254 122.189 122.099 122.231 122.744 123.609 123.469 126.151 129.961 131.481 130.249 127.601 124.534 124.811 124.294 124.421 124.611 124.666 124.694 124.709 127.246 126.424 124.584 124.681 124.701 124.804 126.254 124.971
121.731 120.819 117.996 114.606 114.654 116.979 117.004 116.641 116.121 116.084 116.904 119.121 121.119 118.536 117.476 117.649 118.124 118.359 118.456 121.176 119.371 119.451 119.904 120.194 128.911 127.746 126.429 122.471 121.889 121.226 121.339 123.616 123.879 121.769 121.891 121.949 126.089 128.134 123.459 121.974 122.489 122.126 122.044 122.014 121.921 121.961 122.579 123.701 123.214 123.456 129.391 130.981 130.896 129.306 124.851 124.081 124.156 125.574 127.526 124.406 125.431 126.596 125.191 127.806 124.481 124.571 124.554 124.511 124.574 124.564
122.349 122.226 121.239 120.329 116.396 114.769 115.201 115.501 115.986 116.446 116.476 117.061 117.694 117.259 117.464 118.019 117.476 117.966 120.146 119.051 118.476 119.424 119.399 119.891 126.454 124.396 129.066 123.854 120.869 121.004 122.381 121.746 123.869 121.434 123.144 128.229 129.789 128.704 126.914 121.904 122.036 122.351 121.841 121.824 121.744 122.959 122.181 122.549 122.861 123.721 128.574 130.259 131.431 129.876 125.831 123.986 124.064 129.831 130.854 126.934 126.706 125.596 127.244 126.456 124.356 124.304 124.294 124.311 124.316 124.386
120.906 121.856 122.644 121.706 120.799 118.569 114.634 115.441 115.619 115.759 116.299 116.649 117.256 118.526 120.506 123.431 120.986 117.954 120.134 118.426 118.439 118.799 119.224 119.274 122.031 125.149 124.261 123.376 123.616 120.686 120.771 120.896 121.084 121.196 121.054 127.014 129.209 129.306 127.799 121.861 121.886 122.531 121.676 121.619 121.554 121.981 121.714 122.141 123.646 123.904 124.046 129.691 131.469 130.444 128.819 123.686 123.551 126.606 128.416 124.966 123.751 123.734 123.849 124.679 124.089 124.124 124.139 124.121 124.124 124.174
116.366 120.416 121.369 122.351 122.251 121.261 120.364 115.459 115.091 115.264 115.616 116.231 117.014 119.524 123.066 124.551 124.109 123.221 117.784 117.504 117.506 119.869 119.896 118.971 119.146 119.524 119.964 120.986 121.429 120.459 120.564 120.766 120.946 120.999 121.006 125.159 128.571 129.856 128.386 124.219 121.916 121.736 121.516 121.409 121.369 121.284 121.221 121.826 122.161 122.321 122.909 129.141 130.694 127.814 123.446 123.441 124.479 125.711 124.884 124.244 126.134 123.546 123.709 123.839 124.046 123.926 123.931 123.946 123.911 124.011
113.879 114.194 118.551 120.869 121.801 122.726 121.734 120.824 118.619 114.859 114.849 115.994 116.571 118.009 123.629 124.239 125.439 124.689 123.679 121.124 117.436 117.974 119.201 118.079 118.809 119.146 119.239 119.699 120.439 121.226 120.336 120.569 120.739 121.089 121.289 122.319 127.969 129.594 128.919 127.194 121.644 121.536 121.396 121.204 121.164 121.104 121.006 121.406 121.716 122.344 122.811 123.509 123.084 122.741 122.239 122.096 123.864 124.634 122.846 123.371 123.419 123.514 123.599 123.694 124.044 123.966 123.739 123.816 129.836 136.774
113.724 113.791 113.941 115.516 120.381 121.309 122.321 122.224 121.269 119.649 114.694 115.051 116.434 116.709 118.514 121.586 124.199 125.151 125.251 124.216 123.261 118.579 117.491 118.166 118.294 119.066 118.771 119.186 119.544 120.099 121.396 120.699 121.231 120.656 120.576 120.639 127.394 128.971 129.521 127.986 122.131 121.399 121.269 121.051 120.949 120.921 120.839 120.914 121.486 123.719 122.519 122.656 121.959 124.421 124.804 122.644 121.954 122.016 122.539 122.874 123.301 123.376 123.454 123.551 123.731 124.126 124.184 124.096 125.429 137.439
113.691 113.949 113.794 114.084 114.174 118.531 120.896 121.846 121.621 119.769 114.991 117.569 117.286 116.449 116.621 117.814 120.781 123.661 124.664 125.459 124.741 123.769 121.631 117.439 118.359 118.049 118.086 118.616 119.144 119.524 119.919 121.316 120.519 120.369 120.399 120.446 123.181 128.364 127.286 122.574 121.414 121.319 121.181 121.014 120.729 120.721 120.664 120.566 120.991 122.111 122.006 122.339 121.759 123.921 127.921 129.756 122.661 121.981 122.381 122.681 123.141 123.241 123.161 123.126 123.256 123.421 123.829 123.791 130.931 136.964
113.346 113.494 114.239 113.811 113.984 114.031 116.046 120.446 120.586 117.046 115.531 119.104 116.424 116.801 116.746 116.859 116.856 117.984 122.849 124.164 125.101 125.604 124.264 123.296 118.991 117.506 117.911 118.051 118.496 119.124 119.594 120.121 120.614 120.149 120.246 120.364 120.404 121.341 124.241 121.786 121.144 121.091 121.636 120.666 120.534 120.516 120.484 120.396 120.659 121.069 121.541 121.581 123.336 127.984 129.534 129.766 127.794 121.981 122.294 122.546 122.706 122.646 122.769 122.939 122.956 123.101 123.784 123.389 127.846 135.821
112.874 113.164 113.399 113.469 114.356 113.626 113.931 114.139 115.469 115.119 117.384 116.751 118.189 116.221 116.289 117.094 116.671 116.761 116.934 120.406 123.624 124.596 125.446 124.764 123.804 122.911 117.596 117.949 118.041 118.459 120.896 119.284 118.676 120.731 120.966 121.274 121.664 120.499 121.436 121.729 121.539 120.659 120.419 120.289 120.286 120.291 120.284 120.224 120.176 120.804 122.819 121.599 121.691 126.829 128.911 129.779 129.751 122.269 122.114 122.031 122.186 122.456 122.509 122.606 122.729 122.771 123.499 122.901 122.829 131.739
112.299 112.614 112.969 113.259 113.409 114.529 114.084 113.931 113.991 114.364 117.349 114.761 115.301 115.689 116.089 116.279 117.166 116.659 116.631 116.794 118.459 123.131 124.071 125.056 125.124 123.326 117.559 117.749 117.866 118.239 118.539 121.434 121.406 120.409 120.671 121.589 121.226 120.919 120.871 120.506 120.296 120.059 119.916 119.984 119.996 120.074 120.086 120.031 119.954 120.361 121.079 122.116 121.649 125.511 128.354 129.709 128.271 125.324 121.906 121.976 122.024 122.156 122.411 122.686 123.889 123.739 123.881 122.594 122.539 132.026
111.599 111.911 112.271 112.654 112.979 113.209 113.341 115.026 113.901 116.419 114.936 114.109 114.479 114.921 115.519 115.994 116.306 116.331 117.381 116.589 116.724 117.421 120.266 123.581 123.864 120.984 119.424 117.614 117.716 118.024 118.556 121.161 121.429 119.974 118.299 119.746 119.801 119.896 119.949 119.871 119.661 119.586 119.551 119.696 119.711 119.846 119.879 119.844 119.779 119.856 120.384 123.064 123.044 122.289 127.741 129.296 128.831 127.331 121.929 121.829 123.646 122.111 123.979 124.774 122.314 122.091 122.416 123.506 122.276 130.794
110.796 111.104 111.439 111.806 112.149 112.511 112.804 112.946 115.281 115.634 113.244 113.441 113.784 114.219 114.679 115.234 115.714 116.066 116.256 117.011 116.829 116.689 116.759 117.966 121.369 118.901 117.321 117.516 117.664 117.574 117.749 118.564 119.324 118.211 118.219 118.244 118.529 119.394 119.419 119.269 119.171 119.141 119.279 119.391 119.496 119.624 119.694 119.666 119.584 120.289 120.059 120.161 120.634 121.064 126.544 128.671 129.474 127.939 122.024 121.906 123.966 123.984 122.376 121.891 121.959 122.056 122.901 123.141 122.026 129.619
110.331 110.519 110.736 111.009 111.336 111.669 112.029 112.336 112.614 112.709 112.749 112.954 113.224 113.596 113.989 114.436 114.831 115.176 115.606 116.074 116.301 117.759 116.484 116.596 116.814 116.934 117.071 117.126 117.189 117.301 117.694 117.679 118.179 118.541 118.169 118.171 118.189 118.344 118.981 118.709 118.739 118.834 119.004 119.134 119.311 119.419 119.476 119.469 119.409 119.509 119.561 119.941 120.184 121.204 123.899 127.159 124.054 121.579 121.766 123.714 121.699 121.344 121.559 121.694 121.826 122.346 121.601 121.809 121.784 126.369
110.246 110.406 110.591 110.796 111.014 111.246 111.459 111.679 111.936 112.184 112.409 112.539 112.896 113.101 113.419 113.809 114.104 114.394 114.694 115.099 115.691 116.096 116.006 116.026 116.119 116.279 116.444 116.621 116.826 116.711 117.421 117.269 117.429 117.681 117.916 117.886 117.871 117.929 118.201 120.251 118.436 118.621 118.811 118.981 119.124 119.216 119.249 119.276 119.221 119.154 119.091 119.784 119.789 120.996 121.144 121.306 121.449 121.776 122.314 120.621 120.694 120.681 121.379 121.499 122.259 121.369 121.439 121.541 121.576 126.669
110.781 110.434 110.624 110.801 110.999 111.174 111.344 111.541 111.736 111.954 112.159 112.319 112.619 112.834 113.039 113.239 113.444 113.681 113.909 114.144 114.636 114.976 114.964 115.316 116.404 115.946 116.206 116.529 116.921 116.474 117.466 117.536 117.091 116.994 117.191 117.369 117.544 117.709 117.911 118.149 118.346 118.526 118.684 118.836 118.939 119.011 119.044 119.066 119.044 118.966 119.276 119.391 119.586 120.206 120.889 120.761 121.091 122.669 122.986 122.066 124.071 120.436 120.719 121.609 121.289 121.216 121.859 121.476 121.374 123.474
110.496 111.029 110.604 110.784 111.004 111.194 111.426 111.679 111.779 111.996 112.184 112.374 112.571 112.764 112.964 113.141 113.326 113.519 113.731 113.931 114.134 114.354 114.591 114.806 115.021 115.236 115.441 115.639 115.839 116.049 116.251 116.409 116.624 116.846 117.066 117.289 117.501 117.714 117.909 119.361 120.199 119.949 118.604 118.771 118.864 118.866 118.839 118.864 118.854 118.789 119.291 119.044 119.414 119.981 119.749 121.269 121.491 121.681 123.686 126.946 126.709 125.996 123.511 120.706 120.909 120.921 123.054 123.064 121.121 122.076
110.409 110.559 110.736 110.884 111.046 111.256 111.576 112.316 112.461 112.111 113.504 112.969 113.024 113.636 113.054 113.266 113.446 113.576 113.761 113.959 114.174 114.371 114.591 114.771 114.989 115.199 115.394 115.616 115.819 116.036 116.231 116.444 116.636 116.839 117.041 117.249 117.504 118.544 118.159 118.084 118.291 118.471 118.654 118.734 118.734 118.766 118.734 118.674 118.651 118.621 118.534 118.454 119.121 119.151 120.419 120.174 119.996 120.079 122.184 127.901 128.364 127.494 126.766 126.021 122.946 120.546 120.549 120.501 120.601 121.366
110.016 110.489 110.834 112.054 111.171 112.001 112.304 112.264 112.236 112.174 112.291 112.476 112.654 112.831 113.011 113.224 113.864 113.561 113.731 113.924 114.819 115.761 114.951 115.886 116.521 115.186 116.286 117.036 115.974 115.991 117.174 117.481 116.574 116.781 117.024 117.259 117.469 117.846 117.941 117.919 118.189 118.356 118.429 118.609 118.659 118.581 118.594 118.534 118.476 118.439 118.369 119.269 118.614 118.924 119.434 119.411 119.824 119.934 123.991 126.354 127.079 127.864 128.194 127.529 126.821 125.146 122.346 120.401 121.856 126.049
109.514 110.236 110.814 111.569 110.851 111.059 111.731 112.084 111.764 112.801 112.189 112.384 112.824 113.411 114.106 114.194 114.311 114.306 113.859 114.471 114.526 114.471 114.679 115.009 115.051 115.221 115.439 115.664 115.874 116.076 116.261 116.479 117.326 116.836 117.926 117.114 117.391 116.991 117.734 118.241 117.716 117.916 118.099 118.279 118.411 118.499 118.524 118.419 118.319 118.239 118.196 118.314 118.614 118.696 119.019 119.014 119.451 119.741 120.084 122.021 124.831 126.326 127.076 127.904 128.246 126.744 121.366 120.296 122.911 127.574
109.231 110.126 110.184 110.916 113.171 113.889 112.516 111.121 113.024 111.971 111.706 112.051 112.286 112.476 112.654 112.856 113.064 113.341 113.644 113.749 114.344 114.606 115.456 114.569 114.651 114.759 115.364 115.751 115.739 115.686 115.984 116.194 117.194 116.654 116.671 116.601 116.856 116.086 116.321 116.969 118.231 117.584 117.664 117.831 118.016 118.229 118.331 118.384 118.194 118.041 118.011 117.946 117.851 118.284 118.361 118.939 119.114 119.489 119.771 119.941 119.974 121.501 124.526 126.486 127.201 127.716 121.019 120.216 121.221 126.916
108.934 109.361 110.091 113.169 113.359 117.256 116.244 113.139 111.159 111.204 111.411 111.724 111.971 112.141 112.349 114.484 112.799 112.989 113.246 113.381 113.579 113.811 114.566 114.234 114.044 114.051 114.329 114.679 114.911 115.301 115.266 115.651 116.506 116.549 116.436 118.864 119.111 121.011 116.059 117.961 118.299 117.781 117.671 117.426 117.654 117.881 118.054 118.189 118.139 117.886 117.819 117.766 118.316 118.074 118.164 118.594 118.789 119.021 119.364 119.784 120.641 119.629 120.046 122.316 124.979 124.389 120.224 123.564 124.314 124.619
108.854 108.996 109.861 112.801 116.629 117.964 117.719 116.719 115.651 111.054 110.981 111.394 111.716 114.444 115.861 118.591 117.654 112.516 112.794 113.001 113.284 113.421 113.864 113.741 116.371 118.481 115.919 114.351 114.561 114.761 114.941 115.359 116.196 117.086 118.089 119.036 123.044 122.484 121.549 117.096 116.244 116.599 117.489 117.509 117.321 117.471 117.714 117.896 117.931 117.746 117.616 117.589 117.521 118.281 117.896 117.854 118.424 118.691 119.094 119.431 119.404 119.441 119.654 119.646 119.891 119.924 120.046 120.744 123.341 120.191
110.441 110.199 109.666 109.384 112.874 116.511 117.546 118.129 117.171 116.204 112.819 110.981 111.526 112.764 119.329 120.074 119.029 118.104 113.734 112.564 112.876 113.324 113.319 115.256 117.466 121.269 120.241 118.359 115.041 114.466 114.621 114.684 115.306 115.496 118.521 120.686 123.371 123.959 122.884 121.951 120.511 116.011 116.386 118.011 117.474 117.314 117.226 117.506 117.671 117.631 117.446 117.396 117.336 117.666 117.499 117.604 118.094 118.341 118.639 120.454 119.209 119.201 119.121 119.454 119.841 119.876 119.946 119.936 119.919 120.004
