dsm/se3135_DSM_2M.asc
ncols 500
nrows 500
xllcorner    431000
yllcorner    435000
cellsize     2
NODATA_value -9999
[rows 96 to 127 of 500, columns 71 to 141 of 500]
64.501 64.419 64.349 64.274 64.194 64.116 64.029 63.956 63.871 63.811 63.736 63.659 63.576 63.511 63.444 63.349 64.221 63.201 63.126 63.044 62.954 65.864 62.819 62.756 62.669 62.594 62.506 62.451 62.359 62.281 62.194 62.104 61.999 61.904 61.796 61.676 61.576 61.464 61.371 61.221 61.144 61.824 63.366 69.004 60.721 60.601 61.479 61.974 60.254 60.161 60.051 59.926 60.791 65.484 59.589 59.441 59.339 59.259 59.631 59.036 58.891 58.764 58.644 58.551 58.489 58.414 58.361 58.271 58.191 58.084 57.964
64.456 64.386 64.304 64.231 67.411 64.144 63.986 65.036 67.036 63.746 63.694 63.636 63.566 63.501 63.421 63.386 63.711 63.226 63.164 63.086 63.021 64.469 64.739 63.191 62.774 62.801 65.111 62.536 62.481 62.404 62.361 62.284 62.171 62.026 61.879 61.791 61.674 61.639 61.489 61.831 63.081 61.094 60.986 69.921 65.044 60.661 60.544 60.416 60.309 60.179 60.081 59.966 59.874 60.149 59.616 59.511 59.381 59.271 59.244 59.076 58.966 59.184 58.826 59.149 58.454 58.314 58.486 58.591 58.429 58.354 58.286
64.486 64.406 67.994 66.206 67.409 64.776 64.039 68.731 63.884 64.361 64.761 63.719 63.566 63.501 63.449 66.326 68.184 63.196 63.149 63.079 63.011 63.096 63.001 62.824 62.719 62.651 62.936 62.516 62.464 62.396 62.389 62.319 62.204 62.041 61.944 61.876 61.754 61.814 61.849 61.634 61.236 61.196 61.414 61.291 61.526 60.751 60.846 61.494 61.956 60.799 60.706 60.926 61.131 60.691 59.906 59.699 59.596 59.694 59.671 59.659 59.664 59.234 59.636 58.979 58.991 58.881 58.254 58.131 58.201 58.139 58.069
64.444 64.371 64.256 64.216 64.161 64.084 64.016 63.936 63.894 63.806 63.831 63.796 63.729 64.391 63.531 63.586 63.494 63.476 63.381 63.214 64.581 63.926 63.954 64.494 63.009 63.086 64.516 63.846 63.669 62.421 62.416 62.359 62.234 62.069 62.114 61.949 61.801 61.814 61.729 61.729 61.279 61.534 61.389 61.424 62.324 60.884 60.896 62.279 63.116 62.299 60.889 60.356 60.319 60.286 60.359 59.756 59.694 59.724 59.699 59.724 59.496 59.319 59.431 59.049 59.056 58.904 58.549 58.364 58.006 57.911 57.926
66.256 64.514 64.401 65.476 65.019 64.414 64.136 64.849 64.644 64.244 64.684 63.864 63.791 65.396 63.814 63.734 63.491 63.554 63.449 63.254 63.341 63.241 63.476 64.956 62.951 63.029 63.031 63.124 63.001 62.504 62.469 62.399 62.289 62.146 62.234 61.944 61.829 61.834 61.696 61.576 61.344 61.471 61.554 61.409 62.761 60.979 60.926 60.869 60.639 60.436 60.954 60.316 60.301 60.246 59.984 59.791 59.761 59.761 59.749 59.721 59.576 59.331 59.841 59.044 59.014 58.999 58.604 58.344 58.381 58.671 57.794
65.374 64.636 64.489 64.684 64.326 64.301 64.216 64.186 64.209 64.014 64.601 63.904 63.819 65.489 63.859 63.791 63.549 63.601 63.484 63.314 63.296 63.379 63.204 64.864 63.039 63.071 63.086 63.314 62.579 62.539 62.499 62.436 62.326 62.219 62.321 61.971 61.916 61.906 61.689 61.576 61.471 61.586 62.451 61.494 61.894 61.081 61.059 60.961 61.049 60.544 61.011 60.411 60.359 60.456 60.369 59.884 59.849 59.839 59.819 59.731 59.604 59.439 59.781 59.099 59.089 58.866 58.671 58.411 58.361 58.771 58.594
66.434 64.656 64.514 64.489 64.374 64.354 64.264 64.389 64.169 64.074 65.046 63.944 63.886 65.671 63.849 63.804 63.626 63.641 63.536 63.389 63.361 63.359 63.216 64.816 63.121 63.089 63.106 64.399 62.591 62.574 62.544 62.481 62.379 62.274 62.186 62.014 61.966 61.969 61.716 61.609 61.571 61.584 61.861 62.121 61.434 61.136 61.149 60.941 60.676 60.634 61.131 60.559 60.549 60.714 60.951 59.946 59.926 59.899 59.831 59.841 59.781 59.446 59.629 59.154 59.106 58.854 58.681 58.469 58.486 59.406 59.484
65.354 64.551 64.426 64.571 64.369 64.444 64.316 64.559 64.141 64.136 65.249 63.924 63.911 65.326 64.021 63.716 63.691 64.149 65.096 63.554 63.361 65.636 63.294 64.109 63.291 66.834 68.046 65.861 62.614 62.606 62.576 62.529 62.419 62.331 65.811 65.326 62.951 62.044 65.869 64.536 62.829 62.024 62.911 65.526 61.861 62.214 64.869 61.066 64.281 61.679 62.124 62.206 64.384 61.111 63.059 60.886 60.184 59.989 62.856 59.961 61.776 59.404 59.671 60.031 61.266 59.236 60.481 58.566 59.609 59.549 60.469
65.669 67.854 66.414 65.321 70.391 70.184 68.036 71.966 72.884 70.974 70.909 74.041 72.369 72.404 72.981 72.416 71.989 72.394 73.104 72.066 71.939 73.189 71.889 71.919 71.956 72.119 72.574 72.046 62.644 62.626 62.606 62.541 62.439 62.426 71.859 71.841 71.841 70.751 71.531 70.426 70.446 70.426 70.481 71.336 70.064 69.551 71.126 69.481 70.779 68.961 69.016 68.964 70.511 68.841 68.551 68.511 68.509 68.559 69.841 68.139 69.026 69.046 67.661 67.924 68.744 67.029 68.414 66.299 66.784 66.749 68.716
73.594 74.184 73.336 73.324 73.584 73.771 73.406 73.426 73.914 72.539 73.364 74.016 73.156 73.139 72.956 72.796 72.809 73.221 73.186 72.896 72.754 73.159 72.671 72.799 72.816 72.836 72.916 69.526 62.666 62.654 62.639 62.571 62.459 63.161 71.929 71.899 71.934 72.241 71.566 71.261 71.331 71.304 71.219 71.394 71.554 70.656 71.091 70.814 70.756 70.141 70.161 70.084 70.576 70.644 69.661 69.654 69.621 69.539 69.936 69.514 68.964 68.984 68.794 68.711 68.994 68.939 68.371 67.861 67.861 67.811 68.726
74.631 74.214 74.104 74.169 74.204 74.244 74.271 73.929 73.984 73.911 74.041 74.034 74.001 74.056 73.599 73.604 73.641 73.654 73.614 73.639 73.561 73.379 73.359 73.391 73.309 73.231 73.216 67.876 62.699 62.696 62.659 62.596 62.506 66.039 72.581 72.589 72.609 72.424 72.079 72.074 72.156 72.129 72.056 72.036 71.814 71.466 71.466 71.239 71.004 71.041 71.026 71.004 71.024 70.781 70.611 70.604 70.586 70.556 70.561 70.019 69.764 69.794 69.816 69.801 69.784 69.036 68.914 68.936 68.951 68.926 68.971
74.969 74.481 74.431 74.404 74.349 74.279 74.266 73.854 73.746 73.741 73.754 73.609 73.569 73.569 73.046 72.974 72.936 72.894 72.811 72.771 72.669 72.419 72.389 72.409 72.366 72.294 72.241 63.854 62.721 62.719 62.684 62.621 62.539 66.439 71.664 71.696 71.704 71.424 71.129 71.234 71.239 71.199 71.214 71.214 70.879 70.406 70.346 71.131 69.794 69.924 69.946 69.939 70.014 70.374 69.481 69.521 69.519 69.501 69.536 69.649 68.994 68.864 68.871 68.866 68.894 69.024 68.109 68.116 68.149 68.151 68.171
74.001 73.529 73.466 73.054 73.914 73.949 73.956 72.969 72.799 72.771 73.404 72.674 72.611 73.129 72.039 71.976 71.939 71.926 71.279 71.791 72.176 71.401 71.369 72.429 71.334 71.291 71.221 62.776 62.759 62.754 62.719 62.644 62.594 69.511 71.579 71.604 71.486 71.186 70.301 70.859 70.816 70.016 71.119 71.126 69.749 69.196 69.204 68.871 68.736 68.779 68.784 68.764 69.411 68.381 67.866 68.294 68.294 68.316 68.339 67.879 68.991 67.689 67.699 67.724 67.736 67.049 66.949 66.956 66.951 66.966 66.979
73.791 72.546 72.486 72.461 73.866 73.934 73.946 72.021 71.816 71.766 71.779 71.666 71.641 71.591 71.099 71.101 70.994 70.964 70.904 70.854 70.711 70.426 70.391 70.359 70.319 70.259 70.194 62.796 62.786 62.776 62.749 62.676 62.636 69.791 71.541 71.559 71.161 69.086 68.866 68.864 68.854 68.881 68.914 68.916 68.601 67.779 61.264 61.241 62.116 67.441 67.909 67.184 60.929 61.066 61.746 67.006 67.441 66.616 60.069 59.704 62.166 66.334 66.686 65.899 59.451 58.871 62.211 65.629 65.824 65.039 59.136
72.019 71.559 71.509 71.469 71.131 70.824 70.834 70.159 69.229 69.106 68.264 68.509 67.109 66.721 67.024 64.761 65.066 66.476 64.271 63.854 64.854 64.951 63.421 63.386 65.344 67.084 66.701 62.819 62.819 62.809 62.771 62.699 62.681 62.464 62.386 62.334 61.551 64.156 62.656 61.919 61.889 62.254 63.099 63.636 67.714 67.781 61.406 61.246 61.986 67.421 67.969 67.174 60.886 61.546 62.916 67.009 67.386 66.586 60.059 59.726 62.256 66.339 66.769 65.884 59.346 58.734 62.306 65.621 65.854 65.009 58.464
65.024 64.564 64.674 64.486 67.361 64.671 65.354 66.009 65.144 64.254 64.734 66.884 65.141 64.079 66.359 64.004 64.589 66.071 64.099 63.839 65.044 65.369 63.441 63.789 63.319 67.109 66.394 62.841 62.871 62.841 62.799 62.734 62.714 62.469 62.379 62.316 62.244 63.991 62.726 61.839 61.839 63.711 61.744 63.681 65.294 64.771 61.291 61.096 61.799 64.886 65.529 64.519 61.019 61.084 62.691 67.014 65.379 64.566 60.074 59.704 61.499 64.446 65.081 63.669 59.266 58.641 60.994 62.799 63.269 62.854 58.501
65.154 64.864 64.699 64.519 67.336 64.649 64.651 64.856 65.374 64.339 64.741 64.381 64.221 64.164 63.906 63.944 64.194 64.164 63.839 64.201 64.841 64.801 63.429 64.109 63.204 63.861 63.634 62.781 62.941 62.929 62.831 62.764 62.729 62.519 62.454 62.394 62.421 63.276 62.196 61.861 62.434 62.489 61.604 62.174 64.769 64.346 61.211 61.076 61.581 64.231 64.924 64.196 60.796 60.849 63.354 67.004 64.429 63.471 60.076 59.609 60.811 63.234 63.519 62.706 59.209 58.796 58.589 58.561 61.041 61.019 59.699
65.029 64.871 65.296 65.079 67.214 64.839 64.639 65.499 66.434 64.356 64.499 64.126 64.119 64.104 63.911 63.856 63.859 63.974 63.814 63.769 64.166 65.074 63.416 63.784 63.194 63.246 62.969 62.809 63.454 63.999 63.246 63.136 62.731 62.576 62.441 62.404 62.461 65.554 62.004 61.884 62.056 61.736 61.711 61.881 61.336 61.236 61.101 61.314 60.801 60.926 60.984 61.209 60.714 60.564 60.209 60.531 59.916 60.481 59.914 59.571 59.444 59.429 59.279 59.156 59.134 58.784 58.579 58.544 60.789 60.766 58.304
64.989 64.806 65.269 65.044 67.466 67.224 64.696 65.416 66.509 64.351 64.459 64.059 64.029 64.286 64.111 63.839 63.849 63.856 63.741 63.739 64.556 65.979 63.379 63.721 63.161 63.144 62.981 63.421 63.089 63.896 63.591 62.861 62.709 62.594 62.424 62.371 62.464 65.636 61.941 61.896 62.191 61.674 61.646 61.449 61.549 61.204 61.046 61.221 60.739 60.749 60.641 60.941 60.596 60.894 60.459 61.209 59.841 60.194 59.826 59.539 60.469 59.364 58.989 58.924 59.046 58.741 58.789 58.549 60.586 60.561 57.821
64.926 64.781 64.571 64.749 67.214 67.346 64.639 64.996 64.799 64.296 64.411 63.999 63.966 64.499 64.146 63.739 63.806 63.944 63.746 63.674 64.121 65.959 63.364 63.504 63.134 63.129 62.991 62.859 62.859 62.836 62.881 62.819 63.176 62.589 62.501 62.449 62.454 62.751 62.001 61.951 62.074 63.414 61.699 61.391 61.321 61.126 60.979 61.379 60.654 60.606 60.491 60.644 60.461 60.389 60.506 60.621 59.744 59.984 59.684 59.456 60.404 59.291 58.929 58.866 58.971 58.574 58.644 58.371 59.976 59.094 57.781
64.819 66.236 64.539 65.109 67.126 67.416 64.549 65.821 64.294 64.286 64.406 63.979 63.906 63.876 64.134 63.729 63.951 63.836 63.654 63.619 63.704 65.156 63.341 63.751 63.129 63.281 62.994 62.896 62.886 62.869 62.824 62.774 62.714 62.504 62.404 62.211 62.096 61.939 61.806 61.671 61.531 61.364 61.251 61.124 61.011 60.894 60.766 60.654 60.549 60.441 60.329 60.246 60.209 60.474 59.861 59.784 59.634 59.561 59.556 59.731 59.189 59.146 58.924 58.869 58.946 58.799 59.211 58.231 58.529 59.081 57.779
64.716 66.071 64.516 64.491 64.454 64.399 67.436 66.194 64.186 64.184 64.104 63.984 63.889 63.844 63.776 63.699 63.651 63.581 63.521 63.449 63.389 63.339 63.254 63.204 63.126 63.201 62.956 62.936 62.924 62.894 62.856 62.766 62.591 62.464 62.306 62.171 62.049 61.934 61.791 61.649 61.544 61.406 61.264 61.139 61.029 60.896 60.746 60.631 60.519 60.376 60.254 60.146 60.029 59.904 59.774 59.671 59.536 59.409 59.289 59.146 60.474 59.811 58.759 58.634 58.504 58.361 58.244 58.139 58.259 57.889 57.754
64.614 64.559 64.486 64.436 64.401 64.336 64.274 64.211 64.146 64.094 64.039 63.984 63.934 63.861 63.811 63.746 63.691 63.614 63.531 63.489 63.419 63.354 63.304 63.236 63.174 64.244 64.946 63.186 62.974 62.956 62.884 62.789 62.606 62.444 62.304 62.174 62.046 61.911 61.769 61.661 61.516 61.376 61.246 61.116 60.964 60.849 60.706 60.576 60.476 60.346 60.234 60.121 59.991 59.891 59.776 60.856 60.321 59.429 59.296 59.164 59.021 58.926 58.799 58.659 58.541 58.424 58.289 58.176 58.049 57.916 57.744
64.666 65.319 64.536 64.479 64.421 64.354 64.289 64.224 64.174 64.106 64.054 64.001 63.919 63.899 63.819 63.761 63.679 63.641 63.574 63.521 63.459 63.436 63.401 63.376 63.281 63.154 63.026 63.054 63.031 63.004 62.934 62.946 62.899 66.269 66.219 66.099 62.246 62.234 62.046 65.589 65.469 65.334 61.661 61.296 62.091 64.804 64.646 63.751 61.084 60.919 62.396 63.426 63.426 61.269 60.194 59.854 59.904 59.639 60.024 59.499 59.239 58.981 58.789 58.666 58.536 58.376 58.264 58.149 58.021 57.891 57.759
64.739 64.689 64.926 65.091 64.976 65.169 64.829 64.409 65.559 64.869 64.716 64.291 64.754 64.024 63.974 63.914 63.851 63.791 63.744 63.661 63.624 63.644 63.494 63.389 63.294 63.246 63.079 63.106 63.099 63.334 63.066 63.031 62.941 66.336 66.234 66.104 62.311 62.211 62.116 65.574 65.474 64.819 61.741 61.316 61.824 64.776 64.609 62.601 60.956 60.649 63.379 63.936 63.756 60.734 60.681 59.976 62.666 61.904 62.589 59.646 59.634 59.351 59.154 58.906 58.886 58.841 58.499 58.386 58.324 58.099 57.789
64.931 65.154 65.394 65.266 65.679 65.359 64.936 64.636 64.989 64.719 64.584 64.624 64.769 64.171 64.131 64.079 64.031 65.246 64.036 66.269 64.101 63.674 63.509 63.381 63.314 63.254 63.644 63.176 63.154 63.746 63.139 63.054 63.526 69.466 69.866 69.174 62.351 62.174 64.826 68.684 68.846 66.621 61.761 61.369 64.881 64.751 64.591 62.946 60.849 60.651 63.994 63.926 63.746 60.326 61.031 60.041 63.174 62.871 62.586 59.639 59.581 59.281 59.244 59.421 58.891 58.836 59.564 58.541 58.566 57.926 58.834
64.986 65.186 65.881 65.639 68.306 67.964 65.121 65.181 64.814 64.636 64.776 64.921 64.579 64.411 64.331 64.714 66.209 65.514 64.536 66.824 63.709 63.706 63.541 63.414 63.379 63.296 64.554 63.236 63.206 63.234 63.166 70.426 70.696 70.491 70.244 69.396 62.456 62.181 65.874 68.791 68.769 66.394 63.104 61.404 67.434 68.116 67.719 63.014 60.884 60.636 64.401 63.909 63.754 60.354 60.344 60.239 63.474 63.856 63.079 59.714 59.526 59.319 59.326 58.949 58.886 58.784 59.704 58.609 58.759 57.941 59.181
65.166 65.464 65.696 65.251 68.066 68.326 67.079 66.439 65.371 64.724 64.754 64.796 64.536 64.376 64.321 67.019 66.814 64.974 65.001 67.431 63.786 63.784 63.649 63.541 63.506 63.351 63.714 63.286 63.249 63.181 63.221 72.644 72.069 71.856 70.921 71.366 71.126 70.176 69.939 69.729 69.416 66.884 61.874 61.449 67.519 68.181 67.621 61.884 60.884 60.949 66.876 67.349 66.676 60.419 62.251 62.249 63.936 63.751 62.996 59.799 59.789 62.444 63.254 62.759 59.971 58.899 58.966 58.881 58.951 57.946 57.871
65.259 65.659 65.229 65.114 68.746 65.406 67.479 67.254 65.346 64.796 64.769 65.491 64.579 64.439 64.831 66.719 66.441 65.326 66.616 65.934 63.874 63.789 63.701 63.636 63.524 63.414 63.314 63.334 63.306 63.214 64.494 73.311 73.274 73.154 72.921 72.681 72.831 71.519 71.296 71.071 70.861 70.586 70.184 70.066 69.086 68.881 68.514 65.189 60.859 62.669 66.981 67.259 66.576 60.496 62.079 64.549 66.391 66.341 64.039 59.919 59.444 63.809 64.011 62.889 59.774 58.931 58.939 58.899 59.199 57.951 57.886
66.536 70.174 65.709 65.489 66.679 65.086 67.221 67.271 65.436 64.854 68.541 66.599 65.859 64.556 64.589 64.644 64.506 65.479 67.134 64.799 63.936 63.769 63.734 63.649 63.526 63.434 63.374 63.376 63.346 63.251 73.106 72.879 72.284 72.474 72.649 73.096 73.064 72.571 72.579 72.456 72.196 71.964 72.036 70.729 70.461 70.254 70.016 69.249 68.876 68.566 68.341 68.124 67.716 63.869 62.009 65.759 66.491 66.224 61.914 59.904 59.424 65.546 66.251 65.601 58.991 59.006 58.854 58.924 58.796 57.946 57.939
67.706 68.309 66.406 65.481 66.061 65.296 65.081 67.174 65.049 64.904 65.069 65.469 64.751 64.731 64.634 64.849 64.471 64.436 64.519 64.231 63.999 64.871 64.301 63.691 63.574 63.451 63.429 63.426 63.389 63.319 70.046 72.546 71.309 71.181 71.381 72.924 73.939 72.124 71.491 71.721 71.921 72.234 71.686 71.731 71.726 71.631 71.394 71.171 70.216 69.946 69.731 69.524 69.056 69.199 68.024 67.791 67.599 67.394 65.191 65.141 65.939 66.099 66.246 65.479 64.896 62.069 57.876 58.931 58.674 57.939 57.961
66.934 66.896 66.109 65.401 65.346 65.166 65.209 67.024 65.024 64.994 65.101 65.191 64.874 64.849 64.821 64.664 64.561 64.744 64.261 64.131 65.024 66.904 66.239 63.754 63.601 63.474 63.481 63.479 63.451 63.386 63.414 66.336 66.154 65.059 68.994 72.059 70.064 72.319 70.159 70.389 70.859 71.226 71.159 71.009 70.629 70.826 71.099 71.246 70.709 70.884 70.961 70.844 70.634 70.374 69.394 69.154 68.961 68.731 67.354 68.734 67.589 67.404 67.469 67.484 67.321 67.124 66.946 66.759 59.674 58.119 57.924
