dsm/se3132_DSM_2M.asc
ncols 500
nrows 500
xllcorner    431000
yllcorner    432000
cellsize     2
NODATA_value -9999
[rows 256 to 287 of 500, columns 360 to 431 of 500]
34.974 35.006 35.027 35.087 35.144 35.116 35.141 35.249 35.137 38.582 40.76 40.359 40.298 35.873 35.683 36.148 35.692 35.712 35.741 35.786 35.8 35.781 35.807 35.882 36.976 41.694 41.958 39.785 38.408 40.136 38.687 40.078 36.843 39.748 42.382 38.097 39.499 39.82 36.973 36.066 36.195 36.325 36.393 36.529 36.499 36.608 36.662 36.691 36.767 36.821 36.802 36.813 36.945 37.149 37.961 37.383 37.494 41.204 41.913 41.589 42.722 40.695 38.199 38.219 38.117 38.062 38.06 38.062 38.073 38.062 38.088 38.075
34.911 34.997 34.98 35.025 35.052 35.062 35.058 35.047 35.041 36.875 38.741 39.976 38.972 36.306 35.724 35.656 35.795 35.746 35.734 35.876 36.755 38.847 38.159 43.085 46.033 44.307 46.066 44.924 42.001 44.147 44.046 43.394 37.992 36.354 40.539 39.641 36.01 36.062 36.168 36.222 36.337 36.356 36.417 36.46 36.497 36.615 36.609 36.617 36.713 36.699 36.809 38.73 38.245 40.14 39.929 37.926 39.565 42.145 42.242 42.166 42.922 43.15 44.042 42.832 41.551 38.126 38.006 38.055 38.074 38.057 38.048 38.047
35.003 34.982 34.986 35.044 35.041 35.025 35.04 35.013 35.067 39.266 39.478 39.491 37.065 35.68 35.822 36.069 36.193 35.918 35.741 38.024 44.239 40.285 43.017 44.303 47.038 48.188 47.04 47.04 43.065 43.6 43.697 41.264 36.318 35.832 35.866 35.966 36.069 36.174 36.216 36.266 36.317 36.383 36.524 36.449 36.474 36.542 36.591 36.574 36.699 37.816 38.966 41.457 41.85 42.011 42.317 40.223 38.191 42.254 42.193 43.098 44.012 43.694 45.008 45.22 44.531 38.223 38.024 37.982 38.023 38.053 38.043 38.006
34.926 34.96 34.949 34.995 36.27 35.4 34.931 34.924 35.001 38.131 39.775 39.278 36.311 35.817 36.599 36.867 36.789 36.834 36.292 42.487 44.829 40.195 42.95 40.742 46.423 47.078 47.451 46.18 38.887 37.261 39.304 36.803 36.322 35.872 35.949 36.018 36.123 36.192 36.231 36.288 36.314 36.382 36.342 36.398 36.446 36.403 36.527 36.749 38.725 39.484 43.359 44.339 42.769 44.445 43.665 39.611 40.293 41.929 42.403 43.234 44.371 43.696 44.413 45.669 45.193 42.074 38.035 37.986 38.02 37.983 37.969 37.985
34.852 34.937 34.884 35.018 37.193 37.621 35.566 34.967 34.95 36.033 37.242 38.422 36.764 35.83 36.746 36.904 36.874 36.484 35.655 42.168 45.944 45.996 42.695 44.316 45.803 46.539 46.474 44.154 36.567 35.67 35.726 35.82 35.86 35.886 36.058 36.076 36.17 36.162 36.236 36.276 36.315 36.3 36.324 36.363 36.352 36.603 39.898 40.785 41.618 42.568 43.869 44.684 44.51 44.922 41.91 41.654 37.19 40.903 41.772 42.396 40.319 43.308 43.747 44.479 44.486 44.362 39.562 38.024 37.991 37.967 38.033 37.98
34.681 34.701 34.756 36.653 37.212 37.087 37.212 35.138 34.921 35.126 35.36 35.722 35.231 35.402 35.237 35.302 35.544 35.291 35.301 37.781 44.547 40.089 38.609 36.623 36.484 39.305 42.088 37.965 35.747 35.796 35.845 35.857 35.948 36.032 36.076 36.072 36.099 36.16 36.183 36.216 36.191 36.226 36.233 36.476 38.931 40.363 41.19 42.78 42.986 42.968 40.175 38.818 42.151 43.585 42.445 41.369 37.972 37.693 40.948 42.271 41.369 39.244 39.895 43.399 44.24 43.865 39.83 37.99 37.977 37.923 37.954 37.982
34.521 34.547 34.58 34.668 35.138 35.283 35.001 34.848 34.83 34.893 34.915 34.988 35.016 35.397 35.008 35.09 35.176 35.202 35.276 35.307 36.683 35.369 35.457 35.514 35.581 35.615 35.73 35.78 35.771 35.806 35.865 35.882 35.909 35.953 36.016 36.007 36.073 36.085 36.139 36.166 36.23 36.334 37.68 39.138 40.889 40.724 40.644 42.676 42.914 42.231 38.45 39.981 43.038 43.142 44.109 43.006 41.268 37.234 40.565 41.429 42.494 42.271 42.597 43.703 43.119 42.465 41.051 38.643 37.918 37.904 37.928 37.981
34.557 34.6 34.63 34.646 34.705 34.716 34.749 34.787 34.797 34.891 34.942 35.039 35.023 35.116 35.15 35.169 35.219 35.314 35.328 35.352 35.403 35.439 35.512 35.592 35.635 35.661 35.703 35.756 35.739 35.819 35.843 35.861 35.842 35.915 35.945 35.969 35.992 36.064 36.12 36.226 36.377 39.259 40.258 40.51 40.366 40.233 39.593 40.576 43.28 42.477 41.088 40.009 41.268 43.796 43.006 43.257 41.717 40.783 37.305 40.484 41.885 39.404 41.576 41.201 42.81 42.157 41.907 41.651 38.423 37.904 37.897 37.881
34.656 34.636 34.726 34.745 34.786 34.82 34.858 34.883 34.987 35.004 35.091 35.087 35.12 35.115 35.19 35.268 35.277 35.333 35.373 35.415 35.488 35.513 35.58 35.567 35.623 35.632 35.705 35.678 35.766 35.808 35.787 35.854 35.86 35.824 35.918 35.928 36.039 36.174 36.273 37.469 39.353 40.055 40.366 39.567 38.621 36.5 37.142 37.26 38.016 39.732 39.61 38.864 39.996 42.093 41.915 42.936 42.082 42.334 41.313 37.276 39.624 40.715 41.705 41.641 43.059 40.219 42.785 41.919 41.6 38.945 38.488 37.847
34.644 34.678 34.813 34.773 34.798 34.854 34.932 34.909 35.016 35.029 35.093 35.13 35.152 35.176 35.253 35.253 35.339 35.268 35.343 35.371 35.434 35.454 35.463 35.571 35.576 35.591 35.661 35.652 35.697 35.684 35.709 35.766 35.898 35.968 36.061 36.524 37.797 38.607 39.367 39.128 39.176 39.483 39.533 37.346 36.349 36.414 36.437 36.679 36.363 36.317 38.021 37.817 38.927 40.142 41.455 41.348 42.093 42.118 41.432 36.974 36.763 39.102 41.308 42.233 43.682 42.985 43.298 42.705 42.908 42.562 39.962 37.85
34.592 34.66 34.746 34.702 34.814 34.852 34.876 34.969 34.981 35.026 35.058 35.035 35.134 35.146 35.172 35.182 35.263 35.246 35.343 35.365 35.425 35.41 35.455 35.491 35.521 35.509 35.599 35.641 35.707 35.776 35.833 35.897 36.141 38.556 40.056 41.04 40.577 40.492 39.799 39.649 37.357 37.523 36.267 36.317 36.238 36.254 36.292 36.197 36.267 36.159 36.232 37.389 37.421 36.793 38.457 41.991 39.694 41.68 42.02 39.933 37.505 36.839 40.47 41.019 43.122 43.251 42.761 42.142 43.091 43.537 40.691 38.449
34.61 34.602 34.637 34.697 34.768 34.797 34.817 34.867 34.952 34.932 35 35.061 35.058 35.097 35.17 35.185 35.2 35.166 35.252 35.328 35.341 35.408 35.479 35.554 35.58 35.616 35.724 35.828 37.34 38.105 41.148 42.356 41.945 39.909 41.075 41.946 42.041 40.397 37.306 36.773 36.461 36.276 36.2 36.234 36.212 36.117 36.118 36.153 36.106 36.093 36.008 36.118 36.044 37.979 37.507 37.648 42.384 42.537 43.46 40.616 39.692 36.836 36.678 37.115 39.916 42.068 41.763 42.466 41.523 42.834 43.729 42.293
34.537 34.538 34.597 34.606 34.656 34.735 34.801 34.769 34.896 34.906 34.975 35 35.026 35.096 35.083 35.249 35.214 35.296 35.353 35.444 35.467 35.5 35.535 35.651 36.943 39.122 38.959 38.559 39.894 40.755 42.144 39.522 43.186 43.797 43.255 38.414 40.397 37.705 36.213 36.754 36.351 36.077 36.237 36.169 36.094 36.096 36.093 36.063 36.029 36.029 36.039 35.954 35.912 36.015 36.488 37.503 39.852 40.665 42.373 41.867 41.367 38.144 36.701 36.746 38.879 40.526 40.603 41.245 41.798 43.162 44.163 43.623
34.811 34.774 34.827 34.812 34.842 34.903 34.926 34.966 35.664 36.102 36.555 35.927 35.263 35.519 37.59 36.068 35.322 35.386 35.391 35.416 35.473 35.525 37.68 39.213 39.834 41.175 41.332 42.488 39.872 41.913 42.593 42.694 41.547 41.035 40.133 40.607 40.007 36.089 36.104 36.047 36.116 36.143 36.194 36.129 36.025 35.984 35.976 36.058 35.994 36.031 35.906 35.858 35.832 35.938 36.17 36.437 36.543 37.724 37.535 39.015 41.348 42.31 37.235 36.689 36.727 39.153 39.684 40.985 42.088 42.534 43.735 42.899
37.787 37.67 37.643 38.565 38.213 37.854 38.785 36.738 39.315 40.615 39.329 39.146 42.329 39.57 39.183 37.422 35.665 35.393 35.432 35.444 35.53 38.386 39.569 42.564 40.934 41.254 41.804 42.776 42.282 38.005 42.003 39.186 37.173 39.594 39.193 36.655 36.152 36.04 36.055 35.979 36.021 35.962 36.045 36.075 36.008 35.935 35.971 35.936 36.086 35.971 35.876 35.835 35.828 35.786 35.851 35.979 36.144 37.846 38.614 37.096 38.446 39.374 37.439 36.896 36.582 38.684 37.755 39.812 41.261 41.135 42.415 43.111
37.901 37.453 37.698 38.252 41.321 42.104 37.511 39.135 41.603 41.825 41.511 42.296 43.372 43.374 39.854 40.808 37.735 37.037 35.454 35.431 35.499 38.645 40.303 42.204 42.646 38.277 40.475 42.3 42.502 39.077 39.578 37.327 36.565 36.838 36.377 36.062 35.924 35.838 35.895 35.888 35.936 36.004 36 36.114 35.962 35.873 35.874 35.901 35.924 35.976 35.83 35.788 35.787 35.806 35.77 35.813 35.807 35.867 35.95 36.162 36.39 37.032 37.075 37.092 36.682 36.577 36.695 39.329 41.233 41.941 42.452 40.736
36.991 37.211 37.884 38.465 40.693 41.354 40.468 40.417 43.797 37.751 43.855 42.493 44.303 45.521 42.284 41.211 41.234 39.703 38.025 38.306 39.523 40.054 40.08 41.419 42.739 41.458 40.777 42.191 41.849 40.938 37.212 36.746 36.634 36.372 36.161 36.025 35.839 35.782 35.783 35.869 35.953 36.127 35.918 36.005 36.042 35.942 35.867 35.979 35.931 35.85 35.781 35.731 35.737 35.749 35.782 35.646 35.713 35.713 35.738 35.87 36.085 36.345 36.517 36.642 36.583 36.507 36.43 37.188 39.795 40.929 42.679 40.78
34.129 35.875 36.987 37.85 39.572 42.226 41.46 41.461 42.762 43.502 42.54 43.502 41.033 42.508 44.322 42.609 40.165 42.048 41.228 40.744 41.217 41.95 40.125 42.492 41.304 42.319 42.17 41.116 39.718 37.617 36.617 36.598 36.439 36.171 35.95 35.918 35.816 35.719 35.989 35.862 35.902 35.675 35.748 36.068 35.755 35.876 35.82 35.815 35.771 35.737 35.72 35.694 35.825 35.841 35.753 36.01 35.684 35.581 35.599 35.666 35.728 36.011 36.244 36.458 36.538 36.513 36.449 36.376 36.526 39.212 40.501 41.507
33.62 33.641 34.42 36.951 39.221 40.846 39.679 40.796 42.148 44.748 45.401 45.328 41.874 37.662 36.926 37.244 41.646 42.132 43.076 41.922 42.524 42.271 43.034 43.22 39.838 42.984 43.473 42.049 38.276 36.688 36.527 36.517 36.202 35.999 35.951 36.014 35.814 35.709 35.747 35.801 35.732 35.821 35.93 35.75 35.776 35.724 35.762 35.726 35.777 35.693 35.673 35.704 35.691 35.748 35.63 35.625 35.519 35.643 35.566 35.501 35.514 35.588 35.909 36.17 36.299 36.441 36.555 36.495 36.352 36.487 38.736 41.07
33.211 33.338 33.411 36.496 37.15 37.955 38.225 41.444 42.975 43.869 43.813 42.78 41.555 36.887 38.478 36.914 43.15 38.367 42.278 38.999 43.033 42.719 41.485 37.973 41.714 43.254 44.195 43.624 38.918 36.578 36.432 36.167 36.208 35.87 35.818 36.064 35.832 35.722 35.665 35.666 35.754 35.667 35.65 35.702 35.699 35.677 35.685 35.677 35.707 35.692 35.682 35.664 35.685 35.627 35.575 35.629 35.537 35.465 35.416 35.441 35.443 35.417 35.537 35.709 36.033 36.176 36.302 36.331 36.292 36.306 37.725 41.554
33.172 33.281 33.2 33.314 34.547 37.371 37.847 38.152 41.268 39.2 43.211 41.758 40.102 41.382 41.543 36.921 36.686 38.38 42.613 41.642 37.043 40.307 42.371 42.095 42.813 43.642 43.531 39.756 37.045 36.294 36.291 36.005 35.842 35.819 35.779 35.693 35.758 35.703 35.696 35.62 35.754 35.68 35.682 35.678 35.646 35.64 35.658 35.64 35.615 35.598 35.647 35.675 35.62 35.608 35.647 35.62 35.501 35.549 35.474 35.433 35.37 35.434 35.406 35.468 35.692 35.943 36.052 36.306 36.308 36.259 36.333 41.443
33.041 33.175 33.209 33.147 33.145 34.198 37.19 37.165 38.926 40.098 37.577 39.527 39.965 40.185 41.197 39.498 40.258 40.992 38.378 40.336 40.804 42.407 36.596 42.306 42.432 38.354 41.046 37.498 36.277 36.077 36.073 35.879 35.939 35.92 35.78 35.72 35.698 35.587 35.519 35.517 35.588 35.688 35.643 35.593 35.637 35.566 35.565 35.623 35.573 35.542 35.537 35.58 35.589 35.572 35.592 35.603 35.563 35.568 35.531 35.459 35.442 35.464 35.354 35.376 35.381 35.597 35.763 35.99 36.111 36.216 36.166 36.78
32.905 32.929 32.989 33.114 33.062 32.973 33.355 36.189 38.821 40.979 40.469 37.554 39.796 38.854 38.977 36.007 38.502 37.906 40.41 40.313 41.954 37.967 41.723 40.697 39.617 39.302 37.255 36.188 36.115 35.862 35.851 35.798 35.647 35.787 35.766 35.745 35.751 35.588 35.473 35.449 35.468 35.522 35.593 35.488 35.447 35.518 35.439 35.471 35.514 35.507 35.503 35.514 35.462 35.477 35.5 35.406 35.454 35.435 35.437 35.414 35.379 35.337 35.34 35.27 35.327 35.319 35.441 35.802 35.971 36.161 36.136 36.113
32.992 32.995 32.924 33 33.032 32.959 32.85 34.219 35.964 37.708 37.668 39.071 38.509 38.608 39.056 39.628 41.049 40.499 37.901 39.195 37.147 40.754 40.582 40.6 39.733 36.215 35.96 35.897 35.748 35.671 35.572 35.619 35.619 35.628 35.678 35.503 35.591 35.421 35.485 35.543 35.451 35.434 35.458 35.453 35.481 35.448 35.475 35.447 35.482 35.488 35.448 35.441 35.446 35.477 35.456 35.462 35.529 35.424 35.44 35.432 35.347 35.291 35.251 35.231 35.211 35.213 35.304 35.452 35.717 35.9 36.055 36.093
33.323 32.943 32.822 32.908 32.992 32.976 32.902 32.841 33.731 35.25 36.432 37.474 37.532 37.964 38.361 38.788 38.92 39.391 40.215 40.949 39.44 40.68 41.442 40.088 37.424 35.91 35.787 35.66 35.538 35.76 35.743 35.504 35.58 35.627 35.593 35.634 35.632 35.549 35.474 35.481 35.4 35.4 35.413 35.447 35.414 35.394 35.413 35.417 35.416 35.434 35.436 35.414 35.449 35.46 35.402 35.481 35.452 35.392 35.389 35.346 35.318 35.27 35.271 35.209 35.229 35.174 35.252 35.354 35.514 35.654 35.824 36.063
33.356 33.144 32.87 32.829 32.772 32.874 32.881 32.799 32.836 32.85 33.852 35.772 36.794 37.678 37.358 38.022 38.809 39.794 39.657 40.451 40.663 41.439 41.776 41.03 38.152 35.629 35.48 35.548 35.848 35.756 35.768 35.63 35.561 35.619 35.588 35.658 35.659 35.465 35.38 35.352 35.331 35.333 35.366 35.344 35.395 35.376 35.407 35.508 35.423 35.356 35.394 35.42 35.397 35.384 35.393 35.442 35.401 35.342 35.325 35.377 35.338 35.293 35.282 35.223 35.182 35.216 35.221 35.164 35.265 35.393 35.586 35.833
33.719 33.22 34.611 32.925 32.753 32.767 32.808 32.671 32.747 32.774 32.8 32.994 35.435 36.341 36.822 39.075 39.983 39.865 39.811 40.584 39.622 41.381 39.976 40.71 39.377 36.187 35.794 35.794 35.466 35.75 35.818 35.653 35.558 35.564 35.549 35.524 35.445 35.374 35.305 35.306 35.286 35.334 35.36 35.303 35.434 35.378 35.388 35.406 35.398 35.397 35.316 35.37 35.325 35.337 35.344 35.304 35.347 35.356 35.324 35.43 35.389 35.295 35.303 35.244 35.244 35.234 35.175 35.131 35.079 35.19 35.406 35.648
33.435 35.401 38.038 36.561 32.824 32.735 32.712 32.661 32.802 32.78 32.675 32.694 32.731 33.378 34.958 36.804 38.383 38.382 38.776 38.642 38.569 39.876 40.036 40.473 40.694 38.8 35.384 35.481 35.564 35.67 35.536 35.488 35.537 35.533 35.544 35.533 35.413 35.326 35.276 35.248 35.301 35.334 35.346 35.335 35.318 35.39 35.37 35.365 35.317 35.374 35.317 35.285 35.366 35.286 35.268 35.373 35.322 35.341 35.261 35.317 35.399 35.279 35.257 35.264 35.177 35.152 35.173 35.159 35.1 35.116 35.184 35.453
33.455 35.102 37.753 37.401 32.834 32.624 32.71 32.632 32.644 32.688 32.686 32.55 32.607 32.539 32.593 33.068 36.424 37.055 37.914 37.909 37.006 38.23 39.724 39.498 39.951 38.466 35.405 35.399 35.503 35.56 35.632 35.506 35.594 35.56 35.574 35.454 35.384 35.4 35.345 35.296 35.26 35.348 35.307 35.256 35.302 35.24 35.344 35.282 35.365 35.28 35.258 35.295 35.237 35.227 35.249 35.218 35.254 35.284 35.251 35.331 35.278 35.294 35.272 35.21 35.159 35.136 35.129 35.02 35.032 35.042 35.08 35.119
33.322 33.348 33.973 33.577 33.245 32.964 34.399 32.577 32.584 32.602 32.516 32.502 32.506 32.503 32.516 32.607 33.893 35.595 36.755 36.551 36.257 37.172 38.65 39.1 39.511 38.522 37.68 35.453 35.481 35.586 35.522 35.471 35.502 35.627 35.503 35.473 35.392 35.283 35.349 35.332 35.381 35.813 35.406 35.245 35.082 35.224 35.22 35.319 35.27 35.252 35.216 35.282 35.226 35.215 35.201 35.224 35.268 35.251 35.224 35.264 35.284 35.228 35.231 35.11 35.087 35.073 35.085 35.104 35.088 35.037 34.993 35.068
33.339 33.268 33.314 33.258 33.221 34.882 35.197 32.745 32.638 32.743 32.553 32.444 32.488 32.502 32.498 32.499 32.611 32.581 34.793 35.864 35.529 36.853 38.33 38.824 38.993 39.081 38.115 37.416 36.045 35.53 35.478 35.509 35.539 35.564 35.461 35.558 35.536 35.365 35.257 35.3 35.345 35.422 35.249 35.199 35.127 35.115 35.219 35.225 35.199 35.229 35.231 35.106 35.179 35.183 35.212 35.231 35.2 35.175 35.203 35.284 35.283 35.254 35.196 35.095 35.016 35.056 35.053 34.999 35.082 34.959 35.045 34.965
33.345 33.311 33.242 33.241 33.246 33.559 33.528 33.176 32.917 32.569 32.572 32.431 32.422 32.369 32.39 32.458 32.471 32.51 32.616 35.006 36.341 37.559 38.143 37.944 37.982 39.726 39.323 39 38.623 38.46 36.025 35.605 35.499 35.399 35.546 35.464 35.359 35.251 35.296 35.238 35.227 35.218 35.237 35.113 35.106 35.099 35.118 35.16 35.159 35.16 35.16 35.139 35.203 35.165 35.154 35.21 35.275 35.127 35.203 35.152 35.252 35.236 35.155 35.08 34.927 34.93 35.046 35.01 35.068 35.031 34.991 34.948
