dsm/se3134_DSM_2M.asc
ncols 500
nrows 500
xllcorner    431000
yllcorner    434000
cellsize     2
NODATA_value -9999
[rows 32 to 63 of 500, columns 426 to 496 of 500]
68.372 69.449 69.854 70.044 69.829 69.512 69.827 70.022 70.139 69.252 70.102 67.792 61.274 61.492 61.612 61.589 62.579 61.622 61.662 61.652 61.607 61.562 62.797 61.594 61.667 64.677 68.487 69.897 69.604 68.207 68.579 68.744 68.797 68.867 68.889 68.902 68.904 68.894 68.854 71.197 73.549 73.484 73.449 73.344 73.252 73.792 73.952 73.907 73.859 73.827 73.807 74.147 73.897 73.854 74.314 74.257 73.662 74.189 74.109 73.739 73.554 67.632 66.364 68.932 68.987 71.982 71.999 75.972 76.389 75.364 75.287
67.157 69.219 69.239 69.274 69.324 69.649 70.152 70.679 70.374 71.124 71.009 70.484 60.572 61.389 61.504 61.577 61.669 61.614 61.662 61.652 61.609 61.574 61.747 61.582 61.662 64.619 68.424 69.819 69.647 68.279 68.499 68.044 67.849 67.762 67.709 67.624 67.559 67.467 67.394 70.529 72.259 72.152 72.099 71.967 72.567 72.592 73.037 72.999 72.757 73.682 73.682 72.997 72.804 72.714 72.672 73.157 72.859 72.912 72.544 72.387 69.467 67.577 66.514 68.409 68.932 68.924 68.954 67.594 67.437 67.329 67.152
61.537 65.179 68.029 69.157 68.254 69.214 69.592 69.937 70.102 70.617 71.964 71.802 61.532 61.377 61.457 61.584 62.239 61.602 61.652 61.644 61.622 61.587 61.502 61.557 61.644 64.572 68.357 69.764 69.742 68.349 68.432 67.989 66.334 66.277 66.207 66.129 66.062 66.189 65.509 66.627 68.282 67.714 68.697 66.727 65.497 64.499 64.747 65.239 64.069 64.659 64.349 64.889 64.764 64.917 65.054 65.322 65.362 65.434 65.669 65.674 65.844 67.592 66.559 67.654 68.889 68.904 68.922 66.977 66.812 66.844 66.969
60.112 60.202 59.987 60.122 60.307 65.957 67.774 68.739 69.909 69.637 70.967 71.159 60.349 61.677 61.992 62.752 61.839 61.592 61.644 61.654 61.634 61.569 61.532 61.589 61.634 64.537 68.277 69.682 69.814 68.422 62.164 62.102 62.472 62.717 62.672 62.792 62.952 63.039 63.117 63.789 63.614 63.619 64.544 63.759 64.227 65.174 64.204 64.269 65.564 64.557 64.569 64.882 64.837 64.859 64.947 65.322 65.274 65.359 65.677 65.652 65.702 67.304 66.232 66.287 68.134 67.787 67.637 67.704 67.592 67.344 66.867
62.334 61.989 59.947 62.692 60.217 60.352 60.604 62.107 63.307 67.279 70.964 69.847 64.332 61.689 61.867 63.082 61.619 61.592 61.622 61.692 61.664 61.827 61.484 61.552 61.712 63.734 68.204 69.607 69.877 68.477 62.599 62.527 62.459 63.272 62.672 62.797 62.934 63.049 63.114 63.687 63.577 63.512 64.959 63.757 64.077 65.184 64.749 64.124 65.247 65.112 64.519 64.564 64.689 64.739 64.819 64.924 65.017 65.107 65.207 65.299 65.387 65.504 65.537 65.654 65.809 65.904 66.012 66.099 66.189 66.269 66.372
59.592 59.729 59.949 60.347 60.659 60.832 60.574 60.547 60.599 61.502 61.074 60.454 61.147 61.629 61.804 63.324 61.622 61.584 61.619 61.649 61.707 61.939 61.497 61.559 61.662 62.862 65.457 64.802 64.302 63.509 62.252 62.302 62.392 62.502 62.599 62.697 62.872 62.997 63.099 63.204 63.289 63.404 63.489 63.567 63.672 63.779 64.079 64.737 64.047 64.532 65.459 64.699 64.469 64.587 64.694 64.809 64.917 65.027 65.149 65.264 65.364 66.064 66.412 65.869 65.814 65.947 66.062 66.144 66.244 66.342 66.459
59.619 59.729 59.837 59.952 60.064 60.222 60.354 60.734 60.829 60.834 61.132 61.222 61.462 61.727 61.812 63.687 61.647 61.657 61.602 61.689 61.639 61.599 61.517 61.487 61.532 61.579 61.734 61.832 61.912 62.019 62.109 62.227 62.329 62.444 62.552 62.664 62.789 62.884 62.997 63.104 63.217 63.332 63.444 63.569 63.667 63.782 63.914 64.012 64.117 64.232 64.334 64.442 64.547 64.649 64.777 64.872 64.977 65.099 65.222 65.317 65.447 65.542 65.667 65.769 65.864 65.972 66.072 66.182 66.269 66.349 66.472
59.642 59.759 59.874 59.982 60.094 60.219 60.307 60.424 60.572 60.719 60.869 61.182 63.407 62.862 61.919 63.599 61.669 61.672 61.597 61.654 61.649 61.599 61.537 61.494 61.499 61.584 61.699 61.822 61.944 62.047 62.164 62.277 62.409 62.514 62.622 62.737 62.847 62.957 63.062 63.169 63.272 63.379 63.489 63.607 63.699 63.809 63.922 64.017 64.137 64.229 64.352 64.429 64.524 64.637 64.727 64.812 64.949 65.049 65.152 65.254 65.357 65.464 65.577 65.677 67.339 66.714 65.992 66.074 66.167 66.272 66.367
59.619 59.757 59.887 60.004 60.124 60.239 60.354 61.482 60.914 60.689 60.799 60.927 61.107 61.249 61.914 63.097 61.617 61.654 61.612 61.649 61.659 61.614 61.549 61.512 61.532 61.602 61.734 61.849 61.957 62.047 62.167 62.267 62.374 62.494 62.577 62.709 62.792 62.909 63.004 63.104 63.224 63.327 63.419 63.524 63.619 63.732 63.824 63.934 64.027 64.122 64.224 64.332 64.429 64.522 64.637 64.747 64.864 64.972 65.094 65.187 65.292 65.404 65.514 65.654 65.807 65.899 66.014 66.109 66.212 66.312 66.427
59.552 59.667 59.837 59.979 60.117 60.252 60.379 60.487 60.992 60.744 60.819 60.939 61.062 61.174 61.272 61.437 61.497 61.537 61.587 61.649 61.654 61.614 61.572 61.522 61.534 61.597 61.707 62.224 63.209 62.989 62.339 62.197 62.287 62.389 62.497 62.617 62.737 62.852 62.957 63.067 63.179 63.294 63.412 63.537 63.662 63.767 63.874 63.977 64.092 64.202 64.312 64.407 64.542 64.657 64.844 65.042 65.322 65.209 65.444 65.634 65.512 65.569 67.024 65.832 66.522 69.319 66.092 66.137 66.489 66.662 66.604
59.619 59.759 59.897 59.969 60.039 60.189 60.334 60.477 60.617 60.737 60.844 60.952 61.109 62.422 61.479 61.377 61.464 61.667 61.592 61.647 61.664 61.637 61.584 61.534 61.487 61.579 61.727 61.834 61.937 62.069 62.187 63.097 64.422 62.769 63.209 63.024 62.979 63.239 63.704 63.504 63.492 63.717 63.719 65.442 64.082 64.007 63.889 64.012 64.187 64.219 64.907 64.527 64.642 64.732 64.789 64.852 65.957 65.199 65.504 65.997 65.419 65.462 66.009 65.877 65.927 68.024 66.199 66.179 66.539 66.497 66.714
59.649 59.697 62.104 60.054 60.172 60.294 60.382 61.064 63.052 62.394 60.839 60.972 61.089 61.209 61.312 61.399 61.449 61.572 61.572 61.639 61.667 61.642 61.599 61.534 61.579 61.642 61.724 61.837 61.917 62.037 62.149 64.904 62.582 62.587 62.752 62.887 62.904 62.957 63.287 63.317 64.282 63.739 63.552 65.812 66.519 63.862 63.859 64.042 64.039 64.159 64.682 64.709 65.102 64.734 64.907 64.709 64.679 65.522 66.642 65.927 67.257 67.512 68.359 71.844 72.597 71.792 72.917 74.584 74.127 73.952 75.912
59.547 59.644 59.997 60.142 60.207 60.662 60.544 60.614 60.702 61.459 60.939 61.622 62.322 61.197 61.314 61.404 61.462 61.494 61.552 61.612 61.664 61.654 61.629 61.869 61.747 61.654 61.754 61.832 62.292 61.989 62.082 64.544 63.869 62.884 63.349 62.632 63.437 64.894 62.959 64.147 65.572 66.397 68.304 67.684 70.599 68.922 71.054 71.167 71.447 71.467 72.342 72.887 72.484 72.517 72.547 72.622 73.249 74.082 73.407 73.479 73.579 73.822 74.997 75.762 75.097 75.244 75.354 75.409 76.479 76.094 76.244
68.452 65.107 62.492 61.967 60.314 60.567 60.577 60.747 61.087 61.204 61.297 61.029 61.179 61.279 61.337 61.394 61.459 61.469 61.547 61.622 61.677 61.672 61.642 61.724 61.634 61.684 61.732 69.064 68.734 68.894 69.269 69.322 70.482 71.797 70.599 70.639 70.459 70.759 71.459 71.507 71.564 71.969 72.374 72.357 72.472 72.474 72.549 72.622 73.344 72.824 73.724 73.904 73.712 73.764 73.789 73.882 74.582 74.619 74.712 74.792 74.837 74.922 76.427 76.487 76.562 76.662 76.687 76.739 76.927 77.364 77.344
68.442 68.479 68.189 67.899 67.734 66.784 60.552 60.522 60.884 60.962 62.909 62.917 61.269 61.384 61.472 61.544 61.562 61.489 61.567 61.644 61.694 61.687 61.669 61.687 62.199 61.689 61.999 69.932 70.652 70.744 70.809 71.477 72.007 72.062 72.137 72.184 72.244 72.292 72.779 72.814 72.884 72.924 72.924 73.032 73.727 73.769 73.834 73.839 73.804 73.852 74.589 74.527 74.539 74.549 74.474 74.429 74.969 74.899 74.834 74.794 74.712 74.667 76.009 75.924 75.834 76.389 75.669 75.619 75.824 76.054 76.402
69.407 69.649 69.322 69.022 69.512 69.294 69.307 69.199 68.427 65.772 65.307 65.869 65.662 65.437 64.942 61.652 61.624 61.597 61.567 61.647 61.707 61.714 61.684 61.632 62.474 61.682 62.187 69.277 73.037 72.017 72.009 71.969 72.957 72.884 72.839 72.779 72.687 72.647 72.847 72.774 72.707 72.664 72.589 72.572 73.334 72.954 72.899 72.872 72.189 72.709 74.032 73.262 73.229 73.227 73.919 73.504 73.784 73.542 73.524 73.482 74.107 73.344 74.557 75.487 74.552 74.324 74.694 75.397 74.159 74.612 76.434
68.399 69.064 69.372 69.677 69.724 69.504 69.362 69.402 69.392 69.194 69.162 68.882 68.407 66.512 65.514 62.084 61.657 61.569 61.557 61.654 61.714 61.732 61.699 61.639 61.612 61.687 63.607 67.619 70.862 70.697 70.834 71.167 71.817 71.804 71.832 71.164 72.009 71.162 72.632 72.404 72.404 71.917 72.449 72.437 71.792 71.364 71.667 71.604 71.362 71.484 71.957 70.984 69.559 71.254 70.932 68.029 66.862 67.987 68.322 66.074 65.317 64.477 67.587 66.632 65.472 66.982 66.047 66.039 66.312 66.682 66.832
67.032 67.912 68.077 69.307 68.884 69.144 69.494 69.769 69.729 69.709 70.227 69.942 69.662 69.297 65.632 61.944 61.664 61.617 61.572 61.657 61.729 61.737 61.712 61.657 62.977 61.722 62.747 66.132 70.402 69.454 70.049 68.679 69.984 70.459 67.992 66.594 66.157 68.017 65.907 64.444 63.317 64.714 63.587 62.852 64.117 63.799 64.012 64.047 64.142 64.097 64.602 64.467 64.542 64.769 64.797 64.894 64.972 64.959 64.967 65.119 65.079 65.119 66.424 65.434 65.627 66.794 66.189 65.682 66.692 66.337 66.247
59.414 60.301 65.421 67.061 68.529 68.264 68.344 68.409 68.936 70.389 70.674 70.879 70.766 70.496 65.824 62.364 61.674 61.636 62.711 61.666 61.726 61.756 61.734 61.681 63.189 61.709 61.804 65.427 65.819 65.777 65.762 65.737 62.652 62.662 62.822 62.967 63.019 63.114 63.414 63.427 63.307 63.649 63.507 63.587 63.844 63.782 63.794 64.012 63.997 64.052 64.574 64.467 64.434 64.804 64.689 64.884 64.972 64.914 64.952 65.034 65.074 65.269 65.922 65.967 65.452 65.969 65.824 65.602 65.697 65.779 65.852
59.851 59.901 60.034 60.176 60.856 61.286 64.191 67.499 67.796 69.551 69.611 69.936 70.211 70.566 66.596 62.939 61.689 61.649 62.419 61.674 61.736 61.781 61.759 61.701 61.692 61.689 61.814 64.464 65.097 65.034 64.834 64.712 62.642 62.649 62.859 64.102 63.072 64.512 63.644 63.297 63.517 63.509 63.429 63.569 63.619 63.672 63.727 63.807 63.897 64.004 64.089 64.172 64.247 64.319 64.394 64.469 64.532 64.609 64.687 64.764 64.852 64.934 65.044 65.097 65.197 65.302 65.392 65.487 65.589 65.679 66.817
59.689 59.904 60.089 60.156 60.151 60.469 60.454 60.459 62.109 66.766 67.959 68.916 69.176 69.484 66.141 64.514 61.681 61.674 61.619 62.049 61.931 62.121 61.771 61.724 61.684 61.679 61.792 61.894 62.004 62.092 62.337 62.312 62.439 62.529 62.597 62.694 62.774 62.877 62.924 63.597 63.449 63.192 63.289 63.384 63.487 63.974 65.139 63.882 63.827 63.922 64.214 65.147 64.287 64.272 64.357 64.449 64.539 64.627 64.717 64.802 64.899 65.012 65.184 65.197 65.274 65.369 65.467 65.577 65.659 65.752 65.839
60.246 60.059 59.899 60.036 60.169 61.376 61.191 60.466 60.684 65.424 65.631 65.836 66.199 67.179 66.076 65.244 61.699 61.684 61.649 62.426 61.824 62.811 61.789 61.741 61.694 61.652 61.707 61.834 61.904 62.149 63.419 63.067 62.577 63.247 63.274 62.982 63.229 63.042 62.977 63.194 63.207 63.269 63.362 63.457 63.532 63.627 63.712 63.787 63.884 63.962 64.052 64.142 64.227 64.302 64.409 64.504 64.592 64.694 64.787 64.862 64.957 65.062 65.239 65.247 65.317 65.392 65.477 65.572 65.652 65.767 65.849
59.606 59.744 59.836 59.941 60.059 60.211 60.356 60.569 61.389 60.966 60.989 63.814 64.706 65.466 65.686 65.301 61.779 61.701 61.681 61.679 61.746 61.796 61.804 61.754 61.697 61.662 61.697 61.802 61.939 62.064 62.184 62.307 62.384 62.494 62.594 62.702 62.794 62.899 62.994 63.077 63.637 63.762 63.492 63.457 63.559 63.652 63.744 63.819 63.894 63.979 64.064 64.152 64.249 64.324 64.417 64.509 64.609 64.692 64.777 64.867 64.954 65.064 65.207 65.239 65.307 65.389 65.484 65.567 65.664 65.779 65.867
59.621 59.759 59.884 59.986 60.084 60.196 60.304 60.396 60.519 60.761 60.821 60.949 61.069 61.141 61.324 62.059 61.849 61.694 61.689 62.471 61.741 61.801 61.814 61.781 61.719 61.687 61.712 61.809 61.947 62.054 62.167 62.289 62.937 63.069 62.557 62.654 63.512 63.522 62.962 63.092 64.372 64.187 63.352 63.429 63.522 63.609 63.702 63.784 63.879 63.982 64.079 64.174 64.269 64.377 64.474 64.587 64.699 64.787 64.899 64.982 65.062 65.157 65.254 65.364 65.447 65.574 65.689 65.774 66.039 66.254 66.299
59.599 59.744 59.866 59.994 60.114 60.239 60.344 60.459 60.546 61.231 62.236 61.041 61.011 61.174 61.294 61.434 61.564 61.601 61.676 62.229 61.744 61.794 61.826 61.804 61.742 61.702 61.694 61.879 62.012 62.074 62.172 62.272 62.769 62.774 62.604 62.704 62.822 62.924 63.014 63.132 63.222 63.332 63.419 63.507 63.607 63.679 63.842 64.014 64.052 64.294 64.507 64.352 64.512 65.447 64.759 64.682 65.012 65.989 65.624 65.692 65.557 65.424 65.789 65.569 65.582 65.694 65.994 65.957 66.104 66.064 66.319
59.679 59.759 59.831 61.079 60.821 60.206 60.331 60.459 60.594 60.704 60.796 60.926 61.011 61.106 61.201 61.331 61.504 61.616 61.676 61.674 61.751 61.794 61.826 61.816 61.752 61.702 61.739 61.879 62.004 62.954 63.107 62.362 62.802 62.532 63.634 63.719 62.984 62.989 63.609 63.199 63.367 63.759 63.567 63.677 63.829 63.827 63.917 64.139 64.197 64.149 64.859 64.377 64.959 65.837 64.702 64.759 64.774 64.999 65.064 65.304 65.329 65.362 65.759 65.542 65.572 65.682 66.064 66.139 66.134 66.307 66.432
59.876 60.494 60.111 60.039 60.121 60.186 60.269 60.406 60.536 60.681 60.804 60.936 61.049 61.156 61.251 61.329 61.426 61.539 61.629 61.669 61.751 61.799 61.834 61.826 61.774 61.719 61.714 61.842 65.354 65.454 65.502 65.529 62.577 62.569 63.297 63.002 62.959 63.034 63.382 63.247 63.357 63.714 63.709 63.637 63.524 63.859 63.969 64.229 64.209 64.239 66.139 65.727 66.049 67.374 69.089 69.024 69.217 70.392 70.892 71.977 73.287 73.992 72.867 72.612 74.409 73.409 73.452 74.774 73.599 73.677 74.907
59.944 63.909 61.076 60.149 61.839 66.954 60.964 60.499 60.586 60.644 60.744 60.881 61.011 61.134 61.251 61.361 61.464 61.559 61.649 61.694 61.769 61.799 61.836 61.846 61.797 61.924 62.419 62.644 65.622 65.939 66.027 66.064 66.219 65.057 64.857 68.662 68.387 69.089 68.634 70.317 68.849 71.179 71.927 72.339 71.229 71.952 70.087 71.864 72.439 72.167 72.144 72.209 72.939 72.827 73.087 72.047 73.219 73.267 73.702 73.902 74.272 74.387 74.082 74.169 74.462 74.389 74.787 74.857 74.864 74.899 75.007
64.601 61.784 59.914 59.934 62.941 66.719 60.686 60.806 61.296 60.859 60.946 60.961 61.021 61.091 62.009 62.434 61.456 61.561 61.636 61.694 61.766 61.796 61.844 61.856 61.817 61.742 62.682 61.789 65.627 68.987 69.872 69.947 69.989 69.249 70.129 71.442 72.109 71.357 71.412 71.782 72.099 72.689 72.692 72.687 72.307 72.659 72.747 73.457 73.154 73.137 73.219 73.274 73.337 73.597 74.322 74.372 74.462 74.502 74.512 74.549 75.077 75.047 75.062 75.037 75.027 74.959 75.289 75.189 75.119 75.109 75.032
68.224 67.966 68.686 68.476 63.209 60.661 61.276 61.414 60.914 61.014 61.164 61.076 61.091 61.264 61.334 61.416 61.466 61.536 61.644 61.696 61.744 61.796 61.841 61.861 61.834 61.769 61.759 61.792 65.517 70.139 71.079 71.149 71.199 71.224 71.329 72.297 72.359 72.409 72.487 72.469 72.539 73.112 73.074 73.089 73.094 73.042 72.994 73.289 73.427 73.384 73.344 73.304 73.242 73.552 73.809 73.772 73.652 73.577 73.619 73.564 73.902 73.844 73.772 73.777 73.039 73.617 74.097 74.574 73.794 73.712 73.612
69.376 69.066 69.031 68.696 69.429 68.896 68.574 67.661 62.669 60.906 61.169 61.244 61.781 64.549 63.224 61.826 61.686 61.676 61.689 61.671 61.716 61.779 61.839 61.869 61.849 61.792 61.707 61.802 65.417 68.042 71.227 71.154 71.109 71.042 70.994 72.067 72.024 71.822 71.734 71.802 71.929 73.102 72.467 72.454 72.214 72.069 72.472 72.792 72.937 72.569 72.122 72.084 72.594 72.024 73.379 73.332 72.344 72.262 72.554 72.197 72.599 72.549 71.689 72.467 71.634 69.812 69.042 69.779 68.559 68.707 67.732
68.861 69.181 69.499 69.569 70.436 70.024 69.714 69.361 68.609 68.739 70.964 69.001 63.831 66.391 66.141 65.894 65.519 64.329 61.776 61.726 61.694 61.784 61.834 61.876 61.859 63.112 61.744 61.792 64.742 66.642 70.057 69.994 69.944 69.429 69.837 70.739 71.957 70.614 70.559 71.169 71.872 72.444 72.409 72.277 71.704 69.912 68.007 68.784 67.514 66.452 66.512 65.212 64.699 64.259 64.499 64.667 64.814 64.694 64.657 64.759 64.964 64.949 65.079 66.344 65.087 65.094 65.424 65.409 65.432 65.904 65.619
