dsm/se3135_DSM_2M.asc
ncols 500
nrows 500
xllcorner    431000
yllcorner    435000
cellsize     2
NODATA_value -9999
[rows 32 to 63 of 500, columns 142 to 212 of 500]
51.254 51.144 51.129 51.101 51.109 51.046 50.964 50.946 50.929 51.039 50.951 51.706 50.909 50.934 50.924 50.909 50.949 50.924 50.876 50.861 50.871 50.879 50.909 50.969 50.949 50.979 50.999 51.029 51.039 51.031 51.069 51.106 51.111 51.141 51.156 51.166 51.211 51.249 51.299 51.361 51.506 51.736 52.064 52.444 52.814 53.144 53.534 53.879 54.101 54.266 54.336 54.351 54.354 54.361 54.349 54.369 54.384 54.379 54.389 54.546 54.789 55.151 55.346 55.466 55.806 56.004 56.159 56.341 56.466 56.581 56.699
51.234 51.094 51.089 51.051 51.041 51.011 50.956 50.881 50.896 50.879 50.936 50.896 50.881 50.876 50.894 50.929 50.951 50.909 50.846 50.831 50.849 50.836 50.856 50.921 50.936 50.971 50.946 50.954 50.961 50.976 51.026 51.034 51.054 51.069 51.051 51.069 51.114 51.181 51.224 51.276 51.346 51.479 51.676 51.969 52.289 52.664 53.029 53.389 53.699 53.954 54.086 54.174 54.161 54.186 54.184 54.176 54.209 54.176 54.171 54.344 54.629 54.966 55.199 55.331 55.639 55.834 56.009 56.169 56.309 56.424 56.549
51.261 51.081 51.051 51.014 50.989 50.981 50.959 50.829 50.789 50.819 50.879 50.881 50.829 50.836 50.829 50.886 50.909 50.869 50.809 50.804 50.784 50.779 50.814 50.849 50.891 50.904 50.896 50.886 50.899 50.939 50.986 50.986 50.984 50.981 50.976 50.999 51.056 51.131 51.171 51.206 51.256 51.336 51.479 51.624 51.859 52.171 52.554 52.876 53.181 53.486 53.714 53.881 53.926 53.954 54.001 54.009 54.016 53.949 53.979 54.166 54.459 54.774 55.046 55.189 55.461 55.659 55.849 55.989 56.131 56.274 56.369
51.261 51.099 51.031 51.001 50.929 50.906 50.886 50.831 50.739 50.724 50.799 50.889 50.761 50.784 50.801 50.816 50.841 50.786 50.734 50.736 50.719 50.761 50.799 50.794 50.804 50.801 50.821 50.841 50.849 50.861 50.891 50.889 50.894 50.929 50.891 50.899 50.976 51.046 51.086 51.121 51.154 51.231 51.314 51.414 51.559 51.794 52.081 52.389 52.689 52.976 53.291 53.521 53.664 53.754 53.771 53.769 53.781 53.729 53.771 54.021 54.274 54.594 54.874 55.041 55.271 55.476 55.676 55.819 55.949 56.091 56.179
51.306 51.104 51.039 50.981 50.891 50.859 50.826 50.871 51.599 50.671 50.686 50.814 50.856 53.071 51.824 50.771 50.756 50.719 50.711 50.691 50.649 50.709 50.724 50.719 50.704 50.689 50.691 50.746 50.779 50.784 50.809 50.796 50.776 50.809 50.846 50.841 50.899 50.949 50.986 51.031 51.056 51.114 51.204 51.276 51.376 51.511 51.719 51.984 52.246 52.569 52.836 53.111 53.331 53.456 53.501 53.499 53.489 53.524 53.631 53.879 54.111 54.424 54.719 54.876 55.071 55.309 55.499 55.639 55.779 55.926 56.004
51.389 51.104 50.996 50.931 50.889 50.836 50.801 51.026 52.586 50.659 50.596 50.631 50.636 51.246 50.711 50.714 50.686 50.681 50.656 50.641 50.629 50.666 50.671 50.646 50.604 50.571 50.581 50.616 50.666 50.714 50.736 50.739 50.709 50.714 50.761 50.794 50.834 50.859 50.879 50.956 51.014 51.051 51.086 51.159 51.221 51.319 51.429 51.644 51.861 52.141 52.411 52.629 52.871 53.029 53.131 53.176 53.211 53.306 53.479 53.729 53.964 54.251 54.549 54.719 54.861 55.126 55.301 55.406 55.554 55.701 55.829
51.446 51.126 50.994 50.929 50.879 50.819 50.764 50.731 50.709 50.664 50.574 50.521 52.126 50.564 50.641 50.654 50.661 50.669 50.654 50.619 50.599 50.614 50.624 50.584 50.526 50.481 50.479 50.509 50.536 50.586 50.674 50.706 50.676 50.679 50.706 50.741 50.761 50.769 50.781 50.836 50.906 50.946 50.974 51.039 51.106 51.169 51.266 51.414 51.576 51.781 51.989 52.234 52.469 52.654 52.796 52.861 52.946 53.109 53.331 53.551 53.809 54.084 54.369 54.556 54.669 54.954 55.101 55.216 55.349 55.481 55.624
51.574 51.214 51.021 50.919 50.869 50.786 50.726 50.679 50.679 50.636 50.571 50.479 52.329 51.686 50.541 50.586 50.619 50.614 50.624 50.579 50.536 50.574 50.549 50.509 50.469 50.411 50.374 50.386 50.411 50.479 50.549 50.634 50.661 50.671 50.659 50.651 50.671 50.676 50.681 50.716 50.779 50.829 50.866 50.916 50.976 51.024 51.154 51.269 51.401 51.546 51.701 51.931 52.129 52.299 52.446 52.556 52.706 52.904 53.154 53.391 53.659 53.939 54.181 54.381 54.461 54.854 57.021 55.029 55.146 55.274 55.419
51.731 51.366 51.061 50.914 50.831 50.739 50.694 50.646 50.626 50.616 50.551 50.509 50.419 50.369 50.449 50.521 57.676 50.559 50.541 50.524 50.504 50.514 50.506 50.421 50.394 50.336 50.316 50.324 50.339 50.404 50.464 50.509 50.571 50.616 50.606 50.586 50.604 50.584 50.571 50.601 50.661 50.714 50.749 50.796 50.851 50.939 51.084 51.181 51.274 51.384 51.536 51.711 51.874 52.021 52.156 52.309 52.476 52.721 52.974 53.229 53.496 53.739 53.989 54.186 58.946 57.451 60.204 56.521 54.911 55.069 55.204
51.851 51.556 51.229 50.961 50.874 50.761 50.651 50.609 50.584 50.549 50.501 50.511 50.436 50.349 50.299 51.149 52.591 50.499 50.474 50.436 50.436 50.451 50.411 50.354 50.301 50.276 50.276 50.276 50.266 50.301 50.349 50.384 50.451 50.506 50.544 50.516 50.496 50.464 50.446 50.469 50.526 50.601 50.644 50.686 50.739 50.814 50.959 51.039 51.156 51.244 51.396 51.554 51.664 51.796 51.944 52.079 52.281 52.519 52.781 53.051 53.316 53.564 53.806 53.984 54.066 55.406 54.959 54.611 54.714 54.879 54.984
51.976 51.691 51.411 51.109 50.864 50.774 50.656 50.576 50.506 50.491 50.424 50.389 50.441 50.384 50.286 50.241 50.299 50.384 50.419 50.381 50.346 50.331 50.301 50.264 50.206 50.199 50.239 50.216 50.204 50.201 50.231 50.271 50.336 50.396 50.416 50.421 50.386 50.364 50.364 50.356 50.404 50.489 50.531 50.561 50.596 50.681 50.801 50.939 51.034 51.126 51.269 51.396 51.484 51.604 51.759 51.899 52.094 52.331 52.584 52.874 53.124 53.341 53.576 53.781 53.869 56.004 54.249 54.369 54.484 54.634 54.764
52.056 51.794 51.581 51.309 50.991 50.764 50.669 50.549 50.474 50.411 50.404 50.329 50.341 50.354 50.301 50.219 50.176 50.206 50.294 50.321 50.284 50.241 50.244 50.214 50.169 50.139 50.141 50.109 50.121 50.139 50.144 50.226 50.281 50.296 50.304 50.291 50.299 50.279 50.259 50.254 50.276 50.326 50.381 50.429 50.484 50.546 50.691 50.819 50.931 51.039 51.146 51.249 51.339 51.464 51.581 51.724 51.911 52.156 52.399 52.681 52.924 53.124 53.351 53.561 53.661 53.854 54.039 54.179 54.286 54.449 54.546
52.131 51.881 51.671 51.446 51.129 50.831 50.651 50.544 50.439 50.361 50.316 50.299 50.281 50.276 50.244 50.264 50.166 50.109 50.114 50.189 50.229 50.199 50.191 50.181 50.159 50.074 50.059 50.071 50.091 50.089 50.096 50.126 50.146 50.159 50.179 50.184 50.196 50.176 50.171 50.196 50.216 50.226 50.259 50.311 50.361 50.496 50.564 50.676 50.824 50.946 51.031 51.119 51.199 51.299 51.421 51.576 51.769 51.981 52.246 52.489 52.706 52.916 53.141 53.364 53.471 53.606 53.824 53.949 54.076 54.229 54.334
52.166 51.981 51.784 51.504 51.249 50.934 50.659 50.526 50.456 50.381 50.314 50.266 50.239 50.234 50.241 50.241 50.236 50.114 50.044 50.039 50.116 50.139 50.144 50.159 50.119 50.034 50.031 50.019 50.021 50.041 50.036 50.046 50.054 50.076 50.104 50.086 50.084 50.091 50.106 50.131 50.149 50.151 50.179 50.224 50.286 50.414 50.506 50.619 50.716 50.844 50.929 50.996 51.071 51.159 51.269 51.436 51.629 51.811 52.054 52.286 52.476 52.691 52.901 53.144 53.256 53.376 53.604 53.719 53.854 53.994 54.101
52.254 52.089 51.844 51.624 51.356 51.051 50.764 50.554 50.431 50.354 50.286 50.234 50.201 50.201 50.181 50.161 50.146 50.134 50.046 49.961 49.951 50.349 50.056 50.096 52.276 50.006 49.979 49.976 49.954 49.976 49.986 49.989 49.981 49.994 49.976 49.991 50.006 50.021 50.004 50.024 50.029 50.046 50.104 50.149 50.224 50.339 50.389 50.526 50.634 50.746 50.829 50.914 50.986 51.064 51.126 51.276 51.464 51.651 51.851 52.071 52.281 52.481 52.669 52.904 53.024 53.126 53.371 53.504 53.631 53.764 53.871
52.314 52.149 51.921 51.689 51.439 51.169 50.871 50.619 50.456 50.329 50.244 50.216 50.169 50.161 50.146 50.126 50.086 50.086 50.056 49.981 49.894 49.974 49.956 51.296 52.624 51.334 49.966 49.954 49.914 49.911 49.924 49.926 49.924 49.929 49.919 49.909 49.911 49.939 49.956 49.964 49.984 50.014 50.046 50.069 50.154 50.241 50.346 50.434 50.546 50.641 50.734 50.824 50.896 50.941 51.029 51.149 51.281 51.471 51.671 51.864 52.064 52.264 52.451 52.679 52.811 52.876 53.119 53.249 53.369 53.491 53.634
52.379 52.209 51.971 51.756 51.494 51.236 50.974 50.711 50.534 50.394 50.279 50.194 50.169 50.124 50.096 50.059 50.001 50.019 50.009 50.009 49.914 49.806 49.786 49.899 49.944 49.931 49.894 49.911 49.914 49.909 49.896 49.886 49.851 49.846 49.846 49.864 49.876 49.916 49.909 49.926 49.959 49.991 49.989 50.021 50.081 50.194 50.271 50.356 50.476 50.556 50.656 50.744 50.821 50.871 50.909 50.999 51.129 51.276 51.461 51.664 51.874 52.051 52.239 52.461 52.596 52.651 52.871 53.006 53.119 53.264 53.416
52.451 52.221 51.994 51.786 51.574 51.329 51.069 50.819 50.589 50.451 50.306 50.211 50.164 50.139 50.106 50.026 49.971 49.944 49.966 49.994 49.964 49.854 49.744 51.659 49.794 49.776 49.819 49.876 49.956 49.954 49.924 50.979 49.839 49.801 49.791 49.814 49.844 49.859 49.884 49.889 49.904 49.946 49.974 50.016 50.064 50.134 50.226 50.289 50.389 50.484 50.566 50.641 50.724 50.786 50.819 50.876 50.994 51.124 51.276 51.441 51.669 51.851 52.034 52.229 52.384 52.426 52.651 52.794 52.889 53.041 53.214
52.536 52.284 52.066 51.854 51.654 51.434 51.231 50.999 50.766 50.574 50.359 50.234 50.151 50.136 50.106 50.021 49.994 49.909 49.876 49.919 49.936 49.891 49.801 49.679 49.644 49.689 49.726 49.801 49.896 50.001 53.124 49.869 49.831 49.771 49.741 49.761 49.789 49.821 49.846 49.866 49.856 49.909 49.934 49.999 50.056 50.111 50.149 50.226 50.301 50.384 50.476 50.569 50.629 50.696 50.746 50.789 50.859 50.971 51.136 51.274 51.454 51.644 51.809 52.019 52.151 52.209 52.434 52.554 52.659 52.816 52.994
52.611 52.386 52.176 51.911 52.049 51.591 51.379 51.156 50.949 50.751 50.554 50.354 50.181 50.061 50.056 50.019 49.984 49.899 49.841 49.826 49.851 49.879 49.836 49.769 49.636 49.601 49.646 49.699 49.791 49.844 49.841 49.851 49.816 49.769 49.721 49.746 49.784 49.814 49.836 49.824 49.861 49.886 49.929 49.984 50.031 50.071 50.129 50.159 50.176 50.256 50.319 50.439 50.526 50.574 50.639 50.701 50.766 50.851 50.986 51.114 51.271 51.454 52.486 52.824 51.941 51.989 52.196 52.314 52.431 52.586 52.759
52.669 52.509 52.289 52.614 51.929 51.774 51.569 51.349 51.161 50.959 50.691 50.486 50.304 50.139 50.021 49.999 49.954 49.879 49.841 49.816 49.804 49.811 49.824 49.794 49.706 49.601 49.576 49.591 49.666 49.709 49.754 49.794 49.801 49.779 49.731 49.716 49.764 49.801 49.826 49.829 49.834 49.856 49.901 49.946 50.001 50.036 50.081 50.139 50.151 50.144 50.166 50.281 50.416 50.481 50.531 50.604 50.681 50.761 50.871 50.984 51.126 51.429 52.614 53.271 51.706 51.789 51.986 52.104 52.201 52.381 52.534
52.776 52.599 52.516 58.246 52.209 51.961 53.039 51.576 51.436 51.209 50.969 50.736 50.534 50.334 50.181 50.049 49.964 49.889 49.841 49.816 49.799 49.806 49.801 49.766 49.729 49.689 49.594 49.541 49.549 49.619 49.689 49.709 49.751 49.746 49.744 49.756 49.759 49.789 49.804 49.816 49.804 49.834 49.876 49.911 49.966 50.014 50.036 50.056 50.004 50.084 50.149 50.216 50.286 50.359 50.451 50.516 50.564 50.659 50.764 50.854 50.979 51.106 51.249 51.369 51.506 51.599 51.746 51.894 51.994 52.174 52.304
52.961 52.829 53.901 53.736 52.359 52.154 51.991 51.831 51.664 51.476 51.246 51.029 50.816 50.586 50.316 50.146 50.009 49.941 49.864 49.811 49.766 49.811 49.776 49.769 49.744 49.709 49.669 50.336 49.524 49.499 49.599 49.629 49.669 49.704 49.731 49.739 49.751 49.756 49.746 49.779 49.776 49.816 49.859 49.879 49.911 49.949 49.971 49.919 49.754 49.794 50.029 50.161 50.196 50.251 50.346 50.429 50.489 50.541 50.624 50.731 50.819 50.929 51.049 51.159 51.299 51.396 51.524 51.706 51.801 51.956 52.094
53.159 53.021 52.861 52.699 52.531 52.371 52.214 52.044 51.879 51.721 51.499 51.296 51.096 50.866 50.564 50.399 50.221 50.096 49.976 50.294 50.366 49.816 49.784 49.766 49.736 49.731 49.684 49.724 54.529 49.499 49.486 49.551 49.599 49.616 49.656 49.709 49.731 49.716 49.709 49.709 49.751 49.796 49.834 49.841 49.841 49.854 49.906 49.729 49.699 49.701 49.716 49.974 50.111 50.164 50.209 50.314 50.404 50.459 50.509 50.594 50.681 50.776 50.869 50.966 51.094 51.216 51.309 51.496 51.601 51.744 51.904
53.286 53.139 52.969 52.814 52.674 52.506 52.336 52.174 52.039 51.886 51.691 51.504 51.294 51.104 50.876 50.729 50.554 50.361 50.199 49.986 49.899 49.834 49.804 49.739 49.744 49.724 49.676 49.704 49.646 49.594 49.484 49.471 49.509 49.544 49.584 49.639 49.666 49.684 49.689 49.684 49.696 49.739 49.786 49.789 49.809 49.829 49.759 49.671 49.679 49.669 49.671 49.689 49.871 50.046 50.089 50.174 50.294 50.379 50.429 50.504 50.569 50.646 50.719 50.806 50.904 51.029 51.081 51.309 51.416 51.539 51.719
53.361 53.196 53.046 52.896 52.751 52.574 52.394 52.246 52.116 51.976 51.809 51.626 51.449 51.281 51.141 50.974 50.866 50.706 50.519 50.306 50.099 49.969 49.854 49.784 49.744 49.736 49.739 49.694 49.646 49.641 49.554 49.474 49.456 49.471 49.501 49.556 49.601 49.644 49.646 49.659 49.641 49.661 49.684 49.724 49.744 49.756 49.646 49.649 49.666 49.669 49.664 49.659 49.654 49.794 49.981 50.019 50.119 50.234 50.334 50.414 50.464 50.531 50.596 50.679 50.759 50.861 50.894 53.146 51.244 51.369 51.516
53.534 53.386 53.224 53.061 52.891 52.759 52.581 52.426 52.269 52.106 51.921 51.794 51.644 51.511 51.336 51.206 51.111 50.974 50.776 50.584 50.419 50.231 50.024 49.934 49.861 49.821 49.801 52.699 49.709 49.604 49.604 49.561 49.496 49.439 49.434 49.486 49.546 49.596 49.606 49.624 49.621 49.596 49.601 49.636 49.674 49.604 49.619 49.624 49.659 49.661 49.666 49.654 49.641 49.631 49.699 49.886 49.981 50.054 50.229 50.336 50.386 50.434 50.484 50.569 50.639 50.704 51.284 55.394 54.134 51.161 51.294
53.744 53.609 53.431 53.234 53.099 52.946 52.776 52.616 52.446 52.286 52.129 52.009 51.876 51.734 51.546 51.386 51.304 51.166 51.011 50.839 50.674 50.529 50.336 50.159 50.036 49.944 49.911 52.776 53.899 49.719 49.636 49.589 49.559 49.504 49.431 49.416 49.481 49.549 49.571 49.586 49.599 49.569 49.576 49.599 49.599 49.584 49.589 49.601 49.631 49.649 49.654 49.656 49.646 49.634 49.606 49.646 49.811 49.956 50.066 50.174 50.256 50.349 50.399 50.461 50.514 50.604 50.619 50.804 50.911 50.989 51.099
53.934 53.759 53.606 53.449 53.296 53.119 52.946 52.784 52.604 52.484 52.341 52.229 52.086 51.951 51.789 51.686 51.549 51.389 51.241 51.076 50.924 50.799 50.624 50.429 50.231 50.129 49.986 50.674 51.614 49.789 49.736 49.636 49.596 49.521 49.481 49.389 49.409 49.444 49.484 49.544 49.561 49.559 49.564 49.566 49.571 49.546 49.584 49.594 49.601 49.621 49.636 49.631 49.639 49.636 49.619 49.594 49.584 49.724 49.901 50.031 50.101 51.586 52.846 53.491 55.124 50.479 50.501 50.651 50.754 50.839 50.931
54.056 53.891 53.736 53.576 53.386 53.244 53.074 52.901 52.781 52.639 52.501 52.404 52.271 52.151 52.049 51.929 51.776 51.609 51.446 51.289 51.149 51.009 50.851 50.684 50.529 50.331 50.221 50.156 50.034 49.919 49.851 49.734 49.659 49.541 49.501 49.489 49.459 49.386 49.406 49.499 49.534 49.549 49.561 49.556 49.536 49.526 49.551 49.576 49.589 49.596 49.616 49.649 49.629 49.619 49.606 49.596 49.579 49.561 49.666 49.824 49.974 50.104 50.199 51.894 56.776 57.644 50.379 50.536 50.641 50.726 50.781
54.154 54.011 53.846 53.669 53.449 53.301 53.149 53.031 52.916 52.761 52.644 52.541 52.409 52.311 52.191 52.099 51.946 51.791 51.654 51.489 51.329 51.186 51.041 50.909 50.764 50.606 50.446 50.326 50.209 50.119 49.989 49.876 49.729 49.611 49.534 49.524 49.471 49.414 49.376 49.361 49.454 49.509 49.551 49.531 49.519 49.511 49.529 49.544 49.561 49.566 49.596 49.634 49.624 49.611 49.604 49.589 49.576 49.561 49.554 49.599 49.744 49.974 50.151 50.746 54.361 56.679 50.291 50.404 50.486 50.591 50.636
54.301 54.141 53.976 53.794 53.636 53.504 53.334 53.196 53.054 52.916 52.804 52.686 52.574 52.484 52.384 52.254 52.106 51.981 51.836 51.666 51.524 51.364 51.219 51.081 50.946 50.809 50.629 50.486 50.379 50.256 50.146 50.006 49.824 49.721 49.584 49.526 49.484 49.474 49.409 49.351 49.344 49.426 49.509 49.509 49.494 49.491 49.491 49.501 49.526 49.529 49.546 49.591 49.601 49.594 49.594 49.586 49.584 49.576 49.544 49.549 49.571 49.784 49.981 50.144 50.184 52.181 50.436 50.336 50.441 50.514 50.534
