dsm/se3139_DSM_2M.asc
ncols 500
nrows 500
xllcorner    431000
yllcorner    439000
cellsize     2
NODATA_value -9999
[rows 31 to 61 of 500, columns 138 to 206 of 500]
164.318 164.138 163.456 162.063 160.183 156.886 155.751 155.546 155.488 155.691 157.848 156.691 156.066 155.134 155.124 154.926 156.744 158.926 159.341 158.551 156.449 155.084 154.644 154.529 154.824 156.114 157.484 157.131 158.936 157.954 155.294 153.101 153.464 155.786 154.751 152.194 152.011 151.856 151.944 152.464 152.479 151.816 151.451 151.834 153.969 155.736 156.781 157.644 155.031 151.351 151.186 152.431 153.651 151.736 150.129 150.581 149.961 149.469 149.246 150.436 149.981 149.664 150.264 149.366 148.899 148.431 148.224 147.994 147.756
162.843 162.238 162.701 160.943 158.173 156.173 155.913 155.496 155.383 155.658 156.823 156.891 156.569 156.454 155.796 157.126 159.829 160.394 161.294 159.131 155.211 154.074 154.171 154.336 154.481 155.194 154.846 153.974 156.269 155.029 153.349 153.001 153.446 155.199 154.656 152.189 152.109 151.936 152.261 154.009 153.824 152.431 151.544 151.426 151.311 151.889 152.784 154.164 153.126 151.396 151.039 152.594 151.924 150.324 150.074 149.999 149.691 150.824 151.954 153.736 152.791 150.586 148.871 148.841 148.814 148.534 148.306 148.086 148.039
160.666 159.291 160.346 160.923 158.051 155.738 155.536 155.311 155.406 155.261 155.283 155.226 155.356 155.119 155.304 157.899 160.664 161.031 160.561 157.469 154.666 154.234 154.056 154.126 155.344 155.779 154.346 155.669 154.159 154.571 153.354 153.376 154.429 153.479 152.876 152.191 152.164 152.214 154.124 155.049 153.519 153.081 155.254 154.556 152.601 152.599 151.734 151.924 151.841 152.651 152.399 153.494 152.936 150.794 150.129 149.664 149.374 149.959 153.996 154.961 154.871 153.329 149.781 148.759 148.579 148.446 148.289 148.139 148.014
158.951 156.771 157.473 158.403 159.128 157.246 157.286 156.296 155.468 155.688 155.073 155.026 154.959 154.891 154.841 156.781 159.644 160.666 160.034 157.311 155.356 154.259 154.169 154.359 155.666 156.776 157.189 158.461 155.484 154.744 153.509 153.726 155.001 153.039 152.269 152.206 152.176 152.839 156.411 155.441 152.541 154.169 157.236 157.621 154.669 154.244 152.546 153.219 152.979 153.026 153.556 153.291 151.181 150.251 150.119 149.724 149.359 150.114 154.134 155.409 155.374 152.741 149.706 148.849 148.756 148.559 148.314 148.209 148.106
158.641 157.051 156.423 157.401 160.611 161.393 160.616 159.046 158.946 159.026 155.861 154.988 156.119 155.024 154.759 155.264 157.809 159.644 158.706 156.599 154.741 154.434 154.356 155.256 156.271 157.444 158.301 158.479 156.939 155.806 153.486 153.844 153.736 152.616 152.184 152.239 152.259 152.546 153.214 153.679 152.546 155.721 157.699 157.964 156.356 154.669 152.361 153.121 153.464 153.204 153.749 152.271 150.404 150.089 149.941 149.681 149.411 151.226 154.851 155.989 155.311 153.514 149.684 148.884 148.809 148.569 148.319 148.356 148.386
157.913 157.801 156.876 158.343 160.223 159.706 159.133 159.081 160.208 160.228 157.131 155.503 157.219 156.039 154.961 155.929 157.716 159.321 158.749 155.696 154.404 154.259 154.369 155.329 156.639 157.716 158.686 157.944 156.726 154.866 153.694 153.254 152.991 152.394 152.224 152.084 152.211 152.564 152.331 152.384 154.429 157.029 158.379 157.889 155.811 153.101 151.771 151.974 152.044 152.011 154.254 151.786 150.424 150.136 149.979 149.706 150.724 153.294 154.791 155.574 154.049 151.306 149.024 149.216 148.754 148.464 148.419 148.519 148.766
156.363 157.701 156.538 156.363 156.678 156.736 157.231 157.833 158.926 159.846 159.033 156.596 157.499 155.691 156.576 158.379 159.286 159.731 159.441 157.026 154.689 154.446 154.071 155.389 157.054 158.149 158.691 157.486 156.396 153.809 153.219 152.944 152.596 152.614 152.421 152.211 152.246 152.441 152.204 153.539 156.114 157.694 158.416 157.384 155.061 152.614 152.431 152.456 154.669 154.329 154.199 151.191 150.604 150.909 150.596 149.646 150.391 152.749 155.024 155.121 153.141 149.891 149.149 149.019 148.774 148.571 148.546 148.601 148.974
155.708 155.996 155.833 155.743 155.688 155.651 155.613 155.596 156.303 156.053 157.493 156.568 156.574 156.176 157.414 158.796 159.666 159.886 158.609 156.019 154.759 155.814 155.809 156.191 157.679 158.551 158.234 156.999 155.059 153.791 153.016 152.729 152.456 152.724 152.929 152.711 152.921 152.844 152.459 152.339 155.006 157.411 157.261 156.406 155.101 153.296 152.881 154.669 157.579 159.426 157.899 151.071 150.536 151.659 152.274 150.649 150.226 150.989 152.779 153.419 151.981 150.121 149.164 149.046 148.836 148.639 148.561 148.556 148.824
155.721 155.706 155.756 155.653 155.628 155.548 155.518 155.701 155.796 155.256 155.636 155.416 155.279 156.666 157.989 158.649 159.151 158.706 157.599 154.414 154.591 155.254 155.489 155.736 157.736 158.459 157.719 156.739 154.584 153.196 152.961 152.584 152.351 152.611 153.054 153.799 154.224 153.224 152.821 151.874 152.144 153.924 153.836 153.094 153.549 152.574 152.266 152.839 154.139 159.034 155.804 151.976 150.621 151.371 153.439 153.866 152.821 151.176 151.319 151.229 151.066 149.941 149.121 149.011 148.811 148.589 148.534 148.634 148.781
155.736 155.708 155.718 155.743 155.683 155.678 155.628 155.668 155.393 155.101 155.046 155.026 154.831 155.914 158.189 159.424 158.429 155.729 155.946 154.084 154.471 154.371 154.271 154.511 154.774 156.719 156.636 156.331 154.894 153.211 152.974 152.606 152.429 152.616 152.756 153.094 153.441 152.531 153.899 153.159 153.026 151.861 151.939 151.694 152.251 153.379 153.331 152.671 152.621 155.021 151.766 151.056 151.371 152.654 153.554 155.199 155.709 154.751 151.621 150.356 150.914 150.099 149.189 149.016 148.834 148.619 148.669 148.854 148.856
156.221 155.846 155.683 155.806 155.746 155.696 155.686 155.663 155.278 155.041 154.993 155.038 154.791 154.961 156.061 157.234 157.429 154.789 154.224 154.779 156.366 156.824 155.894 155.936 154.426 153.856 154.116 154.626 154.129 153.101 152.929 152.719 152.631 152.881 152.984 152.541 152.461 152.876 154.576 156.419 156.699 154.881 154.329 151.989 152.796 153.734 153.719 154.394 154.866 153.651 151.459 151.011 151.086 152.951 154.599 155.844 156.404 155.726 151.156 149.849 149.856 149.431 149.196 149.044 148.836 148.684 148.814 149.439 149.121
157.938 156.568 155.823 155.791 156.253 159.691 159.576 157.761 155.073 154.983 154.961 155.736 156.234 155.854 154.934 156.149 156.254 154.311 154.349 154.344 156.009 157.771 157.686 157.134 156.109 155.086 155.346 153.936 153.586 153.124 152.834 152.696 152.929 153.304 153.171 152.584 152.421 153.371 155.651 157.034 157.679 157.031 156.449 152.936 153.409 153.866 154.031 154.566 154.331 152.781 150.851 150.594 150.309 151.159 155.244 156.176 156.491 155.566 152.739 149.631 149.494 149.346 149.214 148.894 148.754 148.736 149.031 150.654 149.316
160.246 157.173 155.816 158.273 161.328 164.623 165.198 161.016 155.636 155.161 154.966 155.473 156.081 156.706 155.814 156.306 155.259 154.161 154.626 155.801 155.739 157.041 157.771 157.819 157.699 157.346 155.936 154.049 153.254 153.004 152.651 152.541 152.611 152.916 152.774 152.511 152.181 152.616 157.339 157.956 158.221 156.774 155.361 153.641 152.109 153.259 153.019 153.529 153.631 152.176 151.526 150.804 150.104 151.196 155.529 156.574 156.156 154.891 152.804 150.151 149.794 149.726 149.179 148.824 148.814 148.889 149.279 149.976 148.956
161.666 159.458 155.918 158.728 162.038 163.433 164.378 163.903 159.721 156.838 155.541 156.008 155.806 156.576 157.029 155.586 154.674 154.154 154.106 154.619 155.159 156.231 156.851 157.294 157.604 157.124 154.856 153.596 153.264 152.946 152.584 152.476 152.459 152.594 153.106 152.389 152.454 154.199 157.399 158.491 157.969 156.626 153.911 152.076 151.721 151.894 151.924 152.076 152.384 152.284 152.281 151.639 150.886 154.189 155.826 156.576 155.816 153.126 150.126 150.221 150.471 149.831 149.049 148.806 148.954 149.091 149.519 149.456 148.776
158.678 158.123 155.951 155.721 156.321 157.138 158.106 158.616 157.148 155.538 155.948 158.281 158.819 157.906 157.731 155.924 154.274 154.124 153.616 153.809 153.719 154.174 155.559 156.286 156.144 155.264 153.689 153.299 152.989 152.859 152.679 152.581 152.471 152.991 154.111 152.541 152.569 155.249 157.501 158.531 157.386 153.781 152.551 151.919 152.546 152.776 152.936 152.359 151.924 152.244 152.166 151.521 150.121 150.259 151.541 154.624 153.684 150.344 149.691 149.531 149.864 149.584 148.974 148.846 148.996 149.161 149.439 149.174 148.799
156.348 155.868 155.613 155.403 155.268 155.106 155.086 155.011 154.928 154.756 155.133 157.101 158.491 157.166 156.241 154.801 154.101 154.219 154.156 154.909 154.531 153.579 154.399 155.764 155.469 153.981 153.431 153.294 152.941 152.756 152.709 152.561 152.424 153.249 153.754 152.539 152.049 152.351 153.784 156.491 156.736 154.821 151.854 151.784 152.796 152.296 153.796 154.481 152.369 150.936 151.096 150.981 150.834 150.244 149.974 150.739 150.546 149.959 149.729 149.631 149.634 149.349 149.034 148.899 148.916 149.061 149.179 149.036 148.751
157.271 156.173 155.821 155.716 155.516 155.206 155.083 155.023 154.951 154.808 154.846 155.966 156.511 156.244 154.684 154.216 154.019 155.379 156.829 156.596 156.181 154.419 154.521 155.464 154.764 153.841 153.296 153.076 152.831 152.731 152.711 152.654 152.614 153.354 153.076 152.869 153.644 152.914 151.769 151.961 152.596 153.159 151.834 152.079 151.981 152.741 154.211 154.294 151.886 150.499 150.989 152.206 153.294 154.396 153.151 151.581 149.976 149.829 149.719 149.559 149.449 149.281 149.074 149.019 149.124 149.134 149.096 148.864 148.754
158.756 158.963 159.658 156.883 156.286 155.853 155.596 155.218 155.476 156.876 157.191 156.598 157.276 155.954 154.256 154.221 154.196 156.329 157.591 157.306 157.576 156.221 155.919 155.494 153.714 153.524 153.276 153.084 152.774 152.696 152.686 152.681 152.816 153.216 153.171 153.769 155.481 154.936 153.629 152.596 152.674 152.689 152.744 153.271 153.384 154.084 153.319 154.459 153.891 150.949 151.266 153.141 155.179 156.356 156.616 153.369 150.606 149.819 149.681 149.551 149.364 149.201 149.086 149.156 149.291 149.114 149.019 148.684 148.664
158.396 159.406 160.636 157.846 157.316 157.236 157.096 156.643 156.788 158.583 160.218 160.118 159.739 156.369 154.259 154.054 154.034 155.589 156.979 157.334 157.694 157.906 157.116 156.016 154.326 153.261 153.194 153.054 152.741 152.674 152.681 152.704 152.601 152.941 153.691 154.136 155.489 155.704 155.484 155.101 154.664 154.519 153.924 153.239 153.861 154.414 152.689 151.534 151.381 150.761 151.624 153.731 155.966 156.499 156.209 154.224 151.181 149.844 149.711 149.606 149.384 149.249 149.009 149.049 149.176 149.151 148.916 148.689 148.549
157.331 158.024 157.169 156.234 155.869 156.179 156.386 156.714 157.406 159.299 160.824 160.959 160.931 158.771 155.174 153.794 153.596 154.164 155.671 156.389 157.014 157.474 157.044 155.799 154.196 153.191 153.014 152.869 152.699 152.679 152.719 152.734 152.566 152.569 153.421 154.329 154.996 155.484 155.609 155.836 155.544 154.831 153.254 152.029 153.464 155.339 154.319 151.814 150.571 151.229 152.636 154.789 156.101 156.601 155.714 151.734 149.881 149.774 149.816 149.569 149.279 149.199 149.134 149.062 149.109 149.179 148.957 148.834 149.764
155.971 156.009 155.604 155.394 155.324 155.181 155.126 155.214 155.321 156.679 158.819 160.299 160.409 159.031 154.711 153.666 153.829 153.746 154.426 154.759 156.299 156.554 156.109 154.716 153.781 153.561 152.894 152.754 152.744 152.706 152.636 152.719 152.554 152.334 152.951 153.631 154.369 154.509 154.991 155.211 155.051 154.414 153.406 152.816 154.844 155.961 152.984 152.334 151.681 152.174 153.116 154.976 156.624 156.436 154.761 150.689 149.876 149.739 149.841 149.669 149.176 149.121 149.139 149.262 149.279 149.102 149.579 152.004 153.857
155.821 155.519 155.436 155.324 155.264 155.186 155.089 155.004 154.926 157.174 158.746 159.286 159.104 156.179 153.996 154.014 155.601 154.124 153.881 154.019 154.944 155.464 154.799 153.656 153.369 154.006 152.991 152.656 152.709 152.776 152.706 152.586 152.509 152.206 152.156 152.346 152.811 154.061 154.174 154.331 154.431 154.319 153.861 154.414 154.981 154.576 152.011 150.974 151.279 150.894 150.624 152.734 156.654 155.789 153.191 150.116 149.849 149.909 150.026 149.464 149.209 149.119 149.162 149.277 149.377 149.227 149.889 153.299 154.924
156.701 155.569 155.791 155.316 155.231 155.384 155.056 154.949 155.079 157.499 158.684 157.629 154.929 154.009 153.749 154.749 156.964 155.726 154.859 154.376 154.229 154.229 153.821 153.399 153.176 153.371 152.926 152.624 152.604 152.619 152.691 152.631 152.579 152.386 153.524 154.651 154.456 154.271 152.976 152.999 153.956 153.961 154.079 154.024 152.964 152.019 150.906 150.594 150.844 152.129 151.766 151.989 151.751 151.406 149.979 149.999 149.989 151.421 151.744 149.769 149.246 149.119 149.212 149.327 149.254 149.334 150.669 153.899 155.077
158.411 156.974 157.359 155.829 155.811 156.324 158.419 156.914 156.901 158.466 158.149 155.939 154.226 154.164 154.924 155.966 157.579 157.674 157.259 156.736 156.281 154.976 153.719 153.526 153.326 153.114 152.789 152.649 152.564 152.614 152.519 152.456 152.251 153.164 155.296 156.074 155.671 155.361 154.791 153.826 153.644 153.179 153.391 153.401 152.884 151.944 150.994 150.684 150.861 152.759 153.856 153.331 152.521 151.274 150.039 149.926 150.059 150.574 150.031 149.886 149.181 149.101 149.322 149.472 149.324 149.524 153.002 154.739 155.217
160.949 159.151 158.411 157.351 158.569 158.544 159.669 159.924 159.511 159.026 158.541 155.606 155.411 154.629 155.809 156.324 156.879 157.549 157.671 157.781 157.479 155.156 153.621 153.491 153.564 153.156 152.801 152.684 152.659 152.671 152.494 152.389 152.159 152.946 154.819 155.499 155.869 155.914 155.056 153.964 152.676 152.221 152.334 152.369 152.499 152.684 152.066 151.124 150.644 152.111 155.386 155.546 155.129 153.051 150.374 149.909 149.736 149.509 149.156 149.206 149.114 149.079 149.277 149.537 149.292 149.289 153.272 155.119 155.584
160.501 157.686 157.156 158.114 157.996 158.376 159.909 158.881 159.206 158.379 157.971 156.049 156.584 154.706 154.079 154.259 154.781 156.249 157.044 157.289 157.244 154.581 153.294 153.296 153.451 153.046 152.859 152.899 152.931 152.856 152.484 152.446 153.144 152.436 153.294 153.871 154.826 154.359 152.989 152.291 152.071 151.941 151.929 152.094 151.819 151.479 151.759 152.041 151.791 154.164 155.774 156.304 155.881 154.861 151.394 149.834 149.691 149.604 149.526 149.299 149.106 149.184 149.309 149.294 149.034 148.909 150.172 153.262 155.279
157.794 155.726 155.209 156.099 155.671 155.576 156.414 157.764 158.626 157.176 156.456 155.899 155.586 154.259 153.671 153.599 153.651 155.131 156.216 156.594 156.149 153.904 153.241 153.339 153.356 152.989 152.854 152.871 152.976 152.851 152.501 153.606 154.899 153.924 152.524 152.716 152.566 152.371 152.216 152.666 152.529 151.931 152.346 153.861 153.064 151.081 150.511 150.276 151.216 154.691 156.334 156.536 155.224 153.119 151.039 149.879 149.779 149.586 149.504 149.276 149.209 149.269 149.357 149.329 149.397 149.802 149.954 152.079 151.597
155.574 155.414 155.136 155.094 155.044 155.091 155.216 155.706 157.216 155.664 155.266 154.871 154.686 154.409 154.996 154.826 153.791 154.306 155.421 155.934 154.691 153.359 153.221 153.161 153.124 152.889 152.719 152.849 153.026 152.831 152.351 152.939 155.751 155.829 154.884 154.691 154.131 152.909 152.986 153.619 153.881 152.966 152.169 153.789 152.276 150.756 150.554 150.261 152.209 155.449 156.396 156.116 154.606 151.631 150.004 150.631 150.816 149.494 149.329 149.314 149.389 149.621 149.462 149.312 150.752 153.022 152.139 152.564 151.274
155.389 155.411 155.086 155.041 154.996 155.036 155.181 155.726 156.136 155.526 154.791 154.351 154.216 155.291 156.596 157.384 155.116 153.724 154.139 154.211 153.884 153.124 153.166 152.941 152.621 152.504 152.506 152.596 152.801 152.804 152.516 153.416 156.009 156.521 156.146 155.739 155.379 154.046 152.704 152.356 152.916 153.856 153.156 153.099 152.044 151.079 151.826 151.524 152.994 155.031 156.179 155.471 153.509 151.899 150.454 149.911 149.579 149.346 149.289 149.344 149.439 149.516 149.444 149.399 150.354 154.322 154.864 155.132 152.352
155.839 156.316 155.144 155.331 155.071 154.999 155.659 157.726 156.429 155.069 154.494 154.169 154.324 155.789 157.156 158.154 157.801 156.289 154.924 154.081 153.421 153.446 153.049 152.816 152.676 152.611 152.629 152.604 152.626 152.649 152.661 153.966 155.244 155.909 155.914 156.206 155.751 154.319 153.459 152.201 152.054 153.789 154.174 152.569 152.439 151.486 151.306 152.064 153.019 153.056 153.884 154.159 150.516 150.206 149.989 149.691 149.514 149.344 149.299 149.399 149.504 149.619 149.499 150.537 153.399 155.024 155.677 154.882 152.832
155.511 156.879 155.484 156.231 155.389 157.419 160.841 162.269 157.139 154.561 154.136 154.039 154.906 156.466 157.504 158.181 158.329 157.164 155.736 154.789 153.654 154.176 153.141 152.829 152.844 152.784 152.766 152.789 153.234 153.229 152.434 153.354 154.644 155.031 155.326 154.936 154.244 153.344 152.619 152.091 152.509 152.699 153.246 151.386 151.009 150.899 150.799 151.536 153.971 153.724 152.964 150.891 150.106 150.059 149.766 149.504 149.436 149.426 149.394 149.461 149.519 149.569 149.402 150.917 154.502 155.442 155.929 154.467 151.657
