dsm/se3133_DSM_2M.asc
ncols 500
nrows 500
xllcorner    431000
yllcorner    433000
cellsize     2
NODATA_value -9999
[rows 416 to 447 of 500, columns 288 to 359 of 500]
54.731 53.253 53.266 53.326 53.771 53.393 52.903 52.856 53.103 53.406 53.473 53.243 53.023 52.953 52.938 52.958 52.931 53.051 53.068 53.118 53.221 53.233 53.273 53.313 53.331 53.386 53.321 53.281 53.258 53.201 53.133 53.068 53.103 53.163 53.151 53.488 53.098 53.118 53.186 53.256 53.628 53.688 53.601 53.713 53.646 53.658 53.743 53.848 53.911 53.918 53.988 54.181 54.146 54.383 55.138 54.711 54.486 59.936 60.538 60.411 58.516 55.178 54.893 54.848 54.843 55.156 55.446 54.863 54.886 54.891 54.921 54.958
53.436 53.441 53.251 53.231 53.046 52.583 52.106 52.021 52.348 52.863 53.186 53.263 53.496 53.023 52.973 52.918 52.926 53.051 53.011 53.081 53.176 53.168 53.238 53.316 53.341 53.338 53.328 53.276 53.241 53.173 53.083 53.061 53.011 53.051 53.331 53.048 52.956 53.056 53.126 53.173 53.458 53.666 53.481 53.498 53.473 53.608 53.698 53.763 53.771 53.803 54.036 54.053 54.033 54.106 54.243 54.568 59.406 60.498 60.438 59.433 56.936 54.876 54.958 54.721 54.688 54.716 54.751 54.768 54.753 54.803 54.816 54.841
53.223 53.256 53.066 52.936 52.561 51.981 51.481 51.153 51.586 52.081 52.676 52.988 53.091 53.131 53.121 53.018 52.953 53.001 53.066 53.161 53.253 53.233 53.308 53.236 53.348 53.348 53.311 53.303 53.171 53.063 53.028 52.988 52.951 53.363 52.976 52.818 52.956 53.011 53.071 53.133 53.198 53.241 53.326 53.341 53.461 53.571 53.621 53.638 53.638 53.818 53.846 54.116 54.081 54.051 54.083 59.203 60.021 60.431 59.883 54.293 55.136 55.598 54.648 54.573 54.598 54.636 54.653 54.643 54.668 54.696 54.708 54.743
53.008 52.993 52.896 52.621 52.091 51.518 50.996 50.648 50.908 51.341 51.828 52.313 52.628 52.823 53.061 53.043 53.056 53.146 53.211 53.191 53.218 53.263 53.238 53.261 53.391 53.326 53.308 53.253 53.071 52.981 52.923 52.841 53.026 52.886 52.796 52.871 52.928 52.983 53.048 53.113 53.266 53.183 53.256 53.348 53.433 53.483 53.511 53.521 53.681 53.808 53.783 53.806 54.123 54.181 59.266 59.981 60.063 59.336 55.088 54.281 55.911 54.498 54.721 54.578 54.518 54.541 54.538 54.533 54.568 54.601 54.621 54.668
52.713 52.758 52.653 52.213 51.658 51.066 50.666 53.866 52.603 50.708 51.001 51.508 51.773 51.756 52.666 52.811 54.031 54.156 53.483 53.386 53.223 53.201 53.301 53.318 53.316 53.228 53.158 53.071 52.996 52.836 52.793 52.883 52.763 52.708 52.756 52.978 52.921 52.986 53.033 53.221 53.118 53.151 53.238 53.326 53.358 53.351 53.371 53.548 53.706 53.721 53.706 53.713 53.706 58.043 59.961 60.098 59.458 56.428 54.163 55.528 54.421 54.591 54.666 54.673 55.178 54.416 54.433 54.453 54.491 54.501 54.538 54.563
52.403 52.461 52.211 51.671 51.161 50.653 53.373 54.271 54.676 53.393 50.596 50.818 51.003 51.038 50.973 52.908 54.593 55.048 54.473 53.468 53.428 53.263 53.278 53.261 53.253 53.181 53.061 52.971 52.893 52.741 52.593 52.698 52.633 52.688 52.748 52.823 52.881 52.936 52.966 53.158 53.121 54.286 53.246 53.216 53.218 53.208 53.381 53.668 53.728 53.631 54.551 53.631 57.896 59.456 60.051 59.528 54.141 55.121 54.151 54.261 54.948 54.848 54.533 54.536 55.458 55.248 54.338 54.366 54.393 54.421 54.453 54.471
51.886 52.036 51.711 51.183 50.673 52.786 54.201 54.603 55.011 55.108 53.941 50.558 50.608 50.811 54.018 51.558 52.011 54.356 54.208 54.051 53.463 53.346 53.263 53.228 53.213 53.031 52.956 52.783 52.568 52.671 52.796 52.558 52.568 52.643 52.711 52.771 52.806 52.861 52.886 53.083 52.986 53.018 53.328 53.066 53.056 53.238 53.731 53.843 53.603 53.756 53.596 57.986 59.431 59.686 59.103 53.866 54.111 54.206 54.023 54.616 54.828 54.628 54.398 54.438 54.598 55.966 55.008 54.263 54.308 55.551 54.368 54.386
51.648 51.598 51.218 50.766 51.626 54.136 54.551 54.943 55.171 54.766 54.411 54.021 50.518 53.898 54.363 54.781 52.748 52.561 52.998 54.636 53.733 53.448 53.298 53.201 53.068 52.951 52.921 52.663 52.458 52.698 52.463 52.436 52.543 52.586 52.621 52.681 52.726 52.753 52.786 52.951 52.856 52.903 52.906 52.901 53.071 53.271 53.146 55.016 55.101 53.488 56.648 59.406 59.731 59.143 56.476 53.681 53.861 53.853 53.883 54.113 54.058 54.188 54.208 54.228 54.256 54.231 54.536 54.306 55.163 54.513 54.491 54.366
51.693 51.093 50.916 51.318 54.088 54.488 54.893 55.211 55.146 55.073 54.743 54.366 54.051 54.296 54.691 55.116 55.011 53.693 51.441 52.553 53.076 53.951 53.068 52.978 52.961 52.783 52.628 52.341 52.743 52.373 52.311 52.416 52.486 52.516 52.608 52.576 52.658 52.701 52.721 52.771 52.808 52.838 52.863 52.938 53.328 53.173 53.206 53.191 54.831 56.253 59.128 59.771 59.181 53.631 54.853 53.633 53.711 53.818 53.888 53.828 53.883 53.966 53.976 54.021 54.063 54.066 55.393 54.196 54.216 55.176 54.283 55.333
51.526 50.951 50.651 54.023 54.416 54.826 55.223 54.878 54.741 55.066 55.148 54.813 54.476 54.638 55.043 55.076 54.668 54.263 52.548 51.261 52.026 52.943 53.163 52.731 52.781 52.473 52.316 52.508 52.268 52.171 52.303 52.373 52.416 53.748 52.663 52.688 52.698 52.778 52.846 52.881 52.898 52.893 52.851 53.213 53.183 53.148 53.168 53.193 56.441 58.881 59.291 58.978 53.808 53.588 53.608 53.568 53.673 53.818 53.808 53.718 53.753 53.793 53.821 53.853 53.866 53.863 54.446 55.508 54.111 54.168 54.973 56.976
51.428 51.128 50.733 53.933 54.773 55.163 54.943 54.548 54.348 54.656 54.978 55.203 54.846 54.976 55.146 54.738 54.338 53.901 50.576 51.081 52.706 52.351 52.623 52.951 52.711 52.243 52.141 52.063 52.076 52.183 52.253 52.313 52.328 52.721 52.516 52.603 52.568 52.603 52.756 52.843 52.768 52.691 52.951 53.126 53.146 53.131 53.178 55.693 58.833 59.316 58.793 54.711 53.411 53.521 53.423 53.488 53.708 53.801 53.748 53.658 53.786 53.636 53.648 53.658 53.706 53.726 53.741 53.893 53.976 54.141 54.351 57.248
51.353 51.131 50.946 50.701 52.936 55.013 54.618 54.211 53.946 54.243 54.601 54.908 55.198 55.243 54.918 54.573 54.231 53.426 50.576 51.068 51.563 52.063 52.436 52.378 52.401 52.081 51.958 51.961 52.048 52.151 52.196 52.203 52.263 52.418 52.613 52.463 52.506 52.456 52.458 52.591 52.556 52.826 52.943 52.951 53.013 53.138 54.846 58.816 59.318 58.836 56.878 55.808 53.196 53.276 53.371 53.418 53.678 53.768 53.721 53.581 53.553 53.536 53.513 53.543 53.623 53.606 53.693 53.801 53.938 53.813 55.941 59.991
51.248 51.116 51.028 50.848 50.678 51.781 54.281 53.866 53.681 54.036 54.441 54.828 55.206 54.878 55.186 55.011 54.636 54.281 53.013 50.823 51.736 52.061 52.383 52.321 52.106 52.241 51.823 51.948 52.008 52.071 52.096 52.143 52.296 52.446 52.513 52.926 52.393 52.358 57.006 52.378 52.428 52.581 52.818 52.876 52.943 53.523 58.546 59.118 59.173 58.233 55.658 53.018 53.066 53.153 53.328 53.333 53.431 53.628 53.678 53.571 53.453 53.416 53.478 53.601 53.643 53.561 53.646 53.808 56.221 54.426 59.353 60.566
51.118 51.038 50.936 50.868 50.733 50.578 51.341 53.596 53.968 54.351 54.741 55.176 54.933 54.533 54.741 55.101 55.041 54.303 50.638 51.591 51.861 52.158 52.663 52.116 51.843 51.781 51.848 51.931 51.971 51.983 52.006 52.148 52.456 52.711 52.423 52.393 52.373 57.503 58.218 58.053 52.353 52.478 52.563 52.828 52.838 54.283 55.203 57.088 58.838 58.613 58.063 53.463 55.063 52.841 53.053 53.346 53.278 53.348 53.513 53.463 53.371 53.368 58.783 53.556 53.528 53.458 53.616 56.216 56.851 59.333 59.933 60.536
50.948 50.966 50.841 50.828 50.631 50.488 50.473 53.538 54.301 54.683 55.098 54.993 54.581 54.186 54.328 54.666 55.011 50.603 51.453 51.713 51.966 52.123 52.068 52.633 51.681 51.753 51.833 51.891 51.881 51.886 52.041 52.098 52.093 52.123 52.626 52.276 56.866 58.176 58.341 57.436 52.528 52.361 52.423 52.683 52.756 52.718 52.623 52.726 57.171 58.441 58.661 58.083 53.596 53.441 52.756 53.023 53.311 53.233 53.286 53.313 53.291 53.411 53.526 53.471 53.363 53.431 53.746 53.746 59.228 59.906 60.506 60.496
50.761 50.801 50.698 50.538 50.491 50.481 50.681 54.238 54.641 55.046 55.071 54.656 54.253 52.503 53.826 54.266 50.628 51.321 51.553 51.826 51.986 52.016 51.821 51.596 51.646 51.738 51.778 51.793 51.773 51.923 52.031 52.081 51.953 51.978 51.986 56.676 58.138 58.368 57.778 55.373 52.731 52.321 52.348 52.496 54.681 52.671 52.801 52.691 52.806 55.216 58.416 58.683 58.223 58.513 57.686 53.046 53.026 53.828 53.213 53.218 53.246 53.426 53.418 53.306 53.313 53.248 53.308 59.256 59.858 60.461 60.541 59.926
50.573 50.573 50.523 50.516 50.488 50.488 50.583 50.546 54.791 55.141 54.723 54.321 53.811 50.571 50.638 50.571 51.323 51.476 51.686 51.856 51.923 51.861 51.488 51.546 51.631 51.676 51.693 51.668 51.828 51.983 52.016 51.996 51.991 51.898 55.743 57.596 58.401 57.818 52.216 52.251 52.256 52.258 52.246 52.336 52.493 52.661 52.641 52.631 52.596 52.508 55.836 58.393 58.966 59.131 58.573 58.001 54.383 52.946 53.228 53.231 53.181 53.318 53.261 53.241 55.483 55.678 58.598 59.228 60.418 60.573 59.966 59.373
50.386 50.373 50.451 50.496 50.488 50.478 50.563 51.408 50.928 53.713 54.373 53.973 50.618 51.126 50.723 51.213 51.411 51.593 51.738 51.833 51.771 51.388 51.408 51.531 51.591 51.598 51.571 51.731 51.816 51.848 51.876 51.941 51.938 54.918 57.541 57.908 57.343 52.806 52.136 52.188 52.181 52.168 52.193 52.231 52.316 52.403 52.568 52.586 52.598 52.496 52.631 56.078 58.346 58.913 59.151 58.601 58.031 52.881 53.708 53.411 53.171 53.151 53.181 53.643 56.046 58.393 59.158 59.771 60.008 59.991 59.393 53.786
50.416 50.383 50.358 50.423 50.463 50.493 50.463 50.546 50.623 50.671 52.543 50.638 50.966 50.701 51.006 51.303 51.516 51.636 51.623 51.788 51.293 51.281 51.406 51.473 51.511 51.468 51.623 51.711 51.796 51.783 51.768 51.786 54.511 57.501 57.921 57.366 54.211 51.973 52.076 52.123 52.086 52.118 52.148 52.146 52.176 52.286 52.353 52.546 52.708 52.523 52.701 52.516 54.931 58.306 58.883 59.186 58.631 58.071 53.786 52.786 53.083 53.176 53.188 53.176 58.328 59.126 59.738 60.008 59.426 58.838 54.608 53.781
50.351 50.293 50.443 52.721 50.398 50.483 50.488 50.453 50.561 50.633 50.661 50.708 50.726 50.918 51.181 51.378 51.501 51.488 51.948 51.183 51.148 51.268 51.358 51.393 51.383 51.503 51.873 51.751 51.788 51.761 51.761 54.768 57.473 57.941 57.403 51.988 53.688 51.983 52.041 52.016 52.043 52.068 52.048 52.086 52.116 52.148 52.276 52.298 52.638 52.418 52.406 52.458 52.508 53.643 58.271 58.836 59.228 58.698 58.093 53.046 52.711 53.333 53.318 54.433 59.083 59.698 60.031 59.468 58.848 54.253 53.411 53.763
50.226 50.451 52.133 54.443 54.293 50.401 50.481 50.501 50.463 50.536 50.643 50.698 50.928 51.001 51.166 51.273 51.288 51.733 51.088 51.048 51.143 51.221 51.266 51.283 51.396 51.671 51.733 51.671 51.708 51.728 52.901 57.418 57.946 57.453 53.353 52.226 51.916 51.978 51.933 51.956 51.968 51.976 51.983 52.028 52.048 52.088 53.383 52.378 52.296 52.318 52.371 52.411 52.578 52.501 54.573 58.231 58.806 59.211 58.698 58.123 54.093 52.726 53.291 53.166 54.796 60.063 59.498 58.888 55.006 53.353 53.373 53.586
50.331 50.903 54.241 58.173 57.191 56.533 50.411 50.466 50.518 50.506 50.546 50.636 50.988 50.891 51.006 51.088 51.953 51.003 50.938 51.038 51.136 51.168 51.171 51.311 51.491 51.456 51.703 51.891 51.581 53.208 57.376 57.943 57.496 53.546 52.271 51.853 51.918 51.868 51.893 51.883 51.891 51.898 51.931 51.958 52.003 52.013 52.048 52.091 52.198 52.418 52.361 52.393 52.398 52.446 52.493 54.171 58.178 58.751 59.233 58.743 58.178 54.063 52.718 53.066 53.173 54.366 58.923 54.758 53.188 53.416 53.378 53.446
50.351 55.928 59.718 59.098 58.156 57.303 56.578 50.416 50.463 50.526 50.521 50.518 50.646 50.776 50.818 51.406 50.896 50.828 50.931 51.048 51.081 51.078 51.188 51.441 51.426 51.403 51.413 51.393 52.648 57.361 57.921 57.531 54.986 54.501 51.788 51.848 51.788 51.803 51.818 51.806 51.818 51.843 51.883 51.916 51.923 51.958 51.988 52.028 52.068 52.166 52.236 52.273 52.448 52.408 52.476 52.528 53.871 58.141 58.723 59.201 58.773 58.216 55.548 52.888 53.091 53.181 53.208 53.213 53.268 53.248 53.828 53.476
54.483 58.483 58.741 59.593 59.176 58.263 58.551 56.621 51.101 50.476 50.533 50.536 50.531 50.656 50.773 50.798 50.723 50.836 50.938 50.998 50.993 51.046 51.206 51.366 51.373 51.356 51.313 52.293 56.776 57.388 57.573 54.753 51.683 51.711 51.771 51.716 51.728 51.723 51.728 51.721 51.746 51.771 51.821 51.851 51.868 51.896 51.928 51.948 51.998 52.051 52.103 52.211 52.543 52.338 52.378 52.413 52.541 52.586 58.103 58.691 59.218 58.833 58.236 55.576 52.661 52.993 53.176 53.188 53.213 53.256 53.351 53.451
53.731 55.558 57.736 58.591 59.443 59.246 59.188 58.656 56.041 50.756 50.473 50.546 50.578 50.578 50.616 50.651 50.763 50.833 50.896 50.911 50.996 51.136 51.178 51.223 51.318 51.438 51.631 56.743 57.348 57.083 54.046 51.516 51.643 51.701 51.651 51.643 51.663 51.656 51.623 51.638 51.686 51.708 51.791 51.856 51.828 51.831 51.896 51.893 51.936 51.983 52.021 52.098 52.196 52.238 52.283 52.353 52.426 52.453 52.591 58.078 58.656 59.196 58.853 58.283 56.691 52.788 53.016 53.193 53.201 53.263 53.296 53.321
50.076 52.938 54.656 57.598 58.471 59.353 59.518 58.753 57.628 54.808 52.961 50.488 50.556 50.576 50.591 50.686 50.766 50.821 50.836 50.891 51.038 51.193 51.193 51.198 51.233 51.216 56.706 57.308 57.133 55.861 52.838 51.526 51.596 51.806 51.903 51.578 51.573 51.546 51.561 51.583 51.611 51.656 51.751 51.811 51.873 51.896 51.948 51.988 51.963 51.906 51.953 52.011 52.066 52.166 52.216 52.311 52.323 52.383 52.528 52.611 58.043 58.616 59.168 58.888 52.686 52.781 52.953 53.121 53.138 53.168 53.156 53.233
50.091 50.086 52.376 55.196 57.476 58.363 59.226 59.373 58.583 57.736 55.871 55.028 50.513 50.553 50.623 50.701 50.763 50.771 50.778 51.036 51.221 51.156 51.173 51.178 51.226 56.666 57.283 57.168 55.553 51.346 52.161 51.478 51.651 51.713 51.808 51.893 51.456 51.471 51.478 51.506 51.546 51.711 51.733 51.713 51.791 52.316 51.981 53.016 52.603 51.946 51.891 51.943 51.983 52.043 52.146 52.196 52.276 52.348 52.471 52.508 52.656 57.611 58.591 52.631 52.708 52.801 52.958 52.996 53.038 53.011 53.126 53.221
51.543 50.176 50.096 51.176 54.918 57.373 58.233 59.078 59.528 58.761 57.908 53.443 50.463 50.548 50.616 50.668 50.688 50.703 50.823 51.926 51.256 51.311 51.103 51.131 56.028 57.238 57.208 55.266 51.286 51.383 51.416 51.463 51.476 51.483 51.706 51.583 51.611 51.383 51.401 51.436 51.531 51.571 52.333 51.691 51.896 54.446 54.981 57.558 58.173 53.231 51.941 51.881 51.911 51.956 52.006 52.121 52.883 52.336 52.311 52.381 52.481 52.643 52.803 52.643 52.743 52.836 52.858 52.873 52.893 53.013 53.081 53.154
50.371 50.323 50.131 50.108 50.493 54.043 56.723 58.061 58.966 59.668 54.431 50.428 50.463 50.538 50.588 50.596 50.623 50.736 51.001 50.866 50.926 51.038 51.201 56.171 57.186 57.248 56.643 51.293 51.323 51.333 51.358 51.383 51.853 51.401 51.416 51.508 51.566 52.156 51.306 51.416 51.466 51.526 51.573 51.693 51.863 54.968 57.528 58.126 58.728 58.626 53.401 51.938 51.866 51.906 51.933 51.981 52.108 52.166 52.246 52.336 52.396 52.561 52.548 52.661 52.716 52.711 52.713 52.801 52.891 52.961 53.008 53.041
49.981 50.061 50.136 50.133 50.126 50.611 53.846 56.293 58.106 55.631 50.368 50.406 50.468 50.523 50.528 50.511 50.643 50.916 50.926 50.916 50.911 51.401 55.898 57.156 57.296 56.676 52.291 53.138 51.251 51.308 51.358 51.336 51.323 51.958 51.316 52.978 51.398 51.731 51.441 52.173 51.831 51.496 51.608 51.571 52.183 57.418 58.051 58.693 58.676 58.073 57.458 52.398 51.936 51.841 51.886 51.908 51.963 52.076 52.276 52.751 52.431 52.416 52.518 52.563 52.588 52.561 52.658 52.768 52.832 52.89 52.926 53.033
50.226 49.973 50.048 50.146 50.136 50.123 50.148 53.403 54.851 50.281 50.333 50.393 50.441 50.478 50.443 50.558 50.723 50.863 50.858 50.831 51.116 54.456 56.573 56.811 56.728 50.966 51.138 51.193 51.236 51.318 51.306 51.266 51.276 51.253 51.238 51.288 51.313 51.411 51.351 51.388 51.886 51.511 53.798 51.488 56.953 58.046 58.646 58.706 58.096 57.506 51.981 51.968 52.008 51.916 51.828 51.868 51.906 51.941 52.063 52.336 52.293 52.351 52.396 52.408 52.458 52.561 52.621 52.687 52.731 52.798 53.223 58.921
50.213 50.291 49.953 50.031 50.093 50.133 50.141 50.158 51.313 50.231 50.341 50.373 50.398 50.378 50.516 50.638 50.653 50.791 50.876 50.796 54.736 56.528 56.818 56.248 50.746 51.011 51.093 51.136 51.296 51.368 52.786 51.218 51.223 51.206 51.198 51.191 51.231 51.283 51.338 51.373 51.408 53.763 54.336 56.623 57.478 58.111 58.751 58.136 57.531 51.978 51.946 51.936 51.976 52.018 51.916 51.828 51.853 51.878 51.921 52.058 52.133 52.216 52.248 52.323 52.448 52.515 52.563 52.599 52.678 53.452 59.641 60.667
