dsm/se3133_DSM_2M.asc
ncols 500
nrows 500
xllcorner    431000
yllcorner    433000
cellsize     2
NODATA_value -9999
[rows 288 to 319 of 500, columns 288 to 359 of 500]
60.188 60.058 59.918 59.531 57.396 58.643 53.958 54.273 57.728 56.276 57.626 54.501 53.881 53.883 53.898 55.018 54.016 53.996 53.961 58.666 58.583 56.541 57.826 59.468 59.903 60.326 60.766 61.223 61.668 62.088 61.818 61.388 60.956 60.496 60.076 59.618 59.188 57.783 58.448 63.603 64.831 67.536 68.116 66.763 66.496 67.496 63.531 59.178 59.101 58.941 58.913 58.913 58.866 59.246 59.456 58.678 58.631 58.691 58.796 58.881 58.956 59.013 59.048 59.053 59.271 59.438 59.528 59.528 59.528 59.533 59.586 59.651
60.068 59.936 59.133 57.118 59.501 59.538 56.918 57.448 57.546 57.043 57.191 57.026 55.888 53.856 53.956 53.938 53.966 53.948 57.623 58.416 60.698 58.073 59.448 59.878 60.276 60.723 61.158 61.593 62.061 61.888 61.438 60.998 60.568 60.118 59.683 59.243 57.591 58.376 58.381 64.753 65.638 65.463 67.683 68.091 67.446 68.501 69.581 64.128 59.606 59.628 58.938 58.888 58.833 59.366 58.703 58.676 58.726 58.791 58.858 58.951 59.033 59.096 59.153 59.196 59.243 59.426 59.621 59.653 59.678 59.661 59.681 59.733
59.941 59.663 55.661 59.481 59.571 59.233 56.141 57.793 56.431 57.743 55.996 57.766 57.451 57.216 53.936 53.923 53.926 55.486 58.378 59.206 58.163 58.313 58.746 60.296 60.653 61.088 61.528 61.973 61.938 61.491 61.071 60.623 60.178 59.761 59.316 57.851 58.373 58.383 64.586 65.701 66.463 65.748 66.088 67.806 68.541 69.546 70.433 69.678 64.013 60.006 60.236 59.148 58.871 58.796 58.743 58.768 58.831 58.891 58.921 58.991 59.101 59.181 59.253 59.301 59.331 59.423 59.566 59.748 59.778 59.793 59.786 59.838
59.836 55.468 59.591 63.073 59.498 54.358 57.821 55.143 57.798 56.551 57.808 57.741 57.771 55.341 53.946 53.943 55.713 58.646 59.713 58.653 58.236 58.723 59.131 59.586 60.941 61.468 61.918 62.003 61.533 61.108 60.668 60.241 59.808 59.358 58.066 58.396 58.391 64.278 65.676 66.466 65.881 65.558 68.151 68.401 69.503 70.533 69.723 68.653 67.618 63.116 58.953 58.891 58.866 58.766 58.803 58.878 58.926 59.003 59.088 59.133 59.311 59.443 59.913 59.391 59.433 59.473 59.606 59.741 59.896 59.911 59.916 59.921
55.113 53.706 60.318 59.488 56.206 53.973 54.126 57.841 55.816 57.853 57.778 57.776 55.916 53.923 53.941 54.048 58.826 60.443 58.216 60.108 60.716 59.088 59.498 59.941 60.391 61.438 62.061 61.623 61.168 60.713 60.293 59.866 59.438 58.421 58.338 58.516 64.458 65.641 66.428 65.888 65.698 67.321 68.381 69.446 70.381 69.776 68.716 67.661 65.728 63.563 60.626 58.871 58.863 58.836 58.913 58.956 59.056 59.161 59.201 59.243 59.301 60.691 59.386 59.728 59.541 59.573 59.598 59.773 59.908 60.021 60.028 60.023
53.786 53.691 53.881 57.638 54.061 54.148 55.483 56.491 57.748 56.313 57.771 55.771 53.983 54.353 54.863 58.851 59.591 58.206 60.211 58.563 59.013 59.426 59.903 60.321 60.773 61.096 61.131 61.238 60.788 60.351 59.926 59.486 59.033 58.183 61.836 64.131 65.633 66.431 65.913 65.361 67.296 68.318 69.401 70.418 69.786 68.756 67.728 66.163 63.553 62.838 60.473 58.861 58.836 58.931 58.988 59.058 59.188 59.321 59.421 59.463 59.433 59.423 59.436 59.541 59.616 59.658 59.703 61.018 59.941 60.046 60.131 60.126
53.621 53.773 53.903 54.013 54.116 54.236 54.303 54.946 57.573 57.798 57.471 54.123 54.063 55.518 60.381 59.653 59.346 59.501 58.511 58.936 59.386 59.783 60.243 60.763 61.141 60.741 60.328 60.118 60.433 59.986 59.578 58.936 58.303 61.101 64.391 63.528 65.073 65.786 65.708 67.386 68.271 69.373 70.421 69.808 68.746 67.683 66.058 63.521 62.861 61.048 58.858 60.303 58.928 58.988 59.043 59.196 59.331 59.478 59.623 59.698 59.688 59.578 59.538 59.568 59.668 59.756 59.798 59.963 59.873 60.061 60.196 60.186
53.711 53.838 53.993 54.078 54.183 54.306 54.411 54.436 54.411 57.111 54.331 54.281 55.221 59.561 60.413 60.116 60.123 59.701 58.853 59.298 59.728 60.203 60.623 61.331 60.788 60.338 59.908 59.498 59.208 59.626 59.193 58.423 59.918 64.393 65.248 64.466 63.693 65.161 67.216 68.278 69.333 70.388 69.861 68.751 67.728 66.738 63.538 62.841 60.516 58.896 58.961 58.911 58.981 59.046 59.196 60.218 59.403 59.553 59.743 59.848 59.886 59.801 59.713 59.653 59.726 59.816 59.883 59.923 60.981 60.206 60.381 60.326
53.808 53.943 54.053 54.168 54.248 54.336 54.426 54.566 54.606 54.588 54.508 54.386 54.261 57.943 60.148 59.828 60.026 60.178 60.098 59.701 60.118 60.698 61.016 60.916 60.381 59.948 59.513 59.088 60.883 58.216 57.951 58.541 59.408 63.346 64.391 65.338 64.543 63.561 67.833 69.363 70.446 69.901 68.796 67.783 66.383 63.561 62.888 61.676 58.846 60.193 59.043 58.951 58.993 59.136 59.308 59.813 60.871 59.613 59.713 59.881 59.986 60.008 59.903 59.841 59.801 59.873 59.951 60.021 60.036 60.748 60.196 60.346
53.911 54.028 54.141 54.223 54.311 54.408 54.561 54.638 54.678 54.711 54.648 54.511 54.253 54.198 56.691 59.963 60.168 60.328 60.506 60.688 60.521 61.291 61.528 60.451 60.008 59.568 59.121 58.696 58.261 57.528 58.883 58.763 58.573 58.978 65.263 64.511 65.211 64.621 64.321 69.653 69.966 68.853 67.793 66.608 63.606 62.886 61.358 58.828 59.261 58.878 58.933 58.983 59.081 59.178 59.356 59.453 59.953 61.088 60.208 59.866 60.033 60.153 60.146 59.993 59.941 59.903 59.998 60.073 60.121 60.153 60.176 60.348
54.008 54.096 54.198 54.298 54.383 54.496 54.641 54.748 54.818 54.823 54.768 54.636 54.311 55.443 58.238 58.701 60.286 60.466 60.631 60.811 61.008 60.978 60.518 60.048 59.628 59.201 58.756 58.333 57.698 60.393 63.278 61.706 58.728 58.661 58.808 63.443 64.083 63.986 61.996 64.141 68.696 67.838 66.696 63.678 62.946 60.913 58.808 59.553 58.951 58.908 59.513 59.421 59.731 59.198 59.288 59.491 59.563 59.893 61.533 61.151 60.033 60.196 60.316 60.283 60.076 60.018 60.051 60.133 60.203 60.243 60.273 60.311
54.088 54.216 54.298 54.381 54.481 56.003 54.738 54.843 54.901 55.473 55.743 54.673 54.583 58.186 58.588 59.073 59.538 60.611 60.796 60.963 61.036 60.583 60.141 59.693 59.233 58.811 58.371 57.933 59.686 63.233 63.396 63.566 63.253 58.948 58.688 58.703 62.488 61.833 61.908 64.538 65.586 68.278 63.731 62.981 62.328 58.793 58.713 58.806 58.876 58.923 59.526 59.156 64.978 65.216 59.731 59.333 59.658 59.751 60.456 61.828 63.023 60.201 60.341 60.436 60.356 60.188 60.121 60.183 60.256 60.318 60.376 60.401
54.173 54.301 54.421 54.481 54.838 54.813 54.826 54.881 55.906 61.878 57.593 55.983 54.598 56.078 59.013 59.451 59.876 60.326 60.931 61.076 60.638 60.188 59.778 59.331 58.871 58.428 57.988 58.496 63.218 63.366 63.516 63.663 63.856 63.883 58.356 58.706 58.706 60.906 64.363 65.591 66.586 66.871 64.936 61.526 58.768 58.686 58.776 58.836 58.888 59.028 59.161 64.908 65.853 66.068 65.146 59.783 59.738 59.911 60.083 62.391 63.793 62.551 60.703 60.443 60.526 60.416 60.301 60.223 60.316 60.381 60.441 60.486
54.296 54.426 54.528 54.618 54.686 54.783 55.233 55.786 61.866 61.843 61.883 56.433 55.121 55.296 57.723 59.848 60.278 60.696 61.116 60.706 60.263 59.818 59.371 58.953 58.521 58.046 57.501 63.186 63.356 63.493 63.623 63.796 63.963 64.056 63.891 58.888 58.921 58.736 62.918 66.521 66.928 65.871 64.211 58.731 59.323 58.828 58.821 58.848 58.971 59.041 64.876 65.781 66.308 65.296 60.908 59.746 59.788 59.963 62.128 62.671 62.341 61.301 62.241 61.781 60.533 60.571 60.483 60.398 60.358 60.433 60.528 60.583
54.418 54.506 54.648 54.691 54.788 54.963 55.988 61.863 61.821 61.838 61.856 61.861 59.123 54.928 54.831 55.178 60.666 61.086 60.768 60.328 59.878 59.451 58.968 58.551 58.136 57.483 63.166 63.341 63.483 63.613 63.763 63.936 64.061 63.893 63.741 63.573 59.488 58.776 58.683 63.408 65.948 65.118 58.726 60.336 58.888 58.791 58.806 58.913 59.008 64.138 65.761 66.626 65.358 60.913 59.766 59.801 59.893 61.118 60.668 61.288 61.246 61.596 62.076 62.443 61.273 60.626 60.626 60.513 60.438 60.491 60.581 60.646
54.516 54.588 54.638 54.723 54.848 54.913 61.431 61.833 61.826 61.826 61.813 61.843 61.876 59.796 55.018 54.681 57.638 60.428 60.391 59.931 59.501 59.071 58.621 58.226 57.488 62.658 63.301 63.466 63.601 63.741 63.911 64.051 63.911 63.738 63.588 63.448 63.291 60.031 58.653 58.658 61.116 58.686 60.021 59.023 58.753 58.766 58.856 58.986 59.276 61.163 65.196 65.408 62.988 59.943 59.851 59.951 60.831 61.571 60.713 60.676 60.668 64.521 62.681 61.126 62.306 61.551 60.641 60.578 60.561 60.541 60.623 60.701
54.568 54.633 54.673 54.841 54.936 60.558 61.836 61.841 61.833 61.813 61.813 61.848 61.838 61.866 61.928 56.511 54.843 56.388 60.046 59.561 59.121 58.678 58.233 57.623 62.461 63.276 63.433 63.576 63.723 63.881 64.036 63.931 63.768 63.606 63.451 63.316 63.141 57.386 57.376 58.606 58.573 58.551 59.181 58.716 58.738 58.828 58.923 63.686 59.793 59.488 60.013 60.686 59.506 59.821 59.796 61.523 61.083 60.838 60.871 60.693 60.661 63.856 63.716 61.636 61.556 60.711 60.628 60.673 60.686 60.666 60.658 60.763
54.598 54.658 54.798 55.541 59.506 61.868 61.853 61.853 61.821 61.828 61.848 61.818 61.828 61.851 61.848 61.936 56.043 54.756 57.066 58.011 58.736 58.301 57.863 61.388 63.243 63.396 63.523 63.676 63.836 64.016 63.953 63.791 63.628 63.476 63.338 63.176 57.458 57.343 58.248 58.596 58.536 58.611 58.681 59.111 59.283 58.891 63.146 65.346 66.156 60.671 59.508 59.478 59.746 59.891 61.348 64.131 62.028 60.848 60.808 60.733 60.663 61.231 60.908 61.133 60.806 60.688 60.733 60.756 60.833 61.003 60.831 60.788
54.606 54.738 54.878 56.563 61.883 61.871 61.871 61.833 61.816 61.841 61.826 61.831 61.836 61.808 61.841 61.873 61.893 56.068 54.996 55.201 56.718 57.941 58.293 63.233 63.373 63.513 63.648 63.781 63.956 63.946 63.816 63.651 63.513 63.358 63.198 58.633 57.333 59.146 58.573 58.536 58.573 58.643 58.681 59.778 58.843 62.033 65.256 66.151 65.458 63.788 59.731 59.801 59.813 60.488 64.086 64.358 64.313 62.896 60.823 60.806 60.748 60.741 61.776 60.876 60.756 60.786 60.826 60.873 65.133 67.823 61.461 60.883
54.678 54.801 54.851 54.898 60.021 61.891 61.876 61.848 61.851 61.816 61.808 61.836 61.816 61.826 61.853 61.846 61.868 61.891 56.428 55.256 55.581 58.036 57.648 63.358 63.503 63.628 63.766 63.903 63.948 63.806 63.661 63.531 63.391 63.223 58.366 57.333 58.883 58.556 58.481 58.528 58.613 58.636 58.666 58.821 61.228 65.193 66.096 65.523 62.776 59.361 59.606 59.816 60.323 63.576 64.341 64.308 64.076 62.751 60.858 60.848 60.848 60.858 60.846 60.808 60.838 60.866 60.911 64.391 67.696 67.726 61.818 60.978
54.726 54.816 54.856 54.873 54.931 58.018 61.893 61.886 61.848 61.821 61.833 61.823 61.838 61.851 61.823 61.836 61.858 61.856 61.883 55.596 58.453 58.271 57.586 58.893 61.533 63.758 63.891 63.966 63.813 63.678 63.533 63.403 63.238 59.733 57.331 58.476 58.533 58.453 58.491 58.561 58.596 58.636 58.781 58.878 65.138 66.031 65.593 64.376 59.541 59.641 59.796 59.961 60.448 60.466 63.266 64.098 61.976 64.068 64.018 61.111 60.881 60.871 60.848 60.893 60.891 60.901 62.148 67.541 67.901 66.263 64.768 64.076
54.771 54.853 56.091 55.381 54.951 55.006 59.406 59.216 61.896 61.863 61.838 61.841 61.843 61.851 61.843 61.848 61.841 61.848 59.261 58.841 59.801 59.111 57.511 57.483 58.526 61.096 63.993 63.828 63.686 63.551 63.418 63.263 61.708 57.358 57.871 58.493 58.418 58.448 58.526 58.553 58.586 58.741 58.823 59.126 60.476 64.988 64.751 59.431 59.601 59.758 59.931 60.426 60.406 68.063 60.671 61.606 63.961 63.991 63.976 63.758 61.036 60.886 60.923 60.953 60.948 61.148 67.351 68.001 66.911 64.688 64.983 65.021
54.786 54.966 55.556 55.071 55.003 55.036 55.076 58.268 58.576 58.996 61.861 61.868 61.853 61.838 61.861 61.843 61.831 59.576 57.373 58.686 57.958 59.353 57.481 58.381 57.463 57.431 60.381 63.713 63.566 63.431 63.283 62.258 57.328 57.678 58.446 58.358 58.408 58.478 58.518 59.133 58.698 59.446 64.938 60.948 59.091 59.128 59.753 59.558 59.578 59.618 60.596 60.673 63.673 68.156 68.241 61.296 61.891 63.976 63.971 61.263 61.201 60.936 60.978 60.991 61.068 61.268 62.386 67.208 64.693 65.151 64.953 64.973
55.948 54.916 55.096 55.223 55.461 55.271 55.113 55.166 55.466 55.318 59.651 55.988 60.691 61.861 61.846 61.841 60.763 56.448 59.023 59.171 57.468 57.438 57.446 57.456 57.453 57.483 57.963 59.006 62.608 63.311 63.158 57.356 57.638 58.386 58.343 58.358 58.446 58.551 60.316 58.663 59.061 64.856 65.778 65.778 61.393 59.696 59.636 60.198 59.598 60.518 60.558 60.533 61.781 67.911 68.648 69.431 62.288 61.623 61.876 61.058 61.583 60.998 61.016 61.103 61.761 61.406 62.513 61.876 66.766 66.003 64.936 68.091
54.903 54.968 56.283 55.601 55.328 55.456 55.618 56.128 55.241 55.303 55.341 55.376 55.511 60.876 61.833 61.853 56.146 59.093 58.631 58.358 58.873 57.423 57.428 57.448 57.466 57.936 57.731 57.516 57.961 63.183 57.386 57.678 58.343 58.286 58.308 58.408 58.466 58.476 58.748 58.946 64.788 65.738 66.221 64.966 60.216 59.391 59.498 59.726 60.873 60.491 60.541 60.541 67.128 68.626 69.371 69.023 68.293 61.003 61.003 61.813 61.018 61.033 61.096 61.536 61.723 61.251 61.423 65.681 67.611 68.513 69.088 67.711
55.021 55.091 55.158 55.251 56.008 56.251 55.538 55.711 55.861 55.486 55.358 55.386 55.428 55.476 60.681 56.053 58.413 58.038 57.401 57.721 57.371 57.408 57.428 57.456 57.466 57.631 57.488 57.491 57.491 57.413 57.793 58.288 58.233 58.253 58.343 58.476 59.626 58.543 58.846 64.756 65.613 65.906 65.038 60.078 59.356 59.436 59.506 60.628 60.523 60.566 60.563 65.783 68.543 69.303 69.526 68.338 64.766 60.991 60.938 61.023 61.041 61.083 61.856 61.526 61.438 61.351 63.483 67.451 68.326 69.248 70.148 70.641
55.106 55.191 55.261 55.346 55.391 55.438 55.508 55.603 55.781 55.946 56.468 55.436 55.461 55.496 55.638 57.811 57.323 57.228 57.211 57.273 57.316 57.381 57.433 57.471 57.483 57.483 57.466 57.478 58.006 57.738 58.231 58.196 58.201 58.281 58.341 58.388 58.503 58.581 58.853 62.591 65.953 65.083 60.486 59.386 59.406 59.483 60.888 60.516 60.686 60.878 61.361 60.671 67.383 69.173 68.391 64.603 60.956 60.906 61.011 61.076 61.091 61.268 62.041 61.423 61.318 62.401 67.293 68.148 69.066 69.953 70.821 71.603
55.946 55.216 55.318 55.413 55.483 55.563 55.636 55.701 55.778 55.833 56.026 56.163 56.183 55.516 57.173 57.353 57.383 57.141 57.161 57.213 57.261 57.318 57.393 57.461 57.603 57.548 57.726 57.953 57.881 58.183 58.296 58.218 58.226 58.293 58.393 58.416 58.543 63.818 58.723 58.881 60.103 62.128 59.066 59.138 59.543 60.218 62.036 60.608 61.086 65.296 66.048 61.833 60.776 64.253 65.631 60.921 60.863 60.968 61.053 61.081 61.433 63.758 63.166 61.316 61.966 67.158 68.016 68.923 69.798 70.688 71.533 71.108
55.296 55.848 56.623 55.558 55.553 55.633 55.741 55.823 55.876 55.921 56.056 57.118 56.268 56.388 56.553 56.991 57.033 57.093 57.501 57.816 57.203 57.266 57.346 57.646 58.086 57.931 57.676 57.591 58.126 58.423 59.403 58.163 58.233 59.448 58.641 58.458 64.056 65.213 65.901 58.816 59.571 59.048 60.051 59.218 59.633 60.071 60.256 60.396 63.233 66.768 67.668 66.746 60.788 61.491 60.818 60.816 60.903 61.001 61.053 61.213 63.823 63.756 63.731 63.708 66.996 67.851 68.731 69.611 70.496 71.388 71.271 70.378
59.826 55.643 55.628 55.506 56.628 56.106 55.773 55.901 55.968 56.046 56.096 56.346 56.371 56.308 56.371 56.521 57.488 57.448 57.926 57.391 57.158 57.226 57.511 57.456 57.783 57.701 57.873 58.178 58.046 58.111 58.111 58.161 58.223 58.651 58.418 63.293 65.151 65.928 65.108 63.033 59.036 59.821 61.413 59.881 60.708 60.158 60.231 61.283 66.678 67.591 68.026 67.126 64.831 60.821 60.783 60.846 60.928 60.981 61.118 63.773 63.793 63.771 63.748 66.558 67.696 68.586 69.491 70.351 71.226 71.411 70.561 69.646
63.566 62.966 60.461 55.913 55.793 56.403 55.893 55.991 56.018 56.113 56.196 56.253 56.336 56.391 58.166 56.976 56.658 57.601 57.191 57.078 57.133 57.326 57.341 58.646 57.856 57.466 58.346 57.983 57.946 58.048 58.113 59.128 58.606 58.381 63.626 65.038 65.903 65.191 64.138 58.858 58.883 59.323 59.668 60.453 59.556 60.493 60.216 65.843 67.458 68.076 67.256 66.353 60.693 60.723 60.773 60.851 60.911 61.016 63.101 63.823 63.808 63.781 66.048 67.551 68.403 69.303 70.198 71.083 71.558 70.728 69.831 68.913
64.633 64.391 63.921 63.381 60.693 56.651 56.018 56.851 57.168 56.136 56.236 56.333 56.453 56.526 56.558 57.308 56.971 56.828 56.946 57.078 57.133 57.871 57.458 57.531 58.441 58.021 57.936 57.901 57.983 58.061 58.648 58.681 58.341 58.613 62.451 65.846 65.243 63.278 59.208 59.056 59.196 59.306 59.541 59.511 59.541 60.218 60.571 60.236 67.726 67.303 66.406 60.511 60.568 60.638 60.733 60.816 60.891 61.356 61.343 63.566 63.833 64.941 67.383 68.271 69.163 70.046 70.936 71.603 70.883 70.008 69.091 68.191
