dsm/se3139_DSM_2M.asc
ncols 500
nrows 500
xllcorner    431000
yllcorner    439000
cellsize     2
NODATA_value -9999
[rows 341 to 371 of 500, columns 207 to 275 of 500]
143.153 143 143.163 143.113 143.103 143.138 143.158 143.17 143.078 143.04 142.985 143.038 143.003 143.04 142.92 143.033 142.91 142.785 142.695 142.648 142.58 142.568 142.543 142.548 142.53 142.37 142.353 142.315 142.233 142.295 142.37 142.383 142.313 142.253 142.228 142.2 142.095 142.085 142.68 147.463 150.395 155.093 155.708 154.288 155.69 155.288 156.215 157.155 157.708 158.1 157.038 156.143 151.835 148.465 153.39 153.155 155.35 153.908 156.843 156.675 156.183 158.848 158.018 157.753 155.628 157.553 159.628 159.253 159.54
143.06 142.933 143.12 143.093 142.99 143.033 143.043 143.1 143.505 142.988 143.058 143.115 143.065 143.113 143.028 143 142.933 142.83 142.885 142.713 142.6 142.548 142.638 142.505 142.473 142.458 142.285 142.25 142.173 142.228 142.268 142.328 142.278 142.22 142.198 142.148 142.148 142.825 147.448 151.84 154.483 156.85 158.845 158.448 158.958 158.115 157.665 158.31 158.485 158.23 157.91 156.213 152.325 149.563 153.338 152.51 151.438 152.45 157.045 160.348 161.498 161.963 161.53 160.14 157.625 157.51 157.59 151.068 155.045
143.345 143.25 143.195 143.928 143.11 143.065 148.76 147.99 146.038 143.81 143.308 143.438 143.343 143.418 143.323 143.26 143.12 142.855 142.903 142.765 142.685 142.663 142.813 142.473 142.775 143.083 142.833 142.165 142.213 142.178 142.153 142.15 142.123 142.125 142.12 142.11 142.09 145.083 152.01 156.05 156.725 158.703 160.573 161.025 160.32 159.405 154.273 155.87 158.475 157.49 156.838 155.488 151.158 148.738 151.305 154.578 155.15 156.543 158.855 161.21 162.19 162.773 161.645 160.135 157.215 150.715 155.305 151.09 150.43
144.07 143.523 146.238 150.258 147.305 146.858 153.695 149.903 152.693 149.558 146.33 143.773 143.253 143.258 144.103 145.868 147.3 144.265 143.213 142.84 142.908 143.045 147.708 146.163 147.415 148.543 147.993 142.145 142.1 142.07 142.123 142.13 142.195 142.115 142.023 142.055 142.13 145.353 154.648 158.35 157.955 159.918 161.14 161.658 161.29 159.628 156.488 156.528 158.658 157.71 156.068 153.263 149.125 147.295 149.258 149.308 152.35 156.443 158.583 160.975 161.01 161.755 160.798 159.923 158.905 153.08 157.19 152.543 149.013
147.765 147.898 147.965 153.188 155.013 158.178 158.683 158.56 156.125 154.308 152.34 146.46 143.593 145.443 149.193 151.71 152.578 148.035 143.355 143.05 142.658 144.638 154.13 153.658 152.618 154.235 149.78 141.935 141.798 141.58 141.885 143.603 144.255 144.805 145.475 146.28 147.245 151.405 149.4 157.525 158.085 159.218 160.505 161.088 160.115 160.268 159.058 158.615 153.928 157.875 155.865 150.6 148.03 146.508 150.215 149.66 149.688 153.54 156.953 160.493 160.875 160.698 160.128 159.803 160.97 161.193 159.615 153.66 150.775
151.778 152.76 152.585 155.068 156.878 158.68 160.018 159.858 159.34 157.208 155.565 155.46 147.253 153.138 157.09 149.968 155.443 149.995 142.655 143.198 142.078 143.303 143.588 153.83 153.188 156.023 149.358 143.565 141.795 140.788 144.568 150.028 152.605 153.258 153.863 154.768 155.755 153.565 145.405 154.485 158.665 159.07 160.705 161.335 161.05 160.963 160.475 158.748 148.44 153.308 157.873 152.365 150.923 147.598 150.81 156.083 154.985 156.013 158.225 159.373 160.045 159.825 159.063 160.685 162.905 164.345 163.153 159.195 155.143
152.838 154.453 155.84 157.038 158.818 158.44 160.098 160.303 159.983 159.125 155.785 157.643 152.185 154.77 158.603 157.77 156.853 148.415 141.87 142.02 143 145.64 147.678 151.128 154.125 157.523 154.675 148.838 146.115 144.41 147.993 154.423 158.685 159.785 160.393 160.908 161.65 156.468 148.625 149.39 156.6 158.48 161.013 162.195 162.8 162.163 161.903 160.465 156.545 156.56 160.31 158.225 155.783 148.553 149.915 157.69 159.855 160.918 161.975 161.965 160.523 160.498 161.938 163.538 164.455 165.415 164.635 162.458 159.658
154.873 154.375 154.98 157.715 160.288 160.43 160.538 160.885 161.355 159.678 160.273 161.583 162.64 161.063 155.173 150.983 154.055 147.113 143.79 144.633 149.23 151.218 152.058 155.33 158.178 157.24 150.583 146.84 151.255 151.965 152.77 158.39 145.953 152.945 156.945 161.068 161.91 160.753 156.825 148.893 154.523 157.585 161.033 163.04 163.103 162.95 162.893 161.095 159.123 155.45 158.833 159.688 158.16 149.16 150.075 159.03 162.468 164.39 165.2 164.298 162.523 162.35 163.75 163.98 163.915 161.373 156.765 160.513 156.078
153.518 155.245 156.703 158.963 162.56 162.328 162.638 162.52 162.395 160.228 160.125 162.31 163.57 163.855 160.85 159.77 158.243 146.51 146.785 148.465 154.858 159.658 157.603 158.813 156.74 150.113 153.085 148.045 149.16 155.278 157.798 159.413 146.08 144.655 149.56 159.33 162.56 162.773 162.74 154.248 154.58 159.09 161.3 162.46 163.058 163 162.865 162.07 161.535 159.465 159.56 159.093 153.533 155.285 153.83 161.663 162.76 165.028 166.085 166.145 165.085 163.28 160.855 161.378 163.338 161.32 157.505 161.763 158.56
155.361 156.568 159.738 161.048 163.656 163.286 163.621 163.553 160.183 163.013 163.578 163.568 164.226 164.563 163.668 161.978 156.213 144.446 146.746 151.683 158.948 162.281 162.371 162.141 160.468 159.753 150.836 146.266 150.146 156.938 160.406 160.028 151.803 143.683 144.753 152.143 162.901 163.213 163.236 161.868 158.241 153.458 152.918 154.463 161.051 162.996 163.226 163.298 163.763 163.578 162.108 157.586 150.828 155.966 157.348 161.306 162.051 164.268 166.158 166.741 166.733 163.896 159.993 158.453 161.413 162.898 163.821 163.318 155.581
154.283 156.946 158.033 160.398 164.173 164.086 164.021 163.898 162.668 162.588 164.003 164.878 163.401 162.973 162.741 160.896 152.001 145.526 149.393 155.843 161.638 163.448 164.393 163.616 162.426 159.731 149.303 146.483 154.933 160.528 162.251 162.811 157.488 144.728 143.588 148.313 162.593 164.573 165.296 162.808 160.366 152.691 152.731 154.741 162.993 163.346 164.346 165.043 164.901 164.388 162.753 160.073 155.998 151.983 152.616 159.553 159.568 162.723 165.778 165.883 166.773 164.773 161.051 156.073 157.746 160.676 160.628 158.578 153.173
155.971 158.221 158.578 159.688 164.461 164.586 164.191 163.803 162.961 162.256 163.333 164.621 161.076 155.031 159.013 159.516 155.048 147.376 149.446 155.901 163.351 164.353 164.983 164.008 157.388 152.681 150.333 150.256 157.593 162.058 163.076 162.901 149.148 144.668 144.793 150.491 160.433 165.531 166.408 164.156 162.521 159.631 159.368 163.483 164.388 164.673 166.318 166.761 166.258 164.891 162.051 157.431 150.113 147.468 148.931 152.871 154.491 158.823 160.771 162.918 164.273 161.191 159.353 153.583 150.756 152.498 150.496 150.411 150.853
155.106 155.278 162.126 163.138 164.228 163.468 163.026 158.843 160.728 162.058 162.678 163.403 155.426 156.676 160.056 161.611 154.303 151.246 152.283 158.886 163.656 164.846 164.886 165.196 160.891 156.511 153.733 156.693 159.568 162.153 163.068 157.501 149.626 149.413 147.068 150.241 155.688 163.181 166.183 165.286 163.278 164.158 164.736 164.821 164.808 166.256 168.073 168.026 167.571 165.616 161.791 153.771 147.631 148.306 147.978 147.963 148.961 150.651 152.131 157.453 156.856 157.223 156.253 152.881 149.943 149.613 149.616 149.471 149.598
151.211 156.343 157.881 163.103 161.263 160.756 159.483 156.803 159.971 163.353 162.908 160.921 155.156 159.538 161.863 160.321 156.281 155.216 156.486 158.533 163.188 164.683 164.623 165.368 164.113 163.721 159.496 160.941 162.741 162.628 162.901 159.671 154.491 154.051 149.066 149.208 152.958 155.753 160.181 164.081 164.511 165.018 165.646 166.166 166.096 167.016 167.961 168.421 167.963 166.648 163.908 155.848 148.433 149.838 149.958 149.461 149.713 149.693 150.428 152.118 151.593 151.413 153.176 150.276 149.543 149.876 150.081 149.743 149.778
154.796 157.103 157.953 157.643 155.386 157.826 157.236 161.123 163.526 164.766 164.923 163.608 160.606 162.236 161.266 156.948 156.011 156.131 156.438 156.536 161.398 163.268 163.856 164.878 162.711 164.801 163.246 159.293 163.613 163.461 162.696 162.096 157.996 153.413 148.976 147.521 148.038 149.306 154.151 161.466 165.263 165.763 166.298 166.623 166.591 166.798 167.626 167.733 167.393 166.576 164.716 155.238 149.406 149.438 150.496 149.893 149.641 149.596 150.023 150.523 149.558 149.541 149.493 149.498 149.551 149.688 149.623 149.878 150.353
158.133 156.546 153.646 151.261 150.296 154.103 154.726 156.468 159.288 164.726 165.488 165.001 163.871 162.261 157.961 154.893 153.758 155.498 155.471 155.313 158.198 160.421 161.156 162.948 164.801 165.356 163.033 157.858 163.068 162.608 162.228 161.998 160.063 156.121 147.838 147.043 147.331 147.863 148.943 158.251 165.051 166.476 166.676 166.816 166.121 165.623 165.688 165.481 165.381 165.346 155.038 151.176 149.608 149.323 150.018 150.043 149.571 149.648 149.763 150.411 149.701 149.513 149.638 149.791 149.593 149.513 150.081 151.466 152.468
160.241 158.298 152.001 149.871 150.088 150.228 151.173 150.718 151.356 162.388 162.958 160.181 161.971 153.556 155.776 154.708 152.508 152.341 151.758 152.396 156.331 159.216 162.058 156.518 154.801 157.821 158.353 159.276 163.118 162.923 161.991 161.153 160.063 158.253 151.396 148.916 148.296 149.311 148.933 154.928 165.126 166.163 166.533 166.291 165.228 163.323 161.101 160.928 161.951 162.613 149.813 149.588 149.486 149.283 149.636 150.026 149.661 149.653 149.621 149.776 149.716 149.501 149.653 149.803 149.688 149.576 150.081 151.846 152.286
161.651 159.641 153.856 151.606 149.886 150.001 150.088 150.023 150.561 155.856 153.786 159.971 153.271 150.656 151.578 151.333 150.413 150.378 150.093 150.146 152.263 154.051 155.288 154.158 158.531 159.106 157.801 156.088 162.011 161.148 159.641 158.838 159.278 158.341 155.683 152.186 149.401 149.973 149.083 151.221 160.616 163.871 164.836 164.261 162.901 159.433 154.603 155.686 157.048 157.743 149.798 150.151 149.416 149.286 149.786 149.981 149.493 149.576 149.853 150.566 151.058 149.938 149.636 149.763 149.716 149.556 149.743 150.111 150.781
161.218 158.238 151.613 151.118 150.268 150.178 150.013 150.088 150.161 151.123 150.356 153.286 152.116 150.156 149.916 150.021 150.226 149.928 149.971 149.841 150.426 151.723 152.086 151.716 158.133 158.238 155.858 152.391 156.061 155.196 152.573 153.146 157.776 156.436 154.036 150.356 149.058 150.723 150.341 149.436 151.228 151.296 155.813 160.493 156.476 150.473 150.788 151.826 150.776 150.626 149.761 150.111 149.718 149.393 149.583 149.928 149.498 149.503 150.683 151.551 151.843 150.918 149.573 149.663 149.651 149.681 149.821 149.976 150.221
159.628 157.716 152.166 150.028 150.101 150.773 150.086 150.098 150.141 150.936 150.903 150.413 151.461 150.768 150.021 150.168 150.478 150.168 150.113 150.003 150.126 151.141 151.943 150.503 150.453 151.308 151.813 150.733 150.933 151.093 150.013 150.138 153.923 153.658 153.008 150.696 149.133 149.618 150.488 150.061 149.771 150.001 151.586 152.983 150.476 149.193 149.556 150.118 149.523 149.811 151.268 151.033 150.568 149.506 149.486 149.813 149.771 149.486 150.933 152.208 152.198 151.561 149.818 149.751 149.736 149.658 149.938 150.098 150.288
152.523 152.543 151.183 150.178 150.071 150.691 150.373 150.131 150.383 151.706 151.763 151.451 151.156 151.466 150.216 150.286 150.388 150.223 150.158 150.111 150.393 150.998 150.411 150.326 151.181 151.406 150.211 150.116 151.266 150.503 149.751 149.518 149.846 150.378 151.183 151.441 149.463 149.311 149.686 149.273 149.613 150.796 151.313 150.626 149.433 149.251 149.373 149.516 149.423 150.046 152.163 151.803 151.428 149.776 149.521 149.771 150.193 149.608 150.156 151.858 152.278 150.908 149.828 150.221 150.581 150.048 150.226 150.406 150.418
151.771 150.508 150.266 150.216 150.231 150.671 150.391 150.156 150.298 150.951 150.338 150.881 151.766 151.208 150.248 150.288 150.501 150.251 150.256 150.256 150.466 152.353 150.781 150.198 151.586 152.386 151.056 149.768 150.623 150.968 149.858 149.616 149.418 149.381 151.371 151.521 149.906 149.481 149.493 149.243 149.206 150.348 151.688 150.983 149.493 149.348 149.471 149.878 149.523 150.473 152.163 151.891 151.681 150.131 149.626 150.191 150.328 149.883 149.778 150.621 151.283 152.998 152.936 152.188 153.463 152.543 152.331 153.483 151.271
151.038 151.258 150.668 150.261 150.203 150.448 150.286 150.933 150.478 150.798 150.411 150.076 151.018 151.438 150.326 150.713 150.971 150.508 150.313 150.321 150.543 152.423 150.796 150.056 151.196 152.683 150.868 150.083 150.138 150.753 149.923 149.673 149.566 149.541 150.353 150.391 149.623 149.653 149.713 149.241 149.366 150.996 151.786 151.033 149.671 149.443 149.358 150.881 150.051 149.903 151.611 151.133 150.383 149.973 150.318 152.988 152.931 152.583 152.348 149.976 150.428 152.603 155.251 155.818 156.393 156.616 156.068 154.946 152.201
152.551 152.783 151.616 150.783 150.626 150.366 150.346 151.351 151.193 151.496 151.796 150.668 150.626 151.263 150.516 151.891 152.868 151.926 150.471 150.296 150.573 151.308 150.191 150.038 150.353 151.821 150.386 150.353 149.986 150.218 150.208 149.726 149.658 149.743 149.876 150.333 149.786 149.728 149.736 149.576 149.388 149.983 151.016 151.118 150.276 151.541 151.456 152.186 152.623 152.376 152.691 150.643 150.063 151.073 152.621 155.473 155.816 155.796 155.556 151.111 150.113 152.791 155.868 157.033 157.508 158.053 157.583 154.388 150.773
153.626 152.413 151.316 151.098 151.081 150.658 150.511 150.903 151.471 152.636 152.643 150.961 150.991 151.093 150.536 152.218 153.303 153.033 151.626 150.723 150.721 150.836 150.153 150.086 150.071 151.051 150.803 150.158 149.871 150.193 150.883 149.918 150.218 150.058 149.981 151.353 151.453 150.581 150.093 149.901 150.533 149.768 149.743 150.268 152.023 154.293 154.763 155.031 155.533 155.516 154.383 150.766 150.258 152.456 155.881 156.746 157.013 157.053 156.621 153.158 150.021 151.528 155.726 156.921 157.396 157.308 157.066 155.896 151.663
153.706 152.413 151.316 151.531 151.301 151.123 151.093 151.303 151.273 152.776 152.416 151.211 151.308 152.058 150.603 151.538 153.271 152.901 152.058 150.876 150.663 150.658 150.441 150.183 150.228 150.558 150.731 150.498 150.208 151.846 151.938 151.371 153.088 152.311 149.991 150.943 153.741 153.191 153.281 152.028 153.648 152.626 150.408 151.261 153.883 155.753 156.473 156.741 156.886 156.616 155.581 152.786 150.513 153.606 156.326 156.936 156.938 156.793 156.411 154.826 150.618 150.458 154.106 155.038 156.133 155.423 154.131 154.751 151.773
151.698 151.503 153.001 153.586 153.158 151.831 151.336 151.511 151.218 151.431 151.838 151.978 151.861 152.668 151.461 151.138 151.811 152.576 151.656 150.976 150.936 151.546 151.398 151.171 151.001 150.461 150.468 151.056 151.613 153.961 153.383 153.498 155.686 154.628 150.518 150.203 154.448 155.711 156.211 156.006 156.266 155.781 153.216 150.736 153.531 155.898 156.768 157.056 157.128 156.716 155.948 152.776 151.473 152.408 155.863 156.206 155.348 154.228 154.978 153.888 151.161 150.308 150.616 151.733 154.008 152.141 150.793 150.856 150.998
151.346 151.908 155.081 155.683 154.926 153.423 151.796 151.648 151.203 151.216 151.681 153.121 153.481 153.838 153.671 153.243 153.278 151.516 151.896 153.666 153.856 154.446 154.633 154.708 153.661 150.783 151.011 151.613 154.956 156.196 156.193 156.448 156.693 155.591 151.421 150.053 153.558 156.371 157.211 157.466 157.011 156.061 152.248 150.253 152.553 154.991 156.193 156.288 155.956 154.803 154.781 151.751 151.531 150.868 154.161 154.311 153.068 150.858 152.156 150.761 150.338 150.533 150.658 150.741 151.493 150.663 150.711 150.743 150.766
151.861 153.773 156.756 157.383 157.148 156.271 155.356 154.363 152.548 151.276 152.531 154.758 156.473 156.596 156.656 156.728 154.738 151.663 153.601 156.033 156.798 157.146 157.288 157.338 155.656 151.466 151.483 152.793 156.413 157.131 157.341 157.156 156.973 154.256 150.806 150.548 154.583 156.096 156.736 156.696 156.621 156.031 153.053 150.548 150.681 152.428 154.701 154.366 153.538 151.108 151.008 150.376 150.171 150.221 150.788 150.851 150.796 150.378 150.653 151.076 150.751 150.648 150.913 151.041 150.676 150.688 150.748 150.888 150.976
152.063 155.076 157.568 158.558 158.721 158.293 157.718 156.296 153.451 152.176 154.931 157.056 157.808 157.943 157.933 157.628 153.293 151.491 153.983 156.348 157.511 157.838 157.843 157.738 156.818 152.811 151.526 154.008 156.191 156.786 156.793 156.536 156.088 154.048 150.336 150.271 153.606 154.951 154.858 154.958 154.151 154.308 151.781 151.013 150.483 150.141 150.976 151.853 151.253 150.433 152.118 152.286 150.611 150.376 150.793 151.018 151.248 150.673 150.441 151.133 150.816 150.626 150.933 151.096 150.803 150.763 150.903 151.023 150.938
151.756 153.553 157.471 158.136 158.466 158.608 158.048 155.176 151.731 153.051 155.813 157.716 158.433 158.348 158.378 157.733 154.801 151.553 153.906 156.126 156.861 157.138 157.006 156.783 156.481 154.251 151.233 152.938 155.356 155.698 155.271 154.791 153.813 151.501 150.368 150.211 151.893 152.488 150.746 151.926 150.718 151.073 150.206 150.388 150.291 150.158 150.333 150.806 151.413 151.218 151.568 152.193 151.428 150.496 150.756 151.021 151.338 150.758 150.543 150.831 150.603 150.596 150.711 150.786 150.776 150.728 150.768 150.953 150.853
