dsm/se3132_DSM_2M.asc
ncols 500
nrows 500
xllcorner    431000
yllcorner    432000
cellsize     2
NODATA_value -9999
[rows 224 to 255 of 500, columns 216 to 287 of 500]
28.154 28.87 29.538 29.785 29.837 29.816 29.723 29.835 29.695 29.667 29.581 29.593 29.602 29.612 29.682 29.803 29.825 29.915 29.957 30.037 30.13 30.316 30.23 30.275 30.28 30.323 30.492 30.477 30.44 30.501 30.515 30.553 30.588 30.659 30.742 30.815 30.9 31.19 31.315 31.282 31.385 31.461 31.499 31.601 31.718 31.849 31.958 31.98 32.102 32.2 32.295 32.528 32.668 32.901 33.026 33.068 33.017 33.116 33.296 33.558 33.754 33.938 34.109 34.275 34.613 35.066 34.918 35.712 34.657 34.352 34.058 33.846
27.195 27.573 28.359 28.77 29.414 29.675 29.788 29.891 29.764 29.762 29.647 29.574 29.543 29.549 29.597 29.687 29.756 29.827 29.898 29.975 30.028 30.133 30.209 30.228 30.282 30.295 32.128 30.615 30.511 30.545 30.53 30.507 30.559 30.64 30.722 30.794 30.879 30.949 31.051 31.151 31.19 31.289 31.396 31.546 31.65 31.762 31.872 31.932 32.042 32.173 32.31 32.489 32.735 32.814 32.828 32.84 32.982 33.176 33.463 33.645 33.824 34.01 34.209 34.873 34.806 34.875 34.957 35.654 35.597 34.411 34.18 34.052
26.376 26.685 27.178 27.841 28.301 28.301 28.737 29.303 29.477 30.019 29.75 29.855 29.889 29.482 29.542 29.546 29.683 29.753 29.758 29.839 29.954 30.067 30.191 30.202 30.181 30.27 30.286 30.617 30.406 30.546 30.701 30.555 30.607 30.638 30.675 30.72 30.85 30.948 31.02 31.111 31.255 31.286 31.368 31.516 31.592 31.748 31.849 31.955 32.061 32.101 32.235 32.533 32.732 32.708 32.771 32.823 33.108 33.308 33.455 33.652 33.8 34.792 35.168 34.996 35.536 35.797 35.599 35.767 35.964 34.835 34.174 34.107
26.146 26.289 26.401 26.509 27.123 27.287 27.407 28.115 28.434 28.973 29.593 29.746 29.639 29.56 29.47 29.546 29.573 29.706 29.785 29.825 29.928 30.054 30.145 30.16 30.201 30.228 30.258 30.323 30.356 30.433 30.499 30.512 30.537 30.613 30.678 30.769 30.837 30.906 31.004 31.081 31.137 31.253 31.4 31.459 31.556 31.653 31.788 31.875 31.966 32.109 32.303 32.453 32.587 32.604 32.716 32.976 33.107 33.222 33.345 33.536 34 34.12 34.434 34.929 34.699 34.888 34.972 35.296 36.401 34.455 34.257 34.15
26.183 26.272 26.366 26.312 26.415 26.403 26.635 27.042 27.394 27.934 28.835 29.508 29.628 29.566 29.445 29.465 29.514 29.596 29.696 29.772 29.873 30.1 30.397 30.113 30.136 30.193 30.286 30.362 30.376 30.383 30.415 30.466 30.543 30.604 30.682 30.747 30.794 30.87 30.938 31.068 31.141 31.27 31.395 31.393 31.542 31.658 31.76 31.852 31.961 32.087 32.137 32.292 32.587 32.493 32.701 32.923 32.989 33.078 33.166 33.293 33.464 33.73 33.929 34.255 34.592 34.946 35.136 35.278 35.498 36.849 34.378 34.204
25.985 26.018 26.04 26.186 26.289 26.457 26.485 26.473 27.039 27.231 28.162 28.919 29.551 29.544 29.742 29.362 29.489 29.56 29.651 29.687 29.76 29.981 30.271 30.079 30.106 30.143 30.185 30.289 30.375 31.043 31.103 30.611 30.611 30.671 30.668 30.749 30.772 30.88 30.937 31.027 31.119 31.192 31.328 31.425 31.541 31.643 31.693 31.802 31.908 32.039 32.157 32.207 32.364 32.407 32.525 32.633 32.723 32.81 32.945 33.093 33.197 33.301 33.401 33.538 33.776 34.142 34.393 35.501 35.506 36.931 35.553 34.282
25.915 25.96 26.008 26.028 26.153 26.243 26.36 26.387 26.87 26.997 27.534 28.549 29.332 29.766 29.535 29.784 29.452 29.472 29.572 29.664 29.755 30.016 30.031 30.023 30.068 30.113 30.126 30.183 30.29 30.488 30.559 30.602 30.73 30.808 30.795 30.879 30.962 31.012 31.245 31.117 31.207 31.21 31.264 31.407 31.496 31.578 31.676 31.789 31.871 32.002 32.109 32.201 32.26 32.388 32.459 32.561 32.545 32.627 32.707 32.762 32.865 32.91 33.136 33.277 33.474 33.573 33.781 33.94 34.281 34.497 34.565 34.337
25.84 25.921 25.962 26.036 26.101 26.142 26.175 26.231 26.454 27.426 27.893 28.552 29.507 29.573 29.468 29.437 29.373 29.401 29.497 29.593 29.687 29.888 30.031 30.012 29.983 30.062 30.109 31.83 30.598 30.685 30.664 30.796 30.918 30.938 31.019 31.005 31.071 31.087 31.139 31.238 31.244 31.411 31.481 31.533 31.585 31.598 31.645 31.77 31.852 31.934 32.076 32.206 32.268 32.377 32.936 32.512 32.527 32.587 32.622 32.704 32.691 32.785 32.845 32.909 33.049 33.312 33.477 33.591 33.762 33.869 34.047 34.2
25.787 25.865 25.928 26.003 26.103 26.097 26.152 26.176 26.233 27.081 27.927 28.806 29.655 29.658 29.437 29.388 29.274 29.401 29.406 29.487 29.626 29.775 30.1 30.069 29.949 30 30.04 30.232 30.415 30.549 30.665 30.857 30.986 31.16 31.164 31.243 31.266 31.318 31.424 31.412 31.382 31.427 31.53 31.833 31.686 31.773 31.616 31.747 31.852 31.937 32.228 32.637 32.257 32.397 32.52 32.572 32.505 32.549 32.566 32.627 32.715 32.749 32.783 32.852 32.899 32.979 33.09 33.239 33.482 33.598 33.892 34.054
25.788 25.858 25.9 25.969 25.976 26.053 26.112 26.148 26.21 26.486 28.466 29.247 29.749 29.704 29.463 29.859 29.212 29.327 29.393 29.504 29.608 29.709 30.015 30.212 29.969 29.954 30.023 30.155 30.394 30.496 30.75 30.966 31.18 31.286 31.324 31.366 31.46 31.479 31.621 31.708 31.663 31.58 31.582 31.632 31.596 31.566 31.579 31.692 31.802 31.93 32.139 32.205 32.295 32.565 32.667 32.777 32.655 32.66 32.681 32.606 32.662 32.705 32.771 32.814 32.838 32.933 33.037 33.08 33.156 33.27 33.474 33.768
26.05 25.972 25.878 25.934 25.949 26.044 26.229 26.129 26.144 26.898 28.606 29.186 29.461 42.008 29.654 29.233 29.211 29.284 29.356 29.507 29.54 29.633 29.811 29.951 29.918 29.96 30.001 30.187 30.36 30.478 30.792 31.047 31.214 31.397 31.469 31.533 31.599 31.671 31.762 31.808 31.796 31.758 31.658 31.668 31.623 31.529 31.552 31.679 31.793 31.924 32.839 32.135 32.268 32.415 32.954 33.22 33.545 33.599 32.961 32.868 33.98 32.835 32.75 32.763 32.813 32.867 32.944 33.023 33.095 33.206 33.315 33.349
25.706 25.81 25.782 25.923 25.928 26.121 26.269 26.123 27.797 29.917 28.939 29.518 29.605 29.418 29.302 29.246 29.122 29.217 29.304 29.422 29.505 29.597 29.69 30.326 29.868 29.885 30.002 30.065 30.35 30.538 30.873 31.152 31.356 31.495 31.575 31.72 31.79 31.764 31.851 31.804 31.819 31.795 31.719 31.772 31.692 31.562 31.54 31.675 31.783 31.875 31.969 32.177 32.17 32.954 32.563 32.931 33.01 33.109 33.084 33.172 32.78 32.803 32.86 35.178 32.952 32.87 32.906 33.004 33.107 33.126 33.212 33.286
25.762 25.735 25.793 25.849 25.895 26.046 26.388 29.794 32.771 28.83 29.45 29.553 29.53 29.472 29.448 30.788 29.158 29.22 29.307 29.378 29.468 29.527 29.868 29.878 29.818 29.878 29.892 30.062 30.344 30.608 30.928 31.12 31.523 31.773 31.898 32.069 31.866 31.877 31.87 31.863 31.866 31.84 31.78 31.712 31.635 31.479 31.497 31.599 31.727 31.935 31.999 32.065 32.153 32.623 32.455 33.191 32.803 32.764 32.745 32.661 32.6 32.735 32.772 33.145 32.814 32.839 32.92 32.979 33.086 33.135 33.229 33.275
25.731 25.714 25.698 25.777 25.859 27.073 30.4 32.771 29.173 29.23 29.48 29.404 29.299 29.378 29.31 29.247 29.121 29.173 29.208 29.365 29.404 29.539 29.744 29.846 29.832 29.822 29.941 29.973 30.387 30.694 31.005 31.451 32.261 32.943 32.865 32.638 32.277 31.973 31.854 31.853 31.775 31.744 31.687 31.653 31.597 31.404 31.486 31.603 31.692 31.879 31.953 31.965 32.219 32.26 32.265 32.314 32.363 32.353 32.347 32.342 32.4 32.434 32.507 32.577 32.701 32.737 32.859 32.994 33.064 33.104 33.241 33.253
25.661 25.716 25.726 25.931 26.746 28.495 28.734 29.362 29.274 29.46 29.333 29.25 29.316 29.346 29.204 29.251 29.056 29.101 29.184 29.292 29.371 29.461 29.613 29.802 29.822 29.83 29.849 29.926 30.341 30.667 30.994 31.398 32.551 32.784 33.018 32.985 33.501 32.814 31.826 31.683 32.185 31.697 31.626 31.525 31.487 31.308 31.412 31.592 31.66 31.87 31.907 31.976 32.04 32.124 32.06 32.031 32.106 32.099 32.175 32.26 32.294 32.438 32.465 32.546 32.628 32.721 32.819 32.903 32.986 33.097 33.188 33.215
25.629 25.706 25.758 26.052 28.022 29.705 29.127 29.055 29.269 29.191 29.192 29.186 29.269 29.234 29.042 29.02 29.024 29.101 29.167 29.22 29.364 29.417 29.55 29.732 29.772 29.767 29.834 29.964 30.27 30.645 30.913 31.419 32.371 33.013 33.199 33.662 33.646 33.201 32.498 31.735 34.093 31.479 31.457 31.395 31.396 31.303 31.408 31.565 31.671 31.829 31.766 31.842 31.848 31.883 31.928 31.96 32.005 32.028 32.133 32.213 32.218 32.353 32.465 32.521 32.59 32.69 32.797 32.907 32.97 33.091 33.132 33.248
25.579 25.738 25.81 28.143 29.775 30.642 29.857 29.05 29.011 29.111 29.129 29.093 29.086 29.079 28.995 28.932 28.919 29.022 29.096 29.228 29.286 29.376 29.499 29.743 29.711 29.763 29.808 29.898 30.294 30.632 30.895 31.151 31.801 31.991 32.559 32.724 33.148 32.324 32.137 32.119 31.68 31.462 31.456 31.363 31.28 31.287 31.415 31.507 31.73 31.805 31.751 31.805 31.782 31.789 31.854 31.919 31.914 31.989 32.069 32.094 32.188 32.294 32.388 32.532 32.689 32.846 32.904 33.01 33.123 33.206 33.306 33.448
25.619 25.617 28.544 30.209 30.605 29.528 29.101 28.995 28.981 28.976 29.011 28.956 28.93 29.229 28.838 28.893 28.958 29.022 29.122 29.205 29.279 29.349 29.522 29.706 29.7 29.728 29.816 29.884 30.169 30.489 30.748 31.098 32.251 33.018 33.318 33.248 33.146 33.343 33.577 33.588 31.559 31.438 31.464 31.342 31.193 31.303 31.392 31.487 31.613 31.696 31.665 31.676 31.743 31.761 31.768 31.829 31.894 31.968 31.989 32.208 32.351 32.341 32.472 32.624 32.725 32.854 32.981 33.093 33.171 33.299 33.405 33.482
25.666 27.988 30.515 29.801 28.852 28.792 28.774 28.718 28.772 28.81 28.864 28.905 28.995 28.795 28.815 28.882 28.885 28.972 29.061 29.112 29.269 29.347 29.488 29.67 29.635 29.699 29.793 29.833 30.161 30.384 30.673 30.987 32.398 33.006 33.437 33.288 33.692 33.354 33.416 32.145 31.473 31.4 31.426 31.257 31.182 31.278 31.39 31.474 31.522 31.593 31.587 31.622 31.674 31.704 31.751 31.816 32.138 32.253 32.158 32.286 32.318 32.443 32.595 32.716 32.844 32.875 32.949 33.069 33.151 33.164 33.28 33.424
28.834 30.047 29.34 28.719 28.629 28.637 28.591 28.642 28.652 28.659 28.669 28.795 28.714 28.77 28.805 28.789 28.797 28.892 29.031 29.066 29.221 29.319 29.448 29.606 29.662 29.636 29.738 29.813 30.062 30.377 30.623 30.86 32.283 32.597 32.82 34.291 33.401 33.276 32.944 32.678 31.444 31.362 31.324 31.107 31.161 31.276 31.326 31.44 31.504 31.53 31.538 31.553 31.603 31.664 31.76 31.946 32.021 32.111 32.181 32.241 32.264 32.296 32.675 32.584 32.568 32.499 32.659 32.652 32.801 32.858 32.894 32.902
29.924 29.143 28.746 28.521 28.485 28.466 28.445 28.505 28.578 28.629 28.628 28.666 28.735 28.727 28.775 28.9 28.877 28.879 28.973 29.068 29.238 29.257 29.428 29.607 29.6 29.664 29.712 29.78 30.092 30.287 30.603 30.741 31.833 31.691 32.044 32.283 32.698 33.526 33.061 31.591 31.429 31.343 31.315 31.059 31.125 31.24 31.329 31.457 31.472 31.458 31.515 31.578 31.592 31.685 31.837 31.99 32.027 31.963 31.923 31.769 31.594 31.344 31.368 29.893 32.419 32.306 32.327 32.333 32.173 32.035 32.427 32.229
29.374 28.484 28.374 28.356 28.354 28.433 28.44 28.532 28.545 28.6 28.563 28.642 28.679 28.695 28.821 28.851 28.858 28.925 29.019 28.999 29.218 29.264 29.407 29.623 29.593 29.634 29.662 29.743 30.067 30.316 30.571 30.76 32.032 32.558 32.462 32.206 32.683 33.048 32.193 31.34 31.34 31.287 31.034 31.023 31.171 31.265 31.289 31.358 31.424 31.419 31.537 31.613 31.667 31.844 31.886 31.81 31.569 31.151 30.721 30.506 30.687 29.225 28.429 28.151 28.111 29.946 29.352 31.488 31.002 30.85 30.508 30.776
28.621 28.296 28.299 28.258 28.311 28.288 28.402 28.459 28.506 28.577 28.602 28.62 28.612 28.668 28.928 28.898 28.913 28.783 28.955 29.021 29.146 29.291 29.351 29.57 29.519 29.641 29.688 29.765 30.089 30.408 30.713 30.956 32.018 32.213 31.497 31.474 31.622 31.636 31.373 31.159 31.185 31.158 30.945 31.013 31.116 31.231 31.269 31.328 31.365 31.483 31.594 31.671 31.634 31.553 31.576 31.127 30.642 30.163 29.822 29.492 29.24 28.462 28.159 31.746 28.34 28.122 28.217 30.139 31.119 30.795 29.79 29.606
28.357 28.245 28.252 28.208 28.301 28.262 28.313 28.41 28.422 28.447 28.553 28.592 28.703 28.642 28.746 28.821 28.883 28.851 28.897 28.975 29.09 29.21 29.455 29.61 29.564 29.606 29.687 29.819 30.148 30.509 30.932 31.231 31.231 31.19 31.213 31.118 31.087 30.928 30.942 31.018 31.088 30.969 30.853 31.001 31.133 31.192 31.247 31.269 31.448 31.608 31.56 31.546 31.379 31.061 30.602 31.39 29.551 28.862 28.631 28.473 28.325 28.237 28.301 34.324 31.656 29.629 28.145 28.136 28.677 32.63 33.631 29.456
28.207 28.149 28.156 28.145 28.136 28.116 28.387 28.408 28.438 28.484 28.547 28.565 28.623 28.645 28.671 28.746 28.808 28.854 28.938 28.957 29.11 29.22 29.374 29.585 29.568 29.566 29.687 29.765 30.123 30.588 31.172 31.64 32.179 32.311 32.412 32.162 31.973 31.132 30.755 31.001 31.043 30.866 30.832 30.987 31.071 31.126 31.198 31.401 31.448 31.496 31.5 31.103 32.962 30.355 29.466 28.685 28.518 31.096 31.517 29.008 32.236 28.333 34.561 35.761 35.767 34.099 28.478 28.213 29.961 34.714 34.767 31.285
28.154 28.17 28.136 28.069 28.177 28.392 28.519 28.486 28.506 28.754 28.832 28.602 28.628 28.657 28.649 28.672 28.733 28.83 28.875 29.029 29.123 29.261 29.421 29.544 29.541 29.599 29.657 29.866 30.105 30.464 31.056 31.94 32.789 32.892 32.867 32.975 32.36 30.706 30.65 30.867 30.873 30.715 30.84 30.974 31.068 31.16 31.293 31.377 31.423 31.381 31.135 32.924 35.253 30.027 28.448 28.35 32.198 31.552 31.48 34.09 31.78 34.506 35.584 35.962 36.121 35.792 35.319 32.67 29.284 32.042 36.162 36.504
28.129 28.082 28.087 28.066 28.3 28.451 29.596 29.979 28.649 28.589 28.68 28.69 28.716 28.695 28.691 28.734 28.722 28.772 28.892 29.015 29.082 29.201 29.434 29.533 29.558 29.59 29.684 29.847 30.142 30.273 30.923 31.457 32.103 32.656 32.47 32.523 32.007 30.562 30.615 30.829 30.675 30.722 30.783 30.917 30.992 31.138 31.244 31.326 31.277 30.643 30.044 30.381 33.103 30.603 28.439 30.368 35.406 34.223 33.396 31.156 32.147 35.475 35.856 36.227 36.376 36.187 35.959 35.603 35.412 34.01 32.369 34.186
28.104 28.054 27.994 28.135 28.408 28.965 29.653 30.047 29.55 28.615 28.693 28.668 28.762 28.768 28.648 28.707 28.771 28.852 28.848 29.018 29.115 29.203 29.455 29.471 29.523 29.582 29.625 29.925 30.148 30.303 30.761 31.298 32.257 32.206 31.98 31.967 31.056 30.626 30.688 30.715 30.591 30.685 30.804 30.886 31.082 31.177 31.289 31.359 30.81 29.974 29.122 29.432 28.798 28.833 29.623 31.883 33.098 32.57 29.454 28.939 35.298 35.646 36.088 36.462 36.742 36.566 36.18 35.93 35.712 34.201 30.517 31.213
28.047 27.99 28.005 28.277 29.086 29.833 30.045 29.818 29.095 28.6 28.7 28.745 28.736 28.813 28.851 28.73 28.756 28.885 28.88 29.018 29.05 29.21 29.472 29.542 29.527 29.602 29.667 29.892 30.119 30.331 30.481 32.01 32.363 33.326 32.363 32.111 30.736 30.713 30.732 30.597 30.573 30.682 30.795 30.953 31.099 31.2 31.264 30.837 30.927 28.997 33.198 32.579 28.53 30.625 30.445 30.82 32.497 31.9 29.534 32.086 35.658 35.944 36.281 36.78 37.114 36.937 36.662 36.354 36.101 35.875 35.633 34.256
27.989 28.014 27.994 28.23 29.295 29.61 29.846 30.389 30.29 28.815 28.685 28.782 28.816 28.77 29.166 28.721 28.736 28.871 28.931 28.997 29.148 29.22 29.466 29.437 29.46 29.574 29.701 29.998 30.111 30.308 31.127 32.087 31.471 31.995 31.773 31.082 30.626 30.649 30.603 30.437 30.578 30.678 30.835 30.973 31.105 31.19 31.092 30.744 30.287 28.671 32.625 30.9 31.757 33.124 34.084 33.069 36.245 30.75 34.507 35.514 35.918 36.293 36.598 36.95 37.368 37.299 36.996 36.775 36.414 36.149 35.951 35.733
28.025 28.026 27.999 28.259 28.385 29.636 29.602 30.132 30.231 28.949 28.724 28.73 28.785 28.88 28.814 28.748 28.787 28.875 28.975 29.07 29.176 29.229 29.456 29.447 29.494 29.598 29.679 30.012 30.181 30.25 30.562 31.356 31.618 31.334 31.815 30.77 30.573 30.567 30.403 30.445 30.569 30.702 30.816 31.044 31.128 30.995 30.834 30.004 28.52 28.441 28.355 28.382 33.19 32.412 33.295 29.684 28.215 32.137 35.439 35.811 36.148 36.482 36.861 37.277 37.548 37.614 37.395 37.078 36.829 36.612 36.366 36.03
27.991 27.993 28.048 28.226 28.381 29.433 29.265 30.055 29.07 28.82 28.719 28.637 28.67 28.799 28.861 28.782 28.771 28.864 29.008 29.099 29.168 29.308 29.41 29.407 29.493 29.575 29.774 29.985 30.083 30.179 31.068 31.713 31.503 31.757 30.733 30.57 30.528 30.458 30.335 30.435 30.613 30.753 30.888 30.952 31.081 30.731 30.31 29.146 28.424 28.358 28.336 28.352 29.311 32.527 35.212 32.137 30.074 35.357 35.717 36.07 36.345 36.774 37.115 37.407 37.788 38.013 37.7 37.469 37.245 36.928 36.69 36.39
