dsm/se3138_DSM_2M.asc
ncols 500
nrows 500
xllcorner    431000
yllcorner    438000
cellsize     2
NODATA_value -9999
[rows 408 to 441 of 500, columns 0 to 76 of 500]
125.267 125.242 124.972 124.534 124.589 124.094 123.852 123.642 123.557 123.397 123.174 123.017 122.932 122.992 122.912 122.849 122.907 122.964 122.879 122.754 122.629 123.809 128.374 129.642 129.437 128.614 122.419 122.182 121.627 121.439 121.599 123.424 121.194 121.099 120.969 120.884 120.784 120.492 120.297 120.177 120.519 119.844 119.977 119.472 119.727 119.277 119.299 119.322 119.362 119.717 119.687 119.194 123.887 125.884 126.749 127.247 126.889 125.447 124.552 119.814 119.127 118.964 118.879 118.797 118.734 118.697 120.029 118.569 118.502 118.379 118.392 118.309 118.247 118.962 118.154 118.174 118.224
125.917 125.359 124.827 124.417 124.179 124.022 123.849 123.769 123.624 123.407 123.259 123.204 122.982 122.974 122.969 122.864 122.967 123.194 122.894 122.772 122.664 122.657 128.027 129.399 130.167 130.157 126.734 122.167 121.934 121.527 121.364 123.034 122.519 121.084 120.999 120.859 120.642 120.467 120.954 120.229 120.049 120.227 119.694 119.719 119.312 119.299 119.294 119.297 121.702 121.837 119.182 121.429 125.699 125.162 125.702 126.519 127.367 126.484 125.589 124.122 119.009 118.774 118.644 119.024 118.694 118.669 118.594 118.459 118.522 118.372 118.252 118.277 118.212 118.169 118.052 118.094 118.467
124.944 124.762 124.562 124.332 124.147 124.072 123.984 123.827 123.634 123.514 123.487 123.924 123.029 122.942 122.992 122.894 122.944 123.017 122.959 123.219 122.802 122.804 126.722 128.759 129.757 130.162 130.127 122.157 122.137 121.662 123.944 121.462 121.207 121.144 121.019 120.814 120.642 120.689 120.984 120.322 120.139 120.609 120.394 119.629 119.342 119.319 119.322 120.487 121.952 119.494 119.194 120.047 123.634 122.394 122.807 125.592 126.482 126.452 125.394 119.102 118.804 118.384 118.537 118.459 118.664 118.607 118.504 118.479 119.457 118.409 118.247 118.134 118.079 118.012 117.959 117.929 117.879
124.874 124.674 124.499 124.404 124.317 124.199 124.042 123.852 123.782 123.754 123.649 123.424 123.122 122.912 122.979 122.922 122.942 123.367 124.639 122.797 122.704 122.652 123.642 128.337 128.742 129.292 126.042 122.352 122.239 124.094 122.749 121.317 121.292 121.174 120.879 121.889 120.752 120.569 120.494 120.359 120.282 122.212 121.419 120.244 119.412 119.349 119.359 119.384 120.052 119.364 119.794 119.234 119.852 120.364 119.122 119.789 125.424 125.512 120.174 119.004 118.299 120.902 120.977 118.437 118.332 118.437 118.644 118.384 118.347 118.172 118.177 118.119 118.024 117.929 117.897 117.862 117.849
124.869 124.744 124.644 124.527 124.399 124.232 124.069 123.997 124.054 123.854 123.657 123.449 123.227 122.924 122.949 122.942 122.882 122.962 123.269 123.664 122.752 122.647 122.529 127.309 128.852 128.264 122.987 122.934 122.394 121.994 121.452 121.387 121.279 121.109 120.919 120.814 120.799 120.677 120.552 120.562 120.552 120.154 122.239 120.019 119.984 121.152 119.397 121.019 122.617 122.699 119.282 119.564 119.309 120.177 118.934 121.457 122.697 122.629 119.032 118.317 119.934 124.734 124.117 122.309 118.847 118.777 118.262 119.469 118.217 118.124 118.052 118.059 118.014 117.917 117.817 117.794 117.739
124.949 124.819 124.699 124.572 124.427 124.247 124.392 125.844 124.672 123.809 123.704 123.509 123.327 122.979 122.887 122.947 122.872 122.914 123.767 123.867 122.819 122.709 122.584 125.537 125.572 123.312 122.037 122.509 127.502 122.974 121.579 121.422 121.167 121.022 120.959 120.939 123.212 122.279 120.547 120.334 120.227 120.182 120.114 119.977 120.787 123.739 121.759 122.542 123.139 122.564 120.422 119.207 119.032 118.917 118.944 118.947 119.109 119.017 118.269 120.042 124.572 125.629 125.127 124.289 122.922 118.429 118.187 118.329 118.147 118.089 118.019 117.939 117.937 117.889 117.802 117.712 117.732
124.947 124.817 124.679 124.544 124.409 124.257 124.094 123.914 123.847 123.657 124.107 123.982 123.337 123.072 122.842 122.937 122.909 122.819 122.889 122.934 123.102 122.764 122.634 122.519 123.007 122.184 122.399 129.289 128.354 127.494 123.489 121.422 121.112 121.052 121.082 123.102 123.619 123.539 120.522 120.392 120.299 120.152 120.074 119.829 119.574 121.849 123.547 120.357 122.662 121.787 119.224 119.059 119.119 118.877 118.909 118.947 118.974 118.397 118.284 123.347 124.979 125.897 126.222 126.054 124.409 122.724 118.122 118.609 118.577 118.387 117.984 117.992 117.884 117.799 117.754 117.669 117.569
124.934 124.802 124.639 124.494 124.377 124.237 124.112 123.977 123.837 123.664 123.482 123.292 123.227 123.037 122.899 122.954 122.927 122.857 122.862 122.927 123.052 124.909 122.734 122.957 122.449 122.094 128.024 128.892 129.264 128.384 127.547 123.849 121.882 122.842 121.502 123.702 122.512 124.329 123.334 120.437 120.289 120.184 120.184 119.757 119.602 119.432 121.334 123.489 120.867 119.909 119.372 118.854 119.962 118.924 119.402 119.604 118.647 118.364 118.377 118.417 122.049 124.864 125.842 126.317 125.422 124.527 119.589 118.914 118.552 118.219 118.047 117.862 117.832 117.789 118.914 117.724 117.547
125.117 124.957 124.847 124.667 124.519 124.317 124.074 123.937 123.824 123.794 123.517 123.362 123.219 123.077 122.994 122.972 122.942 122.872 122.822 122.907 127.429 128.574 122.929 122.557 123.434 122.114 126.469 127.964 128.874 129.337 128.424 127.564 125.549 124.304 121.389 122.467 124.312 124.027 120.617 120.372 120.272 121.452 119.814 119.752 119.597 119.427 119.304 121.209 123.464 121.399 118.857 119.424 121.402 121.634 119.447 119.609 120.667 118.427 118.349 118.284 118.332 121.057 124.714 125.642 124.942 122.192 118.054 119.164 117.699 117.692 117.847 117.789 117.727 117.677 117.724 118.367 117.482
125.547 125.097 124.927 124.667 124.504 124.382 124.182 124.027 123.869 124.192 124.534 123.362 123.249 123.142 123.067 122.997 122.957 122.894 122.832 122.789 123.824 124.812 122.687 122.524 122.317 122.189 122.059 126.362 128.372 128.239 129.317 128.452 124.717 121.539 121.399 121.312 124.052 120.882 120.582 120.404 121.202 119.892 119.802 119.747 119.577 119.427 119.304 119.174 121.254 119.932 118.587 121.339 121.667 121.484 120.982 120.607 120.142 118.289 118.249 118.179 119.182 118.254 119.592 124.572 123.864 118.092 119.922 120.727 122.594 118.244 117.447 117.864 117.789 117.669 117.524 117.499 117.362
125.289 125.267 125.427 124.974 125.184 126.519 124.282 124.079 123.899 123.729 123.577 123.467 123.237 123.217 123.079 122.992 122.944 122.899 122.819 122.754 122.697 122.719 122.694 122.612 122.372 122.242 122.104 122.124 125.964 127.842 128.724 128.234 121.719 121.569 121.432 121.337 121.792 120.992 120.709 120.672 120.099 119.902 119.764 119.664 119.484 119.387 119.292 118.832 121.137 119.144 119.004 120.777 124.432 121.004 120.532 120.309 118.452 118.244 118.217 118.792 118.424 118.132 118.417 119.974 118.104 118.639 121.747 124.739 124.097 123.199 121.547 118.049 117.549 117.419 117.647 117.344 117.284
125.304 125.257 126.007 125.137 124.964 125.174 124.547 124.749 124.007 123.854 123.647 123.487 123.379 123.269 123.854 123.119 122.902 122.859 122.814 122.769 122.694 122.659 122.702 122.647 122.462 122.299 122.142 122.054 121.964 125.842 126.614 121.842 121.692 121.579 126.082 126.354 124.597 123.239 120.747 120.294 120.104 119.919 119.724 119.594 119.837 119.394 120.204 118.864 118.757 118.667 118.619 120.894 124.537 119.314 120.274 118.494 118.254 118.322 118.304 118.194 118.067 118.077 118.094 118.109 118.137 120.039 124.107 125.567 125.157 124.217 123.384 122.407 118.174 117.704 117.354 117.307 117.224
125.587 125.294 126.527 125.044 124.997 124.812 124.782 124.617 124.187 124.192 124.282 124.497 125.144 123.234 123.147 123.074 122.859 122.777 122.767 122.744 122.712 122.627 122.682 122.629 122.562 122.404 122.282 122.159 122.014 121.999 122.002 121.927 122.422 126.562 128.609 127.757 126.807 122.107 121.322 120.219 120.154 120.149 122.849 119.794 121.429 119.412 119.237 119.469 118.822 118.684 118.562 118.644 120.172 118.929 119.647 118.019 118.164 118.907 118.062 117.979 117.979 118.244 120.922 117.989 117.812 118.107 124.402 125.544 125.569 125.322 124.362 123.492 120.537 117.357 117.302 117.142 117.144
130.874 130.109 128.862 127.309 125.722 124.894 124.929 124.492 124.392 124.252 124.197 124.102 125.439 123.862 123.354 123.032 122.964 122.902 122.694 122.669 122.684 122.659 122.574 122.604 122.532 122.467 122.312 122.222 122.132 123.637 121.997 123.139 123.872 128.284 129.079 128.732 127.994 126.734 121.807 121.459 121.254 123.249 123.244 122.514 123.119 122.017 119.249 118.982 118.867 118.717 118.557 118.504 120.467 118.854 124.969 124.772 122.759 123.307 118.789 117.902 117.962 120.854 120.669 117.649 117.422 119.159 117.707 122.522 125.192 124.954 125.394 124.339 123.364 117.482 117.127 116.872 116.969
132.087 132.197 131.519 131.277 131.069 124.977 125.114 124.607 125.159 124.419 124.269 124.482 124.092 123.619 123.622 123.527 123.382 122.872 122.784 122.667 122.592 122.614 122.594 123.079 122.732 122.467 122.394 122.292 122.262 122.182 121.942 121.844 122.664 127.344 128.159 129.017 128.844 127.962 127.167 122.034 121.742 123.344 120.897 123.252 123.192 123.127 122.029 119.024 118.874 118.772 118.607 118.484 118.709 118.497 119.352 124.437 125.242 125.847 119.997 117.877 120.732 120.779 117.437 117.439 117.337 117.402 117.922 119.072 120.742 123.884 124.589 123.549 117.697 117.337 118.127 118.442 116.969
132.932 132.852 132.747 132.497 131.764 125.039 124.824 124.639 130.162 128.717 125.249 124.467 124.219 123.744 123.622 123.639 123.469 123.039 122.842 122.734 122.624 122.519 122.534 122.517 123.384 122.417 122.349 122.312 122.282 122.714 122.607 122.907 121.882 122.759 127.232 128.032 128.822 128.949 127.502 121.302 121.214 121.977 122.139 123.324 123.254 122.129 119.564 119.062 118.919 118.764 118.692 119.229 118.477 118.257 118.872 118.604 121.889 123.114 119.914 120.282 120.839 117.372 117.359 117.252 117.349 117.392 118.004 117.844 117.264 119.234 123.659 117.749 117.829 122.057 121.059 121.984 119.379
132.912 131.869 131.874 132.144 128.957 125.102 124.724 127.959 131.319 130.804 130.347 129.567 125.919 124.224 124.017 124.872 124.417 123.294 123.619 124.279 122.719 122.589 122.459 122.469 122.434 122.374 122.279 122.259 122.242 122.232 122.129 121.974 122.462 121.762 122.534 127.112 127.879 128.762 121.637 121.407 121.277 121.439 121.159 121.407 121.137 119.569 119.242 119.109 118.947 118.949 119.277 118.727 118.347 118.274 118.177 118.209 118.337 119.539 119.102 120.624 118.459 117.332 117.139 117.389 117.347 117.302 117.292 117.047 117.204 117.354 117.732 117.422 122.644 123.272 123.044 123.169 122.269
128.972 127.434 129.964 130.934 126.104 125.239 124.722 131.669 132.127 132.004 131.837 130.954 130.464 129.972 125.762 123.884 123.667 123.507 124.252 123.249 122.762 122.644 122.574 123.714 122.389 122.364 122.299 122.204 122.192 122.184 122.699 122.034 122.057 122.652 122.729 122.114 126.594 121.862 121.552 122.127 121.424 121.249 121.164 120.999 119.767 119.497 119.304 119.132 119.629 119.524 118.724 118.594 118.417 118.454 118.247 118.144 119.287 118.902 118.092 118.054 117.587 117.254 117.107 118.312 117.287 117.099 116.992 117.007 117.014 117.167 117.184 122.494 122.769 123.567 124.022 124.229 123.362
128.064 125.364 124.989 124.932 125.152 124.934 125.772 130.487 130.962 131.512 132.259 132.122 131.629 131.177 130.664 123.969 123.847 124.074 123.582 122.907 122.814 123.464 122.654 122.639 123.129 122.317 122.312 122.242 122.144 122.199 122.092 122.434 123.069 121.794 123.159 121.704 121.647 121.604 122.524 121.457 121.397 125.517 124.377 120.882 119.847 119.532 119.372 120.177 119.117 118.912 118.807 118.657 118.484 118.309 118.087 119.737 125.279 124.402 118.224 117.772 117.259 117.022 117.017 117.017 117.049 117.047 116.917 116.977 117.477 117.042 117.207 122.632 119.639 122.272 123.414 124.382 124.392
125.434 125.057 125.027 125.152 126.179 124.724 127.667 127.832 128.944 130.342 132.284 132.277 132.269 131.969 131.827 123.992 123.937 124.567 124.329 122.969 122.959 122.822 123.384 122.512 122.509 122.367 122.262 122.232 122.192 122.612 122.132 122.012 122.502 121.909 121.842 121.787 121.827 121.567 121.539 123.294 128.699 127.709 125.172 120.822 120.512 120.424 121.774 120.722 119.149 119.014 118.904 118.724 118.564 118.392 121.704 124.047 121.522 118.399 119.039 119.807 121.794 117.147 118.914 117.649 116.844 116.819 116.782 117.169 116.799 117.067 116.874 116.867 119.367 119.599 121.692 123.617 124.657
125.854 125.044 124.994 126.922 126.312 124.749 124.829 126.952 127.594 127.609 128.749 132.262 128.709 126.972 125.847 123.969 125.217 125.104 123.222 123.119 123.312 124.852 122.837 123.564 122.849 122.397 122.334 123.074 122.182 122.504 122.832 122.064 123.257 121.904 121.864 122.019 122.022 121.634 121.922 127.204 128.424 128.314 127.309 121.549 122.549 121.582 120.297 119.414 119.244 119.142 118.994 118.817 118.677 119.147 121.742 119.687 118.057 122.824 121.079 118.949 117.557 117.212 118.369 116.932 116.807 116.692 116.834 116.554 116.822 116.717 117.274 116.682 116.574 119.019 118.644 122.789 124.634
125.739 125.014 124.944 127.129 124.927 124.797 124.682 124.664 124.629 125.409 127.294 126.312 124.157 125.702 123.989 124.497 123.142 123.802 129.237 127.129 123.172 123.072 123.077 122.934 123.244 122.872 122.302 122.299 122.072 122.122 122.079 121.989 121.939 121.872 121.859 121.814 121.724 122.239 121.599 123.339 127.837 128.747 127.922 126.047 121.017 121.214 120.509 119.999 121.579 120.317 119.397 123.794 123.442 118.862 118.444 118.284 118.099 119.944 119.059 117.947 118.812 117.042 118.242 116.874 116.774 116.504 118.164 116.544 118.819 118.872 116.464 116.424 116.467 116.669 118.647 119.757 122.672
125.227 124.999 124.962 125.079 127.164 125.897 124.674 124.654 124.467 124.292 124.262 124.657 124.164 124.012 123.992 123.642 123.087 129.887 130.129 129.342 127.744 123.087 123.084 122.827 122.982 122.502 122.342 122.217 122.127 122.052 122.064 122.024 121.944 121.882 121.879 121.889 122.357 121.694 121.589 121.554 127.247 128.237 128.527 127.529 122.817 124.597 121.009 122.322 124.209 124.032 119.534 121.129 124.304 118.702 118.537 118.364 118.214 118.084 117.977 117.872 118.294 120.369 119.694 116.822 116.642 118.519 116.824 118.067 118.637 116.447 116.254 116.367 116.424 116.209 116.282 118.547 118.867
125.032 125.004 124.922 125.827 127.354 125.419 124.599 124.557 124.402 124.304 124.254 124.207 125.079 124.069 125.019 123.104 126.447 129.147 129.949 130.267 129.459 128.312 123.342 123.267 122.754 122.604 122.457 122.874 122.162 122.089 121.982 122.014 121.979 121.899 121.869 121.854 123.652 122.214 121.664 122.362 123.594 127.609 128.604 128.129 127.024 124.932 123.477 124.239 123.962 119.889 119.522 119.114 118.974 118.784 118.619 118.449 118.282 118.709 118.127 117.897 119.699 120.974 120.724 117.842 116.774 116.932 116.234 116.269 115.982 116.072 116.124 116.467 116.302 116.149 116.134 116.532 116.497
125.034 124.982 124.909 127.012 127.277 124.647 124.582 124.609 124.327 124.307 124.252 124.154 126.484 126.332 123.157 123.199 126.022 126.467 129.044 129.852 130.507 129.577 128.564 123.309 122.952 123.442 123.459 123.319 122.859 122.159 122.042 121.924 121.967 121.942 121.832 121.924 121.852 123.149 122.807 121.764 121.594 123.844 127.982 128.709 127.382 121.699 121.244 122.779 123.362 122.079 119.447 119.192 119.042 118.879 118.697 118.514 118.327 118.199 119.869 121.734 120.532 122.404 119.639 117.684 118.062 116.499 116.769 115.959 115.852 115.829 115.977 115.594 115.442 115.864 116.062 119.237 117.492
125.044 124.969 125.012 124.839 124.917 124.674 124.624 124.442 124.332 124.307 124.247 126.087 126.514 124.577 125.674 123.952 123.252 123.127 123.182 128.934 129.742 130.384 129.694 128.767 123.024 123.272 123.852 122.472 122.359 122.539 122.092 122.099 121.924 121.954 121.894 121.874 121.864 122.897 121.849 121.722 121.649 121.567 127.379 123.264 121.434 121.349 121.269 123.477 123.324 120.164 119.927 119.292 119.132 118.969 118.762 118.827 120.784 119.907 119.982 119.974 120.229 117.904 117.724 117.647 117.624 117.012 116.452 117.477 116.562 116.012 115.562 115.397 115.409 115.394 117.879 117.269 117.704
125.052 124.964 124.997 124.947 124.862 124.739 124.672 124.399 124.337 124.292 124.259 126.567 125.057 125.564 125.424 123.814 123.419 123.224 123.369 123.257 128.944 129.632 130.374 123.162 123.232 124.694 123.942 123.172 122.684 122.899 122.684 122.049 122.077 121.937 121.939 122.717 121.929 121.892 123.679 121.782 121.694 122.337 121.644 121.487 121.962 121.299 122.544 121.374 120.782 119.809 119.644 119.369 119.164 119.772 122.399 121.604 123.072 120.319 118.442 118.467 118.714 117.639 117.554 117.697 117.487 121.362 117.554 116.074 117.902 115.724 115.442 115.337 115.362 115.362 115.769 117.559 117.219
125.397 125.262 125.037 124.999 124.929 124.839 124.582 124.364 124.317 124.302 125.177 124.789 125.434 125.627 123.987 123.829 123.754 124.764 123.324 125.424 126.627 128.694 123.249 123.247 123.002 122.899 124.102 122.907 122.629 122.807 122.694 122.379 122.064 121.984 121.934 122.179 122.477 121.904 121.894 121.822 122.997 121.617 121.562 121.502 127.202 128.372 127.282 121.097 120.952 120.272 119.574 119.992 121.544 120.662 121.477 120.044 119.177 119.259 118.242 118.064 118.002 117.754 117.564 117.459 117.414 117.402 117.729 123.454 123.294 115.219 115.384 115.312 115.317 115.374 115.267 115.297 115.347
127.247 127.662 126.559 125.589 125.149 125.232 125.414 124.884 124.352 124.292 124.327 125.154 124.097 124.514 123.882 123.832 124.852 123.864 123.594 125.434 126.347 123.289 123.282 123.017 124.327 129.712 128.717 123.314 122.774 122.739 122.669 122.704 122.057 122.109 121.907 121.927 122.062 121.824 121.882 121.864 121.729 121.622 121.577 122.504 127.862 128.802 127.827 123.842 120.969 120.592 119.999 120.232 119.414 119.229 119.067 120.269 119.317 118.414 118.324 118.104 119.032 117.907 117.834 117.539 117.404 117.357 117.314 117.174 117.567 116.832 115.894 115.212 115.312 115.252 115.664 115.912 115.299
125.112 127.279 128.352 128.804 128.402 125.892 125.782 127.717 125.267 126.747 127.464 124.247 124.092 124.042 123.937 124.004 123.854 123.729 123.602 123.429 123.384 123.517 123.294 124.519 129.199 130.139 129.384 128.042 122.889 122.864 122.679 122.584 123.077 122.049 121.974 121.937 121.897 121.807 121.892 121.894 121.762 121.674 121.592 121.594 127.277 128.402 128.389 127.304 121.234 120.957 119.987 119.664 119.504 119.337 119.197 119.014 119.412 118.544 118.737 119.154 118.157 117.987 119.004 118.012 117.352 117.327 117.259 117.122 117.012 116.764 116.599 117.594 115.672 115.414 116.674 115.207 117.274
126.492 125.019 126.524 128.839 129.289 129.377 127.837 125.304 131.604 126.819 125.962 124.107 124.082 124.087 124.217 124.142 123.842 123.727 123.692 125.704 123.982 124.934 123.107 128.332 128.514 129.512 130.077 129.082 125.594 122.837 122.752 122.642 122.552 122.127 121.997 121.909 121.919 121.864 121.864 121.894 123.822 121.787 121.622 121.572 124.299 127.857 129.582 127.804 123.764 121.204 120.387 119.727 119.579 119.399 119.212 119.094 119.152 119.432 118.834 118.224 118.207 117.867 117.669 118.297 117.382 117.299 117.182 121.237 119.664 117.554 116.842 115.939 115.142 115.014 115.767 116.577 115.702
125.874 124.829 124.949 124.802 126.677 128.864 126.787 124.857 124.817 125.834 124.694 124.789 124.197 124.192 124.717 124.297 124.114 123.634 125.139 123.867 126.339 126.189 123.239 123.602 126.242 128.317 129.819 129.762 128.774 123.564 122.664 122.464 122.307 122.129 122.047 121.922 121.934 121.917 121.842 122.014 121.932 123.327 123.344 122.229 122.539 127.317 128.427 128.342 127.264 121.314 121.174 120.284 120.867 121.289 119.442 120.772 119.222 118.839 118.789 118.234 118.042 117.867 117.657 117.842 118.279 117.327 121.369 123.772 121.842 118.402 118.477 115.569 115.107 114.997 114.877 115.992 114.797
124.832 124.822 124.834 124.797 126.552 125.289 125.554 124.857 124.849 124.844 124.954 124.832 124.772 125.487 124.442 124.347 124.857 124.477 124.677 126.487 125.769 123.497 123.509 123.247 123.607 124.794 129.109 130.087 129.469 128.237 122.762 122.544 122.354 122.192 122.089 121.997 121.904 121.949 121.882 123.909 131.172 122.417 122.012 121.784 121.664 124.227 127.879 128.777 127.769 123.719 121.232 121.397 121.324 120.639 119.437 120.749 120.354 118.734 118.509 118.277 118.099 117.909 117.709 117.712 117.702 117.404 124.684 126.459 124.702 122.269 117.677 115.427 115.209 115.064 114.814 114.689 114.909
124.837 124.827 124.817 124.754 128.437 124.879 124.872 124.869 124.899 124.979 124.964 126.047 127.292 125.237 125.114 126.087 124.414 126.787 124.194 123.674 123.547 123.649 123.612 123.569 125.449 126.022 127.574 129.669 130.124 129.177 123.557 122.669 122.564 122.524 122.307 122.039 121.939 121.942 121.934 122.217 124.704 122.014 122.052 122.147 121.689 121.704 126.914 128.439 124.459 121.482 121.277 122.809 121.187 120.094 119.449 119.147 118.967 118.792 118.624 118.322 118.129 118.727 117.774 117.717 117.687 118.797 125.287 126.514 125.577 124.607 119.227 115.442 115.264 115.142 114.827 114.594 114.519
