dsm/se3133_DSM_2M.asc
ncols 500
nrows 500
xllcorner    431000
yllcorner    433000
cellsize     2
NODATA_value -9999
[rows 64 to 95 of 500, columns 0 to 71 of 500]
42.308 42.713 43.433 43.198 43.18 43.16 43.158 43.14 43.128 43.125 43.103 43.1 43.09 43.088 43.08 43.06 43.05 43.05 43.053 43.045 43.033 43.038 43.02 43.01 43.003 43.008 43.013 43 42.98 42.963 42.96 42.945 43.24 43.003 43.028 43.355 42.963 43.373 43.415 42.948 42.933 43.025 43.69 44.008 44.163 43.958 43.868 43.833 43.818 43.775 43.763 43.74 43.73 43.775 43.803 43.96 44.1 44.168 44.258 45.23 44.723 44.28 44.31 45.125 45.953 46.59 43.773 43.723 43.66 43.595 43.475 43.263
42.453 43.28 43.183 43.178 43.178 43.17 43.158 43.158 43.153 43.138 43.13 43.12 43.103 43.093 43.085 43.08 43.08 43.075 43.058 43.055 43.048 43.043 43.028 43.02 43.025 43.018 43.018 43.013 43.005 43.003 42.978 42.973 42.963 42.953 43.26 43.93 44.625 45.8 46.468 42.935 42.933 43.438 45.173 43.928 43.933 43.905 43.905 43.81 43.788 43.738 43.735 43.708 43.69 43.665 43.658 43.643 43.653 44 44.138 44.13 44.17 44.51 45.133 47.158 46.123 43.643 43.665 43.7 43.66 43.593 43.445 43.248
42.65 43.283 43.008 43.138 43.228 43.22 43.185 43.17 43.165 43.163 43.155 43.145 43.128 43.115 43.105 43.1 43.095 43.103 43.098 43.08 43.063 43.045 43.04 43.038 43.035 43.028 43.03 43.038 43.015 43.01 43.02 43.005 42.998 43.015 42.975 42.955 42.943 45.453 45.138 42.923 43.135 43.715 44.003 43.935 43.885 43.858 43.98 43.795 43.76 43.738 43.713 43.683 43.648 43.608 43.595 43.573 43.578 43.695 43.915 44.833 44.093 44.165 45.27 47.215 44.665 43.555 43.515 43.54 43.495 43.46 43.435 43.175
42.553 42.895 43.363 42.953 43.385 43.34 43.288 43.25 43.195 43.175 43.168 43.163 43.155 43.148 43.145 43.13 43.133 43.115 43.115 43.103 43.093 43.085 43.078 43.06 43.063 43.053 43.045 43.038 43.033 43.023 43.018 43.008 43.01 43.015 43.01 42.99 42.983 43.033 43.028 42.938 43.503 45.205 43.988 43.87 43.83 43.89 43.808 43.768 43.745 43.733 43.698 43.665 43.62 43.575 43.565 43.538 43.533 43.52 43.478 43.585 43.803 44.143 46.083 44.455 43.49 43.458 43.38 43.465 43.388 43.36 43.293 43.078
42.53 42.708 42.868 42.973 43.073 43.218 44.105 43.393 43.34 43.255 43.208 43.185 43.175 43.158 43.16 43.158 43.148 43.143 43.128 43.12 43.118 43.108 43.113 43.11 43.09 43.063 43.065 43.058 43.063 43.053 43.028 43.028 43.023 43.018 43.02 43.02 42.998 42.995 42.97 43.243 43.723 44.18 43.92 43.848 43.83 43.853 43.763 43.738 43.723 43.71 43.685 43.655 43.603 43.568 43.54 43.503 43.493 43.468 43.405 43.388 43.56 43.825 43.78 43.438 43.393 43.28 43.243 43.325 43.35 43.338 43.07 42.843
42.578 42.763 42.928 43.048 43.158 43.24 43.288 43.343 44.005 43.48 44.52 43.328 43.245 43.19 43.165 43.165 43.168 43.173 43.16 43.153 43.135 43.133 43.115 43.11 43.11 43.098 43.095 43.083 43.075 43.07 43.065 43.053 43.04 43.03 43.035 43.023 43.013 42.993 42.995 44.37 44.443 43.983 43.865 43.833 43.828 43.78 43.745 43.718 43.703 43.683 43.658 43.63 43.585 43.558 43.503 43.468 43.47 43.443 43.39 43.338 43.368 43.41 43.41 43.418 43.36 43.243 43.248 43.263 43.295 43.4 43.46 42.805
42.638 42.773 42.955 43.103 43.22 43.283 43.353 43.388 43.465 43.523 44.965 43.513 43.65 43.453 43.288 43.188 43.183 43.18 43.173 43.163 43.148 43.145 43.143 43.138 43.125 43.115 43.11 43.113 43.103 43.093 43.083 43.065 43.063 43.038 43.043 43.035 43.02 42.993 43.635 44.873 44.743 43.868 43.835 43.828 43.785 43.735 43.71 43.7 43.683 43.655 43.62 43.58 43.563 43.545 43.498 43.468 43.455 43.433 43.368 43.33 43.328 43.343 43.37 43.355 43.285 43.303 43.248 43.24 43.285 43.363 43.405 42.818
42.68 42.843 43.018 43.153 43.288 43.323 43.385 43.44 43.485 43.553 43.625 43.64 44.198 45.36 43.535 43.46 43.85 43.41 43.193 43.168 43.168 43.175 43.158 43.15 43.138 43.135 43.138 43.12 43.123 43.115 43.108 43.088 43.065 43.065 43.048 43.043 43.028 43.165 43.705 45.07 44.613 43.845 43.818 43.793 43.73 43.705 43.67 43.653 43.658 43.625 43.6 43.56 43.53 43.515 43.493 43.463 43.453 43.418 43.358 43.3 43.27 43.295 43.29 43.305 43.233 43.293 43.53 44.423 43.533 43.415 43.723 45.043
42.783 42.958 43.108 43.28 43.37 43.658 43.425 43.453 43.5 43.525 43.593 43.668 43.665 43.663 44.293 43.715 43.855 43.875 43.888 43.568 43.188 43.18 43.173 43.168 43.173 43.15 43.153 43.143 43.143 43.128 43.115 43.098 43.08 43.075 43.055 43.055 43.04 43.523 46.183 44.085 44.125 43.825 43.82 43.748 43.713 43.673 43.635 43.618 43.623 43.59 43.548 43.535 43.51 43.495 43.473 43.448 43.435 43.405 43.345 43.273 43.275 43.25 43.18 43.113 43.213 43.765 44.575 44.328 43.443 43.413 44.928 45.045
42.88 43.038 43.163 43.285 43.385 43.44 43.435 43.433 43.46 43.49 43.575 43.66 43.695 43.695 45.153 43.703 44.345 43.875 43.895 43.733 44.55 43.628 43.208 43.198 43.185 43.178 43.175 43.16 43.145 43.133 43.128 43.11 43.1 43.093 43.085 43.068 43.315 47.398 47.755 48.213 43.83 43.79 43.758 43.728 43.708 43.658 43.623 43.593 43.57 43.563 43.525 43.505 43.463 43.445 43.45 43.433 43.405 43.365 43.33 43.285 43.273 43.22 43.125 43.138 43.635 44.958 44.7 43.52 43.28 43.238 42.31 44.04
42.95 43.095 43.188 43.28 43.375 43.43 43.433 43.468 43.473 43.543 43.603 43.683 43.728 43.725 43.7 43.733 43.823 43.825 44.353 44.258 43.82 43.725 43.693 43.718 43.325 43.185 43.18 43.168 43.153 43.148 43.125 43.12 43.125 43.108 43.1 43.08 43.728 46.018 47.1 45.55 43.845 43.745 43.723 43.723 43.698 43.66 43.623 43.57 43.543 43.528 43.503 43.465 43.418 43.393 43.408 43.393 43.368 43.338 43.31 43.293 43.295 43.195 43.148 43.268 44.375 45.343 44.348 43.323 43.21 42.395 42.478 42.325
42.96 43.115 43.208 43.288 43.378 43.415 43.41 43.443 43.46 43.515 43.583 43.645 43.703 43.715 43.738 43.81 43.738 43.76 44.078 43.848 44.2 44.348 43.83 43.815 43.79 43.753 43.395 43.19 43.173 43.155 43.155 43.145 43.133 43.12 43.113 43.115 43.69 44.173 43.93 43.875 43.788 43.755 43.793 44.383 44.64 43.733 43.628 43.585 43.538 43.513 43.488 43.445 43.4 43.405 43.39 43.363 43.34 43.285 43.265 43.25 43.245 43.158 43.105 43.168 43.75 44.81 43.855 43.253 42.698 42.14 42.158 42.3
42.97 43.098 43.173 43.278 43.328 43.343 43.355 43.373 43.443 43.48 43.515 43.57 43.66 43.608 43.723 43.8 43.638 43.66 44.443 43.743 43.853 43.81 43.738 44.293 43.83 43.86 44.033 43.698 43.513 43.2 43.185 43.173 43.153 43.145 43.138 43.535 43.685 43.948 43.813 43.938 43.838 43.73 43.763 45.19 45.603 44.428 43.61 43.583 43.555 43.51 43.478 43.448 43.395 43.35 43.353 43.338 43.333 43.298 43.275 43.245 43.183 43.1 43.138 43.1 43.158 43.545 43.34 43.258 42.793 42.325 42.075 42.103
43.018 43.08 43.16 43.245 43.278 43.28 43.295 43.325 43.375 43.425 43.475 43.6 43.545 43.545 43.538 43.548 43.568 43.998 43.615 43.643 45.078 44.453 43.808 43.765 43.93 44.28 43.86 43.885 43.863 43.69 43.218 43.2 43.188 43.17 43.203 43.638 43.763 43.695 43.698 43.718 43.77 43.778 43.7 43.89 44.613 44.313 43.575 43.57 43.548 43.51 43.48 43.438 43.408 43.36 43.328 43.33 43.323 43.303 43.305 43.268 43.14 43.11 43.143 43.163 43.178 43.258 43.258 43.205 43.035 42.7 42.308 42.063
43.06 43.108 43.18 43.24 43.248 43.258 43.293 43.315 43.338 43.37 43.448 43.578 43.498 43.463 43.485 43.483 43.498 43.518 43.538 44.01 43.995 44.968 43.68 43.728 43.81 43.803 43.873 44.38 44 43.598 44.02 43.658 43.473 43.215 43.64 45.365 43.863 43.645 43.615 43.605 43.64 43.723 43.718 43.725 43.71 43.748 43.565 43.515 43.525 43.485 43.468 43.443 43.395 43.355 43.323 43.313 43.318 43.31 43.283 43.28 43.28 43.245 43.153 43.133 43.175 43.2 43.185 43.138 43.05 42.945 42.725 42.298
43.098 43.17 43.193 43.193 43.21 43.24 43.23 43.223 43.26 43.313 43.393 43.443 43.513 43.388 43.408 43.423 43.43 43.445 43.465 43.478 43.528 43.623 43.595 43.63 44.1 44.003 43.818 43.82 43.938 43.915 43.645 43.663 43.668 43.668 43.77 43.815 43.765 43.62 43.535 43.52 43.623 43.63 43.635 43.738 43.47 43.508 43.543 43.503 43.505 43.465 43.443 43.42 43.385 43.345 43.313 43.295 43.293 43.283 43.283 43.28 43.268 43.285 43.318 43.248 43.145 43.155 43.13 43.09 43.063 42.985 42.848 42.593
43.145 43.165 43.16 43.183 43.168 43.168 52.12 48.703 43.133 43.22 43.268 43.355 43.245 43.253 43.49 43.35 43.353 43.37 43.395 43.425 43.45 43.473 43.5 43.555 44.628 43.643 43.68 44.588 43.82 43.788 43.615 44.3 43.673 43.713 44.693 43.763 44.103 43.71 43.493 43.57 43.618 43.515 43.628 43.673 43.398 43.34 43.348 43.47 43.498 43.465 43.44 43.388 43.36 43.32 43.283 43.273 43.275 43.273 43.275 43.275 43.253 43.263 43.288 43.29 43.278 43.213 43.108 43.058 43.043 42.958 42.805 42.598
43.173 43.165 43.165 43.163 43.133 43.7 53.018 51.965 50.94 49.12 44.753 43.168 43.073 43.598 43.175 43.225 43.788 43.313 43.33 43.345 43.368 43.41 43.428 43.478 43.518 43.56 44.485 43.813 43.698 43.78 43.555 43.538 43.54 44.605 43.915 43.993 44.393 43.805 43.663 43.688 43.75 43.63 43.763 43.398 43.3 43.27 43.335 43.348 43.258 43.413 43.398 43.368 43.33 43.278 43.265 43.255 43.255 43.265 43.275 43.265 43.248 43.255 43.275 43.28 43.255 43.245 43.203 43.16 43.01 42.928 42.763 42.525
43.195 43.178 43.183 43.18 43.123 43.993 49.713 51.07 50.498 49.438 48.293 43.638 43.13 43.16 43.058 43.125 44.59 43.205 43.655 43.29 43.305 43.32 43.358 43.415 43.455 43.505 43.545 43.583 43.633 43.585 43.513 43.508 43.475 43.488 43.545 43.588 43.755 43.665 43.538 43.683 43.828 43.648 43.16 43.185 43.223 43.175 43.19 43.165 43.218 43.315 44.398 43.34 43.318 43.288 43.26 43.24 43.23 43.243 43.248 43.24 43.235 43.235 43.245 43.248 43.243 43.228 43.205 43.193 43.09 42.95 42.71 42.478
44.143 43.228 43.218 43.175 43.12 48.225 50.143 50.965 50.05 48.998 43.483 43.14 43.175 44.29 43.14 43.13 43.08 43.118 44.573 43.698 43.23 43.255 43.285 43.333 43.393 43.448 43.465 43.5 43.618 43.485 43.518 43.523 43.5 43.45 43.41 43.398 43.748 44.108 43.573 43.545 43.515 43.585 43.208 43.168 43.155 43.063 43.11 43.133 43.188 43.793 42.618 42.86 43.485 43.308 43.255 43.225 43.21 43.215 43.218 43.21 43.19 43.2 43.21 43.203 43.19 43.178 43.2 43.168 43.103 43.03 42.903 42.518
43.23 43.278 43.23 43.17 43.623 49.573 50.535 50.63 49.58 48.485 46.408 44.293 44.768 47.188 46.708 45.933 43.153 43.203 43.455 44.47 43.94 43.728 43.21 43.31 43.29 43.378 43.403 43.445 43.528 43.485 43.493 43.515 43.503 43.453 43.383 43.333 43.31 43.305 43.318 43.395 43.483 43.515 43.42 43.145 43.133 43.083 43.07 43.11 43.143 43.398 42.343 42.235 41.85 42.69 43.318 43.235 43.18 43.163 43.163 43.168 43.143 43.14 43.15 43.153 43.158 43.16 43.158 43.145 43.085 43.008 42.85 42.523
43.26 43.285 43.233 43.153 47.773 49.993 50.945 50.165 49.128 46.978 46.443 46.418 48.438 48.24 47.77 47.318 46.87 46.04 43.853 43.205 44.068 43.128 43.16 43.285 43.26 43.335 43.35 43.493 43.488 43.425 43.34 43.403 43.468 43.388 43.335 43.283 43.24 43.22 43.188 43.175 43.248 44.205 43.848 43.375 43.098 43.028 42.98 43.055 43.168 42.61 42.303 42.15 41.85 41.783 41.823 43.215 43.195 43.08 43.1 43.105 43.103 43.083 43.095 43.085 43.095 43.115 43.143 43.125 43.068 42.963 42.678 42.42
43.255 43.265 43.2 43.205 49.468 50.43 50.753 49.71 48.673 46.498 46.478 46.46 48.705 49.065 48.838 48.378 47.923 47.44 46.965 46.478 44.2 43.19 43.2 43.235 43.22 43.275 43.293 43.495 43.475 43.42 46.055 43.723 43.363 43.338 43.288 43.233 43.178 43.15 43.085 43.068 43.053 43.088 43.143 43.198 43.29 43.198 43.018 43.028 43.163 42.258 41.905 41.833 41.8 41.84 41.848 41.85 42.135 43.133 43.12 43.043 43.038 43.018 43.033 43.028 43.03 43.055 43.09 43.068 43.015 42.888 42.603 42.383
43.235 43.233 43.185 48.875 49.893 50.853 50.315 49.278 48.218 47.153 46.485 46.968 47.643 48.103 48.57 49.015 48.938 48.498 48.018 47.555 47.105 46.61 45.273 43.24 43.168 43.2 43.348 43.44 43.418 43.5 43.35 43.373 43.323 43.283 43.235 43.168 43.138 43.09 43.023 42.993 42.99 42.975 42.973 42.958 42.973 42.948 43.095 43.23 42.565 42.135 41.808 41.97 41.94 41.845 42.095 47.59 42.195 41.925 42.11 43.005 43.01 42.95 42.965 42.983 42.975 42.988 43.018 43 42.953 42.843 42.625 42.418
43.228 43.215 43.178 49.353 50.3 50.875 49.843 48.82 47.768 46.56 46.48 46.488 46.598 47.058 47.53 47.985 48.453 48.903 49.003 48.608 48.16 47.67 45.975 43.23 43.13 43.14 43.365 43.35 43.343 43.323 43.305 43.288 43.24 43.2 43.15 43.105 43.063 43.088 42.985 42.918 42.91 42.915 42.928 42.873 42.805 42.723 42.62 42.983 42.51 41.918 45.15 43.563 42.815 41.82 45.733 49.268 48.625 42.78 41.965 42.095 42.31 43.023 42.923 42.92 42.93 42.948 42.963 42.938 42.888 42.853 42.61 42.425
43.215 43.17 44.298 48.418 50.74 50.46 49.405 47.63 46.435 46.438 46.458 43.86 43.28 44.235 46.235 46.933 47.39 47.873 48.32 48.788 49.03 48.738 43.645 43.165 43.063 43.188 43.278 43.268 43.338 43.223 43.188 43.155 43.113 43.078 43.025 42.968 42.933 43.025 42.943 42.905 42.878 42.885 42.848 42.795 42.678 42.568 42.47 42.423 42.383 46.493 49.863 45.22 46.983 47.985 48.198 50.285 47.748 41.783 42.455 42.315 42.075 42.108 42.858 42.898 42.87 42.888 42.875 42.855 42.833 42.82 42.955 42.498
43.17 43.143 43.13 43.14 43.145 48.45 48.935 43.638 43.948 46.085 46.425 43.275 43.265 43.233 43.213 43.645 45.998 46.783 47.295 47.72 48.205 48.563 43.118 43.03 43.015 43.233 43.2 43.205 43.128 43.073 43.043 42.975 42.933 42.918 42.883 42.845 42.815 42.825 42.895 42.888 42.845 42.808 42.77 42.633 42.46 42.31 42.113 42.225 41.74 50.353 51.183 51.668 50.278 50.845 49.55 48.545 43.94 41.775 42.173 41.885 41.99 42.333 42.69 42.97 42.86 42.768 42.798 42.808 42.795 42.8 42.79 42.77
43.193 43.19 43.183 43.183 43.183 43.223 43.17 43.113 43.11 43.373 43.17 43.268 43.145 42.845 42.808 42.915 42.948 42.903 45.1 46.675 47.138 44.38 43.043 42.955 42.99 43.205 43.118 43.158 43.018 42.938 42.865 42.798 42.745 42.735 42.715 42.68 42.76 42.688 42.73 42.78 42.773 42.668 42.593 42.445 42.223 41.978 41.873 42.04 46.373 50.748 51.593 51.153 50.378 47.088 48.733 49.835 41.848 41.768 41.745 41.873 42.043 42.778 42.403 42.713 42.623 42.568 42.655 42.693 42.763 42.78 42.783 42.773
43.135 43.163 43.188 43.228 43.185 43.153 43.013 43.073 43.113 43.108 43.038 43.185 42.825 42.793 42.755 42.733 42.705 42.725 42.773 42.875 44.41 43.22 42.923 42.91 42.933 43.123 43.073 42.99 42.923 42.83 42.74 42.655 42.588 42.53 42.495 42.525 42.485 42.5 42.56 42.63 42.6 42.548 42.423 42.253 42.045 41.785 43.123 41.76 50.37 51.288 51.523 50.678 48.543 41.878 42.785 44.288 41.83 41.805 41.788 41.895 42.133 42.22 42.335 43.855 42.408 42.373 42.485 42.578 42.713 42.765 42.78 42.78
43.07 43.095 43.135 43.168 43.15 43 42.925 43.093 43.13 43.118 43.028 42.79 42.76 42.738 42.705 42.655 42.648 42.645 42.64 42.73 43.065 42.87 42.805 42.848 42.875 43.023 43.028 42.875 42.798 42.688 42.595 42.49 42.383 42.313 42.26 42.368 42.283 42.293 42.34 42.375 42.368 42.32 42.215 42.058 41.82 41.753 42.348 49.528 50.8 51.695 51.1 50.293 42.338 41.83 41.818 41.853 41.843 41.84 41.88 42.143 42.343 42.305 42.163 43.01 42.118 42.198 42.305 42.423 42.54 42.66 42.745 42.775
42.598 43.153 43.028 43.05 43.048 42.848 42.943 43.133 43.108 43.1 42.935 42.763 42.73 42.715 42.688 42.643 42.613 42.6 42.575 42.653 43.165 42.933 42.678 42.735 42.763 42.87 42.825 42.743 42.623 42.513 42.425 42.318 42.195 42.105 42.085 42.085 42.098 42.105 42.083 42.058 42.093 42.018 41.983 41.828 41.715 42.043 42.865 50.32 51.278 51.463 50.573 43.363 41.778 41.755 41.745 41.768 41.795 43.003 42.465 42.513 43.825 42.43 41.943 41.973 42.01 42.085 42.158 42.253 42.36 42.47 42.585 42.683
42.455 42.42 42.485 42.908 42.935 42.758 43.028 43.115 43.108 43.063 42.785 42.725 42.7 42.663 42.633 42.608 42.583 42.555 42.525 42.5 42.493 42.465 42.523 42.57 42.588 42.725 42.805 42.693 42.425 42.315 42.213 42.108 41.983 41.933 42.07 41.95 41.938 41.908 41.883 41.865 41.833 41.835 41.773 41.668 41.73 43.758 49.518 50.808 51.683 50.965 50.13 42.218 41.703 41.68 41.663 41.688 43.728 44.395 43.29 42.52 42.033 41.795 41.743 41.85 41.933 41.995 42.045 42.155 42.253 42.358 42.56 45.058
