dsm/se3131_DSM_2M.asc
ncols 500
nrows 500
xllcorner    431000
yllcorner    431000
cellsize     2
NODATA_value -9999
[rows 416 to 447 of 500, columns 288 to 359 of 500]
28.517 28.475 29.232 27.937 27.985 28.009 28.095 28.105 28.165 28.143 28.125 28.06 27.97 27.85 27.877 27.893 27.882 27.822 27.956 28.086 28.041 28.021 28.179 27.913 28.139 28.05 28.052 27.946 27.849 27.813 27.697 27.684 27.628 27.602 27.552 27.504 27.502 27.449 27.53 27.587 27.598 27.628 27.701 27.698 27.698 27.679 27.66 29.897 27.749 27.843 30.023 29.213 28.134 27.617 27.589 28.236 28.777 27.944 28.183 29.818 30.265 27.75 28.648 35.803 31.779 28.659 28.367 30.405 30.69 28.177 27.361 27.333
28.462 28.508 28.429 27.916 28.007 28.048 28.122 28.198 28.221 28.162 28.193 28.182 28.109 27.91 27.923 27.907 27.891 27.889 27.908 27.963 28.042 28.086 28.1 28.065 28.1 28.064 27.917 27.831 27.804 27.756 27.675 27.695 27.625 27.579 27.58 27.586 27.576 27.652 27.72 27.753 27.75 27.752 27.746 27.735 27.636 27.819 31.197 30.679 32.08 30.861 31.057 30.133 29.839 27.785 27.841 29.225 29.681 29.442 28.72 31.742 31.632 32.639 31.968 37.463 36.66 30.722 31.461 32.444 32.593 30.649 28.246 28.478
28.524 31.332 29.83 27.985 28.028 28.12 28.152 28.214 28.24 28.275 28.235 28.244 28.189 28.103 28.004 27.915 27.944 27.923 27.918 27.883 27.907 27.927 27.998 27.942 27.926 27.908 27.79 27.757 27.789 27.715 27.72 27.585 27.578 27.614 27.672 27.692 27.755 27.781 27.785 27.818 27.811 27.759 27.861 31.596 31.746 32.241 32.057 32.267 30.997 30.619 30.553 29.601 28.56 27.91 27.979 28.473 29.098 28.99 28.969 31.6 32.483 33.443 33.661 34.749 34.691 32.673 32.376 32.274 31.658 31.327 29.444 28.577
28.629 32.34 31.802 28.02 28.056 28.131 28.145 28.229 28.262 28.312 28.311 28.249 28.224 28.195 28.097 28.016 28.007 28.006 27.985 27.966 27.933 27.938 27.925 27.954 27.874 27.903 27.827 27.784 27.736 27.691 27.679 27.546 27.694 27.792 27.808 27.848 27.839 27.815 27.826 29.222 29.405 29.155 29.754 33.533 32.988 31.954 29.117 29.158 29.415 29.371 28.933 28.607 28.356 28.028 28.191 28.41 28.683 28.884 28.943 28.967 29.051 29.525 29.568 32.372 30.354 32.171 30.895 30.452 30.241 31.099 29.235 29.014
28.619 30.349 30.897 28.036 28.069 28.104 28.197 28.239 28.296 28.359 28.384 28.308 28.269 28.153 28.115 28.053 27.978 27.976 27.962 28.022 27.938 27.975 28 27.92 27.883 27.883 27.818 27.776 27.73 27.626 27.678 27.774 27.864 27.915 27.906 27.894 29.24 29.915 31.378 31.322 31.148 29.917 29.55 29.796 28.801 29.306 28.857 28.975 28.999 28.893 28.78 28.536 28.378 28.232 28.384 28.536 28.847 28.98 28.981 28.963 28.976 29.033 29.011 29.053 29.078 29.137 29.168 29.168 29.234 29.201 29.157 29.124
29.786 29.563 28.664 27.993 28.044 28.11 28.222 28.321 28.317 28.375 28.392 28.342 28.287 28.213 28.147 28.096 27.97 28.027 27.996 27.993 27.965 27.986 27.971 27.924 27.89 27.813 27.776 27.72 27.665 27.804 27.857 27.923 27.971 27.946 27.957 30.173 31.03 33.262 33.198 32.166 30.376 29.363 29.129 29.112 29.219 29.252 29.289 29.323 29.189 29.014 28.801 28.605 28.389 28.352 28.555 28.738 28.946 29.032 29.01 28.988 29.064 29.085 29.066 29.075 29.087 29.149 29.15 29.189 29.217 29.246 29.228 29.207
28.925 28.786 28.931 27.98 28.058 28.157 28.275 28.315 28.34 28.324 28.391 28.386 28.283 28.163 28.148 28.072 28.045 28.069 28.043 28.021 27.985 27.959 27.934 27.933 27.851 27.802 27.7 27.784 27.858 27.952 27.985 27.972 27.983 29.215 29.902 34.651 31.521 31.284 30.547 28.983 29.165 29.292 29.496 29.515 29.655 29.653 29.64 29.508 29.287 29.069 28.757 28.567 28.392 28.503 28.62 28.832 29.007 28.969 29.023 29.016 29.067 29.093 29.098 29.096 29.128 29.163 29.233 29.248 29.234 29.297 29.286 29.259
28.601 28.577 29.977 28.272 28.126 28.214 28.287 28.273 28.288 28.281 28.358 28.347 28.631 28.251 28.166 28.101 28.068 28.088 28.063 28.061 27.98 27.999 27.952 27.883 27.817 27.771 27.866 27.932 28.003 28.022 28.003 28.105 30.289 31.24 29.652 31.536 29.258 29.151 29.226 29.452 29.59 29.803 29.937 29.967 29.986 29.958 29.833 29.572 29.2 28.991 28.69 28.537 28.462 28.617 28.8 28.929 29.009 29.018 29.044 29.037 29.051 29.073 29.12 29.111 29.155 29.166 29.21 29.241 29.24 29.315 29.3 29.258
28.561 29.786 32.368 29.408 28.14 28.203 28.15 28.128 28.242 28.302 28.303 28.31 28.273 28.244 28.112 28.093 28.115 28.096 28.089 28.07 28.095 28.017 27.948 27.853 27.827 27.899 28.019 28.058 28.073 28.148 30.537 31.649 31.717 30.599 29.244 29.162 29.369 29.546 29.723 29.884 29.979 30.19 30.204 30.273 30.227 30.083 29.844 29.539 29.221 28.934 28.659 28.551 28.568 28.737 28.861 28.973 29.052 29.075 29.08 29.084 29.1 29.107 29.131 29.166 29.166 29.186 29.23 29.26 29.264 29.242 29.265 29.276
28.441 28.475 31.604 29.559 28.118 28.141 28.099 28.175 28.179 28.172 28.187 28.241 28.189 28.151 28.169 28.148 28.087 28.061 28.09 28.077 28.031 27.984 27.963 27.895 27.957 28.051 28.116 28.116 28.212 31.435 31.848 32.535 30.57 29.317 29.359 29.597 29.833 29.924 30.167 30.231 30.345 30.43 30.452 30.405 30.296 29.951 29.728 29.382 29.093 28.877 28.643 28.58 28.645 28.818 28.927 29.054 29.085 29.074 29.08 29.111 29.165 29.174 29.152 29.209 29.2 29.225 29.283 29.277 29.279 29.303 29.33 29.345
28.313 28.26 28.834 28.019 28.034 28.103 28.118 28.124 28.121 28.117 28.166 28.179 28.155 28.111 28.165 28.198 28.164 28.113 28.093 28.065 28.069 27.949 27.948 27.947 28.161 28.181 28.152 28.26 29.323 31.358 31.682 30.409 29.445 29.612 29.749 29.941 30.143 30.323 30.455 30.471 30.605 30.625 30.557 30.43 30.231 29.998 29.578 29.28 29.029 28.73 28.579 28.659 28.747 28.898 29.021 29.072 29.113 29.113 29.092 29.172 29.186 29.197 29.205 29.226 29.244 29.289 29.266 29.272 29.333 29.296 29.356 29.344
28.37 28.283 29.316 28.099 28.112 28.082 28.109 28.187 28.152 28.158 28.201 28.199 28.213 28.198 28.255 28.251 28.202 28.178 28.088 28.07 27.999 28.002 28.124 28.235 28.19 28.227 29.155 30.267 30.014 30.057 30.599 29.874 29.64 29.936 30.117 30.278 30.366 30.576 30.609 30.752 30.776 30.731 30.544 30.362 30.117 29.799 29.441 29.161 28.816 28.668 28.608 28.768 28.84 28.984 29.051 29.143 29.169 29.123 29.172 29.193 29.22 29.222 29.209 29.234 29.244 29.287 29.285 29.308 29.32 29.312 29.321 29.339
28.427 28.452 29.913 28.267 28.245 28.251 28.275 28.189 28.191 28.199 28.227 28.229 28.201 28.283 28.301 28.232 28.171 28.189 28.09 28.02 28.033 28.061 28.258 28.277 28.313 29.756 30.207 30.264 29.973 29.3 29.546 29.762 29.972 30.128 30.322 30.5 30.577 30.732 30.809 30.881 30.84 30.744 30.583 30.286 30.019 29.68 29.315 29.03 28.723 28.635 28.692 28.832 28.916 29.027 29.101 29.19 29.173 29.188 29.199 29.22 29.25 29.269 29.255 29.267 29.275 29.289 29.289 29.285 29.311 29.311 29.32 29.325
28.363 28.312 28.322 28.298 28.27 28.341 28.347 28.333 28.244 28.281 28.27 28.227 28.304 28.303 28.308 28.23 28.154 28.162 28.082 28.085 28.133 28.273 28.355 28.313 28.691 32.412 31.582 29.664 29.37 29.6 29.796 30.04 30.212 30.394 30.589 30.63 30.763 30.8 30.861 30.88 30.837 30.612 30.445 30.161 29.821 29.513 29.211 28.94 28.709 28.689 28.791 28.912 28.985 29.097 29.142 29.191 29.247 29.238 29.23 29.256 29.26 29.278 29.264 29.286 29.341 29.353 29.329 29.306 29.337 29.335 29.347 29.345
28.376 28.343 28.354 28.301 28.361 28.33 28.416 28.421 28.333 28.277 28.322 28.31 28.313 28.349 28.276 28.267 28.266 28.12 28.112 28.169 28.338 28.386 28.427 30.954 32.849 31.59 30.261 29.522 29.597 29.78 29.975 30.221 30.364 30.577 30.688 30.781 30.888 30.878 30.868 30.798 30.727 30.519 30.289 29.943 29.668 29.338 29.166 28.819 28.695 28.814 28.88 28.961 29.031 29.124 29.172 29.189 29.254 29.258 29.26 29.26 29.279 29.291 29.305 29.312 29.346 29.37 29.363 29.358 29.402 29.365 29.393 29.366
28.379 28.39 28.342 28.421 28.384 28.386 28.424 28.346 28.335 28.353 28.371 28.372 28.343 28.329 28.252 28.227 28.18 28.114 28.176 28.331 28.448 28.465 30.164 31.541 32.22 30.082 29.4 29.683 29.779 30.036 30.197 30.406 30.581 30.724 30.772 30.873 30.888 30.883 30.769 30.698 30.536 30.383 30.111 29.817 29.505 29.27 28.946 28.78 28.807 28.925 28.962 29.039 29.068 29.155 29.203 29.257 29.272 29.305 29.288 29.33 29.311 29.312 29.315 29.361 29.377 29.394 29.425 29.423 29.408 29.409 29.399 29.43
28.424 28.392 28.485 28.491 28.374 28.439 28.465 28.413 28.343 28.408 28.416 28.418 28.375 28.339 28.298 28.226 28.207 28.235 28.349 28.456 28.487 28.813 30.76 31.004 29.738 29.403 29.637 29.841 30.031 30.156 30.405 30.55 30.715 30.742 30.811 30.821 30.859 30.787 30.702 30.543 30.399 30.221 29.845 29.648 29.336 29.131 28.884 28.861 28.97 28.994 28.997 29.068 29.163 29.199 29.212 29.274 29.299 29.32 29.345 29.364 29.409 29.386 29.408 29.416 29.407 29.429 29.457 29.455 29.417 29.413 29.418 29.435
28.444 28.44 28.918 28.527 28.331 28.373 28.357 28.388 28.341 28.444 28.433 28.456 28.382 28.344 28.322 28.262 28.148 28.277 28.442 28.528 30.135 30.658 30.999 30.276 29.431 29.624 29.879 30.02 30.178 30.434 30.585 30.662 30.726 30.745 30.716 30.722 30.724 30.603 30.57 30.38 30.21 30.017 29.743 29.448 29.244 28.98 28.999 29.028 29.038 29.049 29.11 29.142 29.188 29.265 29.255 29.33 29.323 29.377 29.381 29.383 29.438 29.404 29.421 29.438 29.447 29.445 29.477 29.452 29.415 29.465 29.475 29.462
28.474 28.466 29.684 28.419 28.349 28.385 28.42 28.422 28.407 28.463 28.469 28.479 28.433 28.346 28.342 28.23 28.347 28.436 28.528 29.936 31.76 32.278 30.861 29.721 29.726 29.865 30.063 30.236 30.387 30.502 30.578 30.676 30.616 30.576 30.556 30.616 30.528 30.495 30.401 30.181 30.029 29.767 29.597 29.288 29.106 29.029 29.091 29.1 29.108 29.147 29.178 29.214 29.264 29.315 29.366 29.405 29.406 29.411 29.423 29.448 29.461 29.434 29.422 29.425 29.452 29.416 29.469 29.482 29.484 29.493 29.498 29.495
28.482 28.506 28.5 28.433 28.393 28.398 28.446 28.458 28.462 28.486 28.48 28.455 28.424 28.318 28.266 28.296 28.457 28.541 28.512 29.13 32.013 31.706 30.071 29.714 29.916 30.123 30.327 30.439 30.524 30.546 30.434 30.419 30.345 30.353 30.349 30.403 30.336 30.243 30.143 30.013 29.849 29.666 29.428 29.21 29.113 29.148 29.173 29.15 29.174 29.185 29.226 29.286 29.354 29.393 29.463 29.504 29.455 29.452 29.437 29.48 29.532 29.505 29.485 29.486 29.479 29.458 29.473 29.507 29.488 29.496 29.484 29.479
28.492 28.478 28.821 28.688 28.398 28.472 28.473 28.522 28.513 28.497 28.504 28.496 28.449 28.329 28.342 28.439 28.596 28.604 30.938 31.819 30.864 30.028 29.751 29.968 30.172 30.386 30.566 30.538 30.464 30.228 30.213 30.059 30.047 30.115 30.134 30.197 30.148 30.091 29.899 29.833 29.639 29.495 29.336 29.283 29.259 29.251 29.25 29.234 29.263 29.29 29.33 29.361 29.417 29.485 29.526 29.53 29.495 29.499 29.513 29.524 29.581 29.569 29.564 29.564 29.548 29.525 29.549 29.522 29.511 29.514 29.509 29.477
28.496 28.456 28.547 28.991 28.543 28.464 28.484 28.569 28.527 28.532 28.492 28.493 28.449 28.388 28.414 28.579 28.619 28.616 30.809 33.189 32.04 29.605 29.908 30.147 30.386 30.589 30.601 30.389 30.022 29.858 29.8 29.748 29.827 29.832 29.958 30.007 29.978 29.907 29.742 29.644 29.515 29.388 29.301 29.307 29.315 29.302 29.285 29.279 29.271 29.32 29.359 29.399 29.45 29.493 29.543 29.535 29.501 29.536 29.558 29.543 29.569 29.576 29.558 29.578 29.6 29.603 29.602 29.563 29.496 29.513 29.504 29.52
28.436 28.474 28.53 28.636 28.521 28.53 28.547 28.574 28.601 28.545 28.559 28.478 28.46 28.413 28.526 28.679 28.652 28.925 30.112 31.558 29.574 29.803 30.041 30.225 30.315 30.492 29.896 29.747 29.571 29.559 29.518 29.527 29.627 29.675 29.794 29.824 29.759 29.72 29.626 29.509 29.386 29.314 29.374 29.37 29.367 29.343 29.382 29.347 29.352 29.358 29.366 29.392 29.436 29.494 29.556 29.524 29.514 29.541 29.56 29.532 29.565 29.558 29.61 29.606 29.636 29.639 29.608 29.562 29.533 29.576 29.552 29.555
28.444 28.506 28.611 28.91 28.583 28.588 28.585 28.619 28.605 28.59 28.566 28.512 28.428 28.455 28.678 28.701 29.148 29.407 30.098 29.632 29.812 29.897 29.947 29.812 29.768 29.496 29.418 29.44 29.474 29.435 29.449 29.528 29.501 29.565 29.624 29.706 29.702 29.655 29.555 29.425 29.362 29.414 29.469 29.465 29.437 29.402 29.399 29.413 29.398 29.386 29.366 29.418 29.435 29.473 29.576 29.553 29.564 29.548 29.531 29.552 29.556 29.584 29.589 29.64 29.636 29.627 29.601 29.588 29.579 29.585 29.558 29.593
28.454 28.501 28.572 28.813 28.708 28.702 28.756 28.695 28.644 28.654 28.605 28.526 28.466 28.562 28.697 28.762 30.495 31.287 30.146 29.774 29.698 29.667 29.557 29.452 29.381 29.389 29.37 29.441 29.476 29.487 29.493 29.459 29.471 29.504 29.581 29.602 29.575 29.551 29.514 29.445 29.479 29.536 29.566 29.537 29.546 29.505 29.456 29.457 29.427 29.425 29.455 29.442 29.42 29.469 29.526 29.521 29.553 29.545 29.553 29.525 29.602 29.593 29.63 29.648 29.634 29.684 29.643 29.608 29.605 29.573 29.614 29.619
28.425 28.46 28.614 29.209 28.754 28.773 28.822 28.706 28.696 28.678 28.642 28.558 28.523 28.722 28.773 29.311 31.577 31.886 30.314 29.831 29.464 29.397 29.393 29.328 29.352 29.37 29.363 29.41 29.519 29.509 29.511 29.516 29.506 29.54 29.497 29.498 29.509 29.489 29.508 29.637 29.584 29.602 29.62 29.621 29.593 29.566 29.489 29.481 29.496 29.488 29.446 29.427 29.461 29.504 29.515 29.511 29.5 29.532 29.534 29.55 29.611 29.614 29.623 29.636 29.655 29.677 29.708 29.65 29.629 29.638 29.612 29.663
28.481 28.501 28.604 29.184 28.841 28.795 28.85 28.742 28.723 28.669 28.625 28.578 28.63 28.791 28.784 29.601 31.42 31.078 29.941 29.83 29.488 29.363 29.428 29.388 29.35 29.351 29.388 29.444 29.458 29.498 29.494 29.491 29.519 29.445 29.446 29.495 29.494 29.488 29.591 29.698 29.714 29.704 29.689 29.66 29.643 29.57 29.55 29.535 29.52 29.514 29.498 29.493 29.488 29.531 29.52 29.548 29.531 29.53 29.547 29.558 29.569 29.593 29.623 29.645 29.683 29.683 29.711 29.666 29.67 29.655 29.664 29.677
28.5 28.563 28.575 29.98 28.916 28.842 28.894 28.805 28.765 28.706 28.661 28.635 28.823 28.821 30.223 32.28 30.939 29.835 30.014 29.872 29.575 29.402 29.421 29.391 29.372 29.343 29.404 29.43 29.425 29.452 29.51 29.497 29.489 29.497 29.489 29.498 29.513 29.537 29.674 29.806 29.836 29.781 29.747 29.718 29.661 29.637 29.561 29.561 29.562 29.58 29.55 29.522 29.533 29.552 29.547 29.577 29.573 29.554 29.568 29.551 29.555 29.558 29.608 29.649 29.674 29.697 29.713 29.674 29.652 29.688 29.684 29.67
28.546 28.609 28.628 28.905 28.937 28.917 28.856 28.82 28.837 28.723 28.684 28.744 28.896 29.477 33.613 34.311 31.373 29.975 30.096 29.993 29.774 29.645 29.589 29.569 29.514 29.449 29.43 29.418 29.453 29.464 29.521 29.46 29.528 29.465 29.468 29.47 29.472 29.522 29.694 29.954 29.969 29.88 29.824 29.753 29.69 29.646 29.584 29.616 29.588 29.572 29.537 29.541 29.582 29.575 29.592 29.576 29.579 29.622 29.626 29.583 29.55 29.582 29.625 29.652 29.652 29.686 29.715 29.705 29.689 29.702 29.694 29.684
28.74 28.625 28.633 28.881 28.969 28.983 28.905 28.857 28.799 28.749 28.696 28.848 28.945 28.988 32.282 33.335 31.031 30.103 30.207 30.107 30.043 29.961 29.973 29.907 29.847 29.754 29.578 29.47 29.499 29.472 29.573 29.691 29.919 29.716 29.55 29.489 29.495 29.535 29.79 30.036 30.116 29.975 29.856 29.785 29.721 29.665 29.594 29.597 29.621 29.983 29.568 29.592 29.62 29.606 29.62 29.601 29.611 29.603 29.56 29.557 29.589 29.609 29.654 29.668 29.644 29.687 29.735 29.741 29.747 29.742 29.756 29.738
28.628 28.59 28.667 29.696 29.004 29.022 28.931 28.878 28.848 28.819 28.797 28.972 29.034 29.106 31.758 31.866 30.173 30.152 30.136 30.027 29.945 29.938 30.044 30.114 30.137 30.132 29.916 29.755 29.568 29.645 29.802 30.018 30.11 29.812 29.525 29.518 29.468 29.588 29.936 30.127 30.167 30.018 29.886 29.789 29.736 29.651 29.627 29.605 29.619 30.035 29.569 29.601 29.63 29.592 29.609 29.621 29.597 29.583 29.563 29.588 29.592 29.584 29.602 29.613 29.641 29.655 29.699 29.691 29.744 29.759 29.742 29.705
28.57 28.629 28.727 29.335 28.986 29.027 29.01 28.953 28.916 28.846 28.87 29.097 29.146 30.946 31.474 29.892 30.096 30.062 29.845 29.736 29.692 29.684 29.861 30.036 30.164 30.253 30.208 30.053 29.928 29.959 30.081 30.222 30.116 29.763 29.531 29.516 29.5 29.627 29.901 30.155 30.231 30.08 29.883 29.81 29.701 29.624 29.622 29.589 29.637 30.799 29.56 29.609 29.628 29.588 29.597 29.612 29.587 29.598 29.58 29.579 29.623 29.622 29.629 29.612 29.611 29.63 29.688 29.696 29.722 29.719 29.728 29.669
