dsm/se3237_DSM_2M.asc
ncols 500
nrows 500
xllcorner    432000
yllcorner    437000
cellsize     2
NODATA_value -9999
[rows 352 to 383 of 500, columns 365 to 437 of 500]
100.954 100.929 100.859 100.835 100.796 100.709 100.667 100.624 100.541 100.468 100.414 100.389 100.314 100.268 100.21 100.172 100.096 100.068 99.995 99.994 99.994 99.988 99.903 99.823 99.791 99.803 99.765 99.732 99.682 99.638 99.582 99.462 99.356 99.309 99.286 99.282 99.246 99.105 99.031 98.949 98.941 98.955 98.998 98.983 98.968 98.931 98.941 98.962 98.936 98.927 98.898 98.826 98.752 98.705 98.709 98.687 98.688 98.689 98.655 98.651 98.656 98.636 98.608 98.581 98.543 98.527 98.54 98.509 98.499 98.448 98.429 98.411 98.384
100.87 100.853 100.804 100.763 100.72 100.649 100.65 100.561 100.465 100.448 100.374 100.313 100.258 100.175 100.113 100.091 100.04 100 99.94 99.912 99.873 99.857 99.796 99.727 99.666 99.688 99.68 99.628 99.552 99.529 99.491 99.407 99.313 99.265 99.242 99.2 99.133 99.077 99.012 98.901 98.863 98.86 98.923 98.955 98.951 98.951 98.94 98.942 98.922 98.932 98.863 98.819 98.764 98.716 98.698 98.669 98.645 98.635 98.619 98.614 98.632 98.618 98.586 98.562 98.554 98.534 98.522 98.505 98.459 98.436 98.426 98.367 98.479
100.861 100.825 100.748 100.691 100.652 100.624 100.584 100.501 100.43 100.368 100.301 100.233 100.134 100.077 100.027 100.004 99.953 99.917 99.878 99.825 99.797 99.765 99.714 99.646 99.614 99.596 99.532 99.516 99.458 99.413 99.37 99.335 99.241 99.194 99.114 99.069 98.998 98.918 98.888 98.816 98.795 98.741 98.782 98.829 98.857 98.879 98.89 98.893 98.882 98.88 98.867 98.804 98.664 98.618 98.624 98.611 98.618 98.606 98.574 98.586 98.573 98.584 98.565 98.533 98.519 98.517 98.49 98.439 98.409 98.379 98.363 102.443 105.31
100.811 100.746 100.693 100.644 100.611 100.588 100.54 100.427 100.376 100.31 100.242 100.142 100.081 100.038 99.974 99.96 99.924 99.876 99.803 99.742 99.687 99.632 99.566 99.541 99.554 99.524 99.505 99.447 99.394 99.304 99.266 99.247 99.156 99.103 99.017 99.012 98.918 98.893 98.802 98.769 98.713 98.71 98.678 98.669 98.713 98.744 98.771 98.765 98.763 98.801 98.788 98.697 98.637 98.583 98.587 98.591 98.564 98.574 98.542 98.537 98.545 98.536 98.513 98.472 98.457 98.428 98.431 98.428 98.416 98.325 100.537 106.412 107.544
100.7 100.666 100.622 100.575 100.543 100.495 100.435 100.36 100.284 100.243 100.182 100.085 100.005 99.952 99.917 99.908 99.875 99.854 99.815 99.749 99.681 99.547 99.497 99.488 99.492 99.468 99.423 99.398 99.291 99.218 99.215 99.174 99.132 99.034 98.989 98.925 98.865 98.805 98.754 98.738 98.702 98.69 98.657 98.63 98.637 98.611 98.587 98.586 98.613 98.664 98.684 98.644 98.602 98.588 98.585 98.57 98.563 98.531 98.495 98.481 98.489 98.491 98.488 98.431 98.432 98.396 98.385 98.4 98.395 98.449 105.609 107.602 108.888
100.599 100.583 100.573 100.531 100.47 100.421 100.336 100.266 100.199 100.16 100.086 100.024 99.933 99.863 99.815 99.787 99.788 99.77 99.716 99.656 99.594 99.518 99.44 99.381 99.378 99.366 99.342 99.315 99.237 99.168 99.153 99.121 99.057 98.977 98.917 98.806 98.767 98.699 98.675 98.679 98.636 98.614 98.647 98.612 98.602 98.535 98.545 98.536 98.515 98.565 98.551 98.551 98.564 98.52 98.563 98.533 98.528 98.499 98.455 98.476 98.471 98.443 98.451 98.436 98.427 98.411 98.382 98.321 98.569 103.879 106.517 107.371 108.927
100.551 100.552 100.526 100.461 100.388 100.306 100.229 100.146 100.085 100.044 100.004 99.95 99.896 99.817 99.727 99.701 99.667 99.627 99.6 99.524 99.473 99.419 99.38 99.332 99.289 99.287 99.264 99.233 99.155 99.094 99.089 99.011 98.962 98.926 98.858 98.729 98.671 98.633 98.588 98.564 98.564 98.527 98.534 98.516 98.513 98.501 98.498 98.482 98.486 98.521 98.468 98.496 98.501 98.447 98.469 98.481 98.483 98.412 98.405 98.423 98.396 98.4 98.408 98.418 98.391 98.38 98.316 98.447 106.42 106.769 107.859 107.808 108.419
100.515 100.495 100.425 100.38 100.345 100.299 100.198 100.11 100.044 99.999 99.956 99.916 99.843 99.768 99.69 99.665 99.651 99.615 99.551 99.518 99.43 99.358 99.282 99.262 99.233 99.228 99.19 99.192 99.16 99.066 99.039 98.97 98.966 98.883 98.784 98.677 98.618 98.555 98.542 98.509 98.531 98.509 98.48 98.506 98.463 98.493 98.462 98.444 98.423 98.432 98.449 98.483 98.471 98.459 98.435 98.458 98.45 98.425 98.396 98.382 98.36 98.326 98.345 98.362 98.36 98.314 98.393 102.871 107.883 103.98 107.619 108.724 107.916
100.46 100.415 100.357 100.284 100.232 100.153 100.095 100.052 100.006 99.961 99.918 99.865 99.806 99.73 99.673 99.632 99.572 99.535 99.489 99.438 99.354 99.283 99.208 99.156 99.149 99.144 99.131 99.126 99.112 99.062 98.972 98.937 98.863 98.778 98.743 98.657 98.591 98.541 98.529 98.485 98.491 98.483 98.471 98.45 98.439 98.485 98.456 98.422 98.418 98.388 98.438 98.435 98.418 98.395 98.415 98.437 98.41 98.383 98.363 98.321 98.284 98.259 98.266 98.296 98.305 98.266 98.333 105.279 108.629 109.223 108.44 108.659 106.961
100.383 100.338 100.288 100.204 100.136 100.05 100 99.968 99.913 99.876 99.815 99.762 99.74 99.695 99.632 99.558 99.516 99.464 99.395 99.379 99.341 99.257 99.194 99.101 99.091 99.093 99.083 99.051 99.058 99.017 98.95 98.895 98.818 98.747 98.675 98.591 98.527 98.516 98.492 98.474 98.479 98.474 98.452 98.431 98.427 98.459 98.438 98.415 98.398 98.404 98.395 98.38 98.343 98.392 98.392 98.383 98.376 98.353 98.309 98.273 98.258 98.223 98.189 98.224 98.252 98.19 98.135 104.318 108.234 109.382 109.045 108.952 104.27
100.261 100.202 100.13 100.084 100.04 99.966 99.902 99.859 99.825 99.792 99.729 99.68 99.64 99.622 99.569 99.476 99.42 99.342 99.307 99.297 99.253 99.218 99.13 99.084 99.084 99.058 99.058 99.034 99.02 99.016 98.941 98.817 98.706 98.685 98.592 98.523 98.473 98.456 98.454 98.484 98.469 98.446 98.423 98.44 98.448 98.421 98.383 98.382 98.361 98.356 98.334 98.308 98.302 98.322 98.378 98.356 98.327 98.299 98.257 98.202 98.18 98.169 98.135 98.167 98.149 98.124 98.015 104.415 107.859 107.658 108.184 105.013 99.405
100.169 100.095 100.025 99.963 99.963 99.914 99.843 99.794 99.783 99.712 99.654 99.598 99.549 99.49 99.473 99.438 99.378 99.288 99.228 99.193 99.159 99.117 99.077 99.036 99.019 98.966 98.956 98.896 98.882 98.874 98.831 98.726 98.653 98.582 98.506 98.492 98.464 98.438 98.43 98.444 98.452 98.416 98.404 98.401 98.384 98.389 98.319 98.329 98.308 98.298 98.269 98.266 98.263 98.327 98.329 98.311 98.327 98.28 98.223 98.161 98.129 98.256 103.453 98.348 98.057 97.969 97.708 97.387 101.253 104.093 100.282 97.976 96.939
100.129 100.024 99.955 99.919 99.895 99.832 99.78 99.743 99.714 99.623 99.58 99.534 99.499 99.408 99.367 99.332 99.265 99.221 99.209 99.166 99.121 99.073 99.052 98.997 98.933 98.882 98.848 98.807 98.788 98.798 98.767 98.675 98.604 98.517 98.455 98.438 98.434 98.421 98.41 98.4 98.392 98.402 98.388 98.362 98.318 98.334 98.321 98.316 98.295 98.236 98.217 98.232 98.276 98.293 98.291 98.306 98.26 98.238 98.225 98.123 98.415 104.28 107.279 105.7 103.285 97.819 97.272 97.089 96.906 96.926 96.931 96.937 96.922
100.032 99.928 99.866 99.808 99.794 99.767 99.719 99.69 99.665 99.59 99.506 99.467 99.41 99.377 99.321 99.263 99.178 99.138 99.113 99.091 99.056 98.995 98.989 98.965 98.895 98.833 98.776 98.742 98.695 98.694 98.667 98.573 98.555 98.441 98.445 98.418 98.397 98.409 98.376 98.384 98.353 98.369 98.361 98.309 98.3 98.293 98.287 98.283 98.184 98.15 98.198 98.203 98.245 98.272 98.261 98.276 98.266 98.228 98.147 98.176 106.531 107.575 108.903 109.31 108.983 100.541 97.017 96.86 96.896 96.883 96.881 96.87 96.881
99.975 99.898 99.842 99.776 99.722 99.676 99.655 99.623 99.593 99.52 99.465 99.399 99.351 99.293 99.249 99.179 99.099 99.075 99.058 99.023 98.985 98.942 98.917 98.899 98.869 98.82 98.769 98.714 98.666 98.624 98.575 98.452 98.425 98.377 98.361 98.345 98.334 98.359 98.322 98.306 98.294 98.298 98.261 98.243 98.26 98.271 98.257 98.172 98.126 98.152 98.165 98.184 98.243 98.248 98.283 98.248 98.231 98.189 98.082 102.294 107.18 108.747 110.08 110.518 109.458 104.415 102.141 96.979 96.866 96.922 96.855 96.846 96.83
99.877 99.862 99.795 99.723 99.664 99.607 99.575 99.512 99.46 99.425 99.346 99.265 99.183 99.163 99.104 99.08 99.047 99.021 99.002 98.945 98.909 98.887 98.856 98.834 98.817 98.76 98.712 98.66 98.629 98.525 98.451 98.403 98.371 98.341 98.322 98.333 98.309 98.309 98.27 98.246 98.231 98.21 98.174 98.178 98.191 98.2 98.189 98.081 98.138 98.16 98.139 98.161 98.198 98.214 98.211 98.203 98.15 98.06 97.991 103.464 107.022 108.597 109.881 110.743 109.604 105.912 98.775 96.89 96.889 96.831 96.835 96.73 96.829
99.847 99.813 99.77 99.672 99.619 99.54 99.468 99.402 99.359 99.296 99.216 99.165 99.084 99.072 98.99 98.976 98.956 98.938 98.902 98.859 98.849 98.84 98.795 98.801 98.799 98.758 98.688 98.603 98.541 98.432 98.403 98.331 98.293 98.295 98.295 98.286 98.276 98.295 98.288 98.262 98.216 98.194 98.174 98.162 98.169 98.123 98.098 98.088 98.13 98.126 98.096 98.097 98.142 98.14 98.131 98.119 98.041 98.16 100.317 101.52 103.884 107.463 108.718 110.023 106.725 105.104 96.943 96.858 96.854 96.838 96.728 96.801 96.895
99.789 99.775 99.744 99.657 99.557 99.48 99.374 99.354 99.305 99.242 99.159 99.109 99.039 99.02 98.939 98.917 98.89 98.86 98.83 98.788 98.753 98.745 98.739 98.726 98.698 98.688 98.617 98.545 98.443 98.381 98.307 98.259 98.245 98.24 98.258 98.255 98.258 98.275 98.269 98.249 98.232 98.205 98.169 98.187 98.158 98.119 98.092 98.092 98.1 98.081 98.036 98.045 98.095 98.103 98.087 98.053 98.106 103.742 102.926 97.995 103.721 104.719 104.484 103.347 101.831 96.832 96.817 96.808 96.747 96.697 96.81 96.93 97.259
99.744 99.697 99.659 99.599 99.503 99.374 99.29 99.28 99.207 99.122 99.094 99.041 98.981 98.937 98.927 98.885 98.828 98.805 98.747 98.719 98.69 98.68 98.679 98.641 98.648 98.641 98.564 98.497 98.385 98.32 98.266 98.206 98.222 98.225 98.214 98.221 98.215 98.24 98.195 98.168 98.168 98.168 98.159 98.169 98.158 98.114 98.065 98.085 98.075 98.041 97.989 98.011 98.044 98.025 98.272 99.284 101.118 105.047 104.221 105.18 104.464 99.303 98.035 96.763 96.8 96.758 96.747 96.764 96.695 96.753 96.986 99.206 99.134
99.708 99.615 99.598 99.534 99.447 99.311 99.235 99.191 99.117 99.092 99.022 98.971 98.93 98.879 98.864 98.818 98.785 98.732 98.704 98.645 98.6 98.582 98.547 98.57 98.57 98.574 98.521 98.428 98.325 98.265 98.248 98.172 98.173 98.191 98.222 98.203 98.194 98.21 98.132 98.112 98.124 98.135 98.126 98.098 98.102 98.059 98.04 98.031 98.02 98.005 97.974 97.998 98.102 102.466 105.093 105.88 106.105 105.441 105.758 103.441 99.354 96.693 96.745 96.766 96.76 96.726 96.734 96.658 96.755 96.838 98.225 98.843 99.371
99.588 99.564 99.531 99.452 99.354 99.262 99.203 99.149 99.092 99.007 98.951 98.874 98.846 98.837 98.805 98.77 98.718 98.655 98.635 98.593 98.529 98.528 98.514 98.528 98.533 98.48 98.422 98.315 98.209 98.22 98.166 98.149 98.164 98.154 98.172 98.193 98.192 98.163 98.121 98.126 98.102 98.04 98.078 98.034 98.06 98.015 98.022 98.007 97.986 97.964 97.932 97.992 101.261 105.174 106.652 107.223 107.208 106.619 103.452 98.912 96.971 96.694 96.689 96.765 96.714 96.709 96.662 96.756 96.842 96.945 99.294 99.264 101.288
99.55 99.519 99.474 99.393 99.296 99.2 99.12 99.085 99.036 98.965 98.93 98.872 98.806 98.762 98.702 98.681 98.62 98.591 98.562 98.509 98.477 98.454 98.444 98.447 98.451 98.418 98.338 98.244 98.184 98.152 98.138 98.138 98.108 98.127 98.156 98.171 98.153 98.155 98.082 98.054 98.045 98.026 98.034 97.993 97.98 98.004 97.979 97.957 97.915 97.931 97.912 98.022 99.796 105.49 107.192 107.902 107.706 106.866 102.585 96.664 96.685 96.741 96.688 96.701 96.701 96.63 96.739 96.85 96.842 96.614 98.902 97.674 97.286
99.513 99.46 99.398 99.313 99.228 99.144 99.061 99.017 98.978 98.945 98.86 98.798 98.771 98.706 98.646 98.64 98.572 98.52 98.499 98.452 98.427 98.398 98.365 98.379 98.402 98.331 98.259 98.141 98.121 98.114 98.105 98.123 98.106 98.103 98.125 98.126 98.138 98.113 98.063 98.004 97.994 98.008 98.003 97.954 97.944 97.928 97.908 97.88 97.876 97.887 101.724 105.097 106.315 106.57 107.221 107.706 107.384 104.507 99.956 96.632 96.663 96.708 96.753 96.616 96.611 96.732 97.258 96.909 96.569 96.35 96.078 95.891 95.821
99.436 99.379 99.336 99.222 99.15 99.059 99.011 98.986 98.962 98.862 98.827 98.759 98.693 98.649 98.6 98.591 98.519 98.478 98.441 98.394 98.362 98.336 98.321 98.324 98.335 98.253 98.165 98.115 98.099 98.104 98.083 98.103 98.097 98.091 98.093 98.092 98.103 98.04 97.996 97.986 97.977 97.978 97.937 97.938 97.898 97.85 97.843 97.833 97.804 101.751 107.462 107.825 108.027 109.155 107.762 106.184 102.809 103.252 97.188 96.668 96.668 96.676 96.642 96.54 96.675 96.832 96.971 96.496 96.281 95.998 95.817 95.741 95.755
99.36 99.294 99.238 99.127 99.02 98.96 98.927 98.911 98.837 98.805 98.744 98.731 98.692 98.625 98.543 98.52 98.498 98.437 98.367 98.315 98.301 98.304 98.291 98.302 98.263 98.185 98.124 98.099 98.044 98.046 98.057 98.059 98.089 98.059 98.044 98.026 98.023 97.993 97.981 97.961 97.944 97.9 97.851 97.87 97.809 97.781 97.779 97.761 97.726 103.481 108.189 108.985 109.437 109.779 108.518 106.109 100.515 96.574 96.619 96.688 96.66 96.591 96.508 96.617 97.062 96.675 96.477 96.248 95.969 95.741 95.708 95.717 95.697
99.273 99.229 99.14 99.055 98.968 98.91 98.882 98.834 98.798 98.77 98.758 98.711 98.647 98.556 98.479 98.439 98.42 98.367 98.289 98.264 98.267 98.253 98.259 98.273 98.213 98.086 98.04 98.056 98.053 98.04 98.053 98.052 98.042 98.024 98 97.996 98.014 98.002 97.952 97.926 97.904 97.859 97.838 97.815 97.748 97.74 97.738 97.678 99.885 103.676 107.653 109.103 109.512 109.27 108.445 106.55 97.504 96.604 96.64 96.622 96.576 96.487 96.603 97.133 96.634 96.395 96.219 95.903 95.719 95.696 95.657 95.669 95.649
99.18 99.116 99.014 98.964 98.897 98.822 98.766 98.748 98.706 98.667 98.664 98.656 98.601 98.512 98.441 98.392 98.359 98.335 98.269 98.248 98.25 98.233 98.216 98.211 98.11 98.042 98.027 98.004 98.032 98.008 97.998 97.983 97.972 97.957 97.994 97.957 97.911 97.935 97.947 97.901 97.867 97.824 97.773 97.718 97.732 97.716 97.754 97.816 102.604 106.45 108.063 107.753 108.24 108.814 108.196 106.673 96.81 96.575 96.597 96.539 96.559 96.688 96.678 96.772 96.476 96.244 96.556 95.794 95.68 95.642 95.638 95.598 95.594
99.116 99.027 98.934 98.875 98.817 98.764 98.708 98.673 98.632 98.622 98.592 98.547 98.483 98.445 98.371 98.34 98.318 98.279 98.224 98.228 98.21 98.198 98.213 98.171 98.082 98.033 97.989 98.011 98.001 97.992 97.977 97.956 97.959 97.946 97.96 97.945 97.919 97.901 97.916 97.877 97.818 97.78 97.725 97.676 97.669 97.663 99.88 103.289 105.036 107.846 108.673 108.399 107.205 107.69 105.28 97.654 97.152 96.578 96.532 96.451 103.046 102.922 98.391 97.985 98.649 100.639 101.241 96.926 95.628 95.56 95.58 95.554 95.569
99.029 98.938 98.87 98.836 98.758 98.698 98.646 98.621 98.599 98.548 98.512 98.506 98.449 98.399 98.322 98.254 98.257 98.228 98.196 98.206 98.208 98.163 98.154 98.093 98.033 98.007 98.007 97.943 97.973 97.965 97.932 97.912 97.905 97.892 97.904 97.915 97.923 97.888 97.868 97.81 97.797 97.721 97.653 97.648 97.609 97.929 103.737 104.532 107.168 108.336 108.54 107.826 106.893 103.734 97.338 96.517 96.486 96.494 96.362 105.114 104.796 107.71 104.943 103.765 102.341 102.837 102.894 102.495 98.492 96.328 95.525 95.522 95.533
98.95 98.861 98.823 98.744 98.686 98.632 98.609 98.557 98.537 98.497 98.453 98.437 98.39 98.295 98.258 98.205 98.202 98.17 98.163 98.183 98.157 98.122 98.091 98.061 98.031 97.949 97.925 97.929 97.953 97.904 97.857 97.881 97.842 97.827 97.839 97.865 97.88 97.855 97.82 97.769 97.737 97.682 97.634 97.614 97.729 107.391 107.95 105.538 107.648 108.501 108.397 108.114 107.702 103.877 96.563 96.508 96.478 96.365 102.646 108.624 110.547 111.915 109.761 104.008 104.631 105.886 105.871 105.004 101.526 96.725 95.53 95.498 95.497
98.901 98.828 98.75 98.721 98.667 98.615 98.596 98.522 98.472 98.431 98.407 98.349 98.3 98.25 98.222 98.195 98.188 98.166 98.129 98.105 98.072 98.068 98.034 97.992 97.959 97.914 97.892 97.886 97.906 97.881 97.84 97.82 97.765 97.791 97.768 97.788 97.806 97.79 97.784 97.705 97.642 97.625 97.576 99.007 105.085 110.691 110.3 110.304 109.913 108.231 108.452 107.321 106.973 97.513 96.455 96.447 98.838 103.721 106.452 108.208 109.875 111.258 110.665 103.087 107.696 107.296 106.446 108.041 106.048 98.431 95.512 95.473 95.487
98.791 98.758 98.696 98.639 98.6 98.545 98.49 98.408 98.401 98.404 98.363 98.332 98.261 98.184 98.185 98.173 98.179 98.157 98.089 98.081 98.042 97.989 97.972 97.979 97.936 97.909 97.897 97.871 97.868 97.811 97.817 97.712 97.704 97.744 97.731 97.7 97.726 97.73 97.693 97.679 97.634 97.589 97.88 105.652 107.936 110.885 112.137 111.781 111.073 109.844 107.363 106.54 100.265 96.45 96.451 96.503 102.579 103.825 108.581 108.593 109.37 109.633 102.226 107.114 109.182 110.775 108.671 108.348 103.024 102.461 95.569 95.456 95.437
