dsm/se3233_DSM_2M.asc
ncols 500
nrows 500
xllcorner    432000
yllcorner    433000
cellsize     2
NODATA_value -9999
[rows 288 to 319 of 500, columns 73 to 145 of 500]
63.88 64.122 64.318 64.535 64.702 64.801 64.783 64.902 64.995 65.076 65.146 65.041 64.818 64.691 64.519 64.37 63.973 63.516 62.978 62.696 62.732 62.752 62.761 62.822 62.912 62.931 62.991 63.087 63.067 63.088 63.143 63.172 63.123 63.138 63.169 63.176 68.51 70.627 73.792 74.434 74.033 69.11 62.567 62.544 62.581 62.502 62.743 69.635 72.075 72.633 72.94 72.806 72.639 72.533 70.992 70.339 64.284 62.867 63.029 63.264 63.919 62.99 62.808 63.46 63.323 63.485 62.955 63.022 63.719 63.813 63.335 63.683 64.531
63.642 63.856 64.096 64.264 64.539 64.66 64.699 64.752 64.869 64.898 64.856 64.802 64.683 64.524 64.326 64.062 63.852 63.403 62.848 62.59 62.701 62.72 62.777 62.909 62.949 62.987 63.043 63.185 63.13 63.108 63.195 63.265 63.24 63.213 63.244 63.26 64.095 70.788 72.526 71.679 71.794 63.968 62.387 62.423 62.482 62.892 62.921 63.318 72.695 72.977 72.469 71.613 72 70.125 67.96 64.752 63.199 62.986 63.461 62.726 62.888 62.65 62.699 62.79 62.809 62.875 64.051 64.933 64.421 63.617 64.4 69.896 71.303
63.362 63.616 63.842 63.983 64.229 64.414 64.524 64.584 64.63 64.61 64.584 64.475 64.349 64.27 64.038 63.799 63.606 63.233 62.727 62.507 62.69 62.808 62.915 63.076 63.176 63.156 63.292 63.381 63.405 63.464 63.547 63.519 63.566 63.458 63.532 63.531 63.52 63.524 63.976 65.366 63.434 62.402 62.27 62.331 62.383 62.4 62.722 62.335 70.253 70.962 70.778 70.096 65.412 64.015 63.071 62.657 62.897 62.588 62.572 63.607 62.632 62.661 62.679 62.721 62.705 62.795 62.855 64.418 65.875 71.139 70.607 71.49 71.862
63.149 63.329 63.48 63.716 63.892 64.083 64.146 64.286 64.351 64.368 64.403 64.283 64.172 63.983 63.856 63.621 63.464 63.042 62.593 62.475 62.726 62.941 63.061 63.293 63.386 63.554 63.627 63.667 63.691 63.723 63.813 63.842 63.814 63.808 63.808 63.775 63.757 63.655 63.339 63.014 62.667 62.414 62.226 62.194 62.273 62.272 62.279 62.214 62.402 68.643 66.069 62.606 62.692 62.511 63.029 62.486 62.404 62.396 62.498 62.793 62.639 62.597 62.586 62.632 62.675 62.721 62.847 68.584 71.665 71.719 71.594 72.128 72.049
62.895 63.146 63.275 63.429 63.512 63.67 63.774 63.851 64.047 64.051 64.116 64.074 63.984 63.858 63.717 63.471 63.186 62.872 62.436 62.457 62.696 62.946 63.215 63.417 63.55 63.646 63.715 63.691 63.727 63.755 63.812 63.86 63.871 63.93 63.879 63.913 63.929 63.738 63.573 63.083 62.708 62.435 62.268 62.112 62.181 62.195 62.224 62.104 62.186 63.723 62.942 62.455 62.554 62.48 62.28 62.255 62.304 62.381 62.421 62.445 62.456 62.537 62.578 62.617 62.705 62.879 63.004 69.498 71.762 72.145 72.034 71.545 70.985
62.716 62.907 62.982 63.104 63.232 63.323 63.442 63.48 63.625 63.672 63.65 63.665 63.67 63.611 63.512 63.336 63.056 62.63 62.337 62.396 62.587 62.816 63.016 63.165 63.177 63.288 63.353 63.408 63.475 63.441 63.566 63.627 63.611 63.636 63.789 63.825 63.849 63.795 63.643 63.249 62.892 62.541 62.205 62.081 61.987 62.089 62.075 62.063 62.003 62.279 62.766 62.199 62.109 62.15 62.201 62.232 62.278 62.322 62.322 62.409 62.394 62.472 64.87 63.117 62.874 63.704 63.029 63.334 70.933 71.623 71.357 70.53 69.64
62.519 62.569 62.683 62.788 62.882 62.927 63.057 63.14 63.161 63.208 63.255 63.267 63.231 63.192 63.091 63.061 62.888 62.528 62.238 62.323 62.444 62.609 62.712 62.776 62.734 62.895 62.873 62.966 62.983 63.085 63.115 63.196 63.242 63.319 63.372 63.476 63.685 63.786 63.691 63.427 63.137 62.648 62.264 62.051 61.94 61.984 62.012 62.002 61.964 61.968 61.994 61.976 61.997 62.092 62.133 62.151 62.201 62.216 62.233 62.318 64.581 69.193 71.011 67.688 63.093 62.804 62.772 62.462 67.559 71.324 70.99 63.582 63.666
62.317 62.323 62.419 62.495 62.533 62.643 62.708 62.725 62.741 62.746 62.763 62.763 62.742 62.629 62.716 62.73 62.625 62.418 62.203 62.253 62.256 62.343 62.315 62.385 62.346 62.436 62.502 62.535 62.58 62.622 62.609 62.645 62.723 62.857 62.984 63.175 63.38 63.578 63.608 63.487 63.204 62.739 62.375 62.166 61.93 61.86 61.903 61.899 61.906 61.854 61.908 61.927 61.983 62.092 62.085 62.146 62.081 62.331 66.59 68.417 69.95 70.954 71.071 71.522 63.646 62.294 62.855 62.272 63.076 64.372 63.331 62.144 62.149
62.232 62.25 62.25 62.275 62.356 62.383 62.449 62.393 62.415 62.425 62.437 62.455 62.406 62.387 62.397 62.418 62.437 62.266 62.147 62.187 62.143 62.184 62.147 62.139 62.141 62.172 62.22 62.287 62.295 62.309 62.305 62.347 62.427 62.42 62.597 62.77 63.049 63.256 63.471 63.425 63.256 62.918 62.469 62.154 61.914 61.774 61.807 61.863 61.908 61.847 61.827 61.823 61.924 62.507 62.884 62.319 63.202 69.398 70.561 71.06 70.98 71.465 71.54 71.163 66.277 62.12 62.943 62.412 62.131 62.094 62.048 62.074 62.097
62.091 62.166 62.187 62.174 62.186 62.219 62.289 62.25 62.254 62.263 62.253 62.25 62.229 62.267 62.235 62.215 62.231 62.198 62.081 62.137 62.082 62.081 62.073 62.053 62.083 62.098 62.114 62.163 62.189 62.12 62.111 62.104 62.107 62.154 62.253 62.45 62.812 63.035 63.295 63.404 63.321 62.983 62.605 62.301 65.673 63.876 61.682 61.806 61.796 61.783 61.731 61.746 61.736 61.864 63.52 68.184 70.631 71.031 72.365 71.328 71.5 70.957 70.402 70.701 68.869 62.376 62.287 62.035 61.986 61.965 62.026 61.997 61.958
61.892 62.043 62.094 62.104 62.098 62.155 62.188 62.203 62.186 62.149 62.095 62.15 62.127 62.12 62.12 62.115 62.121 62.137 62.044 62.088 62.017 61.995 61.996 62.005 62.03 62.033 62.011 62.105 62.062 62.04 62.029 61.961 61.92 62.008 62.02 62.243 62.494 62.711 63.159 63.326 63.335 63.107 64.156 69.429 70.437 70.004 64.127 61.677 61.689 61.685 61.661 61.609 62.812 67.852 69.725 70.228 70.946 71.313 71.625 71.024 70.719 69.827 69.102 67.394 62.118 62.07 61.905 61.883 61.952 61.932 61.907 61.821 61.797
61.761 61.898 61.989 62.034 62.017 62.066 62.1 62.067 62.101 62.064 62.056 62.068 62.067 62.053 62.052 62.041 62.013 62.057 61.984 62 61.922 61.95 61.946 61.929 61.975 61.932 61.936 61.953 61.955 61.928 61.878 61.877 61.85 61.867 61.905 62.038 62.223 62.491 62.915 63.233 63.335 63.202 64.725 70.691 71.017 70.306 65.683 61.623 61.559 61.628 61.585 61.519 62.348 70.033 70.771 71.328 71.563 71.125 70.644 70.41 69.447 68.567 62.657 61.797 62.714 62.094 61.845 61.794 61.874 61.747 61.693 61.716 61.827
61.693 61.752 61.903 61.951 61.97 61.952 61.988 61.972 61.945 61.955 61.994 61.996 61.994 62.008 62.038 62.019 61.992 61.978 61.928 61.912 61.891 61.901 61.91 61.875 61.835 61.848 61.861 61.842 61.884 61.823 61.792 61.764 61.776 61.798 61.831 61.937 62.068 62.328 62.668 63.103 63.283 63.264 66.821 70.363 70.362 69.136 62.684 61.451 61.496 61.492 61.473 61.416 61.404 69.038 71.678 71.164 70.329 69.897 69.553 68.707 61.82 61.711 61.688 61.733 61.818 61.75 61.739 62.745 63.353 61.622 61.741 61.837 62.137
61.622 61.619 61.777 61.854 61.885 61.889 61.864 61.889 61.903 61.898 61.907 61.9 61.952 61.945 61.963 61.976 61.962 61.903 61.82 61.835 61.826 61.827 61.821 61.817 61.742 61.763 61.783 61.78 61.791 61.737 61.746 61.753 61.711 61.7 61.777 61.858 61.967 62.191 62.628 62.939 63.209 63.264 63.175 67.123 69.468 68.477 62.351 61.446 61.319 61.359 61.426 61.369 61.3 62.707 70.501 69.867 69.041 67.514 62.407 61.578 61.562 61.628 61.644 61.632 61.601 61.591 61.778 62.072 63.016 61.701 62.492 62.069 61.947
61.571 61.563 61.601 61.758 61.852 61.855 61.802 61.792 61.862 61.839 61.83 61.819 61.848 61.855 61.85 61.865 61.842 61.889 61.755 61.744 61.71 61.741 61.766 61.746 61.671 61.686 61.651 61.674 61.672 61.65 61.64 61.641 61.628 61.645 61.704 61.784 61.81 62.077 62.437 62.847 63.143 63.238 63.075 62.846 62.857 62.026 61.63 61.381 61.277 61.288 61.336 61.321 61.237 61.285 66.765 64.488 62.133 61.425 61.434 61.488 61.479 61.526 61.486 61.493 61.435 61.525 61.527 61.638 61.781 61.692 61.826 61.989 67.254
61.488 61.476 61.417 61.525 61.737 61.754 61.757 61.76 61.75 61.771 61.78 61.736 61.763 61.811 61.763 61.772 61.744 61.742 61.652 61.709 61.641 61.665 61.712 61.653 61.589 61.593 61.647 61.594 61.604 61.571 61.589 61.578 61.584 61.572 61.618 61.6 61.681 61.892 62.253 62.694 63.033 63.159 63.076 62.837 62.503 62.201 61.754 61.408 61.234 61.155 61.166 61.245 61.202 61.08 61.162 61.202 61.207 61.266 61.366 61.371 61.382 61.317 61.319 61.369 61.461 62.146 61.673 61.705 62.109 64.28 64.923 67.476 70.176
61.412 61.361 61.366 61.398 61.59 61.659 61.684 61.659 61.665 61.755 61.724 61.719 61.709 61.74 61.693 61.667 61.686 61.709 61.579 61.616 61.591 61.584 61.637 61.609 61.545 61.525 61.533 61.556 61.555 61.509 61.525 61.514 61.531 61.511 61.479 61.498 61.542 61.75 62.108 62.494 62.913 63.096 63.079 62.934 62.537 62.315 61.865 61.486 61.251 61.078 61.066 61.134 61.083 61.058 61.022 61.135 61.131 61.17 61.221 61.218 61.248 61.225 61.335 61.555 61.717 61.815 64.075 64.444 67.256 68.355 69.318 69.864 70.878
61.359 61.321 61.299 61.253 61.324 61.579 61.631 61.634 61.632 61.641 61.691 61.64 61.673 61.647 61.643 61.598 61.6 61.634 61.491 61.557 61.562 61.558 61.584 61.53 61.486 61.537 61.538 61.501 61.53 61.46 61.42 61.433 61.458 61.453 61.42 61.389 61.447 61.568 61.96 62.298 62.715 63.027 63.044 62.94 62.653 62.288 61.959 61.554 61.234 61.066 60.989 61.042 61.038 61.01 60.988 60.999 61.029 61.042 61.117 61.055 61.241 61.474 61.521 61.432 61.937 61.975 66.591 68.582 70.128 70.275 70.688 70.655 71.056
61.291 61.293 61.295 61.216 61.251 61.412 61.507 61.532 61.535 61.555 61.6 61.583 61.58 61.576 61.582 61.54 61.504 61.522 61.463 61.493 61.514 61.476 61.516 61.439 61.419 61.479 61.474 61.446 61.472 61.422 61.402 61.367 61.333 61.344 61.362 61.301 61.354 61.415 61.775 62.244 62.601 62.906 63.027 62.955 62.683 62.277 61.923 61.584 61.252 61.055 60.91 60.891 60.925 60.918 60.894 60.873 60.854 60.886 61.02 61.917 61.395 61.311 62.147 64.762 67.811 68.325 69.448 70.643 70.61 70.823 70.776 70.476 70.787
61.174 61.221 61.255 61.175 61.176 61.365 61.383 61.432 61.491 61.524 61.474 61.533 61.535 61.518 61.512 61.453 61.405 61.45 61.384 61.413 61.441 61.425 61.432 61.374 61.394 61.408 61.432 61.402 61.417 61.379 61.34 61.326 61.278 61.286 61.275 61.247 61.217 61.32 61.67 62.007 62.43 62.851 62.99 62.935 62.713 62.403 61.998 61.629 61.351 60.978 60.834 60.78 60.868 60.861 60.782 60.741 60.814 61.622 61.442 61.346 61.81 63.606 67.442 68.623 69.867 70.918 70.341 70.945 70.88 70.472 70.076 69.854 70.171
61.152 61.167 61.168 61.121 61.111 61.121 61.286 61.293 61.382 61.433 61.414 61.447 61.455 61.436 61.416 61.346 61.328 61.391 61.316 61.345 61.352 61.371 61.359 61.348 61.334 61.378 61.36 61.308 61.318 61.342 61.315 61.243 61.229 61.201 61.165 61.155 61.138 61.216 61.51 61.903 62.37 62.703 62.904 62.881 62.699 62.472 62.104 61.807 61.393 61.084 60.855 60.662 60.738 60.771 60.728 60.624 60.629 61.655 61.788 64.062 64.385 66.265 69.847 70.555 70.643 70.902 70.753 70.417 70.13 70.42 68.611 66.518 65.35
61.158 61.927 61.129 61.051 61.044 61.019 61.101 61.249 61.265 61.347 61.323 61.332 61.378 61.373 61.332 61.317 61.285 61.283 61.227 61.258 61.32 61.286 61.297 61.282 61.258 61.306 61.297 61.229 61.245 61.276 61.246 61.2 61.184 61.158 61.119 61.095 61.105 61.112 61.377 61.69 62.214 62.626 62.86 62.84 62.694 62.473 62.183 61.884 61.496 61.128 60.855 60.705 60.622 60.653 60.659 60.626 60.547 60.594 63.927 70.066 69.627 69.704 70.592 70.888 70.725 70.461 69.997 69.291 68.782 66.152 64.953 63.163 60.944
61.083 61.756 61.038 60.983 61 60.976 60.934 61.105 61.186 61.288 61.284 61.247 61.28 61.313 61.296 61.261 61.217 61.214 61.191 61.164 61.242 61.224 61.205 61.214 61.171 61.166 61.172 61.139 61.142 61.182 61.112 61.135 61.077 61.046 61.067 61.068 61.054 61.057 61.294 61.616 62.115 62.531 62.736 62.787 62.707 62.541 62.226 61.916 61.569 61.213 60.921 60.744 60.566 60.522 60.543 60.529 60.453 60.423 67.07 70.474 70.738 70.892 71.012 70.606 70.069 70.215 68.786 66.327 65.521 61.445 60.917 61.778 61.208
61.177 60.974 61.595 60.885 60.927 60.939 60.882 61.009 61.088 61.125 61.169 61.204 61.213 61.22 61.23 61.195 61.13 61.127 61.131 61.086 61.161 61.159 61.156 61.088 61.088 61.104 61.102 61.085 61.056 61.08 61.087 61.057 61.011 60.974 60.979 60.997 60.965 61.004 61.178 61.57 62.022 62.419 62.698 62.736 62.663 62.432 62.253 61.896 61.568 61.275 60.989 60.807 60.517 60.408 60.431 60.483 60.471 60.341 60.505 70.538 71.348 70.601 69.865 69.781 69.096 66.909 64.102 62.442 60.588 60.601 61.445 61.787 60.788
62.821 60.939 61.018 60.984 60.886 60.835 60.742 60.815 60.937 60.999 61.053 61.097 61.111 61.105 61.178 61.151 61.086 61.063 61.029 61.031 61.091 61.075 61.051 61.069 61.076 61.038 61.02 60.999 60.988 61.006 60.998 60.972 60.949 60.939 60.911 60.916 60.922 60.922 61.14 61.509 61.902 62.315 62.585 62.687 62.628 62.411 62.208 61.936 61.581 61.337 61.084 61.766 67.315 62.221 60.35 60.463 60.413 60.362 60.3 67.361 69.742 69.424 68.844 67.703 62.427 61.382 60.972 60.589 60.442 60.19 60.521 60.259 60.188
61.126 61.001 60.86 60.721 60.789 60.795 60.775 60.698 60.789 60.932 60.953 61.022 61.04 61.096 61.091 61.048 61.025 61.005 60.987 60.917 61.039 60.988 61 60.978 60.976 60.951 60.92 60.896 60.907 60.892 60.871 60.851 60.845 60.839 60.827 60.807 60.837 60.883 61.064 61.537 61.911 62.254 62.546 62.631 62.586 62.384 62.189 61.906 61.596 61.348 63.795 64.558 71.457 69.839 60.57 60.357 60.304 60.233 60.125 60.906 68.366 66.303 66.555 62.303 61.716 60.368 60.956 60.428 59.985 59.952 59.873 59.888 60.208
62.803 62.693 61.296 60.681 60.732 60.699 60.703 60.684 60.589 60.853 60.897 60.96 61 61.012 61.046 60.984 60.927 60.897 60.913 60.837 60.938 60.957 60.934 60.915 60.887 60.884 60.855 60.811 60.821 60.816 60.792 60.784 60.746 60.729 60.714 60.722 60.72 60.829 61.066 61.47 61.901 62.231 62.457 62.551 62.516 62.324 62.158 61.875 61.561 61.469 68.3 70.417 73.468 73.871 66.391 63.499 60.279 60.153 60.085 60.074 62.997 61.61 60.674 60.483 62.316 60.488 59.974 59.915 59.828 59.851 59.864 59.858 59.891
63.574 61.662 62.226 60.786 60.654 60.653 60.662 60.615 60.564 60.631 60.781 60.852 60.895 60.914 60.959 60.917 60.881 60.84 60.863 60.775 60.827 60.851 60.847 60.872 60.844 60.769 60.783 60.776 60.782 60.753 60.727 60.705 60.661 60.629 60.623 60.678 60.64 60.803 61.079 61.454 61.941 62.241 62.446 62.468 62.433 62.247 62.068 61.787 61.611 61.227 68.71 72.148 71.296 70.424 72.586 64.005 60.011 60.086 60.03 59.944 59.98 60.473 60.224 60.365 60.572 60.009 59.96 59.818 59.828 59.848 59.823 59.791 59.781
66.22 61.434 61.511 61.863 60.558 60.553 60.584 60.561 60.471 60.545 60.683 60.774 60.83 60.842 60.863 60.803 60.775 60.746 60.736 60.701 60.771 60.805 60.79 60.781 60.771 60.71 60.7 60.69 60.69 60.683 60.672 60.608 60.567 60.546 60.547 60.588 60.63 60.929 61.18 61.59 61.983 62.275 62.357 62.422 62.307 62.154 61.941 61.731 61.497 61.18 70.427 72.911 73.843 73.829 72.139 70.685 60.086 59.963 59.949 59.884 59.836 59.886 60.088 60.865 60.468 60.252 59.916 59.734 59.787 59.787 59.694 59.676 59.647
66.922 64.087 61.907 61.708 60.591 60.5 60.478 60.54 60.486 60.439 60.465 60.665 60.745 60.763 60.754 60.731 60.708 60.659 60.676 60.638 60.707 60.742 60.684 60.677 60.694 60.634 60.592 60.589 60.627 60.619 60.583 60.561 60.529 60.519 60.497 60.67 60.787 61.106 61.487 61.704 62.055 62.198 62.293 62.247 62.086 61.96 61.747 61.474 61.243 61.175 68.891 70.882 73.222 71.96 72.079 62.944 60.409 59.862 59.865 59.808 59.734 59.778 61.597 60.592 59.772 59.754 59.743 59.759 60.526 60.469 59.644 59.819 61.833
67.89 66.337 61.45 60.765 60.903 60.41 60.423 60.43 60.456 60.346 60.336 60.543 60.639 60.681 60.675 60.655 60.596 60.589 60.59 60.588 60.664 60.667 60.657 60.628 60.633 60.556 60.508 60.512 60.519 60.543 60.49 60.488 60.502 60.487 60.638 60.899 61.055 61.376 61.625 61.864 62.08 62.158 62.168 62.022 61.838 61.685 61.488 61.22 61.049 60.772 60.595 65.631 70.072 69.197 68.752 61.069 59.747 59.72 59.767 59.737 59.739 59.731 60.125 59.707 59.66 59.678 59.653 60.456 60.757 59.938 59.74 61.413 62.811
67.797 66.957 65.146 61.697 61.035 60.447 60.366 60.415 60.358 60.378 60.295 60.459 60.561 60.594 60.587 60.579 60.534 60.545 60.58 60.499 60.556 60.573 60.601 60.563 60.596 60.533 60.458 60.425 60.443 60.494 60.436 60.475 60.548 60.687 60.855 61.153 61.448 61.647 61.8 61.96 62.028 62.03 62.016 61.742 61.542 61.27 61.158 60.949 60.693 60.539 60.414 60.243 61.846 61.67 61.279 59.79 59.684 59.657 59.733 59.715 59.72 59.639 59.553 59.602 60.937 60.539 60.186 59.569 60.151 60.89 61.464 60.474 60.13
