dsm/se3237_DSM_2M.asc
ncols 500
nrows 500
xllcorner    432000
yllcorner    437000
cellsize     2
NODATA_value -9999
[rows 128 to 159 of 500, columns 365 to 437 of 500]
120.901 119.94 113.415 112.443 112.401 114.432 120.915 122.834 122.31 120.299 112.885 112.457 112.449 112.44 112.392 112.601 112.778 113.393 114.296 113.987 113.916 113.795 113.732 113.691 113.68 113.684 113.693 113.739 113.718 113.701 113.687 113.674 113.69 113.665 113.57 113.519 113.478 113.456 113.438 113.421 113.369 113.355 113.353 113.351 113.31 113.27 113.278 113.252 113.25 113.225 113.191 113.17 113.133 113.129 113.122 113.083 113.025 112.975 112.941 112.881 112.869 112.826 112.772 112.765 112.763 112.744 112.68 112.653 112.62 112.625 112.634 112.655 112.717
124.193 122.692 119.403 114.097 112.378 115.915 120.408 121.421 121.367 118.482 112.798 112.481 112.462 112.467 112.639 116.62 115.326 117.747 115.29 114.029 113.794 113.67 113.636 113.583 113.591 113.564 113.553 113.528 113.546 113.582 113.554 113.575 113.616 113.601 113.565 113.491 113.452 113.392 113.385 113.343 113.297 113.266 113.296 113.252 113.216 113.192 113.185 113.191 113.172 113.124 113.084 113.078 113.04 113.05 113.027 112.983 112.927 112.898 112.865 112.83 112.785 112.758 112.731 112.688 112.665 112.652 112.636 112.581 112.546 112.528 112.545 112.569 112.638
125.721 125.694 122.66 115.068 112.37 112.487 117.081 119.31 119.34 114.316 112.393 112.437 112.444 112.609 119.803 118.734 119.167 119.6 120.346 119.448 115.597 113.591 113.527 113.488 113.444 113.461 113.456 113.42 113.42 113.394 113.384 113.452 113.478 113.487 113.444 113.451 113.411 113.38 113.361 113.283 113.233 113.228 113.246 113.192 113.166 113.135 113.137 113.106 113.084 113.07 113.004 112.965 112.968 112.981 112.921 112.869 112.84 112.803 112.765 112.724 112.695 112.683 112.673 112.618 112.618 112.593 112.54 112.504 112.465 112.462 112.464 112.49 112.523
125.345 124.996 123.217 115.189 112.347 112.355 112.356 113.002 112.938 112.611 112.422 112.42 112.44 113.217 120.239 122.267 122.892 124.159 124.728 122.933 119.585 115.657 113.465 113.429 113.412 113.355 113.329 113.291 113.303 113.278 113.224 113.258 113.272 113.316 113.324 113.32 113.284 113.287 113.317 113.254 113.224 113.211 113.193 113.127 113.086 113.093 113.058 113.054 113.01 112.991 112.897 112.905 112.88 112.874 112.816 112.779 112.744 112.725 112.679 112.607 112.558 112.6 112.56 112.56 112.535 112.498 112.451 112.433 112.396 112.401 112.397 112.456 112.47
123.636 123.855 121.46 113.198 112.357 112.343 112.353 112.393 112.556 112.518 112.416 112.45 112.416 112.447 121.894 123.244 124.455 125.691 125.552 124.461 121.454 113.913 113.429 113.368 113.319 113.279 113.252 113.243 113.193 113.16 113.104 113.111 113.115 113.085 113.118 113.115 113.132 113.196 113.183 113.156 113.192 113.201 113.161 113.109 113.062 113.05 113.046 112.995 112.919 112.881 112.843 112.835 112.824 112.799 112.707 112.671 112.64 112.591 112.53 112.499 112.483 112.477 112.464 112.43 112.432 112.38 112.336 112.322 112.335 112.296 112.327 112.353 112.392
120.196 120.318 114.784 112.351 112.331 112.34 112.339 112.375 112.552 112.533 112.412 112.425 112.426 115.842 121.214 123.875 124.859 125.804 126.149 123.651 120.402 113.666 113.332 113.299 113.25 113.213 113.146 113.108 113.108 113.054 113.004 113 112.975 112.987 112.969 112.964 112.948 112.971 112.991 113.035 113.09 113.073 113.099 113.116 113.096 113.055 113.018 112.999 112.908 112.837 112.778 112.81 112.79 112.679 112.615 112.577 112.56 112.478 112.426 112.376 112.378 112.374 112.324 112.317 112.317 112.25 112.223 112.227 112.219 112.223 112.269 112.298 112.316
114.445 113.954 112.996 112.43 112.329 112.313 112.305 112.373 112.539 112.445 112.383 112.458 112.391 113.916 120.578 122.623 124.321 124.927 124.98 121.36 119.439 114.943 113.355 113.237 113.161 113.126 113.073 113.05 113.012 112.957 112.931 112.903 112.888 112.85 112.867 112.822 112.851 112.878 112.9 112.91 112.987 112.999 113.011 112.996 112.986 113.029 113.025 112.986 112.92 112.873 112.788 112.717 112.638 112.562 112.551 112.52 112.468 112.388 112.338 112.301 112.316 112.252 112.239 112.239 112.218 112.131 112.142 112.102 112.118 112.139 112.184 112.218 112.204
114.359 113.927 112.99 112.372 112.299 112.303 112.368 114.532 112.998 112.434 112.378 112.4 112.413 112.432 119.79 121.232 121.787 122.688 123.065 120.501 117.885 113.846 113.271 113.196 113.148 113.079 113.028 112.95 112.908 112.868 112.864 112.855 112.803 112.772 112.736 112.754 112.772 112.74 112.787 112.796 112.833 112.829 112.856 112.861 112.873 112.895 112.866 112.848 112.874 112.838 112.783 112.721 112.616 112.546 112.447 112.438 112.395 112.338 112.264 112.216 112.2 112.174 112.171 112.164 112.098 112.047 112.054 112.062 112.024 112.048 112.078 112.105 112.124
114.262 114.048 112.913 112.324 112.312 112.327 112.778 116.966 117.255 113.417 112.388 112.388 112.394 112.389 114.111 116.23 120.135 120.007 119.356 117.049 113.457 113.341 113.278 113.178 113.057 112.989 112.958 112.954 112.875 112.825 112.792 112.776 112.756 112.713 112.659 112.636 112.637 112.655 112.646 112.651 112.687 112.707 112.716 112.706 112.677 112.7 112.704 112.77 112.734 112.723 112.765 112.714 112.606 112.531 112.47 112.377 112.306 112.188 112.187 112.182 112.139 112.103 112.102 112.08 112.001 111.986 111.987 111.959 111.95 111.98 111.984 111.98 112.008
114.182 113.986 112.797 112.259 112.288 112.322 112.313 113.695 113.816 112.449 112.37 112.389 112.379 112.358 112.409 112.539 114.149 116.14 116.289 113.51 113.433 113.297 113.205 113.145 113.061 112.998 112.93 112.878 112.799 112.805 112.738 112.718 112.67 112.604 112.58 112.569 112.551 112.523 112.509 112.55 112.547 112.546 112.548 112.583 112.568 112.573 112.557 112.575 112.543 112.635 112.629 112.545 112.511 112.497 112.437 112.365 112.291 112.223 112.153 112.11 112.067 112.047 112.038 112.006 111.942 111.934 111.906 111.85 111.856 111.88 111.899 111.894 111.915
119.007 115.363 113.057 112.271 112.262 112.321 112.305 112.382 112.539 112.44 112.371 112.366 112.398 112.365 112.379 112.487 112.668 113.174 113.449 113.417 113.328 113.247 113.198 113.11 113.044 112.958 112.876 112.83 112.762 112.71 112.671 112.657 112.601 112.548 112.507 112.462 112.463 112.454 112.449 112.439 112.484 112.5 112.468 112.434 112.43 112.425 112.461 112.479 112.444 112.475 112.448 112.423 112.403 112.337 112.311 112.287 112.24 112.205 112.128 112.062 112.031 112.005 111.979 111.93 111.89 111.856 111.831 111.818 111.801 111.831 111.799 111.794 111.824
124.759 124.981 121.906 112.534 112.271 112.306 112.291 112.392 112.516 112.416 112.374 112.375 112.396 112.36 112.338 112.527 113.305 113.577 114.258 113.401 113.257 113.199 113.116 113.055 112.974 112.916 112.843 112.796 112.738 112.7 112.636 112.569 112.535 112.5 112.475 112.41 112.394 112.4 112.398 112.417 112.421 112.395 112.367 112.336 112.314 112.326 112.313 112.29 112.329 112.339 112.331 112.28 112.248 112.212 112.209 112.165 112.137 112.094 112.078 112.05 112.025 112.007 111.936 111.862 111.839 111.842 111.83 111.767 111.757 111.755 111.715 111.734 111.732
126.01 126.894 124.189 116.505 112.247 112.266 112.318 112.404 112.489 112.358 112.348 112.358 112.367 112.339 113.12 114.295 114.04 118.796 119.742 114.84 114.129 113.093 113.05 113.002 112.933 112.865 112.806 112.764 112.708 112.645 112.584 112.535 112.492 112.452 112.397 112.361 112.337 112.335 112.357 112.338 112.325 112.335 112.3 112.259 112.22 112.204 112.204 112.191 112.191 112.211 112.237 112.206 112.193 112.15 112.119 112.044 112.02 111.979 111.998 111.984 111.971 111.952 111.887 111.866 111.833 111.79 111.765 111.728 111.696 111.72 111.69 111.681 111.685
123.472 126.421 122.867 113.316 112.257 112.271 112.289 112.349 112.462 112.319 112.325 112.386 112.4 112.357 116.039 119.35 120.391 123.392 123.292 115.192 117.453 113.075 112.968 112.906 112.845 112.822 112.782 112.692 112.662 112.625 112.565 112.495 112.432 112.381 112.36 112.323 112.273 112.261 112.286 112.295 112.255 112.206 112.168 112.107 112.105 112.109 112.091 112.081 112.133 112.118 112.104 112.067 112.069 112.051 112.022 111.992 111.971 111.911 111.916 111.932 111.897 111.832 111.802 111.803 111.81 111.764 111.721 111.695 111.677 111.681 111.646 111.64 111.647
122.485 123.687 115.812 112.221 112.267 112.295 112.43 112.753 112.599 112.277 112.325 112.354 112.345 112.308 114.186 119.149 120.254 123.876 123.456 118.165 119.581 113.043 112.897 112.848 112.808 112.726 112.685 112.635 112.592 112.553 112.49 112.435 112.392 112.368 112.313 112.278 112.246 112.222 112.24 112.187 112.164 112.142 112.12 112.059 112.007 111.969 111.956 111.992 112.021 112.003 111.999 111.988 111.942 111.893 111.857 111.821 111.808 111.813 111.851 111.829 111.777 111.767 111.743 111.701 111.683 111.683 111.679 111.694 111.672 111.622 111.619 111.628 111.604
113.685 115.221 112.531 112.244 112.269 112.457 115.855 119.139 119.113 115.45 112.345 112.371 112.331 112.338 116.324 119.819 122.281 123.929 123.467 121.986 115.602 112.896 112.847 112.777 112.74 112.681 112.658 112.581 112.533 112.498 112.456 112.391 112.332 112.322 112.287 112.269 112.205 112.192 112.197 112.19 112.138 112.095 112.056 111.984 111.98 111.92 111.885 111.888 111.873 111.883 111.835 111.843 111.833 111.781 111.781 111.779 111.733 111.72 111.738 111.738 111.708 111.674 111.658 111.622 111.62 111.604 111.612 111.599 111.61 111.644 111.643 111.61 111.554
113.613 113.406 112.535 112.245 112.242 112.3 119.402 122.622 122.477 119.55 112.389 112.313 112.311 112.336 114.329 120.467 121.65 122.805 122.101 120.706 114.374 112.758 112.752 112.725 112.688 112.625 112.539 112.5 112.498 112.44 112.365 112.332 112.268 112.25 112.231 112.2 112.177 112.171 112.159 112.135 112.096 112.051 112.004 111.953 111.901 111.854 111.818 111.834 111.773 111.748 111.724 111.739 111.722 111.723 111.684 111.658 111.682 111.662 111.64 111.585 111.585 111.589 111.576 111.56 111.576 111.524 111.528 111.524 111.549 111.556 111.605 111.617 111.587
113.504 113.299 112.482 112.221 112.224 112.917 119.859 122.243 121.883 117.09 112.357 112.277 112.327 112.275 112.37 115.079 115.54 117.788 117.47 115.726 113.875 112.677 112.659 112.643 112.603 112.547 112.519 112.474 112.427 112.35 112.319 112.273 112.221 112.177 112.15 112.148 112.134 112.119 112.09 112.083 112.063 111.993 111.927 111.865 111.835 111.791 111.769 111.754 111.704 111.7 111.678 111.641 111.608 111.596 111.623 111.631 111.599 111.603 111.593 111.526 111.476 111.435 111.436 111.453 111.449 111.476 111.48 111.451 111.485 111.536 111.514 111.512 111.478
113.428 113.257 112.505 112.236 112.235 112.189 115.731 119.977 116.668 113.567 112.281 112.268 112.319 112.252 112.357 112.786 113.478 112.782 113.308 113.256 112.921 112.557 112.539 112.528 112.479 112.481 112.429 112.437 112.37 112.29 112.212 112.159 112.146 112.11 112.095 112.076 112.038 112.056 112.036 112.007 111.987 111.926 111.895 111.863 111.799 111.74 111.728 111.692 111.642 111.614 111.568 111.56 111.588 111.554 111.544 111.525 111.55 111.557 111.507 111.443 111.42 111.405 111.362 111.347 111.324 111.349 111.37 111.414 111.447 111.433 111.433 111.437 111.429
117.38 114.093 113.143 112.203 112.182 112.187 112.274 112.499 112.388 112.221 112.24 112.301 112.254 112.262 112.337 112.509 112.657 112.679 112.539 112.504 112.451 112.465 112.459 112.421 112.391 112.365 112.352 112.338 112.289 112.233 112.181 112.131 112.07 112.035 112.002 112 111.998 111.963 111.93 111.925 111.917 111.872 111.823 111.785 111.746 111.723 111.669 111.6 111.591 111.563 111.519 111.524 111.491 111.486 111.5 111.498 111.489 111.473 111.448 111.4 111.381 111.334 111.315 111.284 111.29 111.301 111.272 111.307 111.351 111.353 111.367 111.366 111.332
121.273 122.631 116.039 112.965 112.393 112.163 112.183 112.323 112.359 112.226 112.264 112.261 112.277 112.226 112.319 112.516 113.653 112.727 112.471 112.382 112.331 112.323 112.308 112.34 112.329 112.289 112.269 112.254 112.211 112.169 112.11 112.027 111.997 111.977 111.969 111.951 111.949 111.923 111.896 111.878 111.844 111.817 111.763 111.743 111.696 111.634 111.613 111.593 111.561 111.508 111.453 111.455 111.451 111.417 111.419 111.414 111.452 111.439 111.403 111.295 111.305 111.299 111.308 111.249 111.231 111.232 111.257 111.223 111.226 111.223 111.222 111.265 111.277
124.202 123.511 116.641 116.043 113.747 112.15 112.179 112.429 112.357 112.212 112.245 112.314 112.22 112.184 112.308 112.465 116.067 114.165 112.572 112.405 112.252 112.249 112.258 112.237 112.213 112.156 112.184 112.193 112.137 112.084 112.023 111.959 111.941 111.914 111.91 111.918 111.904 111.884 111.859 111.82 111.789 111.738 111.724 111.655 111.632 111.605 111.561 111.531 111.481 111.45 111.465 111.437 111.379 111.368 111.367 111.367 111.329 111.32 111.306 111.284 111.272 111.222 111.171 111.161 111.181 111.188 111.16 111.153 111.18 111.165 111.138 111.115 111.122
125.078 124.051 122.114 116.741 112.754 112.008 117.163 119.072 117.716 113.781 112.209 112.234 112.225 112.802 117.14 119.58 119.533 122.982 121.821 115.921 112.245 112.147 112.143 112.139 112.113 112.099 112.102 112.072 112.046 112.002 111.952 111.89 111.882 111.866 111.867 111.871 111.863 111.867 111.861 111.806 111.751 111.705 111.684 111.653 111.609 111.567 111.546 111.512 111.469 111.423 111.4 111.365 111.354 111.345 111.315 111.308 111.301 111.278 111.231 111.222 111.151 111.174 111.126 111.109 111.097 111.107 111.126 111.108 111.085 111.063 111.047 111.033 111.019
123.3 122.922 116.9 113.359 112.097 112.43 120.1 122.076 122.33 117.571 113.272 112.24 112.198 115.599 119.324 122.172 124.431 124.832 123.157 120.975 112.975 112.059 112.057 112.052 112.052 111.992 112.011 112.02 111.957 111.907 111.894 111.881 111.856 111.802 111.811 111.798 111.807 111.811 111.794 111.753 111.689 111.669 111.628 111.599 111.568 111.562 111.526 111.462 111.428 111.398 111.372 111.343 111.287 111.264 111.243 111.274 111.211 111.176 111.172 111.172 111.14 111.043 111.047 111.036 111.038 111.021 110.995 110.997 111.02 110.998 110.975 110.964 110.932
121.17 120.497 114.465 112.58 112.047 115.98 120.314 121.937 118.851 118.55 112.257 112.237 112.205 113 120.512 123.474 124.249 124.591 122.879 120.62 114.153 111.997 111.962 111.945 111.949 111.933 111.925 111.922 111.872 111.841 111.794 111.786 111.772 111.749 111.756 111.747 111.748 111.722 111.724 111.692 111.671 111.599 111.592 111.583 111.555 111.542 111.505 111.457 111.43 111.388 111.31 111.281 111.244 111.212 111.215 111.189 111.182 111.173 111.105 111.089 111.035 111.01 110.98 110.946 110.937 110.956 110.96 110.938 110.896 110.88 110.866 110.877 110.862
114.56 114.09 112.104 112.056 112.036 112.869 115.658 114.395 113.582 112.202 112.107 112.181 112.165 112.091 112.456 121.301 123.466 123.17 121.499 118.408 112.556 111.932 111.93 111.875 111.871 111.834 111.827 111.834 111.798 111.744 111.71 111.699 111.693 111.691 111.668 111.621 111.68 111.687 111.668 111.623 111.59 111.563 111.539 111.508 111.481 111.495 111.465 111.41 111.378 111.354 111.321 111.282 111.224 111.166 111.14 111.149 111.122 111.061 111.078 111.054 111.029 110.983 110.913 110.889 110.853 110.882 110.827 110.807 110.827 110.799 110.787 110.768 110.771
112.657 112.368 112.058 112.021 112.024 112.035 112.195 112.25 112.218 112.115 112.149 112.162 112.107 112.236 116.759 115.745 122.265 121.614 120.252 112.677 111.839 111.805 111.803 111.788 111.775 111.756 111.756 111.704 111.675 111.668 111.617 111.623 111.609 111.581 111.61 111.597 111.59 111.59 111.571 111.548 111.488 111.481 111.464 111.428 111.419 111.434 111.436 111.408 111.374 111.333 111.293 111.235 111.183 111.145 111.112 111.09 111.095 111.046 111.017 110.975 110.922 110.921 110.877 110.87 110.853 110.812 110.788 110.763 110.742 110.696 110.706 110.711 110.706
112.608 112.305 112.062 112.048 112.019 112.008 112.084 112.209 112.174 112.06 112.109 112.113 112.118 112.064 112.205 113.419 117.772 117.997 114.112 111.791 111.788 111.729 111.708 111.713 111.663 111.664 111.642 111.628 111.594 111.559 111.517 111.516 111.543 111.557 111.507 111.52 111.544 111.536 111.493 111.448 111.412 111.41 111.408 111.326 111.303 111.328 111.367 111.339 111.292 111.284 111.26 111.205 111.164 111.11 111.071 111.039 111.002 110.964 110.938 110.915 110.899 110.83 110.816 110.826 110.804 110.797 110.755 110.723 110.68 110.676 110.671 110.658 110.63
112.506 112.311 112.011 111.999 111.977 111.959 112.072 112.157 112.116 112.073 112.098 112.133 112.118 112.056 112.248 112.102 111.976 111.917 111.749 111.718 111.719 111.678 111.647 111.646 111.626 111.579 111.531 111.491 111.489 111.449 111.433 111.426 111.439 111.414 111.419 111.426 111.425 111.437 111.437 111.395 111.343 111.309 111.278 111.268 111.297 111.249 111.242 111.264 111.253 111.152 111.069 111.042 111.076 111.066 111.041 111.007 110.999 110.932 110.895 110.858 110.824 110.77 110.742 110.768 110.753 110.701 110.707 110.695 110.667 110.62 110.575 110.605 110.59
117.012 112.427 113.347 111.946 111.939 111.933 111.981 112.1 112.021 112.052 112.097 112.046 112.072 112.078 112.19 112.029 111.867 111.725 111.654 111.632 111.596 111.581 111.554 111.561 111.516 111.458 111.421 111.375 111.371 111.331 111.355 111.356 111.358 111.332 111.337 111.331 111.348 111.372 111.338 111.291 111.303 111.255 111.214 111.196 111.174 111.145 111.173 111.171 111.131 111.033 110.901 110.869 110.899 110.936 110.945 110.95 110.953 110.86 110.832 110.801 110.765 110.701 110.689 110.681 110.665 110.643 110.659 110.63 110.617 110.588 110.532 110.573 110.551
120.57 121.409 119.351 112.167 111.926 111.912 111.992 112.214 112.056 112.041 112.036 112.046 112.036 111.967 112.125 111.992 111.758 111.652 111.601 111.561 111.536 111.519 111.483 111.442 111.433 111.382 111.37 111.327 111.294 111.285 111.289 111.279 111.277 111.272 111.255 111.241 111.222 111.245 111.254 111.236 111.193 111.174 111.104 111.134 111.133 111.118 111.061 111.109 111.069 110.893 110.769 110.751 110.748 110.79 110.809 110.833 110.831 110.886 110.811 110.756 110.715 110.654 110.654 110.642 110.619 110.567 110.54 110.592 110.599 110.564 110.49 110.535 110.533
124.379 123.609 120.463 114.085 111.919 116.306 112.099 112.762 111.991 111.949 112.027 112.03 111.989 113.894 115.387 115.193 111.686 111.541 111.542 111.494 111.462 111.407 111.387 111.345 111.344 111.284 111.239 111.227 111.209 111.23 111.223 111.23 111.239 111.189 111.167 111.152 111.132 111.141 111.124 111.108 111.078 111.064 111.035 111.04 111.012 110.986 110.988 111.005 110.949 110.816 110.746 110.719 110.707 110.711 110.713 110.709 110.712 110.75 110.743 110.727 110.684 110.642 110.606 110.572 110.565 110.551 110.551 110.535 110.561 110.519 110.538 110.514 110.498
