dsm/se3238_DSM_2M.asc
ncols 500
nrows 500
xllcorner    432000
yllcorner    438000
cellsize     2
NODATA_value -9999
[rows 124 to 154 of 500, columns 0 to 69 of 500]
-9999 -9999 -9999 -9999 -9999 -9999 -9999 -9999 -9999 -9999 -9999 -9999 -9999 -9999 -9999 -9999 -9999 -9999 -9999 -9999 -9999 -9999 -9999 141.586 139.636 140.486 141.701 141.616 141.709 143.084 144.964 142.901 140.359 139.106 139.881 140.821 139.834 139.301 139.126 139.211 139.226 138.911 138.566 138.116 138.239 138.149 137.869 138.001 138.879 144.121 145.204 145.224 145.799 146.746 146.341 145.041 142.841 140.414 140.349 139.091 138.309 138.014 137.981 137.961 137.871 137.864 137.926 137.866 137.736 137.694
-9999 -9999 -9999 -9999 -9999 -9999 -9999 -9999 -9999 -9999 -9999 -9999 -9999 -9999 -9999 -9999 -9999 -9999 -9999 -9999 -9999 -9999 -9999 -9999 142.329 139.886 141.046 141.621 141.966 142.274 144.556 144.046 141.829 140.086 141.489 143.464 141.416 141.176 141.276 141.614 141.576 140.299 140.014 139.106 137.891 137.984 137.759 137.844 140.849 144.091 145.141 145.424 145.974 146.081 145.989 144.621 142.769 141.319 139.899 138.716 138.159 138.009 137.916 137.889 137.926 138.111 137.946 138.019 137.854 137.744
-9999 -9999 -9999 -9999 -9999 -9999 -9999 -9999 -9999 -9999 -9999 -9999 -9999 -9999 -9999 -9999 -9999 -9999 -9999 -9999 -9999 -9999 -9999 -9999 143.931 140.666 139.474 139.451 140.189 141.121 142.704 144.624 140.589 139.659 142.676 144.891 144.371 144.454 144.339 144.676 144.089 142.086 141.294 139.131 137.756 137.759 137.816 137.656 140.351 143.246 143.924 144.126 144.904 145.036 145.319 144.559 142.409 140.884 139.516 138.401 137.951 137.931 137.684 137.679 138.666 139.626 138.029 137.744 137.656 137.691
-9999 -9999 -9999 -9999 -9999 -9999 -9999 -9999 -9999 -9999 -9999 -9999 -9999 -9999 -9999 -9999 -9999 -9999 -9999 -9999 -9999 -9999 -9999 -9999 -9999 139.283 138.519 138.896 141.286 142.601 142.711 141.696 138.221 138.799 142.169 144.559 145.339 144.776 144.489 145.199 145.574 143.884 141.476 138.601 137.696 137.666 137.806 137.804 139.936 141.349 141.324 142.049 142.354 143.219 143.601 143.879 142.481 140.549 138.684 138.279 137.894 137.829 137.709 137.749 138.461 139.229 137.749 137.546 137.531 138.376
-9999 -9999 -9999 -9999 -9999 -9999 -9999 -9999 -9999 -9999 -9999 -9999 -9999 -9999 -9999 -9999 -9999 -9999 -9999 -9999 -9999 -9999 -9999 -9999 -9999 -9999 138.511 140.371 143.109 143.974 143.859 140.801 138.111 138.576 140.394 143.426 144.716 144.629 143.854 144.289 144.621 142.441 139.734 138.119 137.719 137.576 137.666 138.046 139.869 139.066 139.434 140.931 141.416 141.569 141.781 142.079 141.634 139.701 138.021 137.874 137.781 137.779 137.821 137.779 138.031 137.754 137.474 137.519 137.564 140.349
-9999 -9999 -9999 -9999 -9999 -9999 -9999 -9999 -9999 -9999 -9999 -9999 -9999 -9999 -9999 -9999 -9999 -9999 -9999 -9999 -9999 -9999 -9999 -9999 -9999 -9999 -9999 142.186 145.759 146.101 143.909 139.326 138.104 137.991 140.394 143.604 144.509 144.341 143.416 142.129 141.574 139.806 138.574 139.179 139.899 139.471 137.971 137.961 138.599 137.709 137.781 138.024 138.921 139.221 140.269 140.101 141.189 139.611 138.476 137.831 137.594 137.734 137.909 137.741 137.536 137.454 137.364 137.429 138.321 142.161
-9999 -9999 -9999 -9999 -9999 -9999 -9999 -9999 -9999 -9999 -9999 -9999 -9999 -9999 -9999 -9999 -9999 -9999 -9999 -9999 -9999 -9999 -9999 -9999 -9999 -9999 -9999 142.093 147.001 146.584 142.246 138.034 138.029 138.409 141.531 143.926 144.491 144.096 143.061 139.619 138.114 138.004 137.946 139.314 140.616 141.154 138.404 139.129 138.456 138.391 139.079 137.804 137.671 137.734 137.851 137.959 139.724 139.011 138.071 138.101 137.524 137.586 137.804 137.594 137.466 137.511 137.531 137.401 140.016 143.361
-9999 -9999 -9999 -9999 -9999 -9999 -9999 -9999 -9999 -9999 -9999 -9999 -9999 -9999 -9999 -9999 -9999 -9999 -9999 -9999 -9999 -9999 -9999 -9999 -9999 -9999 -9999 -9999 143.921 143.771 141.031 138.059 138.064 139.111 142.576 144.124 144.464 143.846 142.299 138.566 137.864 137.841 137.881 138.611 139.331 138.699 138.246 139.361 138.296 138.646 139.249 138.161 138.146 138.024 138.611 138.901 140.529 138.181 137.606 137.604 137.411 137.501 137.596 137.496 137.334 137.431 137.519 137.349 140.224 144.144
-9999 -9999 -9999 -9999 -9999 -9999 -9999 -9999 -9999 -9999 -9999 -9999 -9999 -9999 -9999 -9999 -9999 -9999 -9999 -9999 -9999 -9999 -9999 -9999 -9999 -9999 -9999 -9999 143.091 142.056 140.041 138.261 137.771 139.349 142.764 144.296 144.301 143.626 141.196 138.024 137.574 137.511 137.426 137.879 138.556 138.166 138.461 138.669 137.596 138.216 137.989 137.716 138.526 137.696 137.846 140.314 141.026 140.146 138.691 137.799 137.274 137.629 137.806 137.871 137.571 137.479 137.346 137.556 139.106 144.394
-9999 -9999 -9999 -9999 -9999 -9999 -9999 -9999 -9999 -9999 -9999 -9999 -9999 -9999 -9999 -9999 -9999 -9999 -9999 -9999 -9999 -9999 -9999 -9999 -9999 -9999 -9999 -9999 -9999 141.179 140.491 138.606 137.641 140.434 143.206 144.301 144.134 143.339 140.219 138.069 137.394 137.186 137.186 138.009 139.729 139.951 139.221 138.091 137.619 138.236 137.479 137.481 137.629 137.384 137.219 138.219 140.491 139.709 138.234 137.931 138.256 137.759 138.689 138.566 137.699 137.669 137.704 138.289 140.784 142.351
-9999 -9999 -9999 -9999 -9999 -9999 -9999 -9999 -9999 -9999 -9999 -9999 -9999 -9999 -9999 -9999 -9999 -9999 -9999 -9999 -9999 -9999 -9999 -9999 -9999 -9999 -9999 -9999 -9999 -9999 139.561 138.129 137.574 141.016 142.896 144.111 143.944 142.649 138.861 137.609 137.246 136.956 137.119 138.649 140.816 141.911 140.991 139.849 139.861 138.661 137.316 138.349 137.454 137.074 137.046 137.099 138.654 138.444 137.226 137.344 137.329 138.001 139.826 139.611 137.961 137.716 139.194 141.214 142.984 143.679
-9999 -9999 -9999 -9999 -9999 -9999 -9999 -9999 -9999 -9999 -9999 -9999 -9999 -9999 -9999 -9999 -9999 -9999 -9999 -9999 -9999 -9999 -9999 -9999 -9999 -9999 -9999 -9999 -9999 -9999 139.31 138.064 137.611 139.274 138.606 142.206 143.616 141.114 137.749 137.456 137.321 137.094 137.011 137.814 142.266 143.421 142.934 142.616 142.614 140.391 139.619 139.694 138.331 137.069 137.461 137.306 137.311 138.996 137.299 137.376 137.191 138.861 140.556 140.884 140.381 139.411 138.231 142.386 143.329 144.236
-9999 -9999 -9999 -9999 -9999 -9999 -9999 -9999 -9999 -9999 -9999 -9999 -9999 -9999 -9999 -9999 -9999 -9999 -9999 -9999 -9999 -9999 -9999 -9999 -9999 -9999 -9999 -9999 -9999 -9999 -9999 139.064 138.251 138.749 137.689 138.696 139.334 138.161 137.331 137.364 137.251 137.166 137.076 137.236 140.486 143.301 143.426 143.516 143.681 142.966 142.664 141.319 139.499 138.254 138.651 137.994 137.364 138.029 137.386 137.706 137.381 139.009 140.836 141.384 140.959 139.331 137.866 142.316 141.996 141.261
-9999 -9999 -9999 -9999 -9999 -9999 -9999 -9999 -9999 -9999 -9999 -9999 -9999 -9999 -9999 -9999 -9999 -9999 -9999 -9999 -9999 -9999 -9999 -9999 -9999 -9999 -9999 -9999 -9999 -9999 -9999 139.926 139.604 138.999 137.869 138.256 138.571 138.629 137.734 137.129 137.041 137.081 137.031 137.189 138.916 142.226 142.971 143.229 143.274 143.249 142.856 141.476 140.769 140.211 139.949 138.309 138.384 138.026 137.131 137.696 138.506 139.721 141.069 141.711 140.586 138.731 138.184 143.449 144.421 144.251
-9999 -9999 -9999 -9999 -9999 -9999 -9999 -9999 -9999 -9999 -9999 -9999 -9999 -9999 -9999 -9999 -9999 -9999 -9999 -9999 -9999 -9999 -9999 -9999 -9999 -9999 -9999 -9999 -9999 -9999 -9999 -9999 139.503 139.651 139.524 140.026 140.244 140.134 139.049 137.329 136.974 136.846 136.829 137.016 138.619 140.309 141.551 141.759 140.594 141.139 141.854 141.314 141.384 140.711 139.986 138.899 138.881 137.599 136.964 137.111 137.864 140.046 141.189 141.804 140.584 138.366 138.009 141.716 144.776 144.624
-9999 -9999 -9999 -9999 -9999 -9999 -9999 -9999 -9999 -9999 -9999 -9999 -9999 -9999 -9999 -9999 -9999 -9999 -9999 -9999 -9999 -9999 -9999 -9999 -9999 -9999 -9999 -9999 -9999 -9999 -9999 -9999 -9999 138.776 140.291 141.121 141.639 141.416 140.384 138.366 137.286 136.859 136.761 136.976 137.381 137.816 138.699 139.244 137.311 138.296 139.964 140.811 141.134 140.794 139.781 139.259 139.294 138.211 136.991 137.136 138.686 140.226 141.341 141.459 140.484 139.699 142.446 144.189 144.946 142.746
-9999 -9999 -9999 -9999 -9999 -9999 -9999 -9999 -9999 -9999 -9999 -9999 -9999 -9999 -9999 -9999 -9999 -9999 -9999 -9999 -9999 -9999 -9999 -9999 -9999 -9999 -9999 -9999 -9999 -9999 -9999 -9999 -9999 139.491 140.219 141.289 142.131 141.736 140.749 139.541 137.831 136.971 136.699 136.801 137.826 139.636 137.546 137.551 137.071 137.304 139.039 139.494 139.809 140.484 139.706 139.339 139.329 139.106 137.496 136.889 139.106 140.751 141.541 141.426 140.119 138.739 140.984 145.294 145.056 140.994
-9999 -9999 -9999 -9999 -9999 -9999 -9999 -9999 -9999 -9999 -9999 -9999 -9999 -9999 -9999 -9999 -9999 -9999 -9999 -9999 -9999 -9999 -9999 -9999 -9999 -9999 -9999 -9999 -9999 -9999 -9999 -9999 -9999 -9999 140.324 141.254 142.171 141.586 140.499 139.361 137.671 136.856 136.676 136.629 137.906 140.434 137.419 136.836 136.954 136.951 137.569 137.529 137.319 138.291 139.421 139.496 139.284 139.086 138.346 137.311 139.201 140.699 141.169 141.101 140.094 138.419 137.191 142.594 142.386 138.496
-9999 -9999 -9999 -9999 -9999 -9999 -9999 -9999 -9999 -9999 -9999 -9999 -9999 -9999 -9999 -9999 -9999 -9999 -9999 -9999 -9999 -9999 -9999 -9999 -9999 -9999 -9999 -9999 -9999 -9999 -9999 -9999 -9999 -9999 -9999 141.174 141.861 140.749 139.879 138.496 137.316 136.754 136.679 136.601 136.606 137.141 136.949 136.659 136.761 136.834 136.889 136.926 136.866 137.009 137.574 137.619 137.829 137.694 138.599 138.524 139.451 139.861 140.081 140.219 139.821 137.621 136.834 136.751 137.201 136.759
-9999 -9999 -9999 -9999 -9999 -9999 -9999 -9999 -9999 -9999 -9999 -9999 -9999 -9999 -9999 -9999 -9999 -9999 -9999 -9999 -9999 -9999 -9999 -9999 -9999 -9999 -9999 -9999 -9999 -9999 -9999 -9999 -9999 -9999 -9999 140.953 141.304 140.399 139.484 137.871 137.006 136.649 136.616 136.549 136.599 136.791 136.706 136.511 136.614 136.619 136.614 136.674 136.784 136.736 136.716 136.789 136.891 137.034 137.759 138.529 138.411 138.924 138.689 138.264 139.121 137.694 136.879 136.749 136.701 136.674
-9999 -9999 -9999 -9999 -9999 -9999 -9999 -9999 -9999 -9999 -9999 -9999 -9999 -9999 -9999 -9999 -9999 -9999 -9999 -9999 -9999 -9999 -9999 -9999 -9999 -9999 -9999 -9999 -9999 -9999 -9999 -9999 -9999 -9999 -9999 -9999 140.539 140.226 139.166 137.676 136.766 136.586 136.546 136.504 136.566 136.836 137.729 136.846 136.489 136.409 136.404 136.471 136.551 136.566 136.589 136.679 136.711 136.744 136.956 136.824 137.159 137.394 137.359 137.526 137.884 137.699 136.816 136.684 136.636 136.561
-9999 -9999 -9999 -9999 -9999 -9999 -9999 -9999 -9999 -9999 -9999 -9999 -9999 -9999 -9999 -9999 -9999 -9999 -9999 -9999 -9999 -9999 -9999 -9999 -9999 -9999 -9999 -9999 -9999 -9999 -9999 -9999 -9999 -9999 -9999 -9999 139.226 138.949 138.474 137.336 136.586 136.431 136.574 136.564 136.509 136.791 138.129 137.049 136.524 136.429 136.364 136.279 136.459 136.554 136.559 136.499 136.486 136.534 136.599 136.421 136.641 136.636 136.579 137.051 136.836 137.001 136.621 136.474 136.346 136.281
-9999 -9999 -9999 -9999 -9999 -9999 -9999 -9999 -9999 -9999 -9999 -9999 -9999 -9999 -9999 -9999 -9999 -9999 -9999 -9999 -9999 -9999 -9999 -9999 -9999 -9999 -9999 -9999 -9999 -9999 -9999 -9999 -9999 -9999 -9999 -9999 -9999 136.776 136.964 136.611 136.391 136.494 136.779 137.591 136.851 136.841 137.349 137.019 136.656 136.584 136.381 136.254 136.406 136.579 136.444 136.361 136.391 136.386 136.441 136.376 136.399 136.544 136.446 136.486 136.304 136.424 136.274 136.156 136.144 136.156
-9999 -9999 -9999 -9999 -9999 -9999 -9999 -9999 -9999 -9999 -9999 -9999 -9999 -9999 -9999 -9999 -9999 -9999 -9999 -9999 -9999 -9999 -9999 -9999 -9999 -9999 -9999 -9999 -9999 -9999 -9999 -9999 -9999 -9999 -9999 -9999 -9999 -9999 136.386 136.234 137.444 137.681 137.571 138.691 138.089 138.616 138.641 138.686 138.029 136.964 136.439 136.286 136.336 136.844 137.536 136.509 136.364 136.321 136.719 136.734 136.244 136.291 136.554 136.841 136.206 136.131 135.976 136.056 136.149 136.171
-9999 -9999 -9999 -9999 -9999 -9999 -9999 -9999 -9999 -9999 -9999 -9999 -9999 -9999 -9999 -9999 -9999 -9999 -9999 -9999 -9999 -9999 -9999 -9999 -9999 -9999 -9999 -9999 -9999 -9999 -9999 -9999 -9999 -9999 -9999 -9999 -9999 -9999 -9999 136.229 137.439 139.646 139.421 139.644 139.604 140.574 140.601 139.899 139.196 137.714 136.349 136.149 136.201 137.509 139.216 137.029 136.416 136.656 138.134 137.949 136.314 136.269 136.566 137.116 136.636 137.196 136.281 136.169 136.161 136.209
-9999 -9999 -9999 -9999 -9999 -9999 -9999 -9999 -9999 -9999 -9999 -9999 -9999 -9999 -9999 -9999 -9999 -9999 -9999 -9999 -9999 -9999 -9999 -9999 -9999 -9999 -9999 -9999 -9999 -9999 -9999 -9999 -9999 -9999 -9999 -9999 -9999 -9999 -9999 136.3 137.001 139.974 140.876 140.644 140.491 141.249 142.074 140.566 139.314 137.814 136.341 136.194 136.306 138.611 138.721 136.711 136.549 136.506 138.141 138.884 136.719 136.464 136.486 136.689 137.921 140.544 139.314 136.419 136.279 136.236
-9999 -9999 -9999 -9999 -9999 -9999 -9999 -9999 -9999 -9999 -9999 -9999 -9999 -9999 -9999 -9999 -9999 -9999 -9999 -9999 -9999 -9999 -9999 -9999 -9999 -9999 -9999 -9999 -9999 -9999 -9999 -9999 -9999 -9999 -9999 -9999 -9999 -9999 -9999 -9999 138.561 140.506 141.766 141.596 141.184 140.711 141.156 140.059 138.349 137.019 136.381 136.231 136.256 137.891 137.609 136.474 136.601 137.169 137.474 137.411 136.311 136.391 136.259 138.391 140.901 143.171 142.409 137.744 136.411 136.344
-9999 -9999 -9999 -9999 -9999 -9999 -9999 -9999 -9999 -9999 -9999 -9999 -9999 -9999 -9999 -9999 -9999 -9999 -9999 -9999 -9999 -9999 -9999 -9999 -9999 -9999 -9999 -9999 -9999 -9999 -9999 -9999 -9999 -9999 -9999 -9999 -9999 -9999 -9999 -9999 139.866 140.904 141.929 141.931 140.986 139.609 139.069 138.481 137.071 136.534 136.229 136.136 136.196 136.381 136.401 136.334 138.086 139.204 139.054 138.341 137.626 137.041 136.256 137.351 141.999 143.749 143.084 138.021 136.331 136.269
-9999 -9999 -9999 -9999 -9999 -9999 -9999 -9999 -9999 -9999 -9999 -9999 -9999 -9999 -9999 -9999 -9999 -9999 -9999 -9999 -9999 -9999 -9999 -9999 -9999 -9999 -9999 -9999 -9999 -9999 -9999 -9999 -9999 -9999 -9999 -9999 -9999 -9999 -9999 -9999 -9999 141.254 142.024 141.804 139.436 137.176 136.911 136.711 136.326 136.211 136.211 136.101 136.299 136.356 136.214 136.636 140.659 141.659 141.164 140.266 139.649 138.761 136.964 137.269 141.629 143.214 140.856 137.189 136.259 136.131
-9999 -9999 -9999 -9999 -9999 -9999 -9999 -9999 -9999 -9999 -9999 -9999 -9999 -9999 -9999 -9999 -9999 -9999 -9999 -9999 -9999 -9999 -9999 -9999 -9999 -9999 -9999 -9999 -9999 -9999 -9999 -9999 -9999 -9999 -9999 -9999 -9999 -9999 -9999 -9999 -9999 141.561 142.329 141.779 139.214 136.574 136.491 136.936 136.509 136.171 136.214 136.076 136.271 136.294 136.209 137.834 142.199 142.846 142.521 142.149 142.006 141.191 138.711 137.514 141.681 142.234 141.916 139.494 138.101 136.181
-9999 -9999 -9999 -9999 -9999 -9999 -9999 -9999 -9999 -9999 -9999 -9999 -9999 -9999 -9999 -9999 -9999 -9999 -9999 -9999 -9999 -9999 -9999 -9999 -9999 -9999 -9999 -9999 -9999 -9999 -9999 -9999 -9999 -9999 -9999 -9999 -9999 -9999 -9999 -9999 -9999 -9999 141.724 141.584 138.896 136.314 136.394 136.719 136.489 136.194 136.109 136.021 136.186 136.201 136.186 139.526 142.891 143.691 143.869 143.429 143.019 142.169 140.496 137.631 137.859 140.031 141.946 142.364 138.966 136.046
