dsm/se3236_DSM_2M.asc
ncols 500
nrows 500
xllcorner    432000
yllcorner    436000
cellsize     2
NODATA_value -9999
[rows 416 to 447 of 500, columns 0 to 72 of 500]
51.546 51.581 51.551 51.481 51.576 51.576 51.576 51.626 51.541 51.538 51.483 51.586 53.276 51.658 51.441 51.381 51.293 51.201 51.533 51.023 51.021 57.223 51.518 50.506 50.383 52.283 50.378 50.261 50.123 50.071 50.488 54.071 51.011 50.818 54.068 63.848 57.961 60.883 59.668 61.836 50.956 53.236 50.853 51.151 51.131 51.243 51.381 51.463 51.946 52.766 51.855 52.138 52.385 52.56 52.793 60.16 61.298 62.303 61.668 60.06 54.633 54.835 55.165 56.193 55.56 55.545 55.673 55.773 55.9 56.105 55.925 55.875 55.73
53.511 51.541 51.558 51.511 51.548 51.578 51.516 51.516 51.531 51.778 53.891 52.403 52.281 51.523 51.426 51.268 51.233 51.153 51.071 50.946 50.833 51.116 51.003 50.686 50.293 50.211 51.291 50.536 50.148 50.086 50.143 51.493 51.476 50.236 50.276 54.443 50.616 52.536 54.873 53.298 53.228 52.958 50.783 50.936 51.201 51.306 51.393 52.876 51.688 51.626 51.973 52.105 52.325 52.538 52.78 55.088 60.568 61.713 61.95 60.77 58.208 54.753 55.085 55.46 55.718 55.675 55.748 55.89 55.953 56.05 56.163 56.143 56.293
53.198 54.843 51.526 51.521 51.488 51.518 51.486 51.508 51.498 51.611 53.558 53.141 51.526 51.513 51.276 51.281 51.371 56.631 53.123 51.126 50.823 50.878 52.938 52.956 52.041 50.438 50.293 50.858 51.506 50.468 50.473 54.353 54.391 54.283 50.868 51.258 51.011 50.566 49.851 50.756 55.338 50.666 50.803 50.928 51.216 51.716 51.951 51.338 51.476 51.651 51.923 52.173 52.253 52.538 53.913 53.693 59.168 60.948 61.683 60.933 59.423 54.67 55.04 55.83 55.65 55.835 55.843 55.955 56.08 56.12 56.275 56.595 56.405
51.726 51.473 51.488 51.521 51.496 51.481 51.476 51.461 51.501 51.583 53.663 51.711 51.468 51.398 51.266 51.238 53.201 57.433 57.706 57.306 56.466 50.748 50.336 51.983 51.871 50.381 50.316 50.266 50.426 51.653 50.338 51.733 57.461 53.858 52.101 51.653 49.606 50.373 51.458 50.951 50.648 50.731 50.843 50.963 51.201 51.183 51.246 51.421 51.523 51.683 52 52.183 52.608 54.815 54.168 52.96 53.475 59.488 60.538 55.693 54.315 54.653 55.188 55.348 55.588 56.558 56.063 56.018 56.163 56.258 56.53 56.728 56.495
51.691 51.563 51.463 51.491 51.483 51.451 51.428 51.486 51.498 51.578 52.706 51.628 52.148 52.083 51.681 51.301 56.133 57.846 58.933 57.973 56.356 54.423 50.296 50.353 51.673 54.208 59.503 51.678 51.848 54.423 53.026 56.771 56.241 52.793 52.561 50.036 51.513 50.448 50.541 50.653 52.308 50.803 50.886 51.051 51.146 51.283 51.348 51.398 51.566 51.708 52.053 52.628 53.388 52.77 52.895 53.013 53.258 53.318 53.83 53.98 54.998 55.008 55.173 55.353 55.558 55.763 56.96 56.208 56.215 56.37 56.76 57.56 56.738
51.613 51.598 51.423 51.448 51.468 51.433 51.393 51.481 51.496 51.531 53.121 51.543 51.468 51.373 51.338 51.316 57.066 58.748 58.843 57.556 55.548 54.121 50.418 50.323 50.323 61.243 62.188 57.698 54.121 51.308 50.013 49.971 50.036 54.123 54.483 53.248 50.443 50.556 50.671 50.808 50.921 51.483 51.088 51.208 51.361 51.413 51.526 51.463 54.198 61.248 53.503 52.463 57.333 62.045 54.055 53.105 55.393 53.915 53.735 54.115 54.478 59.718 57.083 55.418 55.483 57.42 56.183 56.538 56.325 56.415 56.52 56.63 56.678
51.618 51.576 51.418 51.413 51.428 51.433 51.393 51.421 51.446 51.461 53.408 51.533 51.491 51.416 51.363 54.118 57.448 58.743 58.643 57.161 53.593 52.346 51.448 50.788 52.943 61.323 62.263 58.531 50.048 50.008 49.981 49.931 49.876 50.548 61.326 57.598 51.466 50.683 50.806 50.956 51.048 51.451 51.251 51.583 51.773 52.003 54.098 55.961 62.863 63.088 55.255 54.735 54.425 57.638 53.338 55.873 55.693 53.96 54.085 54.118 55.395 61.965 62.023 61.688 60.58 55.893 56.683 56.46 56.493 56.475 56.623 56.685 56.755
51.538 51.466 51.421 51.383 51.413 51.421 51.388 51.341 51.456 51.548 51.568 53.563 51.506 51.416 51.371 55.191 57.861 58.841 57.943 55.986 50.323 50.418 52.206 50.668 52.418 52.118 61.353 54.453 50.046 49.993 49.963 49.941 49.858 52.978 56.503 54.201 52.913 50.831 50.956 51.061 51.148 51.236 52.958 51.768 52.181 53.073 53.368 54.466 58.113 53.486 52.913 53.205 53.165 53.21 53.373 54.905 54.248 54.108 54.073 54.093 60.8 62.308 63.345 62.37 59.913 55.8 56.6 56.533 57.163 56.653 56.673 56.788 56.845
51.511 51.468 51.403 51.348 51.368 51.391 51.391 51.353 51.361 51.553 51.476 52.998 52.521 51.448 51.338 54.678 57.206 57.603 57.553 50.763 51.251 53.353 53.693 50.756 51.181 50.908 50.093 50.396 50.038 49.966 49.921 49.898 49.836 49.773 49.618 50.911 50.821 52.041 51.081 51.176 51.268 52.643 54.421 52.133 52.401 52.808 52.641 52.678 52.766 53.111 53.085 53.17 53.253 53.268 53.275 53.383 54.148 54.178 54.168 54.188 61.48 62.895 63.345 62.053 59.235 56.023 56.368 56.555 57.883 56.823 56.725 56.858 56.955
51.518 51.466 51.403 51.408 51.363 51.363 51.381 51.343 51.303 51.463 51.576 51.448 53.058 51.448 51.401 51.421 51.413 51.326 53.656 50.758 50.346 53.273 51.441 52.531 51.691 50.126 50.081 50.041 50.001 49.956 49.968 49.861 49.793 49.736 49.046 51.026 50.746 52.061 51.886 51.288 54.331 54.513 54.451 54.293 52.341 52.578 52.713 52.796 52.891 52.998 53.21 53.268 53.275 53.288 53.363 53.543 54.18 54.208 54.225 55.41 61.725 63.075 63.025 61.768 55.84 56.155 56.553 56.55 57.345 57.663 56.88 56.92 57.063
51.511 51.531 51.533 55.726 51.421 51.311 51.351 51.371 51.328 51.323 51.438 51.458 51.568 51.511 51.453 51.426 51.376 51.231 50.798 50.573 50.538 50.416 50.381 50.346 50.116 50.091 50.078 50.021 50.046 50.021 49.931 49.826 49.771 49.693 49.116 51.498 52.061 51.778 52.718 54.716 54.693 54.633 54.518 54.446 52.773 52.586 52.793 52.933 52.998 53.556 53.335 53.285 53.3 53.278 54.395 53.775 53.955 54.205 54.243 55.558 62.09 63.105 62.638 61.503 55.47 55.995 58.49 58.515 57.56 56.955 56.94 56.973 57.1
51.546 51.621 51.593 54.558 54.708 51.368 51.308 51.358 51.351 51.308 51.363 51.561 51.456 51.831 51.486 51.458 51.248 51.041 50.871 51.438 50.831 56.418 52.833 50.123 51.183 50.441 50.088 50.168 50.131 50.051 49.948 49.916 49.771 49.656 49.361 51.736 51.396 52.958 53.528 54.753 54.731 54.701 54.561 52.973 51.648 52.586 52.853 52.993 53.353 53.166 53.193 53.503 53.458 55.713 60.485 56.135 54.175 54.435 54.418 56.983 61.46 61.813 62.138 59.57 55.683 56.083 56.295 56.468 56.603 57.055 56.91 56.988 57.095
51.628 52.371 53.188 51.626 52.356 51.493 51.308 51.323 51.363 51.331 51.318 51.451 51.541 51.468 51.573 51.463 51.331 51.191 52.338 52.706 58.996 59.198 59.163 53.091 51.456 50.751 50.141 50.121 50.123 50.053 49.983 49.808 49.736 53.248 54.213 54.281 55.248 53.898 54.543 54.606 54.751 54.608 51.611 51.623 51.691 51.791 52.958 53.071 53.173 53.196 53.253 54.628 58.325 61.163 61.99 61.198 55.27 54.59 54.71 54.813 55.538 55.963 57.103 57.053 55.893 56.133 56.295 56.43 56.963 56.935 56.885 56.978 57.103
52.208 53.051 51.531 52.253 51.546 51.583 51.356 51.296 51.356 51.363 51.333 51.378 51.518 51.491 51.556 51.556 51.423 51.283 51.223 57.186 58.266 59.216 59.188 57.741 50.386 50.176 50.183 50.141 50.118 50.173 49.938 49.818 50.003 54.341 51.016 50.783 51.321 53.996 54.533 54.598 53.728 51.571 51.626 51.661 51.711 51.796 52.456 53.153 53.226 53.511 55.838 60.57 61.58 62.383 63.085 62.028 60.528 54.825 54.975 55.093 55.27 55.438 55.855 55.798 56.018 56.155 56.69 56.708 56.798 58.033 57.778 58.158 57.108
51.751 51.596 51.556 51.546 51.866 51.491 51.423 51.333 51.323 51.368 51.351 51.318 51.346 51.443 51.493 51.601 51.493 51.701 51.391 54.546 57.526 58.621 59.096 57.643 56.146 50.248 50.243 50.631 53.033 53.296 50.151 49.951 49.901 54.578 54.138 50.288 51.253 51.303 54.538 53.776 52.613 51.623 51.656 51.691 51.723 51.818 51.968 53.623 53.416 55.101 61.153 61.968 62.578 63 62.188 61.393 61.498 56.145 55.18 55.558 55.55 55.728 55.893 56.108 56.45 56.465 56.548 56.718 56.773 56.805 58.368 57.04 57.15
51.793 52.161 51.573 51.543 51.571 51.503 51.583 51.448 51.313 51.353 51.391 51.351 51.311 51.383 51.486 51.671 51.558 51.538 51.476 51.486 55.031 58.136 59.041 58.391 57.243 50.181 52.111 53.321 53.091 51.966 50.478 50.266 49.988 54.476 49.611 50.093 51.513 51.391 51.521 51.623 51.663 51.813 51.686 51.736 51.758 51.813 52.213 52.421 53.603 53.716 60.925 62.143 62.573 61.78 60.503 55.185 55.253 55.408 55.4 55.555 55.965 55.97 56.545 56.293 56.365 56.903 56.645 56.613 56.718 57.32 58.723 57.103 57.215
51.598 51.588 51.586 51.561 53.091 52.571 51.516 51.573 51.411 51.336 51.388 51.396 51.343 53.181 51.556 55.373 53.333 51.631 51.503 51.476 51.568 57.171 58.278 58.261 57.528 51.943 50.666 51.528 50.526 50.908 50.076 49.908 50.086 53.096 51.046 50.396 52.756 51.808 51.946 51.881 52.498 51.726 51.741 51.761 51.783 55.078 54.911 52.708 52.936 53.908 54.68 61.323 61.375 56.55 55.34 55.385 55.413 55.57 55.655 55.753 55.905 56.093 56.148 56.215 59.62 56.68 56.52 56.643 56.768 56.908 57.015 57.143 57.24
51.551 52.828 51.583 51.551 51.518 52.168 51.611 51.556 51.523 51.361 51.373 51.426 51.408 51.361 51.488 55.868 51.568 51.721 52.083 51.373 51.298 54.818 57.571 56.481 51.113 50.493 51.348 50.933 51.761 50.873 49.986 49.918 50.016 52.071 52.061 50.491 52.571 52.103 52.621 51.703 52.921 51.793 51.753 52.918 55.051 58.946 59.883 54.373 53.158 53.991 54.198 57.008 60.088 55.125 55.253 55.47 55.578 55.91 56.368 55.853 55.93 56.023 56.088 56.183 56.285 56.41 56.558 56.688 56.808 56.92 57.04 57.16 57.248
56.233 57.661 54.553 51.586 51.546 51.916 52.676 51.508 51.588 51.448 51.331 51.411 51.436 51.403 51.763 51.556 51.626 51.541 51.606 51.426 51.338 51.256 52.081 50.923 50.798 51.718 50.941 50.758 50.861 50.081 50.448 50.168 51.378 49.721 49.268 51.181 51.781 52.336 51.678 51.748 51.763 51.751 54.611 56.373 59.678 60.501 61.323 61.573 53.346 53.563 54.36 54.485 55.148 55.173 55.485 55.533 55.713 56.74 55.745 55.763 55.87 55.97 56.07 56.188 56.313 56.445 56.55 56.683 56.803 56.935 57.055 57.178 57.31
58.201 58.628 57.378 51.901 51.666 51.726 51.561 52.381 51.546 52.051 51.353 51.396 51.431 51.438 51.416 51.476 51.601 51.611 53.048 51.948 51.523 51.343 51.223 51.201 51.126 53.153 57.216 55.648 51.023 50.216 51.331 51.351 49.861 49.761 50.126 50.803 51.688 51.821 51.818 52.518 51.961 54.336 58.858 60.093 60.918 61.628 61.053 60.271 57.181 53.788 54.128 54.633 54.8 55.298 55.44 55.545 55.555 57.825 60.265 55.785 55.83 55.948 56.078 56.208 56.29 56.388 56.498 56.65 56.793 56.925 57.063 57.175 57.28
58.606 59.458 58.641 55.088 51.591 51.716 51.778 53.248 51.678 51.496 51.431 51.373 51.413 51.471 51.448 51.426 51.516 51.666 59.518 59.418 51.531 51.428 52.061 51.333 54.041 57.516 58.308 57.751 55.986 51.061 50.091 49.996 49.908 49.816 50.311 51.526 51.726 51.871 52.051 52.168 52.031 58.356 60.333 61.321 61.513 60.701 59.891 58.821 54.131 54.276 54.273 54.715 54.945 55.383 55.353 55.408 55.513 59.715 57.038 55.693 55.813 55.92 56.013 58.145 56.595 56.318 56.515 56.67 56.788 56.933 57.063 57.178 57.258
57.743 59.026 59.148 57.868 56.048 51.616 51.661 51.663 51.651 51.551 51.491 51.428 52.183 51.451 51.486 51.516 51.428 51.586 51.588 51.603 51.946 51.643 51.623 51.603 55.848 57.911 58.991 58.563 57.468 54.178 50.113 50.023 49.928 49.873 48.921 51.858 52.258 52.016 52.171 52.248 52.208 53.683 59.603 60.816 60.253 59.466 53.641 53.873 53.991 54.213 54.545 54.79 55.07 55.198 55.215 55.29 55.32 55.473 58.883 58.493 55.768 55.883 59.443 57.63 56.223 56.445 56.613 56.735 56.885 57.008 57.033 57.15 57.238
55.833 58.113 59.358 58.693 57.488 52.308 51.673 51.748 51.748 51.598 51.561 51.866 51.501 51.436 51.518 51.498 51.468 51.436 51.501 51.568 51.653 52.388 51.703 51.601 51.401 57.146 58.271 59.231 58.291 57.188 49.976 50.058 50.011 49.888 48.848 50.928 51.716 52.031 52.216 52.323 52.386 52.553 54.686 59.961 58.508 53.888 54.671 54.066 54.231 54.461 54.785 54.948 55.093 57.513 55.083 55.143 55.495 55.713 57.738 56.243 55.743 55.845 56.233 56.47 56.918 56.493 57.178 57.015 56.855 57.015 57.02 57.138 57.243
54.783 57.253 58.768 57.788 56.096 51.541 51.663 51.656 52.731 51.586 51.753 51.708 51.686 51.508 51.471 51.503 51.506 51.463 51.461 51.558 53.813 51.798 52.293 51.681 51.618 52.203 57.441 58.508 59.028 57.991 56.053 50.186 50.063 50.208 49.046 51.806 51.878 52.036 52.161 52.243 52.483 52.743 52.931 56.776 53.706 54.048 54.216 54.741 54.431 54.696 54.77 55.668 54.968 57.238 57.863 55.073 55.233 55.35 58.94 55.61 55.758 56.655 56.115 56.185 57.078 59.578 58.718 57.223 56.788 57 57.058 57.143 57.235
54.548 55.203 57.376 52.458 51.373 51.503 51.798 52.203 51.578 52.248 51.691 51.631 51.703 51.671 51.456 51.481 51.523 51.508 51.473 51.598 51.831 51.721 52.191 52.081 52.171 52.036 55.211 57.706 58.106 57.323 50.558 50.543 52.681 50.128 49.133 51.786 51.851 51.981 52.141 52.301 52.536 52.921 53.128 53.298 53.973 54.178 54.243 54.413 54.553 54.601 54.703 54.72 54.785 60.368 54.935 55.043 55.17 55.3 55.46 55.625 55.783 55.93 56.088 56.615 59.03 59.833 59.805 57.285 56.795 56.988 57.065 57.138 57.218
54.753 53.478 51.093 51.198 51.223 52.483 54.806 52.728 52.213 52.218 52.311 51.841 51.606 51.693 51.561 51.463 51.508 51.538 51.508 51.481 51.691 51.808 51.716 52.686 51.806 51.598 51.501 56.608 56.358 50.876 50.828 50.803 50.956 49.773 52.248 53.866 51.716 51.961 52.173 52.341 52.571 53.008 53.448 53.516 53.771 54.161 54.318 54.396 54.666 54.683 54.56 54.628 54.733 59.25 54.915 55.013 55.15 58.428 57.13 55.71 55.82 56.613 55.918 56.045 58.048 66.43 61.745 57.328 56.883 57.12 57.07 57.148 57.225
51.356 51.098 51.056 50.971 51.098 56.151 57.818 57.228 51.581 52.551 51.848 51.588 51.773 51.611 52.803 51.508 51.473 51.521 51.546 51.503 51.528 51.726 51.843 51.768 52.323 51.673 51.611 51.516 51.281 51.076 50.888 50.851 51.233 50.821 53.471 54.613 51.821 51.988 52.191 52.368 52.903 53.523 53.726 53.751 53.926 54.103 54.153 54.248 54.423 54.413 54.493 54.595 54.69 54.785 54.87 55.063 55.27 55.45 55.638 56.815 55.893 55.96 56.058 56.18 59.598 61.695 61.613 65.815 59.753 56.99 57.075 57.138 57.215
51.051 50.996 51.546 50.848 57.198 58.103 58.976 58.083 56.841 51.586 51.593 52.123 56.128 51.716 51.863 51.521 51.463 51.496 51.541 51.556 51.533 51.618 51.773 51.856 51.836 52.051 52.231 51.681 52.411 51.291 51.356 51.478 51.518 51.678 51.821 56.306 57.266 52.303 52.268 52.843 53.278 53.701 54.238 54.191 54.003 54.011 54.071 54.188 54.276 54.361 54.463 54.523 54.61 54.753 55 55.18 55.325 55.925 56.008 55.988 56.045 56.115 56.213 56.373 56.663 58.958 59.248 57.62 56.985 56.988 57.055 57.143 57.188
50.881 51.531 50.691 50.723 55.258 57.888 59.101 59.026 57.796 56.283 51.496 52.948 53.656 51.886 51.618 51.553 51.523 51.458 51.518 51.573 51.583 51.563 51.691 51.821 51.891 51.893 51.893 52.088 51.636 51.641 51.723 51.741 51.773 52.251 52.521 52.831 60.581 66.436 57.288 54.323 53.403 56.181 54.383 54.066 54.421 54.031 53.978 54.113 54.201 54.286 54.383 54.473 54.723 55.928 55.078 55.41 56.15 56.083 56.815 56.178 58.213 56.265 56.37 56.49 56.585 57.128 56.825 56.918 56.895 56.98 57.063 57.103 57.155
50.676 51.898 50.656 50.576 53.601 56.443 58.203 59.386 58.671 57.448 53.168 51.501 51.671 51.958 52.208 51.618 51.608 51.538 51.496 51.728 51.601 51.606 51.576 51.713 51.826 51.846 51.928 52.043 51.816 51.788 51.778 51.786 51.938 52.093 52.443 53.531 58.283 56.966 53.513 53.561 54.326 53.641 53.708 53.808 56.941 55.016 53.953 54.031 54.136 54.196 54.318 54.565 54.795 54.938 55.83 58.02 56.185 57.418 56.37 59.548 56.313 56.375 56.448 56.553 56.635 56.728 56.828 56.813 56.898 56.96 57.025 57.083 57.1
50.938 50.581 51.206 50.561 54.306 51.233 57.286 58.496 59.076 58.128 57.091 51.521 52.176 53.126 54.906 54.311 53.716 51.736 51.563 51.518 53.496 51.628 51.633 51.611 51.668 51.816 51.978 52.108 53.131 51.903 51.913 52.031 52.136 52.266 52.411 52.331 53.188 52.776 53.068 53.386 53.468 53.538 53.633 53.663 57.516 53.801 58.501 53.961 54.036 54.206 54.475 54.68 55.078 55.51 58.903 59.375 58.745 56.363 57.638 56.325 56.358 56.438 56.525 56.588 56.663 56.743 56.735 56.795 56.865 56.95 57 57.028 57.043
53.283 51.936 52.688 50.761 50.618 50.473 51.006 58.241 57.851 55.171 51.191 51.448 51.911 51.481 51.851 51.651 51.793 51.641 51.623 51.573 51.916 52.016 51.661 51.671 51.671 51.833 52.071 52.038 52.183 52.486 52.238 52.296 52.238 52.463 52.566 52.503 52.756 53.083 53.783 57.758 53.438 53.516 53.536 53.606 57.701 53.768 56.803 56.413 57.108 55.928 54.538 55.35 55.128 55.353 56.44 58.875 56.778 57.175 56.323 56.355 56.405 56.48 56.568 56.62 56.715 56.685 56.7 56.85 56.86 56.925 56.973 56.983 56.975
