dsm/se3231_DSM_2M.asc
ncols 500
nrows 500
xllcorner    432000
yllcorner    431000
cellsize     2
NODATA_value -9999
[rows 256 to 287 of 500, columns 216 to 287 of 500]
22.823 23.105 23.73 23.781 23.89 23.744 23.866 23.277 23.119 24.757 25.483 25.506 23.063 27.01 30.862 30.995 30.784 24.084 25.011 23.763 25.396 24.759 26.83 28.48 25.837 25.259 26.221 30.331 32.914 32.179 30.735 31.945 31.481 24.422 23.775 23.143 23.041 23.43 23.456 25.203 23.83 23.78 23.285 23.516 23.619 23.494 23.512 23.231 22.942 23.048 23.092 23.141 23.179 23.198 23.243 23.229 23.42 28.014 28.981 29.227 28.994 27.661 23.879 23.282 23.289 23.287 23.259 23.269 23.244 23.406 23.519 23.576
23.939 24.06 24.09 23.742 23.904 23.97 24.161 23.506 23.515 24.061 25.489 25.096 23 28.311 30.888 30.975 30.751 24.613 23.125 23.182 23.148 23.266 23.146 24.31 25.232 25.195 24.122 29.355 31.449 31.558 32.382 32.467 31.966 31.622 24.088 31.997 25.623 25.817 26.211 27.673 23.695 23.327 22.946 23.263 24.01 23.732 23.006 22.954 23.014 23.08 23.108 23.131 23.232 23.217 23.257 23.295 26.678 28.782 29.074 29.205 28.793 24.83 23.246 23.327 23.317 23.243 23.248 23.302 23.339 23.52 23.556 23.097
24 23.979 23.747 23.381 23.615 23.618 23.254 23.269 23.219 23.175 23.164 23.291 23.045 28.391 25.351 30.627 30.579 23.66 23.13 23.102 23.111 23.095 23.117 23.297 24.769 24.618 23.696 28.576 29.935 29.758 29.153 32.485 27.475 32.413 -9999 -9999 29.292 28.898 29.063 25.919 23.853 23.739 23.101 23.188 22.91 23.225 22.931 22.94 22.985 23.038 23.122 23.19 23.228 23.289 23.312 23.351 27.163 28.826 29.217 29.106 28.716 24.662 23.35 23.41 23.052 23.161 23.318 23.296 23.375 23.539 23.543 23.503
23.496 23.307 23.199 23.205 23.192 23.172 23.17 23.148 23.161 23.162 23.123 23.046 23.097 28.23 23.064 23.013 24.127 23.05 24.097 23.1 23.077 23.076 23.108 22.987 22.939 23.28 23.286 23.423 26.626 27.826 28.28 27.952 27.837 27.597 27.462 28.496 29.216 30.524 29.577 25.776 24.035 23.072 22.755 22.963 23.503 23.066 22.952 23.029 23.072 23.078 23.184 23.177 23.215 23.266 23.31 23.603 28.475 28.964 29.295 29.011 28.48 23.947 23.307 21.522 19.921 19.832 20.869 22.423 23.691 23.387 23.448 23.46
23.236 23.209 23.159 23.133 23.135 23.083 23.144 23.133 23.158 23.162 23.204 23.088 23.117 23.65 23.045 23.025 22.969 23.009 23.123 23.196 23.007 24.1 23.169 22.997 22.897 23.433 22.96 23.918 26.541 26.697 26.995 27.017 27.424 27.846 27.861 28.205 29.076 30.048 27.179 23.951 24.107 23.803 23.323 22.805 22.858 22.937 22.985 23.045 23.117 23.105 23.101 23.142 23.239 23.278 23.277 26.013 28.678 29 29.21 28.796 26.04 23.438 23.329 22.61 20.202 20.456 19.998 22.938 22.047 23.376 26.63 22.879
23.17 23.125 23.044 23.049 23.088 23.089 23.077 23.049 23.049 23.116 23.133 23.19 23.551 31.74 27.995 25.894 23.153 23.169 22.898 22.944 22.988 23.061 25.461 25.327 24.19 22.97 23.119 24.57 25.296 25.34 25.886 26.415 26.662 26.867 26.969 27.436 27.892 29.962 25.87 24.513 23.527 22.747 22.804 22.865 22.924 22.936 23.012 23.045 23.272 23.287 23.266 23.185 23.2 23.221 23.314 24.341 25.379 26.866 29.116 28.623 27.136 23.378 23.292 23.287 23.377 23.166 23.262 23.496 22.967 23.182 23.324 23.723
23.084 23.093 23.092 23.425 23.348 23.147 23.048 23.089 23.095 23.071 23.092 23.19 34.218 32.419 31.91 28.496 26.933 23.823 23.127 23.066 23.034 22.969 23.722 25.504 25.268 23.163 23.191 23.173 23.05 23.336 24.254 25.424 25.501 25.31 26.459 26.693 26.954 25.927 23.492 23.065 22.889 22.811 22.852 22.943 22.963 23.036 23.095 23.11 23.986 23.486 23.424 23.28 23.192 23.231 23.18 23.276 23.317 23.31 23.333 24.586 24.512 23.354 23.305 23.293 23.378 23.441 23.423 24.778 24.235 23.536 23.331 23.387
23.069 23.265 23.171 23.307 23.238 25.321 23.231 23.953 23.706 23.146 23.1 23.049 39.124 43.038 41.442 30.602 27.506 24.661 23.236 23.118 23.096 23.081 23.086 23.027 23.62 22.971 23.098 22.993 22.619 22.964 23.257 23.136 23.45 24.024 25.463 25.94 25.381 24.021 23.151 22.873 22.789 22.822 22.861 22.962 23.028 23.103 23.164 23.198 23.813 23.512 23.413 23.299 23.24 23.215 23.193 23.268 23.268 23.33 23.321 23.471 23.549 23.313 23.302 23.266 23.221 23.338 23.327 23.329 23.446 23.404 23.56 23.304
24.492 28.689 30.079 28.387 25.591 30.163 23.222 26.082 31.587 26.639 23.404 24.207 31.425 41.273 34.693 24.684 24.089 23.081 23.17 23.14 23.136 23.088 23.064 23.05 22.974 22.879 22.862 22.834 22.865 22.986 24.293 23.34 23.168 23.168 24.321 24.046 23.505 23.799 23.023 22.743 22.807 22.851 22.895 23.004 23.062 23.284 25.567 23.374 23.449 23.514 23.427 23.315 23.292 23.24 23.127 23.229 23.285 23.417 23.523 23.583 23.455 23.312 23.244 23.271 23.297 23.226 23.293 23.247 23.246 23.33 24.511 23.499
29.152 34.575 35.642 42.018 35.733 37.523 28.103 31.987 40.927 29.458 23.288 23.212 26.391 26.633 24.896 23.122 24.281 23.104 23.058 23.038 23.037 23.111 23.056 23.054 22.973 22.924 22.908 22.911 22.889 24.046 24.371 23.106 23.056 23.905 24.964 24.885 24.829 24.331 23.073 22.844 22.849 22.879 22.906 22.998 23.111 24.48 24.496 23.423 23.41 23.468 23.346 23.321 23.332 23.305 23.219 23.18 23.203 23.347 23.542 23.551 23.594 23.486 23.336 23.37 23.267 23.254 23.255 23.275 23.249 23.224 23.201 23.721
33.649 35.491 45.29 33.177 46.636 33.665 42.724 42.589 32.194 30.216 27.696 26.198 26.739 26.305 23.857 25.773 25.329 23.905 26.004 23.348 23.228 23.083 23.04 22.997 23.157 23.043 22.956 22.948 22.895 23.203 23.196 22.919 22.944 23.177 23.304 23.957 23.456 23.241 22.995 22.959 22.972 22.979 23.039 23.168 23.193 25.263 23.998 23.481 23.467 23.424 23.344 23.309 23.311 23.249 23.226 23.184 23.215 23.212 23.486 23.512 23.508 23.544 23.518 23.422 23.302 23.343 23.28 23.299 23.238 23.288 23.262 23.254
33.362 35.725 44.801 46.224 43.953 47.109 48.418 38.299 47.503 35.455 33.576 35.545 29.372 27.344 24.5 23.908 24.586 28.337 27.441 26.182 24.848 23.13 23.107 23.39 24.125 23.142 22.956 22.981 22.991 22.972 22.946 22.917 23.076 22.954 23.846 23.506 22.933 22.957 22.996 23.016 23.006 23.044 23.136 23.161 23.323 25.221 23.579 23.503 23.413 23.388 23.313 23.261 23.303 23.213 23.172 23.285 23.27 23.361 23.498 23.468 23.547 23.501 23.537 23.527 23.396 23.259 23.301 23.395 23.46 23.404 23.266 23.249
35.205 30.534 32.244 32.911 36.939 44.334 48.712 47.758 39.864 39.618 39.013 38.886 38.802 34.347 24.634 26.579 25.998 36.334 34.569 31.793 33.583 23.931 23.276 27.512 25.104 23.129 23.024 22.97 22.942 22.993 22.985 22.97 22.986 22.95 23.195 24.195 22.908 22.972 23.04 23.045 23.01 23.108 23.193 23.275 24.879 25.843 23.503 23.483 23.394 23.379 23.334 23.34 23.229 23.199 23.234 23.13 23.035 22.895 23.439 23.397 23.451 23.492 23.442 23.545 23.497 23.312 23.337 23.444 23.465 23.5 23.54 23.506
30.864 34.084 32.726 33.432 38.756 41.232 31.418 44.955 35.653 38.562 38.754 40.19 39.553 38.982 32.77 37.406 31.218 41.398 44.483 42.077 30.279 34.814 33.529 28.209 25.876 23.038 22.984 23.009 23.023 23.022 23.01 23.926 23.303 23.008 23 22.977 22.958 22.961 23.002 23.06 23.126 23.184 23.224 23.258 25.352 24.063 23.51 23.459 23.471 23.334 23.351 23.374 23.376 23.49 22.952 22.67 22.758 22.796 23.257 23.249 23.169 23.317 23.363 23.301 23.285 23.552 23.721 23.349 23.366 23.453 23.51 23.543
30.457 30.597 32.643 35.238 37.482 41.527 36.571 35.397 31.158 27.96 29.784 33.363 34.659 38.714 40.121 30.075 42.067 36.077 39.092 43.132 34.939 35.366 41.65 35.462 23.2 23.065 23.039 23.069 23.078 23.055 23.092 24.067 23.124 23.021 22.995 22.944 22.957 22.984 23.023 23.102 23.136 23.148 23.217 23.284 23.31 23.458 23.446 23.435 23.416 23.344 23.335 23.311 23.252 23.31 22.728 22.682 22.668 22.674 22.668 23.321 23.307 22.943 23.184 22.898 23.196 23.552 25.23 25.084 23.381 23.356 23.469 23.507
34.404 32.96 30.398 32.131 34.816 32.839 33.497 34.466 29.964 30.936 32.715 32.327 32.319 29.97 31.816 29.134 30.897 34.559 38.241 33.582 42.004 43.609 40.542 31.45 23.205 23.052 23.089 23.163 23.237 23.243 23.235 23.432 23.083 23.037 23.007 22.979 22.943 22.923 22.936 23.061 23.113 23.121 23.201 23.253 23.22 23.458 23.472 23.468 23.357 23.336 23.357 23.355 23.234 23.068 22.721 22.66 22.691 22.703 22.72 23.093 22.689 22.684 22.692 22.847 23.042 23.158 23.092 23.476 23.609 23.654 23.446 23.364
36.631 36.347 36.142 34.719 34.339 33.252 33.29 33.508 33.615 31.944 35.878 34.727 33.386 32.15 31.941 28.833 33.745 29.974 35.455 32.844 37.684 40.791 39.516 29.047 23.029 23.068 23.119 23.258 23.487 23.429 23.264 23.194 23.135 23.08 23.006 22.939 22.947 22.969 22.969 23.046 23.079 23.058 23.126 23.215 23.235 23.392 24.004 23.807 23.376 23.327 23.263 23.295 23.256 22.894 22.667 22.692 22.718 22.709 22.65 22.716 22.678 22.701 22.702 22.685 23.105 24.362 23.135 23.148 22.9 23.172 23.308 23.31
37.197 37.025 36.819 36.588 36.415 36.318 36.018 35.228 34.082 33.453 30.266 33.649 34.522 32.028 29.656 31.772 27.643 27.388 27.413 27.189 27.925 29.627 35.04 24.742 23.351 23.114 23.106 23.284 23.42 23.365 23.454 23.155 23.152 23.098 23.263 23.057 22.927 22.98 22.985 22.975 23.057 23.101 23.107 23.096 23.057 23.211 23.237 23.583 23.291 23.26 23.281 23.27 23.268 22.767 22.692 22.714 22.656 22.696 22.714 22.713 22.699 22.661 22.717 22.715 23.236 23.192 22.531 22.509 22.58 22.663 23.204 23.204
37.855 37.467 37.346 37.074 37.008 36.815 36.6 36.488 36.333 34.745 35.582 33.896 34.234 29.235 28.936 23.464 23.212 23.279 24.841 27.208 27.431 28.783 26.265 23.597 24.934 23.125 23.215 23.454 23.444 23.399 23.478 23.137 23.164 23.185 23.329 23.092 22.904 22.94 22.977 22.995 23.005 23.001 23.089 23.033 23.005 23.075 23.09 23.109 23.219 23.219 23.248 23.234 23.186 22.696 22.677 22.689 22.686 22.68 22.663 22.701 22.707 22.707 22.676 22.711 23.083 22.622 22.57 22.533 22.477 22.553 22.966 22.776
38.201 38.044 37.887 37.773 37.499 37.363 37.221 37.166 36.874 36.715 36.54 36.329 36.331 35.504 27.182 26.361 23.897 23.44 23.224 23.212 24.619 25.749 26.662 23.738 23.445 23.131 23.271 23.37 23.453 23.379 23.256 23.17 23.127 23.176 23.12 23.105 22.938 22.931 22.918 22.937 22.962 23.069 23.078 22.895 22.91 22.969 23.049 23.105 23.086 23.154 23.169 23.258 22.897 22.675 22.673 22.722 22.693 22.693 22.696 22.709 22.726 22.699 22.72 22.708 23.173 22.586 22.567 22.523 22.526 22.545 22.737 22.482
38.29 38.292 38.356 38.298 38.086 37.832 37.818 37.652 37.371 37.318 37.188 36.951 36.711 36.536 36.345 36.221 34.239 33.733 25.429 25.224 23.261 23.541 23.109 23.711 23.404 23.191 23.221 24.65 24.079 23.521 23.543 23.139 23.108 23.155 23.061 23.038 22.889 22.879 22.93 22.972 22.961 23.041 22.974 22.877 22.82 22.939 23.017 23.019 23.148 23.095 23.214 23.224 22.941 22.676 22.647 22.696 22.667 22.671 22.704 22.647 22.708 22.696 22.693 23.036 23.077 22.556 22.549 22.571 22.507 22.548 22.503 22.531
37.839 37.95 38.175 38.391 38.333 38.394 38.3 38.179 37.974 37.893 37.684 37.485 37.363 37.241 37.111 36.781 36.696 36.584 36.34 26.035 28.18 24.324 22.97 23.007 23.138 23.19 24.893 25.816 23.866 24.392 23.237 23.174 23.168 23.059 23.049 23.082 22.897 22.924 22.876 22.96 22.935 22.98 22.927 22.794 22.829 22.859 22.997 23.079 23.064 23.157 23.258 23.299 22.678 22.675 22.695 22.674 22.717 22.694 22.697 22.696 22.685 22.68 22.685 23.033 22.621 22.588 22.569 22.528 22.538 22.582 22.535 22.499
37.286 37.451 37.514 37.768 37.841 38.016 38.181 38.336 38.413 38.247 38.152 38.003 37.938 37.679 37.57 37.411 37.174 37.132 33.168 29.566 28.912 23.683 22.975 23.046 23.11 23.137 25.131 25.822 23.657 23.304 23.169 23.157 23.241 23.108 23.035 22.96 22.919 22.839 22.889 22.921 22.962 22.934 22.853 22.844 22.863 22.935 23.022 23.092 22.995 23.16 23.23 23.233 22.677 22.692 22.66 22.677 22.666 22.697 22.712 22.696 22.722 22.68 22.675 23.17 22.57 22.519 22.552 22.546 22.549 22.588 22.556 22.566
36.783 36.875 37.043 37.178 37.322 37.489 37.6 37.857 38.045 38.181 38.28 38.394 38.354 38.265 38.108 38.012 37.849 37.47 34.696 29.568 28.032 23.092 22.983 23.053 23.129 23.342 25.811 24.281 23.57 23.255 23.221 23.197 23.128 23.094 23.057 22.942 22.865 22.887 22.855 22.903 22.939 22.986 22.991 22.938 22.961 22.969 23.006 23.061 23.062 23.2 23.279 23.05 22.626 22.671 22.7 22.674 22.701 22.665 22.722 22.704 22.731 22.708 22.803 23.058 22.578 22.539 22.584 22.554 22.51 22.554 22.551 22.541
36.114 36.136 36.533 36.59 36.816 36.961 37.195 37.276 37.519 37.689 37.857 37.889 38.098 38.29 38.393 38.424 38.364 38.25 32.01 29.416 25.913 22.955 23.038 23.08 23.209 23.195 23.626 23.57 23.697 23.22 23.215 23.17 23.213 23.067 23.115 23.959 22.9 22.787 22.877 22.851 22.924 22.912 22.892 22.969 23.056 23.039 23.088 23.071 23.003 23.192 24.287 22.723 22.665 22.671 22.674 22.698 22.714 22.728 22.728 22.715 22.696 22.697 23.114 22.59 22.55 22.59 22.543 22.562 22.56 22.574 22.555 22.564
35.737 28.408 35.306 35.588 33.742 36.241 36.63 36.791 36.913 37.057 37.317 37.353 37.625 37.752 37.893 38.08 38.262 38.192 29.645 29.306 24.973 23.007 23.072 23.092 23.226 23.334 23.352 23.38 23.366 23.19 23.22 23.2 23.115 23.058 23.069 24.247 23.344 23.336 25.876 23.192 22.924 22.883 22.932 23.006 22.981 23.029 23.061 23.069 23.138 23.171 22.917 22.694 22.646 22.697 22.699 22.677 22.696 22.715 22.711 22.722 22.688 22.698 23.069 22.639 22.571 22.578 22.552 22.562 22.546 22.564 22.562 22.563
35.373 27.843 23.186 23.208 25.558 33.07 34.407 35.946 36.377 36.501 36.755 36.889 36.983 37.177 37.379 37.52 37.66 32.043 29.48 25.124 24.707 23 23.085 23.187 23.319 23.342 23.38 23.411 23.291 23.237 23.215 23.2 23.061 23.08 23.355 24.55 23.413 23.604 25.733 22.906 22.921 22.844 22.848 22.863 22.93 23.069 23.051 23.032 23.118 23.258 23.019 22.683 22.679 22.651 22.651 22.687 22.682 22.713 22.753 22.689 22.703 22.719 23.157 22.567 22.571 22.563 22.546 22.58 22.586 22.557 22.59 22.555
24.215 23.569 23.18 23.252 26.259 27.359 27.298 28.793 29.826 35.77 36.008 36.074 36.524 36.636 36.77 36.944 36.957 32.393 29.383 28.979 23.688 23.066 23.117 23.154 23.321 23.354 23.366 23.39 23.297 23.227 23.244 23.238 23.018 23.05 22.986 23.753 23.177 25.638 23.376 22.891 22.873 22.79 22.842 22.938 23.006 23.084 23.035 23.026 23.203 23.262 22.927 22.639 22.659 22.718 22.682 22.71 22.693 22.71 22.728 22.712 22.692 23.054 22.744 22.534 22.532 22.543 22.557 22.553 22.558 22.546 22.545 22.555
23.072 23.223 23.04 24.528 25.813 27.441 27.42 27.383 27.359 30.003 26.681 27.022 33.925 35.785 36.198 36.456 36.424 29.728 29.324 24.797 23.041 23.082 23.142 23.211 23.351 23.363 23.392 23.621 23.257 23.245 23.314 23.198 22.983 23.026 22.928 22.906 23.475 24.764 22.775 22.866 22.874 22.826 22.836 22.901 23.001 23.078 23.047 23.037 23.18 23.151 22.677 22.666 22.672 22.691 22.71 22.727 22.709 22.716 22.72 22.702 22.713 23.155 22.61 22.559 22.552 22.555 22.573 22.574 22.553 22.552 22.582 22.581
23.121 23.116 23.058 24.656 26.316 27.152 27.127 27.371 27.348 30.179 24.152 23.727 23.263 23.72 26.643 31.383 30.311 29.437 28.083 23.158 23.084 23.096 23.183 23.231 23.333 23.352 23.452 23.722 23.269 23.218 23.305 23.259 22.996 23.062 22.976 23.094 24.484 24.679 22.931 22.883 22.865 22.905 22.852 22.973 23.048 23.069 23.05 23.089 23.192 23.104 22.671 22.63 22.688 22.686 22.725 22.714 22.689 22.714 22.691 22.652 22.724 23.184 22.546 22.591 22.544 22.571 22.581 22.588 22.546 22.579 22.564 22.584
23.118 23.139 23.108 23.068 23.019 23.016 23.693 23.985 28.438 25.271 23.162 23.472 23.359 23.66 23.796 23.194 23.378 24.634 26.749 23.695 23.103 23.118 23.153 23.202 24.399 23.35 24.295 23.292 23.3 23.289 23.267 23.135 23.019 23.03 27.411 28.843 24.723 24.653 23.267 22.898 22.894 22.898 22.941 22.99 23.052 23.055 22.994 23.136 23.17 22.875 22.644 22.67 22.703 22.721 22.696 22.695 22.662 22.708 22.704 22.677 22.995 22.823 22.552 22.57 22.582 22.552 22.544 22.564 22.545 22.549 22.586 22.594
23.195 23.174 23.141 23.127 23.144 23.123 23.073 23.084 25.868 23.213 23.116 23.128 23.36 23.309 24.384 23.723 25.016 24.059 23.991 23.114 23.111 23.165 23.207 23.183 23.219 23.311 24.129 23.278 23.276 23.239 23.197 23.107 24.804 25.632 29.777 30.223 30.737 29.859 29.074 24.496 24.075 22.915 22.905 23.018 23.059 23.018 23.011 23.215 23.232 22.712 22.714 22.691 22.664 22.675 22.71 22.731 22.725 22.686 22.658 22.668 23.145 22.615 22.575 22.575 22.561 22.541 22.583 22.572 22.549 22.563 22.558 22.575
