dsm/se3230_DSM_2M.asc
ncols 500
nrows 500
xllcorner    432000
yllcorner    430000
cellsize     2
NODATA_value -9999
[rows 448 to 479 of 500, columns 360 to 431 of 500]
35.348 34.784 31.625 30.564 30.606 30.535 30.653 31.978 30.77 30.601 31.08 32.974 33.59 38.991 38.767 38.634 38.264 38.087 37.779 37.573 37.286 36.962 36.136 35.044 33.776 32.814 32.806 31.452 30.489 30.208 30.171 30.153 30.15 30.136 30.127 30.117 30.082 30.087 30.057 30.057 30.012 30.054 30.037 29.99 29.982 29.95 29.945 30.385 29.913 29.916 29.898 29.876 29.834 29.818 30.148 30.193 29.808 30.254 30.941 31.934 30.569 30.514 30.345 34.869 37.221 37.365 37.113 35.625 32.586 31.039 30.204 29.581
30.471 30.704 30.592 30.625 30.621 31.011 35.361 36.126 32.84 31.092 30.689 31.679 39.155 39.497 39.256 39.061 38.761 38.562 38.322 38.029 37.818 37.478 37.276 37.029 36.829 35.828 33.016 31.533 30.211 30.211 30.199 30.192 30.153 30.172 30.096 30.122 30.142 30.103 30.102 30.078 30.065 30.045 30.058 30.036 30.025 29.975 29.962 30.012 29.947 29.949 29.927 29.883 29.845 29.852 30.269 29.809 29.82 29.932 31.807 33.551 29.834 29.741 29.829 30.013 31.569 34.085 34.274 33.884 36.078 35.28 32.461 29.679
31.032 30.682 30.63 30.656 31.026 33.497 36.155 36.195 36.268 35.923 34.878 37.128 40.273 39.985 39.698 39.411 39.246 38.987 38.823 38.522 38.306 38.02 37.699 37.523 37.3 37.143 36.741 33.811 31.412 30.354 30.241 30.223 30.168 30.162 30.18 30.127 30.139 30.14 30.107 30.108 30.094 30.061 30.044 30.045 30.034 30.027 30.034 29.984 29.995 29.963 29.924 29.942 29.87 29.923 29.909 29.876 29.938 32.688 33.7 31.01 29.813 29.916 31.052 30.864 30.008 30.779 30.441 32.184 32.493 33.566 29.883 29.667
30.921 30.697 30.693 30.692 30.799 35.562 36.186 36.223 36.308 36.375 36.497 39.451 40.641 40.447 40.251 39.993 39.781 39.5 39.281 38.872 38.689 38.449 38.283 38.012 37.852 37.578 37.307 34.91 36.044 34.312 30.573 30.874 30.198 30.19 30.162 30.21 30.148 30.116 30.142 30.136 30.12 30.125 30.097 30.098 30.043 30.046 30.053 30.018 30.021 29.96 29.983 29.949 29.948 29.919 29.904 29.901 29.888 29.972 31.83 29.873 29.818 30.707 30.143 30.372 29.95 30.453 29.887 29.769 31.628 30.218 29.717 29.68
30.764 30.726 30.663 30.683 30.816 36.124 36.165 36.272 36.373 36.453 36.767 40.942 40.977 40.949 40.634 40.473 40.092 39.924 39.662 39.494 39.231 39.014 38.755 38.591 38.267 38.045 37.793 37.587 37.394 36.822 32.728 32.056 30.209 30.202 30.215 30.211 30.19 30.178 30.171 30.147 30.11 30.151 30.094 30.107 30.082 30.056 30.055 30.039 30.055 30.011 30.004 29.991 29.961 29.976 29.95 29.924 29.894 29.886 29.873 29.841 29.895 29.931 30.65 30.045 30.367 29.869 29.742 30.623 30.282 29.748 29.703 29.731
30.801 30.805 30.732 30.712 35.145 36.231 36.27 36.305 36.398 36.756 40.426 41.278 41.227 41.116 40.987 40.842 40.612 40.409 40.242 39.96 39.728 39.483 39.236 39.016 38.697 38.543 38.291 38.022 37.715 37.493 37.291 36.616 30.937 31.636 31.308 30.231 30.219 30.186 30.166 30.18 30.16 30.137 30.169 30.102 30.099 30.088 30.097 30.051 30.057 30.002 30.015 30.045 30.026 29.964 29.964 29.998 29.934 29.928 29.903 29.873 30.837 30.699 30.909 30.486 30.202 29.801 29.909 30.854 29.794 29.731 29.738 29.724
30.844 30.831 30.8 30.782 30.895 32.407 36.196 36.299 36.446 36.596 40.966 41.429 41.383 41.245 41.158 41.111 40.964 40.832 40.645 40.497 40.204 40.01 39.722 39.405 39.134 38.92 38.774 38.615 38.299 37.972 37.759 37.463 37.284 36.637 31.062 31.835 31.623 30.195 30.197 30.209 30.195 30.195 30.194 30.151 30.192 30.394 30.178 30.105 30.076 30.08 30.084 30.049 30.007 30.021 29.981 29.965 29.96 29.952 29.925 29.924 30.013 31.259 30.13 30.354 29.971 29.825 30.799 30.293 29.807 29.767 29.767 29.722
30.836 30.864 30.826 30.784 30.897 33.315 34.669 36.15 36.378 40.208 41.73 41.611 41.554 41.445 41.312 41.228 41.161 41.09 40.986 40.82 40.733 40.386 40.148 39.974 39.763 39.437 39.245 38.999 38.725 38.602 38.202 38.069 37.72 37.542 37.238 36.917 32.005 33.587 30.308 30.356 30.176 30.209 30.184 30.195 30.385 31.668 30.919 30.127 30.152 30.098 30.061 30.088 30.03 30.015 30.055 29.996 30.002 29.995 29.964 29.954 29.91 29.951 29.915 30.162 29.903 29.941 30.067 29.84 29.815 29.789 29.794 29.78
30.91 30.909 30.881 30.858 30.796 31.764 32.711 33.224 33.381 41.234 41.89 41.768 41.723 41.594 41.514 41.433 41.361 41.273 41.171 41.116 40.998 40.908 40.714 40.426 40.253 39.998 39.717 39.446 39.212 39.076 38.727 38.481 38.211 37.967 37.75 37.468 37.295 36.98 35.799 34.345 31.353 30.366 30.202 30.211 30.267 30.315 30.196 30.162 30.126 30.119 30.101 30.11 30.121 30.04 30.065 30.047 30.072 30.023 29.979 29.97 29.951 29.93 29.93 29.914 29.878 30.94 30.361 29.872 29.83 29.869 29.839 29.781
30.932 30.946 30.898 30.909 31.062 31.977 31.374 32.633 40.026 41.898 41.989 41.976 41.911 41.809 41.718 41.612 41.52 41.427 41.309 41.263 41.154 41.072 40.956 40.878 40.687 40.423 40.209 39.935 39.736 39.417 39.21 38.993 38.696 38.594 38.201 37.953 37.739 37.518 37.33 37.022 36.096 34.399 31.416 30.219 30.397 31.328 30.218 30.152 30.161 30.146 30.136 30.126 30.126 30.097 30.102 30.089 30.048 30.056 30.044 30.017 29.987 29.972 29.942 29.935 29.909 29.908 29.888 29.908 29.874 29.832 29.821 29.891
31.007 30.964 30.941 31.054 31.439 31.944 31.898 32.397 40.116 41.696 41.809 41.823 41.894 41.96 41.86 41.763 41.744 41.606 41.532 41.374 41.291 41.274 41.114 41.055 40.971 40.879 40.766 40.37 40.219 39.983 39.7 39.381 39.236 39.018 38.711 38.541 38.303 37.969 37.778 37.543 37.339 35.875 31.718 30.458 31.155 31.166 31.072 31.399 30.194 30.211 30.154 30.148 30.127 30.129 30.129 30.08 30.087 30.041 30.052 30.057 30.037 30.004 29.946 29.942 29.937 29.932 29.929 29.92 29.928 29.906 29.899 29.825
31.021 31.006 31.18 32.502 32.17 32.439 33.087 35.62 41.228 41.485 41.608 41.654 41.728 41.866 41.94 41.962 41.9 41.807 41.705 41.617 41.481 41.447 41.319 41.254 41.193 41.066 41.021 40.869 40.669 40.38 40.186 39.988 39.716 39.354 39.156 38.977 38.768 38.466 38.276 37.994 37.777 34.467 30.767 30.518 30.892 31.734 32.394 31.235 30.274 30.305 30.177 30.163 30.139 30.135 30.143 30.124 30.124 30.111 30.07 30.045 30.035 30.016 29.985 29.966 29.975 29.972 29.923 29.932 29.918 29.911 29.896 30.049
31.059 31.037 31.022 33.228 31.599 32.734 33.105 39.903 41.221 41.266 41.385 41.486 41.603 41.673 41.737 41.825 41.944 42.016 41.904 41.796 41.712 41.603 41.461 41.461 41.334 41.288 41.152 41.057 40.99 40.811 40.584 40.386 40.147 39.919 39.624 39.435 39.136 38.995 38.689 38.499 38.214 37.898 35.073 31.824 30.872 31.526 31.119 30.531 30.229 30.25 30.229 30.213 30.227 30.185 30.142 30.145 30.116 30.132 30.1 30.093 30.082 30.053 30.007 29.995 29.992 30 29.941 29.96 29.954 29.955 29.912 32.507
31.109 31.078 34.005 33.978 33.521 32.162 39.675 40.974 41.065 41.163 41.182 41.256 41.342 41.458 41.619 41.689 41.74 41.812 41.913 41.943 41.897 41.776 41.663 41.603 41.509 41.401 41.344 41.286 41.187 41.078 40.942 40.799 40.589 40.41 40.14 39.918 39.733 39.568 39.136 38.924 38.754 38.466 38.292 36.109 33.45 32.101 31.263 30.358 30.289 30.431 30.23 30.235 30.193 30.438 30.477 30.185 30.157 30.169 30.125 30.088 30.113 30.054 30.046 30.024 30.022 30.045 30.02 29.979 29.947 29.991 29.928 30.055
31.145 32.514 34.78 31.915 34.125 34.695 39.592 40.621 40.765 40.936 41.017 41.122 41.203 41.288 41.425 41.486 41.527 41.64 41.786 41.832 41.937 41.921 41.877 41.766 41.716 41.622 41.493 41.433 41.337 41.234 41.123 41.066 40.968 40.848 40.659 40.388 40.154 39.944 39.685 39.461 39.235 38.953 38.632 38.557 38.079 36.674 32.762 32.054 31.094 30.404 30.457 30.267 30.397 30.768 31.255 31.302 31.183 30.319 30.157 30.15 30.139 30.072 30.078 30.107 30.082 30.059 30.045 29.992 30.025 29.994 29.97 30.023
31.252 34.333 34.804 34.696 35.271 39.274 39.837 40.101 40.256 40.501 40.769 40.909 41 41.115 41.188 41.312 41.38 41.496 41.601 41.655 41.802 41.816 41.925 41.925 41.869 41.813 41.708 41.668 41.557 41.446 41.32 41.202 41.108 41.044 40.947 40.868 40.657 40.387 40.179 39.927 39.685 39.396 39.166 38.976 38.733 38.472 38.135 36.522 33.795 32.697 31.039 30.328 30.483 30.971 30.298 30.263 30.651 31.261 30.236 30.273 30.149 30.134 30.108 30.106 30.1 30.075 30.077 30.04 30.037 30.016 30.013 29.99
31.291 33.885 32.065 34.692 33.341 38.194 39.374 39.447 39.836 40.043 40.294 40.525 40.678 40.934 41.036 41.117 41.186 41.321 41.406 41.446 41.55 41.612 41.763 41.919 41.988 41.965 41.933 41.812 41.682 41.589 41.508 41.392 41.303 41.213 41.146 41.072 40.95 40.818 40.646 40.369 40.085 39.791 39.634 39.371 39.196 38.951 38.705 38.465 38.118 36.497 33.303 31.477 31.038 31.458 31.097 31.004 30.924 31.475 30.451 30.488 30.98 30.152 30.107 30.11 30.122 30.103 30.124 30.088 30.078 30.042 30.028 30.024
31.373 32.092 32.921 32.96 37.977 38.563 38.982 39.037 39.385 39.521 39.816 39.987 40.296 40.543 40.768 40.926 41.015 41.11 41.177 41.281 41.343 41.451 41.524 41.69 41.785 41.884 41.974 42.022 41.895 41.803 41.675 41.581 41.487 41.37 41.306 41.222 41.101 40.999 40.977 40.832 40.523 40.357 40.084 39.784 39.628 39.327 39.275 38.928 38.718 38.43 38.202 35.689 32.255 34.145 30.552 30.668 31.364 30.49 30.727 30.372 31.158 30.237 30.181 30.147 30.17 30.094 30.131 30.12 30.092 30.092 30.046 30.023
31.264 31.256 31.724 32.751 37.33 38.199 38.413 38.643 38.873 38.996 39.361 39.612 39.782 40.028 40.315 40.503 40.796 40.96 41.05 41.093 41.149 41.241 41.331 41.46 41.597 41.711 41.79 41.893 41.911 41.938 41.87 41.784 41.628 41.608 41.482 41.408 41.293 41.259 41.185 41.03 40.895 40.775 40.516 40.286 40.005 39.807 39.584 39.326 39.186 38.844 38.671 38.433 38.165 35.668 32.054 31.161 30.367 30.778 30.924 31.039 31.211 30.243 30.243 30.171 30.137 30.156 30.125 30.166 30.2 31.094 30.125 30.08
31.303 31.301 31.68 35.096 35.34 37.175 37.758 38.189 38.388 38.698 38.849 39.105 39.381 39.598 39.807 40.039 40.291 40.597 40.758 40.926 41.01 41.115 41.19 41.256 41.429 41.535 41.586 41.697 41.778 41.859 41.943 41.973 41.874 41.715 41.689 41.59 41.536 41.474 41.331 41.177 41.06 40.976 40.829 40.721 40.463 40.282 40.012 39.876 39.591 39.283 39.15 38.908 38.76 38.381 38.212 35.183 30.701 30.773 30.48 31.352 30.316 30.213 30.223 30.204 30.187 30.189 30.197 30.161 30.186 31.506 30.536 30.069
31.343 31.326 31.589 34.958 35.115 34.998 35.665 37.982 38.065 38.219 38.41 38.658 38.916 39.127 39.399 39.647 39.9 40.069 40.26 40.613 40.703 40.915 41.049 41.113 41.221 41.327 41.365 41.523 41.609 41.656 41.819 41.833 41.944 41.957 41.846 41.803 41.703 41.607 41.457 41.361 41.238 41.149 41.04 40.92 40.804 40.683 40.46 40.297 40.05 39.785 39.568 39.348 39.025 38.787 38.628 38.429 38.077 36.458 30.851 30.31 30.332 30.266 30.23 30.24 30.214 30.181 30.229 30.17 30.169 31.122 31.449 30.128
31.415 31.498 34.201 35.133 34.996 34.977 36.834 38.389 38.272 38.106 38.119 38.12 38.459 38.681 38.92 39.189 39.351 39.593 39.805 40.14 40.31 40.58 40.797 40.949 41.033 41.113 41.207 41.269 41.407 41.445 41.604 41.639 41.813 41.852 42.019 42.008 41.958 41.824 41.688 41.525 41.408 41.28 41.229 41.112 40.992 40.915 40.83 40.608 40.401 40.191 39.963 39.773 39.517 39.327 39.099 38.845 38.636 38.339 33.347 30.322 30.324 30.314 30.279 30.281 30.212 30.228 30.248 30.187 30.207 30.195 31.51 30.436
31.408 31.779 34.866 35.094 34.963 35.068 38.696 38.673 38.588 38.419 38.214 38.121 38.07 38.124 38.473 38.602 38.905 39.193 39.353 39.715 39.835 40.079 40.432 40.594 40.846 40.954 41.026 41.151 41.211 41.303 41.421 41.479 41.569 41.701 41.76 41.928 42.063 42.202 41.823 41.712 41.601 41.458 41.328 41.285 41.198 41.099 41.024 40.89 40.851 40.656 40.442 40.235 39.984 39.768 39.525 39.308 39.042 33.289 30.695 30.496 30.462 30.347 30.304 30.287 30.262 30.238 30.267 30.277 30.23 30.19 31.289 30.813
31.419 31.396 32.263 34.562 34.803 35.915 39.005 38.941 38.828 38.662 38.511 38.403 38.226 38.052 38.099 38.142 38.436 38.654 38.91 39.039 39.376 39.576 39.922 40.136 40.341 40.641 40.834 40.899 41.055 41.119 41.205 41.351 41.382 41.49 41.624 41.816 41.866 41.947 41.926 41.886 41.739 41.674 41.584 41.453 41.351 41.272 41.17 41.102 40.966 40.886 40.812 40.663 40.461 40.162 40.045 39.705 39.418 34.039 33.723 34.457 33.571 30.562 30.338 30.319 30.297 30.297 31.303 30.493 30.283 30.222 31.155 31.287
31.476 31.454 31.481 31.541 31.452 33.091 37.36 39.135 39.146 38.981 38.821 38.618 38.49 38.323 38.182 38.012 37.984 38.133 38.378 38.608 38.861 39.145 39.419 39.621 39.875 40.067 40.405 40.68 40.788 40.896 41.045 41.092 41.179 41.362 41.441 41.605 41.567 41.656 41.713 41.816 41.981 42.101 41.76 41.669 41.536 41.523 41.338 41.282 41.164 41.052 40.989 40.88 40.819 40.631 40.505 40.165 35.167 31.705 34.134 31.588 30.494 30.379 30.362 30.345 30.323 30.308 30.874 30.405 30.273 30.238 30.326 30.406
31.51 31.484 31.449 31.425 31.42 31.385 31.4 32.865 37.816 39.275 39.123 38.976 38.755 38.638 38.477 38.375 38.172 38.062 38.059 38.207 38.507 38.69 38.918 39.169 39.404 39.632 39.934 40.194 40.411 40.629 40.838 40.932 41.026 41.168 41.306 41.344 41.389 41.473 41.498 41.641 41.686 41.82 41.902 41.819 41.768 41.685 41.553 41.437 41.323 41.272 41.18 41.076 41.024 40.93 40.893 40.744 32.401 30.501 30.427 30.466 30.449 30.417 30.424 30.382 30.464 34.223 32.38 30.41 30.519 30.279 30.534 30.401
31.534 31.526 31.487 31.483 31.451 31.436 31.426 31.426 31.626 35.24 39.335 39.048 39.11 38.979 38.777 38.611 38.506 38.321 38.115 38.042 37.903 38.153 38.365 38.714 38.89 39.205 39.443 39.673 39.842 40.178 40.398 40.632 40.866 40.982 41.081 41.112 41.168 41.241 41.328 41.395 41.51 41.596 41.7 41.866 42.077 41.855 41.736 41.638 41.554 41.474 41.35 41.276 41.219 41.136 39.938 33.395 30.578 30.549 30.478 30.502 30.456 30.464 30.469 30.401 30.435 33.055 33.73 31.598 30.366 30.684 30.358 31.179
31.554 31.53 31.515 31.509 31.496 31.498 31.492 31.411 31.471 33.615 33.027 31.798 36.597 39.187 39.143 38.994 38.792 38.683 38.478 38.365 38.212 38.045 38.063 38.108 38.429 38.717 38.841 39.218 39.367 39.653 39.887 40.202 40.459 40.704 40.864 40.98 40.984 41.02 41.152 41.206 41.348 41.401 41.53 41.609 41.638 41.826 41.893 41.856 41.736 41.617 41.468 41.466 41.354 41.293 41.244 32.268 30.576 30.569 30.546 30.544 30.5 30.503 30.476 30.536 34.257 34.126 34.444 31.935 30.467 30.346 30.403 31.984
31.58 31.582 31.538 31.543 31.519 31.535 31.513 31.482 31.441 31.409 31.428 31.415 31.793 32.213 33.748 38.662 39.154 38.949 38.814 38.673 38.479 38.336 38.21 38.033 38.066 38.17 38.399 38.7 38.946 39.177 39.443 39.724 39.91 40.294 40.384 40.599 40.776 40.855 40.991 40.992 41.149 41.203 41.356 41.365 41.536 41.646 41.676 41.88 41.755 41.776 41.761 41.651 41.569 41.482 35.296 30.7 30.661 30.633 30.595 30.59 30.525 30.552 30.492 30.475 33.271 34.455 34.088 32.625 31.14 30.34 31.399 31.398
31.617 31.595 31.59 31.56 31.567 31.562 31.498 31.503 31.49 31.459 31.467 31.442 31.404 31.416 31.8 32.904 33.739 39.175 39.143 38.982 38.798 38.672 38.463 38.326 38.174 38.074 38.124 38.106 38.436 38.708 38.987 39.169 39.457 39.678 39.971 40.097 40.376 40.594 40.758 40.842 40.978 41.032 41.123 41.284 41.356 41.419 41.519 41.604 41.68 41.749 41.831 41.84 41.804 39.359 30.95 30.654 30.688 30.665 30.623 30.612 30.582 30.577 30.537 30.518 32.671 34.366 33.782 34.132 30.69 30.429 31.57 31.416
31.658 31.614 31.607 31.581 31.586 31.578 31.536 31.527 31.515 31.489 31.489 31.487 31.441 31.416 31.415 31.427 31.775 33.763 38.818 39.285 39.176 38.968 38.757 38.615 38.499 38.327 38.105 38.054 37.975 38.2 38.505 38.723 39.001 39.201 39.489 39.659 39.843 40.157 40.334 40.638 40.721 40.868 40.971 41.004 41.15 41.217 41.322 41.464 41.533 41.613 41.704 41.898 41.924 35.027 31.642 31.004 31.749 30.848 30.683 30.63 30.606 30.601 30.576 30.581 31.39 33.998 33.241 33.881 31.226 31.511 31.821 30.832
31.653 31.648 31.665 31.618 31.6 31.552 31.572 31.548 31.525 31.511 31.515 31.5 31.469 31.489 31.466 31.449 31.425 31.389 31.376 33.38 39.029 39.282 39.108 38.916 38.843 38.656 38.462 38.321 38.177 38.054 38.058 38.406 38.554 38.708 38.956 39.17 39.46 39.656 39.817 40.114 40.366 40.583 40.779 40.903 40.976 41.064 41.146 41.246 41.354 41.442 41.585 41.725 39.682 32.225 31.407 30.88 30.758 30.681 30.702 30.655 30.654 30.691 30.715 30.592 30.592 32.798 33.989 30.612 30.564 32.007 31.621 30.615
