dsm/se3231_DSM_2M.asc
ncols 500
nrows 500
xllcorner    432000
yllcorner    431000
cellsize     2
NODATA_value -9999
[rows 224 to 255 of 500, columns 72 to 143 of 500]
24.304 24.331 24.5 24.896 24.982 26.266 27.508 31.175 29.175 30.139 30.098 30.003 29.896 29.207 29.512 29.195 29.377 29.148 28.774 28.821 28.899 28.868 28.937 28.918 30.262 29.158 29.025 29.045 29.011 28.941 28.945 29.281 29.421 29.389 29.621 29.619 30.197 30.369 30.072 30.145 30.188 30.196 30.027 30.064 30.071 30.071 30.142 30.147 30.1 29.952 28.524 27.224 26.647 26.477 27.14 27.787 28.453 29.346 30.129 31.058 31.215 30.571 29.584 29.64 30.381 30.772 29.398 27.849 26.569 25.658 26.327 27.214
24.273 24.293 24.503 25.541 25.264 26.608 27.121 26.994 27.253 28.702 29.767 30.658 30.189 29.021 29.239 29.535 29.476 29.393 29.137 28.8 28.939 28.892 28.91 28.931 29.122 29.093 29.151 29.093 28.965 28.981 28.922 29.007 29.421 29.549 29.689 29.653 29.703 30.051 30.027 30.132 30.24 30.259 30.122 30.013 30.07 30.022 30.118 30.177 30.17 29.556 28.299 27.002 26.668 27.451 28.315 28.962 29.579 30.148 31.234 31.797 31.401 31.063 30.369 29.926 31.344 30.945 29.47 27.863 26.734 25.665 26.49 27.846
24.317 24.3 24.356 24.998 25.876 26.467 26.713 26.675 29.875 33.023 34.497 33.213 33.217 29.877 29.318 29.528 29.576 29.401 29.343 29.343 28.932 29.126 29.068 28.954 29.037 29.126 29.361 29.102 29.046 28.965 28.984 29.034 29.439 29.559 30.197 29.814 29.67 29.898 30.149 30.132 30.226 30.177 30.232 30.103 30.092 30.075 30.157 30.164 30.197 30.242 29.273 28.156 28.106 28.404 29.283 29.971 30.766 31.553 31.589 31.609 31.445 31.744 31.562 31.327 31.221 31.02 29.657 28.123 27.286 25.834 26.831 27.85
24.293 24.304 24.163 24.49 25.229 26.669 26.019 25.491 26.374 36.939 37.178 37.969 36.531 30.994 29.802 29.697 29.605 29.184 29.515 29.808 29.663 29.739 29.515 28.987 29.032 29.105 29.122 29.226 29.147 29.042 29.02 29.06 29.208 29.49 29.589 29.647 29.594 29.733 30.225 30.06 30.177 30.258 30.258 30.118 30.088 30.097 30.09 30.961 30.289 30.22 29.619 29.231 28.804 29.667 30.459 31.631 31.97 31.955 31.683 31.725 31.543 31.879 31.954 31.708 31.989 31.45 29.829 28.531 27.54 25.96 26.975 28.045
24.508 24.633 24.415 25.254 25.714 26.608 24.389 24.17 24.534 28.886 36.553 39.369 38.802 36.751 30.136 29.872 29.424 29.227 29.498 30.067 30.225 29.992 29.686 29.151 29.066 29.119 29.346 29.625 29.6 29.144 29.019 29.166 29.257 29.382 29.548 29.898 29.502 29.644 30.015 30.014 30.163 30.306 30.31 30.223 30.183 30.141 30.166 30.27 30.371 30.263 29.664 29.887 29.96 30.515 31.238 32.531 33.493 32.316 31.923 31.761 31.792 31.544 31.909 32.302 31.885 31.185 30.021 28.704 27.367 26.243 27.183 27.811
26.603 24.88 26.428 26.352 25.351 25.29 24.343 24.09 24.089 24.159 28.836 39.302 38.868 36.166 30.593 29.854 29.257 29.496 29.706 30.022 30.043 29.903 29.389 29.093 29.092 29.227 29.407 30.381 30.81 30.258 29.883 29.131 29.236 29.391 29.46 29.473 29.629 29.594 29.764 30.09 30.137 30.227 30.325 30.305 30.213 30.155 30.114 30.193 30.337 30.303 29.763 29.267 29.952 31.555 32.564 33.534 33.963 33.033 32.252 32.137 31.856 31.673 31.836 31.903 31.756 31.515 29.804 28.563 27.468 26.814 27.614 27.957
29.857 28.826 25.627 25.231 24.598 24.643 24.847 24.499 23.966 24.113 27.104 38.79 37.981 32.662 29.915 30.145 29.872 29.37 29.756 29.858 29.761 29.246 28.98 28.986 29.146 29.449 29.884 30.857 31.155 31.018 30.353 29.176 29.125 29.317 29.429 29.535 29.644 29.663 29.686 29.924 30.094 30.18 30.315 30.379 30.219 30.222 30.175 30.222 30.31 30.437 31.029 30.259 30.444 31.726 32.84 33.86 33.944 32.915 32.693 32.694 32.383 32.233 32.371 32.316 32.217 31.681 30.411 28.962 27.551 27.193 27.774 27.798
29.273 29.065 25.35 24.985 25.148 24.686 25.422 25.338 24.133 24.72 24.062 27.128 29.536 30.909 29.638 30.273 30.48 29.758 29.332 29.009 29.249 28.986 28.897 29.05 29.487 29.627 29.835 30.583 31.174 31.038 29.975 29.194 29.067 29.1 29.546 29.593 29.553 29.64 29.668 30.008 30.147 30.188 30.234 30.404 30.352 30.216 30.204 30.174 30.345 30.349 30.44 30.034 30.032 31.445 32.493 33.419 33.269 32.677 32.564 32.699 32.535 32.33 32.448 32.373 32.455 31.876 30.448 29.027 27.673 27.176 27.821 27.655
28.105 28.805 27.931 27.14 26.696 24.827 23.966 24.428 25.77 25.043 23.989 24.32 26.305 27.575 28.762 29.63 30.351 29.88 28.921 29.073 28.993 29.081 29.069 29.218 29.413 29.603 29.859 29.876 30.358 29.928 29.793 29.217 29.023 28.974 29.226 29.656 29.701 29.682 29.672 29.786 30.232 30.21 30.225 30.408 30.442 30.289 30.273 30.222 31.076 30.425 30.275 29.859 29.688 30.866 31.845 33.059 33.057 32.399 32.716 32.616 32.547 32.375 32.508 32.448 32.574 31.726 30.52 28.939 27.323 26.87 27.524 27.594
27.623 28.336 27.81 27.997 29.205 27.525 24.411 23.872 25.649 25.44 25.297 24.772 26.519 26.843 28.03 28.834 29.795 30.198 29.547 29.127 28.931 28.959 29.06 29.042 29.455 29.492 29.905 29.791 29.79 29.65 29.646 29.351 29.091 29.042 29.015 29.32 29.567 29.52 29.811 29.755 29.937 30.152 30.258 30.306 30.42 30.357 30.232 30.295 30.335 30.546 30.295 29.868 29.414 30.286 31.455 32.628 32.959 32.821 32.912 32.864 32.564 32.625 32.888 33.143 32.785 31.478 29.923 28.596 26.919 26.848 27.35 27.439
29.094 29.186 27.254 27.391 29.144 28.186 24.505 24.004 24.449 25.617 26.511 25.576 26.118 26.63 27.169 28.068 28.698 29.51 29.494 29.221 29.226 29.187 29.087 29.117 29.306 29.604 29.919 29.998 29.837 29.76 29.746 29.468 29.349 29.152 29.148 29.126 29.496 29.831 29.738 29.667 29.733 30.208 30.261 30.287 30.465 30.479 30.311 30.283 30.315 30.349 30.357 30.76 30.992 29.767 30.524 31.561 32.783 33.361 33.242 33.201 32.892 32.948 32.99 33.382 32.586 31.298 29.627 28.128 26.864 26.557 27.276 27.359
29.043 30.112 28.628 26.017 28.455 28.423 29.391 25.663 24.593 24.263 26.505 26.387 26.189 26.451 26.812 27.162 27.868 28.718 29.326 29.245 29.197 29.07 29.004 28.971 29.183 29.375 29.679 29.881 29.659 29.544 29.676 29.54 29.275 29.17 29.051 28.972 29.426 29.596 29.62 29.723 29.819 30.594 30.319 30.279 30.398 30.413 30.381 30.31 30.368 31.064 30.304 31.621 31.517 29.735 29.793 30.459 31.411 32.372 33.095 33.08 32.701 32.871 32.736 32.598 31.63 30.729 29.291 27.918 26.26 26.2 27.21 27.255
26.229 28.611 29.715 28.998 29.098 30.349 29.47 25.91 24.988 24.746 25.365 25.916 26.42 26.329 26.534 26.643 27.262 28.017 28.741 28.85 28.968 29.414 29.201 29.083 28.998 29.189 29.403 29.441 29.663 29.73 29.816 29.91 29.749 29.601 29.207 29.019 29.136 29.445 29.565 29.71 29.69 30.023 30.157 30.297 30.339 30.446 30.493 30.338 30.357 30.365 30.213 30.464 30.265 30.01 30.582 29.677 29.79 30.842 31.803 32.562 32.826 32.147 32.086 31.229 30.462 29.455 28.221 27.037 26.109 26.058 27.138 27.257
24.634 27.191 29.434 29.846 29.854 30.6 27.828 25.946 26.836 27.689 24.65 24.179 25.74 26.322 26.258 26.493 26.646 27.33 28.261 28.473 28.578 29.211 29.252 29.252 29.037 29.083 29.255 29.667 29.883 29.951 29.89 30.024 30.077 30.054 29.651 29.322 29.182 29.398 29.58 29.705 29.604 29.738 30.149 30.224 30.393 30.438 30.477 30.371 30.336 30.312 30.252 30.398 30.112 29.783 29.335 28.416 28.831 30.002 30.392 31.188 31.268 30.933 30.732 29.841 29.074 28.086 27.478 26.669 26.305 27.005 27.224 27.158
25.768 30.2 29.048 31.504 29.949 28.375 28.762 27.266 27.736 28.143 26.015 24.464 24.38 25.85 26.273 26.068 26.445 26.633 27.877 28.13 28.289 28.626 29.362 29.342 29.384 29.306 29.537 29.645 29.809 29.852 30.072 30.201 30.42 30.137 29.892 29.74 29.415 29.379 29.566 29.66 29.611 29.795 30.473 30.384 30.354 30.446 30.522 30.51 30.306 30.342 30.274 30.28 30.138 31.274 29.557 28.549 27.907 28.696 29.436 30.002 29.979 29.767 28.977 28.637 27.68 27.306 26.563 26.597 26.732 27.157 27.233 27.137
27.167 33.8 33.772 33.681 30.551 30.338 30.631 25.333 27.066 27.333 26.345 27.351 26.397 25.505 25.968 26.383 26.263 26.533 26.508 27.231 28.03 28.799 29.036 29.185 29.533 29.717 29.744 29.597 29.933 30.052 30.285 30.386 30.432 30.402 30.193 29.915 29.482 29.349 29.328 29.564 29.749 29.948 30.017 30.411 30.402 30.441 30.531 30.494 30.37 30.356 30.286 30.322 30.358 30.142 29.062 28.644 28.565 28.196 28.39 28.731 28.134 27.984 27.968 27.306 27.088 26.951 26.682 26.839 27.145 27.011 26.981 26.951
31.324 33.568 33.451 34.111 30.404 31.258 30.886 30.551 25.493 28.585 29.078 28.469 27.406 24.936 24.89 26.287 26.496 26.147 26.364 26.585 27.515 27.961 29.203 29.573 29.475 29.67 29.719 29.652 29.671 29.957 30.193 30.017 30.169 30.318 30.301 30.407 29.882 29.497 29.354 29.545 29.881 29.985 29.923 29.962 30.211 30.445 30.523 30.448 30.394 30.434 30.445 30.413 30.21 30.003 29.325 28.919 28.733 28.537 27.931 27.66 27.023 27.077 27.172 27.189 26.992 26.897 27.042 27.005 26.93 26.885 26.97 26.994
31.185 25.698 26.978 28.787 32.096 29.595 29.619 24.744 26.252 24.138 27.651 27.554 26.167 26.631 25.646 25.993 26.346 26.301 25.919 25.982 26.674 27.074 28.097 28.914 29.574 29.441 29.565 29.594 29.599 29.941 30.22 30.321 30.142 30.372 30.474 30.536 30.175 29.653 29.408 29.52 30.49 30.388 29.909 29.755 30.242 30.456 30.472 30.449 30.472 30.427 30.405 30.489 30.261 29.918 29.16 29.098 28.621 28.32 26.878 27.208 27.251 27.319 27.417 27.304 27.129 26.87 26.882 26.793 26.856 26.92 26.988 26.995
27.828 31.25 32.768 32.479 31.849 28.735 26.502 28.849 24.18 24.357 26.388 25.027 27.897 28.516 27.542 25.55 25.914 26.055 26.143 25.995 26.024 26.474 27.191 27.816 28.75 28.663 28.492 29.716 29.778 29.819 29.876 30.173 30.293 30.418 30.611 30.571 30.06 29.434 29.435 29.65 31.177 32.005 30.208 30.022 31.147 30.661 30.443 30.549 30.49 30.471 30.442 30.484 30.189 29.91 29.13 28.805 28.633 27.788 26.538 26.828 27.395 27.496 27.646 26.878 26.574 26.704 26.761 26.803 26.843 26.86 26.922 26.449
30.972 31.548 28.639 31.434 28.509 30.405 31.699 29.404 25.868 24.414 27.791 28.831 25.726 28.014 25.776 24.411 24.067 25.332 25.863 26.096 25.844 26.144 26.178 27.102 27.384 27.547 27.575 29.098 29.313 29.688 29.712 30.183 30.81 30.891 30.448 30.317 29.486 29.548 29.576 29.578 30.161 30.702 30.063 30.047 30.556 30.355 30.478 30.57 30.554 30.493 30.488 30.191 30.156 29.973 29.014 28.82 28.347 27.331 26.157 25.894 26.534 26.556 26.392 26.393 26.566 26.648 26.718 26.715 26.78 26.871 26.33 25.758
28.257 29.418 34.041 33.084 31.601 26.229 27.707 30.181 24.294 23.882 26.683 29.139 27.634 24.478 24.117 24.35 24.303 24.267 24.877 25.945 26.028 25.382 25.51 25.843 26.81 27.095 28.165 30.399 30.014 29.746 30.086 30.827 31.263 31.301 30.902 30.736 30.153 29.667 29.73 29.638 29.792 29.997 30.203 30.132 30.261 30.337 30.465 30.575 30.56 30.505 30.481 30.243 30.157 30.16 29.498 28.865 28.737 27.419 26.064 25.988 26.153 26.221 26.331 26.473 26.502 26.55 26.594 26.842 26.706 25.933 25.468 25.499
32.822 32.081 33.124 30.664 27.706 31.053 30.063 29.184 25.065 25.231 28.169 27.727 26.461 24.619 24.159 24.323 24.385 24.474 24.438 24.275 25.465 25.69 25.724 25.643 25.595 26.615 29.078 29.612 30.233 29.725 30.451 30.817 31.013 31.179 31.233 31.16 31.014 30.257 29.625 29.914 30.071 30.153 29.99 30.012 30.215 30.318 30.446 30.527 30.656 30.678 30.54 30.655 30.19 30.171 30.111 29.412 28.527 28.043 26.606 26.066 26.098 26.232 26.219 26.296 26.372 26.462 26.307 26.096 25.499 25.107 25.199 25.33
34.045 33.497 32.816 31.218 30.921 31.029 28.862 28.285 27.523 27.506 25.144 27.829 27.801 24.333 24.218 24.634 24.738 24.514 24.434 24.671 24.385 25.715 25.95 25.639 25.442 25.503 26.293 27.866 27.685 28.722 29.183 30.104 30.367 31.021 31.08 31.315 31.905 32.046 29.669 29.912 30.005 29.999 29.969 29.983 30.224 30.505 30.506 30.489 30.603 30.554 30.554 30.369 30.503 30.098 30.326 29.111 27.814 27.082 26.096 25.905 25.993 26.021 26.083 26.184 26.302 25.765 25.4 24.853 24.912 24.805 24.871 25.11
31.642 32.679 31.697 30.175 28.518 27.876 29.231 25.776 24.953 26.695 26.946 27.806 24.431 24.164 24.255 24.589 24.976 24.668 24.311 24.471 24.395 25.166 25.674 26.04 25.488 25.276 25.735 26.285 26.563 27.132 28.508 29.047 29.804 30.519 31.082 31.38 32.644 32.061 31.171 30.095 30.084 29.77 29.643 30.019 30.082 30.559 30.644 30.481 30.584 30.662 30.683 30.589 30.644 30.105 29.873 28.735 27.571 26.042 25.603 25.773 25.833 25.922 25.991 26.029 25.491 24.769 24.057 24.099 24.117 24.047 24.409 24.462
30.82 31.338 29.487 30.578 30.184 26.158 26.165 25.773 25.968 24.74 24.92 26.746 25.045 23.762 24.408 24.781 24.454 24.586 24.314 24.295 24.354 24.077 24.05 25.169 25.693 25.892 25.308 25.261 25.386 26.231 27.533 27.798 28.409 29.263 30.317 30.747 30.63 30.307 31.476 29.766 29.241 29.137 29.05 29.674 29.958 30.262 31.183 30.729 30.578 30.64 30.701 30.575 30.413 30.049 29.625 28.723 26.956 25.716 25.601 25.824 25.561 25.792 25.13 24.84 24.134 23.58 23.567 23.388 23.581 23.508 23.637 23.739
29.043 30.268 34.899 26.826 26.659 25.499 26.54 26.516 25.69 24.533 27.521 27.122 25.76 23.704 23.881 24.073 24.087 24.261 24.376 24.342 24.244 24.252 24.063 24.382 25.337 25.616 25.56 25.145 25.284 25.41 25.962 26.757 27.347 28.543 28.657 29.605 30.114 30.091 29.891 28.774 28.615 28.114 28.467 28.886 29.255 29.389 30.013 30.554 30.845 30.678 30.671 30.687 30.546 30.024 29.585 29.543 28.63 25.484 25.461 25.509 24.817 24.266 23.718 23.45 23.011 23.087 23.262 23.074 22.915 23.325 23.545 23.628
28.702 30.773 27.525 24.665 24.643 24.728 25.851 25.731 24.391 24.579 27.113 25.754 26.051 24.097 23.743 23.758 24.097 24.11 24.151 24.345 24.051 23.914 26.517 26.835 24.125 24.927 25.542 25.607 25.364 25.134 25.623 26.091 26.388 27.043 27.353 28.074 28.862 29.357 29.578 28.729 27.064 27.028 27.154 28.065 27.89 28.316 29.224 31.723 30.557 30.61 30.665 30.72 30.49 30.287 29.223 28.074 26.44 25.351 25.267 24.638 25.574 24.717 23.247 23.298 23.336 23.275 23.397 23.162 23.169 23.362 23.71 23.469
29.155 25.816 27.138 27.083 23.994 23.624 24.543 25.734 24.35 25.835 24.665 26.577 27.155 24.344 23.761 23.684 23.944 23.874 26.597 28.477 25.126 23.933 24.271 26.03 24.168 23.96 24.164 25.492 25.395 25.399 25.37 25.085 25.779 26.281 26.38 26.553 27.505 28.055 28.293 27.681 26.11 25.778 25.935 26.111 26.613 27.496 28.657 31.92 31.418 30.628 30.68 30.699 30.639 30.216 29.21 27.878 26.607 25.463 24.515 24.33 26.886 24.742 23.207 23.143 23.335 23.461 23.185 23.256 23.236 23.151 23.352 23.006
28.641 26.984 26.254 27.955 28.362 24.875 25.941 24.897 27.113 25.669 23.826 25.573 24.965 24.375 23.962 23.729 23.559 23.83 26.773 27.556 27.943 24.282 23.926 24.042 23.998 24.149 23.955 24.866 24.216 25.313 25.647 25.279 25.246 25.363 25.342 26.113 25.943 26.812 26.917 26.927 26.588 26.122 24.817 25.177 25.952 27.364 28.521 30.549 31.087 30.628 30.644 30.692 30.64 31.188 31.751 28.925 26.599 24.969 23.883 23.451 23.723 23.56 22.738 23.37 23.166 23.135 22.994 23.22 23.201 22.88 22.881 23.149
-9999 -9999 -9999 27.213 26.184 27.154 26.392 27.269 27.525 25.091 23.839 26.434 26.834 26.03 24.26 23.933 23.743 23.889 24.988 24.346 24.213 23.832 23.878 23.743 27.249 26.872 26.804 26.124 23.784 23.57 25.135 25.248 25.148 25.572 25.265 25.306 25.298 25.39 25.445 25.776 25.434 25.715 25.744 24.963 25.737 26.602 28.033 29.993 30.863 30.731 30.654 30.76 30.719 30.998 29.921 28.635 27.249 25.374 23.166 22.996 22.904 22.933 22.915 23.111 22.739 23.003 23.243 22.725 23.383 23.198 22.968 24.459
-9999 -9999 -9999 -9999 25.967 24.905 26.554 27.465 26.262 24.653 24.607 26.299 26.725 29.633 24.405 24.199 23.834 23.77 23.89 23.925 23.839 23.884 23.908 24.117 27.972 29.416 26.313 24.063 23.553 23.383 23.39 23.634 23.782 25.617 25.433 25.356 25.378 25.301 25.22 25.36 25.171 24.928 25.53 25.082 25.118 25.079 25.267 28.067 26.056 30.873 30.674 30.771 30.84 30.851 31.147 28.22 23.06 22.882 22.892 23.63 22.824 22.652 22.73 22.651 22.898 23.042 23.556 22.909 22.44 22.738 23.094 28.537
-9999 -9999 -9999 25.82 25.018 29.181 25.675 26.841 25.324 26.49 28.287 26.314 29.579 28.155 25.091 24.751 24.055 23.774 23.695 23.592 23.61 23.806 23.858 23.848 26.239 27.36 24.849 23.617 23.421 23.349 23.358 23.313 23.362 23.652 23.914 24.742 25.227 25.08 25.298 25.182 25.309 25.279 25.036 25.184 24.961 24.774 24.527 24.551 24.567 30.004 30.671 30.811 30.703 30.884 25.963 22.571 22.233 22.335 22.626 22.865 22.61 22.593 22.508 22.81 22.664 22.564 22.567 22.93 22.865 22.773 23.353 29.325
