dsm/se3238_DSM_2M.asc
ncols 500
nrows 500
xllcorner    432000
yllcorner    438000
cellsize     2
NODATA_value -9999
[rows 341 to 371 of 500, columns 420 to 489 of 500]
129.732 129.729 129.72 129.695 129.685 129.652 129.642 129.605 129.616 132.297 135.127 137.531 138.273 135.619 139.221 133.39 136.502 136.081 137.367 136.969 136.91 133.319 132.42 132.36 135.424 136.835 137.198 137.079 137.199 136.404 137.269 143.181 145.148 146.351 145.681 147.533 145.922 146.098 145.533 141.132 144.015 144.489 144.983 146.467 137.97 146.994 146.273 145.339 147.649 149.193 149.298 148.439 147.533 143.803 137.42 130.762 140.504 145.624 148.261 148.656 143.556 146.579 145.868 144.422 145.413 139.492 127.844 125.97 132.748 140.994
129.711 129.681 129.717 129.691 129.662 129.653 129.615 129.574 129.572 131.279 132.741 137.565 139.197 138.683 140.231 138.332 137.541 137.006 137.093 136.476 134.983 132.65 130.156 132.561 135.598 136.679 137.075 137.402 137.282 136.227 135.311 141.583 143.229 144.499 147.475 149.016 147.496 148.768 147.063 148.286 144.951 136.809 132.379 136.228 143.051 144.049 142.64 147.28 142.819 144.758 149.445 149.495 147.012 137.889 133.264 128.545 133.541 144.223 146.476 147.072 141.386 146.29 144.665 132.399 134.239 127.437 127.356 134.132 132.501 134.329
129.711 129.705 129.691 129.706 129.679 129.637 129.587 129.609 129.639 134.987 132.47 139.374 140.337 139.259 139.196 138.924 137.706 137.808 136.994 135.626 134.304 132.676 129.924 132.209 135.474 135.917 135.876 136.266 136.251 136.13 135.064 136.602 140.361 145.634 147.225 148.369 145.446 144.962 148.013 148.261 145.248 136.73 143.762 136.097 143.373 146.361 144.112 145.65 147.419 146.92 144.395 147.303 144.684 138.309 129.672 131.953 133.388 136.215 142.501 145.342 140.333 135.942 142.93 129.631 131.929 127.539 132.014 133.205 138.912 131.898
129.704 129.699 129.649 129.666 129.66 129.621 129.599 129.579 129.542 129.386 130.309 136.251 140.237 140.038 138.083 137.031 137.702 137.454 136.763 135.398 134.481 133.979 131.29 130.267 134.275 134.071 134.785 134.965 134.97 134.874 134.775 141.28 146.419 147.969 147.482 145.798 147.9 144.864 145.632 145.923 148.931 147.137 150.109 149.545 139.772 133.997 147.075 147.401 148.026 148.911 150.171 148.097 147.009 142.198 132.767 134.631 133.017 142.71 143.45 143.742 140.224 146.577 144.08 138.484 139.32 133.477 131.313 137.265 142.575 137.115
129.674 129.652 129.644 129.638 129.612 129.607 129.568 129.558 129.601 132.273 134.997 136.57 137.022 137.647 138.08 140.041 139.562 137.116 134.728 130.991 134.384 133.948 132.295 131.983 131.184 129.832 129.859 129.441 129.059 129.008 129.952 139.738 148.229 148.72 148.901 147.565 148.701 147.458 143.986 146.424 146.746 149.031 148.653 147.198 138.027 133.904 148.64 148.014 133.999 145.885 149.714 134.538 144.272 142.814 129.945 130.558 136.015 142.714 145.866 145.518 145.345 142.31 146.191 145.485 142.619 143.835 142.224 142.423 141.638 138.991
129.632 129.638 129.632 129.628 129.588 129.589 129.581 129.566 129.601 134.42 137.381 136.456 138.618 138.429 138.8 140.978 140.215 137.716 134.431 129.375 131.188 129.915 131.068 129.85 129.375 129.082 129.06 130.244 129.692 129.042 130.224 132.317 145.443 147.955 147.979 147.462 148.978 149.147 144.636 144.959 149.321 150.543 148.731 150.004 146.022 148.186 146.46 147.97 140.962 142.641 140.763 144.36 145.413 139.688 128.675 127.159 131.428 144.15 145.611 145.808 145.008 146.549 145.949 142.652 143.712 143.56 141.695 140.606 133.111 134.947
129.625 129.687 129.615 129.598 129.586 129.565 129.551 129.536 129.53 129.482 133.111 137.531 136.466 136.095 137.337 139.499 141.108 136.391 131.864 132.699 132.411 136.946 138.159 129.215 129.057 129.067 129.035 129.04 128.998 128.977 129.247 133.205 142.466 142.092 147.902 141.309 143.542 148.916 147.546 147.694 148.785 147.998 150.297 149.826 146.772 138.946 147.475 147.952 147.361 145.944 145.468 148.023 145.669 132.547 127.306 127.168 129.892 140.124 141.36 142.45 143.837 144.779 141.63 141.469 139.42 136.136 136.778 135.633 138.147 135.78
132.224 133.478 133.841 130.828 129.524 129.489 129.468 129.452 129.494 129.344 130.278 135.564 137.198 137.079 137.923 139.145 139.278 137.662 133.167 132.995 135.103 134.765 132.555 129.016 129.058 129.024 129.05 129.052 129.033 128.928 129.222 132.801 135.56 145.581 144.181 146.893 141.477 144.191 146.646 145.678 147.015 145.148 149.274 148.768 145.818 146.777 146.795 137.408 147.426 144.955 147.996 147.521 144.136 130.279 127.194 127.148 127.036 130.948 131.279 139.104 140.145 140.093 139.966 137.99 134.666 131.624 130.296 132.924 127.226 126.017
138.649 138.832 135.625 137.019 129.61 129.368 129.355 129.355 129.503 129.446 130.221 134.637 137.555 139.197 140.303 141.637 140.628 132.362 135.23 132.51 134.049 132.219 132.323 129.573 129.061 129.039 129.049 129.023 128.957 128.933 132.017 133.103 135.765 145.539 142.796 144.832 148.118 141.061 146.763 146.236 142.896 144.37 147.498 139.687 137.176 142.216 139.401 140.991 140.928 147.758 145.479 145.013 138.65 127.464 127.224 127.177 127.124 127.032 126.966 129.056 135.06 130.055 129.953 126.546 126.468 126.407 126.351 126.264 126.176 126.107
145.18 145.828 143.035 143.06 142.17 133.59 138.111 133.248 139.824 137.832 135.04 139.815 141.582 143.372 143.714 143.268 142.924 139.742 134.351 138.405 134.331 133.773 130.43 132.181 130.309 129.064 129.056 129.053 130.004 131.633 130.463 133.237 134.19 139.449 145.738 143.436 144.47 144.841 146.184 145.401 146.145 143.561 137.712 133.646 129.237 130.206 130.432 140.484 145.343 145.495 144.57 142.601 133.38 127.351 127.281 127.2 127.106 127.044 126.961 126.856 126.826 126.716 126.702 126.572 132.264 134.966 136.593 135.51 129.837 138.449
148.27 148.341 145.078 142.295 142.549 142.06 140.985 144.208 144.096 143.27 142.888 143.28 145.449 144.912 137.02 141.823 143.757 143.883 143.754 140.261 136.621 134.588 130.373 134.209 134.389 131.182 131.344 131.275 130.898 129.555 129.466 131.927 132.847 133.098 135.575 142.429 143.23 143.467 142.228 143.074 140.015 131.291 129.437 128.089 131 129.974 129.798 138.666 136.683 140.232 142.913 141.028 128.856 127.338 127.288 127.18 127.126 127.006 126.971 126.897 126.791 126.716 126.612 126.554 132.173 134.653 140.414 142.069 143.858 145.374
149.081 148.921 148.208 148.622 146.487 143.811 144.934 146.704 146.01 146.715 147.15 136.834 137.627 143.603 140.987 144.839 145.35 145.322 145.76 144.448 135.752 135.395 129.454 130.726 129.972 129.552 129.442 128.875 128.766 128.78 128.744 129.157 128.617 128.615 128.534 132.006 131.979 128.648 128.788 129.711 128.272 128.271 128.179 128.181 128.057 128.005 127.931 127.829 130.217 136.314 129.43 127.549 127.461 127.321 127.277 127.181 127.14 127.024 126.938 126.857 126.765 126.706 126.613 126.519 126.756 136.381 141.513 146.218 143.629 144.761
148.975 148.656 148.611 148.8 146.627 145.099 146.76 147.62 146.709 147.302 146.936 146.51 146.839 145.322 138.91 141.614 144.707 145.496 145.628 145.458 140.971 132.03 128.87 128.892 128.847 128.803 128.789 128.736 128.722 128.749 128.736 128.75 128.708 128.69 128.59 128.534 128.469 128.448 128.449 128.35 128.331 128.222 128.254 128.116 128.093 127.97 127.898 127.84 127.728 127.658 127.565 127.497 127.407 127.38 127.265 127.248 127.118 127.109 126.993 126.932 127.24 127.26 127.164 127.397 136.537 140.529 143.709 147.528 147.116 146.782
148.353 147.878 148.569 148.423 146.42 145.028 146.35 147.28 147.939 147.108 146.108 145.862 146.553 146.25 142.647 141.699 143.405 144.837 144.581 144.096 140.507 130.894 128.801 128.869 128.821 128.809 128.785 128.82 128.749 128.747 128.727 128.713 128.681 128.679 128.587 128.544 128.54 128.475 128.443 128.367 128.297 128.309 128.889 128.232 128.054 127.984 127.903 127.87 127.814 127.668 127.642 127.864 127.678 127.468 127.76 127.468 127.853 127.559 127.298 127.163 127.045 127.036 126.898 127.086 141.226 143.303 146.885 146.815 145.581 146.634
146.988 147.175 147.629 147.382 145.663 143.039 145.133 145.179 146.877 144.225 141.6 144.964 146.058 145.988 145.864 144.712 141.4 141.926 143.048 142.577 132.587 129.632 128.857 128.866 128.867 128.868 128.855 128.855 128.79 128.805 128.766 128.76 128.699 128.672 128.604 128.547 128.693 128.449 128.669 128.362 130.534 134.197 135.586 136.225 130.092 128.046 127.991 128.262 128.015 127.805 127.73 127.798 127.83 127.6 127.495 127.414 127.337 127.231 127.124 127.043 126.907 126.815 126.732 126.702 136.874 140.657 144.571 146.234 145.325 143.227
145.192 145.185 144.785 144.902 143.955 142.987 142.242 141.133 142.505 142.324 142.332 143.518 143.47 143.999 140.513 140.392 133.236 137.959 134.359 130.877 129.696 128.937 128.943 128.877 128.922 128.891 128.85 128.844 128.806 128.783 128.736 128.739 128.679 128.632 128.598 129.114 133.116 128.761 132.297 128.415 132.91 137.301 140.48 140.26 136.308 129.283 128.113 128.003 127.907 127.813 127.753 127.644 127.568 127.473 127.38 127.294 127.17 127.229 126.976 126.84 126.768 126.637 126.584 126.518 126.512 131.907 143.179 144.123 145.098 139.527
141.987 141.971 141.823 141.731 137.881 140.457 133.609 137.703 139.481 139.237 140.439 137.982 141.373 137.87 134.327 130.721 128.99 129.028 128.991 128.976 128.946 128.925 128.937 128.902 128.879 128.917 128.852 128.799 128.861 128.735 128.693 128.71 128.712 128.761 134 142.731 144.926 145.677 139.494 129.952 133.404 137.888 139.705 140.031 136.577 128.767 128.009 127.881 127.71 127.682 127.595 127.547 127.468 127.502 127.286 127.178 127.081 126.955 126.83 126.708 126.582 126.512 126.425 126.379 126.334 126.798 139.367 138.686 135.649 130.935
141.331 140.933 138.303 138.835 131.54 130.194 128.985 130.566 131.422 131.609 131.718 130.712 131.46 131.659 129.089 129.503 128.991 129.015 128.976 128.953 128.918 128.904 128.918 128.889 129.32 128.834 128.821 128.866 128.841 129.053 136.473 135.764 138.804 134.049 138.026 143.256 146.707 148.888 148.597 140.229 133.618 138.25 138.828 138.744 132.001 127.891 127.799 127.754 127.646 128.237 127.45 127.423 127.321 127.234 127.125 127.047 126.93 126.79 126.669 126.503 126.396 126.498 126.888 126.256 126.212 126.219 126.275 126.265 126.264 126.011
129.286 130.848 135.998 137.145 129.039 129.004 129.008 129.026 129.013 128.996 129.035 128.984 129.003 132.821 129.28 128.978 129.186 129.343 128.902 128.877 128.861 128.865 128.909 128.903 140.437 129.506 128.93 129.375 128.828 128.863 135.8 139.667 141.614 141.135 140.055 143.756 147.264 147.325 149.569 148.502 134.336 136.187 135.321 130.896 128.883 127.781 127.671 127.654 127.543 127.451 127.336 127.272 127.191 127.054 126.942 126.831 126.71 126.602 126.502 126.392 126.95 136.012 129.965 126.088 126.263 126.329 126.381 126.274 126.11 125.945
128.919 128.916 128.938 128.952 128.941 128.947 128.949 128.975 128.979 129.061 131.149 129.947 129.216 140.478 141.054 137.947 137.297 140.443 131.839 128.995 128.981 128.972 129.118 130.067 145.965 145.911 143.379 139.259 128.936 130.252 134.103 138.793 140.585 139.45 138.068 135.29 147.403 149.106 147.968 149.524 147.922 128.217 132.476 128.63 127.781 127.77 128.592 130.203 127.472 127.309 127.202 127.089 126.971 126.849 126.763 126.665 126.553 126.448 126.326 126.211 126.113 129.197 126.089 125.958 126.035 126.207 126.155 126.161 125.933 125.829
129.56 132.035 129.12 129.056 129.051 129.043 129.061 129.069 132.402 137.781 138.905 137.771 141.584 144.351 144.928 145.697 144.239 142.209 131.318 128.748 128.807 128.638 128.573 128.562 144.328 146.762 145.872 140.706 132.424 128.7 133.727 136.992 137.606 138.36 139.952 142.906 146.201 148.677 146.818 147.347 147.478 130.211 136.81 128.32 127.832 131.114 132.508 132.122 127.295 127.089 127.015 126.907 126.775 126.689 126.562 126.46 126.336 126.228 126.13 126.058 125.978 125.938 125.881 125.807 125.736 125.782 125.936 125.934 125.785 125.735
133.181 132.32 131.005 129.084 128.901 130.887 139.439 138.55 137.989 137.569 138.039 140.302 142.636 145.619 146.261 147.553 149.369 145.989 141.416 129.252 128.661 128.613 128.518 139.505 146.345 148.6 147.091 145.908 133.561 128.895 129.938 135.492 131.402 130.545 141.404 143.35 146.577 142.883 146.704 145.252 143.815 139.107 130.623 127.593 127.524 130.336 131.891 129.207 127.028 127.026 126.91 126.755 126.723 126.616 126.242 126.194 126.084 126.001 125.905 125.874 125.829 125.814 125.762 125.661 125.614 125.574 125.594 125.602 125.631 125.594
143.857 134.764 129.648 132.038 142.571 144.525 145.412 144.467 140.235 138.053 138.246 142.548 145.3 144.867 148.609 149.143 148.669 148.597 149.004 133.621 128.611 128.835 139.655 142.977 143.733 149.717 149.497 147.094 145.892 132.478 128.912 128.11 128.492 128.427 139.993 140.029 141.371 141.742 143.5 143.454 143.676 137.544 130.27 127.427 127.279 127.189 127.163 127.085 126.904 126.911 126.649 126.583 126.365 126.221 126.004 125.904 125.792 125.785 125.701 125.709 125.707 125.641 125.625 125.519 125.482 125.468 125.44 125.431 125.478 125.443
145.703 133.554 128.9 134.459 144.876 144.766 145.648 145.778 142.439 139.714 138.43 138.239 146.18 148.422 149.459 149.912 149.356 149.022 144.598 140.01 130.774 135.852 138.596 148.87 149.428 149.585 149.658 149.086 145.096 142.835 130.831 127.797 127.878 127.746 127.856 127.921 129.532 139.73 143.179 143.015 134.728 136.015 132.537 129.873 127.117 126.869 126.804 126.703 126.787 126.514 126.415 126.162 126.002 125.948 125.8 125.761 128.253 127.815 125.567 125.56 125.562 125.567 125.506 125.393 125.369 125.348 125.321 125.31 125.361 125.383
147.69 132.421 128.801 139.956 146.644 147.896 146.658 149.68 144.491 141.136 137.004 136.208 144.932 148.33 149.341 149.711 148.719 148.936 146.831 141.874 128.641 136.888 142.731 148.687 146.942 150.041 148.963 147.686 144.181 140.953 129.267 127.637 127.661 127.53 127.449 127.454 135.559 138.329 140.967 134.468 141.515 144.417 143.43 141.785 130.8 126.791 126.445 126.404 126.371 126.138 126.445 125.903 125.78 125.735 125.648 125.533 127.818 128.473 125.436 125.406 125.379 125.395 125.283 125.249 125.285 125.397 125.375 125.212 125.178 125.255
148.298 137.426 128.901 134.123 145.336 148.623 149.013 143.414 149.204 143.722 131.466 136.718 135.055 146.814 147.295 148.031 149.009 146.883 138.811 128.217 128.034 134.981 145.782 147.518 148.424 149.536 147.775 146.783 144.183 132.193 127.457 127.478 127.404 127.299 127.178 127.16 128.356 134.692 137.641 139.255 144.94 146.474 145.943 144.523 141.036 131.222 128.753 129.978 134.624 133.324 127.801 126.25 125.55 125.464 125.409 125.333 125.273 129.181 127.251 125.995 125.176 125.19 125.189 125.174 128.789 131.598 132.071 126.972 125.086 125.13
148.567 140.479 134.557 143.585 146.704 148.446 149.5 149.994 148.279 142.592 140.355 139.667 138.391 143.883 147.368 148.465 141.748 138.431 132.876 128.04 132.293 138.656 139.573 145.482 146.947 148.093 148.105 146.814 137.813 127.438 127.376 127.272 127.159 127.056 126.95 126.812 126.814 126.732 135.277 141.596 145.935 146.481 146.384 144.387 140.458 135.122 131.75 135.011 136.273 138.158 133.704 126.251 125.322 125.268 125.194 125.124 126.63 130.892 131.4 133.025 125.31 125.078 125.095 125.808 137.125 140.98 140.46 136.385 125.387 124.962
148.033 141.862 141.339 145.527 146.862 146.993 148.496 149.155 145.413 139.717 140.661 141.825 138.23 136.043 144.636 144.062 138.265 133.193 132.703 135.854 133.879 139.171 138.669 141.855 142.644 142.145 142.959 136.66 134.809 128.891 127.315 127.137 126.95 126.801 126.7 126.571 126.505 126.623 135.641 143.643 145.578 146.392 146.031 145.447 139.344 132.551 131.182 135.109 139.246 140.074 138.41 128.041 125.129 125.067 125.045 125.052 131.83 135.562 135.839 137.239 128.001 124.941 124.861 125.897 137.686 141.104 141.827 142.195 140.263 127.436
144.296 140.095 132.043 134.224 144.886 145.362 146.861 147.095 135.176 138.521 139.018 139.895 135.213 135.625 133.905 130.259 129.207 129.746 136.431 136.684 137.872 138.197 139.015 139.429 140.397 139.104 136.978 134.284 131.531 130.079 127.583 126.967 126.756 126.598 126.439 126.31 126.227 126.1 126.268 141.463 144.991 144.53 145.029 143.146 139.787 130.362 130.951 134.541 138.134 140.233 137.258 127.177 124.934 124.952 124.941 128.825 135.413 140.106 144.031 143.411 135.949 126.202 124.604 124.95 134.93 139.816 142.447 144.816 145.327 140.158
140.03 137.788 128.499 128.643 130.336 140.769 141.18 141.436 128.342 128.821 130.798 129.11 129.787 128.7 128.046 127.978 128.881 133.716 133.687 137.621 138.193 138.494 138.469 137.497 139.294 139.997 139.282 134.17 131.021 130.294 127.662 126.869 126.731 126.487 126.252 126.162 126.06 125.872 125.744 126.767 130.987 143.708 143.452 133.042 128.837 128.188 126.457 130.488 134.23 135.782 130.533 124.973 124.846 124.836 125.073 129.37 136.006 141.594 144.728 144.812 141.654 132.951 124.428 124.351 132.902 140.541 142.706 145.194 145.59 134.086
140.39 138.328 128.209 128.22 128.074 129.876 128.335 129.281 128.393 138.169 136.788 131.334 128.623 127.954 128.038 128.04 130.282 134.151 135.683 138.756 139.388 136.475 137.476 136.224 138.637 138.833 137.518 134.21 130.972 130.965 129.804 128.198 126.892 126.414 126.267 126.125 125.957 125.744 125.58 125.47 125.366 130.898 127.945 125.022 125.06 125.028 124.93 126.916 133.909 134.132 131.628 124.906 125.377 133.771 135.38 129.4 134.596 138.17 143.227 143.62 140.403 133.244 124.362 124.039 130.164 136.866 142.236 143.912 144.789 143.246
