dsm/se3237_DSM_2M.asc
ncols 500
nrows 500
xllcorner    432000
yllcorner    437000
cellsize     2
NODATA_value -9999
[rows 416 to 447 of 500, columns 365 to 437 of 500]
96.616 96.603 96.608 96.555 96.489 96.43 96.376 96.327 96.296 96.28 96.3 96.249 96.202 96.18 96.164 96.167 96.105 96.84 100.909 104.845 105.411 104.595 102.825 101.51 97.713 95.631 95.644 95.706 95.82 100.987 103.88 105.297 102.334 101.896 106.698 110.338 111.307 111.584 111.171 109.575 108.689 106.045 106.285 100.6 96.322 94.866 94.846 94.816 94.77 94.804 95.326 94.838 94.914 98.574 96.283 104.542 107.482 107.686 105.803 105.101 104.236 98.296 94.821 95.3 94.675 97.349 94.229 94.513 93.871 93.67 93.627 93.562 93.499
96.542 96.546 96.525 96.479 96.427 96.384 96.362 96.293 96.267 96.232 96.209 96.192 96.121 96.116 96.078 96.093 96.037 99.358 104.108 106.191 106.888 106.643 106.017 101.763 95.699 95.664 95.665 95.669 99.815 105.683 107.747 107.838 108.381 105.527 106.244 108.009 110.397 110.729 111.466 110.51 110.19 107.503 105.035 96.374 96.344 95.381 94.8 94.794 94.784 94.913 94.846 94.844 96.253 100.484 100.745 103.57 106.132 104.805 104.688 99.823 96.346 97.673 98.157 94.636 95.035 99.055 95.392 93.973 93.996 94.371 93.516 93.42 93.415
96.447 96.475 96.47 96.446 96.358 96.317 96.263 96.209 96.195 96.137 96.128 96.102 96.084 96.046 96.023 95.984 96.209 102.03 104.719 106.428 107.199 106.979 105.525 101.177 95.691 95.665 95.662 95.902 104.3 107.522 108.935 108.916 107.516 108.513 106.988 106.045 109.042 111.591 112.136 109.565 110.288 109.763 106.529 97.076 95.366 95.044 94.814 94.847 94.762 94.828 94.903 95.274 96.705 102.614 102.192 103.452 103.289 96.943 95.541 95.279 95.171 97.623 98.359 97.853 99.592 100.277 99.357 94.376 93.784 93.633 94.003 94.288 93.349
96.412 96.381 96.39 96.34 96.313 96.253 96.257 96.174 96.158 96.072 96.074 96.031 96.004 95.983 95.956 95.917 95.9 101.427 105.087 106.19 106.795 106.626 104.362 100.475 95.954 95.634 95.624 97.186 103.514 107.653 108.36 105.778 108.115 107.472 107.667 105.756 110.115 110.872 111.762 109.331 110.553 104.496 98.805 95.425 94.934 94.862 94.827 94.854 94.853 94.953 94.905 96.012 98.518 102.732 101.211 103.08 104.345 105.448 99.095 95.308 95.421 96.75 97.724 98.483 99.166 99.969 100.262 97.589 93.573 93.58 94.452 95.445 93.523
96.327 96.308 96.287 96.282 96.25 96.19 96.13 96.112 96.1 96.039 96.007 95.98 95.955 95.908 95.884 95.838 95.847 96.191 103.379 104.284 104.771 104.908 102.394 96.035 95.585 95.596 95.516 96.128 103.285 106.452 108.353 108.745 108.029 109.331 106.237 102.625 109.184 109.994 109.558 110.729 110.658 106.125 99.579 94.936 94.884 94.853 94.859 94.883 96.901 98.885 102.396 98.493 98.339 99.726 102.721 103.909 106.273 106.319 102.785 97.361 95.218 97.847 99.792 98.755 100.169 99.507 96.971 95.577 93.422 93.519 93.464 94.98 95.263
96.267 96.247 96.209 96.18 96.143 96.129 96.097 96.074 96.014 95.995 95.944 95.919 95.873 95.86 95.839 95.768 95.785 97.843 100.535 100.96 101.591 101.709 96.249 95.534 95.572 95.52 95.469 95.524 99.194 102.913 104.724 108.106 108.283 107.722 99.465 96.15 97.573 108.68 108.83 105.68 104.746 100.241 98.639 95.237 95.05 95.047 94.864 94.851 97.63 103.633 104.383 102.471 101.914 103.922 104.385 105.494 106.134 105.227 103.042 99.047 95.55 100.3 101.315 99.784 99.658 98.644 98.144 94.969 93.411 93.478 93.247 94.941 93.983
96.19 96.162 96.166 96.146 96.085 96.067 96.035 95.993 95.982 95.943 95.913 95.884 95.83 102.687 102.072 103.221 101.956 100.258 96.004 95.616 95.636 95.776 95.468 95.515 95.444 95.421 95.483 95.673 100.139 100.959 100.685 100.801 106.903 103.373 96.368 94.933 94.881 94.774 94.706 94.868 97.044 97.339 97.866 95.566 103.135 104.967 96.724 94.877 97.759 102.449 104.02 103.84 104.03 105.08 105.937 105.334 104.521 103.026 99.604 98.332 98.337 99.059 101.071 100.879 100.494 100.856 100.463 98.402 94.187 93.231 95.276 94.353 92.998
96.17 96.112 96.068 96.065 96.033 96.02 95.992 95.951 95.909 95.845 95.815 95.759 97.943 103.518 103.437 99.899 104.485 96.66 96.09 95.562 95.41 95.397 95.443 95.449 95.404 95.333 95.509 100.211 101.522 102.319 101.669 101.264 95.557 95.047 96.533 94.908 94.807 94.744 94.691 94.59 94.947 97.111 98.201 102.555 106.143 107.593 102.465 95.077 95.106 101.332 103.565 105.792 105.147 105.688 104.858 103.623 102.449 98.874 98.397 98.508 98.519 99.067 100.074 101.339 101.382 100.587 99.14 95.112 93.305 94.657 94.346 92.906 92.898
96.105 96.047 96.005 95.965 95.934 95.914 95.897 95.852 95.798 95.765 95.697 95.571 103.058 104.447 99.751 105.922 103.056 96.466 96.383 95.334 95.336 95.406 95.352 95.354 95.295 95.445 98.459 100.457 103.179 102.391 102.484 99.435 95.004 96.786 98.578 97.318 96.514 95.345 94.585 94.547 94.512 97.208 101.752 105.643 106.299 106.248 103.073 96.008 94.878 94.872 101.289 106.144 105.907 104.795 103.784 102.471 98.728 98.349 98.584 98.845 98.939 99.915 101.199 100.902 99.871 99.047 95.776 94.915 95.358 94.364 92.882 92.896 92.895
96.027 95.951 95.903 95.871 95.837 95.84 95.81 95.789 95.761 95.704 95.641 96.307 106.103 106.2 105.961 106.646 107.878 99.631 95.938 95.389 95.351 95.357 95.328 95.787 96.976 96.506 100.74 102.57 103.725 104.647 101.197 96.574 94.894 95.387 99.271 99.381 97.796 94.734 94.533 94.698 94.568 95.973 102.34 105.314 103.12 101.797 96.973 95.337 94.921 94.91 96.651 101.512 103.333 103.552 104.7 99.522 97.095 98.69 98.622 98.241 98.2 98.296 100.787 100.234 98.584 93.279 93.923 95.166 96.934 93.597 92.89 92.909 92.916
95.944 95.905 95.834 95.797 95.792 95.736 95.74 95.733 95.669 95.601 95.656 99.476 98.923 102.78 108.026 106.055 103.496 100.227 104.141 95.666 95.331 95.344 95.604 102.511 106.148 106.106 105.283 103.737 104.377 102.672 101.107 95.869 94.868 94.797 97.267 97.727 95.512 94.545 94.543 95.544 94.705 94.301 96.659 98.242 97.003 96.965 96.575 99.328 98.725 96.793 94.986 95.614 98.535 101.061 90.571 96.636 95.112 97.472 98.338 98.23 98.167 98.169 98.393 96.979 92.521 93.042 93.109 95.511 98.12 96.359 93.484 92.892 92.925
95.878 95.831 95.779 95.706 95.705 95.67 95.647 95.624 95.566 95.857 98.565 97.775 101.669 103.173 107.582 106.685 100.247 102.718 98.445 95.346 95.295 95.252 100.476 106.231 108.182 109.325 107.569 104.957 102.804 101.144 100.552 99.221 95.005 94.765 94.684 94.633 94.584 94.522 94.481 95.928 95.959 94.471 94.19 94.153 96.186 99.034 100.256 106.46 105.093 105.529 96 95.102 95.187 95.353 94.938 95.027 95.107 95.484 98.389 98.375 98.25 98.327 98.688 98.018 95.374 92.978 93.86 97.291 98.209 97.422 94.281 92.965 92.849
95.803 95.773 95.705 95.649 95.617 95.568 95.556 95.549 95.513 99.374 103.552 104.891 106.351 106.033 106.962 103.21 105.551 102.54 95.269 95.206 95.253 95.177 98.585 106.355 108.243 109.058 109.065 105.245 100.995 99.421 96.873 96.592 95.021 94.675 94.63 94.563 94.5 94.455 94.421 94.879 94.875 94.321 94.156 94.085 94.112 96.605 103.93 108.283 107.779 105.887 97.543 96.023 95.158 95.424 94.99 93.9 93.508 92.837 96.514 98.365 98.628 98.723 99.387 98.614 97.805 95.799 92.964 94.6 96.321 96.862 97.84 98.036 94.201
95.703 95.69 95.602 95.58 95.523 95.521 95.485 95.456 95.444 101.495 104.082 105.558 106.75 106.645 106.018 102.736 102.735 100.296 95.259 95.168 95.155 95.147 97.263 103.803 103.649 105.26 106.092 102.216 98.911 95.036 98.757 99.17 95.205 94.614 94.634 94.555 94.447 94.361 94.284 94.218 94.156 94.14 94.059 94.025 93.986 96.212 108.132 108.77 108.279 106.588 99.931 98.739 95.256 94.253 95.817 93.611 92.983 92.454 92.421 93.498 96.641 98.198 99.162 99.302 98.534 97.726 93.707 92.44 95.342 96.366 97.299 98.202 95.39
95.616 95.601 95.558 95.475 95.432 95.421 95.424 95.418 95.325 100.931 104.266 106.158 106.808 106.907 105.923 103.929 95.984 95.222 95.126 95.08 95.079 95.088 97.748 103.238 103.884 101.345 102.186 103.67 99.393 94.865 99.043 99.44 96.072 94.566 94.576 94.56 94.431 95.532 94.179 94.104 94.062 94.039 93.968 94.103 102.974 107.289 106.156 99.863 96.684 104.035 104.472 102.619 99.746 95.373 95.037 95.092 92.73 93.563 92.42 92.325 92.442 96.578 98.569 99.321 99.258 98.418 97.076 92.499 96.784 95.572 95.095 95.006 95.59
95.596 95.535 95.479 95.41 95.36 95.336 95.332 95.311 101.365 103.222 104.733 105.337 106.054 105.025 104.339 99.899 95.369 95.099 95.052 95.008 95.022 95.016 96.14 105.764 104.785 101.689 100.352 100.663 95.251 94.689 95.66 97.323 95.501 94.504 94.463 94.4 94.306 94.198 94.076 94.02 93.994 93.914 93.896 95.396 107.429 99.33 97.461 99.67 101.095 101.845 104.101 103.084 102.435 96.505 93.014 93.108 92.764 92.701 92.658 92.369 92.423 92.553 97.514 98.544 99.378 99.214 98.046 97.967 98.494 97.85 95.8 94.614 93.982
95.516 95.475 95.409 95.356 95.27 95.245 95.258 95.596 102.008 104.302 105.915 104.081 103.223 101.363 99.801 95.384 95.02 95.039 95.028 94.979 94.953 95.086 96.809 104.458 103.867 97.928 105.681 106.876 97.08 94.605 94.6 94.526 94.461 94.422 94.364 94.259 94.193 94.099 94.007 93.954 93.893 93.86 94.035 103.614 106.537 106.981 99.876 97.71 99.616 100.612 102.606 103.349 97.433 93.126 92.967 92.806 92.999 92.966 92.455 92.431 92.375 92.363 92.563 97.705 98.858 99.532 98.863 98.821 99.275 98.586 97.474 95.879 94.724
95.473 95.424 95.342 95.296 95.24 95.189 95.196 98.521 106.227 108.035 107.228 103.889 101.83 99.001 95.471 94.937 94.985 94.982 94.918 94.921 94.982 95.067 94.996 95.431 97.514 109.98 111.172 111.849 110.82 97.353 94.56 94.491 94.431 94.342 94.267 94.264 94.429 94.225 93.96 93.916 93.824 93.83 93.969 99.014 105.104 106.826 104.818 101.077 98.309 100.757 102.388 101.211 94.886 93.009 92.887 92.737 92.702 92.638 92.568 92.539 92.39 92.489 92.349 96.391 98.034 99.092 99.488 99.738 100.076 99.293 98.437 95.514 93.096
95.379 95.338 95.308 95.234 95.204 95.145 95.925 97.961 104.092 106.324 105.492 104.26 97.282 94.821 94.864 94.919 94.978 94.873 95.065 95.046 96.321 96.411 95.039 94.905 100.333 112.205 113.234 114.164 112.494 108.504 95.126 94.366 94.372 94.284 94.188 94.109 94.387 94.502 94.096 93.808 93.837 93.821 94.504 94.177 93.992 96.698 98.78 101.138 102.477 96.969 94.438 99.136 95.657 93.02 92.835 92.715 92.607 92.666 92.528 92.416 92.379 92.574 96.1 97.601 98.751 99.41 100.052 100.584 100.294 99.48 98.609 96.677 92.397
95.328 95.278 95.254 95.201 95.177 95.137 97.265 98.352 102.745 104.85 105.5 101.896 96.774 94.805 94.837 94.823 94.818 95.911 95.982 103.946 97.305 102.151 105.434 99.268 107.24 112.524 113.062 114.244 113.428 101.874 94.613 94.31 94.298 94.52 94.06 93.989 94.229 94.543 93.898 93.811 93.876 94.36 94.282 94.095 93.818 97.937 101.544 103.126 104.072 103.262 96.755 94.889 95.2 96.606 100.532 100.721 94.22 92.446 92.464 92.373 92.532 95.622 98.092 98.909 99.612 100.281 100.511 99.918 99.258 98.827 98.172 94.848 92.373
95.254 95.226 95.193 95.138 95.127 97.811 101.317 98.005 96.995 96.596 94.811 94.687 94.712 94.822 94.829 94.961 97.516 98.185 105.016 99.93 99.494 107.613 109.998 110.312 110.875 111.139 112.505 112.416 112.633 103.913 96.242 94.447 94.154 94.99 94.478 93.926 93.82 93.815 93.823 93.837 94.517 96.359 99.058 96.289 97.244 101.128 102.933 104.199 103.463 100.78 98.613 94.171 94.417 102.997 105.06 102.772 99.1 92.568 92.358 92.696 98.281 98.859 99.156 99.881 100.555 100.32 99.705 99.187 98.683 98.83 93.011 92.397 92.644
95.167 95.098 95.086 95.098 95.967 101.256 102.988 98.482 101.113 99.754 95.138 94.623 94.684 94.736 94.752 95.86 101.163 98.793 101.195 96.461 107.738 109.954 112.102 112.617 112.392 111.366 102.65 111.57 112.124 111.036 106.453 95.566 94.034 93.984 94.025 93.816 93.821 93.794 94.224 94.375 94.172 97.428 102.352 102.341 102.41 103.05 103.931 103.34 102.115 100.92 96.805 95.088 99.462 103.983 104.725 103.502 102.193 95.689 92.428 96.415 98.782 99.385 99.966 100.543 100.087 99.595 99.07 98.435 94.988 92.935 92.431 92.441 98.019
95.062 95.047 95.006 95.175 98.276 102.767 103.6 102.976 101.013 99.274 95.533 94.642 94.634 94.67 94.623 100.299 101.635 101.594 98.992 99.296 109.093 111.87 112.442 113.085 113.171 112.104 110.622 111.937 112.697 111.171 108.271 102.818 101.334 100.886 93.997 93.806 93.783 94.17 94.434 94.196 101.188 105.821 102.874 103.015 104.877 105.978 103.032 102.038 101.806 101.307 100.441 95.083 100.155 103.928 105.329 103.865 102.124 100.781 98.276 98.889 99.665 100.16 100.439 99.924 99.464 98.957 97.989 93.907 92.35 92.395 92.398 92.647 100.222
94.96 94.91 95.595 100.391 101.779 101.802 102.948 98.482 102.247 95.86 94.544 94.581 94.609 94.62 94.581 101.345 100.544 105.505 111.476 99.462 101.722 110.647 112.002 112.807 112.608 112.675 112.689 112.815 111.967 110.759 107.53 107.826 104.983 104.17 99.119 94.076 94.135 94.559 94.189 96.164 98.687 105 103.045 103.704 105.473 105.742 102.526 100.307 101.002 101.881 101.344 100.002 98.989 99.295 102.767 104.292 105.693 105.578 102.743 100.271 100.127 99.695 99.616 99.199 98.914 98.681 93.133 92.377 92.343 92.407 94.407 96.829 101.164
94.895 94.852 101.905 103.178 103.854 104.012 102.577 100.231 95.922 94.496 94.551 94.572 94.589 94.576 94.603 94.99 98.164 103.131 98.305 100.194 102.507 109.299 110.205 110.869 111.987 112.281 112.372 111.882 110.718 109.755 109.783 110.785 111.079 106.702 102.469 97.563 94.677 94.194 94.133 97.342 101.56 102.939 104.025 104.87 104.346 102.85 100.936 97.678 100.083 101.073 101.671 101.105 100.075 93.895 102.537 105.958 108.52 108.186 105.348 102.845 101.572 99.051 99.005 98.36 95.062 92.986 92.367 92.331 92.794 100.944 103.133 99.532 99.286
94.793 95.809 102.59 104.131 103.372 105.718 103.411 100.276 94.46 94.482 94.479 94.507 94.556 94.45 94.738 95.817 99.742 97.883 96.554 95.74 95.003 104.279 107.5 109.481 110.917 111.174 111.753 110.985 109.548 108.326 110.673 110.429 111.098 108.058 102.908 96.214 94.4 94.204 94.335 101.536 102.973 104.105 104.912 104.004 103.606 101.394 93.298 93.657 97.562 100.238 101.038 101.748 101.011 99.312 97.701 107.229 109.288 109.318 107.231 105.057 103.746 98.111 98.093 95.082 92.346 92.368 92.39 92.39 104.172 107.837 108.33 105.015 101.115
94.882 99.41 102.996 104.011 105.092 105.738 104.732 100.719 94.51 94.455 94.496 94.469 95.52 99.522 104.786 108.76 109.136 104.399 107.399 103.578 94.41 95.092 98.873 108.969 110.193 111.329 111.148 109.881 109.978 109.536 112.005 110.015 110.134 109.371 106.538 96.313 94.47 100.826 102.787 104.088 104.325 104.997 103.915 102.313 100.699 93.374 93.237 93.468 93.239 96.662 101.106 101.25 101.353 100.59 98.523 107.794 108.25 108.592 108.568 107.893 104.624 97.28 93.206 92.52 92.396 92.653 92.81 92.775 107.471 108.886 109.105 108.863 105.738
97.858 102.188 104.642 104.085 104.123 103.136 102.046 98.721 94.643 94.397 94.408 94.579 100.848 104.889 105.487 109.187 110.044 100.427 101.404 105.51 94.752 94.134 94.072 104.6 108.682 110.121 109.955 111.072 109.762 109.823 109.697 108.166 108.943 108.257 103.019 95.377 94.926 100.945 103.188 104.383 104.703 103.602 102.243 96.946 93.559 93.281 93.385 93.632 93.312 93.314 97.445 100.451 100.823 101.27 100.262 104.477 107.553 108.684 108.758 108.048 105.264 104.6 96.477 92.466 92.441 92.651 93.591 102.544 108.058 109.299 109.32 108.604 105.917
102.141 104.97 106.034 105.88 104.622 100.494 99.39 94.678 94.297 94.315 94.352 95.355 102.679 106.98 107.429 109.335 108.681 112.2 102.298 94.156 94.092 94.047 93.909 96.164 104.702 108.008 110.19 110.209 110.706 109.353 104.964 105.595 104.753 104.734 94.805 93.901 94.208 95.581 105.472 104.992 103.645 102.234 99.438 97.498 94.077 93.563 93.242 93.195 93.14 93.136 93.096 98.1 100.227 101.225 101.058 101.175 104.849 107.117 107.374 104.429 105.066 104.864 104.99 92.848 98.677 98.478 105.627 97.877 106.658 107.966 107.965 106.88 103.853
105.238 106.38 106.914 106.729 105.317 101.418 96.117 94.278 94.273 94.288 95.701 102.184 106.386 107.18 108.482 109.498 111.644 111.841 103.249 97.967 94.057 94.002 93.966 93.882 96.185 107.753 107.374 108.45 108.006 104.456 98.941 99.118 98.77 97.061 93.529 93.496 93.843 96.627 102.348 103.168 101.913 99.986 98.71 97.634 96.676 93.973 93.739 93.199 93.135 93.084 93.06 93.492 98.054 100.193 101.242 101.011 100.194 101.343 104.965 105.376 106.605 105.963 105.366 102.065 103.965 106.804 107.262 107.392 102.717 106.367 105.82 99.32 98.146
105.336 106.538 107.169 106.617 105.249 99.442 94.452 94.196 94.202 95.444 100.945 106.293 106.015 105.049 107.897 108.873 110.34 105.23 97.099 94.029 93.993 93.958 93.916 93.874 93.712 96.313 98.529 102.204 94.301 97.209 100.115 101.103 97.22 95.627 93.494 93.404 93.929 97.764 98.461 99.239 98.835 99.153 98.987 98.013 97.319 96.682 94.203 94.647 93.315 93.211 93.056 93.423 94.367 99.115 99.93 100.902 100.821 103.473 106.05 107.351 107.607 106.789 100.216 105.916 106.966 108.002 108.551 108.253 101.809 104.86 103.087 96.654 93
105.378 105.219 105.739 104.767 102.742 97.451 94.106 94.131 95.695 102.198 104.002 109.447 104.373 108.396 105.824 106.077 103.795 94.185 94.002 93.962 93.958 93.909 93.944 93.84 93.777 93.757 93.688 93.641 93.6 95.958 97.745 100.198 99.934 95.832 94.622 93.32 93.29 95.922 97.649 97.388 98.056 98.277 98.942 98.713 98.056 97.319 96.453 94.233 93.582 93.163 93.024 93.653 93.262 98.052 99.963 100.817 101.217 100.682 105.765 107.425 107.04 101.884 101.011 106.169 106.698 107.934 108.162 108.234 99.549 100.561 97.27 94.52 97.777
