dsm/se3233_DSM_2M.asc
ncols 500
nrows 500
xllcorner    432000
yllcorner    433000
cellsize     2
NODATA_value -9999
[rows 320 to 351 of 500, columns 365 to 437 of 500]
60.596 60.687 60.777 60.701 60.724 60.759 60.778 60.984 60.916 60.935 60.9 60.917 60.919 60.939 61.087 61.026 61.003 61.047 61.179 61.21 61.194 61.175 61.107 61.221 61.287 61.318 61.243 61.584 62.873 63.46 63.494 62.957 62.141 62.076 62.859 63.37 63.336 61.78 61.264 61.246 61.524 63.277 63.803 63.779 62.267 61.161 62.548 63.233 63.761 63.764 62.435 60.889 60.377 60.388 59.96 59.835 59.405 59.005 58.788 58.731 58.731 -9999 -9999 -9999 59.251 59.534 59.696 59.799 59.246 58.998 58.9 59.01 59.213
60.56 60.638 60.735 60.608 60.65 60.775 60.68 60.74 60.64 60.702 60.7 60.868 60.829 60.878 60.898 60.897 60.926 61.027 61.051 61.07 61.005 61.029 61.024 60.979 61.082 61.176 61.118 61.249 61.335 62.302 63.482 63.585 62.431 62 63.499 63.354 62.365 61.371 61.256 61.227 61.303 62.69 63.574 62.984 61.588 61.081 61.14 61.522 62.914 63.654 63.049 61.412 60.564 60.251 59.934 59.536 59.092 58.656 58.565 58.677 58.6 58.223 58.104 58.245 -9999 59.717 59.848 59.977 59.838 59.436 59.678 60.219 59.706
60.494 60.448 60.506 60.568 60.584 60.483 60.591 60.631 60.515 60.59 60.728 60.706 60.725 60.722 60.741 60.764 60.815 60.969 60.841 60.882 60.927 60.874 60.868 60.816 60.905 60.928 60.958 60.991 61.205 61.899 61.735 64.256 61.762 61.807 63.374 62.093 61.2 61.233 61.22 61.204 61.23 61.978 62.889 62.115 61.29 61.115 61.129 62.569 62.789 63.669 63.256 61.77 61.141 -9999 59.819 58.782 58.638 58.663 58.529 58.604 58.329 58.034 57.959 58.029 -9999 -9999 59.797 59.543 60.196 59.76 59.53 59.479 59.116
60.297 60.368 60.388 60.398 60.454 60.456 60.462 60.389 60.397 60.441 60.489 60.538 60.589 60.62 60.563 60.541 60.558 60.701 60.705 60.746 60.834 60.803 60.76 60.78 60.798 60.752 60.769 60.789 60.93 60.98 61.209 61.588 61.543 61.696 62.18 61.479 61.192 61.182 61.142 61.163 61.207 61.63 62.461 61.935 60.954 61.134 62.014 62.329 62.892 63.63 62.988 60.926 60.254 61.054 60.411 58.973 58.532 58.664 58.536 58.08 57.979 57.932 57.956 57.948 -9999 -9999 59.809 59.674 59.581 58.429 59.2 59.035 58.846
60.234 60.273 60.354 60.389 60.435 60.433 60.4 60.266 60.314 60.275 60.321 60.483 60.509 60.474 60.431 60.488 60.547 60.543 60.559 60.665 60.723 60.72 60.687 60.722 60.727 60.688 60.649 60.599 60.718 60.882 60.869 60.88 61.022 61.041 61.668 62.025 62.191 61.793 61.284 61.179 61.223 61.046 61.164 61.032 60.832 60.943 61.845 62.699 61.799 62.808 61.965 59.941 60.013 61.139 62.762 59.106 58.726 58.669 58.389 57.888 57.881 57.985 57.999 57.976 -9999 -9999 -9999 -9999 59.289 59.398 59.454 58.846 58.657
60.257 60.212 60.343 60.275 60.317 60.308 60.234 60.179 60.246 60.248 60.26 60.309 60.382 60.403 60.321 60.328 60.387 60.439 60.505 60.587 60.603 60.601 60.567 60.661 60.673 60.578 60.569 60.628 60.55 60.756 60.789 60.86 60.823 60.765 61.044 61.505 62.219 62.648 61.404 61.174 61.773 61.431 60.864 60.761 61.081 61.871 61.091 60.993 61.998 62.218 61.781 60.174 59.731 59.543 59.722 59.91 59.345 58.44 58.367 57.974 57.88 57.965 57.873 57.983 57.943 57.845 57.964 -9999 59.224 58.947 58.706 57.733 57.973
60.147 60.184 60.167 60.188 60.197 60.127 60.059 60.269 60.242 60.208 60.193 60.254 60.199 60.185 60.161 60.158 60.19 60.283 60.421 60.38 60.42 60.418 60.412 60.428 60.485 60.499 60.408 60.439 60.384 60.582 60.546 60.684 60.865 60.779 60.734 60.814 61.124 61.747 61.337 61.259 61.693 61.087 60.597 61.193 61.831 60.575 60.696 60.68 62.061 61.604 60.129 59.814 59.5 59.169 59.028 60.276 59.04 58.501 59.018 59.758 58.32 57.872 58.013 58.017 57.905 57.775 57.79 -9999 -9999 -9999 58.323 57.659 57.511
59.997 60.083 60.084 60.129 60.174 60.022 60.063 60.155 60.143 60.129 60.165 60.219 60.158 60.107 60.111 60.109 60.122 60.167 60.216 60.098 60.122 60.175 60.168 60.172 60.209 60.311 60.306 60.312 60.269 60.417 60.449 60.606 60.719 60.635 60.539 60.566 61.592 63.219 62.593 61.848 61.842 60.67 60.85 61.344 61.038 60.432 60.902 62.201 61.198 59.769 59.881 59.658 59.393 58.829 59.353 60.095 58.973 58.911 60.938 62.729 61.332 59.737 58.994 58.24 57.868 57.727 57.836 58.198 -9999 -9999 -9999 57.602 -9999
60.031 60.029 60.095 60.018 60.028 59.997 59.954 60.019 60.05 60.053 60.063 60.067 60.034 59.985 60.074 60.049 60.034 60.066 60.05 60.098 60.086 60.043 60.102 60.091 60.112 60.089 60.126 60.271 60.237 60.288 60.309 60.45 60.531 60.45 60.424 61.814 62.331 64.445 62.939 61.73 61.966 61.042 61.089 62.369 60.874 60.483 61.35 62.039 60.383 59.158 59.451 59.358 58.923 58.611 58.928 59.308 59.278 61.174 62.614 64.033 64.523 63.727 62.835 59.913 58.02 57.966 58.161 58.526 58.447 -9999 -9999 -9999 -9999
60.085 59.971 60.021 59.985 59.969 59.911 59.904 60.089 59.984 59.958 59.971 59.988 59.947 59.941 59.959 59.974 59.925 59.849 59.841 59.997 59.918 59.776 59.896 59.911 59.837 59.862 59.949 60.063 60.161 60.132 60.171 60.176 60.252 60.284 60.239 61.095 63.517 61.04 60.698 62.071 63.283 62.022 60.582 60.578 60.48 60.406 60.638 60.681 59.397 58.78 58.866 58.745 58.606 58.526 58.58 58.412 58.1 60.257 62.994 64.418 64.989 64.926 64.175 62.98 60.548 58.647 58.438 58.898 58.641 57.699 -9999 56.448 -9999
59.924 59.906 59.917 59.932 59.946 59.921 59.845 59.946 59.911 59.86 59.923 59.955 59.903 59.901 59.893 59.81 59.737 59.713 59.828 59.797 59.728 59.768 59.801 59.809 59.723 59.729 59.781 59.819 59.972 60.016 59.878 60.072 60.047 60.02 60.101 60.11 60.302 60.067 61.702 62.308 62.844 62.484 60.979 60.272 60.161 60.06 60.038 59.926 59.193 58.669 58.566 58.488 58.554 58.599 58.289 58.154 57.977 58.583 61.236 62.343 64.795 64.771 64.77 64.01 60.727 58.841 58.613 58.144 57.52 57.084 56.711 56.434 56.284
59.94 59.904 59.86 59.813 59.915 59.963 59.837 59.848 59.842 59.817 59.816 59.781 59.778 59.848 59.826 59.63 59.661 59.644 59.67 59.671 59.621 59.622 59.585 59.687 59.618 59.646 59.665 59.703 59.823 59.806 59.815 59.869 59.935 59.91 59.901 59.815 59.757 59.808 60.432 60.31 60.395 60.319 60.94 60.327 59.987 59.946 59.699 59.526 58.913 58.591 58.477 58.445 58.399 58.246 58.028 58.036 58.092 59.414 60.257 60.956 62.621 63.918 64.339 61.506 58.068 57.519 57.238 56.542 56.64 56.749 56.451 56.263 56.237
59.824 59.823 59.77 59.734 59.741 59.818 59.71 59.803 59.763 59.725 59.723 59.705 59.715 59.751 59.685 59.589 59.538 59.527 59.56 59.604 59.534 59.505 59.605 59.555 59.548 59.502 59.481 59.496 59.588 59.664 59.635 59.613 59.737 59.684 59.647 59.583 59.537 59.525 60.029 60.814 59.875 59.358 60.413 61.201 60.706 59.942 59.393 59.053 58.529 58.518 58.571 58.203 58.143 57.965 57.976 57.833 57.774 58.202 59.527 60.108 60.772 61.737 61.384 58.846 58.303 57.128 56.401 56.369 56.529 56.454 56.363 56.271 56.172
59.686 59.684 59.634 59.629 59.65 59.65 59.618 59.606 59.696 59.676 59.618 59.594 59.634 59.566 59.582 59.495 59.415 59.412 59.339 59.43 59.404 59.392 59.434 59.454 59.433 59.461 59.4 59.453 59.5 59.435 59.406 59.521 59.479 59.52 59.526 59.429 59.26 59.341 59.911 62.084 59.338 58.945 59.998 61.341 62.944 61.112 59.586 58.997 58.431 58.327 58.48 58.144 57.983 57.76 57.73 57.621 57.628 57.65 57.833 59.017 59.916 59.361 58.342 58.82 57.209 56.331 56.244 56.357 56.417 56.368 56.299 56.252 56.109
59.553 59.557 59.555 59.564 59.568 59.511 59.472 59.504 59.546 59.498 59.576 59.504 59.397 59.423 59.445 59.391 59.377 59.289 59.302 59.382 59.389 59.304 59.31 59.391 59.365 59.287 59.286 59.269 59.278 59.337 59.317 59.351 59.288 59.357 59.272 59.154 59.196 59.163 59.19 59.282 58.894 58.835 59.014 59.575 64.445 63.235 60.612 59.842 58.949 58.25 58.222 57.939 57.747 57.61 57.615 57.596 57.505 57.382 57.401 57.712 57.916 58.55 59.084 57.68 56.22 56.136 56.207 56.452 56.343 56.317 56.315 56.211 56.103
59.415 59.444 59.54 59.443 59.414 59.446 59.458 59.457 59.518 59.386 59.33 59.352 59.283 59.318 59.33 59.355 59.313 59.274 59.249 59.298 59.25 59.167 59.232 59.285 59.267 59.198 59.182 59.158 59.17 59.151 59.129 59.219 59.226 59.195 59.243 59.093 59.039 58.927 58.863 58.795 58.733 58.694 58.535 58.714 61.959 61.271 59.946 60.483 59.753 58.295 58.431 58.168 57.654 57.599 57.502 57.515 57.479 57.163 57.197 56.999 57.303 58.39 57.904 57.015 56.103 56.053 55.924 56.114 56.198 56.43 -9999 -9999 56.003
59.37 59.286 59.303 59.34 59.324 59.237 59.298 59.307 59.325 59.276 59.169 59.224 59.244 59.254 59.256 59.226 59.2 59.226 59.228 59.211 59.122 59.166 59.211 59.183 59.151 59.059 59.132 59.055 59.069 59.009 58.909 59.002 59.001 58.99 58.885 58.937 58.913 58.753 58.691 58.648 58.607 58.357 58.285 58.357 58.582 58.415 59.175 59.287 59.244 59.029 58.262 57.8 57.559 57.453 57.487 57.468 57.41 57.141 56.89 56.813 56.906 56.998 57.034 57.459 57.189 56.863 56.068 56.109 56.712 56.942 -9999 -9999 56.015
59.249 59.128 59.112 59.208 59.278 59.205 59.142 59.069 59.139 59.165 59.096 59.043 59.182 59.149 59.178 59.073 59.062 59.079 59.133 59.125 59.084 59.04 59.129 59.139 59.042 58.989 58.951 58.982 59.031 58.846 58.838 58.805 58.899 58.809 58.788 58.761 58.703 58.642 58.594 58.439 58.305 58.143 58.291 58.068 57.836 57.94 58.074 57.945 58.523 59.551 57.802 57.549 57.471 57.314 57.331 57.349 57.135 56.864 56.852 56.793 56.736 56.794 57.887 58.371 58.538 57.136 56.003 56.239 57.681 57.15 57.129 -9999 56.658
59.091 58.91 58.94 59.111 59.128 59.109 59.141 59.053 59.046 59.1 59.037 59.008 58.987 58.941 58.965 59.019 58.991 58.949 58.938 59.014 58.944 58.826 58.914 58.922 58.847 58.722 58.817 58.841 58.771 58.675 58.638 58.648 58.643 58.66 58.652 58.613 58.567 58.509 58.373 58.145 58.066 58.016 57.913 57.888 57.838 57.64 57.418 57.585 57.949 58.174 58.162 57.8 57.475 57.286 57.29 57.034 56.703 56.739 56.739 56.627 56.558 56.089 56.687 58.52 57.873 56.371 55.321 55.302 56.844 56.944 56.96 57.467 57.611
58.937 58.928 58.947 59.093 59.014 58.985 59.088 58.962 58.891 58.965 59.044 59.039 59.002 58.949 58.886 58.865 58.785 58.751 58.768 58.877 58.761 58.72 58.766 58.71 58.579 58.618 58.589 58.676 58.623 58.54 58.499 58.491 58.469 58.506 58.48 58.473 58.392 58.298 58.17 57.972 57.965 57.753 57.653 57.63 57.513 57.368 57.248 57.214 57.378 57.619 58.097 58.178 57.588 57.3 57.053 56.728 56.568 56.617 56.535 56.512 56.359 55.853 55.926 56.521 56.605 55.402 55.324 55.488 55.769 56.584 57.288 57.127 58.373
58.862 58.93 58.935 58.9 58.796 58.836 58.996 58.847 58.775 58.791 58.8 58.817 58.842 58.8 58.782 58.832 58.775 58.698 58.598 58.54 58.603 58.569 58.57 58.549 58.518 58.566 58.521 58.537 58.508 58.455 58.456 58.312 58.335 58.27 58.265 58.316 58.235 58.116 57.908 57.833 57.786 57.671 57.582 57.363 57.273 57.216 57.084 56.9 56.867 57.527 57.837 58.324 57.413 56.994 56.781 56.644 56.576 56.522 56.429 56.309 55.808 55.673 55.658 55.622 55.39 55.299 55.368 55.669 56.287 55.938 56.102 56.264 58.542
58.831 58.817 58.886 58.842 58.791 58.746 58.71 58.692 58.657 58.678 58.684 58.704 58.711 58.7 58.653 58.609 58.792 58.623 58.589 58.537 58.494 58.404 58.424 58.449 58.48 58.485 58.412 58.385 58.342 58.241 58.274 58.259 58.184 58.095 58.06 57.968 57.871 57.875 57.79 57.629 57.622 57.548 57.41 57.227 57.121 56.911 56.696 56.7 56.864 59.645 57.622 57.189 57.152 56.789 56.646 56.604 56.513 56.428 56.168 55.736 55.579 55.789 55.983 55.386 55.238 55.442 56.125 55.582 55.637 55.138 55.101 55.206 57.6
58.797 58.709 58.698 58.59 58.66 58.63 58.625 58.484 58.484 58.602 58.593 58.565 58.601 58.531 58.485 58.532 58.559 58.547 58.567 58.534 58.438 58.366 58.265 58.258 58.376 58.4 58.329 58.28 58.088 58.219 58.1 58.109 58.058 58.031 57.97 57.811 57.695 57.699 57.578 57.499 57.434 57.31 57.224 57.041 56.827 56.785 56.644 56.49 56.331 56.619 56.575 56.507 57.406 57.266 56.764 56.689 56.641 56.249 55.864 55.695 55.59 56.12 56.713 55.248 55.132 55.441 56.594 55.754 55.149 55.102 54.936 55.367 58.99
58.627 58.532 58.436 58.422 58.435 58.435 58.431 58.424 58.468 58.373 58.438 58.456 58.454 58.395 58.418 58.454 58.491 58.555 58.418 58.407 58.38 58.248 58.221 58.184 58.223 58.273 58.219 58.097 58.019 58.013 57.914 57.934 57.914 57.836 57.732 57.75 57.549 57.463 57.432 57.338 57.274 57.215 57.025 56.744 56.673 56.646 56.356 56.228 56.085 56.07 56.002 56.896 57.947 57.067 56.588 56.671 56.623 56.226 55.966 55.979 56.228 55.714 56.182 55.236 56.21 56.078 55.716 55.55 55.09 54.903 55.016 56.396 60.735
58.471 58.443 58.276 58.296 58.281 58.231 58.333 58.459 58.271 58.187 58.317 58.249 58.299 58.296 58.323 58.367 58.355 58.305 58.327 58.308 58.212 58.201 58.222 58.205 58.153 58.104 58.008 57.989 57.932 57.839 57.834 57.8 57.795 57.732 57.572 57.45 57.35 57.371 57.208 57.152 57.195 57.096 56.701 56.572 56.59 56.347 56.083 55.992 55.944 55.764 55.722 55.763 55.932 55.847 55.836 56.727 56.785 56.45 56.435 56.756 57.108 56.088 55.29 55.225 55.94 55.833 55.552 55.104 54.909 55.177 55.754 56.946 58.883
58.312 58.298 58.25 58.238 58.202 58.186 58.262 58.3 58.204 58.172 58.175 58.144 58.187 58.251 58.312 58.25 58.23 58.214 58.204 58.128 58.116 58.146 58.186 58.191 58.04 57.996 57.918 57.906 57.768 57.767 57.872 57.811 57.755 57.614 57.424 57.284 57.26 57.18 57.054 57.085 57.006 56.711 56.514 56.496 56.3 56.068 56.042 55.815 55.664 55.598 55.508 55.507 55.416 55.418 55.414 56.205 57.121 57.168 57.651 57.447 56.447 55.418 55.083 56.345 56.843 55.862 55.192 54.805 54.841 55.354 57.002 57.217 57.934
58.131 58.192 58.136 58.129 58.162 58.166 58.115 58.155 58.148 58.168 58.14 58.173 58.139 58.102 58.141 58.127 58.104 58.078 58.082 58.04 58.107 57.964 58.033 58.057 58.019 57.966 57.878 57.789 57.837 57.798 57.711 57.734 57.629 57.346 57.31 57.216 57.122 57.024 56.989 56.958 56.784 56.563 56.36 56.244 56.107 56.012 55.8 55.599 55.562 55.463 55.369 55.282 55.199 55.07 55.14 55.313 56.062 56.625 57.012 56.715 56.201 55.531 55.585 56.098 55.395 55.009 54.843 54.808 54.806 54.881 55.857 57.236 57.22
58.01 57.929 57.975 58.034 58.036 58.093 57.956 58.034 58.043 58.076 58.077 58.056 58.091 58.024 58.026 57.953 57.903 57.922 58.016 58.035 58.018 57.907 57.997 57.928 57.905 57.891 57.791 57.681 57.676 57.61 57.594 57.571 57.427 57.234 57.114 57.089 57.006 56.925 56.754 56.691 56.598 56.37 56.124 56.057 55.927 55.834 55.664 55.414 55.365 55.143 55.355 55.134 55.034 54.95 54.885 55.147 55.099 55.602 57.005 57.318 57.198 55.929 56.225 55.466 54.768 54.761 54.814 54.874 54.939 55.028 55.455 56.818 57.401
57.96 57.885 57.887 57.904 57.937 57.939 57.824 57.918 57.934 57.926 57.917 57.89 57.92 57.898 57.788 57.813 57.798 57.754 57.87 57.877 57.859 57.877 57.844 57.727 57.68 57.742 57.714 57.623 57.529 57.513 57.46 57.366 57.265 57.188 57.031 57.011 56.949 56.75 56.618 56.551 56.457 56.134 55.97 55.932 55.782 55.621 55.518 55.319 55.244 55.148 55.009 54.961 54.912 54.836 54.789 54.797 54.793 55.094 55.964 59.118 59.646 56.495 56.568 54.911 54.749 54.735 54.831 54.889 54.912 55.126 55.466 56.388 56.66
57.876 57.81 57.802 57.784 57.841 57.824 57.695 57.742 57.649 57.682 57.732 57.777 57.704 57.681 57.707 57.796 57.771 57.816 57.696 57.779 57.696 57.766 57.708 57.597 57.575 57.588 57.584 57.546 57.495 57.468 57.359 57.214 57.155 57.023 57.001 56.941 56.761 56.53 56.57 56.391 56.181 56.067 55.861 55.767 55.63 55.454 55.228 55.08 55.185 54.984 54.831 54.756 54.762 54.675 54.691 54.67 54.64 54.531 55.092 60.518 61.102 56.373 55.887 54.92 54.848 54.985 54.949 54.926 54.853 54.952 55.64 56.163 54.982
57.693 57.647 57.741 57.688 57.638 57.647 57.654 57.699 57.592 57.55 57.555 57.656 57.645 57.624 57.609 57.657 57.628 57.635 57.658 57.69 57.665 57.669 57.555 57.526 57.472 57.46 57.389 57.379 57.398 57.353 57.316 57.145 56.984 56.922 56.737 56.773 56.636 56.46 56.37 56.237 56.049 55.83 55.691 55.562 55.513 55.351 55.077 54.951 54.915 54.809 54.616 54.639 54.608 54.565 54.578 54.547 54.444 54.295 54.634 55.303 57.477 55.476 55.793 55.295 55.021 55.246 55.125 54.853 54.754 55.151 55.521 54.57 54.147
57.573 57.504 57.517 57.486 57.501 57.501 57.5 57.531 57.449 57.465 57.508 57.517 57.634 57.524 57.528 57.505 57.525 57.507 57.513 57.511 57.575 57.568 57.457 57.506 57.512 57.447 57.32 57.289 57.285 57.233 57.046 56.904 56.866 56.807 56.623 56.629 56.593 56.314 56.275 56.089 55.812 55.659 55.515 55.342 55.187 55.145 55.033 54.807 54.67 54.714 54.547 54.483 54.465 54.511 54.473 54.4 54.278 54.299 54.356 54.625 54.934 54.425 54.892 56.043 57.369 57.083 55.58 54.781 54.78 54.854 54.377 53.926 53.886
