dsm/se3230_DSM_2M.asc
ncols 500
nrows 500
xllcorner    432000
yllcorner    430000
cellsize     2
NODATA_value -9999
[rows 0 to 31 of 500, columns 0 to 71 of 500]
30.185 30.172 31.806 32.153 33.071 33.638 30.105 30.899 30.257 30.086 31.555 30.379 29.724 29.581 30.412 29.029 28.906 28.991 29.047 29.084 29.197 29.352 29.1 29.074 29.009 29.134 29.158 29.127 29.128 29.372 29.645 29.849 29.145 29.119 29.109 29.108 29.087 29.068 29.054 29.201 31.062 35.115 30.487 29.499 29.73 35.795 36.738 31.757 36.255 34.536 30.514 29.005 30.345 29.808 32.063 39.937 38.806 36.753 36.2 33.973 34.896 33.71 34.188 35.795 35.09 28.812 28.291 27.151 27.184 27.324 33.672 37.443
30.032 30.001 29.957 29.974 29.934 30.392 29.952 29.938 29.803 29.667 29.561 29.482 29.335 29.221 29.058 29.07 29.022 29.108 29.123 29.16 29.441 30.818 29.15 29.109 29.095 29.293 29.208 29.179 29.247 29.501 29.865 29.38 29.151 29.209 29.165 29.178 29.13 29.143 29.125 34.121 36.381 37.546 35.857 34.204 32.04 33.436 33.746 36.943 33.938 31.404 28.834 32.32 35.271 34.034 36.383 39.047 40.494 39.996 39.261 39.195 31.359 31.333 35.032 34.84 35.58 37.375 33.73 28.581 28.052 27.068 31.957 34.611
30.089 29.982 29.915 29.891 29.82 29.859 29.772 29.758 29.738 29.665 29.486 29.352 29.298 29.197 29.113 29.098 29.086 29.178 29.163 29.268 29.308 29.251 29.281 29.185 29.204 29.347 29.285 29.282 29.392 29.614 30.006 29.334 29.231 29.216 29.221 29.26 29.199 29.194 29.452 39.335 40.29 40.654 38.492 37.647 33.204 31.462 30.683 32.263 34.147 29.18 28.739 35.474 37.44 37.076 36.681 35.912 38.707 35.931 30.975 36.392 36.92 30.31 35.149 32.206 35.106 35.975 34.433 34.83 32.936 29.885 32.722 34.411
30.09 30.089 30.011 29.903 29.826 29.782 29.707 29.661 29.579 29.519 29.461 29.41 29.365 29.314 29.24 29.174 29.133 29.247 29.246 29.396 29.395 29.339 29.299 29.245 29.292 29.37 29.34 29.318 29.423 30.77 30.734 29.319 29.329 29.289 29.29 29.279 29.275 29.262 29.338 38.754 39.784 39.868 38.52 37.81 34.4 36.789 34.479 37.505 38.543 30.943 29.938 31.796 36.992 33.932 38.698 38.486 39.487 37.821 36.994 39.118 39.89 31.727 38.278 35.408 36.068 34.231 36.149 37.71 37.429 33.917 28.481 30.305
30.08 30.06 29.993 29.895 29.85 29.803 29.764 29.709 29.612 29.542 29.502 29.485 29.433 29.404 29.405 29.23 29.25 29.291 29.31 29.461 29.391 29.348 29.282 29.249 29.393 29.403 29.375 29.308 29.517 30.54 29.572 29.372 29.416 29.358 29.386 29.313 29.278 29.25 29.202 35.303 37.033 39.29 37.981 34.896 35.951 40.241 38.522 39.556 39.11 32.921 36.042 38.26 40.198 34.584 33.869 40.412 37.621 34.439 37.622 37.157 40.282 40.931 38.052 38.437 34.856 33.4 36.001 37.562 37.705 35.076 35.987 37.303
30.166 30.086 30.018 29.923 29.886 29.846 29.783 29.686 29.612 29.72 29.561 29.627 29.566 29.492 29.386 29.332 29.318 29.31 29.364 29.525 29.462 29.388 29.341 29.402 29.496 29.339 29.319 29.474 29.606 29.666 29.44 29.427 29.469 29.445 29.398 29.373 29.403 29.278 29.376 29.644 36.595 36.449 31.973 29.53 31.792 38.709 37.729 38.362 38.665 37.261 38.119 30.873 40.281 38.433 39.153 40.115 36.418 34.505 33.035 37.793 38.284 39.929 39.554 38.643 35.241 33.659 33.852 37.415 36.218 38.517 32.234 38.271
30.157 30.085 29.997 29.965 29.923 29.821 29.799 29.723 29.685 30.488 30.663 29.651 29.439 29.474 29.592 29.361 29.438 29.428 29.538 29.566 29.47 29.402 29.389 29.478 29.633 29.596 29.495 29.653 29.696 29.525 29.49 29.52 29.498 29.473 29.396 29.371 29.378 29.339 29.692 35.837 39.79 38.08 37.582 35.348 34.244 29.701 35.768 36.753 36.594 34.674 38.134 38.873 39.672 40.11 38.614 39.652 35.868 36.129 37.338 31.399 34.869 37.17 36.884 32.886 35.568 30.949 36.48 29.438 39.496 34.56 37.105 35.931
30.145 30.081 29.975 29.95 29.89 29.869 29.799 29.716 29.703 29.674 29.819 29.634 29.453 29.437 29.404 29.447 29.476 29.528 29.667 29.575 29.536 29.524 29.415 29.519 29.679 30.047 30.222 29.878 29.603 29.591 29.609 29.578 29.564 29.505 29.458 29.429 29.393 29.351 31.986 30.505 36.219 38.588 40.996 34.042 30.146 31.451 37.56 33.736 28.93 31.671 33.026 37.295 38.109 38.018 37.335 37.499 35.808 33.867 32.033 30.929 33.259 35.777 35.478 32.334 33.924 38.3 37.558 38.738 38.434 38.009 36.631 33.414
30.142 30.061 29.976 29.883 29.824 29.785 29.708 29.704 29.663 29.639 29.599 29.669 29.55 29.5 29.5 29.506 29.57 29.631 29.656 29.595 29.551 29.501 29.449 29.639 29.742 29.747 29.748 29.762 29.705 29.664 29.658 29.652 29.591 29.521 29.518 29.478 29.434 29.412 29.412 34.594 38.734 39.586 40.704 40.56 35.292 37.445 40.818 38.573 30.703 30.176 29.027 30.262 32.713 30.328 31.314 30.622 29.092 31.317 30.471 31.329 30.881 33.089 30.771 32.858 34.07 30.887 36.826 36.818 31.614 31.826 35.987 32.978
30.176 30.042 29.98 29.906 29.773 29.762 29.697 29.648 29.638 29.604 29.565 29.58 29.535 29.532 29.572 29.607 29.633 29.663 29.69 29.695 29.642 29.578 29.597 29.689 29.716 29.902 30.075 30.154 29.852 29.729 29.672 29.661 29.632 29.612 29.553 29.534 29.452 29.757 32.193 38.461 37.122 39.904 42.125 41.26 38.376 32.341 39.208 39.366 33.179 29.18 29.526 29.398 29.994 31.882 30.152 29.406 29.506 29.33 32.381 34.082 34.822 31.011 29.079 33.146 32.412 36.514 33.101 35.476 28.858 32.59 32.486 31.566
30.241 30.123 29.978 29.888 29.783 29.732 29.67 29.608 29.62 29.585 29.589 29.573 29.57 29.58 29.616 29.655 29.727 29.712 29.766 29.75 29.695 29.621 29.704 29.884 30.246 30.492 30.616 30.612 30.549 30.413 29.9 29.732 29.716 29.628 29.602 29.528 29.486 29.764 30.736 39.11 40.828 40.559 38.835 39.059 35.232 30.449 39.658 38.023 35.713 32.452 29.403 31.257 36.88 34.499 29.376 29.55 29.367 32.216 35.676 30.917 35.32 36.736 29.465 33.162 35.195 28.884 37.814 28.974 31.652 32.393 29.903 30.209
31.149 30.311 30.092 29.997 29.894 29.704 29.558 29.589 29.573 29.594 29.612 29.624 29.592 29.638 29.681 29.683 29.746 29.8 29.797 29.787 29.731 29.744 29.924 30.199 30.627 30.702 30.623 30.573 30.523 30.526 30.56 30.293 29.987 29.855 29.592 29.548 29.482 29.739 34.667 33.809 38.233 39.034 36.257 31.482 29.67 29.952 29.275 36.374 37.642 34.09 31.057 33.182 37.459 35.558 29.821 29.193 29.043 31.162 35.604 38.786 39.935 36.742 34.23 31.772 30.466 28.465 28.678 33.159 35.029 36.441 29.536 31.062
32.415 34.542 31.368 30.54 30.727 29.845 29.675 29.535 29.593 29.599 29.661 29.702 29.828 29.692 29.765 29.824 29.846 29.892 29.873 29.845 29.789 29.829 30.114 30.757 30.868 30.722 30.683 30.673 30.559 30.534 30.519 30.898 30.863 30.428 30.093 29.829 30.279 34.111 33.338 34.539 37.014 36.286 32.5 29.823 29.721 29.69 29.765 30.226 29.165 29.388 29.849 30.022 31.044 29.181 29.164 29.259 29.213 29.195 36.803 40.049 40.28 38.177 35.575 38.018 35.615 32.359 39.943 40.088 40.216 35.844 30.484 31.849
33.633 35.053 33.436 33.002 32.581 31.824 29.783 29.477 29.521 29.578 29.62 29.681 29.727 29.793 29.859 29.903 29.905 29.97 29.949 29.855 29.819 29.919 30.475 30.84 30.862 30.825 30.805 30.733 30.613 30.556 30.479 30.49 31.633 30.746 30.767 30.53 30.288 35.869 38.133 30.847 29.912 36.374 32.661 29.627 29.855 29.879 29.594 29.717 29.469 29.671 29.663 30.121 29.61 29.353 29.292 29.301 29.094 29.899 36.008 38.444 39.869 33.905 34.37 38.331 39.425 40.888 39.066 36.521 35.078 30.909 28.042 30.856
33.323 32.647 32.247 33.271 33.804 33.33 30.133 29.536 29.479 29.618 29.681 29.777 29.798 29.812 29.86 29.938 31.997 30.091 29.998 29.891 29.957 30.124 30.678 30.742 30.788 30.8 30.83 30.713 30.658 30.552 30.496 30.441 30.436 30.548 30.538 30.522 30.977 32.031 30.46 31.533 35.853 36.537 31.219 29.806 29.694 29.972 29.664 30.024 31.634 29.485 32.169 35.209 32.273 31.833 29.759 29.397 30.739 34.59 36.665 36.555 37.622 29.804 31.722 35.678 38.988 40 38.919 34.489 36.82 29.367 28.514 31.059
31.326 31.281 31.287 31.484 31.687 31.251 30.691 29.688 29.544 29.686 29.739 30.094 29.877 29.835 29.96 30.023 30.176 33.146 30.022 29.949 29.992 30.265 30.78 30.836 30.739 30.77 30.82 30.733 30.687 30.581 30.482 30.394 30.412 30.346 30.337 34.58 32.851 32.151 30.446 37.548 35.245 32.679 30.148 29.781 29.624 29.614 29.74 30.546 33.95 32.324 35.506 36.569 33.066 32.062 29.186 29.168 30.649 37.559 37.399 35.946 32.476 31.205 31.229 34.982 37.701 37.709 38.455 40.285 40.224 31.685 30.07 28.484
31.306 31.255 31.268 31.279 31.392 31.036 30.969 30.095 29.673 29.74 29.78 29.87 29.986 30.002 30.02 30.225 30.179 30.085 30.077 30.041 30.056 30.51 33.402 31.254 30.711 30.783 30.799 30.733 30.63 30.582 30.54 30.404 30.374 30.345 30.341 37.776 38.759 37.451 34.965 36.995 33.748 32.061 30.807 31.275 29.729 31.308 30.412 32.134 33.918 32.74 35.318 37.32 37.566 36.294 29.937 29.505 29.909 34.418 36.744 35.384 31.601 31.379 33.854 35.957 37.022 31.31 39.521 39.974 40.856 34.203 27.934 27.97
31.318 31.285 31.267 31.367 31.537 32.47 30.988 30.4 29.778 29.775 29.83 29.941 29.993 30.059 30.097 30.252 30.237 30.134 30.104 30.049 30.152 30.602 34.435 34.396 33.95 30.916 30.761 30.731 30.687 30.604 30.522 30.457 30.375 30.506 30.561 39.2 39.217 39.089 38.914 38.816 38.721 37.787 34.117 33.104 33.12 32.659 31.52 33.016 35.499 37.017 36.753 35.827 35.344 31.357 29.574 30.212 30.105 30.058 30.065 30.084 30.123 30.102 30.116 32.295 31.778 31.46 33.436 37.155 39.043 31.245 28.136 28.086
31.328 31.26 31.311 32.286 32.247 31.45 32.071 30.454 29.834 29.882 29.957 30.038 30.124 30.131 30.191 30.372 30.271 30.215 30.146 30.103 30.344 33.638 34.536 34.427 34.495 31.458 30.716 30.705 30.641 30.572 30.506 30.468 30.518 30.414 36.2 39.671 39.601 39.43 39.354 39.239 39.066 38.959 38.887 37.342 38.495 36.874 34.359 33.763 36.509 33.478 37.341 37.012 32.378 29.907 30.031 30.079 30.039 30.047 30.117 30.067 30.075 30.092 30.087 30.074 30.08 29.286 28.392 28.211 28.644 28.814 28.54 28.181
31.31 31.291 31.339 32.213 32.421 31.645 32.911 30.323 29.957 29.972 30.024 30.09 30.183 30.201 30.283 30.287 30.23 30.255 30.121 30.231 30.704 34.105 34.532 34.511 34.333 30.814 30.74 30.692 30.641 30.543 30.488 30.425 30.55 30.417 37.862 40.005 39.993 39.835 39.699 39.601 39.549 39.363 39.305 39.171 39.065 38.977 38.84 37.268 37.887 36.774 37.983 35.937 31.911 30.001 29.933 30.073 30.018 30.073 30.102 30.102 30.099 30.093 30.028 30.027 31.33 30.572 28.466 28.401 28.323 28.306 28.237 28.133
31.268 31.283 31.346 32.239 32.336 31.779 33.03 30.419 30.037 30.074 30.154 30.171 30.181 30.29 30.325 30.359 30.354 30.332 30.246 30.3 30.725 34.515 34.481 34.534 31.949 30.761 30.714 30.627 30.602 30.509 30.488 30.441 30.494 30.343 36.916 39.678 39.71 39.853 40.018 39.911 39.828 39.781 39.658 39.568 39.429 39.31 39.253 39.123 38.948 38.858 38.766 38.368 36.455 32.215 34.63 30.426 30.095 30.068 30.086 30.084 30.073 30.071 30.051 30.134 33.4 32.692 32.773 29.008 28.355 28.36 28.291 28.259
31.286 31.295 31.998 32.411 32.096 32.614 32.552 30.326 30.132 30.172 30.187 30.301 30.294 30.336 30.392 30.437 30.367 30.329 30.342 30.397 33.745 34.56 34.437 34.52 31.44 30.724 30.674 30.629 30.566 30.529 30.46 30.49 30.455 31.457 39.163 39.31 39.352 39.491 39.549 39.673 39.874 39.96 39.915 39.917 39.875 39.714 39.56 39.443 39.334 39.309 39.166 39.024 38.906 38.866 37.511 37.494 36.049 30.574 30.262 30.258 30.086 30.11 30.037 31.362 34.605 34.532 34.33 31.179 30.342 28.572 28.335 28.26
31.286 31.338 31.529 31.862 31.699 32.931 32.204 30.253 30.144 30.24 30.289 30.341 30.371 30.433 30.452 30.471 30.428 30.337 30.395 30.618 32.939 34.529 34.509 34.537 30.911 30.741 30.689 30.606 30.56 30.522 30.434 30.544 30.465 35.569 38.733 38.879 38.917 39.106 39.191 39.296 39.445 39.581 39.717 39.808 39.858 39.978 40.019 39.866 39.729 39.635 39.559 39.474 39.392 39.218 39.096 38.986 38.881 38.722 36.941 31.506 30.086 30.105 30.348 32.156 36.021 36.328 36.094 34.681 29.646 28.415 28.36 28.423
31.297 31.37 31.357 31.442 32.585 33.432 31.075 30.289 30.241 30.352 30.34 30.377 30.423 30.504 30.521 30.489 30.463 30.372 30.462 30.75 33.864 34.455 34.533 33.961 31.051 30.694 30.608 30.615 30.547 30.508 30.443 30.586 30.402 37.437 38.619 38.543 38.666 38.693 38.831 38.924 39.014 39.191 39.335 39.466 39.526 39.643 39.769 39.889 39.931 39.998 39.954 39.828 39.706 39.64 39.47 39.391 39.244 39.173 39.002 31.241 30.117 30.102 30.22 33.566 35.909 33.073 32.058 34.395 29.66 28.272 28.31 28.383
31.31 31.335 31.389 31.425 32.882 33.514 31.241 30.323 30.311 30.405 30.441 30.491 30.523 30.586 30.596 30.525 30.461 30.476 30.535 31.089 34.578 34.445 34.589 32.016 30.729 30.648 30.671 30.58 30.557 30.493 30.588 30.525 30.541 38.804 39.035 38.91 38.814 38.7 38.666 38.495 38.641 38.718 38.852 39.05 39.066 39.264 39.359 39.543 39.61 39.768 39.791 39.914 39.982 39.97 39.88 39.789 39.652 39.573 38.492 30.279 30.098 30.077 30.118 30.098 36.077 32.748 37.133 31.68 29.204 28.749 28.603 28.346
31.328 31.882 31.442 31.482 32.92 33.315 31.032 30.398 30.391 30.474 30.518 30.579 30.582 30.66 30.673 30.568 30.569 30.606 30.71 33.661 34.546 34.497 34.608 31.156 30.694 30.685 30.605 30.59 30.523 30.463 30.596 30.46 32.302 39.569 39.468 39.259 39.166 39.07 38.931 38.846 38.72 38.621 38.549 38.626 38.611 38.792 38.92 39.032 39.204 39.301 39.353 39.593 39.65 39.789 39.868 39.984 39.986 39.758 31.207 30.102 30.086 30.065 30.062 30.052 31.198 35.206 35.234 30.211 28.694 28.333 28.478 28.901
31.365 31.722 32.461 32.44 33.396 32.471 30.904 30.487 30.547 30.519 30.56 30.614 30.66 30.741 30.724 30.638 30.567 30.681 30.844 32.07 34.585 34.513 34.417 30.813 30.698 30.684 30.628 30.613 30.533 30.497 30.561 30.377 37.229 39.916 39.879 39.704 39.669 39.471 39.352 39.235 39.081 39.071 38.899 38.716 38.675 38.555 38.546 38.766 38.766 39.07 39.013 39.133 39.214 39.394 39.426 39.649 39.704 39.654 30.374 30.086 30.09 30.055 30.115 30.119 30.173 30.665 31.292 30.128 28.64 28.361 28.326 28.399
31.377 31.373 31.429 32.496 35.054 33.506 35.785 30.811 30.61 30.605 30.628 30.702 30.742 30.763 30.799 30.685 30.688 30.714 30.941 30.958 30.819 31.439 31.167 30.704 30.684 30.626 30.609 30.547 30.527 30.593 30.564 30.767 39.555 39.912 39.969 40.004 39.998 39.832 39.734 39.65 39.48 39.434 39.287 39.134 39.026 38.936 38.826 38.738 38.557 38.55 38.594 38.658 38.849 38.971 39.082 39.238 39.34 34.594 30.073 30.057 30.075 30.091 30.08 30.16 30.436 30.169 30.196 30.475 30.033 30.178 29.87 28.442
31.394 31.45 31.537 32.769 37.59 38.104 30.889 30.606 30.668 30.674 30.705 30.779 30.79 30.749 30.795 30.704 30.666 30.885 30.99 31.013 30.733 30.676 30.732 30.713 30.683 30.62 30.579 30.586 30.521 30.67 30.609 35.066 39.367 40.365 39.661 39.713 39.785 39.891 40.001 39.998 39.888 39.783 39.649 39.535 39.388 39.346 39.236 39.132 39.005 38.83 38.71 38.662 38.575 38.496 38.7 38.809 38.976 32.686 30.065 30.114 30.071 30.091 30.112 30.832 30.86 30.126 30.12 30.074 30.018 30.036 29.878 29.754
31.427 31.435 31.495 34.082 37.903 35.641 30.811 30.669 30.717 30.743 30.783 30.846 30.865 30.79 30.808 30.76 30.843 30.994 31.207 30.967 30.773 30.746 30.734 30.729 30.654 30.655 30.59 30.521 30.563 30.615 30.55 36.284 38.958 39.064 39.153 39.243 40.064 39.594 39.649 39.718 39.821 39.998 40.029 39.949 39.853 39.705 39.608 39.471 39.424 39.209 39.085 38.988 38.886 38.774 38.614 38.574 38.397 31.194 30.058 30.055 30.041 30.14 30.129 30.148 30.162 30.119 30.117 30.067 30.033 29.948 29.91 29.756
31.466 31.496 32.547 33.684 32.78 31.197 30.691 30.71 30.783 30.816 30.854 30.882 30.927 30.877 30.875 35.882 30.963 31.364 31.572 30.891 30.809 30.71 30.73 30.682 30.645 30.617 30.539 30.62 30.619 30.601 30.579 33.827 38.173 38.731 38.795 38.869 39.012 39.112 39.221 39.465 39.425 39.699 39.662 39.849 39.999 40.017 39.929 39.894 39.788 39.637 39.475 39.45 39.316 39.184 39.083 38.927 38.338 30.238 30.071 30.074 30.025 30.099 30.133 30.085 30.07 30.149 30.191 30.117 30.012 30.154 30.067 31.195
31.49 31.499 32.878 36.523 36.609 32.334 30.81 30.79 30.878 30.888 30.881 30.984 30.897 30.951 30.909 30.821 30.986 31.021 31.05 30.899 30.814 30.76 30.695 30.705 30.674 30.655 30.548 30.575 30.626 30.559 33.56 32.945 32.029 32.365 31.503 37.036 38.416 38.774 38.898 38.947 39.064 39.207 39.315 39.448 39.457 39.681 39.763 39.821 40.015 39.976 39.954 39.778 39.67 39.544 39.482 39.303 33.083 30.042 30.044 30.063 30.109 30.049 30.117 30.079 30.068 30.143 30.16 30.141 29.385 29.706 36.926 35.821
