dsm/se3239_DSM_2M.asc
ncols 500
nrows 500
xllcorner    432000
yllcorner    439000
cellsize     2
NODATA_value -9999
[rows 270 to 299 of 500, columns 68 to 135 of 500]
132.075 132.178 131.79 131.673 131.548 131.513 131.708 133.448 134.415 133.6 132.95 131.638 131.38 134.44 136.71 137.938 137.78 134.023 131.348 131.505 132.128 132.098 135.435 141.463 141.588 140.705 136.145 130.568 131.803 132.398 131.685 131.09 131.11 132.93 131.78 130.61 130.15 130.143 129.85 129.923 130.338 131.38 130.513 129.528 129.795 129.493 129.41 129.32 129.738 130.478 130.788 129.558 129.048 129.178 129.413 129.358 131.23 131.445 130.968 129.755 129.755 133.1 129.478 128.305 128.595 129.055 128.26 128.08
131.945 132.438 132.288 131.588 131.505 131.5 131.888 132.885 134.013 134.338 134.045 132.753 131.888 133.473 134.523 137.688 136.545 133.38 130.845 131.768 132.8 135.103 140.298 142.033 142.413 141.113 136.478 132.27 132.593 133.985 132.048 130.16 130.025 131.458 131.2 130.185 130.398 130.27 129.82 129.735 130.365 131.603 130.02 129.365 129.328 129.445 129.335 129.153 129.513 130.64 130.638 129.415 128.978 129.675 129.248 129.343 130.183 129.958 129.488 128.76 131.548 134.6 131.26 128.445 128.43 128.25 127.928 127.858
131.35 131.993 133.073 132.108 131.74 131.655 132.73 133.535 133.01 134.863 135.185 133.758 131.965 133.625 136.978 138.208 137.963 134.995 131.965 132.943 136.138 137.143 132.16 142.1 140.553 136.585 136.578 135.793 136.148 136.078 134.065 130.088 130.103 130.04 130.1 130.023 130.438 130.51 130.153 129.585 130.28 131.338 129.788 129.27 129.18 129.21 129.31 129.568 131.295 131.475 130.835 129.033 129.04 129.573 128.683 128.54 128.695 129.115 128.725 128.208 129.668 132.865 129.775 128.173 128.06 127.818 127.81 127.713
131.275 131.465 132.053 133.095 132.703 132.408 132.293 132.563 131.603 131.845 132.723 133.97 134.68 134.215 134.25 135.828 136.57 134.808 135.415 138.058 135.705 131.378 132.048 137.06 138.195 132.393 132.565 136.03 138.088 140.245 142.318 134.075 132.21 129.913 129.71 130.075 130.528 131.125 129.855 129.45 130.033 129.863 129.35 129.28 129.373 129.945 129.723 129.98 129.658 130.023 129.97 128.66 128.965 129.59 128.628 128.68 128.813 129.378 129.805 129.008 128.128 129.298 128.313 127.79 127.718 127.648 127.638 127.583
132.363 132.485 131.225 131.438 131.503 131.333 131.105 131.178 131.168 130.928 132.09 134.895 137.003 133.2 131.715 133.485 135.938 135.318 134.99 138.815 140.905 133.378 130.568 136.178 140.243 138.175 131.573 135.748 137.545 141.223 143.885 142.128 135.663 130.26 130.655 132.375 131.088 130.958 130.265 129.498 131.968 130.715 129.145 129.183 129.305 130.08 129.72 129.203 128.96 129.013 128.905 128.61 128.993 133.065 130.32 128.528 129.538 130.663 129.63 129.218 128.398 128.153 127.913 127.768 127.61 127.92 127.623 127.453
133.505 133.068 131.43 130.935 130.873 130.985 131.038 130.945 131.293 131.483 132.28 134.893 136.543 133.848 131.51 133.025 135.408 133.873 132.453 135.203 135.605 133.175 135.388 138.383 141.56 141.565 134.15 133.398 138.813 140.383 142.518 143.855 137.708 130.425 130.423 131.76 131.658 131.275 131.108 132.58 131.055 131.438 129.815 129.005 129.018 129.72 129.318 128.745 128.688 128.658 128.598 128.508 128.603 133.278 130.93 128.278 129.965 132.923 129.84 128.028 127.988 128.7 127.97 127.75 128.548 128.263 127.49 127.273
133.263 132.3 132.133 131.058 130.773 131.275 132.33 131.748 131.045 130.76 130.693 132.813 135.67 135.138 131.808 133.598 134.668 131.2 130.24 130.333 130.143 130.303 135.12 141.335 142.563 142.22 137.958 135.108 138.993 140.265 139.543 140.205 138.463 130.07 129.823 129.825 130.33 134.18 134.205 134.665 131.038 130.758 130.483 129.513 129.68 129.323 128.978 128.608 128.783 128.78 128.635 128.413 129.57 131.998 130.115 127.99 128.268 133.95 134.495 130.318 128.728 129.17 128.02 127.705 128.203 127.88 127.305 127.08
131.475 131.108 131.128 130.988 131.11 132.423 132.365 131.028 130.685 130.473 130.513 131.735 135.348 136.58 131.848 131.953 133.563 130.31 130.085 130.965 131.275 132.765 133.873 141.305 142.935 141.85 137.72 131.46 135.105 136.005 134.385 133.338 131.575 130.355 130.045 129.658 130.398 132.823 134.88 134.963 133.243 129.825 129.388 129.95 130.678 130.208 128.968 128.57 129.355 129.955 129.01 128.913 130.135 130.333 129.455 128 127.84 132.39 133.69 131.128 130.343 130.56 128.623 132.47 129.575 127.6 127.17 126.928
132.003 131.873 131.265 131.153 131.385 132.035 131.395 130.653 130.54 130.44 130.565 131.313 134.135 134.055 132.83 132.798 132.278 130.675 131.338 132.353 137.65 141.42 133.858 140.6 143.133 142.45 140.35 138.65 136.068 130.39 129.803 129.598 129.743 129.69 129.453 129.513 130.358 131.42 133.15 133.03 131.05 129.908 130.528 130.928 130.5 129.545 129.74 128.588 130.793 132.203 131.215 131.253 128.833 128.855 128.3 127.98 127.845 129.398 130.83 129.115 130.385 132.398 129.075 130.088 131.05 129.06 127.225 126.805
133.945 132.843 132.068 131.868 131.275 130.933 130.665 130.593 130.48 130.665 131.338 131.28 134.023 134.46 133.36 133.908 133.808 132.78 135.8 134.633 139.733 143.733 141.278 143.27 142.593 140.668 138.163 141.4 140.625 134.96 129.863 129.813 130.175 130.835 131.54 130.84 130.335 132.765 132.053 130.44 130.643 135.945 137.155 135.61 136.56 135.835 134.355 129.62 134.373 133.45 134.203 135.253 132.285 128.073 127.85 127.888 127.778 128.423 128.558 127.688 130.718 130.285 128.343 127.973 128.92 127.158 126.723 126.715
134.665 133.333 132.17 130.588 130.568 130.64 131.243 131.825 130.458 130.333 134.045 136.413 138.503 137.683 133.853 132.883 133.078 132.96 135.485 138.135 144.108 144.67 144.38 143.57 142.848 140.895 133.105 140.143 140.86 138.773 133.258 130.49 130.143 130.855 132.985 134.69 132.675 132.575 132.24 131.058 134.055 139.42 141.1 142.25 142.618 140.373 134.51 132.29 137.755 140.785 140.695 137.685 132.245 128.49 128.11 127.988 127.453 127.583 127.52 127.37 128.58 128.808 127.973 127.308 127.14 126.72 126.533 126.493
136.45 134.31 133.785 131.133 130.523 131.148 131.968 131.68 130.6 130.163 132.67 139.458 140.258 138.93 132.86 130.86 130.255 130.518 133.13 140.603 143.948 144.493 144.17 142.775 141.975 139.228 137.668 139.975 140.11 136.37 132.545 131.955 131.998 132.08 131.775 132.66 132.093 131.02 132.155 136.538 141.648 143.068 143.323 142.925 144.093 141.89 138.75 132.32 135.423 140.745 140.568 136.29 132.035 129.758 129.398 130.095 128.943 129.508 131.808 130.268 131.31 132.485 130.69 128.808 127.283 126.838 126.5 126.473
137.855 136.643 135.423 133.32 131.315 131.863 131.86 130.738 130.655 130.248 133.685 139.798 140.963 140.5 137.82 133.115 130.408 130.655 132.24 137.008 141.633 142.7 142.96 142.56 140.065 133.58 136.508 140.94 136.64 131.003 133.883 133.658 132.545 134.58 133.028 132.428 130.745 129.235 129.67 132.633 139.955 143.75 144.398 142.885 142.57 142.213 138.003 133.06 131.393 134.435 136.26 134.735 132.035 131.345 131.475 131.325 132.578 134.615 132.948 129.943 131.193 135.513 131.8 130.195 128.933 127.213 126.435 126.273
138.373 137.19 136.153 134.82 131.808 131.045 130.345 130.16 130.065 130.955 133.873 138.173 139.92 139.173 135.888 132.06 131.19 130.795 130.818 131.41 137.223 139.748 140.043 140.508 139.028 131.895 137.41 141.483 133.273 134.555 132.065 136.655 138.683 136.938 133.935 132.643 129.388 130.123 130.333 133.01 140.673 142.48 142.645 142.243 141.513 139.775 135.638 131.91 128.6 128.543 129.708 131.403 130.265 128.725 129.833 130.838 128.19 132.298 130.63 128.24 130.795 133.035 130.103 128.065 126.86 126.778 126.31 126.248
137.275 136.81 133.925 132.09 131.078 130.31 130.023 130.015 130.015 130.71 132.538 134.64 136.608 136.843 135.063 131.595 131.618 132.083 130.225 129.64 132.618 133.96 133.843 134.78 138.223 136.45 134.698 141.785 141.063 141.178 139.733 138.308 140.925 135.915 132.843 132.013 131.943 133.138 130.433 131.423 136.27 140.02 139.085 138.585 137.76 136.253 133.06 129.43 130 128.435 127.703 127.385 127.388 128.783 131.213 130.685 128.478 129.31 129.603 127.25 128.135 128.37 127.14 126.535 126.785 126.978 126.023 126.183
134.465 134.115 131.243 130.58 132.105 132.633 132.095 129.923 129.96 130.108 131.93 133.12 134.145 135.04 134.985 132.405 130.328 131.695 130.585 129.433 129.583 130.173 130.028 129.908 133.528 137.575 131.245 134.345 137.04 139.825 139.81 141.018 141.34 139.205 137.49 131.67 129.76 131.51 130.928 129.065 130.03 132.305 131.61 132.17 132.853 131.81 129.93 128.14 128.835 128.593 127.523 127.27 127.103 128.558 131.13 134.215 134.848 134.71 130.315 126.775 126.478 126.265 126.335 126.255 126.385 126.33 125.955 125.895
131.165 130.935 130.565 130.215 132.44 135.508 135.585 133.868 130.465 129.76 130.318 131.49 132.055 131.978 132.78 132.26 129.925 130.67 130.588 129.423 129.425 129.908 129.988 129.155 130.753 137.053 134.305 137 138.895 135.41 136.333 138.155 140.108 139.29 137.12 132.92 129.705 130.993 135.323 134.643 130.748 127.865 127.865 128.213 128.41 128.32 127.393 127.408 128 129.053 127.59 127.093 126.978 128.59 132.645 135.86 136.628 131.75 127.163 126.428 126.37 126.31 126.293 126.193 126.163 125.958 125.878 125.88
130.288 130.28 130.125 129.943 134.155 136.655 136.66 136.183 133.218 129.863 129.728 130.555 131.64 131.233 129.803 130.065 129.718 129.613 129.695 129.485 129.67 130.715 130.2 129.21 129.055 132.583 135.9 137.188 134.035 130.558 131.408 132.345 136.115 133.413 131.72 131.078 132.275 136.255 138.085 135.928 131.29 128.18 129.123 131.788 130.39 127.783 127.495 127.355 127.375 127.855 128.165 126.903 126.823 126.77 131.893 134.913 135.095 133.813 128.768 126.41 126.203 126.195 126.225 126.105 126.153 126.07 125.848 125.84
130.698 130.373 129.715 131.508 135.575 136.623 137.183 136.633 135.968 131.563 129.875 130.815 131.643 131.598 130.545 129.595 129.523 129.558 129.488 129.965 130.273 130.805 130.808 130.47 129.585 129.553 130.445 131.6 130.08 128.663 128.753 129.01 131.163 129.095 130.38 130.955 129.9 134.208 136.383 134.133 130.52 127.95 131.895 135.328 135.055 129.663 127.578 127.423 127.248 128.535 129.21 127.245 126.973 126.833 128.248 131.945 131.768 130.625 126.955 126.448 126.45 126.07 126.095 126.028 125.93 125.873 125.753 125.72
131.583 130.088 129.728 130.875 132.548 135.388 136.905 136.455 135.693 132.96 130.86 131.365 130.755 131.42 130.978 130.01 129.508 129.565 129.688 129.458 129.92 129.868 129.965 129.855 129.333 129.123 128.95 128.755 129.053 129.198 129.195 129.57 128.283 128.245 128.583 130.193 129.38 129.12 132.09 131.26 129.475 128.038 129.273 132.848 134.903 130.25 127.225 127.363 128.153 129.075 128.56 126.973 126.868 126.74 126.75 127.838 128.195 127.18 126.66 126.37 126.173 126.018 126.01 125.953 125.868 125.858 125.768 125.86
129.968 129.77 129.71 130.548 131.37 133.678 135.365 134.545 132.71 132.118 131.02 132.39 131.243 130.783 130.768 129.735 129.355 129.345 130.078 130.545 129.26 129.29 130.103 129.755 128.855 129.248 129.973 128.878 129.058 129.625 130.1 129.998 128.385 128.193 128.48 128.268 127.875 127.978 129.455 129.613 129.453 128.205 127.48 128.913 132.228 129.838 127.118 127.658 128.9 129.218 128.055 126.7 126.623 126.59 127.188 126.415 126.218 126.265 128.233 126.588 126.108 125.968 125.968 125.938 125.818 125.818 125.755 125.798
129.44 129.775 129.933 130.145 131.065 131.1 132.343 131.673 131.375 130.893 130.52 130.663 131.583 132.235 132.67 131.27 130.418 131.033 133.098 132.493 131.005 129.578 130.388 130.213 129 128.663 129.9 128.69 128.288 129.423 130.24 130.24 128.778 128.16 129.183 128.32 127.663 128.05 129.6 128.96 129.308 127.708 127.405 128.213 130.218 128.12 127.158 128.235 129.283 129.198 128.828 127.76 126.645 126.505 127.338 126.543 126.135 126.3 127.568 127.82 126.89 126.055 125.808 125.77 125.77 125.73 125.89 125.665
129.405 129.628 130.193 131.25 131.243 130.315 129.548 129.54 130.368 131.555 130.94 130.195 130.135 131.123 134.735 135.463 135.34 135.268 135.41 135.46 134.325 130.16 128.943 128.928 128.87 129.455 129.808 128.325 128.395 129.505 129.55 129.598 128.698 128.103 128.36 128.278 127.585 127.775 128.66 128.358 128.198 128.188 127.455 127.273 128.135 127.355 127.025 127.438 128.213 129.135 129.605 128.015 126.558 126.555 126.583 126.165 126.083 126.755 128.73 128.245 127.935 126.815 125.708 125.593 125.59 125.55 126.52 125.888
129.168 129.19 129.323 129.92 129.86 129.763 129.21 129.298 130.558 130.945 130.105 129.96 130.4 132.953 135.195 135.43 135.235 135.243 135.453 135.765 135.46 132.983 129.513 128.903 128.73 129.328 129.3 128.278 128.19 128.62 128.473 128.168 127.908 127.888 128.023 127.773 127.525 127.65 127.533 127.743 128.003 127.765 127.425 127.49 128.198 128.348 127.125 126.985 126.943 127.33 128.05 126.985 126.418 126.47 126.27 126.085 126.228 126.215 127.325 127.633 127.72 126.923 125.67 125.505 125.475 125.388 126.508 127.633
128.813 128.93 128.82 128.823 129.193 129.065 129.003 129.313 129.285 130.573 131.345 129.475 128.905 130.238 133 134.885 132.975 132.678 133.738 134.788 134.878 132.393 129.41 130.938 130.948 130.84 131.103 130.995 129.993 128.1 127.908 127.87 128.253 127.763 127.82 127.768 128.12 128.33 127.593 127.495 127.688 127.778 127.225 127.675 128.998 129.158 127.913 127.045 126.82 126.75 126.97 126.985 126.388 126.363 126.55 126.235 126.86 126.123 125.853 126.293 127.048 126.475 125.55 125.6 125.328 125.31 126.54 127.838
128.638 128.708 128.843 128.815 128.745 128.505 128.52 128.608 128.803 129.213 129.488 129.155 129.22 132.375 133.55 132.593 130.155 129.458 130.513 132.895 134.023 131.158 129.293 133.598 134.258 134.59 134.575 134.203 132.225 129.14 127.91 129.038 131.413 131.368 128.053 129.34 129.458 130.318 128.403 127.425 128.945 127.975 128.128 128.168 130.198 129.715 129.358 127.943 127.065 127.028 127.923 127.255 127.358 126.833 127.21 127.238 126.295 126 125.79 125.595 126.233 127.56 125.623 125.278 125.158 125.085 125.413 127.045
128.648 128.533 128.708 128.745 128.575 128.375 128.345 128.513 128.733 128.998 128.973 128.733 128.648 128.588 129.12 129.683 128.75 129.465 129.77 129.408 130.093 128.615 128.228 131.49 135.48 136.168 136.08 135.528 134.503 131.133 128.52 131.828 133.233 133.728 133.425 133.823 133.793 133.488 130.743 127.748 129.395 131.095 132.745 132.77 132.778 132.69 131.828 130.168 127.45 126.798 127.768 129.905 131.188 129.848 130.11 131.938 129.39 129.42 128.355 126.255 127.243 130.565 127.263 125.223 125.303 125.495 127.6 128.398
128.553 128.373 128.258 128.598 128.475 128.23 128.293 128.143 128.18 128.953 129.598 128.803 128.22 128.16 128.35 128.338 128.853 128.858 128.408 128.155 128.195 128.213 128.385 132.568 134.97 135.81 135.46 135.09 134.3 132.623 132.498 133.408 133.645 133.998 134.088 133.938 134.095 134.395 132.135 129.185 129.41 133.943 133.923 133.725 133.658 133.713 133.838 131.83 128.52 126.565 128.498 132.07 133.59 133.645 133.493 133.37 132.775 132.12 129.698 126.245 128.86 131.813 130.34 129.713 128.73 127.713 128.213 127.68
128.385 128.255 128.15 128.358 128.343 128.245 128.275 128.128 127.935 127.998 128.26 127.785 127.728 128 128.258 128.245 129.11 129.733 128.58 128.11 127.97 127.945 128.64 131.185 132.298 133.355 134.008 133.995 133.865 131.598 130.073 133.06 133.668 132.438 132.663 133.128 133.808 134.31 133.045 132.143 132.09 133.82 132.51 131 131.943 133.05 133.823 132.653 128.943 126.8 129.935 132.77 134.205 134.43 134.503 134.418 133.36 131.505 127.54 126.593 129.718 132.198 132.19 132.12 132.16 131.243 128.95 127.415
128.348 128.273 128.193 128.175 128.095 127.945 128.02 128.033 127.913 127.865 127.753 127.563 127.543 127.553 129.88 130.933 130.783 130.46 129.958 128.288 127.66 127.62 127.678 127.82 128.853 130.02 130.025 130.323 130.78 129.16 128.503 131.728 132.835 131.198 130.653 131.488 133.688 134.278 132.98 131.86 130.718 132.753 128.638 127.518 127.855 131.438 133.785 131.653 126.635 128.87 131.443 132.99 133.67 133.67 134.555 133.975 133.173 131.475 128.535 127.22 130.065 132.173 132.898 133.44 132.845 131.863 129.958 127.04
