dsm/se3230_DSM_2M.asc
ncols 500
nrows 500
xllcorner    432000
yllcorner    430000
cellsize     2
NODATA_value -9999
[rows 352 to 383 of 500, columns 72 to 143 of 500]
31.74 32.932 29.764 29.967 28.628 28.389 28.303 28.201 28.306 29.496 29.47 31.654 30.644 28.559 27.108 25.932 25.639 25.699 -9999 -9999 -9999 -9999 25.173 -9999 -9999 -9999 -9999 -9999 -9999 25.449 25.373 -9999 -9999 -9999 -9999 -9999 -9999 -9999 27.575 27.523 27.739 27.352 27.35 27.362 27.492 27.703 27.364 27.296 27.302 27.292 27.414 27.463 27.595 27.615 27.648 27.708 27.715 28.697 28.325 29.677 28.495 29.352 28.327 28.026 38.21 38.438 38.459 38.506 38.578 38.584 38.641 38.687
30.372 30.218 33.59 35.092 32.667 28.514 28.348 28.286 28.292 28.637 28.623 31.166 28.203 27.334 26.752 26.106 25.785 25.678 -9999 -9999 -9999 -9999 25.159 -9999 -9999 -9999 -9999 -9999 -9999 -9999 -9999 -9999 -9999 -9999 -9999 -9999 -9999 -9999 -9999 25.748 27.338 27.243 27.385 27.586 27.273 27.318 27.293 27.292 27.321 27.37 27.425 27.486 27.544 27.572 27.644 27.703 27.696 28.837 28.948 29.771 29.448 28.19 27.968 34.588 38.411 38.442 38.497 38.541 38.56 38.612 38.644 38.702
31.056 30.607 33.372 35.274 34.241 31.248 28.446 28.372 28.307 28.357 28.93 28.571 28.074 27.454 26.921 26.332 26.063 25.76 25.559 25.458 -9999 -9999 -9999 -9999 -9999 -9999 -9999 -9999 -9999 -9999 -9999 -9999 -9999 -9999 -9999 -9999 -9999 -9999 -9999 -9999 25.868 27.033 27.377 27.292 26.918 27.346 27.316 27.31 27.344 27.379 27.444 27.509 27.564 27.608 27.626 27.698 27.676 28.737 29.173 29.428 29.952 27.943 27.928 37.603 38.412 38.477 38.501 38.561 38.584 38.618 38.658 38.752
31.849 32.929 32.009 34.212 34.095 31.435 28.555 28.386 28.326 28.278 28.618 28.529 28.263 27.727 27.254 26.857 26.313 25.645 25.481 25.362 -9999 -9999 -9999 -9999 -9999 -9999 -9999 -9999 -9999 -9999 -9999 -9999 -9999 -9999 -9999 -9999 -9999 -9999 -9999 -9999 -9999 25.913 26.585 26.23 26.668 27.452 28.016 27.468 27.423 27.422 27.509 27.561 27.609 27.656 27.669 27.665 27.738 28.042 29.141 28.259 30.082 28.496 27.964 38.219 38.419 38.481 38.523 38.562 38.595 38.649 38.699 38.763
32.107 34.731 33.423 34.659 34.133 33.789 29.092 28.372 28.335 28.289 28.341 28.464 28.428 27.986 27.606 29.126 28.43 26.065 25.442 25.414 -9999 -9999 -9999 -9999 -9999 -9999 -9999 -9999 -9999 -9999 -9999 -9999 -9999 -9999 -9999 -9999 -9999 -9999 -9999 -9999 -9999 -9999 26.023 25.612 26.076 27.089 27.71 27.514 27.403 27.842 27.715 27.719 27.643 27.656 27.649 27.686 28.759 29.221 28.797 28.926 29.453 29.63 29.09 38.254 38.438 38.481 38.511 38.556 38.607 38.648 38.712 38.797
32.149 31.984 30.978 30.891 33.329 33.934 29.854 28.384 28.348 28.314 28.3 28.562 28.484 28.34 28.727 29.607 28.872 27.41 25.811 25.725 26.011 -9999 -9999 -9999 -9999 -9999 -9999 -9999 -9999 -9999 -9999 -9999 -9999 -9999 -9999 -9999 -9999 -9999 -9999 -9999 -9999 -9999 25.872 25.715 25.759 26.583 27.325 27.457 27.444 27.743 27.717 27.796 27.587 27.681 27.643 27.654 28.715 29.232 28.859 29.175 28.509 28.071 36.951 38.429 38.463 38.495 38.548 38.577 38.616 38.665 38.728 38.796
32.792 28.91 28.775 32.179 34.142 33.965 29.586 28.393 28.378 28.342 28.301 28.341 28.455 29.251 30.07 29.666 28.814 27.817 26.217 25.907 26.307 -9999 -9999 -9999 -9999 -9999 -9999 -9999 -9999 -9999 -9999 -9999 -9999 -9999 -9999 -9999 25.222 -9999 -9999 -9999 -9999 -9999 25.675 25.641 25.725 26.314 27.158 27.412 27.492 27.609 27.761 27.622 27.528 27.615 27.666 27.656 27.693 28.919 29.017 29.157 28.282 28.046 37.207 38.414 38.474 38.506 38.573 38.583 38.642 38.669 38.762 38.784
31.155 28.032 27.68 27.629 27.961 28.373 28.577 28.726 28.404 28.341 28.289 28.266 29.672 31.118 31.56 30.978 28.874 29.846 30.245 28.028 27.364 -9999 -9999 25.227 -9999 -9999 -9999 -9999 -9999 -9999 -9999 -9999 -9999 -9999 -9999 -9999 25.205 -9999 -9999 -9999 -9999 -9999 25.703 25.659 25.771 26.195 27.09 27.362 27.672 27.786 27.83 27.562 27.549 27.598 27.641 27.646 27.701 28.794 28.962 27.812 27.952 29.829 38.268 38.456 38.491 38.517 38.582 38.634 38.658 38.714 38.787 38.825
29.298 28.496 31.102 34.272 32.092 32.694 33.229 30.579 28.48 28.351 28.305 28.255 28.506 31.604 32.495 31.868 29.485 29.994 30.412 27.38 27.352 28.411 -9999 25.217 -9999 -9999 -9999 -9999 -9999 -9999 -9999 -9999 -9999 -9999 -9999 -9999 -9999 -9999 -9999 -9999 -9999 -9999 25.789 25.732 25.787 26.274 27.065 27.475 27.694 27.873 27.786 27.539 27.569 27.617 27.622 27.674 27.714 28.772 29.254 28.244 27.999 37.091 38.389 38.455 38.496 38.521 38.565 38.64 38.677 38.73 38.79 38.822
29.859 30.325 34.177 37.981 34.46 31.397 30.826 33.475 29.39 28.331 28.31 28.268 28.256 30.643 32.062 30.805 31.548 31.154 28.903 29.098 28.766 28.927 -9999 -9999 -9999 -9999 -9999 -9999 -9999 -9999 -9999 -9999 -9999 -9999 -9999 -9999 -9999 -9999 -9999 -9999 -9999 -9999 25.594 25.83 25.91 26.241 27.305 27.545 27.705 27.89 27.678 27.54 27.581 27.607 27.628 27.643 27.681 27.756 29.083 28.292 27.946 37.839 38.422 38.471 38.494 38.544 38.593 38.62 38.717 38.787 38.804 38.833
30.341 29.86 33.846 36.08 33.235 31.807 34.218 33.644 29.283 30.363 28.473 28.286 28.267 30.23 31.478 32.136 31.678 30.966 30.115 31.301 30.493 28.18 28.485 -9999 -9999 -9999 -9999 -9999 -9999 -9999 -9999 -9999 -9999 -9999 -9999 -9999 -9999 -9999 -9999 -9999 -9999 -9999 -9999 25.908 26.029 26.328 27.283 27.448 27.749 27.949 27.614 27.547 27.588 27.576 27.63 27.651 27.687 27.748 28.075 27.988 34.402 38.414 38.423 38.5 38.534 38.571 38.617 38.646 38.707 38.766 38.795 38.836
30.669 30.16 29.768 29.4 28.528 30.31 30.58 30.244 31.88 33.42 29.929 28.324 28.303 28.301 30.58 31.907 30.98 31.495 31.007 31.521 29.681 27 28.407 26.566 -9999 -9999 -9999 -9999 25.64 25.424 -9999 -9999 -9999 -9999 -9999 -9999 -9999 -9999 -9999 -9999 -9999 -9999 25.852 25.849 25.855 26.532 27.07 27.513 27.866 27.826 27.605 27.589 27.587 27.568 27.616 27.663 27.692 27.743 27.84 27.928 36.52 38.42 38.447 38.491 38.532 38.577 38.636 38.667 38.757 38.799 38.81 38.865
31.448 30.166 29.349 28.487 32.759 29.656 28.775 35.615 35.225 35.182 32.708 28.37 28.309 28.258 28.212 29.082 28.766 29.145 30.82 32.369 29.941 29.324 28.632 27.193 26.856 -9999 -9999 -9999 -9999 -9999 -9999 -9999 -9999 -9999 -9999 -9999 -9999 -9999 -9999 -9999 -9999 -9999 25.774 25.788 25.938 26.452 27.01 27.365 27.826 27.785 27.65 27.607 27.607 27.612 27.601 27.658 27.73 27.745 27.793 28.018 38.236 38.422 38.48 38.489 38.548 38.592 38.629 38.676 38.761 38.802 38.837 38.889
36.025 31.443 29.827 32.344 36.634 36.873 28.514 29.471 33.54 34.224 31.934 28.326 28.323 28.284 28.228 28.303 28.462 28.842 31.187 31.929 30.939 29.988 28.363 26.268 26.464 26.589 -9999 -9999 -9999 25.521 -9999 -9999 -9999 -9999 -9999 -9999 -9999 -9999 -9999 -9999 -9999 25.506 25.702 25.713 25.904 26.556 27.159 27.489 27.826 27.713 27.675 27.626 27.6 27.589 27.606 27.645 27.705 27.779 27.825 35.233 38.408 38.438 38.492 38.525 38.582 38.6 38.619 38.688 38.786 38.825 38.837 38.904
34.111 31.298 30.326 32.61 40.892 39.526 35.345 35.393 33.52 34.92 33.181 28.43 28.339 28.313 28.264 28.253 28.376 29.054 31.112 31.898 32.496 31.039 29.622 27.017 26.267 26.23 29.417 30.301 -9999 25.342 -9999 -9999 -9999 -9999 -9999 -9999 -9999 -9999 -9999 -9999 -9999 25.705 25.72 25.656 26.043 26.742 27.325 27.597 27.695 27.662 27.661 27.624 27.597 27.586 27.634 27.694 27.724 27.776 28.016 35.354 38.378 38.467 38.498 38.546 38.592 38.626 38.663 38.75 38.788 38.832 38.85 38.885
32.779 31.666 31.529 30.704 38.229 39.892 40.442 39.092 36.452 31.003 30.989 28.561 28.383 28.323 28.297 28.254 28.283 28.623 30.213 31.814 32.686 31.484 30.306 28.126 27.058 26.906 26.536 30.463 -9999 -9999 -9999 -9999 -9999 -9999 -9999 -9999 -9999 -9999 -9999 -9999 -9999 25.746 25.73 25.866 26.247 26.916 27.379 27.729 27.743 27.692 27.657 27.62 27.586 27.585 27.644 27.71 27.75 27.762 28.488 36.396 38.408 38.461 38.488 38.556 38.59 38.628 38.692 38.765 38.803 38.835 38.863 38.911
33.182 32.195 31.216 31.542 33.804 38.192 40.268 40.951 32.94 29.726 29.405 28.603 28.396 28.333 28.298 28.253 28.23 28.327 29.817 31.671 33.118 32.317 30.82 29.41 27.381 26.507 26.303 -9999 -9999 -9999 -9999 -9999 -9999 -9999 -9999 -9999 -9999 -9999 -9999 -9999 -9999 25.766 25.798 26.008 26.6 27.303 27.615 27.851 27.708 27.642 27.586 27.585 27.577 27.63 27.676 27.721 27.776 27.8 36.77 38.376 38.437 38.468 38.53 38.552 38.589 38.603 38.688 38.785 38.807 38.857 38.887 38.927
33.865 32.959 33.429 34.713 41.434 43.622 42.91 43.378 38.706 34.528 28.885 30.187 29.466 28.466 28.384 28.317 28.275 28.314 28.472 30.129 32.908 32.469 33.16 31.044 29.537 26.62 26.62 -9999 -9999 -9999 -9999 -9999 -9999 -9999 -9999 -9999 -9999 -9999 25.615 25.752 25.834 25.766 25.823 26.353 27.004 27.678 28.293 27.892 27.632 27.595 27.571 27.571 27.553 27.649 27.687 27.735 27.773 27.967 37.439 38.398 38.458 38.478 38.548 38.572 38.609 38.638 38.723 38.774 38.831 38.851 38.91 38.94
34.228 33.284 34.736 37.406 42.232 45.021 43.927 34.836 40.927 37.473 31.996 32.967 32.953 29.186 28.397 28.343 28.313 28.273 28.419 30.195 32.487 32.604 33.293 31.565 29.586 27.785 28.387 27.376 29.361 30.205 -9999 -9999 -9999 -9999 -9999 -9999 -9999 25.764 25.84 25.614 25.895 25.785 25.781 26.444 27.185 28.145 28.951 27.892 27.561 27.618 27.602 27.558 27.608 27.654 27.698 27.718 27.777 32.063 37.661 38.425 38.447 38.504 38.529 38.61 38.605 38.654 38.725 38.778 38.827 38.868 38.9 38.931
34.634 33.887 32.948 39.325 41.9 37.686 44.796 40.963 41.03 36.891 30.036 34.044 33.56 29.683 28.407 28.338 28.294 28.248 28.715 28.905 30.28 32.079 31.969 32.639 30.381 28.877 29.191 27.777 27.846 29.272 30.713 -9999 -9999 -9999 -9999 -9999 25.632 25.997 25.723 25.827 25.787 25.767 26.159 26.623 27.298 27.743 27.89 27.628 27.593 27.592 27.588 27.639 29.145 28.136 27.717 27.733 27.806 33.483 38.377 38.442 38.475 38.515 38.549 38.595 38.636 38.709 38.756 38.802 38.843 38.87 38.897 38.935
35.368 34.343 34.33 39.372 42.558 40.662 34.21 39.372 40.879 38.926 36.792 38.444 37.302 32.095 28.625 28.316 28.298 28.274 28.249 28.396 28.752 30.879 33.007 31.906 29.382 30.082 30.348 28.215 28.761 31.662 32.055 -9999 -9999 -9999 -9999 25.383 25.313 26.011 25.838 25.753 25.878 26.117 26.474 26.899 27.505 27.769 27.713 27.612 27.612 27.589 27.587 27.623 28.615 28.747 27.736 27.789 27.754 36.389 38.402 38.446 38.503 38.552 38.574 38.593 38.642 38.737 38.78 38.815 38.846 38.879 38.93 38.957
35.749 34.786 34.143 39.11 39.437 42.409 34.472 39.663 41.481 39.419 36.728 38.002 35.709 29.311 28.57 32.676 29.325 28.293 28.25 28.246 28.477 32.415 31.709 33.241 32.389 31.858 32.934 29.116 28.527 27.971 26.918 25.774 -9999 -9999 -9999 25.826 25.858 25.928 25.743 25.665 26.001 26.462 27.006 27.413 27.772 27.86 27.679 27.628 27.634 27.597 27.604 27.625 28.516 29.251 27.83 27.899 35.503 38.383 38.415 38.459 38.524 38.539 38.594 38.636 38.665 38.761 38.771 38.82 38.847 38.905 38.928 38.982
36.263 36.481 34.658 39.039 35.661 32.756 38.729 41.892 32.231 29.801 35.456 35.861 32.126 27.774 33.576 34.841 30.52 28.339 28.25 28.256 28.277 29.108 31.844 34.209 33.923 32.245 33.016 29.872 27.092 26.931 26.624 26.371 25.581 25.341 25.807 26.022 25.997 25.93 25.911 25.998 26.33 26.812 27.392 28.294 28.332 28.106 27.623 27.6 27.612 27.613 27.628 28.999 28.164 28.945 28.321 27.819 33.504 38.394 38.428 38.462 38.511 38.565 38.6 38.64 38.738 38.765 38.804 38.839 38.886 38.938 38.96 38.983
37.34 38.377 38.574 41.634 36.185 33.295 42.6 36.381 29.163 33.274 40.17 39.088 30.798 28.807 36.711 35.822 32.42 28.446 28.263 28.269 28.254 28.67 33.308 35.075 34.109 31.441 34.442 33.187 31.952 27.536 26.12 25.993 25.779 25.539 25.837 26.367 26.486 26.364 26.104 26.358 26.858 27.247 28.406 29.179 28.292 27.693 27.594 27.602 27.57 27.573 27.61 28.698 28.821 28.917 28.339 28.35 36.958 38.434 38.444 38.503 38.527 38.567 38.624 38.653 38.729 38.792 38.831 38.859 38.923 38.941 38.971 39.006
36.38 36.274 37.835 37.483 40.607 38.198 38.568 35.409 30.976 31.998 43.517 42.417 36.37 30.86 36.877 37.951 34.759 29.311 28.427 28.291 28.291 29.085 35.678 37.174 32.655 32.422 38.739 38.034 36.106 30.927 27.175 26.078 26.152 25.553 26.254 26.564 26.802 26.362 26.381 26.851 27.554 29.216 29.869 30.313 28.992 27.811 27.581 27.596 27.583 27.612 28.746 27.951 28.396 28.303 28.652 33.289 38.393 38.425 38.459 38.517 38.568 38.6 38.612 38.677 38.73 38.797 38.823 38.871 38.905 38.933 38.99 39.009
36.174 36.121 35.89 35.334 40.44 45.174 36.844 41.078 39.478 34.45 43.532 39.112 42.014 38.055 38.889 37.576 37.833 35.495 29.319 28.311 28.355 28.805 35.14 39.065 37.476 36.644 38.986 38.94 38.038 35.81 32.56 28.428 27.126 25.867 26.424 26.517 27.656 28.11 27.661 27.921 28.694 30.021 30.398 30.508 28.774 27.786 27.582 27.586 27.601 27.918 28.665 28.161 29.146 27.967 27.842 35.346 38.394 38.43 38.508 38.533 38.615 38.624 38.636 38.764 38.767 38.79 38.831 38.881 38.909 38.949 38.983 39.027
36.328 36.249 38.685 40.163 39.044 35.31 35.772 32.491 40.78 34.577 43.124 39.86 42.16 40.942 39.473 39.702 38.923 35.95 34.637 28.429 28.282 28.398 35.555 38.448 39.704 40.693 40.032 40.236 38.851 39.059 37.854 36.231 30.55 26.922 26.452 27.261 28.375 28.186 28.847 29.648 29.902 29.69 29.987 29.785 28.452 27.659 27.579 27.57 27.998 27.951 28.594 28.107 28.849 28.039 28.021 37.982 38.427 38.461 38.525 38.547 38.574 38.61 38.661 38.763 38.779 38.822 38.85 38.935 38.909 38.97 39.011 39.036
36.168 37.912 41.623 43.533 41.297 38.883 41.279 37.529 43.3 34.952 42.362 44.042 42.889 35.701 39.357 39.434 39.033 34.001 32.604 28.393 28.281 28.275 28.993 37.552 41.298 39.194 39.224 37.523 39.16 39.385 39.278 38.008 34.623 31.193 27.7 27.176 27.608 27.922 29.142 28.87 29.879 28.819 29.01 28.546 28.046 27.647 27.611 27.585 27.644 27.949 27.959 28.835 27.751 27.874 33.473 37.374 38.425 38.517 38.521 38.58 38.585 38.637 38.7 38.764 38.804 38.86 38.866 38.94 38.963 38.981 39.004 38.999
36.111 37.684 41.694 38.752 37.163 38.356 40.081 45.906 34.544 36.378 34.246 41.273 42.581 35.112 38.977 39.609 37.491 33.57 35.248 28.501 28.303 28.291 28.23 28.302 35.597 39.478 39.219 37.02 36.322 35.742 38.253 36.788 35.349 33.409 31.123 30.869 30.397 27.85 28.312 29.456 30.188 29.677 29.259 28.049 27.719 27.647 27.641 27.626 27.689 28.296 27.747 28.798 28.573 27.897 34.128 38.383 38.491 38.514 38.558 38.6 38.628 38.655 38.707 38.77 38.802 38.838 38.879 38.923 38.977 39.006 39.036 39.03
36.161 36.324 37.655 42.428 37.062 43.38 37.389 44.893 36.649 43.773 41.344 39.422 43.895 43.048 39.127 37.007 34.96 34.939 29.53 28.674 28.356 28.307 28.281 28.247 30.519 33.23 36.762 31.391 35.93 35.619 35.244 34.76 33.833 33.785 33.958 32.634 31.712 29.423 28.77 30.289 30.197 30.131 28.648 27.761 27.659 27.6 27.703 29.129 29.183 28.654 27.914 28.667 28.251 27.998 38.25 38.438 38.478 38.53 38.597 38.603 38.659 38.696 38.758 38.818 38.826 38.88 38.885 38.911 38.964 39.018 39.038 38.992
36.229 36.16 36.414 40.04 42.76 41.463 42.161 41.473 39.389 39.112 33.399 34.645 36.82 40.298 39.466 35.003 33.491 31.104 28.594 28.581 28.544 28.331 28.328 28.302 28.377 28.918 29.295 31.532 35.225 35.402 36.646 36.036 34.046 34.041 34.368 33.417 32.993 29.778 28.782 30.102 30.173 29.436 28.203 27.717 27.63 27.649 27.643 27.925 29.137 27.946 28.05 27.731 28.025 29.349 38.255 38.441 38.481 38.507 38.587 38.614 38.65 38.701 38.804 38.82 38.856 38.899 38.912 38.953 38.984 39.028 38.986 38.949
36.234 36.238 36.251 36.519 36.769 37.287 36.253 37.209 41.835 40.456 43.67 36.958 32.756 43.484 40.275 39.477 36.156 28.485 27.93 28.337 30.858 28.478 28.334 28.29 28.285 28.365 28.604 29.546 31.926 33.401 34.137 31.927 31.154 33.083 33.996 33.5 33.197 29.529 28.193 28.457 28.634 29.126 28.019 27.65 27.639 27.654 27.658 27.666 28.818 28.144 27.74 28.052 28.032 37.796 38.405 38.482 38.513 38.561 38.575 38.624 38.687 38.728 38.811 38.824 38.858 38.893 38.95 38.977 39.017 39.043 39.008 38.918
