dsm/se3239_DSM_2M.asc
ncols 500
nrows 500
xllcorner    432000
yllcorner    439000
cellsize     2
NODATA_value -9999
[rows 30 to 59 of 500, columns 340 to 407 of 500]
153.139 153.139 153.131 153.126 153.219 153.236 153.099 153.129 157.844 166.559 170.421 170.439 169.744 168.919 167.531 166.324 163.469 156.574 156.554 159.259 165.184 160.809 168.716 167.621 166.196 168.309 169.536 169.931 163.894 172.641 170.186 174.126 170.281 173.001 168.836 168.471 167.906 165.014 158.841 153.319 153.751 159.279 158.981 154.991 153.266 153.191 153.311 153.364 153.364 153.341 153.314 153.336 153.269 153.209 153.789 156.394 156.569 155.069 153.649 153.691 158.056 158.499 158.796 159.011 158.871 157.384 154.399 153.681
153.181 153.161 153.131 152.896 152.951 152.959 153.031 153.499 159.631 164.571 166.029 168.459 167.116 164.601 161.349 160.469 159.766 163.604 164.286 163.479 167.074 165.679 167.186 163.951 164.614 169.446 169.554 168.921 168.971 169.494 170.664 172.904 173.974 172.691 170.581 171.249 164.736 156.999 156.704 153.631 153.086 154.499 155.344 153.384 153.266 153.179 153.256 153.899 153.689 153.439 153.446 153.389 153.374 153.624 154.826 156.394 156.491 154.211 153.621 153.819 157.374 158.269 158.289 158.211 158.201 157.314 154.081 154.039
153.409 154.766 156.929 156.279 154.296 152.984 153.084 153.961 157.256 158.694 156.034 156.594 158.404 157.889 154.366 153.659 158.449 165.614 166.616 166.796 160.049 161.316 160.576 160.859 156.279 167.336 169.069 166.474 161.669 166.879 168.144 169.071 172.736 170.549 172.616 169.846 161.189 156.876 154.024 153.286 153.236 153.219 153.554 154.059 155.554 155.989 155.286 155.094 155.476 156.341 153.721 153.486 153.516 154.676 156.559 157.674 156.821 154.594 154.046 154.169 156.476 157.146 157.116 156.956 157.059 157.039 155.141 153.979
156.361 159.366 161.781 159.504 156.761 154.229 153.171 153.069 153.286 153.881 154.001 153.241 154.021 154.276 156.249 153.944 161.671 167.211 168.334 168.181 159.089 156.954 154.401 154.744 153.146 160.486 167.614 162.441 156.241 162.691 162.941 160.761 168.704 157.959 172.294 171.606 159.714 155.841 155.026 153.464 153.401 153.334 153.711 154.749 157.999 159.366 159.244 157.586 159.186 159.226 155.969 156.486 155.944 156.261 157.721 158.326 158.014 158.156 157.921 158.029 158.026 158.119 156.424 154.769 154.509 155.214 154.266 153.706
160.006 163.196 164.176 161.621 159.031 156.721 156.306 155.554 154.326 154.496 156.389 155.526 156.629 159.166 163.401 157.314 161.574 167.726 168.956 168.981 161.909 163.424 155.084 153.194 153.229 155.131 161.094 155.909 157.334 159.479 155.569 160.324 171.094 162.704 169.309 162.976 153.771 153.121 153.316 153.351 153.371 153.531 153.506 153.726 157.014 160.206 160.149 160.229 160.159 159.316 157.569 157.216 157.431 157.349 158.049 159.041 159.111 159.214 159.264 159.389 159.284 158.769 155.799 153.949 153.624 153.706 154.369 153.816
163.619 165.509 166.116 163.114 161.049 160.869 160.894 158.936 156.489 156.674 158.881 160.846 158.524 163.976 166.221 163.134 164.434 168.066 168.779 167.321 166.461 159.306 153.064 153.226 153.481 153.201 153.279 153.349 153.876 154.629 153.346 153.211 157.189 166.066 168.981 161.574 153.054 153.396 153.606 153.571 153.361 153.709 153.786 153.601 155.201 159.446 160.181 160.059 160.081 159.594 157.149 156.906 157.089 156.991 157.899 158.564 159.089 159.059 158.996 159.119 159.049 158.436 154.936 153.729 153.761 153.811 154.159 153.701
163.744 166.124 167.739 163.851 165.869 163.884 161.876 161.001 157.551 159.219 162.204 162.954 159.621 161.459 165.049 167.461 167.884 165.886 163.154 159.914 160.706 166.091 159.841 161.846 158.904 155.759 154.976 157.139 154.019 153.469 153.256 153.564 153.309 155.494 157.084 157.129 153.284 153.631 153.531 153.391 153.369 153.539 153.809 154.284 155.644 155.986 159.239 157.926 157.071 157.261 156.004 155.136 155.394 156.171 157.086 155.614 156.054 157.501 157.336 156.959 155.939 156.821 156.291 154.684 154.229 153.789 153.826 153.786
162.621 165.089 169.944 170.636 170.409 166.776 161.971 161.941 158.796 156.779 159.921 160.939 159.749 159.551 164.079 168.229 169.009 168.299 159.321 155.456 163.494 170.111 166.371 166.961 165.329 160.534 160.601 160.859 159.784 156.381 154.264 153.874 153.479 153.171 153.161 153.199 153.486 153.811 153.471 153.671 153.889 153.456 153.716 155.489 154.236 153.676 156.014 153.889 153.754 154.024 153.826 153.694 153.651 153.529 154.309 154.104 153.719 154.269 154.391 153.994 153.501 153.999 153.764 153.846 153.821 153.781 153.814 153.751
161.644 163.534 169.479 170.359 170.594 166.456 158.881 160.539 156.051 156.189 160.619 163.711 160.774 162.494 166.396 168.239 166.359 160.826 156.531 162.454 169.809 167.756 167.371 165.264 165.189 165.316 164.681 164.146 162.409 158.214 153.891 153.976 153.441 153.394 153.561 153.189 153.181 153.336 153.326 153.766 154.186 153.479 153.574 153.999 153.769 153.761 153.534 153.581 153.654 154.456 154.529 154.276 153.611 153.506 153.696 153.759 153.694 153.596 153.624 153.486 153.549 153.491 153.446 153.489 153.566 153.759 153.816 153.806
164.274 162.164 168.991 170.154 169.829 166.561 163.851 158.584 156.051 155.969 161.356 164.439 161.311 160.766 165.416 167.081 163.911 158.214 158.194 158.981 162.949 165.854 167.511 164.379 164.556 164.821 164.104 164.879 164.301 161.701 153.859 153.331 153.291 153.699 153.631 153.154 153.199 153.391 153.439 153.456 153.566 153.549 153.774 154.709 154.266 153.776 153.579 153.704 154.629 154.301 153.966 153.866 153.701 154.916 155.451 155.131 154.251 153.611 153.579 153.469 153.541 153.506 153.521 153.616 153.571 153.594 153.626 153.699
166.121 166.704 169.009 169.571 168.401 166.521 162.134 159.496 155.759 156.656 162.231 162.774 163.201 161.056 163.496 165.341 162.984 163.449 166.156 157.716 158.161 166.296 166.579 165.644 164.529 164.691 165.494 166.356 164.531 162.371 158.096 153.196 153.261 153.514 153.329 153.134 153.311 153.394 153.441 153.401 153.611 153.649 153.471 154.011 154.001 154.061 154.061 153.796 154.311 153.906 153.441 153.536 154.579 156.616 156.661 156.901 156.211 153.889 153.564 153.519 153.471 153.559 153.546 153.626 153.594 153.591 153.651 153.684
168.136 168.516 168.086 168.229 168.841 166.806 163.079 157.574 155.391 155.379 158.304 159.344 162.036 161.341 163.219 159.191 155.724 154.939 160.156 162.359 163.544 165.261 166.471 166.251 165.301 165.096 166.249 166.044 164.984 161.289 157.599 153.271 153.336 153.231 153.226 153.209 153.366 153.374 153.396 153.521 154.164 154.011 153.756 153.676 154.076 154.179 154.521 153.766 153.589 153.576 153.546 153.536 153.551 154.654 155.824 156.676 156.889 155.484 153.936 153.574 153.584 153.699 153.604 153.691 153.664 153.606 153.649 153.766
169.859 169.401 168.234 168.244 167.479 162.504 161.106 159.294 157.469 157.029 160.834 161.171 163.916 165.134 165.021 163.466 157.576 155.136 153.789 156.431 162.941 164.256 165.564 163.621 160.429 161.969 163.639 164.626 161.729 157.226 154.476 153.349 153.371 153.304 153.249 153.336 153.419 153.376 153.514 153.579 153.934 154.271 154.591 153.981 154.064 153.614 153.649 153.644 153.626 153.519 153.474 153.549 153.554 153.534 153.664 155.584 157.034 155.881 153.951 153.704 153.576 153.676 153.729 153.681 153.649 153.666 154.006 154.191
169.479 169.184 167.899 168.861 167.884 163.991 161.544 161.764 157.541 156.659 161.071 162.136 158.804 161.944 165.396 164.931 163.764 159.446 154.411 153.641 157.761 158.636 159.456 156.371 154.096 154.251 156.331 157.706 155.024 153.656 153.804 153.346 153.621 153.871 153.421 153.729 153.874 154.074 153.576 153.574 154.314 154.246 154.071 153.821 153.669 153.541 153.524 153.524 153.546 153.479 153.449 153.601 153.611 153.521 153.684 155.249 157.246 156.029 154.881 153.909 153.596 153.646 153.726 153.689 153.771 154.491 155.736 154.631
168.329 168.164 166.771 166.774 167.251 166.186 165.099 160.066 155.884 156.384 158.649 158.504 157.086 162.131 164.014 165.951 164.074 161.379 154.146 153.271 153.204 153.749 153.094 153.289 153.209 153.309 153.324 153.289 153.354 153.211 153.444 153.371 153.481 154.271 154.066 153.664 153.999 153.764 153.584 153.609 153.586 153.671 153.661 153.606 153.524 153.404 153.486 153.444 153.424 153.429 153.394 153.384 153.391 153.531 154.454 156.091 157.161 156.526 155.159 154.654 154.244 154.029 154.784 154.964 154.891 156.166 156.921 155.979
165.106 166.761 163.966 163.949 165.839 162.221 162.824 158.454 155.594 155.844 157.384 156.616 157.036 160.481 162.126 163.274 160.654 157.704 154.896 153.324 153.079 153.231 153.249 153.434 153.169 153.291 153.321 153.339 153.271 153.251 153.351 153.369 153.389 153.354 153.406 153.456 153.494 153.554 153.624 153.749 154.524 154.701 154.549 154.789 154.709 154.226 154.829 156.189 155.519 155.169 154.861 154.639 155.981 158.424 159.259 158.431 158.589 159.011 156.691 157.374 159.816 159.601 159.464 159.746 159.874 159.209 159.884 155.976
160.584 165.056 162.021 163.209 165.664 157.986 158.101 155.114 157.334 155.591 155.299 155.846 156.639 158.479 158.001 157.336 156.979 156.259 154.126 153.246 153.074 153.411 154.354 154.969 154.919 154.164 153.691 154.136 153.496 153.539 153.511 154.394 153.634 153.849 153.486 153.506 153.566 153.629 153.621 154.009 157.539 159.029 159.221 159.351 159.904 159.219 159.301 159.999 159.604 160.156 160.444 160.696 160.939 161.219 161.711 161.179 160.836 161.196 161.184 161.096 161.059 161.356 161.224 161.246 161.246 161.176 160.896 158.004
163.154 165.236 165.596 165.316 164.661 162.044 157.964 158.714 160.961 160.066 157.721 157.419 157.106 156.579 155.771 155.449 156.124 155.249 153.786 153.239 153.221 153.241 154.999 154.939 154.949 154.616 153.734 154.099 153.401 154.449 154.494 155.266 155.266 155.306 155.319 154.049 154.869 153.946 153.559 153.534 156.661 159.639 160.069 159.549 159.184 160.534 159.346 159.469 159.409 159.516 160.861 161.926 161.914 161.734 161.776 161.771 161.676 161.791 161.909 161.509 160.884 161.804 161.329 160.966 160.894 161.276 161.136 159.824
163.714 165.221 165.229 162.814 161.621 159.959 157.029 160.159 160.906 159.654 158.386 157.596 156.844 155.829 155.061 155.141 155.639 154.746 153.444 153.179 153.251 153.264 154.109 153.856 155.066 154.696 154.244 153.504 153.476 154.639 154.871 153.921 153.831 153.876 154.441 154.281 154.084 153.839 153.659 153.546 154.136 159.461 160.264 158.386 157.179 157.689 157.286 156.834 157.266 158.306 160.896 161.329 161.391 161.334 161.629 161.549 161.199 161.169 161.259 160.261 158.071 157.599 159.396 159.714 160.304 160.814 161.319 159.591
163.314 163.591 161.819 155.724 155.729 162.044 164.156 168.734 163.216 154.979 154.869 155.756 155.291 153.931 154.196 154.794 154.561 153.839 153.296 153.056 153.304 153.304 153.649 154.219 157.209 157.576 155.826 158.004 158.096 157.434 155.196 153.684 153.771 153.744 153.746 153.781 153.629 153.696 154.476 153.489 153.504 158.376 160.154 158.109 156.689 156.154 155.811 155.716 155.826 157.169 159.474 158.849 158.234 158.221 159.596 160.481 159.831 158.554 158.479 155.944 154.209 154.576 156.439 155.181 158.279 160.254 161.541 159.814
163.676 153.926 157.961 163.926 163.739 163.609 170.936 163.854 160.754 157.624 154.269 152.751 153.386 153.076 153.054 153.756 153.674 152.984 153.119 153.169 153.219 153.329 153.219 153.486 156.921 158.106 156.781 159.321 162.906 160.974 155.806 153.611 153.621 153.651 153.696 153.711 153.649 153.609 153.666 153.509 153.466 157.176 160.264 158.359 156.596 155.159 153.846 153.711 154.004 153.461 154.191 153.821 153.551 153.649 154.596 156.089 155.726 153.864 154.676 153.854 153.316 153.621 153.844 153.749 157.431 161.034 162.367 160.681
163.276 152.346 152.589 156.759 167.699 160.189 173.069 170.199 168.611 155.786 153.994 154.629 154.541 152.724 152.819 152.941 153.156 153.001 153.159 153.119 153.146 153.149 153.199 153.149 154.316 156.791 155.061 159.939 161.056 161.774 157.276 153.804 153.529 153.501 153.591 153.551 153.614 153.606 154.079 153.911 153.459 156.334 160.021 158.091 156.686 155.126 153.284 153.124 152.879 152.866 152.956 152.916 152.849 152.946 153.191 153.684 154.784 154.269 153.346 153.056 152.861 152.929 152.924 152.992 155.819 161.136 161.986 160.979
159.319 153.469 153.601 154.251 166.309 163.509 168.679 173.379 166.339 156.556 156.734 153.054 152.751 152.744 152.971 152.754 152.994 153.091 152.946 153.124 153.166 153.131 153.129 153.141 153.346 153.946 154.069 157.404 156.319 155.756 154.061 153.359 153.324 153.459 153.639 154.099 154.011 153.419 153.544 153.599 155.314 159.476 159.894 158.896 157.294 155.346 153.529 153.006 152.774 152.674 152.656 152.679 152.711 152.904 154.296 154.746 155.256 154.834 153.626 152.736 152.507 152.586 152.626 153.481 156.349 160.299 160.951 159.864
154.919 153.586 156.014 161.816 165.986 156.286 168.624 170.201 162.661 154.209 155.089 152.616 153.446 155.356 156.786 155.586 152.766 152.981 152.899 152.934 153.186 153.346 153.361 153.434 153.719 153.256 153.194 153.644 153.219 153.026 153.144 153.171 153.106 153.519 154.406 155.684 154.891 153.399 153.164 153.349 155.126 158.494 159.564 159.664 159.121 156.129 153.041 153.201 152.846 152.681 152.489 152.556 152.636 153.164 154.554 155.474 155.644 154.996 153.404 152.436 152.316 152.336 152.451 153.259 156.679 159.499 160.141 159.421
158.464 159.666 155.691 154.026 152.056 152.014 158.401 163.894 155.414 152.361 152.949 153.374 155.064 162.146 167.694 159.291 154.931 153.459 152.909 152.911 153.039 153.406 154.446 154.534 154.771 154.004 154.329 153.526 153.019 153.129 153.024 153.036 153.009 153.544 154.904 154.436 153.629 152.999 152.961 153.789 155.489 157.561 160.044 160.141 159.319 157.811 153.694 152.961 152.879 152.734 152.594 152.549 152.609 152.776 154.849 155.306 155.529 155.091 153.899 152.614 152.341 152.201 152.306 153.294 156.719 159.276 160.134 158.344
161.914 165.164 158.986 152.329 152.049 152.029 152.219 152.439 152.379 152.476 153.281 157.256 162.031 169.836 170.554 167.284 162.879 152.746 152.981 153.094 152.881 153.076 153.169 154.184 154.581 155.644 156.321 155.044 153.406 153.079 152.901 152.799 152.796 153.086 154.324 154.049 153.074 152.626 152.834 153.779 155.574 156.906 159.869 161.701 159.124 155.799 153.019 152.701 152.766 152.744 152.799 152.594 152.621 153.721 154.726 155.389 155.491 155.141 153.364 152.271 152.059 152.119 152.341 152.844 156.864 159.639 160.066 158.039
166.401 166.844 164.456 153.941 152.119 152.124 152.296 152.424 152.786 152.526 152.734 158.856 163.441 169.169 172.204 174.501 168.576 160.304 152.769 152.989 152.796 152.971 153.179 153.099 153.739 155.986 157.226 156.626 153.576 152.956 152.851 152.691 152.666 152.681 153.864 153.439 152.804 152.856 153.236 153.586 154.784 158.174 159.171 160.241 159.049 155.411 152.909 152.651 152.709 152.656 152.764 152.821 152.504 153.144 154.499 155.476 155.461 154.749 152.324 152.094 152.031 152.246 152.341 152.336 153.286 157.819 160.121 159.299
166.244 164.291 164.244 154.146 151.979 152.214 152.549 152.784 152.576 152.621 152.591 163.219 169.706 173.734 173.541 163.944 164.719 154.744 152.669 152.864 152.871 152.726 152.861 153.059 152.999 154.624 155.724 155.221 153.246 152.754 152.799 152.686 152.546 152.789 153.306 152.879 152.869 152.719 153.374 153.096 154.876 157.431 159.266 159.879 159.431 154.291 152.591 152.514 152.599 152.634 152.659 153.204 152.519 152.579 154.156 155.034 155.486 154.236 153.341 152.146 151.961 152.111 152.311 152.371 153.139 158.974 160.104 159.581
162.616 158.119 164.159 152.619 152.046 152.669 152.281 152.824 152.894 152.564 152.839 161.409 169.476 173.221 169.219 164.986 162.719 153.621 152.564 152.531 152.861 152.706 152.539 152.681 152.916 153.306 153.314 153.574 153.066 152.774 152.681 152.529 152.469 153.091 155.584 156.024 154.011 153.361 152.491 153.404 155.764 156.931 159.351 160.126 159.609 157.541 152.816 152.591 152.644 152.849 154.249 152.829 152.794 153.666 153.781 155.104 155.239 154.709 154.699 153.279 152.781 153.507 153.981 153.534 154.061 157.714 159.951 159.544
164.531 163.186 166.131 159.911 152.954 153.261 152.169 152.236 152.389 152.379 152.306 154.369 164.779 173.021 173.321 172.564 168.574 155.041 152.524 152.509 152.589 152.716 152.674 152.686 152.744 152.734 153.054 153.591 152.744 152.831 152.594 152.616 152.424 153.294 157.729 159.596 157.411 156.399 153.961 156.896 158.316 157.889 159.014 159.989 159.416 158.474 155.279 154.319 153.754 154.349 155.554 153.991 154.361 155.976 155.166 155.369 155.284 154.761 154.891 155.554 155.781 155.731 155.774 155.367 153.841 157.971 159.994 159.454
