dsm/se3238_DSM_2M.asc
ncols 500
nrows 500
xllcorner    432000
yllcorner    438000
cellsize     2
NODATA_value -9999
[rows 62 to 92 of 500, columns 70 to 139 of 500]
145.334 146.366 147.081 146.881 146.084 144.104 140.326 139.479 138.979 140.491 146.044 147.726 147.269 147.436 147.369 143.936 138.869 140.016 141.561 144.599 146.154 147.849 146.361 145.781 144.954 142.199 139.444 142.249 144.984 145.339 145.036 144.894 144.426 142.226 140.821 141.809 143.541 143.836 143.451 143.479 142.236 139.221 138.174 138.966 140.419 141.509 138.769 137.791 137.844 138.071 138.626 139.416 139.554 139.104 139.949 138.539 137.699 137.646 137.936 137.996 138.101 138.189 138.214 138.159 138.224 138.141 138.164 138.424 138.641 139.116
144.496 145.674 145.924 146.264 146.159 144.504 142.096 142.009 140.849 139.799 144.779 147.901 147.506 147.429 147.581 142.151 138.796 139.371 140.396 144.214 145.736 147.094 146.924 145.676 144.801 142.206 139.699 142.141 145.294 146.004 146.271 145.796 144.889 142.616 139.664 139.744 143.866 145.631 145.521 145.324 144.354 141.296 138.586 138.556 139.416 139.736 138.181 138.036 137.994 138.134 140.374 144.209 144.859 143.416 144.016 142.866 140.371 138.309 139.841 139.191 138.441 138.909 138.346 138.269 138.199 138.136 138.231 138.301 138.334 138.306
142.219 142.851 143.154 143.806 144.026 143.411 143.356 144.631 142.674 140.964 145.689 147.336 147.571 146.691 145.259 140.369 138.794 138.991 140.624 144.319 144.664 144.381 145.281 144.669 142.989 139.546 138.666 141.111 144.734 145.046 145.564 145.371 144.269 140.274 139.646 141.536 144.341 146.329 146.329 146.316 145.621 142.929 139.511 138.354 138.759 138.666 138.119 138.041 138.036 138.309 143.301 148.434 148.859 147.864 147.406 146.911 145.901 143.709 144.401 145.026 142.156 141.939 140.246 138.271 138.129 138.269 138.434 138.399 138.401 138.426
139.231 140.656 140.039 140.931 140.301 139.526 140.699 144.231 144.001 142.971 141.866 143.729 145.521 143.484 142.249 140.646 139.084 139.404 139.384 141.179 141.311 141.099 142.104 141.691 140.321 138.826 139.009 142.024 142.231 141.911 143.784 142.999 143.644 140.891 140.844 143.334 144.649 145.136 145.329 145.526 145.289 143.639 140.146 138.426 138.366 138.394 138.184 138.069 138.056 139.596 146.484 149.626 149.396 148.914 148.789 148.224 148.141 148.426 148.589 149.334 147.214 145.961 143.581 139.909 141.104 140.376 139.129 138.604 138.641 138.616
138.819 139.236 138.939 139.041 139.171 140.671 142.464 144.244 142.739 139.421 139.201 139.304 139.416 139.546 139.454 139.241 139.226 139.334 139.276 139.466 139.051 139.284 139.031 138.684 139.081 139.044 138.996 139.821 139.086 139.704 140.191 139.921 141.209 139.841 139.161 139.709 140.959 142.199 142.669 144.036 144.334 142.916 139.201 138.544 138.649 138.649 138.404 138.264 138.136 141.824 148.266 149.056 149.079 148.954 149.251 148.881 149.571 149.449 149.479 150.344 149.721 148.434 147.709 144.056 145.654 145.809 143.966 140.836 139.179 138.711
138.796 138.819 138.851 138.964 139.166 140.074 143.244 144.039 142.356 139.491 139.206 139.144 139.211 139.326 139.211 139.036 139.129 139.176 139.334 139.746 139.044 139.609 139.049 138.816 138.894 139.109 139.761 138.936 138.796 138.801 138.851 138.891 138.881 138.839 139.264 139.309 139.314 139.471 139.776 140.509 140.776 141.036 138.941 138.594 138.586 138.749 138.581 138.429 139.259 144.874 148.521 148.474 148.164 148.361 149.156 149.361 150.159 149.986 149.669 148.929 149.726 149.196 149.101 148.046 148.444 148.299 147.889 146.614 144.084 142.384
138.876 138.864 138.884 138.924 139.146 139.434 142.626 144.434 141.304 139.409 139.284 139.241 139.346 139.334 139.269 139.074 139.189 139.236 139.269 139.404 139.499 139.911 139.001 138.859 138.996 139.146 139.721 139.194 138.881 139.049 139.046 139.024 138.949 138.866 138.956 139.084 138.919 138.801 138.754 138.711 138.829 138.966 138.839 139.366 138.874 138.649 138.654 138.541 139.171 143.921 147.051 146.989 145.496 146.211 147.604 149.266 149.741 149.186 148.939 147.181 148.081 149.284 149.869 149.289 149.249 149.166 149.171 148.591 148.354 148.036
139.049 139.039 139.071 139.279 139.301 139.596 140.266 141.064 139.984 139.629 139.581 139.521 139.571 139.476 139.326 139.131 139.701 139.631 139.684 140.691 139.796 140.029 139.176 139.054 139.444 139.111 139.101 138.989 138.821 139.304 139.189 139.056 139.394 139.001 138.964 138.874 138.831 138.854 139.189 139.301 139.044 138.934 138.924 139.984 139.174 138.509 138.526 138.551 138.661 139.314 139.729 140.129 139.926 140.479 141.924 145.936 147.379 147.656 147.741 147.366 147.316 148.241 149.476 149.684 149.541 149.416 149.991 149.064 148.946 149.361
139.484 139.534 139.431 140.181 139.844 139.611 141.304 140.689 139.906 139.796 139.731 139.759 139.741 139.606 139.406 139.521 140.624 140.039 139.631 140.769 139.661 139.844 139.461 139.541 140.241 139.259 139.146 139.796 139.494 139.261 139.316 139.146 139.176 139.151 139.024 138.844 138.774 138.799 140.256 142.091 141.966 139.564 139.501 139.996 138.756 138.641 138.596 138.619 138.784 139.381 139.501 139.516 140.069 141.441 141.924 142.824 141.286 142.371 141.739 143.274 143.144 145.601 147.301 148.459 148.636 148.886 149.301 149.181 149.446 149.704
139.936 140.251 139.904 140.049 140.116 139.821 140.561 140.354 139.761 140.381 139.879 139.749 139.729 139.606 139.439 139.566 140.351 139.999 139.621 139.541 139.484 139.474 139.429 139.416 139.759 139.196 139.244 139.909 141.169 139.741 139.294 139.601 139.504 139.136 139.066 139.004 139.004 139.234 141.296 144.599 145.666 144.491 143.246 140.796 138.794 138.819 138.741 138.701 139.006 139.536 139.489 139.409 139.736 140.661 141.031 141.754 140.229 139.799 139.744 139.819 139.986 141.271 143.169 145.094 146.031 147.731 147.579 147.486 149.104 149.281
139.896 139.859 139.854 139.809 139.736 139.731 139.944 139.671 139.511 141.331 140.331 139.766 139.696 139.586 139.444 139.316 139.486 139.454 139.389 139.401 139.361 139.301 139.289 139.256 139.204 139.221 139.149 139.816 142.214 142.991 141.326 139.286 139.271 139.146 139.191 139.249 139.231 139.786 142.574 146.129 147.856 148.686 147.231 142.591 138.976 138.896 138.819 138.801 139.241 139.519 139.424 139.339 139.439 140.186 140.411 141.484 140.579 139.874 139.619 139.681 139.789 139.856 139.939 140.516 140.074 141.701 142.441 143.849 144.336 145.086
139.729 139.674 139.651 139.769 139.706 139.586 139.461 139.354 139.431 141.256 140.586 139.706 139.569 139.559 139.446 139.146 139.331 139.294 139.289 139.301 139.309 139.324 139.236 139.151 139.141 139.186 138.974 139.066 141.096 143.654 140.816 139.194 139.126 139.091 139.121 139.254 139.199 139.186 141.334 147.836 149.919 150.314 149.714 145.824 140.194 138.861 138.826 138.886 139.224 139.241 139.246 139.291 139.559 141.461 141.849 141.554 140.496 140.074 139.654 139.486 139.521 139.671 139.794 139.759 139.841 140.096 140.924 141.076 140.319 140.534
139.729 139.669 139.716 139.831 139.781 139.671 139.574 139.481 139.639 140.436 140.599 139.929 139.564 139.581 139.521 139.316 139.356 139.289 139.299 139.341 139.351 139.359 139.249 139.149 139.131 139.114 138.969 139.039 139.316 141.416 139.889 139.179 139.146 -9999 139.039 139.104 139.116 139.041 140.171 147.994 150.699 150.809 150.314 143.851 139.006 138.889 138.901 138.929 139.126 139.149 139.236 139.316 140.139 141.819 141.874 141.024 140.131 139.681 139.444 139.476 139.559 139.664 139.679 139.699 139.804 140.001 140.746 140.619 139.971 140.044
140.664 140.979 141.296 140.929 140.164 139.869 139.991 139.886 140.126 140.826 140.869 140.894 140.231 139.776 139.526 139.431 139.384 139.319 139.346 139.434 139.459 139.329 139.279 139.316 139.121 139.039 139.019 139.081 139.119 139.304 139.706 139.176 139.121 -9999 -9999 139.251 139.154 139.086 139.009 144.109 149.146 146.329 147.454 143.421 138.984 138.911 138.944 139.014 139.046 139.151 139.224 139.234 139.919 140.791 140.781 140.121 139.669 139.426 139.321 139.426 139.581 139.659 139.571 139.639 139.811 139.946 140.281 140.076 139.811 139.876
143.744 147.361 147.934 146.716 144.044 140.456 140.491 140.321 140.509 143.131 142.844 143.504 143.841 143.054 141.751 139.434 139.406 139.351 139.406 139.501 139.476 139.221 139.246 139.329 139.156 139.049 139.066 139.121 139.154 139.181 139.174 139.146 -9999 -9999 -9999 140.486 139.344 139.176 139.099 140.534 142.771 139.474 143.916 141.081 139.121 138.931 138.951 139.061 139.046 139.151 139.146 139.236 139.274 139.191 139.261 139.379 139.304 139.301 139.239 139.341 139.531 139.964 140.254 139.721 139.849 139.994 140.736 140.336 139.781 139.769
144.671 151.436 151.981 151.356 147.311 141.989 140.986 140.489 140.756 144.829 144.674 144.446 147.039 146.011 140.744 139.369 139.356 139.381 139.414 139.441 139.274 139.104 139.174 139.289 139.129 139.096 139.134 139.159 139.149 139.086 139.001 139.089 -9999 -9999 -9999 141.886 140.499 139.216 139.144 139.079 139.136 139.169 139.481 138.954 139.006 138.971 139.004 139.094 139.121 139.089 139.076 139.789 139.896 139.274 139.251 139.346 139.356 139.266 139.081 139.334 139.394 140.461 144.021 144.724 141.504 139.974 140.116 139.954 139.731 139.734
148.936 153.024 153.526 152.501 150.029 144.529 141.324 140.539 141.001 145.754 146.444 145.649 146.919 142.129 139.686 139.524 139.521 139.411 139.349 139.391 139.289 139.189 139.206 139.294 139.149 139.174 139.166 139.071 138.986 138.911 138.796 138.966 -9999 -9999 144.306 143.164 140.254 139.114 138.986 139.359 140.866 139.976 138.919 139.006 139.046 139.049 139.094 139.144 139.196 139.149 139.096 139.429 139.264 139.269 139.256 139.204 139.214 139.111 139.101 139.241 139.166 139.611 145.706 150.789 148.661 144.714 140.719 139.561 139.534 139.601
151.589 152.604 153.136 151.416 146.894 142.449 144.786 145.021 141.614 145.104 148.554 147.114 143.389 139.891 139.649 139.669 139.544 139.401 139.379 139.456 139.516 139.509 139.474 139.481 139.419 139.384 139.226 139.096 138.981 138.836 138.654 138.849 139.006 140.246 144.816 142.431 139.389 139.129 138.839 140.204 142.496 142.096 139.246 139.056 139.096 139.139 139.179 139.211 139.221 139.161 139.109 139.076 139.149 139.216 139.244 139.191 139.134 139.136 139.176 139.194 139.094 139.136 144.046 151.244 151.146 148.274 142.409 139.314 139.249 139.269
146.394 148.906 150.764 144.251 140.501 142.411 147.881 149.899 144.131 144.384 149.319 148.666 142.789 140.644 141.724 141.656 140.021 139.406 139.464 139.556 139.794 139.761 139.491 139.421 139.434 139.374 139.256 139.124 139.049 138.931 138.889 138.944 138.969 139.381 141.501 139.891 139.339 139.211 139.056 141.764 144.251 143.719 140.266 139.061 139.136 139.161 139.176 139.196 139.194 139.084 139.021 138.954 139.026 139.116 139.231 139.291 139.244 139.264 139.171 139.201 139.109 139.186 140.514 148.901 146.089 141.016 139.459 139.299 139.214 139.139
140.381 144.781 146.589 140.354 139.961 141.769 148.126 149.726 147.316 142.176 148.781 147.659 143.064 147.294 146.561 145.904 141.889 139.431 139.544 139.534 139.799 140.554 139.489 139.249 139.224 139.119 139.041 139.044 139.199 139.139 139.171 139.126 139.104 139.319 141.061 142.086 140.386 139.414 139.319 140.816 144.596 141.306 139.306 139.084 139.051 139.091 139.141 139.171 139.161 139.039 138.919 138.831 138.946 139.174 139.284 139.771 139.766 141.046 140.139 139.341 139.126 139.254 140.509 146.441 -9999 -9999 -9999 139.341 139.431 139.454
139.906 140.106 140.091 140.104 139.906 139.954 144.251 147.044 142.261 141.204 142.254 146.464 149.051 145.414 145.204 145.364 139.901 139.481 139.596 139.524 139.846 141.091 139.701 139.174 139.144 139.149 139.144 139.234 139.339 140.099 141.044 139.254 140.081 141.141 143.911 145.174 144.519 142.586 140.149 139.394 140.176 139.351 139.271 139.189 139.151 139.061 139.146 139.119 139.066 139.151 139.189 139.011 139.126 139.394 139.301 140.009 140.874 143.231 141.804 139.254 139.134 139.241 141.116 -9999 -9999 -9999 -9999 141.849 141.746 141.591
139.939 140.034 140.391 139.826 139.841 139.951 142.154 141.299 140.039 140.104 139.986 146.791 149.449 145.166 141.519 144.416 140.379 139.534 139.554 139.499 139.776 139.851 139.221 139.379 139.309 -9999 -9999 140.883 141.321 142.239 143.486 140.556 142.831 144.236 145.334 145.464 145.401 144.874 141.714 139.281 139.279 139.311 139.276 139.344 139.336 139.101 139.211 139.109 139.069 139.291 139.501 139.451 139.311 139.539 139.321 139.829 143.279 145.166 141.364 139.744 139.126 139.211 140.501 -9999 -9999 -9999 141.161 144.891 144.899 144.619
141.216 142.281 142.961 141.201 140.646 140.709 140.074 140.069 139.949 139.941 141.294 147.894 147.854 142.559 139.501 139.506 139.644 139.439 139.389 139.494 139.741 139.259 139.164 139.521 -9999 -9999 -9999 -9999 143.301 144.561 144.886 143.364 144.926 145.286 145.246 145.336 145.306 145.166 142.939 140.104 139.309 139.256 139.221 139.269 139.296 139.106 139.161 139.079 139.186 139.316 139.514 139.944 139.839 139.676 139.401 139.939 147.159 146.484 143.791 144.476 140.769 139.211 -9999 -9999 -9999 -9999 141.936 148.009 148.089 147.626
142.671 143.751 143.471 143.446 143.094 143.541 141.581 140.549 139.794 139.789 141.569 143.379 143.074 144.206 139.984 139.354 139.409 139.284 139.259 139.834 139.809 139.154 139.441 139.736 -9999 -9999 -9999 -9999 144.436 145.241 145.336 145.296 145.269 145.259 145.211 145.284 145.271 144.489 140.914 139.376 139.284 139.214 139.169 139.141 139.149 139.101 139.109 139.101 139.209 139.206 139.431 139.791 139.731 139.574 139.479 142.259 149.584 148.586 146.911 147.279 143.686 139.864 139.459 139.386 -9999 139.766 144.504 151.129 151.474 150.194
143.521 143.829 143.524 143.486 143.526 143.354 142.961 141.399 139.701 140.716 140.346 141.371 144.489 147.209 141.969 139.349 139.279 139.276 139.281 139.731 139.496 139.111 139.636 140.111 141.454 -9999 -9999 -9999 145.566 145.386 145.374 145.346 145.351 145.371 145.364 145.351 145.336 145.291 142.294 139.321 139.246 139.196 139.154 139.111 139.086 139.066 139.121 139.206 139.201 139.126 139.401 139.669 140.184 139.814 139.471 143.704 150.014 150.631 149.331 148.056 145.761 141.891 140.801 139.514 139.311 139.546 145.496 153.604 154.696 151.634
143.061 143.651 143.506 143.554 143.504 143.406 141.114 139.881 139.666 145.696 146.449 145.801 148.216 149.281 144.866 142.399 142.481 140.966 141.469 140.249 139.224 139.299 139.596 139.996 141.856 143.759 -9999 146.166 145.821 145.459 145.329 145.324 145.369 145.424 145.421 145.374 145.381 145.086 140.904 139.309 139.284 139.196 139.141 139.109 139.121 139.191 139.266 139.341 139.211 139.099 139.424 139.826 140.914 140.264 139.429 141.014 147.309 149.541 149.061 147.691 145.769 143.731 141.884 139.824 139.399 139.349 142.456 154.639 156.496 154.791
144.874 144.759 144.324 143.981 143.771 143.384 142.064 139.501 140.804 148.856 150.681 150.519 150.296 150.556 147.824 146.986 148.391 146.986 147.196 145.746 141.676 139.669 139.501 139.704 141.621 143.919 145.929 146.306 145.759 145.341 145.289 145.309 145.349 145.396 145.419 145.391 145.386 144.104 139.834 139.441 139.319 139.236 139.149 139.181 139.279 139.301 139.266 139.669 140.154 139.446 139.511 139.871 140.354 139.461 139.154 139.514 141.799 146.154 147.574 144.991 140.844 140.376 139.889 139.481 139.669 139.489 139.704 152.901 156.594 153.259
146.891 146.901 146.086 145.579 145.564 145.506 143.774 139.976 143.331 149.631 150.236 148.966 149.579 146.866 140.511 143.741 144.261 150.441 149.059 146.806 147.171 140.299 139.421 139.846 142.381 144.661 144.924 145.509 145.474 145.184 145.239 145.241 145.246 145.344 145.346 145.384 145.291 142.449 139.436 139.456 139.274 139.294 139.209 139.101 139.324 139.321 139.244 139.579 140.264 139.729 139.506 140.024 139.969 139.221 139.164 139.124 139.344 141.859 143.006 141.599 139.114 139.171 139.194 139.231 139.331 139.249 139.404 144.976 156.031 150.394
148.079 148.156 147.816 147.474 146.999 145.674 142.536 142.646 147.386 150.019 150.171 148.954 148.561 147.194 142.216 140.219 145.999 151.119 149.886 141.876 146.036 142.166 139.409 140.274 143.421 143.254 142.884 143.661 144.839 145.171 145.199 145.194 145.086 145.291 145.234 145.291 145.296 143.884 139.936 139.251 139.191 139.246 139.336 139.399 139.411 139.374 139.409 139.491 139.871 139.729 139.539 139.996 139.476 139.184 139.146 139.086 139.006 139.046 139.024 138.924 138.949 139.009 139.071 139.096 139.059 139.009 139.264 139.331 150.316 145.634
147.264 148.091 147.981 147.936 148.191 146.424 139.279 141.531 148.391 150.299 151.219 150.794 149.416 148.474 145.389 140.676 145.311 148.456 144.534 140.779 142.751 142.651 139.626 139.589 140.906 141.014 140.846 141.391 143.576 144.751 144.806 145.426 145.314 145.341 145.291 145.256 145.301 142.791 139.451 139.166 139.196 139.314 140.174 140.439 139.909 139.574 139.606 139.659 139.706 139.604 140.019 140.121 139.111 138.991 139.024 138.996 138.899 139.031 138.954 138.889 138.931 139.021 139.064 139.074 139.049 138.891 139.119 139.516 140.634 140.344
144.654 145.424 146.004 145.831 146.906 146.319 139.246 139.806 146.441 150.354 150.526 149.736 146.541 146.374 147.219 143.504 142.639 146.011 140.234 139.631 140.019 139.759 139.664 139.339 139.029 139.066 139.054 139.244 140.419 140.824 140.674 141.161 142.149 145.144 143.641 144.141 145.071 140.994 139.174 139.164 139.196 139.161 139.601 140.259 139.649 139.531 139.699 139.696 139.666 139.574 139.819 139.714 139.054 138.959 138.924 138.884 138.901 138.996 138.889 138.914 138.916 138.934 138.961 138.996 138.936 138.874 139.044 139.514 139.546 140.246
