dsm/se3236_DSM_2M.asc
ncols 500
nrows 500
xllcorner    432000
yllcorner    436000
cellsize     2
NODATA_value -9999
[rows 320 to 351 of 500, columns 73 to 145 of 500]
64.73 64.528 64.5 65.99 67.008 63.83 63.555 63.458 63.365 63.38 63.363 67.1 64.01 62.905 62.865 62.793 62.818 62.973 62.208 62.128 62 61.575 61.543 61.05 61.043 60.978 61.265 62.113 62.103 62.823 68.248 69.265 68.485 66.605 62.873 62.073 62.195 62.253 62.36 62.495 62.625 62.635 62.678 62.758 62.795 62.858 62.933 62.955 62.865 62.828 62.738 62.618 62.695 62.978 63.238 63.318 68.238 72.778 72.14 72.128 71.24 70.598 70.63 70.64 70.763 70.685 71.06 71.293 71.29 71.24 71.228 73.045 72.763
64.58 64.685 65.723 68.83 64.085 63.395 63.048 63.238 63.07 63 62.878 62.335 64.03 63.173 62.69 62.55 61.77 63.263 62.48 61.87 60.873 61.475 61.373 61.768 60.938 60.928 66.088 66.585 63.38 61.685 66.593 68.213 66.955 62.163 62.263 62.22 62.238 62.283 62.308 62.41 62.413 62.495 62.57 62.648 62.8 62.848 62.85 62.83 62.738 62.708 62.66 62.568 62.513 62.605 62.973 63.138 63.565 69.063 72.653 71.828 70.593 70.62 70.643 70.675 70.695 70.713 70.733 71.133 71.285 71.283 71.245 71.88 71.165
66.093 68.923 69.308 64.03 63.16 62.808 62.643 62.57 62.74 62.16 62.15 62.138 62.123 63.953 62.44 62.15 60.663 63.33 63.285 62.735 62.978 60.9 60.728 60.733 61.965 66.603 67.338 67.345 65.898 63.288 63.54 64.545 61.79 62.573 62.345 62.59 62.263 62.143 62.178 62.218 62.328 62.395 62.453 62.623 62.72 62.745 62.76 62.748 62.7 62.55 62.54 62.488 62.368 62.428 62.625 63.083 64.708 68.643 70.733 70.585 70.613 70.653 70.725 70.695 70.713 70.735 70.838 70.763 71.11 71.278 71.295 71.223 71.215
69.868 69.1 64.705 62.823 62.898 62.705 62.453 62.375 62.213 62.593 62.993 62.068 61.913 61.585 62.02 61.575 61.403 60.373 63.528 62.96 62.973 62.963 61.145 65.083 66.843 68.025 68.398 67.925 67.038 63.293 61.145 62.45 61.713 62.02 62.03 61.963 61.925 61.948 62.03 62.143 62.215 62.268 62.458 62.575 62.633 62.693 62.685 62.648 62.595 62.485 62.388 62.395 62.318 62.208 62.285 65.258 68.788 70.65 70.57 70.6 70.638 70.665 70.69 70.71 70.738 70.765 70.778 70.795 71.13 70.948 71.265 71.248 71.248
67.155 63.9 62.795 62.798 62.55 62.308 62.268 62.188 61.933 62.523 65.868 61.78 61.278 61 61.125 61.963 61.248 61.05 61.98 63.298 60.593 60.53 65.848 67.068 67.878 68.428 68.32 66.91 65.433 60.933 61.425 61.75 62.228 61.475 62.255 61.735 61.728 61.833 61.943 62.038 62.098 62.308 62.198 62.245 62.355 62.678 62.683 62.55 62.468 62.41 62.238 62.25 62.235 62.138 62.145 63.47 67.433 70.988 70.6 70.68 70.665 70.683 70.703 70.768 70.813 70.783 70.8 71.11 68.278 68.218 70.908 71.258 71.235
62.943 62.913 62.775 62.03 61.988 61.868 62.023 61.818 61.478 61.295 61.82 65.553 61.003 60.978 61.468 60.875 62.313 61.02 60.195 60.01 60.03 60.5 61.453 66.778 67.81 67.47 66.685 61.408 60.835 61.045 61.07 62.013 61.383 61.358 61.48 61.535 61.633 61.818 62.7 61.963 62.303 62.003 61.973 62.003 62.09 62.145 62.225 62.588 62.378 62.308 62.213 62.105 62.113 62.068 61.94 62.008 63.465 67.465 70.963 70.648 70.673 70.705 70.73 70.76 70.78 70.793 71.045 69.168 69.195 68.313 69.678 71.36 71.36
62.29 62.105 61.97 61.935 61.848 61.375 61.175 61.435 61.123 60.87 60.713 65.11 65.108 60.838 60.645 60.02 62.185 60.875 62.665 63.08 65.36 60.028 60.398 63.885 66.968 66.43 62.725 61.578 60.983 64.33 63.293 61.183 61.22 61.245 61.368 61.438 61.53 62.668 61.81 61.935 61.848 61.805 61.77 61.775 61.798 61.905 62.063 62.138 62.33 62.195 62.153 62.02 61.97 61.973 61.885 61.818 62.01 63.405 67.688 70.998 70.688 70.768 70.76 70.773 70.795 71.018 69.178 69.198 69.22 69.135 69.175 70.058 70.968
62.003 61.95 61.788 61.803 61.128 61.168 61.16 61.138 60.828 60.41 60.21 60.535 62.808 61.89 59.87 59.858 59.873 61.425 63.723 65.725 66.255 65.005 60.538 60.325 63.428 60.935 60.438 60.613 62.173 61.015 61.855 61.053 61.055 61.163 61.265 61.343 61.41 61.62 61.693 61.723 61.645 61.573 61.525 61.498 61.58 61.705 61.848 61.953 62.105 62.205 62.125 61.965 61.815 61.845 61.808 61.705 61.725 64.813 63.398 67.563 71.22 70.738 70.755 70.79 71.068 69.168 69.195 69.228 69.248 69.265 69.24 67.063 67.888
61.893 61.778 61.603 61.263 61.108 61.135 61.093 61.22 60.923 60.095 59.898 59.85 61.958 61.363 61.958 59.77 59.888 64.99 66.27 66.778 67.003 66.055 62.425 60.043 60.245 61.295 60.508 60.613 60.718 61.355 60.905 60.883 60.985 61.078 61.153 61.28 61.648 61.46 61.365 61.393 61.355 61.308 61.268 61.195 61.273 61.405 61.508 61.693 61.88 62.118 62.035 61.878 61.77 61.678 61.698 61.643 61.53 61.588 63.385 63.75 67.453 71.025 70.77 71.055 69.165 69.2 69.23 69.25 69.275 69.275 69.243 69.213 66.028
61.745 61.6 61.46 60.82 61.013 61.02 61.275 60.49 60.398 60.158 59.668 59.62 59.663 59.69 59.743 60.215 65.323 66.215 67 67.153 66.193 65.398 61.325 59.99 60.195 60.595 60.64 60.585 60.755 60.678 60.705 60.803 61.075 60.968 61.133 62.638 61.158 61.273 61.015 61.075 61.053 61.025 61.118 60.898 60.93 61.045 61.125 61.393 61.625 61.853 61.945 61.865 61.775 61.593 61.573 61.553 61.473 61.445 62.433 64 63.888 67.443 71.04 68.18 69.193 69.223 69.253 69.268 69.283 69.245 69.223 69.17 69.158
61.815 62.168 60.68 60.483 60.49 61.025 60.455 60.328 60.183 59.58 60.425 59.488 59.498 59.523 59.445 59.66 64.953 66.288 66.73 65.913 64.108 60.76 60.01 60.028 60.12 60.355 60.42 60.433 60.468 60.543 60.623 61.153 61.743 60.99 62.523 60.893 60.92 60.773 60.773 63.225 63.13 65.263 61.883 64.68 60.76 60.758 60.845 61.135 61.358 61.565 61.888 61.718 61.668 61.615 61.433 61.445 61.4 61.278 61.35 63.753 63.78 64.573 67.668 63.493 68.513 69.245 69.273 69.285 69.25 69.22 69.185 69.148 67.258
61.253 60.73 60.378 60.268 60.155 60.663 60.325 60.115 59.513 59.473 59.555 59.483 59.373 63.21 63.95 59.463 59.58 65.47 65.665 63.933 61.273 60.323 60.248 60.105 60.14 60.16 60.208 60.27 60.378 60.448 60.545 60.64 61.405 61.34 60.67 60.593 60.91 60.605 60.64 66.513 67.345 67.278 67.255 67.215 67.128 65.195 60.633 60.813 61.008 61.13 61.398 61.685 61.543 61.525 61.443 61.31 61.315 61.243 61.148 61.478 63.53 63.508 65.413 67.48 65.115 68.868 69.28 69.245 69.213 69.173 68.853 64.185 66.918
60.658 60.61 60.15 60.103 59.983 60.52 60.398 59.49 59.363 59.265 59.265 60.135 64.735 65.538 65.368 61.395 59.96 60.138 61.79 59.57 59.725 61.343 60.47 61.79 60.22 61.15 60.138 60.218 60.568 61.71 60.54 61.215 62.848 60.365 60.273 60.253 60.338 60.485 60.535 66.428 68.055 68.815 68.808 68.688 67.893 66.283 60.54 60.57 60.653 60.83 61.065 61.325 61.378 61.33 61.33 61.243 61.218 61.183 61.09 61.093 62.763 63.203 63.568 63.543 67.63 65.03 68.955 69.21 69.173 69.135 63.238 63.223 64.015
60.305 60.175 60.068 59.915 59.753 60.515 61.268 59.67 59.235 59.41 62.028 64.973 66.668 66.575 66.095 65.143 60.203 59.463 60.395 59.618 59.74 59.888 61.18 59.853 61.145 59.935 60.05 60.145 60.265 60.373 61.493 60.495 60.003 59.913 59.915 60.013 60.103 60.52 60.468 66.398 68.105 68.625 68.938 68.668 67.823 64.783 60.485 60.48 60.615 60.753 60.898 60.923 61.09 61.205 61.305 61.238 61.078 61.095 61.058 60.94 61.008 63.213 63.24 63.605 63.555 66.718 63.583 67.973 68.865 63.213 63.213 63.205 63.185
60.168 59.855 59.705 59.625 59.495 59.33 60.493 58.96 59.398 63.343 65.23 66.03 66.648 66.16 65.168 63.528 59.353 59.535 59.655 60.303 59.785 60.41 59.678 59.683 59.818 59.913 60.338 61.398 60.595 61.943 60.385 60.913 59.85 59.775 59.708 59.833 59.91 60.473 60.52 66.663 67.058 67.095 67.148 67.16 67.168 64.348 60.365 60.408 60.523 60.46 60.58 60.745 60.973 61.168 61.228 61.215 61.088 60.988 60.998 60.933 60.873 61.388 63.208 63.168 63.453 64.79 67.593 63.88 64.02 63.198 63.19 63.195 63.173
59.42 59.21 59.73 59.44 58.985 58.87 61.223 59.183 58.883 59.043 64.943 65.988 65.715 64.925 61.725 59.49 59.288 60.168 59.543 59.523 59.485 59.48 59.513 59.638 59.745 60.01 60.175 60.105 61.795 59.855 59.825 60.525 59.825 64.7 65.468 65.695 59.66 59.985 60.093 59.678 58.783 58.673 58.683 58.693 59.045 59.705 60.255 60.058 59.83 60.213 60.42 60.685 60.833 61.273 61.095 61.095 61.068 60.91 60.898 60.895 60.798 60.835 62.718 63.038 63.573 63.438 65.2 67.375 63.19 63.183 63.178 63.17 63.163
61.165 59.45 59.2 59.713 59.623 61.555 62.115 64.203 59.228 58.96 60.88 65.148 63.958 60.963 59.275 59.158 59.243 59.28 59.273 59.253 59.255 59.373 59.465 59.555 60.743 60.253 60.078 61.34 60.12 59.73 59.728 60.163 63.313 65.775 66.68 66.573 65.273 59.613 59.635 59.07 58.598 58.503 58.528 58.955 58.88 59.598 59.698 59.655 63.343 59.783 60.063 60.51 60.693 61.183 61.983 61.06 61.053 60.905 60.788 60.825 60.778 60.685 60.775 62.693 62.895 63.395 66.185 63.52 63.355 63.635 63.17 63.173 63.165
61.01 61.085 58.84 59.463 59.003 62.313 64.418 65.198 64.313 58.703 59.733 60.83 58.955 59.745 58.93 59.085 59.978 61.038 59.073 59.08 59.218 59.325 59.38 59.44 59.658 59.845 59.573 59.713 60.033 60.193 62.475 64.768 66.045 67.29 67.895 67.445 66.325 63.288 59.625 58.718 58.315 58.32 58.36 58.745 59.463 59.53 62.66 65.643 66.27 64.438 59.843 60.36 61.093 60.33 60.703 60.965 60.975 60.883 60.775 60.725 60.745 60.683 60.683 61.755 62.9 62.915 64.555 66.868 63.455 63.288 63.175 63.165 63.148
60.873 59.23 58.803 58.715 63.323 64.685 65.573 65.868 64.993 64.068 58.62 58.885 59.443 59.505 58.928 59.905 59.315 58.918 58.945 59.053 59.15 59.188 59.315 59.505 59.5 59.318 59.268 59.265 59.715 60.038 64.855 66.23 67.218 68.043 67.703 66.528 65.623 58.25 58.205 58.795 58.133 58.15 58.17 58.285 58.713 65.133 66.08 66.873 67.148 65.898 62.198 60.15 59.92 60.085 60.283 60.775 60.783 60.693 60.728 60.633 60.675 60.653 60.573 60.648 62.93 62.743 63.435 67.453 64.205 63.178 63.173 63.16 63.143
60.868 58.945 58.623 64.07 64.915 65.735 65.693 64.813 64.028 59.275 58.615 58.563 59.338 58.8 59.505 59.215 58.723 58.778 58.875 58.973 59.02 59.2 60.74 60.34 59.258 59.25 59.188 59.14 59.06 59.653 62.94 67.115 68.005 66.98 66.285 63.185 57.863 57.838 57.898 57.985 57.958 57.983 57.97 58.298 57.873 59.543 66.03 67.325 67.993 66.698 65.395 60.783 59.695 59.905 60.055 60.2 60.755 60.675 60.718 60.665 60.58 60.603 60.573 60.513 60.595 62.898 62.83 65.348 64.903 63.163 63.153 63.145 63.113
58.323 58.335 60.025 61.238 64.53 65.355 64.57 60.638 58.68 58.51 58.568 58.485 58.535 58.553 58.503 58.508 58.625 58.705 58.785 58.858 59.055 60.25 59.47 59.15 59.86 59.15 59.048 63.278 62.205 59.093 59.583 60.073 66.438 65.995 62.385 57.885 58.07 58.325 57.888 58 57.803 57.773 57.815 58.518 57.705 58.053 64.103 66.535 68.208 67.518 66.18 62.398 59.673 59.678 59.873 60.873 60.61 60.595 60.65 60.648 60.508 60.515 60.525 60.478 60.54 62.17 62.705 63.355 67.835 63.225 63.148 63.15 63.11
63.815 59.053 59.335 60.535 62.393 64.34 62.358 58.505 59.725 58.478 58.508 58.523 58.348 58.32 58.37 58.485 58.57 58.628 58.653 59.093 59.173 59.035 59.045 59.03 58.953 60.14 64.568 65.463 65.29 60.195 59.163 59.6 61.688 58.248 57.748 57.7 57.73 58.42 57.745 57.685 57.69 57.655 57.678 57.635 58.828 58.183 57.753 68.015 68.035 68.138 66.988 65.575 59.595 59.66 60.265 60.26 60.36 60.633 60.563 60.543 60.508 60.433 60.46 60.455 60.39 60.503 62.498 63.283 67.275 63.698 63.148 63.17 63.15
64.788 63.873 58.348 57.99 59.233 58.378 58.3 58.243 58.523 58.363 58.595 58.228 58.475 58.24 58.35 58.43 58.468 58.495 58.615 60.143 58.78 58.865 58.915 58.918 63.068 64.818 65.753 66.7 66.2 65.048 58.883 58.915 58.98 57.518 57.51 57.568 57.618 57.628 57.563 57.575 57.59 57.55 57.555 57.618 57.66 57.675 57.698 61.063 68.01 67.768 63.633 59.43 60.283 60.01 60.048 60.165 60.253 60.348 60.423 60.483 60.47 60.365 60.388 60.413 60.383 60.393 60.805 63.803 67.735 63.728 63.168 63.185 63.205
65.72 64.715 62.715 57.943 58.035 59.5 58.443 58.225 59.09 59.88 58.085 59.108 58.165 58.213 58.303 58.335 58.363 58.37 58.473 59.058 58.688 58.648 58.725 60.905 65.058 66.013 66.963 67.168 66.213 65.278 61.655 57.915 58.92 57.443 57.448 57.443 57.63 57.485 57.458 57.438 57.47 57.468 57.523 57.583 57.625 57.74 57.84 57.865 64.253 59.46 59.543 59.928 59.818 59.875 59.958 60.063 60.163 60.27 60.365 60.405 60.438 60.408 60.303 60.333 60.355 60.303 60.408 62.458 64.005 67.603 63.175 63.198 63.225
64.835 64.008 60.563 57.893 57.885 58.695 58.54 58.255 60.315 57.998 57.93 58.035 58.103 58.158 58.21 58.243 58.275 58.243 58.24 58.473 58.523 58.513 58.485 62.1 65.335 66.523 66.928 65.993 65.053 58.295 57.205 57.268 57.735 58.205 57.393 58.505 57.4 57.398 57.385 57.388 57.39 57.39 57.47 57.555 57.815 57.773 57.795 58.015 59.265 60.303 59.783 59.715 59.765 59.818 59.885 59.96 60.048 60.17 60.265 60.423 60.448 60.443 60.338 60.265 60.3 60.295 60.27 60.49 62.945 63.763 67.27 63.54 63.318
63.028 59.738 57.855 57.878 57.828 57.82 58.025 57.873 57.813 57.838 57.935 58.005 58.035 58.073 58.11 58.125 58.155 58.13 58.058 59.403 58.79 58.353 58.303 58.425 63.838 65.583 65.705 64.795 57.663 57.12 57.155 58.033 57.373 57.81 57.503 57.34 57.38 57.345 57.368 57.343 57.333 57.358 58.07 57.873 57.763 57.775 57.745 58.185 59.415 59.698 59.65 59.7 59.743 59.775 59.815 59.858 59.925 60.038 60.24 60.44 60.458 60.435 60.33 60.203 60.23 60.243 60.225 60.305 60.925 63.62 64.125 68.933 69.973
58.215 57.87 57.89 57.913 57.85 57.75 57.698 57.665 57.748 57.835 57.885 58.518 58.063 58.13 58.148 58.083 58.02 58.038 57.975 57.928 58.38 58.265 58.268 58.373 58.983 64.485 63.96 57.135 57.32 57.808 57.16 57.185 57.978 57.443 57.278 57.295 57.503 59.59 59.188 57.463 57.923 57.993 58.093 57.713 57.715 57.898 58.91 59.685 59.64 59.603 59.628 59.683 59.72 59.753 59.793 59.808 59.84 60.013 60.17 60.33 60.48 60.385 60.33 60.225 60.148 60.188 60.195 60.145 60.295 62.453 63.325 64.473 68.638
57.823 58.145 57.865 57.86 57.81 57.608 57.56 57.653 57.728 57.783 58.24 57.97 59.815 59.348 59.505 59.928 58.05 57.918 57.92 57.838 57.863 58.368 58.19 58.123 58.238 58.338 58.155 57.14 58.388 57.323 57.178 57.173 57.205 57.198 57.2 58.273 57.605 59.23 58.698 60.63 58.458 57.873 57.813 57.71 57.773 59.095 59.608 60.463 60.648 59.585 59.623 59.663 59.71 59.735 59.773 59.775 62.988 65.278 59.988 60.155 60.278 60.373 60.278 60.193 60.133 60.13 60.163 60.135 60.138 60.358 62.728 63.458 64.155
57.738 57.833 58.12 57.553 58.29 57.493 57.56 57.618 57.653 57.758 57.963 58.563 57.83 57.743 57.665 57.585 60.02 57.93 57.83 57.805 57.723 57.808 58.815 58.06 57.853 57.66 57.453 57.245 57.303 57.133 57.163 57.183 57.178 57.17 57.785 57.495 57.043 57.07 59.748 58.885 57.138 57.375 58.01 58.158 59.353 59.713 60.205 60.19 59.83 59.563 59.613 59.665 59.703 59.718 59.745 61.063 65.313 65.29 65.285 60.483 60.123 60.213 60.188 60.193 60.163 60.058 60.128 60.148 60.075 60.2 61.528 62.773 62.825
57.615 57.683 57.498 57.635 57.68 57.465 57.505 57.53 57.68 58.278 59.005 57.725 57.65 57.565 57.453 57.495 57.49 59.455 57.78 57.745 57.715 57.618 57.833 60.808 57.695 57.568 57.44 57.315 57.305 57.21 57.195 57.173 57.158 57.478 56.898 56.98 57.24 57.288 57.038 57.163 57.183 57.03 57.08 57.063 59.628 59.6 59.613 59.513 59.493 59.555 59.62 59.663 59.68 59.713 60.2 65.375 65.245 65.318 65.273 65.275 61.305 60.118 60.258 60.163 60.135 60.083 60.06 60.123 60.103 60.05 60.248 61.44 62.34
57.43 57.403 57.293 57.333 57.353 57.408 57.44 57.643 59.785 58.71 57.61 57.573 57.505 57.818 63.058 63.423 57.795 57.785 59.13 57.655 57.663 57.618 57.545 60.15 58.188 57.498 57.388 58.948 57.468 57.288 57.205 58.23 56.978 59.28 58.78 56.923 56.975 56.975 57.018 57.033 57.135 57.22 57.068 57.11 57.338 60.63 59.49 59.44 59.485 59.563 59.603 59.648 59.69 60.02 65.333 65.395 65.363 65.26 65.37 64.633 59.905 60.063 60.12 60.25 60.155 60.098 59.983 60.078 60.125 60.1 60.15 60.288 60.388
57.225 57.225 57.235 57.253 57.295 57.34 58.315 60.193 57.493 57.71 59.01 57.453 59.813 62.823 63.82 64.195 63.208 57.38 59.113 57.983 57.563 57.56 57.505 57.485 60.338 57.628 57.458 57.353 57.318 57.255 57.243 57.788 59.53 60.033 57.87 56.873 56.93 56.948 56.98 58.143 58.835 58.063 57.113 57.113 57.85 58.755 60.02 59.45 59.488 59.555 59.605 59.668 59.943 65.103 65.408 65.323 65.415 65.34 65.28 65.378 62.31 60.095 60.038 60.165 60.19 60.118 60.028 60.045 60.115 60.13 60.148 60.18 60.265
