dsm/se3231_DSM_2M.asc
ncols 500
nrows 500
xllcorner    432000
yllcorner    431000
cellsize     2
NODATA_value -9999
[rows 64 to 95 of 500, columns 216 to 287 of 500]
26.098 26.097 26.083 26.045 26.055 26.062 26.078 26.109 26.135 26.215 26.143 26.182 26.117 26.184 26.169 26.151 26.052 26.026 26.057 26.188 26.187 26.184 26.169 26.136 26.197 26.097 26.217 26.639 27.114 40.289 41.822 41.664 41.514 41.389 41.244 41.114 41.05 40.876 40.795 40.639 40.506 38.763 32.825 31.269 30.336 27.46 26.891 26.916 26.862 27.052 28.346 28.83 27.368 27.345 27.27 26.954 26.972 26.983 27.105 27.12 27.161 27.255 27.3 27.329 27.402 28.027 29.695 31.286 29.971 30.964 28.652 30.732
26.171 26.152 26.069 26.07 26.041 26.044 26.024 26.039 26.14 26.152 26.111 26.125 26.1 26.141 26.161 26.095 26.119 26.062 25.999 26.094 26.146 26.118 26.132 26.09 26.023 26.108 26.536 26.816 35.118 42.115 42.015 41.828 41.665 41.576 34.218 41.108 41.18 41.069 40.89 40.815 40.687 40.582 38.148 31.443 27.969 27.098 27.073 26.952 26.896 26.91 28.399 27.759 27.29 28.856 27.866 27.913 27.779 27.007 27.085 27.102 27.207 27.203 27.255 27.272 27.367 27.399 27.511 28.474 35.247 36.763 27.864 32.883
26.138 26.427 26.376 26.07 26.058 26.123 26.054 26.056 26.031 26.128 26.207 26.084 26.08 26.071 26.083 26.106 26.066 26.054 26.041 26.059 26.03 26.088 26.054 26.048 27.068 26.477 26.839 36.97 42.378 42.252 42.119 41.935 41.846 41.731 41.579 41.47 41.294 41.257 41.034 40.964 40.905 40.702 40.57 38.944 37.744 30.874 27.145 27.117 27.087 26.914 26.918 26.985 28.363 29.133 29.173 28.668 28.48 28.94 27.219 27.052 27.121 27.172 27.198 27.228 27.332 27.373 27.399 27.479 27.622 27.572 28.652 32.922
26.223 26.239 26.191 26.229 26.167 26.067 26.045 26.009 26.045 26.067 26.088 26.059 26.07 26.136 26.185 26.14 26.093 25.98 26.038 26.023 26.044 26.08 26.043 26.039 26.585 26.809 27.185 41.912 42.256 42.327 42.287 42.156 42.01 41.896 41.766 41.64 41.472 41.357 41.275 41.117 41.006 40.906 40.774 40.625 35.488 33.051 31.956 27.672 27.106 27.019 26.841 26.928 27.962 30.535 29.371 29.228 29.404 28.359 26.994 27.101 27.137 27.12 27.201 27.218 27.26 27.276 27.366 27.391 27.501 27.603 29.328 30.285
26.13 26.226 26.192 26.172 26.245 26.495 25.98 26.048 26.045 26.092 26.139 26.11 26.016 26.085 26.182 26.196 26.102 26.072 26.072 26.062 26.028 26.094 26.084 26.213 26.718 26.877 39.84 41.963 42.082 42.192 42.333 42.311 42.201 42.03 41.902 41.793 41.64 41.552 41.441 41.296 41.114 41.034 40.897 36.572 40.562 40.543 38.484 31.735 28.198 27.179 27.068 26.925 26.938 27.282 28.668 27.278 27.842 27.705 27.811 27.312 27.112 27.12 27.116 27.204 27.24 27.313 27.352 27.397 27.439 27.461 27.454 27.774
26.157 27.591 26.615 26.192 26.19 26.218 26.248 26.088 26.074 26.095 26.218 26.128 26.021 26.075 26.151 26.191 26.124 26.082 26.033 25.877 25.958 26.123 26.067 26.607 26.804 38.724 41.689 41.742 41.924 42.048 42.161 42.303 42.356 42.185 42.064 41.948 41.81 41.68 41.593 41.406 41.353 41.239 41.107 40.013 40.817 40.717 39.702 37.293 32.269 28.387 27.209 27.072 26.957 27.653 27.452 27.404 29.363 32.586 29.997 27.665 29.232 28.146 27.242 27.175 27.2 27.27 27.289 27.384 27.354 27.402 27.448 27.466
26.108 26.581 27.879 26.195 26.192 26.28 26.252 26.276 26.23 26.15 26.175 26.125 26.07 26.044 26.222 26.141 26.169 26.062 26.051 25.943 26.104 26.129 26.587 26.798 34.399 41.342 41.525 41.618 41.781 41.874 41.94 42.074 42.277 42.339 42.243 42.136 41.995 41.888 41.695 41.627 41.49 41.37 40.985 41.12 40.985 40.654 39.521 40.453 39.143 33.011 30.934 27.23 27.09 27.109 27.301 27.446 28.426 28.845 29.942 28.159 29.954 30.389 28.526 27.767 27.459 27.26 27.274 27.315 27.354 27.39 27.417 27.407
26.112 26.146 26.508 26.182 26.195 26.207 26.261 26.594 26.575 26.51 26.22 26.21 26.191 26.193 26.207 26.121 26.097 26.054 26.057 26.09 26.096 26.373 26.768 27.065 39.514 41.219 41.336 41.47 41.572 41.753 41.742 41.94 42.078 42.189 42.319 42.306 42.137 42.086 41.935 41.785 41.648 41.538 40.017 41.289 41.15 39.808 40.921 40.795 40.653 38.963 36.083 32.459 28.577 27.203 27.133 27.149 27.394 27.792 29.028 27.653 27.889 29.806 27.86 27.834 30.187 28.112 27.457 27.334 27.346 27.359 27.342 27.409
26.06 26.12 26.169 26.159 26.223 26.233 26.25 26.276 26.289 26.291 26.152 26.278 26.189 26.148 26.157 26.053 26.087 26.101 26.106 26.077 26.357 26.706 26.987 39.283 40.914 41.019 41.164 41.276 41.39 41.498 41.646 41.765 41.905 42.004 42.165 42.282 42.342 42.183 42.111 41.945 41.816 41.709 41.589 41.465 41.296 41.197 41.049 40.921 40.795 40.723 40.308 37.352 35.757 28.475 27.79 27.079 27.171 27.283 27.295 27.327 28.707 29.487 27.31 27.181 27.307 29.712 30.24 27.844 27.315 27.332 27.328 27.365
26.077 26.102 26.124 26.146 26.171 26.216 26.227 26.237 26.274 26.357 26.321 27.331 26.247 26.187 26.241 26.153 26.145 26.174 26.118 26.226 26.561 26.703 36.519 40.61 40.757 40.87 40.985 41.089 41.245 41.342 41.457 41.594 41.735 41.867 42.003 42.129 42.205 42.287 42.244 42.117 41.997 41.888 41.749 41.612 41.417 41.334 41.224 41.125 41.002 40.886 40.708 40.645 33.19 32.25 31.482 27.435 27.725 27.06 27.165 27.301 27.345 29.953 27.664 27.259 27.138 29.397 29.878 28.985 27.871 27.37 27.315 27.334
26.039 26.097 26.171 26.134 26.155 26.19 26.217 26.233 26.293 26.288 27.904 26.401 26.344 26.514 26.187 26.131 26.092 26.064 26.271 26.402 26.759 27.05 30.803 40.332 40.605 40.728 40.809 40.929 41.054 41.167 41.298 41.421 41.61 41.701 41.81 41.942 42.081 42.215 42.359 42.275 42.239 42.052 41.893 41.774 41.644 41.529 41.37 41.265 41.139 41.089 40.321 40.654 40.658 40.516 35.357 31.46 27.854 27.191 27.11 27.166 27.328 27.352 27.386 27.367 27.361 27.13 27.629 28.995 28.02 30.084 28.27 27.356
26.073 26.052 26.107 26.131 26.141 26.174 26.178 26.211 26.295 26.301 26.323 26.369 26.386 26.373 26.518 26.083 26.105 26.039 26.464 26.638 26.85 26.995 27.093 31.004 40.033 40.578 40.691 40.761 40.877 41.005 41.127 41.29 41.418 41.546 41.633 41.794 41.946 42.047 42.157 42.3 42.305 42.274 42.336 41.944 41.812 41.669 41.593 41.47 41.331 41.232 35.956 39.914 40.842 40.693 38.735 38.405 32.331 27.899 27.78 27.136 27.166 27.339 27.4 27.452 27.381 27.473 27.234 27.655 29.99 30.17 28.411 27.271
25.987 26.074 26.099 26.108 26.123 26.148 26.203 26.231 26.275 26.3 26.295 26.312 26.378 26.328 26.716 27.412 26.101 26.398 26.675 26.701 26.875 26.971 26.998 27.11 29.417 37.682 40.47 40.622 40.692 40.905 40.995 41.163 41.283 41.361 41.502 41.632 41.784 41.916 42.064 42.152 42.295 42.359 42.222 42.091 41.975 41.855 41.754 41.636 41.518 41.396 41.265 41.146 40.834 39.539 40.767 40.645 38.674 37.262 29.72 27.209 27.131 27.058 27.225 27.399 27.508 27.685 27.42 27.342 28.938 29.619 27.659 27.609
26.03 26.066 26.064 26.063 26.116 26.107 26.17 26.198 26.256 26.444 26.32 26.299 26.326 26.356 26.342 26.136 26.157 26.415 26.609 26.75 26.811 26.887 26.943 27.009 27.073 27.124 31.097 40.33 40.602 40.716 40.851 40.972 41.123 41.209 41.345 41.505 41.609 41.722 41.873 42.045 42.12 42.287 42.33 42.314 42.172 42.047 41.933 41.83 41.687 41.525 41.416 41.26 41.155 41.042 40.91 40.765 40.66 40.564 33.807 31.392 28.834 27.155 27.12 27.137 27.471 27.565 27.458 27.464 29.569 29.91 27.731 29.074
25.963 25.983 26.032 26.061 26.068 26.087 26.129 26.178 26.22 26.234 26.251 26.294 26.302 26.327 26.336 26.188 26.217 26.504 26.621 26.722 26.787 26.87 26.897 26.954 26.986 27.054 27.113 30.33 40.039 40.538 40.7 40.84 40.87 41.086 41.152 41.334 41.413 41.6 41.7 41.849 41.937 42.084 42.249 42.337 42.336 42.205 42.128 41.979 41.818 41.681 41.587 41.432 41.308 41.221 41.058 40.914 40.823 40.706 38.841 38.606 29.345 27.099 27.111 27.101 27.149 27.415 27.525 27.528 27.561 28.29 29.547 30.07
25.939 25.996 25.987 26.046 26.031 26.107 26.128 26.134 26.223 26.256 26.237 26.253 26.284 26.32 26.337 26.369 26.411 26.435 26.576 26.664 26.753 26.785 26.862 26.913 27.001 26.989 26.954 27.083 29.44 37.675 40.529 40.702 40.755 40.889 40.835 39.205 41.291 41.435 41.558 41.622 41.781 41.923 42.074 42.166 42.363 42.388 42.25 42.172 42.025 41.865 41.753 41.64 41.493 41.335 41.237 41.091 40.961 40.864 40.724 40.621 33.727 35.892 27.305 27.111 27.097 27.173 27.344 27.377 27.42 27.934 29.209 30.366
25.906 25.93 25.98 26.046 26.051 26.069 26.127 26.146 26.171 26.163 26.21 26.224 26.278 26.28 26.322 26.354 26.417 26.482 26.581 26.612 26.692 26.778 26.824 26.87 26.926 26.98 26.989 27.046 27.106 27.163 37.685 40.495 40.631 40.747 40.859 41.026 41.138 41.248 41.402 41.496 41.657 41.751 41.879 42.03 42.187 42.31 42.391 42.302 42.145 42.033 41.9 41.792 41.671 41.481 41.368 41.275 41.134 41.013 40.892 40.773 40.652 40.493 30.245 29.272 27.137 27.11 27.136 27.135 27.191 27.759 28.671 28.17
25.898 25.949 25.989 25.969 26.018 26.072 26.08 26.167 26.153 26.152 26.182 26.21 26.261 26.279 26.349 26.363 26.415 26.466 26.537 26.626 26.719 26.766 26.764 26.818 26.886 26.905 26.952 27.002 27.034 27.082 27.125 31.001 40.065 40.544 40.682 40.795 41.043 41.063 41.252 41.381 41.44 41.599 41.7 41.86 42.01 42.091 42.244 42.419 42.325 42.189 42.042 41.963 41.816 41.653 41.535 41.434 41.296 41.161 41.049 40.956 40.808 40.648 40.292 35.561 27.592 27.139 27.112 27.072 26.976 27.095 27.377 27.75
25.923 25.895 25.895 25.957 25.997 26.041 26.064 26.069 26.152 26.143 26.194 26.225 26.27 26.326 26.327 26.374 26.398 26.469 26.582 26.626 26.71 26.738 26.752 26.824 26.865 26.886 26.932 26.933 26.955 27.048 27.029 27.117 29.472 37.696 40.54 40.662 40.809 40.936 41.061 41.206 41.308 41.431 41.508 41.665 41.809 41.93 42.015 42.169 42.309 42.35 42.222 42.073 41.95 41.797 41.686 41.626 41.464 41.325 41.172 41.086 40.946 40.847 40.718 40.605 38.976 33.295 27.253 27.106 26.999 26.856 26.917 27.153
25.878 25.835 25.903 25.97 25.952 26.017 26.047 26.1 26.149 26.144 26.169 26.238 26.233 26.281 26.282 26.376 26.403 26.438 26.54 26.595 26.654 26.726 26.75 26.787 26.82 26.838 26.911 26.914 26.956 26.972 27.018 27.034 27.116 27.182 35.089 40.526 40.647 40.797 40.865 41.012 41.089 41.302 41.412 41.511 41.637 41.778 41.877 42.01 42.152 42.249 42.365 42.271 42.141 41.976 41.878 41.719 41.612 41.513 41.35 41.203 41.11 41.005 40.86 40.719 40.395 28.653 27.143 27.102 27.04 27.011 26.893 26.887
25.876 25.89 25.855 25.905 25.93 25.993 26.035 26.101 26.123 26.127 26.209 26.197 26.261 26.284 26.31 26.333 26.399 26.444 26.505 26.558 26.651 26.656 26.698 26.75 26.759 26.858 26.849 26.897 26.908 26.95 27.049 27.023 27.047 27.144 27.396 31.085 40.038 40.644 40.736 40.87 40.958 41.087 41.191 41.33 41.472 41.608 41.744 41.839 41.967 42.16 42.263 42.349 42.311 42.192 42.023 41.931 41.792 41.668 41.536 41.409 41.286 41.153 41.026 40.923 40.558 27.358 27.122 27.086 27.044 26.98 26.983 26.899
25.818 25.856 25.843 25.946 25.961 26.005 26.024 26.035 26.052 26.081 26.179 26.19 26.247 26.255 26.297 26.349 26.425 26.47 26.48 26.493 26.563 26.624 26.649 26.708 26.713 26.768 26.802 26.839 26.908 26.902 26.937 26.998 27.02 27.078 27.083 27.123 29.734 39.874 40.539 40.716 40.834 40.958 41.035 41.135 41.299 41.434 41.501 41.68 41.811 41.965 42.059 42.213 42.324 42.318 42.235 42.08 41.956 41.827 41.658 41.567 41.401 41.308 41.171 40.663 28.686 27.129 27.116 27.065 27.014 26.983 26.963 26.938
25.957 25.856 25.891 25.911 25.948 25.984 25.992 26.01 26.089 26.13 26.145 26.18 26.226 26.251 26.303 26.319 26.373 26.435 26.436 26.504 26.534 26.583 26.633 26.663 26.712 26.711 26.725 26.763 26.824 26.866 26.899 26.894 26.956 26.99 27.066 27.073 27.165 29.478 37.677 40.246 38.301 40.746 40.89 41.005 41.188 41.292 41.374 41.51 41.64 41.776 41.922 42.006 42.189 42.278 42.388 42.254 42.123 42.104 41.836 41.694 41.585 41.469 41.397 31.189 27.162 27.132 27.118 27.048 27.018 26.982 26.954 26.913
26.073 25.851 25.85 25.903 25.902 25.938 26.008 26.011 26.051 26.102 26.137 26.192 26.217 26.264 26.286 26.345 26.358 26.421 26.455 26.466 26.505 26.586 26.586 26.605 26.636 26.671 26.676 26.717 26.749 26.812 26.863 26.88 26.917 26.953 26.969 27.043 27.08 27.131 27.211 31.071 40.353 40.576 40.736 40.865 40.998 41.072 41.197 41.335 41.48 41.559 41.722 41.851 41.997 42.077 42.199 42.37 42.306 42.109 41.967 41.892 41.76 41.652 34.045 27.185 27.158 27.128 27.078 27.044 27.006 26.962 26.934 26.891
26.215 30.932 26.643 25.89 25.91 25.953 25.987 26.038 26.07 26.084 26.126 26.133 26.202 26.262 26.272 26.309 26.363 26.412 26.431 26.421 26.463 26.511 26.537 26.606 26.615 26.675 26.687 26.708 26.72 26.735 26.787 26.812 26.872 26.888 26.933 26.986 27.014 27.048 27.121 27.168 37.082 40.061 40.617 40.693 40.737 40.98 41.031 41.196 41.302 41.436 41.551 41.654 41.78 41.917 42.052 42.195 42.298 42.25 42.165 42.004 41.896 41.554 28.748 27.179 27.16 27.09 27.092 27.025 27.002 26.961 26.921 26.918
32.883 32.236 28.328 26.334 26.028 25.951 25.956 26.029 26.045 26.06 26.105 26.138 26.212 26.26 26.292 26.302 26.391 26.378 26.371 26.388 26.447 26.533 26.537 26.528 26.557 26.621 26.62 26.668 26.707 26.704 26.746 26.806 26.826 26.856 26.938 26.927 26.953 27 27.058 27.086 27.146 29.5 37.696 40.545 40.592 40.768 40.92 41.011 41.143 41.33 41.379 41.495 41.674 41.763 41.946 42.044 42.17 42.291 42.424 42.23 42.058 31.431 27.161 27.155 27.137 27.074 27.038 27.013 26.975 26.939 26.919 26.88
28.785 30.878 26.524 29.627 28.508 26.057 25.946 25.995 26.027 26.038 26.111 26.156 26.179 26.276 26.265 26.298 26.297 26.342 26.334 26.377 26.447 26.492 26.488 26.501 26.515 26.602 26.618 26.626 26.657 26.694 26.722 26.75 26.765 26.777 27.018 26.939 26.911 26.975 27.009 27.023 27.066 27.112 27.164 37.684 40.235 40.646 40.781 40.862 41.041 40.842 38.776 41.388 41.481 41.609 41.664 41.845 41.997 42.145 42.242 42.297 34.15 27.176 27.157 27.153 27.105 27.057 27.023 26.995 26.951 26.914 26.879 26.826
31.112 31.815 34.441 34.135 31.966 27.976 26.137 25.985 26.016 26.064 26.084 26.151 26.177 26.19 26.234 26.286 26.277 26.326 26.339 26.377 26.418 26.446 26.439 26.507 26.51 26.512 26.584 26.594 26.62 26.641 26.648 26.728 26.719 26.786 26.994 27.601 26.898 26.891 26.914 26.963 27.019 27.049 27.093 27.136 29.744 40.069 40.586 40.724 40.873 31.575 40.907 41.219 41.339 41.367 41.54 41.707 41.825 41.914 41.811 39.321 27.345 27.16 27.13 27.164 27.08 27.036 26.997 26.966 26.938 26.911 26.876 26.812
32.45 34.223 35.046 33.86 33.072 30.949 30.826 25.95 26.014 26.046 26.092 26.113 26.141 26.169 26.207 26.265 26.312 26.323 26.344 26.337 26.399 26.402 26.404 26.454 26.462 26.478 26.504 26.603 26.602 26.645 26.666 26.667 26.672 26.686 26.783 26.778 26.822 26.83 26.867 26.948 26.971 26.993 27.063 27.042 27.131 29.453 37.676 40.558 40.698 40.764 40.886 41.01 41.193 41.298 41.434 41.572 41.63 41.777 35.206 28.672 27.186 27.14 27.139 27.1 27.033 26.969 26.94 26.906 26.88 26.833 26.805 26.798
30.453 31.913 34.992 33.171 34.148 33.053 34.336 32.581 26.354 26.097 26.073 26.147 26.156 26.15 26.194 26.232 26.276 26.329 26.306 26.299 26.341 26.363 26.374 26.411 26.425 26.445 26.499 26.518 26.545 26.585 26.595 26.585 26.595 26.663 26.689 26.746 26.75 26.768 26.83 27.388 27.099 26.915 26.97 27.029 27.19 27.269 27.181 37.694 40.489 40.641 40.727 40.906 40.959 41.115 41.247 41.168 41.513 41.067 27.573 27.165 27.133 27.118 27.071 27.02 26.996 26.973 26.909 26.867 26.835 26.808 26.789 26.76
28.067 31.576 33.905 33.007 30.49 28.057 29.67 29.751 29.484 26.248 26.068 26.124 26.126 26.135 26.16 26.178 26.228 26.288 26.244 26.286 26.302 26.322 26.366 26.363 26.397 26.407 26.389 26.489 26.493 26.556 26.538 26.533 26.533 26.564 26.607 26.663 26.653 26.693 27.682 27.236 26.826 26.882 26.9 26.943 27.039 27.096 27.258 27.441 32.089 40.034 40.595 40.682 40.866 41.007 41.066 40.34 41.073 27.352 27.153 27.136 27.114 27.102 27.065 26.981 26.944 26.922 26.893 26.861 26.793 26.771 26.728 26.694
26.118 29.119 30.83 32.495 32.907 31.714 33.44 31.01 28.102 29.786 30.075 26.143 26.092 26.124 26.145 26.168 26.205 26.207 26.242 26.259 26.316 26.318 26.289 26.353 26.314 26.404 26.416 26.438 26.462 26.457 26.496 26.481 26.488 26.478 26.552 26.548 26.617 26.672 27.069 26.732 26.802 26.801 26.883 26.909 26.962 26.968 27.095 27.136 27.163 29.489 37.798 40.534 40.68 40.839 40.878 41.041 31.186 27.157 27.13 27.097 27.096 27.016 27.012 26.962 26.877 26.894 26.869 26.81 26.76 26.752 26.7 26.656
