dsm/se3235_DSM_2M.asc
ncols 500
nrows 500
xllcorner    432000
yllcorner    435000
cellsize     2
NODATA_value -9999
[rows 256 to 287 of 500, columns 216 to 287 of 500]
91.06 90.665 95.98 97.225 97.168 94.8 90.93 90.835 90.85 91.51 93.805 93.905 93.49 90.95 94.22 90.888 90.92 90.858 90.825 90.923 93.18 90.985 90.36 90.048 90.11 90.105 90.143 90.325 90.233 90.273 90.21 91.055 92.433 92.58 92.59 92.785 92.845 92.905 96.208 95.035 96.038 92.888 96.128 99.385 98.755 94.285 93.393 92.973 93.028 93.143 93.37 93.158 93.135 93.14 93.08 92.995 92.968 92.99 92.998 92.963 92.945 92.928 92.895 92.92 92.993 93.078 93.128 93.145 93.123 93.125 93.12 93.088
90.713 95.61 97.303 98.585 98.4 97.02 92.373 90.835 90.845 93.848 93.873 92.088 91.905 96.145 93.565 91.73 90.988 90.933 90.945 91.325 91.855 90.783 90.49 90.255 90.235 90.358 90.48 90.65 95.785 101.383 99.153 92.375 92.523 92.623 92.623 93.063 93.575 96.71 99.298 98.495 94.548 93.883 92.88 95.683 92.923 92.938 94.408 93.205 94 93.338 93.08 93.02 92.975 92.963 92.978 92.998 93.005 92.995 92.963 92.94 92.99 93.11 93.168 93.17 93.15 93.175 93.175 93.173 93.22 93.32 93.348 93.41
90.633 91.115 96.22 97.655 99 98.24 96.865 90.98 90.848 92.233 92.655 91.265 91.26 92.793 94.03 91.063 91.003 92.955 91.928 92.893 91.043 90.933 90.753 90.665 90.743 90.838 90.83 90.88 100.4 104.54 104.843 93.848 92.628 92.673 92.863 92.905 97.505 99.395 100.66 99.753 98.45 93.098 92.908 92.92 92.955 93.088 93.913 93.193 93.158 93.043 92.955 92.968 92.99 93.008 92.995 92.973 92.953 93.008 93.153 93.2 93.188 93.17 93.185 93.233 93.365 93.558 93.575 93.63 93.658 93.515 93.508 93.675
90.545 90.625 90.995 96.47 97.815 98.66 97.4 95.945 90.845 91.053 91.32 91.303 91.29 91.283 91.61 92.408 91.673 91.045 91.03 92.475 91.145 91.03 90.97 90.983 91.06 91.053 91.033 91.06 97.565 103.493 100.718 96.07 94.828 92.708 92.81 98.095 99.45 101.3 100.933 99.655 98.435 93.2 92.993 92.985 93.108 93.16 93.145 93.095 92.985 92.978 92.98 92.988 92.973 92.955 92.98 93.123 93.195 93.165 93.18 93.21 93.29 93.448 93.665 93.945 93.968 93.963 93.938 93.843 93.803 95.033 93.783 94.313
90.518 90.713 91.675 91.35 96.62 97.263 95.013 90.858 91.28 92.128 91.355 91.345 91.338 91.523 91.405 91.388 91.445 94.173 93.075 94.888 91.678 92.133 91.093 91.135 91.148 91.115 91.153 91.268 95.33 95.043 92.953 93.055 95.963 93.398 95.193 99.103 100.433 100.878 99.605 98.285 93.345 95.005 93.308 93.133 93.075 93.038 92.995 92.98 93.058 92.995 92.973 92.965 93.028 93.175 93.193 93.188 93.21 93.318 93.51 93.758 93.895 94.038 94.235 94.363 94.395 94.413 94.355 94.273 94.158 94.073 94.055 94.163
90.433 91.23 90.785 90.808 92.298 94.253 90.865 91.325 96.768 97.273 91.66 91.358 91.345 91.353 91.355 91.373 91.585 91.853 94.53 95.963 95.24 95.943 95.743 91.778 91.195 91.235 91.315 95.035 95.4 92.658 92.785 92.948 92.825 95.753 92.925 96.328 99.183 99.52 97.168 92.98 94.128 93.575 93.168 93.083 93 92.968 92.99 92.995 93.055 92.965 93.06 93.18 93.21 93.213 93.293 93.528 93.665 93.848 94.02 94.295 94.4 94.563 94.663 94.758 94.8 94.84 94.788 94.61 94.49 94.523 94.405 94.553
90.39 90.573 90.865 90.798 90.83 90.86 91.37 96.13 97.985 98.568 97.298 92.473 91.483 91.46 91.39 91.428 91.76 91.753 91.773 93.665 91.795 91.85 95.665 95.233 95.725 93.043 91.79 95.113 92.585 92.553 92.68 92.795 93.635 92.84 93.613 92.805 96.235 98.203 92.945 92.953 93.198 93.195 93.145 92.998 92.985 93 92.995 92.965 93.05 93.208 93.218 93.243 93.365 93.565 93.743 93.985 94.208 94.3 94.438 95.008 94.853 94.955 95.035 95.105 95.163 95.923 95.095 95.035 94.813 94.678 94.753 95
90.455 90.518 90.708 90.79 90.87 91.3 93.4 97.36 98.638 99.713 98.775 97.313 92.448 91.505 91.558 91.808 91.885 91.863 92.215 91.98 92.413 91.705 91.7 94.813 96.24 96.525 93.705 100.11 95.245 92.54 92.728 93.625 98.888 97.208 93 93.295 92.943 92.87 93.008 93.048 93.218 93.16 93.003 93.003 93.023 92.998 92.99 93.185 93.235 93.25 93.38 93.54 93.768 94.018 94.213 94.308 94.57 94.733 94.875 95.048 95.18 95.28 95.34 95.385 95.393 95.378 95.35 95.343 95.245 95.138 95.198 95.338
90.555 90.57 90.635 90.81 90.99 91.275 91.355 92.548 97.333 98.643 99.685 98.62 97.345 91.953 91.795 91.968 91.94 92.578 93.575 92.005 91.838 91.795 93.765 91.908 93.715 95.768 96.66 102.005 95.688 94.315 93.068 98.518 99.993 99.573 98.585 94.865 93.03 93.488 93.11 93.18 93.145 93.008 93.003 93.028 92.998 93.065 93.23 93.243 93.323 93.563 93.75 94.005 94.24 94.388 94.615 94.813 95.043 96.013 95.353 95.383 95.435 95.478 95.515 95.548 95.553 95.543 95.518 95.5 95.49 95.473 95.503 95.57
90.575 90.668 90.68 90.768 90.978 91.223 91.325 91.413 93.388 97.315 98.595 97.865 94.993 91.503 92.838 93.595 91.975 93.003 93.695 91.883 91.903 91.895 94.06 92.053 92.023 95.713 94.255 94.32 95.313 96.203 97.685 99.518 101.018 100.305 98.798 92.885 93.08 93.21 93.168 93.105 93.018 93.033 93.035 92.993 93.118 93.225 93.258 93.463 93.673 93.97 94.15 94.445 94.625 94.76 95.003 95.213 95.348 95.465 95.423 95.45 95.495 95.545 95.555 95.573 95.59 95.598 95.608 95.603 95.623 95.63 95.655 95.678
91.785 90.69 90.77 90.8 90.915 91.133 91.275 91.908 91.293 92.773 97.293 95.215 91.528 91.943 97.215 98.405 97.643 93.923 91.97 91.958 91.983 93.205 92.425 92.215 92.175 95.555 93.098 93.045 92.98 96.123 99.025 100.545 100.813 99.285 94.445 92.953 93.083 93.22 93.118 93.02 93.04 93.035 93 93.163 93.235 93.27 93.525 93.805 94.143 94.34 94.545 94.753 94.968 95.108 95.288 95.355 95.4 95.44 95.463 95.48 95.525 95.55 95.563 95.593 95.615 95.625 95.638 95.653 95.66 95.683 95.723 95.74
90.793 90.683 90.805 90.893 90.9 91.035 91.858 91.245 91.305 91.3 91.845 91.5 92.485 92.725 98.025 99.685 99.295 98.538 97.765 95.27 92.065 93.803 92.45 92.383 94.118 95.988 93.145 92.868 92.953 98.35 99.41 100.448 99.745 98.303 93.063 92.858 93.698 93.185 93.048 93.04 93.053 93.01 93.143 93.258 93.288 93.518 93.798 94.118 94.428 94.65 94.828 94.99 95.188 95.375 95.498 95.41 95.413 95.453 95.473 95.493 95.505 95.565 95.578 95.598 95.623 95.65 95.66 95.668 95.695 95.74 95.753 95.775
90.838 90.86 90.795 90.903 91.003 91.08 91.155 91.89 91.325 91.78 95.818 92.435 92.003 96.205 98.485 99.313 100.085 100.235 99.27 97.755 92.288 93.393 94.978 92.7 95.003 93.845 92.768 92.863 93.848 93.138 96.138 98.933 98.713 93.043 93.025 93.288 93.253 93.14 93.04 93.058 93.013 93.098 93.268 93.31 93.555 93.87 94.14 94.408 94.635 94.888 95.078 95.243 95.49 95.678 95.693 95.475 95.41 95.445 95.47 95.488 95.515 95.568 95.593 95.598 95.628 95.678 95.695 95.675 95.71 95.763 95.783 95.813
90.878 92.038 90.975 91.21 91.083 91.128 91.145 91.268 91.428 91.71 94.228 92.248 91.955 91.96 94.098 97.66 98.43 99.213 98.645 94.148 92.943 97.615 99.228 98.65 97.905 94.705 92.715 92.823 93.02 93.2 93.208 93.048 94.13 93.078 93.088 93.288 93.203 93.043 93.06 93.045 93.038 93.255 93.308 93.543 93.828 94.153 94.435 94.623 95.063 95.09 95.29 95.498 95.76 95.925 95.858 95.555 95.44 95.473 95.49 95.518 95.533 95.568 95.6 95.613 95.655 95.675 95.69 95.698 95.743 95.785 95.803 95.833
91.745 91.108 91.568 91.1 92.405 91.16 91.24 91.275 91.333 91.59 92.285 91.855 91.89 91.913 91.945 93.293 94.32 97.405 97.858 92.108 92.868 98.555 100.278 100.373 99.773 99.143 98.543 92.765 93.135 93.213 93.23 93.205 93.028 93.13 93.305 93.263 93.113 93.05 93.08 93.025 93.245 93.313 93.473 93.805 94.103 94.403 94.65 94.878 95.05 95.293 95.458 95.7 95.963 96.163 95.965 95.608 95.455 95.473 95.51 95.543 95.545 95.595 95.628 95.63 95.685 95.7 95.715 95.733 95.768 95.798 95.815 95.85
91.253 92.103 91.213 91.415 91.188 91.865 91.33 91.36 91.38 91.398 91.488 91.663 91.918 91.933 91.973 93.563 93.218 92.018 92.615 92.668 94.498 98.95 99.683 100.318 100.895 100.15 98.425 92.77 92.813 93.283 93.258 93.048 93.05 93.158 93.283 93.218 93.058 93.093 93.053 93.183 93.305 93.403 93.725 94.07 94.308 94.613 94.905 95.053 95.275 95.493 95.698 95.953 96.178 96.363 96 95.59 95.455 95.48 95.51 95.545 95.578 95.62 95.63 95.658 95.693 95.698 95.72 95.725 95.775 95.798 95.83 95.855
96.863 91.28 91.273 91.24 92.035 91.285 92.683 91.335 91.458 91.508 91.523 91.533 91.705 92.825 92.218 92.305 92.473 92.095 92.118 92.863 93.015 94.135 97.668 98.585 99.16 99.468 96.588 92.8 92.868 93.055 93.163 93.103 93.123 93.33 93.275 93.108 93.085 93.09 93.078 93.303 93.353 93.645 93.898 94.203 94.46 94.75 94.993 95.225 95.49 95.7 95.905 96.143 96.358 96.455 96.025 95.568 95.47 95.488 95.525 95.558 95.583 95.64 95.633 95.683 95.703 95.705 95.718 95.73 95.775 95.808 95.825 95.84
98.165 97.003 91.993 92.063 91.318 91.395 91.728 91.353 91.405 91.535 91.613 91.633 91.633 91.678 91.858 92.433 92.223 92.145 92.418 93.14 92.635 93.22 92.753 95.095 93.728 97.885 92.773 92.86 92.813 92.93 93.135 93.188 93.22 93.313 93.23 93.065 93.115 93.07 93.238 93.355 93.538 93.803 94.09 94.31 94.608 94.88 95.118 95.36 95.658 95.92 96.125 96.398 96.64 96.493 95.965 95.538 95.495 95.523 95.553 95.575 95.59 95.625 95.643 95.648 95.683 95.7 95.723 95.718 95.748 95.793 95.818 95.823
98.86 98.375 97.155 92.315 91.293 91.353 91.663 91.718 91.505 91.52 91.583 91.658 91.75 91.773 91.788 91.828 91.948 92.065 92.28 92.3 93.158 93.538 93.513 93.63 92.888 92.873 92.893 93.84 92.92 92.945 93.21 93.238 93.325 93.295 93.165 93.093 93.125 93.095 93.338 93.383 93.66 93.993 94.248 94.478 94.748 95.073 95.28 95.56 95.863 96.1 96.325 96.64 96.813 96.425 95.895 95.508 95.495 95.53 95.568 95.578 95.603 95.62 95.63 95.65 95.68 95.698 95.73 95.745 95.768 95.798 95.815 95.813
97.445 98.655 98.52 97.288 92.69 91.358 91.353 92.028 91.61 92.16 91.695 91.655 91.705 91.798 91.89 91.938 91.968 92.005 92.073 92.193 92.355 92.843 94.298 92.868 92.903 92.828 92.9 93.998 92.885 92.953 93.108 93.428 93.298 93.2 93.1 93.115 93.085 93.233 93.365 93.503 93.815 94.103 94.293 94.69 94.93 95.185 95.505 95.735 96.025 96.27 96.458 96.74 96.785 96.323 95.81 95.495 95.503 95.54 95.578 95.575 95.598 95.635 95.653 95.645 95.698 95.715 95.733 95.763 95.788 95.808 95.825 95.85
93.7 97.32 98.518 98.653 97.43 94.133 92.01 91.735 91.778 91.995 92.373 91.828 91.828 92.29 93.023 92.018 92.023 92.093 92.14 92.188 92.225 93.375 93.5 92.605 92.903 92.86 92.878 93.045 92.903 93.015 93.123 93.355 93.213 93.1 93.115 93.15 93.088 93.325 93.383 93.55 94.128 94.253 94.498 94.868 95.033 95.3 95.603 95.895 96.515 96.385 96.568 96.98 96.753 96.238 95.72 95.485 95.495 95.53 95.565 95.57 95.603 95.638 95.658 95.663 95.66 95.688 95.723 95.77 95.805 95.83 95.855 95.868
91.35 93.665 97.185 98.18 96.948 91.333 91.428 91.653 91.968 92.108 91.928 91.825 91.955 92.048 92.01 92.033 91.998 92.075 92.173 92.268 92.335 92.395 92.568 92.49 92.59 92.718 92.793 92.885 92.94 93.48 93.388 93.23 93.145 93.125 93.168 93.17 93.115 93.335 93.388 93.67 94.053 94.323 94.575 94.868 95.128 95.405 95.698 95.968 96.273 96.488 96.678 96.853 96.658 96.115 95.628 95.465 95.48 95.525 95.563 95.575 95.615 95.635 95.663 95.658 95.65 95.68 95.725 95.78 95.813 95.84 95.865 95.89
91.383 91.328 91.773 96.913 91.343 91.37 92.53 91.853 91.88 91.928 91.84 91.86 91.99 92.088 92.14 92.103 92.18 92.245 92.2 92.188 92.305 92.408 92.493 92.58 92.64 92.693 92.713 92.773 92.875 93.03 93.018 93.078 93.133 93.19 93.195 93.175 93.188 93.36 93.495 93.778 94.053 94.348 94.658 94.935 95.198 95.528 95.803 97.493 96.325 96.58 96.793 96.948 96.545 95.995 95.525 95.493 95.525 95.555 95.593 95.615 95.628 95.653 95.673 95.67 95.665 95.688 95.74 95.775 95.808 95.835 95.858 95.885
91.35 91.32 91.31 91.308 91.383 91.995 91.838 91.748 91.87 92.065 91.738 91.883 91.975 92.075 92.163 92.14 92.238 92.61 92.49 92.398 92.408 92.455 92.473 92.555 92.65 92.74 92.805 92.858 92.91 92.985 93.053 93.128 93.2 93.25 93.228 93.17 93.253 93.355 93.538 93.783 94.22 94.413 94.743 95.003 95.263 95.575 95.84 96.128 96.385 96.633 96.855 96.933 96.433 95.875 95.488 95.518 95.543 95.57 95.605 95.623 95.643 95.663 95.68 95.683 95.695 95.74 95.773 95.783 95.803 95.825 95.828 95.868
91.315 91.303 91.363 91.345 91.388 91.445 91.968 92.15 91.798 91.91 91.745 91.91 92.008 92.133 92.178 92.235 92.298 92.438 92.72 92.443 92.608 92.65 92.655 92.673 92.69 92.675 92.763 92.84 92.943 93.02 93.103 93.18 93.233 93.248 93.243 93.183 93.275 93.355 93.61 93.923 94.208 94.453 94.798 95.063 95.358 95.65 95.918 96.198 96.443 96.673 96.843 96.883 96.355 95.788 95.518 95.525 95.543 95.548 95.565 95.585 95.633 95.678 95.69 95.693 95.723 95.76 95.778 95.793 95.805 95.833 95.828 95.863
91.275 91.373 91.333 96.238 95.465 91.323 91.345 91.475 91.725 91.668 91.793 91.923 92.01 92.115 92.155 92.3 92.318 92.46 93.388 92.473 92.588 92.61 92.628 92.7 93.743 92.905 92.888 92.91 92.918 92.985 93.078 93.153 93.235 93.268 93.245 93.19 93.298 93.36 93.6 93.94 94.21 94.525 94.82 95.088 95.358 95.645 95.983 96.28 96.518 96.695 96.888 96.79 96.225 95.675 95.53 95.54 95.553 95.56 95.58 95.595 95.623 95.678 95.688 95.698 95.738 95.773 95.788 95.79 95.798 95.803 95.858 95.883
91.295 91.355 91.68 97.368 98.263 97.458 92.65 91.388 92.088 91.638 91.855 91.93 92.05 92.133 92.28 92.32 92.375 92.52 92.8 92.555 92.58 92.598 92.608 93.313 92.713 92.76 92.925 93.255 94.48 93.37 93.09 93.118 93.213 93.253 93.23 93.185 93.31 93.378 93.605 93.95 94.243 94.543 94.828 95.128 95.405 95.738 96.025 96.298 96.543 96.788 97.68 96.685 96.053 95.553 95.538 95.573 95.573 95.588 95.61 95.618 95.635 95.683 95.715 95.735 95.76 95.773 95.788 95.77 95.788 95.83 95.853 95.878
91.64 91.553 95.733 98.08 98.753 97.115 91.393 91.468 91.52 91.703 91.833 91.968 92.068 92.093 92.748 92.34 92.728 92.583 93.485 94.768 98.36 97.23 94.383 93.555 92.64 92.73 92.76 92.765 93.09 93.958 94.203 93.233 93.143 93.215 93.235 93.16 93.315 93.383 93.62 93.943 94.28 94.585 94.91 95.178 95.415 95.74 96.073 96.355 96.575 96.8 96.953 96.513 95.943 95.528 95.548 95.56 95.57 95.598 95.633 95.65 95.678 95.71 95.735 95.78 95.793 95.78 95.78 95.8 95.805 95.845 95.87 95.88
90.963 91.438 97.228 98.868 97.998 94.133 91.463 91.483 91.515 91.76 91.883 91.975 92.08 92.135 92.34 92.36 92.355 93.103 93.565 97.623 99.555 99.498 98.933 98.385 97.288 94.173 92.62 93.015 93.085 93.15 93.253 93.275 93.165 93.175 93.208 93.16 93.305 93.393 93.738 93.97 94.325 94.63 94.95 95.233 95.463 95.788 96.12 96.36 96.555 96.783 96.815 96.433 95.835 95.538 95.54 95.553 95.56 95.588 95.618 95.65 95.685 95.708 95.725 95.738 95.74 95.77 95.79 95.808 95.83 95.865 95.888 95.903
91.105 94.44 97.933 98.89 97.273 91.41 91.48 91.46 91.593 91.803 91.898 91.975 91.983 92.095 92.143 94.62 98.453 95.163 92.763 98.265 99.27 99.71 100.188 100.09 99.523 98.933 97.66 93.09 94.145 95.315 93.27 93.345 93.228 93.128 93.17 93.158 93.298 93.398 93.735 94.005 94.37 94.693 95.013 95.265 95.585 95.853 96.123 96.355 96.568 96.833 96.893 96.285 95.735 95.515 95.528 95.55 95.585 95.598 95.615 95.648 95.695 95.715 95.725 95.748 95.758 95.783 95.805 95.793 95.813 95.858 95.903 95.938
91.235 97.06 98.985 98.148 95.295 91.41 91.43 91.395 91.65 91.81 91.89 91.973 91.993 92.105 92.058 97.653 98.938 97.24 92.478 92.56 94.19 97.993 98.533 99.088 100.29 98.993 93.143 95.318 95.49 95.573 95.09 94.905 93.27 93.088 93.155 93.163 93.265 93.393 93.705 93.998 94.365 94.705 95.183 95.25 95.583 95.848 96.083 96.353 96.59 96.92 96.925 96.24 95.65 95.493 95.535 95.538 95.57 95.588 95.615 95.643 95.688 95.708 95.723 95.748 95.76 95.773 95.775 95.79 95.825 95.86 95.913 95.96
92.998 97.065 97.828 97.413 91.363 91.378 91.388 91.473 91.673 91.815 91.883 91.915 92.625 92.105 94.463 98.435 99.828 98.98 92.175 92.565 92.425 92.703 92.648 95.275 97.705 98.323 93.87 95.563 95.685 95.465 93.355 93.448 93.31 93.123 93.13 93.143 93.205 93.378 93.518 93.918 94.353 94.665 94.963 95.183 95.515 95.83 96.053 96.348 96.61 96.935 96.953 96.233 95.613 95.508 95.528 95.528 95.535 95.558 95.585 95.618 95.65 95.685 95.72 95.74 95.768 95.778 95.775 95.79 95.833 95.86 95.91 95.953
