dsm/se3231_DSM_2M.asc
ncols 500
nrows 500
xllcorner    432000
yllcorner    431000
cellsize     2
NODATA_value -9999
[rows 64 to 95 of 500, columns 288 to 359 of 500]
32.968 32.908 32.917 33.215 34.323 34.268 34.456 35.819 36.368 36.485 36.611 36.732 36.824 36.969 37.098 37.249 37.32 37.371 37.176 37.055 36.999 36.838 36.707 36.603 36.484 36.379 36.307 36.394 36.545 36.695 34.89 34.215 34.14 34.138 31.02 28.266 27.691 27.783 27.891 27.917 28.075 28.524 35.14 35.335 34.259 30.916 32.846 33.761 33.327 34.183 33.18 31.197 32.193 35.695 35.787 35.643 34.37 29.428 29.361 29.379 29.437 29.468 29.525 29.658 29.769 29.934 30.253 30.751 30.462 30.563 30.485 31.007
32.944 32.96 32.93 32.941 32.994 34.119 34.277 34.103 34.64 36.209 36.41 36.602 36.683 36.783 36.917 37.071 37.175 37.281 37.331 37.252 37.112 37.001 36.919 36.766 36.69 36.552 36.379 36.351 36.391 34.779 34.133 34.119 34.124 34.204 27.823 27.688 27.734 27.793 27.912 27.986 28.057 28.175 29.038 28.428 29.287 29.699 30.841 32.402 32.759 34.058 34.529 33.588 31.721 34.334 34.253 35.125 29.996 29.299 29.391 29.386 29.444 29.502 29.597 29.753 29.871 30.012 30.187 30.449 30.476 30.445 31.149 31.087
32.979 32.943 32.931 32.919 32.912 32.859 29.568 34.072 34.169 34.082 35.845 36.383 36.534 36.675 36.731 36.894 36.99 37.115 37.22 37.339 37.269 37.189 37.106 36.868 36.753 36.67 36.513 36.412 35.14 34.125 34.141 34.141 34.193 28.493 27.699 27.704 27.826 27.874 27.981 28.041 28.121 28.227 28.348 28.428 28.534 28.801 29.58 30.534 32.296 32.938 33.243 33.884 32.434 32.062 31.863 29.367 29.253 29.26 29.322 29.404 29.413 29.52 29.673 29.806 29.897 30.054 31.276 30.587 30.482 30.441 31.557 30.906
32.882 32.981 32.967 32.956 32.937 29.191 27.516 28.699 34.115 34.221 34.464 35.828 36.354 36.484 36.569 36.713 36.881 36.949 37.13 37.225 37.362 37.309 37.202 37.072 36.964 36.819 36.675 35.215 34.114 34.099 34.11 34.016 29.668 27.704 27.698 27.748 27.856 27.893 27.982 28.123 28.212 28.274 28.337 28.483 28.532 28.672 28.808 29.309 30.921 30.689 32.208 35.261 34.622 33.114 30.303 29.19 29.243 29.296 29.295 29.383 29.44 29.6 29.71 29.874 30.006 30.137 30.372 30.342 30.355 30.309 30.486 30.459
27.498 31.965 32.985 32.981 30.028 27.512 27.357 27.178 28.211 32.771 34.255 34.224 34.746 36.256 36.428 36.588 36.671 36.802 36.941 37.094 37.18 37.285 37.319 37.226 37.119 36.95 36.772 34.367 34.205 34.124 34.142 29.801 27.667 27.698 27.725 27.786 27.867 27.955 28.052 28.138 28.229 28.308 28.437 28.523 28.613 28.741 28.821 28.906 29.068 30.151 31.167 31.517 31.766 30.608 29.247 29.222 29.217 29.244 29.297 29.385 29.585 29.651 29.759 30.018 30.455 30.152 30.235 30.347 30.325 30.32 30.291 30.293
27.48 27.48 29.107 32.678 27.597 27.408 27.235 27.037 26.866 26.876 31.33 34.094 34.213 35.634 36.239 36.418 36.508 36.663 36.802 36.896 37.024 37.099 37.26 37.318 37.223 37.123 34.961 34.14 34.112 34.106 34.154 30.919 27.763 27.668 27.76 27.843 27.92 27.99 28.066 28.182 28.266 28.397 28.471 28.584 28.686 28.773 28.869 28.994 29.432 30.92 31.367 30.916 29.688 29.169 29.143 29.184 29.16 29.261 29.374 29.435 29.621 29.774 29.847 30.95 30.34 30.229 30.283 30.324 30.331 30.283 30.297 30.28
27.458 27.466 27.466 27.443 27.389 27.35 27.182 26.939 26.9 27.409 28.874 29.275 34.262 34.211 34.088 35.836 36.333 36.489 36.653 36.729 36.89 36.977 37.106 37.214 37.25 35.082 34.149 34.108 34.112 34.113 34.281 29.658 27.682 27.671 27.777 27.852 27.921 28.005 28.139 28.215 28.313 28.419 28.498 28.604 28.739 28.821 28.927 29.573 30.195 30.038 30.084 30.624 29.336 29.062 29.158 29.135 29.226 29.245 29.412 29.841 35.841 33.654 32.198 30.844 30.208 30.298 30.321 30.309 30.309 30.272 30.306 30.255
27.439 27.442 27.406 27.389 27.299 27.235 27.095 27.015 26.966 26.878 27.031 31.292 30.346 33.066 34.191 34.129 35.837 36.367 36.473 36.615 36.712 36.827 36.933 37.019 34.884 34.159 34.094 34.089 34.124 34.181 29.75 27.696 27.707 27.759 27.822 27.911 27.996 28.063 28.17 28.26 28.342 28.399 28.52 28.64 28.747 28.832 29.003 30.414 34.198 34.146 30.377 29.758 29.016 29.077 29.14 29.126 29.192 29.36 29.654 35.823 38.607 37.571 34.152 30.384 30.39 30.314 30.308 30.315 30.303 30.266 30.232 30.212
27.366 27.4 27.398 27.349 27.264 27.151 27.129 27.06 26.986 29.365 31.504 29.007 27.837 27.301 32.663 34.319 34.157 35.81 36.297 36.428 36.574 36.661 36.786 36.873 34.098 34.128 34.093 34.133 34.368 30.802 27.748 27.676 27.742 27.81 27.902 27.944 28.019 28.111 28.218 28.317 28.402 28.425 28.572 28.65 28.767 28.897 29.964 33.024 35.268 34.654 29.847 28.955 28.996 29.058 29.088 29.151 29.221 29.386 29.715 34.017 38.144 34.832 34.914 32.068 30.492 30.32 30.278 30.313 30.319 30.216 30.217 30.201
27.372 27.333 27.347 27.295 27.251 27.206 27.155 27.106 27.141 31.037 31.486 29.353 27.095 27.039 28.22 28.991 32.864 34.213 34.123 35.722 36.393 36.501 36.573 34.451 34.051 34.1 34.077 34.19 28.434 27.753 27.7 27.735 27.779 27.836 27.925 28.013 28.066 28.135 28.227 28.331 28.4 28.488 28.629 28.685 28.808 29.02 31.594 34.497 34.446 32.654 29.555 28.953 28.982 29.113 29.077 29.153 29.242 31.281 34.156 35.883 34.339 36.258 32.18 33.01 31.168 30.29 30.217 30.266 30.295 30.254 30.202 30.172
27.341 27.368 27.357 27.298 27.234 27.227 27.193 27.147 27.206 31.358 27.542 27.197 26.885 28.671 28.391 27.131 28.527 32.91 30.857 28.003 32.287 36.257 33.096 33.586 34.098 34.103 34.16 28.447 27.693 27.718 27.712 27.781 27.828 27.905 27.971 28.042 28.102 28.158 28.253 28.382 28.481 28.566 28.636 28.751 29.077 30.387 31.191 33.268 34.384 30.036 28.972 28.97 28.966 29.035 29.081 29.32 34.12 36.317 35.989 35.015 31.822 31.337 30.112 30.736 30.158 30.195 30.25 30.226 30.275 30.259 30.222 30.18
27.359 27.336 27.34 27.295 27.29 27.292 27.251 27.211 27.185 27.142 27.098 27.049 28.742 27.108 27.163 27.318 27.537 27.704 30.651 28.283 28.226 31.697 30.854 28.276 33.054 34.043 29.591 27.654 27.673 27.716 27.801 27.804 27.88 27.942 28.002 28.062 28.135 28.227 28.297 28.389 28.501 28.592 28.675 28.834 29.406 29.707 29.796 30.342 29.296 28.873 28.892 28.998 29.018 28.987 29.098 32.608 38.165 34.037 39.251 38.735 30.105 30.088 30.081 30.107 30.165 30.193 30.209 31.043 30.533 30.273 30.275 30.232
28.482 27.341 27.316 27.307 27.312 27.317 27.308 27.302 27.257 27.206 27.186 27.148 27.414 27.163 27.217 27.4 27.534 29.922 30.27 30.219 30.475 30.62 28.325 28.717 28.526 28.465 27.629 27.676 27.717 27.781 27.819 27.879 27.917 27.97 28.045 28.143 28.187 28.235 28.328 28.423 28.532 28.634 28.763 30.664 31.246 29.89 29.705 29.125 28.879 28.836 28.924 28.948 29.018 29.03 29.23 36.672 39.73 40.57 40.762 36.45 32.617 30.032 30.039 30.066 30.127 30.193 30.258 31.211 30.662 30.34 30.304 30.286
29.884 27.293 27.306 27.32 27.333 27.376 27.348 27.311 27.281 27.244 27.231 27.181 27.191 27.249 27.382 27.497 28.972 30.29 28.869 30.48 30.57 28.05 27.769 27.91 27.91 27.719 27.684 27.738 27.76 27.792 27.822 27.928 27.964 28.019 28.09 28.118 28.213 28.29 28.339 28.421 28.563 28.642 29.17 34.018 35.332 33.529 29.267 28.858 28.801 28.88 28.922 28.995 29.028 29.019 29.105 36.012 38.929 39.451 39.328 36.798 33.258 30.177 29.998 30.074 30.091 30.177 30.233 30.502 30.351 30.338 30.345 30.37
29.965 27.916 27.321 27.327 27.37 27.349 27.411 27.368 27.387 27.342 27.271 27.263 27.254 27.314 27.36 27.408 29.701 30.18 29.259 30.625 28.55 27.777 27.751 27.766 27.755 27.738 27.769 27.78 27.789 27.845 27.903 27.927 28.017 28.062 28.169 28.191 28.247 28.307 28.392 28.48 28.599 28.769 32.887 35.687 35.96 32.914 28.926 28.783 28.799 28.9 28.933 28.97 29.031 29.041 29.042 29.922 35.043 36.708 38.909 32.158 29.911 29.886 29.932 29.98 30.039 30.139 30.247 30.297 30.338 30.323 30.378 30.423
29.322 28.924 27.542 27.331 27.385 27.38 27.394 27.408 27.407 27.398 27.344 27.351 27.35 27.381 27.408 27.474 27.507 28.265 30.568 28.523 27.754 27.804 27.795 27.834 27.807 27.783 27.806 27.817 27.874 27.921 27.965 28.001 28.053 28.087 28.165 28.241 28.26 28.358 28.385 28.48 28.624 29.869 34.176 36.112 35.81 30.069 28.795 28.833 28.873 28.893 28.913 28.919 28.965 29.022 29.066 29.149 29.286 31.166 31.664 30.128 29.756 29.83 29.908 29.933 30.061 30.132 30.17 30.24 30.34 30.506 30.427 30.44
29.817 29.734 29.956 29.647 27.416 27.394 27.422 27.439 27.457 27.516 27.423 27.397 27.37 27.443 27.43 27.486 27.599 27.63 28.223 27.741 27.827 27.847 27.847 27.817 27.873 27.847 27.866 27.867 27.892 27.928 28.014 28.037 28.055 28.112 28.195 28.283 28.306 28.389 28.46 28.542 29.21 29.537 31.842 30.744 30.054 28.731 28.785 28.804 28.835 28.926 28.905 28.926 28.964 29.015 29.05 29.092 29.328 30.17 30.301 29.827 29.745 29.803 29.847 29.959 30.034 30.102 30.189 30.265 31.007 31.153 30.509 30.487
27.71 28.538 30.217 30.631 27.522 27.431 27.451 27.559 30.689 31.072 27.613 27.461 27.443 27.477 27.483 27.587 27.628 27.67 27.809 28.556 27.825 27.863 27.888 27.888 27.88 27.871 27.903 27.937 27.925 27.947 28.014 28.075 28.111 28.22 28.236 28.282 28.38 28.398 28.471 28.694 29.005 29.173 28.782 29.204 28.675 28.711 28.745 28.851 28.884 28.887 28.92 28.975 28.983 29.006 29.011 29.067 29.149 30.116 29.874 29.624 30.808 30.267 29.786 29.852 29.929 30.026 30.114 30.165 30.839 30.523 30.912 30.551
27.553 27.742 29.834 30.377 28.491 27.483 27.508 27.49 28.813 31.85 31.548 29.269 27.546 27.524 27.586 27.592 27.654 27.735 27.781 27.826 27.885 27.9 27.931 27.916 27.922 27.923 27.968 27.975 28.01 28.015 28.034 28.059 28.142 28.207 28.239 28.303 28.38 28.444 29.524 29.365 29.634 29.066 28.572 28.62 28.691 28.702 28.817 28.864 28.879 28.882 28.903 28.966 28.952 29.005 29.012 29.076 29.078 29.232 30.313 30.185 30.012 29.666 29.7 29.832 29.898 29.933 30.076 30.145 30.274 30.555 30.397 30.463
27.392 27.609 28.042 27.896 29.897 28.358 29.134 27.533 27.503 28.318 31.108 32.032 28.476 27.653 27.575 27.633 27.71 27.755 27.839 27.851 27.939 27.96 27.956 27.943 27.977 27.956 28.004 28.041 28.017 28.034 28.053 28.083 28.163 28.279 28.274 28.327 28.413 28.778 28.526 29.201 28.766 28.553 28.582 28.624 28.689 28.75 28.816 28.83 28.93 28.954 28.986 28.95 28.975 29.039 29.046 29.038 29.097 29.107 29.179 30.156 30.383 29.718 29.68 29.762 29.802 29.874 29.99 30.1 30.185 30.277 30.367 30.407
26.781 27.446 28.412 28.129 28.26 29.559 30.166 29.418 27.63 27.534 27.523 31.149 31.994 28.998 27.666 27.683 27.693 27.791 27.859 27.9 27.903 27.947 27.945 27.945 27.969 28.016 27.983 28.036 28.054 28.071 28.083 28.124 28.179 28.222 28.272 28.344 28.461 28.477 28.516 28.486 28.443 28.516 28.643 28.635 28.676 28.776 28.896 29.032 30.104 29.22 29.137 29.198 29.07 29.075 29.064 29.091 29.076 29.115 29.117 29.18 29.468 30.473 30.151 29.695 29.758 29.962 29.985 30.018 30.134 30.187 30.278 30.355
26.912 26.765 27.227 28.012 28.28 27.848 28.698 30.187 30.27 27.649 27.559 27.55 28.479 31.998 28.496 27.684 27.733 27.791 27.86 27.894 27.911 27.936 27.965 27.997 28.018 28.019 28.038 28.067 28.052 28.049 28.103 28.116 28.195 28.213 28.3 28.353 28.602 28.48 28.46 28.401 28.476 28.563 28.64 28.686 28.781 28.837 29.319 30.566 28.865 28.893 29 29.621 29.272 29.259 29.151 29.107 29.097 29.092 29.142 29.149 29.17 29.375 30.467 30.254 30.14 30.806 29.978 30.242 30.088 30.162 30.184 30.311
26.921 26.872 26.833 26.808 26.848 27.404 30.407 30.527 30.615 30.568 28.203 27.602 27.578 28.438 27.722 27.72 27.766 27.803 27.875 27.904 27.92 27.942 27.977 27.99 27.98 28.021 28.047 28.064 28.084 28.078 28.102 28.138 28.158 28.213 28.368 28.478 28.413 28.328 28.331 28.434 28.521 28.611 28.657 28.76 28.859 29.19 29.078 30.431 28.638 28.541 28.66 28.705 29.123 29.389 30.376 29.279 29.125 29.147 29.151 29.151 29.171 29.179 29.265 29.68 30.37 29.943 30.78 30.03 29.999 30.069 30.135 30.213
26.926 26.873 26.859 26.811 26.808 27.627 30.208 31.015 31.384 30.916 30.366 28.203 27.646 27.679 27.669 27.72 27.777 27.828 27.84 27.88 27.891 27.991 27.991 27.999 27.997 28.048 28.041 28.09 28.091 28.126 28.087 28.139 28.166 28.3 28.516 28.977 28.462 28.363 28.407 28.487 28.53 28.627 28.728 28.905 29.075 28.534 29.233 30.136 28.911 28.512 28.553 29.338 29.07 29.651 29.382 31.173 29.978 29.172 29.133 29.18 29.201 29.201 29.218 29.317 29.59 30.302 29.918 29.83 30.544 30.009 30.049 30.09
26.879 26.852 26.833 26.84 26.798 26.779 27.378 28.132 30.871 31.366 28.929 28.549 27.83 29.044 27.726 28.774 27.806 27.784 27.837 27.88 27.879 27.915 27.966 27.991 28.009 28.02 28.067 28.065 28.084 28.122 28.111 28.296 28.58 29.822 28.982 28.451 28.339 29.005 28.49 28.538 28.631 28.742 28.845 28.946 28.453 28.395 28.614 28.647 28.533 28.408 28.41 29.234 30.059 30.063 29.582 29.454 29.558 29.915 29.227 29.166 29.174 29.237 29.265 29.262 29.305 29.563 30.246 30.657 30.242 29.917 29.995 30.073
26.874 26.849 26.793 26.813 26.815 26.781 26.722 27.168 28.38 28.203 30.798 32.432 29.369 28.479 27.799 29.166 29.485 28.326 27.817 27.884 27.865 27.874 27.962 27.969 28.011 28.038 28.02 28.078 28.09 28.091 28.214 28.375 29.913 30.142 28.65 28.342 28.366 28.447 28.507 28.575 28.696 28.799 28.924 31.099 30.585 29.04 28.363 28.292 28.293 28.338 28.333 28.382 28.779 29.093 28.635 28.541 30.272 31.785 30.451 29.302 29.168 29.217 29.257 29.292 29.207 29.272 29.446 30.292 30.27 29.869 29.914 30.05
26.773 26.8 26.766 26.761 26.782 26.776 26.787 26.718 26.832 27.177 29.829 32.218 31.012 30.019 28.398 28.965 29.907 29.623 27.775 27.815 27.828 27.87 27.936 27.955 28.014 28.025 28.048 28.046 28.099 28.187 29.103 29.787 29.041 28.275 28.309 28.45 28.522 28.484 28.566 28.655 29.776 28.583 28.101 29.27 31.914 31.448 31.463 29.32 28.929 28.199 28.238 28.247 28.319 28.356 28.413 28.438 29.344 29.617 29.382 30.538 29.317 29.189 29.246 29.252 29.302 29.216 29.261 29.382 30.117 30.47 30.158 30.008
26.815 26.75 26.713 26.752 26.732 26.731 26.736 26.756 26.746 26.913 27.035 28.046 30.406 30.306 31.609 28.053 29.305 30.014 28.297 28.236 27.85 27.872 27.929 27.967 28.031 27.996 28.034 28.125 28.229 30.338 30.301 28.941 28.209 28.274 28.384 28.413 28.445 28.584 28.699 28.597 28.809 28.046 28 28.018 28.019 29.045 31.179 31.94 31.599 28.943 28.201 28.161 28.213 28.303 28.334 28.399 28.466 29.438 29.068 29.223 29.628 29.338 29.2 29.254 29.265 29.3 29.314 29.334 29.416 29.899 31.358 30.676
26.724 26.725 26.713 26.696 26.743 26.723 27.817 26.817 27.707 26.849 26.815 26.923 27.497 28.191 32.109 29 30.644 28.173 28.922 29.65 28.318 27.871 27.896 27.915 27.965 27.98 28.121 29.142 29.581 29.295 28.342 28.161 28.208 28.261 28.382 28.407 28.502 28.6 28.394 28.316 31.422 30.958 28.766 28.378 27.97 27.978 27.947 28.577 31.152 31.845 31.54 28.176 28.191 28.274 28.33 28.346 28.403 28.763 29.568 28.681 29.122 29.503 29.051 29.221 29.24 29.295 29.323 29.358 29.352 29.414 29.587 30.795
26.727 26.66 26.66 26.659 26.678 26.653 26.693 26.812 27.015 26.785 26.745 26.827 27.18 27.99 28.477 31.28 32.554 28.923 27.925 29.62 30.005 29.294 27.957 27.905 28.005 28.146 29.448 30.082 29.173 28.771 28.001 28.134 28.258 28.273 28.367 28.442 28.564 29.95 28.166 29.722 30.465 31.718 31.785 31.819 31.15 31.081 28.68 27.865 27.82 27.951 28.326 28.051 28.129 28.189 28.25 28.303 28.362 28.402 28.462 28.522 28.61 28.706 28.853 29.035 29.185 29.277 29.286 29.303 29.336 29.397 29.391 29.861
26.633 26.61 26.628 26.622 26.617 26.649 26.699 26.804 26.964 26.94 26.698 26.741 26.729 26.9 27.411 27.801 31.085 32.227 28.876 27.939 29.433 30.048 29.684 28.031 28.774 29.506 30.159 28.804 28.025 27.927 27.973 28.067 28.19 28.265 28.378 28.464 30.201 28.272 29.793 31.639 31.619 31.271 31.254 30.314 31.333 31.76 31.672 30.754 28.554 27.864 27.899 27.996 28.084 28.179 28.176 28.23 28.287 28.337 28.421 28.513 28.556 28.651 28.741 28.844 29.002 29.166 29.248 29.323 29.356 29.345 29.389 29.421
26.668 26.652 26.573 26.541 26.55 26.558 26.752 26.853 26.794 26.772 26.663 26.714 26.655 26.928 27.241 27.788 28.461 28.231 29.096 28.306 27.991 28.455 28.211 28.741 28.278 29.262 28.348 27.878 27.879 27.916 28.056 28.055 28.121 28.298 28.423 28.318 28.009 27.855 27.776 27.745 28.013 28.871 31.519 31.546 31.194 28.75 28.332 28.649 28.054 27.783 27.866 27.964 28.025 28.111 28.092 28.179 28.214 28.319 28.373 28.398 28.502 28.571 28.646 28.722 30.219 29.257 29.397 29.312 29.333 29.349 29.318 29.403
