dsm/se3232_DSM_2M.asc
ncols 500
nrows 500
xllcorner    432000
yllcorner    432000
cellsize     2
NODATA_value -9999
[rows 288 to 319 of 500, columns 72 to 143 of 500]
34.121 33.397 32.75 32.778 32.861 32.959 32.975 33.046 33.175 33.175 34.455 34.528 33.795 34.086 33.975 34.028 33.966 33.716 33.702 33.735 33.854 34.004 34.055 34.093 34.031 34.25 35.428 33.96 38.187 38.415 38.518 38.64 38.72 38.779 38.716 38.481 34.488 34.128 34.156 33.917 36.672 37.815 37.674 37.584 37.483 37.384 36.828 32.655 32.321 32.776 33.044 33.238 33.207 33.112 32.899 32.902 32.86 32.778 32.688 32.611 32.697 33.264 34.356 33.137 32.882 32.891 32.85 32.838 32.823 32.818 32.821 32.814
33.07 32.676 32.675 32.667 32.718 32.842 32.918 32.938 33.035 33.168 34.011 34.311 34.397 34.645 34.148 34.025 34.04 33.949 33.708 33.726 33.774 33.793 33.868 34.057 34.038 33.97 33.917 33.887 33.872 35.279 38.277 38.524 38.578 38.678 38.8 35.43 34.05 34.09 34.069 35.884 38.037 37.942 37.753 37.685 37.672 37.482 37.376 37.523 35.712 32.233 32.581 32.71 33.124 33.194 33.012 32.821 32.756 32.718 32.667 32.572 32.54 32.534 32.652 33.168 32.794 32.817 32.769 32.792 32.776 32.788 32.761 32.773
35.626 33.834 33.28 32.581 32.652 32.755 32.761 32.839 32.958 32.949 33.06 33.404 33.599 33.594 33.455 33.921 34.004 34.064 33.873 33.74 33.764 33.823 33.814 33.856 34.226 33.861 33.897 33.878 33.863 33.883 35.394 38.335 38.465 38.546 36.163 33.985 35.29 33.946 33.642 37.449 38.093 38.054 37.952 37.797 37.716 37.676 37.527 37.433 37.341 35.625 32.222 32.419 32.694 33.011 33.108 32.922 32.876 32.636 32.591 32.567 32.502 32.414 32.389 32.468 32.998 32.717 32.735 32.707 32.73 32.763 32.722 32.721
36.251 36.414 35.711 33.029 32.62 32.593 32.649 35.071 36.123 32.992 32.882 33.034 33.129 33.137 33.313 33.354 33.629 33.901 33.924 33.848 33.819 33.804 33.809 33.816 33.814 33.817 33.843 33.862 33.884 33.883 33.939 34.807 38.15 38.373 34.052 33.988 34.016 36.156 37.325 37.846 37.893 38.054 38.044 37.988 37.868 37.736 37.656 37.632 37.439 37.348 35.231 33.172 32.208 32.459 32.954 33.092 32.864 32.646 32.571 32.511 32.487 32.438 32.475 32.309 32.385 32.93 32.673 34.504 33.286 32.672 32.666 32.647
36.358 36.533 36.697 36.013 32.736 32.561 32.646 34.201 36.368 36.5 32.969 32.997 32.955 32.958 33.146 33.098 34.518 35.086 33.813 33.782 33.895 33.951 33.891 33.795 33.788 33.79 33.827 33.845 33.894 33.888 33.925 33.921 34.015 34.403 33.897 33.91 33.764 37.258 37.566 37.666 37.833 37.911 38.013 38.064 37.996 37.97 37.76 37.697 37.584 37.469 37.381 36.297 33.198 32.322 32.536 32.835 33 32.89 32.613 32.428 32.43 32.419 32.383 32.319 32.227 32.337 32.458 35.08 32.614 32.6 32.553 32.557
36.482 36.623 36.632 36.496 36.375 34.95 33.141 32.579 33.293 36.393 35.95 34.326 32.862 32.903 32.893 33.091 33.843 34.495 33.797 33.659 33.845 33.915 33.877 33.894 33.778 33.787 33.803 33.88 33.847 33.908 33.892 33.854 33.829 33.871 33.915 33.88 36.19 37.367 37.456 37.559 37.717 37.753 37.882 37.949 38.081 38.068 37.928 37.836 37.707 37.619 37.503 37.416 36.578 33.776 32.207 32.469 32.708 32.923 32.804 32.587 32.457 32.331 32.312 32.26 32.223 32.185 32.185 32.404 33.083 32.95 33.744 32.59
36.603 36.677 36.528 36.377 36.23 36.117 35.945 32.659 32.531 32.682 36.229 35.726 32.777 32.758 32.764 33.071 34.141 33.783 34.204 33.892 33.409 33.816 33.946 33.899 33.784 33.727 33.844 33.802 33.821 33.854 33.853 33.83 33.84 34.029 33.753 34.258 37.353 37.123 37.23 37.414 37.492 37.607 37.7 37.848 37.936 38.021 38.024 37.951 37.802 37.762 37.605 37.525 37.454 37.34 36.705 32.351 32.234 32.606 32.75 32.687 32.533 32.327 32.231 32.187 32.153 32.157 32.142 32.11 32.164 32.271 32.536 32.288
36.678 36.555 36.4 36.261 36.12 36.199 36.362 33.734 33.235 32.477 32.56 32.571 32.672 32.622 33.151 33.527 34.106 33.123 34.482 33.63 34.041 33.869 33.736 33.825 33.821 33.873 34.289 33.82 33.799 33.796 33.805 33.832 34.043 34.274 33.43 36.988 37.522 37.396 37.355 37.282 37.384 37.511 37.644 37.718 37.802 37.89 38.034 38.055 37.994 37.902 37.75 37.66 37.549 37.469 37.428 37.15 32.286 32.272 32.521 32.725 32.621 32.418 32.254 32.131 32.086 32.084 32.073 32.104 32.072 32.133 32.135 32.122
36.65 36.41 36.262 36.105 36.151 36.332 36.481 36.63 35.88 33.03 32.487 32.529 32.543 32.609 32.608 32.904 33.008 33.939 33.61 33.149 33.07 33.655 34.318 34.1 33.877 34.001 33.919 33.759 33.74 33.734 33.739 33.923 34.064 33.42 36.446 37.735 37.609 37.493 37.424 37.286 37.107 37.411 37.49 37.544 37.696 37.801 37.879 38.006 38.073 38.011 37.894 37.798 37.794 37.613 37.518 37.369 37.497 36.385 32.229 32.431 32.542 32.561 32.349 32.213 32.106 31.981 32.048 32.055 32.035 32.055 32.038 32.045
36.499 36.311 36.141 36.106 36.333 36.45 36.609 36.693 36.521 36.084 33.288 33.07 32.477 32.576 32.632 32.663 32.66 33.139 33.909 33.191 32.883 34.178 34.776 36.076 35.28 34.246 33.954 33.946 33.754 33.676 33.878 34.015 33.243 35.844 38.001 37.894 37.785 37.666 37.563 37.441 37.348 37.089 37.297 37.45 37.543 37.629 37.743 37.888 37.925 38.048 38.049 37.943 37.813 37.74 37.651 37.522 37.385 37.414 35.868 32.247 32.295 32.403 32.484 32.384 32.11 31.986 31.967 32.012 32.015 31.988 32.022 32.05
36.353 36.172 36.171 36.23 36.416 36.631 36.67 36.548 36.361 36.212 36.013 35.12 32.543 32.484 32.54 32.616 32.653 32.567 32.938 32.751 32.777 32.996 33.772 34.285 34.717 34.515 34.155 34.028 33.926 33.988 34.156 33.412 35.698 38.066 38.063 37.999 37.913 37.776 37.646 37.599 37.518 37.375 37.136 37.303 37.424 37.529 37.647 37.73 37.842 37.893 38.034 38.093 37.975 37.846 37.763 37.639 37.522 37.459 37.313 33.711 34.45 32.185 32.317 32.432 32.356 32.031 31.943 31.892 31.939 31.989 31.997 31.97
36.225 36.084 36.218 36.414 36.514 36.677 36.62 36.424 36.295 36.064 36.172 36.316 35.883 32.641 32.456 32.537 32.602 32.608 32.871 32.588 32.635 32.686 32.784 33.013 34.239 34.436 34.513 34.207 34.023 34.024 33.741 35.761 37.844 37.874 37.971 38.079 38.034 37.919 37.817 37.72 37.625 37.522 37.415 37.299 37.295 37.381 37.481 37.582 37.674 37.796 37.93 38.013 38.096 38.015 37.886 37.798 37.691 37.565 37.543 37.495 36.926 33.372 32.019 32.21 32.205 32.116 31.972 31.9 31.923 31.947 31.948 31.982
36.12 36.173 36.319 36.484 36.692 36.597 36.471 36.301 36.112 36.173 36.322 36.453 36.633 36.665 34.937 32.477 32.57 33.047 32.595 32.609 32.586 32.616 32.657 32.706 32.775 33.626 34.359 34.38 34.753 33.843 33.055 37.131 37.642 37.743 37.828 37.93 38.03 38.011 37.891 37.845 37.725 37.625 37.584 37.471 37.255 37.2 37.319 37.47 37.615 37.746 37.774 37.864 37.993 38.023 38.018 37.9 37.817 37.709 37.71 37.619 37.527 37.381 33.905 33.203 32.21 32.033 31.971 31.831 31.869 31.913 31.928 31.947
35.362 36.268 36.418 36.638 36.649 36.525 36.327 36.175 36.036 36.261 36.42 36.639 36.664 36.543 36.248 35.071 32.555 32.484 32.481 32.518 32.519 32.545 32.564 32.598 32.619 32.711 33.233 33.77 33.927 34.617 36.212 37.442 37.48 37.603 37.701 37.813 37.837 37.992 38.095 37.993 37.867 37.736 37.64 37.594 37.479 37.357 37.127 37.266 37.422 37.501 37.61 37.726 37.815 37.924 38.012 38.05 38.012 38.009 37.849 37.765 37.641 37.551 37.758 32.626 32.114 31.968 31.919 31.833 31.84 31.916 31.887 31.933
31.988 35.413 36.479 36.668 36.548 36.377 36.205 36.098 36.227 36.303 36.519 36.691 36.569 36.379 36.239 35.988 35.534 33.215 32.579 32.429 32.434 32.456 32.484 32.542 32.531 32.534 32.554 32.707 34.646 35.372 34.057 37.279 37.4 37.456 37.563 37.614 37.734 37.873 38.002 38.082 37.975 37.892 37.85 37.697 37.599 37.517 37.395 37.233 37.27 37.377 37.513 37.591 37.692 37.795 37.924 38.025 38.215 38.107 38.021 37.85 37.775 37.698 33.729 32.095 31.929 31.852 31.851 31.822 31.83 31.828 31.884 31.876
31.86 31.986 32.87 35.682 36.416 36.247 36.044 36.177 36.348 36.47 36.682 36.566 36.435 36.277 35.971 36.131 36.263 36.37 33.427 32.605 32.386 32.392 32.427 32.425 32.425 32.421 32.442 32.491 32.593 32.168 31.8 33.072 36.764 37.239 37.4 37.544 37.599 37.738 37.849 37.951 38.031 38.018 37.942 37.857 37.705 37.6 37.523 37.415 37.28 37.326 37.355 37.474 37.538 37.645 37.761 37.936 38.093 38.219 38.136 38.007 37.718 33.882 32.057 31.942 31.844 31.811 31.826 31.751 31.797 31.781 31.83 31.83
31.897 31.969 32.251 33.045 35.477 36.029 36.099 36.276 36.428 36.576 36.641 36.456 36.292 36.144 35.991 36.267 36.456 36.602 36.68 33.865 33.133 32.293 32.307 32.375 32.409 32.397 32.414 32.501 32.199 31.817 31.798 31.787 32.988 35.547 37.175 37.389 37.494 37.628 37.708 37.862 37.921 38.036 38.049 37.969 37.809 37.768 37.666 37.53 37.463 37.307 37.155 37.267 37.437 37.578 37.673 37.864 37.981 38.077 38.207 38.188 37.699 32.704 31.992 31.818 31.77 31.771 31.701 31.748 31.759 31.763 31.774 31.808
31.932 32.041 33.328 32.207 32.231 35.822 36.26 36.454 36.594 36.678 36.524 36.329 36.202 36.022 36.243 36.393 36.543 36.771 36.527 36.42 35.56 33.029 32.24 32.275 32.346 32.344 32.39 32.674 31.791 31.743 31.724 31.757 31.91 31.999 33.116 36.113 37.352 37.494 37.585 37.644 37.761 37.86 38.014 38.089 38.014 37.911 37.759 37.693 37.565 37.447 37.378 37.277 37.189 37.447 37.6 37.736 37.836 37.945 38.055 38.134 32.755 31.933 31.784 31.671 31.646 31.645 31.707 31.682 31.725 31.732 31.76 31.812
31.945 32.062 32.246 32.108 32.168 32.179 33.348 36.462 36.699 36.574 36.388 36.208 36.025 36.126 36.348 36.519 36.667 36.569 36.42 36.259 36.074 32.332 32.24 32.229 32.245 32.4 32.238 31.81 31.668 31.643 31.7 31.744 31.874 32.034 32.219 33.123 37.102 37.406 37.418 37.591 37.602 37.74 37.835 37.995 38.079 38.024 37.905 37.834 37.707 37.665 37.546 37.447 37.362 37.278 37.506 37.597 37.726 37.772 37.811 32.619 31.883 31.764 31.734 31.6 31.57 31.633 31.64 31.698 31.709 31.703 31.727 31.885
31.925 31.98 32.02 32.08 32.137 32.201 34.833 35.434 36.291 36.426 36.246 36.024 36.099 36.299 36.497 36.628 36.658 36.485 36.291 36.052 32.708 32.289 32.238 32.189 32.328 33.792 33.47 31.673 31.673 31.66 31.665 31.734 31.814 31.905 32.146 32.238 32.095 33.59 37.267 37.396 37.52 37.604 37.753 37.818 37.942 38.036 38.047 37.962 37.85 37.721 37.627 37.559 37.543 37.378 37.208 37.437 37.578 37.611 33.73 31.937 31.754 31.686 31.608 31.566 31.596 31.673 31.653 31.674 31.658 31.674 31.715 31.864
31.821 31.923 31.969 32.022 32.093 34.206 35.065 35.155 35.165 35.886 36.159 36.111 36.266 36.44 36.623 36.649 36.526 36.361 36.202 33.385 32.224 32.179 32.176 32.221 32.826 32.083 31.79 31.659 31.603 31.579 31.663 31.75 31.955 32.566 32.393 32.265 31.927 34.372 33.965 37.125 37.388 37.468 37.556 37.742 37.829 37.894 37.994 38.088 37.957 37.859 37.777 37.729 37.655 37.55 37.473 37.424 37.435 36.215 32.049 31.782 31.639 31.569 31.52 31.509 31.558 31.593 31.618 31.59 31.607 31.615 31.652 31.727
31.684 31.778 31.875 31.952 32.01 32.054 32.159 34.524 35.209 35.181 35.335 36.059 36.362 36.577 36.672 36.571 36.405 36.247 34.124 32.206 32.193 32.165 32.567 32.252 31.777 31.637 31.573 31.592 31.584 31.616 31.653 31.876 32.283 32.574 32.573 32.377 33.265 34.238 31.87 34.405 37.696 37.326 37.51 37.543 37.665 37.746 37.859 38.007 38.096 37.976 37.956 37.933 37.816 37.711 37.615 37.495 35.738 32.562 31.834 31.57 31.568 31.421 31.456 31.484 31.536 31.582 31.599 31.576 31.575 31.572 31.583 31.715
31.618 31.631 31.756 31.795 31.943 31.987 32.04 32.087 34.51 35.047 35.143 35.389 36.497 36.719 36.602 36.45 36.256 35.878 32.578 32.148 32.214 32.996 33.017 31.984 31.6 31.543 31.565 31.529 31.527 31.589 31.709 31.752 32.167 32.135 32.168 33.274 34.24 32.441 31.734 31.751 31.843 36.233 37.384 37.45 37.566 37.643 37.755 37.835 37.965 38.058 38.171 38.015 37.94 37.812 37.729 37.775 32.559 31.825 31.585 31.464 31.398 31.378 31.436 31.493 31.545 31.563 31.554 31.499 31.578 31.564 31.595 31.684
31.555 31.519 31.636 31.663 31.741 31.86 31.958 32.013 32.082 32.745 34.966 35.183 35.411 36.316 36.449 36.341 36.078 32.562 32.114 32.137 35.794 41.625 34.28 31.613 31.478 31.504 31.505 31.467 31.541 31.592 31.626 31.719 31.95 31.897 32.023 31.74 31.949 31.772 31.696 31.776 31.86 33.616 37.302 37.462 37.385 37.521 37.609 37.679 37.834 38.025 38.104 38.161 38.082 37.98 37.774 32.047 31.838 31.555 31.462 31.35 31.32 31.39 31.426 31.473 31.448 31.474 31.493 31.515 31.515 31.485 31.563 31.579
31.632 31.518 31.472 31.555 31.619 31.739 31.823 31.907 31.969 32.019 33.429 35.089 35.152 35.132 35.988 36.153 33.265 32.096 32.114 32.279 41.21 42.049 36.349 31.771 31.457 31.437 31.45 31.497 31.517 31.618 31.623 31.681 31.747 31.78 31.715 31.725 31.667 31.645 31.689 31.782 31.835 32.226 33.896 33.116 37.114 37.36 37.446 37.544 37.766 37.902 37.986 38.113 38.228 38.133 38.113 32.516 31.64 31.411 31.274 31.31 31.285 31.355 31.422 31.392 31.381 31.408 31.396 31.443 31.499 31.534 31.523 31.542
31.584 31.561 31.528 31.445 31.472 31.552 31.687 31.76 31.859 31.934 32.065 32.856 35.034 35.055 33.579 32.135 32.089 32.085 32.234 32.736 40.199 34.275 32.512 31.386 31.407 31.421 31.415 31.489 31.538 31.611 31.639 31.659 31.666 31.635 31.642 31.656 31.622 31.624 31.666 31.696 31.658 31.713 31.809 31.803 32.959 37.268 37.338 37.509 37.639 37.762 37.885 38.008 38.11 36.246 33.166 32.478 31.446 31.246 31.247 31.227 31.254 31.374 31.363 31.366 31.325 31.376 31.41 31.441 31.491 31.455 31.507 31.48
31.491 31.461 31.496 31.478 31.455 31.454 31.474 31.547 31.713 31.814 31.921 32.01 32.107 32.876 32.063 32.074 32.293 36.464 39.49 32.585 34.52 31.818 31.406 31.388 31.365 31.428 31.434 31.51 31.568 31.613 31.612 31.642 31.668 31.642 31.634 31.624 31.59 31.613 31.635 32.266 32.753 31.906 31.779 31.738 31.777 31.796 36.061 37.558 37.521 37.596 37.708 37.821 38.073 33.128 31.905 31.462 31.309 31.198 31.189 31.219 31.29 31.316 31.302 31.292 31.302 31.34 31.405 31.435 31.468 31.539 31.493 31.53
31.465 31.457 31.444 31.487 31.483 31.397 31.373 31.408 31.502 31.632 31.807 31.887 31.947 31.976 32.187 33.757 44.197 43.384 38.353 36.358 40.004 31.516 31.305 31.351 31.383 31.439 31.464 31.486 31.614 31.669 31.657 31.611 31.61 31.609 31.618 31.565 31.574 31.558 31.573 32.504 31.994 31.718 31.696 31.662 31.681 31.73 31.814 33.428 37.207 37.584 37.594 34.72 32.737 32.335 31.327 31.228 31.177 31.134 31.2 31.23 31.29 31.221 31.243 31.261 31.331 31.323 31.402 31.445 31.544 31.458 31.488 31.494
31.646 31.535 31.448 31.405 31.426 31.337 31.348 31.317 31.413 31.462 31.536 31.636 31.735 31.765 32.495 43.23 43.453 48.787 36.405 32.971 35.439 36.912 31.309 31.309 31.377 31.415 31.473 32.029 32.035 32.016 32.071 32.136 31.64 31.585 31.579 31.62 31.595 31.559 31.553 31.57 31.606 31.635 31.619 31.645 31.635 31.658 31.7 35.188 35.144 40.126 39.628 32.517 32.054 31.647 31.201 31.108 31.07 31.136 31.198 31.226 31.194 31.194 31.195 31.302 31.341 31.443 31.537 31.592 31.581 31.634 31.619 31.577
31.484 32.445 31.561 31.409 31.409 31.371 31.33 31.328 31.226 31.322 31.291 31.399 31.443 31.601 38.371 45.271 46.538 46.446 36.737 46.157 41.865 33.315 31.314 31.32 31.361 31.431 31.523 32.244 32.149 32.303 32.394 32.15 32.064 31.669 31.536 31.574 31.546 31.545 31.514 31.522 31.581 31.572 31.6 31.632 31.682 31.64 31.685 38.857 41.641 41.099 36.52 39.024 31.983 31.211 31.106 31.049 31.052 31.11 31.167 31.111 31.172 31.169 31.24 31.324 31.452 31.607 31.667 31.724 31.851 31.797 31.727 31.703
30.617 30.885 31.667 31.525 31.37 31.345 31.311 31.312 31.24 31.248 31.219 31.203 31.2 31.282 33.556 45.399 42.767 46.869 34.993 39.331 39.617 36.42 31.278 31.313 31.388 31.409 32.046 32.111 32.306 32.499 32.482 32.471 32.289 31.886 32.173 31.52 31.53 31.562 31.524 31.531 31.526 31.559 31.612 31.641 31.64 31.682 31.734 38.818 43.169 34.41 38.111 40.697 36.038 31.161 30.978 31 31.062 31.092 31.123 31.099 31.128 31.19 31.302 31.379 31.48 31.626 31.8 31.838 31.855 31.938 31.937 32.054
30.797 30.007 31.09 31.486 31.466 31.359 31.294 31.267 31.239 31.262 31.19 31.157 31.155 31.141 33.433 42.439 41.469 43.036 46.994 44.787 41.382 32.743 31.274 31.298 31.344 32.001 31.916 32.159 32.302 32.375 32.489 32.469 32.462 32.327 31.931 31.704 31.488 31.485 31.496 31.515 31.491 31.513 31.539 31.55 31.641 32.064 35.395 42.301 41.946 34.718 35.713 37.509 31.082 30.932 30.974 30.996 31.045 31.069 31.075 31.085 31.107 31.237 31.289 31.477 31.904 32.465 33.405 32.157 33.201 32.361 34.107 32.965
