dsm/se3230_DSM_2M.asc
ncols 500
nrows 500
xllcorner    432000
yllcorner    430000
cellsize     2
NODATA_value -9999
[rows 288 to 319 of 500, columns 288 to 359 of 500]
28.193 28.263 28.359 28.57 28.724 28.617 28.591 28.436 28.248 28.232 28.253 28.268 28.306 28.271 28.247 28.251 28.285 28.265 28.277 28.257 28.162 28.015 29.976 30.525 28.927 34.965 32.885 32.617 28.797 27.713 26.888 26.394 25.825 25.144 24.635 24.425 24.022 23.744 23.774 23.378 23.119 23.217 22.996 22.925 22.97 22.872 22.848 22.827 22.815 22.855 22.866 22.871 22.896 22.815 22.985 23.146 23.396 22.981 22.996 23.02 23.081 23.075 23.055 23.074 23.036 22.957 22.775 22.754 22.683 22.778 22.808 22.784
28.109 28.162 28.161 28.221 28.42 29.179 28.295 28.211 28.243 28.249 28.285 28.292 28.317 28.275 28.244 28.236 28.186 28.213 28.227 28.242 28.239 28.27 28.194 28.084 28.491 28.774 29.781 32.299 29.695 28.629 28.026 27.661 26.92 26.468 26.156 25.973 25.516 25.399 24.96 24.513 24.234 23.515 23.37 23.047 22.934 22.854 22.869 22.856 22.869 22.84 22.969 22.859 23.066 23.424 23.453 23.592 23.396 23.283 23.047 23.018 22.99 23.021 23.021 23.096 23.046 23.05 22.941 22.81 22.738 22.718 22.764 22.796
27.964 27.992 28.069 28.099 28.128 28.159 28.144 28.157 28.219 28.198 28.298 28.305 28.272 28.248 28.263 28.25 28.225 28.25 28.19 28.207 28.185 28.229 28.257 28.298 28.289 28.311 28.708 30.058 29.059 28.684 28.6 28.39 28.203 27.875 27.593 27.847 26.901 27.02 26.432 26.041 25.654 25.007 24.267 23.87 23.453 23.191 23.149 22.959 23.187 23.237 23.476 23.626 24.066 25.322 24.758 25.27 24.832 24.842 23.521 23 22.898 23.031 23.1 23.303 23.489 23.091 23.058 22.945 22.843 22.729 22.783 22.78
27.958 28.008 27.99 27.957 27.945 28.043 28.156 28.196 28.385 28.403 28.354 28.316 28.336 28.263 29.313 30.477 28.864 28.753 28.956 29.02 28.215 28.161 28.21 28.259 28.301 28.312 28.303 28.358 28.367 28.586 28.366 28.707 29.151 30.5 28.733 28.851 28.112 27.748 27.814 29.074 31.593 26.606 25.611 25 24.459 24.35 24.196 24.081 24.059 24.535 24.935 25.173 25.925 25.702 26.205 27.891 26.391 25.823 25.25 24.22 23.015 22.923 22.964 23.105 23.044 24.086 23.065 23.091 22.96 22.883 22.778 22.802
27.978 27.943 27.996 28.019 28.065 28.122 28.211 28.341 28.537 28.946 28.505 28.415 28.356 28.671 29.295 29.853 28.658 28.235 28.274 29.035 29.515 28.647 28.211 28.217 28.276 28.338 28.332 28.436 28.292 28.272 28.294 28.418 28.23 29.787 29.963 29.867 28.544 28.024 28.115 31.594 35.054 30.103 26.913 26.48 26.007 25.854 25.655 25.437 25.423 25.689 25.706 25.758 26.761 26.619 26.972 27.963 26.929 26.465 25.88 25.403 23.573 23.024 22.995 23.102 23.053 23.124 23.086 23.161 23.038 22.945 22.871 22.801
28.009 28.01 27.953 28.006 28.12 28.222 28.34 28.397 28.574 28.927 28.595 28.485 28.703 28.884 28.328 28.281 28.203 28.173 28.148 28.172 28.404 29.357 28.412 28.215 28.244 28.302 28.346 29.802 29.715 29.836 28.421 30.132 30.634 29.87 29.46 28.239 29.963 28.137 28.358 31.528 34.392 32.221 29.022 28.395 27.237 27.173 26.717 26.74 26.81 26.54 26.281 26.068 27.441 27.464 27.566 27.508 27.224 26.943 26.513 26.106 25.456 24.201 23.131 23.031 23.134 23.323 23.126 23.122 23.083 23.094 22.934 22.921
28.119 28.091 28.094 28.173 28.302 28.363 28.432 28.436 28.528 28.646 28.646 28.564 28.905 28.391 28.287 28.227 28.204 28.152 28.147 28.117 28.177 28.465 28.81 28.266 28.272 28.334 28.464 30.738 31.716 31.32 31.025 30.041 28.951 30.54 29.476 28.211 28.1 28.063 28.082 29.488 30.923 31.109 31.806 29.885 30.39 29.913 28.847 28.437 27.539 26.952 26.668 27.603 27.658 29.161 29.042 28.483 28.155 27.607 27.215 26.51 26.159 25.683 23.854 23.106 23.122 23.141 23.17 23.204 23.183 23.191 23.118 22.962
28.313 28.273 28.226 28.281 28.317 28.35 28.413 28.473 28.614 28.662 28.599 28.722 28.76 28.335 28.124 28.13 28.15 28.12 28.098 28.121 28.128 28.153 29.752 28.329 28.309 28.302 29.743 31.439 31.933 31.979 31.691 31.086 30.458 30.006 29.608 28.978 28.328 29.028 28.504 28.516 28.329 28.268 29.919 27.963 28.525 30.466 31.195 30.93 31.016 27.415 29.626 30.964 29.476 29.578 29.932 29.828 29.254 28.824 27.628 27.095 26.618 26.153 25.237 23.783 23.187 23.101 23.191 23.226 23.348 23.541 23.273 23.141
28.352 28.376 28.362 28.366 28.41 28.535 28.426 28.41 28.453 28.614 28.641 28.744 28.283 28.161 28.045 28.097 28.058 28.086 28.08 28.108 28.14 28.189 29.047 28.566 28.327 28.345 29.659 31.147 31.54 31.73 31.853 31.633 30.711 29.864 28.811 28.769 29.47 29.031 29.944 28.513 28.365 28.635 28.708 28.127 28.325 28.058 29.326 28.089 28.104 29.231 30.936 30.836 30.325 30.278 30.364 30.197 29.811 28.893 28.047 27.536 27.092 26.784 26.346 25.499 24.538 23.235 23.212 23.268 23.331 23.339 23.711 23.284
28.501 28.46 28.463 28.439 28.47 28.6 28.506 28.213 28.235 28.654 28.935 31.992 29.4 30.631 29.563 28.356 28.025 28.041 28.087 28.126 28.136 28.212 28.584 28.679 28.275 28.367 28.426 28.92 30.758 31.177 31.08 31.099 30.341 28.807 28.262 29.263 29.657 28.729 29.733 29.324 30.462 28.881 28.536 28.742 28.63 28.349 28.172 28.273 28.77 30.263 30.616 31.708 29.078 29.565 30.446 30.528 30.344 29.719 28.58 28.189 27.356 27.539 27.499 26.921 26.16 24.193 23.331 23.302 23.345 23.387 23.603 23.299
28.532 28.571 28.566 28.581 28.588 28.607 28.477 28.227 28.569 28.673 30.673 33.855 35.589 35.269 33.466 29.406 28.108 28.048 28.073 28.109 28.149 28.272 29.109 28.53 28.409 28.415 28.448 28.381 28.405 29.21 29.168 30.018 30.033 29.073 28.387 29.669 30.496 29.457 29.119 29.344 31.001 29.987 29.131 28.419 28.498 28.576 28.352 28.437 28.546 28.992 28.94 28.926 28.813 28.876 29.228 30.376 30.57 30.377 30.014 29.439 28.37 27.669 28.071 27.363 26.974 26.825 23.957 23.389 23.31 23.361 23.379 23.342
28.601 28.643 28.597 28.611 28.596 28.635 28.506 28.295 28.608 28.706 28.343 34.624 35.897 35.88 33.414 27.992 28.026 28.066 28.111 28.145 28.224 28.308 29.882 28.499 28.427 28.501 28.483 28.44 28.469 28.445 28.425 28.431 28.906 28.652 28.339 30.745 30.317 30.383 29.184 31.212 30.475 29.799 29.197 28.515 28.477 28.598 28.596 28.972 29.152 29.534 29.313 29.009 28.792 29.217 29.166 29.329 29.776 30.472 30.715 30.33 29.882 29.2 28.257 27.878 27.393 26.799 25.622 24.657 23.496 23.408 23.455 23.787
28.653 28.65 28.693 28.664 28.657 28.571 28.441 28.521 28.655 28.856 31.403 35.456 36.152 35.333 29.837 27.977 28.031 28.071 28.116 28.194 28.292 28.494 28.683 28.647 28.488 28.529 28.528 28.525 28.489 28.543 28.504 28.478 28.466 28.457 28.393 28.328 28.831 29.101 30.326 29.908 29.745 29.884 29.44 29.945 28.905 28.531 29.51 29.386 30.375 30.627 30.055 29.084 28.577 29.586 30.196 29.494 29.311 29.879 30.496 30.541 30.257 29.805 29.13 28.318 27.778 26.925 26.491 25.886 24.838 23.8 23.421 23.436
28.997 28.613 28.632 28.593 28.683 28.639 28.396 28.63 28.722 28.381 32.527 35.7 35.861 34.663 29.454 28.043 28.082 28.155 28.191 28.227 28.311 29.284 28.53 28.637 28.621 28.672 28.645 28.604 28.561 28.547 28.58 28.558 28.487 28.482 28.468 28.452 28.334 28.367 28.475 28.676 30.65 29.391 30.274 29.448 28.604 29.2 30.554 30.462 31.182 31.11 30.269 29.087 28.626 29.432 30.673 30.131 29.378 28.968 29.934 30.691 30.575 30.301 29.767 29.122 28.277 27.443 26.925 26.55 25.668 24.608 23.489 23.401
32.222 31.591 29.185 28.634 28.633 28.66 28.37 28.767 28.792 31.366 35.222 36.115 35.41 31.908 28.487 28.154 28.161 28.191 28.196 28.237 28.857 29.402 28.594 28.602 28.682 28.593 28.589 28.623 28.598 28.639 28.644 28.627 28.551 28.518 28.553 28.52 28.4 28.383 28.413 28.434 29.583 30.578 30.211 28.629 28.715 29.799 31.247 31.192 31.308 31.25 30.631 29.394 28.835 29.372 30.268 30.887 29.991 29.208 29.148 29.342 30.581 30.532 30.417 29.977 29.323 28.456 27.708 26.92 26.434 26.306 24.271 23.472
33.389 32.75 28.724 28.613 28.675 28.69 28.6 28.656 28.231 32.8 35.479 36.09 34.905 29.395 28.261 28.181 28.223 28.222 28.295 28.329 29.015 28.677 28.568 28.662 28.651 28.627 28.588 28.622 29.934 28.704 28.692 28.675 28.586 28.599 28.566 28.587 28.577 28.477 28.525 28.585 28.677 30.821 28.826 28.654 28.898 29.911 31.02 30.977 31.172 31.588 30.699 29.3 29.12 29.436 30.411 31.206 30.693 29.527 29.176 29.037 28.844 29.864 30.531 30.366 30.177 29.624 28.768 27.926 27.481 26.656 25.369 24.229
33.837 29.65 28.675 28.648 28.672 28.701 28.694 28.638 28.475 30.221 34.841 35.621 34.545 28.783 28.263 28.243 28.286 28.315 28.346 28.586 29.6 28.617 28.626 28.752 28.727 28.665 28.684 28.713 29.095 28.695 28.662 28.725 28.619 28.589 28.6 28.582 28.654 28.648 28.619 28.68 28.646 28.655 28.662 28.756 29.089 29.672 29.872 30.247 30.381 30.522 30.218 29.657 29.645 29.897 30.506 31.37 31.137 29.837 29.386 29.177 28.99 29.736 30.484 30.542 30.457 30.12 29.697 29.162 27.544 27.007 26.617 25.544
32.57 28.92 28.701 28.687 28.635 28.646 28.606 28.672 28.584 28.524 29.167 30.228 29.747 28.508 28.373 28.312 28.341 28.359 28.381 28.872 28.76 28.694 28.664 28.767 28.756 28.75 28.775 28.727 29.645 29.021 28.741 28.692 28.72 28.631 28.648 28.693 28.74 28.827 28.789 28.797 28.72 28.704 28.815 28.784 28.79 28.829 28.915 29.19 29.442 29.703 29.369 29.196 29.264 29.426 30.001 30.854 30.452 29.763 29.216 28.92 28.892 28.965 28.948 29.874 30.543 30.547 30.205 29.721 28.396 27.474 26.88 26.206
29.822 28.623 28.689 28.647 28.614 28.706 28.598 28.628 28.94 28.577 28.47 28.529 28.533 28.417 28.372 28.38 28.397 28.414 28.576 29.405 29.388 29.109 28.855 28.774 28.785 28.802 28.803 28.819 28.883 28.829 28.818 28.76 28.752 28.758 28.746 28.772 28.806 28.802 28.874 28.852 28.85 30.744 30.755 29.517 28.956 28.932 28.914 29.321 29.718 30.149 30.737 30.72 29.775 29.237 29.532 30.64 30.007 29.122 28.92 28.936 28.942 28.939 29.002 28.983 29.897 30.615 30.667 29.982 29.63 28.194 27.543 26.872
28.611 28.623 28.586 28.536 28.539 28.931 28.579 28.595 29.013 28.616 28.509 28.462 28.399 28.411 28.405 28.443 28.451 28.488 29.233 29.102 30.811 29.537 28.838 28.808 28.827 28.833 28.863 28.882 28.931 28.889 28.865 28.81 28.844 28.787 28.788 28.739 28.756 28.788 28.921 28.909 28.927 29.1 31.106 31.609 31.254 31.095 28.98 28.946 29.56 30.778 32.019 31.75 30.719 29.424 29.92 30.82 29.57 28.981 28.961 28.923 28.915 28.936 28.96 28.979 28.933 30.282 30.456 30.476 30.301 29.468 28.418 27.511
28.567 28.517 28.505 28.567 28.56 28.481 28.528 28.561 28.957 28.654 28.546 28.496 28.44 28.431 28.455 28.439 28.464 29.009 29.712 30.502 31.307 29.048 28.846 28.823 28.857 28.912 28.935 29.003 29.069 28.952 28.925 28.889 28.848 28.877 28.882 28.804 28.952 28.965 28.94 29.189 31.126 30.749 29.497 29.082 29.876 29.749 29.09 29.259 29.832 31.13 32.553 32.15 31.06 29.743 29.823 30.789 30.721 29.315 29.105 29.016 29.008 28.918 29.005 28.969 28.996 28.958 28.984 30.17 31.015 29.686 29.766 28.795
28.595 28.57 28.548 28.532 28.502 28.474 28.478 28.545 28.545 28.865 28.555 28.51 28.451 28.462 28.498 28.51 28.534 28.92 28.87 30.287 29.516 28.869 28.865 28.837 28.9 28.934 28.979 29.097 29.082 28.911 28.941 28.91 28.908 29.215 29.67 30.358 29.439 29.073 29.03 29.116 29.572 31.213 31.494 31.069 29.098 28.971 29.011 29.099 29.491 31.063 32.175 32.386 31.509 29.905 29.833 30.429 31.233 29.585 29.243 29.053 28.931 29 28.91 28.94 28.945 28.926 28.911 29.561 30.216 29.248 29.565 28.869
28.612 28.571 28.57 28.487 28.551 28.534 28.506 28.48 28.463 28.759 28.941 29.666 28.519 28.547 28.529 28.617 28.972 29.109 28.677 28.693 28.791 28.881 28.874 28.921 28.957 28.976 29.014 29.098 29.024 28.926 28.928 28.907 28.91 29.657 31.709 31.882 30.332 29.55 29.098 29.101 29.11 29.094 29.718 29.921 29.416 29.135 29.001 29.034 29.183 30.306 31.328 32.145 31.49 30.064 29.886 31.202 31.224 29.289 29.074 29.084 33.464 31.214 28.954 28.939 29 28.982 28.946 28.924 29.432 29.501 29.218 29.196
28.66 28.635 28.592 28.559 28.546 28.52 28.539 28.548 28.486 28.448 28.496 28.648 28.546 28.56 28.549 28.713 29 28.648 28.646 28.665 28.726 28.884 28.897 28.936 28.966 29.002 29.056 28.999 28.891 28.886 28.918 28.924 29.028 30.216 31.106 31.295 30.672 30.304 29.42 29.331 29.105 29.217 29.476 29.847 29.718 29.28 29.281 29.164 29.106 29.378 30.378 30.838 30.235 29.805 31.064 31.17 30.727 29.17 29.126 29.201 34.78 30.392 28.952 28.985 28.965 28.909 28.937 28.941 28.881 29.336 29.924 29.254
29.198 28.745 28.705 28.647 28.61 28.602 28.566 28.545 28.592 28.5 28.489 28.615 28.489 28.501 28.528 28.561 28.566 28.57 28.629 28.672 28.726 28.889 28.889 28.966 28.987 29.016 28.977 28.93 28.833 28.864 28.883 28.879 29.035 30.413 32.463 30.709 31.605 31.556 30.493 30.229 30.174 29.963 30.199 30.259 30.366 30.431 30.184 29.859 29.218 29.377 29.837 29.663 29.411 29.443 31.93 31.515 29.466 29.22 29.161 29.024 28.918 29.905 29.068 28.969 29.397 29.801 28.925 28.924 28.85 30.181 30.683 29.063
28.872 29.121 28.93 30.263 28.849 28.639 28.627 28.609 28.598 28.56 28.525 28.524 28.551 28.546 28.487 28.507 28.533 28.584 28.613 28.649 28.687 28.844 28.927 28.942 28.971 28.989 28.827 28.84 28.84 28.862 28.866 28.847 28.983 30.214 32.057 31.007 31.621 32.187 32.311 32.18 32.397 32.348 32.096 32.017 32.244 31.745 31.43 30.092 29.52 30.448 30.742 30.533 30.076 30.701 31.961 30.993 29.266 29.342 29.247 29.149 29.188 29.086 33.563 51.759 31.337 29.656 29.043 28.882 28.905 29.513 29.546 27.07
28.916 28.889 28.926 28.897 29.372 30.157 29.795 28.826 28.639 28.619 28.602 28.599 28.617 28.581 28.562 28.586 28.617 28.571 28.572 28.602 28.68 28.756 28.847 28.796 28.859 28.828 28.828 28.83 28.807 28.832 28.846 28.835 28.967 30.531 31.118 30.838 30.986 31.867 32.033 32.489 32.506 32.627 32.544 32.701 32.713 32.092 31.033 30.14 29.9 31.003 32.161 31.151 30.58 31.088 31.248 29.352 29.283 29.321 29.255 29.232 29.152 29.693 34.381 33.153 29.139 29.745 29.467 28.958 28.977 28.547 27.461 26.371
29.113 29.011 28.951 28.937 28.921 28.904 28.918 28.927 28.83 28.861 28.866 28.726 28.648 28.67 28.619 28.642 28.642 28.652 28.618 28.628 28.65 28.695 28.728 28.794 28.811 28.824 28.828 28.804 28.827 28.818 28.83 28.807 28.853 29.565 30.384 31.41 30.481 30.979 31.503 31.984 32.005 32.309 32.389 32.686 32.714 32.203 31.229 30.363 29.965 30.712 31.289 30.768 30.461 31.407 30.58 29.343 31.591 32.308 29.268 29.091 29.092 32.273 37.185 29.339 30.576 29.519 30.432 29.828 29.596 28.452 27.2 26.277
29.231 29.203 29.154 29.088 29.036 28.999 28.932 28.928 28.943 29.065 29.222 29.208 29.289 28.81 28.707 28.692 28.7 28.693 28.682 28.662 28.717 28.716 28.73 28.787 28.806 28.826 28.826 28.809 28.844 28.809 28.789 28.808 28.806 29.217 30.076 30.539 30.714 30.386 30.443 31.031 30.972 31.191 31.459 32.006 32.132 31.729 31.351 30.238 29.532 30.212 30.04 30.142 30.055 30.671 29.365 30.808 33.739 31.242 30.473 29.077 29.306 29.857 29.118 29.15 29.731 31.361 31.1 32.535 30.725 28.038 26.631 25.637
29.394 29.247 29.211 29.164 29.186 29.145 29.051 29.005 28.95 28.942 28.927 28.929 29.343 28.954 30.058 28.989 28.81 28.899 28.725 28.737 28.749 28.727 28.751 28.776 28.744 28.805 28.857 28.837 28.806 28.82 28.821 28.811 28.79 28.835 29.361 30.929 31.015 31.426 31.455 30.621 31.004 30.424 30.601 30.976 31.141 30.763 30.908 29.924 29.648 29.901 29.631 29.699 29.55 29.532 29.603 29.652 32.853 34.96 36.165 29.305 28.988 29.148 29.096 29.151 32.103 33.812 33.104 31.954 31.29 28.025 26.038 25.314
29.482 29.53 29.418 29.32 29.313 29.234 29.207 29.166 29.16 29.111 28.99 28.927 28.946 28.955 28.944 29.37 29.429 30.24 28.964 28.989 28.814 28.789 28.816 28.758 28.792 28.803 28.798 28.817 28.839 28.835 28.836 28.787 28.769 28.755 28.912 29.217 29.635 31.253 31.543 31.899 31.655 31.78 31.559 30.885 31.212 31.238 30.432 31.325 30.141 30.021 29.732 29.687 29.763 29.789 29.73 29.516 32.232 33.772 34.516 31.161 30.742 31.488 29.245 29.192 31.4 33.349 33.175 28.45 27.83 26.376 25.603 25.044
29.569 29.646 29.554 29.47 29.512 29.527 29.394 29.248 29.235 29.183 29.19 29.209 29.159 29.009 28.964 28.918 28.941 28.948 29.035 29.373 30.312 29.315 28.918 28.856 28.823 28.839 28.832 28.856 28.849 28.859 28.814 28.825 28.791 28.811 28.834 28.871 28.903 29.25 30.287 30.552 30.776 30.267 30.636 30.384 30.583 31.335 31.591 31.465 31.42 31.413 31.079 29.23 29.311 29.214 29.112 29.067 29.256 35.469 34.631 33.733 30.765 29.5 28.651 28.695 28.477 28.621 27.281 26.7 25.891 25.508 25.271 24.975
