dsm/se3232_DSM_2M.asc
ncols 500
nrows 500
xllcorner    432000
yllcorner    432000
cellsize     2
NODATA_value -9999
[rows 64 to 95 of 500, columns 216 to 287 of 500]
40.992 41.123 41.015 40.924 41.012 41.02 41 41.008 40.975 40.982 41.006 41.013 41.002 40.992 40.984 40.982 41.005 40.957 41.001 40.975 40.989 40.971 40.948 40.996 41.041 40.958 40.971 41.018 41.062 40.998 40.863 40.948 40.946 41.039 41.062 41.022 41.059 41.151 41.266 41.347 41.37 41.396 41.387 41.336 41.239 41.209 41.26 41.201 41.185 41.234 41.298 41.297 41.282 41.306 41.319 41.318 41.364 41.381 41.391 41.461 41.414 41.407 41.389 41.404 41.435 41.453 41.442 41.415 41.431 41.455 41.471 41.463
41.111 41.101 41.146 41.026 41.058 41.05 40.999 41.035 41.007 41.061 41.045 41.094 41.064 41.042 41.06 41.14 41.131 41.123 41.079 41.082 41.098 41.109 41.094 41.091 41.14 41.093 41.103 41.117 41.109 41.071 41.028 41.09 41.146 41.107 41.185 41.115 41.178 41.166 41.149 41.132 41.238 41.251 41.268 41.244 41.257 41.218 41.23 41.212 41.255 41.257 41.226 41.293 41.301 41.306 41.261 41.332 41.31 41.37 41.417 41.458 41.433 41.459 41.468 41.485 41.447 41.473 41.529 41.476 41.51 41.495 41.538 41.53
41.225 41.288 41.231 41.178 41.169 41.102 41.177 41.066 41.037 41.18 41.041 41.061 41.092 41.082 41.128 41.087 41.129 41.246 41.116 41.102 41.097 41.219 41.208 41.198 41.194 41.09 41.136 41.16 41.191 41.166 41.138 41.155 41.205 41.215 41.134 41.161 41.199 41.209 41.168 41.213 41.288 41.305 41.326 41.279 41.336 41.263 41.283 41.257 41.251 41.279 41.353 41.31 41.345 41.352 41.368 41.295 41.322 41.427 41.486 41.429 41.414 41.477 41.507 41.506 41.551 41.564 41.603 41.536 41.484 41.514 41.514 41.506
41.284 41.289 41.258 41.246 41.219 41.257 41.211 41.26 41.288 41.244 41.28 41.241 41.196 41.29 41.197 41.125 41.221 41.128 41.117 41.166 41.198 41.173 41.143 41.153 41.149 41.146 41.173 41.168 41.157 41.172 41.147 41.134 41.153 41.238 41.166 41.225 41.283 41.276 41.295 41.282 41.26 41.272 41.286 41.332 41.357 41.337 41.289 41.314 41.29 41.417 41.317 41.313 41.413 41.337 41.413 41.365 41.361 41.36 41.417 41.481 41.461 41.557 41.48 41.515 41.556 41.577 41.552 41.641 41.644 41.594 41.675 41.709
41.254 41.21 41.241 41.235 41.263 41.274 41.278 41.287 41.346 41.359 41.32 41.327 41.262 41.293 41.308 41.278 41.339 41.303 41.312 41.318 41.294 41.282 41.369 41.29 41.304 41.289 41.315 41.286 41.252 41.276 41.299 41.288 41.308 41.281 41.32 41.362 41.371 41.386 41.399 41.349 41.301 41.326 41.287 41.332 41.396 41.378 41.364 41.339 41.399 41.381 41.427 41.333 41.385 41.47 41.486 41.459 41.563 41.55 41.482 41.53 41.563 41.556 41.562 41.587 41.564 41.538 41.574 41.639 41.699 41.695 41.777 41.743
41.454 41.376 41.369 41.385 41.406 41.364 41.454 41.366 41.345 41.331 41.349 41.314 41.369 41.392 41.388 41.422 41.334 41.345 41.404 41.448 41.409 41.39 41.383 41.342 41.337 41.416 41.313 41.343 41.41 41.396 41.4 41.382 41.366 41.41 41.345 41.424 41.408 41.384 41.387 41.435 41.55 41.567 41.511 41.414 41.41 41.418 41.454 41.464 41.511 41.52 41.535 41.576 41.502 41.546 41.606 41.538 41.635 41.563 41.615 41.645 41.634 41.689 41.673 41.686 41.692 41.719 41.711 41.595 41.739 41.676 41.753 41.74
41.469 41.401 41.475 41.374 41.472 41.419 41.384 41.492 41.368 41.492 41.486 41.448 41.459 41.41 41.498 41.464 41.414 41.464 41.417 41.391 41.409 41.368 41.388 41.374 41.394 41.349 41.409 41.397 41.453 41.448 41.439 41.422 41.485 41.503 41.475 41.466 41.43 41.469 41.524 41.484 41.529 41.484 41.516 41.531 41.579 41.629 41.63 41.605 41.575 41.714 41.659 41.613 41.674 41.613 41.647 41.631 41.702 41.715 41.743 41.648 41.66 41.65 41.65 41.593 41.689 41.594 41.681 41.614 41.666 41.668 41.785 41.769
41.466 41.467 41.48 41.49 41.491 41.456 41.422 41.534 41.509 41.496 41.422 41.465 41.472 41.45 41.532 41.528 41.511 41.503 41.447 41.532 41.49 41.456 41.496 41.455 41.486 41.423 41.396 41.425 41.485 41.457 41.476 41.43 41.488 41.465 41.486 41.422 41.559 41.525 41.542 41.472 41.58 41.5 41.484 41.471 41.457 41.487 41.463 41.515 41.631 41.637 41.578 41.654 41.599 41.657 41.62 41.549 41.572 41.614 41.62 41.626 41.62 41.681 41.693 41.738 41.704 41.734 41.718 41.794 41.699 41.754 41.692 41.75
41.544 41.469 41.484 41.505 41.566 41.521 41.531 41.5 41.529 41.55 41.605 41.618 41.547 41.579 41.483 41.467 41.514 41.581 41.512 41.491 41.536 41.543 41.658 41.498 41.537 41.522 41.516 41.49 41.521 41.526 41.49 41.539 41.52 41.571 41.569 41.541 41.597 41.604 41.554 41.608 41.573 41.557 41.518 41.571 41.524 41.585 41.623 41.58 41.66 41.714 41.69 41.663 41.639 41.711 41.737 41.738 41.72 41.705 41.853 41.748 41.776 41.784 41.744 41.766 41.706 41.67 41.709 41.706 41.746 41.696 41.723 41.788
41.561 41.481 41.554 41.517 41.581 41.509 41.633 41.601 41.665 41.64 41.564 41.501 41.525 41.576 41.559 41.552 41.525 41.591 41.576 41.591 41.649 41.621 41.559 41.564 41.67 41.625 41.736 41.633 41.636 41.659 41.694 41.66 41.652 41.596 41.672 41.732 41.659 41.613 41.646 41.712 41.749 41.682 41.674 41.701 41.73 41.619 41.754 41.675 41.671 41.671 41.707 41.693 41.67 41.709 41.818 41.797 41.682 41.717 41.8 41.824 41.809 41.824 41.764 41.798 41.785 41.777 41.786 41.739 41.656 41.647 41.661 41.697
41.252 41.223 41.329 41.507 41.374 41.501 41.688 41.55 41.589 41.638 41.61 41.625 41.662 41.646 41.558 41.722 45.358 41.616 41.57 41.542 41.616 41.626 41.651 41.596 41.583 41.458 41.444 41.512 41.643 41.611 41.528 41.522 41.527 41.579 41.654 41.657 41.633 41.593 41.684 41.654 41.703 41.72 41.665 41.691 41.605 41.704 41.714 41.784 41.695 41.771 41.766 41.821 41.792 41.757 41.688 41.783 41.726 41.747 41.613 41.621 41.617 41.641 41.577 41.618 41.59 41.562 41.487 41.507 41.56 41.51 41.499 41.534
44.348 42.771 41.537 40.97 40.983 41.003 41.083 41.183 41.36 41.292 41.406 42.769 44.918 43.296 42.281 48.386 41.607 41.58 41.544 41.542 41.491 41.482 41.444 41.512 41.48 41.462 41.335 41.412 41.418 41.357 41.277 41.362 41.283 41.361 41.41 41.324 41.322 41.302 41.304 41.312 41.379 41.456 41.487 41.449 41.43 41.428 41.481 41.492 41.507 41.5 41.599 41.516 41.499 41.436 41.388 41.45 41.399 41.427 41.364 41.38 41.418 41.381 41.466 41.493 41.421 41.527 41.504 41.518 41.469 41.521 41.525 41.547
43.627 43.926 41.454 40.656 40.857 40.981 40.797 42.729 41.705 41.021 44.011 48.558 49.478 47.666 49.279 50.411 48.398 43.134 42.98 41.544 41.454 41.395 41.373 41.413 41.423 41.462 41.378 41.49 41.387 41.337 41.393 41.361 43.367 41.722 41.671 41.274 41.261 41.316 42.084 42.026 41.977 41.352 42.56 41.281 41.341 41.392 41.398 41.384 41.34 41.31 41.368 41.309 41.359 41.34 41.338 41.353 41.395 41.331 41.413 41.362 41.427 41.446 41.468 41.471 41.529 41.434 41.46 41.488 41.5 41.447 41.452 41.43
42.409 42.088 41.202 40.784 40.661 40.711 40.697 40.682 40.896 42.38 44.477 47.345 47.862 48.875 47.805 50.165 52.118 47.467 46.289 42.328 41.456 41.64 41.138 41.157 41.225 41.447 41.175 42.106 41.314 41.601 41.35 41.354 41.33 41.321 41.334 42.553 42.079 41.923 41.256 43.023 41.679 43.448 41.591 41.221 41.26 41.252 41.307 41.253 41.322 41.375 41.303 41.389 41.328 41.373 41.289 41.323 41.348 41.334 41.384 41.3 41.351 41.32 41.402 41.497 41.389 41.441 41.41 41.427 41.416 41.439 41.545 41.447
41.737 40.88 40.565 40.512 40.521 40.573 40.531 40.571 40.569 42.42 43.357 44.929 47.901 47.803 48.351 50.509 50.809 46.568 44.853 41.721 42.71 43.802 42.103 43.328 41.264 41.142 41.092 41.483 41.338 41.099 41.109 41.2 41.219 41.311 41.23 41.2 41.17 41.173 41.134 41.153 41.206 41.169 41.153 41.225 41.089 41.164 41.149 41.093 41.112 41.227 41.125 41.141 41.142 41.143 41.157 41.125 41.263 41.187 41.229 41.218 41.197 41.185 41.273 41.327 41.348 41.358 41.404 41.361 41.408 41.432 41.41 41.418
40.648 40.52 40.53 40.459 40.47 40.522 40.466 40.513 40.538 41.266 41.82 41.415 43.321 43.06 46.504 47.707 46.139 44.57 42.859 43.386 44.438 44.092 45.104 44.686 41.374 41.018 40.953 42.578 42.218 41.282 41.029 41.069 41.038 41.033 41.021 41.156 41.099 41.151 41.342 41.148 41.041 41.019 41.089 41.261 41.083 41.113 41.155 41.087 41.133 41.197 41.108 41.092 41.038 41.11 41.006 41.022 41.093 41.065 41.045 41.072 41.023 41 40.96 41.13 41.097 41.063 41.105 41.078 41.151 41.147 41.123 41.396
40.413 40.479 40.461 40.464 40.447 40.497 40.531 40.525 40.503 40.558 40.592 40.524 40.586 40.732 40.721 41.396 41.876 45.237 46.194 44.214 42.004 41.947 44.85 45.151 41.945 40.862 40.862 42.459 42.783 43.069 40.949 40.928 40.982 40.942 41.242 41.347 41.332 41.131 42.04 41.319 40.996 41.203 41.197 41.056 41.031 41.054 41.011 43.232 42.71 44.041 43.587 41.208 41.028 41.072 41.074 41.017 40.97 40.964 40.946 41.043 41.058 41.028 41.031 41.048 40.967 41.013 40.998 40.975 40.923 40.954 41.034 40.987
40.338 40.387 41.559 41.84 41.977 42.008 41.733 41.797 40.64 40.602 40.549 40.495 40.546 40.58 40.607 40.68 40.846 44.092 44.232 43.222 42.269 41.131 41.61 41.756 40.81 40.826 40.805 41.277 42.169 42.781 40.795 40.761 40.807 40.928 41.205 41.373 41.828 41.369 41.259 41.226 41.11 41.094 41.135 41.046 44.481 46.267 42.983 45.522 46.111 46.129 47.026 42.612 42.364 41.013 40.961 41.02 40.925 40.984 41.028 41.056 41 40.983 40.977 41.023 40.986 41.03 41.021 40.997 41.021 40.991 40.907 40.96
40.272 42.116 42.653 42.712 42.707 42.898 42.773 42.627 42.375 41.611 40.954 40.739 40.652 40.72 40.503 40.514 40.55 40.569 41.665 42.919 40.72 40.782 40.717 40.721 40.759 40.778 40.739 40.773 40.732 40.813 40.81 40.803 40.744 40.874 40.898 40.992 41.549 41.5 41.399 41.973 41.49 41.04 41.02 41.03 43.7 46.095 45.908 47.934 45.99 45.653 48.537 48.042 46.203 41.329 41.157 42.946 48.747 41.62 40.982 40.965 40.912 40.961 41.073 40.982 40.979 40.967 40.996 41.004 40.982 40.984 40.946 40.9
41.372 42.628 42.905 42.821 42.815 42.777 42.675 42.746 42.805 42.852 41.714 41.532 41.428 41.495 41.631 40.778 40.644 40.538 40.414 40.472 40.471 40.58 40.573 40.668 40.665 40.687 40.671 40.732 40.719 40.834 40.801 40.824 40.783 40.822 40.833 40.909 41.014 41.133 41.183 41.19 41.346 40.947 40.941 41.078 41.701 44.601 45.358 44.795 44.26 46.873 48.057 43.894 43.701 47.7 49.554 52.713 50.82 47.441 42.812 42.349 41.176 41.063 40.944 40.996 41.613 40.936 40.944 40.918 40.888 40.962 40.953 40.939
42.94 42.479 42.591 42.665 42.913 42.671 42.945 42.821 42.789 42.461 41.76 41.798 42.396 42.888 42.896 42.322 41.273 40.718 40.692 40.633 40.669 40.625 40.564 40.584 40.587 40.573 40.649 40.631 40.78 40.731 40.759 40.788 40.809 40.863 40.794 40.882 40.897 40.852 40.919 40.919 40.864 40.865 40.859 40.958 40.957 41.011 43.143 44.148 45.585 45.988 47.423 48.236 47.016 50.891 53.793 54.121 53.23 50.925 49.354 48.26 41.975 40.95 41.018 42.459 45.486 45.809 44.401 41.964 40.933 40.95 40.939 40.956
43.644 44.8 42.405 42.598 42.667 42.617 42.617 42.704 42.762 42.69 42.239 41.731 42.64 42.892 42.931 42.71 41.802 41.495 41.279 41.163 41.036 40.737 40.851 40.685 40.65 40.538 40.51 40.613 40.681 40.684 40.712 40.75 40.708 40.786 40.87 40.919 40.91 40.897 40.886 40.85 40.798 40.817 40.737 40.716 40.732 40.751 40.771 41.388 44.413 42.163 44.917 43.909 47.293 48.322 52.309 53.068 47.817 50.365 50.467 48.758 44.48 41.076 44.079 46.575 48.079 48.772 48.798 48.87 47.438 44.758 41.284 42.715
44.73 45.301 43.966 42.818 42.657 42.552 42.577 42.498 42.688 42.733 42.527 41.986 42.441 42.627 42.923 42.876 42.706 42.227 41.313 41.258 40.949 40.926 41.024 41.247 41.218 40.754 40.747 40.833 40.634 40.586 40.677 40.649 40.723 40.754 40.844 40.909 40.968 41.002 41.007 41.072 41.01 41.09 41.11 40.978 41.007 40.75 40.675 40.63 40.67 40.687 40.628 40.658 40.738 46.504 49.187 51.475 44.237 47.761 49.374 49.371 42.07 41.218 45.051 47.345 49.22 49.023 48.643 49.008 48.883 49.839 48.368 46.633
43.137 44.411 42.678 41.797 42.062 42.235 42.249 42.251 42.582 42.685 42.486 41.643 42.044 42.585 42.764 42.927 42.748 42.672 42.435 41.454 41.21 40.791 40.947 41.25 41.223 40.776 40.88 41.067 41.044 40.833 40.802 40.71 40.81 40.778 40.918 41.009 41.122 41.125 40.936 46.85 45.789 45.566 42.38 41.407 41.761 42.073 41.763 42.242 42.889 42.415 42.238 40.849 40.799 40.625 40.676 42.328 46.481 44.693 46.664 41.83 43.118 42.725 42.649 47.621 48.644 49.501 49.263 47.946 48.143 50.275 48.461 49.167
40.457 41.625 40.902 41.21 41.308 41.557 42.107 42.036 42.297 42.547 41.925 41.265 41.581 42.38 42.517 42.569 42.464 42.754 42.621 42.265 41.782 41.16 41.274 40.892 40.773 40.846 41.108 41.245 41.321 41.087 41.352 41.216 41.446 41.472 41.935 42.11 42.417 44.351 41.278 49.968 48.938 47.528 46.109 42.875 42.466 43.248 48.439 50.032 45.095 44.247 44.504 43.356 42.88 42.779 42.176 42.901 42.323 41.708 41.625 40.731 41.038 41.047 40.85 46.759 46.795 46.797 42.593 46.328 44.01 48.065 47.788 48.797
39.423 40.352 40.749 40.79 41.031 41.359 41.046 41.108 41.657 41.965 41.121 40.404 40.948 41.999 42.268 42.361 42.592 42.61 42.66 42.72 42.398 42.354 41.295 40.891 40.714 40.79 40.883 41.265 41.474 41.449 41.303 41.425 41.569 41.348 42.63 42.745 43.053 42.718 43.146 46.015 51.576 50.488 46.099 43.056 44.763 43.149 51.267 51.856 50.015 43.814 43.721 43.26 48.834 49.678 46.838 45.715 44.366 44.006 45 43.409 41.894 42.388 40.859 40.669 41.196 41.138 41.537 44.41 43.068 43.221 46.258 47
38.996 39.128 38.931 40.422 40.879 41.273 41.466 40.983 41.027 40.766 40.544 39.991 40.06 41.368 42.062 42.189 42.251 42.358 42.691 42.732 42.625 42.711 42.261 41.079 40.923 40.969 40.846 41.108 41.355 41.407 41.342 41.373 41.246 41.527 44.138 42.887 42.719 43.118 42.83 47.311 49.539 45.16 43.268 43.142 47.009 43.836 50.389 51.933 50.203 46.735 46.509 46.771 51.385 52.479 51.267 46.751 43.158 43.325 44.878 45.791 43.921 45.569 43.618 41.563 41.627 40.842 41.102 40.728 40.953 40.732 41.121 41.013
39.06 38.965 38.897 38.879 39.017 40.436 41.051 41.064 40.914 40.92 40.62 39.828 40.562 41.66 41.917 41.817 41.778 42.234 42.411 42.524 42.395 42.581 42.735 41.626 41.432 41.285 40.84 40.933 40.851 41.057 41.39 41.244 41.263 41.62 44.575 42.994 42.759 42.716 43.346 43.183 44.672 43.463 42.955 43.659 45.718 45.867 44.686 48.078 48.567 46.971 48.584 45.972 51.367 51.547 48.054 45.395 43.789 43.218 43.964 46.467 46.377 46.804 46.351 42.091 44.791 43.057 42.002 41.908 41.816 42.795 41.523 40.807
38.919 38.941 38.926 38.787 38.777 38.786 39.044 39.654 40.235 40.225 40.271 40.154 40.566 41.083 41.112 41.508 41.678 41.627 41.898 42.219 42.578 42.481 42.794 42.378 41.107 41.158 40.712 40.828 40.845 41.116 41.382 41.322 41.351 41.46 41.853 42.079 42.59 42.415 42.739 43.465 42.544 42.826 42.745 42.926 42.707 43.495 42.437 42.476 43.335 46.24 46.996 44.22 47.714 51.07 52.195 50.081 43.847 42.89 45.854 50.465 48.807 47.764 45.228 45.39 48.69 49.383 47.978 46.919 45.39 45.156 44.536 45.252
38.856 38.646 38.754 38.719 38.742 38.71 38.637 38.635 38.804 38.672 38.733 38.76 41.047 40.818 40.818 40.927 41.468 41.652 41.745 41.948 42.206 42.325 42.521 42.759 41.732 41.576 41.338 41.106 41.003 41.145 41.265 41.389 41.136 41.425 41.401 42.073 42.5 42.55 42.542 42.622 42.347 42.373 42.312 42.252 42.08 42.378 42.165 42.085 42.271 42.351 43.255 42.732 43.518 47.521 49.959 44.978 42.291 41.971 46.913 49.843 49.409 48.213 45.605 48.761 49.769 49.225 49.724 46.946 45.637 45.123 46.532 45.963
38.582 38.555 38.539 38.655 38.68 38.724 38.62 38.632 38.614 38.693 38.631 38.59 39.265 40.717 41.08 41.047 40.877 40.916 41.134 41.743 41.572 41.898 42.407 42.686 42.009 41.304 41.202 41.117 41.083 41.222 41.431 41.465 41.322 41.415 41.388 41.887 42.25 42.178 42.032 41.862 41.728 41.633 41.51 41.442 41.334 41.694 41.958 41.657 41.737 41.761 41.881 42.142 42.228 41.984 42.853 41.756 41.941 42.53 47.396 48.816 49.367 48.549 45.572 49.901 51.207 51.85 50.706 48.975 45.303 42.77 42.882 44.431
38.813 38.622 38.497 38.52 38.508 38.539 38.596 38.593 38.576 38.625 38.618 38.573 38.564 38.886 40.323 40.775 41.014 40.876 40.817 40.901 41.124 41.591 41.977 41.829 41.191 41.115 41.429 41.902 41.906 42.532 41.792 41.512 41.48 41.393 41.369 41.624 41.949 41.87 41.486 41.05 41.091 40.677 40.824 40.63 40.457 40.446 40.541 40.584 40.489 41.019 41.256 40.599 40.727 40.775 41.018 41.108 40.948 41.097 44.667 46.354 47.931 43.517 44.482 49.51 50.723 49.86 50.542 51.449 43.781 42.523 42.812 42.745
