dsm/se3237_DSM_2M.asc
ncols 500
nrows 500
xllcorner    432000
yllcorner    437000
cellsize     2
NODATA_value -9999
[rows 384 to 415 of 500, columns 365 to 437 of 500]
98.72 98.671 98.601 98.532 98.503 98.448 98.399 98.399 98.344 98.316 98.315 98.234 98.176 98.129 98.132 98.116 98.127 98.135 98.067 97.993 97.942 97.925 97.921 97.936 97.922 97.886 97.866 97.852 97.832 97.742 97.725 97.688 97.65 97.657 97.698 97.662 97.643 97.668 97.63 97.608 97.55 97.518 103.831 105.581 109.85 111.228 112.007 111.764 110.864 110.102 106.994 103.395 97.169 96.499 97.896 101.502 99.437 109.167 108.996 107.105 107.752 108.14 105.189 108.56 111.24 111.524 110.247 109.21 101.657 98.028 95.45 95.433 95.431
98.639 98.583 98.511 98.438 98.415 98.365 98.321 98.311 98.293 98.237 98.217 98.172 98.109 98.095 98.094 98.083 98.087 98.075 98.019 97.951 97.856 97.848 97.849 97.877 97.872 97.819 97.782 97.826 97.784 97.719 97.669 97.622 97.58 97.599 97.631 97.585 97.621 97.576 97.523 97.511 97.495 97.491 105.376 106.886 109.598 110.34 111.18 111.017 107.231 109.524 106.727 100.178 96.595 100.752 104.367 105.768 105.561 100.606 99.524 101.601 109.082 108.811 109.714 109.597 111.213 111.193 111.179 108.712 99.669 95.938 95.418 95.403 95.404
98.529 98.469 98.406 98.37 98.345 98.32 98.265 98.231 98.208 98.186 98.171 98.145 98.086 98.051 98.081 98.047 98.027 97.987 97.923 97.864 97.791 97.811 97.772 97.816 97.8 97.774 97.735 97.71 97.719 97.673 97.598 97.521 97.492 97.493 97.515 97.482 97.521 97.476 97.434 97.428 97.407 98.04 105.855 107.559 108.992 110.051 110.193 109.155 108.577 108.125 101.083 96.3 101.124 103.509 104.485 107.485 108.868 102.471 107.415 101.697 108.899 109.946 111.56 112.382 111.47 109.337 108.867 101.297 95.565 95.474 95.399 95.397 95.366
98.449 98.39 98.338 98.282 98.299 98.271 98.198 98.169 98.146 98.131 98.096 98.054 98.05 98.039 98.025 98.024 97.981 97.924 97.839 97.819 97.757 97.741 97.717 97.724 97.708 97.665 97.647 97.634 97.586 97.569 97.506 97.423 97.409 97.384 97.388 97.359 97.376 97.373 97.318 97.314 97.415 103.266 106.429 108.596 108.807 109.614 108.901 107.544 108.101 105.061 97.41 96.484 103.014 103.42 105.788 108.029 109.088 108.901 107.862 105.295 109.585 110.033 112.819 113.029 111.835 108.564 107.804 99.053 95.518 95.412 95.372 95.362 95.302
98.409 98.321 98.267 98.25 98.257 98.215 98.154 98.108 98.068 98.084 98.072 98.033 98.041 98.029 97.974 97.962 97.917 97.838 97.798 97.747 97.687 97.667 97.671 97.659 97.595 97.584 97.546 97.537 97.516 97.43 97.356 97.306 97.327 97.28 97.272 97.247 97.251 97.17 97.215 97.148 97.236 101.598 107.753 108.471 108.498 107.503 105.98 102.431 98.15 97.285 96.319 96.254 102.017 98.602 102.277 106.431 106.744 107.685 107.695 108.666 109.717 110.429 111.999 112.474 110.71 108.67 107.745 96.892 95.405 95.416 95.384 95.316 95.301
98.331 98.285 98.217 98.196 98.172 98.155 98.104 98.077 98.048 98.056 98.049 97.998 97.978 97.973 97.947 97.89 97.837 97.77 97.707 97.673 97.628 97.593 97.573 97.579 97.521 97.497 97.479 97.474 97.421 97.346 97.3 97.259 97.22 97.188 97.158 97.115 97.145 97.125 97.142 97.061 97.077 98.042 105.489 106.921 107.031 104.789 98.519 96.31 96.347 96.329 96.282 96.19 98.87 103.5 101.188 99.575 99.78 106.635 108.82 110.051 109.683 109.799 110.875 111.201 109.235 108.869 101.535 96.741 95.296 95.33 95.305 95.255 95.19
98.31 98.264 98.2 98.165 98.136 98.135 98.088 98.063 98.039 98.038 97.998 97.961 97.944 97.94 97.855 97.816 97.765 97.692 97.65 97.609 97.568 97.49 97.497 97.483 97.44 97.418 97.389 97.411 97.36 97.271 97.235 97.183 97.14 97.068 97.053 96.987 96.987 96.984 96.969 96.961 96.981 96.988 98.005 100.928 100.004 96.82 96.299 96.384 96.275 96.263 96.188 96.418 102.473 108.647 109.596 100.16 99.027 101.285 109.158 110.617 110.717 109.755 109.558 109.931 108.289 108.734 105.294 97.395 95.266 95.248 95.363 95.84 95.121
98.222 98.172 98.147 98.151 98.127 98.095 98.037 98.01 97.97 97.994 98 97.951 97.909 97.842 97.793 97.718 97.671 97.578 97.526 97.503 97.429 97.405 97.415 97.437 97.425 97.367 97.337 97.325 97.284 97.227 97.167 97.066 97.029 96.986 97.031 98.82 103.788 98.984 96.727 96.776 96.829 96.776 96.492 96.237 96.179 96.277 96.267 96.271 96.211 96.204 96.262 100.071 110.203 116.052 119.735 116.658 99.628 106.052 108.399 110.475 110.714 109.746 108.678 107.999 107.798 107.837 99.962 95.184 95.192 95.247 95.679 96.066 95.075
98.177 98.134 98.095 98.084 98.077 98.045 97.992 97.917 97.899 97.921 97.9 97.867 97.835 97.769 97.694 97.646 97.58 97.512 97.506 97.449 97.394 97.345 97.346 97.334 97.332 97.299 97.257 97.25 97.227 97.134 97.067 96.999 96.938 96.888 100.691 102.981 106.031 100.445 102.608 96.767 96.643 96.485 96.323 96.207 96.257 96.271 96.233 96.269 96.155 96.254 97.505 99.556 106.391 110.048 111.14 106.638 97.56 95.748 108.275 108.94 109.687 109.78 106.797 103.615 103.729 103.451 96.148 95.143 95.145 96.001 98.328 98.319 95.629
98.126 98.107 98.066 98.023 98.009 97.994 97.93 97.881 97.827 97.851 97.824 97.79 97.704 97.629 97.619 97.547 97.493 97.448 97.433 97.349 97.318 97.287 97.293 97.246 97.239 97.208 97.176 97.158 97.123 97.068 97.01 96.909 96.843 96.81 96.861 101.392 109.88 106.064 102.245 96.716 96.357 96.225 96.184 96.173 96.274 96.241 96.185 96.161 96.212 96.325 101.433 100.351 100.449 98.896 103.466 95.239 95.246 95.449 105.847 108.156 107.9 104.707 103.038 99.852 97.503 95.977 94.994 95.084 96.28 98.352 98.487 98.593 95.323
98.089 98.054 98.012 97.99 97.973 97.924 97.835 97.778 97.771 97.757 97.721 97.695 97.643 97.576 97.546 97.439 97.408 97.377 97.329 97.277 97.239 97.211 97.177 97.168 97.163 97.116 97.092 97.063 97.042 96.977 96.924 96.858 96.789 96.734 97.918 105.716 109.323 109.673 108.157 108.977 96.633 96.186 96.213 96.166 96.181 96.177 99.374 96.16 96.204 98.445 103.186 104.37 100.897 96.102 95.249 95.241 95.243 95.219 95.493 100.539 100.198 99.953 100.822 96.524 94.996 94.937 94.949 98.131 105.313 106.54 98.955 96.046 94.928
98.038 98.004 97.992 97.964 97.901 97.878 97.846 97.754 97.73 97.667 97.63 97.618 97.586 97.522 97.44 97.361 97.343 97.316 97.265 97.218 97.172 97.138 97.104 97.092 97.046 97.016 96.993 96.997 96.921 96.892 96.859 96.808 96.758 101.663 104.577 109.622 111.649 110.17 108.689 105.513 107.353 98.242 96.188 96.187 96.145 97.518 100.816 98.717 99.05 100.951 101.676 102.361 97.959 95.319 95.281 95.214 95.228 95.211 95.191 97.067 98.836 99.558 99.334 96.771 95.117 94.91 94.908 95.377 105.307 106.522 99.444 95.127 96.677
98.01 97.963 97.959 97.928 97.879 97.823 97.799 97.744 97.664 97.629 97.58 97.582 97.538 97.453 97.372 97.305 97.285 97.288 97.205 97.126 97.046 97.05 97.01 96.979 96.957 96.938 96.882 96.886 96.829 96.799 96.773 96.717 96.881 105.83 107.886 110.083 110.192 111.111 108.653 110.052 105.651 96.497 96.174 96.143 96.125 102.814 104.172 103.569 98.636 102.099 102.357 101.102 98.606 95.99 95.28 95.234 95.209 95.165 95.14 95.121 96.679 99.254 100.206 99.334 96.271 94.935 94.812 94.844 95.065 95.84 94.99 96.273 97.384
97.949 97.916 97.889 97.879 97.833 97.779 97.744 97.704 97.653 97.611 97.551 97.516 97.475 97.38 97.31 97.253 97.235 97.215 97.125 97.071 96.994 96.973 96.919 96.914 96.851 96.837 96.84 96.79 96.771 96.696 96.658 96.806 103.595 106.84 107.205 108.63 106.551 108.182 109.924 100.833 103.295 98.827 96.128 96.053 96.496 104.369 107.009 108.759 116.225 118.791 117.378 110.85 104.243 99.215 96.457 95.221 95.185 95.123 95.093 95.092 95.071 96.447 99.337 100.639 99.929 97.776 94.805 94.753 94.808 94.824 94.905 97.19 98.004
97.932 97.874 97.841 97.829 97.793 97.746 97.712 97.663 97.644 97.563 97.496 97.484 97.418 97.319 97.254 97.224 97.196 97.118 97.043 96.98 96.924 96.89 96.851 96.797 96.749 96.748 96.749 96.724 96.668 96.609 98.527 103.309 105.564 108.302 108.577 107.928 107.013 102.646 99.769 98.538 96.182 96.17 96.14 96.186 97.137 103.583 104.022 110.864 112.522 121.649 118.57 117.687 103.995 102.155 98.273 95.234 95.131 95.086 95.068 95.041 95.005 96.154 98.184 99.791 100.625 98.88 95.399 94.636 94.645 94.724 97.103 100.752 96.572
97.831 97.839 97.784 97.778 97.763 97.734 97.678 97.643 97.55 97.528 97.461 97.433 97.363 97.288 97.23 97.17 97.113 97.073 97.006 96.972 96.854 96.81 96.752 96.694 96.692 96.68 96.638 96.636 96.563 96.526 97.233 104.239 105.982 108.015 107.494 107.915 106.965 102.551 96.163 96.119 96.153 96.112 99.427 105.486 105.879 105.448 104.213 106.949 115.027 116.256 120.173 112.371 106.246 99.809 97.24 95.146 95.126 95.07 95.026 94.967 94.957 94.912 94.861 98.372 98.775 100.067 97.907 95.267 94.505 94.584 94.608 94.88 95.193
97.785 97.755 97.747 97.698 97.684 97.677 97.633 97.591 97.543 97.466 97.409 97.356 97.298 97.225 97.171 97.107 97.022 96.969 96.931 96.887 96.844 96.722 96.676 96.62 96.614 96.576 96.586 96.534 96.495 99.854 102.073 105.672 106.561 106.756 105.13 106.133 107.163 106.528 96.254 96.168 96.167 99.522 105.092 105.917 108.038 107.18 106.327 104.978 103.239 109.778 114.329 110.252 102.553 96.795 95.162 95.123 95.067 94.979 94.962 94.919 94.896 94.881 94.809 94.763 96.949 99.402 100.319 99.082 94.611 94.477 94.514 94.541 94.509
97.784 97.741 97.713 97.658 97.636 97.621 97.593 97.523 97.461 97.384 97.348 97.306 97.27 97.164 97.106 97.026 96.98 96.921 96.844 96.813 96.749 96.671 96.659 96.584 96.495 96.474 96.469 96.485 97.523 102.682 105.745 106.193 107.632 106.303 104.41 105.744 106.398 98.98 96.11 96.352 102.963 105.533 107.603 108.188 108.887 108.469 106.618 100.773 100.114 101.679 102.76 102.161 100.03 95.798 95.266 95.075 95.033 94.974 94.881 94.852 94.826 94.832 94.787 94.715 94.675 98.344 100.386 100.38 97.915 94.474 94.369 94.446 94.444
97.705 97.645 97.635 97.587 97.592 97.54 97.503 97.432 97.389 97.323 97.29 97.237 97.154 97.098 97.008 96.952 96.884 96.803 96.78 96.747 96.686 96.578 96.581 96.533 96.478 96.406 96.368 96.394 97.52 105.151 105.432 107.596 108.258 107.284 105.492 104.347 98.839 96.082 96.508 103.273 103.76 107.678 109.069 109.271 109.511 109.71 108.964 105.41 102.776 102.931 103.37 103.232 100.313 95.633 95.418 95.101 94.97 94.906 94.868 94.813 94.791 94.74 94.734 94.675 94.637 96.432 99.212 99.884 100.508 98.671 94.38 94.297 94.27
97.663 97.601 97.549 97.535 97.505 97.447 97.401 97.333 97.295 97.283 97.243 97.166 97.07 97.02 96.954 96.907 96.824 96.785 96.738 96.701 96.621 96.578 96.512 96.416 96.404 96.321 96.286 96.964 101.143 103.74 104.518 107.491 107.643 106.086 98.84 97.759 96.226 100.496 103.398 106.653 107.211 108.666 109.307 109.808 108.771 105.033 107.618 107.529 106.114 105.075 101.386 102.011 101.224 99.754 95.515 95.25 94.933 94.859 94.806 94.797 94.729 94.684 94.653 94.644 94.618 94.62 98.139 103.506 105.091 103.466 97.443 94.157 94.122
97.563 97.498 97.462 97.414 97.38 97.349 97.314 97.257 97.21 97.16 97.139 97.1 97.06 96.978 96.889 96.823 96.754 96.725 96.681 96.668 96.597 96.517 96.469 96.387 96.336 96.309 98.619 100.713 105.686 107.252 107.464 106.933 106.365 104.104 96.764 96.034 98.836 107.49 107.517 109.97 109.849 108.503 109.644 108.928 110.317 109.995 109.378 108.574 105.465 101.941 96.607 102.02 101.953 100.681 96.44 95.255 95.157 94.8 94.783 94.724 94.685 94.637 94.602 94.631 94.596 94.508 95.925 105.171 106.32 103.07 99.063 95.017 94.104
97.477 97.412 97.372 97.327 97.304 97.253 97.224 97.195 97.101 97.084 97.047 97.008 96.922 96.884 96.809 96.777 96.711 96.655 96.611 96.581 96.518 96.479 96.435 96.355 96.302 98.39 101.743 105.268 107.3 108.729 108.856 107.941 103.715 96.768 95.998 96.096 103.712 107.337 107.677 109.708 101.906 108.757 109.426 109.483 109.42 109.405 108.288 107.672 103.722 103.129 97.013 101.471 104.328 101.99 96.713 95.418 97.57 95.239 94.727 94.704 95.463 94.635 94.626 94.616 94.853 96.026 97.413 100.973 103.083 99.601 97.775 98.542 95.281
97.373 97.312 97.271 97.248 97.216 97.181 97.153 97.109 97.022 96.954 96.931 96.926 96.893 96.812 96.742 96.693 96.66 96.62 96.57 96.518 96.472 96.448 96.378 96.298 96.269 97.852 103.813 106.862 108.053 108.686 109.046 107.741 99.079 95.962 95.96 96.023 105.99 107.747 107.681 108.463 109.211 109.136 108.703 98.02 108.154 109.063 107.59 105.291 99.632 99.108 96.411 98.038 103.877 100.424 99.565 97.946 96.366 96.293 95.064 94.658 95.916 94.663 94.729 99.124 101.591 97.29 95.396 94.791 97.245 98.66 98.579 99.099 98.571
97.26 97.229 97.205 97.197 97.118 97.093 97.07 97.053 96.969 96.918 96.85 96.812 96.792 96.744 96.715 96.662 96.587 96.527 96.479 96.437 96.403 96.397 96.317 96.261 96.249 100.075 104.039 107.233 107.906 108.976 108.765 107.377 97.103 95.906 95.933 100.829 105.956 108.224 108.249 108.069 109.119 109.445 109.366 107.794 104.876 106.26 101.142 98.349 96.952 96.082 95.615 95.084 106.186 107.119 99.188 107 105.456 105.13 103.193 94.893 94.637 94.649 99.96 102.89 103.212 102.094 100.157 94.82 94.331 97.904 98.454 98.857 99.75
97.19 97.151 97.153 97.113 97.066 97.05 97.031 96.955 96.862 96.827 96.801 96.753 96.723 96.707 96.682 96.626 96.559 96.508 96.479 96.42 96.361 96.318 96.268 96.206 101.536 104.196 105.012 105.689 107.262 108.109 107.923 99.321 95.931 95.95 95.864 96.823 106.02 107.805 108.384 108.987 109.215 108.457 108.455 106.125 102.48 96.451 94.856 94.822 94.811 94.753 95.237 97.557 102.138 101.865 107.568 101.795 105.331 97.292 97.441 94.794 95.271 99.678 102.354 103.937 104.405 104.371 101.769 99.682 94.445 94.268 94.323 97.873 95.215
97.114 97.1 97.094 97.036 97.014 96.951 96.919 96.857 96.778 96.727 96.705 96.666 96.656 96.627 96.586 96.567 96.516 96.48 96.422 96.393 96.327 96.291 96.229 101.924 105.113 106.826 107.683 106.672 105.939 104.066 99.26 96.768 95.931 95.913 95.862 98.886 103.448 106.995 103.828 107.664 107.857 107.422 106.738 105.295 103.071 98.111 94.829 94.826 94.829 94.817 94.912 102.437 101.971 105.61 101.387 106.528 99.58 102.727 101.956 95.246 100.093 102.598 103.636 105.163 104.499 103.506 102.614 99.533 95.489 94.1 94.009 93.997 96.218
97.058 97.031 97.013 96.972 96.896 96.862 96.79 96.719 96.675 96.669 96.631 96.625 96.588 96.554 96.513 96.504 96.474 96.451 96.388 96.318 96.301 96.246 97.186 104.253 105.934 107.971 109.043 108.733 102.417 95.866 95.855 95.886 95.898 95.809 95.719 95.766 97.43 101.855 101.458 104.873 105.882 106.982 106.985 105.452 102.538 97.515 94.787 94.814 94.832 94.804 100.147 102.033 102.042 107.711 104.724 102.333 105.18 108.708 105.564 106.158 102.303 104.108 104.908 104.447 103.333 104.006 101.789 96.241 94.154 94.091 93.995 93.903 93.87
96.976 96.949 96.943 96.893 96.836 96.77 96.704 96.649 96.597 96.594 96.572 96.536 96.513 96.484 96.427 96.442 96.442 96.397 96.338 96.275 96.237 96.194 96.154 103.674 105.253 108.503 109.108 107.385 101.889 95.88 95.873 95.906 95.83 96.262 97.046 99.987 98.794 96.05 96.365 98.849 99.638 103.902 97.323 100.617 95.778 94.871 95.344 94.826 94.824 94.975 100.458 96.346 103.677 104.065 106.994 108.166 109.028 109.196 109.239 108.314 96.693 103.855 104.921 104.555 103.491 102.586 97.598 94.268 94.064 94.04 93.928 93.83 93.758
96.916 96.885 96.84 96.806 96.769 96.672 96.638 96.586 96.529 96.515 96.481 96.472 96.431 96.388 96.383 96.364 96.364 96.339 96.288 96.231 96.203 96.148 100.934 105.322 105.261 106.732 107.358 104.535 97.237 95.764 95.817 95.832 96.024 101.274 104.288 107.652 105.491 99.786 101.213 104.247 100.145 97.63 96.597 95.393 94.866 94.907 94.863 94.844 94.805 94.841 95.728 103.346 104.085 99.375 102.264 108.118 109.651 111.161 109.57 109.554 107.729 97.44 104.003 104.719 103.873 101.789 99.089 95.835 94.183 93.967 93.871 93.787 93.697
96.824 96.768 96.757 96.74 96.672 96.575 96.531 96.514 96.474 96.447 96.419 96.417 96.392 96.337 96.302 96.284 96.282 96.275 96.264 96.195 96.141 96.28 105.072 105.921 103.946 97.856 98.893 96.903 95.753 95.779 95.727 95.878 101.527 106.917 107.999 106.585 109.223 103.132 106.426 106.045 97.833 98.029 98.261 95.999 94.899 94.897 94.897 94.83 94.838 94.842 94.858 96.385 100.973 106.53 107.884 108.645 110.421 110.935 110.534 110.213 105.807 102.537 98.902 103.285 102.684 102.473 99.419 94.981 93.974 93.897 93.759 93.702 93.666
96.718 96.708 96.693 96.652 96.615 96.532 96.445 96.407 96.4 96.398 96.393 96.375 96.347 96.305 96.229 96.213 96.211 96.225 96.196 96.171 96.247 98.672 105.201 105.511 105.076 99.558 95.883 95.779 95.767 95.733 95.749 95.674 101.326 105.631 109.936 103.385 109.844 109.653 109.911 107.26 103.007 98.073 101.042 99.609 95.019 94.892 94.885 94.86 94.831 94.817 94.814 94.818 94.813 101.914 107.934 108.209 109.149 110.655 109.056 109.475 109.713 107.455 97.296 100.614 101.669 100.678 97.147 93.977 93.85 93.816 93.721 93.664 93.655
96.683 96.673 96.616 96.585 96.537 96.486 96.423 96.374 96.331 96.341 96.331 96.315 96.281 96.239 96.201 96.193 96.165 96.125 96.285 100.544 103.033 103.027 103.103 104.433 103.131 96.694 95.739 95.765 95.815 95.729 95.69 96.871 95.707 103.397 107.942 108.358 110.784 111.508 110.854 109.025 104.609 100.721 100.781 101.239 97.54 94.895 94.874 94.835 94.802 94.818 94.815 95.495 95.248 102.516 107.036 108.592 108.31 108.072 107.234 106.882 106.275 106.571 95.464 94.982 99.159 97.178 94.278 94.139 93.87 93.754 93.686 93.615 93.574
