dsm/se3234_DSM_2M.asc
ncols 500
nrows 500
xllcorner    432000
yllcorner    434000
cellsize     2
NODATA_value -9999
[rows 160 to 191 of 500, columns 360 to 431 of 500]
92.295 92.283 92.283 92.3 92.34 92.355 92.368 92.39 92.383 92.393 92.353 92.048 91.598 91.143 90.713 90.288 89.84 89.32 88.663 87.958 87.283 86.58 85.845 85.163 84.553 84.1 83.43 83.353 83.3 83.208 83.17 83.128 83.095 83.043 82.985 82.95 83.418 83.043 82.995 82.97 82.92 82.838 82.803 82.793 82.783 82.745 82.783 82.793 82.765 82.733 82.705 82.683 82.673 82.65 82.613 82.575 82.518 82.705 86 82.683 82.738 82.7 82.688 82.683 82.683 82.685 82.7 82.748 82.79 82.818 82.893 82.99
92.275 92.285 92.275 92.28 92.31 92.333 92.343 92.393 92.37 92.225 91.818 91.383 90.943 90.483 90.013 89.568 89.108 88.593 87.995 87.355 86.795 86.263 85.643 85.013 84.423 84.078 83.365 83.295 83.218 83.15 83.123 83.103 83.045 82.975 82.908 82.893 83.36 83.03 83.815 82.89 82.8 82.763 83.813 82.685 82.665 82.685 82.698 82.723 82.663 82.598 82.553 82.575 82.478 82.47 82.418 82.41 82.333 82.443 82.43 82.475 82.463 82.493 82.52 82.565 82.583 82.588 82.613 82.67 82.728 82.788 82.845 82.905
92.27 92.27 92.265 92.265 92.283 92.305 92.31 92.283 91.943 91.545 91.138 90.688 90.22 89.73 89.23 88.75 88.258 87.74 87.183 86.603 86.008 85.435 84.888 84.22 84.013 83.45 83.353 83.23 83.158 83.135 83.095 83.07 83.005 82.918 82.838 82.788 82.783 82.95 83.193 82.748 82.698 83.63 83.12 82.598 82.563 82.563 82.563 82.608 82.508 82.433 82.41 82.37 82.34 82.313 82.288 82.24 82.188 82.24 82.255 82.27 82.298 82.285 82.285 82.34 82.36 82.403 82.46 82.523 82.583 82.653 82.71 82.783
92.273 92.258 92.278 92.298 92.313 92.303 92.103 91.7 91.298 90.855 90.413 89.903 89.438 88.905 88.398 87.898 87.385 86.863 86.308 85.755 85.085 84.448 83.935 83.65 83.44 83.385 83.263 83.165 83.125 83.083 83.053 83.005 82.933 82.85 82.778 82.72 82.71 82.683 82.883 82.675 82.585 82.518 82.498 82.465 82.448 82.45 82.46 82.425 82.37 82.308 82.245 82.218 82.22 82.163 82.11 82.113 82.07 82.088 82.085 82.108 82.088 82.123 82.138 82.15 82.2 82.253 82.308 82.39 82.49 82.57 82.63 82.698
92.268 92.295 92.29 92.31 92.24 91.858 91.433 91.013 90.578 90.108 89.605 89.103 88.608 88.078 87.533 87.02 86.523 85.998 85.435 84.805 84.053 83.618 83.478 83.42 83.395 83.338 83.185 83.123 83.085 83.055 83.005 82.94 82.855 82.775 82.705 82.65 82.593 82.588 82.573 82.853 83.543 82.403 82.378 82.358 82.353 82.313 82.313 82.313 82.255 82.193 82.113 82.028 82.018 81.975 81.945 81.945 81.96 81.93 81.953 81.93 81.953 81.97 81.998 82.018 82.093 82.168 82.223 82.293 82.32 82.335 82.375 82.47
92.275 92.288 92.285 92.05 91.628 91.215 90.785 90.313 89.8 89.29 88.808 88.275 87.77 87.243 86.69 86.155 85.665 85.105 84.503 83.765 83.543 83.483 83.443 83.39 83.3 83.195 83.145 83.105 83.073 83.04 82.978 82.885 82.805 82.71 82.64 82.57 82.505 82.478 82.465 82.498 82.94 82.343 82.305 82.295 82.27 82.228 82.205 82.185 82.15 82.093 82 81.9 81.863 81.818 81.868 81.823 81.845 81.78 81.825 81.823 81.818 81.828 81.9 81.94 82.008 82.055 82.068 82.13 82.13 82.11 82.183 82.253
92.263 92.19 91.833 91.398 90.973 90.538 90.063 89.523 88.985 88.478 87.968 87.448 86.923 86.413 85.913 85.383 84.77 84.15 83.638 83.528 83.5 83.455 83.373 83.275 83.23 83.178 83.118 83.083 83.055 83.17 83.058 82.92 82.758 82.675 82.585 82.505 82.425 82.378 82.375 82.365 82.433 82.798 82.323 82.258 82.185 82.145 82.105 82.073 82.063 82 81.983 81.818 81.755 81.718 82.423 82.455 81.703 81.72 81.705 81.67 81.723 81.728 81.738 81.755 81.813 81.873 81.868 81.925 81.958 81.945 81.995 82.023
92.025 91.583 91.178 90.708 90.26 89.785 89.278 88.743 88.198 87.673 87.13 86.608 85.965 85.555 85.103 84.413 83.82 83.595 83.545 83.493 83.458 83.358 83.303 83.26 83.21 83.155 83.108 83.503 83.093 83.24 82.96 82.808 82.728 82.64 82.538 82.438 82.375 82.313 82.283 82.283 82.26 82.335 82.413 82.185 82.098 82.073 82.045 81.993 81.953 81.955 81.875 81.738 81.648 81.62 81.64 81.623 81.618 81.603 81.6 81.615 81.598 81.623 81.598 81.613 81.658 81.72 81.72 81.733 81.845 81.818 81.843 81.848
91.34 90.915 90.478 89.993 89.518 88.995 88.448 87.913 87.388 86.873 86.253 85.748 85.255 84.703 84.098 83.698 83.593 83.558 83.505 83.443 83.355 83.315 83.285 83.233 83.173 83.11 83.183 83.085 83.033 82.965 83.078 82.74 82.68 82.59 82.488 82.39 82.31 82.26 82.22 82.218 82.22 82.248 82.338 82.285 82.048 81.978 81.975 81.918 81.905 81.88 81.825 81.72 81.615 81.595 81.62 81.56 81.55 81.565 81.538 81.525 81.493 81.493 81.488 81.528 82.025 82.288 81.645 82.858 81.965 81.663 81.643 81.748
90.645 90.185 89.705 89.213 88.708 88.163 87.62 87.11 86.583 86 85.483 84.885 84.33 83.955 83.673 83.618 83.563 83.515 83.42 83.358 83.335 83.288 83.235 83.168 83.45 83.175 83.1 83.038 82.935 82.88 83.01 82.695 82.585 82.545 82.433 82.335 82.253 82.203 82.178 82.17 82.198 82.208 82.21 82.365 82.158 81.978 81.92 81.873 81.828 81.803 81.77 81.698 81.678 82.943 81.573 81.538 81.525 81.508 81.48 81.443 81.415 81.415 81.428 81.488 81.575 83.245 81.545 81.553 81.543 81.503 81.52 81.455
89.89 89.418 88.853 88.233 87.775 87.33 86.818 86.2 85.643 85.16 84.685 84.143 83.783 83.703 83.643 83.595 83.515 83.42 83.388 83.345 83.298 83.235 83.345 83.698 83.388 83.295 83.018 82.923 82.868 82.78 82.79 82.75 82.535 82.508 82.353 82.278 82.21 82.14 82.135 82.13 82.165 82.208 82.338 82.265 82.41 83.018 81.885 81.835 81.798 81.763 81.683 81.66 81.633 81.59 81.52 81.508 81.48 81.47 83.305 81.413 81.413 81.413 81.46 81.458 81.453 81.453 81.473 81.44 81.433 82.043 81.44 81.435
89.095 88.435 87.935 87.423 86.905 86.428 85.843 85.165 84.628 84.32 84.003 83.745 83.708 83.663 83.605 83.505 83.45 83.413 83.358 83.3 83.21 83.273 83.3 83.363 83.313 83.253 82.97 82.795 82.773 83.09 88.215 86.123 82.478 82.4 82.27 82.208 82.165 82.098 82.05 82.13 82.205 82.23 82.26 82.283 82.368 82.565 82.1 81.82 81.765 81.738 81.68 81.61 81.585 81.525 81.485 81.498 81.465 81.465 82.738 81.388 81.41 81.41 81.473 81.443 81.408 81.408 81.4 81.378 83.73 83.773 81.46 81.435
88.253 87.78 87.233 86.658 86.085 85.585 84.885 84.18 83.895 83.853 83.75 83.7 83.66 83.595 83.493 83.465 83.413 83.363 83.298 83.268 83.288 83.233 83.2 83.098 83.23 82.873 82.773 82.757 86.173 88.327 88.946 89.608 83.462 82.316 82.342 82.235 82.173 82.078 82.125 82.178 82.24 82.26 82.273 82.283 82.303 82.31 82.538 81.863 81.74 83.148 81.64 81.56 81.55 81.505 81.463 81.505 81.453 81.433 81.418 81.41 81.405 81.423 81.408 81.383 81.383 81.303 81.333 81.383 81.413 81.423 81.425 81.425
87.66 87.145 86.495 85.855 85.338 84.985 84.548 83.898 83.828 83.785 83.725 83.665 83.575 83.513 83.473 83.418 83.37 83.305 83.295 83.278 83.263 83.203 83.138 83.093 83.313 82.758 83.176 87.833 88.382 88.907 89.486 89.955 88.969 82.898 82.333 82.349 82.154 82.182 82.215 82.236 82.27 82.273 82.24 82.235 82.25 82.253 82.28 82.363 81.815 81.7 81.588 81.515 81.473 81.455 81.445 81.468 81.453 81.453 81.478 82.14 81.408 81.365 81.338 81.288 81.318 81.348 81.375 81.39 81.388 81.4 81.403 81.42
86.97 86.415 85.888 85.173 84.9 84.755 83.94 83.853 83.798 83.745 83.68 83.588 83.535 83.478 83.438 83.385 83.313 83.178 83.198 83.613 83.258 83.205 83.098 83.013 83.006 82.77 88.007 88.444 88.881 89.333 89.192 88.529 87.913 85.059 82.434 82.239 82.239 82.353 82.24 82.21 82.231 82.169 82.183 82.17 82.18 82.18 82.188 82.245 82.293 81.688 81.54 81.445 81.415 81.41 81.405 81.388 81.468 81.445 81.383 81.335 81.33 81.283 81.27 81.323 81.36 81.373 81.358 81.368 81.36 81.368 81.375 81.383
86.253 85.798 85.373 84.943 84.378 83.96 83.898 83.828 83.768 83.678 83.62 83.545 83.493 83.448 83.4 83.6 88.948 87.295 83.145 83.178 83.245 83.17 83.103 83.005 82.901 83.108 88.128 88.932 89.038 88.382 87.735 87.054 86.331 82.9 82.725 82.351 82.339 82.357 82.277 82.161 82.133 82.106 82.083 82.103 82.1 82.108 82.13 82.148 82.205 82.098 81.525 81.473 81.408 81.393 81.358 81.333 81.368 81.34 81.298 81.228 81.245 81.283 81.325 81.32 81.33 81.335 81.338 81.32 81.318 81.313 81.353 81.353
85.553 85.21 84.64 84.128 84.013 83.94 83.863 83.77 83.68 83.638 83.563 83.518 83.46 83.365 87.145 91.085 89.97 88.833 83.608 83.148 83.155 83.234 83.05 82.997 82.854 82.8 82.7 88.53 87.769 87.094 86.546 83.581 82.815 82.836 83.339 83.251 82.427 82.285 82.319 82.13 82.083 82.059 82.016 82.007 82.04 82.048 82.075 82.095 82.115 82.183 81.815 81.51 81.378 81.315 81.285 81.26 81.28 81.238 81.23 81.26 81.28 81.3 81.305 81.313 81.298 81.288 81.283 81.278 81.273 81.408 81.465 81.498
84.695 84.22 84.145 84.073 84.03 83.925 83.77 83.72 83.673 83.605 83.543 83.495 83.208 88.64 89.808 90.908 90.715 89.575 88.04 83.112 83.818 83.442 83.049 82.909 82.822 82.72 82.696 83.59 86.523 85.555 82.859 83.224 82.727 82.726 83.143 83.383 82.901 82.148 82.127 82.065 82.034 82.008 81.979 81.958 81.979 82.008 82.023 82.043 82.08 82.193 82.155 81.543 81.36 81.313 81.24 81.268 81.273 81.265 81.275 81.275 81.283 81.288 81.295 81.293 81.263 81.215 81.243 81.378 81.49 81.418 81.465 81.458
84.275 84.203 84.135 84.065 83.958 83.855 83.773 83.675 83.65 83.583 83.558 83.28 83.035 83.805 89.025 90.17 91.185 90.043 88.732 85.875 83.216 83.025 82.972 82.867 82.781 82.69 82.618 82.63 83.088 82.769 82.916 82.724 82.801 83.127 82.874 82.926 83.107 82.161 82.069 82.051 81.998 81.967 81.945 81.944 81.935 81.97 82.019 82.175 82.16 82.065 81.78 81.395 81.355 81.25 81.268 81.31 81.303 81.273 81.275 81.278 81.265 81.235 81.24 81.23 81.2 81.268 81.535 81.55 81.393 81.363 81.338 81.375
84.283 84.213 84.095 83.98 83.92 83.863 83.783 83.675 83.62 83.608 83.35 83.225 83.088 83.035 87.048 89.308 90.173 90.303 88.999 87.793 83.138 82.977 82.947 82.859 82.76 82.659 82.65 82.712 82.772 82.658 82.662 82.562 82.644 82.816 82.567 82.439 82.859 82.812 82.049 82.029 81.995 81.96 81.944 81.941 81.966 82.157 82.19 82.123 81.79 81.515 81.433 81.365 81.308 81.31 81.315 81.31 81.285 81.275 81.263 81.243 82.095 82.488 81.258 81.228 81.22 81.233 81.42 81.353 81.328 81.298 81.275 83.413
84.23 84.12 84.048 83.995 83.918 83.835 83.748 83.733 83.733 83.545 83.418 83.3 83.208 83.038 83.021 88.271 89.075 89.755 89.19 87.995 86.93 83.04 83.338 83.219 82.794 82.651 82.881 82.909 82.818 82.663 82.516 82.472 82.848 82.472 82.41 82.384 82.348 82.683 82.3 82.011 81.992 81.969 81.921 81.945 82.131 82.196 81.829 81.603 81.513 81.413 81.373 81.385 81.388 81.335 81.32 81.305 81.28 81.25 81.213 81.168 81.233 81.11 81.295 81.755 84.083 81.94 81.795 81.415 81.32 81.34 83.32 83.913
84.188 84.13 84.053 83.973 83.89 83.808 83.83 83.775 83.703 83.645 83.51 83.383 83.342 83.114 83.074 84.785 88.021 88.716 89.148 88.138 87.086 85.25 83.558 82.963 82.931 82.805 82.706 82.87 82.835 82.758 82.504 82.415 82.403 82.371 82.35 82.351 82.299 82.247 82.685 82.894 83.494 83.124 81.872 81.876 82.287 81.671 81.572 81.533 81.46 81.46 81.458 81.415 81.398 81.368 81.343 81.298 81.253 81.19 81.16 80.953 81.288 81.658 83.33 82.948 82.413 84.945 83.745 81.938 81.805 82.123 82.42 83.808
84.203 84.118 84.038 83.965 84.193 83.903 83.855 83.825 83.763 83.71 83.608 83.471 83.331 83.229 83.079 82.961 85.769 87.741 88.254 88.212 87.536 83.538 83.114 82.838 82.951 82.978 82.832 82.755 82.572 82.483 82.406 82.407 82.358 82.626 82.291 82.3 82.279 82.216 82.305 84.615 85.458 83.325 82.746 81.713 81.637 81.54 82.713 81.811 81.527 81.513 81.475 81.433 81.4 81.373 81.318 81.273 81.218 81.195 81.24 82.528 84.733 84.578 81.4 82.065 81.418 82.715 84.878 81.82 81.365 81.643 82.22 80.185
84.183 84.103 84.05 85.445 84.63 83.95 83.905 83.88 83.79 83.711 83.702 84.219 83.434 83.252 83.09 82.985 82.971 86.8 87.359 86.33 85.484 86.204 85.353 82.956 83.417 82.828 83.446 82.781 82.452 82.404 82.38 82.375 82.327 82.391 82.293 82.274 82.254 82.367 83.592 82.699 84.84 82.825 81.802 81.654 81.623 81.625 81.602 81.578 81.541 81.52 81.475 81.44 81.393 81.35 81.305 81.283 81.27 81.27 81.225 83.868 81.553 81.283 81.533 81.425 81.855 81.963 84.43 80.733 80.07 80.955 80.485 80.288
84.195 84.09 90.48 90.69 89.55 83.963 83.93 84.403 84.381 83.713 83.677 83.716 83.465 83.281 83.143 82.983 82.882 83.984 83.334 86.821 87.133 86.406 85.817 84.506 83.311 83.608 83.177 82.524 82.471 82.425 82.377 82.595 82.313 82.766 85.344 82.455 84.351 88.182 88.935 85.585 84.345 84.48 82.771 81.705 81.7 81.678 81.638 81.584 81.539 81.523 81.619 82.337 81.385 81.273 81.465 81.298 81.25 81.225 81.208 81.678 84.885 87.215 87.645 82.358 81.198 84.72 85.6 82.16 80.01 80.168 79.968 79.905
86.043 91.013 92.08 91.415 90.305 87.995 83.935 84.011 84.044 83.745 84.201 83.619 84.179 83.294 83.147 83.237 82.887 82.766 83.878 86.132 86.487 86.297 85.76 85.013 82.788 82.644 82.674 82.576 82.484 82.444 82.41 82.386 82.36 84.744 87.937 86.483 82.843 86.478 87.405 82.566 82.782 82.755 81.83 81.764 81.734 81.703 81.647 81.607 81.552 81.5 82.345 81.613 81.44 81.668 81.863 81.285 81.33 81.293 83.68 84.62 87.648 88.355 88.288 85.673 83.713 81.845 81.023 80.003 80.085 79.858 80.333 79.9
87.653 90.248 91.385 92.11 90.921 89.585 85.215 83.945 83.775 83.685 83.679 83.528 84.406 83.328 83.177 83.076 82.897 82.802 82.777 85.263 85.802 86.066 85.366 84.637 84.052 82.64 82.588 82.53 82.479 82.435 82.409 82.458 84.347 88.477 88.663 86.682 82.54 82.169 82.478 81.937 81.944 81.906 81.833 81.773 81.725 81.699 81.643 81.604 81.541 81.556 81.627 81.62 82.101 81.455 81.565 81.475 81.16 81.448 84.755 85.13 87.683 88.303 88.805 87.69 83.995 80.488 79.873 79.82 79.595 79.49 79.578 79.923
85.275 89.515 90.653 91.494 91.185 89.899 88.625 83.81 83.737 83.677 83.581 83.505 84.794 83.286 83.192 83.315 83.057 82.859 82.86 83.212 85.012 85.608 84.979 84.414 83.926 83.058 82.568 82.581 82.633 82.534 82.585 82.608 85.248 87.808 87.918 85.6 82.037 82.013 81.994 81.981 81.935 81.895 81.839 81.783 81.722 81.695 81.662 81.988 81.665 81.834 81.801 81.842 81.74 81.513 84.295 81.615 81.18 81.14 86.763 87.683 88.248 88.283 87.748 87.208 79.495 79.395 80.13 79.685 79.355 79.95 79.668 79.558
84.113 84.15 89.604 90.378 91.061 90.079 89.002 86.8 83.746 83.634 83.544 83.479 83.374 83.284 83.236 83.343 83.393 83.209 83.335 82.882 83.401 84.425 84.48 84.201 83.689 83.384 82.658 82.851 84.829 84.077 82.557 82.409 82.525 83.323 83.368 82.443 82.123 82.075 82.035 82.004 81.944 81.896 81.821 81.773 81.866 81.833 82.579 84.657 82.229 81.606 81.6 81.628 83.966 87.448 88.058 87.368 80.758 81.678 84.43 87.78 87.76 86.503 81.815 79.535 81.518 80.633 79.365 79.363 79.343 79.283 79.385 79.498
84.096 84.208 87.785 89.389 89.97 90.139 89.102 87.941 84.082 83.688 83.636 83.813 83.746 83.381 83.279 86.272 83.619 83.646 82.984 82.783 82.825 83.913 83.999 83.877 83.393 83.183 82.806 82.728 84.557 84.406 82.453 82.299 82.222 82.219 82.209 82.184 82.124 82.074 82.038 81.984 81.909 81.862 81.829 81.691 81.596 82.085 85.033 85.62 84.656 81.791 84.111 86.94 88.107 88.617 89.206 89.645 83.825 81.175 81.52 84.675 80.7 79.523 79.73 79.47 80.57 79.63 79.34 79.303 79.273 79.21 79.26 83.283
84.294 84.787 84.036 88.417 88.952 89.441 89.086 88.084 87.053 83.518 83.514 83.85 83.41 83.346 83.478 84.406 83.829 82.968 82.868 83.214 82.8 82.841 83.558 85.253 84.232 82.931 82.651 82.598 82.46 82.41 82.328 82.302 82.317 82.285 82.247 82.187 82.168 82.066 82 81.937 81.862 81.829 81.824 81.868 81.741 83.561 84.031 85.15 84.088 85.308 87.99 88.61 89.171 89.629 89.155 88.596 85.43 80.23 80.253 81.138 79.795 79.373 80.045 79.965 79.345 79.32 79.33 79.268 79.195 79.165 83.61 85.873
83.993 84.032 83.982 84.701 88.031 88.474 88.832 86.354 86.23 85.098 83.517 83.749 83.701 83.631 83.846 83.788 83.568 85.984 87.163 87.42 85.355 82.995 84.997 85.554 85.153 83.043 82.584 82.53 82.416 82.421 82.432 82.403 82.34 82.316 82.257 82.217 82.176 82.07 81.987 81.976 81.928 81.841 81.793 81.769 81.847 82.144 83.518 82.81 82.336 82.935 89.047 89.45 89.208 88.674 88.054 86.764 83.998 80.275 80.008 82.74 82.195 79.368 79.638 80.63 80.78 79.28 79.355 79.505 80.123 84.265 86.433 86.645
