dsm/se3236_DSM_2M.asc
ncols 500
nrows 500
xllcorner    432000
yllcorner    436000
cellsize     2
NODATA_value -9999
[rows 384 to 415 of 500, columns 73 to 145 of 500]
53.69 53.74 55.835 56.215 54.565 54.098 58.013 60.463 61.175 62.303 62.633 61.8 61.285 59.048 55.15 56.71 55.093 55.615 55.768 55.403 55.403 55.4 55.345 55.35 55.435 55.878 55.558 55.48 55.41 55.243 56.89 63.39 63.128 57.268 56.953 57.19 59.11 57.578 57.523 57.968 58.043 58.805 58.66 58.65 58.65 59.615 59.318 58.823 58.883 58.91 58.918 58.923 58.895 58.873 58.855 58.988 59.088 59.213 59.348 59.495 59.61 60.378 61.565 62.633 64.383 63.87 63.958 63.94 63.955 64.063 64.348 65.08 65.305
53.695 53.74 53.833 54.073 54.28 54.213 58.338 61.278 62.268 62.41 61.923 60.87 59.773 55.49 55.053 55.553 55.525 55.823 55.52 55.593 55.425 55.443 55.405 55.373 55.923 55.683 55.555 55.433 55.235 56.4 63.28 64.428 64.233 63.248 57.89 57.175 57.43 57.653 57.985 58.008 58.375 59.333 58.63 58.613 58.683 59.098 58.81 58.848 58.868 58.885 58.885 58.878 58.848 58.833 59.02 59.275 59.235 59.315 59.455 60.78 61.188 62.06 62.385 64.128 63.873 64.008 64.048 64.115 64.285 64.413 65.135 65.498 65.65
53.655 53.743 53.918 55.733 54.163 54.305 54.395 59.815 61.643 61.26 60.523 55.523 54.973 55.438 55.148 55.333 56.57 55.295 55.583 55.393 55.443 55.445 55.418 55.62 56.495 55.573 55.548 55.528 55.193 63.153 64.435 65.415 64.93 63.805 61.508 57.268 57.498 57.808 58.068 58.335 58.728 58.605 58.583 58.65 58.708 58.78 58.815 58.845 58.853 58.853 58.835 58.813 58.828 59.035 59.345 59.51 59.468 59.453 59.598 60.93 63.74 62.605 64.47 63.81 64.088 64.13 64.085 64.178 64.273 65.173 65.493 65.645 65.735
54.175 54.613 58.178 60.67 56.24 55.758 54.503 54.558 60.8 59.45 55.633 55.39 55.695 55.858 55.723 56.105 55.28 55.29 55.318 55.39 55.423 55.413 55.38 56.15 55.35 55.88 55.598 56.128 63.05 64.033 65.288 65.273 63.953 62.833 57.258 57.328 57.38 58.015 58.278 58.528 58.563 58.56 58.608 58.683 58.748 58.778 58.818 58.84 58.815 58.785 58.785 58.793 58.99 59.353 59.475 59.485 59.503 59.498 62.568 63.458 63.055 65.735 64.33 63.948 63.958 64.023 64.128 64.24 64.643 65.515 65.658 65.72 65.813
58.388 60.325 61.045 61.63 60.593 54.66 54.68 54.668 55.338 54.798 54.858 55.288 55.34 55.63 56.17 55.26 55.235 55.285 55.323 55.338 55.348 55.345 55.325 55.283 55.953 56 56.428 56.368 62.563 64.018 64.993 64.095 62.453 58.16 57.315 57.378 57.96 58.333 58.548 58.563 58.535 58.57 58.645 58.715 58.758 58.783 58.805 58.798 58.77 58.75 58.8 59.07 59.348 59.473 59.463 59.475 59.448 61.958 62.465 63.413 64.193 64.783 65.11 64.48 64.02 64.088 64.243 64.828 65.543 65.653 65.748 65.78 65.888
60.683 61.503 62.215 62.058 61.218 60.045 54.615 54.798 55.953 54.938 54.95 55.728 55.538 55.645 55.195 55.213 55.255 55.263 55.248 55.258 55.305 55.303 55.305 55.65 55.898 55.605 56.5 56.77 56.888 61.99 63.923 63.113 59.585 58.188 57.535 58.033 58.228 58.568 58.55 58.535 58.533 58.603 58.675 58.725 58.753 58.773 58.783 58.76 58.718 58.773 59.05 59.34 59.43 59.443 59.445 59.795 61.66 66.293 62.945 64.22 65.033 65.125 65.218 65.195 65.348 64.365 64.815 65.56 65.63 67.143 65.82 65.888 65.903
61.83 62.285 61.703 60.93 60.195 56.098 54.703 54.868 55.193 55.715 55.605 56.42 55.165 55.165 55.193 55.215 55.2 55.193 55.255 55.293 55.47 55.745 56.578 55.093 55.363 62.715 61.638 56.693 56.968 56.955 62.128 57.668 57.415 57.53 58.46 58.26 58.48 58.543 58.498 58.51 58.563 58.628 58.693 58.725 58.748 58.76 58.728 58.72 58.733 59.035 59.295 59.383 59.408 59.413 59.9 64.103 62.945 62.983 63.78 64.968 65.12 65.183 65.248 65.295 65.25 65.373 65.208 65.588 66.143 65.795 67.143 66.18 66.595
61.358 61.318 60.57 57.085 54.875 54.813 54.93 54.983 55.113 55.145 55.19 55.115 55.133 55.178 55.183 55.643 55.168 55.203 56.195 55.285 55.148 57.1 57.3 56.178 62.963 63.898 63.26 58.878 56.963 57.108 57.243 57.395 57.515 57.655 57.803 59.028 58.615 58.498 58.46 58.535 58.598 58.66 58.69 58.71 58.718 58.705 58.683 58.725 58.98 59.235 59.335 59.375 59.355 60.51 60.835 63.558 62.913 63.323 64.818 65.058 65.155 65.205 65.258 65.333 65.37 65.34 65.545 65.623 65.735 66.57 65.993 66.963 70.548
60.628 59.838 57.358 54.748 54.835 54.83 54.893 55.035 55.165 55.098 55.075 55.11 55.138 55.143 56.183 55.555 55.423 55.25 55.528 56.015 55.225 54.965 60.055 63.21 64.153 65.088 64.173 63.043 56.765 57.25 57.493 57.73 57.843 58.063 58.458 58.535 58.488 58.435 58.5 58.57 58.628 58.663 58.683 58.703 58.678 58.66 58.67 58.913 59.203 59.303 59.358 59.32 59.335 62.23 64.155 63.243 63.375 64.13 65.385 65.01 65.135 65.208 65.258 65.3 65.36 65.425 65.538 66.018 65.798 65.89 65.943 67.79 75.09
55.648 54.488 54.608 54.7 54.935 54.963 55.173 55.223 55.023 55.05 55.093 55.098 55.085 55.135 55.548 55.333 55.32 55.308 56.578 56.045 55.948 61.23 63.41 64.395 65.315 64.735 63.813 62.91 56.878 57.208 57.623 58.03 58.815 58.325 58.428 58.423 58.413 58.49 58.71 58.58 58.633 58.658 58.675 58.658 58.63 58.64 58.908 59.17 59.288 59.338 59.32 59.323 61.51 63.938 62.025 62.958 63.533 64.005 65.025 66.333 65.11 65.213 65.265 65.278 65.34 65.37 65.41 66.323 66.41 65.978 66.038 69.823 75.91
54.55 54.658 54.805 54.88 54.978 55.48 54.99 54.973 55.025 55.06 55.05 55.045 55.158 55.723 56.595 55.433 55.368 55.39 55.495 55.638 56.933 60.44 63.275 64.488 64.448 63.565 62.633 58.02 57.128 57.425 57.735 57.965 60.595 61.655 58.44 58.375 58.443 58.518 58.563 58.61 58.63 58.653 58.64 58.62 58.623 58.83 59.123 59.26 59.298 59.3 59.298 62.008 63.295 63.783 62.39 64.458 64.045 64.678 64.278 64.638 66.65 65.19 65.253 65.298 65.348 65.348 65.438 65.613 65.838 66.045 66.218 66.413 71.288
54.65 54.75 54.92 55.195 55.103 54.925 54.958 54.998 55.015 55.013 55.048 55.558 55.113 55.14 55.153 55.973 55.058 57.57 61.33 55.445 55.71 57.038 61.685 63.558 63.265 62.383 57.248 57.095 57.488 57.683 57.858 58.093 59.333 58.393 58.345 58.415 58.478 58.525 58.563 58.6 58.613 58.62 58.61 58.595 58.76 59.088 59.23 59.283 59.27 59.278 61.273 63.903 63.955 62.503 65.6 64.545 64.02 64.31 64.145 64.04 64.038 66.668 65.348 65.358 65.298 65.36 65.48 65.645 65.843 67.42 66.433 66.688 66.933
54.768 54.848 55.505 54.905 54.9 54.95 54.968 55.008 54.975 55.03 55.11 55.12 55.115 55.12 55.165 55.625 60.935 61.78 62.328 59.545 55.525 57.435 57.705 62.168 58.593 56.953 57 57.415 57.635 57.813 57.93 58.38 58.375 58.33 58.39 58.455 58.5 58.555 58.573 58.59 58.583 58.583 58.57 58.705 59.008 59.2 59.263 59.26 59.253 59.26 61.94 64.555 63.73 63.268 64.075 63.978 64.018 64.038 64.04 64.07 64.125 64.16 67.415 65.568 65.24 65.41 65.485 65.698 73.008 71.57 69.015 67.115 67.125
55.113 54.893 54.84 54.875 54.925 55.265 56.55 55.338 55.163 55.113 55.193 55.183 55.115 55.263 59.285 61.423 62.255 62.935 63.153 62.018 56.72 55.773 57.135 57.025 56.988 56.943 56.958 57.053 57.743 57.87 59.213 58.333 58.283 58.353 58.415 58.475 58.525 58.55 58.583 58.553 58.56 58.548 58.655 58.933 59.115 59.21 59.245 59.225 59.213 63.068 66.083 66.935 65.055 65.543 63.968 63.998 64.02 64.018 64.063 64.12 64.155 64.2 66.808 68.218 65.88 65.46 67.795 73.25 74.29 73.923 71.415 67.29 68.625
54.85 54.835 54.865 54.89 55.795 55.568 55.073 55.163 55.165 55.163 55.173 55.228 55.258 59.875 61.8 62.545 63.375 63.475 62.663 61.955 60.6 55.66 55.978 56.893 56.995 57.355 57.268 57.003 57.433 59.555 58.293 58.263 58.315 58.383 58.448 58.49 58.528 58.52 58.545 58.543 58.528 58.638 58.89 59.07 59.153 59.208 59.213 61.31 59.643 62.288 66.888 66.595 64.058 65.99 64.565 64.05 64.04 64.035 64.098 64.138 64.208 66.323 66.308 66.598 68.413 66.493 68.235 73.725 74.66 75.005 74.013 71.955 67.685
54.83 54.868 54.865 56.86 55.48 55.335 55.23 55.2 55.213 55.203 55.2 55.248 55.28 58.38 62.23 63.405 63.063 62.493 61.685 59.733 56.01 55.708 55.725 56.823 57.623 57.638 57.573 57.958 57.675 58.25 58.243 58.308 58.358 58.42 58.463 58.493 58.51 58.52 58.52 58.51 58.6 58.838 59.025 59.113 59.155 59.17 60.595 63.533 62.528 62.055 65.943 64.57 63.508 63.675 65.963 64.708 64.063 64.075 64.123 64.413 66.643 66.323 66.365 66.425 66.488 67.275 69.49 71.495 73.613 74.505 73.593 68.56 67.685
54.855 54.83 54.85 54.953 55.22 55.29 55.438 55 55.218 55.223 57.058 55.275 55.333 55.355 60.548 62.51 61.943 61.45 57.405 55.74 55.733 55.738 55.788 55.858 57.56 57.535 57.61 57.625 58.19 58.225 58.235 58.88 58.403 58.438 58.48 58.493 58.503 58.488 58.5 58.573 58.825 58.995 59.075 59.123 59.123 59.11 62.895 62.99 65.218 63.145 63.945 63.69 63.75 63.823 64.878 65.975 64.94 64.243 64.705 66.28 66.358 66.39 66.455 66.495 66.59 66.86 66.84 70.515 71.005 73.508 72.418 67.568 67.928
54.81 54.848 54.923 55.138 55.245 55.29 55.27 55.278 56.193 60.828 61.673 56.948 55.345 55.41 56.19 61.513 59.593 55.74 56.285 56.64 55.78 55.823 55.848 55.878 56.678 57.685 57.665 58.18 58.193 58.203 58.46 58.355 58.415 58.455 58.48 58.488 58.465 58.473 58.558 58.815 58.98 59.075 59.103 59.105 59.09 59.17 63.198 63.023 63.76 66.24 63.525 63.605 63.72 63.808 63.9 64.878 66.005 65.2 65.65 66.325 66.378 66.463 66.52 73.205 73.418 66.855 68.265 67.703 70.298 67.473 67.485 67.983 68.085
54.878 54.913 54.995 55.05 55.175 55.2 54.548 58.47 61.428 62.068 62.513 61.505 55.743 55.415 55.508 55.838 55.673 56.138 56.288 56.98 55.87 55.873 55.928 56 56.038 58.303 58.118 58.188 58.183 58.255 58.33 58.385 58.433 58.548 58.47 58.45 58.44 58.523 58.79 58.955 59.058 59.11 59.108 59.048 59.168 63.958 64.548 63.238 63.875 64.293 63.635 63.72 63.753 63.803 63.843 64.083 64.603 65.838 65.588 66.14 66.48 66.52 68.613 73.793 74.548 74.13 70.57 70.545 67.983 67.46 67.515 67.965 69.168
55.258 54.94 55.055 55.118 55.288 56.3 60.688 61.785 63.038 63.223 62.97 62.123 61.4 55.448 55.673 56.05 55.733 56.285 56.408 56.458 57.743 55.983 55.995 56.063 58.858 58.318 58.148 58.13 58.22 58.295 58.353 58.408 58.433 58.435 58.433 58.428 58.478 58.713 58.895 59.015 59.09 59.108 59.058 59.088 60.995 64.415 65.38 64.493 63.648 63.685 65.07 63.985 64.003 63.848 63.95 65.335 65.74 65.675 65.923 66.108 66.705 68.078 73.72 74.93 75.705 74.568 73.663 71.143 70.433 68.58 67.718 67.965 68.993
54.878 54.975 55.03 55.225 56.763 61.393 62.118 62.873 63.32 62.663 61.9 61.303 59.208 55.573 55.528 56.913 55.69 56.205 56.478 56.573 56.843 56.668 56.083 58.745 58.18 58.14 58.1 58.183 58.255 58.325 58.375 58.408 58.418 58.405 58.403 58.453 58.655 58.828 58.96 59.033 59.078 59.053 59.065 60.368 62.313 63.168 64.448 63.655 63.69 63.83 63.878 64.055 64.385 64.123 65.335 65.523 65.698 65.853 65.99 66.15 66.495 66.84 71.485 74.035 75.18 75.665 74.53 73.383 67.943 68.44 68.778 68.03 67.993
54.863 54.97 55.035 56.775 60.33 62.018 62.973 62.925 62.25 61.63 61.18 58.97 58.383 57.86 55.613 57.753 56.455 56.465 56.545 56.695 56.828 57.958 57.94 58.418 58.113 58.058 58.15 58.218 58.295 58.348 58.395 58.4 58.393 58.385 58.413 58.59 58.783 58.88 59.005 59.025 59.003 59.048 61.215 62.373 63.415 64.353 63.658 63.7 63.71 63.763 63.815 63.865 66.878 65.598 65.46 65.57 65.77 65.928 66.038 66.235 66.685 68.173 67.033 71.39 74.028 74.723 73.598 72.908 67.898 67.923 67.918 67.91 67.91
54.795 55.295 57.703 57.565 56.91 61.3 62.333 61.908 61.325 60.408 58.95 58.618 56.593 55.54 57.603 58.195 57.12 56.528 56.8 56.813 56.968 57.328 59.118 58.098 58.03 58.338 58.185 58.26 58.318 58.368 58.38 58.358 58.378 58.38 58.598 58.725 58.823 58.935 58.988 58.968 59.003 59.913 60.945 62.688 62.608 65.103 63.705 63.738 63.75 63.823 63.88 64.013 65.528 67.315 65.545 65.698 65.83 65.968 66.175 66.385 69.33 69.185 69.268 67.19 70.75 73.63 69.923 67.448 67.663 67.988 67.89 67.878 67.923
54.708 54.793 57.363 57.815 57.393 58.508 61.645 62.298 61.353 58.773 57.773 56.173 55.56 55.575 55.655 57.973 57.893 56.803 56.793 57.018 57.338 59.08 58.19 58.005 58.4 58.535 58.233 58.288 58.34 58.353 58.355 58.343 58.343 58.568 58.73 58.808 58.89 58.93 58.94 58.943 59.97 60.895 61.578 62.745 63.453 65.593 66.303 63.825 63.835 63.883 63.975 64.753 65.978 65.998 67.15 65.878 65.913 66.075 66.383 69.403 73.885 70.983 68.795 69.493 67.26 68.693 67.453 67.6 68.063 67.903 67.88 67.883 67.975
54.71 54.75 55.055 57.098 57.305 57.13 59.988 62.058 61.65 56.295 55.538 55.628 56.183 55.588 55.825 57.518 57.458 57.523 56.923 57.19 58.96 58.038 57.975 58.043 58.623 58.193 58.265 58.298 58.323 58.333 58.313 58.315 58.47 58.695 58.783 58.843 58.88 58.91 58.933 59.403 60.825 61.575 61.715 64.273 65.225 66.023 66.208 63.955 63.91 63.988 64.15 66.005 65.993 66.06 66.395 66.908 66.558 66.345 69.615 74.295 75.218 75.165 71.725 69.483 67.485 67.51 67.653 68.105 67.87 67.878 67.845 67.94 67.973
55.805 54.578 56.29 56.763 55.093 55.225 57.668 59.91 55.518 55.553 55.58 55.738 58.07 56.158 57.558 57.543 57.548 57.58 57.508 59.39 58.023 57.973 58.028 58.24 58.165 58.225 58.278 58.308 58.315 58.3 58.295 58.433 58.64 58.75 58.815 58.86 58.85 58.888 59.278 62.333 63.068 61.863 62.728 63.708 63.488 64.145 63.298 63.708 67.035 64.295 66.04 66.023 66.05 66.103 66.165 66.225 66.813 66.575 69.48 73.773 75.108 74.495 73.008 67.378 67.525 67.873 67.785 67.77 67.785 67.798 67.883 67.915 67.92
61.238 54.525 55.035 55.04 55.115 55.183 57.12 55.785 56.295 55.628 56.255 56.658 56.69 59.385 57.573 57.613 57.59 57.633 57.81 58.003 57.965 57.988 58.843 58.138 58.19 58.248 58.283 58.288 58.285 58.28 58.365 58.58 58.735 58.808 58.848 58.848 58.858 58.983 62.023 62.103 61.988 62.55 62.918 63.093 63.178 63.225 63.245 63.318 66.11 67.48 68.528 66.513 66.113 66.155 66.198 66.5 66.593 69.628 73.74 75.063 74.593 73.585 67.715 67.593 67.683 67.728 67.69 67.688 67.725 67.845 68.14 67.963 67.978
61.978 60.913 54.963 55.098 55.418 58.155 58.665 57.593 55.735 56.585 56.643 56.73 56.788 57.528 59.005 57.623 57.65 57.725 57.963 57.963 57.963 58.273 58.105 58.163 58.228 58.25 58.273 58.263 58.248 58.345 58.548 58.698 58.778 58.825 58.833 58.81 58.88 62.29 61.748 62.185 62.75 63.87 63.083 63.193 63.255 63.295 63.333 64.94 65.493 65.17 67.243 68.79 66.788 66.215 66.258 67.553 69.603 73.988 75.015 74.705 73.335 69.515 67.283 67.668 67.85 67.753 67.655 67.678 67.805 67.84 69.16 68.015 68.08
62.713 61.183 56.215 55.398 58.54 58.373 56.873 56.2 56.273 56.67 56.753 56.813 56.868 56.928 58.93 57.658 57.828 57.93 57.923 57.908 58.678 58.073 58.125 58.18 58.213 58.235 58.24 58.235 58.315 58.51 58.675 58.775 58.8 58.795 58.775 58.84 60.815 61.455 62.415 62.41 63.258 63.063 63.208 63.298 63.333 63.363 64.593 65.175 65.218 65.235 65.288 66.643 68.803 66.953 67.318 75.268 73.953 74.94 74.705 73.425 68.21 67.395 67.573 67.875 67.755 68.133 67.628 67.748 68.148 68.435 67.975 68.063 68.97
62.44 61.713 59.07 55.368 56.02 58.21 56.63 56.193 56.125 56.895 56.828 56.92 56.975 57.065 57.398 60.133 58.02 57.898 57.885 57.973 58.03 58.103 58.145 58.183 58.195 58.203 58.208 58.27 58.5 58.658 58.768 58.82 58.788 58.763 58.823 60.448 62.598 64.585 64.315 64.368 63.078 63.21 63.318 63.393 63.405 64.62 65.185 65.248 65.71 66.025 70.088 66.205 68.058 66.525 71.063 74.198 75.238 74.77 73.453 67.5 67.24 67.673 68.023 67.703 67.723 67.595 67.705 67.815 68.78 67.9 68.015 68.698 68.873
61.36 55.873 55.763 58.84 59.903 59.218 57.965 56.17 56.103 56.215 56.915 57.02 57.513 58.663 59.838 59.505 57.883 57.848 57.925 57.993 58.068 58.113 58.148 58.175 58.165 58.178 58.21 58.448 58.64 58.76 58.8 58.768 58.713 58.77 65.065 64.41 62.388 63.733 63.508 64.315 63.475 63.293 63.42 63.46 64.675 65.365 65.38 65.548 66.943 70.678 71.53 71.05 66.903 67.75 66.683 71.93 74.533 73.56 72.188 67.128 67.15 67.558 67.68 67.713 67.55 67.65 67.935 67.703 67.88 67.963 69.46 68.77 68.915
55.738 56.35 61.84 62.778 61.885 59.428 59.105 56.2 56.36 56.713 57.28 57.14 57.903 60.035 59.075 57.845 57.803 57.88 57.963 58.035 58.088 58.12 58.153 58.135 58.133 58.165 58.378 58.585 58.718 58.793 58.758 58.703 58.725 60.27 64.015 62.233 66.373 64.865 63.8 64.155 65.123 65.58 63.573 63.875 66.553 65.26 65.455 66.98 68.83 71.748 72.74 72.345 71.17 67.448 68.238 66.89 71.06 68.47 67.158 67.18 67.303 67.633 67.633 67.538 67.6 67.653 68.895 67.805 67.918 68.318 69.13 69.673 68.963
