dsm/se3236_DSM_2M.asc
ncols 500
nrows 500
xllcorner    432000
yllcorner    436000
cellsize     2
NODATA_value -9999
[rows 448 to 479 of 500, columns 73 to 145 of 500]
56.888 57.065 57.25 57.385 57.51 57.503 57.48 59.168 60.303 61.66 63.538 66.448 64.558 64.44 64.595 64.698 64.805 65.003 65.34 65.813 68.92 65.923 65.993 66.14 68.305 70.17 70.82 69.308 66.268 66.375 66.725 66.383 66.24 66.64 66.28 66.278 66.395 66.545 68.205 68.238 68.288 68.29 68.338 68.803 72.903 75.958 75.458 72.178 68.608 69.06 69.338 69.288 69.348 69.398 69.5 69.565 69.61 69.698 71.373 71.36 70.723 70.97 70.705 70.725 70.98 71.068 71.19 71.245 71.455 71.515 74.488 72.22 73.46
56.885 57.093 57.298 57.388 57.44 57.373 58.525 59.805 61.515 62.118 63.81 63.618 65.21 66.94 64.675 64.78 64.863 64.945 67.338 69.26 71.695 73.083 70.333 66.175 66.21 66.478 69.01 66.285 66.333 67.135 66.355 66.268 66.288 66.248 66.243 66.288 66.438 66.683 68.965 68.735 68.29 68.3 68.788 70.54 75.725 77.08 76.783 75.705 74.378 68.87 69.185 69.36 69.33 69.398 69.455 69.545 69.595 69.735 70.078 71 70.983 70.723 70.66 70.74 70.89 71.135 71.415 71.328 71.71 76.818 78.925 76.223 72.338
57.01 57.2 57.29 57.355 57.305 57.33 60.635 60.728 61.863 62.998 63.49 63.68 63.863 64.058 65.428 67.443 64.953 66.8 66.93 69.045 72.593 73.35 74.408 73.285 66.755 66.235 66.75 66.283 66.323 66.343 66.28 66.598 66.215 66.208 66.273 66.43 66.798 66.675 66.948 68.555 68.97 68.78 68.85 75.343 76.58 77.74 78.085 77.018 75.928 74.773 69.083 69.138 69.463 69.398 69.46 69.533 69.623 69.888 70.238 70.333 70.855 70.78 70.78 70.783 70.953 71.22 71.678 73.943 75.428 78.928 79.883 79.115 77.46
57.053 57.213 57.3 57.283 57.405 62.315 59.99 61.438 63.385 67.363 65.908 63.79 63.935 64.153 64.428 67.535 68.07 68.693 66.695 72.118 73.315 74.485 73.73 72.553 69.933 66.273 67.68 66.245 66.293 66.283 66.43 66.348 66.193 66.155 66.36 66.503 67.41 68.24 67.343 68.915 67.948 69.088 68.838 72.928 75.31 76.44 77.503 78.683 75.858 70.515 69.108 69.173 71.508 69.63 69.47 69.563 69.82 70.185 70.398 70.505 70.518 70.768 73.585 73.648 71.165 71.683 74.815 76.785 78.898 80.253 80.63 79.683 78.678
57.06 57.203 57.225 57.19 63.343 65.63 61.035 62.03 63.37 63.675 63.595 63.815 64.008 64.32 64.983 67.693 67.765 65.598 67.84 71.785 73.863 74.18 73.035 71.533 66.665 66.268 66.79 67.24 66.228 66.133 67.893 66.128 66.115 66.28 66.39 67.763 67.66 67.75 70.228 73.803 73.085 68.69 69.345 68.84 71.065 75.1 76.183 76.098 72.833 69.838 69.1 71.8 72.788 71.785 70.148 69.86 70.255 70.288 70.505 70.605 70.613 70.693 70.865 73.578 73.763 71.735 76.525 78.855 79.818 80.625 80.648 78.725 73.963
56.998 57.115 57.105 61.183 64.53 63.52 61.028 65.218 65.185 63.955 63.833 63.8 64.08 64.403 64.825 65.738 66.118 65.663 66.07 66.253 68.425 73.673 72.855 67.335 66.265 66.238 66.2 66.128 66.088 66.4 66.15 66.07 66.155 66.308 67.008 68.895 68.645 68.19 72.565 74.65 74.43 73.748 69.918 68.468 68.983 69.32 74.448 73.643 71.94 69.098 69.123 69.23 71.985 72.82 72.123 71.135 71.98 70.335 70.533 70.658 70.753 70.803 70.853 71.24 72.745 71.57 72.223 78.645 79.613 79.76 78.775 73.978 72.453
56.92 57.025 59.17 63.105 64.985 61.12 61.703 62.945 63.138 63.27 63.488 65.015 64.123 64.458 65.278 65.685 68.908 72.1 69.708 66.648 65.82 67.45 68.24 66.28 66.235 66.205 66.148 66.033 65.94 66.003 66.033 66.023 66.24 66.405 68.27 67.615 67.685 71.695 74.2 75.323 75.658 74.885 74.06 72.2 68.47 69.268 68.913 71.568 69.108 69.053 69.11 69.138 69.143 71.718 72.673 70.9 70.725 70.348 70.508 70.658 71.105 71.11 74.428 75.26 74.078 71.688 71.733 72.125 78.598 78.805 76.213 72.453 73.208
56.845 56.905 63.055 59.683 60.12 61.203 62.623 63.023 63.123 63.275 63.403 63.52 65.135 65.325 65.695 65.725 72.125 72.93 72.555 71.945 66.883 65.903 66.39 66.94 66.223 67.028 66.083 65.945 65.938 65.995 65.973 66.068 66.268 67.748 67.488 67.578 68.55 73.678 75.045 76.25 76.485 75.223 74 71.503 69.925 68.195 69.808 68.958 68.975 69.05 69.083 69.108 69.15 69.158 69.943 71.755 73.533 71.235 70.46 71.053 71.515 73.805 75.178 77.45 77.968 75.723 71.943 71.883 72.14 73.72 72.323 72.415 72.628
56.795 62.32 64.798 63.463 61.525 61.953 63.103 63.158 63.25 63.348 63.553 63.56 64.373 64.71 66.673 68.565 70.573 72.135 73.083 73.03 72.39 70.533 65.973 66.01 66.715 66.198 66 65.87 65.94 65.948 65.963 66.165 66.338 66.653 67.25 67.423 71.883 74.53 75.823 76.78 76.23 74.41 72.628 70.54 68.06 68.435 69.328 69.528 68.95 68.998 69.035 69.07 69.125 69.17 69.713 69.828 72.268 73.533 70.273 70.755 71.095 75.08 77.02 78.17 78.863 78.128 76.953 72.035 72.09 72.075 72.483 72.448 72.67
64.848 70.11 70.78 61.7 61.68 62.053 63.268 63.225 63.373 63.468 63.743 63.695 63.988 64.67 65.3 66.118 70.418 72.635 73.748 74.04 73.008 71.9 66.393 66.015 65.938 65.913 65.83 65.883 65.925 65.923 66.1 66.253 66.495 66.743 67.02 68.68 74.125 75.115 76.568 76.743 75.663 73.723 69.003 68.165 68.413 68.475 68.55 69.818 69.095 69.283 69.003 69.025 69.128 69.61 69.655 69.835 69.935 70.468 70.328 70.47 71.003 71.718 77.433 78.18 78.91 78.803 77.92 76.173 72.085 72.1 72.19 72.618 72.353
68.773 70.718 69.81 61.568 61.82 62.233 62.655 63.873 64.618 63.795 63.725 63.768 63.9 64.393 65.268 66.663 72.193 73.66 74.345 73.45 72.355 68.58 66.018 66.473 65.973 65.848 65.818 65.885 65.875 66.075 66.2 66.795 66.795 66.955 67.168 67.35 71.443 76.158 76.77 76.728 76.398 68.683 69.203 68.49 68.753 68.468 68.563 68.685 68.993 69.113 69.545 69.11 70.67 69.618 70.33 70.07 69.9 70.073 70.37 73.703 70.768 71.053 71.975 76.513 78.01 78.083 77.055 72.045 72.07 72.11 72.198 72.2 72.223
68.995 70.478 63.928 62.838 61.883 62.07 62.445 64.48 66.115 65.89 63.79 63.898 65.028 65.11 65.338 71.618 72.86 73.965 73.885 72.88 70.873 65.995 66.025 66.453 65.94 65.778 65.84 65.855 65.895 66.138 66.735 67.083 68.335 67.415 67.275 67.355 67.485 68.228 74.723 76.715 71.468 68.228 67.885 69.545 69.323 68.468 68.583 68.705 68.873 69.955 71.685 71.595 72.685 72.715 70.073 69.758 69.838 70.473 71.29 74.553 76.81 71.325 70.94 72.06 75.033 77.268 72 72.035 72.065 72.108 72.113 72.115 72.258
71.595 64.773 61.93 68.718 61.938 62.093 62.368 62.68 62.92 63.413 66.218 67.443 66.703 65.25 65.913 72.153 72.8 73.448 73.225 72.148 66.79 67.06 66.51 65.898 65.833 65.773 65.828 65.788 66.065 66.195 67.055 67.1 67.71 70.178 73.49 71.725 67.435 68.36 69.16 70.02 70.785 68.775 67.813 68.05 69.988 70.39 69.315 68.705 68.92 69.21 69.135 70.63 69.64 72.23 70.553 69.765 69.99 71.303 72.23 76.868 77.58 77.023 71.403 71.035 71.89 71.988 72.055 72.075 72.03 72.06 72.025 72.175 72.24
67.413 66.548 71.005 63.6 61.968 62.12 62.405 62.72 63.005 63.085 63.74 64.315 65.6 67.225 65.273 67.678 71.498 72.343 72.553 70.345 65.818 65.885 66.248 65.853 65.713 65.793 65.79 65.9 66.105 66.59 67.965 67.848 67.813 72.243 74.273 75.505 74.655 69.198 67.638 67.68 68.17 67.795 67.93 68.233 68.313 68.425 69.058 70.035 70.893 69.055 69.063 69.135 69.338 69.485 69.785 69.808 73.405 74.143 76.763 77.485 78.185 78.043 77.205 72.72 71.19 71.803 72.073 72.063 72.893 72.073 72.083 72.165 72.148
62.793 63.188 69.428 62.488 62.005 62.135 62.403 62.663 62.94 63.353 63.565 67.873 68.883 67.273 66.738 66.508 68.678 70.028 71.798 65.935 65.805 66.363 65.805 65.715 65.73 65.77 65.763 66.015 66.17 66.813 67 67.23 70.843 73.83 75.058 76.155 75.993 75.99 71.05 67.643 67.98 67.92 67.898 68.105 68.338 68.43 68.523 69.14 69.318 69.095 69.003 69.088 69.163 69.233 71.753 69.95 70.063 76.378 77.353 78.103 78.303 77.588 76.873 73.603 71.285 71.513 71.978 72.388 73.328 72.008 72.1 72.088 72.133
68.798 67.953 61.643 61.813 62.075 62.105 62.425 62.658 62.945 64.135 65.173 69.718 70.15 69.42 68.688 65.515 65.218 68.078 66.628 65.783 66.443 65.755 65.763 65.64 65.73 65.74 65.808 66.035 67.4 66.893 66.94 69.733 73.393 74.788 75.855 75.998 75.99 74.793 70.358 69.505 67.833 67.85 68.095 68.033 68.1 68.468 68.54 69.498 68.843 68.82 68.98 69.09 69.16 69.208 69.775 69.643 70.448 70.273 76.228 77.43 77.688 76.968 74.15 71.285 71.438 71.623 71.838 71.8 71.918 71.978 72.013 72.053 72.545
68.748 68.363 61.558 61.76 62.043 62.148 62.37 62.655 63.045 64.258 68.373 70.565 71.433 70.71 69.965 69.188 67.85 65.535 67.218 66.538 65.61 65.658 65.59 65.665 65.708 65.715 65.9 66.085 66.278 66.59 67.573 72.28 74.193 75.365 76.09 75.878 75.66 67.795 68.51 67.63 68.173 68.913 70.275 69.395 68.388 68.593 68.763 72.608 74.89 68.813 68.958 69.055 69.118 69.148 69.763 70.128 70.568 70.883 70.473 73.855 77.065 75.365 71.278 71.463 71.598 71.73 71.73 71.813 71.91 71.898 71.955 72.223 72.473
61.32 61.473 61.52 61.79 62.078 62.193 62.523 62.885 63.583 64.82 69.995 71.083 71.895 71.895 71.19 70.473 69.723 65.7 65.783 67.01 65.578 65.52 65.578 65.65 65.645 65.818 65.948 66.05 66.268 66.583 66.88 72.935 74.375 75.163 75.325 74.138 69.903 67.495 67.61 67.783 67.74 69.648 69.95 70.285 69.103 69.208 70.078 75.613 75.118 68.795 68.915 69.018 69.063 69.19 69.83 70.708 71.043 74.915 71.59 70.625 71.96 71.105 71.288 72.16 71.818 71.703 71.678 71.815 71.83 71.79 71.963 72.183 72.245
61.425 61.543 61.535 61.768 62.008 62.148 63.223 65.965 63.87 66.195 69.123 69.895 70.693 71.358 72.02 70.843 68.695 64.935 65.328 65.575 65.508 65.465 65.575 65.598 65.953 66.663 66.308 66.345 66.335 66.43 66.733 66.84 70.843 73.955 74.53 72.355 67.38 67.375 67.548 67.59 67.66 67.795 67.898 68.218 69.155 70.095 70.115 73.37 71.538 71.483 69.65 68.983 69.015 69.76 70.218 70.868 72.675 77.108 77.14 74.833 70.895 72.053 71.57 71.543 71.615 71.588 71.708 71.78 71.728 71.875 71.915 71.935 71.963
62.433 62.98 61.763 61.68 61.975 62.283 62.568 66.068 66.218 66.14 65.298 68.638 70.24 70.175 70.905 70.035 64.69 65.178 66.595 65.48 65.445 65.478 65.545 65.503 66.408 65.9 66.343 66.515 66.773 67.995 66.555 66.673 66.903 69.503 73.503 70.908 70.3 67.35 67.453 67.688 67.823 67.735 67.838 67.925 68.173 70.153 71.898 72.468 74.138 74.398 74.348 73.515 72.205 70.498 70.015 70.33 76.633 77.62 77.923 77.475 75.87 71.185 72.278 71.473 71.523 71.583 71.703 71.68 71.795 72.388 71.875 72.04 71.985
66.398 61.868 63.453 63.218 62.1 62.333 62.585 62.933 65.57 64.46 64.383 66.705 66.658 68.853 69.62 68.31 64.988 65.708 65.375 65.443 65.363 65.475 65.475 65.665 65.775 66.705 66.415 66.455 69.66 72.858 74.023 67.46 66.685 67.598 67.37 69.513 68.343 67.318 67.405 67.48 67.588 67.78 67.825 67.863 67.958 68.095 68.613 68.328 69.635 72.635 74.133 72.413 74.285 74.01 72.533 72.49 70.403 75.195 77.333 77.398 76.283 71.013 71.465 71.545 71.453 71.583 71.648 71.608 71.898 71.803 71.948 71.975 71.98
65.503 60.74 61.433 61.933 64.325 64.005 62.8 62.98 63.278 65.458 68.67 69.583 64.895 65.035 68 65.115 65.15 66.278 65.285 65.27 65.355 65.42 65.433 65.67 67.205 68.82 68.73 68.065 72.435 73.615 74.8 75.228 72.36 66.793 66.903 67.098 67.32 67.9 67.385 67.425 67.54 67.668 67.753 67.933 67.968 68.048 68.318 68.23 68.375 68.438 68.52 69.185 70.498 72.7 72.38 71.565 70.365 70.458 70.515 72.84 70.705 71.143 72.72 71.5 71.45 71.568 71.588 71.65 73.205 71.84 72.798 71.883 73.415
59.71 60.68 61.92 65.203 62.433 62.96 64.063 63.913 63.38 65.345 66.998 66.138 64.823 66.683 65.085 65.083 65.963 65.133 65.225 65.19 65.305 65.31 65.555 65.643 69.238 66.6 66.725 70.833 73.195 73.703 75.37 75.145 75.13 70.273 67.453 66.963 67.585 69.498 69.365 67.445 67.443 67.525 67.618 67.74 67.835 68.028 68.283 68.18 68.295 68.423 68.485 68.538 68.568 71.493 71.925 71.228 70.313 70.405 70.475 70.57 70.745 71.005 71.285 71.44 71.41 71.543 71.56 71.665 71.725 71.728 71.783 71.895 74.06
60.1 61.105 61.995 67.37 63.765 62.5 62.565 64.05 64.11 67.153 67.55 66.425 64.71 64.755 65.908 65.72 64.96 65.05 65.03 65.138 65.208 65.293 65.558 66.39 66.763 66.215 69.51 72.755 73.943 75.188 75.083 75.125 72.123 69.085 67.523 67.005 69.243 69.2 69.3 67.625 67.455 67.49 67.54 67.58 67.828 68.093 68.92 68.178 68.188 68.34 68.403 68.443 69.26 69.808 69.863 70.118 76.25 76.515 76.278 75.188 72 70.958 71.24 71.43 71.378 71.505 71.5 71.61 71.743 71.87 71.76 71.793 76.803
60.403 61.62 62.198 63.805 67.71 67.395 63.943 62.723 63.003 66.243 67.495 67.86 67.438 64.65 66.705 64.79 64.858 64.868 64.953 65.058 65.068 65.25 65.488 65.62 66.97 68.665 72.185 73.52 74.678 75.248 74.453 72.923 66.695 66.728 66.833 66.93 67.578 69.13 68.04 67.703 67.515 67.465 67.518 67.553 67.643 67.965 74.61 71.593 68.208 68.313 68.358 68.453 68.52 69.81 69.853 69.963 76.353 77.618 77.988 77.258 76.04 70.923 71.168 71.575 71.358 71.455 71.465 71.505 71.89 71.823 72.375 71.705 77.798
61.02 61.92 62.643 67.535 68.575 69.225 68.155 66.783 63.42 67.123 66.743 66.923 65.403 64.523 64.563 64.653 64.69 64.738 64.875 64.938 65.003 65.268 65.453 65.618 65.78 65.895 71.23 74.265 75.318 75.123 75.095 68.64 66.89 66.685 66.775 66.843 66.89 66.943 67.16 67.148 67.23 67.485 67.47 67.493 67.583 75.113 77.848 74.898 68.178 68.263 68.333 68.863 68.513 69.808 69.853 69.94 75.86 77.385 78.663 77.663 75.39 71.3 71.428 72.058 72.773 71.413 71.438 71.393 71.5 71.538 71.573 72.205 74.578
61.233 62.19 65.64 68.373 69.878 69.835 69.458 68.38 68.013 66.558 66.783 65.735 65.195 64.55 64.45 64.473 64.533 64.663 64.755 64.798 65.003 65.193 65.55 65.66 65.818 65.925 66.028 66.945 75.138 75.095 72.815 66.545 66.52 66.623 66.778 66.75 66.813 66.87 66.938 67.023 67.038 67.115 67.863 67.493 68.288 72.068 76.953 74.41 68.293 68.205 68.163 68.4 68.388 68.75 69.625 70.218 75.105 77.288 78.6 77.665 76.36 70.938 70.953 71.225 71.97 71.35 71.408 71.348 71.75 71.518 71.925 72.08 72.378
61.85 62.448 67.523 68.868 69.89 70.743 70.405 69.6 68.91 67.865 67.035 63.66 64.21 64.71 64.265 64.328 64.408 64.558 64.588 64.835 69.223 75.213 70.528 65.425 65.83 65.945 66.063 66.16 66.233 72.445 69.438 68.778 66.468 66.503 66.555 67.055 74.155 73.723 68.12 66.948 67.013 67.06 69.028 67.8 67.905 68.05 72.228 68.645 67.948 68.06 68.148 68.235 68.34 68.425 69.89 70.555 73.695 77.07 77.933 77.728 76.55 70.685 70.91 71.198 71.235 71.263 71.36 71.333 71.455 72.133 72.463 71.868 71.738
62.05 62.43 66.855 68.925 69.138 69.393 70.223 70.805 69.988 68.738 67.35 63.525 63.73 64.063 64.108 64.173 64.333 64.428 64.538 64.85 72.548 74.793 70.033 65.608 66.013 65.57 66.34 67.208 66.655 66.263 66.368 66.628 66.408 66.47 66.528 66.96 76.188 79.568 76.413 67.893 66.983 67.035 77.498 75.87 73.53 67.818 69.218 67.96 67.855 67.99 68.055 68.215 68.323 68.405 69.185 71.358 73.388 76.72 76.603 73.745 70.823 70.655 70.873 71.098 71.24 71.178 71.295 71.315 71.343 72.258 71.773 71.623 71.638
61.54 62.063 62.258 63.55 67.13 67.995 67.833 69.688 69.558 68.458 63.493 63.433 65.515 63.995 63.98 64.083 64.228 64.265 64.635 64.77 66.058 65.515 65.733 66.568 65.653 66.898 66.208 66.115 66.445 67.053 67.068 66.57 69.075 66.528 66.5 66.548 69.443 76.605 76.653 67.64 67.013 67.013 68.805 76.025 68.038 67.528 68.518 67.713 67.66 67.78 67.883 68.078 68.203 68.318 69.058 70.185 69.913 69.94 70.283 70.348 71.213 70.538 70.685 70.938 71.158 71.168 71.21 71.28 71.243 71.378 71.433 71.48 71.543
61.123 61.318 62.125 62.313 62.863 66.65 67.465 69.428 68.463 65.12 63.348 64.035 63.89 63.86 65.303 65.245 65.423 65.65 64.513 64.988 65.255 65.31 68.795 71.913 71.7 70.4 66.44 66.26 65.805 66.35 66.433 69.385 69.863 69.678 68.775 66.52 66.588 67.01 66.823 67.54 67.098 67.02 67.048 67.75 67.64 67.698 68.415 67.675 67.73 67.835 67.913 67.938 68.08 69.21 69.53 70.638 71.06 71.848 72.893 74.32 73.665 74.59 71.628 70.775 71.095 72.155 71.13 71.228 71.245 71.253 71.36 71.498 71.498
61.153 61.295 61.49 62.045 62.293 62.593 63.253 66.993 67.575 64.015 63.288 65.058 63.668 63.693 64.343 63.883 65.648 64.653 64.515 65.155 65.198 65.278 69.965 72.393 73.075 72.655 72.085 69.693 67.115 67.508 68.103 68.043 67.673 69.578 69.87 70.695 67.048 66.628 66.693 66.783 67.313 73.855 69.7 67.68 67.673 70.475 75.573 72.295 67.773 67.845 67.93 67.953 68.673 69.298 68.64 69.18 69.573 73.108 76.605 77.048 77.403 76.823 74.888 70.905 70.838 72.665 71.095 71.158 71.223 71.215 71.908 71.435 72.265
