dsm/se3235_DSM_2M.asc
ncols 500
nrows 500
xllcorner    432000
yllcorner    435000
cellsize     2
NODATA_value -9999
[rows 64 to 95 of 500, columns 360 to 431 of 500]
83.347 82.102 77.75 75.43 76.15 78.857 78.557 78.265 75.08 74.96 74.95 76.297 77.012 77.13 75.775 74.97 74.9 74.782 74.26 74.277 75.12 74.127 74.027 73.98 74.155 74.227 73.882 73.96 73.642 73.622 73.615 73.607 73.717 73.652 73.697 73.915 73.77 78.92 76.027 73.472 77.553 80.164 80.72 79.911 79.008 75.09 72.824 72.645 72.726 72.669 72.582 72.47 72.106 71.842 71.742 72.128 72.059 71.747 71.596 71.544 71.49 71.529 71.884 73.044 72.121 71.28 71.7 72.057 71.331 71.769 71.135 76.698
82.39 82.19 80.852 75.192 75.115 78.3 77.192 75.227 75.252 74.907 74.892 76.705 77.127 76.535 77.047 80.632 79.52 78.712 74.215 74.232 74.547 74.017 73.99 73.942 74.17 73.95 73.86 73.775 73.732 73.605 73.555 73.567 73.567 73.45 75.735 79.1 79.765 80.225 79.067 73.257 73.638 79.502 79.18 76.961 75.498 73.038 72.669 72.542 72.466 72.603 72.816 72.189 73.333 71.812 71.757 71.696 71.685 71.66 71.582 71.544 71.533 71.529 72.074 72.474 72.369 71.225 72.363 71.237 71.699 71.046 71.224 76.803
81.245 75.555 75.32 74.965 75.017 74.952 74.912 75.052 74.882 74.88 77.85 81.382 81.275 76.127 78.022 83.842 82.84 80.04 74.172 74.162 74.092 75.21 73.95 74.375 75.98 74.652 73.82 73.765 73.662 73.617 73.552 73.515 73.492 73.3 79.545 80.317 81.392 80.977 79.755 76.98 73.475 75.12 74.984 73.53 73.234 72.889 72.554 72.448 72.225 72.253 72.236 71.941 71.861 71.858 71.792 71.908 71.738 71.796 71.706 71.599 71.545 71.515 71.5 72.455 71.781 75.894 75.862 71.394 71.917 71.19 74.879 77.403
75.482 75.082 74.907 74.83 76.235 75.107 77.965 75.977 74.9 74.925 76.112 80.737 81.52 76.462 74.76 78.06 76.372 75.977 74.1 74.095 74.06 74.12 73.902 73.862 76.067 75.762 74.567 73.427 74.827 74.045 73.47 78.045 77.405 73.712 77.037 80.205 81.055 80.362 79.715 78.497 72.987 73.785 72.921 72.893 73.471 72.824 72.611 72.249 72.104 72.186 72.508 72.053 71.896 71.868 72.226 72.159 72.912 72.227 71.633 72.11 71.686 71.614 74.873 75.975 77.494 78.699 77.474 73.162 72.342 73.184 72.626 76.381
75.745 74.81 74.797 75.412 76.935 76.367 78.14 77.705 74.925 75.512 76.897 75.942 77.635 76.837 74.822 75.095 74.442 74.462 74.317 74.007 74 73.992 75.1 73.817 74 73.85 73.832 75.032 76.225 78.14 79.532 80.137 79.367 74.162 73.192 79.572 79.782 79.167 77.46 72.922 73.782 72.87 73.482 72.778 73.003 72.902 72.304 72.143 72.127 72.093 72.068 72 71.923 71.887 72.525 72.931 72.774 72.258 71.563 72.44 71.796 71.638 76.871 78.011 79.508 78.968 78.367 75.919 71.284 73.078 71.819 71.188
74.905 74.812 74.69 74.697 76.887 76.82 77.715 78.152 76.272 77.495 76.392 74.712 74.575 74.745 74.47 75.085 75.01 74.39 76.647 76.865 73.967 73.982 74.18 74.012 73.742 73.565 73.602 73.402 79.382 80.047 81.532 81.197 80.022 77.84 73.335 75.94 76.745 73.045 73.437 73.225 73.925 72.757 72.627 72.51 72.415 72.299 72.238 72.213 72.163 72.383 72.073 72.052 71.99 71.975 72.145 72.148 72.02 71.985 73.154 75.845 75.648 71.493 73.147 77.539 78.953 79.536 78.387 76.834 71.815 72.504 73.037 71.489
74.892 74.795 74.635 74.59 74.63 75.837 75.827 74.902 74.722 77.495 76.692 74.767 74.917 74.452 76.145 74.507 74.515 74.407 75.825 75.787 73.922 73.972 73.942 74.64 73.54 75.865 75.55 73.412 76.575 80.102 81.285 80.852 80.11 79.35 73.295 73.025 72.977 73.002 73.217 72.827 72.727 72.59 72.485 72.395 72.362 72.348 72.287 72.243 73.464 73.73 73.295 72.705 72.164 71.952 71.866 71.98 72.139 75.954 76.984 78.216 76.826 72.532 71.499 76.222 78.155 77.182 76.742 73.386 71.318 73.783 73.349 71.047
74.862 74.897 75.167 74.585 74.745 74.69 75.57 74.642 74.637 74.757 75.537 74.465 74.402 74.405 74.475 74.372 74.782 74.385 74.302 75.917 73.72 73.642 73.69 73.607 76.835 79.715 79.217 73.605 73.84 79.467 80.197 79.532 78.592 75.7 73.247 73.225 72.922 72.945 72.955 72.787 72.665 72.505 72.472 72.467 72.41 72.407 72.281 72.211 72.585 72.437 73.755 72.515 72.159 71.913 71.815 71.916 77.054 78.042 79.689 79.226 78.235 75.872 71.433 73.378 76.919 71.273 71.686 71.17 71.14 73.326 72.066 71.055
75.1 75.187 74.697 77.785 75.045 74.515 74.46 74.647 74.63 74.677 75.105 74.435 74.415 74.36 74.322 74.135 74.42 74.54 75.832 74.462 73.757 74.035 78.72 79.705 80.267 80.767 79.857 76.687 73.365 75.345 79.005 75.137 73.73 73.34 73.26 73.115 73 72.83 72.76 72.64 72.582 72.57 72.52 72.482 73.46 73.695 72.326 72.336 72.56 72.294 73.099 72.438 72.39 74.68 72.797 71.767 76.898 78.548 79.507 79.386 78.53 76.916 72.998 71.244 72.189 71.154 71.172 71.022 71.708 72.75 73.285 71.167
75.927 74.695 74.66 74.617 74.537 74.482 74.482 74.565 74.592 74.592 74.495 74.385 76.345 74.32 74.085 74.045 74.06 74.39 74.09 74.17 73.747 73.607 78.932 80.607 81.37 81.312 80.45 79.152 73.322 73.307 73.517 73.327 73.742 73.33 73.267 73.042 72.867 72.767 72.702 72.67 72.64 72.595 72.51 72.535 72.865 72.45 72.337 72.283 73.725 72.183 72.22 72.984 77.307 78.143 76.031 71.734 73.11 77.901 78.507 78.085 76.774 75.48 72.274 71.197 73.272 72.187 71.009 71.112 71.194 72.48 73.362 71.739
74.745 74.705 74.802 74.625 74.505 74.5 74.497 74.495 74.35 74.287 74.46 74.385 76.375 75.777 73.997 73.96 73.975 74.247 77.112 79.795 77.285 73.655 74.645 80.095 80.747 81.035 79.602 78.83 73.327 73.3 73.275 73.3 73.34 73.467 73.02 73.732 72.812 72.782 72.765 72.692 72.63 72.555 72.627 72.557 72.91 72.57 72.272 72.202 72.682 72.152 77.338 78.076 79.055 79.172 78.147 73.418 71.661 76.285 77.414 76.207 71.463 71.294 71.385 73.115 73.288 72.957 70.977 71.964 72.776 71.355 73.161 71.871
75.162 79.312 76.027 74.662 74.66 74.525 74.51 74.367 74.262 74.267 74.412 74.337 75.425 76.445 73.947 74.26 76.745 79.772 80.395 80.847 79.627 73.775 73.587 78.917 79.662 78.935 74.562 73.36 73.325 73.28 73.232 73.297 73.81 73.052 73.56 72.917 72.87 72.822 72.752 72.682 72.647 72.597 72.522 72.457 73.632 72.435 72.18 72.99 72.099 72.075 78.133 79.17 79.955 79.729 78.727 76.128 71.884 72.625 73.008 72.262 71.497 71.074 71.013 73.246 72.991 72.63 71.323 72.765 73.486 71.912 72.647 72.188
79.44 81.63 81.125 80.182 76.995 74.585 74.542 74.43 74.242 74.255 74.32 76.117 74.567 74.212 74.115 74.827 80.217 80.98 81.722 81.57 80.357 77.425 73.652 73.727 74.255 73.42 73.685 73.362 73.322 73.29 73.275 73.125 73.042 73.027 72.992 72.952 72.875 72.817 72.842 72.917 72.622 72.477 73.095 72.365 72.285 72.182 77.77 78.237 75.165 72.154 75.871 78.647 79.326 78.798 78.038 74.826 72.706 71.426 72.137 71.189 71.153 71.189 70.942 70.857 70.826 70.957 71.7 73.09 72.966 71.126 71.42 72.511
81.125 82.43 82.417 82.322 81.412 80.885 78.135 74.725 74.715 75.017 74.197 74.217 76.967 74.73 75.135 73.895 78.577 80.922 81.492 80.887 80.172 78.77 73.685 74.26 73.91 73.465 73.462 73.357 73.347 73.247 73.157 73.127 73.12 73.065 72.997 72.92 72.937 73.152 73.207 72.71 72.497 72.387 72.505 72.222 76.787 77.892 78.787 79.197 78 72.207 73.389 78.029 78.141 76.73 71.894 71.77 71.554 71.347 73.483 72.642 71.076 71.487 70.847 70.665 70.558 71.494 72.571 72.441 71.256 70.605 70.216 70.105
81.557 82.19 82.727 83.062 82.592 81.375 77.732 74.47 77.335 79.317 80.087 80.325 80.537 77.285 74.182 75 74.645 80.302 80.24 79.62 77.442 74.557 73.697 73.71 74.342 73.445 73.442 73.39 73.27 73.23 73.232 73.19 73.137 73.04 72.967 72.982 74.932 73.077 73.635 72.592 72.527 72.242 73.117 74.185 78.635 79.34 80.327 79.895 78.667 75.94 72.546 75.78 78.304 76.115 73.387 71.622 71.336 71.481 72.493 73.552 70.992 70.905 70.855 70.481 70.459 70.551 71.241 71.648 70.454 70.196 70.105 70.066
77.552 80.905 81.462 81.952 82.147 80.867 76.875 74.512 77.26 80.992 81.395 81.652 81.085 78.69 74.077 74.317 73.945 78.167 77.34 74.2 75.07 73.77 73.722 73.655 73.512 73.472 73.43 73.332 73.305 73.287 73.242 73.175 73.097 73.14 73.005 72.925 72.775 72.66 73.177 72.437 76.687 77.77 72.725 72.817 78.027 79.41 80.077 79.267 78.61 76.355 71.767 71.97 77.188 72.332 73.07 71.909 71.151 71.163 71.188 71.673 70.963 70.696 70.925 70.425 70.373 70.72 71.548 71.053 70.663 70.972 70.146 70.097
74.76 75.09 77.625 80.66 81.187 79.202 76.927 74.492 76.077 80.867 82.107 82 81.362 79.865 74.027 75.66 74.67 74.02 73.912 73.867 76.155 74.1 73.77 73.617 73.487 73.432 73.415 73.4 73.352 73.345 73.99 73.195 73.19 73.387 72.935 72.852 72.772 72.517 74.247 76.617 78.657 79.042 75.995 72.385 73.177 78.745 78.69 77.847 72.005 71.687 71.547 71.837 71.866 71.868 71.921 72.201 72.125 72.122 73.643 72.714 71.095 70.705 70.683 70.826 71.071 71.421 74.324 74.494 73.563 74.027 72.312 71.507
74.73 74.71 74.592 74.605 74.677 75.11 75.68 74.605 74.225 80.627 80.947 80.807 80.4 79.57 74.035 76.005 73.95 74.83 73.927 73.895 74.655 74.217 74.65 74.28 73.53 73.502 73.445 73.402 73.352 73.757 73.605 74.992 73.167 73.117 73.227 72.77 72.657 75.227 78.522 79.202 79.907 79.687 78.482 73.737 72.54 77.945 75.682 71.897 71.622 71.487 71.365 71.412 71.853 71.837 71.478 72.113 73.653 73.579 74.623 73.452 71.075 71.112 71.544 74.716 72.872 71.973 74.942 72.902 75.411 74.243 70.454 70.166
74.755 74.72 74.66 74.605 74.665 74.732 74.612 74.577 74.727 78.58 79.542 76.345 75.497 74.355 74.057 76.272 77.132 73.935 73.932 73.895 74.642 73.745 73.697 73.617 73.565 73.502 73.45 73.497 73.715 73.447 73.232 73.19 73.692 74.385 73.312 72.652 72.557 72.475 78.835 80.025 80.58 79.777 78.967 76.137 72.417 72.992 71.797 71.77 71.822 71.33 71.26 71.202 71.687 71.65 71.068 71.892 76.012 73.722 73.487 73.382 73.506 72.817 73.687 75.89 75.872 73.701 75.465 74.011 76.688 75.904 70.749 69.785
74.912 74.895 74.762 74.685 74.747 74.66 74.552 74.522 75.567 74.197 74.162 74.16 74.155 74.117 74.072 75.197 74.7 76.56 73.86 73.8 74.23 73.737 73.697 73.885 74.747 73.857 73.617 74.87 73.14 73.197 73.405 73.997 73.25 73.65 74.422 72.88 72.417 72.362 76.617 79.355 79.225 78.575 74.56 72.272 71.87 72.092 71.68 72.025 73.7 71.355 71.225 71.137 71.26 71.88 71.031 71.108 74.608 74.288 75.155 75.438 74.493 75.902 74.801 76.497 76.285 76.413 76.322 75.926 76.265 74.562 71.265 69.799
74.975 74.932 74.837 74.81 74.78 74.725 74.59 74.522 75.26 74.26 74.22 74.197 74.245 74.92 74.275 74.07 74.035 73.887 73.867 73.85 73.82 73.757 73.66 73.802 74.025 74.512 73.742 72.895 74.227 76.535 76.567 76.965 77.777 75.117 75.985 75.577 72.407 73.605 74.112 78.567 77.227 71.927 71.58 71.522 74.315 73.717 71.72 71.407 71.172 71.207 71.045 71.032 71.275 71.415 73.184 71.592 76.463 76.521 76.741 77.446 77.268 76.159 76.502 76.801 76.514 76.701 76.941 75.605 73.556 71.511 70.893 69.884
75.102 75.005 74.927 74.79 74.742 74.657 74.887 74.7 74.37 74.34 74.242 74.205 75.087 74.44 74.117 73.982 73.952 73.952 73.932 73.895 73.802 73.765 73.772 75.115 73.725 72.81 72.737 72.882 79.457 79.675 79.955 80.002 79.525 75.462 75.785 75.887 75.052 74.377 72.747 73.387 72.1 71.582 71.682 71.495 71.71 74.122 72.18 71.105 71.122 71.11 71.03 70.942 71.73 72.862 72.895 73.072 73.882 76.944 76.978 78.138 77.787 77.051 74.796 75.083 76.385 76.743 76.479 75.249 73.073 70.902 70.372 69.559
75.057 75 74.94 74.835 74.74 74.725 74.605 74.517 74.447 74.387 74.362 74.31 74.27 74.172 74.08 74.062 74.02 74.002 73.962 73.872 73.917 74.547 75.472 72.85 72.822 72.8 72.74 72.957 79.357 80.78 80.745 80.59 79.772 76.165 75.607 76.107 75.502 74.295 74.207 71.907 71.605 71.557 71.505 74.577 72.182 71.99 72.18 73.21 72.412 71.19 71.727 71.285 74.322 74.902 73.382 74.615 75.48 76.685 78.556 77.9 76.851 75.766 74.202 75.666 76.224 76.517 75.389 74.406 72.391 72.025 71.826 69.789
75.09 75.002 74.927 74.837 74.815 74.752 74.63 74.587 74.502 74.43 74.4 74.33 74.222 74.19 74.152 74.11 74.052 74.012 73.94 73.987 75.062 74.947 72.972 72.875 72.82 72.782 72.725 76.027 79.277 80.545 80.897 79.765 78.237 75.98 75.485 76.112 75.587 74.815 72.935 74.037 73.9 72.38 71.44 73.302 71.662 71.332 71.27 72.087 73.09 72.04 74.545 73.24 74.212 74.25 73.295 74.452 74.94 76.585 77.594 77.187 75.783 74.384 72.839 74.207 74.532 74.337 73.359 71.221 71.005 72.854 71.474 70.338
75.05 75.002 74.932 74.86 74.772 74.71 74.642 74.587 74.5 74.392 74.37 74.327 74.285 74.24 74.185 74.127 74.077 73.987 74.017 73.972 75.37 73.095 72.942 72.865 72.827 72.765 72.705 74.725 79.145 80.457 81.07 79.87 75.287 73.407 72.152 74.535 74.507 71.905 71.442 72.082 72.525 73.505 72.865 72.447 71.595 71.812 71.902 71.277 71.642 71.965 73.227 73.48 75.092 74.272 73.42 74.24 75.905 77 76.447 75.572 74.739 73.36 70.524 70.399 70.632 70.671 70 70.197 72.146 72.578 72.369 70.776
74.972 74.922 74.867 74.837 74.767 74.722 74.642 74.587 74.542 74.46 74.422 74.357 74.307 74.252 74.18 74.11 74.052 73.957 73.957 73.917 73.91 73.135 73.022 72.965 72.985 72.852 72.757 72.795 78.99 80.34 80.65 79.257 74.015 72.152 72.117 73.667 74.282 71.472 71.402 71.362 71.397 71.255 71.265 71.27 75.152 71.507 71.227 72.852 72.147 72.94 71.207 73.49 74.185 71.527 71.087 72.567 75.177 75.202 74.671 74.219 71.877 70.259 70.402 70.211 69.978 69.888 70.967 70.681 70.205 71.835 71.368 70.797
75.03 74.997 76.655 76.667 74.72 74.672 74.63 74.562 74.517 74.482 74.437 74.365 74.305 74.225 74.162 74.1 74.005 73.895 73.885 73.882 76.205 73.687 73.75 72.897 72.812 72.78 72.712 72.725 78.847 79.89 79.752 79.35 76.295 72.14 72.115 72.115 71.542 71.622 71.347 71.317 71.245 71.25 71.232 71.235 71.172 71.147 71.082 71.2 71.255 70.885 70.867 71.087 70.932 71.007 70.99 70.795 71.062 70.997 70.757 70.563 70.162 70.061 69.992 69.956 70.081 70.435 71.368 70.223 71.701 71.478 71.467 71.11
74.922 74.89 74.845 74.762 74.637 74.602 74.557 74.512 74.467 74.417 74.377 74.342 74.28 74.212 74.135 74.062 73.972 73.847 73.845 73.832 73.747 74.915 73.432 72.86 72.845 72.775 72.725 72.72 77.162 77.612 76.672 74.6 73.512 72.12 72.115 71.692 72.285 76.91 72.157 71.347 71.222 71.222 71.202 71.247 71.14 71.102 71.02 74.89 70.815 70.795 70.772 71.685 70.79 70.852 70.785 70.78 70.787 71.19 70.445 70.374 70.657 70.253 69.924 69.894 69.91 70.025 70.767 70.666 71.159 70.831 70.688 71.404
74.807 74.722 74.722 74.665 74.547 74.53 74.5 74.43 74.85 74.402 74.307 74.27 74.23 74.18 74.11 74.045 73.947 73.83 73.81 73.75 73.675 73.582 73.547 79.712 75.74 72.785 72.737 72.665 72.572 72.46 72.302 72.25 72.192 72.145 71.797 71.722 77.86 78.585 77.945 76.04 72.307 71.38 71.285 71.272 71.295 71.12 70.915 70.735 70.73 70.692 70.9 72.842 71.97 70.562 70.525 70.415 70.682 72.73 71.187 70.22 70.454 70.439 69.865 69.822 69.998 70.071 70.342 71.049 70.566 70.573 70.446 71.23
74.775 74.905 74.68 74.52 74.49 74.445 74.437 74.475 74.47 75.305 75.075 74.187 74.167 74.112 74.062 73.992 73.925 73.852 73.747 73.752 73.657 73.555 73.467 74.007 73.622 73.977 73.195 72.685 72.577 72.452 72.39 72.302 72.23 72.042 71.73 73.115 78.492 79.62 79.487 78.517 77.895 72.13 71.895 71.852 72.385 71.362 70.912 70.7 70.645 70.645 74.457 72.852 70.802 70.997 70.56 70.282 70.225 70.37 70.742 70.255 70.24 69.89 69.742 69.815 69.737 71.133 71.773 70.189 71.808 70.264 70.519 71.204
74.497 74.422 74.447 74.45 74.46 74.402 74.375 74.345 74.312 74.265 74.252 74.792 74.085 74.047 73.982 73.94 73.885 73.83 73.762 73.677 73.627 73.592 73.535 73.442 73.3 73.18 73.477 72.927 72.707 72.6 72.487 72.372 72.242 71.88 71.782 77.877 78.777 79.435 79.952 78.907 77.637 71.565 71.31 76.065 73.447 71.655 70.922 70.73 70.697 70.667 70.71 71.9 70.635 71.232 70.27 70.275 70.24 70.212 70.007 70.037 70.405 70.079 69.697 69.867 70.164 70.79 72.216 70.174 69.941 70.157 70.857 70.783
74.905 75.837 75.345 74.412 74.4 74.36 74.595 74.255 74.195 74.202 74.157 74.105 73.977 74.075 74.01 73.875 73.827 73.782 73.73 73.667 73.602 73.54 73.507 73.502 73.382 73.255 73.107 72.972 72.92 72.775 72.607 73.085 72.167 73.035 71.895 74.55 77.595 78.237 78.84 78.302 72.755 71.382 74.217 78.19 77.585 75.247 71.312 71.522 70.875 70.837 70.805 70.69 70.63 70.5 70.41 70.272 70.245 70.16 69.912 69.792 69.942 69.802 69.72 69.845 69.76 70.245 69.872 69.568 70.285 70 70.11 70.239
