dsm/se3232_DSM_2M.asc
ncols 500
nrows 500
xllcorner    432000
yllcorner    432000
cellsize     2
NODATA_value -9999
[rows 192 to 223 of 500, columns 0 to 71 of 500]
40.275 40.235 41.471 45.866 46.652 46.717 46.868 46.823 46.686 46.635 46.661 46.639 42.685 44.607 48.52 52.108 52.103 52.088 52.369 52.083 52.122 52.114 52.142 41.775 39.132 39.119 39.109 39.17 39.109 39.077 39.056 39.049 39.029 39.017 39.068 39.058 39.143 39.084 39.022 38.845 40.074 45.516 46.244 46.229 46.234 43.36 38.739 38.687 38.806 38.822 38.936 39.625 45.287 47.22 48.713 43.39 39.377 39.42 39.469 39.394 39.179 38.958 38.783 38.76 38.767 38.748 38.747 38.74 38.791 38.724 38.745 38.735
40.284 40.227 40.193 41.417 46.35 46.663 46.679 46.724 46.629 46.626 46.643 46.626 46.664 47.732 51.906 52.105 52.071 52.115 52.141 52.133 52.082 52.092 52.125 50.398 42.792 39.199 39.161 39.122 39.085 39.075 39.065 38.989 39.027 39.01 39.036 39.048 39.085 39.006 38.777 38.98 45.411 46.257 46.238 46.247 46.279 46.265 42.128 38.778 38.736 38.85 38.92 38.9 39.07 46.53 43.342 39.958 39.37 39.334 39.318 39.163 39.013 38.805 38.739 38.697 38.735 38.737 38.684 38.704 38.694 38.691 38.736 38.724
40.237 40.214 40.101 40.068 40.237 46.544 46.668 46.762 46.644 46.624 46.65 46.644 46.65 46.673 47.756 52.058 52.12 52.143 52.108 52.123 52.168 52.191 52.16 52.16 46.558 41.554 39.114 39.108 39.081 39.072 39.068 39.04 39.057 39.066 39.06 39.056 38.997 38.798 42.781 46.257 46.274 46.246 46.23 46.221 46.247 46.265 46.287 42.127 38.777 38.76 38.827 38.873 38.95 39.788 39.716 39.247 39.293 39.208 39.063 38.924 38.793 38.723 38.715 38.675 38.691 38.689 38.673 38.679 38.675 38.668 38.694 38.666
40.191 40.161 40.136 44.101 40.198 40.238 46.546 46.682 46.636 46.641 46.653 46.658 46.645 46.655 46.689 48.235 51.85 52.094 52.096 52.084 52.125 52.133 52.174 52.075 52.129 49.616 39.415 39.116 39.062 39.055 38.995 39.016 39.062 39.085 39.103 38.946 38.753 40.385 46.129 46.245 46.232 46.246 46.343 46.175 46.204 46.244 46.242 45.78 40.607 38.819 38.794 38.814 38.908 38.984 39.052 39.075 39.066 39.008 38.834 38.773 38.704 38.646 38.68 38.657 38.657 38.632 38.66 38.674 38.654 38.652 38.662 38.648
40.118 40.118 45.249 45.823 45.385 43.046 43.944 46.664 46.69 46.66 46.667 46.61 46.64 46.646 46.734 45.918 48.372 52.108 52.109 52.091 52.097 52.159 52.055 52.093 52.047 52.104 44.707 41.273 39.088 39.089 39.007 39.094 39.069 39.055 38.911 38.797 42.763 46.229 46.184 46.211 46.382 46.296 46.228 46.355 46.239 46.191 46.221 46.247 46.119 40.077 38.751 38.815 38.825 38.83 38.979 38.993 38.939 38.873 38.695 38.629 38.639 38.612 38.6 38.601 38.605 38.622 38.611 38.654 38.651 38.628 38.602 38.643
40.206 44.867 45.794 45.76 45.729 44.431 43.504 46.016 46.662 46.651 46.637 46.654 46.644 46.526 45.264 40.488 40.408 49.396 51.996 52.137 52.118 52.102 52.054 52.056 52.077 52.113 52.084 49.599 39.275 39.121 39.088 39.09 39.084 39.031 38.852 42.646 46.264 46.232 46.238 46.387 46.288 46.235 46.235 46.255 46.347 46.356 46.255 46.242 46.219 46.191 41.659 38.798 38.884 38.787 38.855 38.897 38.842 38.725 38.607 38.55 38.577 38.555 38.573 38.553 38.562 38.592 38.585 38.571 38.576 38.607 38.626 38.605
45.77 45.827 45.768 45.724 45.711 45.792 44.208 43.354 45.802 46.589 46.626 46.627 46.553 40.798 40.066 40.921 40.376 40.735 44.047 51.965 52.116 52.086 52.56 53.957 54.24 52.877 52.086 52.113 43.78 39.365 39.132 39.117 39.067 39.067 38.919 39.236 46.02 46.255 46.263 46.303 46.238 46.306 46.298 46.246 46.306 46.275 46.392 46.252 46.235 46.203 45.132 40.227 38.929 38.905 38.827 38.78 38.732 38.608 38.551 38.566 38.569 38.538 38.531 38.512 38.548 38.515 38.561 38.553 38.538 38.55 38.572 38.595
45.787 45.769 45.713 45.676 45.68 45.856 45.983 44.215 43.428 43.952 46.619 46.693 43.046 40.023 39.99 39.945 39.965 39.324 39.574 49.623 52.087 52.135 52.583 54.636 54.71 54.659 52.204 52.101 52.106 44.866 39.191 39.13 39.099 39.095 39.057 38.89 40.119 45.954 46.265 46.253 46.246 46.268 46.205 46.4 46.249 46.288 46.32 46.253 46.202 46.293 46.248 45.527 40.58 38.794 38.973 38.815 38.703 38.598 38.585 38.582 38.526 38.483 38.5 38.49 38.543 38.529 38.553 38.539 38.513 38.552 38.557 38.595
45.782 45.738 45.662 45.737 45.96 45.954 46.121 46.293 44.77 43.294 44.561 42.951 40.642 40.05 39.962 39.717 39.289 39.123 39.131 39.369 51.56 52.09 52.099 54.173 54.617 54.672 54.199 52.659 52.122 52.102 46.581 39.507 39.14 39.1 39.122 39.054 38.841 44.078 46.169 46.261 46.25 46.238 46.228 46.195 46.316 46.296 46.317 46.331 46.288 46.251 46.237 46.239 45.68 39.275 38.919 38.805 38.749 38.681 38.555 38.539 38.52 38.526 38.503 38.481 38.528 38.518 38.481 38.513 38.52 38.528 38.52 38.532
45.747 45.663 45.722 45.883 46.023 46.149 46.293 46.427 46.549 45.702 42.552 45.319 41.89 40.105 39.655 39.203 39.116 39.156 39.135 39.149 39.098 49.438 52.083 52.068 52.596 54.578 54.692 54.69 52.656 52.09 51.166 43.099 39.127 39.13 39.088 39.102 39.17 45.572 45.738 42.329 39.549 44.941 46.214 46.232 46.29 46.247 46.281 46.248 46.248 46.222 46.202 46.215 45.952 39.843 38.671 38.825 38.847 38.762 38.659 38.558 38.573 38.528 38.486 38.513 38.498 38.531 38.487 38.487 38.459 38.495 38.515 38.527
45.766 45.767 45.845 46.024 46.158 46.297 46.471 46.6 46.72 46.048 45.864 45.314 42.112 40.638 39.557 39.117 39.136 39.125 39.115 39.146 39.143 43.154 49.589 52.115 52.084 53.885 54.651 54.639 52.36 52.134 52.101 51.987 47.174 39.425 39.145 42.634 45.665 45.661 40.787 39.897 40.881 40.665 44.967 46.243 46.264 46.24 46.274 46.216 46.198 46.198 46.2 44.1 38.697 38.682 38.799 39.181 39.198 39.018 38.864 38.661 38.53 38.534 38.502 38.482 38.506 38.499 38.458 38.437 38.489 38.478 38.486 38.498
44.507 45.888 46.048 46.196 46.322 46.426 46.589 46.727 46.903 46.967 47.01 44.56 40.963 40.9 40.114 39.16 39.089 39.057 39.1 39.095 39.104 39.127 40.522 51.949 52.065 52.144 52.962 52.783 52.076 52.098 52.085 52.123 50.168 42.71 43.741 45.601 45.659 40.871 39.126 39.571 41.526 40.613 40.627 45.024 46.251 46.264 46.24 46.192 46.225 46.222 46.068 39.519 38.68 39.758 38.857 42.119 40.038 39.201 38.972 38.704 38.565 38.484 38.506 38.472 38.482 38.46 38.461 38.451 38.468 38.44 38.499 38.482
44.083 45.665 46.173 46.332 46.488 46.602 46.735 46.925 47.022 46.866 41.06 41.249 41.12 40.199 39.62 39.427 39.167 39.035 39.045 39.071 39.094 39.118 39.124 41.942 49.996 52.094 52.085 52.069 52.101 52.1 52.122 52.055 52.099 50.541 47.144 45.607 44.021 42.813 39.546 39.164 39.722 40.314 39.658 39.99 46.215 46.235 46.252 46.242 46.228 42.566 39.428 38.703 41.345 43.534 40.295 41.929 40.127 39.591 38.866 38.737 38.653 38.511 38.5 38.508 38.467 38.455 38.473 38.462 38.431 38.433 38.447 38.449
44.07 44.156 45.679 46.128 46.626 46.744 46.904 46.885 40.762 40.012 40.94 41.648 40.894 39.638 39.607 39.586 39.338 39.182 39.021 39.059 39.082 39.087 39.123 39.127 41.632 51.671 52.098 52.103 52.109 52.075 52.106 52.078 52.071 52.102 52.028 46.259 42.379 43.028 41.257 39.111 39.105 39.139 39.461 45.358 44.963 46.224 46.203 46.221 45.998 39.848 38.765 38.895 39.045 44.161 45.761 43.751 43.839 44.134 39.516 38.695 38.744 38.539 38.493 38.46 38.47 38.468 38.457 38.462 38.407 38.405 38.412 38.411
44.068 44.026 44.037 46.329 46.781 46.901 47.05 42.049 40.149 39.991 40.658 41.067 40.647 39.679 39.642 39.721 39.635 43.168 39.154 39.015 39.044 39.083 39.103 39.081 39.113 46.734 51.879 52.065 52.116 52.102 52.1 52.077 52.105 52.107 52.089 52.066 42.24 43.579 42.777 39.617 39.15 39.072 38.995 44.362 46.128 46.245 46.242 42.265 38.74 38.894 39.088 39.127 39.138 40.063 40.541 43.912 43.129 43.627 39.735 38.716 38.869 38.809 38.622 38.477 38.441 38.455 38.451 38.438 38.386 38.401 38.403 38.402
44.015 43.971 43.772 40.602 45.575 46.944 44.727 40.058 40.277 39.972 39.771 40.228 40.047 41.986 39.891 40.054 44.244 41.902 40.39 39.013 39.014 39.02 39.068 39.079 39.122 39.142 41.596 51.722 52.123 52.049 52.136 52.096 52.085 52.09 52.092 51.867 40.48 41.532 43.309 42.724 42.846 39.725 39.012 40.179 44.009 45.819 42.165 38.723 38.847 39.142 39.319 39.397 40.174 39.761 38.946 40.073 42.088 40.801 38.664 38.678 38.775 38.834 38.808 38.61 38.401 38.405 38.41 38.411 38.399 38.373 38.364 38.39
43.974 43.845 40.824 40.382 40.348 41.313 40.892 40.765 40.467 39.924 39.68 39.659 43.762 47.557 41.876 43.881 42.381 44.079 39.67 39.326 39.027 38.986 39.053 39.062 39.022 39.08 39.101 41.081 51.964 52.085 52.092 52.085 52.05 52.111 51.914 41.824 39.642 40.506 42.923 43.25 42.842 39.588 38.767 38.84 40.926 42.832 38.726 39.003 39.237 39.386 39.453 39.23 39.437 38.989 38.801 38.716 38.609 38.598 38.606 38.653 38.677 38.776 38.813 38.751 38.524 38.378 38.374 38.372 38.337 38.344 38.313 38.32
41.838 40.605 40.244 40.161 40.028 41.583 42.198 42.373 40.045 39.656 39.659 39.617 40.579 43.559 49.505 45.429 39.813 40.395 40.586 39.38 39.161 38.922 38.97 39.068 39.033 39.061 39.113 39.459 42.867 51.605 52.065 52.101 52.092 45.086 40.81 41.164 40.982 40.814 41.93 42.321 42.835 40.32 42.382 42.011 41.477 38.806 39.1 39.319 39.446 40.268 39.513 39.163 38.954 39.026 39.105 38.604 38.595 38.585 38.599 38.611 38.638 38.69 38.793 38.773 38.68 38.432 38.309 38.294 38.321 38.329 38.295 38.305
40.397 40.064 40.081 40.123 40.226 40.458 41.846 40.336 39.867 39.643 39.662 39.608 40.185 47.403 42.749 40.7 39.487 39.628 39.737 39.318 39.168 39.199 38.981 38.97 38.981 39.02 39.05 39.098 39.076 48.025 52.098 52.105 45.111 39.241 39.297 40.078 39.485 40.426 42.222 40.479 39.834 42.611 42.18 41.318 39.571 39.138 39.351 39.407 39.488 39.509 39.223 39.103 39.297 39.319 38.553 38.556 38.563 38.549 38.596 38.598 38.629 38.648 38.74 38.747 38.754 38.623 38.411 38.282 38.267 38.276 38.267 38.254
40.725 40.049 39.984 39.857 39.773 40.99 42.153 40.566 39.808 39.651 39.625 39.586 39.576 41.54 41.558 41.179 39.599 39.575 39.524 39.472 39.477 39.46 39.124 38.939 38.97 38.996 39.009 39.061 39.082 39.088 42.917 45.175 39.223 39.349 39.446 39.341 39.323 39.378 39.274 39.201 39.566 41.437 40.461 38.835 39.097 39.433 39.41 39.562 41.379 39.371 39.113 38.977 38.554 38.567 38.545 38.518 38.534 38.558 38.543 38.572 38.617 38.648 38.672 40.072 38.808 38.695 38.6 38.323 38.213 38.216 38.226 38.234
42.81 40.535 39.825 39.465 39.447 40.59 41.735 41.41 40.218 39.635 39.592 39.584 39.6 39.55 39.529 39.569 39.659 39.568 39.653 39.76 39.711 39.568 39.319 39.084 38.944 38.977 38.998 39.016 39.034 39.058 39.106 40.44 39.361 39.42 39.408 39.353 39.405 39.396 39.358 39.304 39.174 38.875 38.726 39.068 39.363 40.391 41.574 39.952 39.51 39.136 40.098 39.058 38.498 38.516 38.491 38.562 38.556 38.537 38.542 38.554 38.59 38.639 38.647 38.676 38.697 38.786 38.641 38.423 38.23 38.164 38.184 38.176
46.33 41.526 39.539 39.435 39.402 39.412 42.194 41.769 42.243 40.317 39.582 39.61 39.596 39.713 39.549 39.534 39.551 39.545 39.731 41.722 39.827 39.526 39.172 38.988 38.926 38.934 38.954 39.025 39.037 39.074 39.132 39.289 39.376 39.435 39.442 39.414 39.352 39.465 39.443 39.371 39.31 38.973 38.769 38.845 39.077 40.889 42.773 40.341 40.17 40.179 39.208 38.497 38.457 38.465 38.497 38.498 38.509 38.556 38.534 38.569 38.607 38.638 38.624 38.677 38.683 40.292 38.744 38.662 38.41 38.165 38.13 38.134
47.582 42.895 40.677 39.502 39.385 39.697 41.709 40.61 43.94 40.232 39.54 39.735 39.798 39.748 39.703 39.523 39.57 39.683 41.256 40.635 39.544 39.244 38.912 38.921 39.051 39.039 38.919 38.931 39.071 39.099 39.245 39.349 39.38 39.386 40.8 40.143 39.501 39.439 39.441 39.277 39.138 39.159 39.052 38.698 38.78 39.022 41.723 40.685 40.719 40.689 38.819 38.447 38.447 38.459 38.452 38.484 38.52 38.52 38.534 38.567 38.644 38.592 38.633 38.617 38.634 38.693 39.204 39.155 38.628 38.343 38.135 38.073
49.187 47.683 41.841 39.548 39.421 39.418 39.361 39.4 39.826 39.505 39.647 41.663 39.846 39.729 39.63 39.508 39.56 39.618 39.62 39.546 39.253 38.914 38.936 39.105 39.256 39.322 39.091 38.974 39.087 39.221 39.305 39.392 39.406 39.583 40.238 40.037 39.506 39.477 39.385 39.173 41.03 42.902 41.317 39.062 38.662 38.706 39.151 39.942 39.339 38.666 38.433 38.424 38.49 38.469 38.458 38.461 38.471 38.545 38.541 38.576 38.586 38.592 38.612 38.628 38.642 38.647 38.666 38.669 38.937 38.499 38.318 38.107
49.203 49.202 48.424 39.848 40.493 39.452 39.403 39.378 39.33 39.341 41.022 41.641 39.943 39.75 39.594 39.45 39.519 39.521 39.39 39.141 38.922 38.907 39.181 39.39 39.486 39.428 39.303 39.185 39.256 39.357 39.361 39.381 39.413 39.335 39.339 39.352 39.426 39.393 39.231 39.175 41.095 44.12 42.918 39.205 38.821 38.47 39.425 38.542 38.407 38.396 38.405 38.426 38.45 38.444 38.46 38.457 38.513 38.497 38.544 38.545 38.575 38.576 38.582 38.645 38.608 38.623 38.663 38.671 39.117 39.084 38.518 38.202
49.158 49.213 49.22 42.819 42.861 39.827 39.399 39.415 39.397 39.643 39.529 39.536 40.652 41.77 39.562 39.379 39.455 39.397 39.105 38.893 38.879 39.175 39.453 39.54 39.544 39.5 39.461 39.424 39.435 39.405 39.404 39.416 39.415 39.353 39.299 39.282 39.219 39.226 39.263 40.213 41.222 43.775 42.72 40.326 38.935 38.988 38.549 38.383 38.375 38.389 38.379 38.396 38.394 38.459 38.459 38.48 38.467 38.488 38.511 38.502 38.561 38.583 38.595 38.614 38.568 38.642 38.603 38.632 38.672 38.741 38.695 38.456
49.233 49.224 49.183 49.188 47.907 40.917 40.209 39.471 39.431 39.448 39.459 39.511 39.461 40.138 39.291 39.312 39.303 39.02 38.852 38.937 39.267 39.391 39.552 39.571 39.529 39.49 39.456 39.42 39.414 39.413 39.403 39.399 39.368 39.333 39.244 39.211 39.193 39.273 39.308 40.791 39.42 39.412 39.301 38.962 39.624 38.859 38.335 38.339 38.359 38.374 38.424 38.402 38.403 38.435 38.476 38.485 38.496 38.496 38.497 38.562 38.562 38.528 38.556 38.572 38.568 38.617 38.613 38.637 38.625 38.678 41.198 45.184
49.196 49.199 49.176 49.189 44.327 45.326 41.694 39.495 39.478 39.465 39.489 39.644 39.151 39.324 39.052 39.11 39.032 38.865 39.003 39.271 39.443 39.547 39.518 39.548 39.506 39.481 39.428 39.417 39.463 39.427 39.418 39.391 39.381 39.312 39.252 39.222 39.202 39.583 39.369 39.444 41.495 39.265 39.064 38.941 38.885 38.312 38.323 38.308 38.331 38.373 38.425 38.368 38.389 38.439 38.448 38.46 38.481 38.48 38.513 38.529 38.513 38.539 38.545 38.548 38.557 38.621 38.63 38.615 39.997 38.889 44.112 46.18
49.256 49.258 49.164 49.202 49.185 49.202 46.901 39.831 39.455 39.509 40.071 39.556 38.976 38.955 38.855 38.841 38.839 38.93 39.157 39.363 39.469 39.569 39.514 39.484 39.472 39.433 39.4 39.408 39.438 39.43 39.421 39.373 39.308 39.285 39.232 39.221 39.208 40 42.903 40.397 42.308 39.665 38.552 38.277 38.274 38.301 38.284 38.292 38.313 38.349 38.368 38.395 38.393 38.444 38.44 38.445 38.478 38.489 38.482 38.519 38.524 38.5 38.548 38.564 38.582 38.561 38.579 38.708 39.146 38.676 43.234 46.174
49.191 49.173 49.203 49.206 49.235 49.226 49.231 42.035 40.393 40.285 40.713 39.518 38.912 38.849 38.83 39.476 41.895 39.075 39.211 39.369 39.46 39.52 39.488 39.459 39.396 39.378 39.392 39.39 39.391 39.406 39.382 39.354 39.307 39.31 39.265 39.561 40.064 39.382 39.709 39.835 39.169 39.97 38.371 38.234 38.246 38.278 38.267 38.303 38.29 38.347 38.358 38.409 38.375 38.407 38.402 38.463 38.445 38.477 38.456 38.49 38.472 38.541 38.522 38.53 38.549 38.562 39.104 38.928 38.589 38.25 37.993 38.494
49.165 49.198 49.221 49.223 49.212 49.176 48.993 47.455 46.744 40.448 40.577 39.322 38.869 38.773 39.652 43.6 43.892 40.652 39.1 39.225 39.4 39.472 39.461 39.416 39.392 39.373 39.371 39.358 39.334 39.372 39.371 39.366 39.309 39.293 39.71 43.38 39.147 38.97 39.531 38.411 38.184 38.22 38.217 38.226 38.219 38.251 38.259 38.259 38.277 38.314 38.327 38.368 38.355 38.394 38.407 38.453 38.449 38.434 38.459 38.484 38.467 38.527 38.52 38.516 38.524 39.821 38.742 38.582 38.265 37.944 37.739 37.73
49.198 49.198 49.227 49.266 49.196 49.167 49.164 49.192 45.02 41.636 40.224 39.329 38.865 38.916 44.623 45.184 44.936 43.661 40.163 38.997 39.185 39.346 39.396 39.415 39.383 39.348 39.302 39.334 39.361 39.319 39.332 39.354 39.32 39.313 41.565 44.913 43.098 41.733 38.432 38.192 38.162 38.213 38.203 38.212 38.202 38.226 38.255 38.281 38.305 38.3 38.35 38.33 38.353 38.357 38.433 38.421 38.465 38.419 38.461 38.478 38.458 38.524 38.5 38.586 38.629 38.663 38.478 38.201 37.964 37.752 37.664 37.703
