dsm/se3233_DSM_2M.asc
ncols 500
nrows 500
xllcorner    432000
yllcorner    433000
cellsize     2
NODATA_value -9999
[rows 256 to 287 of 500, columns 146 to 218 of 500]
67.654 66.225 66.154 68.105 74.718 75.24 75.529 74.951 75.281 75.34 75.585 75.065 75.096 74.226 73.183 71.797 69.167 66.176 65.213 65.061 65.06 65.033 64.964 64.903 64.954 65.037 64.804 68.179 69.273 70.338 71.5 72.631 71.596 65.118 64.617 65.023 67.627 70.18 71.549 72.004 71.003 69.783 66.883 65.934 65.285 64.366 64.411 64.348 65.254 64.47 64.284 64.163 64.16 64.144 64.505 64.833 67.282 64.29 64.312 64.226 64.013 63.93 63.885 63.928 63.942 64.425 65.288 67.146 67.947 70.997 66.114 64.654 63.585
66.705 67.345 72.616 73.973 74.712 75.255 75.389 75.613 75.451 74.994 74.374 73.822 72.834 71.178 65.832 65.909 65.368 65.437 65.384 65.377 64.99 64.991 64.938 64.769 64.934 65.266 64.763 66.872 70.112 71.355 73.245 72.083 70.732 69.698 66.686 65.69 67.077 69.145 71.014 71.817 71.538 69.663 69.005 64.684 65.15 64.31 65.074 64.433 64.163 64.137 64.148 64.046 64.098 64.144 64.882 64.452 64.262 64.345 64.235 64.193 64.074 63.886 63.788 63.755 63.79 64.323 64.38 66.718 67.657 70.717 66.351 65.697 63.322
72.496 74.246 74.469 74.94 75.239 75.747 75.303 74.997 74.619 74.372 73.32 71.228 65.862 65.355 66.003 66.016 65.443 65.447 65.002 64.888 64.913 64.866 64.856 64.772 64.779 64.827 64.753 64.64 65.629 71.061 72.616 71.121 70.18 69.116 67.664 66.205 64.753 68.182 70.384 71.518 71.311 68.394 65.75 64.251 64.419 64.168 64.172 64.15 64.071 63.95 64.048 64.707 64.075 64.194 64.238 64.394 64.644 66.045 64.306 64.244 64.036 63.818 63.73 63.626 63.629 63.763 63.97 65.787 67.311 66.901 64.576 63.631 63.101
75.195 76.124 75.333 75.68 75.278 74.688 74.793 74.462 72.983 67.385 66.419 65.89 66.493 65.571 65.728 65.548 64.97 64.835 64.861 64.829 64.845 64.834 64.827 64.708 64.623 64.723 64.783 64.673 64.734 69.058 70.256 70.319 69.335 67.981 67.251 66.643 64.722 67.967 69.996 66.679 65.768 64.31 64.511 64.767 64.141 64.11 64.043 63.941 64.004 64.871 65.005 64.873 64.107 64.359 64.353 65.907 64.809 64.698 64.597 64.216 64.538 63.817 63.681 63.583 63.494 63.53 63.542 63.67 66.557 64.518 63.193 63.796 64.594
75.458 75.586 75.308 74.854 74.514 73.32 72.409 69.015 66.651 65.354 65.104 65.416 65.744 64.996 64.927 64.859 64.816 64.801 64.787 64.779 64.747 64.734 64.689 64.639 64.563 64.604 65.185 64.768 64.685 64.938 67.482 68.466 68.55 67.252 66.356 64.919 64.523 64.719 66.626 64.301 64.333 64.475 64.176 64.135 64.125 63.951 63.942 64.49 64.01 64.314 64.326 64.153 64.188 65.869 64.546 65.288 64.505 64.165 64.424 64.847 64.741 63.826 63.669 63.452 63.434 63.42 63.386 63.334 63.276 63.773 64.903 66.195 66.18
75.247 75.035 75.092 73.383 70.787 66.669 65.319 65.212 65.249 65.296 65.34 64.887 64.838 65.484 65.603 64.782 64.789 64.765 64.806 65.711 64.631 64.565 64.545 64.579 64.532 64.457 64.597 64.824 64.74 65.037 64.732 64.71 65.279 66.878 65.06 64.542 64.693 65.036 64.233 65.107 64.232 64.305 64.085 63.959 63.909 63.948 64.24 64.944 64.025 64.05 64.155 65.327 65.028 65.476 63.912 63.782 63.995 63.959 63.797 63.672 63.763 64.276 63.585 63.465 63.368 63.272 63.238 63.2 63.16 65.623 67.06 69.315 69.946
73.788 74.828 67.614 66.793 65.409 65.389 65.479 65.784 65.104 64.922 64.752 64.728 64.748 64.755 64.775 64.751 64.788 64.72 65.27 65.532 64.794 65.776 64.565 64.538 64.52 64.411 64.451 64.681 64.512 65.424 64.957 65.462 64.573 65.24 64.576 64.505 64.444 65.437 64.229 64.107 64.004 64.027 63.945 63.908 63.903 63.961 64.048 64.233 64.133 64.171 64.243 64.386 64.784 68.385 64.064 63.702 63.849 64.569 63.941 63.577 63.616 63.754 63.52 63.427 63.281 63.206 63.117 64.319 63.268 63.093 65.082 67.392 71.125
68.134 67.632 65.017 65.308 65.34 65.192 65.073 64.816 64.949 64.737 64.79 64.777 64.734 64.733 64.704 64.711 64.672 64.738 64.817 65.36 65.104 65.114 64.539 64.425 64.443 64.338 64.268 64.342 64.421 64.461 64.346 64.824 64.339 64.295 64.363 64.463 65.073 65.065 64.04 64.028 63.954 63.875 63.899 64.188 64.765 64.751 64.325 64.127 64.075 64.24 64.149 67.951 69.065 69.391 66.882 63.648 63.965 63.902 63.7 64.735 65.368 64.894 64.086 63.366 63.245 63.101 63.026 63.895 63.966 63.151 63.371 67.031 69.78
65.308 65.374 65.078 64.915 64.88 64.715 64.674 64.708 64.695 64.73 64.689 64.7 64.681 64.629 64.659 64.68 64.723 64.995 65.239 65.656 65.211 66.165 66.668 64.303 64.347 64.372 64.236 64.199 64.566 64.546 64.304 64.303 64.247 64.268 64.357 65.056 64.179 64.067 63.941 63.865 63.855 63.88 63.835 63.894 64.123 65.228 64.128 64.191 64.432 67.835 68.949 69.416 70.121 70.083 69.265 65.064 63.667 65.141 67.929 70.622 69.43 67.268 63.752 63.99 63.141 63.01 62.93 62.935 63.837 63.22 63.195 64.763 67.417
66.606 64.97 64.936 64.97 64.967 64.628 64.699 64.705 64.693 64.9 64.655 64.628 64.621 64.675 64.79 65.219 64.898 64.938 65.206 67.951 71.467 72.656 72.737 64.737 64.246 64.248 64.202 64.094 64.54 64.475 64.23 64.36 64.342 65.312 64.022 63.986 63.932 63.881 63.836 63.829 63.778 63.752 63.94 63.995 63.982 63.939 63.92 64.086 66.587 69.133 69.821 70.53 71.014 70.695 69.692 65.261 63.638 67.489 70.128 70.827 70.265 69.078 63.932 64.495 63.15 63.299 62.854 62.772 62.733 62.825 63.467 62.868 67.131
65.391 64.799 65.055 65.428 64.79 64.72 64.689 64.606 64.686 65.745 64.597 64.682 64.939 65.099 64.787 64.824 65.004 68.124 72.114 72.405 72.901 73.345 74.102 70.485 64.146 64.114 64.087 63.995 64.088 65.184 64.269 65.506 64.157 64.236 63.975 63.865 63.838 63.857 63.812 63.744 63.904 63.844 63.934 63.941 63.883 63.72 63.908 68.846 69.916 70.275 70.751 70.846 70.448 69.131 67.887 63.689 63.54 65.138 69.153 71.533 70.931 69.611 67.145 63.856 63.139 63.547 62.894 62.644 62.591 62.625 62.688 63.614 65.203
64.603 64.647 64.697 64.62 64.646 64.91 65.613 64.582 64.662 64.864 64.773 64.849 64.894 65.358 67.741 70.947 72.16 72.667 73.729 73.57 74.147 74.156 73.966 72.169 64.032 63.999 63.983 63.925 63.895 64.087 64.266 64.294 63.924 63.911 63.816 63.794 63.817 63.729 63.802 63.884 63.907 64.058 64.725 63.704 65.3 63.727 64.084 69.367 70.325 71.061 70.489 69.906 68.925 64.87 63.991 63.389 63.484 63.219 67.493 70.008 70.954 70.243 69.301 64.927 62.993 63.085 62.902 62.529 62.515 62.477 62.508 63.363 63.115
64.648 64.595 64.683 64.657 64.929 65.133 64.848 64.727 64.781 65.256 64.968 65.021 66.925 69.599 72.272 73.897 73.233 73.907 74.315 74.007 73.953 73.559 73.144 71.912 64.428 63.924 63.913 63.833 63.816 63.776 63.864 63.838 63.75 63.782 63.695 63.706 63.751 63.708 63.813 63.906 64.615 64.668 63.955 68.085 68.792 64.249 63.542 67.76 69.959 69.904 69.122 64.649 63.447 63.248 63.447 63.081 63.047 63.194 63.107 68.741 70.202 70.829 69.558 68.071 64.801 62.847 62.623 62.478 62.337 62.307 62.287 62.443 62.816
64.55 64.836 65.711 64.568 64.819 64.751 65.053 65.416 64.891 64.977 66.97 70.895 72.951 72.706 73.281 74 74.047 74.206 73.969 73.432 72.624 72.075 67.03 65.523 65.95 63.923 63.808 63.815 63.759 63.751 63.753 63.721 63.714 63.704 63.716 63.714 63.76 63.825 63.882 63.785 63.945 65.612 69.003 69.515 69.737 66.821 63.737 64.214 68.613 65.615 65.3 63.385 63.18 63.156 63.269 63.933 62.888 62.856 62.797 64.591 69.414 70.087 69.917 69.063 66.78 62.956 62.546 62.437 62.245 62.246 62.159 62.161 62.16
64.493 64.655 64.802 64.747 65.22 64.793 64.781 65.405 67.291 70.881 72.7 73.071 73.776 74.068 74.075 74.207 73.796 74.02 72.95 71.756 66.161 66.725 64.612 64.386 65.097 64.712 63.755 63.7 63.676 63.715 63.662 63.646 63.662 63.65 63.76 63.784 63.879 63.766 63.9 64.996 68.62 69.47 70.108 70.656 70.098 69.22 67.077 63.419 67.3 63.307 63.142 63.843 63.118 63.016 63.14 63.938 65.218 64.607 63.16 64.269 67.231 69.35 70.132 69.393 68.48 64.043 62.546 62.318 62.202 62.077 62.047 61.985 62.066
64.573 64.633 64.722 64.865 65.417 65.22 66.63 71.741 72.629 73.636 73.843 74.426 74.1 74.207 73.601 73.118 73.54 66.63 67.072 65.761 64.159 64.775 65.206 65.575 64.193 63.856 63.706 63.644 63.665 63.701 63.674 63.608 63.684 63.721 63.821 63.835 63.936 63.929 67.57 69.256 69.806 70.101 70.594 70.659 69.987 69.185 67.879 63.44 64.186 63.195 62.982 62.928 63.123 62.988 62.917 62.985 65.916 66.738 65.524 62.801 63.496 68.467 69.771 69.959 68.959 68.181 63.66 62.283 62.092 61.91 61.922 62.024 62.62
64.902 65.38 64.884 66.244 67.559 72.05 73.479 73.091 73.719 73.999 74.187 74.1 73.865 73.54 73.398 68.248 67.442 64.249 64.261 64.304 64.054 63.958 63.961 64.494 64.246 63.692 63.666 63.647 63.656 63.593 63.625 63.711 63.773 63.777 63.953 63.865 67.548 68.524 69.589 70.079 70.552 70.864 70.112 69.666 68.778 63.81 63.129 63.083 63.221 63.316 62.864 62.967 64.399 65.06 66.734 66.781 65.671 66.09 65.087 62.595 62.727 65.702 69.13 70.086 69.539 68.45 64.178 62.118 62.035 61.898 61.75 61.742 62.362
64.919 66.681 69.022 72.058 73.394 74.103 73.74 73.979 74.226 73.822 73.573 73.593 72.521 68.055 69.108 64.315 64.23 64.031 64.146 64.06 63.755 63.707 63.795 63.957 63.644 63.686 63.59 63.625 63.572 63.556 63.642 63.753 64.246 64.022 63.726 66.563 69.44 69.905 71.56 71.103 70.379 69.734 69.24 65.763 63.129 63.088 63.011 62.933 62.882 63.457 62.832 65.234 65.705 66.616 66.702 65.866 64.194 65.345 64.792 62.88 62.514 62.715 68.34 69.454 68.449 64.125 62.22 62.083 62.62 61.886 61.677 61.652 61.579
71.612 72.754 73.025 73.476 73.915 74.176 74.158 73.76 73.237 73.268 70.889 70.475 65.305 65.54 64.064 64.013 64.029 63.867 63.757 63.784 63.698 63.678 63.663 63.673 63.648 63.628 63.554 63.525 63.486 63.573 63.567 63.544 64.421 64.662 63.8 67.48 69.806 70.528 70.645 70.028 69.171 65.959 65.742 63.063 63.238 63.999 62.914 62.798 62.753 63.172 64.414 66.456 66.157 67.015 62.733 63.72 62.292 62.841 64.119 63.622 62.347 62.185 63.144 65.469 62.952 62.039 62.032 62.024 62.243 62.153 61.702 61.51 61.419
72.772 73.792 73.793 74.294 74.139 73.791 73.449 72.962 72.133 70.406 66.035 64.172 64.258 64.855 64.031 64.016 63.916 64.084 63.778 63.771 63.752 63.655 63.643 63.621 63.789 63.518 63.525 63.514 63.488 63.498 63.46 63.459 63.449 64.728 63.597 64.185 69.034 70.095 69.734 67.774 63.448 62.825 62.975 62.858 62.701 63.703 63.289 62.732 62.769 63.316 66.151 66.245 63.577 62.845 62.454 62.989 62.171 62.327 63.138 62.361 62.26 63.045 62.372 62.643 63.914 62.226 61.979 62.008 62.2 61.966 61.691 61.438 61.343
73.946 74.218 74.001 73.529 73.3 72.137 70.69 69.949 64.997 64.395 65.126 64.161 63.966 63.908 63.836 63.751 63.976 63.918 63.817 63.723 63.702 63.684 63.572 63.584 64.014 63.7 63.626 63.551 63.473 63.431 63.389 63.416 63.373 63.71 65.205 65.16 64.809 68.98 65.416 63.908 62.856 62.655 63.114 63.775 62.569 62.633 62.928 62.719 63.949 64.099 62.753 62.854 62.095 62.348 62.602 62.349 62.229 61.964 62.375 63.576 64.009 65.557 64.493 61.775 61.787 62.556 61.884 62.621 61.925 62.198 62.172 61.477 61.31
73.927 73.699 73.327 72.6 71.678 65.409 64.984 64.188 64.07 64.147 64.593 64.128 63.814 63.774 63.737 63.789 63.719 63.783 63.708 63.731 63.708 63.656 63.64 63.732 63.704 63.665 63.57 63.485 63.382 63.336 63.344 63.301 63.333 63.441 64.188 63.827 63.425 64.224 62.795 62.798 63.439 62.637 63.795 65.085 62.826 63.069 63.822 63.462 63.222 62.81 64.104 62.551 62.042 62.684 62.063 62.071 62.518 62.943 63.599 66.994 67.377 67.622 67.879 61.891 61.709 61.749 61.666 61.743 61.913 62.399 62.49 61.395 61.135
74.081 72.491 71.571 65.768 65.315 64.022 64.041 64.014 64.119 63.873 64.1 64.855 63.869 63.762 63.786 63.772 63.762 63.679 63.61 64.343 64.878 64.019 63.754 63.683 63.59 63.548 63.502 63.414 63.312 63.304 63.282 63.271 63.333 63.255 63.497 64.567 63.725 62.792 62.662 62.425 63.318 62.614 62.594 64.1 63.109 63.419 62.958 62.337 62.059 62.975 64.147 62.68 61.939 61.912 62.371 62.826 63.606 66.867 67.449 67.889 68.548 68.67 68.775 64.946 61.494 61.714 61.603 61.702 61.753 62.238 62.599 61.638 61.087
72.733 65.51 64.524 64.122 64.368 64.163 63.892 63.873 64.417 64.533 64.138 63.893 63.801 63.78 63.728 63.689 63.589 63.634 66.227 70.403 67.2 64.635 68.444 63.833 63.602 63.558 63.485 63.371 63.289 63.249 63.234 63.295 63.233 63.248 63.427 64.531 62.743 62.465 63.153 62.732 62.87 63.368 63.27 63.371 62.26 62.212 62.534 62.396 61.982 62.457 62.729 61.981 61.773 62.602 65.885 66.881 67.501 68.037 68.632 68.537 68.98 68.444 67.897 66.693 61.639 63.493 61.835 63.606 63.253 61.661 61.111 60.944 60.978
65.593 64.795 64.278 64.479 64.091 63.874 64.89 64.061 64.198 63.808 63.821 63.756 63.739 63.728 63.67 64.579 65.564 70.535 71.4 71.489 70.251 68.576 70.534 67.248 63.556 63.487 63.456 63.324 63.269 63.22 63.188 63.192 63.191 63.265 68.026 67.703 66.305 64.741 62.677 62.455 63.427 62.393 62.475 62.337 62.263 62.007 62.325 62.372 61.954 61.839 61.777 61.711 65.468 67.194 67.449 67.994 68.385 68.886 68.838 68.247 67.613 66.966 63.394 62.765 61.286 62.917 63.592 61.366 61.317 60.91 60.985 60.975 60.976
64.239 65.105 64.074 63.729 63.81 64.016 64.207 63.767 63.775 63.768 63.744 63.758 63.675 64.37 69.126 71.692 72.317 71.49 72.068 72.126 71.739 71.337 71.835 71.619 63.854 63.493 63.412 63.298 63.215 63.218 63.187 63.105 63.451 66.148 69.419 69.474 69.093 69.078 64.672 62.123 62.106 61.948 61.768 61.891 62.98 62.463 61.869 62.704 61.975 62.975 61.88 61.914 65.759 68.076 68.51 69.867 68.664 68.122 67.497 66.873 63.887 63.137 62.021 62.699 61.1 60.968 61.149 60.922 60.95 60.961 61.002 60.929 60.938
63.729 63.61 63.625 63.698 63.749 63.751 63.724 63.699 63.683 63.693 63.681 63.855 69.847 72.068 72.236 72.518 73.095 71.963 72.187 72.703 73.793 72.771 72.058 71.507 66.968 63.418 63.352 63.27 63.174 63.155 63.094 63.13 63.14 66.127 69.093 69.68 68.998 66.735 67.121 61.888 61.836 62.303 61.702 61.721 61.77 61.766 61.718 63.449 66.105 67.172 67.069 61.816 65.696 68.717 68.46 67.853 67.46 66.947 65.462 61.353 61.195 62.64 61.6 61.451 60.944 60.885 60.919 60.926 60.943 60.961 60.979 60.955 60.927
65.59 64.373 63.624 63.618 63.665 63.774 63.687 63.64 63.636 64.445 70.106 72.093 72.229 72.653 73.336 73.532 74.182 74.369 73.912 73.52 73.448 73.662 70.676 69.472 65.819 63.428 63.332 63.213 63.1 63.056 63.077 63.111 63.102 63.21 66.819 69.565 68.497 67.939 62.097 61.913 61.749 61.731 61.679 61.663 62.795 63.533 66.444 67.165 67.728 68.129 68.634 62.11 61.773 65.433 67.203 66.129 63.427 61.779 61.742 61.286 61.44 61.02 60.899 60.838 60.857 60.943 60.937 60.931 60.918 60.932 60.886 60.91 60.979
63.737 63.784 63.576 63.658 63.646 63.628 63.588 65.013 70.545 72.031 72.191 72.876 73.242 73.764 74.41 74.405 74.41 74.029 73.282 72.614 72.935 72.548 68.19 64.056 63.841 63.527 63.411 63.191 63.098 63.004 63.045 63.089 63.089 64.241 69.918 70.743 69.8 68.607 62.173 61.82 61.774 61.696 62.497 64.976 66.75 67.23 67.856 68.385 68.643 68.623 68.419 67.4 61.478 63.467 62.028 61.731 61.203 62.319 61.691 61.176 60.908 60.884 60.914 60.847 60.889 60.928 60.878 60.889 61.278 61.871 60.972 62.793 68.444
63.451 63.457 63.857 64.651 63.74 66.411 70.75 71.78 72.441 73 73.509 73.867 74.495 74.309 74.176 73.737 74.134 73.877 72.559 71.119 71.796 72.757 66.998 64.13 63.542 63.589 63.716 63.142 63.027 62.931 62.991 63.047 66.326 69.926 71.07 71.346 70.356 69.328 65.238 62.661 61.849 66.082 67.026 67.195 67.565 68.13 68.612 68.607 68.572 67.803 67.297 66.025 61.513 61.169 61.047 61.131 61.115 61.314 60.838 60.822 60.941 60.876 60.842 60.881 60.913 60.886 60.897 60.854 60.929 62.641 67.764 69.899 69.66
63.426 63.39 63.425 64.886 69.932 70.249 72.185 73.155 73.455 73.95 74.261 75.023 74.093 73.741 73.145 72.633 72.312 72.369 71.386 71.006 67.671 64.613 63.478 63.473 63.813 64.423 65.472 64.83 63.059 62.983 63.01 63.065 63.793 69.419 70.459 71.518 70.776 69.704 68.499 61.929 63.487 67.243 67.959 68.436 68.786 68.693 68.133 67.68 66.925 62.979 62.866 61.108 61.121 60.955 60.902 60.966 62.116 60.81 60.796 60.786 60.864 60.863 60.859 60.802 60.804 60.789 60.858 60.842 60.889 66.255 69.137 69.686 69.914
63.42 64.787 68.854 69.964 71.72 72.14 73.08 73.936 74.219 74.453 74.167 73.504 73.129 72.458 71.976 71.789 71.433 71.302 71.294 71.036 67.658 65.338 64.126 64.686 66.84 67.269 67.304 64.788 63.102 63.069 63.011 63.022 63.867 68.456 69.985 71.128 71.31 70.328 68.969 63.114 63.752 68.413 68.875 68.788 67.921 67.553 66.986 63.872 63.024 61.701 61.565 61.31 60.943 60.797 60.795 60.789 61.141 60.798 60.796 60.776 60.901 62.463 61.3 60.751 60.873 60.728 60.775 60.906 60.91 62.144 65.331 69.235 69.533
