dsm/se3235_DSM_2M.asc
ncols 500
nrows 500
xllcorner    432000
yllcorner    435000
cellsize     2
NODATA_value -9999
[rows 384 to 415 of 500, columns 72 to 143 of 500]
79.261 79.294 79.331 79.361 79.409 79.441 79.484 79.499 79.721 80.159 80.526 80.741 80.756 80.564 80.526 80.491 80.556 80.594 80.611 80.599 80.539 80.479 80.521 80.579 80.616 80.674 80.704 80.744 80.783 80.801 80.833 80.866 80.896 81.061 80.943 80.988 81.368 81.961 81.461 81.571 81.546 81.518 81.651 81.463 81.883 81.671 81.483 81.501 81.523 81.548 81.578 82.256 81.626 81.648 81.658 82.928 81.688 81.703 81.711 81.726 81.736 81.753 81.783 81.813 81.906 82.718 82.706 81.968 82.593 81.951 81.971 81.978
79.249 79.286 79.316 79.359 79.394 79.426 79.471 79.499 79.746 80.404 80.544 80.739 80.871 80.726 80.686 80.516 80.569 80.591 80.614 80.619 80.586 80.514 80.491 80.539 80.579 80.626 80.661 80.689 80.716 80.746 80.798 80.826 80.886 80.876 81.268 81.751 81.951 81.676 81.431 81.438 81.548 82.288 81.593 81.566 81.458 81.486 81.508 81.516 81.521 81.546 82.756 81.583 81.591 81.606 81.613 81.636 81.646 81.656 81.673 81.691 81.711 81.728 81.748 82.776 83.213 82.286 82.098 81.953 81.881 81.903 81.923 81.918
79.239 79.266 79.309 79.354 79.386 79.416 79.446 79.536 79.906 80.429 80.689 80.849 81.006 80.854 80.786 80.569 80.549 80.601 80.624 80.634 80.614 80.556 80.496 80.521 80.541 80.589 80.616 80.649 80.693 81.331 81.281 80.788 80.951 81.126 81.596 81.506 81.331 82.301 81.391 81.408 81.431 81.681 81.486 81.513 81.528 81.486 81.516 81.511 81.523 81.526 81.716 82.123 81.538 81.556 81.571 81.586 81.608 81.616 81.631 81.708 81.668 81.691 82.593 82.956 82.056 81.776 81.783 81.793 81.823 82.713 81.866 81.858
79.224 79.261 79.291 79.334 79.356 79.384 79.484 79.706 80.184 80.611 80.876 80.991 82.479 80.971 80.854 80.631 80.559 80.604 80.629 80.639 80.624 80.586 80.516 80.501 80.521 80.551 80.589 80.634 80.658 80.708 81.208 81.013 81.148 81.356 81.266 81.626 81.303 81.558 82.078 81.363 81.378 81.408 81.446 81.618 81.563 81.468 81.478 81.481 81.478 81.468 81.481 81.481 81.488 81.498 81.518 81.543 81.561 81.576 81.591 81.801 82.113 81.651 82.278 81.693 81.711 81.733 82.246 81.836 82.613 82.873 81.793 81.793
79.216 79.264 79.289 79.321 79.356 79.516 79.749 80.126 80.606 80.879 81.096 81.311 82.019 81.071 80.834 80.699 80.621 80.621 80.634 80.656 80.644 80.619 80.554 80.476 80.516 80.534 80.579 80.604 80.758 81.136 81.251 81.291 81.201 81.216 81.233 81.963 81.273 81.278 81.301 81.311 81.328 81.353 81.893 81.463 81.463 81.503 81.431 81.438 81.426 81.416 81.426 81.421 81.433 81.441 81.476 81.496 81.506 82.008 82.283 81.571 82.556 81.601 81.616 81.628 81.643 81.661 81.681 82.776 82.501 81.706 81.716 81.728
79.221 79.316 79.456 79.566 79.736 79.961 80.274 80.691 80.986 81.174 81.344 82.901 81.231 81.091 80.854 80.756 80.681 80.624 80.639 80.651 80.649 80.631 80.581 80.516 80.491 80.516 80.551 80.616 80.731 81.811 81.238 81.896 81.276 81.188 81.201 81.368 81.223 81.233 81.251 81.263 81.278 81.303 81.318 81.343 81.361 81.488 81.386 81.386 81.383 81.373 81.363 81.373 81.393 81.403 81.481 82.726 81.468 81.541 82.346 81.513 81.538 81.551 81.553 81.561 81.583 81.598 81.616 81.623 81.638 81.651 81.641 81.651
79.506 79.709 80.011 80.159 80.349 80.561 80.846 81.046 81.294 81.611 81.574 81.376 81.174 81.024 80.919 80.814 80.721 80.661 80.636 80.654 80.659 80.646 80.609 80.544 80.471 80.506 80.619 80.646 80.716 81.523 81.331 82.058 81.813 81.136 81.148 81.156 81.173 81.196 81.203 81.221 81.231 81.243 81.276 81.278 81.318 81.333 81.333 81.341 81.331 81.323 81.316 81.323 81.338 81.353 82.636 81.706 81.483 81.433 81.441 81.453 81.466 81.498 81.496 81.508 81.526 81.541 81.551 81.558 81.583 81.588 81.588 81.593
80.751 80.541 80.606 80.726 80.836 81.021 81.181 81.331 81.669 81.766 81.424 81.326 81.151 81.056 80.954 80.851 80.764 80.699 80.661 80.654 80.651 80.654 80.636 80.591 80.521 80.474 80.659 80.699 80.966 81.616 81.548 81.721 81.316 81.108 81.111 81.121 81.123 81.153 81.161 81.171 81.188 81.191 81.213 81.221 81.241 81.266 81.261 81.278 81.278 81.263 81.263 81.273 81.296 81.306 81.486 81.341 81.361 81.373 81.443 81.401 81.408 81.428 81.431 81.443 81.463 81.476 81.498 81.501 81.511 81.536 81.548 81.543
81.304 80.916 80.914 81.019 81.131 81.316 81.501 81.669 81.621 81.521 81.346 81.246 81.159 81.071 80.989 80.909 80.836 80.754 80.696 80.641 80.659 80.661 80.639 80.629 80.556 80.474 80.634 80.674 80.706 81.701 81.901 81.068 81.058 81.058 81.073 81.076 81.096 81.098 81.121 81.126 81.141 81.151 81.161 81.161 81.173 81.196 81.211 81.223 81.231 81.221 81.218 81.216 81.241 81.256 81.281 81.281 81.303 81.313 81.331 81.318 81.353 81.358 81.373 81.386 81.411 81.421 81.421 81.441 81.453 81.473 81.496 81.498
80.604 81.006 81.069 81.226 81.411 81.611 83.494 81.689 81.521 81.509 81.334 81.234 81.159 81.074 81.014 80.944 80.876 80.814 80.719 80.644 80.641 80.654 80.644 80.629 80.594 80.511 80.571 80.564 80.641 81.146 81.231 81.073 80.998 81.011 81.036 81.046 81.046 81.071 81.068 81.078 81.091 81.101 81.101 81.106 81.123 81.136 81.513 81.388 81.166 81.163 81.151 81.163 81.191 81.213 81.236 81.238 81.251 81.271 81.276 81.291 81.296 81.308 81.318 81.338 81.336 81.351 81.366 81.386 81.378 81.408 81.426 81.411
80.606 81.146 81.176 81.381 81.701 82.756 81.906 81.654 81.641 82.271 81.314 81.204 81.124 81.059 80.996 80.974 81.031 80.926 80.776 80.691 80.621 80.644 80.639 80.639 80.609 80.544 80.461 80.529 80.653 80.693 80.883 81.008 80.971 81.466 80.996 81.006 81.008 81.018 81.033 81.031 81.026 81.036 81.038 81.061 81.066 81.086 81.088 82.176 81.088 81.088 81.116 81.123 81.143 81.166 81.178 81.176 81.198 81.206 81.223 81.228 81.231 81.243 81.263 81.268 81.286 81.283 81.301 81.316 81.321 81.321 81.323 81.306
80.726 81.539 81.449 81.479 82.314 82.471 81.776 81.579 81.491 81.381 81.276 81.189 81.221 81.204 81.189 81.176 81.136 81.049 80.964 80.811 80.601 80.601 80.609 80.621 80.621 80.576 80.481 80.556 80.648 80.686 80.998 80.893 81.001 80.921 80.943 80.953 80.963 80.968 80.968 80.983 80.983 80.988 80.998 80.981 81.053 81.028 81.026 81.046 81.046 81.041 81.046 81.068 81.091 81.103 81.128 81.133 81.138 81.146 81.158 81.163 81.166 81.176 81.203 82.281 81.276 81.228 81.231 81.243 81.246 81.241 81.228 81.221
80.739 81.149 81.429 81.784 84.241 81.871 81.659 81.601 81.459 81.366 81.259 81.311 81.316 81.504 81.501 81.471 81.444 81.344 81.176 80.899 80.724 80.541 80.574 80.601 80.616 80.584 80.504 80.451 80.608 80.651 80.718 80.756 81.713 80.903 80.896 80.908 80.903 80.921 80.926 80.923 80.938 80.938 80.956 81.053 81.056 80.973 80.988 81.008 81.006 80.988 81.023 81.023 81.026 81.048 81.071 81.078 81.081 81.088 81.101 81.106 81.126 82.073 81.141 81.233 82.056 81.161 81.176 81.176 81.181 81.163 81.153 81.451
80.774 81.096 81.584 81.684 81.849 81.821 81.981 81.904 81.446 81.359 81.426 81.416 81.404 81.556 81.519 81.454 81.409 81.321 81.216 80.929 80.721 80.556 80.521 80.561 80.606 80.591 80.529 80.441 80.503 80.618 80.661 81.236 81.426 81.231 80.856 80.858 80.873 80.871 80.881 80.886 80.891 80.898 80.898 80.921 80.933 80.941 80.956 80.953 80.958 80.958 80.963 80.986 80.981 80.983 81.011 81.023 81.031 81.038 81.058 81.936 81.071 81.748 81.381 81.098 81.103 81.116 81.116 81.116 81.108 81.098 81.338 82.261
80.789 81.319 82.104 81.846 81.884 81.726 81.634 81.531 81.429 81.491 81.504 81.491 81.344 81.321 81.289 81.241 81.226 81.181 81.634 81.586 80.839 80.626 80.531 80.521 80.571 80.669 80.556 80.466 80.388 80.558 80.613 80.693 81.753 81.781 80.836 80.826 80.828 80.833 80.838 80.846 80.843 80.846 80.868 80.881 80.901 80.898 80.911 80.911 80.918 80.913 80.918 80.933 80.923 80.936 80.963 80.976 80.991 81.003 81.001 81.906 81.021 81.031 81.038 81.043 81.051 81.056 81.053 81.046 81.678 81.081 82.201 81.118
80.704 81.324 81.379 82.379 81.906 81.711 81.631 81.516 81.416 81.541 81.739 81.704 81.394 81.386 81.369 81.324 81.294 81.269 81.149 80.986 81.004 80.756 80.581 80.449 80.989 80.984 80.549 80.499 80.408 80.406 80.578 80.636 81.476 81.693 81.623 80.783 80.783 80.783 80.783 80.796 80.811 80.821 80.833 80.843 80.851 80.861 80.861 80.863 80.863 80.871 80.881 80.876 80.886 80.898 80.916 80.928 80.941 80.951 80.956 80.956 80.973 80.971 80.986 80.983 81.003 81.011 81.041 81.038 81.996 81.118 81.623 81.233
79.886 80.716 80.764 82.294 81.926 81.714 81.616 81.526 81.486 81.591 81.956 81.786 81.449 81.446 81.419 81.384 81.354 81.349 81.249 81.101 81.329 82.789 80.576 80.484 81.299 80.531 80.541 80.519 80.433 80.353 80.481 80.598 80.643 81.021 81.098 80.751 80.731 80.736 80.753 80.768 80.776 80.788 80.801 80.798 80.801 80.811 80.808 80.811 80.823 80.823 80.818 80.833 80.851 80.853 80.856 80.858 80.883 80.901 80.903 80.903 80.913 80.921 80.931 80.943 81.048 80.993 82.166 81.021 81.098 81.516 81.113 81.013
79.369 79.294 80.501 82.239 81.934 81.726 81.626 81.536 81.526 81.619 83.091 81.826 81.489 81.469 81.449 81.414 81.406 81.439 81.331 81.201 81.289 81.699 80.684 80.526 80.474 81.331 80.539 80.529 80.466 80.366 80.363 80.541 80.608 80.646 82.801 82.443 80.706 80.726 80.718 80.728 80.741 80.756 80.756 80.751 80.758 80.758 80.761 80.773 80.773 80.778 80.791 80.791 80.796 80.803 80.813 80.823 80.841 80.843 80.851 80.856 80.866 80.883 80.886 81.746 81.856 80.998 81.768 81.406 81.241 80.956 80.976 80.868
78.761 78.819 80.371 81.994 81.909 81.731 81.636 81.549 81.541 81.609 83.171 81.979 82.529 82.911 82.116 81.441 81.446 81.486 81.426 81.299 81.386 82.331 80.964 80.506 80.464 80.686 80.491 80.526 80.496 80.406 80.293 80.386 80.561 80.618 84.923 84.678 80.668 80.681 80.683 80.691 80.711 80.711 80.701 80.696 80.703 80.711 80.713 80.718 80.736 80.733 80.731 80.743 80.738 80.751 80.768 80.778 80.783 80.796 80.798 80.811 80.826 80.848 80.873 81.283 81.308 81.303 81.453 80.968 80.908 81.953 81.771 80.888
78.019 78.064 78.164 81.976 81.916 81.734 81.654 81.566 81.511 81.604 83.231 83.411 83.724 83.654 83.306 81.591 81.459 81.531 81.499 81.419 81.424 81.609 81.186 80.896 80.514 80.404 80.459 80.491 80.491 80.446 80.353 80.323 80.453 80.583 80.866 80.983 80.786 80.631 80.641 80.643 80.651 80.653 80.643 80.653 80.678 80.683 80.686 80.691 80.686 80.683 80.678 80.696 80.706 80.708 80.713 80.733 80.726 80.743 80.758 80.781 80.803 80.833 80.866 81.261 81.213 80.931 80.866 81.103 80.791 80.976 80.863 80.881
77.939 78.039 78.121 81.834 81.929 81.746 81.659 81.584 81.494 81.621 82.801 83.359 82.316 82.769 83.371 81.621 81.511 81.556 81.549 81.494 81.526 81.649 81.419 80.751 80.516 80.436 80.419 80.464 81.296 80.456 80.378 80.283 80.356 80.531 80.601 80.921 81.363 80.618 80.598 80.601 80.606 80.608 80.616 80.628 80.646 80.646 80.636 80.636 80.646 80.646 80.663 80.663 80.666 80.671 80.663 80.663 80.668 80.853 80.813 80.773 80.791 80.896 80.926 81.428 80.823 80.746 81.556 80.908 80.793 80.816 80.828 80.831
77.939 78.051 78.121 81.746 81.926 81.779 81.686 81.619 81.526 81.569 81.621 83.236 83.191 82.609 83.236 81.671 81.584 81.581 81.604 81.554 81.609 81.804 81.526 81.089 80.551 80.486 80.419 80.824 81.088 80.831 80.416 80.321 80.296 80.408 80.563 81.118 81.536 81.128 81.113 81.888 80.563 80.578 80.583 80.598 80.606 80.608 80.603 80.603 80.611 80.618 80.623 80.628 80.606 80.613 80.613 80.626 80.653 80.681 81.786 80.758 81.056 81.043 80.776 80.733 82.001 81.023 80.738 80.766 80.773 80.773 80.733 80.753
77.924 78.036 78.131 79.226 82.169 81.866 81.704 81.636 81.564 81.464 81.591 81.684 83.146 82.959 82.331 81.729 81.601 81.614 81.619 81.586 81.614 84.306 83.601 81.411 80.754 80.494 80.416 80.536 80.426 80.768 80.416 80.333 80.261 80.316 80.503 80.573 81.493 81.008 80.621 80.521 80.533 80.536 80.546 80.561 80.566 80.566 80.578 80.581 80.578 80.578 80.576 80.561 80.548 80.533 80.591 80.621 80.648 80.683 80.803 81.046 80.796 80.728 80.621 80.646 80.673 80.706 80.733 80.741 80.726 80.696 80.663 80.781
77.919 78.014 78.129 78.236 82.289 81.884 81.724 81.651 81.596 81.501 81.446 81.594 81.774 82.691 82.014 81.759 81.624 81.614 81.624 81.596 81.619 87.711 88.356 81.521 81.094 80.529 80.471 80.334 80.391 80.418 80.408 80.358 80.286 80.271 80.381 80.521 81.176 80.651 80.616 80.493 80.506 80.518 80.531 80.536 80.533 80.541 80.536 80.548 80.558 80.536 80.526 80.633 81.213 80.523 80.583 80.618 80.676 80.736 80.883 80.661 80.598 80.583 80.638 80.653 80.671 80.686 80.691 80.693 80.656 80.636 80.606 80.946
77.926 78.026 78.126 78.224 80.011 82.574 81.846 81.669 81.609 81.536 81.464 81.494 81.589 81.824 81.911 81.739 81.626 81.589 81.619 81.589 81.631 86.276 88.919 85.199 81.409 80.699 80.711 80.471 80.353 80.393 80.413 80.376 80.286 80.221 80.268 80.488 80.543 80.503 80.778 80.473 80.473 80.493 80.496 80.498 80.508 80.513 80.506 80.516 80.513 80.543 80.591 81.103 82.148 80.968 80.583 80.951 81.601 80.641 80.598 80.531 80.586 80.611 80.636 80.636 80.633 80.636 80.641 80.726 80.698 80.598 80.601 80.658
77.941 78.054 78.124 78.219 78.294 82.074 82.124 81.749 81.601 81.546 81.499 81.431 81.551 81.576 81.636 81.634 81.521 81.574 81.594 81.591 81.656 87.516 88.806 87.896 81.006 81.269 80.874 80.421 80.311 80.371 80.418 80.383 80.326 80.233 80.218 80.608 81.526 80.821 81.266 80.781 80.438 81.656 80.481 80.463 80.463 80.471 80.473 80.471 80.573 80.688 82.016 84.176 84.146 82.411 80.831 80.683 80.563 80.481 80.523 80.571 80.601 80.598 80.608 80.601 80.578 80.631 80.723 81.896 80.781 80.656 80.486 80.593
79.464 78.054 78.134 78.211 78.291 78.391 82.869 81.799 81.621 81.541 81.511 81.459 81.406 81.389 81.484 81.459 81.504 81.569 81.584 81.579 81.654 87.444 89.921 88.944 84.861 81.176 81.454 80.429 80.333 80.323 80.376 80.366 80.333 80.253 80.176 80.231 81.343 80.531 81.386 81.036 81.218 80.413 80.413 80.421 80.443 80.441 81.338 80.458 80.561 83.806 84.151 84.161 84.173 81.921 80.523 80.431 80.448 80.511 80.553 80.576 80.581 80.571 80.536 80.523 80.603 82.721 88.876 87.923 81.323 83.686 80.498 80.441
78.164 78.161 78.279 78.281 78.274 78.344 79.089 82.681 81.694 81.514 81.496 81.481 81.429 81.369 81.401 81.451 81.506 81.559 81.584 81.694 81.664 87.184 90.431 90.289 88.786 83.491 81.236 80.541 80.388 80.386 80.336 80.363 80.331 80.286 80.198 80.186 80.313 80.471 81.433 80.843 80.821 80.366 80.423 81.218 80.398 80.411 80.416 81.783 80.448 83.251 84.188 82.403 80.501 80.543 80.976 80.428 80.458 80.508 80.536 80.553 80.556 80.503 80.486 81.093 88.868 89.571 89.898 88.063 86.518 84.201 83.341 80.348
80.174 80.489 80.481 78.421 78.296 78.319 78.394 81.279 82.061 81.596 81.474 81.461 81.449 81.396 81.361 81.436 81.486 81.534 81.636 81.871 81.666 85.369 90.626 89.976 89.661 82.196 80.856 80.611 80.393 80.286 80.553 80.321 80.336 80.311 80.236 80.138 80.203 80.421 80.488 81.133 81.076 80.848 80.648 80.703 81.728 80.378 80.401 80.508 81.076 81.381 80.471 80.428 80.328 81.178 80.476 80.448 80.471 80.473 80.496 80.468 80.471 80.446 80.431 81.063 88.923 89.301 89.978 89.406 88.196 84.391 80.651 80.893
81.099 78.909 79.479 78.539 78.376 78.301 78.381 79.041 82.871 81.601 81.479 81.651 81.451 81.411 81.359 81.391 81.461 81.634 83.309 81.831 81.651 85.621 90.484 90.581 89.469 88.464 83.331 80.571 80.478 80.338 80.358 80.276 80.318 80.303 80.253 80.168 80.158 80.343 80.436 81.298 81.333 81.338 80.646 80.598 80.868 80.441 81.313 80.631 80.536 80.386 80.301 80.303 80.351 80.386 80.468 80.461 80.416 80.406 80.413 80.401 80.436 80.431 80.371 80.401 84.513 88.198 89.338 90.088 89.333 88.016 80.691 80.666
78.974 78.269 78.324 78.429 78.401 78.296 78.361 78.496 79.631 82.729 81.546 81.406 81.421 81.416 81.381 81.339 81.446 83.326 83.456 81.824 81.644 83.066 90.164 90.629 90.011 89.074 86.394 80.624 80.541 80.331 80.273 80.903 80.283 80.288 80.261 80.181 80.108 80.241 80.393 80.531 81.086 80.948 81.193 81.181 81.146 81.066 80.998 80.358 80.451 80.828 80.458 80.331 80.348 80.386 80.388 80.413 80.366 80.431 80.391 80.356 80.411 80.403 80.353 80.318 80.603 87.571 89.386 89.731 89.671 88.118 84.486 81.888
78.321 78.311 78.271 78.366 78.411 78.306 78.369 78.466 78.699 81.971 81.704 81.464 81.399 81.414 81.396 81.334 81.431 82.984 83.406 81.871 81.636 82.931 89.484 90.176 90.596 89.879 88.524 83.911 80.621 80.431 80.283 81.538 80.233 80.268 80.263 80.206 80.121 80.156 80.323 80.438 81.211 80.788 81.011 80.773 81.141 80.338 80.273 80.398 80.691 80.276 80.328 80.331 80.306 80.306 80.288 80.338 80.413 84.291 80.726 80.373 80.756 80.358 80.323 80.861 80.316 82.093 87.956 90.068 89.673 89.013 88.331 83.803
