dsm/se3234_DSM_2M.asc
ncols 500
nrows 500
xllcorner    432000
yllcorner    434000
cellsize     2
NODATA_value -9999
[rows 0 to 31 of 500, columns 216 to 287 of 500]
75.731 75.743 75.718 75.671 75.778 75.861 77.076 76.326 76.176 77.953 83.903 85.033 85.131 83.623 75.851 75.813 75.901 75.931 75.901 75.846 75.911 76.453 75.958 75.931 75.986 76.061 76.103 76.141 77.108 76.598 76.278 76.773 76.656 76.548 79.503 84.461 85.683 85.796 86.296 86.756 86.111 85.898 84.978 82.116 77.008 76.636 77.213 76.878 76.671 76.781 76.741 76.798 76.833 76.848 76.858 76.963 77.208 77.391 77.086 79.033 82.761 85.043 86.378 86.366 86.966 86.541 86.301 85.143 79.948 77.451 77.433 77.523
75.666 75.633 75.626 75.718 75.873 76.036 76.116 76.748 82.491 84.438 85.676 85.363 85.816 85.258 78.256 75.741 75.793 75.866 75.891 75.841 75.761 75.808 75.818 75.888 75.943 75.993 76.008 76.011 76.098 76.231 76.383 76.421 76.263 77.998 84.616 85.323 86.118 86.568 86.298 85.201 85.118 84.241 79.388 76.751 76.908 76.576 76.568 76.533 76.591 76.658 76.711 76.721 76.743 76.778 76.878 77.496 76.996 76.891 77.906 84.576 85.628 86.523 86.626 86.926 86.238 85.578 84.866 81.706 77.546 77.466 77.318 77.446
75.558 75.573 75.638 75.726 76.013 76.051 76.566 83.371 84.296 85.191 85.596 85.638 85.066 85.038 84.498 75.716 75.671 75.768 75.843 75.826 75.788 75.733 75.776 75.831 75.861 75.881 75.883 76.033 76.233 76.691 76.393 79.126 82.803 84.823 85.603 86.208 86.631 86.053 85.933 84.756 82.338 76.441 76.696 76.671 76.646 76.473 76.456 76.511 76.571 76.618 76.811 77.303 76.731 76.818 76.913 77.066 77.266 81.411 84.533 85.586 86.363 86.888 86.816 86.223 85.588 82.408 77.221 77.423 77.171 77.671 77.311 77.328
75.563 75.771 75.703 75.771 75.896 78.833 84.428 84.623 85.253 85.783 85.368 84.858 84.016 81.748 76.216 75.708 75.638 75.643 75.746 75.796 75.766 75.733 75.716 75.753 75.758 75.818 76.023 76.456 76.273 76.538 80.963 84.363 85.458 85.423 86.493 86.363 85.768 85.731 84.716 81.248 76.143 76.981 76.718 76.396 76.361 76.401 76.436 76.483 76.526 77.091 77.446 76.666 77.108 76.861 76.886 78.886 83.476 85.238 85.421 86.391 86.948 86.343 85.878 84.983 81.653 77.106 77.226 77.213 77.133 77.176 77.188 77.278
75.711 76.118 76.018 76.576 82.513 84.051 85.096 85.508 85.721 85.068 85.176 83.718 75.073 75.711 75.673 75.653 75.598 75.556 75.636 75.713 75.746 75.713 75.683 75.668 75.748 76.201 76.096 76.208 75.686 81.573 85.078 86.726 85.708 86.203 85.686 85.531 85.436 84.178 79.016 76.453 76.383 76.421 76.278 76.263 76.321 76.406 76.408 76.513 77.186 76.501 76.648 76.791 76.931 76.798 79.963 85.838 85.558 85.848 86.346 86.256 86.011 85.606 84.666 80.373 77.051 77.046 77.341 77.108 77.278 78.058 77.211 77.288
75.578 75.701 77.973 83.271 83.951 84.611 85.771 85.426 85.123 84.803 82.406 75.976 75.953 75.833 75.583 75.563 75.481 75.518 75.533 75.618 75.678 75.683 75.651 75.618 75.726 76.231 76.836 77.791 83.526 84.703 85.486 86.058 86.078 85.486 84.721 84.261 76.416 77.351 76.443 76.506 76.208 76.171 76.166 76.246 76.283 76.308 76.386 76.923 76.448 76.661 76.853 76.786 77.248 81.536 85.981 85.991 86.056 86.531 86.003 85.786 84.696 78.223 77.858 77.156 77.073 77.288 76.996 76.986 77.641 77.148 77.208 77.226
75.028 81.268 83.668 84.228 84.873 85.298 84.766 84.946 85.133 78.366 76.551 75.828 75.841 75.733 75.476 75.438 75.473 75.498 75.511 75.523 75.601 75.643 75.653 75.611 75.661 75.908 81.898 85.581 85.541 85.613 86.143 85.863 85.781 84.831 83.808 75.836 76.231 76.181 76.271 76.088 76.048 76.093 76.146 76.201 76.223 76.221 76.273 76.358 76.428 76.518 76.806 80.548 83.868 84.816 85.543 86.223 86.368 85.763 85.063 84.426 78.506 77.136 76.841 76.933 76.878 76.893 76.878 76.991 77.071 77.156 77.173 77.168
83.133 83.883 84.568 85.153 85.123 84.668 84.638 81.318 74.688 75.833 75.868 76.286 75.418 75.363 75.381 75.431 75.463 75.476 75.491 75.458 75.526 75.583 75.618 75.593 75.558 75.648 83.656 85.548 85.803 86.121 85.578 84.958 84.476 82.511 76.058 76.068 76.106 76.016 75.976 75.946 76.003 76.068 76.111 76.123 76.128 76.211 76.266 76.778 76.446 77.456 81.036 84.106 85.286 85.563 86.036 86.138 85.833 85.043 83.558 79.408 76.826 76.611 76.836 76.756 76.968 77.323 76.903 77.003 77.053 77.066 77.081 77.108
84.498 84.728 85.293 84.803 84.166 84.056 77.701 75.213 75.676 75.908 75.413 75.343 75.276 75.336 75.378 75.398 75.401 75.416 75.456 75.503 75.448 76.726 75.543 75.563 75.568 75.546 75.613 86.063 85.898 85.471 84.803 83.986 80.401 76.228 76.351 75.976 75.876 75.833 75.871 75.938 75.998 76.021 76.033 76.043 76.126 77.556 76.391 76.286 76.673 82.613 85.193 85.586 85.756 86.043 85.721 85.718 84.573 82.198 77.006 76.588 76.293 76.546 76.653 76.858 77.218 76.798 76.898 76.958 76.973 76.976 77.028 77.163
84.836 85.071 84.533 84.328 83.261 76.073 75.471 75.463 75.751 75.278 75.233 75.231 75.288 75.326 75.346 75.343 75.323 75.431 75.558 75.553 75.483 75.831 77.848 75.556 75.578 75.541 75.496 76.561 85.433 85.428 80.546 75.983 75.896 76.088 76.498 75.773 75.733 75.791 75.848 75.898 75.926 75.938 75.993 76.041 77.278 77.343 76.943 80.816 84.756 84.583 85.476 85.881 85.926 85.856 85.711 84.743 76.638 76.566 76.496 76.796 76.451 76.478 76.553 76.638 76.736 76.798 76.836 76.861 76.858 76.968 78.573 85.991
84.711 84.376 83.823 80.846 75.668 75.433 76.191 75.231 75.188 75.131 75.178 75.236 75.266 75.273 75.278 75.283 75.393 77.826 75.738 75.566 75.668 75.468 77.251 75.631 75.511 75.458 75.421 75.498 79.793 80.491 76.193 75.843 75.993 75.683 75.641 75.661 75.723 75.763 75.811 75.838 75.838 75.933 77.856 76.353 76.311 77.371 82.591 85.151 85.171 85.371 86.058 85.873 85.868 84.803 82.376 77.643 76.428 76.673 76.476 76.443 76.396 76.488 76.566 76.646 76.683 76.716 76.736 76.718 76.843 78.156 84.623 85.748
83.768 83.581 74.503 76.018 75.476 77.261 80.546 75.066 75.063 75.128 75.173 75.201 75.201 75.181 75.288 77.381 79.458 83.833 80.678 75.788 77.361 75.841 75.333 75.653 75.483 75.446 75.413 75.373 75.463 76.266 75.796 75.693 75.578 75.541 75.581 75.633 75.688 75.711 77.053 75.783 75.853 76.098 76.053 76.593 77.718 83.111 84.228 85.143 85.586 85.616 85.136 85.846 85.578 80.351 76.586 76.486 76.473 76.318 76.318 76.306 76.416 76.506 76.561 76.583 76.601 76.613 76.613 76.618 77.113 76.768 83.421 84.951
81.898 75.661 75.316 77.123 75.636 75.066 74.996 75.026 75.076 75.111 75.131 75.113 75.106 75.798 77.436 82.631 86.758 84.721 84.721 75.756 76.543 75.583 75.368 75.371 75.771 75.401 75.391 75.356 75.346 75.688 75.463 75.486 75.456 75.491 75.526 75.581 75.621 75.881 75.721 76.016 76.153 76.051 77.241 78.313 83.846 85.331 85.213 85.788 85.373 85.296 84.048 82.413 75.628 76.298 76.253 76.336 76.231 76.176 76.233 76.336 76.433 76.468 76.493 76.501 76.508 76.563 76.508 76.613 76.633 76.648 76.751 85.033
75.748 75.996 75.178 76.088 74.951 74.923 74.981 75.031 75.061 75.078 75.056 75.068 76.528 77.131 80.888 83.891 85.018 85.336 84.288 84.183 76.903 75.493 75.748 75.386 75.231 75.306 75.358 75.333 75.291 75.301 75.331 75.353 75.398 75.443 75.478 75.513 75.546 75.623 76.561 75.878 75.928 79.408 84.231 85.013 84.688 85.421 85.706 85.101 84.641 83.793 79.411 75.658 76.203 76.208 76.098 76.136 76.073 76.171 76.256 76.346 76.378 76.381 76.383 76.456 76.598 77.996 77.138 76.513 76.571 77.151 76.763 77.801
75.201 76.293 74.918 75.513 75.578 74.933 74.971 75.003 75.013 74.996 75.001 75.006 77.676 75.346 75.051 83.131 84.233 85.383 85.053 84.666 83.368 75.878 75.491 75.573 75.223 75.213 75.293 75.311 75.278 75.241 75.243 75.256 75.306 75.363 75.418 75.493 75.538 75.841 75.981 75.666 80.956 83.618 84.241 85.098 85.503 85.498 85.248 84.728 83.028 79.993 75.918 75.956 76.116 75.981 75.986 76.021 76.093 76.191 76.248 76.278 76.276 76.256 76.421 78.873 84.106 80.116 76.366 76.751 76.481 76.536 76.798 76.763
75.126 74.836 75.046 75.148 74.883 74.908 74.923 74.923 74.918 74.966 74.991 74.976 75.898 75.916 75.303 75.828 83.391 84.488 85.551 84.773 84.486 80.503 75.548 75.441 75.223 75.126 75.178 75.243 75.251 75.221 75.178 75.196 75.246 75.308 75.401 75.623 75.661 75.763 75.318 82.583 84.221 84.983 85.336 85.618 85.098 84.428 83.913 79.866 77.433 78.596 77.278 75.886 75.896 75.881 75.958 76.028 76.111 76.161 76.176 76.173 76.133 76.336 83.963 86.296 85.046 83.723 78.998 76.811 76.413 76.466 76.528 76.673
74.728 74.741 74.841 74.858 74.853 74.853 74.816 74.848 74.858 74.906 74.958 74.951 74.918 76.798 76.168 75.551 81.851 82.736 84.838 85.526 84.593 83.336 78.431 75.371 75.503 75.176 75.291 75.246 75.213 75.206 75.166 75.141 75.221 75.326 75.636 75.571 75.753 79.918 83.366 84.021 84.771 85.416 85.428 85.373 84.523 83.521 75.913 75.898 75.863 76.206 76.256 75.803 75.793 75.876 75.946 76.018 76.051 76.086 76.076 76.051 76.191 78.048 84.408 85.686 86.006 84.511 82.268 76.768 77.191 76.361 76.458 76.723
74.751 74.741 74.791 74.838 74.773 74.768 74.876 74.913 74.863 74.863 74.923 74.918 74.881 74.926 75.598 75.221 77.106 82.918 85.358 85.218 85.168 84.123 81.428 75.268 75.376 75.226 75.103 76.523 75.133 75.178 75.158 75.128 75.191 75.626 75.771 76.136 79.136 83.616 84.888 84.921 85.556 85.186 84.943 83.886 82.361 77.023 75.691 76.306 76.041 75.691 75.693 75.801 75.833 75.871 75.906 75.923 75.946 75.968 76.003 76.033 76.086 76.363 82.183 86.223 85.838 85.393 84.106 80.653 76.223 76.478 76.363 76.426
74.668 74.708 74.716 74.683 74.761 75.726 80.898 77.511 74.868 74.801 74.846 74.878 74.858 76.198 74.883 75.328 75.236 79.196 84.498 84.588 85.496 84.868 83.786 79.093 75.688 75.261 75.103 75.021 75.033 75.098 75.121 75.111 75.103 75.196 78.821 83.036 84.436 84.828 85.191 85.351 84.706 84.291 84.981 80.276 76.041 75.896 75.708 75.678 75.591 75.583 75.676 75.801 75.863 75.816 75.828 75.828 75.836 75.926 75.988 76.013 75.983 76.056 76.936 83.538 84.946 86.098 85.338 84.531 79.176 77.033 76.431 76.361
74.623 74.618 74.616 74.723 79.298 82.363 81.596 80.588 75.251 74.813 74.746 74.806 74.818 74.956 75.423 74.938 75.248 75.176 78.361 84.511 84.786 85.568 84.628 83.691 79.146 75.378 75.558 75.041 75.741 75.228 75.061 75.073 75.058 75.078 75.153 84.156 84.916 85.418 85.211 84.836 84.248 80.151 75.356 75.911 75.896 76.116 75.478 75.446 75.503 75.588 75.651 75.708 75.771 75.771 75.723 75.843 75.861 75.858 75.938 75.976 75.968 75.943 75.973 79.366 84.403 85.471 85.923 85.016 83.016 77.033 76.523 76.236
74.553 74.526 74.656 75.443 80.731 81.741 82.286 81.326 80.328 74.863 74.763 74.711 74.758 74.773 74.741 74.753 74.893 75.046 75.216 83.213 83.908 85.033 85.298 84.356 83.163 77.706 75.323 75.148 74.971 75.701 74.988 75.018 75.016 74.996 75.068 80.386 85.441 84.811 84.193 83.546 80.186 75.371 75.616 75.806 75.426 75.593 75.328 75.408 75.488 75.553 75.583 75.601 75.616 75.636 76.058 81.576 76.123 75.823 76.071 75.926 75.938 75.913 75.861 76.096 81.828 85.161 85.731 85.583 85.408 81.463 75.826 76.506
74.473 74.456 75.048 74.821 76.303 81.046 81.986 82.021 81.036 76.238 74.763 74.663 74.826 74.731 74.726 75.693 74.741 75.723 75.188 75.596 83.276 84.763 85.388 85.048 84.566 81.978 75.578 75.463 75.093 74.906 74.898 74.951 74.973 74.966 74.938 75.013 84.838 83.906 83.311 75.933 75.508 75.486 75.443 75.316 75.271 76.403 75.378 75.393 75.453 75.473 75.471 75.493 75.573 78.291 84.656 82.986 80.398 75.793 75.773 75.831 75.883 75.896 75.853 75.848 75.946 83.223 85.361 86.036 85.716 84.133 79.413 76.646
74.378 74.443 74.508 75.668 75.158 79.868 81.278 82.276 81.781 80.766 75.898 74.696 75.136 74.808 74.696 74.866 74.623 74.713 74.918 75.061 80.026 83.471 84.818 85.533 84.841 83.606 76.103 74.968 74.971 74.901 74.833 74.881 74.933 74.941 74.908 74.901 74.986 81.776 76.366 75.321 75.408 75.438 75.201 75.153 75.193 75.241 75.301 75.358 75.378 75.371 75.348 75.478 79.548 84.118 85.158 84.358 83.608 78.603 75.746 75.723 75.811 75.853 75.853 75.783 75.888 78.168 83.938 85.301 85.991 85.231 83.351 78.268
74.411 74.358 74.406 74.553 74.733 74.783 80.631 81.638 82.381 81.486 80.491 74.723 74.621 74.718 74.626 74.641 74.611 74.601 74.996 75.088 75.278 81.696 82.896 84.923 85.378 84.043 82.773 76.343 75.026 75.226 74.861 74.776 74.851 74.893 74.888 74.848 74.893 75.153 75.266 75.356 75.213 75.106 75.071 75.123 75.173 75.208 75.226 75.258 75.263 75.238 75.271 75.596 78.913 83.591 84.596 85.061 84.573 83.318 77.111 75.691 75.716 75.778 75.791 75.783 75.788 76.166 81.091 85.343 85.506 85.508 84.773 81.871
77.433 75.806 74.353 74.361 74.836 74.871 75.848 80.941 81.901 82.196 81.146 78.521 74.671 74.551 75.178 74.583 74.581 74.556 74.608 75.141 74.788 76.708 83.018 84.113 84.793 84.611 82.981 82.251 75.751 75.003 75.153 74.788 74.741 74.818 74.858 74.841 74.801 74.876 75.331 74.983 74.978 75.011 75.073 75.103 75.118 75.123 75.136 75.148 75.143 75.201 75.248 75.518 75.673 81.108 84.551 84.908 84.781 84.023 81.778 75.666 75.628 76.026 75.731 75.748 75.716 75.766 75.888 82.648 84.986 85.721 85.173 83.811
77.061 76.176 74.333 74.293 74.343 74.726 74.676 78.503 81.211 82.568 81.843 80.856 74.941 74.586 75.308 74.793 74.551 74.538 74.491 74.568 74.731 75.156 74.191 82.771 84.176 85.048 84.311 83.241 80.448 75.131 74.913 74.788 74.678 74.718 74.801 74.823 74.801 74.756 74.816 74.721 74.903 74.973 75.026 75.038 75.021 75.021 75.083 75.216 75.413 75.188 75.233 75.481 75.641 77.248 83.553 84.118 84.978 84.436 83.673 79.363 75.738 76.231 75.726 75.683 75.711 75.651 75.738 77.631 83.586 85.641 85.838 84.021
80.241 74.558 74.773 74.238 74.261 74.363 74.768 74.578 80.336 81.488 82.353 81.158 80.143 74.883 74.498 74.408 74.496 74.503 74.486 74.438 74.558 74.878 74.596 79.313 84.023 84.291 85.106 84.178 82.966 78.031 74.861 76.688 74.711 74.633 74.713 74.788 74.801 74.751 74.731 74.771 74.826 74.883 74.923 74.933 74.911 75.056 75.961 81.673 75.638 78.296 75.143 75.191 75.416 75.636 78.713 84.363 84.443 84.951 84.298 84.231 77.353 75.553 75.623 75.633 75.656 75.653 75.643 75.693 78.993 83.351 85.193 85.576
81.781 76.761 74.486 76.776 74.196 74.231 74.386 74.541 74.818 80.523 81.318 81.846 80.858 79.896 74.563 74.543 75.373 74.456 74.453 74.431 74.608 74.518 74.698 75.666 81.926 83.461 84.633 84.746 83.858 82.076 74.583 74.873 74.796 74.661 74.608 74.701 74.763 74.753 74.721 74.703 74.728 74.776 74.818 74.861 74.996 81.151 84.398 82.638 80.141 78.868 76.861 75.103 75.123 75.308 75.448 80.466 83.621 84.616 84.701 84.581 81.533 75.761 75.693 76.326 75.603 75.623 75.608 75.658 75.841 82.148 84.793 85.546
82.506 81.416 76.736 76.421 74.283 74.166 74.186 74.668 75.111 77.208 80.641 81.651 81.548 80.568 76.378 74.411 74.366 74.373 74.406 74.386 75.436 74.408 74.908 74.976 77.723 82.621 83.558 84.966 84.493 83.351 80.391 75.108 75.338 76.191 74.578 74.596 74.681 74.713 74.686 74.653 74.648 74.671 74.813 74.943 83.351 84.693 85.193 84.056 82.973 77.748 75.391 75.673 75.096 75.078 75.991 75.648 82.076 83.863 84.816 84.401 83.721 79.746 75.496 75.531 75.508 75.578 75.593 75.541 75.626 76.948 84.776 84.898
83.173 82.213 81.078 74.513 75.071 74.141 74.141 74.216 74.443 74.873 79.816 80.938 81.871 81.251 80.313 74.453 74.381 74.283 74.343 74.361 74.318 74.286 74.373 74.721 74.611 76.043 82.956 84.176 85.098 84.271 84.138 79.606 75.166 75.106 74.568 74.496 74.563 74.638 74.643 74.618 74.573 74.628 75.066 75.831 82.761 83.911 85.043 84.866 84.433 81.721 77.793 78.338 75.028 75.056 75.086 75.706 77.451 83.013 84.383 84.806 84.353 84.163 77.321 75.441 76.681 75.583 75.533 75.551 75.503 75.646 78.498 83.771
82.793 82.968 81.863 78.271 74.461 75.943 74.088 74.111 74.336 74.691 74.578 80.256 81.216 81.916 80.993 80.031 74.523 74.318 75.556 74.291 74.316 74.291 74.243 74.361 74.516 74.993 79.813 83.506 84.501 84.891 84.246 82.686 77.381 74.751 74.678 74.486 74.458 74.548 74.611 74.586 74.541 74.558 75.001 74.673 77.963 83.078 84.436 85.318 84.558 84.521 81.171 75.321 76.011 74.988 74.983 75.368 75.233 78.923 83.291 84.308 84.603 83.853 81.813 75.871 75.356 76.093 75.466 75.518 75.516 75.518 75.641 80.781
82.776 82.951 82.536 81.413 76.963 74.688 74.246 74.046 74.071 75.331 74.388 75.281 80.533 81.496 81.678 80.746 79.793 74.353 74.331 74.616 74.246 74.251 74.211 74.246 74.808 74.913 75.188 82.506 83.693 84.888 84.691 84.238 81.588 75.288 74.851 74.908 74.451 74.438 74.526 74.561 74.523 74.478 74.533 74.636 74.788 81.303 83.813 84.661 85.303 84.528 83.928 78.531 78.083 74.991 74.953 74.941 75.186 75.321 82.608 84.073 84.593 84.073 82.531 80.191 75.368 75.696 76.066 75.458 75.481 75.431 75.513 75.961
