dsm/se3233_DSM_2M.asc
ncols 500
nrows 500
xllcorner    432000
yllcorner    433000
cellsize     2
NODATA_value -9999
[rows 224 to 255 of 500, columns 73 to 145 of 500]
76.282 77.414 77.479 77.38 75.972 70.14 68.309 68.436 67.89 67.891 67.88 67.912 67.808 67.807 67.845 67.828 68.219 68.179 68.515 67.732 68.094 67.86 67.827 67.887 67.832 67.749 67.759 67.682 67.98 67.967 68.146 67.872 68.712 68.108 67.977 68.452 67.886 67.848 67.881 67.907 67.941 67.992 68.025 68.042 68.025 67.851 67.844 69.516 76.682 77.718 75.195 69.468 69.504 68.398 68.311 68.265 69.215 68.784 68.383 67.893 67.86 68.863 68.074 67.857 67.859 67.848 67.941 68.693 68.363 67.836 67.966 68.005 69.253
75.774 77.063 77.726 77.447 76.565 73.127 68.3 68.137 67.89 67.802 67.847 67.804 67.78 67.66 67.8 69.586 70.044 68.857 67.661 67.67 67.774 68.013 67.782 67.99 67.73 67.637 67.697 67.817 67.949 68.069 67.758 67.815 67.863 67.774 67.785 67.821 67.79 67.863 67.829 67.816 67.868 67.857 67.902 67.781 67.763 67.761 67.769 68.255 72.105 71.352 68.644 68.701 68.635 68.393 69.094 68.166 69.484 68.071 68.421 68.704 67.797 67.798 67.832 67.916 68.01 67.788 67.827 67.933 68.473 68.338 67.979 68.009 68.112
74.54 77.067 77.408 77.671 76.627 75.357 68.509 68.198 68.07 67.862 68.054 67.792 67.72 67.655 67.589 68.308 68.861 68.081 67.664 68.322 68.132 67.742 67.68 67.564 67.572 67.536 67.54 67.54 67.655 67.603 67.662 67.626 67.638 67.697 67.689 67.735 67.846 67.772 67.79 67.797 67.789 67.624 67.65 67.679 67.645 67.687 67.726 67.673 67.832 69.163 68.351 68.507 68.791 68.415 68.764 68.217 67.917 67.814 68.032 67.774 67.83 67.9 69.074 69.439 68.154 67.814 67.988 68.177 68.073 68.192 71.571 70.572 70.815
70.213 76.59 77.194 77.685 77.117 76.147 71.64 67.857 67.813 67.81 68.025 67.648 67.684 67.638 67.536 67.481 67.842 67.79 68.11 67.627 67.559 67.429 67.512 67.424 67.388 67.401 67.504 67.423 67.446 67.518 67.572 67.544 67.549 67.541 67.589 67.704 67.983 67.714 67.627 67.564 67.572 67.539 67.619 67.619 67.61 67.663 67.623 67.643 67.643 68.363 68.343 68.122 67.978 67.791 68.576 67.75 67.887 67.803 67.714 67.764 68.847 67.848 67.858 68.306 68.021 68.58 67.989 68.243 71.328 74.944 75.602 76.19 76.454
68.174 70.876 76.877 77.296 77.331 76.201 75.048 68.9 67.959 67.98 67.535 67.563 67.618 67.561 67.408 67.399 67.661 67.517 67.637 67.135 67.232 67.31 67.261 67.258 67.368 67.379 67.258 67.302 67.344 67.422 67.442 67.468 67.533 67.736 68.509 68.921 67.486 67.44 67.441 67.475 67.503 67.511 67.529 67.566 67.573 67.556 67.62 67.562 67.61 67.787 67.922 67.754 67.795 68.348 68.599 67.786 67.793 67.725 67.708 68.262 68.411 68.094 68.62 68.55 68.973 69.845 71.653 74.652 75.652 76.173 77.447 78.169 77.833
68.024 70.874 74.113 76.729 77.32 76.701 75.784 72.905 68.92 68.729 67.491 67.382 67.445 67.478 67.453 67.309 67.358 67.665 67.609 67.77 67.416 67.21 67.216 67.203 67.167 67.483 67.889 67.183 67.248 67.265 67.424 67.657 68.069 68.843 68.941 67.646 67.332 67.391 67.402 67.427 67.449 67.453 67.463 67.477 67.499 67.497 67.551 67.484 67.516 67.573 67.622 67.677 67.69 67.928 67.928 67.648 67.696 67.693 67.767 67.832 68.263 68.721 68.424 68.919 70.103 74.316 75.738 76.29 76.938 77.268 77.821 77.942 77.995
67.945 67.863 75.565 76.686 76.905 77.121 77.754 76.508 72.761 67.818 67.723 67.335 67.339 67.415 67.34 67.23 67.236 67.491 68.108 69.447 69.915 67.797 67.161 67.082 67.099 67.136 67.368 67.075 67.176 67.27 69.129 68.831 68.667 68.583 67.278 67.269 67.276 67.312 67.324 67.367 67.355 67.355 67.372 67.404 67.406 67.429 67.445 67.437 67.457 67.476 67.485 67.622 67.728 67.681 67.689 67.672 67.723 67.812 68.833 68.049 68.088 68.303 69.624 71.826 75.802 76.589 76.949 77.46 77.646 78.031 77.834 77.437 77.019
67.713 67.632 70.17 75.242 77.527 77.407 77.014 76.883 73.468 67.911 68.717 67.363 67.814 67.372 67.344 67.325 67.119 67.205 69.192 69.265 68.729 68.127 67.107 67.031 67.01 66.99 67.021 67.085 68.223 67.162 69.598 69.36 67.86 67.239 67.182 67.248 67.243 67.264 67.241 67.229 67.229 67.313 67.276 67.303 67.267 67.327 67.368 67.331 67.386 67.389 67.366 67.554 67.661 67.624 67.68 67.864 67.858 68.155 68.391 68.157 68.701 73.463 75.903 76.621 77.084 78.127 77.821 78.064 77.511 77.011 77.075 76.246 70.867
67.254 67.781 67.649 72.014 76.781 77.026 77.264 76.516 75.152 67.884 67.522 67.316 67.502 68.142 67.358 67.205 67.087 67.1 67.527 67.389 68.598 67.688 66.987 66.95 66.916 66.851 66.852 68.79 69.514 67.112 67.182 67.151 67.157 67.182 67.193 67.161 67.129 67.144 67.144 67.165 67.181 67.204 67.209 67.221 67.195 67.187 67.272 67.249 67.279 67.284 67.293 67.548 67.658 68.184 68 68.28 68.169 68.096 69.225 74.516 76.209 76.445 76.872 77.409 77.97 78.058 77.753 76.824 76.305 75.373 74.437 69.063 68.153
67.149 67.711 67.427 70.763 75.099 76.836 76.922 76.653 75.805 71.357 67.586 67.774 67.166 67.237 67.118 67.13 67.068 66.91 66.962 67.026 67.545 67.067 66.896 66.861 66.824 67.075 67.355 67.416 67.073 67.086 67.091 67.098 67.117 67.111 67.126 67.091 67.061 67.059 67.072 67.093 67.085 67.094 67.113 67.125 67.15 67.136 67.067 67.175 67.174 67.191 67.208 67.383 68.706 68.085 68.029 68.174 70.67 74.389 76.554 77.638 77.755 77.464 78.003 77.929 77.477 77.205 77.487 75.249 72.918 68.158 68.899 67.34 67.231
67.044 67.122 67.336 67.333 70.271 75.935 76.487 76.933 76.717 75.033 68.137 67.372 67.147 67.01 66.976 67.027 66.985 66.914 66.862 66.858 66.9 66.894 67.084 67.037 66.858 67.066 66.964 66.985 67.033 66.972 67.045 67.069 67.084 67.06 67.007 66.984 66.987 66.958 66.962 67.016 67.019 67.028 67.088 67.061 67.099 68.869 67.312 67.124 67.188 67.149 67.17 67.178 68.711 68.542 71.119 74.803 76.129 76.609 77.592 78.022 78.26 77.751 77.215 76.845 75.697 76.065 71.731 68.525 67.06 67.04 67.118 67.1 67.14
66.992 66.951 67.62 67.282 69.549 74.48 76.503 76.832 76.883 76.283 72.874 67.277 67.152 66.953 66.942 66.939 66.966 66.898 66.761 66.695 67.704 66.881 67.714 67.119 66.897 66.867 66.916 66.954 66.952 66.983 67.006 66.947 67 66.998 66.964 66.951 66.861 66.872 66.884 66.903 66.925 66.943 66.926 68.609 69.116 69.546 69.18 67.075 67.045 67.722 67.257 67.107 67.137 69.455 76.389 77.072 77.336 77.925 78.092 77.64 77.851 77.66 77.02 75.339 68.55 68.051 66.97 67.056 67.139 67.167 66.816 66.79 68.002
66.888 67.038 67.207 67.143 67.205 71.541 76.408 76.81 76.792 76.898 76.69 69.319 67.215 67.282 66.833 66.821 66.901 66.831 66.732 66.643 66.731 66.777 66.823 66.798 66.838 66.813 66.813 66.871 66.942 66.873 66.941 66.911 66.894 66.862 66.919 66.798 66.818 66.812 66.812 66.932 66.881 68.91 68.973 69.485 69.522 69.509 69.536 68.986 67.204 69.38 67.919 68.033 68.515 72.211 76.856 78.096 78.016 77.97 77.354 76.834 77.32 75.486 68.27 68.216 67.538 66.897 66.946 67.513 66.791 67.315 67.268 66.765 67.121
66.866 67.57 67.748 66.863 67.206 68.229 74.926 76.526 76.877 76.797 76.626 74.135 67.526 67.731 66.786 66.717 66.773 66.763 66.668 66.593 66.639 66.703 66.78 66.775 66.802 66.796 66.812 66.815 66.802 66.883 66.845 66.824 66.807 66.823 66.77 66.752 66.757 66.761 66.837 68.494 68.294 69.475 69.54 69.527 69.553 69.491 69.518 69.384 68.004 69.255 69.861 69.93 69.957 67.42 75.892 77.901 77.082 76.404 75.599 74.765 70.46 68.939 66.943 66.91 66.942 66.754 66.639 66.537 66.646 67.412 66.903 66.69 66.763
66.755 66.801 67.012 66.735 67.272 67.245 72.099 75.882 76.343 76.918 75.512 74.699 70.052 67.373 67.401 66.699 66.641 66.674 66.717 66.577 66.531 66.685 66.989 66.727 66.783 66.74 66.755 66.736 66.775 66.858 66.786 66.706 66.752 66.744 66.747 66.817 66.874 67.719 68.396 69.445 69.527 69.535 69.543 69.541 69.514 69.528 69.502 69.264 69.844 69.95 69.978 70.015 70.012 69.282 67.518 75.512 75.493 69.674 68.076 71.59 67.447 67.624 67.153 66.627 66.635 66.501 66.505 66.576 66.544 66.576 66.594 66.582 66.602
66.656 66.619 66.663 66.566 66.657 66.981 67.797 73.819 75.509 76.574 76.372 75.586 73.119 68.128 68.175 66.752 66.519 66.552 66.574 66.575 66.433 66.485 67.482 66.715 66.691 66.672 66.754 66.727 66.71 66.718 66.711 66.712 66.705 66.802 66.849 67.472 69.101 69.754 69.762 69.528 69.559 69.512 69.537 69.524 69.51 69.557 69.869 69.914 69.928 69.965 70.037 70.01 70.002 70.004 67.116 69.462 69.361 67.243 67.074 67.328 66.785 66.455 66.439 66.356 66.413 66.461 66.583 66.545 66.515 66.533 66.49 66.545 66.658
66.553 66.58 66.616 66.564 66.651 67.192 66.763 67.895 75.101 76.266 76.565 75.865 74.621 68.911 67.07 66.625 66.504 66.47 66.538 66.426 66.405 66.366 66.415 66.664 66.665 66.576 66.605 66.656 66.687 66.61 66.661 66.72 66.781 67.501 68.611 69.734 69.805 69.846 69.88 69.65 69.524 69.515 69.45 69.574 69.825 69.922 69.945 69.984 70.026 70.017 69.978 69.998 69.99 69.908 67.703 67.167 68.195 66.893 66.979 66.497 66.323 66.302 66.355 66.368 66.453 66.387 66.463 66.515 66.606 66.794 66.544 67.751 67.006
66.464 66.513 66.56 66.473 66.469 66.703 66.714 68.023 73.603 75.308 76.52 76.335 75.379 73.48 66.985 66.946 66.684 66.321 66.413 66.426 66.345 66.262 68.887 67.074 66.626 66.562 66.567 66.58 66.588 66.55 66.681 67.423 69.082 69.733 69.851 69.871 69.871 69.858 69.866 69.769 69.521 69.636 69.644 69.94 69.95 69.973 70.034 70.044 70.01 69.995 69.97 69.641 69.242 67.219 66.334 67.423 66.607 66.495 66.249 66.224 66.234 66.244 66.333 66.371 66.397 66.416 66.382 66.41 66.491 67.866 67.748 67.51 68.533
66.558 66.347 66.44 66.409 66.384 66.383 66.684 68.392 71.553 75.67 76.555 76.439 75.961 74.307 67.696 66.56 66.434 66.238 66.248 66.282 66.315 66.185 66.158 66.231 66.565 66.507 66.464 66.553 66.663 66.658 68.367 69.711 69.795 69.807 69.867 69.868 69.844 69.82 69.78 69.676 69.588 69.569 69.625 69.759 69.969 70.008 70.001 70.005 69.976 69.684 69.827 66.737 66.848 66.382 66.204 66.143 66.156 66.107 66.146 66.245 66.262 66.278 66.659 66.357 66.309 66.34 66.446 67.046 67.153 66.963 67.526 73.572 74.496
66.848 66.429 66.326 66.346 66.314 66.266 66.69 68.745 68.157 74.468 76.006 76.539 75.756 74.947 73.207 67.618 66.364 66.302 66.136 66.206 66.206 66.153 66.023 66.101 66.325 66.605 66.518 66.591 66.611 66.687 68.969 69.838 69.873 69.866 69.841 69.828 69.794 69.768 69.745 69.593 69.582 69.563 69.723 69.635 69.883 69.97 69.956 69.997 69.954 67.637 68.084 66.28 66.157 66.075 66.066 65.996 66.078 66.101 66.192 66.188 66.212 66.36 67.132 66.386 66.376 66.59 66.837 66.806 67.116 67.08 73.274 74.931 75.751
66.998 67.163 66.177 66.247 66.187 66.203 66.169 66.429 66.46 71.692 75.029 75.461 75.968 75.75 74.176 70.335 66.505 66.742 66.09 66.126 66.119 66.141 66.029 66.032 67.018 66.924 66.568 66.587 66.698 66.744 66.828 69.208 69.86 69.801 69.791 69.757 69.77 69.786 69.823 69.855 69.564 69.605 69.586 69.626 69.725 69.917 69.679 67.48 67.319 67.243 67.229 65.984 65.963 65.932 66.004 66.058 66.061 66.164 66.299 66.172 66.112 66.184 66.317 66.392 66.736 66.785 66.835 68.3 73.658 75.399 76.499 76.425 76.631
66.445 66.592 66.148 66.122 66.134 66.162 66.094 66.251 67.226 66.965 71.51 75.218 75.944 77.46 74.622 72.117 67.652 66.251 66.066 65.995 66.023 66.095 66.005 65.934 65.991 66.844 66.62 66.575 66.656 66.728 66.864 67.424 69.729 69.777 69.751 69.755 69.821 69.85 69.842 69.869 69.642 69.675 69.558 69.588 69.503 67.657 66.475 66.234 66.15 65.951 65.825 65.872 65.932 65.949 65.952 66.142 66.184 66.709 66.488 66.353 66.345 66.44 66.609 66.497 66.618 68.765 71.141 74.955 75.519 76.302 76.567 76.955 77.175
67.73 66.653 66.309 66.283 66.204 66.101 65.989 66.058 66.572 66.175 69.64 74.436 75.277 76.82 74.992 73.907 67.155 66.432 66.587 65.98 65.935 65.995 65.958 65.86 65.839 65.897 66.467 66.615 66.652 66.734 66.84 66.997 69.548 69.769 69.785 69.819 69.857 69.883 69.921 69.855 69.768 69.502 69.551 69.747 68.625 66.422 65.932 65.88 65.749 65.778 65.855 65.897 65.895 65.915 65.916 67.002 66.254 66.071 66.049 66.332 66.471 66.524 66.597 70.678 74.412 75.279 76.156 76.324 76.857 76.782 76.737 76.422 76.261
70.876 67.788 66.575 66.3 66.483 65.972 66.008 65.895 65.97 66.211 67.04 73.075 75.133 75.754 75.856 75.094 71.832 66.788 66.141 65.906 65.853 65.853 65.927 65.823 65.69 65.792 66.627 66.561 66.661 66.726 68.712 69.771 69.774 69.807 69.856 69.864 69.85 69.876 69.818 69.808 69.782 69.568 68.916 66.898 65.931 65.842 65.725 65.724 65.738 65.771 65.828 65.875 65.87 65.843 65.853 66.699 67.184 66.138 66.127 67.126 68.961 70.036 74.439 75.194 75.755 76.577 77.097 76.81 76.712 76.349 75.571 75.122 72.966
74.909 67.676 66.36 66.375 66.058 65.878 65.785 65.783 65.839 66.127 66.28 71.14 75.344 75.482 75.89 75.134 73.809 66.894 66.037 65.892 65.745 65.71 65.805 65.789 65.693 65.688 65.689 66.427 69.175 69.388 69.823 69.807 69.842 69.856 69.853 69.813 69.8 69.778 69.293 68.277 68.86 69.218 67.502 65.703 65.632 65.667 65.685 65.709 65.762 65.77 65.797 65.802 65.772 66.119 66.286 66.373 68.836 67.125 67.883 69.795 74.724 75.927 76.061 76.688 76.61 77.086 76.842 76.222 75.254 74.484 72.842 69.475 68.465
75.206 68.13 66.429 66.939 65.791 65.707 65.814 65.844 66.198 65.926 66.002 67.292 72.307 75.001 75.663 75.438 75.28 73.794 67.057 66.042 65.884 65.637 65.685 65.689 65.665 65.569 65.564 65.694 68.842 69.829 69.841 69.871 69.847 69.866 69.81 69.784 69.597 68.819 67.996 68.397 65.687 65.638 65.568 65.623 65.574 65.63 65.7 65.707 65.826 66.798 66.543 65.739 65.807 66.663 66.011 66.254 68.945 71.665 74.86 74.977 76.082 76.675 76.532 77.086 76.36 75.705 75.169 74.295 69.802 69.583 66.677 65.955 66.704
74.255 70.801 66.432 66.221 65.811 65.605 65.666 65.665 66.534 65.873 65.948 66.295 67.643 74.709 75.158 75.675 74.93 73.841 69.34 66.095 66.238 65.605 65.575 65.576 65.606 65.515 65.485 65.662 66.914 69.688 69.865 69.819 69.796 69.782 69.766 69.888 69.242 68.767 66.845 67.941 65.483 65.509 65.53 65.568 65.572 65.633 66.223 65.963 65.935 65.826 65.906 65.794 65.95 65.801 66.324 69.635 73.555 74.274 75.018 75.162 76.025 76.858 76.302 75.68 74.878 72.069 71.723 67.004 67.14 66.204 66.9 67.354 66.616
74.9 74.109 69.03 65.982 66.573 65.583 65.55 65.569 65.993 65.53 66.135 66.121 66.137 73.397 75.06 75.698 76.279 74.93 72.244 66.914 65.76 65.556 65.474 65.482 65.522 65.485 65.447 65.61 66.69 68.379 69.808 69.755 69.737 69.53 67.322 67.682 66.269 66.753 65.807 65.465 65.524 65.5 65.573 65.627 65.943 66.322 66.415 65.736 65.678 65.712 65.859 66.399 67.687 73.555 73.537 74.235 75.259 75.079 75.698 75.681 75.193 75.302 74.934 73.132 70.856 66.674 65.891 66.177 67.391 66.886 66.921 66.167 65.679
75.132 74.586 72.838 67.267 66.03 65.637 65.426 65.463 65.469 65.458 65.535 66.706 65.959 69.157 74.29 74.954 75.498 75.366 73.907 66.077 66.289 65.916 65.427 65.372 65.439 65.444 65.327 65.369 65.447 66.125 69.531 67.655 68.342 67.356 65.91 65.44 65.357 65.307 65.309 65.452 65.547 65.474 65.588 66.778 67.281 65.716 65.653 65.543 65.76 65.65 65.843 71.864 74.271 74.909 75.02 75.198 75.769 75.315 76.359 75.221 74.336 73.386 70.017 66.088 66.386 66.281 66.919 65.909 65.895 65.579 65.55 65.626 65.625
76.551 75.577 75.172 70.29 65.824 65.686 65.414 65.427 65.416 65.399 65.36 65.443 65.862 65.902 72.341 74.701 75.366 75.376 74.203 71.422 66.61 65.623 65.45 65.329 65.323 65.353 65.3 65.305 65.256 65.333 66.631 66.026 66.746 65.974 65.441 65.183 65.258 65.327 65.361 65.337 65.498 65.445 65.384 65.639 66.075 65.74 65.903 65.738 65.625 71.385 71.359 74.111 74.673 75.007 75.526 75.298 75.423 75.111 74.773 72.645 70.031 66.175 65.949 65.724 65.748 66.167 66.086 65.489 65.547 65.567 65.578 65.66 65.682
75.653 75.578 75.196 74.496 66.033 65.809 65.81 65.649 65.573 65.324 65.293 65.261 65.665 65.547 66.376 73.524 74.8 75.395 74.455 74.693 70.785 65.755 65.678 65.308 65.184 65.272 65.209 65.152 65.153 65.203 65.358 65.194 66.117 66.287 65.23 65.234 65.254 65.363 65.376 65.964 65.387 65.413 65.813 65.588 65.95 65.598 65.887 71.413 73.353 73.939 74.359 75.194 75.621 75.371 74.955 74.664 74.003 73.225 70.312 66.423 66.264 65.609 65.514 65.451 65.436 65.429 65.524 65.525 65.508 65.56 65.604 65.621 65.58
74.924 75.492 75.224 75.003 67.379 65.708 65.985 65.578 65.826 65.256 65.224 65.159 65.313 65.547 65.767 71.046 73.968 74.817 75.051 74.786 72.669 65.228 65.308 65.254 65.072 65.134 65.163 65.194 65.128 65.069 65.016 65.146 65.509 65.163 65.217 65.196 65.291 65.261 65.547 65.604 65.468 65.897 65.443 65.448 65.507 68.754 74.061 74.143 74.711 74.588 75.416 75.397 75.458 75.699 74.078 73.04 66.506 66.701 65.884 65.592 65.538 65.4 65.302 65.332 65.367 65.419 65.456 65.506 65.514 65.488 65.486 65.494 65.508
