dsm/se3235_DSM_2M.asc
ncols 500
nrows 500
xllcorner    432000
yllcorner    435000
cellsize     2
NODATA_value -9999
[rows 416 to 447 of 500, columns 288 to 359 of 500]
80.833 80.895 80.948 80.975 81.078 81.818 81.27 81.238 81.86 81.268 81.375 82.535 82.475 82.243 82.1 82.088 82.188 82.31 82.395 82.515 82.623 82.698 82.755 82.83 82.908 82.95 85.65 86.413 86.96 87.488 87.188 88.428 89.253 89.563 89.865 90.188 90.398 89.865 89.32 87.248 86.713 86.16 85.77 86.308 86.61 86.913 87.213 87.495 87.31 86.993 86.67 86.375 86.058 86.095 86.625 86.183 87.41 86.888 86.413 84.038 82.95 83.25 82.945 82.985 83.03 83.055 83.105 83.17 83.248 83.28 83.29 83.335
80.743 80.813 80.863 80.918 81.405 81.768 82.738 81.59 81.098 81.233 81.41 81.888 82.955 82.013 82.15 82.43 82.415 82.36 82.455 82.575 82.67 82.77 82.843 82.908 82.95 83.533 86.183 86.725 87.27 86.443 86.805 86.93 87.185 88.848 89.33 89.638 89.97 89.555 88.88 86.928 86.38 85.838 82.978 84.333 86.065 86.36 86.66 86.98 87.29 87.483 86.495 86.905 86.593 86.395 86.935 87.475 87.118 87.285 85.648 82.975 82.935 82.933 82.958 85.453 83.925 83.06 83.12 83.175 83.243 83.278 83.308 83.35
80.703 80.74 80.87 81.268 81.013 81.925 81.588 80.95 81.075 81.235 81.373 83.558 84.97 84.973 82.285 82.4 82.268 82.348 82.515 82.623 82.865 82.86 82.903 82.93 82.945 85.945 86.483 87.028 87.508 86.02 86.465 86.503 86.755 86.97 87.37 89.105 89.418 89.253 87.165 86.618 86.075 82.985 82.97 82.97 82.963 85.3 86.145 86.438 86.51 87.055 87.36 87.455 85.875 86.825 87.258 87.33 86.793 86.653 82.985 82.953 82.93 82.94 84.188 86.263 85.998 85.425 83.128 83.195 83.245 83.293 83.333 83.353
80.778 81.045 81.775 81.47 82.138 81.525 80.798 80.968 81.095 81.213 81.97 84.98 85.04 85.015 85.003 84.618 82.06 82.248 82.493 82.665 82.775 82.893 82.918 82.928 84.615 86.24 86.79 87.333 87.26 86.708 86.168 86.075 86.318 86.583 86.81 87.06 88.085 88.663 86.858 86.323 84.885 82.98 82.968 82.97 82.973 82.97 83.283 85.903 86.21 86.515 86.82 87.05 87.443 87.368 87.488 87.01 86.48 85.8 83.065 82.94 82.955 82.973 86.263 86.595 86.46 83.063 83.133 83.198 83.263 83.308 83.323 83.36
81.535 81.713 81.58 80.625 80.54 80.64 80.895 81.06 81.125 81.58 84.258 85.013 85.088 85.075 85.038 85.025 84.975 83.143 82.103 82.583 82.805 82.883 82.933 83.013 86.023 86.55 87.1 87.475 86.938 86.4 85.673 83.24 85.895 86.138 86.383 86.625 86.87 87.168 87.52 86.288 82.98 82.97 82.953 82.963 82.955 82.958 82.93 82.895 85.293 85.98 86.288 86.593 86.89 86.768 87.25 86.7 86.178 83.765 83.13 82.94 82.98 83 84.95 85.993 85.338 83.068 83.125 83.743 83.265 83.305 83.335 83.388
80.798 81.105 80.873 80.345 80.455 80.855 80.983 81.115 81.118 81.723 84.955 85.023 85.038 85.083 85.085 85.053 85.025 84.975 82.895 82.495 82.775 82.893 82.933 85.27 86.33 86.863 87.418 85.928 86.623 86.095 83.013 83.348 83.305 84.355 85.945 86.323 86.87 87.405 87.185 86.648 85.933 82.958 82.945 82.95 82.935 82.93 82.928 82.933 83.073 82.898 85.67 86.058 86.355 86.663 86.94 86.41 85.875 84.35 82.91 82.99 82.978 82.998 82.99 82.99 84.025 83.005 83.253 84.338 85.81 85.123 83.358 83.548
80.228 80.36 80.183 80.298 80.708 80.95 81.06 81.145 81.17 81.188 81.358 84.748 84.99 85.01 85.055 85.068 85.06 84.973 82.02 82.468 82.765 82.918 83.198 86.09 86.623 85.993 87.425 86.868 86.323 85.04 83.223 83.283 83.383 83.383 86.098 86.618 87.18 87.428 86.288 86.408 84.648 82.943 82.925 82.923 82.91 82.905 82.89 82.903 82.905 82.913 83.87 83.373 85.815 86.128 86.45 86.098 85.423 82.973 82.945 83.52 83.485 83.043 83.04 83.515 82.998 84.343 83.345 83.7 83.845 85.928 83.513 83.743
80.03 80.048 80.145 80.71 80.945 81.033 81.073 81.133 81.153 81.205 81.248 81.288 82.515 84.963 84.985 85.025 84.995 82.028 81.798 82.398 82.865 82.945 85.65 86.413 86.95 87.488 87.083 86.558 86.03 83.59 83.36 83.223 83.08 85.635 86.39 85.855 87.47 87.108 86.565 86.023 82.955 82.933 82.933 82.918 82.5 82.853 82.845 82.858 82.883 82.913 82.928 82.913 83.57 83.61 85.903 85.585 84.028 82.898 82.9 82.94 82.99 83.02 83.03 83.733 82.995 83.72 83.49 83.55 83.848 85.115 84.9 83.96
79.918 80.278 80.7 80.915 80.98 81.018 81.05 81.113 81.17 81.198 81.245 81.28 81.328 81.335 82.43 84.953 84.78 81.913 81.68 81.783 82.92 83.468 86.185 86.713 87.255 87.318 86.773 86.245 85.78 83.06 82.963 83.353 83.818 86.165 86.693 87.253 87.343 86.79 86.258 84.228 82.94 82.93 82.935 82.123 81.823 81.793 83.323 82.793 82.85 82.91 82.93 82.913 82.91 83.348 83.17 83.07 82.913 82.973 84.56 82.935 82.985 83 83.09 82.918 83.113 83.46 83.568 83.773 83.738 83.93 83.985 85.63
80.073 80.658 80.893 80.958 80.98 81 81.035 81.075 81.15 81.193 81.213 81.26 81.293 81.313 81.328 81.41 82.183 81.533 81.828 82.288 82.948 85.955 86.485 87.02 87.488 85.503 86.468 85.828 86.138 86.69 84.56 83.37 85.938 86.473 87.005 87.488 87.033 86.485 85.795 82.938 82.898 82.933 83.07 81.808 81.798 81.78 81.76 81.773 82.925 82.838 82.925 82.918 82.898 82.898 82.913 83.923 82.893 82.925 83.255 82.958 82.99 83.008 82.905 82.913 83.253 83.483 83.618 83.73 83.953 83.953 84.788 86.158
79.925 80.553 80.958 80.938 80.948 80.97 81.01 81.048 81.105 81.153 81.185 81.22 81.27 81.283 81.313 81.35 81.478 81.49 82.755 82.933 84.823 86.253 86.79 87.338 87.268 86.873 86.558 86.268 86.44 86.87 86.38 85.69 86.23 86.775 87.335 87.263 86.72 86.17 83.383 82.908 82.913 82.915 82.295 81.785 81.78 81.753 81.76 81.743 81.74 82.783 82.945 82.883 82.865 83.195 82.91 82.895 83.018 82.88 82.905 82.97 83.005 83.323 82.888 83.098 83.363 84.373 83.62 83.723 83.788 83.89 86.305 83.858
79.715 79.818 80.235 80.773 80.908 80.943 80.983 81.015 81.063 81.108 81.13 81.178 81.235 81.268 81.273 81.31 81.35 81.868 82.865 82.93 86.058 86.495 86.783 87.085 87.403 87.263 87.11 86.793 86.758 86.593 86.055 85.998 86.533 86.205 87.475 86.96 86.418 85.593 82.93 82.895 82.923 82.99 81.758 81.745 81.715 81.73 81.725 81.708 81.69 82.733 82.998 82.828 82.915 82.865 82.855 82.858 82.85 82.865 82.928 82.97 82.978 83.128 82.858 83.558 83.403 83.445 83.66 83.565 84.9 84.658 83.64 83.753
79.568 79.693 80.175 80.848 80.835 80.895 80.938 80.988 81.03 81.073 81.08 81.14 81.188 81.225 81.263 81.28 81.323 81.313 82.855 82.928 83.405 85.938 86.243 86.545 86.843 87.153 87.47 87.343 87.035 86.725 86.415 86.308 86.855 87.393 87.183 86.64 86.105 83.203 82.905 82.898 82.903 81.725 81.718 81.7 81.68 81.68 81.69 81.683 81.653 82.598 82.77 82.925 82.83 82.805 82.833 82.853 82.878 82.898 82.928 82.953 83.015 82.83 83.143 83.383 83.033 83.08 84.958 83.678 85.145 83.398 83.578 83.743
79.558 79.59 79.65 80.245 80.653 80.845 80.885 80.95 80.995 81.038 81.068 81.093 81.138 81.19 81.24 81.248 81.278 81.288 81.265 81.83 82.963 82.925 84.173 86.015 86.31 86.623 85.923 87.23 87.503 87.27 86.958 86.68 85.633 87.413 86.86 86.328 84.905 82.933 82.905 82.895 82.565 81.72 81.703 81.67 81.653 81.643 81.633 81.635 81.615 81.895 82.688 82.788 82.93 82.845 82.868 82.888 82.945 82.893 82.93 82.933 82.96 82.813 83.325 83.318 82.98 83.268 83.833 83.465 83.22 83.31 83.343 83.375
79.53 79.518 79.578 79.718 80.11 80.513 80.89 80.905 80.978 81.02 81.05 81.083 81.113 81.145 81.198 81.213 81.228 81.23 81.25 81.218 81.233 83.12 82.908 82.923 84.928 86.075 86.388 86.7 86.578 87.32 87.5 87.188 87.463 87.093 86.563 86.033 82.923 82.773 82.088 82.028 81.72 81.705 81.668 81.643 81.613 81.598 81.598 81.58 81.59 81.583 82.648 82.725 82.81 82.825 82.865 83.053 83.053 82.89 82.87 82.995 82.783 84.443 83.38 83.38 83.33 83.445 83.18 83.075 83.17 83.345 83.255 83.303
79.505 79.513 79.475 79.55 79.628 79.84 80.645 80.913 80.938 81.003 81.035 81.08 81.11 81.14 81.16 81.183 81.178 81.185 81.203 81.203 81.18 81.133 81.725 82.908 82.925 83.085 85.58 86.175 86.468 86.78 87.083 87.385 87.34 86.783 86.255 84.2 82.878 82.148 81.73 81.738 81.7 81.678 81.633 81.613 81.588 81.563 81.553 81.555 81.558 81.878 82.608 82.763 83.133 82.805 82.833 82.8 82.88 82.98 82.988 82.93 82.835 84.385 83.05 83.158 83.238 82.975 82.865 83.03 83.085 83.178 83.085 83.083
79.45 79.483 79.478 79.435 79.518 82.055 80.258 80.74 80.94 80.96 81.005 81.06 81.105 81.13 81.145 81.145 81.128 81.138 81.183 81.198 81.175 81.155 81.11 81.35 83.015 82.888 82.908 83.128 85.928 86.238 86.535 86.85 87.028 86.485 85.958 82.915 82.783 81.75 81.72 81.708 81.68 81.645 81.62 81.598 81.575 81.54 81.535 81.53 81.548 82.365 82.595 82.645 82.635 82.66 82.67 82.68 82.693 82.72 82.738 82.765 84.085 82.865 82.945 83.99 82.75 82.635 82.805 82.975 83.76 82.978 83.018 83.038
80.47 79.425 79.455 79.435 79.42 79.478 79.793 80.165 80.843 80.943 80.975 81.045 81.09 81.1 81.13 81.133 81.088 81.115 81.158 81.173 81.153 81.108 81.085 81.07 80.995 82.768 82.933 83.013 82.928 84.345 86.015 86.313 86.633 86.178 82.978 82.91 82.888 81.673 81.688 81.678 81.668 81.633 81.613 81.598 81.568 81.538 81.528 81.525 81.55 81.77 82.683 82.453 82.515 83.408 81.803 82.593 82.66 82.683 82.723 82.735 84.635 84.378 83.18 82.715 82.495 82.653 82.558 82.943 82.83 82.895 82.96 82.985
79.753 80.148 79.403 79.42 79.415 79.425 79.463 79.71 82.925 80.873 80.965 81.028 81.088 81.1 81.103 81.098 81.098 81.108 81.135 81.14 81.115 81.08 81.048 81.06 81.03 80.963 82.085 82.6 83.368 82.918 82.933 85.483 86.095 85.45 82.92 82.888 84.058 83.793 81.65 81.633 81.635 81.633 81.603 81.595 81.57 81.548 81.523 81.52 81.55 81.543 81.803 81.598 83.948 84.608 83.27 82.328 84.848 85.213 82.795 82.598 82.533 83.728 82.468 82.413 82.388 82.555 82.35 82.508 82.758 82.755 82.88 82.938
79.63 79.463 79.38 79.375 79.388 79.388 79.428 80.383 80.573 80.393 81.013 81.018 81.088 81.098 81.103 81.085 81.095 81.11 81.12 81.118 81.113 81.085 81.07 81.05 81.033 80.963 80.94 80.965 82.38 83.123 82.9 82.915 83.138 82.928 82.89 82.678 81.643 81.633 81.603 81.6 81.613 81.605 81.598 81.595 81.575 81.538 81.505 81.495 81.495 81.518 81.568 81.535 83.078 84.113 81.923 82.04 85.058 85.46 83.573 82.413 82.428 82.273 82.235 82.248 82.15 83.863 82.298 82.308 82.24 82.658 82.748 82.85
79.65 79.593 79.41 79.338 79.35 79.365 79.365 79.408 79.865 79.778 80.578 81.09 81.053 81.095 81.11 81.103 81.09 81.115 81.105 81.11 81.083 81.068 81.08 81.075 81.055 80.908 80.895 80.905 80.888 82.19 82.39 82.89 82.918 82.915 83.188 81.565 81.925 81.563 81.545 81.563 81.575 81.57 81.573 81.58 81.553 81.51 81.488 81.485 81.488 81.48 81.49 81.495 81.498 81.56 81.6 81.633 82.175 82.798 82.288 82.483 82.148 82.138 82.125 81.973 81.945 81.995 82.18 82.263 82.285 82.293 82.68 82.7
79.623 79.623 79.533 79.368 79.29 79.338 79.348 79.315 79.39 80.305 79.915 80.668 81.133 81.05 81.093 81.105 81.088 81.083 81.095 81.105 81.083 81.055 81.07 81.078 81.053 80.93 80.918 80.923 80.903 80.9 82.033 81.943 82.795 82.808 82.94 81.53 81.515 81.49 81.495 81.508 81.503 81.52 81.523 81.535 81.515 81.485 81.465 81.46 81.453 81.443 81.443 81.458 81.493 81.558 81.593 81.62 82.023 82.25 83.043 82.033 82.098 82.748 82.183 81.925 82.185 82.165 82.158 82.21 82.263 82.25 82.323 82.595
79.608 79.578 79.573 79.463 79.328 79.268 79.33 79.323 79.283 79.39 81.428 83.07 80.768 81.12 81.06 81.085 81.085 81.083 81.105 81.108 81.088 81.063 81.048 81.068 81.05 81.005 80.968 80.963 80.92 80.888 80.9 81.378 81.793 81.695 81.55 81.488 81.46 81.443 81.435 81.443 81.445 81.453 81.46 81.47 81.475 81.45 81.435 81.433 81.413 81.398 81.405 81.448 81.503 81.533 81.555 81.56 82.855 83.595 81.993 82.003 82.168 82.175 81.97 81.878 81.793 81.955 82.085 82.165 82.24 82.253 82.245 82.4
79.555 79.56 79.553 79.53 79.388 79.295 79.265 79.308 79.3 79.268 79.448 81.12 80.08 80.865 81.08 81.048 81.065 81.078 81.103 81.093 81.088 81.058 81.013 81.045 81.023 80.99 80.973 81.198 82.493 81.39 80.89 80.97 81.11 81.298 81.4 81.403 81.388 81.375 81.358 81.355 81.37 81.398 81.413 81.418 81.42 81.405 81.395 81.385 81.368 81.37 81.413 81.46 81.463 81.498 81.523 81.823 82.33 81.955 81.985 81.975 83.423 83.27 81.858 81.833 81.8 81.838 81.945 82.055 82.15 82.19 82.255 82.203
79.545 79.553 79.55 79.52 79.485 79.325 79.255 79.255 79.285 79.248 79.27 79.32 80.043 80.39 80.965 81.065 81.063 81.065 81.08 81.078 81.073 81.05 81.033 81.008 81.008 80.963 81.095 83.088 82.168 81.863 81.003 80.918 81.088 81.198 81.275 81.31 81.318 81.303 81.285 81.275 81.31 81.335 81.355 81.37 81.375 81.363 81.345 81.338 81.325 81.353 81.393 81.413 81.428 81.46 81.843 83.773 81.918 81.945 82.005 81.938 81.918 81.9 81.925 81.873 81.818 81.828 81.883 81.998 82.065 82.168 82.178 82.215
79.555 79.545 79.503 79.46 79.49 79.453 79.283 79.208 79.238 79.253 79.225 79.26 80.223 79.683 80.448 81.06 81.065 81.07 81.078 81.068 81.058 81.045 81.005 80.988 80.955 81.055 80.913 81.69 80.405 80.428 81.035 81.118 81.128 81.123 81.153 81.218 81.23 81.235 81.223 81.223 81.255 81.275 81.29 81.315 81.315 81.295 81.29 81.275 81.315 81.355 81.363 81.368 81.39 81.605 82.8 81.858 81.888 82.05 82.423 81.96 81.938 81.935 81.89 81.858 81.845 81.833 81.853 81.893 81.978 82.088 82.123 82.123
79.65 79.423 79.428 79.433 79.448 79.453 79.42 79.243 79.18 79.228 79.245 79.188 79.27 79.335 79.738 80.573 81.09 81.09 81.075 81.075 81.058 81.03 80.975 80.915 80.945 81.845 81.26 80.275 80.278 80.15 80.465 81 81.265 81.195 81.12 81.1 81.155 81.183 81.203 81.188 81.193 81.213 81.233 81.268 81.265 81.235 81.238 81.275 81.313 81.328 81.34 81.33 81.483 81.665 81.72 81.745 81.79 82.075 82.228 81.903 82.105 81.815 81.89 81.848 81.84 81.82 81.815 81.713 81.825 82.073 82.008 82.103
79.458 79.39 79.398 79.378 79.425 79.398 79.413 79.358 79.215 79.173 79.22 79.218 79.18 79.243 79.435 79.888 80.74 81.065 81.07 81.058 81.03 80.973 80.89 81.765 81.52 80.478 79.973 79.695 79.763 79.823 80.463 81.058 82.433 81.415 81.178 81.148 81.095 81.13 81.15 81.148 81.15 81.158 81.188 81.218 81.203 81.183 81.21 81.24 81.258 81.278 81.27 81.3 81.453 81.578 81.778 81.423 81.565 83.09 81.72 81.745 81.768 81.785 81.765 81.805 81.855 81.803 81.755 81.728 81.723 81.833 82.01 82.098
84.53 83.338 79.728 79.358 79.34 79.378 79.375 79.393 79.288 79.188 79.155 79.253 79.25 79.18 79.233 79.628 80.043 80.838 81.04 81.038 80.978 80.95 84.688 87.46 82.098 79.485 79.493 79.643 79.733 79.795 79.848 80.34 81.47 80.833 81.085 81.128 81.045 81.09 81.098 81.1 81.118 81.128 81.14 81.148 81.15 81.165 81.153 81.178 81.198 81.183 81.16 81.215 81.363 81.525 81.378 81.445 81.48 81.535 81.888 81.713 81.745 81.73 81.703 81.76 81.885 81.828 81.78 81.775 81.743 81.693 81.96 82.063
86.633 85.498 85.248 79.435 79.363 79.335 79.353 79.338 79.368 79.233 79.153 79.188 79.22 79.178 79.175 79.198 79.42 80.155 80.925 80.963 81.72 81.763 80.74 80.91 79.13 79.198 79.403 80.13 79.703 79.778 79.893 80.873 80.075 80.628 81.65 80.963 81.028 81.033 81.068 81.083 81.093 81.103 81.103 81.105 81.14 81.123 81.125 81.128 81.068 81.02 81 81.095 81.218 81.188 81.535 81.635 81.453 81.318 81.54 81.67 81.698 81.68 81.688 81.825 81.778 81.858 81.815 81.753 81.755 81.755 81.743 81.943
85.985 87.015 86.333 84.488 79.353 79.32 79.333 79.32 79.345 79.328 79.173 79.118 79.13 79.163 79.143 79.168 79.18 79.748 80.373 82.865 83.14 80.808 79.525 79.088 80.72 79.803 79.493 79.568 80.378 79.79 80.85 81.495 80.045 80.16 80.338 80.705 80.948 82.01 81.033 81.053 81.068 81.06 81.073 81.103 81.098 81.15 81.08 80.995 81.405 80.988 80.848 80.92 81.1 81.238 81.423 81.215 81.413 81.298 81.315 81.6 81.62 81.643 81.67 81.653 81.803 81.815 81.82 81.76 81.783 81.8 81.813 81.99
86.1 87.45 87.395 86.035 82.76 79.278 79.29 79.328 79.3 79.285 79.285 79.138 79.088 79.118 79.143 79.103 79.165 79.338 79.438 79.89 80.448 79.353 79.09 82.25 85.018 84.728 79.123 79.54 79.39 79.37 79.463 80.005 80.298 80.225 83.273 82.645 80.963 81.25 81.37 81.013 81.025 81.025 81.06 81.06 81.055 81.075 80.88 80.785 80.64 80.673 80.74 80.995 81.303 80.99 81.048 81.183 81.248 81.308 81.28 81.315 81.753 81.595 81.585 81.6 81.688 81.703 81.838 81.775 81.79 81.785 81.808 81.895
