dsm/se3234_DSM_2M.asc
ncols 500
nrows 500
xllcorner    432000
yllcorner    434000
cellsize     2
NODATA_value -9999
[rows 96 to 127 of 500, columns 144 to 215 of 500]
74.299 74.582 72.233 73.563 70.847 70.796 70.803 70.768 70.762 70.805 70.83 70.812 70.789 70.814 70.812 70.785 70.8 70.73 71.04 71.287 71.663 71.492 71.424 71.283 71.292 71.589 74.523 75.236 75.163 73.403 72.921 73.886 71.381 71.391 71.358 71.268 71.256 71.286 71.256 71.563 71.261 71.148 71.146 71.153 71.491 71.161 71.141 71.116 71.076 71.083 71.141 71.211 71.271 71.311 71.346 71.376 71.368 71.353 71.331 71.513 73.023 71.946 71.703 73.871 79.593 81.186 81.686 82.383 82.156 81.311 80.518 76.396
76.239 73.183 71.096 70.774 70.761 70.765 70.775 70.732 70.794 70.772 70.778 70.785 70.788 70.807 70.803 70.76 71.273 71.158 70.736 71.385 71.467 71.382 71.385 71.307 71.286 71.264 71.58 74.831 72.931 71.391 71.393 71.393 71.378 71.353 71.211 71.118 71.088 71.248 71.243 71.211 71.146 71.148 71.173 72.716 72.691 71.151 71.111 70.983 71.056 71.108 71.181 71.236 71.273 71.298 71.326 71.326 71.301 71.261 71.476 72.001 71.696 71.883 72.621 81.293 81.246 81.833 82.476 81.928 81.176 80.286 73.003 72.978
71.319 70.819 70.781 70.725 70.754 70.738 70.714 70.726 70.748 70.743 70.743 70.734 70.772 70.78 70.798 72.03 73.743 72.255 71.307 71.287 71.066 71.075 71.251 71.338 71.434 71.303 71.329 71.365 71.375 71.388 71.406 71.328 71.326 71.311 71.153 71.028 71.071 71.151 71.381 71.153 71.203 71.183 71.138 72.306 71.138 71.143 71.026 71.041 71.106 71.163 71.206 71.251 71.261 71.281 71.263 71.263 71.233 71.448 71.803 71.721 71.728 75.416 80.041 80.861 81.701 82.201 82.456 81.263 80.106 73.408 73.751 72.781
70.801 70.736 70.711 70.71 70.714 70.706 70.712 70.719 70.687 70.735 70.738 70.709 70.738 70.951 74.273 74.719 74.646 75.127 73.556 71.506 71.218 72.006 71.106 71.589 71.687 71.411 71.429 71.335 71.425 71.338 71.313 71.223 71.178 71.901 71.036 71.101 71.068 71.093 71.128 71.183 71.133 71.086 71.083 71.106 71.093 70.981 71.033 71.086 71.123 71.171 71.203 71.218 71.216 71.223 71.203 71.311 71.428 71.558 71.736 72.476 78.643 80.201 81.041 81.926 82.166 81.548 80.733 78.368 72.918 72.826 72.798 72.768
70.736 70.714 70.677 70.685 70.697 70.692 70.658 70.66 70.709 70.676 70.682 70.694 70.794 77.716 78.187 77.02 76.207 75.827 76.318 74.098 70.871 70.7 71.67 71.412 71.79 71.538 71.496 71.442 71.609 71.564 71.181 71.091 71.046 71.008 71.051 71.033 71.046 71.091 71.148 71.073 71.056 71.048 71.081 71.006 70.943 70.998 71.043 71.096 71.133 71.166 71.168 71.168 71.168 71.153 71.301 71.388 72.323 71.793 72.341 80.008 81.068 81.196 82.048 82.051 81.241 80.371 78.293 73.373 72.866 72.771 72.618 72.573
70.656 70.663 70.655 70.629 70.638 70.661 70.667 70.654 70.659 70.651 70.643 74.542 77.349 79.306 80.241 78.297 76.687 75.994 75.531 74.475 72.251 70.686 71.417 71.113 71.548 71.664 71.458 72.242 72.289 71.811 71.512 71.016 71.106 71.008 70.981 71.003 71.021 71.061 71.023 71.013 71.016 71.043 70.973 70.926 70.961 71.018 71.066 71.111 71.131 71.141 71.131 71.116 71.093 71.268 72.086 71.488 71.636 72.088 80.106 81.003 81.388 82.228 81.883 81.436 80.208 74.811 72.791 72.651 73.428 72.643 72.573 72.671
70.657 70.65 70.635 70.635 70.623 70.64 70.655 70.635 70.643 70.654 70.81 74.805 77.475 79.361 80.134 79.844 78.011 76.498 75.897 75.507 74.207 70.978 70.709 71.446 71.151 71.344 73.081 73.133 72.747 72.417 71.583 71.051 70.976 71.168 70.981 70.963 71.013 70.996 70.973 70.996 71.003 70.908 70.886 70.943 71.006 71.043 71.083 71.111 71.106 71.098 71.096 71.093 71.776 74.026 72.173 71.643 75.233 79.891 80.728 81.526 82.181 81.916 80.906 81.431 73.936 72.998 72.871 72.706 72.578 73.903 73.028 72.758
70.674 70.651 70.647 70.645 70.599 70.629 70.612 70.743 72.214 73.822 74.965 75.021 75.369 77.651 78.992 80.313 79.548 77.697 76.263 75.787 75.323 74.436 71.237 70.754 71.687 71.442 72.942 73.536 73.073 72.705 72.006 71.674 70.993 70.943 70.971 70.973 70.978 70.938 70.958 70.966 70.816 70.881 70.931 70.996 71.026 71.073 71.081 71.081 71.061 71.061 71.081 71.463 71.478 71.736 71.653 77.993 80.783 81.176 81.761 82.293 81.578 80.871 78.781 73.423 72.791 72.691 72.736 72.561 72.826 72.858 72.743 72.776
70.65 70.613 70.612 70.616 70.587 70.592 70.598 70.661 73.541 74.932 75.026 75.104 75.29 76.798 78.351 79.455 80.193 79.119 77.056 76.04 75.499 75.215 72.374 71.372 70.96 71.076 72.792 73.405 72.078 73.193 72.318 72.242 71.291 70.948 70.928 70.946 70.918 70.938 70.941 70.803 70.853 70.906 70.978 71.018 71.038 71.036 71.048 71.046 71.033 71.083 71.191 71.341 71.853 71.566 76.356 80.213 81.191 81.923 82.198 81.531 80.541 76.736 72.918 73.673 72.796 72.568 72.768 73.423 72.678 72.741 72.763 72.746
70.622 70.632 70.594 70.618 70.618 70.612 72.532 74.532 74.973 75.024 75.083 75.125 75.223 75.271 76.304 78.691 79.26 79.876 78.735 76.913 76.111 73.11 71.964 70.665 70.921 71.868 71.931 71.888 72.46 71.684 71.812 72.056 71.462 70.924 70.916 70.871 70.853 70.846 70.793 70.836 70.883 70.933 70.973 71.008 71.023 71.016 70.998 70.991 71.071 71.556 71.473 71.358 71.693 79.053 81.106 81.271 82.058 82.023 81.593 81.566 77.843 72.751 72.651 72.808 72.576 72.483 73.093 72.641 72.706 72.733 72.716 72.758
70.563 70.594 70.783 73.552 70.802 71.562 74.888 75.013 75.024 75.012 75.01 75.143 75.135 75.241 75.383 76.951 76.782 79.376 79.555 78.249 77.342 75.79 71.103 70.687 70.695 72.108 71.409 71.857 73.999 73.138 72.378 71.953 71.248 70.891 70.838 70.826 70.758 70.753 70.823 70.861 70.911 70.943 70.968 70.973 70.986 70.971 70.951 71.056 71.156 72.261 71.501 72.896 79.711 80.561 81.396 82.103 81.833 81.463 81.576 74.968 72.803 72.708 72.568 72.526 72.461 72.566 72.631 72.691 72.703 72.701 72.763 73.121
70.54 70.577 73.858 74.643 73.839 74.865 74.948 75.031 75.119 75.092 75.15 75.168 75.181 75.227 75.256 75.636 75.86 78.547 79.791 79.678 78.33 75.739 72.383 70.649 70.656 70.667 71.141 73.529 73.422 72.82 72.715 72.094 71.228 70.821 70.782 70.698 70.743 70.806 70.848 70.896 70.916 70.941 70.951 70.953 70.926 70.926 71.031 71.368 71.288 71.361 74.013 79.883 81.053 81.563 82.371 81.698 81.418 79.786 74.613 72.798 72.706 73.051 72.481 72.443 72.568 72.631 72.668 72.673 72.666 72.751 73.183 73.186
70.791 74.013 74.65 74.671 74.749 74.999 75.091 75.1 75.137 75.137 75.181 75.255 75.239 75.283 75.296 77.376 78.734 82.245 80.608 78.684 74.981 76.266 70.665 70.614 70.625 70.622 70.634 70.854 72.318 72.57 71.364 71.522 70.861 70.787 70.694 70.726 70.778 70.821 70.858 70.893 70.898 70.908 70.906 70.878 70.891 71.373 71.478 71.706 71.366 75.278 80.008 82.196 81.723 82.278 81.521 80.711 79.261 73.621 72.748 72.706 72.521 72.441 72.451 72.533 72.613 72.626 73.263 72.636 72.746 72.881 72.893 72.913
71.301 74.524 74.554 74.762 74.833 75.085 75.098 75.124 75.135 75.194 75.911 75.861 75.245 75.304 77.487 78.84 81.657 81.607 79.217 76.964 72.078 71.228 70.589 70.584 70.567 70.621 70.653 70.651 70.71 70.811 70.852 70.773 70.762 70.782 70.697 70.751 70.791 70.846 70.866 70.871 70.873 70.873 70.841 70.903 70.988 71.451 71.273 71.561 77.948 80.908 81.103 81.928 82.156 81.551 80.493 78.788 72.913 72.893 72.826 72.478 72.586 72.438 72.523 72.591 72.608 73.628 72.928 72.713 72.843 73.041 73.926 78.931
70.6 74.351 74.825 75.034 75.119 75.113 75.149 75.145 75.21 75.767 76.118 76.141 75.806 77.055 79.189 80.794 80.996 80.724 78.43 71.5 70.598 70.57 70.554 70.559 70.584 70.618 70.617 70.607 70.812 71.215 70.828 70.753 70.771 70.743 70.734 70.767 70.824 70.856 70.848 70.833 70.816 70.806 70.901 70.988 72.236 72.123 73.761 80.866 80.846 81.208 82.058 82.063 81.701 80.331 76.353 72.621 72.686 72.848 72.446 72.526 73.363 72.531 72.573 72.588 72.566 72.781 72.991 72.726 72.808 73.921 80.201 80.833
74.576 75.012 75.367 74.652 75.092 75.15 75.178 75.187 75.22 75.443 76.074 76.598 80.097 80.463 80.27 80.919 79.623 73.957 71.439 70.543 70.533 70.542 70.505 70.542 70.548 70.567 70.57 70.542 70.582 70.599 70.687 70.739 70.755 70.716 70.759 70.818 70.836 70.829 70.813 70.803 70.766 70.866 71.311 71.023 71.138 72.313 80.543 81.133 81.458 82.271 81.891 81.101 80.043 74.311 72.781 72.676 72.533 72.406 73.428 72.521 72.486 72.543 72.543 72.538 72.618 72.698 72.788 73.713 73.021 80.051 81.311 81.946
75.507 74.165 74.352 74.155 75.09 75.192 75.195 75.206 75.242 75.234 76.985 78.575 79.384 81.003 80.516 80.707 73.83 70.605 70.539 70.519 70.52 70.544 70.504 70.527 70.524 70.557 70.525 70.531 70.538 70.54 70.589 70.635 70.725 70.717 70.807 70.819 70.792 70.789 70.769 70.743 70.863 71.263 71.156 71.466 73.523 79.863 81.068 81.603 82.221 81.671 80.903 80.028 74.813 72.583 72.826 74.051 72.366 73.176 72.746 72.466 72.493 72.513 72.496 72.603 73.001 72.873 72.781 74.848 80.551 81.311 82.078 82.723
78.101 70.746 73.466 74.058 74.745 75.214 75.235 75.192 75.276 76.798 79.014 80.085 83.423 80.982 79.365 75.016 70.548 70.536 70.491 70.492 70.481 70.517 70.522 70.556 70.769 70.661 70.523 70.485 70.498 70.562 70.594 71.368 71.126 70.732 70.821 70.76 70.751 70.728 70.769 70.866 71.136 71.158 71.056 76.873 79.766 80.593 81.231 82.108 81.521 81.158 79.503 73.361 72.513 72.616 73.106 72.318 72.321 72.398 72.458 72.478 72.473 72.461 72.586 72.701 72.781 72.883 79.436 82.131 81.661 82.238 82.718 82.576
71.358 71.457 70.889 73.281 73.821 74.974 75.253 77.351 78.152 78.499 80.555 81.144 80.105 79.015 73.555 70.588 70.523 70.511 70.492 70.492 70.514 70.512 70.544 70.696 70.742 70.536 70.455 70.495 70.506 70.578 70.639 70.881 70.704 70.729 70.711 70.695 70.754 70.779 70.825 71.102 71.249 71.556 79.073 79.808 80.616 81.406 81.566 80.868 80.701 78.471 72.541 72.723 73.233 72.341 72.283 72.306 72.388 72.443 72.466 72.453 72.486 72.593 73.131 72.788 73.501 79.233 80.831 82.103 82.398 82.538 81.988 81.693
69.756 69.755 72.566 73.828 73.782 73.928 75.293 76.794 78.527 80.414 80.799 79.71 74.48 71.22 70.566 70.548 70.492 70.48 70.42 70.441 70.458 70.477 70.456 70.659 70.531 70.468 70.432 70.508 70.541 70.61 70.63 70.67 70.681 70.685 70.667 70.656 70.741 70.961 71.044 70.968 71.232 77.511 79.908 80.876 81.626 81.498 80.588 79.676 76.176 72.833 72.468 72.373 72.281 72.221 72.296 72.356 72.401 72.938 74.071 72.483 72.598 72.676 72.733 73.286 78.701 81.443 82.291 82.511 82.491 81.843 81.038 78.798
69.794 69.784 69.842 71.275 73.571 74.651 72.355 72.842 75.924 78.799 79.65 78.237 70.816 70.513 70.488 70.453 70.43 70.45 70.427 70.37 70.576 70.571 70.476 70.474 70.428 70.383 70.465 70.492 70.55 70.579 70.62 70.616 70.636 70.624 70.755 70.76 70.841 70.959 71.098 72.455 79.4 80.199 81.071 81.681 81.293 80.513 79.718 75.656 72.338 72.391 72.538 72.251 72.188 72.263 72.336 72.376 72.458 73.153 72.631 73.373 72.933 72.721 77.271 81.883 81.158 82.031 82.683 82.426 81.758 80.891 76.736 73.996
69.971 71.666 70.313 69.816 71.032 70.713 70.701 70.669 72.197 77.01 73.715 71.49 70.484 70.449 70.445 70.452 70.376 70.403 70.468 70.595 70.616 70.496 70.44 70.429 70.394 70.47 70.512 70.538 70.559 70.583 70.608 70.604 70.588 70.565 70.703 70.998 70.999 70.993 74.849 79.318 80.361 81.057 81.691 81.193 80.888 79.441 73.108 72.331 72.306 72.293 72.226 72.163 72.243 72.323 72.366 72.786 73.478 72.473 72.653 72.748 72.866 77.428 82.021 81.973 82.141 82.706 82.346 81.516 80.516 76.148 73.976 73.983
73.312 75.797 72.074 69.817 69.804 70.615 70.671 70.577 70.529 71.924 71.293 70.372 70.406 70.392 70.42 70.368 70.372 70.401 70.51 70.575 70.578 70.345 70.382 70.31 70.393 70.48 70.543 70.562 70.594 70.548 70.55 70.54 70.767 70.622 70.791 71.126 71.175 75.333 80.301 80.393 81.195 81.732 81.156 80.452 78.391 72.428 72.301 72.548 72.231 72.246 72.768 72.231 72.286 72.328 72.338 72.478 72.471 72.666 73.023 73.451 77.678 81.416 82.313 82.248 82.608 82.023 81.333 80.651 74.446 74.193 74.488 73.861
77.131 77.928 78.047 70.496 69.839 70.071 70.562 70.52 70.465 70.403 70.41 70.406 70.363 70.315 70.327 70.378 70.369 70.36 70.372 70.293 70.336 70.234 70.306 70.302 70.405 70.524 70.527 70.541 70.523 70.528 70.48 70.544 70.926 71.034 70.82 70.986 74.566 79.71 80.623 81.312 81.713 80.884 80.151 78.364 73.171 72.528 72.461 72.196 72.141 73.303 72.228 72.258 72.303 72.298 72.338 72.681 72.478 72.561 72.506 78.586 82.078 82.101 82.406 82.568 81.351 81.166 79.336 74.103 74.033 74.023 73.831 73.771
78.007 79.094 79.279 74.455 71.921 69.826 70.297 70.43 70.354 70.352 70.332 70.311 70.358 70.316 70.312 70.495 70.502 70.486 70.297 70.293 70.191 70.229 70.345 70.363 70.483 70.474 70.505 70.502 70.48 70.483 70.513 70.629 70.785 71.007 71.786 78.654 80.101 81.33 81.465 81.493 80.875 80.002 77.277 73.117 76.781 75.948 72.168 72.091 72.138 72.183 72.251 72.268 72.271 72.336 72.451 72.531 72.776 73.446 80.063 81.013 82.071 82.551 82.378 82.751 81.031 77.398 73.988 74.103 73.928 73.793 73.751 73.856
79.273 79.688 78.915 77.52 72.275 69.877 69.818 70.284 70.349 70.292 70.311 70.279 70.298 70.301 70.285 70.428 70.35 70.31 70.204 70.164 70.28 70.307 70.348 70.429 70.483 70.451 70.463 70.497 70.454 70.476 71.239 70.988 71.001 73.255 79.086 80.563 80.806 81.68 81.384 80.815 80.007 75.07 72.888 75.18 76.506 76.173 72.071 72.133 72.178 72.226 72.253 72.251 72.328 72.446 72.486 72.553 75.408 80.401 81.641 81.943 82.606 82.231 81.523 80.883 76.441 73.858 73.806 74.156 73.788 73.733 73.853 73.933
79.59 78.857 77.743 76.393 72.841 69.932 69.889 69.888 70.112 70.198 70.215 70.247 70.202 70.237 70.228 70.233 70.246 70.154 70.19 70.267 70.252 70.302 70.388 70.432 70.422 70.425 70.447 70.39 70.524 70.789 71.606 71.317 75.701 79.554 80.006 81.025 81.733 81.337 80.735 79.521 75.564 72.531 72.635 72.256 72.805 72.403 72.123 72.176 72.188 72.491 72.246 72.331 72.403 72.738 72.686 74.996 80.511 81.798 82.083 82.628 82.091 81.426 80.713 75.976 73.771 73.913 73.801 73.761 73.741 73.851 73.921 73.948
78.548 77.534 76.603 74.564 69.99 69.913 69.92 69.921 69.979 70.221 70.164 70.182 70.172 70.133 70.12 70.103 70.157 70.163 70.161 70.267 70.281 70.367 70.363 70.4 70.39 70.346 70.383 70.446 70.983 71.335 70.801 71.782 78.846 80.793 81.127 81.603 81.143 80.412 79.469 73.804 73.139 72.44 72.258 72.363 72.039 72.116 72.143 72.173 73.236 72.521 72.478 74.341 74.318 73.173 77.643 80.693 81.863 82.248 82.686 82.163 81.401 79.323 73.821 73.768 73.731 73.963 73.743 73.781 73.858 73.911 73.928 75.351
77.192 77.64 70.07 69.945 69.94 69.928 69.944 69.917 69.92 69.991 70.153 70.155 70.109 70.074 70.095 70.047 70.154 70.244 70.238 70.359 70.391 70.334 70.331 70.333 70.953 70.617 70.45 70.563 70.995 71.049 76.53 79.822 81.869 81.53 81.568 81.039 80.099 78.614 73.891 72.298 72.364 72.377 72.295 73.535 72.202 72.163 72.179 72.158 72.548 72.341 72.591 72.691 73.038 81.263 81.973 81.813 82.418 82.511 82.408 81.166 79.643 73.851 73.828 74.223 73.746 73.696 73.783 73.846 73.886 73.886 73.898 73.976
76.168 70.918 69.938 69.907 69.87 69.952 69.974 69.894 69.928 69.946 70.034 70.251 70.337 70.117 70.073 70.099 70.184 70.143 70.26 70.25 70.316 70.289 70.308 70.333 70.355 70.477 70.975 71.728 71.597 74.626 79.636 80.673 81.357 81.738 81.283 80.113 74.456 73.637 72.272 72.171 72.07 72.04 72.468 72.096 72.131 72.182 72.224 72.251 72.446 72.893 72.583 74.753 79.718 81.703 81.966 82.553 82.421 81.846 82.416 78.756 74.291 73.843 73.756 73.728 73.681 73.763 73.838 73.856 73.883 73.866 73.931 74.041
71.592 70.704 69.884 69.903 69.906 69.936 69.986 69.974 69.879 69.933 69.945 70.027 69.957 70.05 70.031 70.141 70.228 70.261 70.249 70.24 70.245 70.245 70.29 70.416 70.958 70.836 71.732 75.521 78.829 80.194 80.823 81.205 81.459 81.197 80.394 75.465 72.684 72.28 72.744 72.426 72.095 72.104 72.082 72.117 72.855 72.251 72.38 72.501 72.484 72.651 73.571 80.231 81.738 82.083 82.661 82.323 82.078 80.866 75.026 73.828 73.931 73.886 73.723 74.901 73.746 73.816 73.851 73.861 73.853 73.963 74.491 74.208
70.549 69.975 69.938 69.933 69.951 69.939 69.911 70.034 69.971 69.899 69.936 69.956 69.99 70.086 70.146 70.164 70.239 70.174 70.209 70.204 70.226 70.236 70.216 70.296 71.006 74.065 74.778 79.134 80.181 80.715 81.669 81.302 80.476 80.582 77.915 73.199 72.498 72.055 72.021 72.206 72.384 72.113 72.084 72.73 72.521 72.294 72.81 72.65 72.668 76.72 80.665 81.313 82.081 82.681 82.563 82.216 80.888 73.776 74.141 73.863 73.936 73.693 73.756 73.801 73.788 73.813 73.821 73.853 73.953 74.356 74.181 74.221
