dsm/se3234_DSM_2M.asc
ncols 500
nrows 500
xllcorner    432000
yllcorner    434000
cellsize     2
NODATA_value -9999
[rows 32 to 63 of 500, columns 72 to 143 of 500]
83.119 80.564 75.729 75.699 75.934 75.434 75.509 75.491 75.479 75.414 75.749 76.084 76.064 82.934 84.519 85.359 85.729 84.811 83.779 78.011 76.699 77.759 76.116 76.504 76.074 76.061 75.981 76.084 76.844 76.236 77.519 84.169 86.484 85.829 85.304 85.264 79.379 76.004 75.861 75.506 75.349 75.384 75.391 76.859 76.516 75.676 75.476 75.566 80.944 83.841 84.864 84.979 84.519 83.074 75.151 75.341 75.106 74.926 74.869 74.844 74.816 74.766 74.756 74.741 74.739 76.171 74.814 74.769 75.364 77.669 78.466 79.196
83.831 82.844 75.836 76.971 77.041 75.521 76.649 75.481 75.479 75.426 75.469 76.094 75.964 76.099 83.999 84.739 85.689 85.406 84.859 82.436 78.609 77.034 76.634 76.936 76.001 76.029 75.991 75.916 76.044 76.416 77.461 80.074 84.821 85.264 85.819 84.886 83.934 75.931 75.794 76.221 75.414 75.274 75.306 75.284 75.204 75.226 75.769 75.754 75.909 82.689 84.564 84.859 84.651 82.929 75.401 76.176 75.156 75.249 74.814 74.781 74.769 74.769 74.746 74.696 74.666 74.714 74.746 74.576 74.426 75.751 77.954 78.371
84.506 83.541 82.356 76.224 75.564 75.769 75.494 75.436 75.466 75.439 75.371 75.471 76.114 76.226 76.221 84.249 85.266 85.876 85.401 84.131 80.034 76.744 76.406 76.061 75.926 75.974 75.969 75.904 75.916 76.624 77.026 76.641 84.664 84.634 85.554 85.516 84.531 82.851 76.344 75.874 76.904 75.256 75.194 75.211 75.191 75.084 75.169 76.101 75.336 78.536 83.301 84.244 78.691 75.396 77.309 76.521 75.399 75.391 74.786 74.769 74.749 74.716 74.664 74.674 74.641 74.501 74.554 77.486 80.144 77.659 76.981 77.726
84.796 84.151 83.096 77.459 76.291 76.361 75.731 75.374 75.421 75.424 75.404 75.364 75.631 75.909 75.971 82.754 84.606 85.409 85.699 85.256 83.806 76.624 76.484 76.736 76.076 76.966 75.924 75.894 76.631 75.929 76.969 76.206 76.416 83.964 84.909 85.824 85.249 84.324 79.539 77.594 75.744 75.289 75.096 75.131 75.119 75.074 75.011 75.184 75.286 75.264 79.411 75.359 75.441 76.054 75.471 75.946 74.841 74.734 74.731 74.714 74.664 74.629 74.701 75.049 74.506 74.909 79.781 80.629 81.451 80.529 74.981 77.191
84.121 84.781 84.306 82.776 77.361 76.331 75.874 75.481 75.381 75.409 75.406 75.361 75.426 75.844 75.979 76.994 83.826 85.289 85.716 85.399 84.414 81.051 76.456 76.396 76.031 76.161 75.869 75.864 75.956 76.604 75.879 76.436 77.226 78.394 84.586 85.301 85.804 85.409 83.896 77.474 75.754 75.744 75.161 75.024 75.049 75.039 74.961 74.986 75.384 75.169 75.194 75.214 76.536 75.821 74.924 74.751 74.726 74.721 74.679 74.641 74.771 74.624 74.521 74.494 75.251 80.279 81.116 81.979 81.284 80.451 78.739 75.761
83.974 84.499 84.464 83.884 81.824 76.529 75.651 75.606 75.371 75.371 75.381 75.376 75.306 75.439 76.069 75.956 78.724 84.851 85.089 85.891 85.006 84.504 78.951 76.449 76.581 75.924 75.794 75.814 75.796 76.001 75.756 76.509 76.049 76.756 83.136 85.934 85.526 85.454 84.934 82.731 75.711 75.606 75.326 75.001 74.961 74.964 74.929 74.841 74.896 75.049 76.079 75.261 76.654 74.796 74.706 74.714 74.679 75.109 74.626 75.041 74.634 74.589 74.936 79.909 75.161 78.781 81.154 80.816 79.974 77.329 74.406 76.004
82.654 84.236 84.796 84.266 83.114 77.154 75.644 75.904 75.434 75.851 75.336 75.349 75.349 75.329 75.744 75.859 75.966 82.546 84.494 85.456 85.614 85.214 83.726 77.459 76.281 76.424 75.834 75.754 75.769 75.746 77.014 75.756 77.264 79.586 77.701 85.171 85.196 85.784 85.134 84.184 79.149 76.166 75.636 75.026 74.864 74.884 74.856 74.816 74.739 75.234 77.099 75.411 74.684 74.689 74.686 74.646 75.971 74.741 75.199 74.831 74.431 79.109 80.379 81.236 79.364 74.364 80.184 78.551 74.206 74.654 74.146 74.766
79.794 82.981 84.099 84.734 83.736 82.749 75.701 75.591 75.566 75.391 76.211 75.326 75.341 75.306 75.386 75.834 76.034 76.191 83.881 85.304 85.769 85.309 84.409 82.669 76.236 76.104 75.856 75.704 75.714 75.731 75.789 75.986 75.761 76.136 75.879 79.384 85.164 85.266 85.716 84.766 83.826 76.484 75.536 75.299 74.926 74.789 74.794 74.771 74.706 74.751 74.704 74.659 74.679 74.671 74.614 74.611 75.051 74.516 74.456 74.281 80.011 80.879 82.319 81.521 80.681 78.426 74.631 74.166 74.124 74.291 74.754 74.074
76.071 82.104 83.516 84.474 84.389 83.386 80.704 75.636 75.584 75.816 75.291 75.294 75.321 75.321 75.261 75.399 75.751 75.936 80.719 84.226 85.326 85.836 85.231 84.546 76.819 76.451 76.586 75.786 75.671 75.696 75.671 75.611 75.544 75.669 75.779 75.854 83.439 84.614 85.539 85.384 84.476 82.234 75.894 75.526 75.024 74.756 74.721 74.731 74.709 74.681 74.676 74.681 74.651 74.599 75.119 74.581 74.351 74.184 77.071 74.511 80.246 81.599 81.079 80.229 79.164 77.354 74.241 74.136 74.081 74.044 74.166 73.621
74.371 75.036 82.701 83.779 84.804 84.216 83.129 78.941 76.011 75.646 75.371 75.234 75.301 75.301 75.286 75.296 75.754 75.871 76.336 83.169 84.941 85.461 85.544 84.594 83.231 76.361 76.179 76.009 75.706 75.629 75.651 75.591 75.506 75.599 75.766 75.774 76.809 84.496 85.146 85.786 81.691 79.194 75.279 76.021 74.974 74.809 74.664 74.699 74.701 74.694 74.656 74.614 74.626 74.779 74.559 74.556 76.601 79.991 80.734 77.654 75.446 80.554 77.361 74.819 76.921 74.256 74.214 75.249 73.921 74.091 73.804 73.631
74.634 74.649 80.509 83.481 84.169 84.716 84.324 82.734 77.454 75.601 76.091 75.341 75.246 75.281 75.286 75.249 75.339 76.236 75.959 76.959 83.899 85.041 85.751 85.211 84.916 81.766 76.194 76.331 75.876 75.584 75.594 75.564 75.509 75.441 75.639 75.686 75.724 82.316 82.531 77.286 78.084 79.741 78.256 75.034 74.981 74.781 74.689 74.699 74.714 75.754 74.634 74.771 74.624 74.474 74.304 79.636 80.466 81.691 81.556 80.451 75.339 74.361 74.281 74.244 74.594 74.396 73.961 73.636 73.759 73.686 73.591 74.161
74.891 74.364 75.361 82.336 84.189 84.544 84.384 83.836 82.039 76.359 76.211 75.416 75.229 75.251 75.264 75.261 75.211 75.341 75.641 75.789 79.444 84.199 85.326 85.801 85.206 84.154 78.326 76.071 75.924 75.641 75.534 75.539 75.511 75.911 75.486 75.939 75.764 75.549 78.124 78.119 76.006 79.011 77.084 74.941 74.801 74.731 74.724 74.701 75.439 74.661 74.836 74.474 74.386 75.106 76.274 80.474 81.659 81.161 80.316 76.956 74.101 74.641 74.236 74.246 74.244 73.739 73.649 73.599 73.576 73.551 78.624 79.671
73.866 74.531 74.601 77.331 82.684 83.934 84.801 84.021 83.029 76.379 75.646 75.636 75.291 75.196 75.241 75.246 75.224 75.221 75.936 77.086 76.054 83.279 85.096 85.491 85.504 85.251 83.566 76.229 75.969 76.191 75.551 75.876 75.469 75.426 76.089 75.424 76.076 76.294 77.324 77.466 76.786 75.331 74.944 74.814 74.781 74.749 75.829 74.719 74.704 74.524 74.514 75.094 79.886 80.576 75.441 78.514 80.679 79.611 74.864 74.064 74.114 74.134 74.359 74.026 73.539 73.549 73.604 73.439 73.664 73.914 79.424 80.714
74.691 74.071 74.474 74.486 80.814 83.301 84.194 84.661 83.671 82.694 76.399 75.844 75.836 75.249 75.194 75.209 75.209 75.179 75.584 75.834 75.851 77.606 83.904 85.324 85.791 85.266 84.691 78.999 76.064 75.871 75.569 76.851 75.426 75.404 75.356 75.294 75.441 75.536 76.551 76.919 77.871 74.916 74.874 74.824 74.779 75.551 74.759 74.796 75.129 74.356 78.199 80.376 81.234 81.536 80.179 74.131 77.019 74.194 74.086 74.256 75.769 74.161 73.771 73.586 73.506 73.439 73.984 78.801 79.601 76.416 76.494 79.791
73.906 73.889 74.396 74.394 74.539 82.561 83.481 84.596 84.346 83.424 81.591 75.736 75.576 75.274 75.164 75.186 75.181 75.274 76.071 75.286 76.674 75.951 81.159 84.419 85.294 85.779 84.789 83.841 76.381 75.904 77.559 75.461 75.369 75.354 75.326 75.264 75.269 76.311 78.556 76.464 74.971 74.911 74.874 74.804 74.756 74.839 74.634 74.684 74.976 77.881 80.794 81.684 81.569 80.696 79.404 74.379 73.981 74.064 73.966 74.904 73.889 73.654 73.671 73.616 73.376 75.769 79.291 80.129 80.674 79.366 73.854 76.236
73.834 73.814 73.934 74.654 75.344 75.841 82.759 83.939 84.826 84.304 82.989 79.116 75.519 75.384 75.254 75.636 75.151 75.146 75.866 75.189 75.926 75.704 75.884 83.641 84.576 85.524 85.429 85.024 83.019 75.951 76.004 76.059 75.306 75.301 75.294 75.231 75.134 75.179 75.079 75.011 74.959 74.879 74.821 74.901 74.869 74.741 74.681 79.326 80.289 74.389 80.176 81.079 80.236 77.069 75.731 74.134 73.859 74.184 73.994 73.504 73.796 73.654 73.241 73.531 75.664 79.636 80.641 81.281 79.634 78.799 74.421 73.624
73.844 73.864 73.859 74.051 74.331 74.434 81.689 83.814 84.234 84.634 84.161 82.421 75.594 76.081 75.629 75.176 76.024 75.126 75.131 75.101 75.229 75.511 75.776 75.864 83.931 85.189 85.769 85.194 84.484 76.541 75.229 75.281 75.331 75.234 75.221 75.214 75.149 75.111 75.046 74.959 74.876 74.994 74.859 74.656 74.604 76.769 80.251 81.069 81.149 78.239 75.989 79.006 74.106 74.116 74.154 74.104 74.269 73.636 73.544 73.486 73.426 73.289 75.924 79.191 74.504 78.229 79.959 79.126 76.294 73.249 73.176 73.229
73.844 73.879 73.859 73.929 74.596 74.481 74.696 82.411 83.821 84.591 84.284 83.291 80.256 75.579 75.469 75.219 75.084 75.111 75.114 75.129 75.094 75.259 77.421 75.766 79.934 85.184 85.274 83.441 76.901 75.221 75.194 75.146 75.179 75.319 74.659 74.176 75.319 75.046 75.479 74.916 74.969 74.784 74.629 75.144 79.294 80.736 81.559 81.839 80.989 80.209 75.124 74.151 74.036 73.971 74.176 73.876 73.484 73.536 73.419 73.899 75.171 78.999 79.806 80.236 78.066 73.249 76.791 73.601 73.131 73.524 72.894 72.826
73.811 73.879 73.899 73.861 73.971 74.534 74.514 77.986 82.801 83.866 84.816 84.004 82.969 78.224 75.524 75.664 75.159 75.056 75.094 75.109 75.094 75.116 75.301 75.641 75.704 84.551 79.769 76.446 75.244 75.179 75.134 75.249 74.844 73.969 76.861 75.644 73.479 76.281 75.169 74.934 74.834 74.524 76.771 79.619 74.504 80.719 81.391 80.524 77.724 74.351 74.089 74.096 74.051 74.036 73.546 73.541 73.396 73.359 73.329 77.491 79.449 80.309 81.059 79.766 78.929 73.436 73.154 73.091 72.899 72.834 72.766 72.996
73.736 73.851 73.911 73.906 73.909 74.116 74.454 74.504 80.911 83.151 84.261 84.569 83.799 82.449 75.976 75.374 75.361 75.081 75.049 75.081 75.089 75.054 75.159 75.641 75.661 75.921 75.526 75.176 75.821 75.114 75.141 74.379 76.751 77.159 76.979 76.804 75.479 73.926 75.024 74.696 75.401 80.109 80.954 80.856 76.536 78.544 80.051 75.669 74.489 74.016 74.021 75.854 73.891 73.474 73.454 73.611 73.389 75.346 78.541 73.716 79.196 80.151 79.299 78.039 73.484 73.004 73.439 72.801 72.731 72.756 72.809 72.839
73.789 73.809 73.904 73.929 73.921 73.981 74.566 74.449 74.716 82.436 83.731 84.651 84.264 83.331 80.754 75.494 75.334 75.159 75.119 75.101 75.059 75.059 75.029 75.034 75.986 75.144 75.121 75.754 75.424 74.784 75.304 79.211 77.479 77.286 77.099 76.926 76.221 73.149 75.946 78.939 80.576 81.704 82.071 81.354 80.294 74.821 74.481 74.201 75.021 74.859 74.001 73.529 73.564 73.441 73.364 74.209 78.236 79.601 79.754 75.421 75.349 78.846 74.511 73.091 73.124 72.834 72.724 72.669 72.741 72.784 72.804 72.804
73.949 73.779 73.871 73.936 73.949 73.919 74.024 74.324 74.504 79.274 82.984 83.971 84.786 84.116 82.896 75.624 75.444 75.301 75.054 76.191 75.009 75.024 75.006 74.966 74.931 75.379 75.271 75.056 74.514 76.721 76.926 78.399 77.621 77.401 77.226 77.049 75.266 73.086 73.094 77.641 81.266 81.711 80.864 79.964 74.884 74.261 74.161 79.949 80.836 75.486 73.559 73.479 73.439 73.566 76.724 79.229 80.074 80.639 80.009 79.121 73.306 73.114 72.986 73.139 72.681 72.614 72.661 72.719 72.761 72.764 72.749 72.709
73.954 73.844 73.819 73.919 73.956 73.949 73.969 74.191 74.556 74.576 81.621 83.681 84.271 84.556 83.579 82.519 75.534 75.376 75.329 75.081 74.954 74.966 74.976 74.931 74.901 75.224 75.706 75.174 76.461 76.614 76.734 77.024 77.301 77.529 76.716 73.199 73.274 75.276 73.039 73.741 80.404 80.354 76.039 74.346 74.206 74.184 81.216 83.996 81.466 73.614 73.859 73.436 74.011 77.464 74.944 79.611 80.399 79.489 78.476 73.421 72.901 72.711 72.666 72.624 72.586 72.651 72.696 72.704 72.711 72.689 72.626 72.704
73.916 74.199 73.851 73.866 73.956 73.981 73.951 74.041 74.956 74.479 75.734 82.454 83.554 84.666 84.201 83.524 80.914 75.514 75.374 74.906 74.861 74.896 74.949 74.926 74.884 73.431 76.014 76.224 76.361 76.521 76.676 76.836 77.116 77.294 76.559 76.671 81.594 82.206 73.154 72.949 75.739 74.631 74.241 74.136 75.841 74.936 75.491 78.931 74.186 73.289 73.281 77.849 79.304 79.294 74.064 78.164 79.044 75.756 73.144 73.031 72.796 72.566 72.511 72.584 72.639 72.679 72.651 72.636 72.604 72.591 72.689 72.814
74.151 74.034 73.896 73.826 73.934 73.986 74.006 73.964 74.084 74.376 74.474 77.781 82.834 83.966 84.781 83.936 82.496 75.951 75.111 74.884 74.794 74.836 74.891 75.389 74.084 76.024 76.096 76.176 73.979 75.646 76.561 76.716 76.709 76.824 80.649 81.929 82.539 83.149 80.591 72.919 72.904 74.166 74.106 74.041 74.216 73.594 73.516 73.901 73.436 73.271 78.929 79.786 80.589 79.994 78.154 74.069 73.016 72.994 73.161 72.566 72.499 72.496 72.554 72.624 72.641 72.621 72.576 72.599 72.686 72.781 72.791 72.851
74.116 73.981 74.066 73.901 73.866 73.979 74.021 74.016 74.029 74.409 74.756 74.596 81.521 83.621 84.354 81.609 75.041 75.171 75.371 74.996 75.144 74.716 73.256 73.234 73.221 75.956 75.776 73.144 73.109 73.151 76.451 76.624 78.986 81.626 82.246 82.866 83.499 84.099 84.559 74.624 72.891 73.686 74.199 73.776 73.564 73.859 73.449 73.626 74.724 77.816 79.934 80.459 79.954 78.606 74.366 73.044 72.921 72.964 72.506 72.429 72.494 72.524 72.561 72.566 72.566 72.511 72.639 72.696 72.784 73.699 72.864 72.884
80.864 74.934 74.134 74.469 73.909 73.934 74.011 74.036 74.016 74.114 74.414 74.626 76.681 81.534 78.129 76.574 74.686 75.421 74.831 74.786 76.521 74.294 73.226 73.211 73.176 73.154 73.124 73.096 73.074 73.054 74.331 80.904 81.946 82.566 83.199 83.809 84.439 84.351 83.731 83.151 72.906 72.839 73.976 73.559 73.494 73.599 76.839 78.966 78.761 73.361 79.086 79.111 77.366 73.039 73.009 72.834 72.471 72.859 73.401 72.454 72.486 72.511 72.514 72.476 72.461 72.539 72.614 72.606 73.134 73.076 74.649 73.106
81.464 79.676 74.494 74.091 73.954 73.876 73.971 74.036 74.056 74.026 74.139 74.784 74.931 74.444 74.426 74.456 74.634 75.629 75.791 73.669 74.259 73.211 73.199 73.161 73.136 73.096 73.064 73.029 73.044 78.484 81.656 82.289 82.904 83.541 84.141 84.604 84.084 83.711 82.814 82.194 82.591 72.821 72.934 74.154 73.286 78.646 79.484 80.346 79.604 77.474 74.416 73.379 73.714 75.254 72.649 72.399 72.359 72.771 72.426 72.444 72.449 72.444 72.404 72.441 72.546 72.544 72.564 72.591 72.686 74.999 75.084 74.824
82.376 81.151 76.046 74.059 75.326 73.916 73.926 74.034 74.084 74.076 74.109 75.094 74.466 74.364 74.396 74.436 74.656 74.326 73.281 73.504 74.091 73.186 73.146 73.111 73.071 73.046 73.014 73.011 81.371 81.994 82.609 83.224 83.856 84.466 84.351 83.719 84.221 83.576 82.634 81.696 80.759 75.779 72.786 72.961 78.881 79.966 80.554 80.066 78.886 76.614 73.156 72.554 72.684 73.246 72.304 72.349 72.381 72.409 72.414 72.391 72.362 72.47 72.618 72.539 72.579 72.561 72.569 74.08 72.854 74.094 75.029 75.099
82.741 81.754 80.614 74.969 75.491 73.974 73.911 73.994 74.071 74.101 74.084 74.136 74.281 74.291 74.309 74.734 73.419 73.271 73.249 73.196 73.171 73.134 73.084 73.054 73.016 73.019 79.264 81.679 82.296 82.924 83.579 84.184 84.579 84.024 83.379 82.836 83.661 84.149 83.249 82.319 81.369 80.441 72.764 72.724 74.329 79.431 79.266 77.866 73.291 72.844 72.496 72.446 72.281 72.271 72.331 72.349 72.371 72.376 72.345 72.323 72.426 72.553 72.614 72.564 72.582 72.723 74.229 72.995 73.695 72.816 74.976 75.053
82.796 82.409 81.454 77.986 74.239 74.094 73.966 73.941 74.031 74.111 74.116 74.056 74.146 74.276 74.524 73.219 73.209 73.191 73.186 73.144 73.126 73.106 73.071 73.036 73.031 81.416 82.019 82.616 83.241 83.869 84.484 84.311 83.671 83.046 82.416 82.109 83.069 84.004 83.869 82.911 80.969 74.456 72.736 72.686 72.871 78.214 75.841 72.816 72.951 72.524 72.291 72.211 72.276 72.291 72.329 72.341 72.331 72.281 72.367 73.153 75.6 74.793 72.556 72.615 73.587 72.896 72.735 73.567 74.198 75.258 73.406 75.002
82.064 82.986 81.959 81.116 76.244 74.494 76.169 74.024 73.971 74.079 74.126 74.096 74.561 74.206 73.189 73.174 73.156 73.141 73.126 73.101 73.064 73.099 76.774 81.141 81.766 82.356 82.976 83.614 84.191 84.524 83.939 83.329 82.716 82.086 81.471 81.476 82.429 83.384 84.266 78.961 73.434 72.764 72.706 72.626 72.569 72.686 72.504 72.701 72.309 72.179 72.191 72.246 72.274 72.291 72.286 72.272 72.322 72.772 78.103 76.962 75.753 75.527 73.097 72.967 73.281 72.992 75.377 77.777 77.399 76.428 73.66 74.182
