dsm/se3238_DSM_2M.asc
ncols 500
nrows 500
xllcorner    432000
yllcorner    438000
cellsize     2
NODATA_value -9999
[rows 31 to 61 of 500, columns 420 to 489 of 500]
127.53 128.98 133.517 134.522 134.27 133.743 133.302 131.217 127.893 126.888 126.856 127.311 126.992 126.916 126.902 126.917 127.768 127.223 127.239 128.183 128.519 128.353 129.097 130.672 128.158 127.209 128.856 129.576 129.177 129.107 127.866 127.066 127.029 127.057 128.575 130.741 132.788 133.332 133.155 129.546 126.931 130.136 133.108 133.022 132 130.558 127.718 126.695 127.436 127.945 126.902 126.641 126.364 125.924 125.815 125.911 127.537 128.003 127.882 125.843 125.396 125.44 126.231 125.263 125.175 125.065 125.176 130.135 126.352 125.144
127.551 133.098 133.977 134.571 135.093 134.978 134.295 133.748 133.182 131.073 126.904 127.096 126.88 126.885 126.869 127.734 127.376 127.013 127.025 127.574 129.412 128.556 132.1 130.822 127.56 127.297 129.315 129.21 129.136 128.23 127.029 127.031 127.036 127.242 127.684 129.769 130.344 130.784 132.139 127.057 127.102 133.287 133.646 133.16 133.146 132.521 130.734 130.114 127.888 127.162 126.263 126.118 126.081 126.022 125.883 125.847 125.88 125.91 126.514 127.947 127.515 125.784 125.259 125.219 125.065 125.068 125.03 125.033 124.968 125.33
127.08 130.516 132.918 133.471 134.494 135.142 134.856 134.028 133.018 129.371 129.701 131.102 127.998 126.84 126.831 127.861 127.031 126.977 126.909 128.833 130.954 132.226 129.581 132.441 132.003 130.244 129.581 128.468 128.961 129.387 127.21 127.006 128.586 129.125 127.638 127.574 128.875 129.714 127.29 127.132 131.343 134.289 134.377 134.129 133.663 132.769 133.297 131.723 127.271 126.595 126.258 126.224 126.114 126.039 126.006 125.935 125.916 125.858 125.856 126.206 126.412 127.383 125.73 125.263 125.274 125.168 124.988 125.056 125.016 124.96
126.638 127.101 129.89 131.887 133.07 133.576 134.121 133.498 132.494 126.818 131.57 133.377 132.993 131.196 128.023 126.996 126.813 126.869 127.341 129.294 129.185 129.968 130.296 130.024 129.873 135.147 129.743 128.259 129.205 131.923 133.043 127.066 127.807 127.706 127.219 126.983 127.898 128.096 126.938 126.998 129.808 133.397 133.941 134.268 134.408 134.037 133.251 128.923 128.661 129.686 128.856 126.34 126.226 126.252 126.106 125.98 125.948 125.905 125.888 125.914 125.761 125.811 128.375 129.272 128.567 127.952 125.182 125.025 124.954 124.932
126.513 126.515 127.171 127.365 129.79 132.612 133.27 132.838 128.257 126.745 133.767 134.468 133.304 133.414 132.787 126.94 126.866 126.776 126.872 126.97 128.273 128.739 127.47 127.643 127.002 128.611 127.963 128.03 134.698 134.558 133.269 129.8 127.792 126.958 127.036 128.562 126.988 127.014 126.929 126.978 127.385 127.431 131.839 133.583 133.994 134.293 130.255 126.972 129.168 130.053 129.131 126.843 130.903 130.905 127.993 126.059 127.147 126.518 125.959 125.977 125.784 125.937 129.39 130.327 129.542 130.36 127.566 125.237 125.095 124.903
126.509 126.522 127.227 126.67 126.558 127.947 130.549 129.26 126.593 131.402 134.52 134.83 134.86 134.371 133.884 133.284 131.484 126.938 126.941 126.889 128.89 129.144 127.85 127.004 126.947 126.988 126.881 127.094 131.505 136.012 132.914 131.705 130.694 127.665 128.204 129.271 128.641 128.605 126.927 126.953 127.58 126.791 126.977 131.537 133.31 133.507 127.524 127.792 129.795 129.816 127.741 132.209 133.591 133.023 131.401 130.927 126.275 126.097 126.12 126.225 125.949 125.955 129.712 129.915 129.006 130.64 131.043 126.52 125.1 125.103
126.448 126.481 126.845 126.464 126.52 126.522 126.324 126.31 126.502 132.005 133.462 134.09 134.529 135.899 134.775 134.301 133.52 132.759 127.399 128.364 129.283 128.937 127.317 126.939 126.899 126.826 126.915 126.765 127.01 130.24 130.943 132.279 133.038 127.202 129.144 129.97 129.235 128.729 127.055 126.976 127.559 126.765 126.781 127.9 132.314 130.294 128.46 129.144 129.642 129.388 127.239 130.484 132.813 133.801 133.704 132.984 132.305 128.72 126.165 126.17 126.152 125.933 128.265 130.201 130.335 131.348 131.135 127.528 127.611 126.658
126.429 126.807 126.483 126.426 126.477 126.339 126.143 126.233 126.371 127.927 131.904 132.913 133.573 134.187 134.486 134.195 133.323 128.545 127.371 127.285 129.26 127.543 127.275 126.899 126.856 126.807 126.755 127.647 128.059 126.961 127.369 130.603 131.709 130.185 131.29 130.816 130.692 129.509 129.56 128.529 127.023 126.698 126.717 126.789 127.318 127.971 128.625 128.646 128.797 129.799 128.765 126.518 127.33 131.056 132.824 133.651 133.824 132.836 130.509 126.791 126.186 126.031 126.058 129.606 127.556 127.321 130.364 126.102 127.388 128.916
126.375 126.597 126.53 126.403 126.435 126.05 126.026 126.656 126.554 126.555 127.087 128.541 132.397 133.051 133.516 133.541 132.545 127.369 127.07 126.864 127.284 128.792 127.144 126.928 126.737 126.759 126.72 127.45 127.607 126.705 130.012 132.675 131.098 127.875 128.729 131.71 131.801 131.351 129.621 127.39 126.765 126.785 126.733 126.738 127.351 129.025 126.835 127.297 128.768 128.904 127.793 128.316 128.141 126.892 128.708 132.835 134.223 134.761 133.413 132.507 131.08 126.324 126.096 125.964 125.903 125.8 125.681 125.698 126.126 128.23
125.673 126.32 126.808 127.693 126.586 125.837 126.319 126.254 126.366 126.449 126.504 126.712 127.791 129.692 132.562 132.934 128.374 127.44 126.7 127.046 128.656 129.809 129.557 130.873 127.864 126.689 126.73 127.986 126.946 126.719 126.688 126.677 127.883 127.034 126.778 127.476 130.643 131.641 131.586 130.499 127.782 126.768 126.858 126.738 128.47 127.012 126.845 126.822 126.822 128.39 126.839 126.53 127.132 128.614 130.065 133.266 134.268 136.046 135.297 134.061 132.616 130.432 126.25 125.963 125.908 125.832 125.696 125.951 125.779 127.547
125.626 125.585 125.678 127.273 126.883 125.826 126.742 126.334 126.38 126.407 127.228 127.924 126.678 126.581 127.976 131.905 127.248 126.983 126.567 126.749 129.526 130.074 131.628 133.145 131.973 130.882 128.586 127.066 126.702 126.693 126.687 128.157 127.283 126.865 126.742 126.734 127.463 128.939 131.591 130.963 129.453 127.863 132.246 127 128.663 126.87 126.884 126.829 126.889 126.885 127.872 130.691 130.158 126.77 128.865 131.678 132.649 134.002 134.715 133.244 131.634 128.562 126.242 125.947 125.835 125.778 125.764 129.328 130.641 126.412
125.628 125.605 125.557 125.567 125.59 125.794 125.984 126.518 126.365 127.116 127.908 127.123 126.446 126.473 126.511 126.412 128.829 128.982 126.749 126.981 127.347 129.348 132.624 133.772 134.001 133.376 132.89 130.921 126.708 126.626 128.157 128.848 128.717 128.329 126.746 126.678 127.021 128.607 130.145 129.677 130.136 132.823 131.92 129.057 128.639 127.209 126.847 126.847 126.866 126.73 128.453 133.372 132.868 132.204 130.257 126.963 127.717 132.265 133.551 133.655 129.368 126.24 126.225 125.859 125.825 125.898 129.572 131.287 132.795 128.924
125.632 125.632 125.564 125.58 125.546 125.528 125.947 127.252 127.112 130.597 129.978 126.409 126.394 126.554 126.281 126.271 126.878 126.909 126.526 126.43 126.459 129.624 133.264 134.408 134.995 134.625 134.119 133.373 132.833 130.658 127.406 128.697 128.748 127.254 126.683 126.656 127.241 128.856 127.925 127.335 129.137 132.092 131.779 129.479 128.66 128.555 127.481 127.628 128.422 126.748 130.48 132.466 133.283 133.785 133.059 132.333 127.646 126.557 128.147 132.36 128.574 126.256 125.793 125.795 125.828 126.233 130.856 130.456 132.033 129.137
125.588 125.599 125.632 125.567 125.571 125.567 125.53 126.43 129.984 130.067 129.065 126.371 126.353 126.268 126.074 127.113 126.434 126.429 126.441 126.339 126.489 132.316 133.132 133.669 134.292 136.586 134.912 134.459 133.839 132.969 127.119 127.352 127.282 126.646 126.642 126.715 128.318 127.496 126.858 126.578 132.761 134.066 133.909 130.703 128.339 128.282 126.536 126.77 129.368 128.515 129.544 131.278 133.463 135.026 134.828 134.089 133.34 130.822 126.65 126.538 127.482 127.463 126.2 125.786 125.906 127.371 127.917 131.184 131.758 126.96
125.487 125.513 125.56 125.529 125.552 125.574 125.524 125.498 126.381 127.345 127.408 126.377 126.28 125.84 126.743 126.793 126.463 126.369 126.424 126.268 126.336 126.973 130.074 131.94 133.106 134.163 134.144 134.808 134.699 127.433 126.518 129.561 131.441 126.732 126.673 127.31 127.631 126.627 126.623 128.202 131.399 136.961 137.443 138.01 136.67 134.825 128.017 126.571 126.5 127.277 127.212 132.022 133.204 134.161 135.581 135.627 133.477 132.206 128.177 126.402 126.155 126.47 127.635 127.036 126.075 128.844 128.839 128.048 125.869 124.895
125.549 125.514 125.453 125.494 125.484 125.553 125.558 125.51 125.48 125.456 125.474 125.828 125.859 125.686 127.539 130.777 131.515 127.204 126.42 126.087 126.357 126.39 126.464 127.395 131.207 132.589 133.164 133.905 133.232 127.488 129.646 133.32 133.677 132.772 131.481 130.849 126.829 126.603 126.666 128.743 136.833 138.387 138.308 137.891 137.73 136.08 128.916 126.449 131.115 132.347 127.698 126.531 128.189 132.085 133.208 133.95 132.844 129.184 126.597 126.112 125.929 125.749 125.571 126.012 127.276 129.245 129.225 128.396 125.922 125.001
126.238 126.253 125.612 125.465 125.492 125.592 125.575 125.524 125.537 125.503 125.499 125.403 125.413 125.881 129.933 131.816 134.081 134.435 131.358 127.163 126.375 126.386 126.847 126.891 126.599 128.023 131.613 132.793 128.383 126.791 131.785 134.881 134.645 134.006 133.365 132.988 128.419 127.759 126.758 130.011 136.768 138.164 138.144 138.421 137.644 135.343 130.2 127.461 133.28 133.782 132.707 130.582 128.772 127.642 131.447 132.556 132.183 128.105 126.67 125.976 125.807 125.778 125.599 125.318 125.284 128.802 128.273 125.22 124.993 124.814
125.675 125.766 127.099 125.689 125.796 126.504 126.555 125.439 125.462 125.475 125.448 125.452 125.42 125.299 127.94 134.313 130.884 133.343 128.235 129.596 131.084 130.747 127.732 127.073 126.669 126.459 126.378 127.754 127.029 126.545 132.431 134.01 134.831 134.953 135.449 133.973 133.504 133.007 128.279 133.203 136.925 137.003 137.462 138.897 137.989 138.46 134.691 129.915 131.883 133.417 134.496 133.357 132.654 131.094 127.619 127.461 128.76 126.909 126.456 125.868 125.83 125.83 125.796 125.634 125.317 125.671 125.037 124.728 124.793 124.775
125.6 125.62 126.05 126.116 126.662 125.769 125.448 125.301 125.41 125.481 125.411 125.485 125.48 125.459 130.544 134.529 134.542 134.808 130.643 129.022 132.354 134.112 130.627 126.79 126.423 126.415 126.409 126.716 126.402 126.602 132.066 133.296 133.875 136.008 134.895 134.857 134.034 132.962 129.88 131.154 135.695 136.402 137.704 137.775 138.319 138.834 135.056 129.251 132.224 133.857 135.507 136.789 134.204 133.408 129.34 126.556 126.434 126.488 127.25 126.134 125.829 125.833 125.802 125.777 126.139 125.162 124.75 124.735 124.812 124.796
125.773 125.686 125.981 125.663 126.222 127.619 127.034 125.437 125.365 125.278 125.351 125.393 125.452 125.422 126.551 128.518 132.085 132.102 130.697 134.85 129.86 126.56 131.499 127.365 126.369 126.091 126.185 126.29 126.381 126.589 126.981 129.68 132.401 133.223 133.693 134.125 133.415 132.445 127.664 130.421 134.217 134.118 136.438 138.007 131.421 134.948 129.96 129.233 131.956 132.866 134.153 135.344 135.037 133.249 129.2 127.894 128.976 126.734 126.281 126.736 126.102 125.842 127.289 128.773 126.854 124.933 124.702 124.723 124.805 124.745
125.556 125.646 125.648 125.64 125.625 125.672 125.576 125.575 125.572 125.43 125.36 125.385 125.315 125.553 125.577 125.549 125.409 125.572 130.926 132.974 134.382 133.542 132.534 127.826 126.364 125.822 125.907 126.759 127.157 126.286 126.442 126.436 127.715 130.115 132.506 133.095 132.793 132.023 127.845 131.275 132.323 132.231 130.579 129.939 127.933 126.609 131.756 131.729 128.131 131.027 132.131 133.005 133.389 132.199 127.269 126.697 127.206 126.898 126.411 125.679 125.657 127.619 129.733 129.152 125.928 125.335 124.784 124.796 124.802 124.902
125.942 125.918 125.592 125.61 125.629 125.624 125.637 125.552 125.618 127.95 127.661 126.453 127.074 134.517 135.373 131.786 126.964 125.34 129.44 132.237 135.056 134.749 134.078 126.397 126.263 125.65 125.906 127.368 125.975 126.398 126.46 126.92 127.658 127.728 128.933 132.05 129.191 127.461 129.661 132.422 131.004 128.189 126.498 127.086 126.609 127.551 133.219 134.782 132.334 131.174 128.971 129.511 131.887 128.081 126.629 126.668 126.681 127.345 126.799 127.918 126.896 125.279 129.265 129.085 125.342 124.762 124.775 124.825 124.785 124.927
127.149 125.777 125.822 125.593 126.127 125.591 125.58 125.574 125.838 126.112 128.89 129.804 134.352 136.805 137.02 137.822 134.666 130.39 125.409 130.028 132.043 131.581 126.22 125.315 125.368 125.362 125.814 125.866 126.287 126.372 126.425 127.666 126.569 126.413 126.389 126.346 130.063 135.586 137.274 134.224 130.524 127.657 126.705 126.593 128.551 132.026 133.973 135.111 134.451 135.392 129.424 129.634 128.599 126.94 126.672 126.621 128.314 128.32 126.262 126.17 126.49 127.715 128.162 124.834 124.724 124.756 124.777 124.791 128.277 132.048
132.005 131.443 128.589 125.818 125.687 125.581 125.53 125.502 125.573 125.667 128.242 131.891 135.872 137.786 138.702 138.835 136.708 127.62 125.318 125.308 125.323 125.334 125.413 125.283 125.197 125.205 125.362 128.052 128.798 128.554 127.324 128.199 126.358 126.354 126.581 126.554 132.612 138.917 140.416 138.08 130.534 126.746 127.25 126.667 128.839 132.504 134.731 136.151 135.84 135.154 132.704 128.621 129.115 127.86 127.956 127.926 130.072 129.872 126.853 126.113 126.144 129.324 130.316 124.831 124.763 124.798 124.765 124.735 126.306 134.504
133.136 132.397 131.716 130.709 126.562 125.519 125.51 125.907 125.944 125.684 129.829 134.399 136.838 138.372 139.225 139.681 131.539 126.039 125.213 125.251 125.27 125.329 125.297 125.313 125.293 125.233 125.173 127.454 129.371 130.291 129.716 130.449 126.445 126.418 126.051 128.985 135.993 137.148 139.117 138.757 132.313 127.425 126.577 126.623 127.997 133.969 135.5 136.6 136.394 136.326 132.177 127.109 127.993 127.771 126.671 127.289 128.086 130.321 129.121 127.026 127.04 129.199 126.758 124.755 124.762 124.784 124.801 124.76 124.845 131.51
133.856 133.57 132.484 131.624 125.521 125.435 127.534 126.769 126.104 125.754 126.921 132.156 136.504 138.311 139.532 137.827 127.876 125.818 125.285 125.238 125.222 125.245 125.298 125.282 125.282 125.222 125.179 125.785 128.776 129.625 130.442 131.572 130.314 126.509 125.64 130.534 133.138 138.445 138.624 134.406 129.557 127.115 126.319 129.59 132.038 134.763 136.349 136.272 135.182 135.066 128.432 126.901 126.848 126.688 126.673 126.71 126.933 127.523 129.32 131.485 130.731 129.451 125.334 124.751 124.774 124.81 124.794 124.763 126.33 131.403
132.972 133.667 133.95 127.686 125.361 125.466 132.434 130.337 128.417 126.315 127.223 125.832 132.981 136.223 130.577 127.282 126.251 125.492 125.989 126.67 125.692 125.202 125.198 125.225 125.244 125.229 125.226 125.228 125.2 126.156 129.129 131.062 131.106 127.711 125.468 127.544 130.918 129.524 133.032 130.744 130.998 127.595 127.105 128.74 133.89 134.101 135.158 135.33 134.549 129.895 126.925 126.633 126.762 126.656 126.692 126.646 127.026 129.025 132.387 133.719 133.235 131.379 125.639 124.828 124.864 124.831 124.774 124.715 124.929 133.126
132.267 132.829 129.487 125.257 125.141 130.397 133.67 133.241 133.86 128.506 128.616 125.977 125.987 126.027 126.859 126.726 125.563 125.354 125.974 125.769 126.565 125.813 125.316 125.181 125.174 125.162 125.222 125.157 125.157 125.19 125.86 129.111 130.699 127.193 126.537 126.855 128.298 129.176 127.685 125.793 126.827 126.186 126.138 128.12 131.768 131.128 132.521 134.226 133.896 127.642 126.914 126.649 126.692 126.633 126.651 127.851 130.163 131.542 133.311 134.456 135.051 133.63 126.973 124.769 124.812 124.829 124.699 124.787 127.406 134.116
126.871 131.437 126.927 125.148 125.36 132.972 134.679 134.915 134.177 133.431 133.421 129.257 128.091 125.957 125.677 126.363 125.357 125.533 125.813 125.495 125.487 126.581 127.839 125.91 125.159 125.096 125.178 125.126 125.137 125.191 125.138 125.351 126.743 125.194 125.101 129.031 133.476 128.636 126.771 129.259 127.701 126.485 126.378 127.845 130.357 130.718 127.183 132.156 130.668 126.944 126.895 126.657 126.667 126.626 126.668 126.732 129.38 131.421 133.144 134.246 134.109 132.898 125.554 124.818 124.801 124.758 124.96 129.22 128.952 133.702
124.964 125.005 125.036 125.006 131.056 134.069 135.662 137.005 135.737 135.157 134.063 132.586 131.252 125.714 126.862 125.344 125.328 125.843 125.569 125.48 125.461 125.457 126.412 126.978 126.323 125.159 125.169 125.165 125.1 125.128 125.175 125.111 125.128 125.133 125.119 126.27 132.114 129.479 128.88 130.341 129.302 126.553 126.51 126.428 126.741 128.232 126.791 126.877 127.546 127.08 126.765 126.655 126.678 126.681 126.676 126.657 126.754 132.465 136.373 130.997 132.174 131.362 126.422 124.82 124.809 124.738 128.551 132.79 134.984 134.694
126.057 125.028 124.879 126.2 132.891 133.857 134.699 135.75 136.855 136.43 135.046 133.573 128.921 126.527 126.611 125.249 125.608 125.859 125.805 126.328 125.509 125.475 125.427 127.132 125.818 125.502 126.379 128.658 125.883 125.077 125.118 125.13 125.138 125.183 125.155 125.039 125.028 124.951 128.901 131.497 132.029 126.63 126.569 126.482 125.848 127.2 126.97 126.654 126.797 126.653 126.583 126.656 126.655 126.674 126.656 126.73 129.1 129.713 128.642 125.605 124.714 124.841 124.797 124.806 124.743 124.805 127.156 133.595 134.311 135.714
