dsm/se3239_DSM_2M.asc
ncols 500
nrows 500
xllcorner    432000
yllcorner    439000
cellsize     2
NODATA_value -9999
[rows 240 to 269 of 500, columns 272 to 339 of 500]
127.81 127.833 127.73 127.65 127.685 127.608 127.603 127.698 127.453 127.328 127.583 127.338 127.253 127.35 127.095 126.858 127.088 126.69 126.508 126.848 126.588 126.515 126.638 126.355 126.443 126.303 125.968 126.103 125.89 125.77 125.878 125.383 125.393 125.39 125.275 125.185 125.14 125.035 124.91 124.943 124.965 124.935 124.91 124.82 124.71 124.628 124.425 124.423 124.373 124.12 124.21 124.208 124.11 123.943 123.93 123.91 123.835 123.698 123.65 123.635 123.503 123.488 123.278 123.125 123.023 122.975 122.99 123.305
127.688 127.61 127.418 127.37 127.4 127.375 127.313 127.42 127.3 127.203 127.195 127.298 127.01 126.853 127.063 126.73 126.71 126.758 126.42 126.578 126.635 126.223 126.28 126.39 126.135 126.153 125.855 125.888 126.058 125.598 125.603 125.578 125.295 125.193 125.145 125.098 125.148 125.07 124.935 124.898 124.838 124.763 124.713 124.693 124.595 124.523 124.355 124.313 124.213 124.048 124.068 124.018 123.893 123.725 123.768 123.763 123.723 123.675 123.538 123.475 123.405 123.365 123.355 123.155 122.855 122.718 122.778 122.808
127.463 127.425 127.278 127.068 127.135 127.268 127.105 127.09 127.263 127.155 127 127.153 126.893 126.603 126.58 126.698 126.478 126.525 126.53 126.32 126.328 126.145 125.94 126.255 126.043 125.83 125.755 125.693 125.85 125.57 125.363 125.403 125.188 125.063 125 124.96 125.05 125.03 124.95 124.84 124.763 124.658 124.523 124.448 124.453 124.348 124.218 124.205 124.05 123.858 123.853 123.873 123.805 123.67 123.64 123.655 123.558 123.48 123.365 123.288 123.278 123.213 123.145 123.113 122.78 122.608 122.523 122.4
127.255 127.395 127.115 126.908 126.868 127.05 127.058 126.928 127.013 127.02 126.86 126.803 126.86 126.515 126.518 126.535 126.348 126.318 126.335 126.178 126.105 126.19 125.82 125.923 126.035 125.89 125.865 125.638 125.535 125.753 125.205 125.12 125.053 125.01 125.025 124.885 124.843 124.85 124.78 124.705 124.68 124.615 124.488 124.35 124.338 124.235 124.125 124.075 123.863 123.74 123.685 123.698 123.65 123.463 123.45 123.423 123.368 123.35 123.248 123.083 123.08 123.063 122.925 122.915 122.743 122.513 122.443 123.078
126.968 126.933 127.075 126.83 126.618 126.625 126.803 126.66 126.675 126.875 126.548 126.553 126.595 126.4 126.245 126.238 126.385 126.083 126.023 126.143 125.925 125.958 125.933 125.643 125.828 125.953 125.735 125.673 125.395 125.358 125.515 125.103 125.025 124.998 124.988 124.86 124.748 124.713 124.625 124.545 124.555 124.608 124.48 124.31 124.19 124.193 124.128 124.005 123.738 123.638 123.595 123.52 123.458 123.258 123.16 123.158 123.175 123.268 123.225 122.945 122.903 122.855 122.758 122.665 122.65 122.43 122.338 123.353
126.693 126.573 126.598 126.54 126.545 126.435 126.523 126.6 126.51 126.525 126.58 126.383 126.275 126.373 126.058 125.98 126.135 126.045 125.8 125.95 126.023 125.753 125.748 125.778 125.613 125.65 125.558 125.478 125.465 125.145 125.043 124.968 124.943 124.97 124.908 124.77 124.643 124.603 124.595 124.588 124.418 124.433 124.318 124.188 124.023 124.04 123.97 123.825 123.613 123.503 123.493 123.423 123.305 123.153 123.078 123.063 123.088 123.133 123.085 122.933 122.873 122.738 122.558 122.455 122.505 122.385 122.24 122.25
126.78 126.405 126.335 126.395 126.268 126.275 126.325 126.5 126.303 126.27 126.258 126.198 126.05 125.995 126.068 125.74 125.845 125.745 125.553 125.74 125.713 125.69 125.63 125.82 125.59 125.445 125.368 125.37 125.458 125.095 124.838 124.748 124.778 124.848 124.78 124.65 124.51 124.52 124.52 124.593 124.398 124.243 124.125 123.975 123.883 123.85 123.713 123.618 123.48 123.353 123.308 123.305 123.223 123.095 122.968 122.943 122.93 122.925 122.925 122.818 122.765 122.738 122.55 122.42 122.423 122.338 122.15 122.308
126.528 126.458 126.125 126.118 126.163 126.085 126.01 126.008 126.245 125.878 125.985 126.07 125.808 125.685 125.868 125.643 125.64 125.645 125.588 125.46 125.663 125.618 125.508 125.478 125.515 125.245 125.323 125.335 125.165 125.3 124.685 124.66 124.683 124.7 124.613 124.47 124.408 124.563 124.418 124.318 124.21 124.133 124.048 123.933 123.84 123.748 123.573 123.523 123.398 123.283 123.163 123.078 123.09 122.963 122.843 122.763 122.723 122.695 122.695 122.663 122.563 122.59 122.535 122.4 122.303 122.263 122.073 122.255
126.25 126.173 125.915 125.903 125.973 125.99 125.955 125.875 125.958 125.813 125.595 125.678 125.848 125.62 125.485 125.61 125.438 125.445 125.35 125.383 125.463 125.51 125.45 125.27 125.463 125.153 125.048 125.228 125.033 124.958 124.9 124.678 124.58 124.61 124.545 124.34 124.378 124.513 124.423 124.17 124.03 123.988 123.98 123.83 123.618 123.648 123.525 123.413 123.288 123.23 123.148 122.908 122.905 122.843 122.7 122.568 122.543 122.525 122.45 122.478 122.368 122.303 122.373 122.26 122.16 122.06 121.988 122.083
126.018 126.03 126.095 125.818 125.798 125.8 125.688 125.585 125.68 125.765 125.523 125.478 125.558 125.528 125.368 125.36 125.35 125.21 125.298 125.28 125.175 125.248 125.23 125.185 125.265 125.185 124.965 124.988 124.995 124.628 124.55 124.63 124.485 124.488 124.483 124.278 124.315 124.36 124.315 124.16 123.888 123.833 123.85 123.738 123.478 123.475 123.395 123.208 123.088 123.01 123.005 122.885 122.895 122.913 122.723 122.508 122.44 122.468 122.383 122.293 122.303 122.238 122.225 122.118 122.05 121.925 121.883 121.935
125.873 125.86 125.805 125.883 125.61 125.64 125.78 125.52 125.38 125.483 125.568 125.368 125.378 125.405 125.145 125.23 125.403 125.005 124.978 125.175 125.143 124.988 125.113 125.08 124.958 125.118 125.033 124.878 125.063 124.633 124.423 124.37 124.345 124.348 124.31 124.223 124.183 124.125 124.08 124.108 123.855 123.683 123.68 123.555 123.418 123.318 123.155 123.02 122.96 122.823 122.745 122.785 122.795 122.818 122.58 122.383 122.333 122.27 122.25 122.18 122.19 122.213 122.11 122.005 121.923 121.843 121.765 121.755
125.69 125.62 125.595 125.598 125.483 125.5 125.578 125.518 125.318 125.253 125.253 125.328 125.068 125.005 125.153 125.025 125.103 125.11 124.68 124.763 124.918 124.908 124.85 124.998 124.858 124.775 124.985 124.713 124.753 124.813 124.43 124.35 124.283 124.18 124.14 124.108 124.08 124.033 123.938 123.883 123.733 123.61 123.563 123.508 123.41 123.285 123.075 122.955 122.908 122.89 122.715 122.658 122.648 122.588 122.335 122.215 122.173 122.085 122.088 122.035 122.058 122.078 121.99 121.87 121.768 121.763 121.68 121.505
125.825 125.663 125.365 125.433 125.455 125.363 125.253 125.478 125.235 125.04 125.078 125.203 124.99 125.015 125.088 124.905 124.843 124.95 124.798 124.628 124.735 124.875 124.803 124.865 124.92 124.72 124.748 124.815 124.62 124.465 124.298 124.26 124.175 124.073 124.055 123.963 124.01 124.003 123.83 123.723 123.633 123.58 123.44 123.338 123.228 123.178 123.033 122.935 122.808 122.785 122.685 122.54 122.483 122.4 122.288 122.115 122.015 121.953 121.963 121.893 121.863 121.905 121.815 121.67 121.573 121.665 121.545 121.383
125.57 125.508 125.368 125.193 125.218 125.363 125.078 125.023 125.315 124.95 124.925 124.995 125.045 124.738 124.698 124.748 124.715 124.62 124.763 124.568 124.483 124.788 124.72 124.523 124.698 124.48 124.468 124.7 124.418 124.233 124.14 124.038 123.978 123.933 123.965 123.843 123.875 123.925 123.715 123.625 123.533 123.483 123.325 123.195 123.068 123.005 122.94 122.823 122.685 122.6 122.56 122.46 122.37 122.293 122.243 122.233 122.025 121.893 121.838 121.885 121.785 121.753 121.718 121.698 121.59 121.61 121.523 121.408
125.505 125.47 125.253 125.128 125.215 125.148 125.07 124.948 125.018 125.08 124.848 124.813 124.84 124.673 124.523 124.673 124.833 124.558 124.565 124.505 124.413 124.518 124.79 124.525 124.568 124.71 124.415 124.49 124.505 124.07 123.978 123.905 123.85 123.695 123.693 123.715 123.67 123.613 123.528 123.53 123.438 123.338 123.178 123.085 122.998 122.885 122.793 122.678 122.533 122.45 122.383 122.398 122.33 122.23 122.093 122.11 122.023 121.84 121.753 121.815 121.74 121.663 121.645 121.668 121.575 121.49 121.465 121.498
125.328 125.198 125.265 125.018 124.933 125.045 125.12 124.95 124.808 124.938 124.803 124.62 124.725 124.74 124.453 124.523 124.64 124.39 124.318 124.595 124.448 124.33 124.47 124.54 124.37 124.36 124.503 124.178 124.05 123.95 123.84 123.72 123.66 123.56 123.545 123.583 123.548 123.43 123.355 123.315 123.213 123.15 123.06 122.978 122.923 122.825 122.675 122.558 122.48 122.5 122.373 122.315 122.228 122.138 121.995 121.95 121.988 121.8 121.678 121.74 121.675 121.59 121.503 121.593 121.485 121.358 121.345 121.538
125.173 125.028 124.943 124.928 124.798 124.858 124.938 124.88 124.655 124.68 124.78 124.518 124.485 124.583 124.58 124.335 124.46 124.448 124.18 124.305 124.388 124.18 124.163 124.503 124.365 124.268 124.348 124.153 123.948 123.848 123.718 123.563 123.493 123.498 123.508 123.448 123.45 123.378 123.215 123.13 123.013 122.91 122.873 122.85 122.915 122.74 122.525 122.36 122.378 122.393 122.273 122.178 122.08 122 121.895 121.85 121.918 121.8 121.578 121.668 121.673 121.498 121.303 121.278 121.388 121.273 121.275 121.425
125.228 124.905 124.913 124.968 124.798 124.758 124.865 124.715 124.5 124.448 124.593 124.43 124.268 124.388 124.323 124.243 124.178 124.26 124.095 124.113 124.18 124.07 123.925 124.133 124.535 124.105 124.078 124.19 123.798 123.72 123.608 123.438 123.435 123.455 123.445 123.323 123.28 123.31 123.113 122.983 122.865 122.733 122.695 122.678 122.798 122.638 122.438 122.278 122.275 122.25 122.125 122.045 121.928 121.905 121.818 121.71 121.663 121.535 121.49 121.513 121.495 121.39 121.275 121.11 121.145 121.143 121.22 120.96
125.048 124.933 124.755 124.715 124.878 124.723 124.6 124.683 124.445 124.293 124.24 124.455 124.283 124.125 124.353 124.29 124.008 123.95 124.08 124.058 123.908 124.088 123.825 123.863 124.12 124.08 123.955 123.813 123.635 123.565 123.443 123.265 123.17 123.175 123.155 123.085 122.93 122.93 122.94 122.883 122.773 122.673 122.685 122.588 122.528 122.48 122.398 122.303 122.165 122.07 121.993 121.98 121.83 121.758 121.805 121.62 121.48 121.338 121.4 121.433 121.33 121.26 121.213 121.11 120.995 120.99 121.053 120.865
124.89 124.84 124.688 124.453 124.498 124.515 124.458 124.493 124.345 124.203 124.03 124.135 124.178 124.03 123.91 124.043 123.858 123.73 123.908 123.89 123.863 123.893 123.923 123.828 123.84 124.023 123.873 123.673 123.508 123.43 123.278 123.103 122.963 122.91 122.935 122.905 122.73 122.65 122.718 122.723 122.598 122.498 122.45 122.328 122.298 122.283 122.188 122.183 122.1 121.968 121.853 121.833 121.815 121.653 121.573 121.408 121.433 121.328 121.283 121.36 121.213 121.145 121.09 121.078 120.973 120.863 120.868 120.865
124.65 124.785 124.598 124.32 124.305 124.35 124.265 124.15 124.303 124.078 123.928 123.855 124.133 123.95 123.795 123.898 123.795 123.538 123.715 123.903 123.698 123.68 123.798 123.773 123.678 123.768 123.793 123.493 123.373 123.3 123.15 122.985 122.82 122.76 122.77 122.73 122.59 122.523 122.475 122.508 122.398 122.313 122.215 122.085 122.09 122.093 122 121.963 121.968 121.883 121.808 121.728 121.785 121.703 121.498 121.308 121.28 121.345 121.25 121.263 121.17 121.12 121.005 120.88 120.858 120.728 120.74 120.83
124.545 124.34 124.498 124.403 124.173 124.13 124.11 124.018 123.945 123.948 123.875 123.73 123.805 123.968 123.795 123.54 123.585 123.518 123.34 123.483 123.615 123.483 123.44 123.748 123.355 123.408 123.44 123.24 123.195 123.11 122.96 122.905 122.795 122.705 122.61 122.513 122.453 122.443 122.31 122.26 122.208 122.135 122.035 121.918 121.933 121.928 121.88 121.788 121.75 121.753 121.723 121.665 121.675 121.703 121.498 121.288 121.153 121.228 121.215 121.105 121.033 121.025 120.975 120.795 120.688 120.603 120.643 120.6
124.32 124.223 124.323 124.318 124.145 123.938 124.095 123.935 123.698 123.79 123.78 123.643 123.605 123.815 123.543 123.35 123.213 123.205 123.078 123.128 123.263 123.183 123.088 123.27 123.47 123.24 123.115 123.055 122.99 122.918 122.753 122.648 122.655 122.595 122.485 122.348 122.383 122.35 122.153 122.113 122.078 122.033 122.013 121.913 121.843 121.89 121.845 121.758 121.588 121.573 121.538 121.453 121.54 121.578 121.39 121.225 121.095 121.105 120.99 120.893 120.915 120.86 120.808 120.698 120.52 120.46 120.513 120.34
124.458 124.185 124.108 124.25 124.073 123.78 123.733 123.923 123.673 123.545 123.733 123.648 123.415 123.423 123.6 123.19 123.015 123.065 123.28 122.978 122.988 123.175 122.97 122.898 123.153 123.018 122.86 122.773 122.745 122.708 122.575 122.365 122.4 122.44 122.34 122.185 122.238 122.205 122.03 122.028 121.903 121.86 121.858 121.69 121.643 121.7 121.635 121.64 121.585 121.6 121.5 121.363 121.273 121.25 121.17 121.19 121 120.923 120.853 120.828 120.85 120.765 120.595 120.46 120.38 120.36 120.37 120.22
124.18 124.175 124.003 123.803 123.923 123.758 123.625 123.708 123.638 123.485 123.323 123.425 123.375 123.165 123.21 123.225 122.905 122.908 123.085 123.033 122.785 122.76 123.05 122.84 122.885 122.92 122.638 122.573 122.525 122.463 122.37 122.223 122.14 122.235 122.148 122 122.023 121.988 121.93 121.948 121.785 121.665 121.675 121.5 121.445 121.52 121.45 121.395 121.45 121.488 121.43 121.27 121.148 121.153 120.918 120.96 120.895 120.82 120.79 120.743 120.738 120.68 120.578 120.44 120.355 120.278 120.23 120.34
124.118 124.158 123.795 123.683 123.62 123.68 123.515 123.578 123.558 123.185 123.135 123.433 123.14 122.98 122.97 123.1 122.87 122.713 122.723 122.888 122.713 122.708 122.953 122.83 122.648 122.633 122.59 122.518 122.368 122.255 122.165 122.153 121.995 121.935 121.98 121.853 121.835 121.898 121.858 121.84 121.778 121.558 121.48 121.445 121.358 121.35 121.345 121.165 121.158 121.23 121.273 121.125 121.023 121.178 120.87 120.635 120.768 120.793 120.76 120.588 120.55 120.53 120.503 120.345 120.265 120.215 120.11 120.308
123.87 123.983 123.96 123.608 123.46 123.455 123.463 123.3 123.278 123.285 123.115 123.018 122.918 122.835 122.768 122.843 123.053 122.62 122.53 122.593 122.765 122.51 122.62 122.778 122.478 122.383 122.38 122.363 122.245 122.138 122.013 121.963 121.908 121.738 121.85 121.93 121.733 121.738 121.738 121.733 121.668 121.463 121.3 121.28 121.265 121.12 121.075 120.99 120.938 121.095 121.225 121.103 120.97 120.93 120.813 120.623 120.58 120.635 120.613 120.54 120.48 120.453 120.413 120.24 120.133 120.118 120.038 119.868
123.735 123.735 123.718 123.54 123.405 123.548 123.36 123.1 123.055 122.985 122.965 122.835 122.963 122.888 122.65 122.708 122.728 122.53 122.488 122.498 122.658 122.34 122.313 122.408 122.513 122.233 122.148 122.098 122.133 122.105 122.035 121.96 121.828 121.715 121.763 121.855 121.72 121.565 121.578 121.615 121.523 121.313 121.125 121.093 121.088 120.958 120.94 120.885 120.815 120.9 121.013 120.92 120.745 120.69 120.655 120.575 120.5 120.525 120.515 120.46 120.385 120.328 120.315 120.16 120.013 120.013 119.9 119.535
123.69 123.57 123.683 123.545 123.355 123.368 123.353 123.155 122.943 122.865 122.913 122.735 122.748 122.8 122.77 122.558 122.458 122.703 122.445 122.33 122.44 122.48 122.27 122.188 122.103 122.063 122.04 121.965 122.023 122.043 121.973 121.925 121.8 121.593 121.533 121.523 121.445 121.4 121.39 121.47 121.36 121.183 120.97 120.893 120.855 120.79 120.848 120.793 120.7 120.705 120.733 120.7 120.565 120.6 120.518 120.485 120.498 120.44 120.433 120.4 120.33 120.24 120.19 120.118 119.913 119.883 119.765 119.29
123.763 123.485 123.345 123.333 123.33 123.09 123.083 123.053 123.04 122.775 122.673 122.73 122.585 122.535 122.498 122.41 122.32 122.325 122.495 122.245 122.24 122.373 122.425 122.108 122.015 122.058 121.995 121.94 121.918 121.828 121.763 121.738 121.63 121.56 121.508 121.408 121.37 121.38 121.328 121.345 121.283 121.17 120.968 120.683 120.62 120.623 120.69 120.62 120.548 120.495 120.533 120.48 120.435 120.653 120.5 120.36 120.455 120.38 120.315 120.358 120.308 120.215 120.078 119.993 119.865 119.738 119.663 119.263
