dsm/se3239_DSM_2M.asc
ncols 500
nrows 500
xllcorner    432000
yllcorner    439000
cellsize     2
NODATA_value -9999
[rows 390 to 419 of 500, columns 408 to 475 of 500]
128.405 123.58 122.559 120.252 118.451 119.316 120.377 120.825 120.928 123.766 128.222 129.27 128.743 124.622 122.872 122.759 125.257 126.859 125.421 125.706 120.708 117.854 111.023 111.981 113.341 114.299 122.424 115.117 122.172 113.563 127.658 128.213 126.77 124.278 124.272 119.679 122.58 120.938 121.065 123.16 125.742 127.237 120.755 125.381 125.005 123.773 124.569 115.699 116.13 120.854 123.771 122.068 112.995 116.895 120.718 125.664 125.483 126.454 125.446 124.25 121.827 117.641 122.151 122.1 122.206 120.393 115.271 112.711
129.831 122.362 122.569 120.366 119.204 118.952 128.896 129.972 128.069 129.201 131.449 131.773 121.27 124.364 122.374 122.335 125.421 127.515 127.429 126.119 117.908 113.301 111.75 112.864 126.243 124.529 129.165 126.719 120.717 125.585 123.036 125.162 122.203 121.568 122.717 120.387 113.091 120.279 120.414 114.762 122.86 125.053 121.847 124.762 126.025 125.437 118.506 116.544 112.479 122.507 124.379 121.486 114.309 114.942 120.367 123.71 126.957 126.624 124.508 116.797 122.878 124.027 123.433 121.073 120.955 120.073 117.667 112.478
130.282 122.133 126.753 128.609 123.692 121.417 129.585 131.985 128.305 127.539 130.971 120.823 127.714 123.958 116.358 119.798 121.401 119.921 117.688 121.129 114.865 112.734 111.547 129.531 132.712 132.234 132.081 131.112 130.209 127.04 119.789 111.004 115.884 118.196 114.067 109.382 109.393 112.763 118.747 111.797 112.656 113.92 114.857 116.737 115.122 115.528 114.934 116.808 116.914 120.588 122.826 114.516 116.918 116.281 119.908 122.003 127.905 122.786 121.295 117.753 118.44 121.781 115.961 116.692 119.234 118.346 116.013 117.761
129.897 135.038 136.126 134.96 133.795 132.181 129.87 127.899 119.456 126.963 129.21 129.441 126.152 118.784 116.479 118.013 113.529 121.998 124.294 116.055 113.605 111.923 122.475 132.187 132.629 133.12 133.949 132.709 131.708 130.04 125.227 121.448 111.445 126.002 123.518 120.74 113.66 110.125 109.445 109.459 110.816 109.442 120.154 122.461 113.602 116.41 112.045 116.139 116.755 116.99 115.204 115.829 117.834 115.928 118.892 121.408 120.536 126.942 124.497 121.612 113.731 113.821 111.642 113.139 115.829 113.219 114.757 118.784
133.338 136.796 137.554 136.893 135.215 134.256 132.271 124.241 126.651 123.489 119.191 124.196 122.735 117.833 119.419 113.883 114.383 122.907 115.402 115.447 113.515 116.209 127.448 131.768 132.828 133.915 133.989 133.715 131.949 121.342 130.203 128.298 113.788 128.664 129.005 127.56 117.119 112.981 112.705 109.828 117.052 121.216 127.564 129.026 115.246 114.787 110.15 116.083 113.045 112.158 114.786 124.196 115.752 116.381 115.371 122.285 119.827 123.412 125.48 115.653 113.746 114.522 114.421 114.217 114.729 110.19 114.511 121.908
128.076 136.403 137.034 137.089 136.879 134.184 131.324 128.626 127.858 126.108 126.268 128.435 123.954 119.433 122.96 122.351 122.077 121.573 119.238 120.193 119.438 120.88 131.794 132.731 133.372 133.98 133.074 133.313 133.228 133.501 133.775 129.416 127.979 121.573 130.538 130.105 119.068 117.094 117.515 116.125 115.646 124.726 129.595 130.387 129.23 124.889 125.139 121.183 111.469 112.999 117.78 118.315 120.717 119.325 119.147 118.084 122.327 123.519 119.593 115.939 114.033 115.337 114.868 115.441 111.795 118.908 128.937 128.913
127.51 135.824 136.179 136.289 135.054 130.284 124.657 121.845 131.003 132.877 133.469 130.64 130.318 122.691 122.065 121.636 122.574 119.204 125.104 126.18 124.161 126.814 131.866 132.461 133.655 133.309 133.107 133.672 135.471 134.584 133.972 133.001 131.922 130.781 129.505 128.711 115.761 125.659 127.543 119.924 122.641 120.316 129.009 130.627 129.706 130.772 129.251 122.871 119.252 112.847 116.057 119.898 121.596 119.658 118.71 116.515 118.129 115.527 120.361 116.963 116.48 114.872 115.434 114.201 119.101 123.921 131.508 130.819
129.423 130.013 134.308 133.962 125.951 129.893 131.485 132.315 136.659 137.519 137.945 137.57 131.746 124.943 123.205 125.227 124.436 123.956 133.757 134.789 132.214 122.733 132.139 130.052 132.615 128.145 129.315 133.972 135.431 133.479 132.354 130.831 122.303 119.891 127.139 122.066 119.461 120.892 125.518 128.448 130.506 129.942 128.719 128.383 126.347 129.838 128.797 122.499 114.617 112.678 110.134 113.221 114.688 118.574 115.529 114.367 119.97 126.307 126.212 123.09 116.509 117.866 120.985 115.664 121.114 128.186 130.157 130.75
125.692 124.815 130.566 131.122 132.29 133.533 134.191 137.465 133.985 139.714 139.797 136.416 136.425 123.619 122.398 123.224 125.483 131.077 135.55 136.925 134.212 125.615 131.395 131.729 129.821 128.123 127.324 136.715 139.05 135.692 137.733 132.549 115.032 120.245 120.533 117.064 121.366 122.305 122.8 126.796 132.182 131.836 121.973 123.756 120.166 125.729 120.781 117.055 113.146 112.685 110.17 109.914 112.356 112.397 117.726 120.433 126.207 128.147 126.701 123.461 117.274 121.69 122.653 122.871 127.972 121.805 130.293 131.506
121.499 130.198 128.904 132.522 133.84 136.433 139.732 140.941 138.36 135.892 139.3 138.366 137.222 128.784 121.84 117.662 128.517 133.42 136.223 137.106 129.066 129.385 129.74 125.408 124.308 125.252 132.057 137.244 138.325 135.006 139.281 127.816 121.007 118.575 117.73 115.486 117.981 121.331 126.16 126.989 131.993 133.284 132.308 130.626 126.099 115.959 111.243 110.839 111.118 111.552 111.694 113.479 113.847 113.308 121.868 124.372 127.563 128.874 127.632 125.51 123.317 126.623 130.11 129.542 125.194 126.899 128.306 127.384
125.566 130.202 127.514 133.049 135.884 138.699 140.417 140.951 134.604 137.78 140.448 139.743 127.305 126.992 124.456 120.709 131.822 134.313 136.633 136.736 133.232 126.093 119.774 119.629 119.699 126.829 136.213 138.244 138.809 134.244 132.622 125.107 118.55 119.349 118.595 118.986 115.259 126.604 126.837 129.343 121.053 130.259 125.428 131.569 117.425 111.71 111.95 114.03 114.899 111.587 113.555 114.581 118.655 115.044 115.373 129.871 131.251 130.576 129.661 125.253 125.822 127.799 126.958 128.304 125.64 116.218 124.818 129.872
131.231 131.92 132.007 132.801 134.844 134.287 140.524 141.459 141.45 140.68 139.651 136.809 122.17 123.22 117.476 117.941 129.553 131.538 134.763 133.82 120.227 122.361 120.146 118.001 123.974 126.172 136.403 138.495 139.481 133.412 136.148 126.886 118.838 119.618 118.194 117.524 117.444 114.357 116.44 116.718 132.767 133.445 133.026 120.022 125.039 117.891 121.582 118.653 118.319 118.689 117.196 117.479 122.21 117.134 117.488 130.89 133.589 132.253 131.616 124.066 121.327 117.777 120.608 121.374 123.902 113.791 122.645 126.044
132.366 133.399 132.399 133.838 130.845 134.486 137.533 140.431 135.114 130.124 135.821 129.45 125.109 127.295 127.294 127.317 134.335 136.449 132.735 120.7 116.249 117.427 132.844 133.764 127.782 120.262 124.337 132.732 137.631 136.137 128.542 124.504 118.781 119.683 119.821 119.983 120.32 128.635 130.217 133.143 123.804 118.805 129.317 128.36 134.502 130.092 126.266 127.455 128.887 127.793 124.468 124.086 118.582 119.621 116.665 131.003 133.756 132.416 129.072 117.724 115.68 112.621 112.314 112.863 110.701 124.821 126.022 128.955
130.177 132.231 132.548 134.627 137.253 136.675 136.035 137.283 131.716 135.485 138.256 135.862 129.11 127.073 124.386 131.908 134.799 136.099 135.46 121.864 119.817 129.99 134.729 137.183 132.027 118.11 124.95 122.579 134.583 129.217 133.029 130.474 119.164 119.391 127.707 127.397 128.35 123.276 131.092 133.875 131.408 119.135 124.146 130.238 132.178 132.458 121.55 132.106 133.347 129.106 127.74 116.232 116.336 116.536 119.791 125.711 130.343 130.038 128.139 127.489 126.887 115.137 113.189 115.376 115.628 124.532 128.398 133.269
119.42 128.076 132.372 133.544 135.061 128.752 137.578 138.654 136.147 137.768 126.884 132.589 133.963 129.026 129.625 129.899 134.464 134.374 130.094 135.94 136.3 134.308 134.992 137.939 135.227 127.731 125.182 125.16 120.854 128.53 134.704 118.395 119.084 119.79 129.763 133.616 133.565 131.9 130.65 131.455 135.297 135.39 130.895 128.271 132.186 133.687 130.417 135.216 135.287 131.845 132.462 127.996 129.448 125.299 135.871 134.247 133.347 133.533 116.808 127.618 128.684 123.545 124.219 115.705 124.805 130.024 127.203 131.603
118.877 121.221 130.821 131.201 130.062 131.451 133.395 134.873 134.717 135.657 137.493 137.329 136.529 124.176 121.014 120.803 130.006 129.315 134.196 137.092 137.422 137.11 137.491 138.001 126.51 118.927 116.284 118.856 117.153 129.183 126.112 134.028 131.788 133.326 124.143 125.088 133.293 129.294 136.047 136.257 135.4 135.04 133.849 134.608 134.021 134.439 135.426 135.951 136.869 136.354 135.452 133.986 136.611 136.541 133.149 126.814 127.247 129.653 120.11 128.796 130.336 132.584 130.349 128.57 130.461 133.457 131.746 122.869
118.914 118.915 124.598 128.493 127.478 130.775 134.046 134.745 134.345 136.699 136.867 136.178 135.033 133.396 127.706 129.113 130.113 134.577 136.024 137.029 137.477 137.171 136.621 136.957 128.954 131.323 129.523 122.52 123.318 127.889 125.751 132.247 134.09 136.685 134.62 129.798 127.995 135.92 136.303 136.476 136.774 135.843 135.672 135.972 135.304 133.839 134.393 135.832 136.055 136.629 135.998 136.412 136.855 137.036 133.972 135.596 135.019 131.106 135.231 131.566 133.717 131.972 131.746 128.565 130.739 133.547 132.423 122.042
118.935 118.958 120.468 121.229 120.042 130.027 133.615 133.21 134.119 135.52 135.903 135.597 135.215 134.591 130.481 130.487 129.237 135.887 136.839 136.95 137.836 137.09 132.762 136.189 136.885 125.048 130.623 125.597 127.69 128.105 125.846 134.358 137.319 138.831 134.384 133.248 119.978 133.312 137.364 136.748 136.431 136.557 136.6 136.563 136.666 134.602 135.736 136.41 136.244 135.9 134.901 136.058 134.603 132.192 133.408 133.982 133.735 132.464 133.492 133.39 130.445 132.478 134.403 126.223 123.638 132.751 133.727 129.261
118.956 118.922 118.995 118.992 118.969 126.867 131.359 129.646 129.493 134.886 134.76 134.866 134.412 128.826 131.849 131.975 127.791 134.612 130.307 133.604 137.241 131.984 135.876 135.755 137.43 136.554 136.936 130.57 128.176 126.592 120.771 135.861 138.237 138.825 138.271 136.93 118.935 125.9 136.624 137.155 136.225 135.338 136.861 136.882 136.553 134.136 132.988 134.973 135.703 135.329 134.786 135.121 135.282 135.736 134.937 130.884 133.845 135.034 135.376 133.872 135.089 134.822 133.359 131.6 135.764 131.776 125.287 124.951
119.433 119.001 118.972 119.009 119.016 121.223 128.645 128.441 129.131 131.609 132.806 133.765 133.289 133.011 131.602 133.065 133.07 134.608 135.929 136.487 136.537 136.166 124.859 131.583 136.496 135.433 131.45 130.596 127.705 126.497 126.218 117.52 131.092 136.787 133.046 127.94 125.242 124.365 125.579 134.819 135.432 136.024 136.693 136.001 135.927 132.789 130.298 132.057 135.421 134.285 132.932 134.309 133.442 125.945 122.323 119.607 120.384 121.212 126.597 130.492 133.444 134.681 128.481 133.576 136.238 124.281 122.839 121.979
120.436 120.005 121.287 120.314 119.183 120.86 122.01 122.533 120.309 121.211 126.602 131.194 130.253 129.588 130.728 131.919 132.102 133.194 133.674 132.131 133.318 128.283 123.625 127.409 128.555 128.53 128.613 128.665 120.307 124.211 130.106 127.991 130.448 132.49 133.922 133.428 124.456 122.819 127.282 121.785 122.267 134.228 135.256 135.282 134.166 129.603 128.977 129.408 130.481 121.655 133.963 134.814 130.567 125.441 121.613 122.673 129.327 119.792 117.214 117.037 126.933 135.696 121.3 132.75 137.057 126.764 121.253 120.701
120.648 121.037 121.025 121.562 121.872 122.898 122.078 122.143 122.943 120.378 121.214 119.947 119.21 123.405 128.306 129.749 129.187 131.875 133.521 130.891 134.094 132.081 129.633 130.97 127.039 119.476 120.595 124.609 134.99 132.134 133.31 136.34 130.96 133.859 132.608 132.633 124.916 125.099 123.663 122.213 120.355 122.174 123.447 126.076 128.965 127.309 128.606 128.043 127.801 119.318 132.306 133.787 132.756 129.268 130.831 130.922 128.932 118.594 119.181 120.065 121.101 134.464 128.471 132.657 125.37 125.545 121.074 120.689
120.375 120.937 121.365 121.613 122.557 123.392 122.932 121.573 120.205 121.705 121.534 119.515 119.207 119.07 120.569 120.711 118.991 131.397 136.288 133.042 137.185 132.19 131.286 131.353 130.453 124.089 125.498 131.58 137.529 139.116 137.773 136.149 137.176 133.506 134.971 133.313 129.883 129.561 124.459 121.952 122.018 121.181 118.784 126.431 125.973 124.497 127.986 128.311 128.171 122.894 131.769 134.34 136.327 133.844 134.103 133.412 133.216 119.801 119.812 119.764 117.75 134.887 133.896 131.39 127.093 126.414 116.206 115.662
120.497 120.813 121.089 119.91 122.394 123.701 122.725 123.262 121.609 121.873 122.223 122.044 119.36 119.262 119.092 119.008 119.121 130.778 136.692 137.979 138.386 137.387 135.399 132.952 130.595 126.728 123.499 137.537 137.37 139 136.559 136.622 137.375 128.603 132.358 128.766 131.249 130.774 124.636 122.655 127.73 128.258 126.726 129.921 128.678 127.803 121.348 129.526 129.216 127.93 134.225 137.289 137.487 135.786 132.88 128.08 132.367 125.374 120.366 117.039 116.589 123.386 133.727 130.992 133.37 132.398 127.859 121.779
120.56 120.537 120.873 120.683 120.631 124.255 124.061 123.213 123.875 120.602 121.421 121.3 119.527 119.426 119.302 119.161 122.96 133.408 136.893 137.844 138.306 137.804 134.39 125.992 122.226 118.976 123.036 133.607 138.039 139.149 138.304 134.206 136.978 128.009 131.745 129.247 129.73 126.786 125.428 128.251 127.585 130.208 131.781 136.374 132.136 131.666 131.801 131.136 131.087 129.314 135.855 137.626 137.604 130.385 128.885 131.899 135.347 136.289 136.278 134.13 122.246 127.499 126.538 126.325 131.381 130.844 129.3 122.544
120.977 120.701 120.488 120.461 120.897 122.812 121.774 123.261 123.293 120.307 120.033 119.838 119.729 119.635 119.503 119.364 119.286 126.651 135.5 135.571 137.438 137.325 135.157 125.056 120.379 118.035 121.147 129.414 133.123 135.434 134.988 128.528 134.122 129.979 130.294 129.952 129.206 123.352 125.309 128.347 132.125 132.37 133.667 134.998 135.048 133.231 132.707 133.498 133.382 130.771 132.995 136.54 136.622 131.334 126.916 130.034 136.409 137.53 137.538 136.76 126.515 124.689 126.583 129.775 127.947 122.893 127.134 121.606
121.67 121.14 121.142 120.477 120.556 122.942 122.799 123.058 123.272 121.318 120.261 120.081 119.974 119.879 119.752 119.61 119.464 122.098 123.919 133.252 136.085 132.562 133.771 125.739 118.264 118.108 120.655 124.129 127.375 128.048 131.165 128.419 128.27 127.569 129.219 130.6 130.454 126.019 125.705 132.05 131.896 132.477 135.122 133.896 133.186 133.461 133.417 133.605 133.214 132.539 132.38 131.356 129.532 127.556 127.304 129.913 134.416 137.071 127.171 123.806 125.863 125.391 125.821 124.575 125.438 124.175 120.26 120.12
122.082 122.317 125.683 121.858 123.241 123.535 122.407 123.271 122.647 120.799 120.414 120.265 120.183 120.06 119.952 119.871 119.815 121.103 121.125 121.752 127.442 122.743 121.999 121.591 118.447 118.205 123.243 125.644 130.919 127.918 126.121 126.678 125.596 124.293 126.468 129.856 128.243 120.945 122.126 130.738 133.548 131.854 132.357 132.167 131.783 132.078 132.266 132.814 132.493 129.417 128.623 125.327 128.599 127.511 127.449 127.233 128.494 126.755 123.039 120.3 122.483 125.697 126.195 124.089 123.489 122.666 120.708 120.596
121.861 124.676 131.896 124.978 125.859 126.929 123.301 122.869 121.22 121.025 120.483 120.456 120.349 120.282 120.173 120.375 120.82 122.528 121.919 119.587 119.914 122.656 124.3 123.456 119.626 119.051 129.184 129.94 128.724 126.716 126.716 125.897 124.791 122.601 120.645 123.138 123.468 118.655 118.808 126.022 129.384 128.889 122.264 122.339 122.259 122.351 120.171 119.486 119.799 120.565 119.885 125.439 127.849 121.586 121.49 123.051 125.79 122.712 122.856 122.262 121.63 123.649 123.174 122.781 122.866 123.249 120.005 121.613
124.24 124.765 129.587 129.447 132.185 126.416 124.907 123.735 121.457 120.868 120.497 120.523 120.475 120.465 120.411 121.247 122.104 122.805 122.329 119.728 119.608 119.561 123.281 124.058 124.831 127.139 131.36 132.509 127.5 127.27 126.662 125.81 123.813 120.704 119.197 119.437 118.841 118.789 118.749 119.686 119.289 118.849 119.926 119.121 119.451 119.356 119.364 119.158 119.245 119.331 119.349 119.363 119.355 119.389 119.462 119.719 121.381 121.107 120.263 119.427 121.053 122.114 121.798 121.946 122.389 122.007 118.928 119.262
