dsm/se3232_DSM_2M.asc
ncols 500
nrows 500
xllcorner    432000
yllcorner    432000
cellsize     2
NODATA_value -9999
[rows 160 to 191 of 500, columns 288 to 359 of 500]
35.593 35.434 34.807 34.294 34.132 34.202 34.132 34.196 34.183 34.196 34.218 34.231 34.23 34.414 34.49 34.345 33.893 33.825 33.794 33.749 33.71 33.687 33.655 33.643 33.368 33.493 33.466 33.395 33.398 33.382 33.357 33.375 33.488 33.573 33.602 33.864 34.119 34.395 34.565 34.669 34.705 34.68 34.591 34.501 34.38 34.31 34.318 34.292 34.301 34.264 34.279 34.301 34.319 34.363 34.38 34.524 34.676 34.725 35.412 34.558 34.469 34.418 34.333 34.346 34.384 34.307 34.348 34.349 34.334 34.404 34.431 35.017
35.514 35.029 34.365 34.131 34.11 34.142 34.133 34.132 34.148 34.144 34.182 34.203 34.547 35.225 35.638 34.221 33.908 33.837 33.812 33.793 33.749 33.703 33.753 33.297 32.896 32.953 32.95 33.134 33.198 33.311 33.371 33.478 33.564 33.553 33.599 33.835 34.055 34.266 34.461 34.531 34.647 34.656 34.651 34.55 34.457 34.267 34.283 34.274 34.268 34.255 34.267 34.259 34.334 34.349 34.366 34.471 34.596 34.672 34.891 34.543 34.553 34.837 34.409 34.376 34.364 34.361 34.382 34.357 34.328 34.323 34.338 34.41
36.344 34.921 34.267 34.465 34.14 34.126 34.136 34.047 34.088 34.129 34.183 34.195 34.181 34.23 34.197 34.172 36.706 34.169 33.876 33.804 33.746 33.887 33.851 33.874 34.141 33.04 33.004 33.113 33.222 33.273 33.382 33.456 33.934 33.671 33.527 33.713 33.924 34.078 34.317 34.472 34.582 34.578 34.578 34.504 34.461 34.339 34.178 34.164 34.168 34.134 34.224 34.276 34.303 34.339 34.346 34.445 34.602 34.592 34.641 34.539 34.508 34.478 34.482 34.479 35.517 35.514 34.396 34.363 35.3 35.291 34.783 34.333
39.747 38.785 36.022 35.253 34.258 34.113 34.091 34.038 34.115 35.886 35.525 34.347 34.207 35.268 34.232 34.229 39.383 39.346 37.17 33.957 34.03 34.07 33.903 32.915 33.236 33.105 33.083 33.119 33.277 33.351 33.396 33.5 33.568 33.608 33.97 33.67 33.754 33.91 34.097 34.255 34.412 34.427 34.374 34.429 34.344 34.344 34.189 34.148 34.165 34.154 34.147 34.19 34.238 34.303 34.308 34.377 34.544 34.63 35.739 34.569 34.526 34.503 34.438 34.435 34.441 34.401 34.442 34.466 34.429 35.5 34.755 34.333
39.698 39.67 35.292 35.277 34.286 34.112 34.087 34.085 34.119 35.231 35.257 34.745 34.704 34.287 34.251 37.847 39.4 39.59 39.402 36.87 34.491 34.173 33.227 32.886 32.93 33.005 33.103 33.179 33.265 33.36 33.424 33.495 33.608 33.631 33.61 33.612 34.689 33.86 33.976 34.076 34.226 34.274 34.3 34.3 34.295 34.371 34.253 34.148 34.125 34.175 34.163 34.183 34.236 34.294 34.288 34.387 34.403 34.526 35.057 34.596 34.474 34.426 34.401 34.367 34.377 34.372 34.425 34.416 34.45 34.434 34.452 34.397
39.754 36.543 35.229 34.687 34.127 34.071 34.049 34.078 34.565 36.292 36.585 36.953 36.159 34.507 34.395 38.776 39.519 39.472 39.332 39.381 39.047 37.42 32.948 32.932 33.026 33.082 33.17 33.216 33.341 33.412 33.469 33.518 34.761 33.701 33.59 33.589 33.61 33.75 33.865 34.014 34.158 34.18 34.197 34.187 34.256 34.29 34.2 34.088 34.084 34.152 34.165 34.17 34.237 34.294 34.357 34.344 34.394 34.402 34.564 34.829 34.491 34.436 34.37 34.336 34.359 34.343 34.336 34.352 34.337 34.369 34.368 34.398
36.755 34.342 34.316 34.139 34.154 34.119 34.125 34.041 34.536 36.211 36.321 36.521 35.252 34.327 38.851 39.411 42.909 43.593 39.433 39.248 38.946 38.937 37.45 34.185 32.996 33.125 33.187 33.291 33.347 33.416 33.492 35.385 36.946 36.895 35.975 35.356 33.633 34.045 33.762 33.876 33.917 34.015 34.126 34.207 34.254 34.273 34.17 34.052 34.055 34.072 34.148 34.14 34.234 34.289 34.342 34.366 34.361 34.426 34.518 34.79 34.478 34.414 34.387 34.356 34.314 34.349 34.338 34.286 34.258 34.299 34.29 34.34
36.893 34.113 34.164 34.163 34.115 34.061 34.11 34.143 34.154 34.105 34.826 36.295 34.784 37.003 39.644 39.441 39.331 39.335 39.244 39.135 38.814 38.991 39.048 33.126 33.091 33.161 33.242 33.316 33.366 33.474 33.608 36.849 36.908 36.929 36.885 36.909 36.227 34.498 33.68 33.811 33.894 34.006 34.036 34.133 34.182 34.203 34.137 34.086 34.07 34.043 34.108 34.152 34.186 34.249 34.27 34.373 34.444 34.409 34.487 34.674 34.432 34.402 34.387 34.377 34.303 34.319 34.289 34.253 34.252 34.261 34.304 34.32
35.775 34.144 34.1 34.125 34.081 34.087 34.107 34.122 34.117 34.125 34.145 34.562 34.311 39.308 39.422 39.275 39.266 39.347 39.212 38.971 38.913 39.138 34.829 33.09 33.164 33.185 33.253 33.359 33.429 33.638 36.125 36.947 36.979 36.943 36.916 36.911 36.931 36.875 33.663 33.749 33.888 33.924 33.959 34.011 34.086 34.183 34.104 33.998 34.07 34.086 34.145 34.169 34.233 34.268 34.322 34.339 34.375 34.467 34.458 35.801 34.453 34.379 34.361 34.3 34.267 34.28 34.216 34.21 34.255 34.213 34.285 34.277
34.118 34.122 34.144 34.106 34.078 34.096 34.117 34.135 34.203 34.824 34.19 34.128 37.162 39.417 39.778 39.324 39.459 39.243 39.107 38.847 38.953 39.115 33.055 33.118 33.161 33.238 33.307 33.415 33.491 34.65 38.073 39.233 38.573 37.044 36.982 36.894 36.888 33.982 33.641 33.634 33.931 33.873 33.914 33.992 34.102 34.08 34.014 34.023 34.07 34.086 34.144 34.188 34.168 34.25 34.3 34.363 34.391 34.449 34.447 35.663 34.493 34.466 34.4 34.377 34.323 34.26 34.251 34.196 34.205 34.199 34.222 34.479
34.182 34.13 34.12 34.103 34.101 34.114 34.127 34.163 34.197 34.546 34.586 34.128 38.55 40.425 39.486 39.307 39.36 39.223 38.957 38.942 38.895 36.992 33.127 33.121 33.205 33.29 33.371 33.463 33.537 34.043 39.899 39.21 39.151 39.141 38.403 37.02 36.564 34.087 33.623 33.614 34.71 33.871 33.936 33.975 34.057 34.03 33.933 34.003 34.035 34.108 34.114 34.146 34.225 34.231 34.291 34.346 34.39 34.401 34.473 34.627 34.488 34.398 34.405 34.4 34.341 34.288 34.244 34.288 34.287 34.278 34.283 34.506
34.09 34.148 34.098 34.122 34.117 34.16 34.114 34.19 34.166 34.2 34.207 34.143 40.982 41.426 40.338 39.458 39.374 39.1 38.837 38.947 39.167 35.915 33.076 33.107 33.228 33.329 33.383 33.464 33.657 38.652 39.382 39.18 39.158 39.178 39.152 39.133 35.572 33.775 33.597 33.638 33.715 33.819 33.895 33.971 34.032 33.923 33.952 34.007 34.047 34.072 34.133 34.191 34.206 34.25 34.288 34.281 34.383 34.435 34.389 34.623 34.427 34.425 34.329 34.357 34.307 34.283 34.234 34.216 34.22 34.26 34.276 34.266
34.081 34.105 34.113 34.104 34.119 34.174 34.181 34.216 34.168 34.179 34.156 37.037 42.257 39.808 41.229 40.349 39.3 38.926 38.876 39.081 39.18 33.118 33.076 33.153 33.237 33.365 33.438 33.526 33.619 37.778 39.175 39.206 39.193 39.19 39.183 39.175 39.107 35.155 33.604 33.619 33.669 33.884 33.955 34.011 33.958 33.902 33.912 33.996 34.048 34.06 34.133 34.135 34.17 34.246 34.29 34.317 34.341 34.412 34.454 34.627 34.653 34.362 34.393 34.327 34.309 34.304 34.25 34.204 34.21 34.204 34.158 34.248
34.147 34.091 34.098 34.097 34.134 34.168 34.176 34.197 34.24 34.625 34.297 40.157 40.296 39.643 40.185 39.488 39.124 38.834 38.899 39.043 33.709 33.049 33.121 33.191 33.286 33.409 33.477 33.539 33.541 34.017 34.243 38.127 39.062 39.177 39.166 39.164 36.308 33.599 33.605 33.623 33.669 33.887 33.923 33.865 33.855 33.916 33.941 33.998 33.994 34.042 34.085 34.123 34.198 34.28 34.266 34.321 34.372 34.394 34.451 34.601 36.053 34.389 34.351 34.27 34.253 34.26 34.202 34.178 34.168 34.106 34.148 35.194
34.151 34.092 34.079 34.086 34.097 34.086 34.147 34.172 34.455 34.685 37.908 39.918 40.384 39.529 39.305 39.209 38.944 38.849 39.086 39.155 33.11 33.074 33.145 33.255 33.35 33.4 33.526 33.509 33.541 33.542 33.569 33.592 34.035 35.54 38.985 39.098 37.065 33.629 33.549 33.576 33.652 33.873 33.894 33.841 33.829 33.902 33.924 33.963 34.039 34.027 34.096 34.145 34.198 34.272 34.288 34.292 34.38 34.43 34.499 34.514 34.686 34.3 34.195 34.253 34.212 34.208 34.178 34.066 34.269 34.401 34.062 34.059
34.11 34.087 34.049 34.139 34.135 34.125 34.156 34.186 35.59 34.274 39.413 39.582 39.401 39.294 39.331 39.061 38.894 38.932 39 33.641 33.031 33.071 33.178 33.296 33.41 33.468 33.44 33.468 33.533 33.54 33.549 33.582 33.586 33.572 33.664 35.7 35.138 33.568 33.586 33.61 33.762 34.192 33.834 33.765 33.776 33.903 33.945 33.985 34.025 34.083 34.1 34.161 34.225 34.211 34.252 34.322 34.371 34.435 34.464 34.559 34.683 34.327 34.247 34.2 34.055 34.012 34.464 33.949 33.977 34.043 34.05 34.051
34.093 34.09 34.132 34.151 34.152 34.16 34.11 34.168 34.464 36.98 39.747 39.684 40.525 40.375 39.282 38.975 38.754 39.039 34.799 32.974 33.11 33.117 33.237 33.327 33.367 33.385 33.357 33.398 33.42 33.459 33.493 33.544 33.525 33.547 33.566 33.599 33.583 33.613 33.62 33.648 34.85 33.844 33.789 33.761 33.809 33.86 33.937 33.956 34.007 34.064 34.124 34.268 34.284 34.233 34.247 34.269 34.35 34.437 34.494 34.565 34.734 34.374 34.548 34.641 33.998 33.909 33.922 33.912 33.969 33.958 33.976 33.954
34.153 34.132 34.109 34.128 34.193 34.164 34.148 34.981 34.415 39.557 39.758 39.372 39.282 40.756 39.182 38.867 38.948 39.182 35.952 32.981 33.09 33.139 33.234 33.285 33.318 33.299 33.362 33.365 33.388 33.382 33.456 33.473 33.476 33.52 33.473 33.522 33.566 33.605 33.655 33.699 33.833 33.843 33.725 33.771 33.836 33.844 33.927 33.966 34.05 34.046 34.077 34.182 34.293 34.322 34.27 34.3 34.438 34.584 35.383 34.903 34.456 34.244 34.132 34.057 33.899 33.876 33.843 33.9 33.93 33.96 33.898 33.905
34.107 34.163 34.18 34.197 34.173 34.182 34.16 34.404 36.899 39.681 39.67 39.318 39.268 39.258 39.012 38.846 39.001 39.073 33.625 33.013 33.129 33.209 33.236 33.237 33.29 33.277 33.31 33.312 33.373 33.359 33.379 33.366 33.421 33.44 33.49 33.49 33.526 33.599 33.687 33.824 34.208 33.791 33.728 33.748 33.844 33.896 33.936 33.947 33.997 34.036 34.064 34.186 34.224 34.379 34.451 35.44 35.211 34.459 34.257 34.187 34.201 34.097 34.061 33.961 33.911 33.837 33.889 33.904 33.893 33.944 33.927 33.868
34.125 34.131 34.161 34.166 34.141 34.234 35.812 34.321 39.178 39.796 39.464 39.46 39.303 39.143 38.924 38.943 39.188 34.68 32.964 33.067 33.109 33.177 33.206 33.24 33.226 33.289 33.306 33.286 33.349 33.355 33.361 33.34 33.385 33.42 33.405 33.461 33.5 33.627 33.681 33.758 33.786 33.731 33.728 33.763 33.839 33.866 33.938 33.969 33.989 34.028 34.144 34.23 34.825 34.952 34.664 34.459 34.445 34.305 34.153 34.143 34.146 34.064 34.01 33.88 33.8 33.783 33.82 33.83 33.876 33.867 33.868 33.813
34.113 34.126 34.155 34.145 34.18 34.207 34.323 33.982 39.832 39.507 39.345 39.311 39.284 39 38.895 39.036 35.923 32.908 32.987 33.037 33.095 33.119 33.136 33.16 33.212 33.229 33.275 33.235 33.317 33.296 33.304 33.362 33.364 33.371 33.359 33.408 33.459 33.591 33.71 33.77 33.776 33.735 33.694 33.749 33.849 33.88 33.923 33.952 34.01 34.048 34.129 34.24 34.301 34.246 34.512 34.331 34.252 34.161 34.046 34.056 34.063 33.963 33.921 33.814 33.73 33.749 33.8 33.83 33.82 33.799 33.854 33.845
34.088 34.138 34.144 34.144 34.173 35.552 34.13 38.995 39.872 39.398 39.332 39.272 39.165 38.893 38.856 39.135 38.129 33.051 32.983 33.019 33.043 33.085 33.154 33.156 33.166 33.171 33.175 33.245 33.258 33.257 33.265 33.316 33.307 33.304 33.345 33.395 33.446 33.601 33.656 34.201 33.765 33.724 33.687 33.728 33.771 33.832 33.887 33.93 33.928 33.99 34.13 34.315 34.186 34.202 34.213 34.208 34.154 34.002 34.027 34.008 33.973 33.914 33.811 33.72 33.699 33.736 33.798 33.793 33.824 33.758 33.766 33.801
34.132 34.097 34.157 34.202 34.232 34.029 33.898 39.906 39.484 39.306 39.26 39.212 39.202 38.927 39.033 39.152 33.663 32.923 33.005 33.001 33.07 33.072 33.09 33.113 33.106 33.124 33.158 33.171 33.208 33.213 33.223 33.279 33.316 33.342 33.294 33.344 33.368 33.425 33.569 33.934 33.865 33.677 33.632 33.732 33.786 33.872 33.935 33.928 33.963 33.986 35.13 34.527 34.235 34.179 34.124 34.076 34.045 33.98 34.004 33.959 33.919 33.847 33.75 33.678 33.656 33.702 33.698 33.745 33.75 33.743 33.722 33.724
34.172 34.176 34.156 34.175 34.126 34.103 38.99 39.78 39.456 39.236 39.292 39.254 39.293 38.879 39.246 39.313 32.966 32.912 32.93 32.926 32.964 33.04 33.04 33.081 33.077 33.088 33.098 33.138 33.156 33.186 33.2 33.176 33.264 33.243 33.244 33.289 33.311 33.321 33.389 33.682 33.821 33.678 33.661 33.721 33.778 33.84 33.868 33.922 33.957 33.976 35.327 34.271 34.174 34.108 34.091 34.025 33.977 33.96 33.908 33.897 33.864 33.777 33.713 33.661 33.648 33.684 33.713 33.761 33.729 33.712 33.716 33.739
34.189 34.189 34.126 34.132 34.133 33.98 39.756 39.817 39.315 39.258 39.26 39.218 38.86 38.999 39.205 38.128 34.787 34.017 32.917 32.914 32.886 32.983 32.975 33.036 33.081 33.057 33.066 33.084 33.102 33.144 33.165 33.141 33.181 33.202 33.238 33.273 33.275 33.254 33.306 34.797 33.852 33.664 33.679 33.702 33.805 33.816 33.83 33.911 33.907 34.039 34.449 34.204 34.16 34.098 34.047 33.987 33.94 33.93 33.927 33.87 33.742 33.722 33.663 33.585 33.648 33.661 33.658 33.715 33.663 33.656 33.632 33.692
34.235 34.218 34.18 35.133 33.998 42.785 42.557 39.419 39.278 39.254 39.258 39.322 38.931 38.823 38.871 38.989 39.143 34.612 34.298 34.135 33.012 32.925 32.974 32.988 32.987 33.025 33.063 33.051 33.072 33.089 33.091 33.13 33.137 33.152 33.183 33.19 33.226 33.25 33.259 33.784 34.04 33.651 33.632 33.663 33.807 33.864 33.821 33.825 33.877 34.048 34.681 34.189 34.132 34.071 34.02 34.002 33.938 33.891 33.892 33.792 33.766 33.656 33.592 33.525 33.583 33.618 33.633 33.662 33.577 33.628 33.604 33.675
34.235 34.19 34.208 34.097 40.164 45.864 45.782 44.444 43.24 39.328 39.231 39.217 39.04 39.002 38.908 38.857 38.951 38.976 39.06 37.965 33.681 33.058 32.901 32.867 32.947 32.998 33.002 33.042 33.048 33.039 33.054 33.062 33.081 33.112 33.164 33.161 33.232 33.188 33.215 33.789 33.731 33.655 33.658 33.741 33.825 33.874 33.82 33.861 33.921 34.076 34.314 34.145 34.039 34.004 33.977 33.957 33.881 33.85 33.789 33.771 33.69 33.609 33.535 33.485 33.536 33.572 33.585 33.581 33.565 33.586 33.607 33.635
34.169 34.216 35.258 34.171 42.416 45.917 45.887 45.886 45.883 41.284 41.593 39.527 39.337 39.197 39.1 39.021 38.965 38.806 38.908 39.026 39.031 37.945 36.463 33.079 32.952 32.901 32.92 32.942 32.988 32.98 33.028 33.038 33.024 33.05 33.093 33.135 33.179 33.169 33.172 33.991 33.715 33.618 33.653 33.718 33.831 33.887 33.789 33.864 33.887 34.083 34.34 34.085 34.058 34.022 33.987 33.901 33.845 33.753 33.786 33.731 33.623 33.584 33.471 33.486 33.488 33.532 33.594 33.561 33.521 33.519 33.561 33.58
34.241 34.261 34.098 34.097 45.83 45.937 45.858 45.91 45.924 45.888 45.071 45.662 40.827 39.492 39.341 39.243 39.128 39.05 38.9 38.827 38.884 38.97 38.842 38.499 34.282 34.202 33.781 32.901 32.967 32.971 33.002 32.992 33.032 33.046 33.047 33.09 33.115 33.144 33.172 33.904 33.666 33.631 33.691 33.703 33.801 33.803 33.809 33.876 33.936 34.232 34.19 34.103 34.049 34.008 33.972 33.859 33.843 33.735 33.684 33.637 33.579 33.504 33.412 33.467 33.477 33.51 33.512 33.497 33.493 33.509 33.547 33.596
34.167 34.286 33.984 43.734 45.975 45.934 45.959 45.982 45.917 45.913 45.907 45.898 45.863 44.733 41.01 40.691 39.329 39.205 39.149 39.046 38.945 38.852 38.818 38.973 38.98 37.923 37.291 36.323 33.001 32.894 32.92 33.004 32.995 33.05 33.047 33.049 33.065 33.053 33.406 33.729 33.673 33.637 33.675 33.705 33.805 33.742 33.796 33.841 33.961 35.248 34.12 34.043 34.003 33.924 33.888 33.856 33.785 33.689 33.645 33.602 33.487 33.405 33.396 33.408 33.48 33.492 33.523 33.509 33.458 33.439 33.536 33.518
34.239 34.152 40.212 46.045 46.042 46.014 45.985 45.986 45.966 45.967 45.963 45.908 45.887 45.887 45.866 41.502 40.851 39.578 39.365 39.249 39.154 39.044 38.937 38.847 38.804 38.894 39.034 38.913 35.439 34.14 33.068 32.927 32.981 32.98 33 33.043 33.021 33.059 33.938 33.705 33.61 33.612 33.69 33.753 33.778 33.753 33.797 33.873 34.001 34.446 34.081 34.022 34.011 33.912 33.886 33.812 33.78 33.707 33.626 33.53 33.477 33.397 33.347 33.393 33.414 33.424 33.428 33.428 33.424 33.431 33.485 33.513
35.3 34.587 42.656 46.067 46.065 46.013 46.032 46.011 46 46.001 45.939 45.96 45.932 45.913 45.899 45.862 45.901 44.722 42.965 39.719 39.397 39.274 39.163 39.055 38.936 38.834 38.847 38.91 38.998 37.877 36.892 36.341 33.006 32.944 32.941 32.955 33.005 33.055 33.451 33.677 33.604 33.644 33.678 33.753 33.808 33.785 33.84 33.875 34.011 34.577 34.111 34.01 33.972 33.909 33.876 33.771 33.685 33.626 33.548 33.413 33.379 33.337 33.342 33.35 33.399 33.397 33.401 33.435 33.42 33.383 33.471 33.498
