dsm/se3332_DSM_2M.asc
ncols 500
nrows 500
xllcorner    433000
yllcorner    432000
cellsize     2
NODATA_value -9999
[rows 160 to 191 of 500, columns 288 to 359 of 500]
39.882 39.676 38.623 34.336 35.293 35.191 35.035 34.54 34.479 34.899 35.176 34.439 33.411 34.085 35.151 33.852 33.311 32.441 30.517 30.549 30.971 32.776 33.649 34.955 35.607 35.168 32.607 31.83 31.977 33.816 33.517 31.952 31.175 31.209 34.28 40.481 48.262 48.011 47.814 47.698 45.374 41.059 39.917 44.903 42.742 39.437 42.59 39.461 43.519 43.854 39.964 38.346 39.382 39.87 36.835 35.028 35.011 35.019 35.102 35.077 34.997 34.973 34.902 34.847 34.898 34.927 34.918 34.953 34.981 34.966 34.915 34.834
37.602 36 37.926 34.404 32.199 35.319 35.207 35.812 35.21 32.883 35.774 34.901 35.491 34.024 32.366 33.752 34.316 33.356 32.918 31.115 30.507 30.467 30.431 30.424 31.619 31.583 30.796 31.301 32.326 33.905 31.314 31.154 30.877 31.148 32.999 31.542 38.693 46.984 48.392 47.148 41.644 41.298 42.975 43.129 40.554 37.329 35.979 37.154 40.438 36.33 40.232 38.594 40.524 36.433 34.979 35.586 37.418 35.706 35.008 35.046 35.049 35.215 34.984 34.907 34.851 34.861 34.796 34.824 34.845 34.851 34.915 34.85
39.114 37.664 38.053 33.783 34.243 34.71 36.391 36.569 33.611 36.055 32.357 35.162 32.602 34.834 35.318 32.744 33.218 33.503 33.884 34.602 32.773 32.549 31.076 30.443 30.307 30.222 30.373 30.48 30.689 34.215 35.954 34.776 36.093 35.677 30.839 31.03 31.073 33.331 40.693 37.511 38.567 34.812 41.835 42.673 35.787 36.498 38.435 37.531 39.805 39.415 41.175 41.415 41.708 40.85 39.711 35.653 35.283 35.037 34.863 34.921 37.433 37.706 35.021 34.898 37.778 37.336 34.888 34.907 34.793 34.749 34.781 34.814
36.128 36.047 37.157 33.932 32.487 36.291 35.915 36.758 35.31 35.532 36.26 34.644 30.845 32.694 35.621 35.391 35.988 35.812 33.604 33.571 33.132 34.277 33.593 33.687 32.176 30.296 30.173 30.136 30.117 30.187 31.37 32.655 36.443 36.931 36.76 32.769 31.025 33.718 30.858 31.556 33.225 34.158 38.893 40.56 36.001 35.711 37.836 39.82 40.648 38.028 40.959 37.46 39.233 41.589 40.694 37.349 34.499 34.405 34.636 39.341 40.944 38.927 35.622 38.41 37.729 39.269 35.572 35.025 34.896 34.925 34.84 34.904
36.449 35.993 34.814 32.258 33.398 31.907 36.909 36.372 32.415 35.594 35.485 35.324 34.291 35.496 33.592 33.503 35.706 35.287 33.112 33.223 33.81 33.003 31.553 33.05 33.509 33.65 32.764 30.31 30.179 30.065 30.021 30.037 31.214 32.2 35.384 34.45 36.84 32.094 30.771 30.875 31.132 35.406 36.278 31.585 32.87 34.95 35.175 36.021 33.086 34.458 39.574 40.852 41.008 40.967 38.611 36.041 34.707 37.924 41.027 42.192 38.051 41.489 38.45 40.22 41.483 41.073 39.103 35.156 35.929 35.832 34.77 34.579
36.496 36.61 36.145 36.131 34.981 37.864 34.24 39.208 37.026 36.689 35.459 35.261 35.511 35.411 34.922 35.991 34.771 34.236 36.116 35.504 33.152 31.495 30.997 30.927 31.712 33.048 33.589 33.525 33.515 32.313 30.5 30.035 29.992 30.728 30.993 35.231 32.244 31.201 34.732 35.447 31.999 31.865 31.43 33.161 31.466 31.533 31.776 32.501 33.749 38.986 39.426 39.963 38.541 34.734 37.442 38.542 40.469 39.484 41.218 41.266 41.906 40.965 41.448 41.003 36.501 41.858 38.993 37.441 39.508 38.893 36.355 34.7
36.408 35.902 36.637 37.918 33.137 37.014 37.867 34.306 36.727 33.781 36.084 35.107 35.557 34.878 34.048 35.607 34.489 34.362 35.425 35.478 34.489 34.423 32.716 31.284 31.48 32.084 33.805 33.985 33.981 34.232 34.702 33.151 31.712 30.079 29.911 29.86 29.937 32.152 34.184 34.409 32.457 31.054 32.587 33.452 31.423 31.32 32.392 35.598 36.186 34.834 35.955 35.977 33.072 33.064 34.589 39.753 40.299 39.954 39.543 40.044 42.048 42.002 41.195 39.325 40.242 37.57 35.161 38.227 40.02 40.106 38.436 34.645
34.386 35.742 35.465 36.08 37.074 38.602 37.433 38.212 40.048 35.735 37.695 35.356 35.428 35.145 34.983 35.246 34.966 34.804 34.075 31.696 35.998 34.679 33.97 30.572 30.937 32.284 34.026 35.728 34.17 33.384 33.467 34.096 34.497 34.052 31.866 32.189 30.421 29.776 29.698 30.33 30.048 31.96 33.85 31.998 31.032 33.515 36.042 33.608 32.346 31.729 31.038 34.618 32.022 31.846 31.729 40.18 39.455 41.507 41.704 40.726 39.726 40.915 40.399 40.847 39.567 35.42 34.117 38.25 38.858 39.153 36.525 34.293
34.909 34.792 35.729 35.673 34.546 34.478 35.562 35.327 38.948 37.546 35.117 34.785 35.102 34.952 35.09 34.125 33.984 34.224 34.888 32.777 35.312 35.435 34.806 33.776 34.583 34.043 33.505 32.826 33.534 34.197 33.353 33.128 33.104 32.763 33.549 33.69 32.945 30.496 29.821 29.624 29.564 29.528 30.496 30.95 32.701 35.355 35.869 35.049 35.811 35.645 35.284 31.631 30.783 31.362 33.647 37.996 39.416 38.831 39.525 39.535 37.126 38.553 40.331 40.8 37.105 37.284 36.977 36.951 35.026 35.093 35.585 34.592
34.849 35.093 34.866 34.883 33.047 34.408 34.298 34.768 34.376 34.879 34.493 35.477 35.371 34.947 35.245 35.132 34.648 34.599 34.351 34.514 35.208 34.767 33.856 34.765 35.56 35.818 34.809 32.527 32.285 33.141 32.547 32.084 32.646 32.733 32.253 32.704 33.72 33.202 32.786 32.36 32.086 29.649 29.551 29.495 30.178 33.808 34.602 35.753 35.783 37.288 37.586 33.373 33.244 31.11 31.603 32.664 35.701 36.823 38.002 37.289 36.531 37.49 39.981 40.334 41.057 40.381 36.213 35.078 36.591 36.432 37.395 38.816
33.828 34.336 34.386 34.958 34.284 34.337 35.87 33.489 34.036 32.595 35.325 34.889 34.616 34.695 34.677 34.743 34.726 35.997 35.254 32.554 35.686 34.223 34.968 34.178 34.653 34.568 34.734 33.406 31.076 30.91 32.265 32.534 34.122 34.455 32.739 32.209 32.801 32.417 32.736 33.966 33.739 33.366 29.708 29.545 29.463 29.416 29.492 30.167 31.703 37.083 34.257 35.033 35.168 34.909 30.174 33.921 33.483 34.336 36.543 37.2 32.383 36.209 38.502 39.355 39.337 35.83 33.981 37.784 38.508 38.567 39.089 39.571
33.159 34.357 33.401 35.273 32.394 31.636 33.872 32.745 33.772 33.336 36.008 35.131 33.213 33.496 34.557 34.074 34.583 34.303 35.376 34.859 35.309 35.052 34.252 34.379 34.343 34.418 34.434 35.395 31.821 30.205 32.445 33.742 32.645 32.806 32.591 33.316 32.95 31.819 30.864 31.781 32.042 32.181 32.231 33.386 30.26 30.021 29.362 29.245 31.929 34.292 34.226 35.128 35.632 35.618 34.514 35.593 34.987 33.288 33.518 30.597 30.482 30.456 32.233 36.433 36.418 36.236 35.672 36.436 33.508 37.536 38.421 38.929
31.112 31.061 31.398 34.376 33.902 33.03 31.403 32.834 34.125 31.97 33.547 33.719 32.045 31.017 33.36 31.87 34.161 34.137 34.569 34.533 34.942 34.473 34.407 34.561 34.321 34.009 35.654 35.744 34.058 33.146 34.396 34.62 32.953 31.59 30.523 33.352 31.592 31.603 31.696 31.461 31.846 32.486 30.73 32.41 32.845 33.502 32.744 31.934 31.452 29.262 29.399 30.404 29.101 33.624 35.971 36.3 37.121 36.926 33.674 31.612 32.78 31.735 29.903 30.315 31.189 33.682 34.907 34.29 31.48 37.648 37.471 38.32
31.206 31.228 31.141 31.103 31.242 31.99 32.553 31.199 31.405 32.166 32.406 33.397 34.239 33.869 34.172 34.12 35.228 35.481 34.793 33.038 33.045 32.828 33.503 32.594 33.532 34.946 34.387 33.897 34.48 33.828 34.801 35.054 31.879 30.88 29.913 31.071 32.576 33.982 33.295 32.431 31.266 31.863 29.961 31.823 31.257 31.346 32.521 33.658 32.685 32.163 31.218 29.139 29.037 29.45 31.065 31.974 36.215 35.562 35.583 35.581 31.614 31.491 32.088 30.348 30.061 30.482 31.147 30.563 32.781 35.719 35.144 33.739
31.217 31.226 31.373 31.285 31.256 31.115 30.977 30.946 31.062 32.682 32.675 33.33 34.052 34.206 34.498 34.562 34.391 32.821 33.43 34.43 34.79 33.836 33.573 33.143 33.373 35.224 31.396 32.089 34.867 35.284 34.121 35.475 32.09 30.947 31.653 29.907 31.559 34.821 33.76 33.757 31.36 30.98 30.465 30.137 29.636 29.595 29.827 32.277 32.357 33.585 34.285 32.514 31.671 29.05 28.934 29.401 29.603 30.319 34.37 35.3 32.352 35.147 34.683 33.58 32.312 32.655 30.562 30.117 31.952 34.775 33.366 34.733
31.124 31.185 31.3 31.28 31.198 31.305 31.067 30.992 30.977 30.907 31.383 31.545 32.461 32.942 32.417 34.167 34.028 34.169 32.106 32.86 34.62 33.826 33.911 32.4 33.519 34.687 32.13 31.646 32.702 34.093 34.498 34.667 31.53 31.752 32.514 31.688 31.368 33.52 34.049 34.952 31.522 30.673 30.368 29.914 29.559 29.533 29.515 31.375 31.636 30.01 31.394 31.993 33.081 32.722 32.058 29.087 28.904 28.763 29.801 30.359 30.567 33.401 34.784 34.722 34.921 34.197 33.76 33.192 30.653 31.011 33.374 34.95
31.072 31.091 31.053 31.042 31.031 31.062 31.037 31.055 31.117 30.985 30.988 30.822 31.185 31.779 32.296 32.424 31.806 31.211 33.74 34.849 34.17 34.236 34.605 32.738 32.726 31.694 30.411 33.317 33.223 33.805 34.719 35.356 34.721 32.127 33.59 33.85 30.938 30.997 33.509 33.172 32.574 31.43 30.815 30.476 29.811 29.996 29.637 32.92 32.899 29.251 29.156 29.617 31.071 32.542 33.409 33.592 32.459 31.246 28.887 28.736 28.709 29.235 31.887 33.891 34.138 33.465 33.852 33.645 32.079 33.431 31.297 34.283
31.048 31.095 31.128 30.992 30.959 30.993 31.011 31.071 31.032 31.067 31.097 30.992 30.601 30.632 31.794 31.904 31.026 31.401 30.58 30.573 32.841 33.855 34.508 33.725 32.614 33.313 32.214 30.558 30.752 34.197 34.012 33.247 32.502 34.457 34.068 35.231 31.833 31.425 32.974 33.917 32.807 32.834 32.659 29.982 30.128 30.16 30.081 32.308 32.498 29.251 30.48 29.419 28.976 28.927 29.449 31.125 32.716 33.129 32.807 29.254 28.876 28.886 28.696 28.727 29.41 32.028 33.56 34.781 34.901 32.884 29.596 34.426
31.042 31.031 31.05 30.993 31.035 31.051 30.976 30.948 30.918 30.885 30.929 30.879 30.901 30.725 30.547 30.393 30.301 30.335 30.464 30.748 31.965 32.311 32.444 32.083 30.631 33.112 32.202 30.5 31.032 31.18 33.523 34.423 33.59 31.4 33.016 34.556 34.401 31.99 32.26 33.572 32.165 32.283 32.016 31.987 31.21 30.499 30.832 32.617 32.403 30.924 31.463 30.126 30.508 29.046 28.97 28.934 29.637 32.389 32.186 29.473 30.308 30.365 29.194 28.664 28.632 29.391 29.721 31.005 30.311 33.374 33.453 34.388
31.042 31.086 31.032 30.984 31.052 30.956 30.945 30.848 30.826 30.783 30.749 30.636 30.64 30.587 30.482 30.502 30.517 30.399 30.356 30.32 30.794 30.985 31.961 31.601 31.323 32.536 33.11 31.737 30.1 32.698 34.517 31.767 32.179 32.813 32.809 33.365 31.749 31.066 32.302 30.511 29.655 29.745 30.599 30.769 30.439 30.681 30.797 32.57 32.073 32.669 32.297 31.948 31.792 31.206 30.902 28.899 28.979 29.039 29.638 29.25 28.926 29.856 29.9 29.584 28.957 28.651 28.571 28.664 28.63 28.757 33.206 34.71
31.079 30.953 31.02 31.03 30.985 31.083 30.905 30.875 30.839 30.745 30.632 30.636 30.648 30.609 30.557 30.505 30.472 30.48 30.451 30.337 30.298 30.251 30.466 30.693 30.782 31.322 31.913 32.218 33.691 34.478 34.069 33.537 34.185 31.474 32.467 33.023 31.811 29.94 30.249 30.369 29.717 29.816 30.775 29.79 30.071 30.765 31.024 30.729 32.104 32.499 32.994 32.915 32.138 31.938 30.483 29.136 28.993 29.242 29.265 28.882 28.815 28.846 28.939 29.068 28.846 28.791 28.812 28.744 28.708 28.642 29.432 28.67
31.023 31.03 31.046 31.049 31.063 31.03 30.869 30.844 30.783 30.783 30.733 30.652 30.606 30.583 30.576 30.558 30.509 30.488 30.419 30.443 30.412 30.359 30.284 30.242 30.239 30.201 30.522 32.937 34.632 34.732 34.095 34.636 33.069 33.773 31.097 31.721 31.544 29.865 30.986 32.054 30.599 32.301 30.247 30.217 29.621 30.557 30.681 31.578 29.945 31.682 32.99 33.129 31.93 31.15 29.651 29.063 28.85 28.891 28.942 28.877 29.026 28.754 28.589 28.659 28.62 28.729 28.959 31.127 31.873 29.167 28.782 28.725
31.052 31.087 31.066 31.045 31.013 30.952 30.93 30.928 30.827 30.771 30.783 30.681 30.669 30.604 30.631 30.611 30.664 30.609 30.61 30.514 30.408 30.368 30.389 30.335 30.26 30.287 30.167 30.509 31.151 34.239 34.558 34.338 32.339 32.762 32.14 30.662 30.62 29.965 31.039 33.657 31.359 31.313 31.082 31.046 29.741 30.713 30.281 31.497 30.227 31.686 33.462 31.775 32.278 31.571 29.384 28.952 28.888 28.807 28.832 28.777 28.786 28.756 28.715 28.68 28.593 28.838 28.722 28.737 29.894 32.205 32.984 32.819
31.018 31.08 31.082 31.08 31.011 31.04 30.957 30.898 30.896 30.859 30.735 30.752 30.677 30.601 30.592 30.647 30.585 30.626 30.614 30.544 30.49 30.463 30.418 30.333 30.373 30.241 30.288 30.265 30.398 30.297 30.963 33.364 32.2 31.803 31.921 31.398 30.447 30.12 30.069 30.595 31.028 29.876 32.402 33.574 32.356 29.788 31.314 31.9 30.629 30.077 32.934 31.689 31.182 31.336 29.439 28.88 28.872 28.881 28.833 28.777 28.766 28.761 28.751 28.603 28.537 28.507 28.723 28.699 28.82 30.957 31.929 32.44
31.007 31.007 30.977 31.041 31.042 31.004 30.911 30.892 30.85 30.772 30.756 30.714 30.66 30.605 30.669 30.653 30.663 30.732 30.589 30.623 30.445 30.479 30.449 30.334 30.342 30.34 30.284 30.245 30.171 30.218 30.137 29.986 29.841 30.283 31.202 31.663 30.602 30.609 30.737 30.113 29.766 29.856 33.14 32.957 33.299 31.682 31.708 31.709 30.336 29.951 30.052 29.392 30.425 30.039 29.139 29.033 28.96 28.857 28.772 29.291 28.775 28.679 28.674 28.477 28.508 28.618 28.71 28.857 28.784 28.885 29.446 30.536
31.027 31.002 30.93 30.981 30.97 31.031 30.896 30.893 30.833 30.794 30.843 30.779 30.721 30.722 30.837 30.708 30.784 30.653 30.584 30.588 30.452 30.443 30.464 30.434 30.389 30.386 30.275 30.238 30.247 30.158 30.031 29.989 29.981 29.896 29.863 29.835 29.79 29.923 31.072 31.779 30.32 29.772 31.297 31.584 31.584 30.693 31.743 31.462 30.8 30.059 29.999 29.495 29.169 29.194 29.294 30.871 30.323 29.062 29.489 29.925 28.86 28.687 28.528 28.499 29.64 28.557 28.67 28.521 29.781 28.883 29.031 28.855
30.985 30.916 30.956 30.895 30.927 30.888 30.911 30.869 30.85 30.819 30.795 30.826 30.791 30.781 30.73 30.751 30.668 30.556 30.513 30.505 30.433 30.404 30.457 30.394 30.431 30.406 30.317 30.266 30.302 30.209 30.087 30.137 30.025 29.95 29.922 29.843 29.81 29.664 29.608 30.204 31.285 31.395 31.415 29.98 31.073 31.643 31.653 31.228 30.426 29.972 29.483 29.312 29.191 29.198 29.334 29.017 28.979 30.262 30.826 29.92 28.893 28.787 28.585 28.634 29.873 28.588 28.431 28.773 28.798 28.726 28.834 28.76
31.141 31.019 30.965 30.893 30.947 30.922 30.942 30.913 30.918 30.881 30.9 30.875 30.84 30.767 30.72 30.669 30.729 30.603 30.604 30.568 30.542 30.532 30.475 30.456 30.373 30.424 30.386 30.319 30.311 30.191 30.121 30.163 30.098 30.027 30.151 29.949 29.882 29.852 29.741 29.629 29.658 30.023 29.933 29.982 30.876 30.885 31.345 31.044 29.737 29.651 29.416 29.289 29.269 29.173 29.171 29.163 29.133 29.811 32.226 31.683 29.046 28.787 28.637 28.56 28.538 28.377 28.414 28.58 28.513 28.437 28.484 28.577
31.06 30.957 31.006 30.957 30.995 31.005 30.961 30.978 30.971 30.978 31.018 30.895 30.848 30.81 30.799 30.727 30.743 30.752 30.703 30.653 30.687 30.598 30.551 30.482 30.441 30.447 30.443 30.347 30.388 30.246 30.295 30.214 30.138 30.094 30.116 30.058 29.914 29.883 29.848 29.731 29.72 29.644 29.692 29.652 29.752 30.111 30.91 29.884 29.547 29.537 29.523 29.449 29.228 29.278 29.235 29.132 29.194 29.521 31.867 30.942 28.964 28.819 28.69 28.677 28.665 28.391 28.376 28.406 28.404 28.382 28.501 28.354
30.954 30.94 30.955 30.964 30.936 30.982 30.965 31.004 30.963 30.969 30.995 30.924 30.899 31.013 30.864 30.893 30.892 30.844 30.895 30.785 30.754 30.698 30.727 30.558 30.437 30.619 30.38 30.347 30.312 30.394 30.311 30.294 30.363 30.147 30.116 30.061 29.98 29.932 29.855 29.813 29.75 29.724 29.735 29.811 29.776 29.76 29.723 29.605 29.54 29.565 29.479 29.506 29.38 29.462 29.549 29.564 29.332 30.026 30.567 29.58 28.996 28.852 28.728 28.73 28.67 28.62 28.707 28.68 28.73 28.646 28.491 28.495
30.896 30.823 30.829 30.892 30.947 30.976 30.976 30.972 30.939 31.019 30.934 30.934 31.008 30.954 30.905 30.867 30.837 30.834 30.811 30.792 30.684 30.719 30.667 30.662 30.621 30.582 30.498 30.462 30.379 30.416 30.308 30.332 30.244 30.12 30.204 30.047 29.962 30.03 29.905 29.817 29.751 29.721 29.813 29.812 29.815 29.632 29.552 29.584 29.496 29.484 29.47 29.415 29.396 29.435 29.294 29.246 29.204 29.176 29.28 29.122 29.09 29.125 29.083 28.917 28.833 28.784 28.842 28.739 28.736 28.784 28.763 28.648
30.919 30.793 30.845 30.871 30.959 31.016 30.922 30.82 30.858 30.876 30.874 30.948 30.847 30.859 30.827 30.819 30.85 30.778 30.805 30.668 30.522 30.541 30.597 30.621 30.645 30.682 30.559 30.518 30.427 30.425 30.344 30.251 30.163 30.073 30.138 30.057 29.984 29.942 29.812 29.775 29.747 29.811 29.807 29.765 29.67 29.553 29.497 29.438 29.448 29.515 29.572 29.581 29.453 29.411 29.492 29.467 29.447 29.302 29.246 29.127 29.192 29.247 29.176 29.134 29.017 28.936 28.83 28.757 28.745 28.731 28.718 28.676
