dsm/se3331_DSM_2M.asc
ncols 500
nrows 500
xllcorner    433000
yllcorner    431000
cellsize     2
NODATA_value -9999
[rows 128 to 159 of 500, columns 288 to 359 of 500]
27.041 26.61 26.611 26.62 26.609 26.649 26.622 26.615 26.64 26.621 26.659 26.711 24.555 24.379 24.338 24.302 24.27 24.28 24.291 24.478 26.375 27.094 26.864 25.312 24.28 24.163 24.166 24.12 24.063 24.088 24.139 24.584 25.921 26.767 26.845 27.006 27.103 27.063 27.06 26.983 27.087 27.233 27.303 27.32 27.316 27.353 27.301 27.258 26.456 27.396 27.484 27.298 27.221 27.167 27.157 27.145 27.309 27.433 27.49 27.527 27.529 27.416 27.405 27.387 27.332 27.316 27.321 27.285 27.249 27.267 27.266 27.246
27.397 27.361 26.635 26.64 26.625 26.636 26.661 26.621 26.626 26.596 26.617 26.756 26.805 24.508 24.401 24.317 24.31 24.301 24.279 24.521 24.638 25.359 26.523 25.711 24.384 24.199 24.198 24.23 24.171 24.14 24.135 24.195 24.863 25.972 26.41 26.766 27.009 27.068 27.048 27.05 27.131 27.187 27.277 27.36 27.369 27.372 27.356 26.404 25.544 26.462 27.356 27.219 27.209 27.185 27.159 27.394 27.451 27.509 27.576 27.487 27.405 27.437 27.384 27.391 27.34 27.301 27.279 27.266 27.233 27.24 27.26 27.87
27.148 27.481 26.757 26.622 26.617 26.618 26.644 26.612 26.617 26.632 26.643 26.592 26.829 25.255 24.567 24.41 24.347 24.294 24.263 24.248 24.278 24.32 24.625 25.045 25 24.471 24.294 24.319 24.305 24.195 24.138 24.043 24.012 24.965 25.642 26.401 26.9 27.009 27.087 27.146 27.199 27.255 27.321 27.341 27.327 27.353 26.49 25.744 25.932 27.382 27.276 27.222 27.248 27.204 27.305 27.384 27.401 27.443 27.434 27.438 27.405 27.407 27.399 27.376 27.292 27.291 27.263 27.259 27.253 27.241 28.356 28.131
27.053 27.156 27.431 26.918 26.602 26.598 26.603 26.625 26.587 26.583 26.611 26.644 26.656 26.782 25.781 24.682 24.576 24.497 24.294 24.318 24.342 24.222 24.286 24.263 24.923 25.039 24.638 24.449 24.307 24.22 24.144 24.093 24.101 24.326 24.733 24.833 26.064 26.844 27.118 27.159 27.185 27.223 27.316 27.324 27.307 26.299 25.677 25.585 25.59 27.319 27.264 27.233 27.234 27.332 27.35 27.376 27.379 27.364 27.391 27.411 27.431 27.426 27.381 27.314 27.297 27.285 27.265 27.252 27.264 28.19 28.377 27.117
27.063 27.069 27.231 27.541 27.161 26.588 26.616 26.618 26.629 26.638 26.834 26.618 26.6 26.612 27.328 25.896 25.121 24.548 24.411 24.348 24.381 24.318 24.289 24.271 24.24 25.134 25.441 24.79 24.441 24.171 24.185 24.182 24.207 24.327 24.314 24.393 25.227 26.616 27.158 27.153 27.099 27.12 27.23 27.335 26.576 25.87 25.743 25.778 26.656 27.3 27.256 27.281 27.304 27.371 27.419 27.427 27.45 27.402 27.415 27.409 27.411 27.381 27.311 27.232 27.513 27.493 27.232 27.152 28.27 26.982 27.122 26.75
27.045 27.062 27.035 27.138 27.538 26.783 26.606 26.701 26.674 26.6 26.584 26.594 26.632 26.603 27.525 27.255 24.808 24.71 24.544 24.396 24.398 24.326 24.32 24.333 24.31 24.561 26.266 26.393 24.649 24.439 24.309 24.242 24.201 24.215 24.187 24.2 24.737 25.895 26.979 27.137 27.083 27.087 27.199 27.067 26.259 27.264 27.347 27.296 27.311 27.279 27.24 27.326 27.397 27.418 27.501 27.482 27.526 27.495 27.443 27.41 27.381 27.328 27.33 27.411 28.039 27.817 27.26 28.095 28.41 26.953 26.609 26.214
27.068 27.087 27.08 27.062 27.401 27.47 26.86 26.744 26.747 26.601 26.598 26.585 26.672 26.834 26.568 26.578 26.79 25.02 24.716 24.474 24.409 24.367 24.338 24.38 24.384 24.444 24.987 26.097 25.779 24.833 24.579 24.227 24.128 24.077 24.063 24.108 24.513 25.608 26.323 27.067 27.625 26.801 27.136 27.226 27.301 27.251 27.256 27.296 27.263 27.238 27.323 27.404 27.48 27.507 27.541 27.512 27.56 27.549 27.526 27.465 27.356 27.297 27.349 27.349 27.415 27.462 27.352 27.456 27.038 26.433 26.121 25.977
27.032 27.05 27.037 27.083 27.024 27.475 27.528 26.656 26.72 26.604 26.649 26.586 26.555 26.598 26.487 26.501 26.541 26.6 24.691 24.457 24.438 24.414 24.396 24.403 24.353 24.422 24.454 24.751 26.542 26.84 25.374 24.385 24.098 23.96 24.057 24.082 24.217 25.06 25.704 26.277 26.114 25.693 26.852 27.159 27.254 27.304 27.252 27.256 27.273 27.352 27.382 27.447 27.483 27.508 27.497 27.536 27.606 27.625 27.589 27.499 27.375 27.311 27.422 27.42 27.401 27.342 27.299 26.891 26.434 26.099 26.019 25.983
27.04 27.081 27.072 27.059 27.079 27.09 27.551 27.421 26.795 26.612 26.669 27.17 26.517 26.533 26.538 26.484 26.457 26.552 26.364 24.631 24.484 24.471 24.422 24.453 24.448 24.418 24.401 24.518 24.933 26.352 25.845 24.601 24.218 24.02 24.142 24.119 24.123 24.537 25.13 26.024 25.495 25.593 26.659 27.13 27.196 27.26 27.211 27.26 27.334 27.426 27.446 27.467 27.501 27.471 27.535 27.667 27.763 27.743 27.632 27.52 27.38 27.254 27.38 27.314 27.277 27.253 26.97 26.519 26.142 26.025 25.995 25.937
27.072 27.03 27.049 27.046 27.064 27.043 27.224 27.466 27.349 27.321 26.691 26.615 26.504 26.506 26.512 26.512 26.505 26.431 26.54 25.978 24.593 24.523 24.484 24.476 24.482 24.428 24.406 24.393 24.574 25.507 26.208 26.138 24.777 24.253 24.154 24.123 24.334 24.797 25.439 25.403 25.884 26.673 27.037 27.103 27.146 27.214 27.199 27.295 27.369 27.394 27.466 27.469 27.488 27.529 27.721 27.868 27.979 27.929 27.773 27.588 27.412 27.304 27.255 27.228 27.164 26.728 26.301 26.171 26.018 26 25.952 25.87
27.126 27.056 27.01 27.076 27.069 27.062 27.078 27.276 27.208 27.607 27.025 26.534 26.564 26.496 26.527 26.792 26.534 26.506 26.565 26.512 26.527 24.65 24.505 24.459 24.385 24.41 24.388 24.354 24.376 24.634 25.237 26.188 25.774 25.537 24.891 24.473 25.015 25.509 25.336 25.863 26.667 26.906 27.017 27.105 27.184 27.142 27.185 27.27 27.381 27.428 27.465 27.498 27.545 27.634 27.849 28.25 27.011 28.026 27.9 27.7 27.465 27.276 27.228 27.188 26.844 26.327 26.09 26.055 26.02 26.008 25.956 25.79
27.148 27.054 27.079 27.044 27.08 27.049 27.07 27.246 27.17 27.435 27.308 26.568 26.567 26.539 26.549 26.554 26.544 26.522 26.509 26.458 26.593 26.294 24.635 24.555 24.447 24.489 24.442 24.411 24.41 24.407 24.52 25.174 27.266 26.896 25.469 25.343 25.672 25.385 25.74 26.666 26.973 26.979 27.017 27.157 27.244 27.228 27.205 27.279 27.313 27.406 27.47 27.518 27.604 27.778 27.889 27.949 28.316 28.038 27.843 27.609 27.39 27.147 26.931 26.723 26.381 26.153 26.062 26.025 25.987 26.008 25.909 25.744
27.096 27.018 27.041 27.075 27.069 27.092 27.207 27.157 27.267 27.219 27.492 26.772 26.576 26.534 26.562 26.524 26.54 26.542 26.559 26.543 26.447 26.552 25.802 24.693 24.584 24.468 24.444 24.412 24.44 24.401 24.404 24.596 26.452 29.541 28.091 26.201 25.597 25.888 26.664 26.872 26.982 27.034 27.106 27.175 27.251 27.31 27.318 27.268 27.245 27.307 27.366 27.491 27.577 27.757 27.845 27.931 28.033 28.009 27.823 27.502 27.227 26.865 26.583 26.361 26.134 26.089 26.054 26.046 26.046 27.098 25.877 26.07
27.203 27.046 27.067 27.076 27.05 27.12 27.07 27.132 27.135 27.136 27.199 27.591 26.836 26.544 26.567 26.541 26.571 26.638 26.575 26.58 26.513 26.464 26.956 25.257 24.7 24.569 24.461 24.411 24.445 24.428 24.371 24.458 25.638 29.038 28.07 26.129 26.403 26.774 26.886 27.046 27.086 27.092 27.166 27.256 27.321 27.37 27.382 27.378 27.262 27.289 27.301 27.375 27.466 27.621 27.772 27.898 27.886 27.98 27.84 27.406 27.102 26.712 26.38 26.205 26.127 26.079 26.061 26.056 25.959 26.269 25.86 25.899
27.442 27.133 27.051 27.053 27.099 27.055 27.097 27.109 27.106 27.097 27.139 27.178 27.48 27.126 26.567 26.557 26.525 26.548 26.542 26.57 26.521 26.455 26.424 26.473 25.803 24.672 24.524 24.481 24.459 24.474 24.397 24.577 26.159 28.133 27.595 26.95 26.929 26.969 27.022 27.094 27.143 27.167 27.229 27.307 27.358 27.372 27.37 27.28 27.282 27.286 27.261 27.285 27.373 27.502 27.575 27.608 28.158 28.005 27.7 27.129 26.751 26.383 26.218 26.122 26.108 26.092 26.118 26.008 26.17 27.457 25.958 25.463
27.504 27.497 27.205 27.088 27.109 27.082 27.115 27.141 27.131 27.129 27.102 27.093 27.16 27.44 26.696 26.538 26.57 26.567 26.567 26.589 26.555 26.491 26.436 26.385 26.481 25.267 24.574 24.502 24.521 24.47 24.49 25.392 25.653 25.815 27.111 27.105 27.046 27.05 27.11 27.142 27.14 27.204 27.261 27.296 27.331 27.379 27.321 27.281 27.281 27.288 27.251 27.275 27.298 27.375 27.429 27.41 28.107 28.101 27.377 26.767 26.454 26.243 26.171 26.121 26.118 26.133 26.041 26.445 26.427 28.492 25.579 25.094
27.421 27.444 27.55 27.12 27.072 27.066 27.132 27.101 27.081 27.133 27.127 27.056 27.099 27.457 27.487 26.715 26.556 26.556 26.575 26.563 26.575 26.548 26.486 26.436 26.37 26.714 25.138 24.617 24.629 25.191 25.302 25.501 25.671 26.719 27.081 27.165 27.099 27.055 27.095 27.19 27.212 27.26 27.246 27.29 27.32 27.317 27.299 27.321 27.319 27.324 27.244 27.251 27.22 27.197 27.223 27.219 27.147 27.294 26.754 26.458 26.236 26.209 26.156 26.154 26.184 26.08 26.492 26.284 26.619 26.975 25.785 25.201
27.466 27.428 27.423 27.378 27.207 27.078 27.091 27.079 27.091 27.083 27.18 27.1 27.095 27.098 27.229 27.315 26.711 26.53 26.589 26.588 26.574 26.59 26.53 26.483 26.441 26.387 26.235 25.827 25.007 25.791 25.658 25.825 26.952 27.193 27.222 27.177 27.186 27.103 27.104 27.172 27.211 27.264 27.28 27.256 27.28 27.332 27.334 27.325 27.323 27.28 27.275 27.202 27.145 27.093 26.997 26.942 26.875 26.67 26.382 26.246 26.213 26.123 26.135 26.181 26.172 26.699 26.448 26.662 26.878 25.651 25.123 25.14
27.395 27.4 27.435 27.445 27.4 27.169 27.095 27.12 27.096 27.067 27.099 27.103 27.102 27.112 27.092 27.422 27.459 26.748 26.59 26.567 26.586 26.608 26.605 26.541 26.498 26.506 26.552 27.118 26.235 25.685 25.942 27.154 27.232 27.248 27.213 27.202 27.225 27.2 27.189 27.204 27.229 27.293 27.312 27.291 27.277 27.307 27.329 27.253 27.312 27.257 27.209 27.201 27.053 26.917 26.819 26.657 26.527 26.401 26.251 26.218 26.166 26.143 26.092 26.105 26.352 26.438 27.074 27.1 25.937 25.046 25.081 25.146
27.366 27.369 27.437 27.447 27.514 27.456 27.098 27.105 27.08 27.112 27.049 27.156 27.152 27.127 27.125 27.115 27.385 27.454 26.58 26.573 26.591 26.572 26.594 26.602 26.564 26.559 26.523 26.328 25.819 26.417 27.116 27.205 27.202 27.191 27.197 27.196 27.21 27.261 27.247 27.237 27.282 27.331 27.315 27.283 27.274 27.291 27.303 27.275 27.257 27.238 27.202 27.045 26.904 26.738 26.585 26.489 26.364 26.285 26.223 26.172 26.16 26.101 26.084 26.076 26.711 26.834 27.138 25.651 25.3 25.163 25.154 25.2
27.544 27.368 27.393 27.592 27.44 27.414 27.366 27.196 27.092 27.072 27.122 27.121 27.052 27.089 27.068 27.095 27.154 27.271 27.289 26.754 26.575 26.693 26.62 26.68 26.611 26.568 26.224 25.69 25.753 27.282 27.127 27.13 26.969 27.064 27.16 27.196 27.243 27.253 27.253 27.281 27.316 27.24 27.278 27.307 27.312 27.318 27.321 27.306 27.277 27.249 27.199 27.069 26.872 26.603 26.404 26.334 26.274 26.244 26.176 26.103 26.061 26.073 25.962 26.017 26.104 26.788 26.233 25.948 25.324 25.16 25.186 25.197
32.696 27.576 27.407 27.446 27.454 27.528 27.425 27.389 27.117 27.119 27.111 27.124 27.103 27.099 27.1 27.127 27.109 27.153 27.402 27.292 26.613 26.604 26.571 26.582 26.624 26.293 25.703 26.691 27.167 27.106 27.127 26.967 26.932 26.946 27.095 27.169 27.224 27.253 27.253 27.273 27.301 27.295 27.261 27.243 27.295 27.274 27.289 27.294 27.285 27.221 27.153 27.008 26.77 26.506 26.3 26.295 26.266 26.231 26.221 26.222 26.207 26.12 26.045 26.037 26.065 26.107 26.2 25.986 25.881 25.509 25.22 25.212
33.577 32.699 27.599 27.416 27.43 27.531 27.448 27.426 27.406 27.081 27.077 27.068 27.138 27.111 27.072 27.092 27.073 27.088 27.141 27.386 27.326 26.606 26.575 26.892 26.085 25.739 26.614 26.701 27.473 27.146 27.105 27.692 26.972 26.928 26.941 27.067 27.153 27.227 27.252 27.285 27.278 27.285 27.266 27.272 27.273 27.279 27.296 27.332 27.272 27.182 26.981 26.779 26.458 26.344 26.296 26.235 26.244 26.216 26.209 26.235 26.216 26.177 26.116 26.033 26.053 26.097 26.278 26.248 26.09 26.37 25.277 25.258
32.446 31.828 32.834 27.478 27.399 27.438 27.493 27.465 27.438 27.363 27.123 27.157 27.101 27.091 27.117 27.088 27.058 27.082 27.112 27.228 27.411 27.325 26.631 26.04 25.695 26.672 26.838 26.473 27.2 27.161 29.883 32.645 28.327 26.982 26.958 26.989 27.113 27.161 27.253 27.277 27.295 27.271 27.279 27.32 27.27 27.306 27.286 27.248 27.165 27.111 26.902 26.581 26.391 26.318 26.276 26.298 26.246 26.199 26.096 26.044 26.078 26.186 26.17 26.124 26.064 26.062 26.138 26.133 26.16 26.058 26.294 25.323
32.428 32.402 33.075 28.858 27.491 27.435 27.411 27.495 27.485 27.403 27.396 27.105 27.114 27.081 27.134 27.091 27.118 27.094 27.212 27.277 27.342 27.446 27.195 25.887 27.203 27.148 26.909 27.169 27.311 31.64 32.77 33.216 32.688 27.283 27.008 26.933 27.013 27.106 27.2 27.265 27.279 27.294 27.32 27.305 27.294 27.291 27.247 27.988 27.339 26.907 26.665 26.396 26.335 26.302 26.266 26.258 26.137 26.046 25.905 26.057 25.933 26.13 26.198 26.152 26.114 26.018 26.003 26.035 26.225 26.256 26.2 26.321
32.432 32.617 32.637 33.121 29.414 27.375 27.408 27.421 27.45 27.458 27.445 27.287 27.112 27.109 27.077 27.081 27.084 27.085 27.106 27.086 27.257 26.227 27.358 27.35 27.298 27.31 27.152 27.154 31.816 32.866 33.343 33.422 32.871 29.624 27.01 26.901 26.85 26.947 27.075 27.207 27.254 27.286 27.352 27.341 27.302 27.26 27.196 27.056 26.822 26.586 26.349 26.236 26.291 26.241 26.248 26.163 25.97 26.105 26.038 25.907 25.855 25.883 26.085 26.154 26.143 26.139 26.069 26.067 26.087 26.226 26.407 26.019
32.954 32.621 32.644 32.62 32.497 31.995 27.448 27.323 27.435 27.469 27.457 27.429 27.39 27.052 27.066 27.087 27.107 27.08 27.107 27.219 25.872 25.768 27.118 27.221 28.624 28.162 27.079 30.851 32.817 33.243 33.453 32.931 32.342 27.181 26.942 26.947 26.856 26.826 26.91 27.046 27.197 27.297 27.323 27.335 27.28 27.32 27.227 26.952 26.653 26.431 26.337 26.314 26.311 26.233 26.117 26.027 27.341 26.863 26.326 25.853 25.821 25.855 25.904 26.103 26.108 26.109 26.115 26.043 26.053 26.096 26.187 26.253
33.712 32.633 32.654 32.657 32.695 33.367 28.875 27.376 27.409 27.4 27.46 27.472 27.422 27.298 27.09 27.098 27.095 27.104 27.253 25.823 25.848 27.1 27.21 28.046 28.373 28.044 32.416 32.951 33.58 33.257 32.776 31.784 27.611 26.996 26.926 26.868 26.775 26.679 26.732 26.85 27.059 27.202 27.214 27.215 27.205 27.167 27.129 27.299 26.567 26.368 26.308 26.28 26.246 26.152 26.063 26.039 27.18 27.073 25.889 25.816 25.795 25.817 25.843 25.906 26.106 26.14 26.127 26.123 26.051 26.052 26.076 26.189
29.766 31.661 32.713 32.605 32.317 31.508 32.655 28.331 27.41 27.404 27.46 27.465 27.41 27.401 27.204 27.108 27.13 26.641 26.277 26.682 27.066 27.169 27.187 28.752 30.986 32.598 32.888 33.533 33.205 32.699 29.554 27.035 26.966 26.934 26.873 26.82 26.793 26.727 26.699 26.68 26.806 26.925 27.013 27.003 26.994 26.862 26.657 26.584 26.41 26.353 26.32 26.269 26.209 26.102 25.996 26.02 26.017 26.294 26.822 25.816 25.789 25.795 25.843 25.871 25.927 26.125 26.154 26.131 26.034 26.023 26.074 26.07
31.668 32.592 32.057 32.726 32.682 33.576 30.412 27.467 27.357 27.376 27.358 27.431 27.412 27.355 27.372 27.11 27.138 25.997 26.599 27.026 27.175 27.188 27.044 27.066 31.712 32.982 33.352 33.285 32.598 28.677 26.976 26.904 26.907 26.782 29.847 27.971 26.873 26.727 26.656 26.574 26.553 26.713 26.753 26.747 26.657 26.49 26.43 26.339 26.301 26.279 26.195 26.13 26.087 25.983 26.025 26.027 25.924 25.887 26.106 26.371 25.738 25.715 25.757 25.79 25.799 25.927 26.058 26.086 26.063 25.979 25.971 26.024
32.832 30.176 32.65 33.185 33.579 29.349 27.546 27.542 27.346 27.385 27.352 27.381 27.403 27.434 27.355 27.394 26.116 25.875 27.085 27.184 27.2 27.242 27.003 26.973 28.068 33.256 33.06 32.638 29.491 27.245 26.915 26.931 26.838 30.024 31.83 27.029 26.944 26.878 26.732 26.621 26.601 26.512 26.526 26.56 26.508 26.38 26.324 26.243 26.285 26.133 26.065 25.984 25.967 26.011 25.853 25.863 25.839 25.883 25.802 26.656 26.771 25.743 25.707 25.709 25.742 25.713 25.99 26.082 26.054 26.029 25.999 25.992
32.743 32.524 31.449 30.994 29.672 27.652 27.618 27.566 27.521 27.367 27.352 27.361 27.408 27.414 27.384 27.363 27.014 27.339 27.178 27.18 27.235 27.177 27.145 27.004 26.98 28.1 32.34 28.565 26.951 26.926 26.907 26.825 30.631 32.404 27.019 26.952 26.921 26.91 26.788 26.694 26.6 26.557 26.534 26.482 26.421 26.377 26.289 26.263 26.224 26.023 25.923 25.879 26.034 25.845 25.78 25.832 25.848 25.868 25.806 25.806 26.872 26.606 25.743 25.659 25.737 25.75 25.796 26.073 26.05 26.045 26.036 25.995
