dsm/se3334_DSM_2M.asc
ncols 500
nrows 500
xllcorner    433000
yllcorner    434000
cellsize     2
NODATA_value -9999
[rows 96 to 127 of 500, columns 216 to 287 of 500]
53.03 52.938 52.921 52.788 52.666 52.612 52.488 51.936 51.86 51.851 51.771 51.742 51.716 51.679 51.656 51.565 51.605 52.503 51.62 52.484 51.545 51.385 51.372 51.305 51.988 51.296 53.61 55.289 57.678 58.68 58.965 57.749 56.557 51.392 50.802 50.933 50.525 50.229 49.966 49.954 49.977 49.895 49.951 50.156 49.934 50.05 49.987 54.608 57.419 57.059 52.333 49.761 49.557 49.467 49.259 49.239 49.245 49.155 49.861 50.43 49.312 48.694 49.439 49.605 50.475 50.715 50.709 50.141 50.197 49.801 48.596 48.462
53.411 53.719 54.033 52.944 52.618 52.062 51.963 51.919 51.874 51.773 51.722 51.675 51.599 51.58 51.562 51.682 52.33 51.749 51.827 51.932 51.473 51.271 51.175 51.219 52.499 51.139 55.889 57.527 59.045 59.355 57.932 56.744 52.29 50.742 50.783 50.686 50.19 50.025 49.978 49.979 49.935 50.014 50.578 50.061 49.937 49.818 51.4 57.031 57.204 55.181 49.722 49.664 49.54 49.372 49.226 49.151 49.164 50.006 49.731 49.913 49.488 49.457 50.844 50.289 48.871 49.337 50.096 49.355 49.129 50.09 50.035 48.44
52.692 52.591 52.447 52.39 52.25 52.093 51.952 51.878 51.743 51.731 51.716 51.608 51.558 51.461 51.516 51.832 51.732 51.662 51.546 52.567 51.856 51.628 51.084 51.178 54.837 51.518 54.766 57.038 58.41 57.71 56.412 53.114 50.846 50.686 50.643 50.939 50.038 50.019 50.057 50.011 49.969 50.747 50.404 49.968 49.926 49.949 54.887 57.417 56.395 53.118 49.649 49.482 49.335 49.192 49.204 49.198 49.178 50.079 49.344 49.1 49.103 49.206 50.365 50.649 49.494 49.053 49.954 53.137 54.159 52.465 50.128 49.776
52.747 52.651 52.448 52.362 52.262 52.073 51.914 51.783 51.709 51.637 51.574 51.542 51.495 51.393 51.485 51.674 51.863 51.584 51.455 51.387 52.663 51.816 53.488 55.158 56.251 52.202 51.043 52.301 56.738 56.442 52.291 52.636 51.121 50.745 50.443 50.112 50.032 50.065 49.971 49.974 50.03 50.235 51.042 50.082 49.949 52.977 56.977 57.293 55.283 49.845 49.727 49.52 49.241 49.188 49.197 49.223 49.265 50.881 50.481 49.425 48.967 48.974 50.326 48.842 49.261 49.498 51.256 54.266 55.346 54.915 53.252 49.496
52.608 52.603 52.426 52.316 52.217 52.228 52.134 51.95 51.718 51.563 51.475 51.446 51.356 51.29 51.393 51.506 51.562 51.529 51.387 51.237 51.512 54.987 57.094 57.91 57.695 55.449 51.966 51.1 52.064 52.496 50.851 50.777 51.773 50.445 50.104 50.012 50.072 50 50.066 50.233 50.056 49.977 49.957 50.05 50.161 50.955 55.733 55.887 51.265 49.73 49.596 49.355 49.327 49.282 49.246 49.267 50.189 50.943 50.232 50.321 48.977 48.894 48.984 48.774 48.859 49.706 52.408 55.304 56.204 54.857 53.611 49.499
52.814 54.025 52.633 52.323 52.218 52.383 52.291 52.082 51.738 51.521 51.387 51.399 51.368 51.291 51.254 51.275 51.552 51.423 51.32 52.555 56.758 57.678 58.525 59.3 58.72 57.238 52.53 50.915 50.932 50.811 50.717 50.765 50.51 50.128 49.985 50.07 50.026 50.052 50.495 50.196 49.957 49.928 49.958 53.406 50.071 50.047 50.107 50.378 49.775 49.672 49.467 49.727 50.328 49.264 49.6 49.819 49.534 49.636 50.435 49.367 49.049 49.092 48.874 48.738 49.022 48.723 53.687 55.939 55.576 54.197 49.902 48.656
53.403 53.157 52.851 52.415 52.289 52.441 52.209 52.016 51.696 51.497 51.306 51.289 51.302 51.198 51.137 51.304 52.932 51.554 51.609 52.581 57.456 59.006 59.211 58.411 57.214 56.177 51.458 50.824 50.836 50.881 50.429 50.464 50.161 50.044 50.087 50.057 50.074 50.182 50.252 50.421 49.939 52.529 53.788 55.799 54.229 50.036 50.523 50.482 49.826 49.705 51.223 50.64 49.979 49.321 49.759 50.617 51.059 49.214 49.079 48.917 48.892 49.011 50.911 48.759 48.738 51.36 54.288 55.036 55.001 53.721 49.915 49.577
53.776 53.508 52.992 53.617 54.752 55.313 52.481 52.138 51.809 51.43 51.229 51.231 51.223 51.199 51.11 51.176 53.126 52.017 51.132 50.991 55.621 58.27 57.524 56.649 52.395 50.807 50.782 50.8 50.827 50.638 50.346 50.038 50.067 50.093 50.053 50.046 50.891 50.151 50.027 49.882 52.605 54.035 56.119 56.701 55.665 51.413 49.98 52.883 51.068 53.745 59.538 60.588 52.397 49.523 49.53 49.223 50.742 50.835 49.383 48.955 48.956 48.872 48.81 49.18 49.911 50.371 52.791 54.093 54.102 50.039 48.483 48.795
54.083 53.562 54.536 55.171 55.164 55.201 52.876 52.303 52.061 51.431 51.29 51.168 51.165 51.172 51.079 51.035 51.128 51.296 51.115 51.049 51.946 56.628 53.408 51.351 50.909 50.775 50.704 51.151 50.387 50.155 50.097 50.111 50.1 50.068 50.119 50.261 50.472 50.093 49.936 49.931 53.553 56.451 56.623 56.041 52.401 49.904 49.903 50.425 54.248 52.198 61.263 61.02 58.969 51.763 49.201 49.117 49.379 49.753 49.653 48.962 48.917 48.837 48.954 48.96 49.157 49.429 48.641 49.394 52.622 49.198 48.503 48.46
53.252 53.283 53.228 55.158 55.188 55.128 52.923 52.514 51.973 51.528 51.247 51.097 51.117 51.065 50.955 50.979 51.011 51.194 51.171 51.065 50.925 52.288 50.82 50.753 50.801 50.955 50.697 50.456 50.206 50.087 50.094 50.09 50.09 50.183 50.38 50.556 50.134 50.395 50.133 55.209 56.561 56.794 55.735 52.529 49.958 49.914 49.911 49.846 53.168 54.959 58.69 58.127 52.421 49.559 49.269 49.115 49.208 49.069 49.201 48.91 49.744 48.876 48.991 51.255 54.518 54.068 49.816 48.836 48.858 49.519 48.613 49.094
54.07 55.32 53.744 53.445 53.877 53.264 52.819 52.138 52.264 52.048 51.219 51.007 50.993 51.034 50.967 50.927 50.976 50.888 51.082 51.061 50.97 50.911 50.764 50.736 50.854 50.793 50.294 50.232 50.158 50.162 50.115 50.123 50.641 50.441 50.229 50.218 50.09 50.1 54.417 56.657 57.133 55.593 52.193 50.101 49.952 49.91 49.882 49.8 49.799 50.297 56.079 55.339 50.804 50.029 51.397 50.72 49.153 49.007 48.935 48.912 48.821 48.921 49.026 52.91 55.42 55.538 54.668 52.906 49.344 48.85 48.517 48.371
55.403 55.854 54.021 52.928 52.468 52.336 52.7 52.306 52.804 51.409 51.155 51.015 50.901 50.94 50.935 50.841 50.838 50.82 50.839 51.099 50.972 50.952 50.803 50.753 50.377 50.256 50.217 50.252 51.539 51.133 50.283 50.742 50.274 50.418 50.222 50.315 50.519 55.754 56.976 56.823 55.476 50.365 49.769 49.811 49.898 49.904 49.857 49.804 49.744 49.783 50.021 50.452 49.642 49.281 52.253 50.201 50.03 49.116 49.033 48.937 48.73 48.665 51.478 54.852 56.59 55.462 54.326 50.158 48.637 48.717 48.453 48.315
55.274 55.87 53.832 52.813 52.375 52.119 52.011 51.784 51.265 51.215 51.384 50.997 50.846 50.822 50.853 50.835 50.758 50.705 50.667 50.668 50.835 50.583 50.627 50.404 50.291 50.296 50.286 50.556 52.034 50.721 50.609 50.242 50.102 50.013 50.118 52.609 55.34 56.685 56.174 55.307 50.76 50.141 49.842 49.808 49.811 49.832 49.839 50.845 49.807 49.737 49.76 49.613 49.467 51.07 49.822 49.192 49.226 49.276 49.2 48.896 49.133 51.387 53.297 55.592 56.56 54.648 51.107 48.718 48.686 48.689 48.452 48.332
55.872 55.882 53.673 52.702 52.383 52.771 51.372 51.316 51.19 51.129 51.071 50.995 50.815 50.707 50.782 50.769 50.736 50.691 50.57 50.556 50.496 50.412 50.4 50.391 50.358 50.3 50.252 50.291 50.398 50.37 50.299 50.035 49.941 50.038 53.645 55.599 56.854 56.483 55.129 50.485 50.3 49.963 49.903 49.856 49.837 49.842 49.979 49.83 49.844 50.692 49.587 49.365 49.61 50.467 49.271 49.193 49.184 49.156 49.175 49.12 49.886 51.854 54.383 55.344 55.376 53.942 48.653 48.74 48.869 48.568 48.405 48.422
55.404 54.176 53.12 52.233 52.866 53.123 52.43 51.878 51.141 51.037 51.102 51.24 50.812 50.67 50.69 50.717 50.641 50.641 50.563 50.518 50.471 50.43 50.406 50.323 50.346 50.339 50.374 50.337 50.504 50.342 50.163 50.175 50.096 53.272 55.461 56.806 56.144 55.339 50.738 49.975 50.014 50.5 49.992 49.95 49.91 49.795 49.862 50.842 51.124 50.44 49.543 49.337 50.403 49.396 50.422 49.901 49.727 49.133 49.279 49.129 49.246 49.321 49.646 53.879 54.588 51.019 48.572 48.622 48.792 48.511 48.453 48.442
55.301 53.506 53.472 52.487 53.247 53.542 51.806 51.028 51.083 51.028 51.056 51.104 50.816 50.619 50.581 50.605 50.636 50.618 50.56 50.514 50.518 50.387 50.299 50.279 50.353 50.423 50.355 50.337 50.641 50.45 50.08 50.079 52.833 55.912 57.083 56.478 52.369 50.413 49.879 49.91 50.01 49.981 50.106 50.036 49.93 49.845 49.906 50.215 51.448 50.003 49.889 50.629 50.597 49.208 49.183 50.532 51.348 49.2 49.525 49.103 52.863 50.63 50.095 49.521 49.665 48.621 48.591 48.543 48.588 48.432 48.57 48.5
54.481 53.205 53.311 52.98 51.746 54.625 56.371 56.059 55.448 51.085 51.042 51.016 50.71 50.539 50.548 50.545 50.554 50.522 50.523 50.452 50.43 50.394 50.351 50.378 51.057 50.79 50.307 50.491 50.388 50.396 50.292 50.049 50.786 54.368 56.162 52.53 49.752 50.034 50.043 49.972 49.945 49.931 49.979 50.096 49.91 50.019 50.044 50.193 49.679 49.714 49.605 49.93 49.433 50.181 50.505 50.545 51.137 49.833 49.254 50.448 55.158 54.989 53.549 49.663 49.065 48.714 48.658 49.331 48.588 48.531 48.518 48.525
53.532 53.27 51.593 51.463 51.216 55.76 57.841 58.088 56.645 51.189 50.989 50.902 50.757 50.585 50.427 50.477 50.472 50.471 50.444 50.378 50.351 50.402 50.383 50.358 50.285 50.253 50.427 50.308 50.22 50.258 50.356 50.28 50.066 51.367 51.411 50.35 49.855 49.892 49.906 50.021 50.001 49.921 49.936 49.984 50.019 50.14 50.434 50.143 50.035 51.59 49.578 49.683 50.248 50.83 51.061 49.212 50.819 49.836 53.056 54.84 56.457 55.958 54.956 53.124 49.878 49.073 49.562 48.635 48.562 48.58 48.528 48.581
51.75 51.368 51.366 51.311 51.144 55.054 57.785 58.101 57.078 52.649 51.027 51.219 50.876 50.557 50.385 50.405 50.407 50.416 50.34 50.287 50.371 50.465 50.344 50.264 50.24 50.703 50.949 50.2 50.153 50.271 55.592 51.209 50.334 50.246 49.998 49.903 50.086 49.989 49.873 49.986 50.875 49.976 50.274 49.979 50.137 50.553 51.145 50.611 50.238 50.096 49.496 49.441 49.531 49.932 49.577 49.21 49.785 49.234 53.516 57.295 56.946 55.399 54.218 49.045 48.962 48.92 48.719 48.598 48.577 48.577 48.635 48.679
51.513 51.383 51.349 51.302 51.544 51.756 57.271 58.362 57.371 56.326 51.072 50.868 51.217 50.552 50.352 50.352 50.33 50.306 50.247 50.266 50.308 51.282 50.466 50.263 50.202 50.757 50.543 50.237 50.156 53.232 56.825 57.036 55.392 50.2 50.202 50.008 50.11 50.073 50.147 50.093 50.326 50.74 49.93 50.038 50.447 51.348 51.214 49.815 49.703 49.667 49.686 49.473 49.444 49.439 49.494 50.151 49.683 52.997 55.386 56.67 56.014 54.532 49.554 49.052 49.078 49.247 48.67 48.671 48.633 48.64 48.702 48.952
51.476 51.45 51.347 51.285 51.426 51.3 56.902 58.076 57.812 56.699 51.992 50.852 51.31 50.771 50.359 50.261 50.266 50.241 50.173 50.218 50.251 50.997 50.251 50.201 50.46 51.004 50.695 50.336 50.279 56.319 57.73 56.802 50.672 50.107 50.119 50.168 50.108 50.178 50.15 50.107 50.122 50.093 50.012 50.306 51.062 51.157 49.819 49.764 49.813 49.749 49.751 49.658 49.517 49.454 49.371 49.678 50.652 50.127 54.525 55.368 54.962 50.408 49.193 49.097 49.138 48.782 48.651 48.67 48.663 48.727 48.766 48.745
51.495 51.463 51.784 52.121 51.6 51.311 55.637 58.257 57.978 56.878 52.864 50.905 50.701 50.535 50.29 50.122 50.18 50.204 50.16 50.153 50.197 50.737 50.348 50.107 50.624 51.457 50.504 50.389 53.585 56.864 57.487 55.772 50.218 50.088 50.138 50.105 50.198 50.189 50.126 50.165 50.159 50.167 50.349 51.221 51.08 50.994 50.474 54.257 51.218 49.804 49.819 49.787 49.667 49.486 49.388 49.77 50.639 49.401 49.112 52.698 51.516 49.003 49.101 49.098 49.032 48.747 48.781 48.739 48.699 48.759 48.758 48.744
51.503 51.963 51.66 51.375 51.322 51.71 52.114 57.127 58 52.794 51.481 50.835 50.583 50.718 50.294 50.143 50.059 50.111 50.148 50.05 50.12 50.091 50.11 50.067 50.351 50.926 50.442 50.482 54.955 56.9 57.144 52.67 50.944 50.125 50.211 50.117 50.064 50.265 50.18 50.171 50.205 50.234 50.432 51.104 50.618 49.933 49.879 54.779 54.12 49.771 49.768 49.644 49.667 49.71 49.433 53.629 55.505 53.614 49.472 49.14 48.974 48.998 49.053 49.383 48.851 48.751 48.786 48.692 48.756 49.283 49.281 48.799
52.028 51.894 51.495 51.389 51.337 51.217 51.46 51.573 52.228 51.661 51.322 51.59 51.387 51.064 50.233 50.082 49.986 50.011 50.053 49.924 50.036 50.037 50.007 50.035 50.064 50.431 50.338 50.431 55.211 57.728 57.016 51.165 50.173 50.149 50.129 50.153 50.124 50.044 49.971 50.809 50.196 50.363 50.037 50.124 50.453 49.941 49.821 49.844 50.461 49.756 49.799 49.724 49.674 49.664 53.919 55.774 56.498 55.452 53.977 50.859 49.099 48.994 48.945 49.04 49.905 48.82 48.815 48.833 49.085 48.869 48.817 48.786
51.827 52.9 51.801 51.384 51.304 51.248 51.152 51.051 51.917 52.473 51.184 51.283 50.531 50.537 50.227 50.066 49.907 49.875 49.918 50.024 49.91 49.984 50.102 51.407 50.56 50.376 50.279 50.274 54.689 57.074 55.698 53.375 50.762 50.108 50.097 50.094 50.137 49.949 49.956 50.036 50.889 50.903 53.811 52.916 50.853 49.882 49.872 49.863 49.874 49.84 49.762 49.654 49.441 51.02 55.536 56.955 56.798 55.289 51.757 49.338 49.719 49.745 48.922 48.819 48.839 48.818 48.805 48.914 49.398 48.899 48.864 48.833
51.328 51.317 51.642 51.357 51.257 51.21 52.083 51.809 52.558 52.987 50.756 50.638 50.402 50.319 51.046 50.03 49.85 49.942 49.848 49.837 49.829 49.913 50.225 51.57 51.51 50.212 50.239 50.184 51.606 54.35 54.281 51.57 50.155 50.066 50.045 50.073 50.193 50.357 50.548 50.708 50.185 50.651 54.626 54.684 52.912 49.846 50.073 49.806 49.872 49.811 49.912 51.064 52.823 55.522 56.565 56.784 55.624 54.237 49.382 49.336 49.156 49.076 48.932 48.904 48.881 48.834 48.916 49.312 49.527 49.681 49.043 48.859
51.224 51.224 51.236 51.534 51.359 51.737 50.947 50.657 50.413 52.891 51.558 50.421 50.423 50.338 50.648 50.195 49.855 49.814 49.786 49.76 49.685 49.806 49.824 50.979 50.81 50.157 50.105 50.052 50.503 50.016 50.96 50.546 50.186 50.098 50.052 50.188 50.097 50.135 50.6 50.371 49.958 49.81 53.018 53.38 50.2 49.759 49.766 49.777 49.824 49.774 51.014 54.629 53.916 54.274 55.424 55.541 51.884 49.47 49.451 49.294 49.21 49.069 48.935 48.977 50.031 49.171 48.996 49.633 49.716 50.247 49.575 49.197
51.286 51.099 51.439 51.175 50.997 50.77 50.651 50.587 50.342 51.301 50.381 50.326 50.485 50.476 50.607 50.329 49.849 49.705 49.733 49.727 49.643 49.663 49.744 50.372 50.374 49.959 49.817 49.915 49.777 52.481 49.692 50.177 49.972 49.931 50.188 50.517 51.075 51.096 49.936 50.043 49.801 49.739 50.317 50.624 49.806 49.746 49.705 49.759 49.82 49.71 53.404 54.62 54.084 53.495 54.361 54.564 49.886 49.433 49.808 49.339 49.177 48.968 48.965 49.704 49.341 50.089 49.418 49.496 50.252 51.543 54.401 52.636
51.158 51.098 51.721 51.079 50.649 50.676 50.502 50.285 51.332 55.899 52.016 50.232 50.322 50.32 50.225 50.753 49.857 49.788 49.664 49.608 49.61 49.543 49.668 50.065 49.963 49.695 53.313 55.067 55.739 55.104 50.631 49.798 49.759 50.464 50.177 50.008 50.048 50.122 49.872 49.777 49.878 50.046 50.972 49.807 50.941 49.854 49.725 49.957 50.304 52.714 55.286 56.835 54.712 53.747 51.047 49.314 49.382 49.33 49.701 49.57 49.021 49.011 49.007 49.736 49.104 49.972 49.257 49.275 50.542 51.337 52.864 53.786
55.689 51.589 52.452 50.781 50.538 50.478 51.245 51.522 55.755 56.706 57.343 51.933 50.478 50.123 50.067 50.887 49.812 49.723 49.577 49.555 49.553 49.509 49.549 49.682 50.712 50.262 54.032 56.472 57.17 55.728 50.889 51.548 50.13 50.007 49.929 49.858 49.869 50.076 49.842 49.73 49.695 49.709 49.762 49.927 52.032 55.856 52.378 49.897 53.992 55.752 56.944 56.71 55.896 54.43 50.129 49.533 49.309 50.014 49.349 49.075 49.038 48.984 48.957 49.065 49.598 49.408 49.304 52.567 54.978 53.971 51.642 49.939
54.269 51.463 51.748 50.564 50.383 50.334 50.876 55.972 57 57.411 56.744 55.673 50.258 50.127 50.061 50.032 49.879 49.69 49.531 49.492 49.455 49.448 49.462 49.53 50.262 49.776 53.255 56.081 57.648 56.5 54.171 49.682 49.659 49.702 49.801 50.006 49.82 49.725 50.01 49.743 49.685 49.684 50.378 53.915 53.077 52.939 51.046 53.471 55.896 56.915 57.302 56.218 54.974 51.042 49.467 49.439 49.846 49.229 49.091 49.105 49.129 49.007 49.06 49.346 49.464 50.19 49.437 54.49 56.114 55.512 54.477 51.778
54.347 53.42 53.625 52.82 50.267 52.889 56.039 56.844 57.377 56.537 55.766 50.915 50.173 50.115 50.057 49.981 50.215 49.683 49.527 49.395 49.419 49.37 49.287 49.484 50.151 50.459 51.354 55.702 57.197 56.533 55.217 51.031 49.763 49.828 49.685 49.7 49.654 50.163 50.271 49.76 49.668 49.7 53.182 55.193 55.202 53.478 54.127 55.801 56.956 57.251 56.192 54.931 50.132 49.463 49.455 49.34 49.312 49.13 49.143 49.07 49.006 49.082 49.359 49.334 49.325 49.392 53.704 55.758 56.387 54.948 50.451 50.053
