dsm/se3332_DSM_2M.asc
ncols 500
nrows 500
xllcorner    433000
yllcorner    432000
cellsize     2
NODATA_value -9999
[rows 160 to 191 of 500, columns 72 to 143 of 500]
39.118 38.801 38.326 37.58 36.64 36.457 36.422 36.43 36.047 36.173 36.168 35.769 35.668 35.658 35.533 35.494 35.612 35.58 35.558 35.518 35.524 35.68 35.528 35.469 35.459 35.346 35.243 35.239 35.175 35.342 39.932 49.814 50.035 50.079 50.055 50.034 50.055 50.058 50.086 50.101 50.145 50.166 50.228 50.252 50.155 50.181 50.223 50.233 50.213 50.245 50.216 50.245 50.182 50.183 50.244 50.275 50.299 50.313 50.35 50.306 50.394 50.288 50.336 50.337 50.375 50.357 50.381 50.39 50.407 50.338 50.343 50.384
38.777 39.15 38.387 37.39 36.546 36.475 36.69 36.657 35.947 36.028 36.004 35.702 35.645 35.601 35.471 35.435 35.377 35.416 35.457 35.362 35.295 35.289 35.205 35.075 34.999 34.982 34.901 34.845 34.693 36.323 51.378 50.383 50.432 50.456 50.378 50.348 50.426 50.472 50.467 50.517 50.528 50.523 50.604 50.496 50.515 50.553 50.598 50.532 50.63 50.578 50.59 50.503 50.528 50.54 50.607 50.554 50.695 50.713 50.762 50.681 50.68 50.653 50.704 50.693 50.757 50.702 50.679 50.776 50.69 50.68 50.739 50.759
38.699 39.191 38.345 37.629 36.645 36.445 36.423 35.971 35.906 35.852 35.767 35.699 35.67 37.407 35.526 35.435 35.362 35.293 35.252 35.142 35.121 35.025 34.946 34.932 34.835 34.755 34.72 34.634 34.612 35.562 48.869 50.633 50.734 50.739 50.729 50.733 50.796 50.811 50.829 50.892 50.897 50.848 50.891 50.842 50.817 50.782 50.83 50.815 50.816 50.799 50.825 50.875 50.888 50.858 50.862 50.856 50.82 50.804 50.778 50.785 50.791 50.765 50.755 50.76 50.819 50.761 50.768 50.832 50.852 50.798 50.774 50.727
38.665 38.666 38.356 37.557 36.705 36.241 36.236 36.416 35.906 35.862 35.806 35.739 35.726 36.588 35.584 35.475 35.396 35.314 35.251 35.177 35.12 35.052 34.954 34.93 34.84 34.794 34.706 34.664 34.576 35.574 51.11 50.653 50.709 50.704 50.725 50.676 50.65 50.641 50.657 50.611 50.599 50.611 50.601 50.56 50.559 50.634 50.589 50.607 50.57 50.547 50.584 50.55 50.54 50.509 50.485 50.449 50.448 50.466 50.471 50.491 50.479 50.443 50.443 50.4 50.439 50.39 50.467 50.469 50.447 50.397 50.369 50.369
38.701 38.636 38.502 37.645 36.662 36.631 36.928 36.453 35.914 35.853 35.797 35.716 35.799 37.022 35.846 35.453 35.404 35.314 35.241 35.161 35.08 35.04 34.977 34.925 34.851 34.803 34.745 34.645 34.579 35.119 48.396 50.329 50.36 50.327 50.336 50.338 50.287 50.249 50.244 50.224 50.254 50.266 50.245 50.198 50.259 50.218 50.205 50.153 50.205 50.248 50.198 50.164 50.157 50.134 50.196 50.118 50.129 50.138 50.123 50.111 50.084 50.052 50.073 50.027 50.081 50.134 50.125 50.084 50.045 50.01 49.999 49.986
38.555 40.393 38.664 37.796 36.841 36.27 37.503 36.283 36.189 35.874 35.803 35.728 36.928 35.963 35.764 35.47 35.384 35.325 35.257 35.151 35.075 35.047 34.986 34.931 34.855 34.797 34.731 34.656 34.598 34.969 47.406 50.003 50.024 50.025 49.991 49.94 49.907 49.88 49.863 49.926 49.94 49.896 49.857 49.904 49.874 49.842 49.813 49.868 49.889 49.862 49.814 49.81 49.761 49.732 49.716 49.726 49.794 49.776 49.758 49.718 49.754 49.773 49.713 49.629 49.771 49.769 49.745 49.703 49.663 49.631 49.628 49.601
38.518 38.608 38.491 37.815 36.902 36.512 38.242 36.624 35.958 35.891 35.799 35.717 35.639 35.55 35.524 35.446 35.415 35.311 35.274 35.188 35.096 35.049 34.999 34.922 34.859 34.796 34.74 34.663 34.58 36.309 50.664 49.682 49.641 49.63 49.604 49.619 49.572 49.558 49.537 49.596 49.566 49.54 49.502 49.51 49.515 49.528 49.497 49.544 49.528 49.491 49.453 49.429 49.447 49.4 49.426 49.426 49.439 49.416 49.368 49.377 49.331 49.278 49.193 49.42 49.425 49.39 49.365 49.316 49.27 49.29 49.309 49.327
38.431 38.556 38.561 37.917 36.893 36.517 37.446 36.081 35.963 35.879 35.79 35.739 35.634 35.598 35.54 35.481 35.425 35.321 35.217 35.182 35.132 35.054 34.987 34.934 34.87 34.822 34.745 34.682 34.597 34.626 46.959 49.264 49.216 49.289 49.312 49.311 49.279 49.303 49.342 49.363 49.354 49.301 49.36 49.34 49.269 49.255 49.262 49.297 49.316 49.338 49.354 49.379 49.454 49.454 49.414 49.408 49.399 49.439 49.48 49.487 49.419 49.451 49.439 49.398 49.456 49.465 49.492 49.529 49.547 49.511 49.507 49.52
38.476 38.503 38.543 38.073 37.135 36.363 36.188 36.023 35.941 35.88 35.808 35.7 35.653 35.549 35.513 35.475 35.369 35.281 35.242 35.167 35.136 35.077 34.962 34.909 34.853 34.783 34.71 34.673 34.586 35.573 50.255 49.517 49.529 49.574 49.593 49.646 49.59 49.568 49.575 49.624 49.582 49.587 49.61 49.659 49.63 49.59 49.634 49.681 49.734 49.704 49.731 49.78 49.802 49.729 49.729 49.692 49.783 49.805 49.727 49.718 49.768 49.846 49.752 49.778 49.802 49.842 49.874 49.863 49.922 49.918 49.87 49.869
38.377 38.519 38.54 38.127 37.077 36.482 36.199 36.311 35.947 35.872 35.791 35.721 35.636 35.618 35.543 35.458 35.379 35.301 35.265 35.179 35.131 35.084 35.004 34.939 34.83 34.779 34.742 34.653 34.497 35.041 47.993 49.89 49.92 50.001 49.992 49.935 49.935 49.944 49.965 49.967 49.945 49.956 49.943 49.98 49.96 49.971 50.01 50.03 50.034 50.051 50.096 50.079 50.126 50.042 50.06 50.113 50.147 50.132 50.192 50.185 50.188 50.079 50.103 50.137 50.204 50.224 50.203 50.21 50.277 50.218 50.228 50.216
38.306 38.308 38.683 38.315 37.537 36.636 36.306 36.913 36.218 35.864 35.797 35.741 35.653 35.611 35.52 35.416 35.411 35.353 35.264 35.216 35.128 35.055 34.971 34.93 34.841 34.809 34.707 34.67 34.527 34.926 44.506 50.215 50.312 50.278 50.333 50.253 50.241 50.29 50.297 50.313 50.27 50.251 50.32 50.265 50.309 50.392 50.376 50.392 50.397 50.414 50.45 50.422 50.427 50.425 50.447 50.46 50.449 50.514 50.49 50.528 50.477 50.436 50.49 50.499 50.552 50.567 50.587 50.612 50.596 50.53 50.587 50.567
38.418 38.417 39.714 38.426 37.791 37.052 36.443 36.809 36.318 35.891 35.78 35.743 35.675 35.647 35.534 35.459 35.416 35.329 35.262 35.218 35.163 35.08 34.979 34.912 34.861 34.794 34.725 34.664 34.615 34.652 46.997 50.648 50.639 50.704 50.634 50.611 50.635 50.594 50.581 50.588 50.66 50.642 50.69 50.612 50.654 50.667 50.732 50.701 50.765 50.806 50.828 50.749 50.774 50.791 50.817 50.801 50.799 50.824 50.887 50.803 50.806 50.825 50.885 50.89 50.948 50.929 50.983 50.912 50.915 50.919 50.927 50.979
39.065 38.407 38.632 38.453 38.287 37.39 36.66 36.172 36.167 35.967 35.81 35.733 35.651 35.627 35.561 35.462 35.438 35.337 35.276 35.2 35.116 35.077 35.005 34.942 34.884 34.789 34.748 34.67 34.608 34.629 44.39 50.982 51.044 50.944 50.972 50.991 51.005 50.92 50.971 51.009 51.004 51.073 50.966 51.009 51.042 51.082 51.065 51.147 51.144 51.211 51.181 51.112 51.141 51.155 51.179 51.111 51.185 51.23 51.262 51.154 51.175 51.204 51.246 51.259 51.266 51.336 51.33 51.229 51.227 51.273 51.333 51.337
38.737 38.353 38.834 38.549 38.37 37.968 37.086 36.354 36.041 35.949 35.83 35.749 35.682 35.632 35.557 35.499 35.409 35.363 35.284 35.222 35.131 35.073 34.998 34.965 34.894 34.79 34.73 34.681 34.625 34.615 47.784 51.313 51.358 51.323 51.321 51.336 51.335 51.306 51.328 51.399 51.4 51.334 51.346 51.362 51.393 51.416 51.478 51.464 51.493 51.46 51.458 51.487 51.516 51.541 51.485 51.47 51.508 51.548 51.505 51.546 51.589 51.604 51.62 51.634 51.668 51.699 51.587 51.592 51.608 51.648 51.664 51.689
38.561 38.414 38.378 38.719 38.427 38.183 37.52 36.688 36.181 36.659 36.101 35.764 36.022 35.658 35.546 35.479 35.404 35.36 35.301 35.218 35.153 35.061 34.983 34.904 34.846 34.801 34.749 34.677 34.609 34.629 45.558 51.657 51.594 51.673 51.701 51.683 51.675 51.656 51.682 51.712 51.785 51.673 51.769 51.74 51.751 51.799 51.837 51.848 51.77 51.812 51.82 51.863 51.907 51.817 51.833 51.853 51.884 51.848 51.852 51.895 51.936 51.974 51.93 51.908 51.907 51.959 51.901 51.891 51.855 51.861 51.833 51.896
38.643 38.413 38.362 38.4 38.382 38.365 37.913 37.047 36.297 36.131 35.797 35.857 35.72 35.6 35.527 35.493 35.415 35.373 35.292 35.223 35.148 35.062 34.993 34.952 34.867 34.813 34.777 34.665 34.615 34.624 44.795 51.838 51.818 51.838 51.841 51.898 51.877 51.876 51.848 51.933 51.926 51.879 51.835 51.8 51.763 51.814 51.714 51.77 51.831 51.773 51.784 51.74 51.777 51.767 51.737 51.653 51.75 51.75 51.732 51.747 51.701 51.668 51.656 51.587 51.59 51.663 51.629 51.576 51.537 51.584 51.601 51.578
38.61 38.446 38.303 38.566 38.366 38.339 38.206 37.512 36.486 36.031 36.797 36.745 36.219 35.721 35.525 35.482 35.419 35.352 35.302 35.228 35.164 35.059 34.997 34.96 34.877 34.777 34.737 34.658 34.611 34.609 48.93 51.534 51.569 51.594 51.554 51.557 51.51 51.477 51.556 51.596 51.548 51.504 51.493 51.428 51.43 51.388 51.44 51.428 51.434 51.403 51.412 51.41 51.334 51.33 51.3 51.406 51.4 51.37 51.39 51.347 51.324 51.302 51.233 51.309 51.334 51.341 51.268 51.222 51.171 51.233 51.19 51.22
38.497 38.47 38.343 38.242 38.328 38.232 38.185 37.619 36.781 36.207 36.212 36.304 35.822 35.974 35.548 35.488 35.41 35.376 35.292 35.232 35.162 35.091 35.011 34.937 34.886 34.785 34.741 34.654 34.597 35.484 47.315 51.222 51.213 51.258 51.239 51.174 51.167 51.205 51.22 51.2 51.171 51.135 51.117 51.107 51.072 51.053 51.09 51.087 51.059 51.08 51.06 51.028 51.052 51.037 51.074 51.057 51.026 51.016 50.988 51.037 50.955 50.906 50.952 50.981 50.951 50.925 50.901 50.888 50.838 50.81 50.879 50.893
41.276 38.657 38.34 38.242 39.531 38.331 38.149 37.835 36.961 36.331 35.932 35.816 35.939 35.689 35.562 35.496 35.41 35.336 35.3 35.234 35.162 35.081 35.04 35.119 37.597 37.598 36.389 36.304 37.561 38.57 49.125 50.868 50.893 50.876 50.896 50.819 50.87 50.83 50.806 50.817 50.822 50.771 50.735 50.695 50.73 50.746 50.734 50.693 50.689 50.751 50.682 50.724 50.712 50.741 50.731 50.683 50.626 50.609 50.601 50.626 50.572 50.583 50.615 50.6 50.564 50.529 50.558 50.492 50.54 50.5 50.548 50.58
44.569 40.634 38.322 38.112 38.174 38.364 38.144 38.044 37.051 36.441 36.03 36.01 35.758 35.965 35.564 35.495 35.443 35.335 35.276 35.217 35.161 35.097 35.028 34.962 34.882 34.817 34.756 34.69 34.703 35.195 43.574 50.536 50.548 50.526 50.512 50.506 50.5 50.465 50.463 50.436 50.452 50.428 50.351 50.381 50.412 50.409 50.393 50.393 50.368 50.36 50.347 50.308 50.389 50.298 50.336 50.289 50.258 50.236 50.268 50.262 50.28 50.292 50.241 50.222 50.198 50.225 50.229 50.182 50.176 50.217 50.18 50.182
45.144 41.882 38.817 38.113 38.063 38.256 38.151 37.931 37.164 36.528 36.03 35.875 35.758 35.644 35.556 35.485 35.442 35.356 35.272 35.236 35.165 35.073 35.02 34.93 34.92 34.823 34.737 34.678 34.642 34.557 44.728 50.065 50.169 50.12 50.199 50.184 50.135 50.15 50.112 50.093 50.108 50.005 50.031 50.053 50.049 50.023 50.109 50.057 50.018 50.018 49.95 50.07 50.047 50.011 49.994 49.992 49.971 49.893 49.869 49.957 49.953 49.927 49.89 49.852 49.914 49.884 49.787 49.793 49.819 49.847 49.822 49.786
43.79 43.164 41.278 38.682 37.948 38.221 38.516 37.921 37.26 36.418 35.962 36.161 35.928 35.764 35.562 35.479 35.44 35.357 35.295 35.242 35.172 35.078 35.006 34.931 34.866 34.781 34.749 34.686 34.621 34.582 40.949 49.606 49.828 49.834 49.827 49.822 49.778 49.735 49.728 49.751 49.711 49.715 49.725 49.723 49.688 49.687 49.726 49.69 49.672 49.661 49.711 49.668 49.642 49.618 49.576 49.562 49.561 49.577 49.635 49.62 49.585 49.534 49.586 49.504 49.477 49.499 49.472 49.549 49.519 49.455 49.45 49.421
43.098 44.392 43.023 39.059 38.037 38.103 38.205 37.931 37.354 36.479 36.036 36.016 35.867 35.654 35.559 35.504 35.437 35.369 35.321 35.204 35.172 35.077 34.99 34.933 34.861 34.807 34.765 34.715 34.637 34.586 47.155 49.508 49.502 49.461 49.433 49.4 49.419 49.399 49.359 49.341 49.363 49.36 49.303 49.179 49.189 49.401 49.339 49.317 49.325 49.342 49.352 49.303 49.254 49.231 49.303 49.349 49.349 49.328 49.354 49.377 49.387 49.392 49.355 49.339 49.336 49.272 49.243 49.272 49.261 49.288 49.326 49.352
41.385 43.626 41.368 38.367 38.093 38.19 38.143 38.019 37.189 36.364 36.066 36.8 35.716 35.633 35.531 35.518 35.45 35.378 35.271 35.198 35.145 35.102 35.033 34.937 34.884 34.826 34.759 34.67 34.607 34.582 44.926 49.286 49.336 49.357 49.386 49.414 49.453 49.502 49.496 49.431 49.439 49.457 49.49 49.408 49.477 49.477 49.49 49.496 49.456 49.489 49.526 49.565 49.587 49.601 49.591 49.681 49.601 49.568 49.62 49.661 49.679 49.637 49.596 49.662 49.659 49.628 49.619 49.634 49.659 49.67 49.67 49.712
42.012 41.667 42.129 41.152 38.577 38.037 38.062 39.194 37.301 36.41 36.105 36.426 35.759 35.634 35.557 35.507 35.433 35.371 35.297 35.189 35.138 35.059 35.022 35.165 34.991 34.94 34.941 37.514 37.589 35.497 47.646 49.762 49.714 49.745 49.775 49.771 49.825 49.775 49.819 49.8 49.833 49.791 49.771 49.849 49.851 49.871 49.887 49.85 49.843 49.865 49.902 49.967 49.95 50.005 50.005 49.962 49.96 49.984 50.006 50.038 49.973 50.05 50.033 50.012 49.988 49.978 50.003 50.024 50.048 50.017 50.08 50.121
39.035 38.627 39.051 40.142 38.013 38.107 38.096 38.114 37.286 36.558 35.96 35.815 35.773 35.67 35.575 35.503 35.423 35.342 35.275 35.219 35.134 35.075 35.113 36.867 38.115 38.036 37.986 37.496 37.418 36.18 44.242 50.292 50.101 50.139 50.126 50.141 50.175 50.187 50.146 50.182 50.186 50.131 50.121 50.138 50.179 50.221 50.212 50.188 50.208 50.265 50.276 50.297 50.339 50.345 50.281 50.324 50.304 50.339 50.417 50.372 50.348 50.368 50.33 50.289 50.32 50.362 50.383 50.389 50.409 50.444 50.458 50.402
36.672 36.766 39.437 40.101 38.306 38.052 38.095 38.077 38.198 36.671 36.099 35.757 35.684 35.701 35.564 35.466 35.42 35.344 35.271 35.229 35.173 35.114 35.005 34.965 34.906 34.824 34.78 34.699 34.634 34.566 48.204 50.432 50.404 50.442 50.488 50.52 50.484 50.485 50.49 50.553 50.508 50.475 50.499 50.56 50.497 50.518 50.537 50.564 50.605 50.614 50.616 50.657 50.676 50.706 50.635 50.669 50.672 50.713 50.664 50.725 50.656 50.662 50.722 50.656 50.704 50.737 50.737 50.784 50.766 50.772 50.795 50.74
36.566 36.708 39.002 39.783 39.448 38.682 38.168 38.42 37.89 37.356 36.175 35.861 35.908 35.97 35.586 35.453 35.425 35.356 35.286 35.187 35.144 35.088 35.017 34.987 34.93 34.851 34.783 34.707 34.633 34.618 41.569 50.825 50.741 50.831 50.873 50.885 50.803 50.793 50.837 50.895 50.868 50.861 50.86 50.867 50.936 50.871 50.918 50.936 50.936 50.983 50.994 51.018 51.087 50.937 51.002 51.029 51.077 51.008 50.99 51.04 51.075 50.983 51.005 51.039 51.052 51.114 51.133 51.157 51.149 51.119 51.109 51.111
36.493 36.468 36.71 39.161 41.42 38.057 37.864 38.008 37.696 37.16 36.372 39.578 38.193 36.327 37.541 35.53 35.422 35.334 35.276 35.23 35.157 35.096 35.048 34.972 34.902 34.846 34.772 34.691 34.645 34.576 43.965 50.994 51.164 51.147 51.205 51.194 51.117 51.204 51.217 51.232 51.227 51.218 51.227 51.258 51.232 51.222 51.268 51.297 51.355 51.35 51.342 51.334 51.334 51.28 51.295 51.373 51.429 51.447 51.43 51.42 51.402 51.347 51.39 51.428 51.431 51.486 51.486 51.54 51.558 51.458 51.469 51.512
36.487 36.44 36.479 37.916 41.978 41.997 38.099 38.155 37.85 37.031 36.529 36.643 39.641 38.428 38.365 36.257 35.423 35.351 35.307 35.229 35.169 35.117 35.026 34.997 34.908 34.827 34.772 34.717 34.623 34.573 35.741 49.291 51.554 51.564 51.563 51.504 51.53 51.555 51.527 51.531 51.542 51.573 51.588 51.574 51.596 51.596 51.668 51.669 51.631 51.669 51.724 51.737 51.703 51.69 51.704 51.76 51.754 51.731 51.755 51.751 51.738 51.73 51.756 51.793 51.815 51.868 51.9 51.853 51.835 51.807 51.824 51.861
36.414 36.396 36.394 39.073 41.724 42.293 38.608 37.923 38.078 37.237 38.172 36.185 39.476 38.351 38.411 36.863 35.47 35.367 35.304 35.215 35.161 35.131 35.058 34.963 34.904 34.859 34.786 34.699 34.641 34.604 41.924 50.175 51.878 51.931 51.909 51.883 51.883 51.892 51.889 51.919 51.956 51.957 51.952 51.899 51.923 51.985 52.005 51.939 51.899 51.869 51.832 51.879 51.862 51.882 51.852 51.916 51.939 51.938 51.916 51.877 51.949 51.904 51.892 51.855 51.849 51.864 51.803 51.763 51.835 51.843 51.802 51.766
36.382 36.353 36.377 37.186 40.411 41.564 38.592 37.767 38.123 38.009 36.951 37.092 38.545 39.173 38.352 38.65 35.481 35.337 35.268 35.251 35.176 35.129 35.049 34.967 34.907 34.84 34.761 34.716 34.635 34.541 36.159 51.233 51.711 51.681 51.701 51.714 51.682 51.73 51.664 51.693 51.692 51.72 51.721 51.745 51.705 51.675 51.641 51.625 51.556 51.58 51.595 51.605 51.598 51.567 51.54 51.509 51.522 51.535 51.547 51.597 51.588 51.55 51.527 51.463 51.445 51.486 51.41 51.397 51.456 51.425 51.394 51.395
