dsm/se3333_DSM_2M.asc
ncols 500
nrows 500
xllcorner    433000
yllcorner    433000
cellsize     2
NODATA_value -9999
[rows 64 to 95 of 500, columns 72 to 143 of 500]
71.082 71.094 71.072 71.078 71.023 71.041 71.053 71.017 71.021 70.969 70.939 70.913 70.855 70.904 70.907 70.914 70.892 70.863 70.819 70.924 70.867 70.835 70.898 71.494 70.929 70.847 70.83 70.992 70.903 70.872 70.974 71.179 72.708 70.968 71.313 71.321 71.571 70.93 69.91 69.627 69.433 69.458 69.664 69.005 68.546 68.399 68.174 67.835 67.426 67.082 66.944 66.833 66.733 66.699 66.591 66.48 66.42 66.263 66.206 65.791 65.518 65.479 65.576 65.044 64.93 64.745 64.401 66.314 69.392 70.356 70.777 69.615
71.043 71.043 71.071 71.043 71.038 71.003 71.048 70.995 70.962 70.946 70.904 70.89 71.378 71.976 70.948 70.899 70.872 70.833 70.783 70.838 70.798 70.842 70.909 71.594 70.844 70.842 71.288 76.544 76.699 76.609 76.453 72.366 70.761 70.643 70.514 70.353 70.294 70.057 69.878 69.721 69.478 70.749 71.271 69.486 68.559 68.328 67.997 67.609 67.25 67.052 66.919 66.833 66.727 66.692 66.523 66.41 66.246 65.884 65.757 65.688 67.023 67.451 67.291 65.095 64.953 64.626 64.329 66.527 68.595 70.039 70.858 70.336
71.069 71.065 71.017 70.999 70.982 70.975 70.93 70.886 70.945 71.078 71.943 78.911 79.512 81.3 72.707 70.871 70.782 70.723 70.774 70.811 70.819 70.737 70.842 71.683 70.829 70.782 73.975 76.69 77.795 78.172 76.18 72.163 70.714 70.594 70.43 70.208 70.094 69.901 69.777 69.535 69.359 70.865 71.177 69.41 68.512 68.27 67.839 67.445 67.153 67.013 66.877 66.784 66.732 66.659 66.455 66.298 66.134 65.863 65.725 65.504 67.048 65.45 65.174 65.054 64.978 64.833 64.781 64.453 65.622 68.324 70.415 70.722
71.072 71.025 70.978 70.968 70.99 71.219 71.351 76.396 74.07 80.891 81.386 81.314 81.38 81.334 73.537 70.793 70.746 70.688 70.698 70.754 70.818 70.712 70.889 72.647 70.825 70.841 74.748 77.476 78.288 77.55 76.325 70.836 70.627 70.499 70.346 70.076 70.047 69.865 69.658 69.51 69.333 70.734 71.236 69.447 68.485 68.217 67.702 67.271 67.099 66.944 66.85 66.747 66.684 66.562 66.335 66.198 66.022 65.943 65.892 65.666 65.563 65.267 65.182 65.07 64.993 64.862 65.541 64.577 64.319 65.283 69.534 70.605
71.035 71.075 71.104 71.224 73.831 78.602 78.41 78.302 78.367 81.347 81.28 81.319 81.338 81.086 72.59 70.798 70.683 70.616 70.721 70.785 70.731 70.774 74.878 75.19 71.597 71.064 75.542 77.598 78.301 77.273 76.23 71.351 71.691 71.44 71.313 71.21 71.071 70.877 74.316 72.687 69.412 72.811 73.417 69.919 68.402 68.058 67.642 67.289 67.095 66.971 66.887 66.788 66.668 66.556 66.386 66.256 66.144 66.002 65.978 65.823 65.643 65.733 65.183 65.086 64.962 65.75 65.046 64.419 64.312 64.613 65.244 69.643
71.33 72.593 75.619 78.364 78.265 78.317 78.291 78.31 78.866 81.297 81.29 81.313 81.328 81.294 72.338 70.768 70.648 70.564 70.701 70.723 70.718 70.648 73.594 75.198 70.828 71.326 76.34 77.524 77.93 78.989 74.091 72.19 71.032 70.726 70.667 72.489 71.164 75.389 78.264 75.963 71.685 77.708 76.067 70.226 68.399 68.02 67.6 67.288 67.084 66.999 66.911 66.825 66.68 66.554 66.414 66.321 66.23 66.074 65.973 65.889 65.739 65.7 65.336 65.181 65.258 64.768 64.873 64.379 64.319 64.254 64.091 65.82
79.007 78.257 77.355 76.877 78.277 78.274 78.267 78.278 80.451 81.264 81.291 81.283 81.304 78.788 71.199 70.673 70.638 70.568 70.668 70.689 70.676 70.631 71.454 71.092 72.815 71.579 75.169 76.434 76.56 76.578 72.727 71.524 70.572 70.303 70.222 72.317 71.799 76.503 78.169 76.873 76.666 79.076 78.582 70.385 68.329 67.872 67.508 67.198 67.047 66.989 66.897 66.801 66.701 66.575 66.467 66.341 66.247 66.117 65.977 65.885 65.818 65.846 65.64 65.655 65.177 64.8 64.503 64.406 64.364 64.249 64.128 64.776
78.524 78.468 77.519 76.72 78.385 78.248 78.284 78.26 80.423 81.288 81.245 81.328 81.345 79.688 71.183 70.7 70.584 70.574 70.666 70.623 70.625 70.638 72.521 74.482 75.105 75.642 75.21 75.561 73.186 72.96 70.818 72.517 72.374 72.318 71.39 71.43 71.103 71.884 75.527 73.681 72.53 75.512 78.45 78.399 70.079 67.985 67.443 67.15 67.006 66.937 66.891 66.807 66.707 66.591 66.498 66.39 66.292 66.125 65.975 65.839 65.787 65.566 65.418 66.116 65.626 64.685 64.551 64.451 64.432 64.938 65.933 64.801
78.344 78.764 77.946 76.823 77.957 78.286 78.267 78.361 81.221 81.348 81.255 81.331 81.322 79.678 70.84 70.663 70.573 70.518 70.615 70.629 70.583 70.646 71.821 73.621 74.677 75.431 74.75 75.027 74.415 74.86 74.817 73.843 73.877 73.798 73.914 72.532 71.445 71.157 71.176 72.128 70.986 71.323 71.887 69.469 68.292 67.883 67.598 67.233 67.053 66.932 66.883 66.825 66.712 66.611 66.522 66.401 66.316 66.228 66.094 65.987 65.827 65.658 65.985 69.148 68.978 64.789 64.595 64.545 64.368 65.259 65.903 65.031
77.893 78.769 78.162 77.226 77.713 78.309 78.269 78.395 80.931 81.49 81.321 81.338 81.377 78.065 70.828 70.631 70.509 70.525 70.585 70.598 70.525 70.602 70.614 70.496 70.5 71.198 72.897 73.643 74.394 74.888 75.596 74.765 75.241 72.673 75.494 74.465 75.593 75.5 73.47 73.616 73.614 72.51 70.697 68.811 68.3 67.958 67.558 67.191 67.023 66.931 66.89 66.806 66.696 66.638 66.553 66.419 66.337 66.259 66.164 66.073 65.965 65.805 68.199 70.311 69.677 65.96 64.609 65.663 66.447 65.866 67.306 67.126
77.769 78.701 78.477 77.547 76.682 78.283 78.246 78.325 81.253 81.337 81.347 82.011 81.357 74.266 70.692 70.586 70.492 70.453 70.534 70.579 70.51 70.647 70.569 70.506 70.508 72.167 73.017 72.887 72.825 71.142 70.4 70.791 70.636 70.964 71.882 72.941 74.196 74.202 73.445 74.229 73.171 70.999 71.74 69.568 68.353 67.977 67.595 67.254 67.072 67 66.934 66.838 66.687 66.634 66.566 66.505 66.393 66.305 66.254 66.156 66.098 65.964 65.816 69.551 70.187 67.176 65.593 67.984 67.155 64.187 65.034 65.664
77.121 78.17 78.735 77.962 76.822 78.07 78.411 76.163 81.299 81.405 83.026 83.06 78.004 72.707 70.701 70.525 70.467 70.47 70.577 70.541 70.459 70.576 70.579 70.483 70.543 73.375 75.043 75.092 74.318 72.884 70.491 70.373 70.241 70.13 70.082 70.017 69.9 69.843 69.809 69.877 70.002 70.259 74.036 69.507 68.38 68.014 67.63 67.332 67.12 67.051 66.919 66.815 66.695 66.676 66.587 66.527 66.445 66.305 66.222 66.157 66.087 65.959 65.795 66.724 69.395 69.771 65.919 65.115 64.207 64.164 64.492 65.646
77.028 78.127 78.947 78.186 77.32 76.906 75.534 78.347 81.821 82.521 84.498 83.182 80.572 71.789 70.565 70.489 70.453 70.453 70.496 70.519 70.457 70.598 70.586 70.498 70.478 72.795 74.959 75.852 74.583 71.381 70.476 70.444 70.289 70.205 70.083 70.064 69.961 69.914 69.889 69.903 69.983 70.297 70.496 69.427 68.69 68.302 67.888 67.499 67.177 67.068 66.962 66.793 66.711 66.66 66.618 66.561 66.503 66.442 66.301 66.242 66.116 65.982 65.864 65.693 66.776 66.862 64.923 64.492 64.296 64.134 65.347 66.316
76.669 77.58 78.731 78.485 77.579 76.695 75.504 78.587 82.012 81.589 82.597 81.781 77.264 71.476 70.5 70.442 70.388 70.419 70.457 70.449 70.404 70.533 70.528 70.465 70.528 73.791 75.282 75.696 74.402 71.429 70.559 70.892 70.422 70.257 70.176 70.115 70.063 69.981 69.962 69.941 70.06 70.88 69.442 69.099 68.819 68.448 68.024 67.664 67.244 67.062 67.005 66.861 66.804 66.744 66.644 66.595 66.552 66.523 66.444 66.346 66.191 66.02 65.927 65.75 65.562 65.547 65.616 64.648 64.449 64.276 67.911 68.607
76.694 77.336 78.36 78.663 77.81 76.922 75.845 80.356 81.31 81.314 81.279 81.293 77.792 71.397 70.473 70.386 70.355 70.451 70.469 70.424 70.42 71.034 70.439 70.429 71.856 74.043 74.79 74.91 74.046 73.189 72.861 72.751 70.482 70.315 70.208 70.14 70.085 69.962 69.927 69.928 70.876 71.639 69.921 69.251 68.936 68.607 68.185 67.724 67.384 67.161 67.082 66.982 66.889 66.845 66.752 66.67 66.612 66.537 66.524 66.485 66.272 66.137 65.999 65.857 65.631 65.447 65.382 65.857 64.638 66.037 67.703 65.313
76.329 77.13 78.13 78.827 78.092 77.076 76.067 80.359 81.346 81.297 81.308 81.262 74.994 70.728 70.459 70.36 70.335 70.347 70.397 70.374 70.238 70.298 70.347 70.349 70.947 73.451 74.414 73.739 73.646 73.162 72.889 72.755 70.674 70.51 70.332 70.382 70.564 70.762 69.96 69.91 70.084 72.707 72.301 69.374 69.093 68.678 68.247 67.75 67.443 67.211 67.119 67.027 66.97 66.884 66.826 66.789 66.736 66.612 66.567 66.558 66.415 66.234 66.107 65.988 65.78 65.592 65.408 65.181 66.425 67.969 69.494 65.781
76.808 76.723 77.715 78.772 78.301 77.505 77.299 81.278 81.301 81.302 81.262 81.328 75.341 70.483 70.399 70.354 70.251 70.355 70.396 70.313 70.267 70.821 70.598 70.348 70.377 70.424 70.423 71.14 71.785 70.497 71.122 71.131 70.539 70.486 71.106 72.862 72.795 72.736 72.11 70.564 71.523 73.845 73.548 70.225 70.06 68.795 68.354 67.971 67.647 67.358 67.202 67.117 67.001 66.926 66.924 66.842 66.774 66.668 66.646 66.599 66.556 66.373 66.236 66.107 65.96 65.66 65.558 65.345 66.327 68.491 69.285 65.69
79.098 77.144 77.501 78.493 78.71 77.918 76.711 80.612 81.272 81.269 81.286 81.13 74.168 70.614 70.371 70.342 70.257 70.344 70.34 70.303 70.264 70.296 70.999 70.792 70.551 70.759 71.35 71.156 71.169 70.961 72.112 70.952 71.98 72.525 72.349 72.87 72.793 72.7 72.655 70.936 72.633 71.676 70.569 69.686 71.942 69.041 68.607 68.363 67.896 67.446 67.273 67.161 67.102 67.031 66.999 66.9 66.821 66.777 66.772 66.686 66.63 66.519 66.437 66.281 66.098 65.849 65.58 65.406 65.236 66.725 70.056 75.691
78.65 77.927 77.059 77.92 78.672 78.01 77.088 79.575 81.324 81.325 81.299 81.295 73.604 70.399 70.352 70.334 70.216 70.254 70.304 70.226 70.275 70.469 70.402 70.47 70.71 71.214 71.303 70.983 71.022 71.108 71.101 73.372 72.663 72.896 72.612 72.922 72.791 72.693 72.622 72.107 73.639 73.137 70.06 70.43 69.364 69.112 70.716 75.889 69.729 67.691 67.426 67.262 67.199 67.063 67.04 66.975 66.983 69.06 68.43 66.776 66.692 66.629 66.549 66.416 66.251 66.031 65.677 65.5 65.381 65.403 73.389 76.999
77.508 77.018 76.883 77.78 78.685 78.44 77.46 76.638 80.046 81.334 81.308 81.326 73.081 70.365 70.323 70.35 70.277 70.239 70.247 70.2 70.362 70.644 70.428 70.561 72.256 75.397 74.967 74.798 74.659 74.14 71.129 72.969 72.554 73.646 73.123 72.889 72.688 71.095 70.925 70.885 73.169 73.931 70.797 69.688 69.503 69.321 70.731 71.413 70.688 67.928 67.564 67.321 67.201 67.098 67.071 67.061 67.422 69.586 69.329 67.205 66.765 66.704 66.637 66.539 66.376 66.167 66.011 65.704 65.485 68.724 75.177 77.641
76.545 76.524 76.703 77.517 78.439 78.738 77.72 76.735 80.379 81.327 81.332 79.851 71.531 70.346 70.308 70.239 70.224 70.223 70.233 70.199 70.297 70.326 70.381 70.552 73.385 75.642 76.544 76.278 75.642 72.271 71.26 71.096 71.051 71.355 71.48 71.313 70.873 70.59 70.418 70.401 72.598 71.249 71.062 69.732 69.572 69.462 72.562 73.549 70.897 68.468 67.87 67.585 67.231 67.175 67.13 67.105 67.078 67.572 67.969 67.175 67.127 66.851 66.739 66.642 66.44 66.258 66.139 65.912 65.709 65.493 72.59 76.122
76.6 77.563 76.689 76.995 78.051 78.916 77.982 76.988 74.623 73.906 77.886 75.372 71.33 70.43 70.204 70.208 70.188 70.223 70.231 70.212 70.25 70.398 70.465 70.633 72.785 75.984 77.365 76.631 75.347 72.48 71.198 71.122 71.076 71.002 70.902 70.775 70.63 72.855 75.129 74.711 75.106 70.949 69.983 72.354 70.701 69.608 69.919 72.359 72.89 68.701 68.121 67.828 67.48 67.236 67.178 67.177 67.129 67.105 67.02 68.665 69.893 67.67 66.792 66.704 66.567 66.389 66.212 66.111 65.858 65.66 66.804 69.749
78.744 78.496 77.326 76.91 77.856 78.917 78.477 77.579 76.195 71.876 70.815 70.323 70.301 70.358 70.188 70.192 70.122 70.171 70.158 70.171 70.899 70.54 70.638 70.691 74.651 76.874 77.538 76.775 75.077 72.148 71.724 71.343 71.089 70.977 70.873 70.8 71.279 76.154 76.739 77.626 77.218 73.733 70.138 73.794 73.187 69.746 69.992 71.78 69.754 68.661 68.428 68.102 67.703 67.45 67.286 67.261 67.184 67.261 67.54 67.266 67.738 66.9 66.814 66.769 66.622 66.483 66.314 66.16 66.02 65.885 65.72 65.542
77.875 77.549 77.375 76.607 77.589 73.088 72.347 72.045 69.898 70.007 70.093 70.176 70.272 70.322 70.089 70.094 70.073 70.137 70.12 70.053 70.45 70.477 70.544 72.424 75.082 76.469 77.405 76.331 75.001 73.875 73.605 71.65 71.924 72.063 71.949 72.626 71.909 76.181 77.724 77.412 76.759 74.897 74.852 72.532 70.551 72.014 69.633 69.384 69.145 68.912 71.571 71.627 67.982 67.705 67.487 67.288 67.206 67.433 67.319 68.3 67.421 66.931 66.858 66.804 66.676 68.073 66.762 66.2 66.034 65.99 67.656 68.331
76.905 76.53 76.189 72.914 70.587 70.205 69.934 69.92 69.961 69.972 69.977 70.066 70.163 70.191 70.058 70.06 70.015 70.085 70.057 70.092 70.258 70.405 70.533 70.7 74.989 76.311 76.594 75.974 74.625 73.739 73.136 71.859 71.759 71.38 71.308 71.19 73.087 76.216 77.254 75.775 73.736 71.729 74.141 72.154 72.283 71.047 69.748 69.57 69.357 69.098 70.492 69.639 68.262 68.043 67.798 67.479 67.254 67.152 67.427 68.076 66.96 66.946 66.876 66.839 66.679 66.546 66.427 66.304 66.155 66.061 67.976 67.553
73.001 74.655 73.825 72.823 69.812 69.777 69.77 69.811 69.802 69.79 69.845 69.963 70.063 70.112 70.033 70.047 70.036 70.024 70.001 70.006 70.313 70.346 70.524 73.228 74.819 74.991 75.044 75.162 74.629 73.704 72.054 71.537 71.519 71.549 71.342 71.207 73.861 74.385 70.945 71.744 72.44 71.282 71.491 70.986 72.542 69.996 69.755 69.606 69.449 69.205 69.033 68.805 68.67 68.461 68.153 67.841 67.498 67.21 67.026 66.957 66.872 66.848 67.852 69.331 67.32 66.606 66.474 66.304 66.167 66.149 66.073 65.897
71.15 72.205 72.283 70.803 69.402 69.423 69.431 69.492 69.502 69.513 69.631 69.708 69.925 70.035 70.047 69.988 70.017 70.015 69.921 69.934 70.152 70.293 70.462 70.764 71.925 72.093 73.364 74.184 73.919 71.611 71.522 71.527 71.527 71.848 72.675 72.764 72.976 71.534 71.425 72.832 74.143 72.974 72.513 74.141 75.489 71.328 69.849 69.684 69.517 69.367 69.229 69.039 68.911 68.741 68.504 68.206 67.765 67.408 67.1 66.936 66.801 66.746 68.332 70.016 67.405 68.598 66.926 66.293 66.178 66.2 66.201 66.026
71.718 71.65 71.612 70.506 70.106 69.169 69.164 69.161 69.205 69.29 69.325 69.425 69.655 70.014 70.471 69.942 69.979 69.963 69.898 69.975 70.014 70.245 70.423 70.802 71.587 72.197 71.546 71.404 71.454 71.485 71.576 71.637 71.597 72.359 72.319 73.319 73.961 73.823 73.748 73.685 74.404 73.533 72.175 73.467 74.406 72.02 69.965 69.81 69.667 69.495 69.33 69.205 69.107 68.878 68.672 68.515 68.139 67.824 67.541 67.271 67.024 66.809 66.677 66.593 66.518 66.782 66.336 66.272 66.308 66.352 66.286 66.122
69.943 71.363 71.617 71.647 71.637 71.627 71.551 69.083 68.963 69.018 69.004 69.122 69.607 69.927 69.923 69.898 69.931 69.905 69.862 69.922 70.027 70.77 70.642 70.725 71.73 71.965 71.221 73.322 73.413 73.394 73.055 72.541 72.017 72.149 73.199 71.942 72.114 73.534 73.627 73.813 71.298 70.778 70.514 70.362 70.392 71.885 72.133 70.754 70.99 71.441 70.982 71.644 71.524 69.374 69.347 68.733 68.37 68.128 67.936 67.658 67.425 67.206 67.033 66.857 66.671 66.456 66.393 67.234 67.934 66.567 66.423 66.191
71.097 71.58 71.649 71.601 71.626 71.621 71.413 69.043 68.996 68.987 69.033 69.037 69.409 69.907 69.882 69.832 69.888 69.876 69.801 69.857 70.912 70.764 70.74 70.909 70.989 74.492 71.166 71.877 71.846 72.008 71.889 72.101 71.626 71.667 72.181 71.601 71.459 71.73 71.859 71.613 70.839 70.653 70.559 70.499 70.673 71.38 70.226 71.481 72.875 73.415 73.88 74.156 74.21 73.047 70.653 71.599 69.351 68.409 68.221 68.039 67.76 67.56 67.407 67.243 67 67.303 67.406 69.02 69.294 68.964 66.853 66.29
71.633 71.692 71.641 71.616 71.635 71.622 71.124 69.056 68.949 68.966 69.003 69.065 69.618 69.884 69.793 69.768 69.809 69.79 69.733 69.832 71.063 70.996 70.806 73.442 74.961 77.097 74.647 71.271 71.446 71.435 72.556 71.415 71.542 71.687 72.686 71.689 71.443 72.144 70.964 70.856 70.84 70.983 72.24 70.775 70.961 71.453 69.827 69.597 71.265 73.188 73.583 73.983 74.085 73.49 72.356 72.565 71.765 71.706 70.938 71.091 70.463 69.849 67.741 67.523 67.311 67.453 68.241 68.04 68.008 69.328 66.832 66.404
72.165 72.116 72.127 72.122 72.054 71.985 71.483 69.038 68.937 68.934 68.995 69.031 69.545 69.738 69.759 69.746 69.749 69.78 69.72 69.794 70.849 70.715 70.959 75.721 77.253 78.27 77.217 75.106 71.226 71.317 72.191 74.014 74.877 73.972 72.673 71.548 71.438 72.377 70.908 70.825 71.799 70.828 70.596 70.684 70.918 71.248 69.69 69.618 69.599 69.542 69.575 70.332 70.709 70.859 68.929 69.697 72.469 72.646 72.515 72.498 73.124 72.372 71.367 71.324 67.624 67.314 69.252 67.694 66.952 67.457 66.648 66.456
