dsm/se3333_DSM_2M.asc
ncols 500
nrows 500
xllcorner    433000
yllcorner    433000
cellsize     2
NODATA_value -9999
[rows 256 to 287 of 500, columns 72 to 143 of 500]
55.851 61.674 62.994 57.572 56.668 57.028 56.515 56.416 59.119 61.201 62.929 61.537 60.081 55.697 54.905 54.754 54.372 54.25 54.264 54.325 54.388 54.8 54.586 54.565 59.766 60.911 61.113 59.934 56.077 54.443 54.529 54.623 55.353 55.181 54.968 53.847 53.627 54.31 53.227 53.177 53.18 53.157 53.141 54.276 54.634 54.678 53.6 53.848 55.977 58.304 59.731 59.716 55.22 55.429 55.78 52.658 51.977 51.884 51.896 51.916 51.845 51.967 52.067 51.742 51.539 51.531 51.704 51.396 51.782 54.271 56.602 56.711
56.727 56.623 56.828 55.565 55.644 56.523 56.257 56.364 60.412 61.323 62.046 60.909 58.161 56.016 55.267 54.694 54.333 54.162 54.201 54.25 54.341 54.338 54.348 57.547 60.119 60.955 60.741 59.487 55.152 54.368 54.509 53.99 53.885 53.843 54.199 55.796 56.827 53.931 53.133 53.076 53.113 53.064 52.796 53.139 54.647 54.695 53.083 52.48 57.41 58.677 60.604 58.63 53.912 52.256 53.051 52.312 51.965 51.926 51.935 51.882 51.856 52.436 52.878 51.808 54.426 53.868 51.539 51.517 51.345 51.291 51.832 51.58
56.206 55.807 55.906 55.439 55.382 55.764 55.909 56.175 59.096 60.413 60.865 60.49 55.591 55.278 55.537 55.679 54.096 54.12 54.115 54.175 54.19 54.313 54.318 58.806 59.723 60.188 60.196 55.969 54.426 54.427 53.968 53.79 53.71 53.656 54.485 55.362 53.612 53.06 53.268 52.964 52.999 52.999 52.633 52.605 53.667 52.924 52.748 52.405 54.877 57.264 58.284 57.784 52.62 52.31 52.15 52.198 52.158 51.96 51.93 51.87 51.917 52.566 54.039 51.694 55.995 57.49 56.412 53.667 51.907 51.669 51.895 52.771
55.546 55.332 55.816 55.333 55.836 55.842 55.306 55.328 55.19 57.949 58.843 57.206 55.354 55.238 54.62 54.67 54 54.033 54.037 55.147 54.286 54.724 54.864 54.27 54.358 55.603 56.115 54.848 54.518 53.904 53.213 53.183 54.301 53.668 53.762 54.93 53.41 52.738 56.559 56.417 56.675 56.57 53.671 52.56 53.141 52.677 53.238 52.631 52.434 53.054 54.866 53.341 52.34 52.304 52.026 52.437 51.948 51.894 51.94 51.862 52.011 54.379 54.375 54.511 58.126 58.891 58.011 56.49 51.442 51.645 51.429 51.706
57.18 58.783 59.118 59.204 59.924 58.099 55.099 55.569 55.629 55.07 54.89 54.849 56.139 55.081 54.108 54.044 53.909 53.907 55.026 54.41 54.56 53.945 53.997 54.092 54.164 54.191 54.152 54.39 54.608 53.935 52.916 53.113 55.842 56.264 55.236 54.205 52.814 54.338 58.506 59.089 59.141 59.018 57.742 57.166 56.776 56.458 54.495 52.726 53.332 52.702 52.694 52.567 52.365 52.097 51.978 51.898 51.916 51.927 51.826 51.984 54.049 54.698 54.887 56.883 58.799 58.987 57.538 53.078 51.272 51.185 51.151 51.188
60.444 61.263 61.655 61.989 61.625 59.352 55.332 55.193 55.955 55.122 54.904 54.644 54.566 54.696 54.287 53.806 53.801 53.802 55.135 54.618 53.981 53.774 53.853 53.987 54.105 54.132 54.399 54.125 53.933 53.74 52.883 54.703 56.007 56.388 55.571 54.346 52.939 55.73 58.238 59.911 60.303 60.449 60.392 60.327 59.42 58.286 54.997 53.069 52.657 52.419 52.481 53.202 52.332 51.991 51.891 51.951 51.898 51.813 51.865 52.546 53.438 52.546 56.546 58.095 59.437 58.238 56.825 51.37 51.234 51.199 51.167 51.159
60.249 61.677 62.761 63.669 62.111 59.793 55.319 55.012 54.946 55.907 54.823 54.572 54.298 54.284 54.139 53.752 53.701 53.749 54.345 55.439 55.364 54.163 53.707 53.812 53.939 54.019 54.519 54.552 54.328 53.523 53.166 55.378 56.326 56.014 55.395 54.893 53.042 55.099 58.121 58.492 58.722 58.704 59.299 59.654 59.55 58.198 53.286 52.398 52.639 52.369 52.315 53.112 52.536 51.931 51.93 51.946 51.896 51.821 51.888 52.973 51.937 52.452 56.859 58.665 58.971 57.394 51.921 51.271 51.203 51.143 51.132 51.236
59.463 61.267 61.746 61.692 61.385 59.786 55.37 54.849 54.799 54.694 55.437 54.495 54.128 54.256 53.59 53.647 53.675 54.077 54.46 56.075 55.685 53.876 53.59 53.701 53.811 53.881 54.503 54.385 53.686 53.65 52.735 52.857 55.197 55.661 53.886 53.574 52.727 52.787 54.408 55.02 52.756 53.893 57.078 58.168 57.988 57.168 53.23 52.402 52.41 52.393 52.236 52.278 52.078 51.908 51.962 51.913 51.859 51.804 51.957 52.411 51.679 54.769 57.898 59.328 58.537 54.205 51.548 51.394 52.01 51.156 51.138 51.361
56.987 60.145 59.361 58.318 56.37 56.309 54.767 55.393 54.804 54.328 54.204 55.152 54.346 53.967 53.483 53.545 53.523 53.907 55.074 53.799 53.746 54.08 53.819 53.404 53.544 53.588 53.648 53.588 53.465 53.243 52.648 52.708 52.737 53.429 52.974 53.201 52.625 52.525 52.521 52.526 52.741 53.379 52.463 52.455 53.093 52.892 52.448 52.38 52.362 52.289 52.241 52.253 51.929 51.945 51.921 51.945 51.832 51.881 51.879 51.978 51.606 55.418 57.582 58.266 57.172 52.192 52.843 53.049 51.7 51.373 51.504 51.411
55.065 55.886 54.857 55.028 54.551 54.546 54.436 54.339 54.24 54.086 53.94 54.231 55.389 53.687 53.462 53.454 53.444 53.39 53.809 54.708 53.76 53.637 53.599 54.346 54.107 54.004 54.032 54.044 53.507 53.717 52.706 52.713 52.671 52.911 52.715 52.656 52.847 52.549 52.804 52.504 52.485 53.261 52.479 52.45 52.673 52.53 52.406 52.314 52.256 52.376 52.338 51.997 51.893 51.906 51.928 51.867 51.895 51.954 51.821 51.55 51.946 53.896 56.101 56.905 56.408 52.049 52.031 53.367 54.29 53.519 52.258 52.697
54.83 54.757 54.735 54.971 54.558 54.376 54.177 54.321 54.809 54.118 53.787 53.59 53.446 53.423 53.445 53.396 53.395 53.312 53.272 53.279 53.192 53.098 52.995 53.028 52.977 52.973 52.92 52.858 52.767 52.688 52.695 52.68 52.661 52.636 52.598 52.556 52.588 52.813 52.749 52.565 52.571 53.43 53.206 52.804 52.905 52.675 52.319 52.337 52.887 52.338 51.998 51.902 51.926 51.924 51.892 51.88 51.97 52.742 51.702 51.537 51.501 52.074 53.214 53.777 51.579 51.48 51.384 53.051 54.585 54.063 51.56 51.837
54.703 54.302 54.622 55.115 54.61 54.08 53.799 53.693 53.617 53.485 53.424 53.457 53.402 53.466 53.417 53.387 53.316 53.275 53.237 53.234 53.133 53.104 53.025 52.977 52.959 52.915 52.852 52.819 52.777 52.738 52.675 52.61 52.617 52.578 52.534 52.431 52.402 52.371 52.311 52.354 52.285 52.243 52.172 52.139 52.127 52.128 52.109 52.072 52.029 51.953 51.884 51.929 51.923 51.92 51.878 51.931 52.527 51.98 51.745 54.524 52.099 51.541 51.942 51.819 51.38 53.05 51.898 51.542 52.246 52.237 52.666 52.083
54.216 54.115 54.079 53.931 53.853 53.765 53.696 53.71 53.639 53.552 53.493 53.425 53.364 53.392 53.332 53.326 53.257 53.21 53.177 53.115 53.073 53.087 53.034 53.003 52.97 52.882 52.829 52.803 52.773 52.719 52.662 52.618 52.599 52.55 52.507 52.49 52.403 52.392 52.337 52.328 52.312 52.232 52.237 52.134 52.159 52.11 52.089 52.046 51.949 51.963 51.972 51.969 51.964 51.909 51.899 51.983 52.295 51.905 54.093 57.37 56.736 55.536 52.096 51.554 52.804 53.437 53.414 52.3 51.623 54.08 54.477 52.511
54.113 54.056 53.985 53.962 53.926 53.878 53.715 53.716 53.563 53.589 53.496 53.495 53.499 53.514 53.451 53.474 53.415 53.363 53.351 53.251 53.192 53.161 53.111 53.061 53.012 52.969 52.949 52.885 52.844 52.813 52.744 52.706 52.699 52.59 52.552 52.521 52.476 52.41 52.3 52.266 52.272 52.231 52.248 52.18 52.147 52.106 52.093 52.037 52.053 52.051 51.967 51.947 51.949 51.891 51.954 52.026 52.175 51.998 56.585 58.458 58.461 57.413 54.077 52.969 53.567 53.445 52.508 51.937 51.899 54.463 52.725 52.101
54.194 54.071 54.029 53.955 53.919 53.865 53.837 53.812 53.749 53.727 53.689 53.794 53.752 53.685 53.557 53.558 53.482 53.485 53.424 53.333 53.441 53.223 53.222 53.283 56.085 54.142 53.029 52.964 52.899 52.863 52.826 52.822 52.742 52.721 52.745 52.755 52.782 52.62 52.474 52.438 52.359 52.272 52.165 52.121 52.143 52.101 52.044 52.031 52.047 51.957 51.984 51.938 51.966 52.066 52.005 52.861 52.027 54.405 57.716 59.267 58.359 56.951 52.154 51.537 52.126 53.38 52.615 51.874 52.32 52.434 52.111 52.132
54.157 54.125 54.104 54.093 54.033 53.981 54.049 53.981 54.893 54.245 53.601 53.595 53.682 53.682 53.537 53.526 53.433 53.424 53.363 53.258 53.176 53.015 52.991 52.967 58.039 56.222 53.149 52.774 52.789 52.723 52.753 52.708 52.705 52.673 52.673 52.632 52.653 52.571 52.508 52.521 52.526 52.91 52.317 52.129 52.076 52.063 52.02 51.968 51.991 51.953 52.054 52.056 52.075 51.978 52.559 52.177 52.059 56.489 58.239 59.234 57.891 55.059 51.61 51.656 51.616 51.61 51.893 52.024 52.393 52.333 52.155 52.141
54.344 54.351 54.394 55.43 54.345 53.992 53.898 53.914 55.269 54.037 53.513 53.455 55.367 54.361 53.447 53.437 53.354 53.374 53.254 53.107 52.888 52.741 53.541 52.836 53.125 53.465 53.432 52.671 54.913 54.043 53.17 52.822 52.712 53.753 52.928 52.492 52.471 52.404 52.344 52.368 52.391 52.481 52.405 52.24 52.09 52.037 52.033 52.026 52.057 52.099 51.968 51.995 51.969 52.423 52.709 51.806 52.161 57.782 59.07 58.669 55.8 51.745 51.704 51.679 51.598 52.154 52.335 53.053 52.334 52.177 52.158 52.127
54.439 54.252 54.331 55.12 54.004 53.86 53.709 53.615 55.063 53.635 53.507 53.378 56.116 54.196 53.4 53.375 53.328 53.328 53.162 52.936 55.993 56.635 56.731 57.386 57.033 56.888 57.236 57.243 57.916 57.345 57.825 58.08 57.228 55.177 53.157 52.923 52.168 52.139 52.151 52.203 52.277 52.328 52.709 52.285 52.083 52.041 52.005 52.084 52.188 52.139 52.024 51.944 51.872 52.687 52.63 51.708 56.782 58.608 59.097 57.747 55.503 54.249 51.94 52.579 51.628 52.342 53.159 52.256 52.203 52.229 52.184 51.995
54.053 53.804 55.066 55.513 53.99 53.609 53.412 55.155 55.648 53.584 54.311 54.503 56.2 54.009 53.305 53.315 54.691 55.077 53.226 52.998 56.716 58.884 58.878 58.873 58.912 58.955 58.983 59.068 59.105 59.161 59.165 59.084 57.966 55.659 52.884 52.954 51.939 51.906 51.927 52.049 52.103 52.21 52.35 52.252 52.067 52.044 52.022 52.136 52.221 52.196 52.04 51.931 51.929 52.185 52.152 52.881 57.082 58.116 58.418 57.041 54.337 52.65 52.068 52.633 52.165 53.175 52.521 52.236 52.275 52.271 52.007 51.944
53.951 53.876 55.412 55.888 54.199 53.902 53.853 55.957 54.635 53.689 53.726 55.449 56.072 55.726 56.306 55.916 55.796 56.422 56.654 55.915 55.251 57.566 57.635 56.579 57.682 57.617 58.223 57.98 57.997 57.766 53.946 54.072 53.34 54.253 52.525 52.246 56.46 55.96 53.969 51.895 51.97 52.148 52.256 52.304 52.079 52.068 52.01 52.116 52.142 52.138 52.025 51.954 52.192 52.846 52.39 52.548 54.368 56.229 57.236 54.952 52.897 51.731 51.766 51.824 52.548 52.582 52.18 52.242 52.291 52.096 52.006 51.983
57.497 58.633 58.641 58.585 58.654 58.663 58.683 58.741 58.728 58.738 58.771 58.798 58.835 58.849 58.857 58.905 58.941 58.981 58.969 55.776 52.82 52.848 53.066 53.142 52.744 52.76 53.563 54.288 53.416 52.698 52.633 54.285 54.3 52.638 52.05 52.068 58.195 57.689 55.901 51.789 51.902 52.064 52.208 52.242 52.057 52.055 52.001 52.021 52.08 52.08 51.951 51.972 52.088 52.327 51.885 51.529 51.432 53.528 53.031 51.773 53.682 52.951 51.881 52.692 53.155 52.318 52.234 52.274 52.19 52.109 52.041 52.074
56.995 59.399 59.405 59.416 59.45 59.491 59.506 59.515 59.518 59.556 59.617 59.594 59.676 59.64 59.697 59.715 59.699 59.688 59.736 58.164 54.153 53.103 52.935 53.174 52.66 54.066 52.882 54.576 54.104 52.902 53.06 54.162 53.324 52.113 52.141 52.306 58.223 57.42 54.642 53.527 51.867 52.477 52.157 52.211 52.103 52.037 52.035 51.987 51.985 51.978 51.971 52.007 52.054 52.057 52.11 51.814 51.992 51.524 51.778 53.662 54.416 54.314 53.718 53.255 52.633 52.231 52.267 52.192 52.132 52.088 52.14 52.298
56.755 60.13 60.236 59.342 55.337 55.305 55.46 55.182 55.173 55.302 55.294 55.16 55.22 55.083 55.11 53.648 53.444 53.3 53.265 59.641 56.683 53.773 53.402 53.117 54.174 54.456 53.788 54.612 53.492 52.355 52.521 52.545 52.849 53.285 51.967 52.442 58.278 57.621 56.298 54.275 52.355 52.162 52.271 52.192 52.059 52.025 52.043 52.018 51.972 51.973 51.928 51.998 52.006 52.065 52.094 52.094 52.14 52.807 52.147 54.326 54.375 54.296 52.938 52.69 52.143 52.215 52.236 52.106 52.096 52.144 52.992 53.253
55.721 54.301 53.732 53.772 53.57 53.847 53.271 53.227 53.26 53.235 53.442 53.195 53.164 53.144 53.692 53.234 53.098 53.062 53.259 59.561 57.932 54.123 54.181 52.736 52.752 53.03 53.321 54.672 52.775 52.233 52.504 52.488 52.758 52.42 52.002 51.849 58.111 57.402 53.304 51.862 51.905 52.013 52.22 52.156 52.119 52.011 51.985 51.972 51.968 51.94 51.91 51.898 51.931 52 52.04 52.09 52.121 52.131 52.587 54.14 54.364 54.233 53.668 52.153 52.157 52.166 52.057 52.045 52.053 52.258 53.579 52.787
54.167 53.801 53.498 56.871 55.749 54.175 53.246 53.146 53.148 53.277 54.357 53.387 53.085 52.995 53.739 53.211 52.952 52.913 52.885 56.584 56.396 54.075 54.145 52.848 52.307 52.193 52.606 52.472 52.309 52.163 52.381 52.432 52.639 52.447 51.949 52.005 58.16 57.431 54.763 51.866 51.908 51.998 52.197 52.218 52.164 52.051 52.008 51.948 51.943 51.884 51.885 51.874 51.829 51.901 51.928 52.017 52.073 52.092 52.065 52.02 52.7 53.135 52.296 52.088 52.103 52.091 51.983 52.018 52.12 53.204 52.785 52.558
59.876 58.371 54.78 58.639 59.9 56.853 54.65 53.48 53.493 53.674 56.329 56.075 53.006 52.877 53.637 53.345 52.786 52.741 53.532 58.584 57.861 55.125 54.454 52.853 51.997 51.947 56.673 53.089 52.145 52.691 52.264 52.228 52.199 51.921 51.779 51.849 58.19 57.457 53.291 51.774 51.788 51.814 52.02 52.134 52.957 52.128 51.979 51.931 51.928 51.867 51.842 51.783 51.818 51.818 51.851 51.87 51.919 52.005 52.03 52.04 52.066 52.415 52.947 52.086 52.06 51.956 51.952 51.94 52.171 53.318 52.284 52.247
58.946 57.368 59.216 55.882 60.716 59.087 55.643 61.469 62.919 61.803 55.392 53.912 54.925 55.711 55.713 53.626 52.508 53.214 57.048 58.821 57.491 55.54 53.518 52.834 51.934 51.852 57.723 53.444 51.986 52.063 52.142 52.224 52.622 52.131 51.943 51.962 58.172 57.473 55.014 54.202 51.903 51.887 52.077 52.058 52.819 52.101 52.064 52.009 51.924 51.892 51.843 51.826 51.801 51.772 51.764 51.812 51.84 51.918 51.965 52.017 52.083 52.064 52.054 52.064 51.963 51.878 51.918 52.025 52.245 53.092 52.201 52.823
60.104 58.849 59.38 61.016 56.723 61.531 62.146 63.568 63.712 62.382 56.224 52.214 54.649 53.742 54.971 52.377 51.913 51.909 52.2 54.703 52.371 51.959 52.485 52.137 51.892 51.486 52.883 51.611 52.76 51.886 51.591 51.551 51.66 52.709 51.959 52.009 58.227 57.423 56.139 52.953 52.195 52.203 51.978 52.047 52.175 52.031 52.029 52.018 51.989 52.143 53.595 51.924 51.819 51.763 51.76 51.722 51.81 51.863 51.895 51.892 51.964 52.052 52.031 52.008 52.865 51.87 51.886 52.063 52.518 53.354 52.25 55.91
59.708 57.758 59.237 60.34 60.46 61.174 62.314 63.062 61.836 56.842 54.892 52.544 52.117 52.22 52.193 52.109 51.918 51.913 51.892 51.818 52.98 53.219 53.351 52.076 51.585 51.6 51.582 51.56 52.283 53.79 53.771 51.634 51.697 53.054 51.925 51.801 58.073 57.736 55.888 51.768 51.7 51.788 51.941 51.934 51.987 52.009 52.003 52.004 51.965 54.722 56.17 53.873 52.337 51.854 51.797 51.756 51.76 51.772 51.865 51.889 51.885 51.896 51.908 51.856 51.829 51.867 52.781 52.41 52.465 53.334 52.534 53.034
59.846 55.168 53.788 55.823 54.059 57.921 60.928 55.659 52.405 52.13 52.241 51.942 51.994 52.069 51.994 52.109 51.893 52.163 52.105 51.835 51.729 53.778 53.811 52.111 51.552 51.521 51.54 51.574 52.943 53.814 53.768 51.992 52.324 52.117 51.853 51.872 58.285 57.697 53.358 51.715 51.687 51.692 51.851 51.914 51.922 51.93 51.961 51.981 54.619 57.054 57.087 57.049 55.284 53.823 51.935 51.828 51.783 51.775 51.769 51.805 51.841 51.845 51.855 51.845 51.83 51.825 51.994 52.764 52.266 53.333 53.116 52.224
59.28 53.149 52.992 54.578 52.269 52.413 53.181 53.688 54.171 52.305 51.924 51.915 54.185 53.182 52.066 51.987 52.049 54.269 52.829 52.004 51.763 53.788 53.856 52.189 51.51 51.518 51.504 51.499 53.051 53.835 53.715 51.967 51.627 51.711 51.729 51.797 58.262 57.658 55.958 53.532 51.69 51.614 51.659 51.862 51.882 51.887 51.891 51.885 55.501 57.059 57.051 57.045 57.075 56.592 56.282 52.444 51.879 51.807 51.773 51.784 51.773 51.758 51.786 51.847 51.831 51.84 51.934 52.26 52.772 53.511 53.545 52.7
55.039 52.186 51.972 54.371 52.867 54.166 52.954 53.861 55.397 55.253 55.264 56.322 56.25 56.041 56.634 56.765 56.728 56.163 55.971 54.918 53.308 53.845 53.841 52.644 51.571 51.486 51.485 51.458 53.091 53.831 53.874 52.025 51.664 51.855 52.141 51.845 58.293 57.607 56.634 54.244 52.196 51.791 51.823 51.817 51.799 51.855 51.941 51.94 52.809 55.419 57.033 57.086 57.077 57.065 57.108 56.614 54.409 52.42 51.86 51.801 51.752 51.756 51.723 51.762 51.81 51.864 51.871 51.968 52.086 53.082 53.318 53.426
