dsm/se3336_DSM_2M.asc
ncols 500
nrows 500
xllcorner    433000
yllcorner    436000
cellsize     2
NODATA_value -9999
[rows 352 to 383 of 500, columns 0 to 70 of 500]
85.104 84.508 84.221 84.167 84.077 85.096 90.226 91.51 91.518 90.015 85.6 84.243 83.7 83.935 83.79 83.383 83.125 82.933 82.904 82.85 82.742 82.825 87.811 89.223 88.458 83.998 82.767 87.741 89.274 90.318 90.022 89.082 88.104 83.49 82.345 83.016 82.856 82.499 82.624 82.473 82.676 82.765 84.226 83.573 83.262 82.652 82.692 83.042 84.465 83.006 82.996 83.199 82.689 82.765 85.87 84.197 83.287 84.858 83.546 82.476 82.547 83.133 82.604 83.912 84.894 84.149 90.296 85.551 82.186 82.142 83.228
84.262 84.249 84.237 84.245 84.885 84.691 88.696 90.94 91.316 90.615 89.298 83.897 83.79 83.686 83.461 83.307 83.146 83.001 82.82 82.789 82.67 84.37 88.089 89.146 88.726 86.575 83.094 83.092 88.112 89.245 89.089 87.941 84.193 83.557 82.879 82.941 84.547 87.943 84.94 84.271 82.545 82.623 83.417 85.898 85.486 82.651 82.569 84.655 85.291 82.953 83.869 82.949 82.477 84.037 85.755 83.486 82.343 82.766 82.224 82.137 82.466 82.853 82.378 82.762 83.129 83.491 82.465 82.44 83.39 83.721 82.49
84.279 84.264 84.301 84.693 84.496 84.112 85.333 90.142 90.433 89.647 85.517 84.24 83.739 83.545 83.487 83.487 84.411 83.174 82.919 82.733 82.647 82.577 83.599 86.51 87.256 84.271 82.584 82.496 82.475 88.134 85.73 83.916 83.427 83.819 82.476 82.716 89.459 88.934 88.849 88.83 83.918 83.32 86.876 85.699 85.01 82.742 82.701 82.502 82.631 82.527 83.5 82.454 82.376 82.38 83.842 82.745 82.157 82.697 82.292 82.022 82.098 82.73 82.251 82.532 83.28 82.391 82.583 82.308 82.151 82.556 81.987
84.714 84.702 84.501 84.459 84.266 84.158 84.495 89.411 87.717 86.445 85.987 83.725 83.765 83.594 84.145 83.699 83.593 83.202 82.966 82.697 82.593 82.836 83.506 82.612 82.513 83.177 82.564 82.49 82.42 83.392 82.591 82.705 83.559 82.27 85.311 87.392 90.134 90.155 89.894 90.012 88.921 87.412 87.516 84.688 83.082 82.482 82.452 82.468 82.473 82.408 82.619 82.436 82.334 82.345 83.377 82.369 82.066 82.053 81.928 81.916 82.517 82.413 82.132 83.122 82.735 82.208 82.563 82.488 82.004 81.924 81.848
84.5 84.305 84.302 84.294 84.308 84.287 86.292 86.347 86.31 84.034 83.736 88.355 86.599 84.341 84.219 84.447 84.842 84.726 84.716 82.85 82.578 82.519 83 82.48 82.494 82.543 83.643 82.586 82.501 83.522 83.142 83.009 83.819 82.257 83.734 87.384 89.207 90.043 90.404 89.353 89.211 83.813 84.649 84.428 82.188 82.642 82.822 82.447 82.419 82.489 82.208 82.176 82.153 82.566 83.012 82.061 81.966 82.428 81.847 81.805 82.353 82.243 81.938 82.171 82.302 82.179 82.068 82.604 81.921 82.422 82.106
84.625 84.756 84.485 84.278 86.607 86.694 86.641 86.075 85.581 85.487 90.66 90.724 89.594 85.489 84.802 84.833 83.705 83.441 85.746 83.364 82.555 82.456 82.376 82.322 82.359 82.424 82.643 86.264 86.68 84.574 82.95 82.236 82.655 81.986 82.028 82.642 86.619 88.549 89.298 88.333 83.558 84.284 84.432 82.305 82.057 84.032 83.871 82.273 81.976 82.969 83.2 82.067 82.014 82.005 82.258 81.958 81.84 82.114 81.707 81.706 82.44 81.685 81.727 81.968 82.212 82.001 81.929 82.211 82.004 81.784 81.683
84.654 84.593 84.933 85.261 86.472 86.314 86.308 85.048 85.052 88.506 90.428 91.414 90.363 89.114 84.205 83.518 83.338 83.828 85.579 85.094 82.616 82.428 82.316 82.323 82.224 82.212 84.403 89.21 88.567 83.265 82.338 82.294 82.174 81.973 82.291 82.398 84.849 86.633 88.106 83.011 81.963 82.007 82.771 82.059 82.006 81.829 81.876 82.158 83.867 83.677 82.12 81.922 81.913 83.029 82.101 81.839 81.688 81.86 81.608 81.627 81.822 81.739 81.55 81.683 82.24 82.01 81.695 82.448 81.631 81.87 81.473
87.564 85.979 86.219 84.835 85.763 86.311 86.026 84.065 83.744 86.674 89.695 90.824 91.086 89.794 88.157 83.688 83.84 83.102 82.892 82.704 82.514 82.412 82.248 82.216 82.176 82.131 83.968 87.429 86.234 82.464 86.562 85.126 81.95 83.97 84.693 83.539 82.802 82.553 84.5 82.668 85.362 86.547 82.097 81.94 83.089 81.815 81.815 83.149 83.773 83.774 82.36 81.856 81.914 83.533 82.03 81.792 81.933 81.64 81.547 81.559 81.972 81.455 81.751 81.455 82.277 81.436 81.169 82.616 82.853 81.55 81.63
88.303 88.515 88.961 85.494 84.71 84.686 84.385 83.819 84.173 86.108 87.672 90.263 91.609 91.069 89.626 85.03 83.313 83.21 83.644 82.844 82.713 82.585 82.495 82.227 82.091 82.063 82.009 81.987 82.008 82.196 84.505 83.467 83.632 85.139 85.939 83.025 81.659 81.818 82.42 84.899 87.289 88.25 84.895 82.731 82.163 81.829 81.755 83.72 83.748 83.863 82.518 81.82 82.635 83.266 82.226 81.495 83.364 83.253 81.497 81.497 82.29 81.514 81.507 82.548 82.567 82.349 81.482 81.144 82.254 81.36 82.223
88.981 89.838 89.899 85.71 84.52 84.478 84.425 84.382 83.92 84.237 83.981 89.369 90.673 91.429 85.446 83.432 83.386 83.663 83.269 83.632 82.824 85.645 86.582 83.395 82.016 82.05 81.979 81.89 81.936 81.91 81.943 81.888 81.842 82.799 85.207 81.664 81.654 82.399 81.611 85.309 88.124 89.17 89.514 88.369 87.487 84.832 81.76 82.156 82.603 83.79 81.706 81.659 83.111 81.708 81.332 82.307 81.774 83.385 82.171 81.382 82.266 81.554 81.265 83.301 82.761 82.829 81.444 81.496 81.272 80.676 80.585
88.104 88.494 88.616 85.081 84.529 84.515 84.539 84.835 84.544 84.145 83.748 86.059 86.391 85.687 83.496 84.066 83.334 83.217 83.065 82.912 83.861 86.809 86.944 83.587 82.004 81.924 81.913 81.828 81.728 81.7 81.737 81.786 82.02 81.581 81.829 81.736 81.978 81.529 82.119 87.361 88.635 89.367 89.877 89.702 88.78 88.166 84.167 82.993 81.446 81.561 81.563 81.579 83.154 81.465 81.342 83.35 83.345 83.434 81.843 81.41 82.456 80.975 80.987 83.338 82.756 82.802 81.208 80.972 81.708 80.503 80.617
87.182 90.141 93.612 87.343 84.537 84.61 84.623 84.738 84.325 84.236 84.193 83.776 85.741 83.813 84.098 83.438 88.305 87.692 83.349 83.541 83.969 83.815 83.92 84.458 82.149 81.94 81.829 81.806 81.763 81.553 81.583 81.72 81.601 81.669 81.566 81.514 81.792 81.365 81.532 85.389 87.431 89.398 89.342 89.51 88.766 84.503 81.51 81.555 85.179 87.269 86.577 83.357 81.949 81.344 81.447 83.482 83.37 83.421 81.551 80.84 82.314 81.213 80.928 83.122 81.664 81.17 80.646 80.479 81.258 80.495 80.387
86.167 90.99 93.883 91.297 85.605 84.978 84.519 84.435 84.358 84.241 85.609 84.884 83.89 83.799 83.438 89.258 90.176 89.765 85.833 83.867 82.75 82.813 82.496 82.363 82.344 82.032 81.852 81.704 81.628 81.572 81.526 81.561 81.516 81.431 82.026 81.883 81.301 81.275 81.288 81.279 82.37 86.152 87.473 88.216 88.199 84.881 82.433 81.391 85.799 88.47 88.396 88.133 87.199 85.951 82.423 81.724 81.458 81.827 80.954 80.714 82.437 80.912 80.734 82.864 81.253 80.495 81.407 80.371 80.483 80.357 81.999
86.742 86.272 86.937 92.932 91.474 85.198 85.871 84.5 84.29 85.05 85.672 84.429 83.339 83.35 88.581 89.961 90.941 91.202 89.536 84.653 83.013 82.723 82.588 82.546 82.447 83.459 81.898 81.917 81.637 81.52 81.477 81.407 81.317 81.344 81.165 81.577 81.363 81.156 81.239 81.206 81.184 81.341 82.149 84.483 83.49 82.95 81.679 81.694 86.962 88.852 89.57 91.025 89 87.985 85.963 81.079 80.624 84.46 85.087 85.323 85.281 84 80.987 80.65 81.076 80.506 83.956 84.462 84.627 84.771 85.447
86.301 87.232 86.681 92.785 92.217 85.944 85.933 84.512 84.373 84.932 84.296 83.433 83.701 84.824 84.3 88.735 89.9 91.089 90.548 88.93 84.055 82.823 82.748 82.424 83.782 82.181 82.125 81.972 81.831 81.585 81.429 81.329 81.272 81.125 81.113 80.989 80.968 81.45 81.204 81.178 81.403 81.29 80.998 81.001 81.105 81.601 81.037 81.819 87.464 88.063 90.049 89.337 89.139 87.571 82.793 80.915 80.653 86.768 87.207 87.138 87.007 86.983 86.852 82.282 81.145 80.513 86.752 87.086 87.366 87.835 87.681
85.95 88.066 88.938 88.44 91.963 93.538 91.115 85.525 86.073 83.824 83.523 83.792 83.979 84.066 83.869 86.033 89.023 90.083 90.098 88.176 83.612 82.855 82.52 83.656 82.055 82.084 81.981 82.847 81.805 81.689 81.475 81.206 81.209 81.134 80.998 80.878 80.907 80.94 81.153 81.253 81.119 80.889 80.852 80.843 80.95 81.522 80.831 80.962 83.467 86.742 86.97 87.858 88.15 86.925 82.371 80.807 81.487 86.877 88.176 88.342 88.393 88.028 86.699 81.161 80.948 80.711 86.606 87.905 88.585 88.285 88.077
88.919 90.025 90.268 88.519 88.699 85.946 97.178 88.976 86.235 85.505 83.949 84.102 84.014 84.908 85.157 84.317 86.072 88.941 88.033 84.478 82.936 82.769 83.714 82.343 82.284 82.032 81.922 82.176 82.427 81.855 81.465 81.295 81.148 81.124 80.987 80.844 80.773 80.872 80.884 80.737 80.791 81.228 80.868 80.679 81.419 82.033 80.708 80.741 80.868 80.864 81.512 85.179 86.88 83.676 81.53 80.452 81.055 87 87.971 88.043 88.138 87.869 86.628 81.105 80.995 80.987 85.539 87.428 87.187 88.345 86.989
89.189 91.225 88.837 87.285 85.138 88.797 90.26 91.52 84.437 84.349 84.145 84.07 84.997 85.655 84.541 83.46 83.274 84.236 83.502 82.936 82.821 83.538 82.382 83.274 82.086 81.967 82.694 82.083 81.813 81.724 81.642 81.271 81.238 81.18 80.964 80.802 80.774 81.139 81.345 80.735 80.666 80.578 80.839 80.519 82.499 83.213 80.641 80.575 80.654 80.625 80.564 80.426 80.75 81.012 80.58 80.463 81.714 86.03 86.403 86.677 86.685 86.801 86.52 81.418 80.616 81.087 85.02 86.067 85.94 83.134 84.715
89.923 89.195 84.054 84.015 84.206 90.666 90.051 93.24 85.147 85.085 84.14 85.612 85.866 84.356 83.65 83.609 84.431 85.027 83.07 82.622 83.601 82.705 82.301 82.246 82.06 82.297 82.986 81.863 81.862 81.676 81.47 81.408 81.271 81.165 81.085 80.928 80.792 80.799 80.954 81.524 80.477 80.451 80.366 80.34 81.065 81.619 80.418 81.075 80.391 80.661 80.46 80.404 81.239 80.526 80.385 80.209 80.237 80.409 80.668 81.889 80.285 80.719 81.984 80.709 80.158 79.939 80.475 79.878 79.806 79.964 79.844
83.908 83.95 83.975 83.994 84.824 87.421 89.655 90.667 92.561 86.958 84.225 85.907 84.412 83.837 83.734 84.412 85.662 84.248 82.779 83.881 82.574 87.393 88.561 86.758 82.413 82.069 82.16 82.238 82.274 81.718 81.371 81.597 81.596 81.323 81.017 80.979 80.852 80.643 80.569 80.497 80.48 80.374 80.225 80.178 80.178 80.18 80.243 80.197 80.427 80.623 80.396 80.411 80.166 80.136 80.456 79.955 80.016 80.89 81.258 81.107 80.255 79.991 79.995 79.939 79.995 79.854 79.818 79.741 79.726 80.023 79.829
83.882 84.847 84.539 84.045 84.8 84.601 84.535 89.581 90.516 85.384 85.615 84.745 83.766 83.74 83.689 83.919 85.376 83.101 83.554 82.637 86.515 88.979 89.614 88.784 86.985 82.929 82.431 81.852 81.843 81.514 81.374 81.42 81.334 81.558 82.148 81.144 80.844 80.728 80.604 80.483 80.497 80.366 80.307 80.268 80.193 80.071 80.078 80.125 80.091 80.049 79.95 80.113 79.908 79.916 80.465 79.992 79.862 79.949 80.329 80.86 80.213 79.918 79.9 79.835 79.995 79.833 79.708 79.697 79.707 80.492 82.494
85.661 85.786 85.474 85.37 84.219 84.036 83.614 86.286 85.92 85.238 84.336 85.955 87.839 88.593 86.833 84.783 83.493 83.712 84.259 82.546 88.087 89.206 90.384 89.847 88.821 87.538 82.333 82.117 81.649 81.322 81.399 81.363 81.31 81.316 81.285 81.75 80.955 80.773 80.715 80.645 80.523 81.656 80.287 80.243 80.177 80.099 80.037 79.952 79.895 79.896 79.859 79.743 79.706 79.766 79.738 79.716 79.778 79.982 81.378 81.642 80.887 80.71 80.986 79.695 79.769 79.641 79.666 80.599 80.803 80.069 82.182
85.852 85.653 85.79 85.89 84.16 83.558 83.51 83.695 85.332 87.959 87.7 89.498 89.431 90.804 91.213 88.433 83.1 83.402 83.103 82.863 83.528 88.209 89.254 90.062 89.696 88.596 83.007 81.887 81.309 81.487 81.389 81.352 81.528 81.179 81.105 81.036 80.933 80.671 81.119 80.827 80.455 80.347 80.375 80.238 80.077 80.018 79.948 79.954 79.915 79.861 79.773 79.696 79.626 79.624 79.589 79.563 79.557 79.656 79.62 80.171 79.592 79.75 79.467 79.509 79.517 79.443 79.389 79.485 79.487 79.495 79.448
85.661 85.672 85.479 84.188 83.75 83.521 83.488 83.615 84.016 88.487 86.696 90.974 85.457 90.329 90.475 88.145 84.034 82.77 82.557 82.58 82.771 83.516 88.129 89.123 88.901 85.006 82.571 82.041 82.657 81.588 81.519 81.424 81.374 81.169 81.114 81.07 80.777 80.613 80.706 80.665 80.777 81.506 80.767 80.249 80.108 80.03 80.018 79.888 80.501 81.279 81.177 79.8 79.712 79.709 79.6 79.615 79.514 79.521 79.526 80.521 80.422 79.555 79.443 79.353 79.372 79.347 79.326 79.364 79.31 79.279 79.267
85.444 84.029 83.5 83.51 83.45 83.46 83.446 83.464 83.66 84.691 85.811 87.218 83.883 87.334 88.817 85.43 83.18 83.672 82.595 82.607 83.767 83.906 82.391 86.977 87.893 82.662 81.653 81.455 86.245 87.141 86.541 82.375 81.336 81.137 81.227 80.999 80.55 81.423 80.763 80.588 81.093 81.099 82.724 80.339 80.267 80.076 80.078 80.072 80.23 80.422 80.354 79.679 79.635 79.653 79.664 79.875 79.659 79.539 79.591 79.525 79.449 79.508 79.487 79.396 79.45 79.38 79.356 79.362 79.383 79.346 79.347
83.31 83.42 83.451 83.464 83.435 83.365 83.404 83.418 83.758 83.658 85.441 84.212 84.144 84.378 82.969 84.342 83.342 82.678 83.505 83.346 83.303 82.675 83.284 82.978 82.091 82.04 81.499 86.52 88.323 88.535 87.744 86.92 81.444 81.285 81.106 81.009 80.539 80.766 80.569 80.878 80.627 80.432 80.782 80.351 80.074 80.137 80.691 80.16 79.964 79.925 79.862 79.762 79.661 79.738 79.798 79.995 79.79 79.59 79.588 79.537 79.539 79.474 79.89 79.601 79.732 79.447 79.363 79.406 79.371 79.357 79.294
83.592 83.307 83.385 83.347 83.375 83.349 83.357 83.351 83.617 83.179 85.91 85.478 84.307 83.053 84.24 83.042 82.543 83.492 83.143 84.008 82.692 83.283 82.411 83.91 82.632 81.586 84.111 87.538 88.586 89.221 89.341 88.281 87.538 82.909 81.135 80.566 83.302 81.545 80.633 81.036 80.464 81.357 81.847 80.175 79.863 79.987 80.177 81.782 80.743 81.015 80.139 79.853 79.83 79.856 79.862 79.767 79.731 79.695 79.539 79.53 79.519 79.67 79.709 79.567 79.621 79.383 79.355 79.446 79.57 79.629 79.647
84.443 83.429 83.168 83.41 83.321 83.318 83.34 83.27 83.18 83.091 85.172 85.229 82.949 83.921 83.433 82.984 82.519 84.364 83.774 82.559 82.282 82.509 83.49 84.828 82.996 81.38 81.453 86.485 87.22 88.024 88.777 88.49 87.378 81.939 80.747 80.51 86.351 86.514 86.051 84.655 81.591 81.125 82.573 80.116 79.703 79.884 79.94 80.65 79.832 80.114 79.932 80 79.818 79.925 79.673 81.657 82.037 80.338 79.718 79.64 80.084 82.312 83.653 82.193 79.629 79.515 79.46 79.468 80.113 83.305 82.84
86.136 83.461 83.115 83.299 83.256 83.407 84.407 84.661 83.364 83.211 82.871 82.741 85.041 85.162 83.964 82.55 82.451 83.609 83.135 82.271 82.222 82.002 83.955 83.531 81.727 81.421 82.753 83.986 84.572 86.783 87.567 87.903 85.714 81.158 80.602 83.22 87.051 87.724 87.302 86.837 86.372 85.049 82.06 79.656 79.923 79.785 80.228 80.019 79.71 79.727 79.684 79.735 79.633 79.431 79.489 82.369 82.41 80.27 79.772 79.662 80.303 83.761 83.963 83.125 80.302 79.65 79.612 79.44 81.018 82.562 84.221
89.917 84.902 82.992 82.968 84.525 85.04 84.998 84.849 82.915 82.712 83.056 84.367 85.687 84.926 84.654 83.694 83.542 82.812 82.573 85.157 85.749 82.388 82.389 83.555 82.919 81.482 81.403 82.452 82.425 81.183 84.559 86.584 81.307 81.119 80.386 84.088 87.016 87.789 88.265 88.173 87.748 86.026 80.904 79.473 84.27 83.676 81.351 79.82 79.683 79.59 79.546 79.501 79.429 79.313 79.327 80.057 79.299 79.501 79.558 79.407 79.308 81.207 84.104 83.091 79.582 79.353 79.286 79.253 79.043 80.676 82.895
89.558 88.858 84.034 83.571 85.101 84.983 83.402 82.773 83.581 83.625 82.575 82.253 82.69 82.314 83.126 84.599 84.493 85.523 85.513 85.52 87.251 83.317 83.02 83.478 81.872 81.156 81.535 82.261 81.335 80.987 81.408 81.46 81.124 80.58 81.274 81.477 84.768 86.454 87.244 87.748 88.207 83.244 80.084 81.636 85.986 85.7 85.439 85.064 84.335 80.504 79.436 79.316 79.293 79.272 79.43 79.309 79.26 79.251 79.3 79.138 79.033 78.919 81.654 81.487 79.184 79.154 79.142 79.586 79.26 79.291 80.022
86.894 84.341 84.71 84.98 83.673 82.963 83.471 84.095 82.977 82.375 82.295 82.267 82.201 83.118 84.053 83.688 81.949 84.423 86.477 84.167 86.3 84.326 83.162 82.425 81.201 81.022 81.069 81.772 80.789 80.721 82.174 83.849 82.396 80.348 80.125 80.28 80.629 83.449 85.383 86.327 86.738 80.452 80.54 85.161 87.258 86.965 87.486 86.296 85.926 81.306 79.356 81.913 83.512 82.964 83.006 82.805 80.418 79.606 79.08 79.056 78.881 78.854 79.554 79.177 79.016 78.947 79.514 78.936 78.96 78.934 78.925
