dsm/se3334_DSM_2M.asc
ncols 500
nrows 500
xllcorner    433000
yllcorner    434000
cellsize     2
NODATA_value -9999
[rows 32 to 63 of 500, columns 0 to 71 of 500]
80.392 80.34 80.28 80.215 80.142 80.075 80.017 79.942 79.867 79.772 79.682 79.59 79.527 79.392 79.295 79.227 79.132 79.125 79.025 79.002 78.915 78.857 78.722 78.587 78.45 78.372 78.302 77.955 77.97 78.022 77.965 77.9 77.8 77.7 77.602 77.665 77.397 77.325 77.235 77.28 77.392 76.99 76.887 76.755 76.635 76.497 76.33 76.27 76.155 76.021 75.788 75.7 75.655 75.529 75.351 75.866 78.773 80.319 80.681 79.36 74.607 72.982 72.986 73.017 73.034 73.023 73.028 73.034 72.999 73.024 73.004 73.005
80.305 80.257 80.217 80.155 80.07 79.98 79.9 79.862 79.79 79.71 79.632 79.55 79.435 79.337 79.237 79.16 79.057 78.935 78.942 78.86 78.785 78.665 78.56 78.422 78.387 78.285 78.13 77.842 77.865 77.91 77.835 77.785 77.682 77.582 77.46 77.36 77.277 77.185 77.105 78.047 78.055 76.89 76.8 76.667 76.547 76.37 76.255 76.137 76.026 75.826 75.698 75.62 75.56 75.415 75.263 75.119 77.224 79.686 79.568 79.546 75.182 72.992 73.02 73.044 73.046 73.047 73.063 73.076 73.082 73.094 73.065 73.048
80.26 80.22 80.145 80.115 80.085 80.047 79.957 79.872 79.777 79.677 79.575 79.49 79.402 79.33 79.217 79.122 79 78.855 78.73 78.652 78.585 78.51 78.417 78.292 78.207 78.107 77.98 77.79 77.802 77.807 77.687 77.622 77.56 77.43 77.315 77.255 77.19 77.085 77.01 78.415 78.997 76.802 76.732 76.642 76.512 76.325 76.162 76.05 75.855 75.724 75.588 75.555 75.487 75.356 75.195 75.981 78.567 79.365 80.478 78.316 73.812 72.977 73.033 73.063 73.087 73.085 73.084 73.08 73.113 73.115 73.116 73.094
80.225 80.192 80.187 80.157 80.122 82.247 80.02 79.92 79.84 79.727 79.6 79.46 79.38 79.282 79.195 79.097 78.997 78.877 78.76 78.605 78.495 78.385 78.285 78.185 78.092 78.015 77.842 77.747 77.7 77.585 77.505 77.447 77.385 77.267 77.16 77.122 77.06 76.937 76.897 82.04 76.762 76.692 76.657 76.562 76.405 76.247 76.08 75.887 75.76 75.625 75.494 75.527 76.784 77.067 77.811 78.044 79.218 80.031 80.527 78.705 73.091 72.982 73.038 73.067 73.087 73.108 73.093 73.114 73.137 73.159 73.118 73.118
80.215 80.19 80.137 80.102 80.047 80.05 79.962 79.867 79.775 79.707 79.625 79.5 79.357 79.235 79.142 79.047 78.955 78.855 78.717 78.555 78.427 78.335 78.242 78.167 78.06 77.937 77.82 77.692 77.602 77.522 77.425 77.305 77.182 77.067 76.972 76.922 76.872 76.76 77.202 78.987 78.202 76.47 76.495 76.407 76.257 76.095 75.895 75.782 75.655 75.537 75.443 75.575 76.645 77.189 78.025 78.726 79.807 80.243 77.737 76.566 73.888 72.967 73.035 73.067 73.085 73.139 73.146 73.153 73.177 73.161 73.147 73.14
80.122 80.077 80.045 79.97 79.94 79.917 79.855 79.797 79.712 79.64 79.575 79.472 79.37 79.22 79.105 78.997 78.897 78.792 78.702 78.575 78.442 78.317 78.197 78.09 78.002 77.885 77.787 77.685 77.577 77.467 77.33 77.215 77.082 77.002 76.895 76.792 76.69 76.582 76.48 76.415 76.37 76.3 76.265 76.212 76.082 75.955 75.787 75.637 75.555 75.457 75.405 75.417 78.552 78.299 80.113 81.738 79.585 78.938 76.524 74.481 73.382 72.989 73.053 73.082 73.104 73.149 73.164 73.202 73.196 73.191 73.149 73.16
80.062 80.007 79.952 79.91 79.857 79.822 79.765 79.705 79.605 79.595 79.52 79.445 79.325 79.21 79.122 78.977 78.847 78.75 78.662 78.575 78.452 78.335 78.217 78.072 77.97 77.88 77.76 77.627 77.5 77.39 77.282 77.19 77.085 76.972 76.85 76.72 76.622 76.527 76.425 76.34 76.265 76.16 76.06 76 75.927 75.84 75.73 75.607 75.495 75.405 75.383 75.318 75.381 76.077 78.372 78.618 78.806 78.048 75.204 73.164 72.965 73.006 73.054 73.094 73.102 73.141 73.184 73.189 73.207 73.205 73.203 73.172
80.042 79.98 79.93 79.885 79.83 79.782 79.735 79.67 79.605 79.515 79.472 79.397 79.267 79.19 79.112 79.027 78.9 78.767 78.62 78.542 78.427 78.332 78.24 78.127 78.012 77.867 77.727 77.6 77.475 77.337 77.217 77.1 76.99 76.907 76.802 76.715 76.63 76.652 76.402 76.28 76.167 76.055 75.982 75.895 75.805 75.697 75.622 75.537 75.462 75.377 75.36 75.303 75.188 75.361 76.141 77.652 76.974 75.502 73.62 73.06 72.968 73.025 73.061 73.093 73.12 73.147 73.182 73.208 73.212 73.217 73.219 73.204
79.99 79.93 79.87 79.865 79.805 79.757 79.71 79.637 79.57 79.512 79.43 79.337 79.237 79.177 79.092 79.01 78.935 78.807 78.662 78.497 78.4 78.307 78.235 78.135 78.035 77.92 77.757 77.635 77.517 77.39 77.245 77.142 76.985 76.86 76.747 76.675 76.585 76.477 76.372 76.27 76.175 76.065 75.955 75.847 75.737 75.62 75.537 75.455 75.347 75.355 75.335 75.293 75.155 75.043 75.16 76.134 75.198 73.896 73.485 73.015 72.946 73.034 73.087 73.093 73.121 73.146 73.177 73.212 73.225 73.247 73.23 73.222
80.002 79.917 79.872 79.835 79.772 79.712 79.682 79.645 79.572 79.525 79.43 79.362 79.282 79.165 79.052 78.977 78.907 78.775 78.7 78.495 78.375 78.302 78.222 78.355 78.672 79.347 77.76 77.647 77.517 77.382 77.237 77.11 76.997 76.907 76.77 76.655 76.557 76.49 76.39 76.265 76.132 76.025 75.915 75.825 75.73 75.63 75.535 75.457 75.407 75.365 75.32 75.26 75.13 74.995 74.778 76.141 74.077 73.727 73.405 73.017 72.967 73.042 73.08 73.105 73.123 73.147 73.186 73.207 73.226 73.246 73.236 73.215
80.005 79.967 79.915 79.862 79.78 79.737 79.662 79.612 79.542 79.49 79.435 79.385 79.292 79.222 79.097 78.96 78.902 78.817 78.665 78.502 78.36 78.265 78.21 84.02 78.645 77.877 77.697 77.6 77.48 77.32 77.2 77.09 76.972 76.875 76.76 76.672 76.585 76.492 76.392 76.265 76.117 75.972 75.862 75.77 75.68 75.592 75.492 75.422 75.382 75.342 75.288 75.23 75.063 74.908 74.645 76.217 74.036 73.68 73.252 73.013 72.985 73.042 73.063 73.088 73.134 73.146 73.163 73.177 73.219 73.244 73.217 73.214
79.985 79.957 79.95 79.897 79.81 79.777 79.702 79.63 79.572 79.475 79.402 79.347 79.3 79.25 79.115 78.997 78.927 78.827 78.622 78.495 78.382 78.22 78.175 81.72 77.987 77.842 77.677 77.517 77.397 77.28 77.21 77.127 76.957 76.947 80.52 76.645 76.59 76.515 76.377 76.222 76.107 75.995 75.86 75.737 75.61 75.517 75.415 75.362 75.305 75.31 75.245 75.178 75.035 74.883 74.623 76.105 74.608 74.018 73.219 72.998 72.987 73.038 73.057 73.084 73.116 73.144 73.17 73.179 73.192 73.207 73.202 73.21
80.032 79.98 79.945 79.887 79.822 79.762 79.705 79.68 79.605 79.495 79.417 79.372 79.355 79.307 79.167 79.057 78.987 78.847 78.662 78.5 78.402 78.227 78.137 78.075 78.012 77.885 77.677 77.537 77.387 77.277 77.197 77.087 76.927 80.555 76.76 76.63 76.58 79.472 76.782 76.23 76.095 75.952 75.817 75.725 75.635 75.54 75.425 75.312 75.285 75.272 75.213 75.14 75.035 74.808 74.55 75.57 74.188 74.216 74.926 73.017 72.998 73.048 73.069 73.08 73.102 73.148 73.149 73.153 73.163 73.168 73.187 73.168
80.082 80.017 79.992 79.955 79.877 79.815 79.74 79.73 79.665 79.545 79.442 79.415 79.402 79.385 79.27 79.182 79.065 78.93 78.772 78.565 78.375 78.235 78.087 78.07 77.987 77.9 77.737 77.585 77.425 77.282 77.182 77.075 76.952 76.83 76.715 76.615 76.537 76.505 76.31 76.192 76.072 77.17 75.825 75.657 75.592 75.52 75.402 75.275 75.28 75.255 75.198 75.138 74.978 74.78 74.563 74.878 74.433 74.258 74.374 73.025 72.992 73.04 73.061 73.072 73.103 73.125 73.128 73.119 73.124 73.116 73.139 73.152
80.087 80.04 79.98 79.98 79.98 79.915 79.83 79.83 79.737 79.582 79.497 79.47 79.405 79.347 79.335 79.29 79.172 79.027 78.857 78.645 78.407 78.245 78.075 78.035 77.977 77.9 77.767 77.61 77.432 77.312 77.18 77.08 76.947 76.842 76.715 76.57 76.485 76.385 76.255 76.122 76.02 75.952 75.75 75.597 75.515 75.467 75.377 75.317 75.29 75.26 75.19 75.16 74.99 74.79 76.123 74.198 75.328 73.505 73.914 73.389 72.988 73.025 73.049 73.064 73.086 73.086 73.088 73.086 73.091 73.097 73.121 73.13
80.112 80.087 80.075 80.03 80.017 79.987 79.912 79.897 79.78 79.655 79.59 79.502 79.42 79.367 79.365 79.332 79.357 79.135 78.995 78.797 78.512 78.275 78.102 78.007 77.97 77.897 77.802 80.76 82.505 77.337 77.22 77.085 76.987 76.83 76.745 76.63 76.507 76.367 76.237 76.077 75.902 75.802 75.675 75.582 75.47 75.42 75.36 75.362 75.302 75.262 75.205 75.163 75.015 74.8 74.513 74.055 75.61 73.468 73.124 73.437 73.028 73.018 73.022 73.034 73.031 73.033 73.032 73.033 73.043 73.057 73.075 73.081
80.207 80.185 80.137 80.122 80.115 80.067 79.985 79.927 79.857 79.762 79.59 79.472 79.43 79.405 79.38 79.337 79.315 79.287 79.115 78.915 78.627 78.315 78.107 77.97 77.957 77.89 77.805 80.827 78.642 77.375 77.252 77.127 77.012 76.902 76.765 76.64 76.512 76.345 76.225 76.057 75.927 75.775 75.682 75.567 75.48 75.427 75.385 75.38 75.332 75.265 75.208 75.173 75.083 74.803 74.433 74.045 74.885 73.418 72.993 72.937 73.06 73.005 72.999 72.994 72.991 73.003 72.998 72.997 73.017 73.025 73.038 73.048
80.275 80.265 80.265 80.217 80.162 80.127 80.075 79.977 79.88 79.752 79.515 79.48 79.625 79.405 79.36 79.575 79.297 79.29 79.385 79.04 78.77 78.395 78.127 77.97 77.947 77.892 77.78 78.925 77.502 77.35 77.217 77.162 77.03 76.895 76.767 76.66 76.545 76.387 76.232 76.077 75.92 75.777 75.692 75.61 75.485 75.42 75.415 75.38 75.35 75.262 75.238 75.19 74.998 74.765 74.358 74 73.77 74.013 72.983 72.948 72.913 72.928 72.938 72.933 72.94 72.952 72.948 72.963 72.981 73.002 72.999 73.004
80.357 80.327 80.31 80.285 80.18 80.152 80.122 80.04 79.922 79.7 79.525 79.697 79.415 79.43 79.367 79.315 79.305 79.255 79.222 79.102 78.865 78.502 78.162 77.98 77.94 77.887 77.775 77.655 77.48 77.345 77.225 77.117 77.002 76.89 76.782 76.662 76.525 76.377 76.225 76.06 75.917 75.792 75.745 77.385 75.507 75.477 75.422 75.39 75.37 75.277 75.255 75.193 75.108 74.745 74.238 73.845 73.5 75.043 73.423 73.008 72.963 72.97 72.962 72.958 72.941 72.937 72.931 72.93 72.937 72.916 72.908 72.931
80.422 80.37 80.342 80.322 80.222 80.175 80.107 80.09 79.93 79.622 79.54 79.457 79.59 79.555 79.38 79.325 79.287 79.217 79.207 79.107 78.892 78.582 78.19 77.972 77.917 77.89 77.807 77.672 77.485 77.347 77.262 77.082 76.98 76.865 76.792 76.65 76.515 76.367 76.205 76.055 75.925 75.802 75.677 75.597 75.542 75.51 75.447 75.405 75.397 75.287 75.235 75.208 75.065 76.75 78.325 77.288 73.37 73.203 73.498 73.568 73.643 73.982 72.948 72.892 72.897 72.892 72.9 72.917 72.932 72.951 72.933 72.968
80.46 80.42 80.407 80.372 80.295 80.215 80.145 80.11 79.965 79.642 79.517 79.475 79.462 79.432 79.377 79.322 79.277 79.215 79.195 79.122 78.94 78.602 78.195 77.967 77.902 77.907 77.835 77.66 77.505 77.352 77.25 77.122 77.557 76.945 76.792 76.645 76.507 76.357 76.195 76.01 75.935 75.825 75.72 75.63 75.56 75.522 75.467 75.427 75.402 75.287 75.248 75.16 74.908 76.745 75.205 74.258 74.158 73.188 73.09 72.953 72.888 73.768 72.802 72.735 72.697 72.722 72.723 72.737 72.76 72.783 72.805 72.822
80.522 80.487 80.465 80.432 80.365 80.305 80.237 80.157 80.015 79.717 79.522 79.52 79.48 79.435 79.39 79.325 79.3 79.467 79.222 79.1 78.932 78.587 78.245 78.025 77.917 77.907 77.845 77.675 77.54 77.375 77.25 77.107 77.217 76.897 76.785 76.647 76.487 76.347 76.18 76.06 75.967 81.427 75.747 75.635 75.552 75.507 75.457 75.452 75.42 75.302 75.263 75.123 74.75 74.313 73.873 73.49 73.32 73.223 73.093 72.953 72.83 73.028 72.515 72.397 72.378 72.404 72.439 72.443 72.462 72.41 72.395 72.495
80.597 80.552 80.53 80.485 80.422 80.362 80.265 80.187 80.102 79.825 79.542 79.535 79.495 79.472 79.397 79.345 79.295 79.255 79.172 79.07 78.845 78.505 78.26 78.052 77.91 77.912 77.86 77.69 77.557 77.43 77.272 77.14 76.972 76.887 76.742 76.617 76.477 76.342 76.187 76.062 76.065 81.735 75.837 75.652 75.57 75.5 75.472 75.48 75.405 75.282 75.22 75.023 74.608 74.155 73.735 73.428 73.293 73.208 73.113 72.963 72.833 72.57 72.085 71.876 71.928 71.955 71.988 72.026 72.075 71.981 72.045 72.084
80.682 80.632 80.597 80.542 80.462 80.37 80.307 80.215 80.145 80.045 79.787 79.542 79.532 79.47 79.415 79.367 79.317 79.24 79.142 79.065 78.747 78.492 78.325 78.065 77.94 77.907 77.852 77.74 77.58 77.447 77.265 77.102 76.98 76.892 76.76 76.597 76.467 76.327 76.19 76.09 75.957 75.835 75.75 75.662 75.58 75.507 75.482 75.512 75.402 75.285 75.213 74.955 74.58 74.038 73.643 73.43 73.278 73.165 73.075 72.958 72.81 72.593 71.795 71.403 71.338 71.365 71.449 71.574 71.645 71.491 71.66 71.714
80.722 80.68 80.65 80.602 80.522 80.427 80.35 80.295 80.2 80.105 80.005 79.782 79.565 79.482 79.435 79.382 79.31 79.237 79.145 78.915 78.652 78.505 78.36 78.1 77.947 77.915 77.865 77.75 77.577 77.415 77.242 77.1 77.02 76.892 76.765 76.622 76.485 77.67 77.15 76.045 75.957 75.842 75.77 75.667 75.6 75.532 75.5 75.52 75.382 75.302 75.188 74.918 74.66 75.725 75.608 73.418 73.295 73.17 73.055 72.923 72.883 72.38 71.6 71.303 71.205 71.188 71.162 71.18 71.209 71.214 71.248 71.276
80.725 80.697 80.662 80.6 80.54 80.467 80.415 80.36 80.275 80.15 80.037 79.967 79.83 79.66 79.532 79.445 79.332 79.207 79.035 78.82 78.677 78.505 78.377 78.172 77.97 77.92 77.87 77.757 77.582 77.407 77.26 77.14 77.015 76.89 76.757 76.625 76.472 76.315 76.17 76.035 75.917 75.83 75.78 75.68 75.605 75.535 75.53 75.53 75.382 75.335 75.13 74.8 74.435 73.87 73.625 73.46 73.29 73.175 73.048 72.925 73.3 72.1 71.493 71.24 71.14 71.174 71.153 71.172 71.159 71.145 71.194 71.177
80.72 80.695 80.667 80.605 80.547 80.487 80.447 80.385 80.312 80.187 80.067 79.945 79.862 79.712 79.57 79.405 79.247 79.117 78.992 78.842 78.67 78.525 78.412 78.207 77.985 77.947 77.887 77.775 77.597 77.392 77.267 77.145 77.035 76.885 76.772 76.637 76.442 76.312 76.167 76.047 75.945 75.872 75.787 75.71 75.632 75.57 75.577 75.527 75.412 75.33 75.1 74.828 77.753 75.52 73.61 73.453 73.345 73.173 73.043 72.918 72.97 71.96 71.443 71.22 71.14 71.145 71.159 71.184 71.165 71.162 71.181 71.207
80.755 80.695 80.702 80.642 80.59 80.56 80.512 80.422 80.327 80.2 80.077 79.957 79.85 79.75 79.58 79.45 79.295 79.162 78.97 78.852 78.687 78.555 78.445 78.265 78.017 77.957 77.9 77.76 77.562 77.405 77.28 77.182 79.34 76.915 76.795 77.91 77.222 76.327 76.18 76.075 75.972 75.85 75.782 75.712 75.655 75.592 75.602 75.545 75.425 75.305 75.125 74.813 74.285 73.805 73.608 73.45 73.32 73.165 73.03 72.933 73.045 71.965 71.413 71.2 71.18 71.153 71.193 71.178 71.171 71.191 71.182 71.2
80.78 80.755 80.725 80.685 80.635 80.585 80.532 80.46 80.355 80.217 80.092 79.975 79.857 79.737 79.625 79.475 79.305 79.167 79.01 78.877 78.697 78.577 78.457 78.285 78.032 77.977 77.905 77.785 77.595 77.415 77.282 77.422 77.497 76.945 76.822 76.832 76.56 76.375 76.21 76.09 76.6 77.982 75.812 75.765 75.67 75.625 75.637 75.547 75.447 75.312 75.113 74.76 74.22 73.763 73.578 73.468 73.305 73.168 73.043 72.938 73.51 71.908 71.385 71.203 71.208 71.18 71.188 71.195 71.19 71.195 71.212 71.187
80.805 80.787 80.732 80.695 80.67 80.607 80.557 80.462 80.355 80.215 80.11 79.99 79.875 79.737 79.645 79.502 79.322 79.18 79.037 78.885 78.715 78.582 78.482 78.292 78.055 77.98 77.922 77.797 77.622 77.432 77.312 77.182 77.075 76.965 76.855 76.717 76.567 76.432 76.262 76.167 76.992 79.417 75.83 75.775 75.69 75.63 75.65 75.542 75.457 75.32 75.085 74.718 74.945 73.73 73.553 73.458 73.315 73.168 73.053 72.968 72.568 71.845 71.375 71.233 71.21 71.183 71.185 71.208 71.195 71.199 71.232 71.192
80.837 80.79 80.752 80.68 80.672 80.635 80.585 80.49 80.382 80.252 80.14 80.02 79.905 79.79 79.672 79.527 79.34 79.205 79.06 78.912 78.745 78.57 78.435 78.305 78.087 78.012 77.93 77.797 77.645 77.477 77.345 77.207 77.077 77.032 76.887 76.755 76.582 76.427 76.29 76.147 76.055 75.937 75.857 75.772 75.7 75.645 75.665 75.527 75.47 75.312 75.068 75.703 74.165 73.755 73.56 73.458 73.31 73.188 73.083 72.968 72.53 71.753 71.358 71.27 71.23 71.213 71.193 71.215 71.223 71.23 71.23 71.218
80.847 80.805 80.76 80.69 80.642 80.612 80.547 80.457 80.392 80.3 80.177 80.052 79.935 79.812 79.68 79.517 79.36 79.205 79.057 78.915 78.762 78.597 78.512 78.332 78.132 78.04 77.97 77.84 77.642 77.477 77.347 77.202 77.117 78.587 78.12 76.762 77.682 76.447 76.662 76.172 76.05 75.955 75.895 75.787 75.71 75.677 75.657 75.55 75.46 75.292 75.338 74.695 74.168 73.765 73.58 73.493 73.35 73.223 73.125 73.103 72.46 71.703 71.368 71.315 71.268 71.233 71.2 71.225 71.223 71.238 71.243 71.248
