dsm/se3335_DSM_2M.asc
ncols 500
nrows 500
xllcorner    433000
yllcorner    435000
cellsize     2
NODATA_value -9999
[rows 32 to 63 of 500, columns 72 to 143 of 500]
65.404 65.382 65.518 65.506 65.452 65.418 65.502 65.498 65.581 65.639 65.754 66.727 66.071 65.755 65.791 66.953 71.644 72.441 68.721 65.796 66.547 71.441 69.909 69.278 66.545 65.536 65.6 65.623 66.075 67.049 67.729 70.498 70.124 68.375 67.203 67.354 67.229 66.879 67.287 66.665 67.06 67.517 68.121 70.042 73.266 74.328 73.073 71.178 66.943 67.461 68.396 67.217 67.173 67.246 67.178 67.241 68.417 67.98 68.045 69.569 73.321 75.095 75.784 75.027 73.621 68.302 68.218 69.957 69.462 70.698 74.849 76.056
65.343 65.295 65.347 65.425 65.407 65.462 65.458 65.445 65.498 65.594 65.706 65.782 66.059 65.678 65.678 65.751 65.832 67.54 66.363 65.671 65.574 66.079 68.917 69.387 68.877 67.738 65.594 65.545 65.849 69.939 72.288 71.987 69.018 67.153 67.468 67.406 67.806 68.001 66.963 66.577 66.624 67.303 67.047 72.087 73.908 74.247 72.872 68.482 67.089 67.239 67.191 67.962 67.453 67.106 67.091 67.323 67.334 67.508 68.113 70.861 73.666 74.505 74.892 73.737 69.576 69.124 68.272 69.381 69.475 69.092 70.391 74.461
65.221 65.246 65.31 65.301 65.36 65.356 65.355 65.415 65.482 65.616 65.658 65.285 65.091 65.212 65.698 65.643 65.753 65.797 65.833 65.842 65.642 65.445 65.329 66.066 67.719 68.222 67.747 66.126 66.705 68.96 73.432 72.084 69.855 66.596 66.353 66.476 67.236 67.365 67.69 68.276 66.807 66.852 69.621 73.431 74.598 73.251 72.089 67.972 67.14 67.194 67.053 67.12 67.012 66.982 67.372 67.558 67.285 68.025 67.647 68.276 68.614 73.324 73.895 70.542 68.68 68.986 70.304 70.017 69.477 70.492 69.52 70.081
65.218 65.162 65.219 65.132 65.202 65.239 65.305 65.31 65.461 65.774 65.474 65.096 66.557 66.18 65.245 65.737 65.736 65.793 65.831 65.909 67.843 67.267 66.032 65.171 65.109 67.202 68.259 70.915 69.932 70.918 73.022 73.402 70.095 66.868 66.332 66.313 66.482 66.399 66.893 67.844 66.824 67.151 70.401 72.46 73.097 72.813 68.471 66.784 68.186 67.468 66.922 67.009 66.937 66.983 67.409 67.263 68.284 70.022 71.128 71.072 67.654 68.787 69.154 68.292 68.379 68.361 68.804 70.347 70.193 70.684 69.161 69.07
65.334 65.341 65.227 65.206 65.14 65.197 65.241 65.334 65.517 65.968 65.416 65.688 70.531 71.503 69.131 65.872 66.104 66.091 65.836 67.762 67.888 67.995 66.847 65.188 65.181 65.131 68.614 73.538 72.195 70.001 69.859 69.061 67.939 66.291 66.252 66.361 66.436 66.304 66.289 66.524 66.595 67.224 67.375 66.901 71.964 72.003 67.384 67.124 67.594 67.01 67.268 66.984 66.803 66.909 68.071 67.739 67.807 70.926 72.91 73.401 71.411 71.487 67.637 68.628 68.348 68.404 68.517 68.851 70.105 70.081 69.079 70.176
65.344 65.161 65.078 65.055 65.076 65.082 65.836 65.281 65.408 65.172 65.33 69.388 71.788 72.568 71.294 66.813 65.351 66.82 66.873 67.736 67.972 67.846 65.562 65.137 67.871 66.111 71.447 72.697 74.264 72.668 66.947 66.259 66.22 66.345 66.212 66.32 66.32 66.405 66.287 66.283 66.627 69.792 69.84 68.317 66.919 67.212 66.798 67.422 67.093 66.844 67.061 66.828 66.816 66.932 67.131 67.445 69.004 71.561 74.071 75.115 73.158 69.73 67.289 67.989 69.478 68.76 68.472 68.555 68.658 69.173 70.042 70.396
65.061 65.029 64.967 64.952 65.052 65.476 65.567 65.347 65.157 65.242 67.445 70.584 72.443 71.826 70.741 65.843 64.998 66.551 67.172 67.316 67.615 70.538 66.217 68.055 66.19 68.459 74.022 72.887 68.606 70.475 65.815 68.474 65.952 66.908 67.087 66.145 67.376 66.251 66.255 67.114 66.586 71.502 72.166 71.92 67.219 67.357 67.631 66.853 66.836 66.683 66.773 66.715 66.977 66.977 67.962 67.725 70.081 73.518 74.74 74.233 72.759 68.073 67.524 67.754 68.397 69.537 68.945 68.828 68.743 68.696 68.887 70.25
64.771 64.897 64.866 64.963 64.894 65.072 65.067 65.151 65.075 66.347 69.843 71.881 72.428 71.179 68.195 65.445 64.981 64.981 65.105 66.66 66.523 67.459 73.046 76.026 76.59 68.289 72.006 74.34 73.27 70.926 66.084 67.777 65.901 65.966 66.115 66.093 66.106 66.411 66.749 66.244 66.599 72.152 73.402 72.418 70.338 66.306 66.401 67.167 66.58 66.747 66.65 66.714 68.054 68.359 67.484 67.338 71.471 74.171 74.762 73.587 72.256 67.793 68.372 68.103 68.18 68.351 68.459 69.366 69.071 69.85 71.333 71.081
64.789 64.727 64.812 64.858 64.881 64.951 65.107 65.09 65.043 68.056 71.461 72.25 71.815 70.584 67.383 65.054 64.959 64.973 64.962 64.932 64.938 64.896 69.393 70.029 73.799 76.031 69.907 74.233 75.022 70.477 67.888 68.332 72.053 66.046 65.855 65.964 66.012 66.04 66.264 66.184 70.247 73.647 73.813 72.113 67.731 66.303 66.467 66.817 67.714 66.784 66.575 66.736 67.86 67.789 68.233 68.656 72.896 74.879 74.353 73.02 70.367 69.604 68.91 68.158 68.192 68.299 68.487 68.519 68.747 69.75 70.737 70.244
64.749 64.759 64.743 65.506 65.47 65.355 65.062 65.025 65.03 64.967 69.543 71.636 70.866 67.792 65.655 65.018 65.618 65.191 65.889 64.984 64.962 64.973 64.944 66.114 69.483 67.446 67.329 71.66 73.783 73.334 74.427 75.029 67.307 68.822 67.556 66.5 67.142 66.48 66.121 66.179 71.343 73.17 73.154 71.795 67.772 66.358 66.454 66.733 67.771 66.574 66.474 66.682 67.284 67.743 69.997 71.364 74.236 75.555 73.544 72.534 70.157 68.275 67.608 68.285 69.21 68.65 68.567 68.694 69.197 70.156 70.565 70.559
64.729 64.695 64.658 65.424 64.908 65.009 64.78 64.854 68.217 65.113 64.929 66.021 66.458 65.571 64.637 64.886 64.61 64.919 65.404 65.1 64.942 66.003 65.051 65.169 65.387 68.667 65.919 65.817 67.743 67.285 70.292 72.387 68.538 67.147 66.295 67.232 68.204 67.689 66.352 66.16 72.095 72.856 72.385 68.69 66.523 66.383 67.001 66.463 66.511 66.504 66.515 68.135 68.549 67.42 70.306 72.849 74.52 74.285 72.748 68.364 69.458 67.76 67.742 67.98 68.333 68.818 70.237 69.553 69.86 69.468 69.314 68.843
64.592 64.579 65.412 65.607 65.327 65.02 64.767 68.517 71.142 70.176 66.022 64.855 64.809 64.759 64.958 65.039 64.607 64.603 64.784 65.019 65.265 67.79 67.321 65.285 66.561 66.38 67.147 65.535 66.839 66.248 65.481 65.676 66.088 66.559 65.551 65.654 66.382 66.35 67.281 67.622 67.615 71.321 71.672 67.665 66.722 67.445 66.424 66.356 66.418 66.393 66.507 67.297 67.142 67.28 71.137 74.091 74.816 73.608 72.353 67.713 68.18 68.524 68.87 68.069 68.27 68.552 69.148 68.952 68.606 68.816 68.925 68.682
64.577 64.515 65.605 65.534 66.599 67.609 64.884 70.135 72.478 71.416 69.942 68.695 64.82 64.782 66.513 66.583 65.262 64.525 64.642 64.682 64.911 67.518 65.647 65.981 65.909 65.2 64.951 65.284 68.501 67.259 65.322 65.846 66.616 67.096 65.636 65.61 65.71 65.744 65.87 66.456 67.095 66.823 67.076 66.061 66.209 66.28 66.311 66.314 66.359 66.373 67.784 67.373 67.136 67.32 73.194 74.738 74.323 72.937 68.781 67.595 67.685 68.902 70.542 69.541 70.978 69.282 69.771 68.738 68.359 68.384 69.138 68.602
64.449 64.432 64.589 65.124 64.704 64.705 69.677 71.669 72.014 70.27 69.894 66.349 65.621 64.694 65.077 66.986 66.964 65.404 64.752 64.668 64.733 65.137 66.471 66.478 66.09 65.346 64.901 66.843 67.29 65.928 65.181 65.817 66.336 66.3 65.646 65.452 65.686 65.809 65.861 65.92 65.952 66.049 66.133 66.114 66.136 66.338 66.27 66.306 66.325 67.057 66.469 66.939 67.181 70.336 73.764 74.67 73.516 70.408 67.562 67.558 69.62 71.283 71.825 73.842 73.405 70.656 69.835 68.287 68.272 68.287 68.91 68.487
65.039 64.479 64.64 65.042 64.609 67.44 71.296 72.286 70.778 68.101 67.529 64.842 64.736 65.524 66.135 67.014 66.793 64.987 64.932 64.642 64.694 65.558 67.388 65.644 64.64 66.219 65.035 65.147 65.889 66.205 65.17 65.341 65.205 65.478 65.21 68.172 68.914 66.352 66.015 66.256 66.96 66.761 66.042 66.123 66.147 66.204 66.106 66.278 66.294 66.85 66.448 66.685 67.125 68.769 72.508 73.399 73.038 67.828 67.365 68.101 68.034 71.837 72.791 73.466 72.97 70.968 70.224 68.365 68.284 68.302 68.102 68.555
64.854 64.439 64.366 64.587 65.981 70.044 72.108 72.098 70.015 65.87 66.777 65.265 64.392 64.551 65.217 66.429 66.94 64.831 69.753 70.47 71.142 69.955 68.93 65.071 64.546 65.58 65.788 65.034 65.064 65.163 65.899 65.083 65.181 65.166 68.099 69.878 71.596 69.823 66.306 65.656 65.759 66.073 66.474 67.131 66.142 66.185 66.074 66.168 66.162 66.275 66.616 66.776 66.841 66.969 67.116 69.146 69.601 67.263 67.329 68.69 69.089 68.672 70.363 69.939 69.573 68.535 67.986 68.416 68.168 68.021 68.337 70.611
64.946 64.109 64.162 64.057 64.304 65.443 66.264 70.02 65.842 64.479 66.371 66.119 65.309 64.557 64.241 64.207 64.966 64.42 67.816 69.237 67.064 69.328 64.859 64.274 64.538 64.76 66.003 65.521 65.091 65.06 65.788 65.299 65.204 68.776 70.736 72.03 72.635 71.191 69.638 66.301 65.637 65.791 65.85 66.021 67.053 66.502 66.029 66.122 66.051 66.227 66.487 66.665 66.818 67.033 67.092 67.305 67.392 68.087 67.456 68.189 68.397 67.993 68.649 69.374 68.874 67.992 67.901 67.904 68.136 68.103 71.537 73.447
64.118 63.981 64.127 67.542 65.747 63.99 64.357 64.443 64.465 64.25 65.146 67.238 66.407 64.521 65.112 66.727 64.695 64.17 65.546 67.115 67.298 66.538 64.185 64.341 64.421 64.698 64.881 66.104 66.73 65.157 65.166 66.984 69.14 71.123 72.423 72.662 71.801 71.068 70.203 65.297 65.466 65.713 65.806 65.869 66.857 66.166 66.014 66.073 66.058 66.146 66.448 66.589 66.703 66.922 67.196 67.477 68.088 69.054 67.585 67.599 69.273 69.578 68.282 67.855 68.369 68.022 67.781 67.744 70.926 71.948 73.906 74.654
64.813 64.092 68.4 70.754 69.704 64.111 64.886 64.107 66.041 64.381 64.052 64.733 64.492 64.243 65.201 65.024 64.307 69.797 70.165 68.047 65.24 65.555 64.212 64.292 64.246 64.465 64.831 64.918 65.487 65.086 67.967 70.863 71.686 72.724 72.366 71.72 70.684 67.456 65.695 65.343 65.324 65.659 65.772 65.847 66.81 66.076 65.967 66.046 66.028 66.128 66.405 66.569 66.629 66.897 67.354 68.349 71.032 71.744 67.588 67.496 68.25 67.997 68.77 67.757 68.118 68.293 68.137 68.83 73.785 75.382 75.498 75.334
64.158 68.389 70.93 71.629 70.381 65.907 63.836 63.757 64.081 64.32 65.215 64.253 63.863 64.532 65.391 64.323 68.059 71.84 72.223 71.052 65.858 64.13 64.227 64.298 64.367 64.556 64.856 64.995 64.994 68.946 71.301 72.212 73.138 72.411 71.374 70.406 65.823 65.479 65.342 65.377 65.698 66.624 67.087 67.084 67.018 65.942 65.902 65.923 65.974 66.124 66.341 66.45 66.583 66.785 67.28 68.398 71.442 74.136 73.519 71.828 67.743 67.615 67.927 67.728 67.714 68.803 73.865 74.715 75.371 76.502 74.904 74.055
69.348 70.82 71.516 70.244 67.11 64.325 63.723 63.676 63.629 65.158 64.637 64.903 64.267 65.364 64.4 64.094 66.112 71.586 72.194 72.118 69.818 65.263 64.229 64.243 64.412 64.679 64.833 67.795 69.135 71.318 72.456 72.755 71.804 70.868 67.66 65.617 65.023 65.792 66.15 66.878 66.253 65.731 65.774 65.868 65.902 66.327 65.938 65.861 65.904 66.029 66.128 66.341 66.588 67.031 68.115 71.031 73.194 75.106 75.332 74.521 72.998 71.053 67.811 68.086 73.043 74.342 75.142 75.526 74.926 74.316 73.565 72.607
70.714 72.234 70.353 69.354 66.328 64.795 63.6 63.575 63.608 65.702 65.344 64.55 64.703 64.238 64.078 64.149 67.138 70.667 71.316 71.247 68.765 65.793 65.891 64.353 64.511 64.65 64.937 69.645 71.666 72.692 72.427 71.333 70.609 67.471 65.887 65.475 65.639 65.639 65.641 65.637 65.766 65.858 65.908 65.988 65.97 66.712 66.067 65.817 65.797 66.03 66.106 66.101 66.29 66.694 67.592 67.511 72.296 73.919 76.622 75.361 74.046 73.031 69.33 68.138 69.063 74.305 75.055 74.116 73.525 70.303 68.451 68.702
68.554 70.172 68.118 64.65 65.43 63.948 63.497 63.538 63.558 63.562 64.111 64.077 65.065 65.192 64.248 66.209 70.189 71.031 69.955 68.351 64.115 64.121 64.535 65.99 65.68 65.84 65.726 65.964 71.299 72.103 71.37 70.352 65.625 65.251 66.152 66.273 65.667 65.427 65.61 65.655 65.719 65.81 65.862 65.918 65.917 65.732 65.739 65.759 65.797 65.955 66.161 66.899 66.033 66.388 67.032 67.06 67.245 69.051 74.087 74.825 73.549 69.86 68.296 67.767 68.709 73.372 73.512 70.24 69.186 68.057 68.004 68.825
64.899 68.193 66.769 63.876 64.066 64.614 65.989 63.845 63.858 63.516 63.522 63.658 63.894 65.739 67.6 69.812 70.755 70.13 66.444 64.347 63.941 64.094 64.157 64.287 64.819 66.32 66.042 64.879 66.573 70.593 69.162 65.547 66.015 65.585 65.412 65.407 65.395 65.472 65.566 65.605 65.689 65.742 65.777 65.911 65.883 66.196 65.907 65.69 65.752 65.84 66.038 66.491 66.111 68.881 67.245 66.693 66.877 68.096 68.686 71.904 70.043 69.001 67.696 67.569 68.567 71.96 69.414 67.619 68.467 67.777 68.054 67.685
64.777 63.946 64.941 64.061 63.42 63.281 65.17 64.039 63.47 63.489 63.518 65.278 64.17 63.715 67.688 69.355 69.595 68.205 63.82 63.918 63.937 63.919 64.072 64.223 64.461 64.616 65.075 65.085 65.33 65.912 64.909 65.088 65.407 65.089 65.222 65.257 65.34 65.421 65.507 65.626 65.66 65.661 65.694 65.79 65.813 66.418 66.039 65.627 65.651 67.763 69.748 69.842 69.862 71.677 67.061 66.723 67.759 66.996 67.105 67.343 68.18 68.024 67.347 67.453 67.699 67.636 67.608 67.56 68.19 67.513 67.355 67.451
63.906 66.245 65.732 65.596 63.437 63.199 63.359 63.875 64.649 63.485 63.449 64.01 64.979 63.748 66.875 68.023 68.443 65.28 64.197 63.867 64.022 64.024 64.143 64.325 68.365 69.81 68.322 68.111 64.655 64.84 64.935 65.187 65.118 65.103 65.187 65.237 65.296 65.38 65.465 65.503 65.551 65.598 65.637 65.737 65.774 65.845 65.708 65.534 65.655 65.69 67.487 71.406 71.646 71.605 68.912 66.393 66.579 67.276 67.027 66.946 68.095 67.139 67.232 67.337 67.569 67.476 67.452 67.738 67.394 67.221 67.281 68.203
68.508 66.578 66.353 65.584 64.902 63.366 62.983 63.024 64.07 64.011 63.807 65.11 63.632 67.39 68.407 67.533 67.852 67.804 67.451 65.603 64.362 64.112 64.207 64.38 69.136 71.154 71.079 70.45 65.676 64.639 64.838 65.007 64.964 65.071 65.129 65.18 65.246 65.289 65.336 65.435 65.483 65.546 65.556 65.633 65.694 65.963 65.615 65.532 65.572 65.803 69.781 68.86 68.037 66.99 66.954 66.266 66.379 66.418 66.734 66.981 66.921 66.896 67.101 67.193 67.215 67.272 67.054 67.054 67.108 67.099 67.217 67.292
64.999 64.054 65.672 65.504 63.406 62.913 63.644 63.141 63.159 64.325 66.997 69.162 69.628 68.932 68.632 67.098 67.447 67.894 67.591 67.115 66.977 65.963 64.935 65.218 69.526 71.864 71.782 70.034 64.395 65.124 64.997 64.836 64.943 65.022 65.069 65.124 65.161 65.218 65.255 65.347 65.409 65.485 65.522 65.573 65.642 65.659 65.606 65.418 65.46 65.989 65.803 66.395 66.778 65.897 66.057 66.191 66.31 66.448 66.477 66.486 66.476 66.673 66.946 66.964 66.88 66.844 66.938 67.512 67.024 67.073 67.149 67.161
65.286 65.995 66.436 65.144 64.722 62.947 63.034 62.879 62.845 65.675 69.491 70.863 70.94 69.73 68.277 63.941 64.124 64.597 64.006 64.172 63.917 64.007 64.104 65.454 70.437 72.405 71.418 69.784 65.397 64.997 64.786 64.776 64.819 64.924 64.943 65.003 65.071 65.151 65.207 65.255 65.313 65.421 65.459 65.535 65.606 65.394 65.345 65.408 65.362 65.475 66.056 65.644 65.81 65.916 66.028 66.136 66.272 66.693 66.457 66.485 66.527 66.522 66.767 66.587 66.731 66.951 67.685 67.513 66.895 66.944 67.048 67.839
63.488 65.56 64.6 65.737 65.145 63.51 62.865 62.815 62.807 65.544 70.207 71.09 70.672 69.787 65.172 63.779 63.576 63.625 63.702 63.817 63.953 63.995 64.144 65.848 70.894 72.234 71.001 69.319 64.798 65.013 64.561 64.678 64.739 64.792 64.86 64.925 64.956 65.043 65.113 65.217 65.288 65.363 65.439 65.493 65.531 65.361 65.317 65.341 65.301 65.441 65.554 65.638 65.767 65.877 65.981 66.813 66.155 66.262 66.372 66.455 66.488 66.475 66.437 66.595 66.555 66.597 66.683 66.76 66.804 67.318 68.217 67.551
62.708 62.618 64.239 63.632 62.979 64.998 64.563 65.578 63.267 65.79 69.027 69.652 70.024 69.022 66.137 65.353 64.974 64.804 63.697 63.742 63.918 64.004 64.151 65.488 70.219 70.522 70.597 66.539 64.301 65.536 64.508 64.618 64.697 64.754 64.816 64.857 64.924 64.964 65.054 65.078 65.171 65.272 65.395 65.433 65.5 65.274 65.211 65.242 65.277 65.385 65.526 65.614 65.762 65.85 65.886 65.986 66.075 66.201 66.341 66.386 66.318 66.326 66.455 66.4 66.476 66.569 66.603 66.691 66.806 67.045 67.629 67.24
62.579 62.497 62.446 62.378 62.377 62.951 65.225 65.107 63.254 67.57 72.155 71.433 69.487 65.044 63.338 63.411 63.431 63.468 63.986 64.411 65.428 65.772 65.698 65.108 64.399 64.435 68.351 65.917 64.37 64.549 64.463 64.529 64.594 64.647 64.73 64.797 64.837 64.882 64.905 64.984 65.058 65.203 65.293 65.35 65.443 65.312 65.174 65.242 65.165 65.228 65.394 65.602 65.656 65.723 65.767 65.953 66.032 66.136 66.221 66.122 66.177 66.29 66.677 66.34 66.39 66.492 66.538 66.751 66.892 67.847 67.124 67.181
