dsm/se3331_DSM_2M.asc
ncols 500
nrows 500
xllcorner    433000
yllcorner    431000
cellsize     2
NODATA_value -9999
[rows 384 to 415 of 500, columns 72 to 143 of 500]
24.419 24.345 24.205 24.17 24.163 24.272 24.471 24.825 25.445 26.006 25.643 25.559 25.625 25.685 25.739 25.822 25.921 25.973 26.072 26.903 28.995 29.015 28.82 28.826 28.939 29.247 28.793 28.962 28.914 29.846 28.952 28.998 28.941 29.015 30.387 29.344 29.158 29.394 29.282 29.256 29.275 29.276 29.299 29.538 29.459 29.156 29.664 29.404 29.411 29.542 33.057 33.557 33.623 33.595 33.62 33.646 33.617 33.629 33.593 33.639 33.242 29.721 29.616 29.676 29.773 29.799 29.842 29.861 29.968 30.073 30.084 30.162
24.369 24.531 24.29 24.218 24.145 24.105 24.153 24.525 25.126 25.468 25.522 25.549 25.605 25.645 25.693 25.781 25.874 25.97 26.026 26.106 26.817 29.667 28.722 28.759 28.79 29.32 30.108 29.113 29.979 28.869 29.025 28.911 28.883 28.982 29.581 29.104 29.036 29.195 29.849 29.307 29.262 29.243 29.246 29.29 29.427 29.439 29.275 29.324 29.42 31.639 33.558 33.593 33.596 33.636 33.668 33.604 33.592 33.594 33.598 33.501 30.593 29.573 29.559 29.541 29.699 29.719 29.787 29.899 29.94 29.972 29.908 29.951
24.267 26.253 27.357 26.464 24.109 24.096 24.079 24.276 24.613 25.621 25.509 25.531 25.613 25.634 25.684 25.783 25.832 25.974 26.007 26.096 26.209 27.996 28.613 28.729 28.763 28.803 29.212 30.01 28.892 28.874 28.651 28.839 28.912 28.949 28.95 28.867 28.812 28.527 29.181 29.478 29.242 29.255 29.253 29.254 29.387 29.179 29.173 29.655 30.475 30.617 33.408 33.564 33.618 33.659 33.589 33.585 33.607 33.57 33.189 30.597 29.485 29.433 29.448 29.61 29.647 29.661 29.8 29.855 29.982 29.976 29.704 29.62
24.234 24.696 27.468 27.023 24.85 24.071 23.978 24.11 24.431 24.642 25.141 25.54 25.56 25.64 25.712 25.74 25.795 25.853 25.962 26.011 26.131 26.345 28.161 28.85 28.681 28.763 28.81 28.837 28.833 28.853 28.72 28.901 29.698 28.785 28.681 28.31 34.115 33.458 30.364 29.27 29.262 29.96 29.292 29.248 29.226 29.149 29.144 29.282 29.439 29.945 32.175 33.598 33.62 33.61 33.58 33.615 33.564 31.206 29.27 29.338 29.32 29.331 29.393 29.502 29.575 29.686 29.787 29.838 29.986 29.69 29.451 29.522
24.781 24.096 24.591 27.955 26.204 24.046 23.964 23.979 24.182 24.471 24.734 25.324 25.845 25.596 25.64 25.726 25.796 25.817 25.897 26 26.082 26.152 26.459 28.114 28.637 28.715 28.757 28.784 28.851 28.801 28.781 30.682 28.771 28.547 28.094 32.392 36.049 35.843 33.048 29.52 29.062 29.246 29.204 29.223 29.208 29.152 29.2 29.106 29.096 29.284 33.097 33.611 33.578 33.624 31.297 32.568 33.464 29.103 29.116 29.221 29.234 29.213 29.394 29.43 29.517 29.67 29.817 29.811 30.309 29.444 29.509 29.605
28.213 24.257 28.51 27.505 27.549 24.868 23.951 23.947 24.052 24.28 24.504 24.887 25.459 25.999 25.626 25.681 25.718 25.815 25.919 25.951 25.998 26.093 26.135 27.133 28.631 29.032 28.742 28.738 28.733 28.724 29.124 28.683 28.388 28.126 32.61 36.376 36.192 36.013 35.884 34.646 28.404 29.029 29.483 29.218 29.249 29.131 29.311 28.998 29.111 32.597 33.576 33.605 33.539 33.338 29.306 28.752 29.314 28.97 28.988 29.079 29.035 29.202 29.249 29.262 29.532 29.61 29.604 29.552 32.167 30.737 29.255 29.706
29.438 28.726 28.899 29.154 27.702 27.623 24.501 23.925 23.861 24.014 24.302 24.541 25.072 25.457 25.585 25.641 25.724 25.825 25.842 25.888 25.97 26.046 26.097 26.159 26.969 29.141 28.662 28.716 28.685 30.419 28.7 28.1 28.083 28.278 36.324 36.532 36.401 36.258 36.059 35.829 33.879 28.767 28.864 29.095 30.317 29.185 29.418 28.941 28.822 30.425 33.32 33.576 33.371 29.222 28.663 28.76 28.784 28.85 28.944 28.899 28.985 29.077 29.083 29.089 29.145 29.333 29.394 29.317 29.112 29.255 29 28.967
28.459 27.148 30.325 28.441 26.411 28.516 25.497 23.984 23.856 23.839 24.102 24.328 24.673 25.205 25.624 25.595 25.67 25.758 25.824 25.844 25.944 25.978 26.003 26.096 26.183 28.104 28.721 29.007 28.613 28.678 27.698 27.869 28.082 35.971 36.201 36.419 36.515 36.469 36.226 36.081 35.939 34.416 29.683 28.547 28.867 28.911 29.149 28.807 28.72 28.901 30.65 33.097 29.175 28.666 28.626 28.689 28.696 28.72 28.813 28.806 28.938 28.929 29.04 28.885 30.17 32.35 30.222 28.637 28.484 28.733 28.883 28.741
28.527 24.716 27.708 26.882 26.221 28.164 29.199 25.484 23.829 23.777 23.929 24.204 24.386 24.822 25.279 26.835 25.652 25.654 25.769 25.821 25.883 25.928 25.99 26.044 26.081 26.487 28.344 29.031 28.438 27.333 27.416 27.976 34.688 35.848 36.005 36.213 36.365 36.525 36.465 36.203 36.083 31.621 29.689 28.088 28.309 28.309 28.447 28.647 28.619 28.561 28.487 28.567 28.597 28.567 28.577 28.579 28.613 28.59 28.669 28.79 28.854 28.922 29.015 28.943 28.988 29.498 28.806 28.12 28.047 28.355 28.635 28.684
26.381 26.04 29.218 29.507 24.869 27.921 30.654 29.052 26.143 23.855 23.792 23.986 24.201 24.389 24.871 25.43 25.67 25.639 25.728 25.796 25.845 25.891 25.935 26.029 26.027 26.047 26.803 28.406 26.87 26.749 27.032 27.437 29.091 34.136 35.726 36.017 36.234 36.379 36.506 36.477 35.972 28.09 27.952 27.919 27.961 28.022 28.407 28.388 28.49 28.47 28.408 28.395 28.485 28.599 28.48 28.51 28.469 28.545 28.66 28.641 28.775 28.955 29.048 29.083 28.783 28.326 28.036 27.779 27.959 28.423 28.324 30.765
29.318 29.424 27.165 27.746 27.763 24.096 27.661 30.438 26.085 24.654 23.747 23.788 24.093 24.277 24.492 25.095 25.63 26.124 25.711 25.732 25.8 25.864 25.969 25.947 25.965 25.982 26.024 26.143 26.117 26.374 26.831 27.108 27.372 28.036 34.663 35.867 35.988 36.194 36.332 36.471 32.431 28.127 27.902 27.898 27.89 27.908 27.91 28.147 28.195 28.332 28.302 28.309 28.265 28.353 28.358 28.355 28.468 28.486 28.548 28.632 28.714 28.758 29.031 28.715 28.321 28.134 28.005 27.78 27.492 27.669 28.22 32.52
31.266 32.249 30.986 31.576 25.027 24.352 26.805 28.951 28.505 24.246 23.803 23.785 23.984 24.131 25.251 24.952 25.497 25.711 25.712 25.729 25.724 25.859 25.889 25.876 25.948 25.979 25.984 25.992 26.024 26.111 26.465 26.843 27.101 27.369 27.732 34.088 35.663 35.991 36.183 32.97 29.302 29.352 27.878 27.857 27.849 27.896 27.891 27.878 29.813 29.371 28.267 28.146 28.221 28.226 28.253 28.28 28.312 28.394 28.488 28.673 28.627 28.789 28.7 28.428 28.234 28.048 27.687 27.52 27.411 28.089 28.784 33.386
31.065 31.808 29.834 30.405 26.65 23.937 24.529 27.046 27.836 24.668 23.809 23.783 23.819 24.111 25.866 26.406 24.953 25.375 25.861 25.705 25.729 25.729 25.872 25.883 25.934 25.937 25.952 25.953 25.964 25.98 26.038 26.373 26.731 27.054 27.296 27.674 33.273 34.981 35.645 28.099 27.915 27.821 27.813 27.835 27.821 27.85 27.842 27.846 27.824 27.888 28.532 28.062 28.103 28.098 28.117 28.213 28.207 28.267 28.495 28.489 28.56 28.808 28.506 28.19 28.015 28.035 27.589 27.271 27.616 27.108 27.591 31.642
28.315 25.158 24.55 25.018 24.967 23.99 23.901 23.946 27.09 25.666 23.833 23.815 23.83 23.886 24.237 24.903 24.594 24.878 25.403 25.685 25.738 25.815 25.999 27.258 25.995 25.883 25.887 25.927 25.942 25.976 25.972 25.98 26.216 26.667 26.905 27.271 27.514 27.925 28.308 28.332 28.179 27.837 27.774 27.792 27.814 27.801 27.833 27.785 27.804 27.808 27.867 29.232 27.959 27.962 28.048 28.076 28.118 28.331 28.413 29.439 28.715 28.374 28.245 28.121 27.955 27.755 27.436 30.835 36.193 27.244 26.865 27.681
24.851 23.99 23.816 24.083 24.244 23.914 23.865 24.851 27.22 24.973 23.832 23.903 23.868 23.868 24.043 24.307 24.305 27.102 25.723 26.646 27.422 27.122 29.423 28.944 26.207 25.88 25.893 25.868 25.901 25.91 25.905 25.938 25.965 26.181 26.527 26.845 27.249 27.423 28.096 28.25 28.494 27.81 27.792 27.726 27.745 27.781 27.786 27.734 27.728 27.726 27.834 28.205 27.787 27.842 27.94 27.949 28.13 28.234 28.668 28.635 28.485 28.213 28.271 27.952 27.79 27.471 27.19 32.62 33.068 29.469 26.708 26.63
23.765 23.79 23.821 23.846 23.857 23.835 23.808 25.365 27.331 26.761 23.967 23.897 23.952 23.927 23.93 24.272 25.696 26.08 25.944 31.367 30.166 26.462 29.468 28.979 26.058 25.817 25.84 25.848 25.857 25.835 25.886 25.893 25.932 25.937 26.128 26.407 26.737 27.158 27.355 28.283 27.899 28.007 29.059 27.777 27.737 27.692 27.663 27.7 27.656 27.688 27.713 27.648 27.73 27.729 27.808 27.956 28.098 28.657 28.524 28.341 28.201 27.832 27.81 27.77 27.655 27.346 27.126 27.47 26.784 26.741 26.669 26.55
23.786 23.848 26.068 25.261 23.858 23.873 23.853 24.391 27.427 25.568 23.92 23.974 23.972 23.94 23.941 24.092 24.322 27.335 29.696 31.173 30.933 26.848 26.843 26.189 25.769 25.777 25.773 25.8 25.86 25.83 25.833 25.825 25.909 25.889 25.887 26.172 26.502 26.933 27.137 27.315 27.601 28.641 28.133 27.727 27.67 27.666 27.631 27.609 27.557 27.487 27.422 27.557 27.604 27.618 27.847 27.882 28.112 28.27 28.232 28.344 27.917 27.64 27.597 27.622 27.359 27.265 27.017 26.958 26.757 26.716 26.607 26.398
23.838 27.183 27.563 26.611 23.879 23.856 25.145 27.381 28.554 24.054 23.988 24.057 24.009 24.005 24.009 23.963 24.295 27.12 25.634 27.458 29.977 27.51 26.425 25.76 25.711 25.763 25.764 25.773 25.806 25.796 25.8 25.804 25.779 25.866 25.888 25.902 25.995 26.326 26.844 27.112 27.157 27.638 27.702 27.696 27.686 27.678 27.599 27.492 27.36 27.286 27.298 27.429 27.457 27.611 27.741 27.846 27.958 28.097 28.075 27.728 27.597 27.417 27.439 27.454 27.381 27.134 26.939 26.789 26.788 26.644 26.522 26.293
24.522 23.822 25.228 24.415 23.966 23.958 24.805 28.295 28.522 24.152 24.068 24.119 24.105 24.104 24.08 24.05 24.121 28.194 25.557 26.413 27.486 25.102 25.262 25.562 26.577 25.718 25.731 25.729 25.761 25.769 25.732 25.771 25.747 25.792 25.79 25.828 25.834 25.969 26.361 26.851 27.084 27.188 27.585 27.627 27.639 27.636 27.649 27.314 27.106 27.138 27.255 27.298 27.388 27.607 27.697 27.853 27.828 28.044 27.713 27.581 27.338 27.172 29.09 27.349 27.236 26.955 26.841 26.775 26.665 26.581 26.458 26.258
26.559 23.936 24.02 24.001 24.475 26.561 27.741 26.795 24.465 24.083 24.064 24.051 24.08 24.088 24.073 24.08 24.056 24.982 27.534 24.292 24.417 24.857 25.122 25.335 25.599 26.683 25.726 25.681 25.747 25.744 25.754 25.754 25.769 25.732 25.769 25.818 25.803 25.854 27.077 26.681 26.733 27.024 27.119 27.303 27.613 27.622 27.451 26.993 26.997 27.055 27.097 27.23 27.425 27.514 27.591 27.641 27.756 27.711 27.677 27.412 27.318 29.851 34.011 28.86 26.914 26.823 26.746 26.698 26.638 26.513 26.41 26.249
24.991 23.926 23.972 23.996 26.035 27.252 26.916 24.015 23.987 24.022 23.983 23.998 24.01 24.014 24.002 23.986 24.006 23.992 24.209 24.317 24.395 24.579 24.804 25.102 25.937 25.524 25.706 25.721 25.675 25.701 25.711 25.709 25.756 25.729 25.688 25.729 25.754 26.857 26.473 25.861 26.096 26.663 26.842 27.045 27.329 27.417 26.899 26.807 26.858 26.94 27.051 27.296 27.449 27.532 27.506 27.481 27.661 27.562 27.492 27.351 27.182 31.041 32.26 34.593 26.901 26.951 26.729 26.607 26.597 26.449 26.362 26.19
24.283 24.09 24.216 24.877 27.149 27.725 24.067 23.93 23.96 23.946 23.939 23.961 23.968 23.954 23.944 23.932 23.947 23.95 24.007 24.267 24.339 24.426 24.647 24.979 25.191 25.244 25.562 25.956 25.665 25.63 25.626 25.655 25.698 25.663 25.676 25.714 25.701 25.752 25.769 25.778 25.874 27.578 26.496 26.773 26.906 26.682 26.565 26.631 26.749 26.888 27.146 27.293 27.405 27.507 27.519 27.452 27.616 27.621 27.581 27.176 27.145 31.56 34.285 30.646 26.778 26.808 26.764 26.592 26.499 26.365 26.212 26.056
24.132 24.253 24.994 26.32 26.343 24.947 23.952 23.945 23.919 23.894 23.931 23.906 23.904 23.906 23.912 23.866 23.881 23.913 23.905 24.004 24.22 24.304 24.454 24.75 25.009 25.242 25.315 26.042 26.046 26.108 25.609 25.606 25.649 25.643 25.629 25.635 25.672 25.684 25.724 25.716 26.491 25.887 26.361 26.476 26.532 26.396 26.456 26.555 26.662 26.952 27.125 27.34 27.38 27.466 27.368 27.472 27.406 27.371 27.362 27.269 26.937 26.91 28.301 26.797 26.811 26.781 26.686 26.539 26.37 26.281 26.082 25.941
24.004 24.309 27.406 27.633 26.214 23.952 23.944 23.872 23.882 23.825 23.885 23.825 23.823 23.844 23.804 23.851 23.813 23.853 23.841 23.909 24.113 24.224 24.368 24.508 24.812 25.084 26.185 29.205 26.644 25.706 25.662 25.624 25.584 25.638 25.615 25.621 25.633 25.654 25.696 25.692 25.682 25.78 26.208 26.329 26.291 26.327 26.348 26.895 26.776 27.026 27.207 27.255 27.336 27.239 27.358 27.508 27.272 27.168 27.109 27.052 27.044 26.817 26.832 26.772 26.671 26.609 26.51 26.389 26.273 26.099 25.943 25.873
25.404 27.082 27.528 27.682 24.357 23.935 23.878 23.854 23.787 23.751 23.803 23.759 23.776 23.761 23.774 23.74 23.788 23.77 23.798 23.806 23.826 24.163 24.273 25.518 24.588 25.622 25.476 27.343 29.888 27.067 25.651 25.647 25.582 25.588 25.555 25.552 25.591 25.624 25.604 25.64 25.638 25.723 26.013 26.232 26.079 26.154 26.309 26.432 26.734 27.046 27.145 27.216 27.148 27.069 27.25 27.343 27.286 27.063 27.046 26.999 26.965 26.825 26.743 26.701 26.577 26.428 26.386 26.251 26.129 25.977 25.858 25.735
27.501 27.866 26.567 24.403 23.979 23.91 23.856 23.803 23.804 23.769 23.765 23.814 25.214 24.103 23.734 23.727 23.759 23.735 23.729 23.792 23.77 23.914 26.669 27.334 27.329 27.038 26.813 26.825 29.499 28.683 26.845 25.957 25.642 25.618 25.563 25.557 25.57 25.589 25.573 25.596 25.604 25.709 25.765 25.854 26.01 26.12 26.561 26.542 26.815 27.002 27.065 27.055 26.96 26.957 27.081 27.012 27.071 27.014 26.932 26.994 26.863 26.727 26.573 26.567 26.473 26.275 26.163 26.119 26.005 25.887 25.81 25.693
29.031 28.15 24.78 24 23.975 23.903 23.925 23.86 23.818 23.795 23.811 23.772 24.194 24.101 23.788 23.76 23.662 23.662 23.702 23.7 23.759 23.768 26.177 27.238 27.301 24.819 25.615 26.647 25.389 26.219 27.649 27.195 25.675 26.515 25.57 25.512 25.55 25.51 25.542 25.525 25.519 25.596 25.758 25.802 25.848 26.104 26.367 26.655 26.841 26.892 26.971 26.929 26.946 26.977 26.869 26.854 26.938 26.888 26.944 29.009 29.379 26.495 26.328 26.29 26.239 26.07 29.477 29.952 25.901 25.694 25.591 25.533
27.881 25.306 24.515 24.05 24.044 24.055 24.046 24.024 23.908 23.868 24.189 23.898 23.919 23.881 23.873 23.818 23.921 23.652 23.692 23.667 23.703 23.683 23.853 24.75 24.852 27.81 25.214 25.179 25.08 28.178 27.5 25.409 25.472 25.61 25.572 25.406 25.489 25.541 25.458 25.424 25.411 25.594 25.608 25.744 25.9 26.186 26.551 26.664 26.748 26.858 26.887 26.789 26.779 26.949 27.836 26.915 26.85 26.756 26.756 32.41 31.661 29.871 26.362 26.207 26.032 26.088 32.334 32.904 27.021 25.621 25.691 25.385
24.838 24.16 24.118 24.118 24.122 24.268 24.361 24.298 24.244 24.148 24.072 24.276 24.19 23.905 24.195 23.891 23.751 23.763 23.697 23.596 23.626 23.692 23.66 23.815 23.939 25.425 24.378 26.241 24.802 25.217 25.142 26.442 28.556 25.381 25.773 25.622 25.274 25.529 25.336 25.242 25.309 25.42 25.494 27.071 27.717 26.369 26.528 26.577 26.487 26.697 26.684 26.941 26.693 27.997 29.89 27.934 26.885 26.734 29.008 33.147 33.6 26.991 26.629 25.982 25.951 26.716 31.958 28.873 25.53 25.468 25.338 25.22
24.277 24.164 24.134 24.177 24.19 24.216 24.352 24.144 24.258 24.227 24.383 23.852 23.967 23.59 23.548 23.639 23.792 23.79 23.716 23.655 23.625 23.633 23.626 23.653 23.825 24.012 25.733 26.184 25.473 24.734 24.994 25.019 25.861 26.421 27.678 25.768 25.365 25.989 25.207 25.137 25.269 25.389 25.662 26.898 27.889 26.616 26.439 26.448 26.44 26.553 26.616 26.579 26.698 26.635 28.309 27.45 26.74 26.551 26.882 29.817 29.317 26.123 26.025 25.91 25.743 25.637 26.069 25.515 25.436 25.388 25.19 25.112
24.177 24.188 24.243 24.228 24.239 24.375 24.038 23.821 23.751 23.855 23.699 23.762 23.485 23.431 23.328 23.465 23.596 23.918 23.665 23.663 23.593 23.567 23.589 23.609 23.588 23.939 24.468 26.094 24.427 26.396 25.47 25.037 25.091 26.733 27.313 25.913 25.233 25.524 25.633 25.101 25.217 25.309 25.938 25.897 26.213 26.36 26.354 26.426 26.477 27.291 26.437 26.553 26.614 26.681 26.714 26.603 26.444 26.378 26.192 26.698 26.329 25.938 25.848 25.738 25.614 25.6 25.462 25.403 25.356 25.259 25.09 24.88
24.198 24.242 24.261 24.244 23.972 23.846 23.814 23.78 23.599 23.629 23.742 23.756 23.547 23.284 23.214 23.3 23.446 23.833 23.795 23.647 23.661 23.556 23.523 23.587 23.554 23.61 23.998 25.337 25.725 27.652 27.619 27.15 24.987 25.002 25.031 25.116 24.806 24.845 24.932 26.43 25.088 25.383 25.787 26.045 26.213 26.289 26.366 26.393 26.356 26.278 26.384 26.56 26.624 26.625 26.548 26.437 26.23 26.159 26.036 25.969 25.883 25.852 25.789 25.648 25.56 25.513 25.406 25.321 25.227 25.105 24.863 24.83
