dsm/se3332_DSM_2M.asc
ncols 500
nrows 500
xllcorner    433000
yllcorner    432000
cellsize     2
NODATA_value -9999
[rows 320 to 351 of 500, columns 144 to 215 of 500]
31.943 32.048 32.232 31.939 32.628 32.976 32.331 32.709 32.102 31.487 31.35 31.893 31.383 31.279 31.257 31.245 31.185 31.164 31.113 31.863 35.106 32.424 32.133 38.939 38.82 38.58 38.379 38.223 38.001 37.756 42.459 44.445 44.432 44.399 44.405 44.41 44.394 44.375 44.345 44.352 44.373 44.437 44.457 44.451 44.429 44.447 44.454 44.428 44.423 44.412 44.392 44.393 44.451 44.487 44.484 44.494 44.474 44.461 44.475 44.48 44.477 44.468 44.526 44.561 44.568 44.561 44.562 44.589 35.351 31.187 31.139 31.097
32.598 33.796 33.76 32.465 32.848 32.785 32.855 31.842 31.747 31.373 31.963 33.413 31.935 33.888 31.403 31.262 31.209 31.159 31.113 32.111 35.108 31.838 31.119 38.925 38.821 38.566 38.407 38.235 38.037 37.821 43.005 44.219 44.176 44.179 44.185 44.12 44.159 44.157 44.104 44.148 44.225 44.147 44.23 44.217 44.176 44.213 44.237 44.185 44.184 44.191 44.224 44.237 44.234 44.264 44.249 44.27 44.216 44.242 44.25 44.24 44.247 44.304 44.344 44.332 44.332 44.334 44.349 44.36 35.05 31.202 31.136 31.116
37.057 34.386 32.565 33.562 32.804 32.538 32.89 32.481 31.618 31.914 32.242 34.01 32.759 33.401 32.363 31.316 33.331 31.817 31.064 33.222 35.055 31.545 31.751 38.864 38.735 38.602 38.391 38.2 38.006 37.826 42.652 43.968 43.951 43.969 43.922 43.905 43.958 43.949 43.959 43.95 43.94 43.984 44.012 43.999 43.968 43.996 44.003 43.972 43.984 43.967 44.072 44.051 44.055 44.046 44.02 44.04 44.043 44.029 44.051 44.036 44.048 44.132 44.108 44.083 44.102 44.098 44.084 44.116 34.243 31.201 31.174 31.112
32.777 32.794 31.97 33.051 32.459 32.744 32.485 32.378 31.703 31.577 31.825 32.246 34.478 31.546 32.018 31.251 31.843 32.317 31.072 31.294 34.676 31.452 32.611 38.883 38.804 38.602 38.394 38.203 38.004 37.922 43.005 43.757 43.742 43.734 43.699 43.69 43.749 43.775 43.753 43.782 43.792 43.733 43.791 43.788 43.703 43.779 43.771 43.764 43.812 43.849 43.861 43.842 43.849 43.842 43.807 43.818 43.828 43.804 43.843 43.871 43.877 43.929 43.919 43.873 43.875 43.902 43.878 43.921 35.086 31.171 31.175 31.12
33.308 35.651 32.88 32.433 32.074 31.817 31.973 32.03 31.845 31.433 31.773 32.085 33.393 33.918 31.332 31.367 31.353 31.423 31.192 31.141 34.441 31.861 32.556 38.93 38.777 38.573 38.275 34.261 36.966 37.919 42.812 43.532 43.528 43.521 43.519 43.542 43.578 43.569 43.576 43.58 43.582 43.523 43.553 43.565 43.505 43.581 43.579 43.597 43.658 43.658 43.646 43.618 43.629 43.616 43.617 43.604 43.594 43.618 43.675 43.72 43.673 43.703 43.71 43.634 43.673 43.654 43.661 43.665 35.078 33.498 32.421 31.359
33.508 36.013 32.386 32.035 32.326 31.949 32.265 31.997 31.916 31.558 31.929 32.354 32.208 33.369 31.604 31.226 31.178 31.361 31.157 31.197 35.076 32.259 31.139 38.954 38.844 38.596 38.375 38.182 37.971 37.745 41.689 43.318 43.285 43.319 43.31 43.331 43.379 43.373 43.337 43.354 43.35 43.284 43.349 43.353 43.285 43.367 43.446 43.419 43.431 43.464 43.405 43.434 43.436 43.342 43.394 43.393 43.422 43.476 43.492 43.512 43.459 43.5 43.475 43.432 43.472 43.407 43.416 43.476 34.999 34.408 32.918 32.165
30.563 32.023 31.849 31.965 32.21 31.762 31.998 32.313 32.426 31.874 31.412 31.467 32.067 35.008 31.83 31.241 31.198 31.158 31.142 31.483 34.879 32.59 31.116 38.943 38.841 38.626 38.407 38.211 38.009 37.837 43.036 43.119 43.064 43.097 43.173 43.145 43.192 43.176 43.094 43.152 43.148 43.115 43.135 43.104 43.144 43.171 43.235 43.137 43.236 43.233 43.179 43.223 43.206 43.167 43.177 43.22 43.214 43.291 43.313 43.291 43.273 43.277 43.277 43.238 43.245 43.272 43.242 43.079 33.218 33.756 32.398 31.481
29.931 30.605 31.24 31.76 31.962 32.869 32.045 32.646 31.992 31.758 31.768 32.082 31.737 33.481 31.377 31.287 31.217 31.197 31.136 31.114 31.065 31.01 36.657 39.035 38.804 38.616 38.404 38.215 38.005 37.843 42.867 42.884 42.952 42.952 42.918 42.949 42.954 42.943 42.945 42.924 42.929 42.945 42.906 42.932 42.984 43.008 43.017 43.04 43.03 43.013 42.991 43.001 43.003 42.993 42.984 43.05 43.045 43.089 43.086 43.082 43.066 43.061 43.062 43.046 43.077 43.049 43.072 42.989 32.248 32.531 31.422 32.035
29.84 29.913 31.162 32.248 32.009 32.927 33.449 32.002 32.126 32.722 32.161 31.456 31.905 33.645 34.77 31.587 31.217 31.167 31.112 31.071 31.066 31.043 31.396 38.787 38.706 38.491 38.296 38.083 37.876 37.754 42.303 42.506 42.762 42.76 42.75 42.747 42.742 42.73 42.512 42.521 42.72 42.724 42.746 42.814 42.809 42.805 42.805 42.785 42.794 42.785 42.77 42.779 42.809 42.834 42.866 42.87 42.855 42.871 42.873 42.86 42.859 42.854 42.836 42.826 42.832 42.899 42.9 42.819 33.008 34.833 31.976 31.372
29.841 32.752 35.488 36.204 36.008 31.818 32.51 32.938 31.914 32.352 32.367 31.751 31.573 31.549 34.116 31.764 31.168 31.127 31.099 31.077 31.046 30.992 31.029 31.13 31.165 31.187 31.193 31.201 31.225 32.66 33.599 33.097 34.222 34.22 34.489 34.98 34.105 34.286 33.167 37.847 40.803 40.83 40.799 40.813 40.788 40.765 40.772 40.752 40.729 40.731 42.021 40.812 40.824 42.578 42.613 42.613 42.626 42.633 42.643 42.588 42.578 42.468 40.861 40.416 42.39 42.396 42.403 42.435 35.055 34.474 32.266 31.733
29.822 34.024 36.595 37.713 36.892 32.311 31.854 31.906 32.032 32.18 32.421 32.144 31.926 32.044 33.62 31.505 31.208 31.068 31.056 31.027 31.019 31.019 30.993 31.002 31.014 31.058 31.048 31.171 32.647 33.318 31.808 31.063 31.085 31.078 31.046 31.066 33.632 32.541 31.167 37.306 39.92 39.903 39.889 39.938 39.917 39.907 39.89 39.9 39.89 39.941 39.965 39.982 39.979 39.967 39.969 39.971 39.947 39.974 39.944 39.945 39.926 39.835 31.433 31.164 31.19 31.189 31.136 31.196 31.71 34.489 32.138 31.881
29.836 29.749 31.464 33.456 37.256 37.535 33.856 31.748 31.775 31.605 32.136 32.497 31.707 31.185 32.165 32.091 31.752 31.038 31.011 31.006 30.997 31.032 30.987 30.985 31.015 30.979 30.993 31.004 31.034 31.073 31.086 31.037 31.031 31.032 31.049 31.095 32.262 32.325 31.193 37.102 39.464 39.47 39.5 39.685 39.669 39.68 39.676 39.667 39.708 39.768 39.759 39.766 39.751 39.757 39.767 39.734 39.75 39.725 39.714 39.778 39.798 39.67 31.324 31.152 31.121 31.12 31.234 31.216 31.74 31.761 31.443 31.291
29.817 29.8 30.164 30.073 40.222 40.329 36.246 31.876 31.901 31.885 31.982 32.275 32.263 31.251 34.47 31.27 32.833 31.053 30.995 31.169 30.937 30.942 30.952 30.916 30.957 30.943 30.966 30.97 30.964 30.992 31.002 31.016 31.015 31.029 31.034 31.057 31.975 31.377 31.134 31.161 31.192 31.265 32.838 39.397 39.489 39.442 39.48 39.515 39.537 39.532 39.53 39.518 39.518 39.515 39.513 39.511 39.478 39.515 39.579 39.613 39.594 35.26 31.232 31.12 31.111 31.149 31.181 31.21 31.911 34.217 32.233 32.247
29.817 30.619 30.298 32.097 40.485 39.478 35.114 31.94 31.664 31.463 32.413 32.134 32.451 32.084 31.63 31.752 34.22 32.1 30.955 30.929 30.912 30.892 30.908 30.888 30.861 30.901 30.928 30.938 30.951 30.958 31.001 30.988 30.971 30.975 30.995 31.009 31.057 31.068 31.091 31.157 31.082 31.161 36.863 39.236 39.227 39.271 39.325 39.287 39.293 39.31 39.313 39.303 39.315 39.304 39.289 39.286 39.29 39.349 39.392 39.377 39.363 35.803 31.216 31.129 31.114 31.164 31.195 31.219 31.298 32.157 31.179 31.149
30.203 30.034 29.986 31.399 32.078 37.921 35.536 31.733 31.686 31.576 31.43 32.232 32.395 32.316 31.382 31.322 31.548 33.337 30.965 30.897 30.862 30.828 30.831 30.845 30.825 30.886 30.897 30.905 30.899 30.933 30.917 30.923 30.932 30.905 30.965 30.997 30.99 30.999 31.039 32.093 31.107 31.115 36.667 38.998 39.081 39.09 39.11 39.098 39.106 39.077 39.1 39.118 39.09 39.084 39.074 39.033 39.145 39.174 39.168 39.148 39.154 37.579 31.243 31.158 31.173 31.184 31.215 31.227 31.191 31.21 31.188 31.17
30.126 30.688 29.756 29.818 30.049 30.93 31.795 31.748 31.619 31.669 31.444 32.18 32.242 32.49 31.762 31.502 31.843 34.152 31.077 30.831 30.83 30.793 30.803 30.771 30.815 30.832 30.869 30.866 30.857 30.871 30.886 30.914 30.889 30.914 30.938 30.941 30.972 30.963 31.614 31.032 31.062 31.096 36.527 38.876 38.89 38.764 38.75 38.746 38.732 38.899 38.871 38.886 38.858 38.862 38.894 38.948 38.929 38.941 38.932 38.941 38.911 38.791 31.304 31.177 31.199 31.192 31.218 31.246 31.222 31.224 31.212 31.178
30.506 30.67 30.589 29.982 29.746 29.995 30.641 31.157 31.759 32.008 31.711 31.313 32.046 32.198 32.218 31.635 31.143 32.942 33.584 30.828 30.787 30.78 30.743 30.742 30.758 30.782 30.77 30.817 30.831 30.838 30.844 30.865 30.841 30.862 30.859 30.901 30.933 30.919 30.981 31 31.012 31.038 32.442 33.203 31.883 31.175 31.218 31.219 32.554 33.308 33.296 33.275 33.276 32.365 33.316 33.302 33.286 33.292 33.292 33.285 33.439 33.636 31.285 31.263 31.309 31.215 31.223 31.231 31.235 31.199 31.22 31.172
30.35 30.017 30.727 29.975 29.952 30.183 30.643 31.059 31.603 32.014 31.538 31.34 31.559 31.927 32.136 31.716 31.606 32.13 31.806 33.145 30.783 30.735 30.711 30.704 30.721 30.737 30.728 30.75 30.767 30.766 30.797 30.802 30.817 30.817 30.845 30.87 30.899 30.921 30.923 30.941 30.978 30.987 31.049 31.063 31.045 31.087 31.13 31.137 31.116 31.093 31.075 31.072 31.063 31.085 31.081 31.098 31.101 31.093 31.077 31.177 31.197 31.172 31.182 31.191 31.176 31.179 31.176 31.19 31.188 31.153 31.154 31.144
29.896 29.997 30.305 35.258 35.917 34.686 30.74 31.046 31.722 31.775 31.491 31.363 31.073 31.724 31.986 31.425 30.832 31.257 31.89 33.772 30.972 30.661 30.675 30.663 30.687 30.682 30.695 30.695 30.697 30.746 30.752 30.776 30.762 30.767 30.801 30.839 30.861 30.891 30.909 30.931 30.956 30.973 31.037 31.021 30.987 31.072 31.079 31.073 31.066 31.069 31.05 31.033 31.036 31.045 31.053 31.059 31.045 31.021 31.09 31.124 31.114 31.122 31.113 31.104 31.097 31.113 31.1 31.116 31.081 31.096 31.087 31.109
29.831 29.77 29.832 34.175 35.393 34.186 31.355 31.132 31.45 31.865 31.362 31.326 31.074 31.146 31.724 31.497 31.095 30.854 30.971 30.714 30.634 30.643 30.63 30.622 30.606 30.581 30.62 30.63 30.641 30.642 30.68 30.707 30.806 30.934 30.751 30.774 30.8 30.822 30.843 30.885 30.89 30.949 30.957 30.92 30.929 30.967 31.018 31.012 30.998 30.985 30.99 30.975 30.951 30.956 30.947 30.964 31.02 31.055 31.025 30.999 31.075 31.031 31.052 31.035 31.058 31.049 31.073 31.061 31.016 31.082 31.069 31.063
29.856 29.815 29.737 29.739 31.051 30.821 30.572 31.421 31.399 32.439 31.886 31.351 31.052 31.011 31.386 31.462 31.781 30.692 30.611 30.632 31.222 30.705 31.221 30.529 30.524 30.568 30.579 30.599 30.618 30.651 30.647 30.692 31.089 30.758 30.793 30.782 30.738 30.772 30.801 30.841 30.899 31.001 30.865 30.915 30.932 30.98 30.969 30.939 30.924 30.948 31.067 31.044 30.986 30.999 30.936 30.941 30.96 30.949 30.997 31.035 31.055 31.079 31.073 31.035 30.978 31.004 31.002 31.033 31.111 31.154 31.123 31.284
29.87 29.794 29.789 29.769 29.74 29.689 29.965 31.309 33.147 32.915 32.142 31.464 31.242 31.012 31.953 31.866 31.75 30.902 30.553 30.608 30.779 31.1 31.434 30.833 30.503 30.555 30.574 30.563 30.585 30.596 30.619 30.704 30.932 32.866 30.818 30.788 30.791 30.708 30.77 30.835 30.891 32.551 31.547 31.045 32.769 31.045 30.885 30.84 30.864 31.535 33.204 32.514 31.144 30.975 31.063 30.881 30.913 30.922 31.05 32.775 31.119 31.023 31.086 31.636 30.965 30.953 30.982 31.008 31.054 30.983 31.117 31.207
29.866 29.83 29.785 29.739 29.76 29.729 29.79 32.856 35.469 35.25 33.683 32.292 31.086 30.928 31.144 31.157 31.514 31.248 30.601 30.889 31.751 31.005 30.526 30.498 30.477 30.509 30.549 30.541 30.508 30.581 30.559 30.706 33.512 33.755 31.366 30.758 31.388 31.028 30.715 30.73 30.841 33.131 31.795 33.258 32.253 31.571 31.067 30.875 30.81 30.794 32.061 32.103 31.18 31.974 31.433 30.883 30.853 30.859 30.871 31.587 31.145 30.878 31.868 31.405 31.23 30.93 30.948 30.914 30.954 31.535 31.455 31.076
29.838 29.798 29.798 29.733 29.735 29.723 29.784 34.026 36.216 35.633 35.523 34.935 31.566 30.807 30.773 31.293 31.492 31.96 30.968 31.268 30.706 30.58 30.441 30.46 30.444 30.544 30.933 31.4 30.82 30.526 30.555 30.544 31.042 31.773 30.827 31.04 30.918 31.153 30.771 30.719 30.748 30.869 31.945 31.618 31.385 31.291 30.933 30.792 30.786 30.76 30.782 31.461 31.923 31.406 32.125 31.559 31.05 30.763 30.813 30.828 30.832 30.984 30.799 31.948 31.008 30.893 30.887 30.896 30.887 31.04 31.995 31.228
29.834 29.81 29.796 29.805 29.73 29.735 29.959 30.725 33.312 33.364 34.66 35.224 30.934 30.802 30.791 31.318 31.339 31.546 31.231 30.604 30.414 30.433 30.365 30.43 30.455 30.885 30.71 31.488 31.364 30.643 30.507 30.51 30.579 31.197 31.222 30.573 31.951 31.077 31.178 30.66 30.683 30.719 31.407 31.725 30.914 30.761 30.879 31.208 30.733 30.746 30.756 31.055 31.769 31.16 31.628 32.321 30.773 30.764 30.78 30.768 30.773 30.895 30.786 31.307 32.045 31.188 30.854 30.85 30.855 30.837 30.92 30.741
29.761 29.778 29.764 29.757 29.736 29.769 30.013 29.991 29.861 29.845 30.633 30.764 30.989 30.82 30.966 30.754 32.021 31.758 32.001 31.244 30.445 30.409 30.369 30.366 30.473 31.307 31.086 30.918 30.475 31.195 30.5 30.487 30.493 30.522 30.537 30.533 31.296 32.103 31.469 30.551 30.642 30.647 30.748 30.915 31.962 30.698 31.601 30.989 30.661 30.709 30.719 30.84 31.32 31.86 30.721 30.634 30.743 31.19 30.717 30.743 30.754 30.78 31.653 31.073 31.687 31.632 30.77 30.773 30.775 30.813 31.106 31.816
29.792 29.75 29.729 29.697 29.697 30.818 29.944 29.877 29.849 29.886 29.908 30.012 31.66 30.922 31.196 30.9 31.106 31.294 31.709 31.563 30.563 30.811 31.09 30.544 31.308 31.129 30.666 30.996 30.357 30.683 30.892 30.433 30.435 30.456 30.482 30.406 30.484 30.653 30.512 30.528 30.589 30.608 30.643 30.837 30.647 30.943 30.677 30.676 31.126 30.638 30.672 30.659 30.802 30.689 30.627 31.134 31.212 30.793 30.675 30.703 30.684 30.81 30.825 30.727 30.957 30.781 30.738 30.744 30.734 30.688 30.904 31.583
29.804 30.781 29.889 29.825 29.839 29.837 29.89 29.874 29.9 29.891 29.911 29.963 30.434 30.925 31.295 30.983 30.699 31.023 31.894 31.459 30.766 31.241 30.742 31.087 30.557 30.409 31.253 31.396 30.688 30.381 30.382 30.409 30.406 30.419 30.43 30.439 30.477 30.485 30.486 30.559 30.705 30.555 30.558 30.576 31.182 31.786 30.838 31.547 31.242 30.857 30.615 30.634 30.62 30.586 30.609 31.038 30.61 30.618 30.635 30.64 30.679 30.681 31.014 31.773 30.831 30.683 30.671 30.638 30.627 30.853 31.521 32.165
29.629 29.749 29.839 29.905 30.059 29.921 29.937 29.938 29.925 29.951 29.91 29.934 30.055 30.673 31.139 31.109 30.69 31.007 31.646 31.964 31.529 30.657 30.607 30.592 30.938 30.353 31.073 30.436 30.299 30.318 30.361 30.332 30.339 30.359 30.377 30.397 31.362 30.895 30.783 31.133 31.106 30.497 30.543 30.565 30.954 30.716 30.567 30.77 31.043 30.858 30.553 30.556 30.574 30.585 31.246 31.234 30.585 30.596 30.595 30.603 30.578 30.6 30.76 30.688 30.619 30.631 30.545 30.575 30.971 32.329 32.736 32.703
29.261 29.54 29.493 29.721 29.858 29.941 29.903 29.944 29.981 29.956 29.94 29.874 30.089 30.357 30.852 31.01 30.787 30.684 30.924 31.955 31.802 31.244 30.508 31.287 31.212 30.418 30.249 30.285 30.297 30.305 30.276 30.301 30.299 30.295 30.325 30.345 31.23 31.907 30.72 31.006 30.781 30.487 30.48 30.507 30.505 30.549 31.958 30.923 30.505 30.53 30.545 30.533 30.511 30.519 30.688 30.643 30.756 30.52 30.538 30.561 30.564 30.546 30.555 30.555 31.429 32.194 30.74 31.464 32.326 32.559 32.765 32.694
29.088 29.141 33.169 29.082 29.135 29.751 29.932 29.966 29.936 29.953 29.999 29.956 29.924 30.107 31.022 30.766 30.867 30.61 30.605 31.617 31.919 31.482 30.479 31.003 30.377 30.188 30.248 30.28 30.231 30.281 30.265 30.726 31.503 30.425 30.279 30.333 30.307 30.448 30.297 30.332 30.419 30.399 30.416 30.425 30.421 30.648 30.981 31.232 30.554 30.449 30.502 30.909 30.505 30.488 30.51 30.94 30.498 30.524 31.203 30.963 30.521 30.513 30.491 30.465 31.486 31.678 32.186 32.572 32.266 32.715 32.319 32.083
28.964 32.369 34.659 32.605 29.064 29.067 29.772 29.912 29.949 29.983 29.969 29.971 29.976 30.148 33.41 31.436 30.673 30.681 30.648 31.876 31.896 32.017 31.437 30.271 30.172 30.16 30.219 30.214 30.547 30.512 31.015 31.046 30.654 30.483 30.232 30.26 30.261 30.332 31.056 31.39 30.531 31.216 30.583 30.366 30.398 30.395 30.584 30.445 30.421 30.706 31.473 30.557 30.484 30.453 30.491 30.488 30.478 30.473 30.447 30.483 30.451 30.479 30.425 31.517 32.224 32.515 32.522 32.738 32.352 31.76 31.636 31.568
