dsm/se3336_DSM_2M.asc
ncols 500
nrows 500
xllcorner    433000
yllcorner    436000
cellsize     2
NODATA_value -9999
[rows 320 to 351 of 500, columns 71 to 141 of 500]
86.176 86.162 86.263 86.268 86.371 88.825 87.026 86.554 86.586 86.84 87.032 88.097 86.636 86.653 87.685 90.623 93.101 92.464 90.778 86.898 87.053 86.159 86.012 86.042 86.054 86.145 85.864 85.726 85.584 85.501 85.453 85.422 85.3 85.214 87.158 88.221 86.491 86.555 84.958 85.16 85.627 84.683 84.632 86.053 86.09 88.519 90.151 90.713 90.392 89.484 88.042 84.544 83.835 83.449 83.218 83.175 83.683 83.425 82.932 82.932 82.786 82.755 82.68 82.616 82.493 82.419 82.359 82.327 82.298 83.643 82.962
86.569 86.268 88.004 86.217 86.839 86.613 86.464 86.457 86.474 87.443 88.684 87.091 87.167 86.32 90.589 93.013 93.962 93.641 92.682 90.656 86.185 86.009 86.02 85.995 85.936 85.829 85.7 85.679 85.5 85.633 85.557 85.237 85.207 85.143 84.951 84.839 84.847 86.903 92.399 96.34 95.481 86.38 84.421 85.908 86.016 86.595 89.151 89.756 89.102 84.705 83.78 83.717 87.143 87.351 83.185 82.956 82.941 83.011 82.917 82.904 82.88 82.847 83.013 82.708 82.555 82.464 82.264 82.215 82.192 83.121 83.669
86.148 86.212 87.007 86.649 86.579 86.383 86.396 86.384 86.499 89.332 89.706 87.642 86.234 87.64 91.891 92.86 93.874 94.221 93.481 92.425 88.74 86.08 85.995 85.879 86.047 85.566 85.513 85.515 85.731 85.338 85.388 85.345 85.038 84.967 84.876 84.769 84.718 87.169 97.954 99.865 100.039 96.211 93.286 90.811 87.578 84.023 87.407 87.49 84.184 83.643 83.828 84.25 86.692 87.264 84.112 82.99 83.03 82.982 82.894 83.106 85.184 84.36 82.531 82.58 84.925 86.799 82.943 82.1 82.111 82.251 82.095
86.151 86.724 86.408 86.413 86.261 86.283 86.321 86.294 88.958 89.703 89.111 86.637 86.231 86.326 87.621 91.868 93 94.743 94.429 93.49 92.568 88.871 85.867 86.342 85.829 85.291 85.346 85.147 85.028 85.188 85.167 85.248 85.14 84.856 84.774 84.672 84.911 94.66 99.012 99.819 99.929 98.212 96.733 91.212 89.103 85.909 83.804 83.651 83.561 83.785 84.489 83.583 83.1 83.002 83.078 83.028 82.939 84.379 84.423 85.03 84.814 82.826 82.35 82.552 84.743 88.553 82.846 82.052 81.956 81.929 81.829
94.027 94.736 92.726 86.723 86.124 86.152 86.131 87.032 89.17 89.177 86.383 89.154 87.003 86.101 86.049 87.34 91.967 93.109 93.931 93.992 93.036 91.918 85.723 85.418 85.129 85.187 85.152 84.993 84.996 85.155 85.151 84.978 84.991 84.894 84.634 84.578 84.868 97.726 99.163 100.134 99.999 99.376 95.423 91.109 90.062 88.375 83.713 83.487 83.441 83.75 83.273 83.021 83.06 83.049 82.998 83.029 85.882 88.24 85.49 83.711 82.522 83.043 86.319 82.301 83.497 83.176 82.316 81.978 81.897 81.872 81.711
97.086 96.78 94.273 87.68 86.055 86.024 87.703 86.167 87.913 86.425 86.673 89.962 86.797 85.988 85.981 86.825 87.32 91.859 93.081 93.389 92.221 87.369 85.357 85.107 86.816 85.103 85.051 84.995 85.006 85.151 85.303 85.122 84.796 84.793 84.495 84.485 84.416 91.963 97.924 98.422 98.19 89.762 89.784 89.91 88.506 84.489 83.792 84.429 83.268 83.141 83.071 83.085 83.105 83.136 83.051 83.138 84.797 86.877 85.461 82.534 82.552 87.047 88.199 87.468 83.265 82.077 83.308 81.926 81.999 81.717 81.618
96.966 96.043 93.813 87.706 85.938 86.335 86.394 88.028 86.935 85.862 85.898 86.1 85.872 85.904 86.376 85.991 85.638 88.247 92.028 92.399 87.654 85.261 85.013 88.396 89.813 87.46 84.907 84.962 84.962 84.942 84.919 85.277 84.747 84.563 84.393 84.32 84.26 84.233 86.537 90.557 87.203 85.22 87.23 89.042 86.178 85.135 84.694 83.776 83.142 83.183 83.15 83.061 83.502 84.309 83.674 84.82 83.576 83.645 82.493 82.339 85.517 88.41 89.077 88.306 87.363 82.794 82.234 82.35 82.335 81.69 81.529
93.369 92.714 88.013 85.768 85.909 86.614 87.903 88.716 89.25 86.754 85.866 85.872 87.286 87.128 86.166 85.667 85.638 85.474 89.696 87.097 85.176 84.932 89.083 91.457 91.766 90.981 88.787 84.968 84.736 84.603 84.518 84.546 84.501 84.429 84.298 84.208 84.107 84.118 84.098 83.99 83.83 83.7 83.663 84.173 83.704 83.462 83.212 83.164 83.104 83.181 83.135 83.088 83.187 84.195 85.267 83.674 82.664 82.581 82.368 82.154 87.447 88.476 88.532 87.66 85.127 83.776 82.045 83.25 82.236 81.927 81.56
87.129 85.578 86.246 85.697 85.772 87.356 88.06 89.32 88.691 88.325 86.972 89.07 87.821 86.321 85.624 85.614 85.642 85.647 85.793 85.168 84.934 89.071 91.518 92.294 92.433 91.62 90.728 87.444 85.15 85.215 85.207 84.429 84.418 84.434 84.297 84.168 84.246 83.972 83.869 83.843 83.735 83.677 83.44 83.322 83.287 83.221 83.148 83.12 83.114 83.123 84.519 84.377 84.991 83.723 83.151 82.864 82.553 82.429 82.211 83.591 85.065 87.506 87.649 85.088 84.333 84.185 82.408 81.716 82.092 82.277 81.629
89.285 88.573 87.598 86.597 88.219 87.748 86.236 88.207 88.185 87.697 87.555 87.557 86.935 85.492 85.514 85.533 86.023 87.58 87.17 84.981 84.89 89.723 91.759 92.755 93.214 92.511 91.648 90.757 87.244 84.829 84.655 84.359 84.968 84.358 84.834 84.615 84.168 84.263 84.005 83.636 83.639 83.601 83.389 83.278 83.21 83.104 83.084 83.108 83.065 83.147 84.953 85.82 86.611 83.728 82.646 82.53 82.413 83.171 83.503 85.346 85.388 84.701 82.594 82.533 84.238 84.174 86.792 85.646 82.277 82.154 82.836
95.012 92.139 88.206 85.618 86.291 85.985 85.454 85.538 87.22 87.566 87.251 86.894 85.395 85.437 85.463 86.456 87.499 87.497 85.141 84.944 84.962 85.93 89.807 91.689 93.029 94.147 92.394 91.492 90.588 86.006 84.32 84.777 84.013 85.003 85.777 85.715 83.984 84.017 84.028 83.751 83.486 83.473 83.417 83.194 83.039 82.981 83.042 83.014 82.916 84.721 85.984 86.831 84.119 82.871 82.47 82.404 82.614 82.234 81.99 84.353 83.336 81.928 81.957 82.023 82.402 86.588 87.871 87.318 85.532 83.091 81.812
96.298 96.019 93.011 87.093 86.935 85.323 85.34 85.34 85.829 87.339 86.379 85.419 85.383 85.401 85.471 85.471 85.541 85.255 84.979 84.905 84.967 84.931 85.95 89.999 91.846 92.574 92.98 92.049 91.164 86.078 84.321 83.793 83.872 84.094 84.22 86.328 89.745 85.24 83.841 83.863 84.167 83.357 83.263 83.068 82.958 82.864 82.836 82.817 82.789 84.706 86.003 84.799 83.191 82.632 82.453 82.253 82.445 83.321 82.38 82.725 82.766 83.378 81.411 81.535 86.57 88.025 88.833 88.244 87.281 85.471 81.638
94.29 94.639 95.331 92.302 91.256 89.99 85.327 85.292 86.177 86.89 85.69 91.794 92.343 87.36 85.506 86.486 87.894 88.533 85.54 84.996 84.867 84.893 85.014 85.852 89.82 92.003 91.967 91.093 87.264 84.247 83.676 83.62 83.731 83.751 83.835 86.538 87.949 88.126 83.718 83.607 83.525 83.167 83.123 83.029 82.934 82.759 82.713 82.614 82.676 85.429 85.116 83.181 82.719 82.762 84.796 82.884 81.93 82.277 82.314 82.694 83.661 82.104 81.618 84.417 85.892 87.647 88.533 89.092 88.179 87.273 84.269
91.914 93.951 96.07 94.828 94.53 92.841 88.597 86.067 85.474 89.124 92.57 95.938 97.173 97.258 93.897 92.724 88.662 88.186 85.533 84.666 84.768 84.807 84.541 84.79 85.846 90.445 91.078 86.719 84.184 84.65 84.116 87.792 83.81 83.679 84.854 85.243 83.931 83.985 84.078 83.451 83.236 83.06 82.978 82.888 82.815 82.649 82.62 82.473 82.422 83.292 85.412 83.793 83.249 90.443 84.521 82.246 81.923 81.779 82.859 82.359 81.704 81.452 81.506 83.07 84.516 86.398 87.605 88.752 88.667 87.702 86.382
93.342 95.205 94.64 94.26 95.264 95.308 92.519 86.348 85.888 89.731 95 98.296 98.872 97.441 95.95 92.526 88.237 86.046 84.676 84.694 84.583 84.425 83.972 84.239 84.436 85.497 84.743 84.093 84.034 84.002 88.36 89.592 85.451 84.55 85.145 83.567 83.475 83.522 84.853 83.445 83.191 83.077 82.902 82.723 82.669 82.584 82.433 82.333 82.234 82.82 84.261 84.573 90.105 91.634 91.844 83.599 81.758 83.055 83.44 81.969 81.502 81.437 81.367 81.341 83.582 83.25 82.989 87.55 87.607 86.629 84.463
87.639 92.38 93.204 93.149 94.142 94.024 89.185 86.251 85.948 89.925 96.095 98.346 97.899 97.089 96.835 94.247 86.02 84.529 84.59 84.609 84.157 83.977 84.131 84.109 84.023 84.084 84.063 84.44 83.673 87.814 89.541 89.926 89.524 84.723 84.467 83.337 83.362 83.312 83.321 83.344 83.353 83.063 82.939 82.778 82.558 82.464 82.433 82.295 82.115 82.117 82.88 83.619 89.491 86.81 90.456 89.761 84.632 82.144 81.514 81.501 81.505 81.44 81.366 82.146 82.882 81.161 81.135 85.67 86.655 83.338 83.69
87.385 89.21 90.879 94.368 94.214 93.723 92.498 88.543 85.828 85.08 90.454 96.716 97.859 94.134 95.975 89.627 84.516 84.529 84.494 84.004 83.627 83.929 83.94 83.97 84.004 83.989 83.758 83.698 88.376 89.533 90.264 89.498 89.09 89.337 88.375 83.586 83.104 83.142 83.373 83.453 82.927 83.501 82.874 82.852 82.624 82.264 82.308 82.172 82.078 81.908 81.897 85.528 92.361 94.727 94.432 91.179 87.4 81.607 81.509 81.506 83.29 85.862 81.579 82.964 81.187 80.889 80.871 81.715 82.057 81.377 82.905
89.708 91.201 94.938 95.545 94.843 93.93 92.964 86.787 85.05 84.952 86.195 86.844 88.242 94.887 89.958 85.462 84.537 84.441 83.939 83.491 83.447 83.573 84.759 84.939 84.32 85.507 85.56 84.323 85.233 89.803 89.255 88.971 89.263 89.778 89.713 86.806 82.944 83.002 84.128 82.602 83.45 84.58 83.876 82.611 82.675 82.471 82.171 82.093 81.973 81.805 81.738 87.581 91.854 95.147 95.075 90.142 82.199 82.385 81.498 81.463 84.829 89.622 84.054 85.627 83.73 80.747 81.608 81.086 81.739 80.794 83.777
90.108 91.212 95.107 94.972 94.261 94.521 85.946 85.279 84.33 84.817 85.339 84.914 84.614 84.65 86.165 84.751 84.599 84.165 83.512 83.315 83.392 83.382 84.052 85.765 85.55 85.625 85.566 83.658 83.82 86.867 88.968 89.494 89.896 89.828 89.098 84.415 82.773 83.945 82.534 83.239 83.709 84.21 83.968 82.741 82.427 82.477 82.21 81.923 81.882 81.717 81.585 83.061 91.668 93.589 93.425 82.533 81.811 81.941 82.366 82.937 82.129 83.003 81.486 84.878 82.216 83.395 84.967 81.584 80.585 82.246 85.653
86.303 88.158 93.421 93.398 93.644 89.496 84.861 84.471 84.394 84.687 85.41 84.301 84.17 84.336 84.562 84.458 84.595 83.654 83.218 83.286 84.311 83.617 84.899 85.067 83.454 84.111 83.015 84.436 82.937 84.045 86.386 89.611 89.696 88.877 83.466 82.465 84.235 82.488 83.208 82.881 82.023 81.763 82.114 82.818 87.605 87.759 82.417 81.964 81.729 81.644 81.513 81.388 81.935 82.035 83.374 86.792 89.733 83.164 84.472 82.589 81.465 80.709 80.787 80.759 84.477 82.881 81.41 81.626 82.292 83.17 83.775
85.308 85.526 88.612 87.556 86.799 90.82 85.552 85.105 85.16 86.203 86.534 84.992 83.915 83.819 83.824 83.883 83.98 84.374 83.557 84.505 85.876 85.532 84.785 82.927 82.572 83.071 85.875 86.369 86.717 83.109 84.223 87.904 89.165 84.74 82.355 83.669 85.325 84.189 82.582 81.762 81.554 81.5 85.905 87.945 88.196 87.129 83.47 81.997 81.71 81.455 81.379 81.338 81.196 82.933 85.381 89.618 92.295 91.197 87.037 81.951 82.029 85.218 82.327 82.717 84.06 81.642 81.287 80.91 82.881 83.079 83.175
85.509 85.406 84.86 84.508 84.472 83.872 85.615 84.298 85.988 85.259 86.296 85.544 84.422 83.847 83.861 84.054 84.016 84.174 84.782 85.833 85.702 85.152 82.759 82.483 82.476 84.164 85.972 87.203 84.148 82.111 82.52 83.858 82.95 82.276 83.302 85.359 84.846 82.433 81.58 81.457 81.473 81.372 86.377 84.891 88.112 88.715 82.808 81.788 81.796 81.351 81.232 81.245 81.148 82.256 90.403 91.463 92.071 89.522 87.848 87.074 86.863 85.919 87.477 82.942 81.452 80.442 80.505 80.473 81.162 80.713 82.011
84.812 85.171 84.028 83.826 83.833 83.85 83.796 84.293 83.67 84.128 85.328 84.459 85.21 84.106 84.039 84.09 83.804 83.877 83.804 86.695 89.81 90.148 89.164 88.114 82.441 82.829 83.118 84.026 81.957 81.897 81.84 83.439 82.078 83.859 82.63 84.502 82.958 87.391 87.233 85.756 82.67 81.36 82.441 83.768 84.68 90.592 89.497 82.059 81.575 81.537 81.204 81.112 81.035 82.365 88.7 91.207 90.7 87.672 86.685 85.706 88.51 87.274 85.323 81.65 80.354 80.324 80.401 80.368 80.406 81.491 81.792
84.763 84.692 84.05 83.772 83.832 83.855 83.842 83.793 83.718 83.571 83.475 84.154 84.613 84.034 84.155 84.133 83.499 83.448 84.823 89.333 90.479 92.266 93.508 91.312 88.992 88.227 82.031 81.826 82.201 82.057 83.984 84.147 84.931 82.045 81.336 81.278 86.124 88.41 88.584 88.374 87.495 82.466 81.547 81.343 84.018 86.71 89.19 86.061 82.032 81.435 81.406 80.934 80.836 80.833 81.427 83.385 85.476 86.464 86.277 85.35 85.43 85.008 81.628 80.291 80.287 80.235 80.307 80.426 81.646 80.657 79.665
84.597 84.512 84.241 83.821 83.861 83.812 83.776 83.639 83.558 83.494 83.439 83.57 84.139 83.264 83.706 84.122 85 85.109 85.184 88.307 91.714 93.433 93.516 90.298 90.693 89.388 85.349 84.845 82.853 83.93 84.123 83.506 85.921 84.063 81.36 82.418 86.217 88.866 89.687 88.641 87.13 82.238 81.155 81.359 84.754 86.516 86.573 86.387 82.496 81.191 81.312 80.925 80.732 80.701 80.592 80.447 80.37 84.244 85.244 85.004 83.787 81.279 80.902 80.678 80.269 80.309 81.093 81.696 80.269 79.643 79.64
92.174 84.491 84.313 83.788 83.712 83.713 83.61 83.519 83.172 83.333 83.286 84.019 83.286 83.162 84.035 83.588 83.827 85.211 84.516 83.895 90.133 92.171 91.688 88.155 88.001 84.465 85.923 84.004 83.832 83.424 82.811 83.324 81.654 81.025 81.752 85.899 87.708 89.65 89.497 88.576 86.733 81.86 81.227 83.051 81.832 87.302 87.409 85.084 81.779 81.081 81.032 80.794 80.663 80.502 80.47 80.436 80.337 80.893 83.807 82.138 82.781 82.394 80.354 80.243 80.26 81.163 81.413 80.295 79.634 79.623 79.609
95.106 92.931 84.551 83.85 83.748 83.686 83.212 82.778 82.388 83.038 83.034 83.137 83.257 82.817 82.253 82.054 83.6 84.557 83.162 82.423 83.349 85.782 83.334 82.383 81.942 83.89 82.308 82.037 81.163 81.464 82.537 82.662 83.562 81.153 81.082 82.549 88.05 89.464 89.53 88.493 84.688 81.619 83.345 84.924 84.939 87.045 87.702 85.468 81.402 80.995 80.867 80.714 80.62 80.453 80.352 80.278 80.213 80.152 80.129 80.196 81.617 80.349 80.328 80.222 81.312 81.686 79.86 79.649 79.565 79.563 79.529
95.813 93.491 86.118 85.289 91.743 85.853 82.617 82.495 82.283 82.695 82.654 82.163 82.446 83.935 82.816 82.057 81.774 83.196 84.121 82.937 83.886 85.438 84.275 81.339 81.257 85.067 85.668 82.2 80.937 80.735 81.992 82.494 83.224 80.868 81.217 85.799 88.572 89.649 89.037 87.684 82.737 81.277 83.089 84.119 85.764 88.148 87.014 85.78 81.662 80.773 80.676 80.599 80.508 80.344 80.224 80.158 80.114 80.07 79.958 79.9 80.316 81.619 80.705 82.238 84.898 82.353 79.68 79.6 79.529 79.529 80.598
95.787 92.299 85.157 89.633 94 97.347 95.366 82.683 82.31 82.417 82.181 81.97 81.903 81.875 82.384 81.76 81.635 82.1 83.137 81.512 83.168 82.747 82.218 81.342 81.115 85.074 83.117 81.355 80.889 80.56 80.832 82.416 82.148 80.684 80.792 87.215 88.035 88.301 88.501 87.446 82.308 80.636 80.553 81.041 81.593 81.688 83.573 81.411 80.799 80.585 80.618 80.563 80.497 80.508 80.316 80.139 79.98 79.893 79.863 79.818 79.718 79.856 84.792 84.981 85.213 83.64 79.566 79.539 80.215 80.789 83.002
92.78 88.638 88.553 87.221 97.49 97.716 97.06 86.449 82.228 82.396 82.079 82.092 81.9 81.659 81.868 81.666 81.693 81.361 82.776 83.018 81.3 81.338 81.076 81.745 81.045 80.951 80.66 82.417 82.763 80.685 80.419 80.783 80.271 80.188 80.609 82.907 85.728 87.144 87.594 87.063 81.683 80.529 80.49 80.712 81.313 82.432 80.759 80.495 80.485 80.473 80.472 80.623 87.458 88.6 80.769 82.111 80.055 79.747 79.72 79.73 79.668 80.2 81.162 84.409 83.745 83.855 82.527 80.458 80.895 79.475 82.645
88.402 87.937 88.374 88.592 96.944 97.048 96.105 83.958 82.323 82.372 82.172 81.745 81.691 81.64 81.596 81.589 81.343 81.203 81.796 83.852 81.168 81.031 80.907 80.885 81.589 82.05 80.598 80.719 80.055 81.625 80.949 80.42 83.931 80.071 81.462 80.473 80.2 82.028 83.279 82.178 81.911 81.719 85.424 86.927 83.261 80.651 80.413 80.342 80.364 80.441 84.813 90.562 91.193 92.401 89.454 90.012 88.45 81.629 79.632 79.666 79.575 79.501 79.316 79.842 83.096 83.875 83.32 80.931 79.397 79.279 79.943
88.047 88.292 87.596 85.567 85.808 85.927 85.5 82.373 82.163 82.156 82.162 81.829 81.566 81.541 81.488 83.949 81.313 81.181 81.072 83.326 82.867 81.431 81.493 82.106 82.366 82.449 80.674 81.344 82.144 83.043 83.357 85.764 86.379 85.052 80.152 80.559 81.037 82.164 81.228 80.302 80.776 84.712 87.536 87.765 81.987 80.239 80.252 80.262 80.292 80.478 88.447 92.933 94.522 94.431 92.484 93.526 92.387 83.941 79.578 79.518 79.479 79.411 79.262 79.272 81.616 82.743 80.576 79.189 79.281 79.272 79.256
