dsm/se3330_DSM_2M.asc
ncols 500
nrows 500
xllcorner    433000
yllcorner    430000
cellsize     2
NODATA_value -9999
[rows 320 to 351 of 500, columns 0 to 71 of 500]
23.533 23.566 23.528 23.546 23.545 23.574 23.583 23.548 23.637 24.11 23.877 23.324 23.687 23.525 23.665 23.649 23.664 23.419 23.551 23.311 23.4 23.319 23.217 23.191 29.058 40.346 28.061 24.368 23.949 23.791 24.095 23.953 23.464 23.317 23.239 23.231 23.212 23.206 23.168 23.187 23.166 23.195 23.177 23.175 23.219 23.313 23.767 23.608 23.223 23.589 23.843 23.976 24.108 24.439 24.138 24.064 24.03 23.874 23.471 23.469 23.693 23.44 23.229 23.665 23.564 23.299 23.813 24.6 24.732 23.77 23.105 23.549
23.55 23.53 23.561 23.526 23.536 23.524 23.528 23.5 23.581 23.974 23.507 24.241 23.748 23.559 23.562 23.513 23.843 24.963 24.457 23.352 23.885 23.903 24.403 24.981 26.765 28.153 35.372 25.139 27.037 23.584 23.174 23.534 23.84 23.975 24.327 23.912 23.27 23.238 23.234 23.224 23.221 23.234 23.226 23.203 23.212 23.223 23.236 23.237 23.233 23.468 23.449 23.853 23.734 23.986 23.851 24.01 23.714 23.547 23.541 23.465 23.957 23.628 23.14 23.508 23.995 23.566 23.547 23.951 24.143 23.96 23.686 23.431
23.514 23.713 23.536 23.506 23.516 23.505 23.54 23.555 23.875 23.968 24.022 23.657 23.587 23.599 24.722 24.75 24.606 24.33 23.754 23.296 24.258 24.083 23.872 23.953 24.476 26.157 25.719 24.268 27.142 37.058 27.325 23.591 23.116 23.179 23.21 23.468 24.099 24.243 23.899 23.937 23.268 23.264 23.266 23.29 23.285 23.295 23.288 23.282 23.317 23.306 23.32 23.337 23.349 23.803 23.704 23.803 23.838 24.032 24.53 24.158 23.737 23.34 23.202 23.235 23.225 23.228 23.633 23.546 23.703 23.762 23.883 24.174
25.28 26.036 25.999 24.056 23.908 23.863 23.594 23.597 25.404 25.427 25.437 24.182 23.868 23.796 23.781 23.829 23.8 23.579 24.425 24.354 23.722 24.14 23.771 23.375 23.468 23.905 23.899 23.807 23.847 24.269 23.885 26.457 27.211 23.173 23.192 23.18 23.119 23.282 23.202 23.416 24.377 24.069 23.54 23.752 23.403 23.372 23.307 23.34 23.328 23.343 23.349 23.368 23.356 23.355 23.374 23.368 23.511 23.658 23.664 23.655 23.671 24.333 23.94 23.202 23.174 23.485 23.229 23.179 23.181 23.418 23.365 23.769
25.974 26.978 26.922 26.93 26.257 24.961 24.519 23.8 23.602 23.927 24.644 23.883 24.16 24.409 23.524 23.935 23.625 24.076 23.585 23.589 23.626 23.845 23.841 23.888 24.412 24.325 24.125 23.484 23.449 23.265 23.481 29.116 24.272 24.327 24.102 23.49 23.372 23.201 23.245 23.176 23.186 23.2 23.421 23.521 23.944 23.711 23.575 23.607 23.393 23.379 23.38 23.403 23.369 23.408 23.408 23.406 23.397 23.353 23.349 23.298 23.663 23.394 23.622 23.479 23.177 23.168 23.877 24.104 23.912 23.319 23.162 23.864
26.744 27.083 27.056 27.05 26.993 26.922 24.889 23.634 23.469 23.477 23.806 23.983 24.28 24.545 24.391 23.956 24.428 24.852 23.759 24.454 23.856 23.547 23.889 24.115 23.698 23.933 23.665 23.398 23.327 23.375 23.801 23.347 23.519 24.437 24.367 23.774 23.918 24.28 24.136 23.402 23.24 23.23 23.285 23.283 23.414 23.709 23.462 23.92 24.207 23.976 23.82 23.523 23.42 23.443 23.457 23.416 23.435 23.432 23.379 24.867 24.777 24.394 25.278 25.1 23.723 23.669 23.338 23.342 24.105 23.498 23.159 23.196
26.993 27.032 27.107 27.048 27.082 26.993 24.146 23.554 23.734 24.27 24.48 24.004 23.983 23.882 24.09 24.383 24.435 23.602 23.794 24.33 24.527 23.944 23.878 24.254 24.266 23.782 23.905 23.74 23.576 24.242 24.097 23.993 23.774 24.718 24.603 24.423 24.013 23.649 23.674 23.804 24.071 23.998 23.766 23.583 23.493 23.49 23.463 23.43 23.531 23.609 24.477 24.144 24.265 24.007 23.829 23.526 23.466 23.457 23.421 23.398 23.355 23.834 24.021 25.564 25.18 25.409 25.024 24.775 23.382 23.357 23.485 23.505
26.974 26.926 26.94 26.955 26.996 26.961 23.709 23.654 24.237 24.138 24.566 24.736 24.356 24.562 24.464 24.695 23.829 23.901 24.139 24.134 24.24 23.693 23.762 24.073 24.393 23.763 24.216 23.84 23.688 23.886 24.756 24.466 23.594 23.498 24.61 24.038 23.95 23.702 24.138 23.981 23.555 23.925 23.877 24.122 24.178 24.268 23.849 23.633 23.503 23.451 23.726 23.459 23.893 23.889 24.111 24.403 24.212 23.611 23.55 23.485 23.427 23.377 23.351 23.291 23.311 23.841 24.86 24.795 23.508 23.087 23.127 23.293
24.52 26.664 26.053 26.827 26.894 24.624 23.571 24.35 24.543 25.091 25.227 24.103 23.67 24.337 24.711 23.85 24.454 23.85 24.074 24.071 24.058 23.95 23.908 23.843 24.525 23.982 24.02 23.797 23.712 23.918 24.054 23.825 23.817 24.142 24.099 23.666 23.701 23.976 23.837 24.688 24.651 24.396 24.404 23.81 23.6 23.631 24.108 24.012 24.28 24.024 23.594 23.859 23.595 23.496 23.506 23.608 23.652 23.707 24.033 24.35 24.213 23.581 23.603 23.433 23.336 23.267 23.241 23.226 23.188 23.181 23.221 23.217
27.872 24.8 24.211 23.468 24.42 23.825 23.636 24.478 24.164 23.768 23.933 23.903 24.059 24.4 24.218 23.986 23.445 23.989 24.057 24.049 24.058 23.883 24.615 24.715 23.953 23.819 23.976 23.808 23.893 24.083 24.129 24.138 24.178 25.064 25.013 24.139 24.086 23.723 23.792 23.678 23.987 23.963 23.825 24.216 24.176 24.548 24.448 23.597 23.755 24.029 24.051 24.359 24.334 23.826 24.002 23.69 23.578 23.538 23.491 23.495 23.539 24.068 23.943 24.003 23.927 23.685 23.364 23.341 23.248 23.269 23.23 23.265
31.815 31.048 30.47 30.526 27.856 23.709 23.723 23.578 23.935 23.909 23.903 24.02 24.019 24.322 24.53 23.867 23.976 24.077 24.075 24.086 24.112 24.547 24.498 24.386 24.259 24.43 25.21 24.822 24.226 24.242 24.066 24.067 23.949 24.94 24.589 24.802 24.682 24.049 24.281 23.807 24.577 24.403 24.003 24.278 24.418 23.752 23.858 23.61 24.018 24.743 24.543 23.892 23.621 23.86 23.972 24.028 24.388 24.042 23.977 23.766 23.477 23.502 23.605 23.586 23.83 24.071 24.358 24.198 23.765 23.675 23.387 23.341
31.981 31.9 31.905 31.868 31.812 29.876 30.453 29.358 28.578 25.373 24.08 24.344 24.215 23.876 24.007 24.277 23.628 24.104 24.132 24.107 24.113 23.745 23.929 24.962 24.509 24.088 24.13 24.187 24.068 24.057 24.089 24.077 23.589 24.479 24.901 25.11 24.782 24.025 24.049 23.881 24.404 24.064 23.775 23.913 24.11 24.03 24.304 23.683 23.986 23.673 23.799 23.887 23.985 24.028 23.97 23.654 23.554 23.841 23.899 24.079 23.954 23.55 23.837 23.835 23.601 23.479 23.536 23.591 23.825 23.744 23.919 24.819
32.17 32.097 32.06 32.018 31.968 31.924 31.929 31.927 31.824 30.304 27.001 29.102 24.141 23.766 24.331 23.921 23.919 25.058 24.896 24.157 24.091 24.626 24.545 24.059 24.466 24.997 24.462 23.756 24.095 24.094 24.073 24.052 23.555 23.608 23.736 24.18 24.413 23.712 23.99 24.01 24.065 23.844 24.42 24.431 24.699 24.2 24.303 24.108 24.493 24.66 24.201 23.724 23.764 23.75 23.716 24.185 24.018 24.059 23.767 23.57 24.05 23.808 23.949 24.071 24.156 24.488 41.939 24.957 28.338 38.553 28.599 24.031
32.33 32.243 32.214 32.178 32.177 32.116 32.131 32.033 31.99 31.902 31.889 31.821 31.778 30.312 26.674 26.378 24.283 24.508 24.469 24.169 23.999 24.942 24.884 23.898 24.75 24.636 25.042 24.376 24.153 24.096 24.108 24.009 23.574 24.368 23.974 23.915 23.934 24.011 24.082 24.131 24.075 24.131 24.068 24 23.978 24.171 23.763 24.429 24.613 24.828 24.138 24.285 24.28 24.266 24.466 24.427 25.036 25.107 24.814 23.718 24.059 24.112 23.687 23.598 24.365 28.767 23.943 27.167 47.421 32.243 28.593 25.863
32.465 32.397 32.393 32.343 32.299 32.224 32.267 32.232 32.125 32.101 32.032 32.008 31.976 31.878 31.905 31.812 31.513 30.396 26.539 24.333 23.784 24.131 24.601 24.262 23.883 23.618 23.627 24.052 24.117 24.119 24.096 24.617 24.547 23.71 23.987 24.177 24.19 24.162 24.074 24.092 24.101 24.087 24.078 24.127 24.046 24.058 24.14 24.047 24.216 24.01 24.572 23.866 24.064 24.184 23.781 23.961 24.144 24.616 24.324 24.114 24.592 24.249 23.919 24.189 23.916 23.901 24.356 24.148 24.018 24.05 24.139 25.911
32.619 32.606 32.532 32.489 32.44 32.425 32.38 32.384 32.288 32.256 32.222 32.166 32.119 32.057 32.028 31.954 31.926 31.927 31.879 31.784 30.919 26.853 28.464 25.111 24.815 23.81 23.964 24.13 24.164 24.133 24.129 24.622 24.779 24.859 25.155 23.947 23.644 24.064 24.094 24.049 24.061 24.092 24.08 24.059 24.58 24.578 24.048 23.912 24.08 24.621 24.019 24.162 24.442 24.995 24.716 24.798 24.256 24.358 23.839 24.626 24.653 24.458 24.383 25.093 24.085 23.613 23.574 23.648 24.071 24.759 24.737 23.824
32.78 32.743 32.699 32.653 32.639 32.62 32.556 32.492 32.44 32.42 32.331 32.359 32.269 32.238 32.208 32.161 32.111 32.052 32.021 31.973 31.928 31.868 31.872 31.63 29.176 26.659 29.398 24.277 24.502 24.309 24.122 23.673 24.402 24.54 24.592 24.024 23.845 24.12 24.109 24.099 24.085 24.103 24.084 23.893 23.658 23.913 23.89 23.75 23.8 24.087 24.069 24.224 24.293 24.333 24.39 24.329 25.032 24.612 23.827 24.735 24.839 24.562 23.649 24.053 23.921 24.735 24.078 23.695 24.08 24.935 24.404 24.299
32.627 32.69 32.729 32.828 32.802 32.781 32.714 32.678 32.598 32.546 32.502 32.461 32.387 32.39 32.341 32.257 32.259 32.212 32.191 32.156 32.116 32.085 31.985 31.958 31.899 31.876 31.861 31.007 29.765 27.372 24.399 24.318 24.114 24.178 24.206 24.216 23.99 24.137 24.109 24.11 24.074 24.147 24.077 23.881 24.039 24.128 24.345 24.18 23.772 23.91 23.977 23.914 23.806 23.766 24.211 24.124 23.729 23.919 24.085 24.447 25.183 24.747 24.198 24.336 24.343 24.809 24.358 23.936 24.164 23.952 23.579 24.637
32.529 32.561 32.621 32.644 32.625 32.73 32.74 32.773 32.766 32.667 32.686 32.636 32.6 32.52 32.485 32.426 32.436 32.384 32.36 32.293 32.273 32.202 32.166 32.126 32.126 32.059 31.97 31.968 31.925 31.835 31.821 30.955 29.907 25.675 25.533 23.699 24.246 24.158 24.15 24.126 24.133 24.107 24.114 24.456 25.543 24.63 24.09 23.812 24.266 24.097 24.421 24.35 24.058 24.299 24.857 24.709 24.406 24.022 24.093 24.173 24.08 23.999 23.935 23.847 23.82 24.531 24.59 24.736 24.45 23.676 24.294 24.551
32.364 32.407 32.416 32.456 32.542 32.606 32.587 32.694 32.679 32.782 32.773 32.837 32.729 32.725 32.689 32.606 32.591 32.524 32.45 32.437 32.425 32.418 32.345 32.338 32.249 32.199 32.116 32.094 32.067 32.012 31.948 31.942 31.91 31.835 31.819 31.053 30.391 29.31 28.047 24.258 24.145 24.114 24.173 24.437 24.956 24.366 25.357 24.045 24.135 24.04 24.435 24.499 24.163 24.062 24.533 24.688 24.098 24.029 24.08 24.103 24.066 24.028 23.71 23.677 23.686 24.874 25.028 25.07 24.096 23.91 23.64 24.052
32.259 32.252 32.329 32.343 32.348 32.455 32.532 32.518 32.531 32.597 32.618 32.693 32.747 32.786 32.745 32.785 32.771 32.685 32.645 32.61 32.558 32.537 32.5 32.49 32.442 32.375 32.315 32.297 32.238 32.166 32.15 32.129 32.079 32.015 31.989 31.922 31.862 31.846 31.778 29.695 26.551 27.516 24.499 24.643 24.969 24.013 25.008 24.789 25.077 24.221 24.013 24.027 23.811 24.291 24.492 24.324 23.887 24.069 24.1 24.054 24.078 24.054 23.755 23.699 23.776 24.1 24.721 24.243 24.156 24.628 24.73 24.261
32.107 32.112 32.185 32.197 32.285 32.292 32.364 32.381 32.465 32.446 32.521 32.517 32.583 32.568 32.648 32.703 32.722 32.794 32.84 32.737 32.712 32.685 32.652 32.626 32.567 32.535 32.483 32.429 32.356 32.271 32.311 32.247 32.199 32.14 32.114 32.069 32.042 31.957 31.934 31.881 30.442 29.563 31.769 29.92 25.978 28.496 24.352 24.45 25.252 25.264 24.096 23.91 24.314 24.557 24.702 24.728 24.097 24.196 24.112 24.097 24.1 24.053 23.961 24.419 24.127 24.641 24.704 23.933 24.437 24.615 24.107 24.102
31.915 32.021 32.063 32.107 32.077 32.103 32.179 32.205 32.301 32.319 32.371 32.378 32.402 32.471 32.512 32.571 32.619 32.623 32.651 32.66 32.765 32.779 32.817 32.727 32.684 32.661 32.629 32.575 32.497 32.471 32.426 32.402 32.322 32.316 32.239 32.195 32.157 32.118 32.119 32.026 32.02 31.968 31.955 31.908 31.874 31.815 31.207 30.246 26.888 24.755 24.219 24.199 25.064 24.652 23.896 24.166 24.063 24.11 24.084 24.093 24.146 23.836 23.87 23.776 24.022 24.117 24.356 23.871 24.278 25.135 24.098 24.886
31.643 31.857 31.925 31.948 31.959 32.029 32.062 32.077 32.085 32.175 32.198 32.272 32.29 32.304 32.38 32.433 32.441 32.492 32.544 32.538 32.584 32.635 32.657 32.743 32.78 32.725 32.744 32.739 32.679 32.656 32.547 32.496 32.443 32.426 32.393 32.367 32.317 32.305 32.203 32.193 32.143 32.107 32.085 32.058 32.011 31.971 31.957 31.907 31.859 31.815 31.019 26.751 23.953 25.06 23.789 23.873 24.124 24.14 24.111 24.148 24.125 24.011 24.402 23.998 24.084 24.016 23.908 23.743 23.983 23.85 24.009 24.072
26.391 26.102 31.494 31.607 31.819 31.882 31.942 31.964 31.994 32.018 32.048 32.085 32.12 32.183 32.225 32.293 32.247 32.377 32.344 32.446 32.388 32.496 32.524 32.561 32.588 32.659 32.689 32.676 32.742 32.752 32.767 32.635 32.636 32.559 32.521 32.515 32.475 32.399 32.423 32.385 32.3 32.258 32.234 32.184 32.14 32.095 32.114 32.036 32.013 31.993 31.956 31.921 31.846 31.801 29.636 26.623 25.672 24.563 24.14 24.135 24.138 23.916 24.548 23.956 23.926 23.941 23.896 24.302 25.293 24.21 24.125 24.105
23.733 24.078 24.084 25.193 27.61 30.177 31.647 31.676 31.708 31.904 31.977 31.935 32.012 32.019 32.061 32.109 32.177 32.205 32.234 32.304 32.349 32.332 32.332 32.446 32.468 32.443 32.505 32.62 32.596 32.668 32.649 32.665 32.728 32.691 32.666 32.635 32.616 32.589 32.557 32.518 32.453 32.434 32.366 32.362 32.252 32.231 32.209 32.191 32.181 32.117 32.081 31.992 31.968 31.923 31.929 31.86 31.829 31.746 29.683 27.06 26.973 24.046 24.782 24.204 24.094 23.77 24.762 24.972 24.822 23.834 24.112 24.108
23.918 24.045 24.063 23.969 24.148 23.799 24.091 25.731 25.7 31.493 31.456 31.612 31.878 31.917 32.006 32.006 32.007 32.045 32.118 32.136 32.183 32.211 32.219 32.259 32.28 32.35 32.36 32.417 32.45 32.477 32.49 32.567 32.518 32.585 32.576 32.654 32.672 32.708 32.686 32.629 32.201 31.072 32.55 32.486 32.421 32.426 32.397 32.331 32.305 32.284 32.191 32.17 32.116 32.093 32.037 32.055 31.98 31.946 31.919 31.853 31.84 29.985 30.049 26.272 24.739 23.914 24.846 25.548 24.806 24.025 24.135 24.123
23.554 23.637 23.731 23.805 23.773 23.775 24.206 24.244 24.244 24.268 24.234 25.194 26.59 30.784 31.583 31.842 31.864 31.951 31.953 31.992 32.055 32.063 32.092 32.132 32.182 32.141 32.27 32.268 32.356 32.38 32.348 32.401 32.369 32.43 32.475 32.531 32.541 32.614 32.625 32.728 31.809 32.738 32.682 32.633 32.623 32.547 32.528 32.487 32.44 32.425 32.389 32.312 32.298 32.216 32.223 32.138 32.094 32.085 32.004 32.046 31.978 31.925 31.872 31.822 31.789 29.788 27.678 27.605 24.536 24.144 24.169 24.13
23.524 23.483 23.764 23.7 23.538 23.869 24.218 24.208 24.196 24.235 24.236 24.033 23.853 23.708 25.329 27.537 26.532 31.565 31.662 31.788 31.853 31.922 31.96 31.991 32.034 32.025 32.151 32.151 32.181 32.245 32.223 32.247 32.236 32.241 32.29 32.369 32.405 32.471 32.48 32.543 32.651 32.626 32.653 32.7 32.681 32.705 32.668 32.625 32.599 32.516 32.535 32.481 32.439 32.395 32.404 32.323 32.275 32.192 32.148 32.129 32.084 32.07 31.995 32.014 31.943 31.973 31.906 31.844 31.742 30.858 27.337 27.966
24.167 25.089 24.014 23.841 23.718 23.944 24.181 24.182 24.193 24.189 24.174 24.032 23.964 25.662 27.003 25.055 24.217 24.005 24.304 25.905 30.668 31.613 31.59 31.85 31.884 31.959 31.992 32.051 32.044 32.073 32.096 32.123 32.107 32.128 32.176 32.243 32.26 32.296 32.348 32.37 32.436 32.428 32.56 32.512 32.592 32.602 32.699 32.697 32.751 32.688 32.716 32.616 32.628 32.568 32.533 32.455 32.407 32.311 32.294 32.254 32.227 32.212 32.119 32.13 32.104 32.077 32.018 32.003 31.972 31.876 31.873 31.807
24.789 25.157 24.494 24.173 24.158 24.167 24.185 24.173 24.181 24.164 23.674 23.612 23.736 23.78 25.172 23.909 24.162 24.14 24.26 24.234 24.247 24.238 25.559 28.561 30.31 31.622 31.856 31.913 31.939 31.935 31.949 31.95 32.002 32.056 32.075 32.1 32.104 32.167 32.189 32.246 32.257 32.352 32.368 32.336 32.434 32.532 32.579 32.565 32.631 32.661 32.711 32.734 32.739 32.751 32.665 32.61 32.571 32.514 32.422 32.383 32.396 32.322 32.309 32.241 32.221 32.225 32.176 32.127 32.085 32.058 31.991 31.926
24.113 24.58 24.922 24.616 24.325 24.233 24.158 24.209 24.21 24.147 23.568 23.325 23.358 23.602 23.542 23.677 23.707 24.206 24.229 24.204 24.234 24.214 24.244 24.253 24.299 23.599 26.027 26.567 31.494 31.784 31.789 31.82 31.837 31.874 31.937 32 31.961 32.032 32.068 32.13 32.122 32.152 32.208 32.256 32.315 32.343 32.409 32.433 32.481 32.509 32.557 32.541 32.598 32.633 32.746 32.751 32.73 32.69 32.623 32.546 32.545 32.528 32.467 32.438 32.395 32.362 32.288 32.291 32.247 32.191 32.084 32.078
