dsm/se3336_DSM_2M.asc
ncols 500
nrows 500
xllcorner    433000
yllcorner    436000
cellsize     2
NODATA_value -9999
[rows 128 to 159 of 500, columns 0 to 70 of 500]
100.357 108.474 109.663 110.277 107.861 104.251 100.321 98.397 97.979 97.996 98.004 97.967 101.523 105.133 105.698 105.053 105.73 105.554 105.243 99.439 98.009 97.984 97.969 97.87 97.808 97.8 97.746 97.669 97.588 97.503 98.205 98.122 97.116 97.047 96.892 96.802 99.544 101.428 97.271 96.268 96.312 96.809 99.635 101.746 102.159 101.35 96.508 96.311 100.095 97.142 95.867 95.863 95.836 95.772 96.65 96.57 95.824 96.262 95.962 96.106 96.002 95.715 99.644 100.003 100.006 99.947 96.579 96.162 95.61 95.418 95.48
103.231 103.928 106.319 105.427 100.064 98.525 97.981 98.026 98.022 98.03 98.079 98.043 102.614 105.176 105.894 105.473 105.055 105.4 104.791 102.35 98.726 97.959 97.949 97.947 97.914 98.444 98.036 97.697 97.613 97.509 97.41 97.249 97.115 97.009 99.287 101.158 98.982 99.608 97.288 96.318 96.33 96.349 99.216 101.736 102.072 101.222 96.317 96.206 97.067 96.956 95.866 95.782 95.75 95.723 95.858 95.705 96.005 96.211 95.834 95.938 95.671 96.022 100.431 101.317 101.385 101.404 101.449 101.103 95.926 95.436 95.4
101.61 101.198 103.2 101.469 100.975 98.119 98.005 98.057 98.86 98.865 99.213 98.323 98.13 103.626 105.636 105.995 105.276 105.877 103.389 101.802 98.116 97.991 97.997 97.961 97.981 101.056 101.047 97.747 97.635 97.516 97.399 97.317 97.17 97.157 101.933 101.615 99.358 97.691 98.155 96.413 96.329 96.239 98.815 101.814 102.071 101.067 96.296 96.186 96.19 96.143 95.797 95.702 95.736 95.669 95.579 95.623 98.549 99.33 96.521 96.108 95.677 97.031 101.197 101.486 101.441 101.378 101.379 101.286 96.007 95.358 95.051
101.183 102.01 103.21 104.171 103.634 101.796 98.777 99.639 99.324 98.969 98.985 101.825 103.408 104.809 105.011 105.756 106.014 106.314 106.728 102.332 100.963 98.063 98.01 98.015 101.404 103.885 102.933 97.762 97.617 97.527 97.435 97.377 97.228 99.356 101.817 102.43 101.557 97.48 99.692 96.667 96.307 96.184 98.813 101.875 102.048 101.277 96.845 96.158 96.129 95.937 95.768 95.705 95.633 95.668 95.577 95.589 97.962 100.057 98.625 96.545 96.486 97.279 100.35 100.616 100.585 100.564 100.677 97.97 95.426 95.444 95.231
100.151 99.469 104.477 105.192 105.211 104.748 103.395 98.723 98.561 98.481 99.187 101.522 105.19 106.077 106.054 106.479 106.539 106.976 107.346 107.577 98.851 98.049 98.033 98.076 102.892 103.779 104.029 98.605 97.644 98.037 97.465 97.611 97.25 97.282 98.358 98.251 96.901 97.357 96.59 96.652 96.831 96.346 99.312 101.971 101.99 99.839 96.421 97.258 96.154 95.962 95.684 95.686 95.642 95.576 95.628 95.687 96.92 98.664 96.045 96.649 97.33 98.198 100.034 100.141 99.913 98.503 99.741 99.587 96.317 97.889 97.268
98.563 101.971 104.468 105.477 105.328 105.036 105.532 103.807 101.37 98.292 98.305 99.208 104.442 106.366 106.595 106.883 107.198 107.546 108.467 107.669 101.584 98.03 97.997 97.969 97.919 102.477 100.67 97.693 97.59 97.504 97.426 97.288 100.802 103.489 98.89 96.859 96.616 97.148 98.156 97.692 98.059 97.965 98.621 98.566 98.556 98.498 96.168 96.04 95.979 95.93 95.67 95.634 95.604 95.62 95.67 95.689 98.93 99.594 95.729 95.655 96.016 96.658 101.201 101.507 101.618 101.629 101.341 101.227 95.458 98.454 97.414
98.163 99.375 103.641 105.53 105.418 105.319 105.087 105.173 104.532 98.26 98.743 98.492 99.701 106.775 107.217 107.585 107.697 107.876 107.505 107.095 106.816 102.295 102.948 102.083 98.041 97.86 97.725 97.664 97.612 97.516 97.416 97.731 102.746 100.176 97.471 96.76 96.618 96.927 96.62 96.549 96.691 98.022 98.493 98.46 98.428 98.461 98.435 96.017 95.96 95.893 95.742 95.575 95.571 95.588 95.68 95.652 97.23 97.731 95.755 95.652 95.588 97.322 100.872 101.316 101.223 101.143 101.405 101.247 95.608 95.405 98.649
98.813 98.483 103.456 105.071 104.669 105.691 105.3 105.296 104.639 99.398 98.151 98.131 99.659 105.776 107.696 107.798 107.735 107.376 107.016 106.629 106.237 105.476 105.733 104.806 100.93 98.274 97.752 97.625 97.607 98.471 98.201 97.618 97.32 96.962 96.887 96.766 96.605 96.506 96.417 96.333 96.369 98.131 101.361 101.365 101.326 101.355 101.244 96.224 95.927 95.884 95.693 95.603 95.521 97.749 99.472 98.12 97.253 97.816 97.415 97.213 96.207 97.025 99.261 98.238 97.113 98.855 100.565 100.455 102.253 96.473 95.062
98.866 98.131 98.398 104.099 104.151 104.787 105.082 105.051 104.332 100.518 98.111 98.13 98.239 102.526 107.743 107.431 107.2 106.794 107.313 105.996 105.515 105.179 105.514 104.616 98.526 97.718 97.657 97.675 98.453 99.813 100.316 97.683 97.325 97.642 96.927 96.755 96.953 96.723 96.471 96.376 96.148 98.745 101.94 101.953 102.079 102.092 101.967 96.131 96.101 99.109 96.041 95.547 95.481 98.219 100.376 99.387 98.883 100.754 99.451 96.168 97.064 97.578 99.236 96.459 95.435 96.343 96.971 98.151 98.477 94.88 94.656
98.148 97.956 98.075 102.195 103.416 104.694 105.397 105.159 104.467 100.612 98.09 98.1 98.086 98.997 106.081 107.014 106.484 106.152 105.772 101.65 99.881 103.431 104.129 104.211 98.413 98.737 98.007 97.878 99.206 99.4 98.779 99.993 97.231 97.92 97.073 98.19 101.262 98.171 98.279 98.123 97.588 99.465 101.368 101.341 101.344 101.525 101.423 96.279 96.709 100.275 96.927 95.565 95.468 95.368 96.068 95.395 99.893 102.556 99.643 95.377 95.518 95.736 95.711 95.1 94.994 94.869 97.425 94.763 94.682 94.651 94.49
97.382 97.783 97.958 99.097 102.859 103.579 105.359 105.053 104.454 104.165 99.086 98.133 98.057 98.022 97.98 104.729 105.988 105.494 104.14 104.727 102.525 99.053 99.908 100.684 98.359 99.026 98.918 98.499 101.407 106.947 107.126 100.678 97.576 97.997 100.383 97.118 97.074 98.756 99.323 97.291 96.719 98.208 99.122 99.085 99.054 99.081 98.268 96.998 96.693 95.819 95.758 95.615 95.487 95.423 95.322 95.226 96.494 97.02 96.452 95 94.974 94.948 94.915 94.834 94.783 94.708 94.643 94.597 94.634 94.588 94.499
98.359 97.756 100.332 102.014 104.181 105.785 105.546 105.971 108.094 106.124 104.725 102.661 98.039 97.947 97.877 99.278 100.114 98.765 99.435 99.737 102.439 101.923 102.047 102.534 102.199 100.634 102.888 107.601 109.493 110.134 109.216 99.903 97.52 98.237 97.03 97.036 98.745 99.187 97.078 96.201 97.168 100.163 101.292 101.273 101.257 101.24 100.086 96.01 95.968 95.923 95.874 95.719 95.541 95.433 95.298 95.245 95.151 95.199 95.041 95.018 94.97 94.953 94.861 94.819 94.786 94.68 94.703 94.66 94.631 94.589 94.644
99.765 97.486 101.009 103.113 105.205 107.288 109.581 110.301 109.895 108.549 106.837 102.425 97.914 97.88 97.835 97.959 97.938 105.738 98.151 99.226 100.738 102.078 99.946 103.891 103.189 98.518 103.076 108.866 109.525 109.769 109.525 108.45 106.217 98.514 97.058 97.011 99.734 99.202 98.17 96.531 97.137 101.423 101.826 101.897 101.981 101.983 98.023 97.322 98.443 95.892 95.744 95.691 95.62 95.486 95.413 95.287 95.176 95.234 95.159 95.112 95.08 95.032 94.931 94.876 94.803 94.824 94.802 94.74 94.814 98.434 96.4
98.529 97.713 97.771 103.838 104.804 107.828 110.512 111.422 111.52 111.593 110.37 105.559 100.119 105.711 99.43 97.998 106.055 108.431 106.554 101.547 98.98 97.967 99.57 99.412 98.603 97.332 98.58 108.418 108.886 109.248 109.593 108.489 101.893 97.064 97.028 97.014 100.375 99.705 99.179 97.811 97.545 100.283 101.351 101.391 101.433 101.445 97.57 95.875 95.781 95.781 95.753 95.642 95.55 95.498 95.545 96.144 95.306 95.273 95.276 95.22 95.191 95.141 94.981 94.938 94.995 97.916 97.37 94.842 99.074 101.996 102.289
97.502 97.566 97.379 101.851 104.164 106.136 109.883 111.502 111.737 111.377 110.536 102.123 109.346 111.815 109.541 106.64 102.816 108.934 107.907 106.635 97.836 100.449 100.773 100.902 99.741 97.148 97.169 99.549 106.838 108.995 109.186 100.479 97.042 97.135 97.068 98.345 98.579 99.299 97.406 96.292 97.414 100.529 99.423 99.77 100.282 99.414 96.181 95.766 95.752 95.749 95.677 95.668 95.612 95.51 95.496 96.574 96.073 95.699 95.556 95.302 95.314 95.247 95.104 95.037 96.044 98.21 96.623 94.945 99.032 100.913 102.529
97.496 98.392 97.739 97.368 101.848 105.443 108.309 110.792 111.307 110.792 110.536 108.929 113.229 114.185 113.822 111.565 106.33 102.017 98.826 98.707 101.387 102.623 101.756 100.711 99.958 98.082 97.338 97.644 97.691 100.107 97.091 97.083 97.824 99.505 98.788 99.574 99.242 98.849 96.677 96.019 100.569 101.306 101.367 101.31 101.316 101.311 96.856 95.85 95.798 95.658 95.61 97.649 97.113 95.487 95.428 95.388 96.229 96.476 95.273 95.263 95.99 95.169 95.079 94.973 95.648 94.857 95.02 94.757 97.789 97.901 101.105
97.74 98.164 97.545 97.263 97.275 98.476 105.2 109.678 110.223 110.753 107.888 110.568 113.08 114.171 114.137 111.633 107.786 98.042 98.62 100.707 102.2 103.221 102.508 101.377 100.096 97.813 97.172 97.134 97.192 97.135 98.218 98.373 98.798 101.988 100.168 98.253 99.638 101.083 96.478 96.001 100.755 101.732 101.713 101.881 101.952 101.784 96.054 96.59 95.671 95.616 96.317 98.053 97.477 98.664 99.807 99.561 96.584 96.203 95.142 95.132 95.151 95.096 95.017 94.956 95.028 94.757 94.848 94.765 98.931 100.358 99.759
98.614 97.807 97.282 97.23 97.261 100.827 105.305 107.776 108.456 109.615 106.417 109.351 111.284 112.954 112.43 111.675 98.743 97.381 102.565 101.325 101.761 102.974 103.308 102.338 101.104 99.314 98.89 97.145 97.24 99.243 99.26 98.168 97.314 98.969 97.428 96.852 101.86 102.774 98.039 95.991 99.445 101.072 101.1 100.98 101.164 101.194 95.833 95.558 95.58 97.063 97.245 96.634 96.398 99.662 101.256 101.027 98.64 98.584 98.822 98.835 99.519 99.509 99.559 97.978 99.413 100.555 100.136 96.514 99.192 100.173 99.526
97.309 97.99 97.241 97.244 97.233 97.218 103.238 104.581 105.961 105.803 106.497 106.445 107.485 110.907 110.484 107.9 98.284 97.125 97.244 97.895 100.749 103.584 103.493 103.209 102.052 101.023 100.599 97.921 99.219 99.268 99.088 98.969 97.025 96.785 96.851 97.903 102.856 102.978 100.448 96.082 95.795 97.137 97.148 95.735 95.813 97.568 96.732 96.969 97.443 98.192 97.94 98.676 97.96 100.186 101.418 101.181 98.731 100.483 100.934 100.859 100.882 100.917 100.913 98.473 99.925 100.749 100.103 97.889 99.699 100.328 99.632
97.188 97.186 97.175 97.185 97.185 97.15 97.057 100.448 103.419 100.008 105.494 106.457 104.909 104.311 106.999 102.218 97.344 97.168 97.214 97.396 99.408 101.168 102.425 103.35 102.93 101.723 98.597 97.373 98.589 99.054 98.938 97.331 96.772 96.793 97.322 98.173 100.397 102.232 97.344 99.418 96.225 96.075 96.139 95.979 95.927 98.121 98.322 101.379 101.086 101.141 101.133 101.209 99.366 98.509 101.418 101.065 98.709 100.301 100.664 100.638 100.774 100.829 100.769 98.419 99.326 100.51 99.914 97.781 99.278 100.198 99.529
97.157 97.141 97.164 97.167 97.169 97.135 97.02 97.759 104.131 105.352 102.481 106.494 104.377 101.65 99.49 96.938 97.208 98.283 98.57 97.43 97.164 100.292 101.484 102.834 101.957 98.373 97.054 96.837 96.825 98.694 97.006 96.792 96.861 96.881 97.034 98.311 97.567 97.282 98.844 100.927 100.401 96.159 96.042 95.969 95.832 97.523 98.182 101.335 101.607 101.59 101.607 101.596 101.378 100.431 101.37 101.212 99.991 98.169 98.285 98.555 98.738 99.967 99.955 98.737 99.943 100.743 100.078 97.846 99.66 100.357 99.679
97.128 97.116 97.118 97.149 97.083 97.098 96.995 96.945 100.009 103.989 101.454 104.194 104.22 102.311 100.649 97.441 98.673 99.274 97.165 97.157 97.1 99.256 100.634 99.237 97.032 96.871 96.752 99.366 100.235 97.717 96.768 96.846 101.824 102.578 99.9 96.788 96.733 96.712 97.759 99.911 98.244 96.548 95.991 95.937 95.78 97.999 98.96 100.618 100.683 100.633 100.652 100.679 98.727 100.052 101.374 101.007 98.99 97.717 95.15 97.417 97.79 97.594 97.461 96.198 100.03 100.65 99.864 98.185 99.26 100.23 99.518
97.201 97.068 97.037 97.033 97.031 97.021 97.057 96.924 96.921 100.581 99.429 98.804 99.66 98.164 97.07 98.677 97.812 97.111 97.119 97.146 97.074 97.091 97.608 96.99 96.763 100.214 101.852 101.257 100.436 99.489 96.851 97.703 102.036 102.623 101.6 97.092 96.677 96.595 97.126 98.795 97.08 96.356 95.956 95.839 95.769 96.314 98.27 95.48 95.489 95.478 95.459 95.489 97.281 97.949 95.67 97.185 97.923 97.228 95.507 95.36 95.582 95.125 95.086 94.781 99.516 100.595 100.017 97.473 95.318 94.953 94.502
97.303 97.212 97.157 97.121 96.921 96.917 96.962 96.917 96.874 96.861 96.797 96.844 96.808 96.766 97.205 98.346 97.484 97.108 98.278 97.164 97.016 96.967 96.827 98.251 99.845 102.289 102.822 101.883 100.439 98.09 98.541 97.694 97.32 97.034 97.238 96.677 96.997 96.618 97.02 96.706 96.276 96.659 97.399 95.839 95.714 96.121 98.795 95.508 95.52 95.496 95.488 95.454 96.063 95.963 95.24 95.264 95.975 97.201 95.568 94.821 94.753 94.723 94.721 94.688 96.723 97.106 95.304 95.967 94.966 94.286 94.264
99.046 98.645 98.497 97.218 97.173 97.077 96.896 96.883 96.904 96.857 96.819 96.808 96.754 96.708 96.821 96.824 96.814 96.876 99.414 97.502 96.806 96.709 96.709 98.064 100.653 101.982 102.878 102.851 101.511 100.267 99.215 99.085 96.945 97.632 98.252 98.897 98.319 96.88 96.702 96.288 96.248 96.114 96.761 95.925 95.666 96.383 98.13 95.428 95.547 95.447 95.572 95.558 96.067 97.105 95.136 95.087 95.003 96.855 96.744 96.597 96.624 95.143 94.599 94.566 94.995 94.444 94.463 96.192 95.09 94.429 94.152
97.219 97.744 97.873 99.035 98.691 97.335 97.037 96.917 96.878 96.789 96.808 96.769 96.7 96.763 96.678 96.662 96.63 96.627 96.614 96.677 96.669 96.746 96.817 96.881 99.426 101.586 102.354 103.02 102.382 100.703 99.897 100.248 96.866 98.734 98.875 98.654 98.218 96.91 96.29 96.226 96.218 96.128 96.103 96.739 95.909 98.127 98.603 95.415 95.655 95.443 95.556 95.429 95.959 97.564 96.242 95.201 95.862 96.764 96.388 95.159 96.743 95.177 94.453 94.749 94.799 94.401 94.354 96.37 97.61 105.229 96.068
97.222 97.229 97.213 97.258 97.251 97.073 97.288 97.178 96.999 96.969 96.92 96.868 96.724 96.723 96.641 96.652 96.628 96.584 96.564 96.592 96.79 96.831 96.822 96.782 96.859 99.73 102.505 102.463 103.013 101.721 100.736 100.065 97.508 98.473 98.625 98.379 98.226 96.504 96.2 96.184 96.56 97.502 96.521 96.296 97.062 98.88 98.684 95.874 95.223 95.107 95.069 94.96 97.236 97.416 96.189 95.963 94.963 94.226 94.209 94.211 96.128 96.827 94.351 94.352 96.402 96.277 94.454 95.737 103.195 106.837 107.038
97.258 98.231 97.642 97.066 96.896 97.133 97.025 96.967 97.487 98.323 97.201 96.882 96.811 96.811 96.794 96.606 96.583 96.56 96.528 96.574 96.641 96.916 96.762 96.77 96.848 98.252 100.245 102.106 102.851 102.61 100.89 97.081 96.735 96.501 97.97 97.221 96.213 96.165 96.173 96.368 97.578 97.153 95.967 95.914 96.137 98.942 101.27 98.233 95.712 95.083 95.006 94.876 95.344 98.262 96.465 96.455 96.062 94.183 94.205 94.17 95.585 96.777 94.276 94.376 97.444 97.016 98.407 99.112 102.372 104.002 105.758
98.453 99.464 99.323 99.756 99.91 99.242 98.978 97.52 96.999 97.01 96.96 98.137 98.182 97.277 96.716 96.688 96.575 96.534 96.5 96.473 96.523 96.694 96.99 97.106 97.048 96.939 99.056 100.69 101.365 98.666 96.624 96.287 96.383 99.247 96.499 96.298 96.234 96.261 96.226 96.308 96.101 96.132 95.958 95.909 95.82 98.802 100.55 98.895 95.622 95.062 94.982 94.811 94.65 98.167 96.477 96.463 96.044 94.169 94.119 94.177 94.209 96.767 95.672 96.37 97.866 97.622 95.893 98.074 95.367 96.255 96.562
99.089 97.565 97.07 100.052 101.367 100.298 99.731 99.679 98.922 97.496 97.002 96.991 96.945 96.764 96.733 96.68 96.6 96.55 96.485 96.458 96.372 96.492 97.254 96.97 96.533 96.664 96.76 98.116 97.069 96.677 96.282 96.403 99.855 100.135 98.663 98.627 96.312 96.432 96.202 96.15 95.978 95.974 95.884 95.856 95.808 96.519 98.374 97.547 95.201 95.087 94.988 94.791 94.636 98.178 96.918 96.472 96.464 95.103 94.895 94.139 94.157 96.268 95.35 94.297 95.219 94.52 93.914 93.83 93.807 94.307 93.88
96.969 96.812 96.77 98.856 100.64 101.084 99.786 99.825 100.407 100.568 98.066 96.852 96.971 96.95 97.405 96.562 96.691 96.616 96.465 96.42 96.347 96.367 96.496 96.726 96.49 96.937 97.709 96.638 96.366 97.231 101.365 102.321 101.32 99.356 98.761 98.673 97.081 96.155 96.078 96.434 95.973 95.91 95.924 96.012 95.807 95.875 97.112 96.903 95.591 95.089 94.969 94.855 94.734 97.897 96.841 96.458 96.459 94.512 94.488 94.14 94.068 94.074 94.042 94.728 94.486 94.03 93.847 93.834 94.316 95.075 94.6
97.229 96.806 96.802 96.82 99.378 101.103 100.363 100.702 101.254 100.681 97.788 97.413 97.373 97.1 96.499 96.558 96.922 96.652 96.522 96.36 96.322 96.291 96.366 96.634 96.437 96.63 96.886 96.414 97.977 100.256 101.491 102.487 102.146 100.487 99.186 98.506 97.373 96.162 96.194 96.23 97.695 96.206 96.018 95.801 95.661 95.42 95.634 96.844 97.007 95.363 94.942 94.79 94.636 97.156 97.16 96.452 96.478 94.89 94.104 94.111 94.029 94.003 94.003 94.004 94.01 94.008 93.953 93.825 93.788 93.708 93.653
