dsm/se3334_DSM_2M.asc
ncols 500
nrows 500
xllcorner    433000
yllcorner    434000
cellsize     2
NODATA_value -9999
[rows 96 to 127 of 500, columns 360 to 431 of 500]
46.316 46.281 45.304 45.075 44.774 50.419 53.413 56.693 56.69 54.158 44.327 44.178 44.124 44.079 44.236 44.277 44.348 44.426 44.506 44.516 44.574 44.653 44.548 44.294 44.219 44.471 44.583 44.608 44.563 44.538 44.518 44.494 46.42 48.29 50.107 53.134 56.785 54.593 55.217 45.165 44.11 44.268 44.436 47.892 47.052 44.562 44.469 44.46 44.544 44.489 44.292 44.101 43.997 43.991 44.235 44.163 44.083 43.821 49.859 46.442 55.471 54.067 50.98 57.884 55.554 56.5 58.127 48.916 42.079 43.411 46.694 45.254
45.824 45.742 46.082 45.221 45.109 54.62 57.178 57.91 57.175 54.973 44.471 44.164 44.161 44.052 44.235 44.243 44.329 44.352 44.484 44.464 44.564 44.617 44.472 44.33 44.102 44.411 44.547 44.551 44.553 44.523 44.569 44.499 44.462 44.468 47.769 51.428 53.777 52.645 45.848 44.096 44.075 44.364 48.753 48.493 46.648 44.427 44.85 44.424 44.265 44.294 44.297 44.187 44.044 43.977 43.932 44.341 44.211 44.435 45.595 53.131 45.281 46.636 50.906 49.519 52.745 54.46 52.498 44.908 44.07 45.57 42.907 47.959
46.098 45.917 46.992 46.223 45.173 55.144 57.898 57.748 57.535 49.991 45.141 44.187 44.165 44.075 44.201 44.209 46.042 47.683 45.35 44.422 44.554 44.601 44.481 44.269 44.195 44.434 44.515 44.553 44.487 46.183 47.952 47.507 44.705 44.762 50.24 52.414 52.289 51.894 49.636 44.269 43.997 45.442 50.316 50.615 48.545 44.847 44.078 44.48 44.161 44.175 44.184 44.181 44.168 44.063 43.989 43.942 44.042 44.149 43.46 43.358 46.848 53.445 53.001 53.072 46.915 48.161 46.208 41.78 42.59 43.212 46.03 46.461
47.677 46.504 45.887 45.917 45.162 51.6 55.561 55.43 56.146 46.872 44.172 44.133 44.135 44.047 44.13 44.183 47.858 50.963 50.598 45.616 44.536 44.571 44.471 44.324 44.101 44.417 44.515 44.529 44.572 52.242 53.696 54.101 53.497 50.748 52.609 53.622 53.786 53.377 51.748 47.04 44.002 43.934 45.01 48.388 46.19 45.382 44.219 44.415 43.938 44.278 44.141 44.112 44.113 44.153 44.066 44.025 43.973 44.166 44.836 48.298 46.609 53.027 43.248 43.097 42.159 41.902 41.463 41.518 41.917 42.046 42.982 44.273
51.582 46.301 45.889 45.503 45.855 44.628 48.835 53.292 48.22 44.434 44.199 44.142 44.108 44.105 44.037 46.771 50.252 51.326 49.85 46.05 44.483 44.539 44.43 44.216 44.168 44.39 44.472 44.507 44.603 51.851 53.601 54.418 53.128 51.595 52.413 50.693 53.581 53.863 53.405 49.212 44.082 43.997 44.6 45.041 44.587 44.206 44.621 44.078 44.872 44.327 44.623 44.109 44.094 44.133 44.205 44.227 44.113 44.073 46.671 45.33 45.759 45.931 42.949 42.748 42.328 42.167 42.025 41.682 41.435 41.934 43.818 45.859
53.023 48.694 46.163 46.472 45.577 45.487 44.463 44.567 44.224 44.257 44.248 44.158 44.112 44.078 44.034 44.175 48.057 49.18 48.517 47.841 44.438 44.503 44.392 44.203 44.175 44.352 44.453 44.452 44.488 50.106 52.59 52.546 50.73 46.698 53.135 52.307 53.786 53.665 51.582 47.406 44.019 43.979 43.907 43.946 43.919 43.898 43.892 43.861 44.034 44.921 44.345 43.903 44.068 44.133 44.175 44.284 44.219 44.067 46.533 44.74 43.888 43.448 43.306 42.866 42.593 42.446 42.247 42.043 41.193 43.207 42.198 46.454
53.793 52.428 50.121 46.095 45.654 45.511 44.678 44.234 44.262 44.271 44.328 44.195 44.112 44.062 44.036 44.125 44.177 44.238 44.219 45.085 44.398 44.47 44.402 44.13 44.124 44.384 44.395 44.477 44.486 44.465 45.843 47.172 44.575 46.727 51.499 52.966 51.889 52.459 47.483 45.46 44.009 43.948 43.953 43.903 43.927 43.883 43.859 43.826 43.785 43.844 43.875 45.36 44.193 44.003 44.074 44.237 44.337 44.273 43.936 43.978 43.956 43.565 43.296 42.949 42.684 42.264 42.106 42.113 42.082 42.752 42.086 41.85
53.609 53.822 51.91 47.791 45.774 45.617 45.433 44.268 44.234 44.273 44.323 44.287 44.091 44.075 43.999 43.985 44.132 44.2 44.228 44.227 44.396 44.423 44.346 44.137 44.114 44.321 44.863 44.823 44.423 44.462 44.475 44.454 44.448 44.458 44.596 48.48 46.361 45.426 44.622 44.057 44.072 44.221 44.885 44.697 44.007 43.92 43.865 43.84 43.829 43.79 43.786 43.807 44.813 44.636 44.043 44.119 44.306 44.343 44.061 43.798 44.009 43.783 43.183 42.843 42.356 42.103 42.057 42.103 42.487 41.541 41.468 41.769
52.776 54.044 53.067 51.757 47.012 45.667 45.545 45.257 44.196 44.278 44.288 44.319 44.108 44.08 44.014 43.99 44.139 44.178 44.196 44.181 44.297 44.371 44.358 44.229 44.019 44.368 45.113 44.492 44.429 44.42 44.382 44.419 44.44 44.382 44.35 44.25 44.115 44.058 44.066 44.153 44.164 44.132 44.141 44.084 44.026 43.973 43.894 43.795 43.819 43.818 43.748 43.749 44.094 44.341 44.045 44.06 44.197 44.272 44.046 43.795 43.931 43.637 43.07 42.724 42.268 42.142 42.028 42.285 42.357 42.124 41.434 43.302
51.766 52.711 53.278 48.974 46.338 45.724 45.077 44.947 44.204 44.27 44.268 44.311 44.156 44.053 44.026 43.938 44.043 44.16 44.175 44.158 44.161 44.325 44.307 44.17 44.096 44.338 44.406 44.4 44.415 44.384 44.367 44.41 44.417 44.403 44.36 44.251 44.118 44.108 44.186 44.243 44.88 44.254 44.214 44.199 44.175 44.07 43.989 43.966 43.9 43.881 43.828 43.723 43.954 44.345 44.292 44.025 44.083 44.166 43.903 44.006 43.953 43.609 42.934 42.739 42.289 42.31 41.984 42.06 41.852 41.55 41.774 42.443
47.171 51.486 48.473 45.897 45.792 46.47 44.85 44.614 45.153 44.252 44.254 44.274 44.245 44.049 44.003 43.982 43.92 44.134 44.176 44.192 44.168 44.254 44.265 44.128 45.442 45.069 44.368 44.37 44.342 44.313 44.369 44.411 44.401 44.389 44.385 44.254 44.19 44.225 44.362 62.365 76.959 51.526 44.266 44.259 44.249 44.179 44.035 44.01 43.976 43.888 43.813 43.756 43.706 45.025 45.359 43.96 44.058 44.103 43.878 43.76 43.612 43.244 42.597 45.756 45.608 52.344 51.214 45.46 41.557 43.377 42.857 42.021
45.836 48.028 46.795 46.377 45.457 45.521 45.199 44.707 44.929 44.18 44.281 44.243 44.263 44.068 44.005 43.987 43.925 44.029 44.26 51.117 52.491 51.849 45.783 44.105 44.129 44.802 44.32 44.309 44.319 44.332 44.356 44.382 44.368 44.381 44.387 44.275 44.238 44.307 62.941 75.841 76.702 76.674 69.519 44.635 44.225 44.224 44.105 44.013 44.01 43.943 43.816 43.783 43.725 43.71 43.834 44.792 44.059 44.102 43.852 43.802 43.495 43.198 49.536 42.409 46.443 51.625 44.283 43.358 41.959 44.142 42.699 42.137
46.391 45.8 47.815 50.825 51.294 50.125 45.19 44.772 44.567 44.175 44.258 44.204 44.238 44.127 44.008 43.978 43.913 43.925 49.391 55.756 57.339 54.678 53.138 45.347 44.282 44.457 44.262 44.275 44.276 44.284 44.332 44.35 44.389 44.38 44.364 44.24 44.908 67.978 75.85 76.419 76.427 76.415 69.872 51.282 44.273 44.277 44.2 44.069 43.97 43.91 43.765 43.761 43.688 43.698 44.164 43.985 43.961 44.048 43.736 43.95 43.481 48.743 56.88 58.082 53.413 53.655 51.186 50.496 43.941 41.977 42.007 41.899
45.341 45.029 50.22 51.78 52.368 50.624 46.216 44.953 44.599 44.712 44.152 44.224 44.207 44.204 43.992 43.947 43.948 44.031 53.143 55.699 56.258 54.873 52.964 48.461 44.081 44.409 44.417 44.2 44.249 44.284 44.304 44.353 44.364 44.325 44.258 44.328 61.105 76.325 76.412 76.876 76.4 76.393 76.42 75.367 48.969 44.286 44.264 44.197 44.096 43.918 43.863 43.785 43.73 43.64 44.682 44.431 43.967 43.998 43.798 44.095 46.254 51.005 56.932 59.08 58.672 54.787 59.91 52.856 43.888 41.891 41.887 41.833
44.97 44.924 48.608 51.451 53.579 52.097 50.095 44.947 44.658 44.47 44.12 44.23 44.214 44.211 44.045 43.99 43.954 44.278 47.455 55.042 55.29 52.46 50.548 44.199 54.932 48.541 44.348 44.197 44.24 44.278 44.32 44.388 44.252 44.244 44.459 56.717 76.964 76.431 76.479 76.549 76.446 76.404 76.449 78.501 72.936 56.876 44.285 44.208 44.137 44.026 43.84 43.741 43.72 43.661 43.76 44.948 44.14 44.016 43.783 43.875 47.498 44.442 53.401 58.644 58.874 59.799 59.524 58.234 45.628 47.398 43.511 41.808
45.275 45.132 47.664 50.922 52.822 52.781 50.793 46.427 44.665 44.553 44.3 44.167 44.152 44.139 44.137 43.937 43.916 43.892 44.12 51.689 52.56 51.313 46.762 54.51 57.167 57.739 44.519 44.459 44.166 44.223 44.481 44.491 44.282 44.523 64.751 76.701 76.432 76.384 76.591 76.462 78.327 78.678 78.168 78.67 77.093 77.614 45.45 44.214 44.126 44.064 43.841 43.744 43.684 43.677 43.694 43.728 43.882 43.996 43.717 43.86 44.447 46.859 51.755 57.46 59.112 59.485 56.426 58.523 57.752 51.348 53.479 43.572
45.832 45.869 45.191 48.631 51.754 51.924 51.343 49.111 44.784 44.937 44.231 44.375 50.233 50.969 49.696 45.494 43.882 43.906 43.829 45.357 45.437 44.489 53.378 55.548 54.545 53.73 60.367 57.618 58.761 44.719 44.937 44.88 44.252 44.579 58.473 65.065 76.231 76.408 76.423 78.899 79.792 79.785 78.762 77.123 76.369 75.948 66.067 48.725 44.102 44.001 43.836 43.784 43.671 43.657 43.683 43.745 43.885 44.015 43.773 44 43.939 49.835 51.141 57.662 58.509 59.67 59.623 59.205 58.452 56.066 50.173 44.992
45.077 44.973 44.906 46.121 50.68 50.09 46.336 46.36 44.778 44.298 48.448 53.155 53.756 55.746 53.445 46.306 43.882 43.889 43.847 43.774 44.188 43.857 47.415 55.899 53.925 51.706 58.066 63.712 60.309 44.283 44.961 45.089 44.373 44.285 44.489 61.086 76.211 76.458 76.414 78.782 79.766 79.791 79.688 78.156 76.423 76.381 76.114 68.348 45.178 43.974 43.822 43.698 43.672 45.375 49.14 45.465 43.924 43.873 43.769 43.937 43.665 44.104 44.894 57.096 58.645 59.136 59.307 55.987 47.976 49.427 47.555 50.416
44.855 45.003 44.858 44.895 47.619 44.84 44.783 44.525 46.824 44.184 46.383 55.292 56.95 57.097 55.474 47.888 43.9 43.899 43.861 45.305 47.284 45.495 43.966 57.119 54.773 53.54 61.763 61.662 57.27 44.2 44.333 44.638 44.658 44.257 44.427 44.543 52.547 74.844 77.745 78.733 79.627 79.82 79.675 76.488 76.406 76.366 76.367 77.071 54.009 43.918 43.876 43.685 43.638 43.72 48.415 47.649 48.272 43.958 43.719 43.979 44.173 43.593 43.08 44.108 52.81 57.188 57.313 53.271 52.033 51.158 54.764 52.721
45.032 48.522 45.602 45.619 44.913 47.903 49.275 49.983 49.435 44.257 44.403 53.503 56.561 56.165 54.27 45.859 43.91 43.851 43.841 46.682 60.819 59.405 59.76 63.227 57.838 52.284 61.817 61.271 47.71 44.224 44.144 44.218 44.242 44.244 44.291 44.293 46.609 56.929 77.748 78.772 77.108 77.282 76.383 76.338 76.434 76.369 76.076 54.34 44.201 43.924 44.161 43.739 43.628 43.808 49.06 49.435 48.435 44.614 43.709 43.686 43.959 43.597 43.503 43.104 52.204 54.254 57.433 56.835 56.688 49.542 48.685 51.084
45.245 48.414 45.384 44.329 44.226 48.375 50.99 51.687 50.092 45.656 44.3 48.417 55.481 54.989 52.906 44.231 44.021 43.823 43.825 44.093 57.832 52.827 60.664 65.312 52.787 58.332 61.652 60.904 57.3 44.354 44.191 44.611 44.319 44.235 44.288 44.3 44.339 44.372 62.807 74.309 76.402 76.388 76.352 76.344 76.353 76.279 52.881 44.317 44.033 43.924 44.37 43.857 43.645 43.728 44.784 46.399 44.762 44.012 43.728 43.615 43.834 43.564 43.23 43.164 44.47 48.42 55.243 54.813 57.522 56.768 45.87 45.893
44.577 44.468 44.716 44.287 44.229 45.092 50.35 52.093 51.341 49.323 44.231 44.004 46.004 45.066 43.94 43.913 43.927 43.781 43.796 51.375 59.989 62.471 64.061 58.695 53.443 54.234 62.688 60.673 57.388 45.962 44.158 44.485 44.418 44.264 44.264 44.305 44.313 44.295 44.438 57.499 74.316 76.369 76.334 76.384 76.563 59.018 44.093 46.074 46.422 44.01 44.121 43.758 43.616 43.696 43.807 44.022 44.3 44.364 44.083 43.653 43.742 43.709 43.411 43.125 47.956 49.448 51.326 55.44 57.386 56.599 52.136 58.069
45.823 44.461 44.402 44.265 44.333 44.42 49.811 51.663 52.106 50.136 45.613 43.966 44.017 44.13 43.885 43.882 43.874 43.821 43.803 43.778 52.885 60.378 62.662 49.655 59.705 56.446 50.505 48.327 48.814 45.998 44.302 44.237 44.69 44.274 44.258 44.277 44.298 44.27 44.281 45.106 69.594 76.412 76.366 76.081 51.223 44.16 44.237 46.986 47.005 44.834 44.267 43.79 43.585 43.704 43.774 43.951 44.297 44.404 44.141 43.698 43.592 43.758 43.544 43.168 43.029 46.74 53.929 53.824 56.132 58.157 58.831 58.904
45.6 44.347 44.332 44.308 44.269 44.6 48.366 50.645 51.218 50.691 48.391 44.457 44.067 43.947 43.886 43.854 43.866 43.796 43.724 43.732 45.673 50.714 60.515 53.842 48.819 48.308 43.879 44.735 47.184 50.473 49.914 44.277 44.255 44.252 44.247 44.267 44.283 44.277 44.305 44.594 46.022 72.684 76.389 45.902 44.207 45.167 46.859 47.06 47.045 44.326 43.83 43.646 43.584 43.712 43.778 43.89 44.314 44.455 44.118 43.712 43.809 43.709 43.59 43.319 43.27 44.232 44.843 48.25 52.351 53.065 58.75 57.9
44.568 44.325 44.248 44.131 44.045 44.079 45.088 49.658 49.537 48.037 44.65 45.109 45.12 44.11 43.987 43.864 43.853 43.808 43.777 43.744 43.751 45.709 46.738 48.06 45.739 43.906 43.958 45.085 46.741 48.885 45.945 44.259 44.259 44.255 44.301 44.287 44.265 44.263 44.224 44.285 44.727 44.521 44.782 44.17 44.58 45.997 46.067 46.299 44.382 43.717 43.693 43.641 43.622 43.72 43.823 43.934 44.366 44.561 44.142 43.769 43.617 43.761 43.567 43.356 43.258 43.051 43.19 51.155 53.091 55.99 53.678 58.065
44.43 44.57 44.223 44.076 44.031 44.047 44.107 45.971 45.818 44.033 44.17 45.049 44.401 44.139 43.886 43.847 44.135 44.774 44.131 43.735 43.746 43.688 43.689 43.817 43.839 43.902 43.999 44.271 45.739 49.883 47.94 44.711 44.24 44.261 44.298 44.754 44.421 44.235 44.301 44.303 44.242 44.391 44.217 44.277 46.002 46.01 44.852 43.774 43.804 43.689 43.632 43.646 43.61 43.736 43.805 44.082 44.312 44.482 44.109 43.802 43.636 44.253 43.713 43.376 43.262 43.157 44.852 52.818 55.75 57.959 56.996 58.898
44.408 44.502 45.106 44.486 44.487 44.169 44.343 45.858 46.161 46.285 46.382 45.045 44.081 44.121 43.92 43.881 44.028 44.62 44.899 43.763 43.684 43.711 43.673 43.619 43.829 43.834 44.105 49.12 52.029 45.259 44.194 44.171 44.202 44.192 44.273 44.631 44.652 44.214 44.561 44.875 44.935 44.894 45.246 46.06 46.046 45.876 44.046 43.73 43.748 43.687 43.627 43.555 43.747 43.737 43.822 44.052 44.149 44.252 44.269 43.895 43.634 43.633 43.653 43.406 43.438 43.303 44.918 49.584 55.003 55.216 56.805 57.974
44.465 44.417 44.287 44.173 44.375 44.308 49.104 48.262 46.401 46.395 45.207 44.09 44.107 43.96 44.013 43.95 43.826 44.772 43.799 43.758 43.624 43.696 43.729 43.626 43.691 43.791 44.111 57.539 55.556 58.202 53.952 50.75 44.323 44.365 44.319 44.342 44.346 44.227 44.221 44.373 44.668 45.117 44.604 45.914 45.924 43.84 43.728 43.72 43.663 43.646 43.599 43.594 43.797 43.901 43.846 43.755 43.832 43.944 44.187 44.056 43.674 43.53 43.75 43.372 43.418 43.172 42.858 44.253 49.806 49.846 54.774 57.376
44.407 44.218 45.52 45.259 44.476 49.218 50.843 50.349 48.78 46.977 44.318 44.041 43.985 43.992 43.963 43.948 43.808 43.771 43.759 43.714 43.6 43.662 43.675 43.664 43.601 46.966 52.165 52.325 58.757 51.48 65.556 51.486 57.054 50.931 46.27 45.007 44.192 44.198 44.189 44.252 44.215 44.082 44.08 44.645 43.825 43.793 43.739 43.727 43.663 43.592 43.559 45.378 48.003 47.619 47.556 43.796 43.676 43.702 43.824 43.989 43.689 43.512 43.743 43.481 43.297 43.207 42.812 44.965 45.673 47.563 56.391 56.041
44.239 44.201 44.122 44.964 47.087 50.538 51.879 51.37 49.91 45.136 44.103 44.063 43.921 43.841 43.858 43.902 43.818 43.7 43.702 43.697 43.631 43.663 43.629 43.669 43.589 47.719 53.111 51.123 46.689 52.542 45.387 55.504 60.943 54.967 47.664 44.128 44.169 44.224 44.158 44.196 44.231 44.146 44.024 43.991 44.163 43.789 43.719 43.629 43.607 43.598 43.506 43.571 47.65 47.665 45.53 44.053 43.663 43.648 43.686 43.739 43.605 43.533 44.281 43.537 43.132 42.935 42.586 42.19 42.086 42.619 47.159 52.021
45.03 44.095 44.064 45.598 49.945 51.94 51.725 50.534 48.457 44.105 44.125 44.022 43.928 43.728 43.747 43.794 43.788 43.719 43.702 43.691 43.628 43.575 43.633 43.653 54.814 52.296 63.067 57.512 51.691 53.823 51.252 50.553 57.312 48.884 45.334 44.127 44.212 44.178 44.156 44.195 44.487 46.846 46.56 44.112 44.27 44.016 43.723 43.653 43.606 43.582 43.478 43.432 44.622 46.377 44.095 44.105 43.702 43.531 43.595 43.642 43.62 43.564 44.5 44.776 43.153 42.763 42.467 42.102 41.985 41.222 40.796 50.05
44.232 44.41 44.177 49.428 50.707 51.764 50.745 48.98 44.092 44.264 44.029 43.985 43.926 43.882 43.828 43.719 43.695 43.686 43.663 43.685 43.56 43.561 43.603 43.597 43.883 58.809 56.815 57.157 49.871 52.379 53.356 52.296 57.509 49.579 44.108 44.157 44.166 44.368 44.184 44.091 46.019 48.116 48.513 45.279 44.019 44.549 44.112 43.632 43.597 43.47 43.489 43.511 43.791 44.319 43.926 44.227 43.745 44.599 43.424 43.409 43.584 43.568 43.864 44.464 43.347 42.746 42.338 41.795 41.371 40.929 41.875 44.919
