dsm/se3335_DSM_2M.asc
ncols 500
nrows 500
xllcorner    433000
yllcorner    435000
cellsize     2
NODATA_value -9999
[rows 448 to 479 of 500, columns 360 to 431 of 500]
44.436 45.403 51.281 50.897 44.547 46.449 47.427 47.427 47.442 47.415 47.312 47.376 47.411 47.374 47.419 47.405 47.445 47.426 47.433 45.067 44.075 44.121 44.641 44.264 44.181 44.307 44.436 45.861 45.419 44.213 44.123 44.173 44.477 44.237 44.284 44.276 44.271 44.281 44.277 44.301 44.316 44.306 44.333 44.324 44.374 44.363 44.344 44.367 44.365 44.337 44.324 44.305 44.335 44.329 44.336 44.337 44.29 44.292 44.253 44.257 44.245 44.215 44.218 44.197 44.184 44.175 44.167 44.197 44.226 44.201 44.173 44.158
44.393 44.501 49.692 46.269 44.07 44.19 47.334 47.053 45.678 45.173 44.098 44.134 46.941 47.395 47.433 47.427 47.412 47.429 47.399 46.735 44.118 44.104 44.347 44.188 44.891 44.527 44.4 44.305 44.194 44.093 44.122 44.147 44.174 44.197 44.179 44.218 44.198 44.224 44.218 44.277 44.25 44.24 44.245 44.248 44.264 44.264 44.314 44.348 44.349 44.345 44.318 44.336 44.315 44.299 44.272 44.284 44.266 44.244 44.237 44.239 44.201 44.209 44.227 44.229 44.186 44.192 44.168 44.166 44.175 44.154 44.157 44.147
44.366 44.321 46.276 44.401 44.111 44.13 44.131 44.121 44.151 44.152 44.14 44.143 44.945 47.391 47.43 47.447 47.436 47.39 47.363 47.334 44.231 44.082 44.058 44.138 44.151 44.067 44.129 44.09 44.113 44.143 44.151 44.171 44.193 44.198 44.2 44.209 44.181 44.182 44.183 44.192 44.172 44.172 44.154 44.204 44.215 44.239 44.287 44.321 44.327 44.322 44.323 44.324 44.307 44.336 44.309 44.266 44.273 44.227 44.207 44.211 44.219 44.232 44.238 44.204 44.184 44.186 44.167 44.186 44.195 44.172 44.112 44.107
44.352 44.269 44.219 44.157 44.128 44.117 44.175 44.376 44.14 44.222 44.144 44.106 44.323 47.384 47.415 47.412 47.46 47.37 47.291 44.993 44.462 44.111 44.108 44.08 44.115 44.128 44.193 46.412 44.644 44.113 44.137 44.18 44.201 44.207 44.141 44.162 44.146 44.123 44.128 44.116 44.156 44.228 44.23 44.291 44.325 44.289 44.283 44.297 44.301 44.304 44.322 44.305 44.311 44.276 44.268 44.27 44.273 44.212 44.179 44.185 44.164 44.193 44.231 44.216 44.169 44.176 44.136 44.149 44.164 44.139 44.123 44.104
44.331 44.302 44.212 44.174 44.144 44.114 44.198 44.176 44.133 44.095 44.078 44.088 44.294 47.15 44.98 45.004 44.383 44.091 44.166 44.154 44.167 44.169 44.16 44.109 44.138 44.118 44.131 46.533 44.874 44.105 44.172 44.199 44.187 44.198 44.14 44.141 44.152 44.156 44.212 44.247 44.28 44.359 44.404 44.434 44.4 44.366 44.306 44.284 44.302 44.311 44.303 44.294 44.307 44.282 44.28 44.248 44.238 44.191 44.187 44.166 44.149 44.145 44.175 44.166 44.144 44.163 44.145 44.173 44.141 44.113 44.093 44.091
44.352 44.287 44.222 44.188 44.169 44.16 44.176 44.166 44.126 44.131 44.104 44.097 44.095 44.072 44.115 44.728 44.41 46.747 47.137 47.128 46.952 44.125 44.092 44.08 44.099 44.124 44.069 45.861 46.419 44.154 44.151 44.131 44.167 44.207 44.296 44.261 44.313 44.291 44.319 44.333 44.33 44.373 44.397 44.393 44.416 44.416 44.335 44.292 44.326 44.312 44.311 44.276 44.298 44.279 44.241 44.221 44.229 44.187 44.174 44.147 44.141 44.114 44.114 44.152 44.107 44.099 44.141 44.138 44.138 44.13 44.06 44.067
44.325 44.319 44.246 44.225 44.212 44.186 44.232 44.187 44.21 44.144 44.115 44.093 44.108 44.153 44.378 44.078 44.137 46.54 46.913 46.74 46.602 44.134 44.106 44.079 44.107 44.146 44.06 44.053 44.109 44.108 44.156 44.215 44.291 44.367 44.39 44.386 44.349 44.348 44.32 44.34 44.357 44.367 44.392 44.43 44.445 44.454 44.374 44.281 44.301 44.318 44.31 44.272 44.29 44.293 44.288 44.218 44.21 44.216 44.169 44.138 44.141 44.09 44.145 44.142 44.086 44.097 44.123 44.12 44.107 44.09 44.077 44.069
44.324 44.281 44.318 44.264 44.251 44.251 44.211 44.204 44.198 44.166 44.139 44.14 44.157 44.101 44.071 44.082 44.102 44.539 44.323 44.122 44.245 44.198 44.148 44.181 44.119 44.051 44.148 44.159 44.218 44.221 44.271 44.319 44.348 44.344 44.385 44.382 44.347 44.315 44.319 44.358 44.379 44.38 44.429 44.399 44.446 44.44 44.336 44.284 44.309 44.342 44.345 44.271 44.285 44.281 44.27 44.23 44.205 44.17 44.163 44.16 44.154 44.127 44.138 44.128 44.088 44.064 44.047 44.072 44.083 44.054 44.045 44.057
44.352 44.327 44.276 44.269 44.278 44.239 44.224 44.178 44.184 44.149 44.127 44.14 44.148 44.117 44.108 44.102 44.168 44.102 44.242 44.144 44.235 44.168 44.224 44.233 44.192 44.139 44.203 44.228 44.246 44.232 44.281 44.313 44.371 44.349 44.346 44.388 44.386 44.37 44.372 44.38 44.409 44.392 44.409 44.406 44.435 44.468 44.341 44.283 44.299 44.328 44.302 44.264 44.266 44.284 44.263 44.248 44.162 44.171 44.164 44.164 44.168 44.143 44.13 44.134 44.11 44.103 44.056 43.995 44.008 44.002 44.024 43.99
44.336 44.334 44.274 44.275 44.272 44.205 44.249 44.21 44.173 44.157 44.139 44.157 44.105 44.135 44.132 44.119 44.117 44.16 44.216 44.256 44.271 44.282 44.325 44.322 44.263 44.262 44.237 44.182 44.224 44.293 44.294 44.325 44.376 44.365 44.436 44.43 44.415 44.422 44.363 44.371 44.429 44.404 44.391 44.422 44.458 44.457 44.391 44.273 44.332 44.321 44.302 44.282 44.275 44.266 44.256 44.25 44.193 44.189 44.153 44.149 44.143 44.136 44.139 44.118 44.107 44.091 44.079 44.045 43.973 43.964 43.96 43.979
44.347 44.289 44.272 44.286 44.284 44.238 44.239 44.197 44.161 44.177 44.175 44.131 44.086 44.135 44.185 44.21 44.258 44.333 44.362 44.349 44.37 44.379 44.379 44.371 44.354 44.296 44.319 44.305 44.305 44.29 44.378 44.394 44.394 44.388 44.476 44.45 44.435 44.445 44.424 44.411 44.385 44.41 44.419 44.43 44.427 44.405 44.412 44.268 44.304 44.307 44.294 44.279 44.243 44.26 44.248 44.242 44.181 44.161 44.159 44.141 44.14 44.128 44.11 44.058 44.075 44.067 44.031 44.028 44.025 43.969 43.934 43.93
44.296 44.306 44.297 44.282 44.257 44.237 44.207 44.237 44.173 44.175 44.16 44.118 44.117 44.171 44.278 44.36 44.392 44.38 44.372 44.378 44.345 44.377 44.394 44.394 44.376 44.362 44.412 44.366 44.332 44.339 44.36 44.368 44.413 44.415 44.481 44.476 44.447 44.459 44.462 44.442 44.411 44.411 44.431 44.418 44.406 44.4 44.386 44.291 44.291 44.291 44.245 44.257 44.262 44.268 44.218 44.225 44.22 44.183 44.164 44.15 44.146 44.118 44.088 44.068 44.08 44.038 44.022 43.966 43.999 43.969 43.96 43.917
44.357 44.344 44.311 44.317 44.232 44.268 44.245 44.202 44.174 44.178 44.154 44.124 44.109 44.215 44.305 44.395 44.432 44.415 44.406 44.393 44.408 44.427 44.441 44.426 44.366 44.418 44.36 44.355 44.34 44.37 44.39 44.397 44.411 44.436 44.45 44.459 44.47 44.459 44.443 44.43 44.401 44.372 44.431 44.426 44.441 44.438 44.401 44.314 44.258 44.281 44.27 44.257 44.268 44.242 44.221 44.195 44.201 44.197 44.165 44.153 44.125 44.096 44.064 44.077 44.052 44.017 43.987 44.001 44.003 43.982 43.981 43.968
44.323 44.361 44.317 44.309 44.275 44.218 44.212 44.214 44.216 44.163 44.129 44.158 44.105 44.08 44.294 44.378 44.393 44.418 44.437 44.434 44.42 44.442 44.49 44.44 44.446 44.419 44.414 44.37 44.389 44.388 44.396 44.435 44.45 44.425 44.421 44.469 44.484 44.471 44.463 44.489 44.399 44.37 44.421 44.467 44.456 44.432 44.429 44.354 44.212 44.249 44.252 44.281 44.261 44.237 44.226 44.218 44.215 44.203 44.126 44.116 44.1 44.099 44.053 44.053 44.036 44 44.008 44.015 43.985 43.982 43.949 43.955
44.371 44.357 44.302 44.307 44.317 44.218 44.227 44.216 44.2 44.189 44.163 44.158 44.157 44.12 44.321 44.395 44.421 44.441 44.479 44.474 44.503 44.445 44.456 44.422 44.435 44.432 44.404 44.407 44.412 44.392 44.388 44.449 44.455 44.425 44.43 44.503 44.522 44.463 44.475 44.492 44.419 44.331 44.385 44.466 44.454 44.423 44.389 44.338 44.257 44.199 44.22 44.217 44.226 44.191 44.216 44.214 44.21 44.174 44.102 44.049 44.067 44.04 44.047 44.066 44.224 44.462 43.998 43.964 43.964 43.953 43.954 43.949
44.36 44.373 44.407 44.431 45.943 44.269 44.22 44.212 44.166 44.166 44.149 44.147 44.181 44.244 44.359 44.415 44.434 44.485 44.486 44.493 44.47 44.42 44.424 44.462 44.461 44.448 44.437 44.431 44.433 44.436 44.412 44.466 44.446 44.478 44.528 44.527 44.573 44.49 44.48 44.483 44.459 44.377 44.386 44.414 44.434 44.407 44.366 44.309 44.246 44.216 44.214 44.24 44.205 44.223 44.234 44.215 44.203 44.153 44.13 44.071 44.092 44.112 46.054 44.695 44.649 44.384 43.966 43.937 43.946 43.942 43.923 44.001
44.359 44.46 47.362 47.32 47.21 44.882 44.219 44.23 44.245 44.256 44.297 44.304 44.378 44.431 44.422 44.425 44.454 44.485 44.491 44.498 44.461 44.409 44.405 44.433 44.443 44.466 44.465 44.488 44.465 44.468 44.464 44.49 44.486 44.476 44.552 44.561 44.586 44.563 44.488 44.442 44.439 44.386 44.368 44.391 44.402 44.423 44.368 44.308 44.263 44.217 44.216 44.204 44.192 44.19 44.219 44.186 44.188 44.162 44.101 44.068 44.064 44.059 44.055 44.01 44.009 43.981 43.949 43.957 46.076 44.705 44.207 44.419
44.375 44.869 46.53 46.95 46.963 44.734 44.413 44.412 44.424 44.485 44.49 44.48 44.49 44.448 44.408 44.386 44.445 44.435 44.448 44.465 44.432 44.424 44.424 44.475 44.515 44.508 44.452 44.492 44.497 44.469 44.471 44.509 44.515 44.516 44.55 44.56 44.531 44.538 44.482 44.426 44.429 44.366 44.352 44.386 44.454 44.702 44.375 44.306 44.226 44.173 44.195 44.208 44.169 44.171 44.177 44.169 44.17 44.171 44.142 44.127 44.117 44.065 44.048 44.003 43.989 43.939 43.928 43.993 47.474 44.1 47.727 45.891
44.521 44.519 44.575 44.536 44.55 44.568 44.611 44.61 44.584 44.575 44.584 44.594 44.547 44.475 44.414 44.412 44.44 44.45 44.447 44.446 44.454 44.49 44.472 44.571 44.527 44.51 44.484 44.5 44.481 44.445 44.484 44.526 44.508 44.523 44.533 44.514 44.545 44.529 44.497 44.441 44.446 44.418 44.358 44.342 44.323 44.654 44.62 44.343 44.263 44.207 44.193 44.182 44.194 44.179 44.172 44.144 44.139 44.143 44.125 44.084 44.051 44.041 43.989 43.978 46.404 47.251 44.404 45.713 49.561 50.314 47.734 44.842
44.785 44.755 44.701 44.685 44.695 44.736 44.694 44.721 44.784 44.811 44.801 44.659 44.561 44.503 44.396 44.414 44.445 44.42 44.413 44.441 44.503 44.525 44.52 44.552 44.516 44.499 44.49 44.476 44.487 44.49 44.497 44.514 44.486 44.515 44.515 44.514 44.536 44.518 44.484 44.461 44.459 44.41 44.37 44.318 44.369 44.362 44.364 44.348 44.261 44.193 44.181 44.19 44.178 44.175 44.177 44.153 44.113 44.102 44.076 44.081 44.053 44.024 43.991 46.187 47.813 48.594 45.439 50.16 45.985 44.427 47.504 48.097
44.859 44.82 44.792 44.766 44.753 44.937 49.003 47.725 50.334 50.404 50.113 44.772 44.636 44.482 44.461 44.395 44.392 44.395 44.434 44.48 44.531 44.503 44.536 44.56 44.547 44.511 44.483 44.5 44.469 44.488 44.507 44.528 44.485 44.491 44.527 44.503 44.502 44.494 44.46 44.43 44.423 44.385 44.347 44.344 44.363 44.348 44.324 44.331 44.27 44.169 44.166 44.106 44.127 44.148 44.147 44.135 44.123 44.128 44.063 44.031 44.024 44.009 44.051 46.235 48.419 50.029 49.533 48.565 44.505 44.56 44.582 49.578
44.859 44.819 44.84 48.514 48.864 50.183 50.36 50.329 50.314 50.271 50.294 44.954 44.636 44.576 44.46 44.428 44.369 44.394 44.435 44.502 44.536 44.537 44.565 44.55 44.512 44.479 44.49 44.511 44.477 44.506 44.504 44.532 44.517 44.483 44.475 44.442 44.454 44.43 44.44 44.401 44.384 44.359 44.394 44.333 44.323 44.313 44.298 44.294 44.282 44.208 44.133 44.106 44.1 44.134 44.135 44.127 44.103 44.107 44.033 44.025 43.991 43.984 44.033 46.834 47.708 49.79 50.526 45.317 44.512 44.847 44.59 46.355
44.944 44.845 44.795 49.389 50.307 50.329 50.443 50.354 50.339 50.539 50.438 46.585 44.657 44.592 44.457 44.423 44.393 44.431 44.48 44.495 44.546 44.536 44.553 44.536 44.516 44.504 44.537 44.514 44.516 44.49 44.497 44.514 44.566 44.507 44.474 44.453 44.406 44.381 44.364 44.372 44.381 44.372 44.385 44.387 44.348 44.288 44.3 44.286 44.272 44.236 44.189 44.078 44.091 44.106 44.114 44.071 44.084 44.065 44.032 44.015 43.973 43.968 44.151 45.87 47.878 48.675 48.57 46.088 44.479 44.527 44.606 44.522
45.003 44.86 44.713 47.786 50.357 50.452 50.826 50.934 50.962 50.764 50.514 46.503 44.693 44.651 44.552 44.443 44.432 44.453 44.484 44.527 44.526 44.545 44.561 44.545 44.493 44.53 44.556 44.552 44.53 44.534 44.531 44.517 44.55 44.501 44.482 44.438 44.428 44.383 44.39 44.358 44.372 44.39 44.402 44.398 44.369 44.322 44.297 44.308 44.303 44.264 44.187 44.088 43.996 44.017 44.036 44.051 44.029 44.024 44.019 43.979 44.039 44.277 45.269 44.523 45.087 45.322 44.546 44.557 44.584 45.419 44.456 44.492
45.058 44.879 44.732 45.517 50.51 50.6 50.913 50.983 50.91 50.834 50.567 50.564 44.809 44.677 44.538 44.485 44.466 44.499 44.489 44.531 44.496 44.528 44.564 44.586 44.554 44.583 44.558 44.508 44.579 44.565 44.565 44.558 44.546 44.49 44.474 44.435 44.426 44.407 44.392 44.358 44.38 44.403 44.383 44.375 44.392 44.338 44.297 44.292 44.268 44.228 44.185 44.105 43.985 43.954 43.974 44.016 44.004 43.998 44.033 44.122 44.388 44.497 44.613 44.482 44.545 44.541 44.608 44.613 44.529 44.491 44.512 44.52
45.02 44.913 44.767 45.12 49.969 50.546 50.82 50.907 51.052 50.863 50.629 50.517 44.921 44.712 44.601 44.494 44.49 44.497 44.518 44.518 44.555 44.53 44.584 44.588 44.548 44.55 44.587 44.583 44.578 44.599 44.603 44.571 44.52 44.498 44.43 44.428 44.421 44.419 44.386 44.339 44.371 44.406 44.408 44.403 44.392 44.338 44.339 44.304 44.258 44.222 44.158 44.081 43.989 43.974 43.954 43.935 43.929 43.953 44.208 45.205 44.566 44.482 44.513 44.523 44.557 44.603 44.588 44.452 44.512 44.49 44.501 44.508
45.035 44.968 44.827 44.778 49.439 50.559 50.842 50.962 50.94 50.886 50.648 50.452 46.502 44.686 44.606 44.503 44.464 44.462 44.504 44.565 44.557 44.529 44.555 44.59 44.587 44.554 44.559 44.585 44.621 44.612 44.595 44.553 44.551 44.511 44.473 44.442 44.398 44.394 44.34 44.341 44.325 44.382 44.432 44.425 44.362 44.384 44.346 44.318 44.274 44.26 44.202 44.104 44.031 43.996 44.019 43.993 43.976 44.222 45.216 44.577 44.54 44.601 44.505 44.56 44.576 44.516 44.462 44.501 44.544 44.51 44.513 44.467
45.064 44.979 44.81 44.693 48.024 50.466 50.743 50.926 50.928 50.901 50.709 50.458 46.61 44.724 44.662 44.524 44.529 44.54 44.474 44.524 44.553 44.538 44.556 44.586 44.542 44.559 44.584 44.639 44.637 44.615 44.567 44.542 44.513 44.479 44.471 44.417 44.4 44.413 44.419 44.386 44.373 44.384 44.418 44.397 44.376 44.368 44.342 44.338 44.315 44.279 44.187 44.125 44.055 44.01 44.026 46.891 49.302 51.049 50.846 45.864 44.54 44.555 44.536 44.408 44.455 44.438 44.507 44.574 44.475 44.496 44.62 44.767
45.054 44.996 44.817 44.735 45.398 50.423 50.678 50.844 50.905 50.902 50.81 50.517 50.001 44.816 44.672 44.502 44.453 44.514 44.49 44.519 44.539 44.545 44.535 44.52 44.542 44.593 44.604 44.632 44.615 44.6 44.551 44.524 44.504 44.464 44.436 44.401 44.423 44.417 44.383 44.397 44.406 44.386 44.364 44.389 44.357 44.349 44.317 44.325 44.306 44.285 44.217 44.126 44.068 44.029 44.196 51.067 54.366 55.37 54.072 52.672 44.62 44.589 44.505 44.44 44.509 44.531 44.507 44.485 44.452 44.699 46.909 50.151
45.045 44.974 44.838 44.756 44.738 49.308 50.593 50.859 50.93 50.904 50.835 50.618 49.381 45.286 44.66 44.576 44.498 44.482 44.5 44.534 44.531 44.573 44.513 44.527 44.53 44.542 44.557 44.588 44.579 44.569 44.561 44.527 44.533 44.457 44.445 44.431 44.442 44.427 44.367 44.35 44.4 44.408 44.403 44.397 44.368 44.381 44.334 44.288 44.293 44.295 44.25 44.184 44.425 44.456 45.67 52.479 55.937 54.669 55.144 53.374 44.662 44.602 44.512 44.876 44.57 44.529 44.471 44.427 44.673 47.036 50.169 49.614
45.05 44.958 44.875 44.752 44.701 48.741 50.6 50.811 50.89 50.912 50.839 50.661 50.341 45.968 44.648 44.574 44.524 44.52 44.484 44.515 44.512 44.554 44.547 44.54 44.523 44.534 44.557 44.555 44.58 44.552 44.523 44.483 44.48 44.435 44.428 44.44 44.457 44.445 44.408 44.369 44.377 44.419 44.423 44.39 44.412 44.367 44.328 44.286 44.267 44.26 44.216 44.248 45.965 46.005 44.618 49.165 52.979 55.906 54.514 51.611 44.583 44.48 44.513 44.532 44.511 44.46 44.476 44.687 44.792 44.797 48.382 45.272
45.057 44.994 44.879 44.762 44.698 45.87 50.417 50.745 50.869 51.347 50.939 50.739 50.443 47.437 44.671 44.582 44.522 44.512 44.5 44.531 44.513 44.558 44.541 44.52 44.555 44.5 44.554 44.548 44.52 44.553 44.513 44.513 44.469 44.413 44.438 44.46 44.453 44.444 44.411 44.396 44.418 44.436 44.404 44.394 44.36 44.352 44.315 44.283 44.285 44.29 44.248 49.944 45.675 49.627 49.077 50.144 50.67 54.704 54.143 45.437 44.499 44.511 44.573 44.507 44.455 44.599 44.498 44.619 44.796 44.829 44.754 44.731
