dsm/se3335_DSM_2M.asc
ncols 500
nrows 500
xllcorner    433000
yllcorner    435000
cellsize     2
NODATA_value -9999
[rows 32 to 63 of 500, columns 288 to 359 of 500]
77.329 72.486 69.602 69.288 69.33 72.556 72.898 72.62 71.066 69.252 69.907 71.963 70.98 69.808 69.602 71.401 71.382 71.535 70.668 70.617 70.544 68.888 68.354 68.331 68.378 69.586 73.433 75.624 70.592 69.396 69.384 71.105 69.211 70.964 70.728 70.557 71.056 70.203 68.101 68.146 67.879 67.886 67.834 67.896 68.948 68.193 68.017 67.936 68.138 69.268 68.323 67.968 68.015 67.68 67.693 67.527 67.933 67.601 67.518 68.075 68.056 67.844 67.728 67.621 67.527 67.899 68.808 67.663 67.424 67.309 67.286 68.239
72.075 69.957 69.183 69.953 69.669 75.509 78.308 73.247 71.294 69.169 69.243 70.486 70.726 70.457 68.911 69.329 69.98 69.532 69.133 70.498 68.802 68.824 68.352 68.328 68.335 68.338 69.417 73.284 70.703 69.704 69.346 70.137 75.872 69.788 70.564 71.866 69.842 70.188 69.518 68.191 67.802 69.245 67.933 67.829 68.52 67.872 67.92 68.106 67.88 67.637 67.646 67.575 67.837 67.59 67.528 67.497 67.498 67.776 70.805 73.709 75.239 75.913 73.521 71.807 67.548 67.47 67.982 67.918 67.462 67.34 67.268 67.452
69.365 69.086 69.403 69.808 74.917 76.869 76.262 74.618 69.428 69.144 70.463 70.402 69.568 70.622 68.666 68.632 69.884 68.949 68.47 68.888 68.586 68.579 68.385 68.725 68.737 68.403 68.283 68.987 71.243 69.638 70.694 77.041 81.133 82.249 71.276 73.181 71.183 67.96 68.533 68.292 67.811 68.012 68.619 67.936 68.939 67.75 67.85 68.251 67.828 67.653 67.656 67.589 67.586 67.516 67.481 67.462 67.437 67.493 70.1 73.698 75.453 75.925 74.789 73.979 69.283 67.229 67.37 68.046 67.418 67.348 67.283 67.273
68.887 71.338 75.103 74.569 76.632 77.313 74.883 70.371 69.907 70.393 69.931 69.367 70.471 70.788 69.092 69.047 70.236 69.218 68.453 68.648 68.716 68.861 68.48 68.983 68.811 68.643 68.349 69.555 71.393 72.144 74.648 84.051 74.942 73.724 73.19 75.277 76.184 69.262 67.849 68.136 69.111 68.077 68.396 67.854 69.157 67.721 67.968 69.868 67.98 67.604 67.618 67.495 67.875 67.475 67.436 67.384 67.411 67.767 67.592 73.185 75.135 75.886 75.79 75.551 70.047 67.23 69.058 68.586 67.401 67.313 67.24 67.295
69.75 74.729 76.3 76.357 77.209 75.774 70.726 69.975 70.65 70.087 68.991 68.877 69.27 69.422 72.835 73.639 74.205 70.148 71.67 74.896 74.605 70.108 69.483 74.359 73.52 69.793 68.31 68.259 68.239 70.505 70.627 81.149 80.488 79.011 80.447 80.572 77.821 71.905 69.485 67.833 68.781 67.997 68.117 67.8 67.954 67.644 67.806 68.227 67.771 68.321 67.732 67.559 67.691 67.771 67.523 68.032 68.388 68.496 68.736 72.516 76.557 75.948 76.672 74.877 71.158 68.399 70.037 70.726 68.193 69.647 67.304 67.22
69.089 70.149 75.426 78.472 76.459 74.484 69.666 70.195 70.474 69.484 69.022 68.814 68.732 69.046 72.644 74.851 74.373 69.243 71.309 74.676 74.536 71.026 69.91 74.433 74.457 70.922 68.342 68.253 68.208 68.137 77.636 76.399 74.237 69.949 71.113 73.232 75.089 71.685 69.083 67.779 67.718 67.682 70.901 72.032 71.561 67.864 67.76 67.833 68.509 68.006 69.036 68.558 67.669 67.742 67.961 67.772 67.723 67.981 68.021 73.353 75.244 76.038 76.011 75.758 71.52 67.527 68.809 69.977 67.451 68.819 67.271 67.17
68.735 71.807 76.878 76.667 74.769 70.084 70.13 70.664 70.749 70.178 69.167 68.779 68.744 69.571 72.83 74.948 74.512 70.079 71.532 74.793 74.35 70.85 68.935 74.629 74.414 70.261 68.415 68.264 68.256 68.161 68.161 71.05 69.88 70.211 72.167 73.335 67.635 68.42 68.045 67.72 67.685 67.649 69.563 70.934 71.278 71.356 68.115 68.51 67.516 67.43 67.464 67.409 67.369 67.367 67.952 67.482 67.271 67.405 67.521 71.931 74.933 75.973 75.038 74.288 69.503 67.343 67.366 68.686 67.318 68.137 67.31 67.134
68.678 69.703 73.222 74.471 69.519 69.043 70.332 70.025 69.851 70.594 68.948 69.77 68.82 68.638 72.499 74.941 74.305 69.633 71.703 74.883 74.286 70.628 69.547 74.21 74.491 69.997 68.298 68.284 68.216 68.239 68.416 68.56 68.786 68.994 69.707 71.39 70.226 67.615 68.166 67.677 67.612 67.564 67.718 69.364 70.526 67.87 67.507 67.381 67.39 67.38 67.38 67.372 67.365 67.319 67.306 67.286 67.31 67.316 69.892 73.497 74.818 76.007 75.103 73.877 70.472 67.488 67.334 68.463 67.289 67.335 67.151 67.117
68.578 68.7 69.325 69.08 68.756 69.568 70.156 68.789 68.725 69.144 68.641 68.544 68.56 68.575 72.414 71.426 71.479 69.049 72.426 73.643 70.452 70.371 69.449 72.583 72.842 70.019 68.992 70.294 69.302 69.099 68.524 68.342 68.271 68.152 68.33 71.171 68.11 67.61 69.925 67.63 67.662 70.365 69.443 70.382 68.12 70.956 71.524 67.609 68.211 67.693 68.422 67.992 69.73 69.37 68.784 68.825 69.481 67.339 68.223 68.795 69.336 69.701 69.367 69.175 67.846 67.477 67.347 67.386 67.234 67.09 67.092 67.146
69.024 68.598 68.668 68.709 69.645 69.715 68.449 68.414 68.306 68.277 68.228 68.256 68.26 68.416 68.465 68.855 69.421 68.563 68.535 68.598 69.071 69.399 68.555 68.407 68.383 68.833 69.023 68.734 68.895 72.319 72.097 69.113 68.029 68.014 68.091 69.171 68.492 67.536 67.688 67.525 67.927 70.704 69.614 68.421 68.951 71.586 71.75 69.552 67.396 67.542 68.444 68.428 68.948 70.999 69.762 69.419 69.472 67.802 67.97 67.476 67.787 67.658 68.37 68.402 68.449 68.394 68.353 68.371 67.48 67.09 67.039 70.629
69.664 68.55 68.589 69.338 68.675 68.166 68.332 72.318 73.188 72.991 72.354 69.264 68.246 68.286 68.414 68.403 69.392 68.786 68.536 68.635 68.553 68.551 68.398 68.517 69.497 68.862 68.865 74.061 74.259 74.349 74.439 69.885 68.383 68.109 70.973 73.618 74.167 70.683 71.827 68.147 67.667 69.211 68.878 67.64 69.128 68.767 69.392 67.575 68.203 67.682 69.179 70.461 67.806 69.779 69.564 69.546 68.037 67.392 67.469 67.51 67.583 67.69 67.583 67.49 67.824 67.432 67.282 67.276 67.187 66.989 66.984 72.312
69.49 68.643 69.481 68.48 68.307 68.165 68.595 74.06 74.962 74.845 74.055 70.868 68.298 68.275 68.31 68.352 68.341 68.421 69.973 69.452 69.044 68.57 68.725 68.353 68.332 68.245 69.663 74.2 74.365 74.311 74.225 69.937 69.351 68.097 71.345 72.733 71.771 72.271 67.907 67.413 67.806 69.242 70 67.364 69.47 68.159 67.246 68.719 68.77 67.429 67.705 69.691 67.857 69.347 69.407 69.469 67.973 69.899 70.892 73.158 74.749 75.887 75.405 74.064 69.145 67.923 68.037 67.436 67.245 67.1 66.984 70.66
69.895 70.211 70.213 69.181 69.429 69.054 69.314 74.099 74.94 74.88 74.051 71.195 68.635 68.309 68.34 71.816 68.446 68.665 68.25 68.292 69.012 68.278 68.311 71.504 71.209 71.682 68.224 69.576 70.714 69.536 69.549 68.856 70.064 70.44 71.916 72.539 71.662 68.067 68.19 67.451 67.241 67.636 67.425 67.77 67.26 67.232 67.711 67.568 67.194 67.228 67.215 67.176 67.166 67.347 67.185 67.542 67.403 69.749 70.681 73.123 75.538 76.101 75.321 74.124 69.949 68.012 67.422 68 67.385 67.162 66.975 67.806
69.553 69.181 68.745 68.468 68.81 68.3 71.164 74.157 74.907 74.812 74.012 71.248 68.831 68.355 69.009 72.337 70.215 68.189 68.153 68.157 68.628 68.11 68.299 72.861 73.751 74.334 71.667 71.792 69.072 68.109 68.803 68.352 68.708 70.473 73.103 73.69 72.409 68.114 68.15 67.504 67.158 69.515 68.944 72.125 69.18 70.612 69.179 69.507 67.216 67.186 67.172 67.191 67.172 67.171 67.153 67.14 67.157 67.427 69.669 74.513 76.232 76.191 75.756 75.549 71.605 67.687 67.424 67.438 68.967 70.715 67.032 66.99
69.361 70.821 70.786 70.243 70.247 68.705 71.054 74.011 74.862 74.976 74.046 68.795 68.203 68.193 68.213 71.734 73.269 68.237 68.098 68.084 68.045 68.015 69.391 73.046 73.658 69.984 70.158 73.693 73.813 73.728 73.723 69.519 67.789 70.45 74.556 73.356 72.108 69.722 67.799 68.896 67.936 72.077 68.883 68.652 71.256 71.405 71.146 72.843 68.872 67.517 67.168 67.172 67.148 67.161 67.149 67.174 67.228 67.276 67.633 73.644 76.117 76.893 76.956 74.871 71.884 68.921 68.541 68.772 67.898 70.437 72.269 68.287
67.912 70.546 70.677 70.63 70.689 68.855 69.049 69.565 69.946 69.885 69.543 68.024 68.651 69.02 68.684 69.005 71.631 69.334 68.015 68.005 67.994 67.944 68.818 68.201 68.007 68.002 71.038 73.873 73.828 73.789 73.868 69.585 68.892 68.662 74.799 75.051 70.727 67.166 68.74 70.099 69.295 71.336 68.805 71.931 68.109 70.047 68.418 68.664 68.58 67.625 67.102 67.087 67.085 67.107 67.135 67.132 67.13 67.362 67.561 70.807 74.404 75.864 76.032 75.829 72.2 67.519 67.422 67.474 67.675 68.506 68.962 66.893
67.827 70.03 70.137 70.096 70.093 68.312 68.114 67.694 67.782 67.807 67.72 67.687 67.717 68.387 68.443 68.287 68.695 67.883 67.892 67.865 67.921 67.903 67.852 67.912 68.295 68.8 67.917 69.217 69.564 70.525 71.61 70.757 70.128 69.87 70.836 69.504 70.156 67.982 67.584 69.842 68.092 66.932 66.998 66.976 66.962 66.985 67.002 67.353 67.187 67.083 67.075 67.082 67.053 67.091 67.135 67.139 67.156 68.759 69.494 72.106 74.836 75.877 75.438 74.717 71.748 67.219 67.134 68.283 67.283 66.978 66.906 66.942
67.704 67.911 69.417 69.833 69.829 67.814 67.731 67.763 73.409 74.272 72.537 71.992 68.914 69.05 69.093 68.023 67.858 67.759 67.809 67.804 67.873 67.819 67.778 67.808 68.33 68.366 67.969 67.414 67.362 67.394 67.539 67.621 69.54 69.475 70.143 70.74 67.84 67.165 67.294 67.904 66.95 67.285 67.997 66.963 66.922 66.983 67.061 67.06 67.127 67.087 67.047 67.032 67.033 67.028 67.088 67.155 67.165 68.46 71.024 72.657 74.454 75.968 75.323 74.103 69.708 67.252 67.124 67.963 67.253 66.988 66.856 66.871
67.6 67.768 67.88 67.857 67.767 67.813 70.246 70.451 73.401 74.138 74.314 73.497 71.833 67.862 67.823 68.499 67.827 67.711 67.711 67.712 67.676 67.713 67.663 67.982 68.036 67.55 71.313 71.92 72.367 71.823 71.132 68.161 69.163 69.24 70.251 71.216 69.317 68.508 68.245 67.317 67.107 67.121 68.614 67.193 66.942 66.979 67.065 69.359 69.75 69.303 67.658 68.685 68.729 68.896 68.723 69.233 69.312 67.921 70.21 72.315 74.212 69.473 73.604 69.172 68.776 67.17 67.09 67.102 67.07 66.847 66.835 66.897
67.542 68.242 70.919 69.573 70.223 70.143 69.766 70.801 73.451 74.193 74.277 73.409 71.872 68.629 67.958 67.936 67.824 67.693 67.588 67.566 67.524 67.532 67.645 67.863 67.727 67.889 72.827 73.813 74.121 73.28 72.242 69.852 67.41 67.899 67.705 69.214 69.579 67.73 68.204 67.367 67.134 67.105 67.518 67.165 66.894 66.96 66.991 70.219 71.326 69.937 67.575 68.971 71.371 73.526 69.683 71.003 70.848 68.488 67.198 67.202 67.217 67.073 67.236 68.079 68.033 68.059 66.959 67.154 67.266 66.823 66.806 66.861
67.452 68.262 70.462 68.293 67.679 68.001 67.628 68.719 73.299 74.286 74.291 73.543 69.269 67.644 68.198 67.971 67.775 67.672 67.495 67.482 67.419 67.394 67.611 67.596 67.519 68.778 72.798 73.885 74.165 73.449 72.486 69.689 67.646 67.604 67.993 68.916 68.485 67.324 68.102 70.708 70.729 70.48 69.662 69.348 68.306 67.562 66.967 69.539 70.19 69.843 69.442 68.702 72.41 73.671 72.28 68.219 70.934 68.572 66.912 66.85 66.725 66.716 66.758 66.75 67.336 67.698 67.698 67.136 66.958 66.848 66.791 66.842
67.405 67.39 67.898 68.001 67.689 67.754 67.911 68.264 73.365 74.203 74.198 73.351 69.54 67.57 67.573 67.763 67.61 67.461 67.309 67.366 67.29 67.355 67.935 67.522 67.437 68.467 72.957 73.858 74.201 73.502 72.567 68.071 67.519 67.512 67.926 68.637 67.422 67.023 68.251 71.567 70.571 69.454 70.762 70.223 67.209 66.984 66.908 68.308 69.427 69.413 69.376 69.105 71.328 71.966 68.996 68.017 68.747 67.693 70.151 67.114 66.783 66.871 66.875 69.687 67.898 67.108 67.838 68.034 67.188 66.916 66.799 66.818
67.252 67.297 67.689 69.189 69.862 69.869 68.48 67.599 69.223 69.404 69.423 70.446 68.992 67.908 68.442 67.81 67.502 67.39 67.272 67.279 67.23 67.31 67.844 67.404 67.368 67.852 72.962 73.781 74.21 73.543 69.219 67.221 67.348 67.392 67.624 68.351 67.138 68.088 69.987 70.686 71.638 67.79 67.07 67.145 66.866 66.912 66.933 66.985 67.516 67.091 67.439 69.772 68.517 67.8 66.835 66.857 69.14 68.702 66.834 66.848 71.615 73.093 73.162 72.976 70.565 66.82 66.924 70.571 67.899 66.913 66.757 66.803
67.226 67.974 67.933 68.341 69.73 69.741 68.566 67.361 67.344 67.349 67.361 67.367 67.436 67.535 67.784 67.854 67.496 67.283 67.176 67.215 67.183 67.196 67.591 67.327 67.532 67.394 72.733 73.415 69.139 68.859 69.55 68.556 69.419 69.404 69.277 68.453 69.396 68.12 69.151 69.601 67.057 67.167 66.758 66.82 66.824 66.863 66.906 66.883 66.873 66.853 66.799 68.878 69.609 67.267 66.819 66.834 66.854 66.885 66.816 66.637 69.933 73.187 74.29 73.247 71.769 66.848 67.207 70.373 70.882 71.137 70.305 66.91
67.149 67.146 67.895 68.745 69.748 69.685 69.25 67.308 69.962 71.501 72.346 72.147 71.547 68.319 67.503 67.635 67.406 67.565 67.122 67.17 67.152 67.118 67.249 67.326 67.142 67.179 67.101 66.96 66.883 66.936 67.888 68.542 69.277 69.4 69.349 69.71 69.49 70.275 66.814 66.73 66.719 66.851 66.913 66.834 67.493 67.512 67.534 68.124 66.872 66.883 66.836 67.195 68.389 72.813 67.029 66.967 67.264 67.216 68.339 68.406 70.427 73.936 74.409 73.772 71.912 67.843 67.845 68.632 69.954 71.964 70.693 66.824
67.075 67.011 68.95 70.05 69.113 68.018 67.607 67.393 70.077 73.184 74.07 73.928 73.091 68.928 67.307 67.313 67.328 67.151 67.045 67.081 67.093 67.114 68.36 67.559 67.624 68.297 67.429 67.012 68.79 70.839 71.005 68.759 69.407 69.39 69.398 68.677 69.233 71.249 69.379 68.669 68.671 68.841 69.093 68.976 70.863 69.412 68.909 69.794 69.043 68.035 67.71 68.17 74.401 75.6 69.772 67.232 67.436 67.368 68.951 69.243 72.103 73.664 74.319 73.446 72.259 67.179 66.927 67.833 67.359 69.036 70.47 66.799
67.006 66.918 67.107 71.067 70.416 67.537 67.837 67.601 70.108 73.156 73.955 73.846 73.035 71.591 67.475 67.255 67.272 67.201 67.033 67.009 67.043 67.652 67.066 67.01 66.941 66.948 72.468 73.284 73.747 73.072 69.414 66.923 66.976 68.017 67.739 68.188 68.419 69.148 67.714 68.375 66.858 68.983 70.747 70.454 71.895 70.938 68.131 67.418 71.018 67.761 66.904 66.972 67.087 69.138 66.774 66.87 66.908 66.945 69.092 69.159 70.793 73.278 73.754 73.426 72.406 67.057 67.985 66.996 67.74 66.812 66.611 66.706
66.934 66.839 66.883 67.003 68.075 67.507 67.446 67.441 69.964 73.065 74.074 73.837 72.955 69.007 67.096 67.224 67.122 67.114 66.956 66.961 67.029 67.65 67.918 67.371 66.91 67.292 72.465 73.24 73.549 72.855 69.41 66.836 67.089 70.755 72.595 73.162 69.697 68.861 66.991 66.793 67.672 70.386 70.495 69.68 70.428 67.187 69.409 70.686 71.133 70.459 68.773 66.736 66.715 66.755 66.83 67.122 67.825 68.044 68.898 69.048 71.238 72.381 72.417 72.38 72.053 66.846 68.284 69.958 70.923 67.626 66.62 66.621
66.856 66.78 66.775 66.895 67.333 67.374 67.396 67.34 67.508 73.186 74.021 73.867 72.963 68.658 67.095 67.068 67.099 67.039 66.917 66.894 66.881 67.092 68.397 68.783 66.974 69.739 72.493 73.429 73.636 72.894 71.979 67.241 68.033 74.718 77.128 77.299 72.337 69.895 71.421 67.664 66.723 69.908 69.985 66.68 66.674 69.039 70.187 70.854 71.346 71.706 71.027 66.892 66.702 67.028 68.914 69.351 69.282 69.393 69.373 69.353 67.526 67.367 67.765 67.097 67.089 72.089 70.565 69.299 70.693 67.643 66.583 66.615
66.763 66.756 66.73 66.802 67.599 68.837 69.396 69.412 68.512 68.754 69.096 72.324 70.397 68.486 67 67.018 66.987 66.908 66.8 66.83 66.778 67.632 68.171 67.178 66.867 67.272 72.575 73.464 73.689 72.883 71.171 66.812 68.088 76.397 78.385 78.628 77.565 73.958 73.55 71.865 69.335 67.307 67.423 67.493 67.494 68.759 70.857 69.703 71.584 74.414 73.111 72.891 68.184 67.129 68.728 68.999 68.959 68.942 68.829 68.811 68.784 68.676 68.815 68.284 69.975 71.289 74.816 68.798 66.824 66.654 66.556 66.587
66.724 66.677 66.578 66.724 68.526 69.142 69.443 69.407 67.246 66.911 66.931 66.887 66.875 66.861 66.89 66.891 66.855 66.844 66.728 66.749 66.803 66.772 66.81 66.784 66.762 66.911 68.301 68.56 71.642 72.741 71.966 66.876 71.991 77.272 78.724 79.402 78.331 74.674 74.068 72.602 69.652 68.634 67.721 67.198 66.966 68.169 67.451 68.263 70.714 74.588 74.525 73.177 68.071 66.724 67.443 68.611 68.543 68.518 67.276 68.598 68.936 69.016 70.75 71.546 72.163 69.649 68.168 68.834 68.731 66.717 66.561 66.578
66.592 66.612 66.553 66.632 67.407 69.118 69.199 67.67 66.876 67.573 68.329 68.826 69.335 69.243 66.828 66.847 66.819 66.82 66.709 66.727 66.743 66.714 66.728 66.643 66.637 66.522 66.423 66.394 67.115 67.051 66.729 66.895 72.351 72.523 78.591 78.257 77.94 71.499 72.702 71.673 68.717 68.836 66.966 66.87 66.871 66.901 66.899 67.243 68.569 70.09 70.478 69.752 66.749 66.738 66.784 66.752 66.745 66.741 66.799 68.968 68.998 68.731 68.158 71.184 71.725 69.673 68.58 68.827 69.482 66.729 66.479 67.482
