dsm/se3333_DSM_2M.asc
ncols 500
nrows 500
xllcorner    433000
yllcorner    433000
cellsize     2
NODATA_value -9999
[rows 192 to 223 of 500, columns 0 to 71 of 500]
73.063 72.414 71.792 71.107 71.622 72.457 73.093 72.632 71.894 71.133 70.875 70.843 70.893 70.881 70.914 70.916 69.582 67.03 65.161 65.239 68.025 69.26 69.219 69.185 69.112 66.954 66.322 65.675 65.155 65.202 65.213 65.21 65.158 65.102 65.09 65.088 65.085 65.018 65.035 65.413 70.001 71.674 71.658 71.5 71.51 71.435 71.297 69.894 64.858 64.783 64.79 64.811 64.815 64.772 64.754 64.712 64.664 64.657 64.641 64.833 65.039 64.582 64.56 64.103 63.971 63.906 63.922 63.924 63.985 64.037 63.991 64.017
72.968 72.723 71.954 71.114 71.414 72.171 72.979 72.848 72.056 71.236 70.891 70.895 70.906 70.882 70.905 70.883 70.347 70.125 65.302 65.578 65.905 66.235 66.985 66.24 65.735 65.128 65.099 65.112 65.137 65.154 65.102 65.083 65.126 65.078 65.081 65.064 64.992 64.853 64.817 64.825 69.932 71.362 71.244 71.065 70.949 70.864 70.79 69.684 64.93 64.752 64.731 64.733 64.764 64.747 64.694 64.68 64.652 64.645 64.621 64.646 64.586 64.556 64.153 64.004 63.848 63.857 63.887 63.934 63.89 63.906 63.98 63.972
72.835 72.73 72.052 71.227 71.247 72.012 72.721 72.907 72.193 71.512 70.896 70.866 70.853 70.885 70.854 70.858 70.609 70.213 69.28 65.354 65.331 65.89 69.906 67.882 65.405 65.104 65.095 65.178 65.161 65.163 65.128 67.057 68.049 68.072 68.06 68.079 66.94 64.798 64.781 64.809 65.924 70.73 70.696 70.637 70.466 70.248 68.65 69.87 64.968 64.716 64.708 64.658 64.707 64.716 64.7 64.66 64.642 64.602 64.619 64.579 64.55 64.528 64.009 63.856 63.753 63.774 63.875 63.889 63.913 63.828 64.973 64.838
72.772 72.874 72.276 71.54 71.075 71.819 72.655 73.013 72.443 71.65 70.971 70.888 70.892 70.897 70.859 70.881 70.563 70.194 69.24 65.345 66.542 65.342 71.276 70.444 68.46 70.159 69.767 71.514 68.844 68.018 68.075 68.071 68.032 68.085 68.066 68.135 68.103 65.614 64.744 64.747 66.038 70.032 70.033 69.035 65.223 64.399 64.436 64.527 64.547 64.624 64.655 64.617 64.668 64.668 64.72 66.078 64.664 64.573 64.548 64.537 64.513 64.512 63.907 64.325 63.796 63.746 63.783 63.812 63.854 63.758 64.091 63.789
72.512 73.01 72.422 71.708 70.99 71.722 72.529 73.105 72.546 71.754 71.008 70.945 70.889 70.926 70.905 70.913 70.876 70.147 69.135 66.023 65.114 70.096 71.536 71.599 71.524 71.512 71.543 71.549 68.983 68.118 68.085 68.138 68.149 68.098 68.126 68.126 68.092 65.43 64.71 64.678 64.934 64.414 64.424 64.414 64.377 64.372 64.349 64.383 64.365 64.435 64.531 64.565 64.627 64.647 64.62 64.649 64.601 64.525 64.522 64.508 64.529 64.04 63.762 63.742 63.704 63.73 63.772 63.768 63.749 64.503 64.003 63.81
72.317 72.957 72.588 71.861 71.055 71.403 72.262 73.058 72.808 71.972 71.246 70.922 70.885 70.915 70.904 70.889 70.868 70.263 69.072 65.982 66.452 69.838 71.596 71.627 71.737 71.738 71.71 71.709 69.302 68.127 68.122 68.13 68.105 68.097 68.129 68.145 68.066 67.221 64.741 64.678 65.005 64.336 64.315 64.297 64.265 64.288 64.296 64.252 64.285 64.346 64.473 64.539 64.587 64.624 64.644 64.6 64.573 64.489 64.58 64.652 65.237 64.064 63.695 63.67 63.623 63.69 63.629 63.702 63.592 64.006 63.857 63.819
72.284 72.975 72.803 72.198 71.336 71.327 72.041 72.785 72.861 72.297 71.411 70.968 70.88 70.911 70.901 70.882 70.906 70.253 65.683 64.986 65.68 70.412 71.601 71.593 71.674 71.614 71.596 71.597 69.293 68.152 68.12 68.082 68.06 68.111 67.731 66.165 65.589 64.611 64.548 64.502 64.669 64.528 64.215 64.168 64.196 64.193 64.159 64.138 64.212 64.325 64.351 64.525 64.734 64.299 64.341 63.998 63.94 63.974 63.814 63.672 63.595 63.568 63.559 63.483 63.548 63.585 63.547 63.584 64.15 63.948 64.564 64.548
72.082 72.598 72.968 72.288 71.358 71.194 71.945 72.743 73.185 72.379 71.541 71.026 70.935 70.897 70.892 70.904 70.869 69.59 65.093 65.091 67.74 70.756 71.632 71.626 71.66 71.614 71.545 71.358 70.427 67.782 65.831 65.367 65.078 64.656 64.555 64.644 64.518 64.501 64.429 64.41 64.53 64.331 64.109 64.172 64.172 64.081 64.077 64.025 64.216 64.053 64.066 63.907 63.81 63.807 63.773 63.726 63.72 63.732 64.326 63.569 63.533 63.476 63.379 63.486 63.487 63.506 63.536 63.51 64.12 63.464 63.567 63.438
71.71 72.518 73.129 72.419 71.621 71.144 71.682 72.447 73.164 72.533 71.83 71.057 70.915 70.921 70.898 70.892 70.859 69.865 65.092 66.16 65.61 68.042 69.504 67.971 66.776 66.84 66.105 64.847 64.831 64.764 64.715 64.64 64.597 64.564 64.556 64.434 64.402 64.385 64.338 64.265 64.187 64.26 64.376 64.29 64.102 64.05 63.947 63.9 63.878 63.82 63.801 63.768 63.697 63.668 63.665 63.671 63.585 63.523 63.46 63.404 63.365 63.292 63.303 63.443 63.438 63.384 63.416 63.538 64.271 64.151 63.558 68.603
71.654 72.335 73.141 72.518 71.732 71.195 71.447 72.501 72.48 72.278 71.951 71.141 70.914 70.908 71.403 68.035 70.911 67.772 64.948 64.836 64.852 64.96 64.93 64.852 64.84 64.805 64.789 64.754 64.711 64.648 64.584 64.564 64.497 64.478 64.415 64.327 64.232 64.25 64.22 64.155 64.112 64.053 64.134 64.044 63.973 63.992 63.88 63.855 63.901 63.835 63.835 63.799 63.752 63.748 63.699 63.645 63.496 63.44 63.35 63.345 63.264 63.328 63.336 63.331 63.375 63.348 63.334 64.434 64.659 63.706 66.16 69.325
71.405 72.283 72.551 72.431 71.98 71.344 71.38 71.815 71.614 71.432 71.213 71.701 66.76 67.06 65.077 65.101 65.012 64.954 64.913 64.822 64.81 64.847 64.8 64.753 64.709 64.636 64.645 64.624 64.609 64.543 64.452 64.421 64.394 64.343 64.295 64.263 64.216 64.085 64.167 64.137 64.086 64.096 64.091 64.084 64.062 63.943 63.984 63.923 63.85 63.826 63.81 63.742 63.7 63.692 63.609 63.506 63.399 63.369 63.307 63.295 63.225 63.244 63.279 63.273 63.232 63.308 63.232 63.801 64.319 63.937 67.543 69.654
71.384 71.7 71.848 71.639 71.45 71.255 70.638 66.963 66.936 66.598 65.183 65.191 65.145 65.128 65.124 65.022 64.996 64.979 64.866 64.912 64.882 64.857 64.698 64.705 64.673 64.595 64.585 64.543 64.502 64.434 64.473 64.438 64.353 64.3 64.294 64.276 64.233 64.205 64.145 64.074 64.132 64.096 64.089 64.089 64.003 63.909 63.896 63.89 63.826 63.755 63.743 63.746 63.774 63.716 63.626 63.539 63.387 63.306 63.184 63.157 63.174 63.187 63.186 63.199 63.13 63.175 63.942 63.677 63.371 63.833 68.845 70.699
71.065 71.382 70.918 71.294 66.78 67.26 65.286 65.297 65.224 65.207 65.208 65.153 65.171 65.057 65.06 65.039 64.931 64.92 64.901 64.886 64.816 64.742 64.693 64.674 64.646 64.59 64.615 64.516 64.539 64.524 64.498 64.451 64.433 64.393 64.337 64.298 64.247 64.155 64.155 64.108 64.073 64.472 64.886 63.972 63.932 63.926 63.987 63.949 63.966 65.025 65.527 64.419 64.035 63.828 63.867 63.571 63.354 63.202 63.089 63.119 63.126 63.156 63.127 63.088 63.107 63.053 63.569 63.412 63.406 65.905 69.446 70.074
66.587 67.009 65.431 65.265 65.242 65.242 65.242 65.283 65.227 65.188 65.045 65.151 65.068 65.087 64.968 64.907 64.907 64.898 64.912 64.819 64.808 64.789 64.747 64.715 64.691 64.69 64.573 64.553 64.611 64.534 64.435 64.463 64.428 64.367 64.294 64.244 64.145 64.224 64.244 64.055 64.069 64.341 64.098 64.65 64.785 65.382 65.404 64.35 64.762 65.809 65.191 63.897 63.786 63.738 63.697 63.64 63.826 63.193 63.07 63.038 63.01 63.069 63.074 63.018 63.987 63.081 63.046 62.852 63.199 63.388 64.299 68.543
65.202 65.181 65.206 65.233 65.221 65.21 65.221 65.205 65.157 65.135 65.12 65.008 65.067 65.042 65.007 64.93 64.928 64.941 64.99 64.918 64.837 64.779 64.772 64.747 64.701 64.605 64.626 64.55 64.566 64.476 64.454 64.341 64.269 64.329 64.263 64.333 64.267 64.198 64.175 64.244 64.677 63.821 65.195 64.09 63.828 63.914 63.629 64.263 64.797 64.701 63.757 63.627 63.533 63.559 63.478 63.369 63.225 63.103 62.993 62.931 62.973 62.995 62.983 62.979 63.06 62.954 62.767 62.598 65.539 63.912 63.102 63.241
65.18 65.188 65.167 65.144 65.074 65.079 65.122 65.127 65.071 65.097 65.138 65.114 65.085 65.081 65.072 65.006 65.031 64.951 64.883 64.878 64.831 64.761 65.787 65.44 64.775 64.633 64.514 64.598 64.548 64.629 64.515 65.073 65.39 65.268 65.088 64.027 63.791 63.476 63.313 63.309 63.301 63.08 63.152 63.192 63.169 63.274 64.41 63.905 64.506 63.459 63.38 63.356 63.402 63.386 63.29 63.172 63.151 63.056 62.991 62.881 62.9 62.878 62.823 62.906 62.832 62.862 62.626 63.441 68.035 67.037 66.427 63.844
65.081 65.082 65.095 65.031 65.091 65.127 65.161 65.143 65.158 65.216 65.213 65.239 65.157 65.055 65.137 65.03 64.959 64.923 64.844 64.817 64.846 64.873 65.048 64.9 64.768 64.596 64.513 64.703 65.213 65.5 64.292 64.22 64.16 63.692 64.352 65.414 63.397 63.782 63.158 63.166 63.186 62.982 63.022 63.04 63.148 63.791 63.362 63.648 63.562 63.226 63.243 63.227 63.258 63.232 63.117 63.129 63.056 62.921 62.88 62.71 62.782 62.775 62.762 62.769 62.759 63.585 63.227 66.259 68.587 69.267 68.428 67.593
64.998 65.018 65.068 65.088 65.135 65.14 65.155 65.208 65.239 65.176 65.226 65.183 65.049 65.12 64.992 64.97 65.017 65.022 65.812 66.355 66.572 66.318 65.9 64.275 63.951 63.67 63.573 63.863 65.606 63.477 63.31 63.347 63.908 63.542 63.419 65.183 63.397 63.798 62.959 63.677 67.485 63.362 62.96 62.953 63.034 63.366 64.444 63.586 63.132 63.125 63.231 63.208 63.133 63.166 63.02 63.042 63.134 62.759 62.623 62.702 62.752 62.666 62.701 62.674 62.79 63.498 63.193 67.528 69.116 69.26 68.407 66.668
65.031 65.096 65.156 65.083 65.145 65.131 65.095 65.113 65.133 65.154 65.131 65.194 65.186 65.051 64.968 65.418 66.739 66.751 65.056 64.589 64.271 63.625 63.57 63.954 63.433 63.461 63.203 63.22 67.505 65.458 66.339 67.39 68.532 65.399 64.427 65.336 63.564 63.096 62.863 68.786 69.514 67.951 63.209 62.987 63.275 63.872 63.384 63.082 62.986 63.002 63.077 63.013 63.002 62.902 62.964 62.867 62.703 62.654 62.596 62.592 62.588 62.597 62.608 62.551 63.241 62.917 65.535 68.433 69.817 68.853 68.853 65.154
65.006 65.064 65.022 65.046 65.043 65.088 65.126 65.341 66.296 65.12 65.109 65.14 65.038 64.961 65.054 66.539 64.786 63.827 63.346 63.08 63.101 63.051 63.215 66.237 67.615 67.863 67.711 68.394 69.424 69.61 70.002 69.978 70.065 66.578 63.81 64.994 63.432 63.311 68.195 69.62 70.317 71.446 67.992 63.622 62.966 63.305 62.919 62.899 62.84 62.894 62.956 62.907 62.854 62.877 62.776 62.933 62.48 62.551 62.455 62.503 62.484 62.461 62.483 63.411 63.465 63.094 66.112 68.714 69.464 68.56 65.249 63.091
64.987 64.976 65.049 65.14 65.978 65.336 67.397 66.092 65.417 65.173 65.081 65.104 65.071 64.855 65.949 64.901 64.286 63.697 63.459 63.141 63.187 63.045 62.964 63.209 69.341 70.227 70.577 70.346 70.913 70.674 70.605 70.697 70.327 69.173 63.685 64.455 63.397 64.917 68.932 69.546 69.906 70.768 69.92 68.296 67.127 62.868 62.762 62.74 62.797 62.907 63.165 62.819 62.828 62.744 62.65 62.461 62.397 62.358 62.416 62.413 62.43 62.454 62.425 62.487 62.687 62.476 67.891 69.229 69.377 68.355 64.164 62.326
65.049 65.103 65.194 66.103 68.178 70.869 69.18 65.708 65.354 65.431 65.921 65.025 64.974 64.818 66.144 65.719 64.789 63.584 63.253 63.051 63.089 62.882 62.775 65.193 69.175 70.21 70.455 70.271 70.259 69.852 69.583 69.665 69.691 69.245 63.977 64.344 63.526 62.382 62.58 68.184 69.244 70.01 70.481 70.113 68.492 67.04 62.685 62.695 62.704 62.683 62.809 62.743 62.672 62.621 62.501 62.366 62.326 62.286 62.337 62.343 62.317 62.36 62.361 62.41 62.412 65.112 68.385 69.444 68.787 67.536 62.291 61.994
65.616 65.355 65.743 71.036 71.697 71.636 70.366 65.799 65.129 65.436 65.666 65.112 64.823 64.733 64.761 64.876 64.388 64.734 64.015 63.863 62.819 62.658 62.741 63.41 69.202 69.891 69.604 69.113 65.71 66.25 65.636 64.299 64.411 63.49 62.717 63.781 63.495 62.791 62.424 62.389 67.15 68.784 69.613 70.234 70.343 69.773 67.286 64.876 62.535 62.556 62.571 62.566 62.551 62.429 62.371 62.179 62.247 62.218 62.232 62.229 62.238 62.318 63.013 63.017 63.368 67.217 68.668 69.442 68.528 63.18 62.01 62.292
65.074 65.085 65.068 70.392 72.246 72.276 70.823 66.465 65.441 65.545 64.891 64.813 64.779 64.671 64.689 64.479 63.57 63.26 63.679 63.402 64.289 64.53 63.911 64.254 68.575 64.63 64.674 63.151 63.465 65.035 62.988 62.63 62.598 63.026 62.829 63.029 64.558 62.933 62.387 62.477 62.505 63.828 68.797 69.738 70.443 70.293 69.655 67.413 62.621 62.498 62.44 62.444 62.382 62.333 62.128 62.13 62.139 62.153 62.125 62.146 62.189 62.2 62.688 62.092 62.536 68.149 69.805 69.317 67.882 62.16 61.947 61.987
64.981 65.033 65.905 69.198 71.647 72.409 71.828 69.669 65.419 65.542 64.66 64.698 64.72 65.226 64.895 64.705 63.754 63.052 62.835 62.758 62.693 62.717 63.15 63.817 63.754 62.769 62.546 62.391 62.322 64.518 64.165 63.853 64.281 64.674 63.431 63.811 64.837 62.851 62.426 62.449 62.626 62.353 62.775 68.879 69.658 69.879 68.935 64.267 63.044 63.33 63.545 63.138 62.252 62.193 62.053 62.061 62.06 62.041 62.103 62.05 62.13 62.091 63.175 62.135 66.875 68.556 69.475 68.756 66.601 62.863 62.068 62.014
64.927 65.242 66.179 65.292 70.842 72.306 71.955 70.646 65.293 65.013 64.826 64.646 64.585 65.039 65.132 64.391 63.685 63.026 62.864 62.908 63.921 66.708 66.449 63.131 62.644 62.456 63.587 63.903 62.748 64.299 64.183 62.796 62.552 62.352 61.962 62.473 64.75 64.356 63.836 63.165 62.536 62.447 62.222 65.626 69.03 69.023 64.68 62.931 63.227 63.456 62.215 62.598 62.436 62.196 61.897 61.923 61.923 61.983 62.006 62.007 61.99 61.97 62.643 62.337 65.5 68.013 68.44 68.383 63.549 62.151 62.62 62.954
65.881 64.891 65.224 64.991 70.138 72.018 71.903 71.305 65.781 65.033 64.723 64.532 64.549 64.48 65.102 64.456 64.368 63.001 63.077 67.185 69.067 69.404 69.295 65.559 62.471 62.432 62.295 62.181 62.607 63.627 64.645 63.994 63.813 62.827 61.86 63.641 65.151 64.704 64.976 62.816 62.747 63.495 62.397 62.072 63.906 64.358 63.575 62.463 62.161 62.203 63.067 62.022 62.1 62.21 61.87 61.86 61.843 61.943 61.962 61.946 61.882 62.145 61.972 62.516 62.535 64.075 64.972 66.547 62.095 61.976 61.894 61.886
64.694 64.743 64.789 64.822 69.198 70.917 66.849 66.157 65.505 65.554 64.795 64.51 64.498 64.531 65.135 65.2 64.384 63.357 63.137 66.848 69.518 70.037 69.694 65.879 62.542 62.335 62.544 62.053 62.254 62.283 62.333 62.268 62.404 62.469 63.481 64.31 64.492 63.457 62.315 63.699 62.533 62.607 62.757 62.816 62.161 63.029 62.372 62.229 62.097 62.985 62.036 61.936 62.105 61.916 61.8 61.728 61.841 61.817 61.811 61.808 61.929 62.339 61.918 61.833 61.783 62.427 62.385 64.356 62.18 61.912 61.623 61.097
64.706 64.549 64.674 64.76 64.763 65.53 65.537 64.515 64.557 64.733 64.621 64.424 64.369 64.301 65.307 64.527 65.081 63.749 62.95 67.186 69.211 71.13 69.621 65.398 63.097 62.466 63.417 62.502 62.185 61.904 61.692 61.627 61.541 61.728 62.277 63.495 64.261 61.414 61.227 61.039 61.307 61.078 61.734 62.799 63.145 63.339 62.049 62.448 62.819 62.046 62.075 61.749 61.821 61.661 61.7 61.756 61.751 61.74 61.767 61.725 62.238 61.928 61.825 61.739 61.717 61.678 64.002 64.72 62.531 61.954 61.464 61.147
64.688 64.72 64.753 64.78 64.517 64.431 64.504 64.401 64.372 64.456 64.43 64.263 64.287 64.251 64.182 64.348 65.557 63.877 62.968 64.358 68.842 70.159 69.849 66.142 62.358 62.661 63.195 62.341 62.159 61.971 61.792 61.591 61.187 61.377 61.728 63.585 64.35 61.057 61.038 61.146 61.192 61.447 61.194 61.143 61.143 61.866 63.085 62.639 61.981 61.939 61.843 61.721 61.603 61.535 61.603 61.663 61.626 61.661 61.667 61.619 61.826 61.443 61.589 61.714 61.676 61.618 61.661 62.335 61.696 61.977 61.317 60.917
64.97 65.017 64.62 64.356 64.323 64.37 64.325 64.322 64.364 64.353 64.416 64.269 64.199 64.225 64.171 64.081 65.245 64.399 62.927 63.046 68.593 70.122 70.293 66.828 63.381 64.103 64.883 64.342 63.15 62.787 62.683 61.673 61.418 61.504 61.836 64.535 62.125 61.19 60.957 61.185 61.301 61.161 61.015 62.446 66.406 63.424 61.41 61.256 61.502 61.349 62.328 62.232 61.66 61.504 61.512 61.532 61.544 61.525 61.544 61.459 61.375 61.263 61.329 61.888 61.621 61.754 61.861 61.822 61.372 61.272 61.535 61.218
67.525 66.875 64.405 64.275 64.258 64.828 67.968 68.055 67.856 64.478 64.324 64.673 64.108 64.111 64.058 64.09 64.82 64.116 63.944 64.441 68.737 69.905 70.127 69.128 62.942 62.766 62.912 63.549 63.254 63.214 63.025 62.295 62.917 62.986 63.361 64.226 63.399 61.122 60.993 61 61.317 61.244 61.153 63.924 67.305 67.367 67.161 63.58 61.065 61.165 61.315 62.34 61.362 61.46 61.427 61.506 61.434 61.45 61.368 61.491 61.315 61.274 67.026 65.819 65.701 61.747 61.666 61.568 61.315 62.989 61.366 60.819
