dsm/se3336_DSM_2M.asc
ncols 500
nrows 500
xllcorner    433000
yllcorner    436000
cellsize     2
NODATA_value -9999
[rows 448 to 479 of 500, columns 284 to 354 of 500]
78.001 80.142 80.942 81.104 81.047 80.97 80.972 80.883 79.882 74.848 74.367 74.355 74.433 74.919 76.375 81.98 76.59 76.224 73.245 73.222 75.18 76.121 73.979 73.236 73.185 73.527 74.037 73.749 73.463 78.428 78.428 78.569 78.238 75.366 77.575 74.437 73.044 73.35 74.375 73.048 72.872 73.025 77.398 79.374 79.644 78.256 76.568 72.928 72.859 73.235 74.615 74.6 73.537 72.293 72.11 72.019 71.899 71.922 71.808 71.763 71.793 72.115 75.246 78.541 74.874 76.722 74.343 72.453 72.984 74.744 75.561
76.907 79.82 80.129 80.112 80.518 80.695 80.51 80.401 79.895 74.591 74.505 74.648 74.594 74.189 74.177 74.144 74.075 74.141 73.24 73.271 73.855 75.688 75.563 75.537 74.861 74.505 75.353 76.66 78.866 75.898 74.745 74.308 73.46 74.318 73.072 73.061 73.061 73.253 73.835 72.902 73.037 72.859 74.438 78.596 79.64 79.067 77.77 73.374 73.171 74.03 74.571 74.197 73.239 72.144 72.131 72.006 71.96 71.941 71.867 71.865 71.878 72.136 71.752 71.78 71.61 71.644 72.098 73.484 71.885 71.06 77.018
75.425 75.412 77.184 75.748 76.151 78.517 77.273 76.662 76.005 75.035 74.894 75.33 74.551 74.221 74.233 74.258 74.319 74.772 73.276 73.283 73.787 74.037 74.049 74.342 75.542 75.977 76.786 80.128 80.941 76.97 74.333 73.014 73.174 73.445 73.35 73.061 73.021 73.978 73.806 72.929 72.996 74.381 75.189 76.445 78.896 79.77 78.754 74.117 73.262 74.205 72.571 72.485 72.374 72.148 72.064 72.072 72.02 71.976 71.887 71.938 72.101 71.917 71.747 71.68 71.644 71.94 72.253 71.625 73.049 73.51 74.588
75.591 75.113 74.716 74.8 75.932 74.636 74.318 74.366 74.371 75.184 75.514 76.399 76.035 74.652 74.304 78.42 77.545 74.162 73.287 73.513 73.709 73.699 73.665 73.797 73.756 73.881 74.381 79.058 79.144 78.668 76.635 73.543 73.263 73.699 73.769 74.632 73.542 74.216 73.69 73.181 73.362 73.056 72.865 75.162 77.584 79.414 78.944 77.895 73.01 72.648 72.366 72.278 72.213 72.152 72.098 72.078 72.072 71.976 72.048 72.422 74.502 72.43 71.762 71.623 71.505 71.747 76.478 76.791 72.02 71.721 73.136
75.622 74.583 74.509 74.378 76.003 74.804 74.366 74.452 76.244 75.376 75.095 76.429 76.518 74.921 74.978 76.098 75.347 73.702 73.292 73.474 74.316 73.664 73.658 73.789 78.146 79.329 79.496 77.874 74.481 73.446 73.292 73.429 74.151 74.625 74.908 75.015 74.787 74.984 75.732 73.611 73.198 72.935 72.931 73.858 74.914 78.193 79.28 76.107 73.724 72.781 72.356 72.324 72.316 72.201 72.16 72.121 72.056 72.098 72.183 72.78 73.803 71.94 71.801 71.717 71.612 71.623 74.893 75.675 73.672 71.529 72.928
74.781 74.352 74.343 74.385 75.683 74.646 74.364 78.39 81.383 74.784 77.898 79.698 80.008 76.185 74.171 74.021 73.642 73.434 73.297 73.336 73.571 73.944 73.605 73.695 77.677 80.027 79.99 78.929 74.043 73.581 73.295 73.365 73.335 73.337 75.874 76.907 77.016 75.698 75.877 74.376 73.719 73.745 73.593 73.054 73.455 76.454 75.654 75.365 74.199 73.25 72.459 72.334 72.316 72.252 72.26 72.203 72.079 72.165 73.467 74.452 72.072 71.949 71.852 71.736 71.567 71.584 75.421 76.797 76.322 76.065 71.759
74.943 74.405 74.411 74.446 76.195 74.679 75.311 77.654 74.918 74.382 78.145 80.503 80.327 75.816 74.317 74.28 74.142 74.299 73.325 73.341 73.324 73.772 73.57 73.694 77.467 79.953 79.777 78.863 73.882 73.427 73.7 74.019 73.36 73.391 76.877 77.593 76.246 75.664 75.736 74.107 73.297 73.132 73.599 73.591 74.114 73.999 74.005 74.13 73.998 73.654 73.022 72.408 72.263 72.27 72.268 72.198 72.209 72.247 73.403 73.709 73.038 71.985 71.921 71.8 71.623 71.555 76.379 78.588 78.358 78.164 77.067
74.889 74.534 74.487 74.579 76.003 76.008 74.923 75.143 75.437 74.412 79.559 80.758 80.349 77.692 74.31 74.293 74.211 73.943 73.379 73.351 73.596 74.151 73.648 73.88 78.391 80.01 79.869 78.697 73.979 73.555 73.431 73.5 73.419 73.481 76.865 77.755 74.572 73.945 74.086 73.677 73.172 73.178 76.991 75.157 73.251 74.07 73.232 72.866 72.87 73.005 72.467 72.431 72.267 72.338 72.289 72.196 72.224 72.621 72.355 72.137 72.058 72.037 71.946 71.839 71.668 72.139 77.93 79.395 79.296 77.885 73.208
74.988 74.644 75.969 77.742 77.474 76.696 75.289 75.036 75.105 74.602 78.121 80.642 80.212 79.158 74.363 74.292 74.226 73.863 73.359 73.347 73.806 74.137 74.062 73.991 77.727 80.027 80.062 78.922 75.051 73.971 74.38 74.568 74.274 74.384 76.777 77.15 73.929 73.572 73.53 73.449 73.164 73.297 78.22 80.214 78.418 77.577 73.947 73.403 73.899 72.489 72.425 72.328 72.344 72.378 72.265 72.284 72.306 72.814 72.35 72.21 72.156 72.12 72.019 71.891 71.733 72.72 78.359 79.774 79.675 77.767 73.143
74.93 75.865 75.832 76.854 75.433 75.864 74.852 74.823 75.57 76.102 79.293 80.807 80.3 78.75 75.179 75.134 75.129 73.966 73.392 73.351 74.056 73.792 73.765 74.604 78.272 80.191 79.915 78.707 74.022 73.728 74.194 73.596 74.034 75.078 74.572 74.039 73.451 74.394 73.604 73.471 73.147 74.215 79.286 80.306 80.068 78.776 72.981 72.728 72.597 72.614 72.438 72.364 72.363 72.283 72.281 72.354 72.37 72.704 72.32 72.294 72.236 72.217 72.125 71.891 71.669 76.086 78.824 80.213 79.098 77.226 72.132
85.717 84.511 79.211 77.196 74.296 74.366 74.305 74.306 74.303 74.61 79.235 80.735 80.107 79.141 74.613 74.479 74.118 73.776 73.431 73.414 73.676 73.637 74.511 73.925 79.167 80.27 79.856 78.697 73.969 73.718 73.613 73.566 74.237 75.059 74.36 73.567 73.805 74.323 73.856 73.633 74.433 77.181 79.57 80.575 79.732 77.089 72.898 72.704 72.662 72.491 72.439 72.394 72.427 72.356 72.295 72.434 76.235 75.756 72.405 72.252 72.243 72.221 72.091 71.803 71.654 77.126 78.776 79.474 79.871 76.752 71.514
87.705 80.186 80.365 77.11 75.355 74.413 74.374 74.686 74.408 74.598 78.606 80.592 79.878 76.594 74.188 74.149 74.12 73.711 73.445 73.41 74.086 74.167 74.376 74.357 79.01 80.375 79.739 75.429 73.923 73.684 73.59 73.503 74.244 73.955 74.129 73.45 73.773 74.402 73.315 73.311 73.279 77.91 79.978 80.386 79.29 75.66 72.904 72.719 72.523 72.5 72.397 72.371 72.427 72.346 72.343 74.652 74.249 72.385 72.368 72.261 72.206 72.092 71.958 71.726 71.606 76.853 77.249 77.541 77.788 73.437 71.84
87.488 86.53 81.622 74.482 74.305 74.39 74.356 74.366 74.285 74.346 78.596 80.67 79.731 74.588 74.16 74.144 74.08 73.539 73.445 73.492 74.099 74.438 74.471 74.731 79.447 81.154 79.66 75.508 74.42 74.721 74.596 74.606 74.19 74.33 75.003 76.356 76.039 74.16 73.098 73.135 75.944 79.158 80.375 80.168 77.608 73.904 72.898 72.817 72.543 72.477 72.402 72.425 72.398 72.378 72.4 73.767 74.965 72.723 72.288 72.193 72.077 72.004 71.649 71.568 71.531 71.689 72.288 75.066 73.694 78.231 72.727
83.276 82.841 80.996 74.54 74.344 74.411 74.367 74.368 74.288 74.35 78.564 80.065 79.695 75.29 74.129 74.041 74.168 73.612 73.528 73.488 73.662 73.838 73.997 73.857 79.476 80.353 79.665 75.307 73.827 73.957 73.847 74.062 73.607 73.586 75.416 76.766 76.844 75.278 74.094 74.394 75.919 79.257 80.438 79.809 78.556 73.278 74.252 73.756 72.471 72.414 72.375 72.461 72.424 72.344 72.566 75.253 75.478 72.289 72.244 72.118 72.011 71.84 71.827 71.473 71.538 71.54 71.526 71.952 80.772 82.711 80.866
83.877 79.474 75.084 74.618 74.344 74.318 74.311 74.39 74.357 74.379 75.206 76.011 75.62 74.696 74.049 73.878 73.758 73.565 73.531 73.483 73.889 74.12 73.739 74.865 79.232 80.398 79.656 77.698 73.886 73.827 73.775 73.691 73.708 74.369 76.07 76.985 76.671 74.384 73.12 73.978 73.897 75.38 78.985 79.371 78.43 73.378 72.955 72.969 72.465 72.381 72.383 72.383 72.376 72.37 75.512 77.732 75.044 72.303 72.177 72.069 71.933 72.924 71.704 75.753 73.464 71.769 71.7 77.814 81.075 84.655 85.04
79.76 75.596 74.417 74.442 74.418 74.433 74.48 74.663 74.669 74.717 75.366 75.251 75.185 75.063 74.347 74.742 74.797 73.843 73.548 73.518 74.279 73.789 73.73 76.616 79.28 80.331 79.438 76.182 73.834 73.834 73.713 73.662 73.541 74.319 75.938 76.766 76.164 74.352 74.338 74.087 73.732 74.215 74.959 73.93 73.34 73.178 72.781 72.522 72.414 72.339 72.446 72.41 72.343 72.435 73.02 74.159 72.576 72.202 72.018 71.862 71.742 71.614 75.853 77.779 77.085 74.252 75.511 78.043 82.39 84.489 85.651
74.816 74.507 74.403 74.398 74.441 74.504 74.5 74.428 74.422 74.395 77.016 75.407 74.399 74.303 74.296 74.916 74.61 73.548 73.608 73.526 74.253 75.048 74.912 74.987 79.414 80.837 79.796 75.78 73.958 73.995 73.909 73.659 73.737 74.647 74.347 73.23 73.149 73.582 73.578 74.321 78.308 73.574 73.504 73.115 73.228 72.843 72.488 72.329 72.334 72.293 72.369 72.369 72.324 72.384 72.973 72.429 72.221 72.08 71.885 71.715 71.724 75.341 78.391 79.263 78.475 77.356 72.632 75.253 76.338 83.737 84.003
74.865 75.029 75.071 74.597 74.454 74.519 74.51 74.474 74.598 74.499 79.174 81.342 78.82 75.376 74.272 74.224 74.75 73.572 73.595 73.583 74.242 73.882 74.392 74.073 79.618 80.316 79.286 75.452 73.934 73.776 73.778 73.81 75.278 74.754 73.707 73.234 73.253 74.324 73.224 77.435 79.452 80.47 78.562 76.946 72.895 72.578 72.381 72.349 72.277 72.332 72.363 72.331 72.345 72.686 72.677 72.372 72.234 71.965 71.71 71.574 72.604 77.214 79.15 80.089 80.249 78.175 73.075 71.456 79.422 83.228 82.06
74.856 74.943 74.952 74.661 74.547 74.48 74.529 74.51 74.486 77.115 80.442 80.669 79.597 74.993 74.145 74.047 74.816 73.549 73.542 73.602 74.039 73.767 75.01 74.958 79.686 80.325 79.231 76.279 73.887 73.74 73.732 73.713 73.727 74.444 73.444 73.324 74.183 74.954 76.044 78.492 79.983 80.17 79.348 75.6 72.884 72.857 72.576 72.292 72.219 72.332 72.361 72.295 72.318 72.418 72.592 72.35 72.094 71.866 71.667 72.918 76.922 78.923 80.105 79.347 77.988 74.02 71.385 71.482 71.594 75.975 73.141
74.845 74.75 74.69 74.604 74.758 74.759 75.226 74.587 74.697 79.994 80.858 80.136 75.752 74.329 74.256 74.156 73.898 73.561 73.611 73.518 73.778 73.715 73.785 77.525 79.906 80.171 79.186 74.49 73.768 73.943 73.693 73.634 73.78 73.518 73.311 73.537 73.428 73.741 76.549 79.152 80.165 80.078 79.153 74.577 74.449 74.43 72.406 72.236 72.204 72.313 72.336 72.205 72.363 72.55 72.418 72.245 71.99 71.804 71.598 76.107 78.013 78.995 79.507 78.226 77.019 71.484 71.535 71.567 71.703 79.084 81.856
74.84 74.762 74.703 74.581 74.591 74.55 74.622 74.693 77.513 80.391 80.708 79.536 74.433 74.278 74.236 74.209 73.939 73.535 73.513 73.576 73.674 73.707 73.716 73.745 75.223 76.64 78.84 73.797 75.192 74.025 73.654 73.631 73.615 73.479 73.287 73.335 73.247 73.133 75.936 79.497 80.294 79.651 76.821 73.186 73.13 72.804 72.279 72.193 72.228 72.226 72.222 72.254 72.319 72.454 72.352 72.101 71.871 71.726 71.61 72.885 76.452 77.757 80.14 77.495 72.072 71.514 71.579 71.711 75.685 83.386 85.544
74.977 74.693 74.77 74.626 74.524 74.753 74.607 74.632 79.57 80.927 81.747 78.298 74.809 74.234 74.144 74.259 73.711 73.537 73.486 73.683 74.245 74.291 74.148 73.759 73.913 75.067 74.375 74.032 75.901 75.477 75.187 75.105 74.042 75.159 75.423 74.913 73.493 73.04 76.194 79.61 80.379 79.552 74.845 72.867 72.782 72.465 72.201 72.088 72.134 72.191 72.188 72.247 72.271 72.52 72.434 72.09 71.811 71.698 71.673 71.532 71.964 75.956 77.273 73.037 71.5 71.566 71.553 74.751 81.705 84.987 85.906
74.776 75.513 76.405 76.332 74.996 74.539 75.75 78.951 80.402 80.776 79.783 76.696 74.886 74.576 74.832 73.956 73.432 73.496 73.466 73.971 73.634 73.667 73.652 73.978 73.732 74.181 74.165 75.283 75.837 75.793 75.726 75.701 76.164 74.901 75.122 75.418 74.001 73.57 78.814 79.933 80.253 79.19 74.57 72.705 72.53 72.281 72.149 72.047 72.189 72.131 72.137 72.206 72.781 72.163 72.007 71.947 71.697 71.632 71.667 71.649 71.55 71.449 72.411 71.445 71.53 71.592 71.474 75.466 80.545 84.829 85.728
74.44 74.481 76.129 76.72 75.628 74.447 76.54 79.682 80.955 80.349 76.962 74.678 74.29 74.316 74.583 73.555 73.439 73.491 73.499 73.917 73.64 73.685 76.174 77.338 74.591 73.663 73.525 73.488 73.425 73.421 73.984 76.04 77.602 76.326 74.947 75.011 73.269 73.806 74.495 75.317 79.514 78.127 73.54 72.56 72.455 72.187 71.983 72.022 72.08 72.103 72.095 72.211 72.345 72.012 71.861 72.171 71.55 71.556 71.591 71.573 71.572 71.564 71.465 71.486 71.567 71.67 71.735 76.364 81.714 82.385 85.679
74.403 74.537 74.406 74.652 74.915 74.477 76.571 79.741 80.303 79.693 74.958 74.103 74.006 73.874 73.679 73.507 73.452 73.401 74.051 73.584 73.568 73.619 77.24 79.353 79.418 77.766 75.348 73.804 73.299 73.286 73.323 74.585 76.775 74.408 73.427 75.549 75.17 73.706 74.062 72.954 72.893 72.835 73.139 72.4 72.322 72.03 71.926 71.983 72.049 72.033 72.129 72.197 72.427 71.933 71.834 71.683 74.41 73.149 73.439 72.083 71.53 71.568 71.537 71.552 71.602 78.712 84.771 85.113 83.751 85.201 87.063
74.277 74.232 74.123 74.205 75.153 74.575 74.372 75.473 78.78 78.283 74.236 73.969 73.773 73.813 73.593 73.345 73.423 73.444 74.055 73.56 73.614 73.981 78.96 79.925 79.444 76.085 73.587 73.513 73.318 73.22 73.347 73.594 72.873 72.89 72.887 73.243 73.346 73.674 74.01 73.074 73.526 73.774 72.615 72.17 71.903 71.862 71.915 71.961 71.975 71.969 72.079 72.167 72.146 71.893 71.737 72.961 77.559 77.585 77.318 75.891 75.285 71.576 71.518 71.819 82.366 86.124 85.509 84.49 85.904 87.083 88.658
74.188 74.141 74.314 78.901 79.281 75.163 74.549 74.292 74.037 73.85 73.776 73.668 74.025 73.78 73.286 73.359 74.282 73.809 73.48 73.756 74.362 77.385 79.319 79.992 79.145 75.849 73.413 73.28 73.222 73.249 74.113 73.262 73.571 72.858 73.933 73.015 72.573 76.094 78.507 77.551 73.769 73.01 73.408 72.77 71.84 71.761 71.839 71.864 71.879 71.954 72.045 72.455 72.012 71.761 71.584 72.837 78.335 79.381 78.731 78.2 72.87 71.543 74.88 83.913 86.066 88.966 88.629 88.142 86.451 83.897 86.946
74.604 77.987 79.826 80.283 79.853 79.197 74.395 74.064 75.263 74.245 73.52 73.406 73.334 73.236 73.303 73.31 73.774 73.457 73.404 73.402 73.679 78.783 79.861 79.694 78.523 74.045 73.357 73.288 73.199 73.814 74.176 72.906 72.842 73.209 73.456 72.996 75.097 77.871 79.305 78.701 77.451 72.511 72.757 72.843 71.752 71.753 71.782 71.843 71.823 71.933 72.007 72.04 71.885 71.669 71.571 76.482 78.465 80.195 79.013 77.445 71.829 79.196 87.338 85.754 90.539 90.598 89.8 89.086 87.775 87.444 83.752
79.483 80.066 80.446 80.158 79.899 78.197 74.564 73.91 73.756 74.211 74.471 73.608 73.211 73.232 73.272 73.278 73.454 73.438 73.389 73.412 74.551 79.11 79.855 78.867 75.673 74.322 73.43 73.242 73.221 73.615 72.828 72.791 72.813 72.761 73.992 72.862 77.425 79.17 78.539 78.166 73.785 72.375 72.116 71.73 71.612 71.677 71.721 71.691 71.793 71.892 71.943 71.95 71.783 71.545 74.286 77.081 79.328 79.72 78.24 74.353 71.511 74.293 85.429 84.723 91.107 91.05 90.609 90.263 89.174 88.517 86.311
80.576 80.47 79.525 79.117 76.367 74.589 74.005 73.912 73.467 73.387 73.464 73.27 73.232 73.216 73.241 73.404 73.757 73.475 73.453 73.453 77.952 79.855 79.568 78.476 73.27 73.326 73.284 73.592 74.077 73.736 72.805 72.678 72.609 72.57 73.958 77.288 78.733 78.918 77.576 74.683 72.31 72.332 71.99 71.475 71.58 71.628 71.637 71.627 71.737 71.87 72.29 71.875 71.688 71.507 74.35 78.004 79.47 79.616 78.086 74.062 71.923 74.239 86.082 91.096 91.009 91.517 91.088 89.06 89.105 89.105 86.422
79.87 79.067 74.898 74.03 74.08 73.944 73.92 73.569 73.577 73.117 73.09 73.17 73.165 73.267 73.455 73.34 73.362 73.901 73.444 74.469 78.569 79.374 79.186 74.881 73.138 73.015 73.062 73.667 74.136 73.379 74.468 74.776 72.967 72.548 75.557 78.46 79.291 78.039 74.158 72.397 72.167 72.364 71.457 71.42 71.505 71.569 71.54 76.908 80.012 73.965 71.973 71.752 71.627 71.757 75.719 77.667 78.287 78.572 77.359 72.989 72.194 73.851 76.58 89.925 90.648 91.304 90.948 89.115 86.754 87.183 83.08
76.451 75.399 75.139 74.065 74.003 73.866 74.086 73.049 73.191 73.067 73.098 73.083 73.246 73.458 73.294 73.218 73.024 73.052 73.888 73.465 73.416 77.398 78.456 73.447 73.164 73.005 73.049 73.991 73.241 73.89 74.463 74.584 74.66 73.292 77.456 79.285 78.534 77.275 73.143 72.715 72.11 71.886 71.303 71.357 71.432 71.611 77.554 81.749 82.564 82.916 80.714 71.984 71.621 71.66 71.505 74.454 76.449 77.085 76.808 71.473 71.338 71.783 76.327 85.351 89.889 90.386 89.831 87.65 87.43 85.917 83.402
