dsm/se3331_DSM_2M.asc
ncols 500
nrows 500
xllcorner    433000
yllcorner    431000
cellsize     2
NODATA_value -9999
[rows 64 to 95 of 500, columns 216 to 287 of 500]
30.501 30.461 30.399 30.321 30.251 30.188 30.121 30.102 30.004 29.499 29.304 29.262 29.631 29.447 28.987 29.389 29.516 28.976 29.616 30.362 30.076 29.998 29.956 29.84 29.836 29.859 29.999 30.126 30.175 30.253 30.24 30.233 30.277 30.256 30.256 30.267 30.159 30.046 29.92 29.918 29.92 29.94 30.108 30.148 30.168 30.218 30.216 30.213 30.208 30.178 30.19 30.181 30.177 30.173 30.163 30.162 30.193 30.19 30.16 30.151 30.109 30.092 29.932 29.929 29.98 30.018 30.147 30.134 30.028 29.932 29.826 29.74
30.478 30.463 30.438 30.358 30.282 30.18 30.088 30.007 29.994 30.083 30.368 30.022 30.077 30.097 29.766 30.178 30.449 29.927 29.842 29.873 30.006 29.986 29.791 29.76 29.796 29.982 30.116 30.124 30.193 30.171 30.191 30.284 30.284 30.249 30.286 30.292 30.251 30.187 30.083 29.977 29.934 29.94 29.973 30.128 30.161 30.187 30.206 30.207 30.168 30.171 30.187 30.174 30.175 30.153 30.151 30.135 30.119 30.149 30.136 30.144 30.117 30.003 29.958 30.021 30.042 30.12 30.178 30.103 29.941 29.85 29.651 29.569
30.514 30.5 30.459 30.36 30.256 30.188 30.127 30.057 29.975 30.02 29.975 29.985 29.993 29.983 29.801 29.905 30.082 29.934 29.794 29.818 29.848 29.808 29.746 29.844 29.97 30.097 30.112 30.151 30.176 30.168 30.822 30.869 30.862 30.798 30.159 30.199 30.225 30.203 30.162 30.12 29.989 29.994 29.956 30.003 30.113 30.151 30.167 30.204 30.177 30.208 30.185 30.19 30.16 30.17 30.132 30.114 30.078 30.114 30.104 30.09 29.957 30.003 30.019 30.063 30.168 30.19 30.12 30.012 29.9 29.8 29.669 29.551
30.56 30.527 30.484 30.391 30.291 30.24 30.218 30.176 30.099 30.056 30.031 29.999 29.935 29.812 29.798 29.853 29.887 29.892 29.848 29.842 29.87 29.815 29.921 30.044 30.034 30.075 30.149 30.485 29.541 28.866 28.942 28.976 28.969 28.954 28.814 29.212 30.373 30.166 30.162 30.177 30.066 30.016 30.02 29.987 30.062 30.109 30.15 30.181 30.22 30.187 30.153 30.153 30.151 30.156 30.168 30.11 30.095 30.112 30.054 29.981 30.027 30.056 30.062 30.222 30.205 30.131 30.044 29.934 29.836 29.711 29.57 29.407
30.59 30.523 30.448 30.358 30.351 30.327 30.271 30.204 30.169 30.168 30.045 29.958 29.914 29.824 29.832 29.945 29.935 29.909 29.927 29.884 29.898 29.956 30.072 30.119 30.096 30.507 29.424 28.948 28.99 29.012 28.992 28.957 28.921 29.01 29.024 28.982 28.966 29.092 30.292 30.195 30.219 30.153 30.055 30.019 30.012 30.083 30.154 30.167 30.214 30.189 30.149 30.133 30.143 30.178 30.136 30.098 30.11 30.085 29.971 30.03 30.068 30.112 30.2 30.227 30.15 30.119 30.025 29.891 29.78 29.659 29.451 29.291
30.599 30.515 30.442 30.374 30.334 30.301 30.267 30.233 30.231 30.086 29.888 29.922 30.067 29.797 29.784 29.905 29.934 29.956 29.931 29.963 29.966 30.046 30.149 30.25 30.172 29.545 29.007 29.002 29.72 29.03 28.94 28.962 28.988 28.912 28.929 28.952 28.954 28.95 30.659 30.198 30.156 30.183 30.077 30.021 30.006 30.013 30.026 30.105 30.129 30.14 30.147 30.06 30.058 30.113 30.11 30.089 30.044 29.978 30.039 30.075 30.115 30.246 30.208 30.176 30.11 30.077 29.973 29.839 29.714 29.599 29.463 29.355
30.607 30.516 30.419 30.37 30.329 30.232 30.235 30.22 30.121 30.039 29.911 29.842 29.745 29.733 29.729 29.816 29.914 29.931 30.014 30.081 30.075 30.122 30.157 30.779 29.592 29.085 28.992 28.957 28.925 29.396 28.946 28.956 28.922 28.911 28.972 28.979 28.926 29.002 29.003 30.463 30.173 30.189 30.204 30.071 30.054 30.019 30.008 30.007 30.063 30.085 30.13 30.067 30.023 30.066 30.065 30.065 29.994 30.025 30.053 30.123 30.246 30.264 30.212 30.129 30.117 30.078 29.956 29.819 29.671 29.459 29.372 29.203
30.592 30.549 30.456 30.374 30.32 30.187 30.17 30.137 30.058 29.989 29.916 29.8 29.718 29.715 29.754 29.814 29.881 29.954 30.108 30.211 30.1 30.02 30.123 31.326 31.431 29.774 29.014 28.949 28.959 29.231 28.926 28.963 28.965 28.94 28.943 28.925 28.929 28.984 28.961 28.856 30.251 30.183 30.217 30.171 30.056 30.039 30.056 29.986 29.951 29.99 29.998 29.974 29.974 29.96 29.968 30.019 30.072 30.087 30.124 30.207 30.243 30.229 30.198 30.115 30.084 29.993 29.815 29.68 29.535 29.357 29.178 29.081
30.594 30.516 30.416 30.318 30.296 30.151 30.094 30.001 29.99 29.901 29.842 29.782 29.753 29.785 29.787 29.779 29.869 30.039 30.401 30.357 30.177 30.025 30.24 28.954 30.999 31.269 31.7 29.079 28.946 29.002 28.965 28.928 28.949 29.001 28.894 28.964 28.964 28.886 28.938 28.945 30.146 30.319 30.2 30.099 30.045 30.032 29.981 30.008 29.975 29.956 29.931 29.929 29.963 29.989 30.013 30.051 30.107 30.153 30.268 30.241 30.203 30.164 30.159 30.079 29.952 29.814 29.677 29.513 29.358 29.167 29.027 28.904
30.589 30.508 30.478 30.4 30.343 30.165 30.088 29.989 29.931 29.882 29.801 29.852 29.989 30.123 29.887 29.828 29.887 30.13 30.357 30.448 30.182 29.991 29.64 28.851 28.974 29.808 31.505 31.435 31.128 29.189 28.989 29.078 29.013 28.937 28.974 28.865 28.819 28.911 28.92 29.008 30.078 30.331 30.214 30.228 30.061 30.008 29.99 29.996 29.977 29.939 29.948 29.945 29.965 30.034 30.073 30.097 30.176 30.27 30.25 30.178 30.117 30.087 30.039 29.897 29.769 29.673 29.529 29.359 29.195 29.05 28.932 28.859
30.545 30.51 30.454 30.408 30.249 30.157 30.146 30.064 29.938 29.783 29.822 30.042 29.734 29.661 30.194 29.99 30.006 30.059 30.121 30.191 30.068 29.919 30.098 28.959 28.968 28.903 28.937 30.589 32.026 31.646 31.315 29.032 29.217 29.044 28.883 28.94 28.818 28.886 28.879 28.971 28.547 29.871 30.205 30.233 29.99 29.946 29.951 29.941 29.956 29.95 29.981 29.996 30.032 30.089 30.095 30.188 30.227 30.218 30.204 30.097 29.931 29.95 29.853 29.718 29.621 29.49 29.357 29.207 29.093 28.941 28.863 28.748
30.54 30.492 30.401 30.343 30.138 30.095 30.035 29.958 29.854 29.775 29.849 30.153 29.978 30.231 31.089 32.483 30.482 30.031 30.125 30.147 30.06 30.058 29.123 28.908 28.934 28.939 28.906 28.943 29.683 30.656 31.98 31.438 31.76 29.557 28.974 28.953 28.842 28.893 28.953 28.964 28.968 30.338 30.234 30.238 30.058 29.944 29.936 29.941 29.957 29.943 29.956 30.013 30.044 30.094 30.209 30.281 30.207 30.112 30.066 29.995 29.877 29.808 29.716 29.579 29.479 29.334 29.196 29.066 28.955 28.804 28.736 28.547
30.545 30.47 30.41 30.301 30.111 30.133 30.033 29.955 29.813 29.793 29.799 29.943 30.327 30.955 33.503 33.697 31.548 30.878 30.203 30.041 30.062 30.094 30.321 29.021 28.917 28.87 28.848 28.852 28.922 28.909 29.727 31.615 31.903 32.278 31.282 31.386 28.967 28.903 28.904 30.384 30.452 30.751 30.157 30.194 29.988 29.886 29.873 29.874 29.944 29.963 30.03 30.041 30.082 30.211 30.282 30.253 30.168 30.01 29.961 29.894 29.777 29.668 29.547 29.428 29.295 29.167 29.055 28.946 28.769 28.611 28.408 28.309
30.511 30.467 30.386 30.143 30.122 30.065 30.047 29.943 29.895 29.826 29.938 30.09 30.756 33.574 33.871 33.814 33.676 32.646 30.122 30.013 30.006 30.066 30.494 29.003 28.953 28.919 28.873 28.931 28.936 28.819 28.99 29.032 29.468 30.029 29.904 28.923 29.016 28.866 28.881 28.941 31.029 30.394 30.122 30.14 29.968 29.914 29.913 29.964 29.981 30.01 30.126 30.132 30.167 30.212 30.189 30.192 30.006 29.911 29.819 29.713 29.614 29.517 29.431 29.261 29.164 29.07 28.999 28.822 28.654 28.387 28.258 28.19
30.465 30.371 30.319 30.13 30.081 30.035 30.057 30.067 29.945 29.955 30.069 29.945 30.742 32.481 33.569 33.75 33.445 31.296 29.996 29.891 29.908 29.956 29.864 28.746 28.945 28.868 28.943 28.943 28.874 28.873 28.946 28.932 30.414 29.335 28.899 28.909 28.941 28.944 28.937 28.993 28.59 30.04 30.101 30.113 29.985 29.924 29.893 29.981 30.017 30.095 28.672 30.034 30.192 30.189 30.171 30.059 29.941 29.848 29.734 29.591 29.47 29.378 29.293 29.199 29.132 29.052 28.89 28.743 28.578 28.312 28.273 28.207
30.475 30.366 30.271 30.144 30.061 30.042 30.149 30.009 30.02 30.052 30.097 30.191 30.423 30.059 30.862 33.241 32.016 30.55 30.12 30.044 29.904 29.874 29.769 28.776 29.047 28.957 28.957 28.912 28.997 28.94 28.979 28.874 28.947 28.897 28.937 29.035 28.986 29.009 28.943 28.92 30.131 30.101 30.159 30.128 30.001 29.971 30.019 30.054 30.145 29.004 28.013 28.122 30.085 30.23 30.192 30.076 29.991 29.848 29.675 29.583 29.442 29.253 29.2 29.121 29.003 28.942 28.718 28.503 28.352 28.298 28.283 28.004
30.456 30.371 30.265 30.133 30.082 30.059 30.174 30.025 30.051 30.387 30.218 30.111 30.115 29.996 30.006 30.424 30.288 30.041 30.064 30.119 30.131 29.93 29.924 29.438 29.211 29.082 29.018 28.937 28.981 28.991 28.972 28.968 28.95 28.971 28.971 28.904 28.914 28.968 28.963 29.264 30.217 30.105 30.171 30.042 29.998 30.024 30.043 30.087 30.206 28.79 28.305 30.101 30.208 30.184 30.136 29.997 29.83 29.638 29.472 29.367 29.257 29.167 29.115 29.057 28.928 28.782 28.958 28.576 28.309 28.311 28.016 26.372
30.42 30.373 30.306 30.189 30.087 30.075 30.037 30.038 30.073 30.15 30.357 30.104 29.902 29.815 29.972 30.112 30.154 30.111 30.034 30.185 30.127 30.146 30.166 30.209 29.47 29.054 29.024 29.03 28.976 28.955 29.001 28.962 28.943 28.973 28.969 29.01 28.945 28.974 28.926 30.381 30.162 30.116 30.108 29.996 29.972 30.051 30.071 30.153 30.085 30.103 29.785 30.11 30.117 30.138 30.055 29.84 29.583 29.405 29.302 29.233 29.206 29.11 28.984 28.87 28.793 28.669 28.547 28.461 28.386 28.455 27.845 26.166
30.418 30.375 30.316 30.226 30.101 30.054 29.997 29.991 30.015 30.013 29.965 29.828 29.719 29.612 29.645 29.916 29.937 30.109 30.121 30.102 30.139 30.234 30.218 30.154 30.039 29.177 29.022 29.066 29.01 28.972 28.949 28.959 28.967 28.905 28.952 29.004 28.951 28.881 30.241 30.212 30.129 30.183 30.024 30.002 30.028 30.085 30.085 30.091 30.188 30.144 30.099 30.055 30.05 30.012 44.678 29.961 29.472 29.337 29.267 29.225 29.135 28.931 29.042 28.75 28.692 28.557 28.479 28.356 28.327 28.254 26.323 26.17
30.435 30.387 30.349 30.228 30.175 30.099 30.039 29.928 29.899 29.895 29.682 29.556 29.234 29.538 29.555 29.656 29.763 29.914 30.08 30.142 30.18 30.23 30.296 30.245 30.157 30.127 29.664 28.922 29.061 29.064 29.013 28.995 28.961 28.993 28.989 28.901 28.656 30.315 30.183 30.158 30.172 29.994 29.999 30.046 30.077 30.071 30.138 30.152 30.174 30.177 30.02 29.952 29.889 29.823 29.687 29.537 29.378 29.282 29.169 29.098 29.081 28.772 28.706 28.627 28.601 28.469 28.431 28.343 28.379 26.856 26.153 27.562
30.408 30.368 30.316 30.248 30.187 30.129 30.041 29.733 29.485 29.921 29.207 28.589 28.218 28.727 29.199 29.772 29.754 29.772 29.994 30.189 30.223 30.284 30.268 30.239 30.162 30.187 30.307 30.151 30.235 29.027 28.889 28.793 28.738 28.551 29.576 30.538 30.255 30.218 30.234 30.183 30.004 29.998 30.035 30.035 30.035 30.088 30.137 30.216 33.292 34.809 30.063 29.806 29.675 29.654 29.597 29.484 29.311 29.209 29.062 28.891 28.819 28.686 28.596 28.546 28.498 28.408 28.335 28.359 26.801 26.199 27.969 28.117
30.367 30.333 30.324 30.243 30.14 30.007 29.86 29.4 28.281 28.007 27.894 27.229 27.287 27.666 27.772 29.429 29.452 29.67 29.965 30.085 30.137 30.151 30.206 30.225 30.172 30.163 30.179 30.187 30.211 30.198 29.961 29.631 29.645 30.106 30.31 30.182 30.206 30.169 30.131 29.938 29.954 30 30.006 30.049 30.107 30.131 30.136 34.241 35.926 35.769 35.12 32.113 29.591 29.526 29.486 29.38 29.249 29.151 28.941 28.806 28.652 28.564 28.54 28.494 28.423 28.329 28.419 29.846 26.349 28.214 28.157 28.125
30.361 30.361 30.302 30.173 30.056 29.792 28.66 28.125 27.471 27.117 26.704 26.389 26.263 26.501 26.426 26.824 27.642 28.377 29.518 29.974 30.06 30.113 30.181 30.158 30.123 30.146 30.153 30.177 30.199 30.194 30.19 30.162 30.17 30.206 30.217 30.214 30.172 30.063 29.966 29.963 29.965 29.999 29.976 30.06 30.137 30.275 34.419 36.192 36.061 35.922 35.779 35.472 29.808 29.312 29.304 29.239 29.145 29.006 28.815 28.652 28.581 28.478 28.437 28.408 28.209 28.475 27.714 28.433 27.566 28.202 28.133 28.047
30.332 30.299 30.24 30.106 29.858 28.878 27.72 27.28 26.88 26.698 26.432 26.015 25.944 25.938 25.851 25.97 26.407 27.089 28.294 29.923 30.113 30.116 30.136 30.101 30.103 30.136 30.158 30.173 30.192 30.18 30.202 30.227 30.217 30.23 30.218 30.177 30.064 29.917 29.925 29.958 29.997 29.905 30.023 29.988 30.154 35.21 35.875 36.027 36.191 36.088 35.868 35.767 35.989 29.87 29.132 29.125 29.066 28.957 28.769 28.608 28.513 28.448 28.36 28.326 28.348 28.101 26.824 26.788 28.602 28.42 28.104 28.029
30.279 30.239 30.154 29.948 29.626 27.943 27.311 27.048 26.769 26.506 26.213 26.057 25.9 25.845 25.849 25.901 25.935 26.425 27.442 29.656 30.104 30.064 30.096 30.105 30.088 30.143 30.167 30.171 30.154 30.174 30.222 30.239 30.227 30.263 30.441 30.151 29.948 29.871 29.927 29.975 29.994 30.012 30.007 29.918 29.989 34.343 35.695 35.848 35.975 36.165 36.094 35.957 32.311 29.203 29.051 29.023 28.974 28.812 28.742 28.483 28.435 28.531 28.628 28.465 27.027 27.478 26.613 24.969 25.601 27.994 28.061 28.026
30.229 30.2 30.132 29.989 28.331 27.721 27.28 26.942 26.653 26.432 26.17 26.012 25.897 26.124 26.093 26.123 26.129 26.285 26.642 28.11 29.757 29.986 30.09 30.136 30.01 30.122 30.183 30.19 30.162 30.207 30.238 30.192 30.17 30.127 30.037 29.941 29.896 29.92 29.929 29.925 29.991 29.936 29.89 29.838 29.747 31.329 35.656 35.736 35.879 36.061 36.128 31.159 29.127 29.075 28.967 28.8 28.837 28.651 28.56 28.385 28.366 28.346 28.399 26.794 28.407 26.044 24.888 24.84 24.847 25.545 27.888 28
30.243 30.193 30.164 29.386 27.755 27.45 27.195 26.845 26.678 26.557 26.326 26.173 26.167 26.183 26.256 26.465 26.443 26.429 26.709 27.353 28.746 29.763 29.994 30.024 30.041 30.1 30.184 30.137 30.187 30.208 30.221 30.188 30.084 29.932 29.89 29.912 29.888 29.915 29.871 29.921 29.887 29.826 29.807 29.863 29.684 29.598 30.84 35.563 35.789 35.838 29.94 29.137 29.019 28.931 28.799 28.681 28.643 28.551 28.428 28.34 28.368 27.596 27.847 27.876 25.598 24.867 24.838 24.868 24.871 24.853 25.533 27.83
30.209 30.135 29.899 28.669 27.539 27.139 26.961 26.905 26.847 26.736 26.698 26.377 26.394 26.33 26.356 26.755 26.707 26.695 26.702 27.286 28.427 29.45 29.965 29.975 29.996 30.092 30.163 30.163 30.104 30.155 30.142 30.05 29.886 29.85 29.802 29.876 29.873 29.824 29.893 29.83 29.813 29.751 29.709 29.778 29.759 29.731 30.896 31.335 35.52 31.175 29.131 29.021 28.938 28.795 28.649 28.526 28.474 28.476 30.852 29.721 28.525 28.195 27.814 25.573 24.844 24.845 24.833 24.878 24.884 24.874 24.884 25.493
30.2 30.051 29.753 28.094 27.127 26.796 26.726 26.769 26.92 27.267 27.547 26.584 26.543 26.524 26.611 26.736 26.782 26.684 26.82 27.144 28.333 29.67 30.04 30.034 30.014 30.04 30.113 30.113 30.095 30.085 30.016 29.883 29.839 29.857 29.869 29.854 29.811 29.796 29.811 29.7 29.648 29.601 29.591 29.542 29.729 29.468 32.003 30.573 29.282 29.176 29.203 29.078 28.79 28.693 28.549 28.399 28.272 28.296 29.355 29.532 27.16 28.318 25.414 24.86 24.843 24.825 24.834 24.822 24.812 24.823 24.848 24.935
30.189 29.986 29.501 27.739 26.978 26.669 26.549 26.576 26.983 27.863 27.323 27.452 27.124 26.769 26.939 27.574 27.001 26.961 27.038 27.318 28.323 29.574 30.02 30.034 30.051 30.048 29.999 30.055 29.963 29.944 29.875 29.819 29.873 29.857 29.893 29.798 29.783 29.753 29.685 29.624 29.592 29.533 29.482 29.42 29.394 29.326 29.306 29.309 29.21 29.016 29.092 28.763 28.687 28.616 28.48 28.287 28.303 28.357 27.284 28.63 27.829 27.773 27.29 25.141 24.882 24.847 24.874 24.89 24.843 24.853 24.822 24.839
30.17 29.958 29.236 27.623 26.991 26.595 26.462 26.78 28.831 30.67 27.982 27.174 27.934 28.131 28.059 28.356 27.984 27.169 27.232 27.463 27.885 28.979 30.04 30.072 30.069 30.053 30.005 30.223 29.918 29.896 29.91 29.906 29.933 29.953 29.933 29.857 29.868 29.748 29.721 29.649 29.584 29.537 29.468 29.412 29.355 29.307 29.331 29.306 29.217 29.112 28.931 28.787 28.659 28.517 28.419 28.311 28.3 28.419 26.48 27.971 25.495 24.221 26.956 27.476 25.596 24.839 24.789 24.847 24.79 24.888 24.807 24.829
30.188 30.061 30.29 28.655 27.055 26.441 26.214 26.497 27.601 27.638 27.191 26.685 26.918 27.062 27.178 27.838 28.671 28.677 29.057 28.689 28.363 30.125 30.061 30.07 30.013 30.036 30.018 29.907 29.845 29.911 29.923 29.935 29.924 29.931 29.851 31.699 31.263 29.801 29.578 29.497 29.439 29.364 29.383 29.32 29.267 29.337 29.268 29.293 29.535 28.911 28.743 28.581 28.46 28.253 28.268 28.35 27.409 26.907 28.222 24.673 24.149 24.18 24.205 26.784 27.446 25.101 24.872 24.851 24.844 24.83 24.86 24.884
