dsm/se3330_DSM_2M.asc
ncols 500
nrows 500
xllcorner    433000
yllcorner    430000
cellsize     2
NODATA_value -9999
[rows 416 to 447 of 500, columns 216 to 287 of 500]
22.479 22.151 22.25 22.342 22.257 22.284 22.293 22.153 22.073 22.048 22.597 23.761 26.068 26.469 26.407 26.058 24.264 23.24 22.279 21.628 21.585 21.703 21.749 21.8 21.727 21.705 21.635 21.494 21.424 21.364 21.403 22.16 23.24 24.51 25.184 25.027 23.726 24.172 23.667 22.089 21.23 21.513 22.33 22.364 22.407 22.362 21.869 22.542 22.6 21.658 21.168 20.286 20.336 -9999 -9999 -9999 -9999 -9999 -9999 -9999 -9999 -9999 -9999 -9999 -9999 -9999 20.28 20.297 -9999 21.67 21.298 21.909
22.33 22.095 22.151 22.286 22.295 22.193 22.151 22.094 22.076 22.477 23.378 24.758 26.57 26.567 25.984 24.593 23.349 22.27 21.735 21.64 21.599 21.6 21.667 21.727 21.708 21.604 21.549 21.504 21.452 21.399 21.358 21.547 22.709 23.573 24.765 22.926 22.559 22.782 22.706 21.798 21.318 21.917 22.179 22.106 22.421 22.254 22.334 22.466 22.422 21.845 20.965 20.437 20.38 -9999 -9999 -9999 -9999 -9999 -9999 -9999 -9999 -9999 -9999 -9999 -9999 -9999 20.283 -9999 20.268 20.271 21.604 22.341
22.047 22.052 22.06 22.218 22.17 22.202 22.157 22.142 22.168 22.465 23.325 25.702 26.37 26.336 25.446 23.963 22.899 21.865 21.649 21.592 21.567 21.625 21.618 21.687 21.608 21.551 21.595 21.43 21.411 21.228 21.243 21.412 21.797 22.559 23.207 21.868 21.575 21.84 21.837 21.387 21.296 21.882 22.715 22.715 22.542 22.157 21.928 22.323 21.591 20.896 20.743 20.368 -9999 -9999 -9999 -9999 -9999 -9999 -9999 -9999 -9999 -9999 -9999 -9999 -9999 -9999 20.27 20.268 20.276 20.283 21.366 22.048
22.085 22.092 22.055 22.135 22.217 22.164 22.156 22.212 22.274 23.242 24.606 26.371 26.376 24.993 23.743 23.135 22.129 21.722 21.613 21.598 21.6 21.538 21.541 21.629 21.55 21.525 21.5 21.456 21.393 21.335 21.287 21.216 21.274 21.417 22.015 21.399 21.404 21.617 21.65 21.388 21.24 22.806 22.429 23.285 22.711 22.337 23.454 23.263 22.107 20.829 20.653 20.314 -9999 -9999 -9999 -9999 -9999 -9999 -9999 -9999 -9999 -9999 -9999 -9999 -9999 -9999 -9999 -9999 20.296 20.271 21.322 21.838
22.161 22.159 22.181 22.13 22.136 22.146 22.184 22.222 22.534 24.658 26.286 26.508 25.423 24.53 23.004 22.035 21.758 21.615 21.6 21.634 21.578 21.519 21.496 21.476 21.467 21.476 21.488 21.47 21.377 21.162 21.194 21.279 21.269 21.33 21.383 21.34 21.396 21.674 21.731 21.543 21.412 21.564 22.405 22.819 22.72 22.129 22.746 23.787 21.61 20.624 20.679 20.342 20.333 -9999 -9999 -9999 -9999 -9999 -9999 -9999 -9999 -9999 -9999 -9999 -9999 -9999 -9999 20.288 20.332 20.297 21.266 21.254
22.181 22.168 22.161 22.155 22.137 22.195 22.287 23.499 25.697 26.479 26.087 25.335 24.277 23.188 22.543 21.764 21.664 21.59 21.593 21.637 21.59 21.48 21.393 21.451 21.428 21.462 21.416 21.427 21.431 21.297 21.328 21.267 21.293 21.315 21.353 21.345 21.363 21.606 21.74 21.8 21.508 21.726 22.393 22.458 22.293 21.617 21.274 21.537 21.553 20.717 20.761 20.3 -9999 -9999 -9999 -9999 -9999 -9999 -9999 -9999 -9999 -9999 -9999 -9999 -9999 -9999 20.3 20.315 20.27 20.242 21.116 21.281
22.185 22.193 22.234 22.19 22.205 22.519 23.558 24.966 26.334 26.331 25.265 24.221 23.118 22.238 21.889 21.754 21.77 21.663 21.624 21.576 21.546 21.552 21.465 21.448 21.375 21.436 21.507 21.435 21.456 21.319 21.328 21.284 21.312 21.354 21.32 21.293 21.294 21.544 21.825 21.818 21.511 22.026 22.731 22.663 22.442 21.635 21.385 21.851 22.073 20.801 20.869 -9999 -9999 -9999 -9999 -9999 -9999 -9999 -9999 -9999 -9999 -9999 -9999 -9999 -9999 -9999 -9999 20.285 20.28 20.28 21.22 21.375
22.204 22.233 22.256 22.281 22.898 23.8 24.877 26.289 26.482 25.372 24.164 23.491 22.594 21.964 21.948 21.877 21.816 21.737 21.68 21.662 21.578 21.501 21.468 21.359 21.397 21.454 21.482 21.774 21.58 21.455 21.36 21.373 21.378 21.302 21.319 21.346 21.319 21.446 21.723 21.563 21.544 22.307 22.719 23.799 23.052 21.987 22.134 22.279 22.002 21.339 21.126 -9999 -9999 -9999 -9999 -9999 -9999 -9999 -9999 -9999 -9999 -9999 -9999 -9999 -9999 -9999 -9999 -9999 20.251 20.258 21.361 21.495
22.236 22.233 22.252 22.358 23.938 25.268 26.31 26.404 26.072 24.772 23.562 22.431 22.063 21.966 21.908 21.909 21.888 21.814 21.748 21.61 21.589 21.581 21.54 21.421 21.403 21.423 21.683 22.595 22.028 21.507 21.463 21.323 21.327 21.344 21.35 21.289 21.312 21.458 21.575 21.502 21.645 22.366 22.825 24.193 24.02 22.72 21.966 22.492 22.74 21.519 20.271 20.367 -9999 -9999 -9999 -9999 -9999 -9999 -9999 -9999 -9999 -9999 -9999 -9999 -9999 -9999 -9999 -9999 20.251 20.254 -9999 21.449
22.25 22.252 22.269 22.477 23.474 25.588 25.961 25.532 24.593 23.487 22.837 22.12 21.936 21.939 21.912 21.905 21.871 21.808 21.703 21.705 21.635 21.542 21.505 21.449 21.421 21.456 21.863 22.522 22.185 21.79 22.08 21.607 21.332 21.302 21.283 21.324 21.747 21.782 21.572 21.532 21.549 22.433 23.563 23.682 24.567 23.616 22.076 22.834 23.663 22.989 21.76 -9999 -9999 -9999 -9999 -9999 -9999 -9999 -9999 -9999 -9999 -9999 -9999 -9999 -9999 -9999 -9999 -9999 20.287 20.285 20.299 21.391
22.284 22.252 22.302 22.362 23.296 24.197 24.712 24.035 23.362 22.567 22.112 21.939 21.904 21.873 21.864 21.869 21.889 21.836 21.737 21.664 21.668 21.673 21.544 21.543 21.87 22.229 22.097 22.036 22.481 22.92 22.812 21.917 21.368 21.335 21.245 21.916 22.778 23.015 21.841 21.572 21.746 22.854 23.259 23.424 24.794 23.654 22.752 22.984 23.38 22.464 21.508 -9999 -9999 -9999 -9999 -9999 -9999 -9999 -9999 -9999 -9999 -9999 -9999 -9999 -9999 -9999 -9999 -9999 20.373 20.356 20.254 20.264
22.313 22.718 22.694 22.266 22.559 22.799 23.349 22.802 22.268 22.033 21.965 21.914 21.868 21.839 21.86 21.843 21.8 21.733 21.717 21.687 21.681 21.649 21.563 21.516 21.524 22.404 23.386 22.956 23.3 24.002 22.919 21.598 21.277 21.216 21.301 22.515 23.854 23.135 22.037 21.768 21.782 24.535 24.723 24.305 24.105 23.199 22.251 21.362 21.485 21.26 20.914 -9999 -9999 -9999 -9999 -9999 -9999 -9999 -9999 -9999 -9999 -9999 -9999 -9999 -9999 -9999 -9999 -9999 -9999 20.324 20.337 20.371
22.346 23.131 23.444 22.404 22.128 22.083 22.333 22.089 22.03 22.066 22.025 21.939 21.911 21.856 21.808 21.778 21.798 21.737 21.662 21.641 21.629 21.61 21.598 21.493 21.532 22.134 23.235 24.119 24.721 23.82 22.84 21.451 21.193 21.198 21.552 22.423 23.825 23.193 21.977 21.629 22.495 23.256 24.173 24.001 23.465 22.616 21.491 20.712 21.059 20.873 20.742 -9999 -9999 -9999 -9999 -9999 -9999 -9999 -9999 -9999 -9999 -9999 -9999 -9999 -9999 -9999 -9999 -9999 -9999 20.315 21.102 27.256
22.352 23.173 23.096 22.216 22.117 22.101 22.059 22.088 22.164 22.16 22.084 22.009 21.973 21.894 21.892 21.816 21.776 21.698 21.683 21.673 21.631 21.619 21.571 21.48 21.56 22.248 23.451 23.905 23.72 22.937 22.229 21.177 21.244 21.25 21.44 22.098 22.523 21.826 21.686 21.713 21.98 22.486 22.641 22.483 22.232 22.058 21.43 20.895 20.995 20.711 20.675 -9999 -9999 -9999 -9999 -9999 -9999 -9999 -9999 -9999 -9999 -9999 -9999 -9999 -9999 -9999 -9999 -9999 20.853 20.625 22.925 24.166
22.305 22.221 22.215 22.173 22.137 22.147 22.121 22.142 22.161 22.144 22.134 22.095 21.977 21.913 21.88 21.849 21.829 21.762 21.703 21.632 21.577 21.546 21.518 21.465 21.504 22.086 22.387 22.703 22.313 21.829 21.715 21.651 21.488 21.363 21.469 21.464 21.554 21.571 21.875 23.107 22.821 22.766 22.562 23.029 23.102 22.227 21.467 21.019 20.864 20.663 20.543 -9999 -9999 -9999 -9999 -9999 -9999 -9999 -9999 -9999 -9999 -9999 -9999 -9999 -9999 -9999 -9999 -9999 -9999 -9999 31.953 24.675
22.3 22.226 22.252 22.25 22.23 22.201 22.178 22.113 22.125 22.112 22.105 22.099 22.06 21.981 21.901 21.832 21.773 21.756 21.716 21.684 21.587 21.552 21.4 21.432 21.505 21.702 21.924 22.408 22.384 22.236 22.443 22.408 22.472 22.445 22.644 23.005 24.321 23.545 23.471 24.925 23.709 23.497 23.57 23.359 23.41 22.915 21.924 21.358 20.971 20.741 20.48 -9999 -9999 -9999 -9999 -9999 -9999 -9999 -9999 -9999 -9999 -9999 -9999 -9999 21.145 -9999 -9999 -9999 -9999 40.284 52.427 35.639
22.315 22.294 22.267 22.263 22.236 22.203 22.171 22.115 22.093 22.083 22.063 22.138 22.74 22.597 22.058 21.821 21.783 21.798 21.734 21.831 21.822 21.761 21.888 22.332 22.544 22.761 22.785 22.895 23.152 23.147 23.246 23.297 23.457 24 23.529 23.971 24.181 24.247 24.252 24.093 24.189 24.278 24.372 24.326 24.669 24.099 22.6 22.075 21.123 20.876 20.867 -9999 -9999 -9999 -9999 -9999 -9999 -9999 -9999 -9999 -9999 -9999 -9999 -9999 21.166 -9999 -9999 -9999 -9999 -9999 36.266 24.689
22.408 22.384 22.314 22.254 22.234 22.228 22.317 22.68 22.301 22.072 22.049 22.108 22.284 23.153 22.57 21.884 21.699 21.664 22.137 22.397 22.662 23.076 22.909 22.945 23.196 23.375 23.889 23.778 23.546 23.831 23.752 23.928 23.992 24.254 24.217 24.481 24.694 24.521 24.552 24.551 24.465 24.65 24.641 25.102 24.981 24.566 23.815 22.108 20.995 20.959 20.94 -9999 -9999 -9999 -9999 -9999 -9999 -9999 -9999 -9999 -9999 -9999 -9999 -9999 25.07 -9999 -9999 -9999 -9999 -9999 22.711 20.251
22.42 22.364 22.286 22.289 22.197 22.38 23.174 23.9 23.018 22.172 22.067 22 21.96 22.497 22.07 21.725 21.663 22.671 23.874 23.976 24.001 24.011 23.517 23.582 23.591 23.891 23.964 24.05 24.077 24.15 24.298 24.419 24.538 24.601 24.694 24.742 24.704 24.772 24.705 24.772 24.792 24.804 24.704 24.876 24.683 24.542 23.38 21.18 20.994 20.957 20.96 -9999 -9999 -9999 -9999 -9999 -9999 -9999 -9999 -9999 -9999 -9999 -9999 26.959 21.164 29.543 -9999 -9999 -9999 -9999 -9999 20.277
22.375 22.39 22.378 22.349 22.279 23.006 24.141 24.316 23.232 22.473 22.311 22.226 22.428 22.118 22.112 22.327 23.279 23.824 23.945 24.251 24.397 24.398 24.41 24.566 24.112 24.126 24.314 24.454 24.503 24.542 24.585 24.698 24.899 24.819 24.85 24.796 24.872 24.945 24.97 24.928 24.974 24.815 24.867 24.809 24.639 24.502 23.126 21.486 20.829 20.883 20.504 -9999 -9999 -9999 -9999 -9999 -9999 -9999 -9999 -9999 -9999 -9999 -9999 -9999 32.845 40.164 42.358 -9999 -9999 -9999 -9999 -9999
22.356 22.432 22.43 22.439 22.501 23.163 24.479 24.232 22.82 22.851 22.872 23.099 23.307 23.454 23.313 23.785 24.222 24.283 24.439 24.735 24.842 25.155 25.289 25.027 24.599 24.67 24.733 25.054 24.784 24.876 24.827 24.814 24.897 24.988 25.135 24.9 25.004 25.001 24.96 25.024 25.033 24.834 24.767 24.536 23.888 22.943 22.29 21.259 21.045 20.828 -9999 -9999 -9999 -9999 -9999 -9999 -9999 -9999 -9999 -9999 -9999 -9999 -9999 -9999 44.033 44.131 -9999 -9999 -9999 -9999 -9999 -9999
22.395 22.374 22.72 22.899 23.085 23.428 23.732 23.464 23.384 23.424 23.352 23.989 24.336 23.955 24.179 24.184 24.347 24.472 24.606 24.634 25.099 25.195 25.048 24.992 24.909 24.94 24.955 25.016 25.039 24.957 24.98 25.018 25.198 25.197 25.228 25.086 25.117 24.8 23.434 23.231 23.636 23.413 23.26 22.726 22.229 21.553 21.061 20.921 20.835 20.75 20.29 -9999 -9999 -9999 -9999 -9999 -9999 -9999 -9999 -9999 -9999 -9999 -9999 -9999 47.548 49.854 51.044 50.833 50.699 -9999 -9999 -9999
22.322 22.416 22.876 23.139 23.401 23.528 23.618 23.711 23.755 23.728 23.833 23.879 24.084 24.346 24.365 24.556 24.6 24.728 24.812 25.114 25.211 25.17 25.07 25.108 25.147 25.022 25.036 25.151 25.083 25.012 25.04 25.056 25.119 25.021 24.988 24.899 24.411 23.793 22.356 22.118 22.06 22.658 22.233 21.824 21.652 21.192 21.099 21.035 20.784 20.719 20.718 -9999 -9999 -9999 -9999 -9999 -9999 -9999 -9999 -9999 -9999 -9999 -9999 -9999 -9999 52.132 52.913 51.09 50.855 -9999 -9999 -9999
22.211 22.383 23.167 23.592 23.699 23.991 23.886 24.049 24.044 24.057 24.168 24.305 24.431 24.551 24.652 24.729 24.776 24.889 25.026 25.17 25.377 25.346 25.258 25.162 24.937 24.683 24.691 25.008 24.81 24.877 24.899 24.891 24.719 24.468 24.084 23.609 23.374 22.972 22.456 22.191 21.97 22.508 21.719 21.52 21.518 21.055 20.843 20.736 20.797 20.726 20.68 -9999 -9999 -9999 -9999 -9999 -9999 -9999 -9999 -9999 -9999 -9999 -9999 -9999 -9999 -9999 51.208 50.949 50.915 -9999 -9999 -9999
22.172 23.155 23.976 24.142 24.111 24.239 24.246 24.317 24.323 24.385 24.422 24.507 24.558 24.624 24.77 24.915 24.981 25.036 25.148 25.246 25.241 25.3 25.24 24.996 24.464 24.328 24.017 24.428 24.669 24.515 24.075 23.845 24.274 23.422 23.201 22.859 24.83 26.782 24.649 22.358 22.151 21.677 21.398 21.218 20.975 20.882 20.714 20.644 20.697 20.686 20.664 -9999 -9999 -9999 -9999 -9999 -9999 -9999 -9999 -9999 -9999 -9999 -9999 -9999 -9999 -9999 -9999 50.935 -9999 -9999 -9999 -9999
23.454 24.489 24.437 24.397 24.384 24.334 24.41 24.353 24.428 24.443 24.488 24.482 24.518 24.633 24.779 24.871 24.945 25.053 25.192 25.205 25.259 25.021 24.688 24.347 24.051 23.883 23.668 24.507 24.739 25.385 23.13 22.775 24.471 22.959 22.106 23.23 22.333 26.716 24.477 22.102 21.869 21.419 21.233 21.088 20.96 20.91 20.671 20.617 20.532 20.475 20.576 -9999 -9999 -9999 -9999 -9999 -9999 -9999 -9999 -9999 -9999 -9999 -9999 -9999 -9999 -9999 -9999 -9999 -9999 -9999 -9999 -9999
24.494 24.501 24.56 24.496 24.435 24.338 24.255 24.36 24.342 24.404 24.429 24.409 24.44 24.523 24.653 24.73 24.82 24.883 24.929 24.956 24.805 24.319 24.098 23.457 23.78 23.233 23.327 23.674 27.813 27.142 23.541 22.066 25.014 23.707 23.322 24.329 22.8 22.72 22.647 22.192 21.922 21.428 21.25 21.169 20.95 20.915 20.785 20.653 20.569 20.486 20.295 -9999 -9999 -9999 -9999 -9999 -9999 -9999 -9999 -9999 -9999 -9999 -9999 -9999 -9999 -9999 -9999 -9999 -9999 -9999 -9999 -9999
24.609 24.54 24.599 24.531 24.468 24.29 24.272 24.307 24.363 24.444 24.434 24.424 24.41 24.456 24.535 24.514 24.519 24.75 24.536 24.424 23.635 23.15 22.795 22.95 22.756 22.764 22.775 23.849 25.232 25.836 23.74 21.731 21.57 21.506 22.282 23.858 22.906 22.602 22.257 21.96 21.831 21.376 21.217 21.152 21.02 20.893 20.831 20.781 20.645 20.52 20.243 20.262 -9999 -9999 -9999 -9999 -9999 -9999 20.317 20.325 -9999 -9999 -9999 -9999 -9999 -9999 -9999 -9999 -9999 -9999 -9999 -9999
24.526 24.483 24.513 24.538 24.508 24.408 24.321 24.316 24.301 24.356 24.467 24.33 24.453 24.424 24.473 24.23 23.952 23.657 23.327 23.515 22.947 22.305 23.331 23.37 23.43 22.48 22.597 22.589 22.181 22.907 23.723 21.79 21.401 21.434 21.568 21.69 21.977 21.946 22.114 21.629 21.377 21.318 21.293 21.171 21.203 21.242 20.938 20.592 20.554 20.552 20.363 -9999 -9999 -9999 -9999 -9999 -9999 -9999 20.322 20.331 25.534 48.403 50.786 -9999 -9999 -9999 -9999 -9999 -9999 -9999 -9999 -9999
24.555 24.493 24.461 24.554 24.534 24.351 24.228 24.184 24.193 24.189 24.191 24.152 24.254 24.17 23.667 23.356 22.953 22.287 22.228 21.838 22.078 22.108 21.823 21.959 22.027 22.244 22.493 22.377 22.05 21.694 21.685 21.512 21.468 21.453 21.555 21.438 21.452 21.398 21.377 21.327 21.294 21.337 21.359 21.371 21.327 22.125 21.9 20.923 20.624 20.577 20.314 -9999 -9999 -9999 -9999 -9999 -9999 20.321 20.299 20.362 36.062 51.034 51.001 -9999 -9999 -9999 -9999 -9999 -9999 -9999 -9999 -9999
24.551 24.539 24.541 24.574 24.324 24.223 24.165 24.183 24.164 24.129 24.075 23.998 23.875 23.498 23.114 22.682 22.267 21.94 21.77 21.705 21.795 21.848 21.755 21.576 21.531 21.514 21.594 21.657 21.685 21.64 21.571 21.444 21.467 21.452 21.477 21.411 21.48 21.365 21.328 21.337 21.317 21.374 21.372 21.501 21.66 22.453 22.359 21.167 20.719 20.611 20.611 -9999 -9999 -9999 -9999 -9999 -9999 -9999 20.331 20.336 22.797 36.656 -9999 -9999 -9999 22.829 20.392 -9999 -9999 -9999 -9999 -9999
24.488 24.46 24.608 24.58 24.217 24.137 24.082 24.094 24.099 24.052 24.053 23.966 23.804 23.489 23.081 22.685 22.216 21.886 21.685 21.665 21.727 21.689 21.625 21.451 21.456 21.415 21.453 21.502 21.43 21.448 21.381 21.436 21.479 21.458 21.461 21.464 21.469 21.469 21.335 21.316 21.315 21.299 21.422 21.669 21.714 21.471 21.419 21.836 21.17 20.752 20.31 -9999 20.358 -9999 -9999 -9999 -9999 -9999 20.393 20.338 20.313 20.274 24.231 -9999 -9999 20.391 20.392 -9999 20.445 -9999 -9999 20.391
