dsm/se3335_DSM_2M.asc
ncols 500
nrows 500
xllcorner    433000
yllcorner    435000
cellsize     2
NODATA_value -9999
[rows 288 to 319 of 500, columns 288 to 359 of 500]
53.99 53.878 54.06 53.902 53.779 53.975 53.489 52.985 52.908 52.834 52.733 52.635 52.643 52.702 55.301 58.408 58.932 58.8 57.889 52.397 52.404 54.085 54.433 52.362 52.287 52.094 52.198 52.196 52.332 52.638 52.667 52.105 51.914 56.512 58.525 58.957 57.864 54.81 51.521 51.659 51.234 50.996 50.961 50.895 50.865 50.821 50.982 50.729 50.702 50.694 50.657 51.045 52.492 53.165 50.591 50.481 50.419 50.301 50.282 50.294 50.311 50.704 50.227 50.22 50.196 50.08 49.909 49.858 49.839 49.86 49.828 49.792
53.989 53.9 53.967 53.882 53.769 53.972 53.678 53.086 52.967 53.121 53.957 54.132 54.051 54.109 52.572 56.305 57.198 53.849 53.765 52.283 52.528 53.89 52.348 52.276 52.15 52.085 52.15 52.169 52.163 52.73 52.187 52.041 51.878 55.682 59.085 59.183 58.623 53.49 52.395 51.911 51.507 51.938 51.543 51.275 51.015 50.886 50.699 50.647 50.647 50.601 50.626 50.575 52.423 53.14 50.596 50.44 50.399 50.31 50.248 50.26 50.288 50.228 50.167 50.127 50.109 50.071 49.915 49.829 49.771 49.751 49.729 49.702
53.899 53.862 53.815 53.842 53.742 54.064 55.004 53.571 53.132 54.04 53.963 54.687 54.609 54.656 52.415 52.412 52.641 52.536 52.395 53.056 55.305 52.562 52.466 52.254 52.155 52.048 52.159 52.132 52.06 52.179 52.152 52.201 52.059 55.859 58.365 59.268 58.228 56.655 51.85 51.716 50.951 51.08 51.119 50.848 50.761 50.704 50.616 50.592 50.592 50.535 50.455 50.466 51.849 53.097 50.82 50.425 50.426 50.325 50.273 50.237 50.197 50.154 50.127 50.109 50.085 50.041 49.903 49.817 49.783 49.759 49.676 49.699
53.934 53.806 53.826 53.938 53.861 54.095 54.958 54.324 54.312 54.544 53.499 54.555 54.72 54.803 52.598 52.613 52.641 52.627 52.635 52.551 52.436 52.444 52.386 52.276 52.162 52.041 52.085 52.104 52.037 52.189 52.255 52.206 52.113 53.444 58.228 58.594 58.277 53.369 51.501 51.675 51.13 51.002 51.009 50.874 50.787 50.678 50.621 50.565 50.591 50.525 50.44 50.479 52.331 52.796 50.788 50.396 50.404 50.317 50.222 50.165 50.199 50.157 50.109 50.073 50.072 50.011 49.89 49.825 49.766 49.766 49.693 49.712
53.872 53.819 53.937 54.032 53.906 54.102 54.957 53.104 53.259 53.345 52.84 53.221 53.232 53.182 55.291 57.211 58.224 58.318 58.368 54.163 52.406 52.391 52.649 52.363 52.265 52.044 52.082 52.109 52.006 52.122 52.18 52.063 51.896 54.139 57.284 57.28 57.243 53.16 51.537 53.236 53.157 53.484 51.729 50.988 50.899 51.507 50.853 50.689 50.609 50.718 50.587 50.666 54.236 54.625 51.509 50.352 50.302 50.247 50.22 50.175 50.225 50.179 50.105 50.078 50.013 50.005 49.949 49.807 49.758 49.737 49.714 49.759
53.88 53.861 53.901 54.064 53.94 54 54.704 53.294 52.866 52.898 52.649 52.719 52.68 52.606 54.367 58.084 59.402 59.41 58.363 53.937 52.322 52.321 52.518 52.232 52.261 52.007 52.074 52.09 52.042 52.037 52.1 51.988 51.844 51.752 52.146 52.539 51.754 51.85 51.527 53.429 53.576 53.527 52.479 52.235 52.337 51.736 52.662 51.519 51.047 50.491 50.48 50.723 54.511 54.73 50.76 50.273 50.206 50.253 50.309 50.241 50.265 50.241 50.161 50.088 50.021 50.01 49.924 49.82 49.739 49.767 49.777 49.784
53.869 53.801 53.782 54.021 53.788 54.159 54.894 56.478 54.469 52.852 52.729 52.685 52.686 52.851 54.007 58.168 59.664 59.486 58.08 53.267 52.452 52.471 53.6 52.174 52.234 52.009 52.029 52.032 51.99 51.999 52.069 51.966 52.263 52.837 52.615 51.571 52.119 52.43 51.595 51.743 51.912 51.894 53.686 53.708 53.776 53.858 53.863 51.239 50.578 50.612 50.648 50.596 52.277 52.947 50.325 50.335 50.335 50.333 50.252 50.262 50.284 50.213 50.149 50.076 50.011 49.965 49.912 49.882 49.812 49.732 49.75 49.789
53.917 53.837 53.93 54.09 53.892 54.103 55.49 55.314 53.516 53.029 52.893 52.702 52.582 52.61 52.678 58.078 59.413 60.091 58.933 53.646 52.905 52.27 52.63 52.175 52.183 52.02 52.02 52.062 51.98 51.956 52.094 51.989 51.827 53.831 56.257 55.818 55.994 56.187 55.882 52.47 51.395 52.274 53.553 53.576 53.507 53.347 51.494 50.64 50.624 50.688 50.725 50.661 51.811 51.023 50.561 50.376 50.39 50.378 50.269 50.296 50.316 50.254 50.213 50.138 50.004 49.923 49.895 49.882 49.826 49.761 49.802 49.81
53.907 53.857 53.885 53.993 53.895 54.018 54.874 54.116 53.128 53.001 52.797 52.672 52.638 52.16 52.52 58.012 59.479 59.662 58.405 53.928 53.089 52.468 52.677 52.149 52.151 51.922 51.961 52.019 51.954 52.008 52.089 51.875 51.911 54.327 57.796 58.356 57.943 57.762 57.761 53.268 51.769 51.358 50.946 51.508 51.471 50.748 50.691 51.256 50.797 51.122 50.828 50.557 51.88 50.889 50.343 50.447 50.445 50.293 50.315 50.205 50.275 50.266 50.235 50.115 49.984 49.969 49.915 49.914 49.827 49.782 49.794 49.793
53.927 53.862 53.843 54.06 53.763 54.094 53.938 53.527 53.15 53.03 52.997 52.676 52.678 52.511 52.48 57.535 58.863 58.754 58.417 53.565 52.225 52.5 53.108 52.136 52.055 51.896 51.92 51.997 51.954 51.98 52.849 51.77 51.802 55.745 57.864 59.078 58.334 57.217 55.561 52.787 52.034 51.361 50.938 50.841 50.827 50.742 50.672 50.649 50.669 50.764 50.59 50.545 51.761 51.388 50.509 51.517 52.326 55.585 56.351 54.949 51.058 50.249 50.239 50.127 50.039 50.004 49.949 49.908 49.853 49.809 49.834 49.864
54.09 53.945 54.189 54.141 53.899 54.01 54.316 53.564 53.175 53.059 54.69 54.323 54.315 52.919 52.277 53.432 56.112 55.623 57.1 52.596 53.146 53.046 52.157 52.1 51.976 51.852 51.93 51.964 51.95 51.978 52.751 52.476 53.456 54.249 57.892 59.244 58.218 57.065 53.007 52.486 52.563 51.991 51.845 51.756 51.733 51.276 51.221 51.297 51.258 53.356 54.433 54.652 55.9 57.057 56.017 56.493 58.13 58.991 58.705 57.188 54.965 53.294 50.263 50.156 50.032 49.982 49.99 49.93 49.879 49.793 49.849 49.908
53.949 53.989 53.813 54.059 53.996 53.942 54.112 55.406 54.037 53.728 55.23 55.019 53.873 53.237 52.492 52.489 53.15 54.577 53.183 53.397 53.757 53.601 53.378 52.319 51.958 51.803 51.865 51.904 51.9 51.942 52.634 52.514 52.717 55.774 57.656 58.903 58.422 57.139 51.832 51.36 51.369 51.051 51.102 51.029 52.287 50.801 54.778 54.568 52.038 52.62 54.072 53.653 55.359 56.853 52.661 57.573 57.278 54.644 58.625 58.048 56.517 51.685 50.177 50.118 50.053 50.043 50.005 49.948 49.919 49.891 49.95 49.877
53.91 53.868 53.857 54.032 53.932 53.906 53.858 55.334 52.999 53.398 54.89 54.819 54.649 54.684 52.542 52.449 52.481 52.449 52.391 52.449 52.661 52.625 52.619 52.212 51.899 51.776 51.878 51.895 51.844 51.887 51.971 51.979 51.8 54.271 57.639 58.141 58.107 57.079 52.289 51.285 51.257 51.191 53.721 57.105 58.075 54.851 55.793 55.657 55.165 56.297 55.42 51.423 54.949 56.386 57.476 56.991 57.971 56.884 57.225 57.956 56.672 51.222 51.162 50.203 50.017 50.051 50.049 50.004 49.968 49.925 49.951 49.909
53.967 53.982 53.769 54.018 53.942 53.699 53.693 55.437 52.788 55.152 54.934 53.518 53.779 53.244 52.376 56.972 58.218 58.057 58.059 54.763 52.734 52.432 53.08 52.412 51.965 51.801 51.792 51.842 51.847 51.842 52.197 52.203 51.689 51.693 56.485 56.992 56.947 55.902 53.025 53.775 53.622 53.83 56.292 56.045 51.784 54.305 54.606 54.77 55.635 57.308 56.927 53.138 54.837 56.301 53.071 56.68 57.823 58.929 58.439 56.731 51.517 55.845 57.054 55.352 50.082 50.013 50.063 50.036 50.025 50.005 49.949 49.927
54.018 53.939 53.89 54.043 53.805 53.581 54.971 55.019 54.917 55.989 54.068 52.823 52.783 52.428 52.39 56.727 58.897 59.563 58.273 53.935 52.401 52.398 52.127 51.942 51.983 51.72 51.799 51.786 51.783 51.787 51.848 52.304 52.795 51.726 51.485 52.842 52.504 53.557 53.197 53.897 54.222 54.444 54.303 51.907 53.568 52.381 52.261 52.234 52.333 54.842 55.421 54.589 56.273 56.159 52.887 56.874 59.239 59.066 57.293 56.251 54.68 56.835 57.63 54.179 50.062 50.016 50.047 50.059 50.087 49.969 49.963 49.892
54.021 53.852 53.753 53.881 53.925 53.585 57.241 57.633 55.749 57.209 54.901 55.02 54.717 54.432 53.523 57.471 59.285 59.507 58.381 56.138 53.759 53.26 52.524 51.949 51.993 51.877 51.697 51.806 51.758 51.736 51.814 52.565 53.049 52.142 52.292 52.743 51.939 51.67 51.642 53.566 53.715 53.618 53.079 50.842 50.706 50.572 51.084 51.008 50.831 51.576 51.67 54.33 55.865 53.439 52.503 58.019 53.147 58.959 58.682 57.217 56.36 56.722 57.754 55.848 52.758 50.073 50.084 50.145 50.06 50.036 49.948 49.901
54.055 53.738 53.739 53.9 53.729 54.211 57.35 57.708 55.744 54.038 53.188 53.362 53.5 53.915 52.764 56.888 59.279 59.654 58.587 54.11 52.252 52.544 52.328 52.013 51.931 51.85 51.702 51.758 51.703 51.724 51.782 51.707 51.926 53.592 56.226 56.18 56.101 54.453 53.721 53.907 53.641 53.504 53.038 50.722 50.569 50.511 50.543 50.814 50.533 50.576 51.042 50.754 53.786 54.7 56.166 57.822 57.975 58.473 57.656 55.366 55.252 56.183 56.868 54.672 54.119 50.112 50.172 50.12 50.109 50.058 49.95 49.886
53.853 53.76 53.706 53.842 53.625 53.579 54.443 55.798 52.956 52.767 52.781 52.754 52.702 52.262 52.337 57.673 59.243 59.414 58.416 53.864 52.241 52.157 52.394 51.967 51.897 51.746 51.639 51.735 51.693 51.752 51.757 51.754 51.743 52.336 57.618 58.919 58.288 56.989 54.342 52.46 50.837 50.703 50.692 50.641 50.596 50.506 50.543 50.512 51.77 50.75 50.986 50.793 52.552 53.906 51.085 52.217 55.627 56.619 52.305 51.394 50.246 53.937 55.247 51.97 50.692 50.187 50.217 50.125 50.194 50.042 49.9 49.852
53.914 53.647 53.642 53.809 53.678 53.759 54.146 55.585 53.191 52.917 52.833 52.81 52.787 52.374 52.288 56.38 58.39 58.633 57.973 53.209 52.2 52.114 52.225 51.893 51.815 51.696 51.637 51.696 51.705 51.687 52.017 51.772 51.761 52.695 57.805 59.198 58.521 56.946 54.38 52.378 51.369 50.767 50.876 51.489 51.414 51.59 51.265 50.953 50.571 51.652 51.365 51.226 51.644 53.044 50.924 50.397 51.095 50.907 54.061 54.994 54.425 50.987 52.797 51.01 50.183 50.224 50.182 50.199 50.117 50.038 49.953 49.857
53.858 53.685 53.631 54.057 53.87 53.744 54.349 55.637 55.058 54.659 54.447 54.168 54.316 54.277 52.723 54.283 54.33 53.61 53.65 52.649 52.085 52.018 52.037 51.911 51.698 51.563 51.592 51.64 51.549 51.621 51.753 52.742 52.769 52.389 57.801 59.493 59.822 55.897 53.595 52.863 52.148 52.003 52.109 51.204 51.013 51.033 50.822 50.435 50.452 50.481 50.412 50.722 51.079 52.888 51.127 50.463 50.35 50.597 56.405 57.825 57.323 54.255 51.93 50.153 50.23 50.201 50.245 50.164 50.102 50.083 49.996 49.878
53.878 53.596 53.587 53.971 53.965 53.851 54.029 53.735 53.24 53.152 53.202 53.077 54.24 54.22 52.622 52.06 52.046 52.034 52.078 52.015 51.974 51.937 51.879 51.869 51.642 51.515 51.55 51.589 51.545 51.603 51.726 52.142 52.086 53.176 57.671 59.35 58.884 56.64 51.663 51.393 50.778 50.796 50.886 50.66 50.679 51.521 50.765 50.456 50.47 50.785 50.531 50.936 51.052 52.999 51.064 50.429 50.528 55.688 57.943 57.858 57.759 56.207 53.882 50.224 50.24 50.204 50.213 50.103 50.098 50.061 50.014 49.941
53.706 53.56 53.696 53.893 53.884 53.692 53.744 53.078 52.557 52.527 52.46 52.414 52.708 52.662 53.881 54.304 54.037 54.079 54.457 52.455 51.863 51.863 51.852 51.804 51.803 51.546 51.539 51.559 51.545 51.568 52.336 51.91 51.686 53.484 57.853 58.409 58.071 54.37 51.591 51.25 51.679 53.543 54.429 54.112 51.651 51.326 53.136 51.553 51.124 50.756 51.392 50.817 51.125 53.297 53.261 51.69 51.22 52.704 56.299 57.546 57.062 55.173 52.983 50.234 50.209 50.268 50.167 50.108 50.107 50.094 50.028 49.949
53.562 53.553 53.552 53.969 53.975 53.437 53.709 53.226 52.559 52.66 52.426 52.465 52.584 52.426 55.008 56.393 56.221 56.152 55.647 52.485 51.867 51.858 51.822 51.745 51.708 51.551 51.479 51.543 51.472 51.523 52.037 52.713 51.712 53.119 56.956 57.177 56.871 56.767 51.767 53.792 53.879 54.289 54.038 52.801 52.472 53.139 51.472 51.607 50.876 50.461 50.491 50.348 50.539 53.205 53.468 52.472 55.235 57.196 55.79 56.877 55.287 54.348 51.684 50.126 50.239 50.209 50.147 50.129 50.143 50.057 50.022 49.959
53.622 53.549 53.561 53.883 53.966 53.434 53.494 53.168 52.484 52.426 52.39 52.273 52.267 54.503 55.111 56.254 57.319 56.754 55.651 55.007 51.927 51.84 51.791 51.706 51.681 51.454 51.449 51.492 51.436 51.417 51.503 51.58 51.697 51.712 51.709 51.721 51.741 52.904 52.308 53.064 52.562 52.084 51.843 51.324 52.616 54.133 51.168 50.769 50.572 50.48 50.451 50.367 50.447 53.353 53.013 51.312 55.799 56.839 56.263 55.217 52.607 50.156 50.161 50.21 50.21 50.151 50.105 50.073 50.037 50.035 49.966 49.9
54.35 53.912 53.591 53.651 53.632 53.425 53.606 53.127 52.522 52.383 52.358 52.27 52.308 54.584 55.031 56.199 56.942 56.61 55.52 53.34 51.823 51.838 51.777 51.605 51.604 51.396 51.425 51.442 51.406 51.334 52.355 53.026 52.96 51.781 51.711 52.94 52.152 51.844 52.697 53.261 53.237 51.29 50.834 50.679 51.069 54.081 51.495 50.479 50.404 50.523 51.495 51.113 50.386 53.492 52.325 50.303 54.188 56.39 56.391 55.438 51.282 50.12 50.204 50.21 50.13 50.105 50.039 50.047 50.009 49.973 49.921 49.825
54.046 54.167 54.074 53.831 53.683 53.502 53.414 53.872 54.527 54.013 52.741 52.2 52.139 53.694 54.833 55.353 55.529 55.426 55.234 52.073 51.697 51.744 51.739 51.535 51.534 51.323 51.335 51.381 51.335 51.303 51.369 51.364 51.377 52.672 55.07 55.171 55.117 55.107 51.639 51.772 52.237 51.036 50.721 50.656 50.636 51.006 51.574 51.591 51.041 50.537 50.444 50.196 51.035 55.001 54.028 50.403 50.156 53.379 54.651 51.411 50.133 50.1 50.16 50.135 50.064 50.085 50.066 50.005 49.971 49.97 49.92 49.836
53.66 53.984 53.768 53.515 53.598 53.51 54.579 55.522 52.983 53.023 52.477 53.173 53.657 53.74 52.477 51.997 51.938 51.869 51.81 51.715 51.705 51.586 51.536 51.424 51.351 51.198 51.256 51.311 51.27 51.263 52.109 51.441 51.389 52.705 56.927 57.576 57.807 56.723 51.336 51.553 52.702 50.706 50.786 51.451 51.68 51.417 51.319 50.616 50.403 50.394 50.402 50.284 51.556 56.375 55.202 51.656 50.204 50.054 50.133 50.103 50.095 50.242 50.175 50.134 50.088 50.062 50.049 50.005 49.949 49.922 49.889 49.817
53.757 53.936 53.996 53.667 53.685 53.211 54.994 56.438 53.159 52.375 52.275 52.454 52.565 53.497 53.221 53.806 54.014 53.069 52.741 53.249 52.795 52.001 52.438 51.424 51.355 51.149 51.237 51.25 51.201 51.214 51.519 51.365 51.379 53.632 56.557 58.355 58.337 56.827 51.935 51.187 51.129 51.781 51.326 52.512 51.989 50.505 50.904 50.712 50.436 50.309 50.928 51.876 52.253 52.506 53.342 54.384 54.094 52.557 50.088 50.055 50.147 50.151 50.131 50.063 50.073 50.01 50.058 50.022 49.945 49.93 49.896 49.868
53.382 53.503 53.13 53.13 53.335 53.006 53.922 55.677 52.959 52.356 52.334 52.229 52.146 54.552 56.255 57.995 58.057 58.298 57.893 53.7 51.73 51.769 52.57 51.7 51.354 51.156 51.176 51.199 51.13 51.151 51.946 51.468 51.374 51.987 56.214 59.373 59 57.667 54.391 51.822 51.126 52.189 52.421 53.11 50.43 51.277 50.495 50.421 51.136 51.084 50.373 51.914 52.282 53.34 55.214 55.839 55.148 53.401 50.109 50.145 50.14 50.085 50.038 50.066 50.009 49.989 49.995 49.959 49.919 49.93 49.887 49.849
52.64 52.827 52.761 52.713 52.883 52.88 54.704 55.834 52.34 52.225 52.255 53.339 53.861 54.592 56.277 58.426 59.179 58.79 58.089 53.409 51.665 51.625 52.724 51.475 51.281 51.058 51.145 51.105 51.092 52.066 51.569 52.573 51.587 51.645 56.142 58.148 58.875 57.219 54.42 50.974 51.388 52.921 51.611 52.668 52.256 51.74 51.001 51.681 51.223 51.012 50.513 51.176 52.085 52.871 55.537 55.732 55.177 51.035 50.101 50.093 50.055 50.055 50.017 50.003 49.972 49.961 49.949 49.954 49.925 49.877 49.841 49.822
52.477 52.508 52.482 52.689 52.849 52.955 54.742 55.663 52.761 56.936 56.494 56.648 54.924 54.837 56.39 58.151 58.176 58.083 57.584 51.852 51.809 51.581 52.849 51.451 51.231 50.977 51.037 51.091 51.022 51.022 51.123 51.252 51.114 51.62 54.787 57.778 58.239 57.348 54.558 51.731 52.286 52.767 52.755 52.725 51.505 50.454 50.289 50.589 50.56 50.427 50.304 50.584 50.598 52.007 54.379 55.195 55.113 51.939 50.156 49.999 49.988 49.974 49.925 49.95 49.957 49.911 49.895 49.909 49.862 49.855 49.788 49.784
52.238 52.217 52.493 52.652 53.28 53.058 53.816 55.884 59.828 63.315 55.813 59.994 60.595 59.904 58.744 53.62 53.412 53.311 53.654 57.846 60.144 53.709 51.841 51.156 51.027 50.903 50.998 51.006 50.958 50.979 51.025 51.052 51.038 51.196 54.05 56.983 56.996 56.812 53.106 51.145 51.27 52.806 51.048 50.26 50.357 50.304 50.233 50.34 50.43 50.246 50.187 50.175 50.962 50.952 52.105 50.009 50.581 52.887 52.685 52.796 50.699 49.983 49.965 49.877 49.878 49.831 49.85 49.859 49.806 49.81 49.81 49.765
