dsm/se3334_DSM_2M.asc
ncols 500
nrows 500
xllcorner    433000
yllcorner    434000
cellsize     2
NODATA_value -9999
[rows 416 to 447 of 500, columns 0 to 71 of 500]
77.767 77.804 77.869 77.9 77.863 77.493 80.488 83.493 83.747 83.72 84.131 83.705 82.48 80.597 76.871 76.314 76.154 76.037 75.993 75.98 74.484 74.989 73.301 74.141 72.985 73.02 77.412 78.709 79.054 77.68 73.849 74.127 73.715 73.619 72.676 72.908 72.375 71.844 71.811 71.752 71.842 72.154 71.798 71.905 72.033 73.389 71.775 74.871 76.882 75.862 74.815 71.177 70.946 70.928 70.511 71.838 70.511 70.035 69.908 69.824 69.916 69.78 70.09 74.534 75.184 75.078 74.68 70.148 69.161 69.02 68.915 68.809
77.814 77.852 77.87 77.879 77.785 77.365 83.178 83.725 83.745 84.004 83.676 83.675 83.681 82.682 79.242 76.242 76.09 75.913 75.851 75.774 75.768 75.551 74.984 73.12 72.81 72.796 73.012 77.226 77.592 73.892 73.838 75.89 75.636 72.797 72.33 72.626 72.572 71.93 71.744 71.789 71.67 71.913 72.158 71.76 71.688 71.573 75.326 76.873 77.833 77.846 75.726 72.206 70.862 70.585 70.543 71.419 71.029 70.057 69.844 69.859 70.063 69.575 70.691 75.237 76.613 76.366 74.989 70.087 69.193 69.099 68.961 68.848
77.885 77.864 77.867 77.887 77.831 77.609 77.78 83.515 83.89 83.748 83.71 83.712 83.692 83.55 79.994 77.063 75.985 75.797 75.642 75.566 75.498 75.376 73.984 73.567 72.835 72.764 72.722 72.651 73.054 74.165 76.864 77.993 76.975 74.453 72.504 72.403 72.958 72.34 71.952 71.663 71.63 71.57 71.609 71.707 71.643 71.479 71.869 76.735 77.744 78.443 77.564 75.68 72.084 71.251 70.686 71.893 72.079 70.901 69.992 69.819 69.649 69.457 73.442 75.474 76.997 75.768 74.281 70.145 69.309 69.18 69.458 68.952
77.909 77.963 77.85 77.786 77.82 77.794 77.519 78.162 83.621 83.758 83.7 83.711 83.684 83.67 83.788 80.208 76.115 75.683 75.525 75.384 75.329 75.289 75.158 74.349 73.054 72.817 72.746 72.85 73.235 72.963 77.417 79.555 78.453 76.777 73.644 72.86 72.893 72.161 71.758 71.657 71.61 71.559 71.454 71.491 71.518 71.398 71.354 73.14 77.036 77.891 78.29 77.363 75.198 71.144 71.977 72.127 73.296 71.541 70.396 70.158 71.133 70.653 73.253 76.109 76.958 75.458 70.279 69.316 69.175 72.631 74.443 74.674
78.013 77.965 77.873 77.705 77.837 77.773 77.617 77.455 78.039 83.653 83.688 83.7 83.719 83.78 83.865 83.494 77.312 75.707 75.416 75.195 75.067 75.065 75.099 75.156 75.509 74.724 74.143 72.978 72.697 72.556 76.104 77.641 78.391 78.325 76.116 72.378 72.316 71.915 72.054 72.889 71.97 71.522 71.471 71.391 71.493 71.571 71.389 72.128 75.859 77.123 77.667 77.214 73.689 72.018 71.196 71.082 72.258 70.497 71.713 69.805 69.729 70.009 74.478 77.476 77.199 75.314 70.528 69.575 69.15 73.876 71.497 70.73
77.899 77.874 77.897 77.755 77.702 77.77 77.746 77.574 77.395 82.424 83.765 83.695 83.804 83.841 83.697 83.678 82.961 76.889 75.439 75.114 75.027 74.97 75.007 75.079 75.625 74.545 74.796 73.207 72.639 72.579 73.822 76.392 77.956 78.484 77.713 72.837 73.59 72.422 72.905 74.214 74.849 71.836 71.465 71.358 71.238 72.142 71.728 71.518 71.201 75.451 76.995 73.724 72.236 72.404 73.884 72.174 72.86 70.533 70.446 70.301 69.445 70.226 75.128 76.738 76.201 74.576 69.558 69.26 72.341 74.166 77.778 78.447
77.9 77.874 77.839 77.802 77.831 77.775 77.771 77.712 77.544 77.893 81.394 83.625 83.85 83.692 83.668 83.679 83.66 82.719 77.34 76.454 75.335 74.958 74.915 74.929 74.881 75.265 74.787 73.645 72.705 72.607 72.827 74.199 76.795 78.008 78.694 77.334 73.031 73.024 74.862 74.875 72.082 71.659 72.511 71.567 71.229 71.217 72.078 71.272 71.253 72.131 71.738 72.412 71.663 74.576 75.881 75.752 75.651 71.229 70.462 70.319 70.033 72.827 75.255 75.748 75.657 71.938 69.348 69.272 70.094 75.776 77.029 72.172
77.925 77.905 77.841 77.801 77.81 77.763 77.739 77.757 77.661 77.534 77.349 82.125 83.749 83.716 83.709 83.706 83.688 83.704 83.72 77.101 75.135 74.929 74.832 74.752 74.722 74.687 75.001 73.483 72.996 72.855 73.029 73.056 74.629 76.843 78.782 78.478 74.203 75.111 74.943 73.636 71.965 72.082 71.716 71.208 71.202 71.188 71.38 71.371 71.199 72.039 72.203 71.37 70.619 74.16 76.501 76.841 77.005 76.705 76.206 73.368 70.364 72.143 72.035 71.016 74.315 73.886 69.423 69.318 69.266 73.243 76.185 76.392
77.76 77.772 77.808 77.848 77.801 77.768 77.701 77.721 77.711 77.622 77.488 78.495 82.857 83.697 83.718 83.694 83.739 83.809 83.695 83.634 75.604 74.927 74.788 74.647 74.542 74.485 74.85 73.943 74.732 74.446 73.614 73.764 72.71 74.205 77.027 74.898 74.651 73.441 74.38 72.743 72.045 72.123 72.067 71.83 71.165 71.139 71.037 71.07 71.987 72.075 71.388 70.849 70.65 75.121 76.459 77.056 77.728 77.207 76.313 71.934 70.267 71.441 70.816 71.793 71.608 69.483 69.342 69.323 69.245 69.905 74.673 76.92
77.706 77.801 77.819 77.811 77.768 77.716 77.659 77.669 77.669 77.656 77.551 77.433 78.155 83.561 83.732 84.011 83.79 83.659 83.665 83.635 82.994 75.461 74.707 74.561 74.477 74.377 74.31 74.832 77.725 76.677 74.851 73.114 72.634 72.99 73.843 74.014 72.75 74.859 72.242 72.125 72.025 71.95 71.725 72.363 71.375 71.029 71.034 70.99 71.741 71.377 70.858 70.85 70.632 73.335 74.481 75.818 76.35 76.391 76.183 71.145 70.348 70.375 70.755 70.726 71.718 69.662 69.384 69.74 69.61 69.29 73.08 71.914
77.879 77.747 77.734 77.749 77.765 77.659 77.658 77.612 77.598 77.589 77.599 77.316 77.239 78.545 83.984 83.8 83.725 83.659 83.66 83.75 83.185 80.15 74.741 74.518 74.354 74.183 74.126 74.717 77.315 76.647 74.033 72.938 72.69 72.666 73.638 75.531 77.335 77.807 76.744 72.188 71.93 71.887 72.12 72.159 71.516 71.324 70.959 70.933 70.887 70.871 71.043 70.831 70.659 70.479 70.876 70.55 71.753 72.13 74.136 71.068 70.386 70.329 70.335 71.366 70.494 69.562 69.387 69.3 69.21 69.17 69.152 69.056
77.932 77.713 77.661 77.671 77.701 77.633 77.569 77.593 77.517 77.499 77.398 77.333 77.275 77.209 79.805 83.791 83.758 83.729 83.728 83.668 83.689 83.24 81.228 74.886 74.285 74.062 73.934 73.859 74.968 75.669 75 75.017 74.479 73.86 72.438 76.563 77.584 78.727 78.035 76.597 72.935 72.258 71.946 71.64 71.587 71.509 71.122 70.875 70.867 70.779 71.177 71.011 70.694 70.564 73.936 71.518 71.069 71.453 70.499 70.327 70.299 70.226 70.138 70.951 69.967 69.492 69.357 69.327 69.274 69.173 69.309 69.064
77.873 77.894 77.653 77.611 77.648 77.646 77.609 77.541 77.509 77.371 77.404 77.32 77.21 77.223 77.251 80.056 83.777 83.755 83.749 83.686 83.645 83.681 83.074 80.84 74.793 74.014 73.788 73.695 73.665 73.805 75.188 76.161 74.262 72.843 72.635 72.794 74.476 77.857 78.318 77.605 74.504 72.455 71.804 71.635 71.629 71.782 71.726 71.229 70.79 70.733 70.713 71.641 71.167 70.611 70.592 70.591 70.565 70.398 70.323 70.371 70.347 71.115 71.046 70.059 69.57 69.479 69.436 69.349 69.478 69.555 69.889 70.123
77.832 78.076 77.738 77.604 77.582 77.559 77.614 77.577 77.549 77.42 77.344 77.301 77.262 77.197 77.133 77.118 80.025 83.839 83.673 83.723 83.68 83.692 83.676 83.085 79.631 74.006 73.724 74.863 74.448 73.382 73.536 75.785 73.792 72.774 72.726 72.63 73.327 76.46 77.72 78.324 77.096 75.479 72.003 71.704 71.687 72.185 72.259 72.157 70.774 70.681 70.683 70.561 70.493 70.634 70.651 71.713 70.702 70.249 71.227 71.25 70.302 70.171 69.734 69.703 69.551 69.474 69.861 69.63 70.011 70.446 69.684 69.297
77.763 77.78 77.782 77.69 77.457 77.547 77.501 77.509 77.52 77.395 77.24 77.222 77.148 77.196 77.164 77.238 77.205 82.905 83.724 83.712 83.705 83.719 83.732 83.72 80.8 74.387 73.648 73.692 75.675 74.068 73.252 75.553 76.683 75.473 74.196 74.584 77.921 74.64 76.793 77.896 78.282 76.615 73.981 71.778 72.166 71.886 71.343 71.523 71.517 70.628 70.544 70.521 70.428 70.367 70.273 70.261 70.102 70.032 69.998 70.067 69.877 69.788 69.726 69.648 70.164 69.845 70.541 70.48 69.61 69.365 69.328 69.277
79.143 77.826 77.786 77.753 77.585 77.451 77.51 77.467 77.497 77.43 77.28 77.18 77.09 77.097 77.207 77.264 77.243 78.686 83.577 83.687 83.732 83.735 83.731 83.712 83.725 79.336 73.761 73.43 74.814 73.45 73.175 74.437 75.902 76.239 75.055 74.695 75.587 73.363 74.485 77.248 78.007 77.655 73.69 72.506 73.03 71.694 71.45 71.5 71.499 70.84 71.86 70.522 70.419 70.364 70.25 70.163 70.154 70.079 70.044 69.992 69.852 69.801 70.159 70.437 71.459 69.998 70.154 69.78 70.003 69.43 69.345 69.323
82.098 78.018 77.723 77.754 77.739 77.552 77.418 77.4 77.372 77.319 77.325 77.289 77.108 77.099 77.158 77.216 77.229 77.18 79.095 82.839 83.734 83.731 83.739 83.72 83.704 83.705 78.94 74.071 73.976 73.238 74.463 75.615 75.788 76.96 76.619 75.289 74.06 72.319 72.158 75.112 76.561 75.992 73.155 73.204 71.895 71.562 71.457 72.575 71.725 71.208 71.239 70.716 70.54 70.364 70.296 70.245 70.13 70.073 70.066 70.087 70.545 70.301 71.259 71.613 70.721 69.801 70.169 70.046 70.607 69.684 69.393 69.383
83.586 82.525 77.964 77.679 77.662 77.611 77.445 77.331 77.272 77.304 77.276 77.183 77.065 77.05 77.063 77.072 77.121 77.181 77.164 78.222 83.515 83.738 83.753 83.729 83.716 83.687 83.602 76.903 73.578 73.271 73.228 75.053 73.734 73.792 76.023 74.216 72.654 72.318 72.189 72.444 73.236 73.495 73.592 73.144 76.644 73.006 71.674 73.061 71.594 71.358 71.295 70.993 70.749 70.611 70.942 70.322 71.045 71.426 71.456 70.729 70.379 70.862 70.614 70.988 71.451 69.779 69.736 69.745 69.904 69.874 70.7 74.307
84.233 83.38 82.431 77.91 77.792 77.532 77.6 77.38 77.208 77.23 77.22 77.233 77.068 76.988 76.976 76.949 76.973 77.055 77.104 77.012 80.605 83.497 83.771 83.738 83.77 83.61 79.12 74.122 73.416 73.205 73.251 73.183 73.167 73.097 73.26 73.845 73.482 72.548 72.287 72.165 72.051 72.696 72.625 76.369 77.734 77.527 76.902 75.206 71.64 71.494 71.393 71.25 71.029 70.957 70.703 71.084 70.775 70.528 70.434 70.43 70.503 70.254 70.233 70.2 71.329 69.875 70.284 69.902 72.726 74.623 75.331 76.04
83.959 84.388 83.379 82.167 78.37 77.864 77.543 77.706 77.185 77.142 77.148 77.131 77.094 77.005 76.959 76.843 76.862 76.967 76.976 77.031 77.015 79.64 83.74 83.704 83.597 77.784 76.772 73.886 73.456 73.629 73.265 73.192 73.121 73.101 73.056 73.153 74.168 72.764 72.515 72.304 72.234 72.504 72.151 77.001 78.729 78.626 78.425 77.859 76.866 76.152 72.334 71.438 71.137 71.117 70.818 71.232 70.551 70.488 70.459 70.626 70.878 70.426 70.347 70.277 71.354 69.991 72.483 74.58 75.618 76.136 76.148 75.654
83.118 84.175 84.341 83.244 82.34 78.509 77.582 77.705 77.247 77.083 77.04 77.004 77.041 76.992 76.911 76.794 76.806 76.784 76.85 76.912 76.976 77.043 83.52 81.17 76.897 76.421 75.226 74.411 73.864 73.431 73.326 73.225 73.155 73.136 73.287 73.164 73.051 74.117 72.894 72.605 73.548 72.074 71.872 72.202 76.248 77.234 77.746 78.319 78.497 77.979 75.993 72.407 71.264 71.428 71.106 71.28 72.01 72.03 70.849 70.78 72.239 70.59 70.646 70.401 70.745 73.321 75.106 76.038 76.102 75.51 74.808 74.35
81.972 82.924 83.926 84.181 82.962 80.987 77.717 77.392 77.288 77.339 76.997 76.91 76.951 76.899 76.908 76.856 76.688 76.705 76.626 76.736 76.847 76.773 77.083 78.212 76.685 76.014 75.836 75.226 73.645 73.346 73.279 73.256 73.214 73.22 73.7 73.201 73.008 72.992 73.008 73.909 72.483 72.061 72.073 72.52 71.829 72.266 75.97 76.92 77.896 78.468 76.884 71.668 71.605 71.048 70.797 71.743 75.563 76.17 76.189 76.168 76.082 76.171 76.214 75.991 71.539 70.826 73.822 75.272 74.795 73.378 73.103 72.986
77.786 82.02 82.949 83.904 84.083 81.69 78.474 77.356 77.381 77.521 77.028 76.875 76.933 76.831 76.787 76.762 76.669 76.599 76.576 76.543 76.663 76.683 76.478 76.294 76.103 76.425 78.371 77.398 80.212 76.855 73.296 73.277 73.268 73.63 73.333 73.074 72.928 72.965 74.628 75.106 72.919 72.185 72.191 72.179 72.023 73.527 72.235 73.921 74.812 76.909 74.025 71.979 72.141 71.313 70.765 71.711 75.35 76.634 77.042 76.973 76.937 76.898 77.528 76.242 71.318 72.907 71.303 73.771 69.877 69.939 69.992 71.287
77.661 80.464 82.606 83.593 84.121 83.744 81.172 78.902 77.241 77.174 77.09 76.898 76.721 76.77 76.819 76.689 76.636 76.579 76.438 76.493 76.401 76.43 76.35 76.239 78.09 78.173 81.048 83.895 83.136 78.761 73.962 73.319 73.788 73.272 73.186 73.085 73.259 73.128 72.938 74.397 74.761 72.905 72.24 72.172 73.787 72.824 72.098 71.671 71.621 71.764 71.707 72.641 71.732 71.311 71.43 71.003 75.473 77.441 75.908 75.758 75.666 75.624 75.518 75.129 73.166 72.955 70.281 69.788 69.749 69.758 69.96 70.731
77.666 77.719 80.373 82.68 83.692 84.313 83.736 81.79 77.279 77.173 77.242 76.908 76.788 76.645 76.684 76.634 76.57 76.581 76.505 76.369 76.389 76.409 76.298 76.2 78.176 80.349 83.92 84.612 84.242 82.507 78.228 73.603 74.036 73.25 73.172 73.17 73.108 73.028 72.911 73.044 74.463 74.268 72.762 72.335 74.011 72.155 71.895 71.81 71.746 71.674 71.756 71.684 71.412 71.203 71.284 71.039 70.427 70.742 70.742 71.855 71.388 70.648 70.373 70.333 70.57 73.158 70.384 69.923 69.933 69.809 70.045 70.73
77.693 77.737 78.418 81.593 82.675 83.735 84.349 83.246 79.963 77.231 77.094 77.225 76.776 76.601 76.556 76.547 76.528 76.519 76.463 76.375 76.31 76.282 76.227 76.179 77.804 82.173 83.593 84.277 84.628 84.325 84.067 79.835 73.893 73.302 73.756 73.325 73.067 73.063 72.978 72.893 73.277 75.155 74.339 73.707 73.547 72.21 72.037 71.92 71.771 71.726 71.724 71.582 71.536 71.622 71.467 71.046 71.029 70.907 70.894 70.909 71.837 70.574 70.49 70.396 71.715 73.445 72.001 70.105 70.299 70.175 70.755 72.076
77.674 77.959 80.081 81.09 81.972 82.991 84.139 79.895 77.274 77.073 77.026 76.737 76.672 76.596 76.546 76.48 76.489 76.47 76.385 76.334 76.202 76.163 76.134 76.081 76.101 79.608 83.315 83.476 84.334 84.737 84.233 84.027 76.984 73.754 73.334 73.242 73.151 73.079 72.967 72.919 72.897 73.385 74.694 74.698 73.112 72.25 72.13 71.975 71.828 71.731 72.894 72.066 72.441 71.675 71.258 71.141 71.064 70.964 70.946 70.918 71.293 70.696 70.565 70.726 70.876 72.874 73.3 71.569 74.549 72.374 70.493 72.685
78.433 80.771 81.499 82.275 82.688 81.806 77.707 77.368 77.235 78.23 76.771 76.663 76.627 76.603 76.489 76.352 76.411 76.348 76.341 76.3 76.207 76.09 76.091 76.08 76.049 76.012 81.358 82.689 83.483 84.371 84.68 84.271 83.077 78.222 73.38 73.658 73.282 72.949 72.869 72.903 72.912 72.856 74.189 74.7 72.697 72.326 72.278 72.091 71.88 71.776 71.879 72.717 77.732 78.025 78.259 72.694 71.072 78.563 79.425 79.544 73.617 71.842 72.383 73.001 72.788 77.991 77.877 79.238 80.936 81.325 78.114 76.204
81.434 81.657 82.424 82.524 78.787 77.187 77.072 78.402 77.645 78.596 76.89 76.688 76.59 76.486 76.407 76.333 76.284 76.276 76.319 76.253 76.262 76.089 76.003 76.035 76 75.878 75.925 80.409 83.416 84.201 84.498 84.87 83.696 81.156 77.918 73.771 72.957 72.808 72.844 73.177 74.461 72.972 74.527 73.679 74.916 72.497 72.239 72.012 72.099 72.549 73.374 78.711 82.608 82.88 80.833 78.254 75.075 82.804 83.371 81.099 79.469 77.896 75.676 74.267 76.218 80.958 82.921 83.937 83.025 82.472 80.282 75.926
82.066 82.955 82.455 81.154 78.131 77.048 77.28 78.166 77.355 76.798 76.755 76.646 76.56 76.473 76.38 76.261 76.265 76.17 76.169 76.184 76.107 76.12 76.009 75.907 75.899 75.862 75.794 75.758 81.103 82.909 84.239 84.607 84.596 83.562 80.988 75.488 73.145 72.797 72.859 73.553 77.779 78.625 82.644 79.905 74.143 72.905 72.317 72.163 80.808 83.902 83.314 78.522 86.09 87.683 87.762 84.818 78.941 83.655 83.981 83.604 82.881 81.03 75.121 74.757 80.901 83.391 84.692 84.543 82.996 73.048 72.723 70.86
82.795 82.275 81.119 77.377 77.007 77.649 77.548 76.937 76.805 76.793 76.788 76.656 76.569 76.433 76.348 76.383 76.262 76.206 76.076 76.055 76.038 76.07 75.966 75.872 75.776 75.772 75.738 75.68 77.624 82.282 84.014 83.876 84.769 84.394 82.79 75.964 74.376 73.166 72.861 74.578 81.3 83.419 84.389 83.172 76.652 73.356 73.025 72.203 81.696 85 84.438 84.088 86.603 87.808 87.541 80.747 75.849 82.81 83.944 83.513 81.708 78.865 79.299 81.472 82.703 83.682 77.5 74.653 82.629 84.135 74.362 71.181
82.148 78.458 77.172 76.977 77.607 78.402 77.356 76.852 76.852 76.814 76.759 76.685 76.642 76.522 76.51 76.195 79.003 80.409 79.924 77.068 75.982 75.996 75.916 75.889 75.809 75.77 75.681 75.611 75.684 78.458 83.227 83.066 83.727 84.271 83.878 82.649 76.483 73.002 72.867 77.728 82.515 83.729 80.339 80.028 75.637 73.196 73.856 74.093 83.21 84.829 83.715 85.976 87.379 87.309 86.811 75.751 83.959 84.461 85.831 84.544 79.985 78.367 82.314 77.581 81.303 83.96 84.661 85.527 85.708 86.457 73.98 77.546
