dsm/se3332_DSM_2M.asc
ncols 500
nrows 500
xllcorner    433000
yllcorner    432000
cellsize     2
NODATA_value -9999
[rows 0 to 31 of 500, columns 288 to 359 of 500]
38.599 38.341 34.108 32.349 31.562 31.346 31.146 30.922 30.945 31.493 35.915 35.936 37.199 35.661 32.538 31.953 31.818 31.842 31.884 31.967 32.072 32.19 32.229 32.277 32.367 32.398 32.465 32.452 32.473 32.435 32.428 32.442 32.424 32.397 32.406 32.361 32.301 32.348 32.371 32.394 32.395 32.462 32.496 32.498 32.553 32.782 32.931 33.021 33.087 33.101 33.142 33.071 33.118 33.061 32.901 32.865 33.023 32.955 32.892 32.866 33.242 33.767 34.464 34.67 34.494 34.117 34.051 33.895 33.62 33.295 33.216 33.554
38.584 37.582 34.213 31.972 31.471 31.306 31.145 31.07 34.478 31.912 34.072 35.656 36.292 33.35 31.964 31.934 31.819 31.785 31.887 31.953 32.1 32.164 32.222 32.354 32.356 32.385 32.414 32.438 32.49 32.478 32.475 32.508 32.475 32.41 32.45 32.469 32.442 32.361 32.337 32.323 32.377 32.415 32.505 32.523 32.541 32.591 32.648 32.729 32.771 32.746 32.759 32.788 32.768 32.72 32.747 32.805 32.925 32.87 32.868 32.934 33.289 33.835 34.496 34.876 34.909 34.667 34.398 34.124 33.809 33.541 33.206 33.338
38.312 37.241 33.894 32.662 31.655 31.285 31.324 36.719 38.477 35.024 32.695 31.887 31.884 31.934 31.619 31.68 31.798 31.75 31.861 31.904 32.063 32.196 32.278 32.351 32.36 32.407 32.477 32.451 32.491 32.557 32.556 32.54 32.538 32.532 32.504 32.459 32.426 32.448 32.443 32.408 32.366 32.349 32.433 32.499 32.571 32.61 32.639 32.642 32.645 32.693 32.727 32.723 32.728 32.709 32.752 32.801 32.866 32.812 32.779 32.921 33.33 33.796 34.369 34.863 34.992 35.029 34.666 34.236 33.876 33.555 33.25 33.171
39.331 37.284 33.352 32.08 31.776 31.568 35.728 38.683 39.794 38.816 32.346 32.043 32.326 31.482 31.435 31.656 31.639 31.763 31.863 31.955 32.112 32.222 32.253 32.317 32.346 32.441 32.487 32.508 32.553 32.616 32.655 32.602 32.61 32.591 32.628 32.595 32.493 32.46 32.437 32.434 32.428 32.429 32.376 32.451 32.57 32.563 32.544 32.566 32.617 32.676 32.689 32.81 32.81 32.785 32.697 32.779 32.772 32.762 32.75 32.951 33.3 33.816 34.37 34.709 34.869 34.897 34.952 34.274 33.894 33.632 33.329 33.05
38.11 36.599 32.946 31.663 31.269 31.135 31.245 37.429 39.422 37.008 34.539 34.287 34.489 33.868 31.76 31.374 31.552 31.651 31.91 32.046 32.09 32.17 32.234 32.347 32.372 32.472 32.524 32.578 32.617 32.689 32.667 32.639 32.613 32.648 32.672 32.608 32.604 32.574 32.533 32.448 32.473 32.492 32.505 32.505 32.493 32.48 32.517 32.577 32.587 32.604 32.634 32.699 32.744 32.738 32.654 32.755 32.733 32.708 32.73 32.86 33.242 33.742 34.114 34.438 34.633 34.7 34.791 34.417 34.07 33.627 33.329 33.069
37.621 36.599 32.118 31.47 31.291 31.085 30.967 30.877 33.068 31.795 31.995 34.726 34.962 33.261 31.439 31.473 31.588 31.73 31.97 32.055 32.106 32.158 32.255 32.327 32.422 32.487 32.516 32.534 32.646 32.67 32.713 32.709 32.711 32.691 32.68 32.703 32.653 32.646 32.647 32.609 32.541 32.514 32.542 32.566 32.548 32.55 32.53 32.458 32.487 32.547 32.626 32.679 32.725 32.736 32.721 32.747 32.763 32.696 32.751 32.767 33.086 33.429 33.827 34.132 34.18 34.477 34.468 34.195 33.8 33.616 33.285 33.174
37.418 33.43 33.064 31.729 31.209 31.172 31.062 30.996 31.004 30.993 31.076 34.847 35.431 32.842 31.249 31.527 31.868 31.887 32.138 32.027 32.127 32.175 32.262 32.308 32.398 32.483 32.599 32.645 32.678 32.716 32.757 32.699 32.749 32.713 32.725 32.742 32.659 32.692 32.697 32.725 32.726 32.621 32.534 32.527 32.538 32.58 32.599 32.627 32.56 32.522 32.542 32.593 32.641 32.729 32.715 32.729 32.766 32.694 32.739 32.717 32.852 33.129 33.335 33.721 33.969 33.941 33.97 33.792 33.638 33.404 33.188 33.086
34.823 32.49 32.096 32.091 31.924 31.649 32.417 31.332 31.084 31.048 32.78 35.306 35.26 32.284 31.358 31.386 31.708 32.042 32.023 32.064 32.102 32.162 32.27 32.391 32.462 32.557 32.599 32.625 32.704 32.767 32.743 32.754 32.723 32.761 32.724 32.756 32.711 32.776 32.733 32.759 32.713 32.743 32.673 32.664 32.635 32.601 32.669 32.626 32.65 32.651 32.585 32.6 32.631 32.699 32.674 32.716 32.75 32.765 32.737 32.759 32.805 32.809 33.074 33.384 33.489 33.515 33.468 33.388 33.328 33.174 33.064 33.08
34.569 32.105 32.067 32.189 32.047 31.645 31.171 31.603 31.299 31.064 32.49 34.461 33.6 31.446 31.505 31.496 31.548 31.844 31.931 32.062 32.155 32.186 32.309 32.43 32.486 32.631 32.625 32.659 32.741 32.76 32.822 32.796 32.698 32.786 32.755 32.77 32.75 32.789 32.804 32.885 32.798 32.752 32.73 32.823 32.782 32.755 32.68 32.7 32.677 32.69 32.671 32.657 32.67 32.63 32.695 32.727 32.752 32.76 32.721 32.754 32.849 32.85 32.847 32.926 33.107 33.153 33.168 33.138 33.087 32.986 33.089 33.086
32.841 32.125 32.072 32.055 32.466 31.015 31.046 31.055 31.041 30.944 30.964 31.694 31.846 32.468 31.572 31.351 31.529 31.671 31.953 32.072 32.152 32.164 32.346 32.412 32.495 32.647 32.655 32.72 32.729 32.88 32.759 32.823 32.673 32.79 32.774 32.764 32.739 32.775 32.846 32.812 32.874 32.797 32.762 32.782 32.794 32.766 32.724 32.753 32.69 32.701 32.678 32.699 32.701 32.707 32.703 32.695 32.738 32.744 32.702 32.73 32.775 32.827 32.883 32.863 32.893 32.989 32.996 33.028 33.022 33.077 33.124 33.075
33.515 34.244 34.559 34.074 31.955 31.512 30.979 31.03 30.994 30.969 30.997 30.954 30.957 30.991 31.346 33.951 33.179 32.567 32.386 32.262 32.123 32.149 32.308 32.389 32.58 32.657 32.681 32.731 32.786 32.811 32.766 32.747 32.703 32.798 32.798 32.742 32.62 32.66 32.411 32.528 32.676 32.82 32.765 32.888 32.861 32.761 32.49 32.703 32.785 32.799 32.738 32.738 32.722 32.741 32.727 32.72 32.7 32.706 32.77 32.782 32.771 32.81 32.864 32.912 32.99 33.124 33.031 33.057 33.144 33.086 33.039 33.069
32.786 34.158 34.419 34.483 32.352 31.35 31.181 31.091 31.031 31.045 31.003 30.998 31.011 30.98 31.407 34.234 35.109 33.895 33.149 32.499 32.167 32.238 32.341 32.44 32.335 32.439 32.53 32.788 33.021 33 32.861 32.9 32.808 32.896 32.992 33.068 33.034 33.031 33.038 32.972 33.006 32.946 32.887 32.918 32.87 32.88 33.009 32.995 32.537 32.763 32.831 32.818 32.766 32.763 32.765 32.773 32.755 32.686 32.709 32.781 32.83 32.849 32.891 32.82 32.867 32.914 33.043 33.058 33.102 33.073 33.004 33.076
32.347 31.849 31.667 31.54 32.67 31.674 31.097 31.139 31.069 31.035 31.023 32.564 31.412 31.025 32.537 33.211 33.48 33.099 32.87 32.24 32.173 32.211 32.306 32.143 32.713 32.817 32.84 32.927 32.952 32.92 32.834 32.842 32.89 32.813 32.883 32.905 32.903 32.947 32.954 32.929 32.901 32.893 32.897 32.918 32.929 32.904 32.901 32.845 32.896 32.949 32.808 32.852 32.849 32.867 32.809 32.766 32.784 32.785 32.774 32.795 32.871 32.852 32.88 32.899 32.928 32.981 33.038 33.047 33.022 33.039 33.041 33.067
32.117 31.859 32.038 33.041 31.722 31.108 31.083 31.674 31.234 32.075 31.51 30.924 31.381 31.07 32.944 33.962 33.781 32.997 32.389 32.308 32.221 32.261 32.332 32.43 32.8 32.77 32.785 32.844 32.83 32.872 32.814 32.838 32.926 32.939 32.902 32.897 32.954 32.932 32.978 33.017 32.921 32.965 32.933 32.974 32.917 32.927 32.888 32.835 32.895 32.957 33.03 32.675 32.889 32.884 32.913 32.885 32.845 32.816 32.817 32.857 32.774 32.857 32.887 32.907 32.952 33.036 33.027 33.057 33.051 33.099 33.096 33.099
31.946 31.462 31.316 31.23 31.16 32.563 32.541 32.042 31.006 30.992 31.148 31.357 31.208 32.236 41.06 48.059 37.264 33.017 32.364 32.323 32.242 32.293 32.245 32.585 32.649 32.696 32.793 32.787 32.895 32.863 32.852 32.844 32.96 32.954 32.951 32.909 32.98 32.953 32.977 32.982 33.02 32.947 32.975 32.959 32.883 32.971 32.931 32.962 32.966 32.949 32.975 33.131 32.724 32.932 32.928 32.895 32.907 32.869 32.834 32.917 32.817 32.764 32.834 32.873 32.897 32.917 32.978 33.005 33.045 33.064 33.111 33.065
32.133 31.538 31.343 31.213 31.129 31.05 31.335 31.19 30.918 30.949 31.01 31.11 31.052 31.427 50.118 55.026 51.585 35.063 32.104 32.271 32.235 32.351 32.163 32.742 32.708 32.723 32.797 32.882 32.831 32.851 32.913 32.938 32.973 32.943 32.884 32.959 33.006 32.949 32.963 32.955 33.017 33.031 33 33.058 32.908 32.955 32.892 32.938 32.982 32.929 32.913 33.024 33.16 32.701 32.944 32.914 32.937 32.947 32.879 32.922 32.89 32.863 32.806 32.87 32.915 32.906 32.961 32.966 32.983 32.973 33.027 33.02
33.65 32.961 31.613 31.217 31.151 31.033 31.022 30.928 31.03 30.931 31.021 31.053 31.052 31.069 49.241 53.622 46.134 33.494 32.213 32.261 32.242 32.329 32.233 32.76 32.838 32.774 32.902 32.859 32.851 32.945 32.871 32.934 32.962 32.908 32.923 33.022 32.964 33.028 32.968 32.974 33.015 32.976 32.99 33.119 32.955 32.973 32.93 32.928 33 33.033 32.938 32.983 33.049 33.138 32.692 32.912 32.984 32.937 32.941 32.895 32.877 32.892 32.865 32.82 32.888 32.923 32.919 32.934 32.966 33.023 32.994 33.007
32.265 32.196 31.714 32.199 32.403 32.406 31.418 32.194 31.95 31.041 31.051 31.033 31.041 44.284 51.787 51.047 45.402 32.221 32.249 32.288 32.297 32.379 32.403 32.769 32.882 32.819 32.899 32.916 32.879 32.85 32.917 32.952 32.953 32.945 32.998 33.06 33.021 32.963 33.031 33.05 33.074 33.033 33.027 33.057 32.96 33.026 32.974 33.024 33.057 33.027 32.961 32.997 33.075 32.977 33.167 32.759 32.963 32.944 32.943 32.959 32.898 32.879 32.932 32.876 32.822 32.907 32.954 32.954 32.994 32.955 33.036 33.051
31.97 31.403 31.234 31.138 31.546 32.559 32.993 33.761 33.862 31.301 31.134 31.108 31.06 35.192 53.884 51.958 47.308 32.264 32.335 32.245 32.341 32.156 32.493 32.698 32.763 32.849 32.891 32.867 32.919 32.906 32.904 32.935 32.989 32.964 33.046 33.023 33.082 33.025 33.011 33.026 33.105 33.058 33.14 33.077 33.043 33.04 33.026 32.984 33.01 33.122 33.063 33.028 33.027 32.983 33.01 33.206 32.88 32.897 32.971 32.987 32.957 32.903 32.902 32.95 32.897 32.843 32.934 32.935 32.953 32.978 33.09 33.048
31.895 31.367 31.191 31.152 31.106 31.066 31.089 31.634 31.901 32.837 33.946 33.792 41.141 44.013 53.169 49.638 36.14 32.258 32.292 32.278 32.397 32.079 32.784 32.694 32.744 32.808 32.888 32.902 32.872 32.93 32.96 33.033 33.037 33 33.008 33.114 33.105 33.022 33.112 33.066 33.068 33.097 33.163 33.15 33.08 33.1 33.052 33.129 33.145 33.131 33.076 33.105 33.032 33.075 32.991 33.107 33.017 32.793 32.992 32.977 33.02 33.023 32.904 32.935 32.951 32.947 32.895 32.926 32.981 32.98 33.003 33.056
31.429 31.36 31.148 31.144 31.116 31.057 31.038 31.037 31.164 31.19 31.693 32.178 44.185 49.917 52.373 49.196 35.136 32.33 32.315 32.318 32.407 32.495 32.711 32.762 32.787 32.796 32.87 32.86 32.937 32.866 32.92 33.021 33.044 33.005 32.985 33.128 33.133 33.056 33.043 33.06 33.058 33.146 33.103 33.147 33.034 33.074 33.007 33.057 33.164 33.116 33.098 33.025 33.052 33.032 33.051 33.002 33.195 32.906 32.946 32.95 32.951 32.98 32.976 32.966 32.941 32.972 32.927 32.871 32.987 32.979 32.992 33.071
33.342 32.453 31.588 31.106 31.148 31.062 31.015 31.019 31.082 31.065 31.133 31.26 33.748 42.442 45.841 38.188 33.215 32.367 32.308 32.402 32.453 32.501 32.74 32.747 32.797 32.857 32.911 32.871 32.915 32.944 32.944 32.996 33.106 33.031 33.069 33.2 33.213 33.115 33.117 33.161 33.164 33.165 33.137 33.114 33.096 33.044 33.057 33.108 33.13 33.1 33.114 33.104 33.11 33.023 33.046 33.045 33.025 33.153 32.662 32.91 32.957 32.938 32.973 32.974 32.936 32.974 32.942 32.907 32.958 33.012 32.983 33.015
33.087 33.505 33.544 33.67 34.014 33.719 32.931 31.167 31.099 31.122 31.119 31.218 32.861 35.189 34.929 32.801 32.484 32.354 32.3 32.392 32.48 32.749 32.727 32.757 32.814 32.865 33.007 32.895 32.856 32.875 32.979 33.064 33.066 33.102 33.119 33.125 33.163 33.179 33.153 33.154 33.192 33.17 33.173 33.142 33.098 33.11 33.095 33.099 33.084 33.144 33.156 33.145 33.094 33.055 33.05 33.096 32.992 32.955 33.087 32.745 32.912 32.945 32.953 32.963 33.025 32.988 32.984 32.985 32.945 32.989 32.997 33.001
31.639 31.581 31.901 33.638 34.413 34.261 34.242 33.286 32.844 33.772 33.6 31.858 31.74 34.437 33.806 33.312 32.634 32.318 32.302 32.433 32.34 32.72 32.756 32.827 32.917 32.939 32.997 32.942 32.984 32.975 33.017 33.062 33.091 33.074 33.18 33.218 33.236 33.155 33.169 33.253 33.209 33.28 33.224 33.257 33.18 33.132 33.146 33.181 33.146 33.074 33.115 33.124 33.12 33.07 33.082 33.029 33.064 32.976 33.009 33.139 32.808 32.986 33.03 33.083 33.061 32.997 33.036 32.99 32.981 32.909 32.995 33.028
31.572 31.496 31.484 31.952 33.999 34.066 32.168 32.19 34.034 34.609 35.417 35.992 35.555 34.295 32.98 33.137 32.529 32.306 32.298 32.43 32.366 32.678 32.78 32.858 32.895 32.928 32.984 32.975 32.916 33.028 33.017 33.127 33.167 33.134 33.128 33.164 33.193 33.14 33.269 33.217 33.19 33.218 33.239 33.252 33.189 33.162 33.168 33.238 33.191 33.087 33.118 33.144 33.112 33.018 33.058 33.052 33.033 32.958 32.946 32.968 33.13 32.793 33.006 33.062 33.045 33.053 33.04 33.015 32.994 32.961 32.895 32.985
32.407 31.462 31.472 31.367 31.345 31.364 31.321 31.314 31.751 32.083 34.172 36.551 36.072 33.485 32.488 32.401 32.348 32.382 32.346 32.442 32.468 32.788 32.81 32.926 32.909 32.888 32.927 32.97 32.925 33.063 33.095 33.177 33.191 33.186 33.169 33.245 33.185 33.188 33.225 33.241 33.238 33.22 33.256 33.207 33.235 33.147 33.144 33.232 33.152 33.138 33.152 33.119 33.116 33.129 33.11 33.05 33.08 33.012 33.034 32.981 33.171 32.656 32.96 33.106 33.173 33.134 33.06 33.032 33.016 32.996 32.938 32.92
36.781 31.498 31.447 31.494 31.415 31.38 31.328 31.303 31.264 31.272 32.343 36.268 36.35 34.972 32.372 32.3 32.351 32.343 32.381 32.492 32.617 32.778 32.822 32.814 32.944 32.952 32.993 32.934 32.96 33.075 33.11 33.212 33.187 33.187 33.169 33.271 33.202 33.215 33.254 33.236 33.205 33.225 33.211 33.271 33.237 33.248 33.237 33.238 33.136 33.094 33.152 33.122 33.048 33.101 33.064 33.043 33.046 32.963 33.062 33.101 33.05 33.3 32.651 32.997 33.055 33.161 33.053 33.009 33.006 32.996 32.968 32.888
34.004 31.965 32.251 35.143 32.893 31.53 31.312 31.278 31.313 31.303 31.533 35.834 36.314 34.337 32.898 32.446 32.465 32.345 32.44 32.543 32.74 32.716 32.859 32.85 33.005 32.989 33.034 32.925 33.014 33.007 33.103 33.184 33.113 33.207 33.218 33.248 33.227 33.258 33.213 33.29 33.264 33.286 33.26 33.262 33.296 33.234 33.26 33.235 33.21 33.155 33.172 33.076 33.154 33.07 33.091 33.068 33.065 33.019 33.094 33.092 33.015 33.075 33.187 32.894 33.107 33.07 33.043 33.024 33.067 33.007 32.944 32.893
31.567 31.644 32.228 33.241 31.415 31.419 31.581 32.012 31.374 31.451 32.292 35.366 36.212 34.954 33.461 32.39 32.39 32.362 32.438 32.217 32.847 32.782 32.808 32.918 32.884 33.051 32.997 33.006 32.995 32.962 33.168 33.128 33.272 33.302 33.289 33.229 33.191 33.242 33.261 33.255 33.295 33.338 33.259 33.254 33.282 33.257 33.257 33.267 33.228 33.225 33.161 33.135 33.144 33.062 33.156 33.064 33.095 33.054 33.124 33.032 33.037 32.949 33.231 33.033 32.902 33.072 33.057 33.063 33.005 32.951 32.938 32.866
31.644 31.632 31.493 31.473 31.373 31.41 31.547 31.481 31.716 31.744 34.731 36.114 36.284 35.493 32.771 32.371 32.389 32.399 32.522 32.469 32.819 32.754 32.761 32.864 32.975 33.015 33.007 32.995 32.983 32.92 33.195 33.203 33.33 33.236 33.339 33.277 33.312 33.33 33.298 33.275 33.279 33.308 33.27 33.343 33.294 33.278 33.28 33.289 33.317 33.204 33.169 33.113 33.186 33.093 33.073 32.988 33.109 33.072 33.038 32.98 33.062 33.058 33.04 33.192 32.648 32.949 32.994 32.975 33.06 32.996 32.894 32.864
34.096 32.791 31.964 31.493 31.388 31.389 31.447 31.558 31.455 31.656 35.687 37.103 37.032 33.474 32.406 32.422 32.4 32.398 32.495 32.685 32.786 32.843 32.827 32.828 32.941 33.036 33.118 33.007 33.015 33.07 33.303 33.315 33.323 33.366 33.335 33.295 33.313 33.258 33.212 33.254 33.266 33.34 33.344 33.3 33.282 33.357 33.289 33.241 33.205 33.231 33.196 33.105 33.202 33.122 33.192 33.125 33.114 33.135 33.06 33.059 33.039 33.074 33.072 33.093 33.226 32.707 32.937 32.976 33.029 33.061 32.903 32.86
34.039 34.005 33.945 32.962 31.591 31.391 31.506 31.313 31.439 31.352 35.175 36.73 36.015 32.689 32.465 32.404 32.418 32.424 32.353 32.684 32.854 32.799 32.891 32.858 32.957 33.025 33.12 33.163 33.117 33.081 33.212 33.198 33.284 33.465 33.338 33.279 33.267 33.284 33.288 33.322 33.363 33.39 33.294 33.304 33.295 33.331 33.305 33.319 33.251 33.217 33.213 33.197 33.223 33.207 33.165 33.125 33.114 33.158 33.167 33.09 33.086 33.06 32.997 32.972 33.113 33.016 32.85 32.931 32.995 32.977 32.888 32.872
