dsm/se3333_DSM_2M.asc
ncols 500
nrows 500
xllcorner    433000
yllcorner    433000
cellsize     2
NODATA_value -9999
[rows 384 to 415 of 500, columns 0 to 71 of 500]
47.304 47.37 47.728 47.534 47.248 46.989 47.082 47.095 46.907 47.04 -9999 -9999 -9999 47.183 47.254 47.325 47.024 46.61 46.575 46.649 46.73 47.088 47.487 47.732 47.18 46.934 46.948 46.876 46.434 46.294 46.639 46.439 46.719 46.276 46.632 46.294 49.746 50.328 51.557 52.376 52.634 52.937 53.247 52.987 49.898 46.259 47.081 46.753 45.992 45.863 45.915 47.611 48.32 48.155 46.027 46.373 46.495 45.804 45.839 45.827 45.857 45.838 45.992 47.848 45.957 46.019 46.327 45.904 47.369 46.956 48.074 48.073
47.419 47.527 47.729 47.461 47.218 46.986 46.988 46.965 46.913 47.025 -9999 47.262 47.296 47.106 47.087 47.846 47.222 46.637 46.593 46.651 46.952 48.03 48.386 46.964 47.067 46.86 47.268 47.054 46.505 46.259 46.951 46.325 46.223 50.555 51.908 52.242 52.629 52.939 53.197 53.488 53.735 53.482 53.222 52.973 51.584 48.929 47.501 47.103 45.876 45.805 45.852 45.877 45.876 45.978 45.82 45.86 45.822 45.827 45.799 45.791 45.824 45.807 45.852 47.792 49.201 50.974 49.594 45.936 46.051 47.804 48.072 48.194
47.462 47.482 47.535 -9999 47.136 46.943 46.865 46.905 -9999 -9999 -9999 47.171 47.383 47.115 46.889 47.188 46.865 46.584 46.545 46.629 46.629 46.795 46.715 46.438 46.422 46.929 47.751 49.127 49.281 48.197 48.876 46.351 46.408 51.802 52.685 53.21 53.589 53.775 53.538 53.116 52.831 52.552 52.175 51.478 50.267 47.002 46.573 47.156 45.977 45.828 45.853 45.852 45.823 45.83 45.756 45.86 45.846 45.763 45.813 45.81 45.924 45.868 45.892 48.908 50.935 51.22 50.557 48.113 46.515 47.652 47.945 48.058
-9999 47.39 47.279 47.08 46.962 46.9 46.866 46.891 47.013 46.962 46.858 47.013 47.456 47.389 47.066 46.71 46.619 46.541 46.379 46.498 47.085 46.852 47.236 47.708 49.414 50.016 50.907 52.278 52.567 52.877 52.398 48.103 46.872 51.561 52.559 53.084 52.852 52.566 52.387 52.017 46.634 46.353 46.41 46.006 46.065 46.021 46.037 46.046 45.945 45.813 45.823 45.833 45.824 45.809 45.819 45.754 45.807 45.953 46.202 46.126 45.991 45.946 46.528 49.345 51.455 51.546 49.764 47.975 47.119 46.94 46.541 45.539
47.656 47.334 47.06 46.981 46.967 46.909 46.86 46.914 47.137 46.961 46.646 46.641 46.91 47.166 46.626 46.737 47.02 46.898 47.246 47.85 48.687 50.47 51.574 51.868 52.089 52.729 53.107 53.86 53.509 53.278 52.597 49.967 46.623 51.154 51.299 50.563 49.791 47.645 46.715 46.977 45.983 45.967 47.742 46.722 46.061 46.035 45.996 45.951 45.894 45.802 45.827 45.84 45.884 45.94 45.978 46.089 46.046 46.175 47.087 46.278 45.91 45.941 45.497 44.92 48.179 48.803 48.312 44.617 44.666 44.932 45.252 45.123
47.744 47.54 47.038 47.021 47.022 46.927 46.854 46.975 47.062 46.958 46.515 46.659 46.292 46.04 46.593 48.7 49.47 50.014 50.941 51.035 51.876 52.776 52.977 52.809 53.216 53.338 53.14 52.794 52.399 52.18 51.707 50.507 46.341 49.281 47.521 46.033 46.396 46.002 45.942 46.508 46.063 46.009 46.227 46.732 46.023 46.001 45.993 45.936 46.33 45.897 45.913 46.109 46.144 46.236 46.21 46.143 46.074 46.343 45.744 45.133 44.57 44.585 44.559 44.509 44.524 44.603 44.55 44.594 44.588 44.99 47.42 47.337
47.605 47.719 47.177 47.03 47.005 46.9 46.902 46.932 47.014 46.989 46.675 46.955 46.397 46.535 47.934 51.098 52.092 52.483 52.494 52.674 52.96 52.973 53.019 52.616 52.471 52.212 51.939 50.87 48.92 47.052 46.181 46.673 46.129 46.094 46.082 46.147 46.206 46.187 46.214 46.671 46.135 46.06 46.531 48.508 46.189 45.998 46.319 46.01 46.217 46.002 46.467 49.029 47.275 46.228 46.016 45.782 45.526 45.177 45.008 44.494 44.511 44.536 44.52 44.635 44.762 44.498 44.514 44.555 44.559 47.752 48.124 48.143
47.214 47.066 47.145 46.873 46.59 46.9 47.886 48.072 47.613 47.909 48.825 50.123 49.077 47.278 50.662 51.821 52.782 52.949 52.582 52.464 52.66 52.214 50.068 50.069 50.016 47.961 47.575 47.048 48.408 46.871 46.154 46.397 47.857 47.862 47.766 46.34 46.291 46.477 46.094 45.999 46.361 46.089 46.076 48.525 46.778 46.112 46.025 46.022 47.554 48.768 48.564 49.916 47.122 45.765 45.345 44.989 44.725 44.565 44.508 44.501 44.496 44.608 44.704 46.785 48.849 44.891 44.445 44.468 44.557 45.467 48.136 48.148
47.603 47.012 47.094 46.681 46.422 46.951 49.359 50.783 50.531 51.216 51.925 51.855 50.907 46.538 46.787 50.942 52.217 51.949 49.867 50.227 49.544 48.101 48.783 47.617 47.397 46.254 47.397 46.879 46.45 46.306 46.138 46.32 48.36 48.418 48.32 46.318 46.861 46.705 45.978 45.9 48.461 46.015 46.07 48.552 47.092 45.892 46.094 46.029 48.204 49.371 46.031 46.197 45.142 44.683 44.527 44.534 44.497 44.486 44.479 44.465 44.438 46.143 49.272 49.861 49.231 46.125 44.45 44.431 44.39 44.449 47.919 48.134
49.055 47.928 48.469 48.364 47.576 47.642 48.389 50.715 52.245 52.473 52.345 52.306 51.525 48.442 47.658 51.078 50.153 49.953 48.108 46.477 46.439 46.263 46.908 46.986 47.307 46.405 47.192 46.579 46.189 47.196 46.499 46.205 48.371 48.565 48.275 47.546 49.394 48.641 46.066 45.886 47.536 45.868 45.87 47.784 47.99 45.992 46.077 46.31 47.004 45.121 44.73 44.556 44.531 44.465 44.479 44.882 44.521 44.45 44.438 44.442 44.458 47.083 49.346 49.567 49.657 48.636 45.387 44.662 44.339 44.315 47.065 48.103
49.278 50.716 50.527 50.302 49.583 47.939 48.97 51.214 52.592 52.372 51.322 51.1 50.961 49.262 46.628 48.169 48.169 48.614 48.405 46.507 46.214 46.128 46.494 46.213 46.435 46.329 47.107 46.895 46.238 46.729 46.257 46.208 48.094 47.803 46.765 48.721 50.039 50.1 46.362 45.888 46.015 45.877 45.651 46.732 47.442 47.308 45.504 44.8 44.746 44.528 44.471 44.449 44.491 44.606 44.87 45.644 44.734 44.433 44.41 44.478 44.449 47.495 48.948 49.356 49.944 48.878 45.284 44.829 44.294 44.325 45.021 47.995
51.631 52.454 52.551 52.683 52.094 49.877 50.209 51.353 51.729 50.884 49.56 49.148 48.248 46.609 46.244 46.335 46.274 47.051 47.218 46.171 46.059 46.266 46.164 46.17 46.246 46.216 46.186 46.792 46.394 46.194 46.612 46.431 46.52 47.225 46.516 45.883 46.323 46.659 46.317 45.907 46.088 46.424 45.467 46.088 45.39 44.715 44.567 44.552 44.572 44.532 44.528 45.186 44.88 45.443 45.42 45.539 45.105 44.461 44.452 44.568 45.864 48.882 47.938 49.244 49.895 49.734 48.364 44.53 44.3 44.282 45.391 48.074
52.883 52.466 52.31 52.589 51.532 49.639 48.963 49.952 48.978 47.838 47.505 46.316 46.211 45.982 46.681 47.683 46.719 46.175 46.302 46.161 46.045 46.265 46.262 46.161 46.415 46.22 46.174 46.783 46.604 47.477 46.895 46.305 46.411 46.493 46.016 45.698 45.484 45.505 46.466 46.268 46.267 46.396 44.996 44.648 44.59 44.547 44.524 44.502 44.598 44.748 45.491 44.709 45.442 45.226 44.502 44.469 44.486 44.488 47.894 49.161 51.049 51.067 49.597 49.364 49.665 49.924 48.46 44.978 44.353 44.295 44.279 47.968
51.893 51.293 51.321 50.909 49.591 48.99 46.955 47.58 46.338 46.371 46.582 46.248 46.13 45.919 46.263 47.473 46.859 46.456 46.76 46.404 46.091 46.347 46.639 46.246 46.404 46.221 46.254 46.994 46.333 46.273 46.121 46.268 46.513 45.887 45.938 45.736 46.837 46.768 46.226 46.051 45.382 44.663 44.545 44.522 44.62 44.725 44.492 44.561 44.842 45.503 45.441 44.649 44.566 44.488 44.45 44.447 44.445 44.442 49 50.572 51.708 51.568 49.669 49.855 49.51 50.017 49.444 46.074 45.613 44.308 44.266 47.201
50.083 49.98 49.615 48.453 46.775 47.061 46.659 46.446 46.32 46.119 46.257 46.274 46.215 46.176 46.322 46.368 46.714 46.577 47.56 48.021 46.503 47.7 47.984 46.687 46.352 46.352 46.201 46.217 46.098 46.291 46.28 46.268 46.951 47.305 47.11 46.944 45.299 44.745 44.687 44.53 44.544 44.506 44.497 44.569 44.709 45.241 44.681 44.458 45.406 44.575 44.452 44.432 44.419 44.417 44.517 44.449 44.387 44.768 45.586 50.185 51.343 51.799 50.989 49.958 49.302 49.796 49.794 47.229 44.919 44.507 44.255 46.85
47.2 47.866 46.896 47.222 46.841 46.271 46.416 47.237 47.115 46.448 46.269 46.298 46.348 46.37 47.242 47.449 48.075 47.224 47.598 48.838 47.553 48.173 50.243 48.445 49.575 47.621 46.219 45.976 45.942 46.041 46.721 47.454 47.298 47.092 46.11 44.775 44.62 44.483 44.462 44.479 44.523 44.491 44.546 44.877 44.647 45.121 44.823 44.46 44.45 44.389 44.452 44.454 44.441 44.458 44.466 44.543 44.9 45.405 44.684 49.656 51.082 51.832 51.166 49.615 49.349 49.31 49.9 49.229 45.189 44.236 44.206 44.191
46.543 46.346 46.553 46.531 46.191 46.288 46.494 47.834 48.041 46.851 46.231 46.288 46.286 46.16 46.361 46.961 47.104 46.775 46.938 47.462 47.094 47.605 50.003 51.071 51.638 50.079 46.267 45.692 45.695 46.022 47.515 46.303 45.365 44.826 44.659 44.555 44.48 44.517 44.545 44.542 45.432 44.88 44.529 44.808 44.867 44.535 44.48 44.435 44.433 44.432 44.448 44.487 44.418 45.058 44.897 45.292 45.454 44.84 44.451 46.582 50.398 51.331 51.795 50.526 50.252 49.847 49.88 49.668 48.086 44.962 44.231 44.217
47.668 46.431 46.471 46.454 46.297 46.287 46.261 46.661 47.673 46.819 46.14 46.177 46.158 46.322 46.619 46.841 46.177 46.134 46.16 46.316 47.041 47.83 49.263 49.042 49.629 48.337 46.222 45.746 45.44 45.74 46.21 45.043 44.566 44.472 44.471 44.524 45.299 44.823 44.517 44.519 45.2 44.735 44.47 44.49 44.473 44.517 44.471 44.415 44.429 44.463 44.71 44.596 44.551 44.9 45.256 45.606 44.52 44.415 44.691 46.89 50.001 51.184 47.323 48.385 49.74 50.029 49.783 49.954 49.335 47.997 44.481 44.226
48.363 46.775 46.381 46.394 46.406 46.403 46.323 46.914 47.781 46.997 46.228 46.191 46.327 47.136 48.41 47.577 46.511 45.661 45.637 46.018 47.686 49.789 48.643 48.447 48.335 47.352 46.745 45.933 45.093 44.762 44.75 44.695 44.486 44.469 44.481 44.482 44.917 44.947 45.507 44.812 44.521 44.544 44.473 44.459 44.452 44.511 44.442 44.422 44.438 44.693 45.374 45.102 44.942 44.748 44.405 44.563 44.874 45.413 47.538 47.44 46.77 45.388 47.328 51.54 53.73 53.089 49.609 49.945 49.952 48.457 47.387 44.481
48.441 47.545 46.471 46.507 46.567 46.482 46.491 47.03 47.096 46.527 46.768 46.361 46.4 47.001 48.681 49.324 48.029 45.66 45.383 45.906 46.853 47.936 48.146 48.358 48.083 45.821 44.715 44.492 44.645 45.104 45.17 44.872 44.504 44.453 44.457 44.505 44.545 44.731 44.525 44.488 44.51 44.502 44.454 44.461 44.43 44.452 45.067 44.699 45.177 45.307 45.48 45.183 44.764 44.932 45.462 47.233 44.781 44.588 47.373 47.407 48.771 53.709 53.772 53.938 54.046 54.101 50.546 49.815 50.116 49.434 48.853 46.995
48.25 47.185 46.662 46.618 46.67 46.452 46.291 46.405 46.584 46.433 47.052 47.621 48.868 47.854 50.099 50.057 49.231 45.669 44.946 45.249 45.966 46.63 47.318 48.049 47.761 45.167 44.553 44.596 45.13 45.619 45.27 44.885 44.488 44.486 44.447 44.515 44.924 44.483 44.513 44.495 44.478 44.475 44.425 44.439 44.443 44.429 45.308 44.963 45.38 44.796 44.636 45.181 46.65 47.159 47.428 47.439 46.205 45.875 52.133 52.198 53.855 54.093 54.124 54.259 54.324 54.496 51.964 49.917 50.103 50.004 49.501 47.444
47.755 46.895 46.601 46.625 46.572 46.405 46.364 46.92 46.64 47.208 49.837 50.609 52.227 50.607 50.08 50.474 48.665 46.279 45.088 45.531 45.69 45.046 44.822 45.361 46.041 45.727 45.613 45.849 45.976 45.68 45.263 44.869 44.984 44.492 44.435 44.46 45.058 44.527 44.477 44.458 44.456 44.402 44.467 44.515 44.466 45.384 44.858 44.743 44.482 46.145 46.661 47.508 47.478 47.455 47.592 51.789 52.081 53.842 54.573 54.262 54.242 55.256 54.625 54.578 54.684 54.834 55.052 50.656 49.809 50.178 49.193 45.215
47.021 46.729 46.59 46.813 46.682 46.945 49.703 49.103 47.285 47.841 50.751 51.834 51.341 50.243 48.881 48.923 46.698 44.67 44.708 45.034 44.852 44.362 44.428 45.201 46.766 46.891 46.468 46.359 46.032 45.626 45.253 44.898 44.769 44.429 44.484 44.459 44.487 44.466 44.417 44.488 44.476 44.436 44.488 44.422 44.432 45.28 44.885 46.623 44.82 44.715 47.338 47.797 47.648 51.302 52.904 53.886 54.059 54.12 55.075 55.102 54.534 54.901 54.863 54.912 54.957 54.95 54.297 51.136 49.724 50.253 49.479 46.043
47.822 46.976 46.768 46.65 46.625 46.412 51.461 49.745 46.359 47.36 50.882 51.269 49.191 48.2 47.002 45.373 44.573 44.183 44.396 44.467 44.382 44.381 44.598 45.4 46.669 46.998 46.679 46.495 46.154 45.777 44.458 44.546 44.463 44.497 44.419 44.428 44.444 44.475 44.385 44.444 44.433 44.493 44.808 44.456 44.435 45.958 47.492 47.468 46.062 45.045 48.385 53.427 53.792 53.904 54.082 54.197 54.372 54.483 54.65 54.82 54.842 55.198 54.957 54.864 54.731 54.578 54.528 52.515 49.323 50.146 49.667 48.689
48.382 47.678 47.133 46.975 46.532 46.105 47.157 46.676 45.722 46.347 47.735 46.96 47.594 46.591 44.639 44.217 44.224 44.274 44.306 44.361 44.37 44.367 44.448 44.498 44.476 44.522 46.939 46.659 46.284 44.427 44.438 44.506 44.397 44.522 44.43 44.429 44.452 45.077 44.664 44.39 46.241 46.979 48.737 48.023 44.753 45.379 47.525 48.732 47.9 52.83 53.754 53.997 54.126 54.675 54.585 54.467 54.618 54.8 54.925 55.162 54.863 54.775 55.226 54.698 54.446 54.264 54.14 53.802 49.898 49.871 49.658 48.757
51.832 46.475 48.177 48.815 46.539 46.462 46.129 46.337 46.555 45.162 44.803 45.057 45.941 45.394 44.216 43.98 44.139 -9999 44.416 44.389 44.444 44.44 44.446 44.468 44.507 44.512 44.511 44.422 44.466 44.425 44.427 44.403 44.422 44.444 44.402 44.529 45.543 44.723 46.5 47.059 49.961 49.62 50.255 49.112 46.524 50.435 52.084 53.823 53.968 54.064 54.148 54.288 54.415 54.608 55.348 54.849 54.927 54.973 54.879 55.137 55.303 54.472 54.917 54.423 54.053 53.862 53.699 53.351 52.671 49.757 49.982 48.959
48.02 48.172 50.035 53.34 48.901 46.742 47.729 47.021 45.9 44.464 44.308 44.534 44.817 44.713 44.271 44.107 44.201 -9999 44.422 44.437 44.404 44.423 44.491 44.471 44.508 44.457 44.515 45.419 45.307 44.46 44.455 44.426 44.466 44.412 44.479 44.786 48.137 48.161 50.199 50.252 50.305 47.499 51.717 51.767 52.579 53.855 54.032 54.166 54.303 54.433 54.547 54.634 54.794 54.867 55.413 55.03 54.85 54.692 54.552 54.6 54.605 54.198 54.058 53.898 53.641 53.248 52.778 52.773 52.506 49.488 49.865 49.668
47.363 48.737 51.965 49.829 48.334 50.811 47.859 47.064 44.67 44.299 44.2 44.169 44.245 44.411 44.505 44.535 44.422 -9999 -9999 44.409 44.35 44.407 44.551 44.423 44.465 44.405 45.43 44.786 44.599 45.111 44.415 44.407 44.727 45.512 48.531 48.682 49.781 47.7 49.565 48.336 48.943 53.448 53.731 53.914 54.072 54.217 54.346 54.455 54.613 54.745 54.851 54.929 54.945 54.871 54.846 55.225 54.505 54.377 54.263 54.08 54 53.863 53.562 53.315 52.699 52.697 52.777 52.956 53.231 52.242 49.467 49.919
48.167 50.59 50.874 48.204 45.984 46.935 46.662 45.44 44.472 44.337 44.362 44.294 44.355 44.431 44.591 44.642 44.449 -9999 -9999 44.417 44.427 44.457 44.43 44.462 44.409 44.395 45.815 44.786 44.445 45.297 44.429 44.386 48.578 49.551 50.362 50.266 49.059 50.297 47.797 53.445 53.825 53.979 54.149 54.839 54.576 54.445 54.605 54.745 54.858 55.035 54.894 54.816 54.654 54.562 54.433 54.432 54.487 53.959 53.818 53.633 53.461 53.191 52.694 52.678 52.694 52.906 53.113 53.271 53.063 52.026 49.403 49.888
45.739 48.159 47.102 45.411 45.198 44.841 44.466 44.174 44.333 44.586 44.661 44.346 44.32 44.368 44.38 44.24 44.232 -9999 -9999 -9999 44.435 44.387 44.383 44.406 44.394 44.42 44.364 46.083 45.782 44.882 44.846 49.394 50.722 50.35 50.452 52.15 52.593 53.814 53.953 54.037 54.216 54.286 54.407 54.544 54.7 54.805 54.895 54.983 54.955 54.834 54.694 54.52 54.416 54.242 54.078 54.768 54.193 53.38 53.132 52.815 52.674 52.968 52.837 53.008 53.064 53.063 52.993 52.803 52.635 52.653 50.8 49.894
44.692 44.652 44.356 44.289 44.431 44.439 44.312 44.328 44.401 44.678 44.731 44.126 43.991 44.089 44.165 43.944 44.061 -9999 -9999 -9999 44.385 44.375 44.386 44.404 44.375 44.404 45 44.71 44.398 48.46 48.156 48.095 50.317 51.778 53.57 53.862 54.013 54.113 54.306 54.396 54.523 54.669 54.798 54.886 55.079 54.994 54.879 54.75 54.614 54.439 54.309 54.222 54.087 53.836 53.633 53.173 52.98 52.696 52.706 52.822 52.979 53.171 53.116 52.978 52.88 52.765 52.674 52.754 52.992 53.114 51.765 49.401
44.228 44.232 44.185 44.207 44.278 45.016 44.511 44.401 44.367 44.396 44.133 43.868 43.989 43.997 44.014 44.005 44.355 -9999 45.748 -9999 46.135 46.074 44.379 44.371 44.328 44.379 49.815 49.341 48.885 48.822 50.189 53.311 53.753 53.811 53.986 54.136 54.338 54.486 54.56 54.7 54.906 55.009 54.971 54.871 54.815 54.698 54.508 54.445 54.337 54.166 54.014 53.748 53.465 53.233 52.796 52.686 52.679 52.861 53.018 53.264 53.061 52.972 52.743 52.677 52.683 52.872 53.167 53.086 53.085 52.914 52.283 49.583
