dsm/se3331_DSM_2M.asc
ncols 500
nrows 500
xllcorner    433000
yllcorner    431000
cellsize     2
NODATA_value -9999
[rows 448 to 479 of 500, columns 72 to 143 of 500]
19.511 18.988 18.957 19.951 33.172 30.323 -9999 -9999 -9999 -9999 -9999 -9999 -9999 -9999 -9999 21.75 21.55 21.613 22.706 23.132 23.197 23.34 21.971 24.09 27.012 28.44 27.144 26.333 23.577 25.13 22.494 22.402 22.745 22.421 22.402 22.366 23.107 23.982 24.15 23.185 28.741 30.038 26.286 23.425 23.311 22.655 22.557 22.609 22.588 22.594 22.6 22.547 22.611 22.567 22.759 24.061 24.476 23.78 24.894 25.135 23.474 23.255 23.26 23.234 23.255 23.197 23.218 23.418 23.365 23.306 23.379 23.454
20.184 19.867 19.347 24.045 24.073 -9999 -9999 -9999 -9999 -9999 -9999 -9999 -9999 -9999 -9999 -9999 23.114 24.226 24.131 22.267 22.302 22.042 21.931 24.125 27.157 29.716 30.327 27.181 28.248 26.481 23.735 22.488 22.705 22.501 22.342 22.328 22.331 23.291 22.434 24.224 24.528 23.763 22.781 23.059 23.307 23.412 22.998 22.582 22.571 22.646 22.578 22.58 22.568 22.583 22.545 22.695 22.937 24.29 23.247 24.973 23.583 23.27 23.284 23.346 23.242 23.199 23.123 23.209 23.086 23.404 23.289 23.399
20.033 19.792 19.531 19.073 21.674 -9999 -9999 -9999 -9999 -9999 -9999 -9999 -9999 -9999 -9999 -9999 -9999 -9999 -9999 20.624 18.859 21.613 22.807 23.741 25.839 28.267 29.331 28.911 29.648 27.776 24.666 22.825 22.298 22.377 22.503 22.392 22.333 22.546 22.424 22.407 23.325 22.792 22.501 23.005 22.932 23.113 23.598 23.142 22.635 22.581 22.567 22.605 22.549 22.56 22.557 22.606 22.722 22.774 23.327 23.778 23.263 24.8 23.421 23.374 23.553 23.281 23.175 23.209 23.13 23.162 23.717 23.448
20.158 19.295 19.214 19.238 21.512 -9999 -9999 -9999 -9999 -9999 -9999 -9999 -9999 -9999 -9999 -9999 -9999 -9999 -9999 -9999 18.613 18.905 21.957 22.87 24.414 25.969 27.024 28.722 29.67 29.413 28.504 25.978 22.945 22.512 22.544 22.877 22.385 22.43 22.519 22.51 22.466 22.71 22.468 22.541 22.658 22.732 22.947 23.321 23.498 22.864 22.572 22.53 22.545 22.575 22.537 22.534 22.559 22.738 22.821 23.3 23.35 23.53 23.62 24.314 23.297 23.305 23.209 23.312 23.569 23.248 23.364 23.284
19.512 19.527 19.174 19.221 19.072 19.003 -9999 -9999 -9999 -9999 -9999 -9999 -9999 -9999 -9999 -9999 -9999 -9999 -9999 -9999 -9999 19.002 19.829 22.668 22.882 23.775 25.056 27.651 29.063 31.243 30.814 27.834 25.625 23.252 23.46 22.533 22.504 22.46 22.473 22.517 22.671 22.646 22.576 22.531 22.466 22.507 22.588 22.787 23.055 23.553 23.248 22.619 22.557 22.586 22.57 22.564 22.599 22.519 22.661 22.841 23.104 23.436 24.361 25.395 24.052 23.554 23.169 24.469 23.371 23.258 23.254 24.45
19.842 19.519 19.337 19.215 18.997 18.86 18.938 -9999 -9999 -9999 -9999 -9999 -9999 -9999 -9999 -9999 -9999 -9999 -9999 -9999 -9999 -9999 -9999 22.398 22.03 22.175 23.023 24.008 26.074 27.705 30.123 28.434 25.502 22.87 22.434 22.406 22.446 22.463 22.465 22.452 22.469 22.479 22.596 22.702 22.727 22.69 22.514 22.518 22.668 23.008 23.444 23.386 22.641 22.532 22.566 22.619 22.622 22.562 22.563 22.626 22.789 23.306 24.681 25.823 25.271 23.366 23.13 23.18 23.189 23.256 23.27 25.337
20.167 19.735 19.583 19.406 19.097 18.813 18.973 -9999 -9999 -9999 -9999 -9999 -9999 -9999 -9999 -9999 -9999 -9999 -9999 -9999 -9999 -9999 -9999 -9999 21.185 20.766 20.694 21.363 23.337 26.151 27.622 24.729 22.918 22.437 22.341 22.311 22.419 22.538 22.56 22.928 22.479 22.453 22.485 22.492 22.601 22.526 22.527 22.446 22.433 22.638 22.817 23.093 23.515 23.011 22.734 23.047 22.979 22.696 22.641 22.619 22.589 22.696 22.904 24.716 23.606 23.21 23.188 23.263 23.251 23.538 25.38 23.636
20.663 20.264 19.918 19.651 19.348 19.023 19.008 19.039 -9999 -9999 -9999 -9999 -9999 -9999 -9999 -9999 -9999 -9999 -9999 -9999 -9999 -9999 -9999 -9999 20.74 20.407 20.11 21.052 22.301 23.105 23.44 23.958 23.206 22.484 22.579 22.337 22.563 22.659 22.457 22.47 22.522 22.497 22.46 22.471 22.483 22.619 22.502 22.492 22.446 22.501 22.609 22.607 22.857 23.549 23.527 22.927 22.815 23.024 22.844 22.698 22.622 22.607 22.635 22.736 23.173 23.19 23.153 23.57 23.519 23.127 25.094 23.009
21.008 20.642 20.391 19.876 19.494 19.35 19.224 19.153 19.022 -9999 -9999 -9999 -9999 -9999 -9999 -9999 -9999 -9999 -9999 -9999 -9999 -9999 -9999 -9999 -9999 20.4 20.182 21.559 21.412 22.613 21.875 22.829 22.826 22.684 22.359 22.276 22.32 22.476 22.63 22.944 22.764 22.397 22.431 22.448 22.375 22.587 22.514 22.566 22.556 22.439 22.954 22.459 22.455 22.567 23.133 23.578 23.526 24.433 22.968 23.092 22.715 22.628 22.627 22.613 22.734 23.187 23.655 23.293 24.848 25.565 23.852 23.099
21.382 21.091 20.738 20.294 19.879 19.526 19.282 19.254 19.004 18.806 18.757 18.928 -9999 -9999 -9999 -9999 -9999 -9999 -9999 -9999 -9999 -9999 -9999 -9999 -9999 -9999 20.531 21.407 22.173 21.975 21.657 21.327 21.744 22.629 22.329 22.271 22.344 22.455 22.434 22.401 22.369 22.356 22.47 22.467 22.476 22.365 22.386 22.557 22.64 23.486 22.335 22.215 22.289 22.485 22.824 22.88 23.13 23.684 23.221 22.977 22.922 22.977 22.977 22.697 22.595 22.647 22.714 23.222 23.286 23.858 23.794 23.512
21.646 21.573 21.162 20.785 20.432 19.957 19.582 19.304 19.098 18.662 18.508 19.046 19.287 -9999 -9999 -9999 -9999 -9999 -9999 -9999 -9999 -9999 -9999 -9999 -9999 -9999 26.49 25.16 21.343 27.424 21.383 20.706 21.359 21.856 22.38 22.776 22.298 22.314 22.273 22.266 22.377 22.374 22.391 22.441 22.448 22.402 22.322 22.25 22.637 22.55 22.176 22.246 22.261 22.427 22.718 22.757 22.791 22.874 23.245 23.611 23.131 22.783 22.76 23.11 22.641 22.673 22.625 22.651 22.634 22.771 23.399 23.581
21.743 21.736 21.586 21.304 20.866 20.473 19.99 19.667 19.367 19.028 19.156 19.393 19.492 -9999 -9999 -9999 -9999 -9999 -9999 -9999 -9999 -9999 -9999 -9999 -9999 -9999 -9999 24.344 24.344 23.668 23.414 22.581 20.582 20.81 21.715 22.443 22.274 22.162 22.182 22.174 22.281 22.339 22.436 22.44 22.511 22.419 22.258 22.176 22.17 22.183 22.204 22.197 22.295 22.503 23.893 22.753 22.778 22.8 22.843 23.036 23.407 23.682 23.283 22.791 22.601 22.622 22.63 22.666 22.673 22.681 23.118 23.418
21.894 21.882 21.831 21.555 21.3 20.91 20.381 20.239 20.292 20.352 20.077 19.717 19.719 19.809 19.793 -9999 -9999 -9999 -9999 -9999 -9999 -9999 -9999 -9999 -9999 -9999 -9999 -9999 24.387 -9999 21.391 19.937 20.061 20.053 20.385 22.189 22.215 22.33 22.15 22.209 22.207 22.296 22.332 22.395 22.347 22.38 22.267 22.266 22.208 22.17 22.142 22.217 22.303 22.514 24.663 25.515 22.961 22.694 22.769 22.78 22.951 23.13 23.586 23.571 23.149 22.772 22.699 22.793 22.718 22.783 23.512 23.096
21.864 21.932 21.804 21.756 21.597 21.309 21.091 20.67 20.798 20.789 20.627 20.189 19.965 19.816 19.793 19.725 19.668 -9999 -9999 -9999 -9999 -9999 -9999 -9999 -9999 -9999 -9999 -9999 -9999 -9999 -9999 20.164 20.894 20.445 21.44 21.819 21.575 22.339 22.396 22.257 22.058 22.19 22.265 22.208 22.226 22.23 22.192 22.21 22.191 22.22 22.202 22.178 23.088 23.149 27.626 29.208 27.374 23.356 25.852 25.755 23.223 22.824 22.952 23.2 23.895 23.645 23.433 24.835 24.163 23.558 23.228 22.86
21.837 21.827 21.764 21.837 21.805 21.681 21.496 21.415 21.372 21.037 20.8 20.471 20.066 19.939 19.714 19.558 19.614 19.758 -9999 -9999 -9999 -9999 -9999 -9999 -9999 -9999 -9999 -9999 -9999 -9999 -9999 -9999 21.028 20.471 24.341 23.201 21.432 21.637 22.039 21.95 21.78 22.022 22.161 22.185 22.164 22.138 22.268 22.225 22.178 22.85 22.717 22.489 22.337 22.552 25.713 25.332 24.01 22.948 33.29 30.394 25.037 25.815 28.173 23.468 22.996 23.127 23.53 23.829 23.802 23.039 22.816 22.861
21.789 21.77 21.781 21.944 21.992 21.809 21.737 21.663 21.546 21.371 21.146 20.894 20.462 20.171 19.766 19.513 19.571 19.74 22.071 22.96 22.611 24.281 -9999 -9999 -9999 -9999 -9999 -9999 -9999 -9999 -9999 -9999 -9999 20.258 22.133 23.121 21.937 18.331 20.885 20.434 20.222 21.779 21.842 22.445 22.433 22.198 22.376 22.487 22.779 23.546 23.559 22.493 22.371 22.409 22.858 25.161 22.831 25.913 27.594 28.619 34.65 36.81 37.051 24.809 22.904 22.864 22.9 24.349 25.258 23.871 23.546 23.014
-9999 -9999 21.836 21.898 21.998 21.956 21.882 21.704 21.538 21.644 21.561 21.279 20.811 20.49 20.507 20.312 19.679 20.011 22.938 22.575 22.873 23.241 23.617 22.745 -9999 -9999 -9999 -9999 -9999 -9999 -9999 -9999 -9999 -9999 -9999 -9999 19.51 17.83 20.111 19.614 19.452 19.852 20.277 22.222 22.633 22.139 22.251 22.353 22.912 23.526 22.675 22.393 22.424 22.868 22.525 22.404 22.479 23.387 28.648 23.095 24.248 24.159 28.634 29.878 23.034 31.378 23.086 22.991 23.39 24.476 25.708 24.093
-9999 -9999 -9999 21.899 21.919 21.96 21.985 21.829 21.755 21.629 21.654 21.58 21.404 20.951 20.843 20.965 20.925 20.693 22.307 23.161 23.301 23.56 23.463 23.031 22.929 -9999 -9999 -9999 -9999 -9999 -9999 -9999 -9999 -9999 -9999 -9999 -9999 17.882 -9999 19.64 19.428 19.299 20.32 22.007 22.093 22.097 22.312 21.466 22.604 23.046 22.29 22.799 22.323 22.776 22.623 22.508 22.864 22.835 22.545 22.617 23.477 27.387 22.962 24.386 27.008 32.532 33.834 33.72 27.523 23.654 23.464 23.558
-9999 -9999 -9999 -9999 21.903 21.883 21.927 21.973 21.873 21.759 22.579 22.973 22.613 21.594 21.407 21.699 21.044 21.178 23.423 23.593 23.275 24.185 24.574 22.982 21.754 21.635 -9999 -9999 -9999 -9999 -9999 -9999 -9999 -9999 -9999 -9999 -9999 17.821 17.862 -9999 -9999 19.78 20.515 20.892 21.557 21.93 21.608 20.868 21.38 23.008 22.536 23.944 21.953 24.209 22.342 22.597 23.076 24.602 22.729 22.685 22.935 22.84 23.28 23.551 31.446 22.967 23.396 30.352 24.233 33.991 25.679 23.18
-9999 -9999 -9999 -9999 -9999 22.128 21.873 21.91 21.865 22.587 23.981 25.328 25.345 23.613 22.739 23.345 24.137 24.862 23.885 24.793 24.075 24.763 24.491 23.013 20.261 20.931 19.417 -9999 18.372 -9999 -9999 -9999 -9999 -9999 -9999 -9999 -9999 17.817 17.83 18.032 18.811 18.918 19.345 20.051 20.225 20.758 20.31 20.415 21.025 21.45 21.512 21.782 21.527 21.586 22.352 22.964 22.776 23.707 23.008 22.43 22.555 22.761 23.09 22.94 23.214 23.27 23.998 27.355 27.987 27.341 24.079 23.165
-9999 -9999 -9999 -9999 -9999 -9999 21.802 21.877 21.789 22.648 24.554 25.947 26.223 23.703 23.935 24.439 25.197 27.149 25.235 25.558 25.685 24.776 23.349 23.048 21.032 20.774 19.273 19.019 17.842 18.154 -9999 -9999 -9999 -9999 -9999 -9999 -9999 -9999 17.939 -9999 -9999 19.132 19.422 19.594 19.203 19.331 19.596 20.306 20.898 21.072 21.237 21.254 21.455 21.348 21.441 21.649 22.048 22.283 22.364 22.356 23.789 24.706 23.483 23.566 22.85 22.936 23.549 23.15 23.808 25.189 23.092 23.113
-9999 -9999 -9999 -9999 -9999 -9999 -9999 22.269 22.761 24.172 25.365 25.908 25.626 23.295 24.35 23.722 26.039 26.634 25.465 26.896 24.492 24.024 23.189 22.417 21.324 20.695 19.946 -9999 18.423 -9999 -9999 -9999 -9999 -9999 -9999 -9999 -9999 -9999 -9999 -9999 -9999 -9999 -9999 19.65 19.446 19.516 19.717 20.296 20.9 20.963 20.979 21.187 21.259 21.267 21.169 20.949 21.108 21.386 21.778 22.089 23.353 31.08 32.046 23.083 22.826 22.73 22.681 22.805 22.899 22.984 22.951 23.037
-9999 -9999 -9999 -9999 -9999 -9999 -9999 -9999 26.159 24.147 24.895 25.286 24.764 24.099 24.812 25.582 26.735 28.55 28.182 25.015 24.712 23.698 24.583 22.121 20.984 20.56 20.297 -9999 -9999 -9999 -9999 -9999 -9999 -9999 -9999 -9999 -9999 -9999 -9999 -9999 -9999 -9999 -9999 -9999 -9999 20.36 19.936 20.48 21.465 21.662 21.408 23.974 24.188 21.484 21.114 20.851 20.603 20.913 21.191 21.665 26.889 30.645 25.064 23.689 22.806 22.783 22.691 22.814 23.236 25.46 22.956 23.034
-9999 -9999 -9999 -9999 -9999 -9999 -9999 -9999 -9999 26.042 25.906 24.235 23.66 24.173 25.044 26.026 24.295 27.875 27.338 25.859 24.203 24.666 24.359 22.88 21.309 19.806 19.998 -9999 -9999 -9999 -9999 -9999 -9999 -9999 -9999 -9999 -9999 -9999 -9999 -9999 -9999 -9999 -9999 -9999 -9999 -9999 20.415 20.046 22.896 24.742 27.051 30.288 30.83 28.268 22.922 20.9 20.54 20.405 20.775 21.661 25.029 25.466 23.506 22.687 23.992 23.553 24.554 23.975 25.769 31.483 23.535 24.347
-9999 -9999 -9999 -9999 -9999 -9999 -9999 -9999 -9999 -9999 -9999 -9999 23.067 22.594 21.832 22.824 24.086 25.248 26.067 24.529 24.071 25.862 23.619 23.044 20.697 19.382 19.89 20.145 -9999 -9999 -9999 -9999 -9999 -9999 -9999 -9999 -9999 -9999 -9999 -9999 -9999 -9999 -9999 -9999 -9999 -9999 -9999 23.604 26.009 28.07 29.419 30.168 31.164 31.195 24.398 21.383 20.296 20.28 20.354 20.645 21.101 21.649 29.021 22.718 22.434 22.587 24.393 29.17 28.315 26.69 26.202 27.211
-9999 -9999 -9999 -9999 -9999 -9999 -9999 -9999 -9999 -9999 -9999 -9999 -9999 22.035 21.592 22.099 22.831 23.879 25.008 25.2 23.787 25.61 25.469 22.7 21.848 20.583 20.303 20.494 20.768 20.918 20.589 20.374 -9999 -9999 -9999 -9999 -9999 -9999 -9999 -9999 -9999 -9999 -9999 -9999 -9999 -9999 -9999 27.092 28.591 28.14 29.359 30.104 30.804 28.684 24.888 20.704 20.112 20.058 20.512 20.995 20.63 21.38 28.638 22.843 22.167 22.377 25.541 26.655 34.084 30.018 32.273 27.596
-9999 -9999 -9999 -9999 -9999 -9999 -9999 -9999 -9999 -9999 -9999 -9999 -9999 -9999 21.937 22.184 21.914 22.882 23.898 23.554 23.788 25.54 26.213 23.492 23.211 22.042 20.882 20.817 21.144 21.189 20.496 19.874 20.402 -9999 -9999 -9999 -9999 -9999 -9999 -9999 -9999 -9999 -9999 -9999 -9999 -9999 -9999 -9999 27.316 29.019 29.916 30.354 31.263 30.516 27.325 21.145 19.666 19.984 19.824 20.343 20.43 21.327 21.247 21.483 22.375 21.773 22.912 28.804 29.283 33.518 30.746 31.918
-9999 -9999 -9999 -9999 -9999 -9999 -9999 -9999 -9999 -9999 -9999 -9999 -9999 -9999 -9999 -9999 22.537 28.762 24.463 24.667 26.338 25.926 24.686 23.983 23.839 23.124 22.149 22.283 21.954 21.565 20.766 19.699 20.608 25.831 23.696 25.207 25.578 -9999 -9999 -9999 -9999 -9999 -9999 -9999 -9999 -9999 -9999 -9999 -9999 27.575 28.149 29.291 29.89 28.684 25.118 21.055 19.363 19.514 19.693 19.716 20.177 21.617 21.696 21.726 22.879 22.018 22.574 22.439 27.363 33.884 32.927 34.062
-9999 -9999 -9999 -9999 -9999 -9999 -9999 -9999 -9999 -9999 -9999 -9999 -9999 -9999 -9999 -9999 -9999 27.498 25.371 26.838 27.619 24.76 24.21 24.491 23.279 23.218 23.234 23.176 22.787 22.248 21.056 20.29 20.795 21.233 23.046 25.652 25.41 22.711 22.559 24.064 -9999 -9999 -9999 -9999 -9999 -9999 -9999 -9999 -9999 27.076 26.952 27.908 25.136 26.593 22.015 20.63 19.226 19.488 19.182 19.417 19.84 19.765 19.931 20.542 21.069 20.921 20.572 20.83 23.316 27.535 30.282 32.161
21.211 -9999 -9999 -9999 -9999 -9999 -9999 -9999 -9999 -9999 -9999 -9999 -9999 -9999 -9999 -9999 -9999 24.88 25.532 26.037 24.605 22.625 23.657 23.861 24.237 23.436 23.453 23.693 24.299 23.835 22.373 21.082 20.5 22.009 21.559 21.837 25.289 24.476 24.928 23.886 23.737 -9999 -9999 -9999 -9999 -9999 -9999 -9999 -9999 -9999 27.704 26.422 26.254 26.014 -9999 19.504 19.423 19.574 19.898 21.528 19.888 19.491 19.642 19.716 19.937 20.236 20.227 20.328 20.762 21.049 22.564 26.044
21.028 21.059 -9999 -9999 -9999 -9999 -9999 -9999 -9999 -9999 -9999 -9999 -9999 -9999 -9999 -9999 -9999 21.244 24.829 25.206 23.682 22.652 23.413 23.496 25.256 26.003 24.643 25.795 25.217 25.834 24.182 22.104 21.443 20.77 21.531 21.864 22.695 26.355 24.901 24.019 23.078 22.988 -9999 -9999 -9999 -9999 -9999 -9999 -9999 -9999 -9999 -9999 26.156 -9999 -9999 -9999 -9999 25.499 28.657 21.812 20.894 19.706 19.244 19.307 19.291 19.556 19.896 20.067 20.303 20.373 20.646 21.283
21.119 21.058 21.047 21.074 -9999 -9999 -9999 -9999 -9999 -9999 -9999 -9999 -9999 -9999 -9999 -9999 -9999 20.356 20.402 24.116 21.477 22.846 22.838 23.703 25.744 28.46 28.632 28.346 24.673 26.112 25.534 24.936 24.873 22.767 23.14 21.621 24.41 24.266 24.836 23.698 22.602 22.238 19.377 -9999 -9999 -9999 -9999 -9999 -9999 -9999 -9999 -9999 -9999 -9999 -9999 -9999 -9999 28.765 29.282 30.125 32.905 20.02 19.749 18.874 18.664 19.209 19.398 19.613 19.852 19.986 20.156 20.348
