dsm/se3330_DSM_2M.asc
ncols 500
nrows 500
xllcorner    433000
yllcorner    430000
cellsize     2
NODATA_value -9999
[rows 256 to 287 of 500, columns 216 to 287 of 500]
21.059 23.536 24.354 24.905 24.898 24.889 24.873 24.89 24.403 22.25 23.45 24.453 24.566 22.04 22.069 21.097 21.09 21.086 21.069 21.047 21.093 21.101 21.106 21.064 21.042 21.681 21.141 21.149 21.356 23.736 23.439 24.915 24.958 22.949 21.68 21.201 21.232 21.296 21.259 21.204 21.227 21.266 21.231 21.21 21.142 21.137 21.233 21.17 21.137 21.107 21.106 21.158 24.339 24.413 24.271 24.055 22.04 21.223 21.802 23.97 24.258 22.732 24.151 25.491 25.7 26.83 24.323 21.383 21.096 21.075 21.339 20.921
21.331 24.323 24.707 24.795 24.893 24.908 22.802 22.533 23.661 24.467 22.129 22.052 21.432 21.128 21.118 21.086 21.076 21.074 21.12 21.106 21.1 21.035 21.054 21.074 21.079 21.125 21.194 22.871 24.67 24.777 24.925 24.719 22.802 21.2 21.213 21.226 21.259 21.25 21.212 21.258 21.268 21.213 21.188 21.182 21.167 21.185 21.159 21.188 21.159 21.171 21.119 21.259 22.551 21.988 21.124 22.511 23.495 23.963 24.367 22.715 23.926 23.746 24.343 25.766 26.247 26.666 26.705 22.085 25.046 23.614 22.706 21.503
21.066 21.144 24.769 24.753 22.176 22.474 24.109 24.355 22.122 22.041 21.124 21.118 21.064 21.105 21.165 21.181 21.138 21.078 21.094 21.111 21.074 21.068 21.081 21.082 21.097 21.142 24.131 24.829 24.922 22.921 21.539 21.199 21.242 21.205 21.228 21.225 21.295 21.287 21.232 21.179 21.194 21.238 21.187 21.164 21.195 21.175 21.179 21.149 21.14 21.158 21.101 21.076 21.084 21.107 21.823 23.634 24.186 24.35 23.719 22.1 23.334 24.56 24.838 25.491 24.767 26.436 26.907 26.869 25.243 24.844 22.017 21.559
21.088 21.052 22.067 23.442 24.174 24.352 22.697 21.467 21.137 21.129 21.203 21.225 21.164 21.739 24.135 23.159 21.574 21.155 21.146 21.082 21.094 21.095 21.084 21.079 21.114 21.155 22.442 24.483 24.29 23.431 22.088 21.244 21.218 21.208 21.221 21.241 21.22 21.163 21.201 21.26 21.222 21.215 21.185 21.156 21.18 21.16 21.162 21.148 21.171 21.194 21.146 21.126 21.111 22.817 23.984 24.249 22.109 22.26 22.381 24.188 24.138 24.227 24.908 25.386 25.845 26.171 26.652 26.826 25.802 25.767 23.71 21.752
21.055 21.079 22.605 22.689 22.057 21.061 21.112 21.366 23.824 23.911 24.873 24.032 24.199 24.772 24.696 24.671 24.149 24.732 22.173 21.097 21.061 21.045 21.104 21.129 21.128 21.15 21.145 21.624 23.673 24.903 24.302 21.247 21.489 21.224 21.157 21.149 21.117 21.198 21.239 21.537 21.177 21.208 21.231 21.148 21.142 21.113 21.172 21.154 21.16 21.132 21.138 21.057 21.082 21.067 22.034 23.683 23.996 23.993 22.718 24.226 24.299 24.38 24.634 25.074 25.498 26.003 25.112 25.177 24.852 25.101 24.12 22.235
21.088 21.085 21.046 21.295 21.137 21.783 24.379 24.802 24.841 24.657 24.828 24.874 24.769 24.607 24.819 24.858 24.726 24.776 24.469 21.09 21.092 21.084 21.088 21.104 21.105 21.117 21.174 21.172 21.711 22.908 21.719 21.228 21.162 21.145 21.158 21.129 21.104 21.982 22.356 21.506 22.309 21.208 21.234 21.177 21.22 21.178 21.182 21.156 21.202 21.15 21.131 21.113 21.089 21.115 23.731 22.584 23.633 24.402 24.047 24.367 24.413 24.337 24.527 24.863 25.208 25.663 23.999 24.347 24.867 21.092 21.077 21.058
21.061 21.072 21.069 21.048 21.218 22.394 24.083 24.874 24.722 24.337 24.605 24.847 24.8 24.809 24.814 24.859 24.713 24.727 24.696 21.84 21.05 21.114 21.134 21.167 21.14 21.162 21.16 21.245 22.409 22.514 21.763 21.173 21.253 21.196 21.108 21.039 22.009 21.364 21.884 22.795 21.896 21.159 21.203 21.235 21.179 21.163 21.156 21.181 21.169 21.155 21.103 21.106 21.085 21.193 23.914 24.137 24.372 24.379 24.371 24.249 24.328 24.372 24.482 25.135 23.566 21.4 24.728 24.505 24.701 21.09 21.079 21.114
21.084 21.064 21.075 21.079 21.065 21.059 21.759 24.738 24.616 24.635 24.778 24.865 24.766 24.842 24.856 24.835 24.764 23.025 24.753 24.27 21.139 21.079 21.117 21.138 21.136 21.161 21.156 21.185 21.48 21.166 21.921 22.531 22.339 21.227 21.131 22.065 21.639 22.591 21.682 21.851 21.155 21.159 21.168 21.203 21.173 21.224 21.177 21.149 21.161 21.159 21.099 21.123 21.121 21.138 21.664 24.226 23.889 24.233 24.313 24.317 24.745 24.863 22.684 21.537 23.376 23.848 25.418 24.143 24.675 24.851 24.809 23.629
21.051 21.077 21.063 21.042 21.06 21.038 21.701 24.465 24.764 24.85 24.811 24.812 24.855 24.646 24.69 24.694 24.785 24.337 24.821 24.803 21.668 21.111 21.152 21.159 21.15 21.145 21.117 21.14 21.176 21.15 21.186 21.56 21.94 21.609 22.025 22.411 22.442 21.858 21.091 21.082 21.061 21.107 21.149 21.202 21.194 21.186 21.148 21.165 21.139 21.173 21.127 21.1 21.092 21.112 21.112 23.063 24.354 22.69 24.586 24.832 22.196 21.488 23.289 23.875 24.549 25.005 25.362 24.567 24.666 26.074 24.231 22.301
21.057 21.082 21.081 21 21.05 21.063 21.105 23.839 24.746 24.89 24.887 24.845 23.653 24.782 24.208 24.826 24.68 24.495 24.477 24.36 21.947 21.099 21.14 21.11 21.121 21.102 21.099 21.134 21.135 21.11 21.114 21.403 22.418 21.875 21.906 22.277 22.354 21.76 21.06 21.023 21.067 21.124 21.129 21.157 21.216 21.148 21.156 21.178 21.136 21.127 21.116 21.132 21.116 21.133 21.135 21.49 21.969 21.341 21.743 21.479 22.755 23.869 24.206 22.665 24.494 25.144 23.675 23.309 23.879 24.695 23.858 21.552
21.026 21.045 21.1 21.036 21.022 21.033 21.046 21.801 24.688 24.786 24.644 24.678 24.84 24.905 24.847 24.478 24.218 23.987 23.293 24.011 23.858 21.79 21.116 21.147 21.126 21.105 21.116 21.133 21.131 21.114 21.119 21.11 21.132 22.108 22.467 22.128 22.23 21.069 21.033 21.03 21.046 21.037 21.093 21.106 21.193 21.178 21.116 21.141 21.101 21.14 21.139 21.118 21.148 21.11 21.105 21.109 21.105 21.048 21.082 21.136 21.796 22.753 23.418 24.141 24.193 23.461 22.545 21.067 23.082 23.441 23.215 22.365
21.054 21.084 21.075 21.027 21.045 21.054 21.066 21.101 23.617 24.854 24.869 24.886 24.209 24.364 24.287 24.232 24.135 24.182 24.133 24.48 24.357 23.248 21.159 21.14 21.105 21.082 21.09 21.091 21.105 21.112 21.124 21.173 21.133 22.137 22.474 22.52 21.121 21.001 21.025 21.045 21.018 21.054 21.125 21.086 21.133 21.161 21.16 21.125 21.139 21.148 21.115 21.089 21.102 21.155 21.126 21.098 21.099 21.071 21.078 21.114 22.659 24.097 24.946 24.394 23.349 21.87 21.05 21.043 22.4 22.298 22.291 22.066
20.985 21.028 21.06 21.073 21.052 21.013 20.998 21.057 21.833 24.786 24.548 24.392 24.377 24.03 24.221 22.077 24.377 24.106 24.136 24.181 22.517 22.034 21.099 21.097 21.119 21.078 21.058 21.078 21.053 21.082 21.132 21.107 21.098 21.112 22.507 21.369 21.067 21.016 20.978 21.023 21.04 21.061 21.117 21.106 21.088 21.087 21.093 21.152 21.071 21.143 21.164 21.141 21.126 21.089 21.131 21.126 21.134 21.106 21.089 21.429 21.508 23.84 24.162 22.143 21.224 21.026 21.068 21.032 22.057 22.112 22.112 21.803
20.981 21.016 21.038 21.04 21.066 21.039 21.059 21.033 21.121 24.173 24.437 24.254 24.41 22.43 24.258 24.361 24.366 23.642 24.431 24.406 21.372 22.042 22.271 21.301 21.104 21.069 21.099 21.074 21.073 21.063 21.073 21.109 21.117 21.113 21.544 21.062 21.055 21.061 21.054 21.019 21.012 21.035 21.078 21.112 21.1 20.991 21.038 21.126 21.121 21.112 21.102 21.088 21.073 21.125 21.125 21.103 21.079 21.075 21.054 21.058 21.506 21.035 21.044 21.6 21.218 21.081 21.056 21.049 22.388 22.676 22.572 21.702
20.979 21.009 21.006 21.073 21.096 21.075 21.031 21.031 21.077 23.268 24.384 23.948 24.408 24.296 23.821 24.303 24.311 22.466 21.99 21.439 21.124 21.116 23.965 22.028 21.096 21.076 21.031 21.078 21.069 21.11 21.101 21.088 21.083 21.084 21.077 21.914 21.065 21.023 21.031 21.05 21.084 21.083 21.079 21.06 21.067 21.048 21.031 21.073 21.091 21.082 21.078 21.127 21.207 21.111 21.069 21.09 21.06 21.081 21.037 21.034 21.828 21.069 21.263 21.217 21.087 21.042 21.044 22.451 22.985 23.946 23.847 23.381
20.92 20.993 21.041 21.036 21.056 21.045 21.043 21.06 21.042 21.05 23.563 22.404 24.368 24.367 24.2 22.001 21.369 21.107 21.072 21.114 22.608 24.223 24.846 23.914 21.692 21.074 21.078 21.09 21.057 21.061 21.044 21.086 21.145 21.068 21.054 21.302 21.176 21.081 21.065 21.072 21.068 21.045 21.089 21.034 21.041 21.018 20.979 21.049 21.091 21.067 21.053 21.074 21.329 21.128 21.096 21.074 21.106 21.038 21.071 21.057 21.046 21.03 21.057 21.033 21.028 21.047 21.85 22.639 23.311 24.1 24.223 24.741
20.918 20.976 21.002 21.018 21.032 21.081 20.983 21.014 21.034 21.065 23.256 22.657 24.121 22.053 21.096 21.125 21.068 21.121 23.089 24.767 24.655 22.275 23.613 23.606 23.231 21.117 21.102 21.087 21.06 21.052 21.069 21.094 21.062 21.073 21.063 21.031 21.023 21.031 21.072 21.061 21.071 21.078 21.011 20.986 20.981 21.077 21.003 20.987 21.077 22.087 21.394 21.113 21.173 21.113 21.091 21.093 21.11 21.042 21.029 20.996 21.044 21.045 21.042 21.007 21.033 21.037 21.771 22.624 23.308 25.039 25.723 26.082
20.867 20.966 20.966 20.968 21.015 21.049 21.05 21.071 21.046 21.004 21.04 21.063 21.089 21.149 21.085 22.948 23.019 24.748 22.677 23.843 23.925 23.654 23.743 24.108 24.35 21.555 21.141 21.123 21.101 21.036 21.087 21.029 21.053 21.077 21.012 21.027 21.025 21.094 21.06 21.081 21.048 20.992 20.962 20.943 21.017 21.045 21.03 20.909 20.986 21.366 21.564 21.105 21.031 21.612 21.11 21.095 21.087 21.054 21.024 21.05 21.048 21.025 21.034 21.001 21.017 21.004 21.696 22.446 23.319 25.144 24.922 24.899
20.872 20.957 20.916 20.964 21.003 21.029 21.025 21.021 21.045 21.057 21.075 21.125 21.094 23.119 23.885 23.874 24.457 21.861 21.994 23.911 23.941 21.435 21.921 24.393 22.053 22.409 21.108 21.064 21.072 21.098 21.015 21.039 21.075 21.073 21.071 21.072 21.018 21.058 21.033 21.033 21.041 20.992 20.914 20.961 20.962 20.987 21.049 21.037 21.027 21.079 22.564 21.101 21.075 21.607 21.078 21.04 21.089 21.074 21.018 21.002 21.02 20.996 21.018 21.001 20.996 20.96 21.485 22.204 23.107 23.647 24.319 24.73
20.872 20.919 20.906 20.915 20.971 20.985 21.071 21.076 21.027 21.09 21.063 21.256 22.426 23.903 22.751 22.074 21.078 22.72 23.891 22.025 21.239 23.751 22.171 21.147 21.659 23.303 23.461 21.152 21.059 21.107 21.047 21.045 21.056 21.027 21.019 21.02 20.988 21.041 21.027 21.023 21.019 20.954 20.983 20.988 20.938 21.012 20.967 21.022 21.053 21.061 22.183 21.322 21.042 22.289 21.54 21.064 21.052 21.04 21.015 20.997 21.03 21.005 20.972 21.016 20.945 20.997 21.283 21.9 22.359 23.66 23.904 23.491
20.839 20.863 20.855 20.888 21.076 21.608 21.006 21.018 21.021 21.094 21.109 21.082 21.116 22.048 21.104 22.731 23.077 22.077 23.749 24.175 21.545 21.077 21.057 21.771 23.775 24.441 22.604 21.691 21.064 21.102 21.066 21.051 21.067 21.021 20.999 21.041 21.041 21.028 21.017 20.979 20.941 20.957 20.954 20.958 20.953 21.473 20.986 21.055 21.037 21.043 21.068 21.588 21.093 21.1 21.892 21.005 21.024 20.975 21.019 21.02 20.98 20.951 20.986 20.99 20.991 20.992 21.045 21.59 21.768 22.575 22.74 22.733
21.184 22.799 21.054 23.41 24.538 23.062 21.274 21.027 21.037 21.054 21.076 21.067 21.138 21.514 23.642 22.427 23.064 24.564 21.841 21.42 21.134 21.2 23.309 23.679 24.317 22.627 22.032 21.143 21.124 21.119 21.077 21.039 21.028 21 21.016 21.012 20.973 20.991 20.986 20.994 21.008 21.01 20.969 20.967 20.982 21.771 21.035 20.995 21.019 21.06 21.11 22.298 21.135 21.038 22.27 21.106 21.028 20.996 21.013 20.978 21.004 21.006 21.025 20.974 20.956 20.972 20.981 21.289 21.377 21.459 22.209 22.817
23.645 24.458 24.271 24.609 24.692 24.549 22.796 21.007 21.052 21.075 21.124 21.118 21.032 21.898 23.119 23.672 21.469 21.059 21.091 21.233 23.445 22.019 23.189 22.016 21.92 21.091 21.117 21.237 21.065 21.052 21.089 21.094 21.019 21.017 21.039 20.972 21.027 21.01 21.019 20.976 20.991 21.044 21.844 20.991 20.978 22.22 20.998 21.024 21.045 21.034 21.025 22.383 21.308 21.03 22.466 21.616 21.001 20.992 20.995 20.993 20.943 20.926 20.938 20.981 20.986 20.956 20.909 21.144 21.285 21.112 21.198 21.16
24.392 24.594 24.491 24.534 24.639 24.695 24.303 21.166 21.032 21.058 21.086 21.111 21.146 21.763 21.583 21.071 21.089 21.204 23.075 22.531 23.79 23.857 21.726 21.096 21.049 21.086 21.097 21.121 21.15 21.115 21.114 21.083 21.036 21.039 21.06 21.03 21.016 21.036 21.019 21.019 21.703 22.746 22.591 21.144 21.014 22.286 21.412 21.028 20.983 21.023 21.054 21.38 21.513 21.056 21.545 21.607 21.04 20.984 20.993 20.927 20.953 20.987 20.933 20.961 20.962 20.939 20.949 21.044 21.139 21.119 21.094 21.076
24.519 24.499 24.573 24.51 24.619 24.614 24.295 21.997 21.06 21.052 21.071 21.12 21.167 21.103 21.124 22.804 23.306 22.571 22.833 23.776 22.024 21.115 21.092 21.071 21.028 21.096 21.123 21.129 21.115 21.119 21.113 21.119 21.092 21.077 21.014 21.076 21.063 21.09 21.039 21.048 23.034 22.548 22.716 21.083 21.006 21.135 21.67 21.049 21.082 21.051 21.087 21.077 22.599 21.084 21.287 21.353 21.018 20.97 20.968 20.963 20.914 20.96 20.915 20.951 20.965 20.951 20.952 20.972 21.07 21.018 21.017 21.034
24.546 24.475 24.653 24.539 24.597 24.602 24.752 24.375 21.95 21.073 21.077 21.096 21.14 21.181 23.369 21.749 21.572 21.084 21.931 21.107 21.102 21.068 21.094 21.077 21.121 21.075 21.093 21.097 21.11 21.17 21.144 21.104 21.067 21.084 21.114 21.093 21.055 21.051 21.05 21.095 22.437 22.287 22.43 21.5 20.974 20.981 22.069 21.243 22.449 22.246 22.731 21.076 21.914 21.328 21.086 22.199 21.277 20.931 20.954 20.926 20.861 20.931 20.939 20.925 20.918 20.94 20.968 20.984 20.977 20.963 20.982 20.926
24.587 24.523 24.683 24.63 24.638 24.551 24.526 24.68 23.819 21.111 21.047 21.076 21.088 21.161 21.435 21.127 21.149 21.122 21.085 21.052 21.081 21.123 22.514 21.51 21.072 21.076 21.107 21.17 21.178 21.12 21.091 21.089 21.134 21.096 21.094 21.057 21.126 21.066 21.072 21.107 23.001 22.684 22.268 22.402 21.03 21.01 21.14 22.285 22.137 21.67 22.105 21.505 22.521 21.472 20.984 21.5 21.174 20.917 20.947 20.892 20.878 20.886 20.857 20.867 20.895 20.94 20.946 20.972 20.921 20.951 20.948 20.915
24.507 24.629 24.579 24.453 24.639 24.671 24.627 24.585 24.383 21.647 21.047 21.099 21.058 21.112 21.14 21.102 21.347 21.124 21.096 21.107 21.108 21.072 21.35 21.077 21.054 21.148 21.115 21.133 21.132 21.175 21.151 21.088 21.088 21.114 21.115 21.095 21.067 21.087 21.02 21.038 22.965 22.847 22.796 21.898 21.277 20.972 21.308 21.778 22.34 22.247 22.039 22.121 22.342 22.325 21.234 21.153 21.477 20.989 20.946 20.938 20.851 20.832 20.884 20.885 20.899 20.879 20.899 20.926 20.93 20.96 20.916 20.865
24.622 24.571 24.466 24.601 24.566 24.609 24.733 24.753 24.71 23.22 21.281 21.034 21.037 21.071 21.043 21.369 21.162 21.058 21.078 21.064 21.088 21.011 21.074 21.151 21.074 21.112 21.131 21.104 21.122 21.093 21.149 21.987 21.186 21.095 21.06 21.103 21.048 21.091 21.087 21.062 22.391 22.618 22.716 22.805 21.556 20.98 20.953 22.391 21.488 21.631 22.13 22.274 21.664 22.664 20.99 21.875 21.209 21.005 20.936 20.917 20.908 20.904 20.897 20.883 20.868 20.889 20.892 20.958 20.961 20.954 20.938 20.938
24.724 24.644 24.575 24.594 24.633 24.473 24.62 24.702 24.699 24.379 21.86 21.047 20.999 21.005 21.023 21.064 21.06 20.981 21.017 21.08 21.059 21.104 21.077 21.12 21.101 21.11 21.118 21.124 21.115 21.151 22.062 21.549 22.208 21.066 21.06 21.069 21.084 21.047 21.047 21.059 21.457 22.69 22.749 22.691 22.464 20.979 20.966 22.372 21.69 22.42 22.666 22.651 21.67 21.86 21.449 21.05 22.001 20.986 20.942 20.923 20.953 20.894 20.896 20.796 20.844 20.818 20.882 20.942 20.937 20.953 20.932 20.925
24.663 24.651 24.591 24.638 24.642 24.661 24.691 24.611 24.599 24.517 24.094 21.071 21.025 21.067 21.033 20.986 20.977 21.056 21.003 21.033 21.001 21.1 21.106 21.133 21.114 21.068 21.114 21.115 21.147 22.373 22.578 22.406 22.33 21.177 21.091 21.092 21.08 21.054 21.035 21.051 21.073 22.785 22.367 22.625 22.45 20.97 20.961 21.072 22.718 22.499 22.145 21.943 22.214 22.823 22.616 21.589 21.139 20.951 20.942 20.979 20.932 20.933 20.913 20.85 20.873 20.91 20.935 20.938 20.938 20.915 20.862 20.851
24.599 24.489 24.53 24.546 24.521 24.543 24.675 24.648 24.737 24.619 22.839 21.2 20.976 20.995 20.986 20.986 21.011 20.99 21.026 21.053 21 21.073 21.065 21.075 21.104 21.071 21.058 21.122 21.139 22.538 22.721 22.934 22.364 21.571 21.064 21.073 21.062 21.058 21.026 21.02 21.034 22.924 22.643 22.687 22.481 21.311 21.724 21.205 22.64 21.129 21.556 22.448 22.407 21.446 21.061 20.867 20.964 20.933 20.938 20.949 20.937 20.918 20.883 20.914 20.949 20.946 20.92 20.887 20.877 20.872 20.84 20.825
