dsm/se3330_DSM_2M.asc
ncols 500
nrows 500
xllcorner    433000
yllcorner    430000
cellsize     2
NODATA_value -9999
[rows 224 to 255 of 500, columns 144 to 215 of 500]
21.636 21.688 21.288 21.282 21.342 21.302 21.31 21.31 21.289 21.503 24.042 26.682 29.832 30.768 31.301 29.227 21.471 21.372 21.352 21.324 21.339 21.527 30.407 31.556 31.88 31.632 26.271 21.39 21.351 21.293 21.235 21.232 21.218 21.155 21.17 21.137 21.155 21.195 21.281 21.276 21.319 21.361 21.716 21.387 21.392 21.374 21.351 21.706 21.362 22.581 21.379 21.261 21.25 21.239 21.265 21.267 21.233 21.199 21.269 23.15 24.362 24.964 24.95 24.893 22.309 21.33 23.388 24.499 25.053 25.047 24.95 21.755
21.388 21.349 21.434 21.299 21.276 21.271 21.316 21.284 21.309 21.295 26.546 29.08 31.4 31.775 31.8 31.306 23.438 21.326 21.313 21.359 21.726 29.845 31.402 31.668 32.126 31.944 31.288 24.285 21.344 21.278 21.287 21.225 21.203 21.145 21.012 21.103 21.199 21.263 21.289 21.313 21.376 21.409 21.59 21.711 22.16 21.629 21.355 21.54 21.356 22.307 21.457 22.467 21.304 21.223 21.248 21.253 21.229 21.265 22.202 24.499 24.948 24.957 24.862 22.05 21.435 24.508 25.056 24.981 22.994 21.782 21.325 21.415
21.443 21.334 21.334 21.28 21.303 21.279 21.26 21.267 21.228 21.352 28.136 31.463 32.006 32.329 32.232 31.711 29.282 21.521 22.399 28.348 31.312 31.678 32.021 32.363 32.659 32.343 31.675 29.248 21.457 21.29 21.289 21.225 21.202 21.139 21.126 21.17 21.188 21.218 21.241 21.336 21.357 22.23 22.338 22.219 22.419 22.26 22.518 22.512 22.08 21.335 21.454 21.852 21.25 21.275 21.254 21.268 21.25 21.245 21.611 23.626 24.678 22.332 21.405 24.604 24.879 25.069 24.055 21.341 21.354 21.362 21.407 22.706
21.347 21.357 21.362 21.483 21.32 21.327 21.269 21.258 21.32 21.292 22.566 31.176 31.719 32.5 32.577 31.932 31.355 30.115 31.344 31.757 31.956 32.348 32.621 32.928 33.343 32.645 31.989 31.448 28.402 21.63 22.594 21.271 21.254 21.195 21.227 21.213 21.255 21.279 21.277 21.239 21.259 21.383 22.54 22.399 22.654 22.604 22.714 21.365 21.354 21.359 21.346 21.298 21.361 21.33 21.271 21.263 21.225 21.217 21.305 21.432 23.739 24.546 24.964 24.975 25.01 24.949 24.479 21.384 21.359 21.831 21.379 21.442
21.428 21.382 21.373 21.32 21.393 21.261 21.31 21.3 21.231 21.237 21.501 30.319 31.535 31.926 32.644 32.287 31.719 31.639 31.955 32.385 32.519 33.151 33.304 33.239 32.908 32.665 32.341 31.747 32.221 25.885 21.333 21.252 21.252 21.211 21.274 21.257 21.248 21.228 21.209 21.251 21.267 21.362 22.464 22.599 21.822 21.54 21.395 21.361 21.348 21.39 21.338 21.347 21.65 21.671 21.303 21.285 21.258 21.326 21.262 21.561 24.637 24.984 24.956 25.016 24.893 22.002 21.326 21.536 24.047 24.343 21.516 22.328
21.385 21.4 21.39 21.412 21.799 21.31 21.291 21.265 21.268 21.24 21.317 21.551 30.919 31.65 32.327 32.457 32.035 32.199 32.546 32.858 33.211 33.271 33.054 32.676 32.376 32.079 31.792 31.565 32.614 31.718 21.714 21.285 21.293 21.289 21.25 21.24 21.192 21.198 21.26 21.305 21.251 21.678 21.602 21.484 21.421 22.25 21.38 21.447 21.381 21.317 21.368 21.425 21.42 21.411 21.315 21.287 21.255 22.407 21.38 21.655 23.426 24.74 22.987 22.34 21.989 21.429 24.573 25.1 23.296 24.73 25.807 24.743
21.463 21.438 21.438 21.393 21.384 21.367 21.253 21.294 21.23 21.278 21.243 21.333 23.791 31.296 32.096 32.656 32.557 32.89 33.24 33.246 33.087 32.629 32.468 32.142 31.76 31.4 30.931 29.727 31.284 22.571 21.269 21.285 21.241 21.271 21.304 21.229 21.231 21.234 21.264 21.268 21.303 21.269 21.385 21.27 21.587 22.132 21.462 21.411 21.323 21.459 23.431 23.993 22.312 22.769 21.297 21.283 21.292 21.293 21.633 21.332 21.762 21.303 21.434 24.644 24.16 24.76 24.723 25.712 25.268 23.242 22.553 21.375
21.458 21.466 21.391 21.388 21.402 22.434 21.279 21.257 21.273 21.282 21.28 21.269 22.001 30.821 31.771 32.334 32.894 33.161 33.098 32.858 32.476 32.124 31.711 31.454 31.235 25.839 25.286 24.759 22.538 21.274 21.33 21.268 21.29 21.283 21.271 21.182 21.249 21.324 21.242 21.305 21.273 21.259 21.165 21.257 21.862 22.662 21.868 21.387 21.339 23.475 23.831 27.328 28.204 25.378 21.384 21.31 21.286 21.235 21.269 21.304 21.332 23.071 24.945 25.02 25.497 25.651 25.654 23.462 22.546 21.44 21.452 24.546
21.499 21.461 21.408 21.394 21.357 21.386 21.382 21.27 21.27 21.283 21.292 21.24 21.325 27.9 30.288 32.101 32.6 32.799 32.44 32.039 31.746 31.571 31.161 30.537 22.71 21.423 24.326 24.142 21.801 21.353 21.34 21.325 21.342 21.284 21.281 21.279 21.255 21.284 21.263 21.265 21.297 21.243 21.238 21.215 21.284 21.496 22.305 21.339 21.29 25.727 28.235 28.728 28.756 28.396 21.838 21.294 21.349 21.327 21.28 21.251 21.287 22.279 23.87 25.137 25.818 25.1 22.57 21.787 23.55 25.385 25.626 25.877
21.516 21.46 21.416 21.398 21.404 21.34 22.258 21.32 21.24 21.254 21.25 21.25 21.21 22.028 30.888 31.724 32.322 32.118 31.884 31.596 31.143 25.794 23.984 21.405 21.364 21.373 21.974 21.472 21.345 21.371 21.359 21.384 21.387 21.376 21.243 21.213 21.255 21.241 21.289 21.288 21.204 21.237 21.222 21.311 21.276 21.308 21.571 25.198 25.408 28.732 28.73 28.698 28.676 28.772 24.96 21.338 21.286 21.277 21.251 21.303 21.325 21.313 22.798 25.32 21.745 21.293 23.407 25.428 25.63 25.857 25.817 23.173
21.454 21.442 21.476 21.396 21.391 21.371 21.343 21.608 21.291 21.286 21.24 21.205 21.229 21.331 23.677 31.265 31.748 31.56 31.241 25.826 22.36 21.356 21.333 21.337 21.362 21.369 21.321 21.323 21.333 21.358 21.375 21.403 21.419 21.465 21.418 21.247 21.623 21.33 21.212 21.263 21.259 21.237 21.269 21.253 21.247 21.422 26.701 28.76 28.711 28.702 28.684 28.746 28.758 28.749 28.593 21.514 21.291 21.311 21.288 21.288 22.312 21.31 21.827 21.358 24.471 25.234 25.618 25.189 25.723 23.369 24.982 24.262
21.476 21.449 21.407 21.39 21.391 21.378 21.368 21.452 21.221 21.26 21.262 21.255 21.221 21.266 21.525 31.021 31.271 30.672 22.493 21.322 21.325 21.313 21.327 21.338 21.315 21.33 21.359 21.375 21.417 21.39 21.425 21.38 21.388 21.558 21.591 21.248 21.23 22.546 21.296 21.228 21.201 21.253 21.266 21.346 21.304 21.305 27.416 28.717 28.743 28.764 28.803 28.727 28.743 28.726 28.802 23.511 21.28 21.302 21.276 21.255 21.536 21.745 21.263 22.65 25.365 25.73 25.672 24.515 23.614 22.994 21.405 21.531
21.442 21.438 21.432 21.432 21.375 21.366 21.366 21.298 22.59 21.28 21.232 21.193 21.199 21.219 21.314 23.404 24.026 21.347 21.296 21.342 21.378 21.313 21.351 21.341 21.372 21.416 21.4 21.373 21.38 21.358 21.34 21.365 21.355 21.742 22.702 21.501 21.236 21.238 21.296 21.187 21.28 21.449 26.626 27.967 21.792 22.247 28.693 28.755 28.812 28.727 28.843 28.722 28.746 28.775 28.681 28.001 21.838 21.333 21.303 21.292 21.269 21.299 21.3 22.327 23.973 25.378 22.683 22.303 21.689 23.195 24.679 24.559
21.454 21.405 21.434 21.462 21.398 21.358 21.367 21.314 21.802 21.276 21.251 21.268 21.224 21.23 21.219 21.401 21.42 21.382 21.31 21.317 21.286 21.349 21.369 21.41 21.389 21.344 21.392 21.389 21.39 21.377 21.47 21.723 21.986 21.514 21.771 21.828 21.221 21.219 21.216 21.292 21.277 21.389 28.645 28.709 27.648 28.733 28.913 28.744 28.742 28.843 28.71 28.789 28.71 28.727 28.729 27.967 23.622 21.342 21.283 21.324 21.319 21.277 21.284 21.29 21.528 22.298 21.35 23.051 24.338 24.612 24.612 22.246
21.487 21.466 21.395 21.42 21.426 21.379 21.363 21.343 21.331 21.637 21.231 21.276 21.234 21.226 21.185 21.354 21.504 21.487 21.288 21.286 21.341 21.406 21.415 21.362 21.366 21.414 21.397 21.395 21.392 21.936 22.275 23.145 21.422 21.313 21.318 21.292 21.259 21.274 21.291 21.606 21.173 26.762 28.743 28.729 28.703 28.748 28.766 28.888 28.718 28.771 28.672 28.81 28.717 28.701 28.695 28.684 27.945 21.462 21.316 21.309 21.312 21.239 21.287 21.292 21.326 24.205 24.612 24.649 24.372 22.251 21.627 21.366
21.444 21.455 21.473 21.421 21.379 21.384 21.362 21.368 21.323 21.366 21.644 21.258 21.207 21.252 21.211 21.19 21.36 21.294 21.343 21.33 21.369 21.331 21.357 21.419 21.386 21.375 21.586 21.561 21.898 23.796 22.61 22.973 21.777 21.285 21.753 21.405 21.308 21.243 21.267 22.453 21.662 28.54 28.74 28.749 28.746 28.738 28.762 28.809 28.697 28.753 28.706 28.725 28.656 28.672 28.747 27.889 24.05 21.564 21.244 21.277 21.295 21.286 21.261 21.284 21.336 24.535 24.486 22.237 21.319 21.361 22.711 24.963
21.495 21.444 21.428 21.415 21.434 21.398 21.397 21.333 21.305 21.299 21.37 21.289 21.275 21.265 21.216 21.223 21.244 21.284 21.257 21.32 21.359 21.386 21.372 21.386 21.429 22.018 25.199 25.125 23.051 20.944 21.648 23.297 22.25 21.39 21.298 21.337 21.306 21.315 21.621 21.311 21.278 27.661 28.79 28.747 28.72 28.778 28.716 28.735 28.821 28.705 28.679 28.677 28.595 28.353 22.193 21.694 21.306 21.348 21.322 21.295 21.289 21.241 21.292 21.272 21.281 21.265 21.242 21.297 21.325 21.322 24.458 25.079
21.486 21.495 21.487 21.398 21.456 21.362 21.363 21.361 21.363 21.323 21.283 21.282 21.278 21.314 21.305 21.214 21.19 21.242 21.391 21.418 21.341 21.349 21.344 21.568 23.995 23.907 22.461 20.384 19.598 20.702 21.06 22.041 22.247 21.556 21.32 21.346 21.702 21.258 21.274 21.258 21.301 22.58 27.107 28.737 28.724 28.718 28.815 28.698 28.659 28.7 28.679 24.933 23.774 21.357 21.348 21.424 21.88 21.412 21.75 21.322 21.254 21.248 21.283 21.275 21.206 21.222 21.309 21.475 23.948 24.76 24.908 25.062
21.504 21.492 21.425 21.424 21.407 21.425 21.402 21.388 21.385 21.344 21.331 21.286 21.256 21.288 21.248 21.286 21.23 21.262 21.402 21.637 21.388 21.774 22.104 22.105 22.644 20.57 20.748 19.664 20.911 20.286 21.572 20.959 22.632 23.256 21.857 21.902 21.306 21.275 21.457 21.304 21.244 21.456 28.354 28.704 28.698 28.704 28.702 28.7 28.728 24.7 22.037 21.275 21.279 21.306 21.326 21.353 21.455 21.496 21.935 21.299 21.297 21.232 21.238 21.286 21.259 21.275 23.434 24.987 25.004 24.855 24.979 24.975
21.493 21.494 21.487 21.45 21.421 21.383 21.378 21.392 21.362 21.329 21.337 21.665 21.26 21.208 21.251 21.226 21.178 21.263 21.34 21.664 23.091 22.344 22.419 20.505 20.319 19.774 20.486 20.921 20.495 19.53 19.716 21.496 21.41 21.797 21.367 21.325 21.252 21.253 21.649 21.622 21.304 21.262 21.717 27.296 28.69 28.728 28.714 28.366 22.213 21.173 21.227 21.252 21.264 21.281 21.268 21.336 21.338 21.8 21.54 21.851 21.561 21.228 21.232 21.218 21.255 21.235 21.373 24.706 25.024 25.057 25.014 24.989
21.55 21.441 21.48 21.46 21.409 21.401 21.39 21.363 21.357 21.361 21.33 21.34 21.417 21.225 21.229 21.209 21.221 21.209 21.26 21.282 21.419 21.225 23.017 20.054 21.148 21.08 20.799 21.138 19.896 20.687 20.884 21.737 21.38 21.244 21.378 22.022 21.267 21.273 21.634 21.694 21.415 21.259 22.921 27.767 28.717 28.394 24.848 21.15 21.168 21.202 21.206 21.259 21.248 21.292 21.326 21.336 21.324 21.608 21.607 21.349 21.299 21.234 21.149 21.183 21.221 21.241 21.302 24.132 24.854 24.138 25.014 24.998
21.55 21.507 21.463 21.451 21.436 21.439 21.389 21.336 21.357 21.358 21.317 21.29 21.257 21.247 21.254 21.249 21.235 21.207 21.224 21.234 21.209 21.254 21.307 21.77 20.308 21.267 19.923 20.14 21.092 22.167 21.309 21.502 21.868 21.245 21.254 21.965 21.315 21.273 21.313 22.053 21.402 21.281 21.293 21.696 23.399 21.154 21.146 21.176 21.176 21.141 21.202 21.239 21.649 23.661 21.388 21.309 21.31 21.346 21.311 21.32 21.27 21.238 21.156 21.194 21.249 21.237 21.264 22.015 24.98 25.081 24.762 24.84
21.532 21.494 21.487 21.471 21.443 21.422 21.436 21.358 21.339 21.328 21.294 21.266 21.27 21.263 21.203 21.187 21.246 21.231 21.212 21.248 21.229 21.208 21.26 21.59 20.185 21.272 21.744 21.353 21.742 21.293 21.649 21.556 23.661 21.338 21.267 21.235 21.26 21.281 21.295 21.263 21.247 21.244 21.285 21.256 21.229 21.194 21.177 21.12 21.142 21.155 23.205 24.183 24.939 24.931 21.857 21.324 21.3 21.308 21.308 21.314 21.268 21.216 21.155 21.182 21.211 21.261 21.278 21.289 24.302 24.992 25.019 24.902
21.532 21.539 21.499 21.439 21.44 21.409 21.433 21.397 21.351 21.308 21.304 21.299 21.261 21.283 21.262 21.194 21.213 21.258 21.206 21.226 21.258 21.262 21.246 21.475 21.705 21.735 21.547 21.54 21.291 21.357 21.273 21.241 21.857 21.472 21.227 21.271 21.281 21.269 21.268 21.209 21.177 21.28 21.298 21.243 21.173 21.157 21.146 21.318 23.647 24.432 24.851 24.865 24.811 21.676 21.271 21.297 21.294 21.331 21.318 21.291 21.259 21.241 21.225 21.23 21.188 21.2 21.243 21.261 23.751 25.031 24.884 24.824
21.563 21.517 21.466 21.498 21.446 21.431 21.387 21.391 21.385 21.349 21.301 21.294 21.329 21.318 21.33 21.25 21.183 21.221 21.265 21.208 21.21 21.222 21.245 21.297 21.439 21.952 21.273 21.272 21.263 21.274 21.26 21.203 21.238 21.238 21.289 21.266 21.243 21.271 21.31 21.268 21.301 21.31 21.294 21.218 21.243 21.199 22.434 24.313 24.51 24.808 22.831 22.24 21.189 21.222 21.247 21.286 21.313 21.295 21.269 21.3 21.233 21.263 21.231 21.2 21.181 21.195 21.215 21.253 21.31 24.79 24.903 24.93
21.529 21.565 21.521 21.516 21.486 21.418 21.409 21.429 21.402 21.358 21.358 21.304 21.274 21.312 21.282 21.488 21.208 21.193 21.223 21.22 21.229 21.206 21.243 21.398 24.388 27.131 21.919 21.272 21.235 21.248 21.206 21.265 21.23 21.286 21.25 21.255 21.276 21.287 21.329 21.386 21.353 21.23 21.293 21.259 21.233 21.129 22.107 24.461 22.734 22.177 21.144 21.171 21.192 21.244 21.218 21.26 21.249 21.255 21.261 21.267 21.23 21.226 21.203 21.213 21.202 21.211 21.19 21.228 21.217 23.691 24.989 24.973
21.528 21.521 21.542 21.528 21.475 21.458 21.434 21.413 21.393 21.384 21.359 21.315 21.282 21.275 21.243 21.671 21.109 21.211 21.251 21.235 21.197 21.21 21.23 27.279 27.533 27.558 26.331 21.335 21.24 21.291 21.28 21.246 21.219 21.209 21.244 21.306 21.362 21.347 21.407 21.406 21.634 21.359 21.258 21.21 21.199 21.186 21.134 21.867 21.11 21.099 21.178 21.18 21.204 21.176 21.219 21.236 21.23 21.195 21.216 21.224 21.221 21.218 21.226 21.184 21.177 21.153 21.199 21.17 21.212 21.768 24.878 24.961
21.476 21.552 21.49 21.457 21.464 21.446 21.414 21.4 21.39 21.423 21.363 21.327 21.31 21.271 21.296 21.288 21.217 21.194 21.213 21.191 21.163 21.21 21.153 23.84 27.553 27.541 27.562 22.627 21.27 21.249 21.255 21.287 21.314 21.311 21.316 21.367 21.351 21.403 21.373 21.368 22.281 21.387 21.317 21.287 21.242 21.137 21.13 21.103 21.086 21.092 21.124 21.104 21.222 22.224 21.187 21.187 21.151 21.184 21.241 21.186 21.201 21.213 21.155 21.151 21.157 21.149 21.135 21.119 21.179 21.157 23.996 24.79
21.523 21.468 21.458 21.505 21.499 21.46 21.421 21.404 21.389 21.375 21.383 21.35 21.311 21.279 21.283 21.289 21.255 21.242 21.245 21.232 21.192 21.139 21.158 21.142 26.299 27.52 27.564 27.443 21.481 21.236 21.308 21.347 21.304 21.383 21.748 21.578 21.419 21.345 21.377 21.39 21.461 22 21.322 21.289 21.221 21.187 21.097 21.064 21.056 21.04 21.358 23.458 21.515 22.459 21.172 21.124 21.16 21.161 21.15 21.131 21.358 21.213 21.197 21.151 21.133 21.104 21.079 21.083 21.086 21.141 21.24 24.779
21.541 21.468 21.478 21.496 21.486 21.458 21.427 21.437 21.429 21.364 21.414 21.358 21.287 21.302 21.293 21.216 21.264 21.772 21.183 21.194 21.212 21.171 21.144 21.124 22.345 27.474 27.541 27.555 23.231 21.339 21.335 21.348 21.439 22.749 21.476 21.346 21.375 21.393 21.416 21.428 21.354 21.399 21.372 21.342 21.181 21.201 21.115 21.043 21.317 23.932 22.312 21.059 21.063 21.051 21.074 21.102 21.087 21.078 21.113 21.13 21.36 23.751 21.986 21.072 21.131 21.119 21.066 21.071 21.098 21.126 21.129 22.88
21.548 21.487 21.489 21.444 21.446 21.441 21.45 21.438 21.594 22.501 22.468 21.494 21.335 21.302 21.296 21.281 21.265 21.252 21.171 21.151 21.179 21.142 21.112 21.153 21.099 26.27 27.564 27.543 27.446 21.535 21.442 21.403 22.944 24.02 22.018 21.51 21.411 21.41 21.366 21.408 21.394 21.449 21.395 21.321 21.272 21.189 21.117 21.009 20.986 20.931 20.983 21.001 21.03 21.016 21.03 21.091 21.093 21.138 23.154 23.762 22.746 21.069 21.133 21.065 21.077 21.047 21.105 21.105 21.109 21.07 21.103 21.194
21.515 21.471 21.494 21.478 21.455 21.447 21.589 23.663 24.347 21.97 21.914 21.625 21.322 21.322 21.269 21.289 21.258 21.207 21.288 21.126 21.14 21.126 21.119 21.134 21.116 22.341 27.491 27.574 27.551 23.139 21.382 21.362 21.559 23.345 23.692 23.317 21.768 21.402 21.413 21.41 21.404 21.348 21.412 21.379 21.317 21.196 21.094 21.03 20.95 20.937 20.928 20.95 20.968 21.002 21.012 21.168 24.05 22.582 22.007 21.114 22.838 22.416 22.057 21.019 21.052 21.111 21.092 21.098 21.079 21.083 21.08 21.13
